8000 46
14 11 31 3 5 38 27 13 2 19 15 46 12 10 25 21 10 21 9 31 9 20 39 25 7 36 6 34 41 19 4 7 11 37 42 8 21 16 37 39 41 4 36 13 29 35 
9 13 3
17 18 44
17 20 39
17 20 4
17 20 16
1 6 40
21 0 2
2 3 40
22 2 45
2 4 43
15 17 18
4 6 25
7 10 15
18 21 36
6 8 1
20 23 18
11 15 39
16 20 15
4 7 33
0 3 8
15 20 42
14 17 9
5 7 38
13 17 27
17 20 46
17 19 45
15 17 4
1 5 37
10 13 29
23 3 23
5 7 38
21 23 12
13 15 19
13 14 8
20 0 32
8 10 42
19 22 18
21 1 11
13 15 6
12 17 27
20 0 37
2 4 20
20 23 4
1 4 21
17 21 40
6 7 27
16 19 12
10 13 7
9 14 1
16 19 13
16 18 4
6 10 22
8 11 20
17 20 39
5 11 27
5 9 2
1 5 17
22 2 3
21 0 33
3 4 39
16 21 1
1 3 20
17 21 6
7 11 1
21 0 20
0 2 9
16 19 7
23 1 43
13 17 6
7 11 37
7 12 10
14 15 33
6 11 41
2 7 27
0 3 27
14 18 19
10 12 41
15 17 38
18 19 34
11 13 25
10 14 33
22 1 2
8 11 5
9 13 29
2 6 36
14 17 40
6 11 13
0 4 45
2 6 12
23 1 16
12 13 34
11 13 31
15 18 2
2 6 45
20 23 23
14 17 3
8 12 45
22 2 26
1 4 23
9 14 33
2 4 13
9 11 30
9 11 20
4 8 44
3 8 40
5 8 34
13 15 17
11 15 40
15 19 32
20 22 25
13 16 6
21 1 46
4 6 12
22 0 8
9 11 10
6 9 25
1 4 1
20 22 19
9 12 12
21 23 31
8 10 25
4 7 28
21 1 23
16 19 41
5 8 17
11 15 22
15 19 41
16 20 23
10 14 1
10 13 25
5 7 34
20 21 34
13 16 4
23 3 15
1 4 38
4 6 20
17 19 44
19 22 45
18 20 26
6 7 25
10 13 42
3 5 39
20 0 25
22 1 42
2 6 37
0 2 11
6 9 42
3 6 15
5 9 19
23 2 39
16 21 29
3 5 13
12 15 16
9 12 7
7 11 40
2 5 40
7 9 4
21 0 1
17 20 4
19 0 38
2 6 10
15 18 12
1 4 27
23 2 30
3 5 12
1 4 1
21 22 32
4 8 38
19 0 23
11 14 14
22 2 37
17 21 16
18 21 13
11 14 21
18 20 16
7 11 44
1 3 39
21 23 13
13 18 34
22 2 12
2 5 39
1 2 10
11 16 19
18 21 46
15 18 11
16 18 19
7 11 27
0 3 10
3 6 7
13 17 13
13 15 46
18 23 17
14 17 4
13 15 4
19 22 31
11 13 2
14 17 41
6 8 32
11 13 25
17 21 36
9 12 36
9 13 44
18 22 20
17 19 23
5 6 21
6 9 28
0 1 16
6 8 19
2 6 13
11 13 7
15 18 41
1 5 5
21 22 25
22 1 9
19 23 1
2 6 17
0 6 45
8 10 10
0 4 2
22 3 25
11 15 28
6 9 4
1 4 36
8 11 3
17 20 33
18 21 4
19 21 22
5 7 12
18 21 22
19 22 4
23 1 42
9 14 38
18 21 33
4 8 29
14 19 38
2 6 31
8 13 31
0 3 46
1 4 9
9 12 15
20 23 45
12 16 13
20 22 30
9 12 8
17 22 8
5 7 13
0 2 46
5 9 35
7 10 2
10 15 31
9 12 38
19 22 26
10 14 35
17 21 37
6 9 22
17 20 37
23 2 37
5 7 11
13 16 31
21 0 26
7 8 3
18 20 8
2 7 37
6 8 24
22 1 34
3 6 1
8 13 33
22 2 45
15 17 19
18 20 25
5 9 40
17 19 18
8 11 13
8 11 39
5 7 44
8 11 22
16 18 30
9 12 5
14 18 11
10 13 20
17 20 35
17 18 12
10 11 27
6 11 40
21 0 23
6 8 12
21 1 25
13 17 21
13 16 8
3 5 40
14 16 12
17 20 3
17 20 13
16 18 15
19 22 17
4 7 30
0 2 28
2 6 36
23 3 21
17 20 25
11 13 28
20 22 32
17 21 10
1 5 38
11 15 21
3 5 30
16 20 7
10 13 5
0 3 46
22 2 14
0 1 12
5 8 33
0 3 38
13 16 14
0 2 32
23 4 5
12 15 43
1 3 17
14 16 42
8 11 2
19 23 42
11 12 14
18 20 30
17 20 42
10 13 44
4 6 40
0 4 16
14 17 43
12 15 37
3 5 28
7 8 18
11 14 36
16 19 1
5 8 12
22 3 22
8 11 6
10 12 33
12 16 28
3 8 16
15 20 38
5 7 30
13 17 39
11 13 10
8 9 9
23 2 35
4 6 27
4 8 18
21 0 10
16 20 13
6 8 39
6 9 20
22 23 6
1 4 38
9 13 5
16 19 40
5 8 8
18 19 25
16 20 32
15 18 3
18 22 19
9 12 5
8 10 41
11 15 12
2 5 40
22 1 23
14 16 46
17 22 17
13 15 19
18 21 26
10 14 43
10 13 34
3 6 6
11 12 28
17 20 18
1 1 41
16 19 20
6 8 30
14 19 21
7 8 26
6 7 25
15 17 20
19 22 8
19 0 16
17 20 1
20 0 28
18 22 21
8 11 11
18 22 8
21 1 6
3 4 23
18 22 10
13 17 20
14 17 7
6 10 2
15 18 30
4 8 1
11 13 41
17 20 1
22 0 13
1 6 43
7 10 15
21 23 42
16 20 2
8 11 17
0 3 26
7 8 32
11 14 24
16 20 32
16 19 44
20 22 36
13 16 36
11 13 34
9 12 40
4 7 12
6 9 13
21 23 19
8 11 6
1 4 22
4 5 2
22 0 41
3 7 14
23 1 39
11 15 28
9 12 2
21 1 8
7 10 2
4 8 6
11 12 35
18 21 31
23 0 34
23 2 40
18 22 33
14 19 4
3 5 24
12 14 10
20 22 15
20 0 15
10 13 20
16 20 46
11 14 18
2 3 24
22 2 13
6 9 46
6 9 13
4 7 5
0 1 36
19 21 42
4 6 44
13 17 6
15 18 4
18 20 30
18 19 32
17 22 4
0 1 2
6 11 16
8 11 15
11 14 44
13 18 19
22 2 44
16 19 39
8 12 4
5 8 36
5 6 6
9 12 1
21 23 5
4 8 17
11 15 10
2 4 34
23 4 27
15 17 9
4 7 25
14 17 31
18 21 45
5 8 4
17 20 32
7 10 46
7 11 44
11 13 9
17 21 14
6 9 24
20 23 22
5 7 23
9 12 46
21 1 33
3 5 24
23 2 38
14 17 38
4 7 28
13 16 7
7 10 37
1 2 2
8 11 44
8 11 19
10 13 30
16 20 4
13 17 40
19 22 30
4 6 35
16 18 23
23 2 17
1 4 1
23 1 12
21 1 16
16 19 4
6 9 13
7 10 11
22 0 1
11 15 41
20 23 3
1 5 30
22 0 39
2 6 1
9 13 25
16 18 39
4 6 25
3 6 4
10 11 21
13 17 8
2 4 16
15 19 22
1 5 26
19 21 5
11 14 13
4 8 4
14 17 7
5 9 12
18 21 34
4 5 12
1 4 27
9 12 17
18 22 24
19 23 10
13 17 32
2 6 4
0 3 23
11 15 15
2 5 29
7 9 4
8 11 19
0 3 7
10 14 26
10 14 36
2 5 42
19 23 16
8 12 40
20 22 40
14 17 17
19 21 20
21 1 43
19 22 37
9 12 2
8 12 5
0 2 2
19 21 45
13 16 30
18 20 23
11 15 2
2 6 24
15 17 7
0 3 26
21 0 19
7 8 38
16 20 25
6 8 3
5 7 15
2 6 20
0 2 34
1 4 13
10 12 27
11 16 2
4 7 34
2 5 35
23 2 34
19 21 37
4 7 4
0 1 20
2 5 35
7 9 30
23 1 4
19 23 22
3 7 15
18 20 4
22 2 45
2 7 11
9 13 26
4 6 5
6 9 42
2 4 6
7 9 8
9 11 1
7 10 26
10 12 42
10 11 25
1 5 7
18 21 25
2 7 41
20 23 8
21 1 18
3 6 8
13 14 7
0 3 42
17 21 24
11 15 34
17 20 22
9 13 12
23 2 31
16 17 13
10 14 2
17 19 9
5 9 37
13 19 30
14 17 6
14 16 14
6 10 45
3 6 13
5 10 32
7 10 4
17 21 35
6 7 23
13 16 38
21 1 38
20 1 11
16 20 21
10 13 30
8 11 42
23 3 39
20 23 26
5 8 46
6 7 27
0 2 6
18 22 30
16 18 35
5 8 8
8 12 39
15 18 23
18 22 17
11 14 34
17 19 2
20 0 25
8 10 36
8 11 23
14 18 6
5 8 9
15 19 16
4 7 7
7 9 7
22 0 9
18 20 45
21 0 43
10 13 7
9 10 16
14 18 33
18 20 28
19 21 25
17 21 46
9 12 31
19 22 45
1 2 17
17 21 12
22 23 23
5 6 44
1 5 24
0 4 23
5 9 39
0 2 22
23 3 4
16 20 20
3 6 37
10 14 37
13 17 15
4 8 25
10 13 34
2 6 44
23 2 28
12 13 12
0 2 46
12 16 23
13 16 8
5 8 19
17 19 39
6 8 13
9 10 38
5 10 41
15 17 29
2 5 30
3 8 42
8 10 11
1 4 20
19 21 22
23 2 10
16 18 7
10 13 45
7 10 42
13 18 3
15 18 33
18 22 33
4 5 28
19 22 39
8 10 11
6 9 27
23 1 9
3 6 4
18 21 45
2 4 24
2 4 34
13 15 11
22 2 41
21 1 3
18 0 31
8 10 36
0 3 15
21 0 21
14 18 29
19 23 40
15 17 28
13 15 44
9 11 23
8 12 1
0 1 33
15 17 16
11 14 25
12 15 9
10 11 7
1 2 9
10 13 22
6 9 11
15 18 18
21 2 36
13 16 21
18 21 27
7 10 7
6 8 23
14 16 34
23 3 36
12 14 13
20 0 3
19 0 5
3 6 7
20 22 14
20 0 41
20 22 42
20 23 36
6 9 5
7 9 44
21 3 42
11 12 23
19 23 18
1 4 30
19 22 13
11 14 6
15 18 17
17 20 29
13 16 10
2 6 10
5 6 44
13 16 24
20 2 17
18 22 15
23 2 12
7 9 4
18 20 37
11 13 44
2 5 22
5 7 15
20 23 22
18 22 24
12 16 23
4 7 14
20 2 5
6 9 44
22 1 15
18 21 33
6 10 46
1 4 16
17 21 12
14 17 17
2 5 37
2 7 31
20 23 39
15 21 34
19 23 7
6 9 41
15 21 8
1 4 38
6 10 43
23 1 27
14 16 18
11 15 14
1 3 27
19 21 15
21 23 22
6 8 18
3 7 4
14 18 14
1 1 37
4 8 42
6 10 18
18 20 7
2 5 33
21 22 14
19 22 31
7 11 26
15 18 33
7 11 11
18 21 15
11 15 13
10 13 22
6 8 3
6 8 15
7 9 10
5 8 11
8 12 14
3 6 6
5 8 3
7 10 22
1 2 17
7 11 21
23 1 19
10 16 12
2 6 28
7 9 10
17 19 30
8 11 18
23 2 21
10 14 37
21 0 8
4 6 7
18 20 20
6 9 29
17 21 33
23 1 35
8 10 20
7 10 24
13 16 14
14 19 29
6 9 21
18 20 28
1 2 14
18 22 46
15 18 23
2 5 34
22 1 2
0 4 34
9 12 37
1 3 31
4 9 10
21 1 9
2 5 11
9 12 24
19 23 44
17 21 10
19 23 46
10 14 20
14 15 23
5 9 32
11 14 13
2 3 42
6 8 26
21 1 28
21 0 36
3 5 46
19 23 18
7 10 21
14 16 1
14 18 21
14 17 36
1 2 26
6 9 15
2 5 13
10 12 36
14 19 41
20 22 8
20 0 10
16 19 1
12 15 8
13 16 3
10 14 6
12 16 29
17 18 9
20 23 13
10 13 38
11 13 31
18 22 37
23 2 21
10 14 2
19 23 21
13 16 37
6 10 11
2 6 32
3 7 36
19 22 37
6 8 6
2 4 4
0 4 34
2 5 43
20 23 21
9 12 5
7 10 25
1 3 46
6 9 26
23 2 45
11 14 39
5 8 43
2 3 1
17 22 36
0 0 22
4 6 29
17 20 35
19 23 37
23 3 31
5 9 21
18 21 17
3 5 16
14 18 4
16 19 42
9 11 37
11 14 42
16 19 10
22 2 40
14 17 11
18 21 19
8 11 31
13 15 17
5 8 44
19 21 43
3 9 9
19 22 37
13 16 23
10 13 39
10 14 5
20 0 27
13 15 33
22 2 35
21 2 36
21 0 4
15 20 21
14 19 28
18 21 28
2 6 34
9 11 8
16 19 2
11 14 28
6 6 14
13 16 30
3 6 30
1 3 26
19 23 29
23 1 4
19 23 38
14 14 5
10 14 32
9 11 15
19 22 39
4 5 16
7 10 26
18 21 40
2 6 45
5 7 13
21 0 45
0 2 2
19 22 24
20 0 10
16 18 35
23 2 18
16 17 43
10 13 31
22 1 1
14 16 36
0 3 11
14 17 43
15 16 40
1 5 43
14 17 31
4 6 31
15 18 14
16 18 15
1 4 32
11 14 30
10 11 9
21 23 46
16 19 41
1 4 6
19 0 41
3 5 10
21 0 16
5 9 43
6 9 33
4 7 13
1 4 25
19 22 3
23 2 15
13 16 32
7 10 7
23 1 44
22 2 46
23 4 24
16 18 3
13 17 1
1 4 42
11 15 17
4 7 40
12 16 1
20 23 33
16 19 14
2 4 3
14 18 1
17 19 31
12 15 24
2 4 27
2 4 15
20 23 3
19 20 18
9 11 27
3 6 38
17 20 5
19 22 27
16 20 6
12 15 9
1 4 8
15 19 46
23 2 41
7 11 23
10 13 36
3 5 30
1 5 37
13 16 33
7 9 43
8 12 13
7 10 14
13 14 28
12 16 32
21 1 6
5 9 7
20 23 2
20 23 33
11 15 32
3 9 24
8 10 30
20 23 13
15 19 27
9 11 18
4 7 6
20 23 33
7 8 14
4 6 15
13 16 27
23 1 10
13 16 27
11 13 7
13 15 5
15 18 34
13 16 12
16 19 23
7 10 9
17 19 41
23 1 15
17 22 42
3 5 18
19 23 14
14 16 35
23 3 6
21 2 10
18 20 10
14 16 44
17 19 8
2 7 34
18 22 4
18 21 33
0 2 6
17 20 23
21 0 45
13 15 27
23 2 6
4 6 39
2 4 21
6 10 10
14 19 28
8 11 29
22 0 9
22 2 35
2 5 9
12 15 23
3 6 16
16 19 34
18 21 39
16 18 9
3 5 24
14 18 2
4 7 21
3 6 15
19 22 14
11 14 31
17 20 2
8 12 32
14 16 32
22 0 41
2 5 30
18 20 28
10 13 22
2 5 10
16 20 34
3 8 19
15 19 4
14 16 1
16 19 40
10 14 2
11 12 7
13 14 28
5 7 27
6 9 20
14 18 10
16 20 31
3 6 3
22 1 14
7 10 43
22 1 8
14 19 6
5 9 23
4 7 42
11 15 46
22 0 24
6 8 9
17 21 21
6 8 37
18 21 45
14 16 30
0 4 18
13 16 30
8 10 25
21 0 26
22 1 31
0 3 34
9 12 42
4 6 39
14 18 37
20 0 19
12 14 9
8 11 31
14 17 10
8 13 4
1 4 22
11 13 6
9 13 30
21 1 14
16 18 16
2 6 13
12 15 5
17 21 5
3 6 36
21 1 31
21 23 24
23 3 7
11 15 5
10 13 41
22 1 25
7 10 31
11 14 23
9 11 11
15 17 3
6 10 39
6 11 1
19 22 16
11 16 37
15 20 40
13 18 1
7 9 2
10 15 39
22 2 27
2 6 9
15 16 13
10 13 2
6 8 7
17 19 2
7 9 19
18 21 31
11 15 5
13 18 40
9 12 41
21 1 9
18 21 2
11 12 7
7 10 37
20 22 36
6 8 46
15 17 31
5 8 43
3 5 33
17 17 12
23 2 5
22 1 44
13 16 19
22 0 2
20 23 28
22 2 35
20 23 12
1 3 42
13 16 20
13 17 14
20 0 1
8 10 7
21 0 13
23 2 37
15 19 40
14 18 9
8 11 30
15 20 30
2 4 2
17 20 32
15 15 22
5 7 10
15 19 34
0 3 19
3 6 34
8 11 3
10 13 22
4 8 12
5 6 18
18 21 16
15 18 27
3 5 43
3 5 18
21 0 28
11 12 12
8 13 26
6 9 31
7 11 44
20 22 12
16 18 38
3 5 46
5 8 17
16 19 5
14 18 42
3 7 15
11 15 16
4 7 1
5 8 31
16 18 5
3 8 9
13 17 29
11 14 34
19 21 39
7 8 39
5 8 5
22 22 31
23 2 1
6 9 2
12 18 9
6 9 41
2 6 37
18 20 10
10 13 14
23 3 37
12 16 12
14 17 27
15 17 29
4 7 27
22 0 42
11 17 25
4 7 44
18 20 44
13 15 7
13 16 20
9 12 14
3 6 22
22 1 6
22 1 3
13 16 28
3 6 28
23 2 16
18 20 33
13 16 28
9 11 43
7 10 17
0 1 11
19 22 11
21 2 2
13 16 46
23 3 26
19 0 33
12 16 4
7 10 46
21 0 21
22 1 7
19 21 9
7 10 24
20 23 43
23 1 28
8 12 46
19 20 38
15 19 27
13 14 6
4 7 1
16 20 27
22 0 32
9 11 41
3 6 13
12 13 15
15 18 42
0 4 12
8 10 27
23 0 7
1 4 6
12 15 5
3 6 23
12 16 5
6 9 40
9 14 7
7 8 24
15 19 24
18 21 24
10 12 17
17 19 21
17 20 25
20 23 26
6 10 28
1 4 16
16 20 14
17 22 9
4 6 4
12 15 6
4 8 7
11 13 18
16 18 1
14 16 18
13 16 22
6 8 4
19 22 35
6 8 11
14 18 43
7 9 46
19 23 13
19 23 6
18 22 46
9 14 36
0 1 35
22 2 42
15 18 43
3 7 13
0 2 6
23 0 25
20 1 41
21 0 2
17 18 12
19 21 22
14 17 18
15 18 46
22 1 23
22 0 40
3 6 1
3 6 16
11 13 15
13 16 39
9 12 3
19 20 35
9 12 8
13 16 10
18 20 43
4 8 16
6 10 2
12 14 33
3 6 26
1 4 30
16 17 11
14 17 1
15 17 2
6 8 1
11 13 4
11 14 8
17 21 6
15 18 9
5 9 38
14 16 39
16 17 23
0 4 3
7 10 30
1 4 33
15 19 26
19 21 29
22 1 17
8 11 13
22 1 32
2 4 30
13 15 18
0 5 26
12 14 16
3 5 6
11 14 21
10 14 5
2 6 25
23 1 1
7 9 20
8 10 21
19 22 41
6 9 46
22 2 29
16 19 3
17 20 12
8 9 24
2 4 26
15 18 22
14 17 1
7 10 38
1 5 8
23 0 32
18 21 2
0 3 44
18 20 19
15 18 40
14 16 21
17 20 6
5 8 19
23 1 10
1 5 39
11 11 8
19 21 23
19 21 18
5 8 31
23 2 19
18 21 25
17 20 11
0 2 40
12 17 39
12 15 16
9 12 18
23 2 37
16 22 5
4 6 23
18 21 5
19 20 1
15 18 9
12 14 21
13 16 41
3 7 41
5 7 9
11 13 3
5 7 33
18 21 2
11 14 25
14 18 18
22 0 38
1 5 41
20 23 26
7 9 4
11 14 20
7 9 38
9 11 27
11 13 36
14 17 28
17 20 20
8 11 20
9 12 25
7 10 34
12 15 37
16 17 10
21 1 7
7 10 23
5 9 34
13 15 15
12 15 12
15 16 32
5 9 3
9 11 16
0 3 24
19 23 20
0 3 20
6 8 21
4 7 23
1 4 40
13 16 15
7 10 30
8 11 32
5 8 44
19 23 21
17 20 28
16 21 14
14 17 25
14 16 23
7 10 9
1 5 4
7 8 26
21 1 19
5 6 39
15 17 19
1 1 39
19 21 4
3 7 2
22 2 11
15 16 31
14 17 43
4 7 46
6 9 20
8 12 26
20 0 14
1 4 17
17 21 9
1 6 25
15 18 33
3 6 9
14 17 44
12 17 34
4 6 8
19 0 24
3 4 1
21 0 5
17 19 16
7 10 31
21 23 30
4 6 41
18 20 19
4 7 12
11 15 1
20 0 17
17 19 5
16 18 4
17 19 2
14 17 24
19 22 3
17 21 2
19 23 41
8 11 21
15 19 40
3 8 29
3 6 7
5 9 33
1 5 29
12 14 40
14 17 10
19 22 35
22 2 43
7 9 9
9 12 14
0 3 12
16 19 42
11 15 24
8 12 38
8 11 41
12 14 41
22 0 34
12 15 31
12 13 7
12 18 6
12 14 22
6 9 10
0 2 16
11 15 21
10 13 21
7 11 26
11 14 18
2 5 30
0 1 27
20 23 40
0 3 40
1 3 44
19 21 34
0 3 5
22 0 46
9 13 23
20 23 27
20 22 23
4 8 14
1 4 34
9 12 13
19 20 4
22 1 18
18 21 15
18 23 25
21 1 4
13 17 28
16 19 41
20 0 15
5 8 16
20 23 4
8 11 16
15 18 36
13 15 14
18 20 6
10 11 36
15 17 29
3 4 25
14 16 26
9 11 11
14 18 17
20 0 8
12 14 26
8 11 20
16 20 17
1 4 37
12 15 22
3 7 13
4 7 5
14 18 46
11 14 2
20 0 36
13 16 19
10 14 29
5 9 37
22 3 32
22 23 46
7 11 34
0 2 29
3 6 14
4 7 12
4 6 11
20 22 40
19 22 19
11 13 41
0 1 34
1 4 41
11 14 2
21 0 46
11 13 13
12 14 41
21 1 32
18 20 11
0 2 35
9 12 46
6 10 30
17 20 46
12 16 22
23 3 26
9 10 27
10 11 2
7 10 1
4 7 23
0 3 27
1 3 4
6 9 34
1 4 23
8 11 16
0 3 25
14 17 2
8 10 25
2 5 31
7 10 32
11 14 34
16 19 40
21 0 45
13 16 39
10 14 45
2 4 7
11 14 1
1 5 27
14 19 30
1 4 36
20 0 14
16 20 36
5 6 11
6 8 33
11 14 26
16 19 22
5 9 23
14 18 3
20 23 7
7 10 13
10 11 34
6 10 44
20 0 6
8 13 45
6 9 42
12 15 36
9 13 31
11 14 35
19 22 41
1 4 43
14 17 35
6 10 19
4 8 41
10 13 27
17 21 27
9 13 33
18 21 23
6 10 36
16 21 29
12 16 15
17 20 40
8 11 43
20 23 11
4 7 15
6 9 39
0 3 20
20 23 18
0 2 20
16 20 36
6 9 10
17 21 27
9 12 17
19 22 14
19 21 7
5 8 19
11 14 31
17 21 8
22 0 25
2 5 45
14 19 40
7 10 44
7 9 36
16 21 44
9 13 34
7 11 11
5 9 18
19 23 16
6 9 39
19 23 36
2 6 10
14 18 36
0 3 17
16 18 22
11 14 9
20 23 10
18 20 6
1 4 34
2 6 31
18 20 38
20 0 27
2 4 14
23 1 30
19 23 15
1 3 8
9 13 30
12 15 7
12 15 25
11 13 44
16 18 14
19 21 39
7 10 4
22 2 44
15 18 37
5 8 30
15 18 25
0 3 28
16 19 2
9 13 40
10 12 19
19 20 22
20 22 34
17 19 45
16 20 19
2 6 32
2 6 1
0 3 45
4 6 16
7 10 34
15 19 33
23 3 29
11 14 17
15 18 12
17 21 42
2 5 19
3 5 41
9 12 26
11 14 32
9 12 19
19 22 24
18 21 36
22 1 15
18 22 39
2 5 5
19 20 12
18 21 29
21 2 10
14 16 44
8 10 25
2 4 16
3 5 41
16 20 22
7 11 8
15 17 13
23 3 12
23 3 31
13 16 1
0 3 2
17 20 33
17 19 33
3 6 31
20 23 22
6 8 32
13 17 1
17 19 38
1 3 3
21 2 45
7 10 17
19 20 45
23 1 31
11 16 19
11 14 23
15 18 1
19 21 34
18 21 39
4 7 19
12 15 12
14 17 20
12 15 43
22 0 10
16 20 2
5 10 46
15 18 19
12 14 39
21 1 23
0 2 10
8 12 33
7 11 8
6 8 4
17 20 17
21 0 41
11 16 42
19 22 39
5 7 15
18 19 44
10 12 15
16 20 40
6 8 34
18 22 15
14 18 27
8 9 16
11 13 6
2 3 11
23 1 43
8 12 36
16 18 32
3 6 30
0 2 4
18 21 1
11 15 39
22 3 39
8 11 2
2 4 23
4 7 21
4 5 17
18 21 22
6 9 40
7 8 6
13 15 14
3 6 41
14 17 45
18 21 14
18 22 14
3 6 6
3 7 2
8 11 37
17 18 23
17 21 9
20 22 2
9 15 45
14 18 34
23 2 29
10 14 45
12 13 20
13 16 30
14 17 20
22 0 10
3 6 13
21 0 20
3 6 15
3 5 44
10 12 35
21 0 44
6 9 40
10 14 46
18 23 33
23 2 15
8 11 45
16 20 33
13 14 32
21 1 31
23 2 25
18 21 40
20 22 6
9 11 16
8 10 38
7 10 22
17 22 38
17 21 33
9 12 28
10 13 11
15 17 26
10 12 18
2 5 28
13 16 22
0 3 9
22 3 19
2 5 4
8 10 3
8 12 27
15 18 35
0 3 14
14 16 4
10 13 32
18 21 4
2 6 19
14 16 1
13 17 2
7 10 10
16 18 16
22 23 20
15 17 44
3 5 24
7 9 35
23 2 19
10 13 45
16 19 30
4 7 37
10 13 36
4 7 46
2 5 35
14 19 31
11 12 10
18 19 2
0 3 11
2 4 42
8 12 14
15 18 19
9 12 38
2 4 11
14 17 28
11 13 14
10 13 21
23 2 24
21 0 46
1 4 30
19 22 18
5 8 21
10 13 28
20 22 36
1 4 14
13 17 6
3 5 16
23 1 42
2 6 30
22 1 40
9 13 26
17 20 6
1 4 2
13 13 46
0 2 1
9 14 20
6 9 24
1 2 27
7 9 15
16 20 26
23 3 43
4 7 36
20 23 23
13 15 33
0 3 10
2 4 16
8 10 36
9 12 22
2 5 13
19 22 26
11 11 9
2 4 29
21 22 1
9 12 23
9 12 8
18 20 40
19 23 17
10 11 45
18 22 44
11 13 34
5 9 22
10 12 35
8 12 35
4 5 25
18 21 21
16 20 22
9 13 7
3 5 29
2 4 37
3 5 35
11 15 34
19 20 17
19 22 12
4 6 12
7 9 5
19 23 7
20 23 14
6 10 12
14 17 18
7 10 41
12 18 25
11 14 4
8 10 17
16 20 25
18 21 3
19 20 41
20 21 38
10 14 16
20 21 13
5 8 33
6 10 42
9 13 9
4 7 15
1 6 13
20 22 35
17 20 17
23 3 4
11 15 9
19 0 31
16 17 37
0 2 25
2 4 8
2 4 45
11 16 5
21 0 36
11 14 29
20 0 11
17 21 45
4 7 3
9 11 25
7 9 46
14 16 22
10 11 28
19 22 8
16 20 20
8 10 29
3 6 22
11 15 16
21 23 23
21 22 13
16 21 16
13 15 21
13 14 19
1 3 24
2 4 45
20 23 25
15 17 43
23 2 30
6 8 36
23 2 46
13 16 19
7 11 22
2 7 38
3 5 29
5 8 31
4 6 30
9 12 37
19 23 39
16 21 36
3 4 1
22 3 4
18 21 37
14 17 44
13 15 18
7 13 33
15 18 39
16 19 12
7 10 26
7 11 20
5 10 45
1 4 22
11 13 28
3 8 3
23 3 2
15 17 26
1 3 43
6 9 17
1 4 24
10 13 1
22 2 40
18 22 9
14 16 43
23 0 23
10 12 36
19 0 13
1 5 29
2 3 29
7 9 40
10 12 29
22 1 1
21 2 44
19 22 9
0 5 35
2 5 45
12 15 18
11 15 20
14 17 35
4 7 23
0 3 43
1 4 25
1 4 41
15 17 18
11 13 38
7 9 5
9 11 16
3 6 4
19 22 17
11 14 20
7 10 22
23 2 10
17 19 38
8 12 42
15 19 10
16 19 18
6 8 5
9 12 10
8 12 6
8 10 17
7 11 41
21 23 34
8 9 20
13 16 39
10 12 2
13 17 33
10 13 9
19 23 34
9 13 35
15 19 42
19 23 12
11 15 42
17 22 21
7 10 41
23 3 19
16 19 12
17 20 44
18 22 27
12 14 44
23 1 45
13 16 44
10 12 33
16 20 14
19 20 10
10 15 27
14 17 18
13 16 30
13 15 18
3 5 17
0 2 15
16 19 1
9 12 30
1 4 2
11 13 23
16 19 2
3 5 4
14 18 9
20 0 3
12 15 43
18 22 24
11 16 20
7 9 42
22 3 5
16 19 1
0 4 18
9 12 17
0 1 16
19 22 8
13 13 44
4 8 11
0 3 11
1 4 21
18 19 4
17 21 34
16 19 10
21 22 34
20 22 11
14 18 17
8 10 33
16 20 44
21 0 15
1 4 20
11 14 31
21 0 9
22 3 34
6 10 33
4 8 29
8 10 12
21 23 44
19 21 34
6 8 6
17 21 46
6 10 17
9 15 13
5 9 7
19 22 39
4 8 44
23 1 28
11 13 42
13 17 8
13 15 36
13 15 22
17 20 36
22 0 39
22 3 6
9 13 1
10 12 7
15 17 26
12 13 10
19 22 16
14 17 31
0 4 1
1 4 23
23 3 33
8 11 35
1 4 19
11 14 7
6 10 43
3 7 21
21 23 45
0 2 35
9 12 20
6 9 43
18 21 25
11 13 5
7 12 41
17 20 46
1 5 45
7 10 35
20 20 24
1 3 42
19 23 27
11 14 6
14 20 10
19 22 1
8 13 45
1 6 44
16 20 15
8 11 30
13 16 6
7 11 21
7 8 27
17 20 31
12 14 26
3 6 43
23 2 19
18 21 9
1 4 39
23 2 12
22 0 5
7 9 29
21 23 45
12 15 32
10 12 44
20 22 22
0 2 26
4 6 40
3 7 9
12 15 22
9 13 19
22 2 3
6 9 46
22 1 19
18 22 29
9 12 5
4 4 37
23 3 43
7 9 39
3 7 7
22 1 34
2 5 22
23 0 30
17 18 30
15 17 46
4 7 2
10 14 5
13 14 30
15 19 44
21 23 25
4 8 16
0 3 29
22 3 31
12 15 14
12 14 10
0 3 8
4 8 29
11 14 4
13 14 22
13 15 9
3 6 13
7 9 16
0 3 44
5 6 43
7 8 24
12 16 46
20 23 17
6 7 22
1 4 1
12 14 35
9 12 35
13 16 7
8 10 18
6 11 29
10 11 40
10 13 46
18 21 8
8 11 33
3 7 31
6 9 42
15 18 26
1 3 43
11 15 36
8 8 29
7 9 2
17 21 33
14 15 28
5 7 34
5 8 23
7 11 43
10 11 17
15 18 28
22 1 3
13 16 29
10 13 43
18 19 14
17 19 19
12 15 38
17 22 31
5 9 40
6 9 5
21 0 14
0 1 41
11 13 16
10 13 21
4 7 30
19 21 14
3 7 45
5 7 6
4 8 17
9 12 9
20 22 40
8 9 16
21 1 34
22 4 45
16 19 23
21 23 45
18 21 20
5 8 22
15 17 6
22 0 15
20 23 43
3 7 39
1 3 40
23 1 41
21 22 6
13 16 24
0 4 1
21 0 44
8 10 27
0 4 12
7 8 36
11 13 38
21 0 2
19 0 6
11 13 13
9 13 34
20 23 40
19 23 9
17 20 16
3 6 11
4 7 35
9 13 25
16 20 2
22 22 30
22 1 25
13 15 29
5 8 40
16 19 6
23 1 13
0 3 36
11 16 17
14 19 27
23 1 20
2 4 37
20 23 3
17 20 33
16 22 21
21 23 46
19 22 44
11 14 13
3 6 18
19 22 16
4 6 21
17 22 4
0 4 29
4 6 18
15 18 1
15 20 45
14 17 27
9 12 37
20 0 38
16 19 4
16 19 2
16 19 4
3 8 19
7 9 28
6 10 30
10 13 18
19 23 4
7 12 42
15 16 41
8 11 7
16 20 15
22 2 45
23 3 13
21 0 44
16 19 10
3 6 40
18 20 9
17 21 46
2 6 2
5 9 27
21 1 15
18 20 27
23 1 42
20 0 34
5 8 34
1 3 34
16 19 34
7 10 6
2 4 5
13 17 42
19 23 41
14 17 26
3 6 5
15 18 19
18 19 34
6 10 13
6 9 24
12 16 27
15 18 9
13 17 13
17 20 18
19 22 2
2 5 46
17 21 16
0 1 13
22 0 39
11 14 26
22 1 30
12 14 41
17 20 42
9 11 7
9 11 28
5 8 44
8 11 17
7 8 45
20 23 12
6 11 24
19 22 33
20 23 42
7 10 43
1 5 1
10 16 3
14 16 20
6 8 24
16 20 43
17 20 10
19 22 42
7 10 27
3 5 18
13 16 46
15 18 12
15 17 41
6 9 45
11 13 14
22 2 41
8 9 10
6 11 16
18 20 10
5 7 29
8 11 1
21 23 37
2 5 23
1 4 3
0 4 40
4 8 26
12 14 3
7 10 24
9 14 17
13 17 26
3 5 2
4 7 13
4 8 22
11 13 32
0 3 32
11 15 4
18 22 9
2 5 12
21 1 10
3 7 6
21 2 19
6 10 43
7 12 25
18 21 15
3 7 12
21 23 43
16 17 36
20 23 18
13 17 38
14 17 13
18 21 26
18 21 21
14 16 38
12 15 8
10 12 16
6 8 8
1 4 33
14 15 39
15 16 29
6 9 1
8 11 32
7 10 2
6 7 2
9 13 9
10 14 1
19 21 24
8 10 34
15 18 23
23 1 1
8 11 22
13 18 15
19 21 38
8 10 46
4 6 37
0 3 28
7 9 18
9 12 33
10 12 5
7 11 25
1 5 12
5 7 16
13 17 38
18 22 24
8 12 9
11 15 31
19 22 26
3 6 29
9 13 29
8 12 44
2 5 27
17 21 17
16 18 27
10 12 6
18 22 23
1 4 37
12 14 17
2 3 25
18 19 10
16 19 7
7 10 32
5 9 6
14 17 35
9 10 4
5 10 39
0 3 27
8 14 7
11 13 31
21 0 14
1 4 41
12 15 11
16 18 32
4 7 24
9 12 10
18 21 45
18 22 42
5 8 24
5 11 45
10 14 45
1 4 20
20 21 3
22 2 10
16 19 8
4 6 31
21 1 25
18 21 15
1 4 14
4 5 33
0 4 30
1 3 24
5 7 25
2 7 1
15 18 8
3 7 43
19 22 2
0 1 39
7 11 14
1 4 14
8 9 37
11 15 11
10 12 4
14 16 26
21 0 4
3 7 33
16 18 27
16 20 45
17 20 18
17 21 25
20 23 9
19 21 22
3 6 8
6 10 22
13 16 20
22 1 13
6 9 35
5 9 15
0 4 11
9 13 5
18 20 27
13 15 35
12 16 37
22 0 9
17 21 43
9 11 7
19 21 6
16 18 26
0 3 13
22 1 38
15 16 2
5 8 40
6 8 22
19 22 25
0 5 21
1 3 31
22 0 16
20 21 20
1 4 40
2 5 12
18 22 40
19 21 44
0 3 37
22 2 20
23 1 4
18 19 31
23 3 12
1 4 26
16 19 13
6 9 1
2 5 32
10 13 1
13 16 10
6 9 15
15 19 24
20 0 26
19 22 32
16 18 11
9 12 43
7 10 28
19 22 10
18 20 14
10 12 45
7 10 12
9 13 30
4 7 1
2 4 12
11 15 42
17 20 26
2 5 8
22 0 44
16 19 41
7 9 23
13 16 30
12 15 35
9 10 45
16 19 19
20 0 45
10 12 36
3 5 21
14 16 34
18 20 24
10 13 46
19 20 33
16 19 35
0 3 16
17 19 10
1 4 35
10 12 1
18 20 28
16 17 42
9 12 22
19 22 39
23 2 42
20 23 28
7 9 8
19 21 30
21 0 6
4 8 23
23 0 34
20 1 14
14 16 20
5 7 36
17 21 33
11 16 44
18 19 40
19 22 30
0 5 17
7 10 44
7 11 33
0 4 10
5 9 36
20 0 5
2 6 13
4 8 31
7 10 3
1 4 15
15 16 15
16 20 4
0 3 10
18 21 36
12 14 40
3 4 26
14 17 14
19 22 3
8 10 42
7 12 16
18 22 44
9 12 21
10 11 23
22 3 2
3 6 25
7 9 4
18 19 32
10 14 9
11 14 43
14 16 5
12 15 9
13 15 33
8 10 3
15 18 17
2 4 5
0 2 38
7 10 17
6 9 45
17 20 40
15 18 1
5 9 24
10 14 24
2 5 27
12 15 1
16 18 3
7 11 32
22 2 42
20 0 5
9 12 33
16 18 4
12 15 41
18 21 33
5 7 31
2 4 41
13 16 29
21 23 22
17 19 31
13 17 43
20 23 18
8 11 30
8 11 30
16 19 39
5 6 13
20 0 2
15 20 18
7 12 31
21 1 9
21 23 27
16 20 21
18 20 41
15 19 43
22 2 35
3 6 46
21 0 10
7 10 15
3 7 15
16 18 29
2 4 43
14 13 26
12 15 32
13 15 15
12 15 2
9 12 39
6 9 31
4 7 45
16 19 26
20 0 14
13 15 39
23 2 3
13 15 30
8 12 18
15 18 41
0 2 40
1 4 10
2 7 29
3 6 9
18 22 8
6 10 31
19 21 26
9 12 31
20 22 14
7 9 35
11 14 25
21 23 40
0 2 42
8 9 41
20 23 37
22 0 15
18 20 25
11 14 41
7 10 36
11 14 28
11 14 16
20 23 46
7 10 45
20 22 45
4 9 33
15 19 34
1 2 29
16 18 29
17 18 27
18 21 23
20 23 29
16 19 44
3 5 28
4 7 28
14 16 41
22 2 1
18 23 18
23 3 18
2 5 38
12 16 46
23 1 34
5 7 25
11 15 43
7 9 32
21 0 28
16 19 37
3 6 24
14 18 7
5 8 3
2 4 35
2 4 22
12 15 43
18 20 30
5 8 17
4 8 7
20 2 6
5 7 20
16 19 37
8 10 15
14 17 19
10 13 44
17 19 32
15 19 5
7 9 2
21 22 36
14 15 33
15 19 2
22 0 29
14 19 9
1 5 26
9 12 37
23 3 28
8 10 46
15 20 39
17 20 40
8 11 46
22 23 17
21 1 18
11 14 21
13 17 43
8 11 10
4 8 40
18 18 12
16 18 7
13 17 1
3 6 24
12 16 35
0 3 29
6 9 19
16 20 32
1 4 3
3 5 4
21 1 5
11 14 24
11 13 22
10 12 38
7 8 26
0 2 19
9 10 35
6 9 43
10 11 12
5 8 35
22 1 33
21 2 11
2 5 5
11 17 1
3 6 20
7 8 32
12 13 21
15 18 44
23 2 28
23 3 29
9 12 8
2 4 15
6 9 17
21 0 6
17 20 1
2 5 1
23 1 42
4 6 7
22 2 21
17 21 17
0 4 14
2 4 5
16 20 37
22 2 46
12 15 3
5 8 5
23 1 9
12 15 17
8 12 22
7 11 46
4 8 27
15 19 16
14 15 22
8 10 17
8 11 6
13 16 35
22 1 45
20 23 10
18 22 30
6 10 15
11 13 24
14 16 2
17 20 40
23 1 11
4 6 35
2 6 26
1 3 43
4 7 34
17 19 42
23 5 18
11 15 29
3 9 33
13 15 16
5 7 39
4 7 29
7 10 2
11 13 10
14 15 46
10 11 8
22 2 43
12 16 1
16 18 17
20 21 37
14 16 9
4 5 30
7 10 24
23 2 27
10 12 25
17 20 17
19 22 8
21 1 27
9 13 19
20 23 44
12 15 25
3 7 41
11 13 30
3 7 7
13 14 44
5 10 6
20 21 21
18 21 1
14 16 45
7 11 31
12 14 44
19 20 9
8 11 34
10 12 17
18 21 20
19 20 16
13 15 46
5 5 35
12 13 25
10 11 35
15 16 12
21 2 29
6 9 1
0 4 20
20 0 15
16 18 25
23 2 37
7 10 17
0 4 39
5 9 45
12 16 24
11 14 45
0 4 15
5 8 20
1 2 5
3 6 18
12 14 34
7 9 13
9 11 37
12 16 43
2 7 20
20 23 7
8 13 32
23 2 28
20 23 33
20 23 39
15 19 25
13 17 8
16 19 15
6 10 11
4 5 11
9 11 18
6 9 36
10 12 7
11 15 35
15 17 19
19 22 41
3 7 25
22 2 29
11 14 25
19 0 25
6 9 29
11 15 2
5 6 20
9 12 46
19 21 41
20 22 13
11 15 17
4 6 46
15 19 12
8 12 5
15 19 30
9 11 13
8 12 14
6 9 35
3 6 37
3 7 28
20 23 33
0 2 15
7 10 19
17 19 20
0 2 3
2 5 28
1 6 4
22 2 25
8 13 38
4 6 17
14 18 44
5 9 13
10 14 38
10 12 14
17 20 27
19 0 25
20 1 32
13 15 36
11 15 10
18 20 38
1 3 20
2 6 5
12 16 44
16 19 4
5 10 2
16 18 9
2 4 46
0 2 7
18 19 26
18 20 3
19 23 8
17 20 9
7 12 2
7 10 29
0 3 15
5 10 14
0 3 14
20 23 43
8 12 9
19 22 15
18 22 4
23 2 25
18 20 46
5 9 7
23 3 37
11 15 9
3 5 44
21 0 40
8 11 5
18 21 3
23 0 29
14 18 42
2 5 13
9 11 20
5 8 19
9 13 37
19 23 3
1 4 46
4 8 35
6 11 3
16 18 7
4 6 22
13 17 37
8 11 25
12 15 22
12 15 21
0 4 7
23 3 13
22 23 43
0 3 22
5 7 31
15 20 20
4 8 43
18 20 39
8 11 14
6 9 10
0 3 41
12 15 33
17 20 38
10 13 34
9 12 10
17 20 34
22 1 20
8 10 21
0 4 46
3 6 38
5 9 23
8 12 7
15 17 38
11 14 1
15 18 14
11 15 38
20 23 39
23 3 17
21 1 10
4 7 25
9 13 30
2 4 27
7 10 46
16 19 42
11 14 29
8 8 15
21 1 28
15 18 24
2 3 33
23 1 9
3 7 3
12 18 38
18 22 2
3 6 45
21 23 23
0 2 46
2 7 13
23 4 43
13 16 46
22 0 32
1 3 39
4 6 14
17 21 16
5 7 23
13 15 39
13 16 17
4 6 27
15 18 44
1 5 27
0 3 21
15 18 25
4 5 38
2 5 40
4 7 19
13 14 11
21 2 43
3 8 14
22 0 40
10 13 28
8 10 24
11 14 25
21 1 30
3 6 12
18 22 22
7 9 4
9 11 31
2 4 38
2 4 38
18 20 3
19 22 39
19 22 42
11 15 27
18 22 33
23 0 39
9 13 35
18 21 6
2 5 9
9 10 46
4 7 21
6 9 41
13 17 1
11 16 12
7 9 19
2 6 9
10 12 39
3 7 23
7 10 29
0 0 4
1 4 43
12 17 16
1 5 9
12 16 10
13 14 10
4 8 13
5 9 1
5 8 3
19 23 15
10 13 38
15 17 10
6 8 40
1 5 41
8 14 13
16 20 21
18 20 17
1 4 31
2 4 24
6 9 5
18 21 4
10 13 15
18 21 15
13 17 13
17 20 7
15 19 7
7 8 1
6 8 28
21 1 44
22 1 14
20 23 37
1 3 24
14 18 42
13 15 32
15 18 44
8 11 34
12 13 45
3 6 24
13 15 38
23 2 20
7 10 10
5 10 20
3 7 45
5 9 7
18 19 17
3 8 33
5 7 5
14 18 29
12 15 45
19 21 11
22 1 46
11 14 8
21 0 35
23 1 7
22 0 12
4 8 44
15 18 9
9 12 17
18 21 10
21 23 37
3 4 20
2 6 22
5 8 23
4 7 13
18 21 33
11 13 42
6 7 34
19 22 37
20 23 20
9 11 11
10 13 37
18 19 35
12 12 6
11 15 13
20 0 17
23 2 5
1 3 12
2 6 24
13 17 33
20 23 37
18 20 44
16 17 38
13 15 32
21 23 45
19 23 44
3 5 1
14 17 33
23 2 12
6 10 29
9 13 44
4 6 38
10 12 33
14 18 3
21 23 28
19 22 4
15 18 15
11 16 20
8 12 46
13 17 44
23 2 32
14 17 13
4 9 22
2 6 26
4 7 34
11 14 19
0 3 46
5 7 45
19 23 29
3 5 16
6 9 9
8 9 41
12 15 17
8 10 3
23 3 33
21 1 13
22 2 30
0 2 37
0 3 1
6 10 16
18 20 10
16 20 25
2 4 30
15 18 43
6 7 21
7 11 20
22 2 16
2 6 29
6 10 20
14 19 3
15 19 33
23 0 1
22 0 27
5 9 6
3 7 46
14 17 13
9 13 7
12 15 23
23 3 17
14 16 26
9 11 17
2 4 21
3 7 19
1 4 2
15 17 34
20 22 21
11 14 7
14 18 17
2 4 19
6 8 20
9 11 40
13 15 35
4 7 13
13 16 7
19 22 17
12 17 17
22 0 35
8 12 12
23 0 25
7 13 24
16 17 25
10 14 46
20 23 24
2 5 10
10 13 46
3 6 11
4 9 24
4 7 11
1 4 42
11 15 14
11 14 43
20 21 15
15 17 28
11 15 41
7 9 21
18 20 20
9 13 12
17 18 16
16 18 40
6 9 27
10 12 25
14 18 1
14 18 13
16 19 7
8 10 10
13 17 39
21 1 32
9 12 37
0 3 5
5 5 8
20 23 29
20 22 21
5 9 12
7 10 9
17 18 32
9 11 6
18 22 32
8 10 42
1 3 7
11 14 16
7 10 21
13 17 46
16 19 2
11 14 4
22 2 24
9 13 9
7 10 24
18 20 12
8 12 19
2 5 46
11 15 16
14 17 20
23 3 10
15 18 6
17 20 5
9 11 12
20 0 2
6 9 42
23 2 1
19 21 29
22 1 37
6 10 42
6 10 27
11 15 25
9 10 7
2 4 38
11 13 30
17 21 34
4 7 4
7 11 38
7 9 11
17 20 10
10 14 5
20 23 25
13 16 22
23 1 35
8 11 14
6 7 21
4 8 29
4 7 7
4 6 17
1 5 23
9 12 1
1 4 24
22 0 26
4 8 17
5 9 36
4 9 22
18 21 33
11 16 23
15 18 37
15 17 31
7 9 36
12 16 30
2 6 30
22 2 25
3 6 6
11 13 29
7 9 8
0 2 24
10 13 6
20 0 32
15 17 44
12 16 4
15 19 11
2 5 25
7 11 6
8 10 21
8 10 6
13 16 23
11 15 43
19 23 33
15 17 44
0 4 32
3 6 23
8 9 36
9 12 36
16 21 19
10 12 36
1 3 7
0 3 36
20 22 38
19 22 24
13 17 37
19 0 20
9 13 20
11 14 10
20 22 29
7 9 33
1 4 5
10 14 28
2 5 3
9 12 15
19 23 12
0 4 35
1 4 22
8 11 39
23 0 7
4 5 33
19 20 13
2 6 23
1 2 13
23 1 29
12 15 5
14 17 28
13 16 44
21 1 14
19 21 32
2 5 28
23 2 33
22 3 36
17 21 15
17 20 2
18 20 10
18 23 27
21 23 1
15 17 43
11 13 20
12 16 35
8 11 34
18 22 43
7 12 8
11 15 16
2 4 34
23 3 10
22 1 21
7 8 46
3 8 34
21 1 17
0 4 41
23 2 5
21 23 21
8 12 45
22 0 30
18 20 24
22 0 19
0 2 10
20 23 22
2 5 46
11 13 34
4 5 42
20 23 44
21 23 28
13 15 44
21 2 20
22 0 13
8 11 27
23 1 36
17 21 22
2 9 21
9 11 1
14 18 45
0 4 39
14 16 25
22 0 7
11 14 22
20 23 2
7 8 21
15 19 3
14 18 20
8 14 14
22 1 13
15 18 3
17 20 10
4 9 23
15 19 12
13 18 27
3 7 4
7 10 37
4 6 3
10 13 16
13 15 46
11 14 12
19 22 15
23 2 13
22 0 26
22 2 1
1 5 25
0 2 4
2 6 32
2 7 19
5 10 12
21 0 33
10 13 14
1 5 46
19 22 6
18 23 6
9 12 14
22 2 42
22 2 16
1 4 39
14 18 25
12 15 21
21 23 24
8 10 2
6 9 27
18 18 26
4 7 12
19 22 37
11 12 6
4 7 13
17 19 9
1 1 44
16 20 26
18 19 11
5 9 20
6 9 13
1 3 17
11 14 4
16 22 44
6 8 4
16 20 18
2 6 26
5 8 40
19 23 18
19 23 43
6 9 42
15 19 27
1 3 26
6 9 40
16 20 39
18 22 17
2 6 26
0 1 34
21 23 22
21 0 40
5 8 46
1 4 39
6 10 1
19 23 12
20 0 44
18 20 40
5 6 37
16 19 40
6 10 24
3 4 13
14 19 18
15 17 36
2 4 33
20 23 5
22 3 8
4 8 20
11 14 40
4 6 35
8 11 4
6 11 13
16 17 28
1 5 9
10 13 39
21 23 34
10 13 8
22 0 38
11 13 10
2 5 36
10 15 44
1 4 13
8 10 18
20 23 16
9 13 18
17 20 5
0 3 7
16 19 14
0 2 1
1 4 25
6 7 41
2 5 26
11 13 43
11 14 42
12 15 24
22 2 7
11 14 14
18 20 5
2 4 20
8 10 5
0 3 33
20 23 3
2 6 2
19 23 44
22 1 1
21 22 41
16 19 44
20 22 42
22 1 41
14 17 18
10 12 13
7 9 10
7 11 32
22 1 23
3 5 11
5 8 6
23 2 41
13 16 39
23 2 30
22 0 18
20 23 34
5 9 34
14 17 36
23 2 33
9 11 21
2 3 25
18 19 15
19 20 20
9 12 28
15 18 38
4 6 29
2 4 35
1 4 4
20 22 42
20 22 26
2 5 43
0 4 21
21 1 41
16 19 34
8 10 9
19 23 9
9 13 4
17 18 3
10 14 14
21 23 15
5 8 12
21 0 19
21 21 15
14 18 21
22 3 35
13 17 28
15 17 10
9 12 21
14 16 15
7 10 20
1 4 4
22 2 4
23 0 29
18 20 35
16 18 2
8 10 39
10 11 31
16 19 17
18 21 35
12 15 45
23 1 29
12 15 3
4 6 1
13 17 32
10 12 2
3 7 45
10 14 43
2 5 15
3 5 22
8 11 6
8 12 8
8 9 8
23 1 46
22 0 17
15 17 22
18 20 25
19 21 4
4 7 41
3 5 6
0 2 4
8 11 18
22 23 33
15 19 41
22 1 37
9 12 15
8 10 1
4 7 42
15 19 1
23 2 16
8 11 6
16 20 40
5 8 14
5 7 43
15 18 29
23 2 22
0 3 27
3 5 37
23 2 3
3 7 3
9 12 6
8 11 43
4 7 29
11 14 8
21 22 29
9 12 33
20 23 3
12 16 28
19 0 40
20 22 43
0 3 35
7 10 18
22 0 15
2 6 14
9 13 28
22 1 24
5 9 3
13 16 39
3 6 29
23 3 35
21 0 17
12 16 12
9 12 20
17 20 16
17 19 7
23 3 20
10 14 45
3 7 11
12 14 33
17 19 22
5 9 10
4 6 4
2 6 17
4 6 42
0 4 34
10 14 20
1 6 15
23 1 46
19 20 10
1 1 33
1 4 30
16 20 30
23 3 31
17 19 13
19 23 23
18 20 11
0 2 4
6 9 46
5 7 31
14 18 2
22 2 5
0 3 2
14 18 28
9 12 6
19 23 4
18 21 43
15 18 29
16 20 13
7 11 37
11 13 44
13 16 7
15 17 6
12 17 18
0 4 37
21 1 32
21 23 21
11 14 7
14 16 7
5 7 46
11 14 22
13 17 8
11 15 27
1 4 17
20 22 27
6 7 19
8 12 21
22 1 43
22 1 2
6 8 41
11 13 34
10 12 21
4 7 20
14 16 41
1 4 17
19 23 23
7 10 28
2 5 43
9 13 15
16 19 46
10 13 11
23 1 5
23 2 22
12 14 26
23 1 21
5 9 12
14 19 44
9 11 23
6 9 12
15 18 9
3 5 45
14 15 11
5 8 27
13 18 20
14 17 13
6 10 4
5 6 22
21 0 39
9 10 2
5 9 15
19 21 28
16 20 32
21 23 34
19 23 41
1 3 6
4 8 18
6 7 14
12 17 37
7 12 9
7 10 11
7 10 5
11 13 26
15 16 26
10 13 3
1 7 26
5 8 44
0 4 5
17 20 26
7 10 13
11 13 22
21 2 36
0 3 22
16 18 6
17 19 45
17 20 33
14 17 38
21 1 11
2 4 12
7 10 45
5 11 4
18 21 25
20 0 36
20 22 24
15 17 29
21 0 5
1 5 39
8 13 10
1 2 26
20 21 28
9 12 28
8 12 8
2 4 18
5 8 6
3 5 44
12 14 30
2 6 16
20 23 17
2 6 35
10 15 6
1 4 4
16 19 12
20 23 20
2 5 12
16 20 8
8 11 39
14 19 20
18 22 42
6 10 36
14 16 4
20 22 5
7 10 21
6 8 14
2 4 46
16 19 10
18 21 34
15 16 10
13 16 46
5 10 19
10 13 9
0 4 34
3 6 21
6 10 22
19 23 25
15 20 21
8 11 9
7 11 35
1 5 45
1 4 40
1 4 45
20 0 2
12 14 38
4 6 16
19 22 17
3 6 2
9 12 24
6 9 9
5 10 36
5 8 19
2 6 34
8 10 38
15 18 21
8 12 15
1 4 8
9 11 27
0 5 34
2 6 33
18 20 2
5 8 12
6 10 6
2 4 32
16 19 20
3 5 45
16 19 23
4 7 44
0 3 37
22 2 40
7 11 17
11 14 15
19 20 29
12 14 2
12 14 28
12 15 38
0 3 14
15 18 28
17 18 36
18 20 21
23 2 16
16 19 28
0 3 46
18 21 24
4 6 3
7 10 43
6 9 36
11 15 25
20 21 40
17 19 38
20 22 20
7 11 30
18 20 31
5 9 18
10 14 29
16 19 42
5 6 40
5 7 20
2 5 46
15 18 20
7 10 11
3 6 38
20 22 27
14 17 35
17 18 2
2 4 3
4 6 10
15 17 21
15 19 13
6 8 28
8 12 23
8 10 35
19 21 43
14 16 10
18 22 7
5 7 17
12 16 45
15 20 17
21 23 34
13 17 21
6 10 30
18 23 21
12 14 29
18 22 2
13 16 10
19 23 27
18 22 27
14 18 30
10 13 44
17 21 26
3 6 5
20 23 1
20 23 33
4 6 24
12 16 39
23 1 22
12 17 18
5 9 13
6 8 33
22 2 12
4 8 31
9 12 9
18 21 11
8 13 13
9 13 6
4 7 30
7 11 27
3 6 27
6 10 41
13 15 3
22 1 43
1 3 44
14 17 16
18 20 30
15 17 17
17 21 44
18 23 6
8 13 37
3 5 18
9 11 18
6 11 14
17 21 13
1 3 11
21 22 12
17 20 40
0 2 18
11 14 9
20 22 34
20 23 30
23 1 18
21 0 17
6 9 28
22 2 41
23 1 42
9 12 33
9 12 25
13 17 32
8 12 27
12 16 21
15 18 20
14 18 5
19 21 34
15 19 3
5 8 40
4 8 22
3 5 15
7 11 12
1 5 24
11 14 13
5 8 9
17 21 5
22 1 30
20 1 4
19 21 33
3 5 6
12 14 46
17 21 19
19 23 16
2 5 24
0 4 9
17 20 46
20 23 41
23 1 23
18 21 22
21 1 3
13 14 16
11 14 36
14 16 5
8 11 29
18 21 2
20 21 7
19 22 30
18 20 42
13 15 37
10 14 32
10 13 27
13 14 11
17 21 31
7 10 36
18 21 36
8 11 19
4 8 44
2 5 41
19 21 6
1 3 36
1 3 13
4 8 15
2 6 2
14 19 17
15 18 30
9 13 41
12 15 14
10 12 41
4 8 8
7 11 31
7 12 3
13 17 39
0 4 24
19 22 18
7 10 1
23 3 44
2 5 29
15 17 9
19 22 42
14 16 35
6 8 19
3 5 45
4 6 13
21 0 22
11 15 46
20 22 8
10 13 31
9 12 16
4 8 28
3 5 37
2 5 7
4 7 26
16 19 34
7 8 11
19 21 33
22 23 36
7 10 23
23 2 23
4 8 34
2 5 15
10 13 33
7 11 33
12 14 43
6 7 31
5 11 26
23 1 25
13 14 11
6 9 14
4 5 13
7 11 34
15 18 45
1 5 19
18 22 18
2 5 3
6 8 9
12 14 19
3 9 28
6 8 5
16 19 2
19 22 15
17 20 41
2 5 19
0 2 40
5 8 11
1 3 41
10 12 3
20 23 19
19 22 45
14 18 21
5 6 17
14 17 24
0 2 1
8 12 34
4 5 25
1 6 36
19 20 44
18 20 35
9 13 4
10 14 34
11 14 12
2 5 40
14 17 2
16 18 9
8 10 13
11 13 25
0 4 37
4 9 33
22 0 11
13 17 30
12 15 22
17 19 6
17 20 14
5 6 45
9 11 46
7 8 39
6 8 12
16 19 32
5 7 23
18 22 32
13 17 29
6 8 3
13 16 7
7 10 11
6 8 22
4 7 33
4 7 3
23 3 11
14 19 40
21 1 25
5 8 10
2 5 13
7 8 37
17 21 15
16 21 1
19 21 20
10 13 21
4 6 10
2 7 28
11 13 4
19 22 15
4 7 7
18 20 20
13 17 6
22 0 22
3 7 34
11 14 34
15 19 15
22 0 45
6 9 28
7 11 28
7 11 26
17 20 44
3 6 46
14 19 45
1 5 18
18 23 40
10 14 45
15 17 23
6 9 46
22 3 32
13 14 45
21 0 5
12 12 15
14 16 8
9 13 26
18 22 33
19 22 33
1 2 9
0 4 27
13 17 22
9 12 25
20 23 26
23 3 10
21 1 20
5 9 26
11 14 33
8 11 5
9 11 26
2 7 24
10 14 1
12 15 4
13 16 16
8 14 40
3 5 19
5 9 38
13 15 6
14 15 32
9 12 41
22 1 39
13 14 40
16 22 7
18 21 14
5 9 6
10 12 3
14 18 37
17 18 4
20 0 35
9 10 25
16 19 42
12 14 31
20 23 11
2 6 24
18 20 25
5 10 46
15 18 22
9 13 6
21 0 41
1 3 43
12 16 15
15 19 3
6 9 5
7 11 17
16 18 17
11 14 32
19 23 24
20 23 42
9 12 37
8 13 34
12 14 31
16 20 35
20 22 44
2 6 16
10 13 5
11 13 21
0 5 23
1 4 39
4 8 2
18 22 31
19 21 26
15 17 15
1 4 37
23 2 37
5 9 36
7 9 13
10 11 19
23 2 40
5 9 13
6 9 5
9 12 46
1 4 16
8 10 4
5 9 16
10 13 32
8 11 35
12 16 30
18 21 9
15 16 28
4 7 37
8 12 18
12 16 31
10 14 1
6 7 31
4 7 14
6 9 1
0 4 31
1 3 18
4 6 43
0 1 26
13 15 37
5 8 36
2 4 15
15 18 6
22 1 34
7 8 30
15 17 7
20 23 24
15 18 32
6 8 5
13 15 43
16 19 22
13 15 37
5 9 11
23 2 36
4 6 33
12 15 23
16 19 18
14 16 45
19 22 22
3 6 35
12 14 4
19 21 16
21 0 17
6 10 35
8 12 32
22 1 37
14 17 8
13 16 9
7 10 31
1 3 15
20 0 32
23 1 23
21 1 36
1 4 10
17 20 36
0 2 10
23 3 39
23 2 12
9 12 11
19 22 45
13 17 45
8 12 38
19 22 18
6 10 35
19 23 1
1 4 5
16 21 32
10 12 16
9 12 22
14 16 30
2 6 3
18 22 38
7 10 46
0 1 23
18 22 29
23 2 29
23 3 19
10 13 28
21 0 12
19 23 11
12 17 42
8 9 6
1 5 18
3 7 8
17 21 24
2 5 9
4 5 45
1 5 41
21 2 6
3 4 32
18 20 12
17 19 39
7 10 46
8 11 22
21 22 40
9 10 14
15 17 29
16 20 2
7 10 18
14 17 43
20 23 2
0 3 27
4 7 12
7 11 4
9 11 43
12 15 16
17 21 18
23 1 16
22 1 45
10 13 19
6 7 45
23 1 10
8 11 12
13 15 31
6 10 5
18 23 26
2 5 33
12 14 7
7 8 9
11 14 43
15 18 32
4 8 43
0 4 33
23 3 9
12 15 18
1 6 39
7 9 4
18 22 46
0 2 18
22 2 32
7 11 33
19 21 36
3 6 17
10 13 20
9 10 19
19 22 40
7 9 26
17 21 30
4 8 41
7 10 1
6 9 28
12 14 11
9 11 46
6 9 23
8 12 5
11 14 2
13 15 40
22 23 28
23 1 16
1 5 39
20 23 18
8 11 37
7 11 39
7 10 21
20 23 17
20 23 40
7 10 5
0 3 46
2 5 28
4 8 31
21 23 42
15 16 39
20 22 43
20 22 6
22 1 18
0 5 40
8 11 36
23 1 22
23 3 20
10 12 33
12 16 30
14 19 7
20 0 34
13 16 30
19 22 2
8 13 11
6 10 15
16 18 34
17 20 37
16 19 15
2 4 33
7 9 24
5 8 25
12 17 45
22 1 4
22 0 20
8 10 45
2 4 43
15 20 14
3 5 4
1 5 28
3 6 2
4 7 4
7 10 3
2 4 27
5 7 37
0 2 25
4 10 38
15 20 43
12 16 22
23 3 40
5 10 35
10 13 26
4 7 6
16 18 8
5 9 3
2 7 28
12 15 1
20 22 2
15 19 1
23 2 30
3 5 7
14 16 9
6 9 24
8 12 6
9 12 21
4 8 3
11 14 31
14 17 2
11 13 43
9 10 40
2 5 42
19 20 16
9 13 40
21 23 10
21 0 37
11 14 22
21 22 24
7 11 7
17 21 9
6 10 16
17 20 11
0 4 7
0 2 36
18 21 43
20 2 28
17 20 26
13 16 31
13 17 10
12 14 18
10 14 46
10 13 9
16 18 29
17 21 15
13 17 6
19 2 19
12 15 42
18 20 39
17 20 10
2 5 31
20 1 17
22 1 4
3 6 7
20 23 10
3 5 27
11 12 22
16 19 21
18 21 26
11 14 43
7 10 20
14 15 2
2 5 32
8 12 19
22 2 4
22 2 22
3 5 34
20 22 45
1 5 22
17 21 33
16 19 40
1 5 9
21 1 46
4 8 40
12 15 23
14 18 29
11 15 27
19 22 28
3 5 35
3 5 14
19 21 25
6 9 31
7 9 24
19 22 10
16 18 34
16 19 40
22 2 43
15 17 20
2 5 18
19 20 25
1 4 11
6 9 28
16 20 13
17 21 3
3 7 13
3 6 7
18 19 11
1 5 1
19 23 42
3 6 36
9 12 20
6 9 28
4 7 44
14 17 26
17 21 17
6 10 44
17 21 15
5 10 6
7 11 46
11 16 19
16 20 13
21 23 19
23 0 2
8 11 21
0 4 11
12 13 32
12 15 3
0 3 20
17 21 29
1 4 6
0 3 1
0 3 5
1 4 22
13 16 23
1 2 30
14 15 14
6 8 5
23 2 29
14 16 12
21 23 14
20 22 28
0 3 27
7 9 34
5 8 4
10 12 3
16 19 13
6 8 42
3 5 43
11 15 36
3 7 44
17 18 36
18 21 28
15 18 33
1 4 27
9 13 40
16 21 18
0 2 34
23 2 7
23 2 43
10 14 17
14 19 18
5 9 2
22 1 11
13 16 7
7 9 26
11 14 13
8 11 42
10 14 27
5 10 30
0 2 28
18 20 42
8 12 45
2 5 28
7 10 46
16 19 28
7 10 21
19 22 44
23 3 41
15 19 37
4 8 3
3 6 13
14 19 5
16 19 4
22 0 9
9 11 30
9 12 40
12 15 13
14 18 9
19 21 4
21 1 19
5 8 45
15 18 7
16 19 45
13 15 13
12 14 22
14 17 41
22 1 32
21 23 17
22 0 46
13 16 27
1 3 7
0 2 33
17 20 9
8 11 3
16 17 14
8 12 40
6 9 4
8 12 40
11 13 45
21 1 9
18 19 31
13 18 22
14 16 8
11 14 12
16 18 46
3 5 16
2 5 46
19 22 46
8 14 1
23 1 19
22 1 20
17 19 19
15 17 33
19 22 16
17 21 31
11 13 38
5 9 41
3 5 16
22 3 19
1 5 28
4 5 20
18 22 26
14 17 10
6 7 43
0 2 5
4 7 35
3 5 35
17 20 31
23 2 11
6 8 42
4 8 46
16 18 36
19 23 19
19 22 6
18 22 17
21 0 18
7 8 10
13 16 42
3 6 1
20 22 9
16 21 22
6 10 18
22 1 41
13 16 40
7 11 37
9 14 14
0 3 2
20 23 44
13 16 29
9 13 7
19 23 32
14 17 45
17 20 38
1 5 20
23 3 45
6 9 2
15 17 41
9 12 9
19 22 12
16 18 3
19 0 38
3 8 13
3 7 32
6 9 37
1 4 27
19 0 39
4 8 27
16 18 5
12 16 11
0 2 33
7 10 28
6 10 30
10 14 38
6 10 42
13 16 20
14 16 5
18 20 5
8 9 11
13 17 11
14 17 32
0 3 26
12 15 28
21 0 40
7 11 20
12 16 5
19 21 20
9 13 24
6 12 42
14 17 18
8 10 44
6 10 17
19 21 4
11 14 43
15 19 16
14 16 25
20 0 1
18 21 27
7 10 40
9 11 5
13 16 36
5 9 32
0 2 1
19 22 24
6 11 5
4 8 38
8 11 41
14 18 46
20 1 34
18 20 17
0 2 29
9 11 18
16 19 44
23 2 16
16 20 42
5 9 17
8 9 19
15 18 16
7 9 39
20 0 7
21 23 39
7 10 20
20 23 12
17 18 41
2 5 30
19 22 24
2 5 17
6 9 2
16 18 9
0 5 2
9 10 21
14 17 35
16 19 44
19 22 3
0 1 28
11 15 18
13 15 44
18 19 3
8 10 21
0 3 35
19 21 9
12 15 39
10 12 37
10 11 32
21 0 27
22 2 31
12 14 2
3 7 7
8 11 8
8 10 32
15 17 39
7 11 39
0 2 34
17 19 4
23 0 43
9 11 4
2 3 19
7 10 1
21 0 15
15 17 28
22 23 36
2 4 2
5 8 13
13 17 35
3 7 8
16 17 23
2 5 19
20 22 42
7 10 14
23 2 7
21 0 16
12 16 13
6 9 31
15 17 19
22 2 23
19 21 33
11 14 46
5 10 41
0 2 22
4 8 33
21 0 7
8 9 27
23 2 13
13 15 20
23 1 7
11 13 39
13 15 18
12 16 42
23 2 23
19 21 8
19 21 9
21 0 34
12 16 21
13 17 17
13 17 40
8 10 18
2 4 38
16 19 40
23 2 37
2 6 7
2 4 8
0 2 10
21 23 21
6 8 22
13 16 9
10 14 16
8 9 1
3 5 41
5 9 12
8 11 22
9 12 8
4 6 28
20 0 27
5 9 21
5 8 28
2 4 14
2 5 41
20 0 18
3 5 27
23 2 27
11 11 30
21 23 9
2 4 7
13 15 9
21 23 22
14 18 36
3 5 12
15 19 5
11 15 43
17 20 37
0 2 28
15 17 16
10 13 45
14 16 44
7 9 40
12 13 34
9 13 3
21 1 7
4 5 7
11 15 46
10 14 41
0 4 43
6 9 22
2 6 3
4 7 6
21 23 20
10 13 39
14 18 44
1 1 34
11 14 15
10 14 19
18 22 3
20 22 36
19 23 24
2 6 43
11 14 10
22 23 31
13 16 33
18 20 9
8 10 40
15 17 43
7 10 2
4 7 16
19 22 9
2 4 24
5 7 39
18 21 8
0 5 22
14 17 6
15 18 37
8 12 13
5 9 42
23 3 41
13 15 39
2 7 7
23 3 16
5 8 5
10 14 38
15 17 41
8 12 35
14 17 17
2 4 17
6 9 15
3 5 8
3 6 10
10 14 9
2 6 40
10 14 45
13 16 42
5 8 20
9 14 23
6 10 33
14 17 9
9 12 46
11 13 5
12 16 43
6 10 23
9 12 6
17 19 19
18 23 3
22 3 9
10 13 32
7 9 28
4 7 23
18 21 41
22 2 43
1 4 13
12 15 33
19 21 9
19 21 4
19 22 30
1 4 6
2 4 2
23 2 22
20 0 24
11 14 2
11 13 3
3 6 20
13 17 5
3 6 30
5 6 13
11 14 22
12 14 27
15 17 7
17 19 42
10 13 39
3 5 10
18 23 41
15 16 20
4 6 42
15 19 46
17 19 5
6 10 25
10 14 33
14 16 6
15 16 1
3 7 42
23 1 3
12 15 15
22 1 18
12 16 28
13 16 9
0 3 44
0 2 14
18 22 35
16 18 10
7 10 2
4 7 12
4 7 35
7 9 12
4 7 2
2 4 46
21 1 16
4 9 35
5 9 2
6 9 18
1 5 15
18 20 8
2 7 2
4 6 1
23 2 3
4 5 21
20 0 14
1 5 37
21 0 31
16 20 3
10 12 20
0 2 21
10 14 43
6 11 38
11 13 41
9 12 12
15 17 34
2 5 9
16 21 17
21 1 46
13 16 15
21 1 23
11 14 41
2 6 25
23 2 40
3 6 24
11 13 35
10 12 10
20 0 31
6 8 30
20 22 10
23 3 28
13 15 33
15 17 7
5 8 16
15 18 42
14 17 15
3 7 7
12 15 10
21 2 15
20 23 25
14 18 10
15 17 7
8 13 12
9 12 33
19 23 20
5 8 23
0 3 31
1 3 45
11 13 7
5 8 36
11 15 38
5 8 24
21 0 46
3 5 34
8 12 15
7 10 35
23 1 2
19 22 38
13 15 10
2 5 44
0 3 36
5 8 14
5 8 9
6 9 34
16 19 39
4 7 39
16 18 13
14 16 44
22 1 1
16 20 29
22 0 23
21 0 24
21 22 21
1 7 17
3 4 41
23 1 40
10 13 44
13 15 44
21 23 17
5 7 37
2 6 19
13 14 10
23 1 23
20 23 10
9 12 5
8 10 28
17 19 29
18 20 18
18 20 39
3 7 42
17 20 10
8 11 1
1 5 4
15 17 16
23 1 16
7 10 40
8 12 10
1 2 24
1 3 27
6 8 40
6 8 46
16 19 46
11 13 43
23 4 3
19 21 42
6 7 7
0 3 2
23 2 45
20 23 16
15 17 6
16 20 22
17 19 5
18 21 5
0 3 12
4 7 32
23 3 30
23 1 5
16 17 12
6 9 30
1 4 33
19 21 5
23 3 24
8 10 43
5 8 26
0 4 29
17 21 3
20 23 19
9 11 16
13 17 34
12 16 2
23 3 5
1 2 16
23 3 41
20 0 30
1 4 24
15 17 1
21 23 44
22 0 12
5 8 11
14 15 13
23 2 15
23 0 32
6 9 25
0 2 21
1 4 32
7 8 30
1 5 30
23 0 17
12 15 38
8 12 19
9 14 30
16 19 1
17 21 4
2 5 33
1 3 36
11 13 37
7 11 7
13 16 30
8 12 41
13 16 5
3 6 19
3 4 21
22 1 38
18 21 35
23 2 44
18 21 5
11 14 2
12 17 19
8 13 32
13 15 29
15 18 5
14 16 11
8 11 45
3 6 25
20 23 43
17 20 23
20 22 38
2 4 43
1 4 1
1 4 32
17 20 37
20 0 34
2 6 22
16 19 43
20 23 31
22 2 38
22 0 33
21 0 8
0 2 18
18 23 37
15 17 40
10 12 21
9 11 10
4 8 43
11 15 21
14 16 1
2 5 4
13 17 14
14 17 13
1 5 10
5 9 16
9 11 32
3 8 28
1 3 17
2 6 12
12 16 40
3 5 20
6 9 9
14 20 9
19 22 32
9 13 21
10 13 33
1 5 18
0 3 17
11 13 12
5 7 25
8 10 41
19 22 3
23 1 2
2 5 6
19 20 7
8 11 25
5 10 42
18 22 1
22 2 8
20 23 33
10 13 41
8 12 41
6 9 44
3 5 16
4 8 26
18 19 20
22 1 24
5 7 10
12 15 30
13 14 17
9 14 35
12 15 42
11 15 22
5 12 14
1 3 22
8 10 32
9 13 9
20 0 16
23 2 41
15 17 45
0 4 36
7 10 32
0 5 18
18 22 26
10 12 11
19 22 8
23 2 28
3 5 21
3 7 3
1 3 24
19 21 28
14 17 10
2 6 27
22 0 45
15 18 16
22 2 3
10 11 20
22 0 43
3 6 29
13 17 16
5 8 12
10 12 43
13 16 6
14 15 26
12 15 9
6 9 16
17 20 25
0 1 19
18 20 4
12 15 43
15 18 37
2 5 3
7 10 7
8 12 39
11 15 10
22 2 33
5 6 9
3 7 44
12 15 27
15 19 46
21 23 1
7 10 25
3 5 42
6 12 39
7 11 5
14 16 3
2 5 46
11 15 16
3 6 3
6 9 1
2 5 15
19 21 31
12 15 8
8 12 9
17 19 22
6 10 7
7 8 13
22 3 40
7 9 7
0 4 35
23 1 4
11 15 27
7 10 14
17 22 44
17 20 44
8 11 17
6 11 13
14 19 1
0 1 18
4 6 36
2 5 26
8 12 38
9 12 15
5 6 20
7 9 15
16 18 29
5 8 7
0 3 28
4 8 4
17 19 31
15 19 2
2 6 2
5 11 7
21 23 44
14 17 17
14 17 20
3 6 22
3 4 38
18 22 32
2 5 34
21 0 12
4 6 4
13 15 19
1 3 32
11 14 39
3 6 38
5 8 45
16 20 21
1 3 11
4 7 13
0 4 43
11 15 33
19 23 15
14 18 34
17 20 26
6 9 18
7 10 19
17 20 23
5 8 29
14 19 21
9 11 5
16 17 42
6 8 29
4 7 3
7 10 32
15 19 10
5 10 44
17 20 19
20 23 12
16 18 17
2 6 44
3 5 2
0 2 28
7 9 28
9 11 35
11 14 2
13 16 3
10 12 2
16 21 19
15 17 24
22 0 22
7 10 32
1 4 3
14 17 22
5 9 7
6 9 17
17 19 35
13 14 41
0 2 30
8 10 31
12 15 26
11 15 7
18 21 39
19 21 5
2 6 21
15 17 30
5 7 24
0 3 20
10 13 13
2 6 23
13 16 39
5 7 14
9 10 44
21 0 19
23 2 44
10 12 23
5 8 18
22 0 39
1 4 12
21 22 46
17 21 19
19 23 17
1 5 25
4 7 11
10 13 21
1 4 15
10 14 33
13 15 2
23 23 22
11 16 16
12 15 7
1 3 24
11 13 38
22 0 21
0 5 41
4 6 10
1 6 34
8 10 23
8 9 23
16 20 16
10 14 46
22 1 35
8 10 24
5 9 33
5 7 43
13 17 34
9 10 24
23 2 23
15 18 3
7 11 32
14 18 19
20 23 3
6 10 30
21 0 22
7 12 40
3 7 18
9 12 35
19 21 27
10 13 1
18 20 46
0 3 46
8 9 6
12 14 23
4 7 38
16 20 31
11 15 10
16 18 46
8 10 28
0 4 43
1 3 21
8 10 24
18 20 12
13 15 42
19 22 13
18 19 29
18 19 6
2 4 21
0 3 9
6 10 15
7 10 23
16 21 28
23 2 22
4 5 11
8 11 7
16 20 25
19 22 30
17 19 44
3 5 45
18 21 25
14 18 33
15 17 19
21 23 36
9 10 25
11 13 29
5 7 25
3 6 44
23 3 28
10 13 33
2 5 19
9 12 36
1 5 38
4 7 14
19 22 23
1 5 10
7 10 16
18 20 8
9 13 30
9 13 10
2 5 5
19 23 30
10 14 28
17 20 33
13 16 24
18 19 45
23 2 34
23 2 11
4 6 23
14 17 15
21 0 13
17 20 35
16 20 14
13 16 16
9 11 44
7 10 41
14 17 21
7 10 9
0 2 11
19 22 34
23 2 29
16 19 34
6 9 9
2 5 21
17 18 8
19 0 5
15 18 23
20 22 10
23 2 22
3 6 29
22 2 41
18 20 31
4 8 46
21 0 24
5 8 16
20 0 15
13 17 23
4 7 36
21 22 5
9 11 38
21 23 10
15 17 42
20 23 36
0 4 16
13 16 27
3 5 32
12 16 26
23 1 25
20 0 36
15 20 4
1 5 40
9 13 2
5 8 27
2 6 40
12 16 46
16 23 17
23 2 10
10 12 22
20 0 36
17 21 43
20 0 23
1 5 5
18 20 42
5 8 7
12 14 10
18 19 46
10 13 14
2 5 14
18 22 36
21 0 13
22 1 43
0 3 24
8 10 36
18 19 28
6 8 33
5 10 46
12 15 29
15 19 25
14 16 30
6 10 33
7 9 10
14 17 4
5 7 15
12 15 21
11 14 37
17 20 14
22 2 25
15 19 27
19 21 34
1 3 38
11 12 11
16 19 29
16 18 46
15 19 37
18 20 4
20 23 26
18 21 9
20 0 8
11 15 20
5 8 46
20 23 23
14 18 9
6 8 38
16 20 1
12 15 4
21 0 32
4 6 42
6 8 16
3 7 12
18 20 3
11 13 46
14 17 38
11 14 14
7 9 32
13 17 24
21 23 29
19 22 3
11 15 8
15 19 28
4 6 35
2 5 11
3 6 35
18 21 8
7 11 13
7 9 20
21 23 9
13 16 18
16 18 5
21 1 15
19 23 27
6 9 37
2 6 3
3 7 9
1 4 7
0 1 12
11 14 32
15 17 24
4 7 15
6 9 44
5 7 44
14 16 18
12 17 11
7 10 22
6 9 5
6 10 20
18 23 30
17 21 40
16 18 1
8 10 44
19 23 2
7 9 5
21 0 19
13 16 30
9 13 25
6 9 22
8 9 42
0 4 44
5 8 8
5 9 18
9 14 34
11 15 1
5 6 6
17 20 9
10 14 27
4 6 4
5 7 25
0 3 41
9 12 25
13 17 16
15 18 30
22 1 39
21 0 44
9 11 13
1 4 2
1 3 13
11 17 15
13 15 1
7 11 20
20 23 9
18 19 42
13 18 46
15 17 28
5 6 3
18 22 18
14 16 40
8 11 29
14 15 40
14 18 38
23 1 37
16 18 16
12 15 9
2 6 24
22 2 46
11 16 42
20 23 21
6 9 39
5 9 8
22 3 11
2 4 16
7 10 2
14 17 44
12 14 12
14 18 26
1 3 39
6 7 8
21 22 39
22 2 14
12 17 8
16 16 14
16 19 46
19 22 35
20 22 26
20 0 34
2 5 20
18 22 5
12 16 24
21 1 28
3 5 29
9 12 21
23 2 31
7 8 41
8 7 44
8 10 26
10 15 13
12 15 46
19 0 7
9 12 37
7 9 40
16 19 20
16 20 34
22 1 6
5 8 38
11 16 16
5 9 21
17 20 4
10 13 1
16 16 30
4 6 11
0 4 41
0 2 17
19 23 46
6 8 22
6 7 17
14 15 44
6 9 20
5 6 3
5 7 25
17 20 16
6 10 45
8 11 31
5 7 21
14 17 37
19 23 1
9 12 23
9 11 35
16 20 12
1 4 31
11 12 18
2 6 29
12 16 1
1 4 7
1 3 18
9 12 21
19 22 37
6 7 17
22 2 33
18 22 27
14 17 17
21 22 7
4 5 37
5 9 38
22 1 15
12 15 19
17 22 36
13 15 44
6 9 23
19 22 44
18 22 29
5 10 35
0 3 27
1 3 14
7 10 5
14 18 19
18 20 39
14 17 18
16 19 23
22 2 14
21 1 19
11 13 9
16 18 15
7 9 9
0 3 27
15 17 8
19 23 22
10 13 42
0 5 21
15 18 12
19 22 33
11 14 26
10 13 35
4 9 23
10 13 1
21 1 30
11 14 45
13 14 25
9 12 25
18 20 9
3 6 16
22 1 26
0 4 15
0 2 4
16 19 1
2 5 23
21 0 23
3 4 38
4 7 33
13 17 17
21 0 20
9 12 43
4 8 30
7 10 43
13 16 41
22 2 7
16 18 9
16 18 36
7 11 5
3 6 36
1 6 16
1 6 26
13 17 11
19 22 41
3 6 38
11 12 30
22 1 27
1 4 29
12 15 27
18 22 10
23 2 28
3 7 25
13 17 2
23 1 36
17 21 13
14 17 23
2 4 35
5 5 30
22 1 4
7 10 1
13 18 7
6 8 18
12 16 35
6 9 34
21 22 46
13 15 37
16 18 3
2 6 21
19 0 15
19 22 38
10 13 45
10 14 23
13 16 39
5 8 36
23 3 30
23 4 20
5 8 33
10 13 41
0 3 29
9 11 9
20 23 41
17 20 5
1 4 26
13 17 7
9 11 3
18 22 37
12 15 1
15 18 32
15 19 26
21 0 1
10 13 19
2 5 32
2 5 14
17 22 12
8 12 35
13 18 28
8 10 13
6 8 38
5 7 36
20 0 21
20 23 23
9 12 40
2 3 25
19 0 22
10 13 43
13 16 13
23 3 30
23 23 9
22 23 12
0 4 45
13 16 42
7 10 6
19 23 9
14 19 39
3 6 5
3 4 13
12 17 20
18 20 7
12 14 16
21 2 46
22 0 45
8 11 20
10 12 10
21 0 21
8 11 35
19 20 17
15 18 46
13 15 11
9 12 5
1 3 17
10 14 31
20 23 26
15 17 11
15 19 15
0 4 18
5 10 1
16 21 32
10 15 6
7 9 21
10 13 15
13 15 1
20 23 21
6 10 28
0 3 18
6 8 23
21 0 10
18 21 5
5 9 3
2 6 29
20 22 7
7 11 6
18 22 45
4 6 40
1 3 29
12 15 23
6 8 38
7 11 3
23 3 26
1 6 11
15 18 4
22 22 38
6 7 38
13 15 12
5 8 20
8 10 34
16 17 29
3 7 9
1 4 33
11 14 36
18 19 40
2 5 37
21 0 8
5 7 19
17 19 2
5 7 24
17 19 15
5 8 4
18 21 17
19 21 35
21 1 22
5 7 8
22 23 4
13 15 9
7 10 19
9 12 42
19 23 28
1 6 25
19 22 45
11 14 27
11 14 34
9 10 30
22 2 21
23 3 39
12 14 35
17 20 27
8 10 10
15 18 5
19 22 19
13 18 25
15 17 27
12 16 44
4 7 31
21 1 12
7 8 31
1 2 44
5 10 12
6 11 19
19 22 14
11 14 3
5 9 38
3 7 42
20 23 34
20 23 11
19 21 44
8 11 21
16 20 38
15 17 10
15 18 12
4 6 27
4 7 33
11 16 21
1 3 21
13 16 21
6 9 12
13 14 13
19 23 38
3 6 1
8 12 46
7 9 16
13 16 3
6 8 23
16 19 21
19 23 15
15 18 20
8 11 28
0 4 42
7 10 21
10 13 12
3 6 25
7 10 21
20 23 5
22 2 17
1 5 37
23 1 30
15 19 2
6 9 13
14 17 25
16 22 35
16 20 41
10 12 28
5 7 9
7 11 17
2 5 9
9 13 38
6 9 33
15 17 25
9 11 29
22 0 32
11 14 30
22 2 3
9 12 27
13 18 28
1 4 28
23 2 45
21 23 2
7 10 10
3 7 15
12 15 3
19 20 38
8 11 41
1 4 3
10 13 39
14 18 23
17 19 36
8 13 36
8 11 25
1 4 13
17 20 20
21 23 14
5 9 37
5 6 1
8 13 30
10 13 17
17 21 12
4 7 17
7 11 10
7 10 37
9 13 12
21 23 21
20 0 5
21 23 14
20 23 9
22 23 15
22 1 9
10 11 15
8 11 11
16 20 28
3 7 21
2 5 5
23 3 37
13 15 7
21 1 3
13 17 26
1 4 6
21 1 12
0 5 4
4 6 12
6 8 5
6 11 31
17 18 24
9 12 32
23 2 31
10 13 19
5 6 29
11 11 4
22 1 15
3 7 25
22 1 27
23 1 7
13 14 3
20 1 7
1 5 2
22 1 16
12 14 33
7 11 33
3 8 24
9 12 14
12 14 27
5 6 7
12 14 3
13 17 9
15 18 14
13 15 44
15 21 35
12 15 25
6 10 6
0 2 39
23 3 46
5 8 34
10 13 4
21 23 2
22 0 37
1 4 39
3 7 25
22 0 38
21 1 22
20 0 15
3 6 24
0 4 6
15 16 39
5 8 16
13 16 15
21 23 43
15 19 46
2 5 39
14 17 17
23 3 39
0 1 28
6 7 41
5 8 24
22 1 45
11 14 3
3 7 45
20 0 32
13 15 39
9 10 30
14 17 44
1 5 27
8 11 22
13 15 39
7 10 4
19 21 28
17 19 5
18 21 40
22 1 27
0 2 8
15 18 2
21 23 15
18 22 27
20 23 1
16 18 34
23 3 46
12 15 4
21 23 20
5 9 5
1 4 38
21 1 42
22 0 38
2 4 19
16 19 5
20 21 15
15 18 17
11 13 15
18 22 12
19 23 29
13 14 46
4 7 32
16 18 44
7 10 10
5 7 32
8 10 32
14 16 33
6 9 6
11 14 28
20 22 25
2 4 18
13 17 46
5 10 20
20 23 21
17 20 26
9 12 42
21 23 25
16 19 43
13 15 46
18 21 3
21 0 37
2 4 19
15 19 42
14 19 14
10 13 15
9 11 46
5 8 17
4 9 46
4 5 44
5 7 6
1 3 28
15 18 7
5 9 15
15 17 27
3 6 44
1 4 19
7 9 2
3 6 26
16 17 35
18 19 12
3 8 4
11 13 36
6 8 20
1 5 26
15 18 2
12 15 18
22 3 39
12 16 24
2 5 34
2 4 29
9 13 21
15 18 18
20 23 17
18 20 6
0 2 6
4 7 13
5 8 39
17 18 19
8 10 29
6 9 32
19 23 5
17 19 35
4 7 3
3 7 17
13 17 21
0 1 7
7 9 32
16 20 13
22 23 8
6 9 35
17 21 2
23 1 36
3 7 22
7 10 20
23 2 42
15 18 36
0 2 28
14 16 39
22 22 29
7 10 1
6 9 26
11 14 35
1 4 2
1 4 38
15 18 25
21 21 17
13 15 24
11 13 26
7 10 21
10 14 10
3 5 10
11 13 29
16 19 17
3 5 23
6 10 36
18 21 30
10 12 42
2 6 33
16 17 15
2 6 33
18 21 27
5 7 46
9 13 19
0 3 37
22 1 3
14 16 40
20 0 29
18 21 28
3 5 46
17 20 24
5 8 36
0 3 34
16 18 10
1 3 35
8 10 42
13 15 38
23 2 12
2 5 46
15 19 8
14 17 44
16 18 37
6 11 27
12 17 18
2 4 21
21 1 8
18 22 38
0 3 37
5 9 35
9 11 39
12 14 35
21 0 15
10 12 8
2 5 39
23 1 17
17 22 17
0 3 39
14 17 46
6 8 8
8 11 9
7 9 32
20 23 36
13 17 28
20 21 9
9 12 29
15 16 17
16 16 20
20 23 16
19 22 17
20 0 24
19 22 32
15 17 37
22 0 2
4 5 32
16 19 44
3 6 25
0 3 33
14 17 31
15 18 29
9 13 27
13 15 11
19 23 35
12 15 19
12 14 3
13 17 24
15 18 8
11 14 30
17 20 28
2 4 8
20 0 40
9 14 23
0 4 18
23 2 1
13 17 34
3 6 7
0 4 1
2 5 28
19 22 45
11 13 46
16 19 34
22 3 28
3 4 19
1 5 14
20 22 21
23 3 16
21 23 28
14 19 22
14 16 34
6 9 33
17 20 39
9 12 39
17 21 31
9 11 32
7 11 22
20 0 15
23 2 22
13 16 26
12 13 18
16 21 22
8 13 34
7 9 8
19 21 29
16 20 34
11 14 1
19 22 8
15 18 37
22 2 13
17 20 18
22 1 25
12 15 6
14 17 9
3 7 42
17 20 38
17 21 25
2 6 36
5 7 21
15 19 12
18 21 11
20 23 11
4 6 5
19 23 27
3 5 45
20 22 32
19 22 6
5 10 22
10 12 7
11 13 15
13 17 27
8 10 25
0 3 26
3 5 42
11 15 28
8 12 4
10 13 35
6 9 33
13 16 43
21 2 27
22 3 35
15 18 13
11 14 1
18 22 23
12 17 29
17 19 15
6 10 38
18 21 33
21 0 19
21 1 32
6 9 9
21 23 7
4 7 39
14 16 33
22 2 8
10 14 31
19 23 21
7 13 11
16 18 6
19 22 14
8 9 38
16 19 27
10 14 39
12 15 22
14 18 38
22 2 2
12 15 24
17 19 39
3 7 41
21 0 7
17 20 36
10 12 38
20 23 9
13 16 21
23 3 28
23 3 9
15 19 6
1 5 26
10 13 36
11 14 24
3 4 34
13 17 28
10 10 3
7 12 1
4 7 17
23 2 8
8 12 35
17 21 16
16 18 37
1 5 27
17 21 24
20 23 23
18 19 43
18 21 40
22 0 39
2 4 37
2 4 11
22 2 44
5 7 39
16 19 4
12 16 26
12 14 31
17 19 13
18 21 44
3 5 16
20 0 10
20 22 15
16 19 31
21 0 27
14 17 42
8 11 7
18 20 24
5 7 46
16 18 20
23 2 7
1 5 10
12 15 24
20 0 21
5 9 17
10 13 29
15 19 4
4 7 11
3 5 1
5 8 36
12 15 43
17 20 11
15 17 24
10 12 41
8 12 45
17 20 6
14 17 24
13 15 30
2 4 8
16 18 5
11 14 15
12 16 26
3 6 2
10 13 45
2 4 15
1 6 13
12 14 27
7 11 2
13 15 4
10 12 20
19 0 25
0 3 20
3 7 31
2 5 18
2 5 35
2 7 42
18 22 24
7 9 22
11 15 19
23 1 39
8 11 23
22 2 21
8 11 15
7 10 25
2 5 38
4 7 11
12 13 33
14 15 11
21 22 14
8 8 32
20 23 33
16 19 12
9 12 18
0 2 38
21 23 23
13 16 43
22 0 29
10 13 7
17 20 36
17 19 31
2 7 1
22 1 44
6 10 26
3 5 6
6 8 5
13 16 42
22 2 33
4 9 15
21 23 22
17 19 27
2 6 1
10 12 30
18 21 1
18 21 4
1 5 7
18 21 2
4 6 8
17 21 46
8 11 6
15 18 12
20 0 9
3 5 29
14 18 28
6 10 19
23 2 45
7 9 23
5 7 28
19 20 1
6 10 36
2 5 32
4 9 45
3 5 40
21 1 33
2 4 42
22 2 35
12 14 38
17 20 20
14 17 23
22 1 33
15 15 26
1 3 23
14 17 13
5 8 38
9 11 22
3 4 34
9 12 44
22 1 26
17 20 12
7 10 26
21 0 42
12 14 8
6 8 18
21 23 6
13 16 19
23 2 26
1 4 43
7 10 6
0 5 24
15 20 36
5 8 37
12 14 35
12 13 15
12 15 5
21 0 41
12 15 30
23 3 10
18 21 44
9 11 14
14 18 14
23 3 15
16 18 21
0 1 7
11 14 3
20 1 29
4 7 5
23 1 8
22 1 30
3 6 3
2 5 40
15 17 17
4 8 40
15 18 28
7 9 37
15 19 17
10 15 9
15 17 26
3 5 28
2 6 43
15 16 12
10 14 7
14 18 22
22 3 42
2 4 25
15 18 10
20 23 35
7 9 45
11 13 38
19 23 8
11 13 38
15 18 30
4 6 29
22 3 16
19 23 38
3 5 11
8 12 12
10 13 16
10 13 6
11 15 13
19 22 17
2 4 14
3 6 16
8 9 4
14 18 45
17 20 31
17 18 4
22 0 37
13 17 31
17 20 5
5 8 25
15 18 27
5 7 14
20 23 42
4 6 11
3 8 29
15 18 42
12 16 13
23 2 41
19 22 21
3 6 24
6 11 1
23 1 6
1 4 32
22 1 23
17 19 34
11 15 41
12 15 41
3 6 15
18 20 14
16 19 13
10 13 13
0 1 37
2 5 18
5 8 1
15 16 17
16 20 26
17 23 1
7 9 4
17 19 13
8 12 8
11 13 18
13 16 36
20 22 20
13 16 11
3 5 24
19 22 42
3 6 42
0 3 17
4 7 27
14 18 9
21 1 37
3 5 29
3 5 5
11 13 29
10 13 18
18 22 27
12 14 10
16 20 16
3 7 34
4 9 9
19 22 33
5 5 4
9 12 32
18 22 16
21 1 25
7 9 40
12 16 32
14 16 15
14 18 32
23 4 40
18 19 4
3 6 21
10 13 18
8 12 27
22 0 33
12 12 39
5 7 32
1 4 7
18 23 6
4 6 43
4 7 20
21 1 25
17 19 11
23 1 8
5 8 5
1 5 7
8 10 23
8 10 38
17 20 23
16 21 24
13 16 26
20 23 24
8 11 37
18 21 18
0 2 15
21 0 4
1 4 10
19 21 21
18 21 25
3 7 15
9 12 9
14 17 30
4 7 27
1 4 18
20 23 23
10 14 5
6 8 32
6 8 41
15 17 9
18 21 8
15 17 40
10 13 24
8 11 26
17 21 38
22 3 25
14 16 35
15 17 29
20 22 27
21 0 19
9 12 35
3 7 35
9 12 17
23 2 13
2 4 2
18 20 35
12 15 41
7 11 45
4 8 25
9 12 30
23 1 16
17 20 12
10 12 38
8 10 22
5 8 12
6 11 25
14 16 7
18 22 17
23 1 11
5 8 13
23 3 45
2 5 44
17 20 23
23 1 46
22 0 17
2 5 43
6 8 42
5 8 9
15 17 41
15 19 35
2 4 11
12 15 8
3 8 27
19 22 21
23 3 31
6 8 28
14 17 10
20 23 12
2 4 2
18 20 36
0 4 9
9 14 15
1 4 15
7 11 34
12 15 2
10 14 22
21 1 35
3 6 13
23 3 2
15 20 7
20 22 33
10 14 11
8 10 18
22 1 21
12 15 30
7 11 21
23 3 29
4 7 26
19 22 9
6 8 23
12 16 28
8 11 9
6 10 11
17 21 25
0 4 35
13 15 3
12 14 3
9 13 9
3 5 39
2 5 23
7 12 5
8 12 17
5 8 6
10 12 13
18 21 40
22 0 28
12 15 43
23 2 36
23 1 16
8 12 17
17 20 14
1 5 42
16 17 14
15 17 13
8 11 4
8 11 35
6 11 9
9 13 17
23 3 27
18 22 1
2 6 19
14 17 45
5 6 26
19 21 6
8 11 3
19 22 46
3 6 42
15 18 44
16 19 26
22 1 23
9 12 44
9 11 23
11 15 3
11 14 40
5 8 41
18 19 33
9 12 9
2 6 36
9 13 5
10 12 39
21 23 43
5 8 42
10 12 44
16 18 5
11 13 12
1 3 10
12 16 13
10 13 5
1 4 6
18 22 14
18 22 30
11 14 18
5 9 35
16 20 14
15 19 28
13 17 32
7 9 29
11 16 5
12 16 40
5 6 22
15 18 40
15 18 33
18 21 8
5 8 12
16 18 41
14 17 14
4 8 26
7 11 16
17 21 45
13 15 1
11 13 10
2 5 45
9 13 30
7 11 10
1 5 19
13 17 35
22 1 27
9 12 34
3 9 26
6 9 5
8 10 15
13 16 39
21 23 43
22 1 37
21 0 22
16 20 39
23 2 32
8 11 11
6 10 21
15 17 10
2 4 9
8 12 29
12 17 34
4 8 29
9 10 46
4 7 39
0 3 5
13 17 39
12 14 6
18 19 39
14 16 26
8 12 25
13 17 3
10 14 8
6 9 46
22 0 44
18 21 29
14 18 43
11 15 36
18 20 22
15 18 12
2 6 7
10 13 28
12 14 15
8 11 11
16 19 10
19 21 37
9 13 20
21 0 29
7 9 6
18 19 43
9 11 10
4 7 46
13 15 27
22 0 4
14 16 22
1 5 3
10 14 29
15 17 8
14 16 3
21 0 20
5 8 17
12 17 34
15 17 1
14 17 20
9 13 41
20 23 34
6 9 17
22 0 2
3 6 8
4 6 7
2 5 11
21 0 32
2 3 27
17 19 20
17 20 15
1 4 46
18 21 39
8 9 17
1 4 44
16 20 35
0 2 45
10 13 7
12 15 26
0 1 11
6 10 9
11 15 11
4 9 46
7 9 1
9 10 27
16 19 43
16 18 41
19 22 4
1 4 37
6 9 41
17 19 2
5 8 12
19 20 7
3 6 17
17 20 23
1 5 19
1 3 33
23 3 16
17 20 8
15 20 25
4 7 28
3 6 5
17 19 31
0 5 19
19 23 3
23 1 40
7 11 28
0 2 21
5 8 16
19 20 29
15 18 32
22 2 16
21 23 34
12 17 29
21 1 33
2 6 27
23 1 27
18 0 15
22 1 35
15 17 12
3 7 22
6 10 25
19 21 21
12 13 5
6 9 5
20 22 20
8 11 31
9 12 20
17 21 40
11 14 37
16 19 13
3 8 38
1 2 28
22 0 19
21 23 14
5 8 21
21 0 43
13 15 41
9 11 7
1 4 40
7 9 40
1 3 37
9 11 42
16 18 1
23 3 37
4 7 14
6 9 40
8 11 33
15 18 31
21 1 28
14 18 42
2 4 7
11 15 39
5 10 31
16 20 3
13 18 12
2 7 24
5 9 32
18 22 43
21 1 38
12 16 9
18 22 8
4 8 21
3 7 4
12 16 25
9 11 19
15 19 36
16 21 34
9 13 30
23 2 33
21 23 9
6 8 22
11 15 33
19 22 22
20 23 24
13 17 44
6 8 31
3 6 4
20 23 14
13 15 17
15 17 14
0 3 29
3 7 38
16 18 15
16 21 27
3 7 46
19 23 20
15 19 19
6 8 3
13 19 16
23 1 22
16 18 12
15 17 22
7 10 37
8 11 39
21 0 3
12 14 34
16 21 45
4 6 32
12 16 22
0 1 26
6 9 42
0 3 3
22 2 34
16 20 28
20 0 12
22 2 7
7 10 4
8 12 34
1 1 7
0 2 46
1 4 32
20 22 35
5 7 31
14 18 25
4 6 34
23 3 44
1 5 9
13 19 40
8 11 40
5 7 24
2 5 44
22 1 24
17 22 32
11 12 37
14 16 14
5 8 4
23 2 34
3 7 7
8 10 33
13 16 11
0 2 33
15 19 3
10 12 33
14 18 26
9 12 19
23 3 21
1 3 15
7 11 45
12 16 35
10 12 25
21 23 16
4 8 42
5 9 15
2 5 43
12 16 27
7 10 12
21 1 3
9 14 35
11 14 33
8 12 30
6 11 27
12 15 38
23 1 45
3 7 5
21 1 26
15 18 18
11 15 3
15 20 33
4 6 35
20 23 21
10 13 1
18 21 26
23 2 36
23 2 18
1 4 8
16 19 2
14 17 32
7 10 13
6 10 15
18 21 38
13 17 36
19 23 16
10 14 10
12 16 28
1 7 36
2 5 32
19 21 4
0 4 46
9 12 16
1 4 33
16 18 46
19 22 19
10 11 7
22 2 14
7 10 7
7 9 36
7 11 23
13 18 12
6 8 46
20 0 42
23 3 25
7 11 40
14 17 12
13 17 26
23 1 5
20 0 8
15 18 27
16 20 2
8 10 16
14 15 21
10 13 28
22 0 15
0 3 28
19 22 16
21 1 6
23 2 33
4 7 5
20 23 10
19 23 7
5 8 44
0 3 23
12 14 4
10 12 27
14 17 7
16 18 21
1 5 18
16 20 8
8 12 41
13 16 22
17 18 40
14 17 26
13 16 5
3 6 22
5 9 37
12 13 9
22 0 30
2 6 5
19 22 8
13 15 29
22 0 1
12 14 35
5 9 44
4 8 20
16 20 39
17 20 23
10 14 41
13 17 41
22 0 12
12 15 37
16 18 25
16 21 12
11 14 40
18 20 43
15 18 15
16 20 42
20 23 12
10 12 27
8 12 45
19 20 43
18 20 10
20 23 37
6 9 32
16 18 17
21 1 20
22 23 25
23 2 21
6 9 36
21 0 44
14 18 22
20 22 10
14 15 35
15 18 31
23 3 39
1 3 13
16 18 11
0 4 36
1 5 26
7 11 34
13 16 5
3 7 13
5 8 5
20 23 10
6 11 20
5 7 6
13 16 45
6 9 44
21 0 31
0 3 45
14 17 26
6 8 39
4 7 17
2 7 26
9 11 28
4 5 29
14 16 32
0 3 13
18 21 22
15 18 9
2 4 46
6 8 24
21 0 5
10 13 12
20 23 34
1 3 44
21 22 16
12 16 36
13 17 16
21 23 22
18 21 2
21 0 7
16 19 18
16 19 10
11 14 36
11 16 24
12 16 22
11 12 16
10 13 21
16 18 3
22 2 19
8 11 9
10 15 36
0 3 13
22 2 21
2 4 8
8 10 15
12 15 5
22 2 28
8 10 11
17 19 16
17 21 13
13 15 17
0 4 30
20 0 14
0 3 37
2 5 33
6 10 44
8 13 3
8 11 21
22 1 43
20 23 18
21 22 41
17 21 22
19 21 34
18 21 37
19 22 1
13 17 32
7 10 25
20 21 18
0 3 12
17 20 28
4 7 10
3 6 33
2 3 28
5 9 44
12 16 19
4 7 30
4 8 44
22 0 15
2 3 2
19 22 30
15 18 7
13 17 45
0 3 14
22 2 7
18 20 8
22 23 25
22 3 45
13 14 18
16 20 36
14 17 43
0 3 45
4 6 25
18 20 33
1 5 28
11 14 24
21 21 2
22 2 11
13 16 13
15 19 27
13 16 40
3 4 7
21 2 4
15 17 38
10 12 6
22 1 33
4 8 43
18 20 46
22 3 38
22 1 46
19 23 11
1 5 13
14 19 6
12 16 19
21 0 21
13 18 19
23 2 17
10 14 42
4 7 15
9 12 18
22 2 1
17 19 28
12 14 3
16 19 43
20 2 1
2 5 13
23 3 11
9 12 39
18 21 24
22 1 7
8 10 18
1 4 11
17 20 5
23 1 18
5 7 34
22 23 16
11 14 14
11 13 18
6 8 30
22 0 12
22 1 42
15 18 2
15 19 32
19 21 4
4 8 28
10 11 14
5 7 24
16 20 5
6 10 43
16 18 44
0 3 7
18 22 21
15 17 4
5 8 18
12 16 41
9 13 35
8 11 10
21 0 32
8 12 16
12 14 1
5 7 14
23 3 45
5 8 31
1 4 36
7 11 5
6 10 34
1 5 35
21 0 45
11 15 46
23 1 32
17 18 41
14 17 41
15 17 34
14 17 9
1 3 30
11 14 15
6 9 36
2 5 30
14 16 23
15 19 33
14 18 9
8 11 2
10 15 40
5 8 26
19 21 6
11 16 7
15 17 11
2 6 16
9 11 25
3 5 7
9 12 21
4 5 27
2 4 16
22 1 18
1 5 32
6 9 15
15 19 10
6 11 2
11 13 17
17 20 34
7 8 8
20 21 18
5 7 37
19 22 28
19 21 42
23 4 14
19 23 46
7 10 22
21 1 46
19 21 37
21 0 37
1 2 32
6 8 11
0 4 18
2 5 29
17 21 24
0 3 39
18 20 29
17 21 44
11 14 30
1 4 9
17 20 2
1 3 39
17 20 1
21 22 23
7 9 18
8 12 17
5 10 35
4 7 43
0 4 44
19 22 18
17 21 41
23 3 8
20 23 36
16 20 13
10 12 10
23 2 30
5 9 2
21 0 46
16 21 25
20 22 20
22 23 7
15 18 22
13 16 23
15 18 27
6 10 46
23 4 42
22 2 34
3 7 10
11 14 9
0 2 35
7 10 12
8 10 19
15 19 20
7 9 20
18 22 16
20 0 19
19 22 6
21 1 23
16 18 16
16 18 30
14 17 36
16 19 22
20 23 11
21 1 46
14 16 21
7 9 30
14 17 32
0 5 7
9 12 25
16 21 11
23 4 2
20 21 43
14 19 15
21 1 24
0 4 24
20 23 21
21 1 44
14 17 30
21 23 14
19 23 6
11 15 30
13 15 41
3 5 41
19 21 34
13 17 9
5 8 20
13 17 20
11 16 1
19 21 12
0 1 34
7 11 35
15 18 11
18 23 4
2 5 18
23 3 40
4 7 40
19 23 10
18 23 5
5 9 24
0 3 30
12 16 12
11 12 40
14 18 37
6 11 44
20 22 22
22 1 2
16 18 46
23 2 7
4 6 18
0 2 22
13 16 45
10 14 3
8 11 4
16 19 32
19 21 35
23 3 43
8 10 24
15 17 17
18 21 14
15 19 29
2 5 41
4 7 41
2 6 12
1 5 3
5 7 11
3 5 24
10 12 31
2 7 42
0 4 8
7 10 25
5 8 1
10 14 19
21 23 4
11 17 25
16 20 23
5 9 24
16 18 32
23 3 42
9 12 44
2 4 14
0 2 2
10 13 6
0 3 45
1 4 19
20 23 40
18 23 32
23 3 21
9 12 15
23 3 29
10 13 29
16 18 28
14 18 40
19 23 30
5 9 38
19 23 43
16 19 17
6 10 14
4 7 3
20 22 24
10 12 10
16 18 37
22 2 12
23 2 39
21 22 16
20 23 25
17 18 14
0 1 2
20 23 45
5 8 12
15 17 26
8 11 10
21 0 13
18 21 3
21 1 7
3 6 1
11 15 17
9 13 42
16 19 36
21 1 26
13 17 46
3 5 40
14 17 25
23 0 31
23 23 43
8 14 4
19 23 3
23 2 18
2 5 21
15 17 8
15 17 36
3 5 35
4 7 6
2 5 38
15 18 25
3 5 43
6 7 27
15 19 29
18 22 2
7 10 28
10 14 17
1 5 12
18 20 11
10 14 5
11 14 39
4 6 6
21 0 14
22 0 36
4 6 36
7 11 27
9 12 24
6 10 11
21 0 6
19 22 44
3 7 1
15 19 9
8 12 39
1 5 22
13 16 27
14 17 25
14 16 37
21 23 33
0 3 38
23 3 18
14 16 32
4 7 20
4 7 10
10 13 16
13 16 8
9 12 29
19 21 19
16 18 17
12 14 23
1 4 5
10 12 36
12 15 33
1 4 29
1 3 21
0 3 5
11 14 9
14 18 8
7 11 22
5 7 7
3 6 21
12 16 36
6 8 39
19 21 38
21 0 5
15 19 32
7 10 14
3 6 14
0 3 33
0 5 34
4 7 19
6 10 4
9 12 7
17 20 23
11 14 42
13 15 8
20 21 36
14 18 45
18 22 38
9 11 41
1 4 38
3 7 42
20 0 27
5 8 34
6 10 20
12 15 33
18 20 31
17 19 31
7 12 36
0 4 36
13 17 9
21 1 5
5 10 37
13 15 41
11 16 22
2 3 14
3 7 45
0 3 25
11 14 32
21 0 9
9 13 5
22 1 30
9 13 38
21 0 36
12 15 33
8 12 29
4 8 24
22 0 27
19 22 17
22 1 8
14 17 9
18 21 11
9 12 16
21 0 18
22 0 29
8 11 12
16 18 20
9 12 42
0 3 29
18 20 42
4 7 29
10 14 24
19 23 20
1 5 17
10 12 40
21 23 38
10 13 38
4 7 9
14 17 37
13 17 42
18 21 26
16 20 22
11 13 7
14 17 7
23 2 27
1 4 33
17 20 20
0 3 32
14 18 6
10 13 10
7 10 37
21 1 32
9 13 4
19 23 5
0 4 23
0 2 24
6 10 32
11 14 7
0 2 29
10 13 7
21 22 30
15 18 41
18 21 36
15 20 40
14 17 33
4 6 24
1 3 43
15 18 27
0 3 17
12 15 35
21 0 31
17 20 17
18 19 4
1 3 30
18 21 42
5 7 10
23 0 40
13 16 4
7 10 38
3 6 24
1 5 31
22 1 46
15 18 12
15 19 12
0 3 7
21 0 34
13 16 24
7 11 6
17 21 40
11 14 24
21 1 13
3 6 2
11 14 34
16 20 45
9 11 38
10 13 8
8 12 34
4 7 8
0 3 18
3 6 17
21 0 40
12 14 1
7 10 16
17 20 19
15 19 13
19 21 40
5 8 26
11 15 42
2 6 31
13 17 3
12 14 10
3 8 4
9 10 34
15 18 3
22 1 26
18 21 25
11 15 39
20 23 42
15 20 16
22 2 9
22 2 1
18 19 11
21 2 27
20 22 15
23 3 4
20 0 8
12 13 17
13 15 40
