3000 34
5 31 10 10 29 23 26 27 2 16 22 33 11 24 12 2 30 20 14 32 22 22 5 2 17 25 11 3 32 13 31 6 27 9 
13 16 28
8 10 24
13 16 9
15 18 11
18 23 8
18 22 14
17 19 9
10 15 25
16 20 24
17 20 5
3 6 2
5 8 30
12 13 26
23 3 25
9 13 5
14 19 23
2 5 9
1 4 15
19 0 34
17 20 17
8 11 22
14 16 14
21 0 29
10 13 21
1 5 7
22 1 21
15 18 22
13 15 6
9 13 8
10 12 8
19 22 30
12 16 22
6 8 27
4 6 2
12 16 19
9 13 15
7 9 18
6 9 20
3 5 21
13 16 8
21 0 21
13 16 11
21 0 27
14 17 30
8 10 14
1 5 33
3 8 9
10 12 23
22 0 4
15 19 23
0 4 12
11 15 33
13 19 6
6 8 34
9 11 2
6 10 22
16 19 31
1 4 23
16 19 10
11 12 33
16 19 13
4 6 2
13 15 31
16 17 1
5 10 12
13 16 7
6 10 21
6 8 30
13 16 5
4 7 33
4 8 17
11 16 22
17 22 14
9 12 33
18 20 17
1 3 20
9 14 15
10 12 4
9 12 29
13 14 3
5 7 13
7 10 28
17 20 6
17 18 20
19 20 18
12 13 5
17 20 32
1 2 17
13 15 14
6 11 32
12 16 29
12 15 31
6 10 24
2 5 6
9 10 2
6 10 11
14 17 5
22 1 6
16 18 8
12 15 28
20 23 16
6 9 10
16 19 19
3 4 11
23 2 19
21 0 13
6 9 21
2 5 28
8 11 30
1 7 7
1 6 24
15 19 15
10 15 25
12 15 13
17 21 28
0 2 18
15 17 14
22 0 32
6 7 10
14 15 31
9 13 25
9 12 30
18 21 33
18 22 29
23 2 6
21 0 26
2 5 11
11 14 21
16 18 15
6 11 14
3 6 3
3 5 12
15 17 28
5 9 21
11 14 9
3 8 25
18 21 22
23 4 31
7 9 7
0 4 1
15 18 6
22 23 11
3 5 29
4 7 28
6 11 18
0 3 17
12 13 8
8 12 6
8 9 3
11 15 21
2 4 29
9 11 15
13 17 9
6 8 22
5 5 23
11 15 12
7 8 6
9 11 33
3 6 24
21 1 20
0 3 3
14 16 32
2 5 4
2 4 24
11 13 8
16 19 26
8 11 26
5 9 27
21 23 23
16 18 34
12 17 9
5 7 9
20 0 3
23 2 4
23 3 22
17 21 32
2 6 5
17 20 4
20 23 11
17 20 24
11 13 15
22 3 18
22 1 23
16 19 23
5 10 30
14 19 9
0 4 21
7 8 32
21 0 17
22 1 4
0 1 5
16 19 27
23 0 22
2 4 12
23 3 28
2 4 22
12 15 27
19 22 11
12 16 11
5 7 6
3 8 22
9 10 31
10 13 27
5 7 21
16 18 13
18 23 13
4 7 23
17 20 27
3 5 27
21 0 12
13 17 28
18 22 29
8 10 24
12 16 18
4 7 33
21 0 11
4 7 4
15 19 6
20 23 25
17 21 20
0 2 21
5 10 26
15 19 10
22 4 27
16 20 16
9 13 32
23 2 15
19 22 22
17 19 17
13 15 24
21 23 20
11 14 7
3 9 10
4 7 10
11 15 16
6 7 12
22 1 1
11 14 8
10 14 2
16 17 28
21 1 32
10 11 11
17 21 19
2 4 17
11 14 12
19 23 10
20 22 34
17 21 9
4 7 5
18 20 26
2 4 10
10 14 30
10 13 32
8 11 1
14 17 28
9 11 3
21 0 18
2 5 25
1 4 10
20 22 3
5 8 8
9 14 4
6 8 11
19 20 12
1 3 15
21 1 15
2 6 4
17 21 27
12 17 23
23 1 17
11 15 5
5 7 17
20 0 12
13 16 27
23 1 18
11 14 29
23 2 3
6 9 34
8 10 4
8 10 20
9 13 33
6 8 19
13 16 9
12 15 14
0 4 6
0 4 29
4 6 8
16 19 3
7 9 2
9 11 25
20 23 34
16 18 21
4 7 10
22 1 17
12 15 32
16 20 33
6 10 2
11 13 16
4 8 7
6 8 18
10 12 10
19 22 24
14 18 32
14 18 14
23 2 11
6 10 22
9 13 24
11 16 21
16 20 18
7 10 28
17 21 10
10 13 18
14 17 32
11 13 12
0 2 31
16 19 23
22 1 31
0 4 21
16 21 30
15 17 34
10 13 24
8 11 32
1 5 3
6 9 16
8 11 1
12 17 12
21 0 32
14 15 24
16 19 22
4 8 16
3 6 4
12 16 28
7 9 4
3 6 5
2 7 17
13 15 11
14 17 26
9 13 4
3 7 2
17 19 12
13 17 1
17 20 12
16 20 31
10 13 27
11 14 4
13 16 4
23 2 25
19 23 6
13 15 30
9 13 23
17 19 4
3 6 30
15 18 7
20 1 27
10 13 14
3 8 33
21 0 30
22 2 5
19 22 7
6 9 17
21 0 5
2 5 1
16 18 32
5 7 32
22 1 9
6 8 15
18 20 33
8 11 28
19 23 33
3 7 25
15 18 33
17 19 31
13 15 26
21 1 8
13 17 30
7 9 16
8 10 23
1 4 29
16 18 1
21 1 7
4 6 24
19 22 22
7 11 9
4 7 12
2 5 5
18 20 29
21 2 27
17 21 29
1 3 10
19 23 19
2 6 8
3 4 19
4 8 28
18 20 11
17 21 31
15 17 22
1 5 20
7 9 12
13 17 1
13 15 18
9 10 22
2 6 3
5 8 25
8 9 7
0 2 20
23 4 28
12 14 30
0 3 30
4 7 22
2 5 29
1 3 24
5 7 3
3 8 5
15 20 2
10 11 18
6 8 4
3 5 27
13 16 17
0 4 5
22 0 11
3 7 7
9 13 17
1 2 11
21 23 20
0 2 24
13 16 10
13 16 11
2 5 12
23 2 24
20 22 27
17 21 4
0 3 32
1 5 10
20 23 28
2 6 16
15 16 18
6 9 17
9 13 7
13 16 28
2 4 31
4 7 31
2 2 12
1 5 4
20 23 31
3 6 27
16 19 33
4 9 21
1 3 23
21 23 2
3 4 33
9 11 6
4 8 22
8 13 5
20 22 15
20 0 31
5 8 32
23 3 20
2 5 16
21 23 2
15 18 24
22 3 24
22 3 30
17 21 3
13 17 12
10 12 21
16 19 4
19 21 9
9 11 5
21 0 9
5 8 22
2 3 1
8 11 16
9 11 8
13 17 15
7 10 24
0 0 15
8 11 10
16 18 26
22 3 24
21 23 14
13 16 29
2 4 18
18 20 17
19 21 25
20 21 34
19 23 9
12 13 24
1 5 22
0 3 20
10 13 18
20 0 7
19 22 29
18 21 26
12 17 27
16 18 6
5 9 12
15 17 32
7 10 22
3 5 18
1 2 9
11 12 33
14 18 9
2 4 1
20 23 16
0 4 19
12 14 31
5 8 25
18 22 30
5 8 9
8 11 29
13 18 30
6 8 34
10 14 21
15 15 10
15 19 3
12 14 20
5 7 14
14 19 10
22 0 26
14 17 24
3 7 28
9 12 28
5 9 8
17 19 25
20 22 13
16 21 23
16 17 22
23 0 9
6 11 8
21 22 30
16 18 21
21 1 34
7 10 34
9 10 1
13 15 15
16 18 15
19 20 28
13 14 34
16 20 6
11 14 13
4 8 25
15 19 16
10 13 25
13 17 9
7 9 2
18 20 9
16 18 19
6 10 21
0 2 3
4 6 4
8 9 26
3 6 8
21 23 19
2 5 11
14 17 4
5 8 3
14 18 11
0 2 8
6 9 9
22 3 15
20 21 14
4 7 7
7 10 33
1 5 21
15 19 6
20 21 4
6 8 6
5 7 16
18 21 21
13 15 3
10 13 2
12 16 1
20 23 25
6 10 31
6 10 11
10 13 31
6 12 3
17 19 15
5 9 25
17 19 1
22 2 33
13 16 15
6 10 23
2 4 23
12 14 26
12 13 29
7 9 18
22 1 9
10 14 4
9 13 5
22 0 17
7 8 2
20 23 20
5 8 24
19 0 26
8 12 28
14 16 6
22 2 13
22 23 7
13 16 6
23 2 1
12 14 23
7 10 1
13 14 31
16 18 29
18 21 32
12 15 32
20 23 21
18 21 18
20 23 33
6 9 18
21 0 30
20 0 15
9 12 33
0 4 15
11 14 16
17 21 8
12 14 2
14 17 1
18 21 14
21 1 25
20 23 23
12 14 3
0 4 30
0 4 12
17 21 22
21 22 11
9 12 13
7 10 16
3 6 29
15 19 11
12 15 2
10 12 14
13 15 25
11 14 3
11 13 17
20 0 7
0 3 32
13 15 22
5 9 10
10 13 25
7 11 1
0 3 28
16 19 33
12 14 20
19 22 28
18 20 8
19 21 22
1 2 16
14 18 31
3 6 23
8 11 8
9 13 6
9 10 14
9 14 30
13 16 5
17 19 30
8 12 32
7 11 8
15 19 15
2 5 32
3 5 2
20 0 26
21 0 7
6 10 19
7 9 15
3 5 23
6 9 1
3 5 27
8 11 24
21 1 3
9 12 30
10 14 29
23 3 19
6 10 28
11 15 27
3 6 18
12 18 3
7 10 1
23 1 28
7 10 1
21 23 1
13 16 8
6 13 8
22 1 17
9 13 1
11 14 33
23 1 31
11 14 7
12 14 17
14 19 8
21 22 33
18 20 4
2 6 21
21 1 18
4 8 27
18 20 23
19 22 15
14 17 32
7 8 18
11 14 33
7 11 22
21 0 7
10 13 5
3 7 15
7 9 19
23 1 31
19 23 14
20 23 17
16 20 34
16 20 23
23 4 8
18 21 17
20 22 32
6 9 29
19 23 15
2 4 6
20 0 9
22 1 13
10 14 8
17 19 32
17 19 2
9 13 23
0 2 1
3 6 4
16 17 26
2 5 24
18 20 19
19 21 15
8 12 11
13 18 5
7 10 29
20 0 27
1 4 12
0 -1 13
21 23 33
23 1 10
0 3 4
15 19 11
15 19 25
21 0 32
16 18 34
18 21 31
10 12 23
11 15 19
4 6 13
21 0 9
5 9 5
18 22 31
15 18 22
17 20 16
11 14 19
0 3 23
3 6 10
12 15 27
22 3 32
18 22 14
19 22 4
7 9 11
11 13 8
17 20 33
6 9 30
12 15 10
14 19 22
13 15 6
4 6 20
19 22 16
7 12 26
18 20 29
23 1 28
15 18 34
4 8 15
8 11 19
8 11 19
1 2 1
18 22 11
7 11 27
16 17 2
10 13 32
10 13 17
1 5 17
22 23 20
9 12 11
17 19 8
21 0 11
9 11 13
19 22 18
12 17 24
19 19 27
5 7 5
19 21 26
9 13 26
15 17 30
11 13 32
5 10 11
18 22 3
5 8 19
22 23 34
4 7 25
8 11 31
23 1 14
16 20 15
18 20 19
7 11 33
19 0 26
12 15 29
5 8 10
23 1 15
7 12 32
4 6 30
6 10 6
14 16 27
16 18 26
19 22 21
8 10 5
5 8 30
16 20 28
23 0 22
19 23 26
17 21 8
14 19 21
5 7 9
16 18 34
8 11 31
7 10 2
12 16 28
4 7 32
18 20 3
6 9 9
19 21 17
16 20 23
8 12 10
5 7 28
19 21 11
23 2 14
19 22 14
13 15 9
22 0 4
18 21 25
18 20 14
20 23 25
5 7 27
18 22 19
7 10 25
3 6 22
1 4 14
12 15 10
8 10 2
1 4 26
13 16 19
0 4 17
5 7 30
23 3 30
12 15 24
15 18 25
23 2 29
7 10 6
8 11 10
22 3 27
20 22 32
11 13 5
13 17 15
18 21 20
3 4 4
1 3 6
17 20 5
3 4 20
17 20 24
0 3 22
11 14 17
7 10 9
15 18 3
19 23 19
12 14 28
15 19 25
6 8 20
0 2 30
2 4 25
23 3 10
1 5 3
0 4 32
20 21 4
15 17 32
5 8 31
22 0 10
11 11 23
8 11 6
22 0 9
16 17 31
14 16 18
5 10 5
10 14 33
20 0 23
14 17 27
8 9 6
10 12 29
7 10 10
3 5 6
14 19 3
2 5 3
14 17 12
5 7 3
19 21 30
0 3 3
5 6 2
20 23 25
9 12 10
2 4 32
12 16 15
6 11 6
11 14 13
9 14 18
1 6 10
15 19 6
16 18 17
7 12 24
6 9 16
17 19 32
16 19 4
10 13 26
19 22 20
23 3 2
10 12 3
18 22 27
9 11 33
11 15 32
23 2 31
13 17 34
9 11 9
22 2 5
15 19 17
4 5 17
17 20 34
21 0 27
4 8 18
9 11 21
8 11 29
6 9 28
19 22 15
2 4 24
7 8 33
3 6 2
10 11 2
1 3 33
17 20 34
23 3 31
8 10 17
18 21 11
22 2 12
4 7 8
23 3 5
13 17 17
15 20 16
23 2 9
0 2 17
9 13 29
20 0 34
15 17 31
9 12 34
20 23 13
17 21 33
5 8 5
21 23 28
1 4 28
12 14 19
21 23 31
4 6 13
1 5 4
21 0 3
6 10 34
2 5 23
1 5 1
7 10 3
12 15 33
18 21 18
7 8 32
4 8 28
19 23 9
5 10 22
14 16 12
4 7 27
4 7 34
21 0 5
18 22 10
3 6 21
15 16 2
2 5 31
11 15 3
15 21 26
2 6 20
19 21 14
18 19 5
11 14 13
5 9 30
16 18 23
4 8 7
8 10 32
5 9 9
0 4 14
21 1 34
0 4 19
1 3 17
14 18 30
16 20 11
8 12 16
6 9 2
22 0 5
13 15 19
20 23 34
4 7 23
22 1 19
14 18 17
7 11 17
8 12 26
9 11 15
20 0 26
22 0 34
21 0 8
6 10 6
4 7 10
23 2 29
15 17 23
4 6 5
20 23 9
15 18 30
3 5 2
6 8 12
3 8 14
23 2 6
11 13 19
12 16 17
18 22 25
14 17 25
17 20 15
5 7 9
18 21 18
15 19 32
22 23 31
5 6 30
7 10 7
15 17 29
21 23 33
8 11 11
3 6 10
11 13 29
11 13 28
17 20 7
21 1 26
14 17 16
11 13 9
8 10 10
4 8 4
20 23 2
2 7 23
20 22 34
22 3 11
9 11 25
6 8 4
23 3 25
12 16 31
8 9 33
13 16 33
3 5 2
9 12 4
7 10 5
19 22 13
14 16 28
8 10 14
13 17 25
7 13 33
18 21 7
16 20 25
23 2 20
3 5 33
22 2 15
1 5 22
17 19 21
13 16 10
3 7 19
0 2 34
12 15 18
12 15 19
2 6 1
2 4 15
3 5 4
21 1 10
18 21 5
12 14 15
17 22 29
14 16 7
23 2 6
6 9 23
11 14 31
15 19 2
7 10 6
7 10 31
16 19 34
9 12 31
7 10 29
9 11 33
15 18 1
9 11 16
9 13 34
3 6 21
4 8 4
16 19 27
9 13 6
4 7 7
10 14 18
18 20 8
2 5 22
22 0 8
8 12 16
19 22 29
11 12 11
19 23 6
10 11 8
17 19 18
14 18 14
14 18 25
22 1 26
1 5 10
10 13 25
20 22 8
14 17 13
4 9 22
21 1 22
22 1 15
1 4 23
18 19 2
19 23 16
3 6 24
21 0 10
15 20 8
11 14 21
12 13 24
19 23 33
18 20 4
5 8 29
0 4 22
22 1 13
15 17 19
6 9 16
1 6 8
4 7 16
13 15 1
20 0 9
7 11 26
8 11 28
15 19 23
12 14 34
10 15 14
12 16 6
21 0 9
6 10 1
12 16 27
21 23 10
11 16 2
21 23 5
19 21 26
13 17 33
15 19 1
2 4 31
11 14 23
8 11 9
12 15 1
14 18 25
11 14 32
22 0 18
0 3 26
16 18 34
1 4 32
0 4 22
4 6 31
6 9 16
22 1 33
3 5 3
14 16 1
5 7 28
19 22 18
23 3 23
9 12 21
7 9 26
0 5 24
16 19 29
19 23 2
12 13 2
19 22 25
13 16 18
5 8 34
12 14 27
8 12 8
14 17 32
2 5 29
0 1 9
16 19 13
12 14 1
19 22 30
11 16 29
20 0 33
6 8 21
23 3 23
16 18 12
12 15 29
20 23 8
0 2 16
4 6 5
3 8 2
5 8 27
9 13 26
21 0 2
4 7 15
5 8 19
0 3 29
3 5 25
23 3 22
18 22 1
9 12 25
4 6 21
6 11 29
4 8 26
12 14 33
7 10 10
10 12 22
21 23 22
23 1 5
12 14 14
4 8 12
9 11 32
17 20 20
9 13 24
20 23 19
13 17 22
17 22 15
12 16 24
1 4 16
9 13 16
10 12 3
4 7 27
14 16 2
17 21 21
10 14 11
3 6 29
8 12 13
8 12 20
1 3 12
8 11 27
2 6 7
4 6 18
11 14 11
13 16 32
13 16 26
13 15 2
10 12 1
23 2 34
12 15 1
4 8 16
23 1 12
8 12 28
15 20 16
9 11 18
8 11 16
5 9 30
14 16 30
13 15 31
14 16 31
0 2 28
11 14 31
20 22 2
12 12 31
21 0 20
4 7 21
18 21 8
10 15 11
20 23 1
12 14 26
1 4 14
17 18 31
9 14 5
11 11 19
6 8 1
7 10 19
0 3 22
0 4 26
8 11 4
23 3 22
8 11 12
20 21 14
17 19 31
2 5 9
2 5 20
8 10 29
22 0 8
11 14 26
2 4 2
0 4 26
3 6 28
4 7 26
11 15 19
11 14 11
18 20 20
19 21 18
4 7 8
8 11 16
2 5 17
11 15 31
2 4 11
15 18 20
2 5 8
17 21 26
14 16 22
21 2 20
21 23 19
5 9 28
20 0 31
12 14 25
20 22 25
21 0 9
3 7 29
20 0 27
11 16 18
19 22 22
4 7 3
13 16 18
3 8 12
1 4 24
16 20 11
22 0 23
12 15 25
20 23 18
19 23 3
7 12 22
16 20 18
21 0 34
4 7 28
1 3 9
15 19 14
10 12 25
22 1 15
6 11 13
7 10 13
21 0 3
14 17 22
11 14 22
7 11 1
20 22 10
20 0 33
3 6 3
2 6 16
12 15 26
8 12 4
19 20 33
11 12 29
5 7 2
23 2 30
15 17 24
5 7 5
3 6 19
12 15 33
8 11 18
21 0 14
21 1 24
4 7 30
12 14 8
5 9 4
15 19 9
12 16 25
7 11 11
11 14 2
3 5 14
7 10 22
13 15 13
2 5 27
12 15 32
21 23 11
9 12 33
19 23 6
23 1 15
14 15 5
19 22 27
20 22 12
10 12 13
6 10 21
13 15 1
14 16 27
14 17 6
23 1 25
3 7 15
14 16 25
8 9 3
5 8 19
21 0 20
3 6 13
6 9 16
10 13 20
20 23 28
9 12 33
17 19 19
14 16 31
11 13 24
14 18 9
9 13 9
8 11 30
18 19 8
11 15 34
13 17 1
3 5 13
16 18 23
17 20 17
20 22 29
12 15 15
4 6 16
18 21 11
8 12 29
22 1 31
18 19 2
11 13 24
21 23 4
18 21 13
2 4 19
16 18 4
2 6 10
3 5 1
11 14 3
3 6 15
1 5 22
20 0 15
7 8 17
12 15 32
14 17 23
16 20 31
13 16 29
4 7 25
3 6 7
2 7 29
17 20 19
13 16 7
18 22 34
16 20 12
15 17 16
2 4 19
14 16 11
10 13 1
11 16 17
20 0 29
11 15 33
7 9 19
10 13 8
9 11 23
3 7 30
20 23 16
11 15 4
17 20 34
19 23 21
1 5 2
14 16 16
22 1 24
16 20 8
9 13 32
23 3 34
12 15 16
17 19 33
4 6 29
19 22 16
22 2 18
4 8 29
6 9 21
0 3 19
12 15 3
17 20 5
0 4 10
6 9 33
15 20 3
13 15 9
20 23 20
19 22 16
23 1 19
8 12 11
7 11 9
15 18 31
15 17 1
12 14 3
2 5 21
4 7 5
15 19 8
18 21 15
6 9 11
2 7 8
1 4 16
22 2 32
21 1 34
20 23 28
0 3 24
12 14 27
20 0 26
17 20 27
20 0 13
21 22 11
21 0 24
16 18 29
18 21 30
4 9 8
22 1 32
21 23 33
8 13 3
4 7 12
15 17 7
10 12 4
6 10 23
17 19 5
15 17 9
22 2 6
6 9 10
18 20 21
0 1 16
8 9 6
2 3 20
23 2 7
13 17 18
6 10 18
15 20 28
3 6 12
21 1 21
17 19 25
0 2 9
22 23 13
20 0 16
20 0 20
9 12 24
9 12 24
13 17 12
3 7 28
9 12 21
10 12 6
13 16 5
20 23 13
11 12 12
4 8 12
0 3 7
19 22 6
11 13 23
4 8 2
19 23 2
6 9 24
8 11 10
13 15 13
18 21 33
0 2 33
12 14 30
10 12 23
23 2 28
1 5 10
22 1 15
21 0 34
2 5 10
12 15 29
23 1 30
1 5 21
12 16 11
19 22 3
21 0 24
11 16 20
22 2 30
21 23 23
1 3 24
22 1 24
10 14 21
4 7 12
1 4 21
23 3 26
15 19 11
5 8 10
16 18 8
4 6 29
6 8 28
9 10 15
15 19 5
21 23 12
18 23 4
9 13 30
11 15 6
6 9 29
16 19 2
2 4 32
12 17 3
8 10 26
1 4 18
8 11 8
8 12 20
23 2 9
13 16 28
17 21 27
23 1 26
15 17 30
10 14 33
6 9 7
19 22 7
11 14 8
16 19 1
10 13 26
1 4 23
17 20 34
19 22 8
5 8 20
14 17 22
17 18 34
23 3 20
7 12 14
14 16 14
15 18 5
7 10 24
12 16 32
16 20 22
22 2 24
10 12 25
20 1 3
10 13 29
16 21 8
22 3 4
10 13 7
17 20 31
20 21 7
18 22 17
16 21 6
7 12 18
9 12 17
13 15 33
12 13 24
5 6 24
0 3 12
17 20 30
13 15 12
0 3 20
11 13 11
5 8 14
22 3 31
19 22 23
12 14 14
9 13 5
17 20 29
22 1 7
22 1 8
21 23 32
3 6 4
1 4 19
7 10 28
10 12 25
15 17 21
20 0 22
19 23 4
11 14 25
2 5 24
17 22 3
11 13 4
18 21 12
1 3 31
3 5 34
18 21 23
14 18 12
20 0 30
13 16 22
8 10 26
2 6 29
20 0 28
19 23 12
22 0 1
8 10 4
23 2 22
7 8 29
8 10 27
16 20 10
18 23 16
1 4 5
22 1 12
20 23 5
7 10 26
15 18 27
6 8 3
17 21 7
13 16 23
9 12 5
8 12 12
3 5 11
4 8 28
13 16 7
4 6 19
5 8 30
12 13 11
21 0 27
22 2 24
19 21 30
8 9 16
0 3 13
22 1 3
18 22 18
2 4 27
13 16 28
9 12 3
10 12 12
4 6 25
14 17 23
20 0 31
17 21 5
15 19 3
5 7 26
15 16 1
22 1 30
2 5 29
10 13 28
9 12 10
21 0 22
1 2 27
8 10 6
12 16 32
13 15 20
23 2 10
17 19 10
0 3 20
2 4 26
8 10 19
4 6 15
22 1 16
15 18 11
1 4 5
3 7 31
6 10 29
17 21 29
23 0 14
15 19 4
5 7 24
21 0 2
8 11 25
21 0 25
19 21 3
10 11 21
17 20 14
1 3 5
2 5 27
12 16 18
7 10 11
20 22 17
17 20 19
10 13 17
4 9 23
14 17 17
19 22 14
3 6 1
22 3 21
21 23 13
8 10 33
14 17 22
7 11 31
12 15 3
5 6 7
5 8 21
16 19 23
4 7 23
14 18 33
20 22 1
23 4 22
23 1 16
20 0 8
8 12 22
11 14 30
5 7 5
11 12 11
6 10 6
22 3 1
9 12 10
22 1 27
23 3 3
0 3 1
8 12 10
23 1 24
7 9 15
8 13 19
16 19 18
18 20 3
9 13 26
13 16 2
22 0 1
21 1 4
0 4 14
1 3 24
20 22 20
8 12 25
13 17 28
22 23 9
1 3 22
1 6 12
23 1 25
19 21 32
17 21 17
9 12 22
0 2 10
10 12 23
23 2 7
3 6 6
1 3 31
11 14 7
14 18 19
0 2 15
19 21 9
10 13 23
4 8 5
10 12 9
22 1 14
12 14 28
7 9 28
16 18 27
11 12 32
8 12 4
17 20 34
15 18 20
18 20 29
10 13 15
11 14 24
8 10 9
20 0 27
21 23 26
12 15 34
21 2 18
8 11 26
16 19 15
16 19 8
1 4 24
3 5 3
13 16 10
16 22 16
18 22 21
6 9 17
0 4 27
12 14 2
9 11 12
2 6 31
8 13 14
16 18 19
0 2 17
22 2 30
7 11 7
15 19 19
7 11 8
23 3 33
16 19 16
14 17 18
7 10 10
16 20 31
3 8 23
2 4 27
23 2 31
21 1 9
8 11 7
19 23 18
17 20 22
18 21 17
6 8 6
15 18 1
10 14 4
3 6 20
0 2 11
6 9 22
16 18 13
8 11 28
20 1 10
0 2 24
11 14 18
0 2 24
22 2 27
1 4 33
18 22 5
23 3 19
8 12 25
2 6 8
9 12 26
1 3 17
15 19 14
22 1 17
4 7 31
13 15 3
11 14 33
20 2 9
17 21 2
2 5 14
5 9 12
10 14 4
8 9 34
15 20 8
0 3 17
8 11 4
5 9 5
20 23 11
4 7 10
2 5 31
1 4 14
20 0 16
18 20 14
13 16 15
5 10 19
23 2 10
15 18 15
5 7 3
13 16 24
4 5 25
20 22 33
3 7 6
1 4 31
5 8 9
4 7 20
19 22 22
22 1 24
9 13 13
12 14 16
1 4 10
20 0 3
22 2 34
19 21 32
1 4 34
15 19 31
7 12 31
11 13 7
22 1 6
17 20 26
2 3 32
8 11 13
15 17 24
9 12 17
4 9 29
4 8 8
15 21 25
8 11 25
17 23 10
12 14 15
23 2 29
8 12 23
18 20 24
2 6 22
6 9 24
23 2 10
5 7 34
20 1 19
19 0 31
17 22 32
6 11 13
18 22 5
11 14 15
8 10 21
7 12 16
20 22 8
2 4 23
8 13 13
11 12 28
2 4 15
9 14 11
9 12 4
23 2 34
15 18 13
3 7 28
1 4 33
4 8 32
3 7 33
3 7 14
20 23 17
3 6 27
8 12 33
18 20 24
12 14 28
18 19 16
9 11 17
20 23 20
18 19 20
19 22 25
1 5 26
6 7 23
16 19 26
1 4 24
2 4 3
8 11 33
10 11 10
5 8 19
20 22 7
20 22 26
4 8 8
8 12 1
14 18 25
6 10 32
6 10 11
21 1 19
15 19 20
13 17 27
5 7 9
1 3 34
20 22 2
21 2 14
20 23 30
2 6 28
10 13 21
8 11 6
4 7 8
3 6 3
6 9 4
20 23 14
21 23 15
6 10 21
9 13 3
2 5 32
10 13 14
22 1 1
1 6 15
16 20 20
5 9 1
15 18 25
13 17 31
9 13 6
4 6 3
7 10 14
14 18 1
18 21 27
16 20 13
12 16 7
16 20 19
0 3 25
11 13 12
13 16 14
3 7 22
8 10 27
10 13 11
11 12 30
1 4 17
2 5 24
10 12 17
1 5 13
19 23 5
21 23 15
0 3 16
11 15 5
4 6 3
1 4 31
14 16 17
19 0 34
16 19 12
16 18 31
21 23 34
14 19 33
18 21 1
22 2 14
21 23 28
1 4 20
20 1 31
3 5 30
2 5 2
19 22 14
2 4 28
3 5 34
17 20 26
18 22 22
8 11 30
5 8 32
2 7 4
17 20 27
19 22 7
20 0 3
14 17 18
10 12 13
3 5 18
1 4 14
4 8 17
17 19 16
16 19 13
2 5 28
6 9 27
18 20 26
18 22 14
13 17 13
20 21 30
20 22 5
12 15 14
23 2 1
4 8 30
14 16 17
11 14 21
9 13 1
1 4 31
20 23 25
17 20 14
22 1 26
23 1 29
17 21 3
12 14 27
14 17 24
18 21 34
2 6 8
14 16 23
11 13 2
0 3 25
10 13 26
3 6 2
17 19 31
10 13 24
20 1 7
14 17 23
20 23 21
0 2 16
6 9 23
15 19 7
13 18 22
20 23 20
10 14 23
5 9 24
17 19 31
19 21 27
10 14 14
6 11 13
12 16 2
7 11 28
0 3 15
6 10 14
13 16 18
12 13 7
16 20 27
9 11 25
6 10 13
5 8 24
18 22 16
2 6 4
18 20 16
14 16 7
9 10 18
17 19 25
16 17 15
19 0 25
11 13 29
2 7 13
12 15 1
21 1 29
13 15 25
21 0 34
1 5 7
19 23 14
20 1 24
2 6 17
2 4 8
17 20 16
12 15 20
14 17 5
21 0 28
16 17 17
0 4 17
18 21 12
20 23 2
8 10 21
0 3 4
16 20 7
12 15 20
22 23 32
16 20 15
7 12 3
3 6 16
20 23 30
20 22 8
7 10 3
15 17 32
3 5 32
22 2 17
1 4 32
9 12 28
21 0 12
18 21 33
11 14 3
4 8 19
9 12 34
11 15 32
9 12 11
18 22 18
22 2 5
15 17 26
0 2 23
3 5 17
12 14 16
4 7 15
3 6 2
19 22 21
6 8 19
15 18 13
22 1 19
19 22 12
21 0 34
12 14 3
10 13 2
18 21 5
9 12 21
6 10 19
9 11 12
10 13 22
10 12 20
1 2 22
23 4 3
6 8 33
20 23 4
15 17 12
9 12 24
4 6 9
5 10 27
10 13 20
1 4 26
19 22 22
5 8 1
18 21 10
19 19 12
22 23 5
18 21 20
20 0 11
12 15 27
3 6 26
0 2 12
9 11 4
13 16 28
5 8 10
0 3 34
10 12 2
16 20 15
17 21 7
1 3 4
2 5 21
8 11 6
16 17 7
0 3 11
17 20 2
17 22 34
12 15 2
20 21 19
21 23 19
0 1 30
18 23 30
6 10 32
21 1 33
21 0 34
0 2 19
0 4 19
22 1 8
23 2 31
13 18 8
17 20 34
8 11 5
14 18 11
20 22 11
15 18 4
15 18 11
7 11 23
1 4 6
13 16 9
16 22 13
7 11 30
10 14 23
10 11 22
3 6 31
23 3 15
3 6 7
0 3 21
1 5 24
17 19 29
11 14 27
23 3 21
1 2 12
10 12 8
7 12 2
16 19 24
0 2 3
15 19 1
17 20 3
3 7 12
13 18 17
8 9 6
4 7 23
9 13 31
6 8 19
18 20 10
4 5 3
12 16 15
2 6 14
11 13 22
21 0 12
0 1 7
13 17 11
3 6 17
18 22 18
8 11 11
5 9 15
20 0 8
21 0 21
11 13 9
5 7 4
6 9 5
23 1 25
11 14 28
23 3 3
11 15 4
2 4 21
8 13 30
19 21 8
0 4 24
22 1 23
11 15 9
20 0 23
17 20 25
6 7 7
11 14 16
1 4 32
1 4 8
7 9 10
1 3 14
8 12 25
10 12 1
19 22 12
1 5 16
3 7 33
21 0 22
18 20 34
7 10 6
12 16 19
4 6 33
5 9 33
3 5 29
23 3 11
21 0 9
4 7 27
18 21 11
16 21 14
23 2 33
7 11 15
14 17 6
2 6 26
7 9 27
23 3 19
19 23 17
16 18 1
16 19 20
8 11 18
2 6 17
17 22 12
13 17 17
22 1 3
12 15 5
21 23 6
15 19 19
7 10 2
16 21 13
8 12 5
6 10 4
11 13 13
15 18 26
2 6 5
15 18 18
6 10 26
4 8 4
23 2 33
13 15 28
0 3 15
22 2 23
4 6 16
20 0 2
13 16 34
8 11 14
21 0 31
11 14 13
18 20 10
7 11 25
9 12 15
16 19 25
18 21 29
6 8 19
20 0 6
6 10 28
6 9 15
23 1 6
10 12 25
16 18 1
9 13 12
17 19 1
17 18 19
23 3 12
0 3 31
20 0 8
7 9 25
16 18 29
19 22 10
13 18 18
21 0 1
10 12 28
12 16 20
15 19 11
4 8 20
8 10 21
12 14 27
16 20 2
12 15 9
5 8 12
0 4 5
5 9 30
13 16 29
7 10 28
17 19 11
14 17 15
18 21 30
0 4 14
15 19 13
14 17 14
14 17 16
15 20 32
17 20 17
16 18 10
2 4 4
4 7 16
12 16 16
16 19 16
11 14 2
16 20 25
21 1 17
13 16 20
2 3 27
8 10 21
19 21 2
21 0 30
17 21 19
6 9 3
16 19 4
9 13 11
10 11 17
9 12 28
10 14 30
21 0 9
10 13 25
18 20 10
19 20 15
18 19 23
8 11 17
12 15 21
5 8 18
0 4 25
13 16 6
22 2 21
1 5 18
17 20 28
21 23 4
5 8 3
17 21 11
22 0 30
17 21 18
9 12 10
15 19 11
13 16 8
10 15 13
6 9 31
6 10 31
11 15 32
2 5 26
21 23 16
10 12 10
22 3 10
20 23 24
2 5 8
19 20 24
8 13 15
11 14 27
11 12 5
5 10 12
22 2 16
10 15 18
11 14 1
3 6 1
18 20 7
15 19 8
1 4 6
14 17 9
18 22 33
20 1 23
12 15 1
19 22 29
6 10 19
10 13 15
22 0 26
15 18 2
22 2 12
6 9 18
2 3 17
23 2 10
12 15 24
7 10 24
1 4 14
17 19 24
20 1 17
4 8 6
14 17 3
0 3 19
22 1 2
17 20 19
7 11 10
14 17 27
19 22 7
10 13 2
9 13 7
17 19 6
3 6 7
11 15 4
0 2 10
4 9 33
3 5 12
11 15 8
12 14 32
15 20 4
6 9 32
4 7 28
17 20 8
10 12 21
13 18 34
7 9 22
6 7 22
4 5 12
1 6 9
22 23 13
11 16 25
22 2 20
12 16 13
0 2 28
23 3 21
9 13 5
18 22 10
23 3 22
5 8 24
22 2 14
20 22 27
6 10 22
21 1 9
20 22 28
0 5 11
4 8 20
14 17 32
18 19 26
0 3 18
20 23 7
3 6 15
11 13 29
13 17 13
7 11 11
4 7 20
11 14 5
1 3 5
10 14 22
3 5 7
8 10 29
4 7 19
16 18 16
16 19 29
12 16 31
17 19 7
2 3 9
8 12 9
2 4 19
15 18 25
12 16 17
1 3 17
19 22 13
17 19 34
13 15 13
0 3 29
12 14 17
1 5 31
8 11 1
16 18 34
0 3 30
14 16 32
23 3 18
12 14 2
2 4 33
18 21 9
1 5 22
17 21 18
10 13 13
1 5 24
1 4 4
1 5 13
22 1 30
8 12 24
17 21 2
21 1 28
1 3 16
11 16 1
20 0 28
4 8 7
22 0 11
12 16 9
15 18 33
6 9 23
0 2 25
0 5 31
14 18 8
15 19 4
19 23 33
19 22 10
1 6 23
10 13 7
17 20 13
13 14 29
14 16 25
22 3 20
0 2 13
9 13 14
7 10 8
7 11 1
7 11 11
14 17 23
16 19 30
11 14 30
7 11 25
3 6 4
9 13 10
7 10 29
12 15 7
16 18 8
7 9 28
5 8 30
9 15 9
20 1 15
22 0 19
10 15 5
23 2 3
17 20 30
22 1 16
0 4 23
19 22 8
19 23 6
20 23 34
1 6 33
17 20 27
21 0 16
3 6 27
10 14 3
6 10 31
8 11 24
0 1 18
13 16 18
2 5 16
6 9 21
2 6 11
22 1 11
7 10 19
18 21 34
12 16 4
10 14 33
5 9 23
14 17 26
7 8 27
12 15 15
10 12 20
13 17 18
0 4 25
17 21 8
16 20 25
7 11 12
4 7 28
0 3 1
12 14 24
21 2 30
8 11 13
23 1 14
9 12 1
3 6 2
6 10 1
15 18 8
20 22 2
20 0 25
2 4 12
14 19 23
19 22 16
19 22 25
6 9 19
20 21 26
9 12 1
17 20 25
16 18 26
8 11 15
17 19 31
21 23 23
14 16 3
9 12 12
11 13 32
20 21 13
22 1 13
2 5 1
16 18 23
21 1 24
14 17 13
16 18 5
2 3 21
23 2 22
23 2 29
4 5 22
10 13 26
1 3 34
11 14 3
19 21 2
4 7 2
13 14 21
15 17 21
21 1 5
15 17 9
20 22 17
17 21 12
20 23 33
21 23 2
20 0 27
0 3 12
5 10 12
4 7 26
2 7 26
5 9 6
20 22 26
21 1 25
8 9 2
5 8 16
18 22 29
22 0 15
7 9 6
8 11 21
10 12 26
10 15 16
13 16 26
5 8 14
6 10 14
4 7 19
21 0 25
5 7 7
14 17 33
21 23 33
8 12 2
4 6 22
18 22 1
12 16 1
17 19 30
10 13 12
18 20 24
9 12 13
8 11 3
22 2 7
13 15 30
22 0 9
6 10 13
17 19 7
1 4 10
14 17 29
6 10 13
7 10 8
23 3 27
19 22 12
9 12 27
13 16 31
5 9 15
22 1 22
6 9 28
7 11 19
3 8 30
7 11 26
21 0 20
15 19 32
16 19 9
1 4 31
11 14 15
7 11 33
10 13 27
17 21 18
16 18 25
1 4 26
23 1 1
10 12 34
2 5 3
4 7 15
4 7 29
16 18 34
6 8 32
13 15 7
21 0 27
5 10 32
1 4 18
0 4 14
1 3 23
6 8 4
13 15 31
7 9 3
22 23 6
14 18 29
12 16 24
8 11 30
12 15 33
13 15 5
12 13 24
18 21 6
0 2 31
16 18 13
20 21 2
8 12 6
15 20 13
10 14 30
8 11 4
0 2 5
11 12 13
23 3 7
9 12 30
11 13 3
10 14 30
22 4 10
7 9 2
6 9 2
11 14 5
22 0 24
23 2 21
15 18 6
9 12 25
21 0 19
15 17 32
10 13 22
10 13 25
7 10 14
2 5 26
7 11 20
15 17 3
0 2 2
13 16 23
7 9 24
1 5 11
19 21 16
22 1 19
1 4 28
3 7 5
10 13 21
6 10 33
21 1 28
4 9 17
13 16 21
6 10 18
1 3 4
15 17 5
1 3 14
3 5 1
22 1 27
21 23 28
2 7 7
19 20 28
8 10 28
16 18 15
8 9 7
13 17 15
4 7 7
0 3 7
6 9 32
11 14 9
14 17 22
18 23 14
22 0 19
22 3 3
4 6 32
4 8 8
15 18 26
7 11 34
6 8 30
1 4 13
21 0 18
1 3 1
7 9 4
8 10 20
3 5 14
21 1 32
10 14 33
2 6 16
10 13 22
19 22 29
17 20 31
14 18 19
2 4 7
16 18 7
9 12 26
14 19 26
17 20 28
9 12 17
4 8 15
12 16 32
5 10 28
2 5 10
6 9 22
17 17 12
4 8 24
3 5 4
20 22 5
1 3 12
15 18 9
1 4 15
4 5 7
18 23 16
21 1 10
17 20 29
11 13 13
11 14 28
18 22 18
17 21 30
5 8 18
6 8 28
21 0 13
6 9 24
7 12 32
2 5 22
13 17 21
12 15 9
5 9 6
21 1 34
23 4 13
1 5 21
23 3 1
15 17 4
4 6 22
17 18 12
4 8 34
2 4 1
19 21 23
10 14 28
2 6 1
21 2 15
3 5 25
19 23 14
18 22 11
15 17 11
4 7 12
0 3 16
13 16 29
13 18 17
1 4 3
3 6 16
2 5 13
21 1 7
21 0 26
20 0 19
19 22 14
6 7 4
6 9 16
22 1 7
10 14 16
17 19 27
10 12 3
14 17 31
19 22 14
18 21 16
19 22 15
22 23 18
9 11 5
21 0 28
4 7 28
21 0 20
19 21 2
17 20 33
12 16 5
21 0 7
8 12 5
13 15 1
9 14 11
18 21 9
0 3 19
18 20 34
14 17 13
16 19 20
9 12 5
18 21 13
14 17 19
3 6 26
11 14 6
16 19 10
18 22 21
4 9 22
9 12 11
22 2 20
23 1 12
4 7 9
7 10 5
14 17 2
0 4 27
2 6 20
14 18 14
19 22 8
20 0 8
22 0 34
9 11 30
18 19 32
18 20 32
12 16 25
19 23 9
0 2 20
9 13 27
20 1 21
11 16 30
9 13 34
11 13 19
8 12 3
10 13 30
10 14 3
