4000 42
7 20 23 12 37 4 25 33 1 20 21 27 36 10 12 7 37 18 4 8 37 13 33 26 30 19 27 26 2 15 32 17 20 10 25 15 12 19 42 34 16 36 
16 21 27
20 21 36
3 5 38
17 19 38
16 19 34
0 3 10
17 20 15
0 3 32
1 4 25
0 3 3
20 0 42
23 1 27
18 21 27
5 9 38
4 6 30
17 22 22
15 18 8
1 4 35
3 5 23
20 0 24
8 12 15
5 8 6
16 19 18
8 11 1
9 13 42
2 5 10
23 2 8
14 18 12
4 5 10
7 10 10
5 9 10
6 8 19
8 12 10
15 19 3
16 19 18
12 14 10
0 4 9
13 18 36
6 9 23
1 4 30
20 0 32
8 12 33
6 10 38
7 10 22
6 8 16
17 20 1
8 9 6
4 7 2
18 20 33
5 8 7
2 5 2
13 17 32
11 14 17
18 20 41
10 14 22
4 8 18
2 5 4
23 2 38
2 4 14
0 4 29
8 10 27
8 12 11
9 11 27
2 4 27
1 6 37
4 7 5
0 4 6
19 21 34
10 13 15
7 8 12
3 8 36
15 17 8
12 16 27
2 4 37
16 19 21
17 21 4
19 0 13
6 9 2
18 20 5
18 21 34
22 3 35
6 8 5
19 21 5
6 8 23
7 11 18
19 23 26
19 21 28
7 10 38
4 7 40
16 18 23
19 22 33
5 6 39
3 6 7
21 0 22
3 7 2
13 16 26
17 21 29
12 16 21
6 9 13
13 18 31
19 23 21
21 1 23
0 4 29
19 21 15
14 18 20
1 3 30
19 21 35
14 17 10
19 23 42
13 15 29
2 6 33
3 4 36
10 14 11
13 17 13
10 13 7
23 2 18
19 20 38
9 10 41
22 2 1
9 11 37
21 0 17
18 20 31
7 10 37
20 0 1
3 6 11
12 16 42
22 1 40
15 18 22
12 16 4
21 0 17
0 2 27
15 18 23
12 14 33
3 6 42
20 23 27
22 1 1
6 7 13
0 4 22
23 0 36
15 20 14
20 23 36
2 6 34
0 3 42
7 11 23
18 20 18
9 11 32
0 3 42
5 6 31
15 19 13
1 3 35
0 4 37
9 12 38
5 7 10
2 7 10
14 16 2
21 23 42
11 15 1
9 12 16
9 12 7
0 3 22
5 9 7
6 8 8
2 6 28
13 16 42
12 15 30
5 9 24
2 4 41
7 10 15
11 12 1
15 18 10
4 7 3
5 8 21
12 13 38
8 10 38
10 13 23
15 19 9
0 2 15
14 18 20
3 5 12
5 8 37
15 18 30
11 14 32
2 6 7
14 18 3
10 13 3
4 7 19
4 3 30
5 9 6
14 17 3
23 2 3
1 3 9
22 0 1
3 5 29
14 16 23
20 21 13
0 4 13
22 3 33
17 21 3
16 18 28
11 15 38
20 22 16
15 18 8
11 14 39
5 7 7
0 3 21
13 15 37
2 4 7
22 2 42
5 7 15
13 17 13
15 19 15
1 3 14
8 11 10
7 10 8
19 22 16
23 3 4
10 12 17
23 4 21
17 18 20
13 16 36
23 1 18
10 14 28
17 19 8
2 6 1
9 14 17
15 18 17
8 13 23
11 15 1
13 16 3
13 16 28
6 9 29
19 22 10
3 7 37
8 12 28
9 12 33
14 14 6
17 20 23
19 23 11
18 20 2
10 12 14
6 9 23
6 9 38
18 19 27
2 7 4
17 19 11
21 1 2
3 6 7
13 14 36
9 12 5
2 5 42
17 19 9
13 17 37
13 16 1
13 16 8
10 15 30
14 18 21
8 12 18
8 10 34
14 16 29
3 6 22
20 1 31
5 7 32
6 9 41
7 11 16
2 6 29
20 0 15
10 12 5
13 15 5
1 4 6
4 8 2
18 21 33
9 15 14
23 1 5
7 10 31
5 10 26
9 12 23
19 20 4
22 1 11
1 2 33
22 1 20
7 9 25
12 14 29
8 13 12
18 19 22
22 2 21
23 2 41
5 9 19
8 11 1
3 6 42
20 23 2
22 1 28
10 13 11
21 0 21
2 4 32
10 12 42
0 2 26
22 2 19
9 13 20
17 20 39
0 3 11
8 12 38
13 16 41
10 12 39
22 23 30
6 8 29
12 15 40
10 13 12
0 3 41
15 16 1
5 8 33
8 12 21
3 7 7
22 1 39
21 0 11
8 9 27
17 20 25
17 20 6
10 13 35
21 1 22
20 0 41
9 12 11
17 20 20
5 7 11
0 4 41
15 17 26
5 9 16
5 9 7
10 15 10
15 19 33
14 19 11
14 17 25
3 6 21
9 12 35
2 5 1
0 3 12
23 2 16
15 18 20
8 10 32
9 13 29
16 20 1
21 0 34
1 2 38
0 2 2
20 22 36
19 21 5
0 3 27
1 5 31
8 13 13
11 14 25
18 20 18
5 8 17
1 3 20
23 2 41
2 4 39
6 10 5
5 8 21
3 6 24
7 9 35
19 22 15
22 0 13
2 6 34
9 14 26
4 7 33
11 15 9
4 5 42
17 20 31
9 12 22
14 17 21
7 9 16
6 8 17
5 8 41
18 20 28
5 8 3
11 13 2
11 14 31
19 22 23
23 4 10
4 8 15
12 15 10
3 6 2
9 11 20
8 11 21
14 16 33
10 12 5
8 12 39
10 14 13
6 7 9
1 3 2
9 12 3
9 12 33
23 1 11
5 7 35
4 8 10
21 1 37
14 18 30
12 14 27
15 19 15
22 1 13
22 0 21
12 15 14
13 17 40
5 8 9
18 22 16
20 21 2
20 23 25
13 15 5
9 13 26
20 23 13
12 14 4
3 4 19
6 9 17
17 21 18
12 15 32
13 16 42
21 1 12
22 1 29
11 12 19
7 9 13
17 19 26
6 9 41
12 14 17
1 4 21
20 0 34
1 3 38
8 10 12
1 4 7
18 19 27
20 22 39
4 7 37
7 10 31
10 14 41
11 15 6
0 2 39
1 3 2
4 7 34
14 18 21
1 3 12
6 9 1
22 1 33
7 11 5
3 6 26
14 16 26
4 6 21
9 12 23
17 20 1
0 3 15
0 2 38
1 6 8
3 6 14
0 2 34
20 0 42
13 16 13
14 17 10
10 14 39
7 11 42
6 10 7
14 18 28
20 0 19
1 3 6
7 12 36
4 5 7
18 23 2
16 19 12
22 1 4
11 12 20
23 2 8
0 3 16
4 8 39
15 18 25
3 6 33
2 4 14
0 3 37
8 11 12
18 22 27
12 15 10
16 19 6
13 16 33
15 18 29
19 22 9
12 16 11
7 11 11
4 7 6
20 22 24
9 11 9
3 4 40
6 10 30
2 5 16
7 10 12
19 0 24
20 22 10
21 23 30
12 14 39
2 7 13
16 17 27
20 23 38
15 16 36
9 12 18
19 22 37
20 0 34
14 17 26
17 22 23
5 8 31
19 21 2
23 3 34
22 2 26
22 1 5
0 3 31
16 21 37
23 2 20
14 17 14
11 14 34
12 13 31
10 13 26
4 8 3
16 21 7
10 12 11
16 21 28
13 15 26
19 23 14
11 15 19
19 23 10
7 11 14
20 22 10
12 16 39
8 11 28
5 8 24
1 4 33
13 17 21
4 6 14
3 7 15
21 23 34
5 8 32
15 19 13
23 1 13
8 12 36
12 15 28
15 19 21
0 3 7
12 13 20
5 7 9
20 0 33
1 5 18
1 5 24
6 8 21
8 11 11
8 12 27
14 18 31
0 3 27
10 13 26
2 4 26
4 8 20
12 16 38
7 11 38
6 9 36
12 15 33
17 22 23
15 17 13
22 2 34
10 14 29
19 22 3
18 21 7
3 6 41
16 19 8
9 12 15
10 13 34
18 20 9
21 1 27
9 11 42
13 18 32
10 13 13
15 18 6
13 16 31
15 17 42
3 6 3
6 9 1
5 7 1
11 14 14
5 8 27
20 0 30
1 6 42
8 12 29
10 12 23
1 3 26
12 15 12
20 23 4
9 13 40
3 6 38
22 2 30
20 23 6
13 14 9
21 2 27
1 3 11
5 8 40
12 15 38
7 9 4
3 5 42
18 21 21
5 8 3
0 4 9
1 4 23
10 14 34
15 16 11
15 18 37
6 10 36
16 20 20
15 17 40
10 14 20
5 10 22
3 6 33
9 13 25
7 12 37
12 16 30
18 22 5
11 13 25
10 12 24
4 6 17
21 0 27
9 12 18
5 7 12
4 7 20
7 10 13
21 0 32
0 3 16
8 12 41
0 2 27
10 11 3
19 22 39
0 3 10
23 4 19
13 16 9
20 23 15
2 4 13
22 0 36
9 13 19
17 20 29
10 14 34
0 1 26
5 7 8
16 17 15
18 19 22
11 14 19
18 23 29
4 7 14
7 10 35
13 16 22
9 14 31
12 14 18
20 23 23
15 20 10
3 7 29
13 16 28
6 8 31
11 15 6
22 1 11
7 11 37
7 8 38
18 22 19
1 4 30
21 22 42
21 0 7
2 5 23
16 20 4
6 10 41
13 14 9
7 10 11
0 4 22
6 10 8
23 2 24
3 5 33
2 4 38
4 6 14
7 9 34
11 15 16
9 12 12
12 16 15
7 9 7
5 9 15
2 5 19
20 22 18
1 4 9
2 4 7
10 14 31
18 22 28
20 0 25
2 6 19
8 10 15
1 4 41
5 9 4
20 22 25
23 2 34
21 0 17
3 7 11
5 7 10
18 20 18
16 20 37
6 10 22
4 7 32
16 19 15
9 12 2
15 20 26
13 15 16
3 4 22
12 16 42
13 16 28
15 17 23
22 1 22
18 20 32
1 6 20
1 4 12
16 18 25
18 20 29
9 12 23
8 12 12
22 1 13
14 18 24
17 21 7
1 5 24
19 22 30
20 22 32
20 23 2
3 6 25
19 21 7
9 11 5
21 1 6
16 18 11
23 0 32
20 0 10
22 0 33
18 23 36
5 6 39
14 17 38
14 16 28
5 10 27
16 20 18
23 2 38
15 15 34
21 1 29
4 7 37
4 8 23
0 4 36
17 20 34
20 22 22
11 13 35
15 19 14
7 11 1
21 0 29
4 7 26
0 3 42
17 20 6
19 22 40
23 1 24
17 21 26
19 22 28
1 6 11
6 9 17
9 13 31
6 9 13
21 0 2
18 20 35
5 8 2
17 20 25
9 13 40
16 18 19
15 17 21
21 1 12
21 0 10
13 16 15
9 13 1
5 7 16
14 17 14
7 10 9
14 19 35
17 21 14
18 20 16
9 12 24
3 9 37
7 12 10
0 3 3
22 1 11
21 0 16
6 10 10
22 0 38
22 1 24
8 10 13
18 22 41
18 23 17
4 9 39
14 17 15
18 22 9
12 14 15
0 3 28
7 8 15
12 16 22
13 15 26
12 14 26
4 8 7
4 7 20
13 15 34
5 7 19
6 9 31
19 23 11
5 9 41
2 6 9
5 9 39
1 5 30
10 14 8
6 10 30
17 20 31
12 16 7
11 16 31
13 17 33
17 20 7
19 22 23
4 6 13
21 0 33
12 16 22
21 0 2
18 22 38
10 14 16
12 15 11
22 1 7
9 11 24
3 6 19
7 10 40
10 11 36
13 17 15
22 2 24
7 10 30
3 6 38
23 3 28
12 16 40
2 5 38
21 0 17
20 23 24
14 18 39
12 15 10
0 4 30
2 6 37
3 7 3
21 2 34
3 7 18
20 0 3
4 8 18
12 15 8
14 18 1
21 1 23
16 19 26
6 11 11
7 10 25
2 5 8
19 20 6
7 10 1
23 3 23
15 19 26
19 21 29
21 0 8
13 18 15
12 16 4
17 20 2
14 15 9
13 18 2
23 2 26
22 1 11
14 17 29
2 5 23
21 2 13
6 8 40
21 0 2
13 17 36
0 2 35
4 5 26
4 7 24
3 6 17
14 18 6
11 14 12
2 3 19
7 11 26
12 14 42
16 19 21
10 12 33
20 23 3
0 4 39
13 16 8
6 8 34
0 3 39
8 11 21
11 13 35
21 1 29
5 7 15
8 11 27
18 22 40
17 22 8
23 23 41
8 10 39
3 6 5
17 19 15
12 15 38
6 10 8
17 21 32
21 23 6
8 11 28
5 7 35
8 11 24
12 15 10
20 22 30
14 17 5
1 5 7
0 3 38
18 23 20
11 15 41
20 22 24
15 17 7
2 5 26
14 17 5
16 18 25
16 21 25
11 14 35
4 7 17
22 3 23
13 16 34
23 1 16
22 1 19
7 9 12
18 21 37
2 5 31
3 6 6
20 22 12
23 2 7
1 4 39
11 16 7
21 1 22
1 4 32
9 11 36
22 2 5
4 9 23
6 8 1
19 23 15
5 9 28
20 21 41
12 14 13
6 10 9
9 12 1
10 13 19
6 9 37
8 11 18
2 4 28
11 15 4
9 12 18
0 4 12
13 16 5
4 5 29
9 13 11
3 5 16
10 12 36
8 12 14
4 6 13
14 16 14
23 3 25
3 5 7
3 7 27
0 4 29
0 3 40
16 20 6
15 19 19
23 3 5
11 14 30
6 7 7
18 20 2
12 14 23
18 22 41
11 14 7
9 12 27
0 3 28
2 4 8
12 16 15
11 14 33
4 7 17
18 20 34
0 4 4
11 14 10
7 9 33
22 2 16
7 11 13
15 16 29
3 6 13
13 15 2
5 8 36
4 7 7
4 8 37
23 2 10
14 18 30
11 14 31
2 4 36
15 17 15
15 18 39
11 14 7
0 4 24
14 17 1
9 14 25
1 3 23
4 5 7
22 1 39
1 3 22
18 21 12
21 0 16
22 2 38
21 22 14
18 21 7
3 6 20
2 4 18
4 8 37
14 18 4
16 20 32
23 4 15
14 17 14
11 14 7
2 5 9
11 15 17
0 2 7
11 13 1
17 22 27
13 18 14
1 5 2
19 21 4
23 2 6
4 8 29
10 12 25
1 4 30
8 11 37
5 7 31
6 8 30
3 5 36
21 2 36
2 5 2
20 21 3
22 1 19
17 20 5
4 7 7
14 19 25
15 19 41
16 20 8
12 13 10
12 15 10
22 1 31
4 7 31
4 7 40
22 2 40
22 2 22
9 11 16
13 16 27
2 6 37
5 8 38
1 4 9
19 21 37
13 17 24
1 5 7
10 15 35
17 20 9
10 12 40
7 10 28
5 9 7
7 12 42
11 13 3
0 1 41
11 15 10
8 13 12
10 14 30
11 13 16
0 3 6
15 20 14
17 20 8
22 23 8
0 3 28
16 19 36
9 13 3
2 6 6
14 19 29
3 5 35
11 14 42
10 11 4
22 1 34
12 17 29
8 11 24
13 16 36
3 5 9
21 0 18
14 19 36
0 4 26
18 21 39
16 20 32
16 19 38
16 19 27
5 9 5
9 10 4
15 17 8
12 16 35
6 10 18
16 18 23
5 8 12
8 11 11
7 9 13
5 7 22
22 1 19
16 18 30
4 7 1
12 15 21
15 17 10
19 23 25
10 13 8
13 16 2
3 6 20
0 5 42
15 19 17
3 5 3
9 12 41
10 14 15
8 10 3
12 15 29
11 15 8
14 17 34
18 20 21
15 18 20
11 15 29
17 20 15
5 8 1
7 10 23
6 9 15
15 18 15
7 10 35
14 17 29
17 19 12
3 5 7
3 8 16
7 10 18
21 0 35
12 14 36
7 11 27
12 16 14
2 6 24
2 5 36
7 11 38
16 19 2
9 12 39
18 21 37
22 1 29
9 11 30
4 6 32
22 3 18
0 2 41
0 4 20
2 5 3
15 19 42
16 20 42
15 16 10
12 16 15
4 7 18
7 9 33
15 18 41
2 6 35
4 8 6
18 23 17
23 2 33
15 17 38
5 7 3
4 8 23
13 15 39
10 13 38
5 9 27
23 2 24
10 14 9
1 4 7
1 5 7
17 20 36
2 4 9
22 23 35
14 19 41
4 7 16
6 9 20
2 5 34
15 17 40
13 17 37
12 14 21
19 22 38
15 16 24
12 15 28
14 17 14
23 3 6
16 19 28
17 19 15
21 22 19
21 0 18
10 12 11
12 16 6
23 1 35
2 5 6
5 6 27
18 19 4
21 0 3
16 20 3
15 19 17
17 18 9
3 6 33
21 0 30
15 19 20
16 18 26
22 0 39
7 9 4
9 13 27
10 13 5
1 4 42
15 19 5
19 22 35
22 1 7
21 23 5
18 22 40
17 20 8
14 16 2
18 21 5
9 13 39
21 0 13
4 8 14
5 7 36
5 10 14
3 6 22
2 5 14
5 8 21
18 22 28
17 21 37
5 6 23
16 19 26
0 2 20
21 1 10
23 2 38
0 3 7
19 23 14
9 13 13
8 12 13
3 5 34
11 13 24
16 18 31
18 22 33
10 13 36
22 1 14
1 5 30
9 11 11
16 21 33
21 1 12
7 11 28
20 23 41
6 9 2
21 1 11
10 12 27
21 1 19
7 9 25
5 9 39
23 1 35
12 16 15
12 16 23
8 9 1
21 23 3
6 9 9
10 15 27
13 17 21
3 4 28
16 19 34
17 19 22
18 23 23
22 1 2
18 21 38
23 1 14
4 6 19
16 19 15
16 19 31
8 10 39
13 17 7
5 5 40
14 16 34
10 13 12
0 2 22
1 3 16
3 7 6
3 5 13
23 3 7
20 0 19
20 23 8
21 0 34
22 0 5
20 0 15
9 11 29
17 20 20
13 17 42
1 6 30
10 13 14
2 6 31
9 11 9
5 9 30
2 3 36
5 8 39
18 20 4
18 21 15
8 13 39
8 12 13
3 7 1
13 15 10
21 0 20
17 21 20
17 20 40
11 14 35
9 12 21
19 23 33
10 12 17
17 20 27
9 11 22
2 5 8
20 1 9
1 1 14
23 1 5
22 1 9
1 3 4
16 19 2
8 10 6
17 19 31
5 9 18
11 15 4
2 5 31
18 21 27
6 11 35
0 2 17
14 16 35
11 14 12
20 0 20
2 7 22
11 14 15
4 8 36
0 3 29
4 6 25
10 13 28
10 12 23
0 2 41
20 0 40
1 4 18
5 8 27
22 1 2
21 0 32
5 8 9
11 14 18
6 8 6
5 9 23
4 10 41
0 3 33
14 19 6
18 21 41
17 22 7
21 23 15
20 23 37
2 4 38
9 13 26
6 9 5
2 5 26
15 17 4
17 21 32
14 15 31
1 2 35
12 15 28
18 22 31
5 8 10
14 17 36
7 11 22
0 4 5
13 17 35
14 17 40
13 18 4
7 9 3
6 9 8
14 18 41
7 10 42
12 13 37
7 11 7
13 18 1
6 8 34
1 4 30
23 2 11
21 1 35
3 6 11
6 8 30
3 4 8
12 15 6
10 13 23
2 5 30
14 18 11
23 3 15
11 14 29
20 0 21
18 20 30
3 6 15
1 3 33
1 3 7
10 12 20
0 3 21
0 3 33
21 2 32
4 7 33
8 11 3
7 10 22
18 23 18
14 17 38
18 23 39
21 0 13
13 17 16
6 8 38
0 4 6
11 16 26
16 22 38
22 2 21
17 19 16
3 5 10
15 17 35
14 17 12
5 7 37
15 18 10
17 21 29
22 0 23
23 2 19
20 22 26
17 19 13
7 10 5
2 4 19
3 7 5
5 9 16
5 8 12
11 13 26
21 0 4
1 4 3
17 18 18
23 2 24
11 15 42
15 16 27
3 6 38
10 13 25
1 3 13
20 0 35
14 17 36
6 10 29
9 12 7
0 2 6
18 21 7
10 14 11
17 20 9
17 21 6
9 11 3
11 15 32
23 3 16
18 21 16
6 9 38
6 7 37
17 18 14
15 19 34
17 20 42
9 13 24
9 11 27
2 6 20
23 1 22
12 16 28
7 10 15
4 7 12
10 11 40
1 4 35
6 10 9
22 3 18
4 8 3
19 23 34
22 0 16
3 7 41
13 17 4
15 18 14
15 18 40
11 14 19
15 16 21
11 14 8
18 22 38
4 7 41
19 22 23
16 17 35
12 15 21
2 4 32
16 19 19
11 13 6
23 3 6
9 12 37
6 9 26
2 4 20
6 9 24
2 7 5
13 14 13
7 10 17
9 12 21
23 2 34
20 23 40
20 23 5
3 6 12
14 16 41
5 8 26
17 22 21
13 15 12
7 10 39
23 3 16
10 13 20
1 4 6
5 9 33
3 6 10
11 15 24
8 10 37
4 8 6
22 1 25
15 18 37
20 23 15
5 7 41
12 12 28
3 8 10
4 6 24
10 14 18
6 10 32
12 16 17
5 8 40
8 10 20
15 19 2
8 12 1
16 18 14
4 4 31
1 3 29
20 23 33
22 1 40
5 7 8
5 9 2
14 16 5
4 7 25
9 12 22
10 13 36
2 5 32
20 22 26
3 6 17
4 8 16
13 17 8
21 0 5
13 17 30
21 23 4
1 4 22
22 0 38
3 6 19
14 17 41
8 12 25
4 7 31
1 4 41
20 22 34
5 8 14
5 8 33
23 5 7
17 21 8
7 11 16
14 16 24
12 12 39
16 18 6
14 16 5
7 9 32
12 15 37
5 9 37
19 21 31
17 19 36
8 12 24
21 0 4
5 8 39
21 23 11
22 2 36
19 22 7
17 21 7
13 15 36
7 12 13
4 8 5
22 3 37
16 19 9
16 18 28
16 20 41
23 3 27
11 16 7
12 16 32
18 21 4
12 15 2
11 15 27
22 2 24
22 1 38
9 14 37
3 6 13
19 0 41
9 11 3
9 11 7
1 4 22
4 8 29
13 17 8
5 7 18
11 13 35
6 8 21
11 15 22
14 17 20
13 15 33
13 15 11
4 9 9
15 17 4
2 5 30
22 1 9
15 17 39
20 23 7
5 9 24
20 23 35
15 18 20
16 20 3
4 6 14
4 7 18
16 19 20
18 21 34
21 0 34
16 19 4
5 8 8
0 2 12
18 20 34
11 14 20
0 3 33
19 21 4
15 19 17
4 7 21
1 3 14
12 16 24
1 5 11
6 10 16
20 21 35
12 15 10
7 12 33
12 17 41
3 7 6
5 7 14
5 8 13
17 19 29
5 9 28
12 13 42
7 10 36
16 20 10
9 12 27
17 21 26
17 22 16
3 7 16
13 17 18
18 22 2
21 23 37
2 7 28
20 23 4
21 2 41
1 4 39
1 4 31
14 16 17
19 21 21
1 5 36
13 16 36
13 16 35
9 13 4
1 3 26
23 4 30
16 19 3
12 16 8
22 2 40
3 6 19
1 3 34
18 21 34
13 15 34
16 18 19
18 20 11
23 3 18
16 20 13
23 2 32
8 10 4
15 19 22
0 3 14
0 3 25
15 18 5
11 14 14
3 6 15
17 21 6
21 0 21
17 20 19
19 23 10
19 22 24
6 9 24
18 22 32
6 7 20
10 13 15
14 18 40
8 12 34
8 11 40
17 20 21
1 5 33
8 10 35
23 1 24
3 6 26
18 22 19
6 8 14
19 23 30
8 9 20
18 20 8
4 8 21
22 23 23
12 16 22
6 10 38
13 17 11
17 21 14
19 21 40
21 23 4
15 18 6
0 3 11
9 15 36
4 8 39
23 2 39
5 7 19
4 6 10
16 20 16
8 12 3
17 20 4
4 5 17
9 12 32
16 18 13
11 16 15
12 13 26
16 20 40
23 2 36
1 5 24
18 21 38
2 5 32
16 18 6
18 22 4
15 18 3
22 1 27
15 18 17
12 14 24
12 15 30
19 22 40
19 23 13
7 10 5
22 2 40
11 13 24
12 15 34
3 6 29
10 14 37
3 6 4
12 14 15
16 21 26
1 4 15
3 5 10
1 3 8
18 19 1
4 8 16
19 21 38
11 12 10
3 5 36
23 2 8
20 0 39
14 16 26
3 4 4
14 18 10
8 12 15
8 9 34
16 18 42
10 13 17
5 9 37
23 2 22
7 10 15
2 4 1
18 19 29
11 15 20
19 21 23
15 18 6
19 22 9
10 13 14
6 9 22
23 1 1
10 14 14
11 15 21
15 19 21
22 1 17
10 13 4
17 22 30
17 19 19
0 1 4
0 4 2
18 21 11
8 11 41
12 14 18
2 6 11
20 22 7
23 3 39
13 14 12
15 18 8
2 3 23
9 13 10
1 3 30
1 3 34
18 23 14
19 22 19
13 16 33
13 14 26
10 13 31
1 4 10
18 20 2
1 4 2
16 19 33
16 19 19
0 4 28
7 10 30
0 3 3
4 7 42
0 4 24
21 22 34
4 7 25
20 22 25
14 16 21
2 7 10
11 14 13
16 18 41
10 13 3
19 23 30
1 4 31
5 7 21
19 20 9
4 5 40
17 18 32
16 20 19
20 21 32
21 0 1
16 19 32
3 6 35
23 3 21
22 2 13
4 7 22
1 4 34
10 12 26
15 16 14
15 18 8
16 20 10
20 0 15
17 21 1
10 14 26
16 18 31
9 12 18
5 8 16
2 4 18
23 1 6
7 11 17
21 22 28
8 12 9
4 7 9
10 13 14
23 0 19
5 7 22
21 23 2
9 12 26
14 17 37
14 16 34
19 20 12
2 5 30
21 1 17
4 8 21
18 22 5
21 0 22
20 21 6
21 23 6
22 2 42
19 21 40
8 11 26
9 12 32
17 18 6
23 4 5
2 5 20
14 19 22
21 0 38
19 22 42
8 12 4
2 3 1
12 14 38
2 6 14
4 8 2
18 22 10
11 14 19
15 19 39
1 3 11
15 17 37
19 22 34
18 22 38
14 17 30
23 0 2
10 14 38
11 14 14
23 1 1
22 3 40
19 23 29
4 7 28
0 1 4
15 17 2
16 19 33
2 7 13
15 17 35
13 17 38
5 9 40
14 18 26
3 7 30
13 15 32
16 20 5
12 14 7
4 9 40
15 18 31
16 20 42
13 14 12
23 3 1
11 13 38
1 3 15
5 7 5
21 23 9
17 19 20
16 18 26
3 5 9
7 11 16
3 6 24
5 8 39
18 23 33
22 2 40
6 9 20
5 9 36
23 2 19
3 6 34
11 14 1
15 18 26
13 18 17
1 4 35
23 0 30
7 11 10
4 6 24
3 5 19
22 1 18
11 14 2
23 1 4
20 23 20
14 18 39
10 13 18
17 20 18
4 5 40
16 19 7
12 14 1
21 0 42
22 2 6
4 7 17
20 23 21
18 20 10
18 22 30
7 8 6
19 21 2
20 22 42
13 16 24
8 11 17
5 9 19
4 7 28
0 2 35
18 21 8
16 19 31
6 9 33
0 2 5
14 17 33
6 11 42
19 23 22
21 0 14
2 4 39
16 19 20
19 21 24
18 20 30
3 6 11
15 18 40
12 15 40
3 5 11
9 13 26
17 20 39
20 22 32
14 17 20
12 14 20
6 9 28
3 6 38
9 13 14
2 7 39
18 22 19
12 15 10
13 16 41
5 9 2
8 10 19
5 8 20
23 2 20
22 2 5
7 10 16
11 13 26
19 21 33
19 22 2
17 19 39
6 8 25
9 12 6
12 16 38
16 19 38
18 22 5
7 10 28
6 8 5
2 6 13
23 2 33
14 17 37
15 18 6
0 2 3
5 9 31
23 2 34
5 8 21
16 18 7
16 20 11
6 9 21
19 20 7
9 12 35
11 14 41
20 21 12
8 10 4
5 7 38
18 21 26
8 11 34
8 13 5
10 13 12
4 6 13
7 10 6
11 13 13
0 4 19
22 1 1
20 0 18
17 19 6
12 15 16
5 8 17
1 3 40
22 2 23
8 11 23
8 9 1
10 12 36
2 6 24
11 15 12
23 1 20
2 4 10
20 23 38
13 15 10
23 4 16
21 23 1
11 15 10
6 7 27
10 13 40
23 1 39
17 20 28
23 3 25
2 5 34
20 23 8
23 2 23
12 15 21
8 9 34
9 14 20
7 10 11
20 23 19
20 23 21
0 2 32
0 3 15
10 14 21
16 19 2
5 9 27
23 1 19
22 2 32
11 13 4
7 10 34
6 9 20
17 19 40
14 18 30
8 10 32
11 15 15
7 9 40
4 7 30
3 5 19
0 5 16
4 7 17
3 8 36
6 7 27
5 7 1
18 21 39
17 19 19
17 20 12
4 8 41
19 20 4
2 5 21
1 3 17
21 1 31
15 17 41
10 13 20
1 3 4
8 11 18
15 18 1
10 12 28
16 19 15
6 8 24
9 11 23
17 20 1
12 14 15
14 17 11
3 6 32
23 3 39
11 16 5
1 2 31
6 8 34
15 19 41
21 0 11
1 4 8
18 22 24
5 8 33
6 9 35
2 5 7
2 5 21
18 21 32
23 2 16
17 21 23
10 13 15
9 13 28
14 16 1
22 2 31
2 7 3
19 21 34
0 2 36
7 10 34
23 1 42
22 2 22
13 16 41
14 19 24
10 12 3
1 4 2
22 1 35
3 6 19
23 1 30
0 3 32
17 20 15
10 15 31
17 19 22
19 22 10
19 22 4
1 3 34
2 7 37
17 19 18
20 0 36
19 23 3
1 4 22
3 5 4
0 4 40
4 7 11
7 12 25
5 8 4
13 16 35
7 10 31
12 15 29
2 4 34
2 4 26
18 20 41
0 2 2
15 20 2
22 1 11
12 15 21
15 18 23
21 23 42
22 1 30
23 2 9
14 18 7
10 15 39
18 22 24
8 10 21
20 22 5
14 17 26
7 8 11
13 15 14
7 9 6
7 11 7
17 20 20
1 5 26
3 6 2
15 18 14
2 5 16
10 12 24
18 20 2
0 2 9
1 2 25
16 20 11
16 19 26
0 4 24
11 14 33
2 5 7
10 13 11
21 0 32
22 0 32
4 9 29
3 7 14
11 14 31
6 9 32
3 5 11
13 15 26
21 1 40
17 20 3
20 23 39
11 15 38
15 19 7
12 14 31
17 20 23
14 18 28
15 19 34
12 16 21
1 3 21
4 6 33
21 1 15
6 8 10
14 16 39
12 16 25
9 11 14
2 5 23
20 0 6
8 11 22
21 22 38
23 1 21
0 3 34
4 7 34
0 3 41
23 3 1
8 11 10
14 17 14
11 14 25
1 7 40
23 2 12
4 6 2
22 1 24
11 14 42
18 21 7
8 12 36
8 11 15
12 14 12
19 0 18
3 6 41
7 10 37
12 14 39
3 5 34
5 8 26
4 7 6
5 9 20
5 8 37
7 8 17
21 0 5
12 14 2
20 23 31
19 23 38
10 12 35
16 19 40
14 17 4
2 5 31
18 21 27
21 1 30
23 2 25
2 5 38
7 11 12
21 1 42
3 7 29
4 7 41
6 7 29
21 22 18
9 12 35
19 0 35
16 20 22
18 21 24
13 16 22
17 22 14
19 22 30
16 20 9
10 13 23
14 18 18
3 6 27
14 15 12
9 11 18
20 23 37
0 3 28
16 20 36
13 15 25
18 22 35
15 17 41
21 23 20
4 6 3
22 0 28
3 6 7
14 17 33
0 3 38
21 0 10
8 12 12
19 21 21
0 2 41
4 7 35
12 12 19
15 16 2
23 3 17
7 11 3
8 11 32
6 11 21
7 10 4
18 21 10
2 4 42
20 0 29
11 15 36
14 18 39
7 9 38
23 3 6
8 11 15
9 12 22
6 10 30
21 23 38
13 18 17
6 9 10
19 23 39
15 17 19
22 1 13
3 7 35
7 8 42
13 17 4
0 3 1
17 21 11
12 15 39
6 9 24
4 8 25
6 10 4
19 22 17
12 15 37
0 5 18
16 19 8
13 16 34
12 14 35
21 0 30
0 2 1
10 13 17
18 21 27
4 8 3
19 23 8
16 20 2
11 13 37
16 19 5
15 19 4
21 1 25
20 22 29
10 13 17
4 6 14
23 2 19
11 13 41
4 5 20
21 1 11
21 0 34
23 2 18
2 5 42
14 16 31
15 16 20
2 5 21
14 19 9
23 0 31
9 12 20
6 8 23
11 15 4
21 1 30
14 16 26
20 23 32
19 21 37
6 10 21
15 18 7
15 19 24
16 18 27
7 11 31
21 23 29
4 7 12
19 23 16
5 9 12
4 8 18
7 9 28
3 7 7
5 8 42
8 11 31
12 17 1
13 15 10
14 15 4
13 17 33
20 23 3
3 5 9
4 7 36
21 1 37
16 20 38
6 8 38
6 8 18
1 5 4
10 12 14
10 12 26
11 15 2
19 21 13
4 7 8
0 4 39
22 23 24
12 14 6
19 22 28
18 21 38
23 1 21
14 18 29
3 4 23
17 20 31
20 23 24
20 23 27
1 4 11
21 0 38
16 19 10
2 6 40
8 11 10
5 8 24
15 19 21
11 13 14
16 19 21
21 1 15
19 22 26
20 23 18
11 15 21
11 15 18
22 0 28
23 3 32
18 21 14
13 15 30
9 12 24
23 1 20
20 23 25
6 10 37
1 4 24
10 14 37
0 2 24
13 15 38
7 10 16
20 23 18
3 6 24
22 1 31
20 1 26
20 23 15
12 15 13
18 20 29
20 23 7
2 7 23
5 8 1
4 6 20
16 19 36
10 11 33
9 11 8
20 21 35
22 2 31
9 12 39
15 18 30
20 23 4
1 3 32
12 15 38
0 4 31
2 6 30
16 18 20
3 4 25
14 18 1
23 3 11
14 18 16
9 13 1
9 12 15
19 23 11
11 12 12
20 22 7
21 23 33
14 19 20
1 3 20
8 10 33
21 2 28
14 17 42
14 17 33
21 2 31
13 16 26
10 11 1
2 6 9
21 1 25
18 20 28
17 19 13
19 22 42
12 14 32
7 11 12
20 1 5
15 18 29
7 10 24
22 1 26
7 11 3
22 2 30
17 18 11
6 8 6
7 10 20
16 19 36
9 12 11
2 7 6
4 7 41
8 11 33
18 22 8
5 9 9
0 4 4
11 14 23
20 23 16
17 21 39
2 6 15
8 10 41
17 21 26
5 7 39
3 6 16
17 21 32
4 8 19
6 7 9
7 11 29
15 19 4
12 16 30
11 13 6
5 9 22
18 20 27
1 5 7
20 23 11
20 23 3
12 13 1
20 23 42
14 16 13
14 17 26
15 19 26
15 17 34
9 12 19
16 19 13
17 21 6
9 12 30
13 16 21
5 7 33
13 16 34
4 8 37
14 17 10
14 17 4
10 12 15
11 13 17
12 14 18
6 8 16
1 3 13
12 14 37
16 18 2
23 2 15
3 8 31
12 16 42
17 21 24
11 16 1
13 15 37
17 21 13
14 19 17
16 19 25
6 10 37
4 5 18
19 21 23
2 5 31
15 17 28
22 1 18
20 22 31
7 10 41
1 5 2
9 12 2
22 0 29
6 9 23
4 7 40
3 6 40
19 22 27
3 7 19
13 16 24
13 16 40
17 21 12
10 12 20
2 4 13
21 22 29
13 17 15
6 9 39
8 10 12
1 3 33
12 15 17
22 2 24
21 22 37
23 2 19
9 12 36
1 2 22
21 0 1
8 11 36
3 7 26
12 14 12
8 12 38
3 6 38
23 2 8
22 1 33
0 3 17
4 5 42
9 13 22
1 3 11
0 4 24
8 11 22
14 16 6
7 8 32
13 15 6
18 21 28
8 11 1
19 0 18
12 14 33
13 16 1
9 11 35
20 22 40
22 1 7
23 2 39
15 20 21
21 22 12
18 23 16
2 5 34
8 12 28
14 17 33
7 11 22
6 8 18
1 2 3
0 5 25
7 11 14
14 16 26
19 22 29
0 3 15
23 3 21
12 15 31
23 4 24
3 5 35
15 17 40
10 13 7
21 0 17
13 16 5
7 10 26
21 23 30
0 2 6
22 3 34
14 18 27
18 21 18
2 5 36
21 0 16
0 5 35
19 20 29
5 9 21
6 11 20
6 9 14
7 7 40
11 15 2
4 6 23
19 21 26
9 12 5
21 1 5
4 5 38
0 2 39
10 14 10
4 7 28
5 7 21
19 20 21
23 1 37
9 13 14
3 5 24
3 6 6
5 9 13
23 2 41
12 14 12
18 23 11
19 22 6
14 17 22
9 12 27
23 1 19
18 21 37
6 7 20
4 7 4
9 12 15
15 18 9
8 10 10
17 21 2
17 20 40
0 3 3
4 8 28
1 4 37
5 7 27
19 23 40
7 11 17
0 2 41
12 17 33
12 16 21
13 15 42
4 7 30
19 22 27
14 18 23
17 20 40
21 0 26
20 23 36
10 15 16
15 17 13
3 3 7
11 13 40
15 16 29
15 17 39
19 21 36
11 14 35
21 1 29
17 20 16
7 10 2
3 8 15
22 2 27
21 0 1
21 23 9
10 14 9
19 21 42
21 0 39
10 13 25
18 21 30
19 23 16
15 18 1
19 20 12
18 21 26
20 0 25
10 14 33
6 7 24
22 2 19
15 17 9
12 16 33
19 23 8
20 0 41
7 11 28
12 16 39
12 14 9
17 18 29
11 14 41
22 2 12
2 3 29
6 9 18
21 23 21
1 4 36
15 17 12
14 16 41
13 16 30
17 20 3
10 14 24
13 16 25
12 15 6
10 13 10
23 0 8
9 13 33
9 12 32
6 10 2
14 19 18
17 19 24
13 17 40
7 10 3
7 11 12
2 5 29
23 3 11
10 13 40
16 18 11
12 15 36
9 12 40
10 12 35
10 13 41
8 12 30
12 14 19
12 15 22
13 17 12
17 19 4
23 2 21
11 14 35
10 13 35
6 9 14
5 8 36
18 20 9
21 22 42
15 18 36
2 4 26
13 14 39
23 2 7
6 7 19
6 10 38
4 7 3
10 14 15
19 21 36
13 16 11
13 16 34
19 21 25
23 2 17
6 8 37
9 12 6
15 17 20
12 15 30
9 12 35
0 2 11
20 22 34
18 20 17
17 20 8
11 11 9
4 8 36
15 18 3
8 12 5
5 8 13
17 21 2
9 11 27
22 0 34
0 3 10
22 2 13
20 23 35
0 3 8
5 7 41
12 15 8
3 6 39
17 20 2
23 5 37
5 9 12
5 8 34
20 21 18
3 6 27
12 14 36
22 2 35
5 9 24
3 7 11
15 18 2
8 11 24
14 15 28
20 23 4
8 12 16
11 14 37
11 13 24
20 22 39
7 10 6
5 9 21
22 0 17
19 22 6
5 9 12
13 16 12
15 18 33
16 22 35
1 4 18
19 21 14
2 6 39
1 5 33
3 7 29
0 4 14
10 14 1
1 6 26
1 4 26
10 13 38
0 4 22
4 7 29
21 1 38
5 8 30
3 6 21
3 6 20
7 8 24
12 16 36
9 14 41
16 19 32
10 15 7
9 12 28
4 8 9
13 16 12
7 9 14
22 2 36
23 2 29
23 3 22
20 23 6
22 0 31
10 13 16
23 3 6
15 19 10
16 17 15
4 8 35
0 3 25
2 5 23
5 8 24
5 8 38
15 19 22
4 7 33
5 7 37
19 21 37
12 16 42
19 22 11
22 1 42
1 4 22
3 7 29
1 4 1
7 11 18
14 18 22
11 12 22
22 1 34
2 5 4
17 19 6
20 23 20
20 0 36
7 7 17
19 22 8
10 14 8
0 3 27
15 16 41
12 15 39
16 20 33
0 4 4
15 17 1
8 12 17
16 19 37
8 12 20
14 17 31
16 19 28
10 13 19
19 0 42
9 13 21
11 15 17
5 8 31
0 3 41
4 8 14
23 2 24
15 19 10
16 19 27
5 8 42
5 9 37
18 20 27
12 15 2
22 3 33
7 12 26
0 3 37
5 11 16
9 14 10
21 1 23
2 5 39
4 7 24
14 17 16
7 9 20
21 0 25
23 1 21
19 22 17
21 0 31
5 9 41
2 7 22
16 19 20
14 16 39
6 8 12
11 12 13
6 10 11
17 21 22
7 11 20
17 20 6
23 2 2
11 14 35
22 0 9
21 1 4
0 4 42
18 22 13
10 12 32
19 22 31
0 2 25
4 6 1
10 13 13
2 6 13
3 6 13
16 20 34
7 9 15
22 2 4
19 22 21
16 19 8
1 4 22
18 22 40
9 12 15
9 12 9
18 19 24
2 7 42
19 19 5
20 23 30
4 7 20
12 16 39
11 14 36
13 15 12
3 6 7
15 18 40
3 7 7
0 2 31
0 2 42
1 3 10
5 9 18
23 2 8
22 0 6
13 17 40
0 3 11
21 23 34
22 1 7
13 16 32
10 13 34
5 8 35
22 1 8
15 18 7
20 23 17
20 23 28
22 2 5
4 7 3
3 7 18
9 13 38
5 8 13
19 21 27
23 1 1
5 9 15
23 5 29
14 16 3
3 6 12
16 19 30
20 23 35
8 12 30
4 7 5
16 19 15
17 21 32
0 3 25
23 1 1
18 21 17
10 13 40
5 8 38
23 2 40
4 6 27
17 19 1
1 3 34
6 8 28
1 4 38
7 9 28
5 10 21
12 15 32
11 16 37
0 3 3
18 22 38
13 14 17
17 21 15
18 20 11
16 21 9
4 7 8
18 22 7
6 10 1
13 17 27
5 7 9
17 18 34
12 13 28
7 10 41
9 11 15
21 22 19
12 16 14
17 20 2
14 18 40
1 6 15
19 23 10
13 18 7
19 1 34
3 7 24
5 9 10
19 22 25
1 6 34
8 11 9
10 13 29
22 0 15
15 17 20
6 10 12
8 11 31
1 4 34
7 10 35
18 21 15
0 3 30
19 22 25
10 14 24
5 10 30
17 21 38
9 13 17
9 13 38
17 21 12
0 3 15
10 12 18
10 13 12
17 20 14
16 18 10
14 16 17
5 9 18
15 17 3
7 8 3
10 14 40
8 12 21
5 8 33
7 9 37
0 2 38
2 6 35
18 22 31
6 9 21
20 23 13
2 7 22
2 6 41
7 9 37
9 11 34
17 22 34
2 6 2
5 8 27
13 17 41
10 13 35
7 10 1
21 2 20
2 5 20
16 20 28
0 4 24
8 11 16
5 8 16
5 7 25
23 3 26
12 12 1
13 17 18
6 11 5
14 18 39
20 22 34
10 14 24
19 22 26
22 2 23
21 2 33
23 2 2
7 8 33
6 9 6
15 18 39
20 1 23
10 13 27
10 12 6
10 13 5
0 1 17
16 20 24
11 13 10
23 0 17
11 13 31
22 1 34
14 18 9
3 7 9
3 7 28
0 3 38
7 9 40
5 9 8
22 0 30
17 19 7
20 22 1
18 21 8
0 1 1
8 10 37
18 21 16
9 13 7
16 21 11
4 8 10
10 13 33
6 9 18
15 17 26
21 0 1
7 11 30
12 14 40
22 2 7
8 12 34
11 16 42
4 6 2
9 12 38
11 14 11
2 3 24
9 11 5
4 6 12
19 22 7
13 17 12
3 5 42
19 0 10
22 2 27
0 2 22
5 8 39
21 23 30
8 12 31
0 4 40
3 7 21
10 14 15
22 1 5
7 9 21
21 0 15
21 23 17
7 9 6
5 7 35
18 20 5
2 4 38
8 11 3
0 3 6
2 5 38
17 21 31
17 21 23
3 7 34
3 4 15
13 16 37
16 17 31
6 8 4
15 17 16
22 1 4
19 23 24
14 17 28
13 16 20
1 1 27
7 10 3
15 18 19
19 22 32
10 11 25
3 5 7
14 16 33
11 13 4
10 12 8
15 19 9
20 1 22
17 19 8
13 16 37
14 16 38
16 19 8
16 19 2
18 21 20
1 4 13
21 2 15
10 13 23
17 22 18
14 17 34
4 7 30
15 19 3
15 17 2
23 3 24
1 4 16
0 3 19
6 11 7
22 2 31
4 7 42
11 13 5
5 9 29
22 1 16
23 3 26
20 22 30
15 19 19
2 4 17
7 12 13
12 14 3
20 22 36
22 0 42
17 20 10
23 3 33
11 14 24
8 11 3
17 19 20
19 21 6
10 14 18
0 4 29
6 9 9
7 10 21
7 10 21
15 19 15
0 2 6
17 21 32
21 0 16
23 1 20
17 21 42
11 13 7
4 8 16
11 15 4
13 17 12
18 21 15
5 8 8
14 18 40
18 22 41
17 20 25
6 9 8
21 1 42
11 12 33
14 18 33
11 13 5
15 18 42
1 5 28
23 1 21
5 7 21
3 7 34
21 23 8
19 21 8
9 12 22
6 8 23
10 13 22
7 9 12
6 10 14
4 7 1
1 4 2
15 17 16
8 12 32
16 20 30
5 8 7
5 7 23
10 14 12
12 15 22
1 5 34
4 7 19
22 2 20
5 8 20
13 16 20
11 14 16
5 8 29
16 18 5
15 18 10
5 7 21
14 16 7
9 11 23
13 16 24
23 0 13
6 8 25
22 2 24
7 10 24
22 3 35
3 7 14
15 18 40
3 5 38
22 1 21
0 3 13
12 15 8
8 11 7
3 5 36
20 22 20
9 13 21
16 19 36
16 20 24
9 11 8
11 14 12
23 0 19
7 12 20
22 1 34
16 18 34
19 21 25
22 1 23
1 5 20
0 3 14
0 3 1
23 1 31
4 8 39
0 4 25
4 5 23
7 11 10
1 3 3
16 19 29
11 13 38
2 4 34
6 9 31
9 10 21
11 12 27
23 1 39
0 3 22
17 21 23
14 17 25
5 7 17
7 11 39
19 22 19
5 7 7
19 20 25
20 22 19
8 10 23
7 10 10
18 22 42
6 8 25
3 6 23
4 7 35
9 13 39
12 14 16
3 5 24
10 11 3
22 1 5
8 11 12
16 19 20
7 11 16
23 2 32
5 7 30
11 14 23
17 18 35
22 2 41
12 16 17
22 1 6
8 11 6
21 0 27
21 0 41
2 5 12
8 12 1
12 17 37
9 11 25
17 20 13
7 9 31
5 9 29
13 16 36
22 1 6
2 4 19
1 4 8
16 19 25
22 2 24
18 19 31
3 8 11
9 10 10
3 7 3
11 14 37
3 5 18
16 17 16
16 20 40
15 16 38
18 20 6
7 9 5
13 18 35
10 14 7
15 20 28
12 15 37
8 11 41
16 18 4
14 17 13
19 21 24
16 18 27
4 6 16
11 14 13
15 17 7
13 17 5
20 23 14
11 15 6
14 18 30
23 2 24
13 16 23
20 23 24
5 8 41
19 22 28
16 20 41
10 14 35
6 8 24
9 13 22
10 13 19
12 16 11
9 12 9
2 5 36
11 14 22
16 19 38
23 2 30
17 20 12
10 15 23
18 20 8
14 17 5
16 21 21
0 3 35
4 5 29
11 13 14
1 5 35
22 1 26
7 9 8
14 16 22
20 22 28
18 20 40
1 2 10
2 6 17
13 16 18
23 1 7
23 2 22
2 5 2
6 10 36
7 10 41
6 9 14
6 11 33
17 19 26
23 2 32
2 5 20
10 10 7
21 0 40
6 9 32
22 0 19
5 8 36
15 17 36
22 0 39
18 22 40
10 14 30
12 15 38
6 11 29
7 10 8
5 6 12
10 13 25
14 18 39
21 1 38
6 9 42
14 17 18
17 22 4
21 22 12
4 6 41
8 12 10
21 0 40
5 9 26
8 11 10
5 8 5
11 13 16
21 0 6
22 2 35
18 21 24
19 21 28
11 14 3
5 8 36
19 22 6
5 8 17
15 18 30
16 19 4
16 19 9
17 20 29
6 9 6
20 23 19
22 2 40
9 13 42
2 5 28
3 7 16
4 9 31
11 13 8
23 2 5
5 8 28
18 22 18
13 16 3
0 2 25
3 5 14
20 23 16
8 13 29
16 19 14
5 8 24
10 13 18
9 13 37
18 20 37
21 23 41
6 7 7
3 4 5
0 2 13
1 3 3
13 14 25
23 3 42
21 1 28
6 9 13
6 10 15
23 4 22
13 17 5
6 11 23
9 12 28
11 15 18
3 5 28
12 17 27
10 14 28
18 23 34
0 4 20
1 4 3
10 14 13
15 18 16
1 6 38
5 8 27
13 16 26
20 22 17
20 22 28
1 2 40
5 6 4
16 19 19
15 17 34
1 5 16
11 14 21
9 13 41
1 6 14
4 7 10
14 16 24
16 19 40
5 9 41
19 21 35
6 8 39
10 13 12
11 16 38
13 15 13
21 1 27
19 0 6
17 19 39
14 17 17
16 17 33
20 23 9
23 2 3
5 7 29
22 1 15
0 4 4
18 20 31
5 7 20
19 22 31
10 15 42
17 20 9
20 22 17
5 9 24
7 9 11
14 17 21
9 12 3
17 18 40
17 21 4
17 21 27
20 23 11
20 23 21
22 1 1
13 16 10
16 19 16
15 16 37
22 1 9
7 10 40
19 20 23
7 11 14
21 1 7
15 18 6
15 18 4
17 18 29
23 0 8
5 7 33
9 12 23
21 1 21
18 21 14
14 19 15
13 17 27
12 13 39
10 11 4
0 3 30
3 6 41
7 10 1
18 22 22
21 23 14
20 0 1
21 23 32
17 21 16
5 9 40
8 12 23
10 15 25
15 17 14
13 15 3
23 1 5
21 0 34
14 17 31
10 14 6
23 1 38
11 14 28
0 2 4
2 4 30
19 23 33
19 0 3
9 12 12
20 23 7
8 11 1
4 6 30
13 18 7
17 20 32
11 15 13
23 4 6
1 3 5
11 14 4
22 1 24
20 0 32
17 19 1
5 8 2
21 22 7
17 20 42
4 6 1
1 5 8
16 18 19
18 22 17
0 0 12
22 0 2
18 21 14
0 5 42
23 3 37
21 22 25
12 15 13
19 23 15
20 0 21
20 23 11
21 1 4
16 17 5
9 10 12
13 17 28
12 14 9
19 22 2
3 6 21
14 17 2
7 12 42
7 10 30
0 4 9
1 4 10
18 20 29
8 14 3
18 21 8
23 2 35
10 15 1
8 10 35
20 1 30
8 11 40
12 15 31
5 9 20
1 5 35
16 17 13
0 3 17
7 12 20
16 18 8
20 22 29
7 10 37
23 4 39
1 3 2
21 1 40
5 8 2
20 23 35
14 18 27
16 21 39
20 23 29
1 6 39
14 15 30
2 4 27
16 19 25
13 17 41
11 13 25
19 22 12
0 2 30
12 15 11
18 22 25
20 0 11
11 13 19
6 9 12
14 17 25
18 20 42
12 14 13
14 16 30
21 0 40
14 16 34
9 10 26
23 0 13
7 11 16
4 9 12
7 10 32
21 1 5
5 8 28
5 7 39
9 13 26
11 15 13
10 14 9
20 0 42
21 1 39
20 22 2
20 0 34
5 7 4
8 10 1
1 4 25
14 16 36
9 13 22
10 12 33
8 11 4
6 9 25
13 15 5
19 21 28
17 19 41
2 6 33
11 14 28
16 19 25
8 11 2
5 9 30
15 19 19
4 6 32
20 22 39
5 10 29
16 19 32
1 4 28
16 20 13
2 4 10
1 4 20
19 22 20
17 22 10
0 2 37
10 13 26
12 15 24
18 21 5
2 7 28
18 21 16
15 18 15
12 15 5
21 23 16
10 13 19
14 15 29
23 2 34
2 6 23
1 3 29
0 2 29
15 20 5
20 1 30
4 7 31
6 10 6
15 18 33
2 3 12
18 22 9
0 2 35
9 12 17
20 22 25
3 5 36
1 4 41
13 16 35
0 2 32
6 9 3
4 9 25
5 7 3
19 23 25
8 10 24
5 7 8
21 23 7
4 6 5
2 4 24
1 3 21
0 3 15
12 14 25
13 16 1
9 12 26
3 7 34
11 13 15
16 19 27
23 1 28
9 12 18
4 6 16
0 2 36
11 14 40
3 5 14
2 4 28
13 17 13
12 15 18
5 6 12
6 8 30
7 9 38
8 10 17
0 5 10
11 14 11
1 3 20
8 8 26
12 14 4
16 19 20
15 18 30
12 14 42
2 5 22
23 2 11
10 12 27
8 13 20
17 20 12
3 6 11
20 0 12
11 15 18
14 16 1
7 9 18
19 21 6
22 1 14
16 18 13
1 3 33
12 15 19
20 21 36
17 21 42
1 5 34
0 1 18
15 19 2
21 23 11
4 8 36
5 8 3
16 19 13
17 21 16
3 4 32
21 1 4
19 22 37
13 17 27
19 22 25
7 11 13
7 10 15
19 21 28
2 6 29
7 10 42
17 19 27
10 13 6
1 3 12
10 14 14
17 19 7
18 21 21
15 19 17
15 19 38
15 16 3
13 15 26
1 5 40
3 6 8
16 22 20
6 9 12
12 16 36
14 18 28
15 18 25
10 13 36
16 20 40
9 13 33
5 6 3
0 4 8
1 4 41
16 18 14
12 14 22
2 6 29
21 2 19
18 20 24
3 8 9
4 7 24
3 7 37
6 10 16
23 2 32
16 17 1
1 4 29
13 16 3
19 23 42
17 20 5
17 20 13
23 1 19
18 21 15
20 0 12
5 8 39
3 5 28
4 7 15
2 6 15
9 13 27
7 10 41
4 7 35
16 20 40
14 17 8
21 23 37
21 23 1
9 11 21
23 1 41
2 5 35
10 13 30
14 16 30
22 2 30
1 5 17
2 6 4
15 19 11
19 23 35
2 5 38
5 8 25
21 23 12
8 11 11
0 2 40
2 4 23
20 23 13
15 17 35
1 6 40
7 10 16
7 10 28
23 3 24
7 11 41
11 15 11
3 8 22
10 14 30
21 23 1
8 11 2
15 16 2
5 5 40
7 11 18
3 6 6
20 23 2
19 23 13
20 0 21
15 18 36
23 2 2
10 14 17
14 18 9
11 16 18
13 17 16
3 4 21
22 2 17
20 0 1
14 18 20
3 6 32
8 11 15
9 13 32
13 16 11
5 8 36
20 23 4
5 8 11
4 8 27
21 1 27
1 2 11
17 20 27
14 18 6
2 4 9
1 5 1
8 10 32
1 3 8
8 11 8
2 5 21
13 16 15
16 19 4
2 3 26
16 19 39
18 20 23
5 10 13
21 23 25
22 0 9
11 14 26
21 0 26
