2000 42
29 15 39 13 24 6 16 4 27 14 27 35 25 29 15 42 30 28 11 35 23 36 3 40 37 35 12 5 3 20 15 22 8 31 34 26 21 26 40 40 22 17 
16 19 26
16 19 20
21 1 16
18 19 9
21 23 24
5 8 10
15 16 25
16 18 1
6 10 16
21 0 25
0 5 5
16 18 41
7 10 20
22 2 38
15 19 10
8 11 29
7 9 15
5 7 24
14 17 10
5 7 40
2 6 17
17 20 20
12 16 13
9 12 10
3 6 36
14 16 16
3 6 30
0 3 39
20 21 24
22 0 38
6 9 16
8 11 25
18 19 1
15 18 9
12 16 12
19 20 15
12 15 32
9 12 23
1 3 37
14 16 35
18 22 13
14 18 23
4 6 31
10 14 28
4 5 18
8 9 8
14 18 32
21 0 14
1 5 27
17 20 35
7 8 33
17 19 35
1 3 34
16 19 19
21 1 14
22 1 2
18 21 3
3 6 1
11 14 11
9 13 42
5 7 42
14 17 20
8 11 22
13 17 5
5 8 3
7 10 25
10 13 2
18 19 8
19 20 39
6 10 21
19 23 37
12 18 16
20 1 15
6 8 35
19 23 28
11 15 8
15 18 12
12 15 29
2 5 34
22 1 18
22 2 19
18 19 36
21 23 22
19 0 7
12 14 19
5 8 42
12 14 2
4 7 33
21 0 25
2 6 24
22 1 31
9 13 11
8 10 33
14 16 15
17 20 37
17 21 19
10 13 31
16 19 36
18 21 34
20 23 1
23 1 32
13 16 7
20 0 28
14 17 10
13 15 29
8 11 10
23 3 22
12 15 31
22 23 38
12 15 1
9 11 10
10 13 30
16 19 38
19 22 19
3 6 21
10 13 24
3 5 36
3 5 31
0 3 12
15 16 2
2 5 37
17 19 4
14 18 33
14 16 27
9 13 42
22 1 38
8 12 20
9 13 30
21 23 38
14 16 4
9 13 8
23 2 23
15 16 39
23 1 26
4 8 18
17 20 30
2 6 27
19 23 35
12 16 24
2 6 31
4 5 8
11 13 7
17 20 16
22 1 33
0 5 26
8 10 33
8 10 26
23 3 18
18 21 24
8 11 20
22 2 21
3 8 5
9 12 32
20 23 20
0 3 16
20 0 27
22 23 31
20 22 18
3 4 24
22 2 34
18 21 6
9 13 8
1 3 9
1 4 5
20 0 7
18 23 42
0 4 5
10 14 23
14 17 23
14 16 26
6 8 21
13 16 42
3 7 9
7 9 42
13 14 12
15 19 26
12 15 29
1 4 33
18 21 34
9 13 8
21 1 25
11 14 32
7 8 31
0 2 27
23 1 28
17 20 15
19 22 36
18 22 13
14 18 30
9 10 7
1 4 22
11 13 19
9 13 25
23 2 26
17 20 1
22 2 19
9 12 19
7 11 34
9 13 22
9 13 24
3 7 31
0 2 34
12 15 17
7 9 29
11 13 7
0 3 35
20 0 19
3 6 26
6 11 1
7 11 16
20 23 19
22 0 33
14 17 20
0 5 10
12 18 2
1 4 21
10 12 8
21 0 15
6 9 37
6 9 32
3 7 20
14 17 3
21 1 26
15 18 26
21 0 9
20 0 19
2 3 26
11 15 23
13 16 30
12 16 17
10 14 9
6 9 37
5 7 41
21 0 9
3 5 34
7 9 1
23 2 31
21 1 26
4 8 29
8 10 33
20 22 29
19 1 29
4 8 26
15 17 26
19 21 32
5 8 17
11 14 10
8 10 17
21 0 40
7 11 30
16 18 21
3 6 20
16 19 29
8 11 31
1 3 23
17 19 33
19 22 21
2 6 24
10 13 7
17 21 14
4 6 26
23 1 37
7 10 20
19 23 20
22 2 4
9 12 29
17 21 18
17 20 27
0 5 36
18 22 40
21 22 19
17 18 19
6 8 32
14 19 42
22 3 2
10 14 27
20 0 6
22 2 5
16 21 1
18 19 17
3 5 27
0 2 21
20 22 42
10 15 3
0 5 24
15 18 8
17 19 4
3 7 15
4 6 21
0 2 14
18 20 36
11 16 3
3 7 34
16 18 8
18 22 27
5 7 14
7 10 3
2 4 32
21 0 22
14 18 25
7 10 32
21 1 2
11 14 5
20 22 16
17 22 40
23 2 4
13 17 38
3 5 3
18 22 26
8 11 7
18 21 34
19 21 21
11 16 23
11 15 3
11 15 25
9 13 37
11 14 34
7 9 4
12 16 24
10 13 5
1 5 4
7 10 3
6 9 9
8 11 27
2 5 30
2 4 40
18 19 38
0 4 34
12 17 32
11 14 12
10 14 26
21 23 29
16 18 10
14 18 18
13 16 27
21 0 20
19 23 25
8 11 26
9 11 22
12 16 32
20 23 3
17 19 4
17 19 25
11 14 34
6 10 19
14 17 13
13 16 11
7 8 11
22 1 11
9 11 15
21 0 22
3 6 8
8 10 8
22 3 10
20 23 21
22 0 26
4 8 23
6 9 32
15 18 13
15 17 33
2 7 21
19 22 1
5 7 39
6 8 28
0 4 40
3 6 36
19 22 9
12 14 41
6 9 21
0 3 10
2 4 7
16 19 5
2 5 19
15 18 23
18 21 23
6 9 17
9 12 22
9 12 36
19 22 39
15 17 37
4 8 5
11 14 27
7 10 12
16 20 27
2 6 30
4 8 7
11 15 5
18 21 9
12 13 17
12 15 15
1 4 19
0 3 9
12 15 37
22 0 39
0 1 12
18 21 2
20 23 11
4 9 6
4 6 41
18 20 39
11 13 2
13 16 30
0 3 30
16 16 7
2 5 37
15 17 41
7 11 7
8 10 37
23 1 30
13 17 1
15 16 5
1 5 28
19 22 12
21 22 9
11 16 28
20 23 33
21 0 28
11 14 10
21 23 22
6 8 11
18 21 18
11 14 40
4 6 26
16 20 35
3 8 22
4 8 17
13 17 4
21 0 40
11 14 19
5 7 1
12 15 15
15 18 18
9 12 1
20 23 7
13 16 10
21 23 11
3 7 38
10 12 30
22 1 39
10 15 12
13 18 41
5 9 6
18 19 4
9 10 3
19 21 8
3 7 27
4 7 20
8 11 22
17 20 21
4 6 40
11 13 42
11 13 16
1 3 16
23 3 41
7 10 11
18 20 8
3 6 42
17 20 23
14 17 1
3 5 40
0 4 4
14 14 40
1 5 36
1 3 29
15 18 36
11 15 36
14 16 4
22 1 38
5 6 31
19 22 11
14 18 22
18 22 22
7 11 5
3 6 4
20 0 1
12 14 30
9 14 15
11 13 32
7 10 22
11 14 35
4 7 19
21 0 39
11 12 25
17 19 2
6 10 41
5 8 34
17 20 15
9 12 35
2 3 8
19 21 5
22 2 11
22 0 25
20 0 23
19 23 25
22 1 33
7 9 18
2 6 18
6 9 19
20 1 6
1 3 27
22 1 30
10 13 30
7 11 11
17 20 23
6 9 24
14 18 10
5 8 5
11 14 8
7 10 24
16 19 38
12 14 30
5 7 20
9 11 20
20 23 18
8 11 19
15 18 29
19 23 5
8 10 41
6 8 33
18 21 10
13 17 17
19 21 12
10 12 30
1 4 30
8 11 39
20 2 39
23 3 3
8 12 37
14 17 30
23 3 20
21 0 34
17 19 35
10 14 35
17 20 16
16 20 36
3 7 15
19 21 30
19 22 5
13 15 21
1 3 32
20 23 35
3 5 40
4 8 34
7 11 41
13 17 20
4 6 6
10 14 12
23 2 6
13 16 3
3 6 17
14 18 24
12 15 42
16 21 2
13 17 32
0 3 16
13 15 32
14 17 1
0 5 4
2 5 11
21 0 1
21 1 30
19 22 41
10 14 21
23 3 33
11 15 33
16 21 20
5 7 5
11 14 18
4 8 41
6 11 28
10 14 37
9 10 4
12 14 28
4 7 14
20 23 13
19 22 27
23 3 5
16 20 23
14 18 29
3 6 14
21 1 33
21 2 9
17 20 31
10 12 12
6 9 40
2 3 27
19 22 42
16 19 32
12 15 20
21 22 33
21 23 35
20 0 14
7 12 14
23 2 26
8 11 9
9 11 29
22 2 14
15 19 33
2 5 1
20 23 5
12 16 31
18 22 7
3 4 41
5 9 42
18 21 18
11 13 26
1 5 32
9 11 12
14 18 19
3 6 2
4 7 24
16 20 16
2 6 35
19 23 21
7 10 11
19 22 9
22 0 28
10 14 42
9 13 3
9 13 25
6 8 16
1 4 15
13 14 36
10 12 12
20 22 4
17 20 19
4 8 23
15 18 29
12 13 16
19 22 30
4 7 32
13 16 8
8 11 31
6 9 25
6 9 31
5 8 29
22 0 24
23 1 25
15 18 30
6 9 20
7 8 12
2 5 24
9 11 19
11 13 19
3 6 7
1 5 37
2 5 17
16 19 1
17 21 14
23 4 25
20 1 20
1 4 42
5 9 13
22 1 34
22 23 29
17 20 11
15 18 14
13 16 40
17 19 22
12 13 20
5 7 9
6 9 2
12 14 16
1 4 24
7 10 38
4 7 16
9 12 11
13 15 7
1 3 20
0 3 10
10 13 42
16 18 11
22 1 33
6 8 28
17 22 2
1 4 32
3 7 16
8 11 15
18 20 8
17 19 9
7 9 15
1 4 28
11 14 31
0 5 2
10 13 38
6 10 29
6 8 32
22 23 17
18 22 36
14 16 33
22 2 36
20 0 2
10 13 11
18 20 16
23 3 5
17 21 23
5 8 14
13 17 32
11 14 15
22 2 4
4 7 13
1 1 3
21 23 35
15 16 4
5 8 16
0 2 2
7 9 23
8 11 33
3 7 26
13 17 7
23 1 36
2 4 19
10 13 34
20 22 19
7 8 4
5 8 29
0 2 41
6 10 27
15 18 28
16 18 22
19 22 28
2 8 33
6 8 20
11 15 32
9 14 3
5 9 40
3 5 4
17 21 11
7 10 10
7 11 16
16 19 28
5 8 2
23 0 8
5 7 40
8 9 38
10 14 41
17 20 17
14 17 34
8 10 40
11 15 26
2 5 13
4 8 38
15 17 20
9 12 13
6 9 5
13 16 7
9 11 37
5 7 37
20 23 8
5 9 35
6 9 30
19 22 30
13 17 17
17 20 36
16 21 41
20 23 32
6 10 33
8 12 42
7 11 22
17 20 36
5 8 37
11 14 23
5 9 36
13 17 33
8 12 15
1 4 11
20 0 38
13 16 30
19 22 31
9 12 7
18 22 9
23 2 27
22 0 39
21 0 19
10 12 15
21 22 30
1 6 37
21 0 22
0 4 36
7 9 10
3 6 6
19 22 5
21 22 33
17 20 19
12 14 20
21 0 39
2 6 25
19 23 12
23 3 26
4 7 16
22 0 36
5 8 10
1 3 6
16 19 12
16 18 42
12 13 23
8 13 22
3 5 21
12 16 41
10 14 5
2 4 11
12 13 32
15 19 31
15 19 10
1 3 12
11 13 31
10 12 9
18 23 42
9 13 7
7 10 31
13 16 14
2 4 5
3 5 33
5 7 1
4 5 5
12 17 17
16 17 32
4 7 6
3 6 39
23 3 37
17 19 18
10 14 12
17 22 10
20 23 11
10 12 38
16 18 32
18 22 18
12 15 34
23 1 27
13 16 34
23 3 28
18 20 14
15 19 38
13 15 1
10 14 29
15 18 6
20 23 30
13 18 16
9 12 19
8 11 1
16 19 3
4 7 20
0 2 34
16 21 26
23 2 19
5 8 29
19 22 29
16 19 33
17 21 2
13 15 17
6 8 18
8 12 41
15 19 22
21 23 40
21 1 1
7 8 29
0 4 7
8 11 4
20 22 7
1 5 37
0 2 31
15 19 8
11 11 35
5 10 27
1 3 30
12 15 27
3 5 14
11 16 39
0 2 23
17 20 23
2 6 18
5 10 27
7 12 30
1 3 29
3 7 16
18 20 16
18 20 23
10 13 12
11 14 19
19 22 17
4 6 15
10 11 27
13 16 37
7 12 17
0 3 27
0 3 20
1 4 15
4 7 33
11 13 39
15 16 36
9 12 14
10 14 38
3 4 7
11 16 22
21 23 1
22 0 29
6 8 37
10 13 6
6 9 37
3 7 13
1 3 18
12 15 11
16 18 1
10 15 19
20 23 6
6 10 24
10 15 36
4 6 13
4 7 20
9 13 16
4 6 8
19 0 40
15 19 24
2 4 42
10 13 16
9 13 34
8 10 11
16 19 12
22 0 42
3 7 40
8 11 34
15 18 27
2 6 10
16 18 26
23 2 30
10 13 37
8 12 27
0 3 33
11 14 34
22 1 12
16 17 16
13 16 25
17 19 6
21 23 27
23 2 35
18 22 22
10 13 29
6 9 7
21 0 3
16 19 39
16 18 14
12 14 31
21 0 2
1 2 31
16 20 25
16 19 14
5 9 31
17 19 6
8 13 40
20 23 17
1 3 32
8 11 8
4 7 6
13 15 13
16 18 23
9 11 13
13 16 13
20 23 34
14 18 23
15 18 30
18 21 21
0 4 23
18 21 36
23 1 28
16 20 42
9 11 1
16 18 16
3 6 40
23 1 21
7 11 14
3 6 20
11 15 34
6 10 31
1 4 36
5 9 29
11 14 6
4 9 10
8 10 4
12 15 37
19 22 28
11 14 35
17 21 1
8 10 9
8 12 19
12 16 3
14 16 7
15 19 32
23 2 10
5 6 31
21 22 5
22 2 30
22 1 30
19 20 16
22 1 37
14 16 8
22 2 6
15 18 1
20 22 29
21 0 33
3 7 9
23 3 11
23 2 7
7 10 23
20 23 21
12 16 8
0 3 39
4 8 22
17 20 33
13 17 16
12 16 41
6 11 20
7 10 15
19 20 34
19 22 11
0 3 25
12 13 5
3 5 9
20 23 38
13 15 30
15 16 42
4 9 21
21 1 4
6 9 25
17 20 15
21 23 30
4 7 14
18 22 36
0 2 41
8 11 10
2 4 10
6 9 37
8 12 27
0 3 6
8 11 25
10 11 27
1 5 42
11 15 32
23 3 34
3 7 32
18 22 9
9 15 17
10 13 23
6 10 19
17 20 41
0 3 8
6 11 37
18 21 36
13 16 2
2 5 20
23 2 25
21 2 14
5 10 12
1 5 6
19 21 29
16 18 9
15 19 42
15 19 6
1 5 2
6 9 33
1 4 22
8 11 41
19 22 36
18 21 22
22 0 7
6 10 22
21 23 1
14 18 21
22 3 16
16 19 34
22 0 8
23 3 34
21 1 35
14 17 30
0 3 3
9 11 1
20 23 18
11 15 26
23 0 38
10 12 25
12 13 1
19 22 16
19 22 9
4 9 18
23 3 22
1 3 24
0 4 9
6 9 6
18 21 24
10 14 34
14 19 2
5 8 14
23 2 16
15 17 38
18 22 1
10 14 31
7 11 36
0 2 18
18 19 2
0 3 14
3 7 42
19 22 2
12 15 34
12 14 37
15 19 31
2 5 40
7 10 16
7 10 28
11 15 9
21 23 17
10 13 41
3 8 19
14 18 15
3 9 27
3 5 10
9 12 11
11 13 28
16 18 40
14 19 38
23 2 26
18 21 30
16 19 1
8 12 40
14 19 8
15 17 24
10 14 36
23 4 30
16 20 36
14 15 35
4 9 14
23 5 1
15 19 26
7 11 40
19 22 38
23 1 4
22 1 1
14 18 27
14 17 25
4 7 30
3 6 26
6 10 3
13 14 42
9 12 3
3 6 25
1 4 19
5 8 39
6 9 38
4 8 12
15 17 36
17 18 38
18 21 32
10 11 27
18 22 12
19 21 7
22 1 40
2 6 36
14 16 5
10 11 38
10 14 36
20 1 30
17 18 31
7 7 36
17 19 41
0 2 5
6 7 34
17 20 40
18 19 27
15 19 28
11 14 10
21 2 35
6 9 23
12 16 6
7 9 35
14 18 41
11 13 10
3 6 4
2 6 27
1 4 19
11 12 19
17 20 1
4 8 27
5 9 40
17 21 10
10 12 5
1 3 17
8 10 1
22 3 19
14 18 15
14 18 14
4 7 3
1 5 2
13 16 19
11 14 30
4 7 15
2 5 19
7 11 30
14 17 25
3 7 33
10 12 21
5 7 7
4 7 41
16 20 17
17 20 23
7 9 24
13 16 26
0 3 35
3 6 12
1 4 37
14 17 22
12 15 4
20 22 30
7 10 23
20 23 42
13 15 18
16 19 39
21 0 37
2 7 35
2 5 29
21 0 23
21 23 31
14 17 5
12 15 30
1 4 22
1 4 31
4 7 23
9 11 32
1 5 20
15 18 19
1 5 12
22 1 16
1 5 28
3 7 28
22 1 38
20 22 42
13 16 14
14 17 3
23 2 2
2 5 7
0 2 24
3 6 31
13 16 25
0 2 2
19 20 37
20 22 42
21 1 23
23 2 16
9 13 3
14 16 35
17 20 29
2 5 1
9 11 16
11 14 39
1 3 29
14 18 30
2 4 14
12 15 35
16 19 22
15 18 35
13 16 25
14 17 25
20 22 19
1 4 41
13 15 34
16 20 26
7 10 15
2 5 41
15 19 10
10 13 16
19 23 9
2 6 27
6 9 19
6 8 33
5 9 20
2 6 5
15 20 6
15 19 29
12 16 2
18 22 16
6 11 8
20 23 22
19 23 11
14 18 39
8 11 18
0 4 27
0 4 23
9 12 6
14 16 11
17 20 22
8 9 16
0 2 4
10 13 36
3 7 22
4 5 38
7 9 19
16 18 24
23 3 21
5 9 39
12 15 2
17 20 11
19 21 29
2 4 1
16 19 27
6 10 40
10 13 29
22 1 20
5 8 16
11 13 22
19 0 8
7 9 19
18 21 4
2 5 3
12 14 28
23 2 35
11 13 20
0 3 23
7 11 24
18 20 36
12 14 28
6 10 21
19 21 33
8 10 29
5 8 37
3 5 31
11 12 21
22 1 15
4 5 12
16 20 38
23 3 42
2 6 2
0 3 17
2 7 31
21 0 39
8 11 29
14 17 7
21 2 20
20 23 25
8 10 27
12 14 11
20 22 11
3 7 18
14 18 15
3 6 40
1 5 8
13 16 20
9 11 37
9 11 35
19 21 17
15 18 8
9 13 10
13 18 32
21 0 3
7 11 26
5 10 1
1 5 28
11 14 7
9 12 8
3 6 25
19 20 27
7 9 34
7 8 28
6 9 31
16 20 11
6 8 42
3 6 17
20 0 39
8 8 35
7 9 18
13 15 18
5 8 41
14 16 15
9 13 33
13 16 29
13 17 2
3 6 13
11 14 1
22 2 42
20 23 2
16 20 5
8 12 7
23 3 33
15 17 17
7 11 25
8 11 38
1 4 12
6 10 32
7 9 33
1 5 3
0 3 15
11 13 19
13 16 6
11 14 24
6 8 8
10 13 32
5 9 31
12 16 35
8 11 17
8 11 5
16 19 42
3 6 41
21 0 18
21 23 41
12 16 16
8 10 14
18 21 20
23 1 14
23 4 33
6 10 42
0 3 17
3 7 13
19 22 3
6 10 12
7 10 20
10 13 22
23 3 30
10 12 28
1 6 1
20 22 33
8 11 39
3 7 31
5 8 28
11 14 20
15 17 10
17 20 32
15 20 39
22 0 39
13 16 17
16 17 20
23 4 23
3 6 4
5 9 40
15 19 19
16 18 26
11 14 4
11 15 25
14 17 36
18 22 3
11 14 11
9 9 33
15 18 38
0 3 14
7 10 26
6 9 29
13 15 42
18 20 10
7 9 29
3 7 37
17 18 16
6 9 25
3 7 32
5 9 31
17 21 39
3 7 4
21 23 6
23 2 11
22 2 37
0 3 23
3 5 18
8 10 22
3 6 8
19 22 9
13 16 30
22 1 12
11 14 37
8 10 21
0 0 27
23 1 12
19 22 5
16 20 41
18 21 34
0 7 25
22 1 16
18 21 5
20 22 24
11 13 26
21 0 5
8 11 8
2 7 29
7 12 20
17 21 3
17 21 5
2 4 11
5 6 3
0 4 11
19 21 7
9 12 4
20 22 25
4 7 20
5 8 42
23 1 22
20 1 18
1 4 11
18 20 23
20 23 31
19 22 33
1 2 42
9 12 9
9 12 25
23 2 34
7 10 42
20 23 27
6 10 11
0 3 8
14 17 16
15 18 16
13 16 29
1 4 23
6 9 4
20 0 19
2 5 26
19 0 42
8 12 16
20 23 27
15 16 3
1 5 2
13 16 4
15 19 3
21 0 18
21 0 21
22 2 39
4 7 10
14 17 8
3 5 40
3 6 11
12 15 20
3 7 20
13 14 11
10 13 35
18 20 3
0 4 37
3 6 36
18 21 17
18 21 20
19 22 11
20 0 36
16 18 35
8 10 3
6 10 11
0 4 37
13 19 39
7 10 31
17 18 10
0 2 29
10 12 15
17 20 14
0 4 22
0 2 13
2 5 20
11 14 10
4 8 42
7 11 3
4 6 21
1 4 28
13 17 38
8 11 21
21 23 32
11 15 26
3 7 5
10 14 37
11 12 5
17 21 25
10 13 16
23 1 10
23 1 30
5 9 9
8 11 11
5 9 2
22 1 33
19 21 13
18 21 3
5 8 12
15 19 30
21 2 25
15 17 23
5 8 35
13 17 6
23 1 27
19 21 23
15 18 32
0 4 26
21 3 15
22 2 41
11 15 20
10 12 21
14 19 41
9 11 36
5 8 28
15 18 10
4 8 19
1 5 40
20 0 29
15 19 38
20 1 20
6 9 29
4 7 9
23 2 10
21 2 21
1 4 9
0 2 7
9 13 11
0 3 15
2 5 33
18 22 16
9 13 28
15 18 9
22 2 39
22 1 10
6 12 19
14 19 9
0 4 23
17 21 22
7 11 42
13 15 30
6 8 30
22 0 42
8 11 38
1 5 25
0 3 22
4 7 14
10 14 30
19 22 22
8 11 14
17 18 19
16 19 20
5 7 36
21 0 21
16 18 39
10 12 5
17 21 1
9 12 39
20 22 24
7 10 12
13 15 39
17 20 22
15 20 22
5 8 15
19 0 27
10 13 26
9 12 19
1 3 9
21 22 8
15 18 25
10 14 12
9 11 18
10 12 34
7 10 5
12 15 37
22 3 8
16 19 32
12 15 16
14 17 24
7 9 14
12 18 5
19 21 11
21 23 3
1 4 27
17 20 22
18 19 17
12 15 10
1 3 14
14 17 40
0 4 37
6 8 38
0 4 5
10 13 38
15 19 25
18 21 21
4 7 12
11 15 25
21 2 18
17 19 34
4 6 35
18 22 10
20 0 6
14 17 40
5 9 21
3 6 21
1 4 40
7 9 22
10 12 40
6 9 13
13 17 1
4 7 17
12 17 8
7 9 23
13 15 20
11 13 12
14 18 20
9 12 37
5 7 25
19 22 13
0 4 27
17 20 40
5 8 19
6 9 11
2 5 30
13 16 15
23 2 38
22 1 11
22 1 32
2 5 9
9 12 22
9 12 17
5 7 20
23 3 36
20 0 1
7 10 17
1 5 5
13 17 29
7 10 11
6 9 29
14 17 14
11 12 37
14 18 6
2 5 42
9 12 19
5 9 33
20 23 20
14 19 11
18 21 23
18 22 41
10 11 34
20 23 18
18 22 13
12 14 15
14 16 36
22 2 6
2 5 13
9 11 6
14 16 40
17 20 3
21 0 41
4 9 9
12 14 31
20 22 23
9 11 5
10 14 36
12 14 28
22 1 31
1 4 4
2 5 5
0 3 14
4 7 11
20 23 8
8 12 25
8 10 25
14 17 40
22 0 39
14 15 11
3 5 5
20 22 35
5 8 5
21 1 36
1 4 5
1 3 11
18 20 5
15 18 7
15 17 10
15 17 35
3 7 5
0 1 20
7 9 31
11 13 40
14 17 26
9 12 25
10 13 25
11 14 2
5 7 26
10 14 23
16 19 1
16 19 17
17 19 39
20 21 7
15 17 7
9 11 35
18 21 20
16 19 18
5 8 8
17 20 6
14 17 10
1 4 24
11 15 24
0 3 27
10 13 12
13 14 32
6 10 29
13 16 26
20 23 26
16 18 21
3 7 27
3 7 18
4 8 38
0 3 35
3 4 42
0 3 13
2 4 25
16 20 14
5 7 38
16 18 4
20 22 41
0 4 6
17 21 38
2 6 4
3 7 15
16 20 30
12 15 32
6 9 42
16 20 7
11 12 3
7 10 35
19 22 24
1 4 38
11 16 4
3 6 39
7 11 20
9 11 17
20 23 10
13 14 4
10 11 12
21 0 19
20 23 27
11 14 10
11 15 26
23 3 41
4 7 37
11 13 23
22 2 38
5 7 28
0 3 29
20 23 32
3 6 22
16 17 13
2 5 28
7 10 35
13 14 10
21 0 3
15 17 15
1 3 33
15 17 29
18 22 11
22 1 23
9 12 38
21 1 5
4 6 13
22 0 29
20 0 42
5 8 7
17 21 22
8 11 12
7 10 42
18 21 27
23 3 15
7 12 22
23 2 26
16 19 10
8 9 6
15 18 40
20 23 8
20 0 7
16 20 26
20 23 40
2 5 36
5 7 42
3 8 21
4 6 37
21 0 39
16 18 42
9 12 17
12 15 19
15 18 4
23 3 36
15 18 18
18 20 35
18 23 33
11 14 15
11 14 36
9 13 24
19 22 33
18 20 9
17 19 34
23 1 17
22 0 37
8 9 1
20 0 14
15 19 39
7 9 1
14 15 40
15 18 20
15 19 11
22 0 42
17 20 11
5 8 27
12 15 35
16 19 6
14 18 33
10 13 3
0 4 11
4 7 38
21 22 5
8 12 42
16 20 14
10 14 29
11 14 34
15 18 13
8 11 2
7 9 9
2 6 27
10 14 2
20 22 14
23 2 18
4 6 19
9 12 24
18 22 18
14 17 8
18 21 16
5 7 15
13 14 3
9 11 35
13 16 39
9 11 6
13 16 29
9 10 41
8 9 27
13 17 41
11 12 22
9 12 10
11 13 18
14 19 31
18 20 35
20 0 8
9 12 39
6 10 37
13 16 12
19 21 7
3 4 20
5 9 33
12 16 1
1 4 17
12 15 19
20 23 42
22 2 35
17 19 12
8 11 20
7 9 22
2 4 22
4 7 38
21 0 27
11 16 33
19 22 17
12 13 4
9 11 18
11 13 39
14 17 26
16 18 14
0 3 33
15 18 4
10 12 5
23 3 13
15 17 16
15 17 33
14 17 4
21 1 10
5 8 38
10 13 3
1 5 26
21 23 21
14 17 32
4 6 38
5 9 16
2 4 33
6 8 34
6 10 21
10 13 13
17 21 17
0 3 13
19 23 12
2 5 16
15 16 27
20 23 10
1 4 14
2 6 28
23 2 19
1 3 20
10 12 14
21 0 31
9 13 33
12 14 16
13 15 38
23 1 42
8 11 12
12 16 38
12 15 20
7 9 11
19 22 4
19 21 7
5 8 25
12 16 18
11 14 35
13 17 17
20 0 30
11 13 15
8 11 8
