7000 37
30 24 1 25 36 14 34 29 30 17 11 3 4 31 34 34 3 8 21 3 22 17 23 8 28 37 11 2 20 13 18 2 24 26 15 9 14 
10 13 1
0 3 23
3 6 10
9 12 12
7 8 5
6 9 29
2 4 12
17 21 18
18 21 21
13 17 20
6 11 19
10 14 20
22 0 27
16 20 15
18 21 10
14 17 29
9 13 21
1 3 2
12 14 19
1 5 5
4 6 16
13 15 15
3 6 5
19 22 30
9 11 27
12 14 31
18 21 28
5 7 7
6 10 2
14 16 17
19 23 24
11 14 27
8 12 26
11 14 19
5 9 20
7 10 5
5 8 12
23 1 8
10 14 37
11 15 26
4 7 34
21 2 23
13 15 5
21 0 6
17 20 28
2 5 27
4 7 20
21 1 6
18 22 4
0 3 22
21 1 2
10 12 32
3 6 35
5 9 14
19 21 15
15 20 29
7 10 16
4 8 1
18 20 37
10 13 26
1 4 4
19 22 35
16 20 17
17 20 15
19 22 10
22 0 3
23 1 23
20 22 14
4 7 37
0 2 1
18 22 26
1 3 5
4 9 31
4 7 1
15 19 10
5 8 37
7 10 5
10 11 2
8 11 12
21 1 19
6 9 18
1 4 13
0 3 2
7 10 6
6 9 20
12 17 21
20 0 30
17 20 37
23 2 33
7 10 10
0 2 5
20 23 22
3 5 20
6 10 23
16 17 34
5 9 26
1 3 31
9 13 2
8 12 29
11 15 5
10 13 28
1 4 22
5 7 26
8 12 5
5 7 24
8 12 9
13 15 34
0 4 36
19 22 19
16 19 12
19 22 11
0 3 32
2 5 37
9 10 10
8 11 36
18 23 18
19 22 7
11 12 28
21 23 7
5 9 25
20 23 37
16 20 17
8 10 1
14 18 30
0 3 2
2 5 25
2 5 9
3 7 16
16 19 34
8 10 37
5 6 20
3 7 10
12 16 14
16 19 8
14 20 37
0 5 18
3 7 14
23 2 18
20 1 8
3 7 33
11 11 4
6 11 15
9 11 16
6 9 4
17 23 9
11 16 14
5 6 26
20 23 31
22 0 3
12 15 35
22 0 29
11 15 29
0 3 29
17 20 4
12 15 10
17 20 1
22 1 3
10 15 9
9 13 33
14 18 27
4 9 30
14 18 20
22 1 28
3 7 31
18 22 18
22 2 4
11 12 25
9 11 7
2 5 18
7 9 29
23 1 12
3 8 16
9 12 29
14 18 7
10 12 16
5 9 13
12 14 37
13 17 25
10 12 2
17 20 11
20 22 35
22 2 8
23 4 26
23 1 27
8 11 3
22 1 18
13 16 12
23 0 8
20 1 1
4 8 37
7 9 35
15 20 9
18 19 36
23 0 11
11 12 6
18 20 9
14 18 36
5 8 17
15 18 35
13 14 9
8 11 33
5 10 21
3 6 22
20 23 19
14 16 34
2 5 35
8 11 8
15 17 20
20 23 13
9 12 9
3 7 5
3 5 6
22 1 34
11 13 27
9 13 3
0 2 9
19 22 16
1 5 18
5 7 21
21 1 29
23 4 30
16 17 18
14 16 8
21 1 13
14 17 20
1 3 5
15 18 11
23 3 34
19 21 1
20 0 26
11 14 22
1 3 14
21 23 1
0 2 19
16 19 31
22 0 31
15 19 16
4 7 35
5 7 30
21 0 20
17 19 19
17 20 30
1 5 29
2 6 16
19 22 18
14 15 30
17 19 20
22 0 9
20 23 4
7 9 34
4 8 19
12 14 21
23 4 11
17 19 20
10 14 1
2 4 35
0 4 26
23 3 10
10 13 3
16 19 37
22 0 34
21 2 29
10 13 15
6 8 4
1 5 4
6 9 1
15 17 10
16 18 11
10 13 30
0 3 21
7 10 35
7 11 8
12 16 12
7 10 11
4 7 24
9 12 17
9 12 27
8 11 29
15 19 34
15 16 14
14 16 15
19 23 18
13 15 15
21 23 31
12 15 28
11 14 31
0 2 8
22 2 23
4 6 37
10 12 25
8 10 25
0 2 33
12 16 30
13 17 29
19 20 10
11 13 24
16 18 26
0 5 27
20 1 26
9 10 22
9 13 19
18 21 9
8 11 21
11 13 2
18 0 35
17 21 10
21 0 16
14 18 30
9 12 23
22 0 34
21 0 29
3 3 26
6 8 29
2 4 9
17 20 36
12 15 25
5 7 37
18 21 25
13 17 23
7 10 11
8 13 32
13 14 35
9 13 2
11 15 24
11 14 34
10 13 14
18 21 37
22 2 34
7 11 1
19 22 33
18 20 36
23 1 15
7 8 35
0 2 14
5 9 23
11 14 27
21 23 19
0 3 16
21 2 32
18 22 30
19 21 9
16 18 5
6 9 15
16 21 15
13 15 32
11 16 21
0 4 11
19 23 15
21 0 32
14 18 18
9 13 9
11 14 4
3 6 28
21 23 1
22 1 37
19 20 30
10 14 24
15 19 16
8 11 24
7 11 29
2 5 7
0 3 1
9 12 31
5 10 34
7 10 28
8 11 13
9 11 17
4 7 34
18 23 1
5 8 24
3 6 5
11 16 36
6 9 9
12 14 33
13 15 11
6 10 36
13 15 20
4 6 36
3 6 1
11 14 24
11 13 19
14 18 12
20 23 22
11 15 17
8 12 23
15 18 5
2 6 26
17 22 8
5 7 27
19 21 37
1 2 6
5 9 37
7 11 10
5 7 13
15 18 1
11 14 13
0 3 22
9 12 25
0 3 10
17 20 1
21 1 31
15 19 26
5 8 14
22 0 20
1 4 11
9 12 32
13 16 15
2 5 6
19 22 25
11 16 16
21 0 8
13 14 20
23 2 18
23 4 23
10 13 23
21 23 24
0 1 1
18 21 3
4 8 36
16 18 32
2 3 28
13 14 5
10 13 17
3 5 27
14 16 15
9 13 12
18 20 4
19 23 33
1 4 19
8 13 24
4 7 1
12 15 33
12 14 23
7 9 21
17 18 19
23 1 10
5 8 20
13 16 36
8 12 23
19 21 20
6 9 9
16 18 5
15 18 16
22 1 34
9 12 30
7 8 11
9 11 8
1 4 29
8 11 10
10 12 35
12 18 30
6 9 16
14 18 12
17 20 12
22 2 5
3 8 35
14 18 3
6 8 2
12 15 21
4 7 9
11 14 18
1 4 14
8 13 16
4 7 35
1 5 1
5 6 4
14 16 28
11 14 37
9 14 30
7 10 12
22 1 12
5 7 36
16 18 34
2 5 24
18 21 3
6 9 23
6 10 20
1 5 17
11 14 14
20 0 11
13 16 36
7 11 23
7 11 18
17 21 7
10 12 31
7 10 10
6 8 7
1 5 37
5 7 10
4 8 35
11 14 16
5 9 25
19 21 13
5 7 13
21 1 35
14 17 27
18 21 22
22 1 24
11 15 18
12 13 5
17 20 4
23 3 7
14 16 22
3 5 19
1 3 29
21 2 1
7 9 5
7 10 1
6 9 17
3 6 9
7 10 21
1 6 6
18 19 37
7 8 31
12 14 20
0 2 21
5 9 34
2 5 22
6 9 2
1 7 3
1 5 16
1 5 3
1 5 22
20 23 22
7 10 18
17 20 29
0 4 37
1 3 32
1 4 26
11 14 15
13 14 37
11 13 15
1 5 17
17 21 12
11 13 10
13 19 4
13 17 3
14 16 35
10 13 29
1 4 35
2 3 6
23 1 2
21 1 6
21 21 13
20 21 10
1 6 6
20 22 3
20 22 11
7 10 11
23 1 27
0 2 29
3 5 27
14 17 34
16 19 9
15 19 5
20 1 16
18 23 11
2 3 31
3 7 22
2 5 1
10 14 7
11 15 37
0 4 25
14 18 24
18 21 9
21 0 36
11 13 20
23 0 29
13 16 14
1 7 28
19 22 22
5 7 37
10 12 27
11 14 16
8 11 2
21 0 7
3 4 7
4 6 29
2 4 15
18 23 27
9 12 7
15 19 5
15 19 36
0 2 18
2 5 8
20 23 34
6 9 13
22 0 19
15 16 13
15 18 6
17 20 13
20 23 14
16 22 15
19 22 23
1 5 1
20 23 28
2 5 32
7 11 6
14 17 20
18 22 12
23 0 2
22 2 32
10 14 33
13 15 16
10 12 7
15 18 33
9 11 24
20 22 32
13 16 23
20 23 1
13 17 24
5 7 14
2 6 18
7 11 21
5 9 13
6 9 22
2 4 16
5 8 25
10 11 24
16 19 30
19 20 7
18 20 28
0 4 27
17 20 26
21 0 2
0 2 23
10 13 8
3 6 31
3 7 22
10 14 19
17 19 5
1 5 10
7 10 37
12 15 8
16 19 9
15 20 1
4 6 36
12 16 26
4 6 16
2 6 30
12 15 25
7 9 29
2 4 21
1 4 33
2 5 15
20 22 28
12 15 36
3 8 32
10 13 5
23 2 2
6 9 10
2 5 27
22 1 29
9 11 5
22 1 9
4 6 33
21 0 33
4 7 6
17 19 23
16 19 28
15 18 21
11 13 4
7 10 36
6 8 9
7 10 17
4 8 12
13 15 35
23 0 11
20 23 7
12 15 25
10 14 34
2 5 18
23 2 7
20 0 33
15 19 15
11 12 4
20 23 26
2 5 17
17 20 31
13 16 4
18 22 7
4 8 9
22 1 15
2 6 37
7 13 31
0 1 2
21 0 33
4 5 10
3 8 28
23 1 33
5 8 5
11 14 16
0 4 9
5 7 13
3 6 24
18 19 15
13 16 28
16 20 32
9 11 5
11 14 16
6 10 7
1 2 9
23 0 16
22 0 24
19 23 35
5 9 20
8 12 30
15 18 3
7 9 3
19 23 22
14 18 19
11 13 29
21 1 4
8 10 11
0 2 11
9 12 20
10 13 10
0 4 31
20 23 17
0 0 26
3 5 27
10 14 6
9 11 17
11 12 19
10 14 18
1 3 8
10 12 8
1 5 30
1 4 5
7 8 26
23 0 23
23 0 12
3 6 35
20 23 33
9 11 12
8 12 36
11 14 13
4 7 12
4 7 5
4 6 32
18 21 14
4 8 31
0 6 37
20 22 5
18 23 24
3 5 2
4 7 36
9 12 26
1 3 5
10 15 33
1 4 15
1 4 8
4 6 23
13 18 12
19 22 33
7 11 9
15 18 33
7 12 4
17 22 21
10 14 14
15 17 20
12 15 32
1 4 19
16 20 21
18 22 31
8 12 4
2 5 25
13 16 18
3 6 18
7 10 14
19 21 8
21 0 18
17 20 12
13 16 27
14 18 17
3 6 23
0 3 30
16 19 14
22 0 9
4 8 6
20 21 21
6 10 19
17 20 31
6 9 34
8 11 10
0 3 3
3 7 3
6 11 32
11 14 2
21 0 20
20 0 26
20 23 35
2 5 33
5 7 2
9 12 25
19 22 3
6 12 6
3 5 32
5 8 8
13 18 36
13 16 30
19 21 15
4 9 37
21 22 20
17 19 31
14 17 22
11 15 10
14 18 6
9 12 31
11 15 33
21 23 32
4 7 14
15 17 22
18 20 6
6 9 32
20 23 12
19 23 3
10 14 4
17 19 35
4 5 26
4 6 15
8 13 17
6 9 13
6 10 12
6 9 5
18 22 28
17 19 1
4 7 11
20 23 8
3 5 16
11 12 37
16 20 32
11 13 21
12 16 29
11 13 21
22 1 25
21 0 24
20 0 4
11 13 19
20 21 12
2 7 20
13 16 7
8 10 15
11 14 2
11 14 30
6 10 15
13 17 23
4 9 17
22 2 28
4 8 36
9 12 3
14 16 14
12 15 17
20 22 25
7 11 11
0 2 18
13 15 22
12 14 7
17 19 4
11 14 4
18 20 32
2 6 24
17 21 6
0 3 36
15 20 27
20 22 8
7 9 5
8 10 13
1 4 23
16 18 24
7 9 10
17 21 22
18 21 9
13 16 5
12 16 8
4 8 21
12 14 35
8 11 34
4 8 5
0 4 25
0 2 21
22 2 17
5 10 3
12 15 9
20 22 26
18 22 15
16 18 16
0 2 27
23 2 17
17 18 15
12 16 3
9 12 29
21 0 15
15 18 32
13 14 11
20 23 32
14 16 1
18 22 10
22 2 36
4 8 27
12 15 35
7 9 32
17 22 35
16 19 7
2 4 16
5 10 1
3 7 18
8 14 9
12 15 31
16 19 32
10 13 32
5 9 28
20 23 5
4 7 23
6 9 33
1 4 26
6 10 29
14 17 12
4 6 31
16 19 2
12 16 24
23 3 22
14 17 14
12 16 10
10 13 13
9 13 26
15 18 26
5 8 23
12 16 28
14 17 36
1 3 18
23 2 18
12 14 30
11 13 10
19 23 24
2 6 22
11 16 32
10 13 30
12 16 19
0 1 9
20 0 13
4 7 1
20 22 8
8 12 14
9 13 18
8 11 32
1 5 34
19 23 19
18 22 15
4 7 20
12 15 13
13 16 19
23 1 14
10 13 7
22 2 18
16 19 23
0 2 5
22 3 27
3 6 6
8 12 27
23 1 13
20 0 2
1 3 16
3 6 37
11 17 4
2 4 16
5 8 23
20 21 2
17 19 8
17 20 18
23 2 15
15 19 28
23 2 34
5 9 33
2 6 35
8 12 1
17 20 31
0 2 36
8 10 32
10 13 18
11 15 34
13 16 18
4 8 31
0 3 26
12 14 15
0 4 30
19 22 15
8 12 15
8 12 30
8 10 32
6 8 24
0 2 11
15 18 34
18 21 22
1 5 17
18 22 21
4 7 35
14 15 6
21 22 7
10 12 23
8 12 15
2 4 14
17 20 24
15 17 37
1 4 14
20 0 35
1 4 35
5 8 25
10 13 35
7 10 1
23 4 15
16 20 7
21 23 25
1 3 35
4 8 22
4 7 15
9 11 1
3 6 12
14 19 34
13 16 6
10 13 23
8 10 24
14 16 35
11 15 8
4 9 6
12 14 14
1 3 18
23 2 20
10 14 25
10 12 34
1 2 1
14 16 35
19 21 19
4 8 9
23 1 19
1 5 28
16 20 14
22 1 18
0 4 13
21 23 29
21 22 16
17 20 23
19 22 32
14 16 8
19 23 21
20 21 24
12 16 15
18 22 7
17 20 12
15 17 7
19 0 17
11 12 28
15 18 14
22 2 29
23 4 4
21 0 22
14 17 24
7 9 16
9 10 31
7 11 24
13 16 22
6 9 20
1 3 3
18 22 37
12 14 23
6 9 11
21 0 18
19 22 16
5 8 17
6 8 35
7 9 22
11 14 11
5 9 6
17 19 4
11 13 23
15 19 30
2 6 8
6 9 16
4 6 32
17 20 2
19 22 22
17 19 11
1 5 17
3 6 14
0 2 32
0 3 20
9 11 32
12 16 30
8 12 21
20 23 35
10 13 2
17 21 27
1 3 4
22 2 3
17 21 32
19 23 29
13 17 29
12 14 30
10 14 32
11 13 31
19 22 37
8 11 8
8 12 25
19 23 30
15 18 12
6 8 34
15 18 28
7 10 23
3 5 25
9 12 35
10 11 22
5 7 3
0 1 27
16 19 32
1 5 32
23 2 3
13 17 6
7 10 24
11 15 12
10 13 19
21 0 26
8 12 18
2 6 20
16 20 23
12 15 9
20 22 16
15 17 16
14 17 30
14 18 31
19 22 12
16 18 15
17 23 18
13 16 20
17 19 27
2 6 23
13 17 17
19 23 22
23 1 24
1 3 23
4 7 30
5 9 32
20 0 11
23 2 24
0 4 30
13 17 21
0 3 16
23 4 30
22 0 33
8 11 4
6 11 34
4 6 8
20 23 20
6 8 34
6 9 37
20 22 30
8 9 4
19 23 14
12 16 23
13 17 35
18 21 36
9 12 12
23 4 21
3 5 33
3 5 8
19 23 28
17 20 21
10 13 31
12 15 3
13 16 20
22 1 19
21 0 12
3 6 37
11 11 36
20 23 11
13 17 19
21 1 4
6 9 17
21 0 27
15 18 4
1 5 25
7 11 2
11 12 28
21 0 24
16 19 35
10 14 18
18 22 24
0 4 12
4 8 22
17 19 25
0 2 22
9 12 36
10 12 8
5 7 30
6 8 22
21 1 20
21 23 22
0 3 19
22 1 27
22 1 1
8 12 37
3 6 24
23 2 6
22 0 26
9 11 1
21 0 27
23 1 25
20 22 4
6 8 13
21 0 32
22 0 17
0 2 12
7 11 3
12 16 18
7 11 25
19 21 4
21 0 30
12 13 2
6 9 21
8 10 5
16 18 26
2 5 34
6 9 29
7 9 31
15 17 20
0 4 29
13 16 5
6 9 28
17 20 17
23 2 6
1 4 9
16 20 29
22 1 22
23 3 34
3 6 37
10 13 3
23 1 5
13 18 11
11 15 2
17 21 1
11 14 17
3 7 17
5 10 24
11 14 4
15 18 10
2 5 29
15 18 23
23 1 15
8 10 7
15 19 2
13 17 8
10 13 15
17 21 4
2 6 8
21 23 27
0 3 11
8 11 6
3 5 9
13 15 36
23 1 31
2 4 4
18 21 25
21 0 27
8 9 17
15 18 7
7 9 1
22 1 8
18 20 36
14 17 18
4 6 18
23 4 7
15 18 3
11 14 8
21 0 28
4 8 17
0 2 31
5 9 16
22 3 2
9 13 17
11 14 15
11 13 26
3 5 15
3 5 2
5 8 11
10 13 16
10 14 33
5 9 16
15 18 4
18 20 26
1 4 3
6 10 17
12 13 16
1 2 14
5 9 15
16 19 23
21 1 2
15 18 8
10 14 24
21 0 5
8 12 14
4 6 3
0 3 7
1 4 21
1 4 25
4 8 22
9 12 10
2 4 24
15 19 27
9 12 7
0 3 18
14 19 35
17 20 30
20 23 22
20 23 34
23 2 35
0 2 16
3 4 34
2 4 35
1 6 8
15 19 13
7 7 14
15 18 28
12 18 13
17 20 20
21 22 20
14 18 17
11 15 15
1 5 33
4 8 32
6 10 28
6 9 17
23 3 21
20 23 18
14 18 20
23 3 23
1 4 27
15 18 16
18 21 4
5 8 11
6 8 3
0 3 25
18 22 1
18 21 31
12 14 28
7 10 29
16 20 5
16 21 22
14 17 27
9 12 31
22 0 3
14 16 1
15 18 37
16 19 35
5 8 28
17 19 19
12 17 15
17 20 17
22 3 16
2 5 14
17 21 12
7 9 34
13 15 20
2 4 19
10 13 3
4 7 32
2 4 20
23 4 9
7 11 25
20 22 24
8 12 21
5 8 16
8 11 26
19 21 25
0 5 19
18 22 5
7 10 12
17 21 35
0 3 29
9 11 1
21 0 34
18 22 6
2 6 26
13 15 36
11 15 16
16 19 16
20 22 17
10 12 7
23 2 25
13 16 25
14 18 29
3 6 6
14 17 9
20 0 34
15 18 32
8 13 23
9 12 24
10 13 27
1 4 22
11 14 14
5 6 7
17 19 25
21 0 12
9 12 33
10 13 14
16 19 1
5 8 34
17 20 20
5 7 2
15 18 3
12 14 14
8 12 26
1 4 36
9 12 12
12 14 31
8 11 22
1 5 28
10 14 11
16 18 30
23 3 6
5 6 11
15 17 17
22 1 5
9 9 27
5 6 14
2 5 15
11 12 4
14 16 15
19 23 9
11 16 12
22 0 7
23 1 36
1 4 15
20 22 37
22 1 7
16 20 17
10 12 36
19 22 31
20 23 34
12 16 26
9 13 16
8 11 18
14 16 8
3 6 14
8 11 8
22 1 37
19 22 7
23 0 28
4 6 25
16 19 17
22 23 28
19 22 32
19 21 21
8 12 7
13 16 26
8 12 25
22 1 15
4 7 20
8 11 32
23 1 3
12 15 30
21 0 8
11 15 37
20 0 13
11 14 35
18 22 30
4 6 9
13 17 33
17 20 15
16 19 29
13 17 20
12 16 36
11 14 10
17 22 27
13 17 32
20 0 35
21 23 19
7 11 11
8 10 4
19 22 21
0 3 16
14 16 5
15 18 35
19 23 9
16 19 16
20 23 34
22 1 31
11 16 28
16 16 14
6 8 27
6 9 1
12 15 19
17 19 34
9 12 9
1 3 16
4 6 19
23 2 31
22 1 5
23 0 36
5 8 14
0 3 13
8 11 23
5 8 34
5 9 13
4 7 4
22 2 8
6 10 25
14 15 36
16 18 20
6 9 25
5 8 3
21 0 20
21 0 2
4 7 11
22 1 27
7 11 17
5 9 28
4 7 1
5 8 9
0 3 9
14 17 31
10 13 36
4 5 4
1 6 32
6 10 35
8 10 35
8 12 28
0 4 10
10 13 14
11 14 26
23 3 36
10 14 3
22 1 34
21 1 3
20 22 32
22 1 13
4 7 30
5 7 22
13 15 6
14 18 6
8 12 37
9 12 23
19 21 22
23 2 34
6 8 35
12 16 34
21 1 28
18 20 30
0 2 1
5 7 22
3 6 33
6 8 11
18 21 25
21 1 4
9 13 16
5 7 20
17 20 30
8 10 28
19 22 18
19 23 19
1 3 27
11 14 25
11 14 20
17 19 4
16 18 15
14 18 37
12 15 8
20 0 5
1 4 2
5 8 21
10 12 7
23 2 6
3 9 10
16 18 15
17 20 37
8 11 19
5 6 29
8 12 8
11 15 2
17 21 21
20 23 16
22 2 37
19 21 33
0 1 5
0 0 17
17 19 10
5 8 16
21 23 4
14 17 1
21 0 24
9 12 31
0 3 11
1 4 10
6 11 18
7 10 15
21 23 33
14 17 9
16 17 37
17 21 12
12 15 11
19 23 9
23 1 10
22 1 33
21 0 11
0 2 5
23 2 8
6 9 5
1 3 32
14 16 7
10 14 33
11 15 17
23 2 12
17 20 36
23 3 7
1 4 12
21 1 32
7 9 32
8 12 35
12 14 27
22 1 16
4 5 16
21 0 29
19 22 16
2 6 9
3 6 16
20 23 13
3 6 20
12 16 29
9 12 19
8 13 2
9 12 22
1 4 12
11 16 26
20 22 35
1 4 4
16 23 8
7 11 16
3 4 1
21 0 25
7 11 13
12 14 7
3 5 33
19 23 30
18 20 29
13 16 14
8 10 35
8 12 15
3 5 33
0 3 33
2 4 19
18 22 10
5 6 6
6 9 35
13 16 8
11 13 32
22 1 22
22 0 5
19 22 8
16 18 5
19 22 2
7 11 31
3 5 19
4 5 10
6 8 12
4 7 30
2 4 6
0 3 21
19 20 1
11 14 33
22 0 16
17 20 19
17 20 27
11 14 33
21 23 8
20 1 16
19 22 13
4 5 29
4 7 18
21 0 19
6 7 18
18 21 12
17 21 37
2 7 12
18 21 33
1 3 6
3 7 6
17 22 19
2 6 11
21 2 37
14 18 11
10 14 10
8 12 24
20 23 3
16 19 11
0 4 25
22 1 16
13 17 8
10 14 7
18 22 18
8 10 9
5 7 11
19 22 21
1 3 20
22 0 34
11 14 6
15 18 12
7 9 1
11 15 6
3 6 14
9 10 5
12 14 14
22 0 2
14 16 23
6 11 8
14 18 21
8 11 21
6 11 5
0 5 13
3 6 18
3 6 4
0 5 32
20 22 16
12 13 13
23 2 1
5 8 4
4 8 13
14 17 9
6 10 12
21 0 33
16 18 8
23 2 5
1 4 4
12 17 32
3 7 16
3 6 37
16 20 14
7 10 29
18 21 22
15 19 23
13 17 16
17 20 32
0 4 9
3 6 5
7 10 1
1 4 8
5 7 18
21 0 33
17 18 7
15 17 4
16 19 6
19 23 8
22 2 10
8 11 17
21 23 12
0 4 8
0 5 18
6 10 3
14 17 31
21 23 3
9 9 15
22 2 34
1 5 19
15 18 24
19 20 15
19 23 13
22 0 6
5 8 5
13 14 14
12 16 33
16 20 29
16 19 21
14 18 9
9 12 3
19 22 21
15 17 20
18 21 23
12 15 31
16 21 12
5 7 22
20 23 31
3 7 33
14 18 18
22 1 10
8 11 15
8 9 19
12 16 35
19 21 31
7 11 35
18 21 26
23 1 28
11 13 33
15 17 37
5 8 17
6 10 14
12 15 1
20 22 37
8 11 17
15 18 27
5 8 33
6 8 19
19 23 5
7 11 24
21 22 36
9 12 1
13 17 35
5 9 6
23 3 6
1 2 24
16 19 13
13 17 31
4 8 12
20 22 10
3 5 9
6 8 22
21 0 5
17 19 25
11 15 18
5 9 7
19 21 27
16 19 15
1 5 24
2 4 10
7 8 21
8 13 25
3 6 8
7 10 36
10 14 12
23 1 15
19 20 1
14 18 31
6 7 10
2 5 12
15 19 14
17 18 19
22 2 36
6 7 3
17 21 21
18 21 12
5 9 7
21 0 25
15 19 21
7 11 7
14 19 3
16 19 2
2 4 19
4 8 36
11 14 23
13 16 35
15 19 20
6 8 1
21 23 18
0 1 2
10 13 33
3 6 16
6 9 31
2 4 7
0 3 23
14 15 13
6 11 31
14 18 26
9 12 18
17 20 33
21 0 24
22 1 24
6 9 11
1 4 29
8 10 14
7 10 20
19 20 11
0 2 36
2 4 30
17 20 17
12 16 32
23 2 20
0 4 5
9 13 25
17 20 16
2 4 21
16 19 27
9 12 15
23 3 24
9 13 10
13 16 22
8 9 20
1 4 25
18 22 4
3 5 29
14 17 35
13 16 30
5 7 24
23 3 4
16 20 34
19 19 1
0 2 14
14 19 9
22 1 20
8 12 27
8 11 24
0 4 34
16 18 1
9 13 30
18 20 19
12 16 2
8 11 30
8 12 25
17 21 4
16 19 36
6 10 3
19 22 36
0 3 25
21 23 24
7 9 30
14 19 9
5 8 13
21 0 25
21 0 2
11 15 20
18 22 10
5 8 14
7 10 1
16 20 5
13 16 32
20 22 15
4 6 8
18 20 16
11 14 30
10 13 37
21 23 34
6 10 37
1 3 15
12 16 33
11 13 32
11 15 25
22 2 30
4 8 6
22 23 37
1 4 2
19 23 3
4 7 34
22 0 37
18 21 35
6 10 18
16 19 7
5 10 14
7 9 28
14 18 17
11 14 1
10 13 2
11 14 8
19 21 34
23 3 5
9 11 11
1 3 21
11 14 18
16 18 4
5 8 3
23 3 31
15 19 3
23 2 17
15 19 35
3 7 33
5 8 31
1 3 14
2 4 8
16 18 16
17 20 34
2 6 33
0 3 8
11 13 19
18 22 20
7 10 14
7 10 31
9 12 18
18 21 28
19 22 4
4 7 6
9 11 10
14 18 4
7 9 8
10 14 25
6 9 10
22 23 23
6 8 16
11 14 4
23 23 32
19 21 23
19 22 2
16 17 27
4 7 8
18 22 23
16 20 35
4 8 37
2 5 8
0 3 7
18 23 1
7 10 24
4 6 26
5 8 15
21 0 22
15 18 17
1 5 20
23 2 35
6 9 22
19 23 1
0 2 21
20 23 14
14 18 12
23 5 9
2 6 6
20 22 21
15 18 6
21 1 4
6 9 11
17 19 24
4 7 13
10 12 21
18 21 18
21 1 11
14 17 28
4 7 27
20 0 24
16 19 17
22 0 16
8 11 19
13 16 37
3 6 34
14 19 19
21 0 18
16 21 33
3 6 4
11 16 12
16 18 11
4 6 22
14 16 25
5 8 17
10 13 13
0 2 33
6 9 21
20 22 6
3 7 1
10 15 30
18 18 13
9 12 22
3 6 31
22 3 37
17 21 27
3 6 36
4 8 10
15 17 15
11 14 32
8 10 29
1 4 1
2 6 18
13 16 18
6 8 30
12 14 4
14 16 14
4 6 8
7 10 31
17 20 27
22 1 17
4 8 32
19 20 30
12 15 11
6 10 33
22 1 21
20 23 1
5 8 7
11 13 35
11 14 29
0 4 23
2 4 23
17 20 1
4 8 32
7 10 13
19 22 32
1 4 23
9 12 7
18 20 14
16 19 7
17 20 19
2 6 25
11 14 29
0 4 22
8 11 9
7 10 13
19 1 11
22 3 9
12 15 32
21 23 30
1 4 35
8 12 23
16 22 5
18 20 15
9 13 33
11 15 27
21 23 18
22 2 23
6 10 14
14 16 15
11 14 13
18 22 19
7 9 17
21 0 36
18 21 33
21 22 4
11 14 2
22 1 33
23 2 15
5 6 1
0 3 16
18 20 33
0 3 8
21 1 32
23 1 11
6 10 24
4 8 23
7 11 5
9 11 30
4 7 6
21 0 25
2 5 30
2 5 36
2 4 2
16 18 8
14 18 25
17 19 34
8 12 26
22 2 34
8 11 22
11 13 18
4 7 22
9 13 20
16 18 37
5 9 3
13 17 2
14 19 35
21 2 14
22 2 19
22 0 3
3 6 5
2 4 5
20 1 11
1 3 2
20 22 1
2 3 31
21 23 15
11 16 6
14 17 32
10 13 1
1 3 31
0 4 16
7 10 32
3 7 20
10 15 30
22 0 2
10 13 32
1 4 25
20 21 35
21 0 29
13 17 22
13 16 15
5 9 35
7 9 29
4 8 30
19 0 7
1 4 35
11 15 3
0 3 12
13 15 4
22 2 24
22 2 37
14 19 27
14 15 9
6 8 21
9 11 17
15 19 13
14 19 17
23 4 4
8 11 3
12 15 10
5 7 32
0 4 16
23 3 36
7 9 15
5 8 24
4 6 25
16 18 27
22 2 11
23 2 11
1 3 19
13 16 25
8 10 15
6 9 28
19 22 11
14 18 4
4 7 27
20 21 31
18 19 4
9 12 24
21 22 20
15 19 4
10 12 2
12 14 1
18 21 13
19 22 14
11 12 28
13 15 2
16 21 27
16 19 8
8 11 11
22 2 21
3 6 20
3 8 35
16 21 16
1 4 36
4 8 28
14 16 32
12 16 30
14 18 29
11 18 6
22 1 32
11 15 33
13 16 9
17 21 7
15 17 15
1 5 32
3 6 22
14 16 14
15 16 13
5 8 7
5 8 31
5 10 25
0 3 37
2 4 9
5 8 11
16 16 26
22 1 16
12 15 21
13 18 13
6 9 6
2 5 10
12 16 3
10 14 27
9 12 4
17 20 27
8 11 11
3 6 24
22 0 1
10 14 26
8 12 15
10 13 32
6 8 31
1 4 36
4 8 9
18 20 29
5 10 21
5 8 29
16 19 9
13 15 13
12 16 2
17 20 14
17 19 18
13 16 26
5 8 5
22 2 4
7 11 33
16 19 7
11 14 1
17 21 14
21 2 15
9 12 30
4 6 1
1 3 11
11 14 5
14 16 28
3 7 34
3 7 12
4 8 33
19 20 13
4 8 19
15 18 14
0 3 15
22 0 35
1 4 15
14 17 8
4 7 17
1 3 16
12 17 4
12 13 37
0 3 37
14 15 37
19 22 24
5 7 14
20 23 27
2 4 3
14 16 26
15 19 24
12 14 12
5 9 18
14 16 25
21 1 37
5 8 37
4 8 4
6 9 6
21 2 15
18 20 23
7 9 33
8 12 17
8 12 18
14 17 27
1 5 26
9 11 28
18 21 25
0 3 11
20 0 11
6 10 10
15 18 9
21 23 20
1 5 19
8 10 12
16 20 28
0 1 30
20 21 23
23 3 26
15 18 7
6 8 27
4 8 15
21 0 12
19 22 29
20 23 17
15 18 25
20 22 13
5 7 7
19 22 15
17 20 24
14 18 22
4 5 31
22 3 33
2 2 32
22 0 7
13 16 16
15 17 36
14 16 24
8 12 15
14 18 25
6 9 31
21 23 27
15 17 2
0 3 12
11 14 6
2 3 34
19 20 15
4 7 20
1 3 31
2 4 25
8 12 4
15 17 36
1 5 27
6 9 6
0 4 21
1 5 26
19 22 20
17 19 25
1 5 25
1 3 14
4 6 13
2 4 2
6 9 3
17 21 27
16 19 11
17 18 12
13 15 17
16 20 21
18 20 6
23 2 6
20 0 13
20 22 13
3 6 11
3 8 5
17 21 31
10 12 9
11 14 32
5 6 29
7 10 9
21 1 30
21 0 33
19 23 35
16 20 17
5 8 12
7 11 5
5 7 23
0 3 5
23 3 36
16 20 18
23 2 7
14 17 18
4 5 19
20 22 30
14 16 10
23 3 27
14 17 33
12 14 29
9 13 1
18 21 23
20 23 32
23 3 36
0 1 37
19 21 33
19 0 26
4 8 22
8 12 36
20 23 25
1 3 29
12 14 16
23 1 24
13 16 10
9 12 4
21 1 3
21 1 20
4 6 20
3 6 1
9 14 3
23 3 4
8 12 37
8 13 8
13 16 15
6 9 10
5 6 31
6 9 29
15 19 4
12 15 9
13 17 34
17 20 18
2 4 33
10 12 25
13 15 16
14 16 1
12 15 16
11 14 30
13 18 21
15 18 14
21 0 37
23 3 29
1 4 18
12 13 25
2 5 15
3 6 20
22 1 26
19 22 22
18 20 30
18 22 10
17 20 1
9 10 27
7 9 25
13 17 35
3 7 23
9 13 19
13 17 3
23 2 33
8 9 33
6 9 30
19 23 7
5 9 17
10 12 17
20 0 6
6 8 31
22 1 20
3 5 37
20 22 26
8 13 26
6 8 12
6 8 25
14 15 8
13 17 34
19 22 19
17 21 5
19 22 23
20 22 15
0 4 12
11 15 2
3 6 13
18 22 1
9 14 14
0 2 4
1 5 3
6 10 31
15 17 21
6 9 25
11 14 1
12 14 20
4 7 8
5 8 19
6 9 14
18 20 10
13 16 36
5 7 36
2 5 23
13 15 24
2 6 15
15 19 29
13 17 6
14 17 27
11 13 19
7 11 37
0 3 12
1 4 18
21 1 24
22 2 26
8 13 26
23 2 15
23 1 22
15 18 2
2 5 18
12 16 35
1 3 5
13 18 9
9 12 9
5 7 21
21 23 33
14 16 19
4 7 25
22 1 2
23 1 29
4 7 37
3 7 8
0 5 28
21 1 33
5 7 23
23 2 31
2 8 2
16 19 16
13 16 5
12 13 18
11 14 20
5 6 11
9 11 6
13 16 4
12 15 17
2 6 20
0 2 31
10 13 26
9 14 22
16 18 17
7 10 21
17 20 5
20 23 28
17 21 19
10 12 3
11 14 37
17 19 24
20 0 23
8 12 8
5 8 31
21 23 35
7 11 18
4 7 33
15 18 18
4 9 7
0 3 7
20 0 37
9 10 25
16 20 8
6 9 26
10 14 29
14 19 23
20 23 4
7 10 32
4 7 15
9 13 8
1 4 30
20 23 13
20 0 9
18 21 37
8 11 26
5 8 9
19 22 18
15 17 26
2 5 32
0 4 11
9 10 7
8 12 34
7 9 21
19 23 35
7 12 34
2 6 16
12 15 9
0 3 23
7 9 22
16 18 14
23 2 14
19 21 19
17 22 19
23 2 17
0 3 9
22 0 12
11 15 11
8 10 2
21 23 10
13 16 33
4 7 27
11 15 32
23 4 29
1 4 32
1 5 7
13 16 22
14 19 7
13 15 5
22 2 5
16 18 5
0 2 2
11 14 26
3 5 10
1 3 12
19 20 26
15 17 34
10 14 29
15 19 10
22 0 20
11 13 20
23 3 15
18 21 35
18 22 7
3 4 1
4 7 29
15 19 21
10 14 11
23 3 34
0 2 4
17 18 14
3 5 5
20 23 32
2 4 6
3 4 16
22 1 23
22 0 8
21 22 12
18 21 16
0 3 6
22 1 8
0 4 5
12 16 11
9 11 22
3 6 31
16 18 20
9 11 29
4 7 4
16 20 19
17 19 13
6 9 11
4 6 15
5 9 36
8 10 3
8 10 35
20 22 37
6 12 28
5 6 8
1 5 33
18 22 30
3 7 11
10 13 20
21 1 32
23 2 1
5 9 32
17 19 24
22 1 12
9 13 26
19 22 29
17 20 22
22 0 6
9 12 11
10 13 5
4 6 3
8 11 27
6 10 9
5 8 4
10 12 13
17 19 5
6 8 3
16 19 36
21 22 36
17 21 37
15 17 25
22 1 24
20 23 6
11 14 2
21 23 14
7 10 27
21 0 14
3 5 22
15 19 12
21 0 21
11 15 20
15 19 36
3 7 22
20 23 9
17 21 21
10 12 33
16 19 7
15 18 16
19 22 11
5 8 10
16 20 31
10 12 8
14 16 26
12 15 37
21 23 35
5 8 7
12 16 20
11 12 2
20 23 37
11 14 5
2 4 34
10 13 37
3 8 29
10 14 11
11 13 37
19 23 21
6 8 37
6 9 22
15 19 2
14 18 18
9 11 24
17 19 27
7 9 6
13 16 26
4 10 4
22 0 2
11 12 12
13 16 5
22 0 21
0 3 18
5 8 25
19 21 14
19 23 16
18 21 11
12 15 9
10 13 28
16 20 36
23 0 2
8 14 15
20 0 22
17 20 36
17 20 8
13 16 30
14 16 29
6 10 9
15 17 15
3 7 37
6 9 27
6 9 7
23 1 4
2 4 33
0 4 12
3 6 26
18 20 15
19 23 23
2 4 21
22 1 31
0 5 5
13 15 17
12 17 33
8 12 4
20 23 17
8 11 24
18 21 16
8 12 7
0 3 10
7 9 12
18 21 20
3 7 25
5 8 2
19 22 8
21 23 29
17 21 23
0 3 24
0 3 35
17 20 21
3 7 4
1 4 1
6 8 37
9 10 33
2 4 20
16 19 24
22 2 33
5 9 35
9 12 10
21 23 34
5 8 18
19 21 19
2 5 16
8 11 1
22 3 14
23 1 34
3 6 4
17 21 3
12 13 6
7 12 7
17 20 12
19 22 28
6 8 23
12 16 35
14 16 36
16 18 21
17 19 2
6 10 16
13 16 19
23 2 8
18 20 15
15 18 24
12 16 11
3 5 23
3 6 37
23 3 13
20 0 30
15 16 35
21 2 25
7 11 24
15 18 27
19 23 36
16 20 19
0 1 36
17 20 7
18 22 14
22 1 32
3 6 11
15 19 27
0 4 12
12 15 25
0 5 22
16 19 11
3 6 36
22 1 20
19 22 34
16 19 30
2 5 32
10 14 4
0 2 21
18 22 2
18 19 16
1 5 36
20 22 27
3 6 15
22 1 21
14 16 26
9 13 11
20 0 19
5 8 10
22 1 9
5 9 31
17 19 21
6 7 18
8 10 7
21 1 25
23 0 29
17 18 21
16 19 1
15 18 3
8 11 5
20 22 19
8 11 23
2 6 22
20 21 9
22 1 6
2 6 14
10 13 37
21 1 23
23 0 33
4 6 1
8 11 2
23 2 20
3 6 4
16 20 37
21 1 25
9 12 35
16 19 7
11 15 32
11 14 7
20 23 34
21 21 23
13 18 4
2 5 25
17 19 25
0 4 30
4 6 24
22 2 26
2 5 11
13 14 33
20 0 19
17 21 21
13 16 13
2 6 13
18 21 20
9 12 29
2 3 26
15 20 36
6 8 4
0 3 37
14 18 21
18 20 6
22 0 33
19 22 18
5 10 18
12 15 5
14 15 13
11 12 36
22 1 32
21 0 19
11 13 37
21 1 5
6 9 25
6 8 6
8 13 18
18 22 1
22 1 10
1 3 17
10 13 35
12 16 16
18 20 15
17 18 24
13 18 32
7 9 6
5 9 8
2 4 37
13 15 1
1 5 32
11 14 18
10 13 31
3 6 19
3 7 6
13 17 12
8 10 14
2 4 9
12 15 4
18 20 25
12 15 21
12 15 4
17 19 11
16 18 31
12 16 1
12 15 14
17 20 4
11 13 27
14 18 28
21 0 13
12 14 36
8 13 9
2 6 34
18 23 29
3 6 18
2 3 35
19 23 34
5 8 21
3 7 10
20 22 25
2 4 35
6 11 22
20 23 19
16 19 35
20 20 7
14 18 29
12 15 24
5 7 36
22 1 3
2 4 1
8 11 4
17 20 8
13 17 14
12 14 10
0 1 25
22 1 30
10 13 5
21 0 4
14 17 35
11 14 31
13 16 17
15 17 16
20 22 27
4 6 37
14 17 24
15 18 20
6 9 32
13 16 23
20 22 16
6 9 3
21 0 31
21 22 17
18 20 4
4 7 35
3 6 17
22 2 34
18 22 24
20 0 13
13 17 17
5 8 36
20 23 7
11 16 37
1 4 17
23 1 5
0 4 9
17 19 11
15 19 3
1 3 31
21 1 25
6 8 1
9 13 29
3 8 18
4 7 5
23 1 21
18 22 16
14 16 21
17 20 13
2 6 36
4 5 25
0 4 8
16 21 9
13 16 11
6 9 8
21 1 25
16 18 2
21 23 14
11 14 34
23 2 33
1 5 4
15 18 25
5 8 13
11 14 29
14 17 4
21 1 9
9 14 31
16 20 15
22 2 21
20 23 7
5 9 16
13 16 11
22 1 12
10 13 26
19 22 13
22 3 2
20 0 1
10 14 2
2 4 18
9 12 2
12 13 20
14 20 31
22 3 2
8 11 32
7 11 12
17 21 1
15 17 32
3 6 2
12 15 24
1 6 6
19 21 20
2 6 34
11 14 2
18 20 14
21 1 6
19 22 7
17 20 36
22 2 30
14 16 16
15 17 13
4 8 19
23 4 21
16 21 15
23 2 8
16 20 10
15 18 36
0 4 1
16 19 30
12 16 30
15 18 17
15 17 28
19 0 19
1 2 26
17 21 28
12 15 1
23 1 16
4 6 9
17 20 31
23 3 24
13 16 7
6 8 17
6 10 5
3 6 18
3 4 27
4 7 35
1 5 4
21 1 10
21 0 33
9 13 5
1 2 28
10 13 28
4 6 10
15 18 12
8 13 31
13 18 25
8 12 22
6 8 14
7 11 36
20 23 25
2 4 13
10 11 25
22 0 33
12 15 3
13 16 17
14 18 2
21 23 24
6 10 9
3 5 10
2 5 11
4 8 27
6 9 13
15 18 17
10 15 7
13 15 24
3 6 31
3 5 10
2 4 29
10 14 20
10 12 20
12 13 22
18 22 1
11 15 14
8 12 19
0 2 4
17 19 28
12 14 31
6 9 14
23 1 9
18 21 11
17 20 21
9 12 32
14 19 11
10 13 12
14 16 28
20 22 24
18 22 13
18 20 19
6 11 16
6 8 26
16 19 10
16 20 27
12 15 9
19 20 15
4 8 15
15 17 27
3 7 7
20 23 35
11 14 37
17 20 2
14 16 29
4 6 21
8 11 22
20 21 17
17 20 7
10 13 11
0 4 26
16 20 33
11 14 22
7 10 1
23 1 15
20 22 10
3 6 10
22 0 2
6 10 26
9 11 10
19 22 19
10 12 1
21 22 18
19 22 9
3 5 32
2 6 19
1 6 30
20 23 14
7 9 6
13 15 37
11 15 16
14 19 16
19 21 12
17 20 36
21 0 23
22 2 10
11 14 4
18 22 29
19 22 2
15 19 8
16 20 33
15 18 2
3 7 26
14 16 7
14 16 6
10 14 8
3 6 31
16 19 19
7 10 9
13 16 13
10 14 3
16 17 25
15 19 9
9 12 1
5 8 10
12 14 27
15 16 14
6 10 25
19 22 14
4 8 15
13 15 17
7 10 11
15 18 34
5 8 4
11 13 21
11 13 14
15 17 1
19 22 6
11 14 33
23 0 33
0 3 29
2 4 2
14 16 34
2 3 7
1 4 3
3 6 22
5 8 32
7 10 21
17 20 34
0 3 36
17 20 29
15 18 33
11 13 12
13 15 31
15 17 27
9 11 11
2 4 24
15 16 18
19 23 4
1 5 32
17 20 32
7 11 9
20 0 9
1 4 28
7 11 15
13 16 15
10 13 4
22 1 30
14 17 9
21 0 23
12 15 10
4 5 26
5 9 23
21 1 34
1 3 10
8 12 12
12 15 32
16 21 28
5 9 15
18 19 7
1 3 19
13 16 20
8 10 29
5 8 9
0 0 14
20 0 27
15 17 26
2 6 19
20 0 11
6 8 14
7 10 8
22 1 35
11 14 30
11 16 14
12 15 2
4 6 34
23 23 6
22 0 34
5 7 29
4 5 7
6 10 7
9 15 32
23 2 29
22 2 17
1 4 15
16 20 23
5 8 13
20 1 8
18 20 26
12 14 15
17 21 2
6 8 18
12 15 18
0 4 14
1 5 29
17 20 34
23 3 32
6 9 1
15 18 16
8 11 22
15 20 11
13 17 12
3 6 18
10 13 17
12 16 31
16 19 36
17 20 3
6 8 16
11 15 16
4 8 25
21 23 18
16 17 6
6 10 30
18 20 26
5 11 6
19 23 6
5 8 24
5 9 23
17 20 23
1 4 11
19 22 10
10 10 18
4 8 12
23 2 14
15 17 1
17 20 22
5 8 13
20 1 22
15 20 13
15 19 22
9 13 16
12 16 21
18 19 12
5 7 3
9 10 32
15 18 36
7 10 7
6 9 2
4 7 3
10 12 31
12 15 27
9 12 19
11 13 36
11 14 33
10 15 21
23 2 2
23 2 14
5 8 22
21 1 3
19 21 34
15 18 10
23 3 1
23 1 31
17 19 32
20 23 20
5 7 14
7 9 29
20 22 30
2 4 24
8 12 2
4 7 25
16 21 2
13 16 3
18 22 27
6 10 3
12 16 21
8 11 24
21 22 13
21 23 27
6 8 4
21 23 11
17 21 9
13 16 33
17 20 4
8 9 4
3 7 18
6 9 22
20 23 25
21 1 25
2 8 9
20 22 19
2 5 23
16 20 31
20 0 23
8 11 5
4 7 32
14 16 31
8 11 27
6 8 31
21 23 32
4 6 23
7 10 5
8 11 10
11 13 5
23 3 20
15 17 35
18 21 10
5 8 32
3 6 37
21 23 26
2 6 6
5 7 10
0 4 25
8 12 16
7 13 19
5 9 7
1 4 6
11 13 27
5 7 37
18 22 26
12 16 5
1 3 35
0 2 28
21 23 5
4 7 18
20 22 19
20 23 19
6 8 5
2 4 8
12 14 32
20 0 28
18 19 8
1 6 13
16 18 31
7 12 4
23 2 31
16 21 16
8 10 26
7 9 24
6 10 25
17 22 17
5 8 24
21 1 37
1 4 17
18 20 32
22 0 29
14 17 7
19 23 20
12 13 27
6 10 24
9 12 35
13 14 21
3 5 25
14 16 16
10 13 13
16 21 12
15 17 10
0 4 33
18 21 8
8 11 37
16 18 22
7 11 6
4 8 36
11 13 5
8 10 11
17 19 37
18 21 10
5 9 33
15 18 37
22 2 28
2 5 22
15 17 2
13 18 32
3 8 24
22 1 13
15 17 16
6 8 36
9 13 4
14 17 6
6 9 1
20 22 8
14 17 23
14 17 16
8 11 9
9 11 11
11 16 15
21 0 32
18 21 22
11 14 23
14 17 16
14 17 34
9 11 14
5 9 29
3 5 27
5 7 33
19 23 17
18 20 11
21 0 24
15 18 9
10 13 31
17 18 35
1 5 32
19 23 12
13 15 19
23 1 28
17 20 28
6 10 24
20 22 14
22 2 9
23 4 1
6 9 36
16 19 30
23 1 28
9 12 18
20 23 16
12 14 8
1 3 31
16 19 1
18 22 2
3 5 20
5 9 9
9 13 31
8 12 33
20 0 20
14 17 28
1 3 36
4 8 14
11 14 6
19 22 34
5 8 29
3 6 23
18 19 23
17 18 19
11 14 5
8 10 14
21 0 13
9 11 21
10 12 23
19 0 15
22 2 22
6 9 13
7 9 4
22 0 4
5 8 31
13 17 16
15 18 33
0 4 28
21 23 4
2 6 1
20 22 27
13 16 30
9 12 27
0 3 10
13 15 33
10 12 8
4 8 25
6 8 25
21 0 9
20 23 3
14 18 28
3 5 8
11 13 32
17 21 24
14 15 4
7 11 30
16 18 22
17 20 29
7 10 21
1 1 3
8 11 30
17 19 14
19 21 14
14 17 12
22 1 25
4 8 26
6 8 7
20 23 8
14 16 35
12 14 20
22 1 27
20 23 25
17 20 27
23 2 13
1 6 8
5 9 33
17 21 2
8 10 10
5 8 23
1 3 35
22 3 24
6 9 25
13 17 36
16 20 34
22 1 16
16 19 14
14 18 35
14 16 21
14 16 4
22 1 7
2 7 3
3 5 31
14 19 2
2 6 1
22 1 36
22 1 15
10 14 13
13 16 29
10 13 31
12 15 6
18 22 8
12 14 30
1 4 24
0 3 5
20 22 20
23 2 37
19 22 10
12 14 27
13 16 23
7 11 7
7 12 18
15 18 5
1 4 27
17 19 20
18 18 17
15 18 21
7 9 35
20 0 10
6 8 16
23 2 36
19 22 29
23 2 13
4 8 6
2 5 16
9 12 18
0 2 11
3 5 18
16 18 21
11 14 16
21 1 12
11 14 9
9 14 36
13 17 6
14 17 16
23 3 24
22 1 27
0 3 9
6 10 25
16 17 11
2 5 30
2 5 34
3 7 20
22 2 9
21 23 30
7 12 20
5 8 16
19 23 37
21 23 23
10 14 19
9 11 29
6 7 25
9 12 15
23 2 30
0 1 35
22 1 22
14 16 2
17 22 29
20 23 30
23 2 37
18 21 7
8 11 29
20 1 27
2 4 25
19 0 6
6 9 5
15 19 29
0 2 10
1 4 23
16 19 5
3 4 1
19 23 3
5 6 6
15 19 30
0 2 1
0 5 33
16 19 7
17 19 32
17 20 9
4 8 15
20 23 28
7 11 24
1 4 31
7 9 34
2 7 3
14 15 14
21 0 19
20 22 19
12 17 1
11 15 30
23 3 1
18 21 5
17 20 4
6 10 14
4 7 8
5 9 32
13 17 23
1 3 22
3 6 18
21 22 4
1 5 37
7 8 30
18 22 2
8 12 30
12 15 24
3 6 31
9 12 25
15 18 22
2 5 9
6 10 2
9 14 5
17 21 6
15 19 9
22 0 19
10 14 17
12 16 28
13 16 3
4 7 22
21 23 5
20 23 25
12 15 21
14 17 26
0 3 14
13 16 11
5 7 5
6 10 6
0 4 3
18 21 18
14 17 4
18 22 17
2 5 8
0 3 16
2 5 24
0 5 4
18 19 24
14 19 29
19 23 26
17 20 30
19 20 11
21 1 11
2 6 20
22 1 1
7 9 18
21 1 13
0 0 23
17 20 6
17 19 18
19 23 12
5 9 30
17 19 19
4 8 29
10 13 8
22 0 34
21 1 1
22 2 5
2 6 9
16 21 1
18 22 35
1 5 22
23 2 6
15 18 16
0 2 34
0 3 2
2 6 11
2 5 5
1 4 15
2 5 35
13 16 14
18 20 33
5 7 6
11 13 2
8 10 9
4 6 34
0 1 23
0 2 19
20 1 10
9 11 22
23 1 9
22 0 7
20 22 25
21 0 33
6 10 23
14 18 20
10 13 21
22 1 3
1 4 32
9 13 30
11 15 4
21 23 37
7 8 30
12 13 26
9 13 1
22 22 14
21 0 35
9 13 6
12 15 18
1 2 31
22 1 8
11 15 30
15 17 12
20 23 7
3 6 26
8 11 7
21 1 17
15 18 17
8 13 27
21 0 14
7 11 27
6 10 19
5 8 18
9 11 37
3 5 3
14 17 1
4 6 2
4 9 28
9 12 2
14 18 7
14 17 27
1 4 30
21 23 11
19 21 3
19 23 7
23 1 21
7 10 34
12 14 13
4 5 20
12 15 28
2 6 24
9 11 29
12 16 14
0 2 16
13 16 20
6 8 5
14 16 22
3 7 11
16 18 7
9 12 37
18 20 20
5 9 32
11 12 9
6 8 15
1 4 17
18 21 15
4 8 19
5 8 9
3 7 36
4 9 18
21 2 25
0 3 10
22 1 13
19 21 13
3 7 37
15 18 26
9 11 8
18 22 20
4 6 33
23 3 20
19 23 16
13 15 31
7 8 13
10 13 27
15 18 12
10 12 15
2 5 2
1 3 25
16 20 36
12 16 20
3 5 27
8 11 19
13 18 4
20 23 37
19 22 24
15 19 31
8 11 7
16 18 4
1 4 16
6 10 20
9 12 27
7 10 11
16 20 36
14 18 35
6 7 19
10 14 27
14 17 27
9 12 33
13 15 1
7 10 30
9 13 2
6 9 25
6 12 16
2 4 14
16 20 28
19 23 1
15 18 8
14 17 9
20 0 14
19 22 1
22 3 14
18 21 18
9 13 4
7 8 30
21 0 24
8 10 11
2 6 37
17 20 20
2 4 28
3 6 36
12 13 3
5 7 18
13 17 12
8 12 1
1 5 19
4 8 11
17 19 28
14 17 6
21 0 26
20 22 22
13 18 32
5 7 27
16 18 26
14 17 5
10 15 4
21 23 12
9 13 14
19 21 4
22 0 19
20 22 31
16 20 15
6 10 1
3 7 32
19 21 9
4 8 11
23 3 37
0 3 10
22 1 36
14 16 10
13 17 20
17 19 20
4 8 1
16 19 10
1 4 12
16 18 19
6 9 30
16 19 37
12 16 29
11 15 21
14 17 5
12 15 17
12 15 13
13 16 21
17 21 27
4 8 17
13 18 20
11 14 10
16 20 11
23 1 3
22 0 11
9 12 37
15 19 3
19 20 22
18 21 36
15 15 7
22 2 32
6 8 25
17 21 3
22 1 12
17 20 20
11 13 10
14 17 28
7 8 27
11 12 12
18 22 2
3 6 13
15 19 15
1 3 28
8 12 26
13 16 29
12 13 31
13 17 35
14 19 20
9 11 36
13 16 18
15 18 33
18 21 34
21 0 19
23 2 13
7 9 15
3 6 37
10 12 19
13 16 14
10 16 22
10 14 25
18 20 18
8 10 5
15 17 32
0 4 9
8 11 27
15 19 25
21 23 15
13 15 21
7 12 19
23 2 7
7 9 36
3 5 6
16 19 15
14 17 23
13 16 12
10 14 17
18 21 2
21 23 12
19 23 27
18 21 14
7 11 32
6 9 3
19 22 6
23 3 21
10 13 6
9 12 12
19 23 28
16 18 18
1 3 20
8 10 11
11 15 30
4 8 32
14 19 31
21 22 7
18 21 16
2 4 33
17 21 4
12 14 1
0 3 30
15 17 10
18 21 10
17 19 37
11 15 29
21 2 32
5 9 13
4 8 31
10 13 30
12 14 31
6 11 30
20 0 23
2 6 3
7 10 34
17 18 30
5 7 22
21 0 32
19 22 22
7 9 30
14 16 18
17 21 36
16 20 27
17 21 27
14 17 6
5 8 24
21 23 36
5 9 20
5 8 30
12 14 30
19 23 10
21 1 19
22 0 20
14 17 35
23 1 9
22 1 9
21 1 1
2 6 17
19 21 32
19 21 36
0 3 23
12 15 21
12 15 1
13 16 11
3 5 22
8 11 25
3 7 21
14 17 21
10 13 26
20 22 5
1 3 22
16 17 29
13 17 29
3 6 2
6 10 2
4 5 13
5 9 37
14 17 18
10 14 30
2 5 25
1 3 33
15 18 37
13 18 37
4 9 34
15 18 1
15 19 32
11 13 33
0 2 5
8 10 32
19 21 32
17 18 7
15 20 34
6 9 26
7 11 5
6 11 24
17 21 34
22 1 33
15 16 10
11 13 21
23 2 37
10 12 23
12 16 35
1 3 14
10 13 22
16 20 13
1 5 15
6 9 18
10 13 28
4 8 32
21 0 31
17 21 7
3 6 6
14 17 11
17 21 18
16 19 7
15 18 34
20 23 20
10 14 22
20 23 12
20 23 7
15 18 36
19 23 29
6 9 34
8 12 1
9 12 11
22 1 18
8 11 27
16 18 15
21 0 20
19 22 12
9 12 3
9 10 14
15 19 10
4 8 10
20 0 34
21 23 32
12 16 33
20 23 10
7 10 28
20 22 2
8 12 15
16 20 35
11 13 11
6 9 8
9 12 17
23 1 25
11 14 30
2 6 7
6 7 26
12 15 3
22 0 29
10 15 5
16 20 21
8 12 30
23 1 3
16 19 22
4 8 28
3 8 22
10 12 10
19 21 37
5 9 2
5 8 10
17 20 32
9 12 9
8 10 32
5 8 33
5 9 36
9 13 3
6 9 33
13 17 10
0 4 34
19 23 29
20 23 17
12 16 36
0 4 4
6 7 5
23 3 1
14 16 35
21 0 26
23 1 30
8 11 21
4 7 1
22 0 6
21 0 9
5 8 27
23 2 17
11 13 14
0 1 32
15 17 26
18 22 33
13 17 24
5 7 26
11 15 6
20 23 2
0 1 1
10 12 22
12 15 9
6 9 23
19 22 29
2 5 23
18 21 33
12 13 20
3 6 21
2 4 6
13 15 36
18 23 16
16 19 5
4 6 3
2 5 8
4 8 14
12 16 4
6 9 2
16 20 23
21 0 37
16 19 13
19 23 15
13 18 9
23 2 21
21 1 9
1 4 29
9 12 20
20 23 30
0 2 12
3 6 28
8 13 6
1 4 34
17 20 36
12 16 12
11 14 14
17 20 30
8 12 30
1 4 13
13 14 5
13 16 1
13 16 23
18 20 3
0 1 28
10 14 35
10 14 17
9 11 31
22 0 13
20 0 24
23 1 21
10 13 17
0 1 32
18 22 2
8 11 16
21 0 20
11 14 21
23 4 22
16 20 31
1 5 5
20 22 16
15 18 4
5 9 5
10 13 5
1 3 36
13 16 16
14 17 10
14 16 36
2 3 6
4 6 26
9 11 15
13 16 2
19 20 37
6 9 24
1 5 21
21 0 29
8 11 28
6 8 11
18 22 4
22 0 30
16 19 3
6 9 1
2 5 4
16 19 31
18 21 32
16 20 31
21 0 8
21 23 19
19 23 14
9 12 24
12 15 9
8 11 29
21 1 33
21 23 17
23 2 12
4 7 5
4 7 3
19 21 19
22 1 13
2 5 1
23 4 13
6 9 25
14 16 32
17 21 29
8 11 27
3 7 20
14 16 6
9 12 14
0 3 19
0 1 22
17 20 31
15 19 2
12 16 10
8 9 28
17 19 13
14 16 25
15 17 9
16 19 29
16 18 7
8 12 3
0 2 4
14 18 13
14 16 33
17 21 9
19 23 18
20 23 28
16 18 37
4 8 16
22 2 36
12 15 29
5 7 5
23 3 32
8 11 11
23 2 5
1 5 5
23 2 18
9 11 10
17 19 4
14 17 8
1 3 36
23 2 27
20 22 37
1 4 7
23 2 24
20 0 13
6 9 28
9 12 18
16 17 25
14 17 33
20 23 31
23 3 23
15 19 2
14 16 34
7 11 21
2 7 21
17 18 17
19 22 1
0 3 35
21 1 30
12 15 30
16 20 2
11 14 17
12 14 31
0 3 10
5 8 9
4 8 4
23 2 30
4 11 19
3 8 30
10 13 13
2 6 31
10 13 7
1 3 35
0 1 13
10 12 33
13 16 21
7 11 7
10 15 15
9 14 6
5 6 5
5 7 19
2 6 23
17 21 30
21 1 9
15 19 3
16 18 13
13 16 29
13 15 37
20 22 8
11 14 7
12 15 19
11 13 12
21 2 14
0 4 17
21 23 15
6 10 30
4 7 8
14 16 11
23 3 33
15 19 21
12 15 9
9 12 5
11 14 10
10 13 25
14 15 30
22 1 29
17 20 6
22 1 24
9 13 14
11 14 20
16 17 25
0 5 22
0 5 28
15 16 37
1 4 6
2 3 18
8 11 9
6 10 20
16 18 26
17 21 31
19 23 30
11 14 18
17 20 21
13 17 36
5 6 9
2 5 35
9 11 23
20 0 25
21 1 30
18 20 33
3 6 24
13 15 29
20 23 25
7 10 5
22 1 26
8 10 27
10 13 28
7 9 27
9 12 15
1 5 6
19 23 13
14 18 27
7 8 31
17 21 8
9 14 13
4 7 6
12 15 13
9 13 9
16 19 8
1 3 8
11 15 2
13 16 18
10 14 12
1 3 22
1 4 27
16 21 5
2 5 12
10 10 2
10 13 36
13 18 10
14 17 28
8 10 10
15 18 19
9 12 26
23 5 24
20 1 21
10 12 11
2 6 19
0 4 1
15 18 33
8 9 36
7 10 17
19 21 16
14 15 32
18 21 15
10 13 36
19 23 16
8 10 26
4 6 20
5 7 26
4 6 32
21 0 23
0 1 14
20 23 37
14 17 15
11 14 27
20 1 33
15 18 1
12 14 10
21 0 18
23 3 4
23 2 9
9 12 1
6 8 2
4 8 6
6 7 15
11 14 11
6 9 17
4 7 12
14 16 34
3 8 14
21 1 33
20 23 1
4 9 5
2 5 22
16 18 5
8 11 2
13 17 17
2 5 19
1 4 32
5 7 4
12 15 15
10 13 24
2 4 18
16 18 15
11 13 20
1 4 33
6 10 32
19 23 30
21 0 14
6 9 23
18 23 35
12 16 19
0 4 27
1 3 13
23 2 28
15 18 36
1 5 25
10 13 8
1 3 10
20 0 3
6 10 20
22 2 35
6 8 37
2 5 15
6 8 18
5 7 23
11 17 2
18 20 22
5 8 5
13 15 11
18 20 32
23 3 20
13 14 9
7 11 29
11 13 13
7 10 5
13 15 29
16 20 22
2 4 10
15 19 5
20 22 5
23 2 23
19 21 32
4 9 11
20 21 27
19 21 5
3 6 17
8 11 5
0 3 36
13 16 26
0 4 25
22 1 10
19 21 1
20 23 14
23 4 3
3 8 13
22 1 20
19 21 10
19 21 18
17 20 14
4 7 20
6 10 26
21 0 31
12 13 30
16 19 30
23 3 35
5 8 27
15 16 18
23 2 20
14 16 34
4 7 23
20 1 10
4 7 23
23 2 32
21 23 30
19 23 27
9 11 12
1 5 28
10 14 31
4 6 20
4 6 34
9 12 32
14 15 29
10 13 37
3 7 17
10 15 26
1 6 13
17 20 36
1 5 33
15 19 2
5 7 18
8 12 18
8 9 30
1 3 28
5 8 9
3 7 5
4 7 8
16 20 6
20 22 6
16 19 21
4 7 20
4 7 19
5 7 14
17 21 32
4 8 2
6 9 10
10 12 19
12 13 5
11 14 8
19 21 17
13 16 20
0 4 12
23 3 24
5 7 1
20 22 32
17 20 37
18 22 14
0 3 21
7 10 2
14 18 3
6 10 1
13 17 12
20 23 15
23 2 25
1 4 9
22 0 33
5 9 20
9 12 37
7 10 30
19 0 16
20 20 34
7 9 4
20 0 22
22 2 25
18 22 18
13 15 18
14 17 18
19 21 11
23 0 10
21 0 9
19 21 21
13 15 33
2 6 9
14 16 4
23 23 11
20 22 6
16 20 16
16 19 21
16 20 6
22 2 3
20 23 29
3 6 29
1 5 25
15 19 18
4 7 25
6 8 27
13 16 18
1 5 15
3 8 25
6 8 17
0 3 29
15 16 28
15 18 5
11 13 29
3 4 34
10 13 37
15 19 37
0 1 30
21 0 9
14 17 12
5 9 10
5 10 17
6 10 28
0 3 34
4 9 17
4 8 19
20 2 20
7 11 30
13 16 11
21 23 13
8 12 32
23 1 28
9 13 24
23 2 35
13 16 16
10 15 32
20 22 35
5 9 3
19 0 32
20 0 21
19 21 27
14 20 1
18 20 32
10 12 26
19 22 19
11 14 36
19 21 19
17 19 5
4 5 36
20 0 5
13 16 37
21 1 19
16 20 11
20 22 24
11 15 31
8 12 22
14 16 17
16 19 33
16 19 16
12 16 20
16 19 37
15 18 10
12 15 2
17 21 8
0 3 14
13 17 20
17 20 33
15 17 29
19 22 16
13 14 11
22 1 35
12 14 10
19 23 25
17 20 29
17 19 10
1 4 34
7 9 27
2 5 17
22 1 16
8 10 14
0 2 34
7 11 30
18 22 31
2 6 34
14 16 7
21 0 10
2 4 21
15 17 37
23 2 31
4 8 18
6 9 19
19 23 24
7 11 4
19 22 15
5 7 25
13 16 2
1 3 15
8 10 4
16 19 16
0 3 12
16 18 3
1 4 22
7 10 32
2 7 28
19 21 4
3 5 28
3 4 19
13 17 33
3 7 13
18 21 30
11 13 20
4 8 18
2 3 7
2 5 22
14 18 37
4 7 14
12 13 6
15 19 12
9 12 27
16 19 21
6 10 16
2 6 2
7 10 11
17 20 35
16 19 28
11 14 26
22 1 23
20 1 29
20 0 8
18 21 34
15 19 21
15 20 5
19 22 20
18 20 13
15 18 32
0 3 18
5 8 18
21 1 32
10 14 7
11 15 11
2 5 26
22 3 31
5 9 19
11 14 31
5 9 25
5 9 13
23 0 25
14 17 12
17 20 14
0 4 33
15 20 12
5 7 21
4 7 28
6 9 9
21 23 30
0 5 26
2 5 31
4 8 20
12 16 19
19 20 35
23 2 7
22 1 4
8 12 7
14 17 17
20 2 12
9 13 16
5 7 37
21 23 24
0 3 23
9 12 9
2 3 22
7 8 18
22 0 7
18 21 4
16 19 32
18 21 31
0 2 16
6 7 18
19 23 36
1 2 10
10 12 30
8 11 31
4 9 3
4 7 19
14 17 15
23 2 6
19 23 19
19 23 10
19 22 29
22 0 37
4 7 16
21 23 31
19 23 4
16 18 15
22 2 37
4 8 35
3 4 30
14 17 9
10 14 9
13 15 33
18 23 36
22 1 33
2 6 22
9 11 1
3 6 33
7 9 6
7 10 23
21 1 34
8 11 15
10 14 6
12 14 19
8 10 23
22 2 16
10 13 12
1 3 33
23 4 4
8 12 13
14 16 35
9 13 29
10 12 37
3 7 14
10 12 7
16 19 26
22 1 24
7 9 12
0 4 25
20 0 28
16 17 4
20 23 7
22 3 2
12 16 36
21 23 10
2 5 28
20 22 18
16 19 14
1 4 21
4 7 6
7 9 13
4 6 34
11 14 14
23 0 12
11 15 2
0 3 31
19 21 3
4 7 22
23 3 12
3 4 11
23 2 22
12 16 20
8 10 10
2 4 35
23 3 9
10 14 12
18 20 17
13 18 24
8 12 34
7 11 23
14 16 14
11 14 20
1 5 19
8 12 30
13 17 23
7 11 27
6 9 10
6 11 26
21 23 2
7 9 30
14 19 31
14 18 20
8 11 13
23 1 5
9 12 36
20 0 14
0 2 36
8 10 29
17 20 29
12 15 28
18 20 4
21 23 21
1 4 36
10 14 17
10 12 25
2 5 8
13 17 9
3 4 13
7 11 2
5 8 33
17 20 10
18 22 7
19 21 37
20 23 20
1 4 3
20 23 24
11 14 25
10 14 37
6 8 11
14 16 30
23 2 34
23 3 4
16 19 3
15 18 11
9 14 2
11 12 4
3 6 32
22 0 5
18 20 22
20 23 17
14 18 17
17 19 15
17 19 32
8 10 26
1 5 15
18 19 15
6 8 37
4 7 34
15 19 32
14 17 32
17 20 15
1 5 14
23 2 20
9 12 35
8 12 33
16 19 23
10 13 19
12 14 30
4 7 18
2 5 15
19 23 28
23 2 37
22 2 25
7 10 20
3 8 17
22 2 5
8 12 6
1 3 35
0 4 29
1 3 27
18 21 17
23 3 34
1 5 34
4 8 16
17 19 30
15 18 5
20 21 8
20 20 26
0 2 9
23 2 11
9 13 25
0 5 10
7 9 5
21 21 1
6 9 9
20 22 31
0 2 35
20 22 18
16 16 18
19 20 9
22 1 28
20 0 2
0 2 18
2 5 11
16 17 15
21 22 35
8 10 37
22 3 17
5 7 3
13 17 16
16 20 12
10 11 14
12 16 31
18 21 23
8 11 14
11 13 14
6 8 37
11 14 7
11 13 34
10 13 30
0 1 18
0 2 12
13 17 31
12 14 36
20 22 6
3 7 32
7 11 26
5 7 26
11 13 10
3 4 30
9 12 27
4 7 22
16 20 36
9 11 7
9 14 29
8 12 10
0 3 21
11 14 22
16 20 32
10 14 26
8 11 14
5 9 29
11 14 23
3 6 29
23 3 7
19 23 18
9 11 33
4 6 15
20 23 32
8 10 33
11 15 2
0 0 32
3 7 26
5 9 35
7 12 5
6 9 27
2 4 36
13 17 6
19 21 1
22 2 4
4 7 7
0 3 17
17 22 2
22 0 10
5 8 32
12 16 23
15 18 37
3 5 19
19 22 31
5 8 11
5 7 1
21 23 1
17 20 4
18 23 15
18 21 20
23 2 8
9 11 6
0 2 31
17 20 35
1 4 3
11 13 8
22 0 6
3 7 27
18 21 8
20 21 34
17 19 10
4 7 15
1 4 31
1 3 34
23 1 26
23 1 5
13 14 29
10 13 14
17 19 36
13 16 1
7 10 9
0 2 37
10 12 14
3 8 30
22 0 18
19 20 33
0 4 4
20 0 7
9 14 22
6 8 28
5 7 29
13 17 19
9 13 33
5 8 33
4 6 20
12 16 13
15 18 28
7 11 16
22 1 16
22 3 9
5 7 4
13 15 10
11 15 21
19 20 5
8 11 20
19 23 33
20 23 12
3 7 2
4 7 8
13 17 18
16 19 2
4 6 35
13 16 12
8 12 14
12 17 10
14 18 8
12 15 7
21 23 21
19 21 20
16 20 16
9 13 2
22 0 26
22 23 19
9 12 19
20 0 20
4 8 1
3 6 33
20 23 8
19 22 31
3 8 23
1 5 1
16 19 34
22 2 20
7 8 3
7 11 28
2 5 2
22 1 14
17 19 6
2 6 5
19 22 28
14 17 19
4 9 23
20 23 6
21 1 10
0 2 2
4 7 35
22 23 3
23 2 34
23 0 1
17 20 33
17 21 26
21 23 18
11 16 11
6 7 5
7 11 9
3 4 12
14 18 27
15 18 10
15 18 19
16 20 15
4 7 26
16 20 13
18 21 32
10 12 13
5 8 33
17 20 12
12 14 7
23 2 15
15 18 35
17 20 19
11 14 8
19 21 37
15 18 17
9 11 11
1 6 35
19 23 1
1 4 24
3 6 31
6 8 11
5 9 10
1 5 26
6 10 27
9 14 19
22 0 14
6 7 29
11 12 8
12 15 33
12 14 12
3 6 3
12 16 23
10 12 1
8 11 36
19 23 33
20 0 28
2 6 1
2 6 9
10 14 32
0 3 13
8 12 19
8 9 15
17 19 36
20 1 6
18 21 10
5 7 23
11 14 14
15 19 6
4 7 12
7 12 24
16 21 19
8 11 14
9 10 24
16 19 7
11 12 14
22 0 13
6 9 19
16 20 9
6 9 13
20 22 22
13 16 4
12 14 10
6 9 23
7 11 25
6 9 34
2 6 21
16 18 24
9 12 10
7 10 37
3 7 9
23 2 9
3 5 30
3 5 23
17 22 34
0 4 13
10 13 9
7 10 8
6 9 13
1 5 8
15 17 2
17 21 19
7 10 8
19 22 21
10 11 33
9 10 25
9 10 34
19 21 15
6 10 32
4 7 14
9 12 8
4 6 10
8 12 6
10 13 20
22 2 11
7 11 4
16 19 8
3 5 21
6 8 26
2 5 23
18 22 5
1 3 32
21 23 9
15 19 21
4 9 24
22 1 7
15 19 1
16 21 9
4 7 10
21 0 37
0 3 34
3 7 25
16 19 18
1 4 21
16 20 35
6 8 28
15 18 25
7 11 5
17 20 25
3 5 14
4 7 10
13 15 16
11 12 32
15 20 4
18 22 15
1 3 33
1 4 21
23 2 3
11 15 1
8 11 8
14 18 37
12 14 17
4 8 12
17 19 4
18 22 17
22 0 16
19 21 28
0 1 8
16 19 34
6 9 7
3 7 7
13 16 27
13 15 37
14 18 32
22 1 32
3 6 16
16 17 29
20 0 21
4 5 25
6 9 34
0 4 12
2 6 25
14 16 18
23 3 32
16 18 32
17 20 13
17 21 30
10 13 27
3 4 28
6 9 23
23 0 5
15 18 8
13 17 8
15 18 11
0 4 11
12 16 4
4 8 25
19 21 12
19 23 31
11 14 28
18 19 23
2 6 36
7 10 12
6 10 6
14 19 23
20 23 22
0 4 24
1 5 2
20 21 8
9 11 23
18 21 27
10 12 25
22 0 7
11 14 32
16 18 14
10 13 26
13 17 10
12 14 9
5 8 23
21 23 22
18 22 27
19 21 10
3 5 5
11 13 35
5 7 13
20 22 33
5 7 32
8 12 22
0 4 3
13 15 5
9 13 17
4 7 20
6 10 6
17 21 1
4 6 4
4 7 22
1 2 23
3 6 6
17 19 5
10 13 34
1 4 15
0 4 30
10 13 5
14 17 11
11 16 33
17 21 16
22 1 14
20 21 26
7 9 13
18 23 10
17 20 10
1 4 11
20 23 25
10 14 16
16 19 2
8 12 13
4 9 32
23 2 26
8 11 35
1 3 16
6 9 36
13 16 34
10 13 15
6 10 2
5 8 4
6 8 33
7 11 20
10 13 21
2 6 29
4 8 9
17 21 18
12 14 16
15 17 34
2 6 21
11 13 9
9 11 32
3 7 5
4 6 12
11 14 24
18 21 9
18 21 20
22 1 15
2 4 26
9 11 10
15 17 33
20 22 27
2 6 6
0 3 32
23 1 30
6 8 13
22 23 37
17 21 36
3 7 26
10 13 24
21 22 6
14 18 17
21 23 13
9 11 20
5 7 33
12 15 24
20 23 22
0 4 18
6 10 4
22 2 2
1 4 8
2 4 8
14 17 22
6 10 24
7 10 27
7 10 26
8 11 36
10 13 12
3 9 11
5 7 6
7 10 37
6 10 31
18 22 27
7 10 11
8 10 24
19 22 2
7 10 33
10 14 30
17 20 9
8 12 26
14 19 30
11 16 35
13 16 15
19 22 28
15 17 2
19 22 5
1 4 37
11 12 31
1 4 1
12 14 12
8 12 12
11 16 30
9 12 11
17 22 19
4 7 20
17 21 4
22 23 20
1 4 25
7 9 15
17 20 21
22 1 28
6 8 31
3 7 6
7 11 17
15 18 35
15 18 14
9 11 21
15 17 22
14 17 5
13 14 4
6 10 12
1 4 26
3 6 30
22 3 2
9 12 18
17 17 19
21 0 37
4 8 28
4 6 15
6 7 34
19 0 27
1 3 4
23 2 11
12 15 18
13 15 11
5 9 5
21 1 25
22 1 21
12 14 6
21 0 36
19 21 8
18 20 18
22 0 2
17 22 13
13 16 8
16 20 2
12 16 37
18 20 21
3 7 15
17 20 33
19 22 28
2 4 15
20 23 35
1 4 7
16 22 36
13 17 6
23 2 4
11 14 35
6 11 33
6 8 10
7 11 22
8 9 3
15 18 22
14 18 8
4 9 21
11 13 16
14 17 15
14 19 33
8 11 23
6 9 36
1 4 33
15 18 34
4 8 14
11 15 3
3 6 33
13 16 14
21 22 30
21 0 13
18 19 26
7 9 4
0 3 13
3 6 25
20 23 37
17 22 14
11 14 28
21 0 16
0 4 33
9 12 8
8 11 3
6 9 7
15 17 24
10 14 18
12 15 28
17 20 14
20 22 13
15 19 1
13 17 23
13 16 28
9 13 6
4 7 21
8 13 37
22 3 29
18 22 25
23 2 25
12 15 25
16 20 7
1 3 17
13 15 2
0 2 28
5 8 34
4 6 36
10 13 9
19 23 13
18 21 14
7 9 23
12 15 18
17 22 8
8 11 27
13 15 37
5 9 18
23 3 27
18 20 28
11 14 25
6 9 6
13 15 19
4 5 21
13 16 26
23 3 20
2 5 37
19 21 6
10 15 29
10 12 28
5 7 23
14 17 4
7 10 33
21 1 18
8 12 14
19 23 4
0 5 31
7 9 17
2 5 16
22 23 8
3 6 10
1 3 13
11 14 13
1 5 13
16 19 13
14 18 21
5 9 7
7 13 29
5 8 17
16 17 27
11 13 26
6 8 20
0 4 4
23 3 5
22 23 8
10 14 15
17 20 25
16 19 17
1 5 25
14 15 1
19 23 19
21 0 23
9 10 34
3 6 5
3 5 1
12 14 16
5 8 10
8 12 20
21 1 36
14 18 27
0 4 8
6 9 16
4 8 18
10 12 27
16 20 1
17 21 30
5 10 30
17 21 15
8 10 37
4 7 12
12 15 2
6 9 8
3 4 3
10 13 18
16 20 19
22 3 16
9 14 22
12 16 29
2 8 2
4 6 9
16 22 15
18 22 32
23 2 2
23 23 14
1 5 7
1 5 22
8 11 30
18 22 8
13 16 23
14 18 25
21 1 23
23 1 32
2 5 11
4 8 18
18 20 30
23 3 34
13 18 37
1 5 9
21 2 13
15 19 15
23 3 1
3 7 36
1 4 35
23 2 9
19 20 37
22 3 8
11 15 8
2 5 18
10 14 28
18 22 6
0 5 9
20 22 29
11 12 30
23 2 2
13 15 1
18 21 21
13 16 21
0 2 27
22 2 28
13 16 16
13 16 15
19 22 13
9 12 10
11 13 2
20 21 37
2 5 22
9 12 27
23 3 13
13 15 3
10 13 11
0 3 37
0 4 29
0 3 6
10 14 36
19 23 26
9 10 13
20 23 25
6 8 34
16 20 35
15 19 15
9 11 21
22 2 11
1 3 20
19 23 37
12 15 20
0 2 14
15 17 10
19 22 33
8 11 10
7 10 16
11 13 1
23 2 26
1 4 8
17 22 1
11 14 3
18 20 8
6 8 2
5 8 29
9 11 9
19 23 20
22 23 30
0 3 17
23 0 35
18 20 32
22 23 26
8 12 15
21 23 30
8 9 4
11 13 5
5 10 27
8 11 10
5 8 10
6 8 19
9 13 26
17 20 3
23 2 9
15 18 13
7 10 17
20 22 12
18 20 26
18 21 19
7 10 30
18 22 12
7 9 18
8 12 21
21 0 16
19 23 25
1 3 32
8 10 15
1 5 27
13 17 27
5 8 29
12 14 27
23 3 18
19 23 11
10 12 31
6 9 21
1 3 12
8 12 5
15 18 30
10 14 34
20 0 8
3 6 17
16 19 35
17 19 11
9 13 1
14 19 31
18 22 27
15 19 1
20 0 14
5 11 29
3 5 28
20 22 23
6 10 5
3 6 2
19 22 10
19 21 30
4 8 18
15 17 19
8 12 27
0 5 12
19 22 13
10 13 17
2 7 28
5 8 6
2 7 37
14 18 16
15 19 30
12 16 36
13 15 35
6 9 31
3 6 20
17 21 28
23 1 26
13 17 16
1 3 6
10 14 33
6 9 27
20 23 6
5 9 35
0 3 15
1 6 4
9 10 30
5 8 31
19 23 14
18 22 27
0 4 34
1 4 36
13 18 29
22 23 7
3 7 29
19 22 31
19 20 13
21 0 23
12 15 23
1 4 11
18 21 17
7 9 18
9 12 32
8 10 37
9 13 24
16 20 31
9 13 2
15 17 37
22 0 26
0 5 18
11 14 33
8 11 32
21 1 5
4 7 7
22 1 21
2 5 36
12 14 10
6 9 21
6 11 37
2 5 24
14 16 30
6 8 21
18 21 4
11 15 36
17 19 27
21 23 11
2 5 16
1 4 37
10 13 37
20 23 32
8 13 17
21 0 3
11 14 6
8 11 27
1 5 19
13 17 2
20 0 25
18 21 3
7 11 9
14 17 32
9 13 28
18 21 8
4 7 31
8 11 11
6 10 25
16 19 20
22 1 18
12 17 6
5 8 23
21 1 35
13 16 21
1 4 9
5 8 20
16 20 31
8 10 28
0 3 19
18 21 7
20 21 5
8 11 19
1 4 14
11 14 5
6 8 19
3 7 24
21 0 22
1 4 30
3 6 34
0 4 1
12 14 28
0 5 1
8 12 37
9 13 22
3 6 30
6 8 10
22 2 5
20 2 17
2 5 19
21 2 27
13 17 14
6 8 6
2 5 31
13 17 5
23 2 11
2 5 19
15 17 10
23 4 30
23 2 26
6 8 21
8 10 29
19 22 27
1 3 21
13 15 21
12 16 13
5 6 30
5 9 18
13 15 10
17 21 3
19 0 7
1 4 29
15 18 29
18 22 6
8 11 24
16 18 3
17 20 3
8 12 28
22 2 2
11 13 28
15 18 33
21 22 7
11 14 28
16 19 4
11 16 3
0 4 21
14 18 5
5 10 10
9 12 2
13 16 28
2 6 32
2 5 14
10 13 24
7 11 8
9 12 25
14 18 37
8 13 14
22 1 18
5 9 8
10 12 5
20 0 27
18 21 5
10 13 36
10 14 25
6 8 9
4 8 34
15 18 13
12 14 25
12 15 28
4 8 24
19 22 25
9 11 36
8 10 34
8 11 5
0 4 25
9 11 13
11 13 12
18 20 35
6 10 10
20 23 35
21 0 31
3 6 15
19 23 27
8 11 37
8 10 22
13 15 33
7 8 14
0 3 7
8 9 12
16 20 3
2 3 36
21 1 1
2 4 23
18 20 27
14 17 18
21 1 18
9 13 21
0 2 11
0 4 4
5 7 4
18 20 34
11 14 12
23 1 34
15 19 7
20 0 26
13 15 5
2 5 30
5 8 24
2 4 29
12 15 34
6 9 4
2 6 15
18 20 2
11 13 19
12 16 22
21 0 11
15 19 19
11 14 19
5 7 35
23 1 1
3 6 25
5 7 11
18 21 10
22 1 11
18 22 22
0 5 34
16 21 29
18 22 12
2 5 23
5 8 35
8 13 6
15 18 33
20 23 25
16 19 17
13 15 22
19 21 4
20 22 37
3 6 25
7 10 7
2 2 26
1 3 37
13 16 9
21 0 35
10 13 34
5 6 29
23 2 22
13 15 26
6 10 35
17 19 37
5 8 9
16 20 10
1 4 35
13 16 23
8 12 7
0 2 13
12 15 8
20 0 5
7 11 9
13 16 9
15 18 37
22 3 16
5 9 20
3 8 17
23 2 30
23 2 36
2 5 13
3 7 18
8 10 18
16 19 3
15 19 2
7 10 15
16 19 18
3 7 23
14 17 13
15 19 31
23 2 14
18 22 31
20 22 30
7 8 28
9 13 3
23 3 34
7 12 10
13 16 26
13 18 24
10 14 30
17 21 20
3 6 33
4 7 23
12 16 28
1 3 11
18 21 34
16 20 10
21 1 1
13 16 21
10 13 19
13 16 25
10 14 28
22 0 34
6 9 14
19 23 1
16 20 14
23 23 16
7 9 13
4 7 22
18 21 3
18 20 18
6 9 25
5 7 33
1 2 25
10 13 21
10 14 26
15 19 13
10 14 31
2 5 10
7 10 16
22 3 12
18 22 3
21 1 9
8 11 36
2 5 32
19 22 34
9 11 3
11 15 15
8 10 26
18 21 10
7 9 27
8 9 32
21 0 14
2 5 37
11 13 11
13 13 20
4 7 34
5 8 32
6 9 30
0 2 5
8 12 27
22 2 33
21 0 23
23 1 22
0 2 16
5 7 18
1 4 12
17 21 33
7 11 17
1 6 30
7 10 26
20 0 35
9 12 31
5 8 33
17 21 34
17 21 16
23 3 16
10 14 16
12 14 21
2 4 4
14 18 37
18 21 2
0 3 1
9 14 5
23 2 24
6 9 36
1 3 12
2 5 12
15 17 24
6 9 29
3 6 27
14 18 24
6 9 16
16 18 30
0 2 29
16 19 3
8 12 10
16 19 35
22 2 13
10 13 31
3 6 28
19 22 33
9 12 29
7 9 35
9 11 24
22 0 26
7 10 20
2 6 6
8 12 31
8 11 34
19 22 8
0 6 34
23 3 7
10 13 12
2 5 13
7 11 10
2 5 2
2 4 17
12 14 16
6 10 11
20 23 30
13 15 23
11 13 31
3 5 12
8 10 21
11 12 24
20 0 1
14 16 26
3 7 32
17 19 8
22 1 12
9 11 4
1 5 2
5 9 13
5 8 3
13 17 11
20 23 31
6 10 17
2 5 22
7 11 24
7 10 20
19 22 11
10 13 21
14 17 36
14 18 29
13 14 7
13 16 9
5 7 23
15 18 10
7 9 29
12 14 7
18 20 11
0 3 5
21 22 37
3 6 37
0 3 28
22 2 34
19 22 24
14 15 21
19 22 16
21 1 28
10 14 5
11 14 27
16 18 6
9 12 15
13 18 21
19 22 30
17 20 2
3 6 37
15 19 9
6 7 24
20 0 24
20 0 12
21 23 5
7 10 18
18 23 6
8 13 36
9 12 2
11 15 30
11 15 32
15 20 9
3 5 16
10 13 6
1 2 11
21 22 34
8 11 31
14 15 7
1 2 4
13 17 2
11 12 34
7 10 27
10 14 4
7 9 5
10 12 28
13 15 7
11 15 20
18 20 1
13 16 33
14 17 11
13 15 10
8 11 14
18 22 33
22 1 31
0 3 33
11 14 34
5 9 15
16 18 8
17 21 19
1 5 35
17 21 5
22 2 13
11 13 12
11 14 3
1 4 8
5 6 14
20 0 37
6 8 14
5 8 10
8 10 3
5 8 15
15 18 25
0 2 37
9 12 35
19 21 16
0 4 35
15 18 5
23 3 22
12 16 29
8 10 35
20 23 33
0 4 13
2 5 17
7 9 4
22 1 30
21 23 15
19 22 32
3 5 23
13 15 10
18 22 35
0 4 6
23 3 10
4 6 33
4 7 26
5 8 13
9 12 25
2 6 35
0 3 24
11 12 9
20 0 2
9 13 28
20 23 1
7 12 31
22 1 3
21 0 33
17 21 25
5 8 15
19 22 1
19 21 23
0 2 23
0 2 31
1 3 31
2 6 7
7 10 14
23 3 11
8 11 2
22 23 7
23 2 5
16 21 26
14 17 37
16 19 21
8 11 12
21 0 4
17 19 19
1 5 8
21 23 3
19 22 37
0 3 23
21 0 2
13 16 5
21 23 32
1 4 31
11 15 8
8 10 34
21 23 11
16 21 27
16 20 32
19 23 23
18 22 19
12 15 2
20 0 5
19 22 7
16 21 22
14 18 26
1 5 23
21 1 5
9 13 28
0 5 26
1 4 17
16 19 9
6 10 11
7 9 20
17 18 7
18 20 24
23 2 18
11 15 30
2 6 8
13 16 36
13 16 27
19 23 37
13 16 2
13 16 32
8 10 32
7 9 22
12 16 27
20 1 8
13 19 3
0 3 14
14 17 7
8 11 30
21 1 28
10 13 17
3 8 10
17 20 9
19 23 3
9 12 31
12 13 25
13 14 15
6 11 5
21 0 11
13 15 14
0 1 30
12 15 9
21 23 11
18 21 6
14 17 32
19 22 26
13 16 15
18 22 37
10 13 1
10 13 22
2 7 14
5 9 16
6 9 3
12 15 26
11 14 32
14 18 4
18 22 18
21 0 2
13 14 2
17 20 1
22 23 11
14 18 37
10 12 26
12 18 33
2 5 35
7 9 16
4 6 26
19 21 37
6 9 31
17 21 3
15 18 32
18 21 4
21 0 10
17 22 33
4 8 26
19 23 3
2 5 26
11 15 4
21 23 27
17 21 19
10 15 35
1 5 29
2 5 37
17 18 17
10 13 34
8 12 31
4 7 23
15 19 3
13 15 36
19 0 20
12 14 2
11 16 9
23 3 32
23 1 8
23 3 31
3 6 2
6 8 28
2 6 23
21 0 1
23 2 10
12 16 15
11 15 27
19 22 37
5 6 17
15 18 11
3 5 36
17 20 37
22 3 15
3 6 18
23 0 34
2 4 9
0 5 32
22 0 20
0 3 14
1 5 19
20 23 23
5 6 6
2 6 6
0 5 19
19 22 23
5 8 34
20 22 26
6 8 13
14 16 30
23 1 25
19 21 28
6 9 27
21 0 33
1 3 23
23 3 15
21 23 13
14 18 13
22 0 21
3 6 32
11 13 24
18 21 26
10 13 31
11 14 14
1 4 16
15 17 20
21 23 12
3 5 29
21 23 33
18 20 15
15 18 29
4 6 30
14 16 3
22 1 32
7 10 8
0 3 13
10 13 12
22 0 29
23 2 12
17 21 20
16 20 31
17 19 3
0 3 19
20 22 13
12 14 37
5 7 3
19 23 18
21 0 19
7 11 6
4 8 37
12 15 9
2 5 6
3 5 8
20 23 26
15 19 27
6 8 33
18 20 28
22 0 17
14 16 29
11 13 22
12 16 33
10 11 6
5 8 12
22 2 7
12 14 25
12 14 25
16 18 36
15 19 25
11 14 23
19 22 27
14 18 35
10 13 23
2 5 5
5 8 23
4 7 1
10 14 5
16 17 10
18 22 34
9 12 7
22 0 9
14 16 18
17 20 17
23 3 31
7 10 1
10 12 14
16 20 21
4 5 24
2 6 31
23 2 27
18 21 30
12 15 18
4 9 19
16 19 24
9 10 34
5 7 34
12 14 32
18 19 23
21 0 24
21 0 3
22 2 4
22 1 19
19 0 11
7 10 22
12 15 28
0 2 20
11 14 18
8 12 29
22 0 10
11 14 2
16 18 3
12 15 6
9 12 31
9 12 19
16 19 7
7 11 32
0 3 36
9 13 10
16 19 9
23 3 5
0 3 5
20 22 17
10 14 29
18 21 7
3 4 32
6 7 16
21 0 13
1 4 6
20 0 1
20 1 36
0 2 20
10 12 11
9 12 30
14 15 36
7 10 16
1 5 15
2 4 27
22 0 33
9 10 19
10 14 24
14 17 37
18 21 7
1 5 20
7 11 19
9 13 32
5 9 37
11 16 8
5 8 26
14 18 36
17 20 34
2 7 16
9 11 5
7 10 20
20 0 16
11 14 33
5 8 20
18 21 26
10 12 34
9 10 3
4 6 12
21 0 26
0 3 16
2 6 20
9 12 5
18 20 36
19 22 16
5 8 4
4 6 35
10 13 36
17 20 20
14 18 24
13 16 10
19 22 5
3 7 20
15 19 33
0 3 35
15 19 25
17 19 7
18 21 14
16 19 4
1 5 7
4 7 10
12 16 27
19 23 34
18 22 8
4 7 6
14 16 8
2 4 34
22 1 24
18 21 14
17 20 34
17 19 30
15 18 6
23 1 2
10 12 35
4 6 5
6 8 27
8 10 4
23 3 9
4 7 37
11 15 33
5 9 31
19 23 31
6 10 14
20 1 28
1 3 36
2 5 4
21 1 2
6 9 36
15 17 34
18 21 34
19 20 7
14 17 18
23 2 27
3 5 28
4 8 4
14 16 23
7 10 27
7 11 27
13 17 14
20 22 22
14 16 35
6 10 30
4 7 19
8 11 36
22 1 14
7 11 4
9 11 24
3 5 25
11 14 10
1 5 32
9 13 19
21 23 22
7 10 33
22 0 2
2 5 12
23 1 15
14 17 12
8 11 23
10 13 8
11 13 11
0 4 14
11 15 8
9 12 21
13 16 18
11 14 9
12 16 35
17 19 6
22 1 35
13 17 14
21 0 19
10 12 1
20 0 33
4 5 31
16 20 36
2 4 20
11 13 6
9 10 30
9 12 16
3 8 20
8 11 30
11 13 9
10 14 36
4 7 31
18 20 24
0 3 25
11 13 18
18 19 28
1 5 33
5 8 9
7 9 4
12 14 11
4 6 14
1 4 17
11 13 18
15 19 24
0 4 33
10 15 3
17 22 26
7 8 29
1 3 13
15 18 32
10 11 13
22 1 17
17 18 4
6 9 34
13 15 4
11 14 23
6 8 36
5 8 5
2 4 25
2 6 33
19 22 3
0 5 32
11 15 24
6 10 33
4 8 35
13 15 31
22 1 3
2 6 8
8 12 31
20 22 19
18 22 5
5 8 19
12 13 1
4 7 10
0 4 7
21 23 31
1 4 21
6 9 18
8 12 29
21 23 12
16 21 24
18 21 24
22 2 16
8 11 37
21 0 36
6 9 10
6 8 33
5 9 26
7 9 22
4 6 18
15 19 3
8 10 11
0 3 22
4 8 35
23 3 27
9 11 30
16 20 25
17 20 33
13 17 27
1 4 2
8 10 14
12 16 16
17 20 15
6 8 4
15 17 12
11 14 15
2 5 33
0 2 23
20 0 17
2 5 21
18 20 13
21 23 10
11 13 28
5 9 24
10 14 18
12 14 25
10 14 20
5 7 30
5 7 17
13 16 6
20 23 26
16 19 34
1 3 6
19 22 3
22 0 27
1 4 34
15 17 36
6 9 35
3 7 21
16 19 10
2 5 23
1 4 31
16 18 24
2 9 11
2 7 27
12 15 19
10 11 21
6 9 9
17 20 17
9 10 6
12 15 27
23 2 22
1 5 14
4 7 21
3 6 13
17 18 23
22 1 20
20 22 24
18 21 20
11 14 24
20 21 36
15 18 35
17 21 30
19 21 18
18 22 12
15 17 18
0 3 4
9 11 28
6 10 2
12 14 15
0 3 16
18 21 32
6 10 11
8 10 6
9 14 5
23 3 36
2 4 15
13 16 2
2 5 24
7 9 23
12 16 37
15 21 35
8 10 20
9 9 8
3 7 3
5 8 26
7 10 5
4 8 21
21 0 34
17 19 18
7 10 16
16 19 34
17 21 37
8 9 1
4 6 28
6 9 25
23 1 4
11 15 27
2 6 3
5 8 5
5 8 24
19 22 22
15 19 30
15 18 7
18 20 37
23 2 28
0 4 15
9 11 25
21 0 37
10 12 19
23 4 25
18 22 23
14 16 32
10 14 4
2 4 14
11 14 12
17 19 12
22 1 10
17 21 2
20 23 6
1 4 21
4 6 27
16 20 21
1 4 8
13 16 18
2 5 11
12 16 5
17 20 37
14 16 19
13 17 17
19 23 18
12 15 24
15 18 1
1 3 31
20 0 14
19 20 16
12 16 10
13 17 2
23 0 25
15 18 29
21 0 11
4 5 9
11 14 17
17 21 28
16 19 15
6 7 30
16 20 11
23 2 19
8 10 35
3 7 2
11 13 23
2 5 5
18 19 4
11 13 14
2 6 12
17 19 19
22 3 36
16 19 1
10 12 26
3 6 27
7 10 4
22 1 25
9 13 30
3 7 11
16 18 20
12 17 21
13 16 31
0 3 13
7 10 36
7 10 15
12 16 37
18 20 18
4 7 3
13 17 7
20 22 11
21 2 8
7 9 23
