5000 50
17 30 31 2 6 11 36 41 13 27 49 25 30 46 19 3 13 5 36 44 10 32 32 38 22 49 44 30 41 25 17 37 20 27 13 1 42 2 47 8 8 41 35 32 19 8 40 33 15 42 
7 9 50
5 7 26
9 12 27
1 2 32
23 2 19
8 11 15
18 22 42
22 1 50
16 19 1
6 9 23
0 2 44
7 9 36
12 15 37
22 1 48
21 23 33
22 2 5
18 21 26
9 12 5
9 14 10
4 8 37
1 4 1
20 22 10
8 12 34
2 6 26
10 12 21
11 15 20
7 10 20
4 6 34
6 8 47
15 18 22
0 2 47
4 7 48
13 16 14
12 13 9
17 19 37
10 13 48
12 15 43
8 11 44
2 5 21
19 0 30
23 2 6
5 6 20
4 7 13
11 15 42
1 5 23
15 17 38
21 22 8
11 15 1
2 8 15
4 7 27
17 20 25
7 11 13
11 13 21
17 21 31
2 6 31
3 6 15
12 14 49
14 16 32
9 10 38
7 10 4
15 19 14
0 2 9
13 15 3
6 9 18
2 4 38
14 19 3
10 11 19
0 3 13
16 18 12
15 19 31
8 10 12
18 20 16
18 21 3
10 13 6
9 12 8
23 2 41
0 3 31
0 4 32
9 10 34
10 11 17
18 21 43
8 11 7
6 9 40
12 16 28
1 2 10
2 4 26
23 3 28
15 20 9
1 5 43
4 6 3
4 6 33
11 15 46
23 2 7
10 13 25
15 17 15
8 13 43
23 3 14
7 11 3
1 4 25
8 11 39
19 21 9
23 1 43
16 18 31
19 23 37
9 12 24
11 14 5
4 6 3
20 23 11
5 6 24
2 4 34
5 8 25
17 21 13
21 23 11
14 18 47
9 11 6
19 21 50
12 13 5
10 13 44
5 9 24
14 16 32
23 1 49
5 8 6
2 6 49
19 22 28
23 1 22
11 12 12
21 23 49
10 12 43
17 21 47
19 23 17
20 23 27
21 23 19
1 4 26
0 4 29
6 10 42
10 14 22
10 14 21
5 6 10
8 12 36
21 2 33
18 20 33
8 10 32
17 21 19
15 17 42
7 8 6
1 5 34
9 11 18
0 3 45
6 8 38
9 12 12
8 10 50
1 4 16
9 10 28
22 2 5
7 9 44
18 21 41
17 20 46
20 23 14
4 6 11
2 5 27
2 6 20
15 18 18
2 3 23
11 15 16
1 4 27
1 5 14
0 5 13
1 5 12
17 21 42
15 18 48
7 9 35
6 8 22
15 19 3
0 2 32
23 2 37
0 2 17
12 14 30
1 5 28
21 0 41
15 18 25
23 2 24
0 1 30
7 10 32
8 11 40
0 2 40
4 7 13
10 11 12
20 23 41
19 23 32
12 16 29
8 12 37
21 0 19
10 12 16
6 9 3
19 22 21
22 2 11
1 4 5
21 21 35
7 11 35
16 19 27
2 4 16
13 15 40
0 4 10
10 13 10
22 0 12
0 4 16
10 13 17
10 14 17
11 14 46
8 12 37
9 12 5
9 13 37
18 21 12
4 8 27
20 0 49
9 12 42
3 8 41
21 23 35
11 13 25
9 11 41
21 0 46
14 17 48
17 21 23
18 22 5
1 4 48
14 17 49
8 13 5
19 20 40
4 7 1
10 14 49
2 4 33
22 1 22
6 12 9
16 18 31
2 4 17
6 9 10
17 20 45
23 3 3
4 7 28
21 0 50
19 21 26
18 20 49
5 7 46
20 0 4
3 5 17
16 18 31
0 3 41
16 18 41
15 19 47
18 20 21
18 21 28
10 11 38
12 16 4
15 19 48
8 12 40
1 3 36
23 4 46
8 10 13
10 13 38
17 20 27
0 4 34
17 20 25
2 5 32
4 6 29
12 16 49
18 23 48
23 3 49
15 18 38
17 21 16
23 2 49
11 15 46
6 9 25
20 23 46
14 16 19
3 5 33
10 13 20
22 0 6
18 21 8
0 3 41
17 21 20
1 4 29
9 11 50
8 11 31
1 4 29
0 2 9
10 14 49
5 8 48
22 0 32
2 6 19
0 3 22
3 4 26
15 20 10
16 19 13
14 17 14
10 13 32
1 5 5
21 23 22
12 15 16
15 17 45
12 16 45
18 22 20
9 12 38
1 4 20
19 1 44
23 4 35
17 22 9
14 19 21
11 14 4
14 17 40
15 19 21
6 8 16
11 14 40
10 13 50
22 1 6
23 0 38
15 19 34
8 11 25
0 5 24
5 8 10
21 23 7
20 0 12
16 19 33
9 13 6
21 23 10
22 2 29
9 13 12
1 4 39
21 1 26
2 5 25
5 7 48
3 5 42
11 16 14
16 18 43
14 14 32
2 5 21
16 18 28
23 2 26
13 15 24
19 20 12
4 8 39
14 18 47
8 13 36
17 20 39
22 0 12
12 15 24
4 5 27
9 13 8
0 4 8
18 21 48
4 7 46
5 7 37
21 1 42
13 14 50
11 14 41
6 8 30
19 20 8
18 19 9
21 1 28
3 5 25
3 6 47
0 2 24
0 3 9
9 14 28
10 13 37
15 20 2
2 5 21
0 2 31
18 21 4
18 20 35
12 16 42
4 8 48
17 20 9
21 23 49
14 16 46
20 0 27
8 11 38
8 12 27
10 12 18
9 14 29
14 19 13
10 12 21
8 12 25
7 11 37
7 9 25
4 8 45
16 19 13
13 18 1
8 11 37
4 8 2
12 15 30
5 8 48
9 11 8
11 15 17
19 23 7
2 4 8
7 11 35
3 7 19
12 15 44
0 2 30
10 14 32
11 14 33
7 13 30
9 13 45
22 23 9
13 17 25
3 6 19
4 8 28
3 3 35
4 5 39
10 13 6
14 17 8
20 0 45
11 14 11
5 8 12
5 7 32
5 10 45
18 20 13
23 0 2
9 12 31
14 17 14
13 17 29
20 0 15
4 6 9
14 18 14
21 0 45
15 17 40
9 12 24
22 1 36
13 16 9
16 17 20
20 1 12
20 21 38
6 8 15
18 21 46
18 20 31
14 18 41
12 17 8
8 10 48
22 2 13
5 7 38
20 0 6
19 23 32
17 19 42
11 13 11
2 5 31
1 4 6
8 10 2
21 1 27
20 22 21
20 0 41
6 9 14
6 9 1
3 7 12
16 18 40
15 17 19
8 11 36
19 21 30
14 15 47
18 20 10
20 23 4
8 12 17
8 11 10
7 10 46
0 4 20
22 0 30
1 4 19
18 21 12
5 7 31
8 9 20
2 6 32
16 20 27
7 9 27
23 1 45
11 15 36
19 22 10
7 10 37
0 3 10
11 13 18
22 2 22
16 18 5
14 16 45
0 1 15
14 16 7
20 0 13
11 13 40
22 2 50
5 6 8
8 10 14
2 6 44
15 18 24
12 14 39
23 4 48
7 11 39
21 1 23
15 18 33
12 18 47
8 11 42
22 1 20
21 23 18
8 11 48
7 11 38
21 22 26
3 4 15
6 9 49
9 13 28
19 23 24
3 6 6
14 17 33
21 21 34
1 2 11
11 15 49
9 12 25
23 1 27
5 9 34
12 14 26
15 18 25
9 12 47
22 1 35
17 18 18
2 6 6
15 19 4
2 4 1
2 7 22
15 16 15
20 0 24
17 22 21
19 0 40
20 21 50
22 2 46
0 2 30
13 16 47
15 18 29
12 15 12
2 5 14
0 2 48
16 18 16
3 6 34
21 0 31
4 9 39
19 20 31
16 20 24
6 10 40
15 18 19
19 22 35
16 19 48
2 4 9
7 11 29
18 19 7
12 13 1
9 14 7
8 11 4
12 15 25
19 23 29
3 5 29
22 1 8
0 3 11
3 4 16
11 15 9
17 19 49
19 23 9
11 12 8
11 14 2
5 7 15
22 23 12
2 5 18
19 23 2
7 11 23
18 21 21
3 6 15
3 5 27
3 6 6
1 2 27
10 13 34
6 9 14
16 18 22
10 14 3
2 5 34
21 1 21
20 22 20
0 3 17
21 1 16
5 7 3
17 19 5
2 5 4
5 8 23
17 19 23
20 22 6
7 8 13
16 18 38
17 21 39
20 0 2
16 21 12
4 7 45
12 16 17
12 15 13
18 22 24
15 18 18
5 6 20
15 19 3
22 23 31
7 10 30
7 9 12
2 5 44
13 17 13
5 7 49
17 21 37
22 1 42
2 4 36
22 1 32
22 2 20
3 8 20
8 13 49
10 12 45
17 19 33
9 13 42
0 1 15
22 1 8
12 15 11
7 10 47
6 10 3
1 3 31
13 16 34
1 5 18
15 18 15
15 18 20
15 18 6
23 1 19
8 11 13
11 13 11
2 5 16
8 10 15
22 0 48
14 18 27
16 21 7
12 14 43
18 20 38
23 2 27
19 23 18
21 22 12
12 16 11
3 6 41
9 11 27
0 2 38
21 0 24
1 4 14
0 4 6
18 22 43
5 8 50
12 15 35
15 17 23
13 16 38
12 14 49
1 4 32
0 2 44
17 20 11
18 22 18
1 5 3
14 17 25
9 10 50
20 0 46
8 11 24
7 11 16
4 6 40
17 19 21
4 8 9
20 0 15
14 20 23
16 20 12
3 5 41
18 23 47
3 5 29
17 19 39
22 0 49
12 15 4
16 18 41
20 0 29
15 17 48
18 19 47
13 17 20
20 22 21
15 18 6
8 10 21
18 20 50
18 22 2
17 20 3
10 13 2
14 15 39
17 20 32
6 10 39
20 21 28
16 18 9
2 5 22
4 7 36
11 13 41
7 11 43
16 19 29
9 14 23
19 22 35
16 17 44
12 14 50
3 4 27
18 22 34
7 10 28
13 16 48
14 16 2
4 8 38
21 2 21
16 20 8
21 0 35
22 2 24
0 3 3
20 23 13
11 14 35
2 4 2
20 22 16
1 4 40
9 11 38
13 16 31
15 18 17
8 12 16
4 7 43
16 18 13
2 6 43
10 12 13
5 7 41
4 6 25
0 4 22
9 11 38
6 9 10
18 21 33
17 21 10
4 7 6
13 16 4
9 12 49
5 9 31
4 6 10
17 18 28
0 3 40
9 12 3
0 3 26
14 17 26
17 19 5
6 7 30
16 19 42
21 1 7
8 11 11
2 5 28
9 12 14
23 1 20
15 17 31
12 15 9
19 23 44
16 19 4
13 17 7
1 4 45
5 9 13
14 18 23
23 2 44
16 18 32
10 14 39
9 11 42
0 2 49
10 12 33
8 11 24
10 13 25
16 20 37
17 20 31
23 2 21
17 20 33
1 4 22
17 18 37
1 5 5
14 18 41
2 5 46
6 9 23
10 14 6
2 6 22
13 15 18
22 2 38
11 12 26
4 7 1
5 8 2
13 16 23
8 11 38
12 14 39
21 0 6
18 20 26
8 10 32
22 1 15
5 8 5
5 9 21
15 19 37
11 14 50
12 15 40
17 20 8
1 4 10
11 15 8
21 1 2
7 10 24
15 18 11
1 5 28
14 18 2
1 4 24
13 16 1
4 5 26
21 0 47
19 23 20
17 21 27
11 15 42
3 7 35
23 2 8
4 8 11
5 8 31
6 9 34
11 16 32
23 2 42
5 8 4
23 2 34
20 23 38
15 18 16
17 20 17
4 8 21
6 9 36
18 21 32
10 13 13
15 19 9
6 9 38
22 2 29
16 19 9
3 6 11
0 3 30
19 0 15
14 15 41
1 5 35
9 11 46
14 16 47
16 18 2
17 20 26
19 22 18
12 14 27
17 21 39
6 9 44
9 12 26
13 16 39
19 22 30
14 16 3
2 5 33
17 21 34
23 1 6
18 23 30
4 9 15
4 9 5
17 21 28
22 0 42
4 6 11
22 1 13
5 8 21
6 9 2
19 20 3
22 1 39
2 5 29
12 15 8
5 7 19
6 10 9
5 8 13
14 15 49
16 17 22
13 14 36
17 20 22
0 2 25
20 22 33
19 21 15
11 15 23
4 5 42
21 0 46
12 16 17
21 1 42
9 11 42
20 22 3
18 21 3
22 1 4
20 0 28
7 11 7
15 17 50
22 1 36
21 1 19
7 11 37
8 10 48
3 6 45
8 10 23
6 7 12
6 11 34
15 19 30
21 1 44
6 10 20
17 19 32
8 10 17
19 23 16
8 9 1
16 21 19
14 16 18
22 0 28
20 0 47
9 11 44
2 5 13
0 1 7
6 8 47
22 1 25
6 11 24
23 2 46
14 19 41
10 12 2
21 0 16
20 23 38
18 23 7
19 22 33
7 11 3
6 10 2
12 12 27
0 3 30
12 15 10
0 2 26
5 7 30
2 5 6
1 4 19
7 8 39
3 6 28
14 18 41
6 9 24
13 14 16
23 3 8
1 4 43
20 1 28
5 9 49
14 17 43
22 2 11
11 15 33
8 11 40
11 13 27
22 0 10
5 9 47
18 21 50
22 0 36
6 11 26
9 11 11
4 8 2
16 20 34
2 5 12
5 7 13
5 8 24
13 15 18
8 12 36
8 12 13
9 12 26
3 5 44
20 0 20
23 2 43
20 22 37
17 20 13
19 22 13
18 20 7
11 14 5
5 6 16
3 7 27
15 18 13
13 15 14
6 8 24
14 16 19
9 11 3
13 15 23
23 23 35
15 18 26
23 3 14
11 16 45
13 16 4
22 0 41
20 23 23
13 15 17
9 11 6
23 3 41
7 11 1
17 22 21
0 2 44
8 11 5
17 20 14
3 5 23
21 23 34
18 19 24
4 7 8
19 23 44
10 12 49
19 22 49
2 7 35
12 15 12
8 11 6
9 13 50
3 7 27
22 0 24
6 9 44
12 15 8
8 9 24
18 21 41
16 18 44
13 16 41
17 19 48
10 13 8
5 8 5
0 3 48
20 0 36
4 5 6
17 19 14
17 20 28
12 16 20
11 16 23
9 13 42
4 7 3
12 15 41
19 22 48
23 3 15
2 4 39
20 22 50
20 23 31
13 17 5
8 11 36
15 17 38
4 7 20
7 10 22
15 18 32
5 7 35
11 14 4
16 19 43
4 6 32
23 0 17
15 18 37
17 19 14
8 9 29
5 8 46
20 0 3
17 19 46
16 19 35
20 23 4
4 6 14
11 15 35
17 19 11
17 21 1
2 6 1
21 1 18
2 7 24
19 0 14
7 10 47
16 19 9
23 3 19
15 18 12
0 4 16
6 8 6
7 8 27
21 0 34
7 10 17
23 2 44
18 21 40
19 21 36
6 8 28
6 9 42
13 17 50
0 3 27
22 1 22
23 3 38
0 2 13
13 17 28
23 3 7
12 15 47
1 5 44
19 22 25
3 6 14
21 0 4
8 10 31
2 5 18
5 7 11
2 6 16
23 1 34
21 1 45
16 20 27
0 2 40
3 5 29
2 5 49
2 6 45
2 4 8
10 12 32
20 21 15
2 5 31
5 7 20
23 3 18
7 8 16
15 18 14
12 15 10
22 2 42
10 13 28
6 9 40
4 7 39
16 19 23
5 7 16
4 6 4
16 20 45
20 23 15
14 15 43
13 15 17
0 3 28
5 7 30
10 11 12
10 13 23
10 13 3
8 11 49
5 7 25
2 5 5
18 20 45
20 0 33
0 5 18
12 15 28
16 18 47
10 14 11
8 10 50
12 16 43
11 15 43
16 19 50
10 14 14
23 3 32
19 21 24
0 5 34
12 14 11
22 1 13
9 11 40
6 7 15
5 7 9
3 5 37
15 17 40
15 17 5
19 22 43
2 5 41
9 14 9
9 12 47
9 12 45
17 20 50
9 11 46
6 11 6
10 14 16
2 4 47
9 12 49
3 7 36
21 23 1
23 2 21
13 16 33
16 19 50
14 15 11
3 8 36
4 6 4
13 16 16
21 23 6
14 18 29
17 20 43
12 15 14
12 17 27
21 0 32
18 22 45
7 11 41
7 11 41
20 23 4
5 7 10
9 13 31
0 2 5
22 1 23
20 0 1
8 11 39
20 22 24
7 8 22
6 8 48
14 16 27
17 21 40
3 5 30
14 18 17
13 16 10
10 12 43
11 14 3
0 3 25
20 0 30
15 19 42
15 17 23
18 21 50
22 2 21
10 14 9
16 19 25
15 18 12
23 2 47
13 16 10
8 11 26
0 1 39
14 16 37
0 4 6
7 9 28
5 9 28
6 8 31
12 15 22
6 8 40
9 12 42
3 5 3
20 23 25
18 20 16
0 3 3
11 16 25
17 20 48
4 7 3
1 4 24
13 15 16
7 9 37
23 1 6
17 19 13
15 18 19
5 9 47
22 0 36
5 9 10
9 13 15
23 2 10
22 2 17
3 5 31
1 4 12
7 9 22
17 19 22
11 14 21
15 21 44
23 1 38
17 21 27
4 8 20
9 13 5
2 4 34
6 10 46
23 2 4
20 23 50
15 19 40
21 2 42
15 17 18
19 22 32
18 22 8
0 3 11
21 23 39
21 0 6
20 22 8
10 15 38
8 11 39
1 3 20
2 4 21
3 6 23
9 11 17
22 2 49
2 5 17
8 10 3
12 14 49
15 17 22
18 21 35
20 0 15
11 13 27
12 15 24
7 9 16
20 22 35
4 8 32
6 10 25
8 11 28
0 5 28
2 7 4
7 9 1
15 18 47
17 22 8
9 11 26
5 10 13
9 11 24
10 12 24
18 21 33
14 18 30
14 17 28
11 14 45
9 11 13
13 15 7
0 4 42
18 22 34
23 1 4
2 7 8
4 7 17
16 20 9
20 23 42
22 2 14
22 1 43
17 21 39
7 9 16
19 23 41
18 22 23
0 4 46
6 8 13
17 20 39
8 10 48
4 7 16
18 21 14
18 21 22
2 6 39
1 5 1
12 18 1
22 0 5
21 0 6
8 10 8
20 1 43
6 10 27
13 17 7
4 7 23
3 6 5
4 8 3
17 21 32
1 5 32
6 10 34
13 18 28
19 0 19
5 7 1
16 20 49
20 0 48
12 16 27
11 13 8
10 13 50
22 1 29
12 15 21
14 16 28
0 5 25
18 21 37
4 8 50
3 6 34
18 22 46
10 12 17
7 10 2
14 15 15
14 16 30
19 21 28
7 10 39
5 8 36
16 19 16
22 2 21
17 21 5
13 14 8
2 2 15
7 10 17
4 7 39
5 10 41
22 0 35
3 5 35
14 19 16
22 2 17
6 7 5
15 18 40
5 9 48
18 21 5
17 22 27
15 19 5
2 5 41
16 20 30
12 15 25
4 8 24
10 12 12
7 9 41
19 23 39
10 12 7
8 11 33
9 13 2
21 0 10
9 10 14
3 6 48
13 16 26
23 2 16
19 21 28
8 10 20
21 1 11
18 23 20
5 7 6
7 10 50
0 4 24
17 19 6
5 8 50
9 12 12
12 13 41
7 8 7
1 6 22
11 13 47
3 7 39
23 2 20
10 14 40
17 20 29
6 10 46
22 2 48
1 3 4
8 12 9
17 19 12
13 17 34
0 2 23
4 6 14
15 17 7
21 23 13
15 18 37
11 13 19
4 7 41
6 9 26
12 14 5
18 18 14
2 5 1
20 22 9
17 18 5
4 8 20
22 1 28
5 8 6
21 1 23
16 19 14
21 0 34
19 23 36
21 1 4
11 14 15
11 13 5
3 7 29
5 10 13
11 14 32
10 13 1
7 11 39
4 7 32
7 10 35
16 20 31
1 6 30
6 7 2
14 16 20
1 3 46
9 14 33
14 16 13
18 22 46
10 13 14
9 11 43
1 3 8
18 19 15
21 0 35
10 13 25
3 6 3
2 4 29
5 7 25
0 3 48
21 0 40
6 9 50
12 15 26
1 4 40
10 13 20
22 1 26
2 4 44
2 6 7
1 4 31
6 9 43
12 16 27
0 4 39
9 11 12
6 7 32
21 2 50
4 6 37
8 11 12
5 8 42
23 1 12
22 1 33
8 10 7
16 19 7
13 16 1
0 4 7
10 15 33
15 19 13
17 19 37
11 12 7
6 9 32
7 10 20
15 18 45
10 13 42
23 1 3
14 17 21
17 20 3
22 2 17
17 20 3
23 3 6
1 4 44
22 0 32
15 18 21
21 22 26
8 11 15
20 22 2
1 3 15
0 4 24
8 12 28
9 13 27
18 20 10
16 18 30
15 17 29
1 4 40
6 10 33
9 13 32
5 7 19
8 10 4
7 9 39
2 4 6
13 16 8
19 22 3
21 0 37
15 20 3
7 9 36
1 4 22
5 9 38
5 7 22
6 10 10
13 16 44
6 8 36
5 7 31
21 1 4
10 12 50
14 18 49
3 4 7
23 4 29
10 12 33
13 15 49
21 0 30
1 6 30
18 22 44
20 23 37
1 4 31
12 17 24
17 20 35
1 4 28
9 10 31
2 6 16
17 19 6
8 10 11
19 20 7
11 14 2
3 6 9
6 8 40
12 14 31
4 6 19
20 23 20
0 3 5
20 21 43
22 0 20
12 15 24
17 20 19
18 22 25
2 5 1
21 23 16
19 0 1
16 19 22
23 3 33
22 0 15
8 11 16
18 19 42
8 12 17
9 10 48
8 11 7
1 4 43
7 9 45
15 17 8
4 6 38
4 5 9
20 23 15
2 5 19
22 2 3
20 23 46
1 4 24
14 17 39
0 3 5
13 15 40
19 22 14
14 16 22
16 21 33
8 10 32
13 17 39
21 1 17
16 19 47
22 1 35
17 19 14
4 8 19
4 7 8
14 17 17
2 6 46
1 3 33
8 10 50
18 22 14
9 13 2
18 20 37
21 23 11
10 14 21
8 11 24
7 10 37
7 10 36
7 9 47
4 8 14
4 6 32
4 6 33
14 18 29
0 2 10
15 20 26
15 16 28
4 7 47
12 15 23
5 7 4
6 8 8
21 23 2
10 12 24
22 0 31
9 12 33
2 6 47
7 11 41
8 12 1
21 0 32
5 9 30
0 3 49
6 10 25
5 7 17
8 11 14
10 14 48
20 23 7
14 17 21
16 19 21
17 21 26
10 13 48
6 11 37
23 1 41
4 7 22
13 18 34
10 13 38
2 4 25
3 6 36
12 15 19
1 4 29
3 6 43
12 14 2
8 12 12
5 9 15
4 8 8
22 1 24
18 22 29
5 8 18
19 22 45
7 9 23
20 0 49
13 17 16
8 11 6
5 8 23
17 18 35
19 20 9
22 0 37
13 15 23
11 15 32
4 4 26
12 16 39
4 7 22
16 20 5
8 9 50
20 0 13
2 4 27
0 4 6
18 21 14
0 1 7
17 20 28
7 10 37
0 4 26
0 4 40
9 13 7
11 14 44
9 12 19
19 23 46
4 8 33
12 15 33
7 9 34
3 7 4
20 22 48
6 11 3
5 7 37
17 21 30
2 4 13
14 15 20
15 18 29
23 3 47
11 13 41
14 16 42
22 1 46
3 6 19
6 8 20
16 18 30
16 18 45
18 21 15
5 8 44
10 12 20
21 23 42
1 5 39
21 23 5
0 2 50
8 11 14
13 15 44
12 15 13
4 8 7
21 22 41
8 12 29
15 19 35
6 10 26
4 8 1
6 8 6
18 19 20
8 12 15
18 20 21
0 1 7
10 15 23
6 11 37
4 8 19
6 9 38
17 19 49
19 20 48
0 2 47
1 4 45
12 14 47
21 0 10
10 14 32
12 16 37
22 3 15
4 7 46
9 12 13
8 9 15
16 18 46
22 2 13
7 11 35
15 18 1
4 5 29
3 5 50
18 22 25
23 3 28
8 12 41
14 19 34
10 14 34
5 8 4
12 14 37
3 5 36
20 1 4
16 19 23
5 7 42
6 9 9
18 21 35
16 20 45
11 15 10
22 2 47
4 7 38
3 7 35
17 22 21
9 12 9
15 20 42
1 5 50
15 19 42
12 13 4
17 20 38
2 6 14
6 10 5
6 9 44
12 13 29
16 18 23
10 15 8
16 19 34
0 2 34
8 11 7
22 0 36
0 4 10
5 7 2
21 0 41
19 21 10
22 1 46
0 3 5
6 8 1
17 21 44
7 10 25
1 4 9
2 5 37
0 2 25
15 16 19
14 16 34
16 19 47
2 3 29
17 20 45
18 22 47
18 21 32
22 2 42
16 18 45
19 22 22
4 7 13
3 7 42
18 21 24
19 20 48
19 20 14
18 21 34
5 7 13
17 19 16
19 22 47
23 1 22
5 8 37
8 10 4
11 12 17
10 13 35
23 1 37
17 20 31
9 12 14
12 16 34
2 5 2
15 18 44
7 9 42
14 17 9
15 20 22
15 17 44
5 7 26
4 7 7
20 23 44
20 2 7
17 19 1
15 20 38
18 22 27
16 21 9
3 6 16
13 16 32
22 1 12
22 0 38
19 22 30
22 1 40
21 1 6
0 3 39
1 5 15
0 3 24
0 4 26
3 6 47
7 10 22
16 19 21
17 20 3
0 4 12
21 0 4
4 7 1
20 22 14
6 9 33
10 13 9
11 15 1
15 17 16
19 23 7
15 20 32
4 6 10
2 6 43
0 4 17
22 1 6
9 12 39
11 14 39
1 4 15
4 8 16
5 8 10
7 10 14
20 23 50
8 10 46
19 23 34
8 12 3
11 16 35
8 12 20
20 23 17
20 21 8
17 22 18
16 22 29
18 20 11
4 6 26
12 15 50
8 13 36
11 14 19
7 10 26
1 3 28
18 21 38
15 19 30
12 16 35
21 23 20
14 17 49
6 7 11
10 11 43
15 19 39
19 23 41
16 19 5
21 0 23
16 19 37
11 16 7
2 5 48
23 2 24
19 22 45
15 18 30
9 11 26
22 0 40
11 13 47
14 17 39
13 17 36
11 15 47
9 13 21
16 20 35
2 5 41
20 0 49
19 21 45
15 19 34
17 20 36
14 19 37
14 18 25
13 17 32
10 13 14
0 3 23
16 20 1
12 13 33
18 22 12
17 20 9
6 9 2
12 16 24
6 9 25
16 19 42
14 16 37
15 18 22
13 16 36
12 17 10
20 22 6
18 20 3
13 17 21
4 8 31
14 16 32
15 17 36
6 8 48
22 23 9
14 16 11
13 15 30
3 6 33
5 9 1
18 21 2
0 2 10
17 21 40
6 8 37
5 7 1
8 10 26
2 5 28
1 2 47
8 11 2
9 12 19
23 1 8
18 22 4
4 7 48
20 21 5
10 15 4
21 0 24
21 1 47
21 0 16
1 2 44
5 8 41
22 0 30
9 13 12
9 12 43
9 12 17
15 18 44
2 5 25
16 20 38
19 22 15
12 15 43
18 19 39
15 20 20
18 23 10
6 9 24
16 20 4
15 18 28
14 17 50
14 17 33
23 1 18
22 1 45
21 1 7
1 3 27
23 2 23
13 17 39
15 18 30
19 23 33
12 15 26
15 19 33
18 22 18
11 14 20
22 1 11
5 8 50
22 0 15
1 5 33
6 9 23
20 0 18
11 14 32
23 3 5
11 15 42
23 2 49
0 2 45
3 7 12
3 7 20
10 13 23
12 15 6
9 11 38
4 5 27
1 5 21
12 14 29
19 22 10
6 10 35
19 21 12
10 13 14
15 21 35
2 6 23
12 15 13
11 13 30
22 1 1
23 1 11
18 22 10
20 22 9
20 23 31
9 12 49
11 15 10
18 21 4
8 12 37
12 16 23
4 7 43
12 16 41
15 17 16
1 4 31
1 5 47
15 17 37
5 11 14
0 3 2
11 14 37
5 7 12
4 8 2
0 4 24
17 20 1
17 21 38
8 11 30
3 6 13
16 18 19
18 21 16
6 8 44
17 21 27
10 12 11
8 12 50
14 16 22
12 16 50
11 13 3
10 14 16
16 18 34
22 0 35
15 19 24
5 9 27
19 0 20
12 16 31
22 0 11
10 13 38
15 18 36
15 17 29
12 15 6
15 18 10
12 16 43
14 17 38
15 18 42
7 11 9
3 6 31
15 17 30
6 9 35
1 5 9
23 2 21
6 10 4
22 2 39
15 20 22
17 20 21
4 6 8
3 6 40
8 11 47
8 11 40
5 9 8
7 11 20
12 15 34
22 23 19
1 4 46
15 19 6
16 18 34
5 9 42
22 1 2
8 10 35
10 14 38
1 6 3
13 14 34
4 6 40
11 13 44
5 9 4
3 6 48
12 15 43
13 17 20
0 4 18
10 12 14
0 1 32
14 17 31
14 17 2
11 13 13
14 17 29
5 8 2
10 12 46
7 10 3
8 11 10
10 13 11
18 22 14
8 13 47
1 4 1
9 12 8
3 6 13
2 5 49
5 7 40
21 23 40
9 12 15
23 3 16
2 5 34
23 2 43
2 5 19
3 7 49
16 21 42
15 19 47
14 15 50
14 18 19
12 15 14
0 3 26
16 20 46
10 12 7
19 22 47
15 17 22
13 18 45
16 19 2
4 7 5
10 12 50
16 20 5
5 6 49
21 0 43
6 9 6
4 7 19
6 9 40
19 22 26
19 23 28
5 7 5
5 7 37
11 14 21
15 16 5
5 9 9
15 19 27
21 23 25
22 0 46
23 3 39
9 11 9
18 21 1
5 8 25
19 22 1
21 0 30
12 15 34
4 7 34
13 16 47
18 21 37
7 11 43
0 3 48
14 17 43
17 19 37
12 13 6
14 15 39
18 23 15
4 7 7
0 4 16
0 3 22
15 18 33
6 9 30
7 8 46
16 19 1
16 19 44
11 13 50
3 6 2
9 12 38
19 23 11
17 21 49
0 2 13
7 10 24
9 13 3
6 8 29
18 20 31
14 18 50
1 5 33
19 2 10
0 4 16
0 3 26
23 3 49
17 19 16
6 9 16
20 22 25
7 11 35
17 20 23
4 7 7
7 11 36
8 11 40
15 18 38
15 20 36
20 0 13
4 7 48
4 7 40
2 4 27
1 5 17
16 19 13
20 23 36
18 19 20
23 2 46
0 3 22
16 21 39
4 6 50
16 20 9
10 15 43
0 4 25
14 18 40
19 22 26
15 17 15
3 6 40
13 17 38
12 14 42
15 19 15
17 20 2
6 9 48
4 8 20
9 11 9
22 23 24
12 18 2
19 22 30
14 16 19
6 9 30
15 17 7
7 10 30
2 5 5
20 0 14
1 3 11
5 8 19
4 7 23
22 2 19
5 8 40
5 7 34
2 6 43
11 15 47
5 6 9
6 8 39
22 23 45
6 9 43
2 5 39
19 23 11
18 22 19
11 14 49
10 12 40
13 16 9
18 21 10
12 14 15
19 21 33
13 17 3
8 9 48
23 2 18
7 10 18
22 1 14
0 3 27
20 22 7
7 10 46
18 19 44
17 21 7
1 4 9
22 2 13
17 20 5
0 3 5
0 3 14
16 18 47
19 22 23
0 2 45
8 11 39
9 12 12
17 19 22
9 13 21
18 19 44
14 16 35
4 8 35
16 17 49
4 8 2
5 7 45
5 9 12
21 23 11
8 12 24
9 12 42
5 8 2
6 9 29
20 0 1
17 20 48
16 20 15
8 10 47
12 16 11
23 2 33
10 13 41
21 0 14
20 23 6
11 13 15
22 1 6
21 1 39
14 18 43
5 7 48
7 10 26
14 16 9
22 1 50
19 21 39
0 4 43
8 12 19
19 0 6
3 4 45
18 21 19
17 21 18
0 2 35
23 4 34
8 10 15
2 7 3
3 8 22
3 6 17
22 23 12
17 19 33
7 9 16
10 12 28
16 18 41
15 17 33
16 17 31
4 5 14
0 3 7
9 14 2
19 21 38
22 3 27
19 20 27
10 14 27
7 10 15
4 8 18
17 19 22
4 8 22
16 19 15
20 22 17
1 3 3
0 3 17
16 18 48
3 7 13
3 5 38
6 9 12
19 21 31
16 20 38
23 1 35
22 2 46
6 9 13
23 0 47
20 23 23
15 19 31
19 0 21
11 15 11
0 4 22
0 1 32
1 4 46
10 13 29
19 22 24
6 7 16
18 21 48
20 0 25
9 12 5
19 23 8
20 1 15
9 13 46
8 12 25
21 0 26
18 21 3
16 19 35
22 0 1
8 11 31
4 7 3
21 23 43
17 21 14
1 2 42
11 15 2
23 3 20
1 4 21
12 13 25
23 3 10
4 6 3
13 18 46
1 4 35
8 12 8
20 23 8
15 18 35
12 16 28
13 17 48
8 12 4
12 17 15
2 6 48
16 19 18
20 23 35
4 7 7
13 16 24
17 20 38
20 23 3
12 15 1
18 20 15
3 5 2
17 21 45
1 5 18
23 3 40
3 7 47
3 6 42
2 7 42
22 1 40
1 5 35
14 17 50
20 21 31
3 4 43
23 2 22
20 1 15
6 7 15
7 11 22
17 20 35
2 4 44
22 1 6
0 4 11
21 1 7
7 11 47
6 10 22
18 21 50
4 7 2
21 0 47
10 13 48
6 8 37
19 21 9
10 14 44
21 1 24
21 23 47
10 12 26
9 11 37
3 5 35
11 13 33
23 1 4
15 17 43
1 3 7
9 13 4
2 6 35
15 17 17
16 18 46
16 19 48
8 10 38
0 4 1
0 4 44
13 17 40
15 20 36
22 1 41
23 4 50
20 0 32
14 16 13
19 22 38
8 10 30
9 13 23
20 23 26
18 22 33
12 15 35
5 8 24
22 2 48
5 9 44
6 9 45
18 20 29
11 14 23
21 0 4
19 22 48
22 1 3
22 3 39
21 2 31
5 9 44
17 20 8
10 11 48
11 13 46
0 4 18
3 6 2
15 17 44
13 15 5
11 13 13
6 9 31
22 0 24
0 4 2
8 10 15
4 6 46
18 20 8
23 1 29
21 23 16
21 23 38
17 20 7
19 20 48
5 9 15
21 0 44
4 5 44
8 12 13
3 4 5
10 12 7
1 3 10
3 8 4
2 5 37
18 21 22
18 21 24
2 6 8
10 14 31
20 23 8
10 16 45
9 11 15
23 2 29
6 11 36
21 23 48
18 21 39
5 7 3
0 2 32
11 16 5
9 13 9
6 9 8
1 3 23
14 19 9
13 17 17
15 18 27
22 1 15
7 11 7
23 2 10
0 2 47
14 18 15
22 1 29
17 20 14
15 19 36
6 9 14
15 17 10
12 15 25
15 18 49
15 18 41
20 23 2
2 4 34
9 12 14
2 3 40
3 7 11
5 8 31
14 17 6
11 14 27
8 9 33
12 16 24
1 3 36
19 23 42
11 15 9
8 11 36
7 9 42
7 9 46
8 11 5
8 11 24
3 6 17
22 2 11
2 6 27
13 17 41
10 13 45
13 15 49
9 11 42
15 18 48
10 13 19
14 17 2
7 11 6
19 23 40
21 23 16
8 10 29
3 5 24
8 11 14
13 15 38
1 3 23
8 10 28
1 5 2
18 23 29
21 2 34
1 5 17
4 8 6
6 10 49
21 0 25
16 18 7
13 16 23
22 0 7
9 12 33
11 14 42
2 4 37
5 8 39
16 19 28
21 0 11
19 0 44
13 15 16
12 16 23
13 16 45
22 0 49
8 10 26
19 21 37
14 17 32
6 10 25
15 16 27
9 12 32
15 18 41
1 4 13
14 17 20
17 19 18
13 16 35
12 15 47
8 10 22
21 1 37
8 9 4
4 6 24
5 10 15
17 20 41
0 3 21
14 17 15
5 8 47
1 3 19
15 17 36
17 18 16
3 5 47
4 6 14
2 4 25
0 2 29
1 2 42
14 16 34
0 3 6
4 6 4
14 16 46
1 4 46
0 3 11
3 6 35
17 21 12
14 18 37
9 11 8
0 4 48
9 12 20
3 7 41
17 19 20
0 1 49
1 2 35
9 13 22
4 6 12
5 7 13
2 6 1
18 19 38
1 2 20
5 10 28
4 6 46
10 14 42
16 20 45
4 8 47
20 23 21
3 6 37
5 6 1
14 16 2
22 0 45
10 11 27
7 10 49
1 4 11
9 11 49
0 2 49
22 2 8
18 20 35
5 9 25
15 18 2
1 3 2
15 17 12
3 5 42
9 12 35
6 12 14
2 5 24
20 21 20
9 12 35
23 2 45
12 13 44
5 6 29
14 15 32
12 16 7
12 16 50
0 4 11
17 21 27
2 6 15
19 22 41
3 6 12
20 0 18
17 22 23
3 5 18
14 16 11
6 10 1
4 7 28
9 11 39
5 9 12
9 13 5
1 5 17
3 4 7
18 21 49
22 2 34
4 6 20
4 7 9
19 0 42
19 21 43
5 7 26
1 5 17
1 5 40
17 20 23
14 17 37
10 13 27
11 13 50
0 2 3
12 15 28
3 8 26
16 22 2
8 11 15
3 7 44
4 8 21
5 9 12
21 0 6
23 2 2
19 0 10
7 10 16
3 6 15
2 4 39
21 22 5
10 13 45
5 8 48
14 17 18
5 8 22
1 3 14
6 10 35
23 2 2
0 5 14
23 3 18
15 18 3
2 4 17
23 2 39
3 5 40
3 8 20
17 20 27
8 11 20
7 9 28
3 6 7
12 13 18
4 8 15
0 2 1
18 22 1
19 22 3
21 21 17
9 12 16
4 7 26
7 9 50
17 20 37
20 23 2
21 2 45
18 20 3
0 3 35
3 5 32
10 13 14
20 0 4
17 21 48
20 21 27
11 14 39
18 20 29
0 3 18
4 6 11
16 18 40
9 11 19
6 10 5
9 14 19
22 1 17
19 23 14
11 13 26
17 19 34
10 14 50
3 6 14
8 10 20
17 19 36
8 13 8
6 10 50
17 20 13
4 6 30
3 5 16
9 12 23
9 13 26
8 12 15
12 15 25
23 2 34
17 18 44
22 1 3
15 18 47
7 12 50
2 4 3
11 16 46
13 18 32
23 3 5
0 3 42
15 17 21
23 1 37
15 16 43
9 12 20
17 18 8
13 17 8
4 8 17
12 13 36
6 11 8
7 10 8
11 15 7
11 13 27
10 12 43
21 2 9
7 11 50
22 0 47
7 10 15
12 14 5
17 18 19
19 23 5
3 6 43
17 19 11
1 3 22
0 3 26
16 20 49
11 14 2
12 16 37
1 4 36
18 21 10
14 15 14
16 19 47
15 19 36
13 15 42
5 9 21
11 14 27
19 19 10
14 16 28
4 7 25
7 11 45
14 17 18
19 22 32
1 5 22
9 12 35
21 1 34
23 1 13
17 20 15
13 14 24
6 9 26
3 4 4
6 10 30
21 0 22
5 6 24
7 11 10
17 19 34
7 7 32
16 19 10
2 4 48
22 23 41
16 19 36
2 6 7
4 5 10
22 0 44
16 19 44
1 4 14
3 4 42
9 12 18
11 14 19
5 8 45
23 4 16
4 7 11
1 3 11
20 22 42
18 21 41
3 5 13
11 14 35
9 12 18
11 14 29
20 23 31
17 20 50
9 13 7
5 9 14
8 11 7
12 16 29
23 4 6
11 15 32
0 4 1
0 2 13
14 17 12
1 5 9
22 3 47
21 1 32
6 9 20
8 9 50
12 15 7
9 12 5
18 21 7
0 2 40
14 16 21
16 18 27
21 0 6
13 18 23
10 11 33
5 9 21
15 18 10
12 15 8
23 1 11
9 11 20
13 15 15
19 23 47
20 23 17
2 6 36
0 3 38
2 4 19
22 1 2
1 5 30
12 14 41
21 23 4
22 2 48
22 1 20
8 10 20
11 15 21
3 5 11
21 2 17
8 12 29
17 20 30
1 3 20
6 10 24
6 10 13
21 1 23
6 7 14
16 19 17
11 14 36
5 7 31
22 2 33
3 6 10
8 12 28
7 10 27
4 6 38
18 21 33
23 4 29
22 0 44
1 5 13
15 18 2
3 6 12
13 16 33
0 4 29
20 0 30
10 15 8
21 0 11
20 0 42
13 15 35
15 19 45
3 6 49
14 17 35
9 12 13
19 23 21
5 6 18
19 23 8
13 15 11
17 19 36
14 17 19
19 22 47
7 6 17
6 8 36
3 6 39
1 3 34
1 3 29
11 15 17
22 3 21
14 17 10
13 16 9
1 4 38
23 3 45
7 10 38
2 5 32
11 13 38
17 19 14
8 13 26
9 11 22
1 3 39
8 13 40
13 16 10
12 15 27
19 22 14
21 3 45
2 4 36
14 16 11
7 8 41
17 19 6
5 7 44
19 23 16
0 2 17
6 9 43
1 2 19
22 23 2
16 19 36
23 1 44
9 14 10
3 7 34
1 4 3
23 1 36
13 15 41
17 19 41
14 17 27
23 1 10
19 22 28
11 12 33
8 9 28
14 17 5
16 19 1
6 10 30
9 13 43
6 10 20
8 13 18
23 2 32
2 6 34
11 14 29
12 12 37
23 3 37
8 12 38
23 4 46
16 19 27
14 18 36
16 20 21
9 12 7
15 18 48
11 13 37
16 19 47
22 1 28
15 19 28
8 12 20
3 6 19
2 5 32
4 7 1
0 4 19
8 11 29
11 14 26
12 15 18
2 3 22
19 23 29
12 15 30
10 13 49
1 3 33
22 2 29
23 2 43
23 3 12
20 1 23
1 4 50
12 14 43
19 21 24
20 22 33
14 18 9
13 16 45
14 17 18
3 7 4
9 10 39
6 8 42
18 21 50
6 9 27
8 12 42
9 12 25
1 3 26
5 7 48
19 21 23
12 16 3
4 8 48
4 8 39
6 9 1
9 11 16
9 13 32
3 7 28
10 14 46
10 15 20
4 6 31
5 8 6
22 1 23
0 2 45
16 20 15
3 4 9
10 14 2
21 0 43
8 11 44
21 0 35
10 11 2
4 6 40
8 12 48
1 3 40
5 7 38
15 18 3
7 12 29
23 1 40
17 20 15
15 19 29
5 7 41
23 1 20
17 21 34
5 7 23
21 0 40
18 20 32
8 10 6
23 3 45
14 18 38
12 12 22
13 16 31
2 6 28
6 9 8
1 3 31
3 4 17
22 0 9
23 1 11
22 1 31
7 9 7
17 19 40
19 23 18
3 7 40
6 10 48
11 15 42
10 13 36
2 6 3
3 7 6
6 9 12
12 16 40
3 8 22
10 13 30
15 18 30
14 18 36
8 12 42
5 8 35
8 10 38
11 16 36
23 1 30
18 21 34
11 16 38
4 9 41
6 7 29
8 10 38
8 12 27
20 23 23
2 4 39
10 13 43
16 19 37
3 6 46
12 15 20
9 10 44
17 22 7
3 6 13
3 5 41
14 17 23
13 17 50
20 21 10
21 0 48
6 9 27
13 15 28
12 14 2
8 12 4
22 1 25
5 8 35
8 11 10
20 0 13
19 23 42
0 3 4
2 4 14
12 16 15
4 7 23
5 7 50
11 12 50
6 8 37
18 21 49
22 0 6
12 15 42
6 7 27
17 21 18
20 23 47
12 16 50
20 0 46
15 18 16
11 15 13
2 6 25
3 6 18
22 2 46
21 0 34
3 5 15
11 15 12
1 6 37
9 12 47
4 7 48
18 20 34
8 11 4
17 20 18
9 11 31
7 9 20
18 20 26
9 13 24
7 9 8
13 14 26
22 2 41
16 18 47
0 4 35
8 10 34
12 14 50
16 19 17
23 0 49
12 14 24
3 6 8
6 8 9
5 8 16
4 8 24
22 2 5
3 7 13
14 18 21
17 19 43
7 11 22
21 0 28
20 22 12
9 12 28
1 1 47
2 5 17
1 4 15
11 15 23
19 21 31
18 22 1
8 11 5
22 23 17
6 9 30
20 23 38
10 12 31
23 1 7
10 12 42
6 8 12
1 4 26
7 10 43
11 14 2
8 11 35
23 1 36
15 18 8
22 2 37
8 12 43
20 22 45
7 9 32
3 5 18
16 18 41
23 3 35
3 6 8
18 21 29
8 11 43
13 16 36
18 23 40
1 5 39
7 8 23
16 19 12
23 1 38
0 2 9
0 3 50
21 1 13
0 4 3
0 3 49
10 12 1
7 12 23
11 14 21
15 17 3
23 4 23
4 6 27
10 13 5
12 15 10
7 12 42
13 18 6
14 17 40
17 19 26
1 4 27
6 10 29
13 16 1
19 23 32
16 19 38
2 4 37
19 22 46
1 5 12
0 4 47
11 14 32
23 1 21
11 13 3
5 8 45
5 7 50
13 17 23
12 15 32
5 7 27
21 1 7
21 0 21
20 23 1
18 22 13
13 16 27
18 23 17
9 13 2
3 4 41
11 14 38
21 23 22
10 13 2
10 12 16
9 13 14
3 6 45
21 1 50
8 10 12
1 3 32
14 18 15
10 14 41
8 10 20
20 23 7
10 15 36
20 23 12
21 1 49
16 18 9
21 22 5
5 8 1
19 21 45
3 7 32
0 3 25
8 12 32
0 3 43
7 9 43
3 6 31
3 6 41
11 17 34
8 11 30
19 22 4
18 21 41
7 10 49
20 22 43
16 19 5
13 16 22
0 2 1
3 6 17
4 6 37
3 6 13
12 15 28
4 7 28
9 14 9
10 14 16
22 2 15
7 8 6
13 15 49
20 23 41
23 2 28
18 23 38
1 4 45
23 2 11
16 19 37
2 6 28
11 12 36
2 6 19
4 7 34
19 21 20
15 19 11
14 17 7
20 23 13
19 21 48
3 5 14
3 6 31
14 17 1
1 5 11
3 6 44
21 23 17
3 6 49
2 4 27
10 13 42
4 7 8
15 18 11
6 7 6
21 1 46
3 7 20
5 9 6
18 21 44
10 13 11
10 12 31
19 0 50
15 18 9
4 8 22
14 17 14
18 21 31
23 1 1
23 2 1
21 0 43
18 22 46
0 4 48
10 14 11
10 13 48
2 5 47
9 11 22
3 7 42
3 5 29
8 10 7
11 14 39
11 13 47
12 17 45
1 4 35
11 14 1
10 13 14
1 5 36
23 3 3
5 8 11
4 6 4
11 15 49
20 23 39
11 13 12
10 13 25
4 6 36
9 12 26
11 16 5
15 19 50
10 13 4
15 19 45
11 16 11
16 18 9
20 23 26
17 20 16
17 20 26
14 17 25
10 11 18
9 12 18
4 6 8
22 2 47
22 1 7
8 12 20
12 16 16
9 11 45
23 1 36
22 3 14
6 9 47
20 23 38
10 13 25
21 23 40
21 0 2
3 5 39
2 5 9
16 17 2
6 8 22
6 10 44
5 9 28
16 19 14
23 2 9
5 9 26
12 16 39
9 13 38
21 0 44
9 12 28
4 6 15
22 2 9
20 22 28
14 18 16
13 17 33
6 8 48
8 13 31
23 0 47
9 12 29
13 17 4
3 5 41
10 13 20
12 15 33
1 7 14
12 14 42
8 12 43
0 4 33
11 15 11
21 1 15
21 23 42
16 18 23
7 9 20
14 19 4
8 11 15
7 10 47
7 12 49
20 22 36
11 13 16
1 4 26
16 18 35
15 17 45
23 2 50
10 11 29
20 22 44
18 20 17
6 8 36
20 22 47
22 22 19
11 12 19
21 0 18
1 2 49
8 9 16
12 14 34
19 22 35
0 4 27
6 11 5
18 19 4
5 9 3
14 16 1
15 17 49
15 18 50
20 22 7
9 12 36
8 10 12
9 13 15
21 0 19
18 19 31
14 17 38
16 21 24
15 18 19
10 10 32
3 7 27
20 23 2
0 5 9
0 3 5
7 11 2
5 8 2
18 21 4
12 15 12
19 23 37
19 21 45
19 22 32
19 22 4
20 1 9
23 2 37
21 1 31
15 18 2
8 10 50
16 18 46
12 16 4
9 11 25
3 7 7
17 20 34
9 11 2
0 4 27
5 9 44
0 3 6
21 2 32
10 14 12
13 15 44
10 13 37
17 21 29
22 1 49
16 18 44
18 18 49
2 5 19
1 6 36
6 11 42
23 1 32
4 5 25
1 3 32
2 5 45
8 11 12
8 11 29
19 22 21
7 10 35
3 6 1
1 3 3
3 5 40
10 13 48
11 14 10
2 4 38
0 4 8
7 9 1
14 15 15
11 13 9
19 22 23
15 18 32
5 8 10
12 15 12
6 7 29
2 5 43
9 14 39
23 1 32
23 3 40
16 17 28
23 3 38
15 19 6
6 12 47
7 10 27
14 16 10
21 23 48
22 2 37
16 20 44
14 18 7
18 22 27
12 15 17
19 21 25
8 12 32
20 23 34
9 11 31
21 23 18
15 18 21
21 1 35
8 10 44
23 2 17
0 1 19
23 1 31
6 10 11
21 0 46
21 23 44
20 23 37
7 11 49
15 18 24
1 5 2
1 3 43
22 1 12
17 21 27
13 16 17
18 20 35
17 21 12
23 2 19
6 11 21
8 12 38
20 23 17
3 6 28
1 4 8
0 1 21
13 16 6
14 17 28
23 3 24
16 19 36
18 20 28
18 21 17
9 10 6
19 23 19
0 4 28
22 0 25
9 11 3
17 18 14
10 12 18
19 20 38
9 12 24
10 13 1
2 6 45
2 4 16
17 21 13
15 17 45
0 2 4
4 7 35
9 13 36
16 19 1
9 12 28
0 3 20
21 0 25
14 17 13
21 23 35
1 3 47
5 9 9
9 13 9
9 12 22
22 0 48
5 7 19
2 4 33
13 16 8
6 10 39
9 12 44
18 22 50
10 15 23
5 8 19
8 10 27
22 0 25
10 12 4
23 2 39
19 23 47
10 12 33
20 22 6
9 11 16
11 15 45
0 3 17
21 1 34
12 14 50
15 18 16
0 3 14
1 4 13
0 2 18
18 22 50
9 14 38
4 9 4
20 23 21
10 13 7
8 10 6
22 1 50
21 0 19
4 7 1
4 7 9
14 17 48
12 15 3
0 3 41
14 18 1
20 23 22
5 9 23
5 10 1
7 11 50
2 5 29
23 1 11
17 21 35
2 4 31
21 23 9
3 5 32
1 3 5
16 19 19
3 6 15
20 23 45
8 12 45
12 15 41
16 19 26
6 7 7
15 19 35
16 19 23
15 19 14
10 13 19
17 20 17
6 9 16
9 12 2
23 3 18
13 15 47
14 15 41
11 13 38
11 16 44
2 5 7
21 22 18
16 18 40
3 6 5
2 6 45
4 6 1
17 20 43
17 18 49
5 9 39
22 0 23
8 11 39
1 4 22
10 12 41
1 2 25
23 1 48
22 0 29
8 11 37
9 11 16
2 7 9
15 18 2
12 16 18
8 13 27
18 21 43
8 10 41
6 9 9
0 3 32
6 8 4
17 22 22
11 16 43
0 3 48
14 18 46
20 23 26
22 0 2
21 0 5
3 5 27
15 19 30
9 12 16
18 21 38
15 19 4
21 0 1
22 1 10
21 23 41
19 22 25
13 15 38
15 18 41
11 13 41
2 6 8
16 20 24
22 1 28
1 3 3
21 1 26
1 2 39
17 19 4
6 10 10
1 4 27
2 4 15
1 4 8
4 7 24
13 17 18
9 11 14
4 7 3
5 7 30
22 2 39
4 9 36
19 22 39
20 0 22
6 8 43
21 0 48
17 21 36
17 19 47
6 9 37
18 21 25
11 15 28
11 13 31
8 11 3
18 22 9
7 9 41
15 19 47
20 23 24
6 9 18
11 15 16
14 15 1
13 16 21
15 17 16
20 0 31
14 18 5
21 22 46
23 2 11
21 0 33
4 7 21
9 13 50
15 18 17
5 10 48
12 13 11
2 4 2
7 10 50
14 17 10
17 19 49
10 14 41
19 22 45
14 17 7
22 23 43
18 22 33
16 17 18
2 5 32
18 22 47
9 12 24
19 21 50
19 21 49
15 17 32
11 16 28
15 18 45
19 21 34
1 3 17
13 17 43
19 22 11
12 14 27
3 5 30
11 13 28
15 17 12
6 10 3
11 12 28
21 1 33
0 2 11
1 5 3
13 16 35
7 11 11
5 8 48
21 1 9
20 22 8
12 15 21
12 16 15
21 22 5
7 9 34
19 22 18
11 14 5
19 23 32
4 9 13
19 22 23
23 2 9
2 3 11
9 13 35
5 9 5
9 13 43
22 2 27
6 9 13
2 4 18
0 4 2
10 14 46
5 9 42
16 19 24
8 10 11
11 12 2
17 19 18
20 23 8
8 10 15
21 2 35
23 1 44
13 17 4
11 13 48
5 7 34
19 0 21
8 10 46
3 6 23
17 19 48
18 22 24
17 21 10
8 12 21
7 12 15
5 7 9
6 9 9
16 18 16
5 7 23
5 7 17
13 15 15
4 8 16
17 20 49
22 0 1
16 20 24
17 20 45
10 12 30
15 19 27
3 7 25
10 14 8
13 16 30
19 21 10
7 10 24
18 20 16
15 18 42
4 6 2
20 22 19
18 19 23
13 18 17
18 21 22
9 13 39
13 17 41
17 20 38
21 0 32
5 9 19
1 3 41
23 2 11
11 13 45
23 1 47
20 0 28
13 16 37
20 22 31
17 20 4
4 9 25
15 18 39
7 11 16
18 22 38
3 6 36
22 2 36
23 1 10
10 13 18
21 0 37
22 2 19
8 11 13
10 14 18
16 19 14
1 4 32
7 9 25
23 2 42
14 17 41
15 16 49
6 10 45
6 7 26
6 10 3
3 8 16
8 11 20
4 6 40
3 4 22
15 19 40
6 8 18
22 1 49
11 13 36
12 15 29
8 11 50
6 9 25
22 2 14
15 18 34
2 5 12
12 13 46
5 8 3
17 20 38
0 3 32
21 1 7
8 12 37
13 15 50
21 0 41
18 22 13
14 17 17
17 18 8
2 3 9
16 17 35
15 17 5
16 19 39
6 9 11
3 6 19
2 5 33
16 17 16
9 11 31
9 11 7
7 9 22
14 18 7
2 6 46
16 18 44
6 9 4
2 5 36
6 12 26
4 6 20
18 21 8
6 10 2
7 10 20
1 5 30
23 1 37
18 22 35
8 10 35
18 22 2
18 20 50
14 17 45
14 18 19
5 10 39
3 8 2
20 0 3
16 18 13
18 21 50
12 15 33
9 12 45
18 22 20
17 19 23
18 22 11
16 21 12
19 22 6
14 17 15
9 11 16
10 12 30
21 1 44
17 19 27
1 4 29
3 6 28
2 5 12
2 4 34
10 12 17
2 5 25
17 22 11
3 6 50
6 10 23
23 1 27
1 4 26
9 12 6
12 16 38
18 21 24
23 3 34
15 18 24
4 7 23
13 17 5
20 0 47
12 14 44
15 18 14
1 5 31
8 12 26
9 13 30
19 23 36
22 1 26
16 18 46
3 8 8
0 3 47
1 4 33
1 3 17
14 17 4
11 14 14
5 8 17
13 17 32
21 2 10
0 4 31
10 14 20
14 16 8
16 19 44
1 4 13
5 9 39
2 5 26
6 8 4
12 15 47
19 22 39
1 5 23
14 17 9
12 13 4
11 16 1
16 21 38
10 16 42
13 17 30
11 14 34
15 20 3
2 5 3
11 14 45
12 17 38
10 14 33
4 6 17
5 9 23
1 4 26
6 7 20
0 4 7
0 1 42
19 23 32
13 16 2
7 10 18
22 3 42
11 14 49
8 13 15
18 19 28
0 2 46
10 14 41
7 11 8
16 19 21
20 0 42
8 10 32
16 19 13
4 8 11
8 11 2
6 9 23
14 17 35
2 7 42
15 17 18
12 15 25
5 8 25
12 15 4
6 10 6
11 14 39
21 0 15
15 19 42
18 20 9
20 23 1
17 19 43
22 1 26
22 0 14
11 13 50
6 10 49
13 15 19
19 22 25
20 23 45
19 22 37
3 7 11
10 14 39
1 5 6
21 23 42
14 16 18
13 16 39
21 0 40
23 2 43
23 2 35
2 6 34
10 12 33
23 1 37
1 2 27
3 7 2
11 14 8
16 19 9
9 12 16
13 16 3
21 0 15
23 2 6
22 1 26
22 0 3
6 9 16
17 20 6
2 4 37
22 1 48
22 1 49
19 22 31
8 10 15
13 18 37
10 12 45
0 2 26
23 2 22
12 15 31
2 3 32
22 0 14
1 5 37
1 4 42
20 0 26
9 10 11
0 3 41
5 7 19
8 10 42
8 11 15
3 5 37
9 11 46
22 2 32
0 3 4
13 16 31
2 4 43
21 1 50
14 17 16
12 15 36
5 7 41
16 19 12
17 20 31
4 7 47
22 3 43
22 2 5
9 11 7
21 23 20
7 12 30
21 1 30
7 10 16
0 2 49
14 18 10
4 6 27
5 6 6
12 14 10
21 23 12
17 20 7
22 0 3
14 18 18
15 18 44
2 5 17
8 12 27
18 21 48
22 1 22
16 18 42
19 23 28
9 13 49
14 16 17
14 17 20
20 0 8
20 0 39
16 20 21
4 7 27
9 11 26
14 18 20
21 23 49
0 3 34
7 10 13
19 22 44
11 13 41
23 1 21
20 23 9
12 16 26
11 14 3
3 7 1
14 18 4
6 7 1
4 6 11
10 12 33
18 19 30
6 9 19
15 16 40
7 11 17
5 7 32
0 5 8
9 12 39
4 6 45
22 2 27
3 6 38
9 11 31
5 8 2
16 20 4
8 11 11
23 0 50
15 18 28
4 5 26
19 21 4
11 13 12
19 21 45
9 12 18
12 16 50
18 21 16
1 4 38
23 1 12
10 12 24
12 15 50
5 8 50
22 2 26
9 12 38
13 13 35
15 17 28
20 23 17
11 12 9
1 5 26
20 23 8
5 7 25
5 8 42
13 17 44
14 18 36
7 10 38
7 9 25
3 6 24
1 4 26
6 9 4
15 18 48
21 0 19
15 19 32
7 9 31
3 4 40
20 22 44
15 20 9
15 18 11
12 15 32
9 12 48
7 9 6
9 10 3
5 9 39
18 21 30
0 3 32
13 17 30
19 21 8
11 15 45
7 9 38
0 2 44
16 19 8
21 0 47
2 2 49
0 2 49
9 11 47
5 8 42
17 20 38
0 3 3
4 7 2
2 4 30
10 13 6
16 18 25
6 10 23
4 7 49
23 2 12
11 14 31
3 6 20
3 7 17
16 19 34
0 3 5
22 1 37
14 17 4
12 15 34
22 1 5
5 9 3
4 6 21
9 12 15
10 12 24
19 23 31
1 4 32
3 7 17
22 2 14
10 14 40
14 18 35
16 19 7
12 15 25
13 18 22
1 2 9
9 11 18
22 2 19
4 6 50
23 4 19
21 2 7
11 13 43
6 8 31
15 19 4
0 3 7
16 18 49
2 6 47
7 10 26
10 14 36
21 1 7
20 23 23
21 1 5
20 0 5
7 9 40
5 9 8
17 21 32
21 22 27
0 3 23
8 10 9
7 11 14
3 7 24
3 5 12
0 3 34
19 23 10
2 5 29
6 8 44
4 7 38
16 19 45
13 15 10
23 2 50
4 6 30
19 23 29
5 9 11
4 6 34
22 23 37
3 9 16
10 14 34
10 12 50
18 21 20
17 21 37
9 12 39
17 20 20
19 22 35
4 9 23
10 14 27
22 1 48
3 5 15
21 22 22
10 10 19
23 2 12
5 9 4
2 5 32
22 2 48
10 12 27
13 16 6
17 21 2
10 13 23
10 14 7
16 19 16
7 10 30
14 17 46
22 2 35
23 2 34
22 2 37
13 17 48
22 23 16
12 15 45
11 13 46
14 16 18
11 16 11
9 12 39
7 11 25
10 12 32
9 13 17
12 15 49
3 8 31
23 3 26
10 14 33
4 6 30
5 8 16
2 5 44
19 23 9
17 21 37
13 15 30
8 11 22
10 14 27
20 23 6
17 19 23
0 4 42
18 19 10
5 10 38
16 19 10
3 7 42
4 7 21
10 14 37
20 0 28
15 17 5
16 19 10
5 8 6
22 2 10
5 7 31
16 18 47
18 22 8
5 8 8
13 16 7
8 11 46
1 4 29
19 20 8
15 18 40
17 19 28
20 0 45
18 22 31
9 11 20
0 1 41
23 3 41
10 12 40
6 9 12
15 18 12
18 21 45
1 4 12
0 4 43
22 1 37
22 2 8
15 18 50
18 20 50
1 2 26
4 6 28
12 15 48
19 21 1
19 22 29
13 17 9
12 13 38
16 18 34
20 22 29
5 7 31
3 6 22
6 8 42
17 22 47
2 3 33
8 10 4
16 18 18
3 6 35
2 5 9
3 8 18
6 9 44
10 13 15
18 21 43
4 6 9
14 17 6
22 0 44
9 12 18
8 13 17
11 15 32
21 1 46
12 15 19
20 0 4
1 4 32
0 4 3
7 9 43
11 13 19
23 2 34
18 21 21
22 2 20
6 10 48
18 19 28
5 9 34
23 2 43
14 18 38
4 9 47
15 19 21
18 20 1
0 3 50
10 13 17
4 7 34
1 5 18
10 13 26
10 13 7
8 12 15
7 9 12
3 7 8
5 7 47
8 11 27
21 0 7
7 9 28
12 15 43
12 14 44
4 8 12
16 20 46
12 14 37
2 7 6
2 4 32
0 2 39
1 6 2
8 12 24
21 0 44
16 21 37
0 2 8
14 17 35
16 18 42
22 1 28
14 17 15
15 17 36
3 8 10
15 18 21
14 18 30
10 12 31
15 18 19
3 5 44
19 23 23
20 22 2
20 0 12
9 11 41
16 20 16
9 14 3
19 0 31
2 4 30
23 4 5
14 17 10
16 18 23
19 20 44
20 22 2
16 18 6
4 9 19
16 20 45
18 20 40
21 22 8
12 16 8
8 11 19
13 16 24
12 15 11
4 7 24
8 10 30
19 20 29
12 14 5
8 12 20
11 16 13
10 14 44
17 20 37
21 0 49
4 6 45
18 20 8
14 16 49
23 4 44
8 10 5
4 6 39
21 23 50
17 19 48
18 23 36
23 1 35
17 20 4
22 1 23
0 3 35
16 19 44
9 12 38
15 18 27
15 18 29
21 2 25
20 21 31
21 0 37
10 14 22
5 9 36
15 19 35
23 3 26
12 15 17
19 22 8
18 21 15
18 20 11
15 18 38
10 13 8
1 3 34
17 21 21
5 10 48
10 14 5
19 21 18
5 7 33
10 14 3
15 17 30
5 8 18
15 19 49
22 1 41
14 15 24
2 5 16
18 19 31
3 6 14
20 1 18
0 3 18
22 3 16
20 22 5
14 16 31
6 10 27
12 14 6
16 20 7
7 9 42
16 20 24
12 15 45
13 15 7
3 6 32
12 16 26
21 23 17
5 9 50
18 21 18
18 21 45
20 22 32
19 22 4
4 8 17
6 10 38
17 19 3
18 21 34
10 13 43
9 12 16
17 20 1
20 23 31
12 12 28
3 5 4
11 16 24
19 22 37
23 1 15
19 21 50
10 14 16
0 4 24
5 8 2
16 18 42
14 19 39
19 20 21
22 0 16
10 14 15
21 0 18
3 6 32
8 10 37
10 12 41
20 22 35
19 22 6
12 14 16
19 23 35
0 3 29
17 20 2
20 0 30
16 18 19
8 10 30
2 5 50
10 13 21
11 14 46
6 10 12
20 22 42
10 11 46
13 16 28
17 20 46
2 5 38
4 8 24
8 12 17
9 13 15
4 6 24
5 9 24
15 18 43
3 7 44
3 6 3
21 23 3
12 16 30
4 7 12
16 19 23
17 21 14
22 1 21
3 4 9
3 6 44
16 18 35
19 22 2
21 0 6
12 15 36
23 2 46
8 12 18
20 0 11
1 4 49
22 1 20
18 22 16
20 23 17
3 4 39
20 21 3
18 21 8
17 21 36
3 7 26
1 4 1
10 13 25
7 11 17
8 10 27
23 2 15
10 11 20
19 22 33
5 9 32
8 12 17
7 9 18
14 16 22
18 20 12
17 21 7
9 11 12
13 14 22
21 0 42
9 13 49
3 6 29
4 8 49
5 8 13
6 9 12
0 3 18
6 9 26
22 23 46
23 1 27
3 7 23
10 13 9
6 8 2
13 17 17
2 4 34
2 4 34
2 6 47
13 15 27
18 21 48
3 6 12
6 9 39
17 19 39
15 19 23
17 22 6
23 2 1
3 8 13
20 23 7
4 5 46
9 12 33
1 5 48
7 10 47
10 13 38
14 16 49
14 18 40
9 12 25
12 14 47
19 22 4
16 19 4
10 11 17
17 21 2
7 9 37
1 5 20
11 13 39
22 1 32
22 2 48
16 17 31
1 3 20
9 12 3
21 0 27
18 19 40
3 6 43
6 8 8
8 11 28
19 22 6
10 11 41
17 20 50
9 12 21
2 4 35
15 19 45
14 17 37
17 19 22
3 5 24
1 5 38
4 8 45
0 3 17
6 7 11
18 21 44
16 20 20
19 23 21
21 23 37
18 22 34
17 20 17
16 18 35
5 9 43
14 17 50
3 5 7
4 8 10
11 16 21
8 10 21
14 17 20
11 14 9
16 19 20
13 14 40
15 16 50
20 22 49
23 2 14
17 21 26
16 19 7
18 23 49
6 9 43
14 18 29
23 0 17
11 14 12
15 16 50
3 6 22
14 17 42
22 0 14
13 16 30
8 11 3
19 1 26
5 9 47
7 9 27
14 15 20
15 19 31
15 18 40
20 0 10
9 12 38
22 1 28
18 20 46
15 17 48
5 8 16
7 10 19
4 7 47
9 12 28
13 15 1
14 18 12
14 17 36
16 20 46
3 7 20
16 19 21
19 23 40
9 11 17
6 8 39
14 16 11
15 17 47
14 19 31
12 16 1
11 14 9
15 17 18
4 7 26
8 12 9
22 1 33
15 16 17
19 23 23
14 16 20
10 13 15
12 15 19
23 2 13
21 1 45
9 11 41
11 13 34
21 1 3
5 9 22
2 6 50
20 0 6
9 11 13
17 19 12
4 8 46
1 3 41
14 17 46
19 0 6
0 3 47
17 19 16
4 7 5
4 5 45
12 14 45
23 2 46
10 12 15
11 13 19
17 20 10
1 4 8
3 5 14
1 6 15
8 12 18
21 23 5
9 13 32
10 11 33
19 21 35
15 17 32
11 14 47
23 2 42
9 11 12
10 13 9
22 1 22
5 8 10
6 10 28
15 16 25
4 7 11
4 8 8
6 8 17
10 14 44
1 4 9
3 6 6
1 4 3
13 15 6
13 15 15
15 16 23
23 3 39
11 14 16
6 9 26
20 22 17
6 9 47
14 16 28
10 12 25
5 7 29
16 21 18
20 23 31
11 14 15
16 20 36
5 7 20
10 12 4
15 18 7
23 1 42
21 3 37
0 1 48
21 1 13
23 2 13
8 12 34
17 19 50
6 10 49
7 10 27
7 11 7
23 2 11
21 0 41
2 4 27
4 6 29
12 14 8
2 6 14
13 17 42
15 18 4
21 22 49
1 2 49
18 20 26
1 5 41
11 13 41
14 18 18
9 12 29
4 8 41
16 19 18
18 0 20
14 18 12
4 7 29
3 7 38
8 13 47
19 22 21
1 4 23
1 5 35
11 13 31
3 7 25
6 8 25
23 4 45
3 7 32
23 2 21
1 3 34
9 12 35
8 12 27
17 21 39
16 18 10
22 23 45
2 3 4
18 21 43
1 5 5
19 22 41
7 11 47
13 18 48
3 6 50
20 0 48
19 22 32
18 22 4
12 14 26
11 13 10
14 19 25
7 11 28
22 2 41
19 22 2
17 21 8
18 21 4
22 1 16
0 4 10
6 8 4
8 10 39
11 15 46
22 1 23
6 9 27
21 23 50
22 1 34
3 7 11
5 7 15
16 19 34
2 4 32
3 6 10
18 21 5
18 22 4
10 11 10
2 6 11
23 2 48
22 0 34
2 5 50
7 11 32
15 16 47
