2000 44
32 11 29 38 9 16 23 30 26 5 1 44 21 43 23 12 13 6 31 26 9 13 9 7 11 18 16 14 15 8 15 1 17 34 5 39 8 24 18 13 31 38 36 17 
9 13 13
11 13 7
16 20 9
21 0 24
21 1 27
5 7 34
1 5 42
14 17 20
2 5 16
6 7 8
10 14 28
7 11 15
10 14 20
6 9 37
15 19 30
18 22 38
2 5 21
8 9 21
13 15 39
23 3 42
4 7 2
19 22 36
21 23 7
15 18 39
8 10 18
21 22 19
20 0 23
15 19 30
1 5 30
23 1 9
17 18 23
3 6 11
4 6 7
3 6 36
18 19 11
6 8 44
2 5 6
13 16 4
5 8 24
20 23 2
2 4 22
12 14 14
16 18 7
8 9 11
15 19 23
4 6 10
11 16 16
16 20 4
16 20 22
7 9 28
14 18 23
9 13 39
6 9 32
19 22 38
21 22 13
19 22 33
10 11 40
0 2 38
21 23 39
18 20 1
9 12 31
22 2 1
1 4 32
19 21 31
23 3 26
9 13 24
6 9 38
0 3 13
21 0 38
15 17 38
8 11 12
11 14 28
20 0 11
8 11 25
3 5 3
21 23 17
7 9 20
16 17 38
22 1 37
1 5 2
3 5 21
8 12 34
17 20 20
11 14 40
0 2 24
16 17 39
2 6 37
5 10 25
14 16 1
9 11 38
0 5 9
19 23 17
21 23 31
21 23 38
3 5 33
3 5 38
7 11 38
12 15 39
15 21 32
12 16 32
0 4 28
21 0 38
8 13 6
21 1 17
21 0 6
11 14 37
3 5 38
8 10 23
2 6 26
4 7 11
23 2 9
13 18 39
11 12 14
11 15 27
7 11 13
2 5 5
21 2 13
8 13 24
23 4 31
2 6 43
4 8 28
1 6 21
14 18 10
17 20 7
16 20 3
1 5 27
17 19 3
22 2 26
6 10 5
21 0 31
21 23 3
8 12 33
1 5 28
2 5 24
7 11 38
5 9 9
15 19 27
7 10 34
10 14 37
1 3 3
0 3 25
4 9 12
20 22 22
22 1 31
23 1 26
10 13 25
13 16 19
3 6 42
5 7 9
11 14 5
23 3 31
5 6 23
19 22 41
2 6 18
12 15 2
5 7 15
5 8 20
5 9 1
19 21 15
20 22 33
16 19 4
23 2 2
20 0 4
20 23 6
11 13 25
8 10 27
13 16 37
20 0 13
8 10 15
1 4 8
3 5 6
2 5 18
2 6 6
1 4 32
4 7 22
17 21 38
0 2 32
4 7 18
6 8 25
2 3 34
20 23 28
8 12 13
13 18 43
3 5 31
5 8 35
9 11 21
5 7 13
19 23 39
3 6 30
22 0 8
20 23 10
23 4 34
23 3 42
21 0 13
5 6 26
7 10 14
21 1 44
19 22 9
13 15 9
8 12 39
4 5 2
7 11 6
9 13 12
18 21 35
19 23 43
14 17 34
0 3 4
4 7 42
7 9 24
3 5 23
9 13 32
9 11 32
11 15 11
9 12 14
19 22 42
4 7 43
3 5 6
16 19 30
11 15 22
9 12 29
13 15 37
2 5 39
13 15 20
0 4 20
4 7 38
14 18 24
1 3 14
14 17 16
9 13 18
17 19 36
8 11 40
1 4 23
14 17 15
0 3 19
14 17 35
18 19 2
9 12 7
5 7 21
6 7 20
4 9 23
13 16 19
14 17 23
10 13 27
6 8 14
5 7 41
8 11 11
12 13 2
23 4 11
11 14 44
1 5 9
17 21 31
18 21 29
18 20 18
7 11 18
9 12 21
22 0 35
4 7 1
9 12 31
2 5 28
13 16 41
12 15 36
9 14 17
2 5 9
18 22 12
18 19 25
2 5 6
16 21 42
2 4 4
21 0 19
9 12 5
5 8 12
4 8 28
15 18 7
16 17 36
7 10 10
16 18 8
2 7 33
11 14 41
19 21 16
13 16 34
14 17 19
16 20 32
15 18 10
23 1 27
21 0 40
23 2 25
21 0 14
23 2 40
20 23 2
14 17 41
16 20 8
22 0 39
18 22 25
14 17 13
21 23 28
10 13 39
17 21 8
10 15 2
13 17 7
3 6 12
0 5 21
23 2 8
20 23 21
4 5 3
9 12 19
14 19 16
5 9 7
5 8 38
8 13 7
8 13 38
0 3 24
3 7 36
17 19 30
0 4 43
19 21 29
10 13 8
18 22 32
19 21 21
1 5 2
21 1 22
5 8 33
7 10 5
14 17 5
8 11 34
22 2 40
4 6 8
21 3 16
13 17 22
16 16 37
13 15 2
17 17 12
5 8 23
0 4 39
6 9 19
22 1 18
13 16 7
4 8 34
21 23 11
12 14 29
5 8 10
12 15 5
21 0 1
18 21 17
11 13 10
19 22 39
13 17 37
19 22 28
10 12 30
22 1 10
20 0 38
12 16 2
3 4 37
9 11 29
10 15 24
8 11 42
3 6 42
1 6 8
20 22 16
14 19 1
8 10 4
3 5 41
5 6 2
7 9 25
3 7 43
15 17 41
17 20 8
10 11 24
5 8 10
4 8 25
1 4 14
1 5 44
10 12 1
23 1 4
10 13 40
5 9 36
15 19 22
12 16 18
9 13 11
17 21 16
8 11 41
4 9 32
0 1 15
1 4 44
0 4 39
12 14 29
9 12 18
1 2 4
5 8 9
2 5 23
6 9 26
7 10 23
1 4 42
4 7 39
6 10 30
15 17 34
23 2 23
23 2 9
13 17 30
9 13 42
10 13 24
8 13 37
4 8 1
15 15 23
18 22 17
7 10 23
22 2 35
7 10 34
3 5 10
6 9 2
19 22 5
22 2 36
18 21 18
2 5 34
9 12 4
10 13 6
21 23 12
3 6 42
21 22 22
2 5 38
4 6 42
23 2 31
7 10 33
12 16 36
22 0 1
6 8 35
12 15 22
4 8 16
20 0 39
7 10 20
16 19 17
15 17 6
5 7 34
17 20 13
21 1 9
23 2 43
16 20 21
19 22 16
9 13 10
4 6 14
22 3 39
20 22 2
20 23 11
7 8 5
4 9 9
10 13 20
5 9 23
17 19 42
20 1 24
11 13 5
13 15 36
1 6 37
17 21 40
5 8 39
0 2 33
15 19 31
21 0 26
1 6 10
5 9 15
3 5 15
7 10 12
19 21 42
11 15 22
15 18 20
7 9 15
3 5 32
9 12 44
15 18 8
16 18 38
21 0 31
20 21 42
18 20 9
1 4 42
6 10 37
20 23 4
20 23 35
17 21 14
17 18 38
10 12 7
15 17 21
11 14 4
9 10 26
4 8 17
3 6 29
12 13 20
14 16 30
12 14 25
12 15 29
11 15 30
12 16 30
0 4 42
3 3 23
12 15 19
3 8 43
4 8 7
21 0 39
14 18 21
13 17 13
16 18 25
4 7 2
17 20 40
10 12 10
8 11 15
22 1 18
14 19 26
16 18 2
15 18 6
2 6 5
4 7 34
1 3 2
4 7 15
22 0 13
15 17 2
4 7 31
17 21 15
19 21 37
5 10 12
11 14 38
13 15 9
8 13 22
6 9 27
20 23 10
12 14 4
6 10 6
21 1 11
17 20 36
22 0 30
5 10 41
8 10 42
1 5 39
13 15 38
2 5 15
13 16 6
5 7 44
6 11 5
1 4 16
20 1 6
6 10 40
1 3 9
23 3 6
12 16 22
4 6 8
23 2 3
11 15 1
14 17 44
8 12 41
6 9 3
12 14 38
14 18 40
5 7 34
11 14 20
1 3 31
14 18 3
12 15 19
11 16 32
12 15 17
15 19 32
7 12 15
21 0 43
17 20 4
6 9 32
6 10 25
17 21 3
13 15 23
10 14 6
19 23 26
23 1 21
11 14 20
4 8 32
3 7 28
11 13 10
17 20 4
16 18 17
8 12 26
21 0 34
0 2 36
9 11 31
12 15 36
22 0 25
1 5 2
17 19 16
19 22 11
20 0 4
5 8 21
4 7 36
1 6 4
5 8 24
19 22 36
6 8 34
1 4 21
1 3 30
1 5 13
17 19 41
4 8 10
16 19 42
4 7 10
4 8 30
20 23 23
4 7 1
7 10 3
5 9 32
5 9 3
13 16 2
12 14 2
1 5 43
2 6 15
17 21 42
1 4 37
18 22 34
17 21 16
5 9 31
5 9 33
6 8 17
16 19 32
23 4 26
19 21 20
11 13 20
21 0 15
9 13 25
13 15 5
13 16 43
3 6 24
7 11 14
11 14 25
17 18 16
20 23 21
5 7 23
15 18 10
9 13 35
11 13 24
3 5 33
5 8 28
21 0 28
23 3 15
16 17 4
7 9 38
8 12 24
18 21 1
2 6 38
11 15 33
0 3 30
15 17 30
19 22 22
16 21 20
5 7 23
9 12 25
17 20 43
13 16 3
21 0 18
16 19 18
13 15 34
2 6 14
13 15 18
6 9 36
16 17 10
15 19 40
6 8 10
12 14 16
22 0 30
21 0 13
0 2 33
9 12 28
20 23 37
3 5 44
2 5 12
2 5 25
1 5 22
16 19 15
10 13 24
5 7 36
20 0 28
10 13 37
1 5 26
4 7 18
1 4 23
11 14 29
18 20 29
23 2 14
22 2 25
12 17 5
6 10 2
2 7 43
18 21 15
0 2 17
6 8 31
13 17 39
14 18 28
3 6 43
16 19 1
0 2 17
3 4 31
23 2 5
5 10 19
23 2 25
22 1 35
19 21 25
10 14 29
6 8 30
11 14 3
0 3 12
16 20 18
4 5 20
8 11 4
4 9 36
10 13 7
21 0 23
13 15 6
19 22 37
23 5 25
2 5 18
19 21 31
9 12 14
6 9 19
10 13 8
5 6 7
21 22 43
17 22 26
12 15 14
9 13 24
9 12 11
9 14 41
15 18 26
17 21 40
9 13 12
10 12 30
10 12 7
9 11 39
5 7 36
4 8 32
4 6 41
22 0 37
15 18 23
10 13 25
22 23 25
21 22 8
22 1 18
3 7 10
9 13 1
7 10 15
12 14 14
8 9 14
11 14 33
1 4 12
16 18 16
19 23 16
21 1 7
9 12 19
20 23 19
19 23 31
22 0 33
20 22 19
14 19 19
20 22 23
9 10 10
1 4 41
11 14 3
17 21 38
10 13 42
14 17 44
19 22 36
11 16 18
5 6 14
8 11 23
16 22 11
19 23 30
7 12 6
19 22 2
22 0 5
21 0 32
6 8 12
17 19 7
21 1 16
17 19 17
3 4 26
19 23 41
18 21 10
23 23 17
2 7 25
17 20 10
11 15 17
7 13 40
10 11 10
17 20 43
22 1 23
22 0 6
10 14 15
8 12 23
2 4 27
12 14 16
2 5 43
11 13 14
0 3 7
9 13 17
17 20 10
6 9 43
21 1 25
18 21 3
21 22 5
15 18 37
23 2 23
1 3 9
5 8 6
22 2 39
8 10 7
20 22 13
16 18 33
0 4 24
16 20 34
9 12 42
4 6 5
0 4 29
15 19 2
1 4 40
11 13 4
7 9 16
21 2 20
16 19 12
22 1 26
9 10 16
22 1 7
9 12 10
1 6 28
7 12 18
2 5 7
10 11 3
15 18 13
2 5 8
13 15 6
13 15 16
6 8 7
18 20 29
17 21 37
8 11 37
17 20 9
6 9 9
6 11 39
1 4 40
13 16 25
15 18 14
10 14 33
6 8 18
7 9 44
11 13 31
16 20 36
14 16 25
7 10 38
2 6 40
2 5 42
8 10 35
16 19 6
0 2 2
10 13 16
16 19 10
8 12 26
17 20 8
16 20 33
23 3 7
4 7 9
3 7 44
21 2 6
19 21 30
16 21 14
6 8 4
20 21 4
10 12 44
16 20 40
2 6 12
21 1 30
3 6 36
23 2 32
4 9 7
15 19 11
18 21 7
19 21 37
10 11 42
18 22 35
23 3 1
16 21 17
17 20 31
14 15 18
2 4 30
1 5 44
3 7 6
13 16 12
0 2 26
11 14 10
13 14 22
7 11 22
5 6 1
4 8 22
2 6 8
14 18 26
21 23 22
17 22 23
20 23 21
2 4 29
5 6 40
23 2 14
5 8 1
11 13 36
19 23 5
6 7 34
12 16 33
2 5 35
18 22 35
11 14 6
15 17 25
12 15 5
19 0 27
13 17 43
16 19 14
18 20 3
22 1 2
15 17 33
20 0 16
2 6 26
21 23 29
16 19 21
9 12 1
17 21 37
15 18 14
3 6 11
7 9 8
3 6 30
12 16 5
0 3 16
12 15 13
17 21 18
21 22 29
20 0 13
14 16 36
20 0 19
8 10 29
23 2 15
3 7 32
18 22 42
10 11 37
10 13 32
16 19 32
2 4 9
16 19 28
20 23 1
9 11 30
8 10 37
9 13 22
23 1 18
20 23 23
7 9 41
0 3 37
17 18 27
16 20 7
21 23 17
18 21 43
23 1 16
12 15 12
8 9 25
6 9 14
3 5 16
10 13 1
16 18 28
22 1 40
6 9 31
6 8 8
0 5 10
11 14 5
20 23 4
21 0 38
20 23 15
20 0 9
8 11 15
23 1 5
18 22 5
3 5 21
19 21 7
13 16 10
6 9 30
16 18 30
4 8 28
19 22 20
10 11 7
22 1 21
9 13 5
18 20 39
8 11 35
16 19 18
20 23 12
7 9 43
3 7 44
1 3 38
2 6 21
6 10 37
21 23 29
12 14 5
18 20 1
10 12 15
20 23 30
23 1 37
21 23 7
8 11 26
6 8 14
4 6 35
6 7 13
22 1 33
0 3 23
12 16 41
9 12 28
4 6 34
6 7 1
12 15 14
3 5 13
19 21 31
0 4 7
12 14 11
2 6 23
7 10 8
10 14 23
12 14 16
13 16 29
15 17 39
6 10 43
15 17 31
22 1 35
2 4 15
12 16 3
0 3 41
12 15 7
1 4 35
8 11 40
13 17 34
17 20 38
0 1 14
18 21 29
5 8 29
23 3 42
23 1 18
11 14 41
19 22 14
6 9 7
7 9 25
13 17 29
19 21 44
16 20 20
22 3 9
20 1 27
2 4 37
3 5 2
0 4 12
3 4 19
9 12 22
15 18 28
15 17 16
17 20 16
22 1 3
9 11 9
1 4 32
16 19 20
14 17 33
20 23 40
15 18 18
11 14 36
19 22 4
7 10 19
23 1 38
18 21 36
8 9 29
5 8 4
8 11 24
22 2 2
2 4 6
20 20 17
0 2 39
8 12 2
14 17 31
15 19 41
4 6 33
20 0 43
20 0 7
17 20 21
10 13 8
21 23 12
21 22 35
18 22 39
9 11 7
4 8 35
16 20 27
2 4 14
0 5 35
12 15 6
3 5 35
18 22 11
1 5 15
3 4 14
16 21 11
10 11 36
7 10 33
12 14 33
13 17 25
0 2 25
6 8 17
21 0 3
19 22 5
21 23 4
22 0 43
6 9 38
6 8 35
19 23 42
0 2 27
12 17 33
2 5 10
11 15 26
18 21 14
2 4 41
20 22 32
13 15 23
0 4 26
22 23 31
9 12 17
3 7 24
0 3 11
2 5 14
6 11 43
23 2 38
13 17 23
0 2 1
14 16 25
8 11 10
18 22 39
4 7 37
7 9 2
14 17 19
21 0 38
9 11 23
16 20 1
6 10 41
21 2 21
4 7 44
12 15 8
17 21 13
19 23 40
9 11 19
12 16 23
18 20 43
13 16 17
11 13 24
13 16 32
5 7 15
4 8 23
8 9 8
6 11 39
5 8 10
13 16 8
11 14 18
2 6 18
20 23 23
5 10 19
0 3 10
9 11 24
23 2 6
5 7 19
9 13 13
20 22 24
7 9 3
13 14 1
13 16 20
9 13 19
19 23 42
11 15 17
21 2 21
16 19 29
14 16 17
4 7 31
18 20 14
3 6 28
1 4 8
13 15 37
4 9 16
18 22 30
19 21 28
12 15 5
21 0 27
19 0 18
4 7 14
1 4 26
0 4 35
0 3 5
5 6 28
20 0 23
8 9 23
20 22 1
13 16 5
16 19 3
2 5 36
3 6 26
15 17 19
0 4 28
8 11 26
6 8 44
18 23 40
2 5 37
12 14 23
0 3 24
2 7 26
15 20 14
8 11 19
3 4 2
5 8 18
8 11 24
12 15 19
3 5 30
11 14 9
5 9 11
6 7 40
17 20 36
22 0 37
6 9 40
7 9 21
3 6 34
12 15 14
2 4 27
11 13 38
22 0 26
22 2 14
16 18 30
11 13 28
2 6 20
13 16 16
14 17 14
1 3 11
0 2 12
21 0 42
6 8 28
15 20 1
8 11 38
11 15 31
1 4 27
21 0 20
20 22 24
4 4 19
6 10 38
2 5 24
14 16 16
20 23 21
23 4 16
11 15 8
18 21 3
8 11 19
9 12 34
1 5 40
19 22 24
8 10 10
8 12 20
2 3 33
16 19 39
13 16 6
2 4 41
7 10 3
1 4 18
8 12 5
22 2 44
8 11 31
2 4 9
15 17 34
17 20 22
23 1 25
15 19 30
13 15 42
13 18 5
23 2 19
16 19 6
1 3 30
21 0 37
0 2 21
14 17 43
17 21 8
1 5 25
0 2 22
12 15 20
10 12 19
5 7 33
15 20 19
11 14 2
11 14 41
11 17 2
16 19 3
5 8 24
1 5 24
22 0 39
5 10 15
9 11 37
14 15 18
11 14 30
9 12 35
3 6 44
4 8 6
15 18 26
19 23 17
23 2 38
4 6 25
23 2 22
6 8 12
3 8 10
4 7 5
15 18 22
1 4 4
11 14 44
7 9 8
15 19 22
10 11 39
9 14 20
11 12 38
20 23 3
23 0 32
3 5 20
12 15 10
17 20 11
6 8 38
20 0 34
12 14 19
2 5 27
8 9 44
23 1 22
3 8 14
0 2 19
17 19 20
8 9 5
10 14 24
3 8 17
21 1 13
1 3 24
11 14 28
14 17 4
21 1 29
7 9 3
16 19 15
15 18 18
6 8 1
17 20 40
14 17 38
3 5 9
7 9 26
1 4 14
6 8 28
3 7 20
20 22 41
23 2 23
12 14 31
19 22 27
23 0 6
17 20 29
11 14 18
7 10 38
21 23 14
18 22 22
17 21 25
21 0 29
7 10 21
13 17 31
6 9 39
12 14 31
4 7 44
19 23 6
6 8 35
10 13 16
8 11 9
9 13 8
15 21 36
8 13 14
12 15 22
12 16 18
8 11 18
12 14 25
12 14 5
13 17 30
13 15 36
16 18 18
15 18 10
10 13 44
16 19 44
14 17 6
13 15 7
14 19 32
12 17 1
16 18 15
21 22 15
10 13 29
23 2 15
10 12 28
14 18 19
12 14 38
0 3 15
12 16 12
6 9 24
10 11 39
17 18 31
12 15 18
8 11 7
21 23 41
1 3 40
14 17 17
2 5 44
23 1 12
22 2 32
17 20 30
5 9 6
15 18 6
5 8 21
12 15 34
1 5 3
21 23 10
9 13 43
2 5 35
18 22 20
5 8 37
15 19 6
10 13 24
23 2 12
23 2 43
15 16 7
20 1 1
11 17 41
8 12 14
21 1 16
12 15 1
14 16 5
0 4 18
4 5 2
14 15 34
17 20 16
1 2 29
1 3 14
10 13 6
16 19 12
11 15 23
15 18 17
1 3 44
18 22 12
12 16 18
20 23 18
19 0 28
1 4 37
22 3 28
17 20 37
16 20 20
6 10 17
17 19 40
4 9 8
11 13 31
19 23 31
17 20 31
18 21 27
14 17 32
0 3 24
7 10 18
16 20 38
4 8 18
18 21 7
11 15 33
4 10 38
4 7 28
13 16 14
23 2 38
2 6 1
7 9 41
21 2 40
2 7 34
20 22 42
19 0 1
16 19 23
2 4 35
23 0 2
10 13 35
8 9 32
10 12 25
15 19 36
8 10 40
0 4 29
19 22 44
15 20 42
2 5 15
12 15 42
14 15 13
19 22 31
0 4 37
19 21 6
2 5 4
12 14 37
3 5 7
12 15 9
19 23 25
7 9 44
19 23 41
23 1 8
17 18 31
14 19 17
21 0 38
11 13 19
2 5 5
18 22 40
16 17 16
19 21 4
11 14 5
1 5 25
11 14 28
10 13 35
15 19 37
17 20 11
9 13 24
23 1 7
16 20 35
14 17 40
12 15 18
21 2 4
1 5 32
17 19 20
13 15 21
11 15 11
17 21 7
2 5 5
13 16 17
1 5 12
11 12 36
14 16 22
21 1 24
5 7 10
1 5 39
21 2 19
22 1 5
8 10 2
15 19 42
21 0 10
5 8 43
23 3 20
22 0 31
20 22 15
8 10 32
14 16 14
3 6 3
3 4 19
7 9 7
9 12 43
0 4 15
1 4 44
0 4 43
4 7 20
22 2 38
19 21 2
2 7 39
19 21 4
6 8 22
10 14 31
21 1 5
5 8 29
12 14 39
8 11 18
3 5 36
19 23 37
14 19 23
15 17 6
22 1 21
10 12 6
1 4 14
11 14 29
20 1 7
21 0 28
5 8 21
10 14 43
11 15 13
17 17 2
3 5 6
5 8 38
12 15 31
20 0 27
7 9 14
12 15 25
0 6 24
21 23 37
11 15 38
16 19 15
12 14 5
8 11 31
12 15 8
11 13 38
11 15 5
4 9 41
10 13 7
22 0 35
22 2 37
16 18 30
4 6 10
3 5 16
18 20 22
6 9 3
7 10 22
11 14 9
10 14 39
16 19 8
21 1 23
4 6 13
9 12 4
19 22 12
15 18 26
17 22 3
12 14 24
16 18 31
10 13 26
23 3 5
3 7 28
10 14 32
12 16 21
23 5 18
16 19 31
7 11 13
14 16 39
4 6 3
2 5 41
13 15 11
17 20 9
5 6 39
0 3 28
23 2 1
16 18 22
3 5 15
4 7 4
20 23 1
3 6 6
7 10 24
1 4 17
16 17 22
18 21 3
2 5 32
21 1 30
10 13 4
16 19 15
18 21 20
9 11 2
1 4 43
1 4 44
23 4 11
8 11 7
16 19 4
15 16 29
17 19 38
23 2 32
17 19 32
3 5 16
14 17 33
21 1 4
4 6 30
6 8 22
15 18 41
20 0 23
19 21 39
15 17 20
5 7 44
18 22 35
13 15 40
4 8 37
17 19 20
11 13 42
1 4 38
5 8 32
2 4 32
19 22 24
15 18 42
2 6 25
21 0 40
4 7 32
9 13 18
19 22 2
20 0 20
15 19 1
13 17 26
10 13 21
0 2 22
11 13 15
20 0 9
15 18 28
3 5 14
6 9 11
18 21 41
12 16 14
19 21 31
8 10 6
14 17 36
7 10 42
20 0 16
10 14 6
14 17 39
20 23 9
10 14 23
14 16 16
8 10 24
15 17 11
18 20 26
9 11 38
22 0 38
2 4 18
17 21 24
18 22 6
14 17 25
19 21 27
17 20 34
11 14 8
11 14 41
15 19 9
9 11 13
18 21 15
20 23 7
2 6 23
6 8 9
22 2 34
11 15 40
8 11 20
16 17 7
18 22 41
6 9 40
23 1 12
6 9 9
19 22 29
2 4 2
11 13 28
1 5 5
10 14 43
8 11 25
16 19 18
10 13 1
16 20 5
15 17 29
0 2 14
16 20 37
23 1 37
8 11 34
0 3 10
9 13 3
23 1 42
6 10 39
17 21 1
15 18 15
6 10 37
20 1 4
12 14 7
11 15 21
1 3 3
4 9 38
1 3 15
7 10 17
12 16 19
11 13 27
2 5 5
16 19 1
20 22 33
19 23 23
1 5 7
12 15 18
21 1 36
12 16 15
19 20 35
18 22 3
15 21 18
1 5 6
0 2 20
9 11 1
21 1 31
21 1 1
4 7 25
2 4 2
3 5 33
22 1 22
13 16 34
11 14 26
5 7 30
0 5 17
5 8 29
23 3 38
0 3 6
11 13 42
8 10 39
23 3 40
23 0 44
7 11 1
1 4 25
2 5 26
5 7 3
6 10 44
10 13 20
20 22 7
9 12 24
7 10 7
19 23 18
14 18 30
21 1 14
1 4 28
8 11 26
20 22 27
4 5 6
0 3 27
22 0 9
10 12 27
2 5 13
5 7 18
0 3 39
19 21 9
21 2 5
4 9 14
15 21 18
16 20 36
21 0 17
16 19 32
8 12 31
8 10 21
9 14 30
4 6 38
21 23 4
10 13 42
8 11 41
12 15 14
12 17 11
16 19 14
2 6 19
14 17 25
23 2 4
0 4 16
9 12 23
5 9 10
12 15 27
16 20 21
6 9 37
4 8 10
6 9 4
0 2 8
0 3 29
2 4 30
7 11 37
4 7 40
19 21 30
16 18 29
9 12 41
1 4 41
8 11 23
22 1 21
9 11 19
3 6 38
14 18 40
3 6 34
1 6 22
8 13 12
8 12 16
21 1 33
22 0 20
1 3 16
21 0 32
1 4 11
18 20 9
15 18 32
18 21 30
9 13 28
2 5 11
0 2 38
2 3 36
23 1 32
4 6 4
11 15 38
2 5 13
15 17 44
17 20 41
12 15 24
18 22 19
22 2 42
12 15 38
14 16 35
0 4 7
18 21 33
1 3 1
18 21 24
3 5 2
9 10 13
5 8 13
16 18 36
20 23 14
21 23 39
3 7 3
20 23 20
15 17 5
8 12 10
20 0 28
19 22 19
1 4 23
4 7 32
11 15 19
22 0 1
13 17 17
20 23 17
1 4 13
0 2 44
22 0 33
6 9 4
5 9 41
6 11 43
17 18 10
13 15 19
16 21 42
0 4 19
4 6 14
14 18 9
17 22 5
7 9 2
8 12 40
21 23 42
13 16 16
22 2 9
17 20 11
0 3 41
6 8 7
1 5 37
11 13 33
12 14 7
22 1 13
9 12 8
3 7 8
6 10 1
10 13 29
9 11 8
13 17 39
14 19 14
16 20 36
11 16 28
12 14 5
8 10 37
18 20 20
8 11 10
2 5 33
6 10 2
2 5 44
4 7 26
11 13 10
4 6 6
0 3 5
6 9 27
8 10 37
15 19 30
5 8 41
19 21 10
21 23 23
1 4 29
8 11 35
21 22 8
12 15 21
22 1 43
1 4 14
11 15 38
16 20 34
20 23 44
15 17 33
4 7 35
17 18 41
2 4 4
9 12 43
9 13 8
22 1 12
11 13 19
18 21 41
14 17 25
21 1 27
22 1 24
1 4 27
10 14 4
4 8 30
23 2 30
10 13 28
4 8 2
8 11 21
1 4 28
18 20 25
7 11 34
22 1 6
8 11 43
11 15 5
9 13 10
17 20 37
18 19 29
7 11 25
6 9 13
19 22 11
12 15 24
22 1 11
19 22 3
15 18 30
13 17 12
21 23 30
0 2 37
12 15 1
19 20 17
1 2 30
6 11 9
7 10 17
23 3 29
22 0 44
1 4 10
13 17 22
8 11 4
9 13 18
