2000 45
41 36 25 11 22 19 19 11 25 32 38 3 31 10 8 20 42 33 4 43 2 26 37 33 7 30 2 25 26 2 43 39 13 5 11 34 30 11 32 22 35 24 14 18 17 
13 18 10
6 12 19
20 21 11
12 16 32
10 13 10
11 14 8
2 5 19
15 17 18
8 12 37
14 16 43
7 10 28
3 7 6
23 1 45
4 7 1
8 12 30
7 9 28
21 0 43
6 9 5
13 17 11
22 1 40
8 13 16
12 16 43
6 8 16
19 22 2
16 19 4
14 19 1
19 22 18
9 13 12
9 13 28
20 22 16
12 16 19
8 10 19
0 4 34
15 18 1
1 3 25
8 11 3
0 2 44
18 21 45
12 14 43
10 14 35
19 22 41
23 1 24
16 20 29
19 22 35
23 3 37
9 12 30
19 23 31
5 6 15
3 7 21
0 2 7
20 23 21
3 7 17
1 5 31
16 18 11
20 22 33
23 2 17
10 13 26
5 8 14
2 3 28
2 6 4
12 15 20
1 4 9
9 11 17
12 16 43
1 4 36
6 9 43
0 4 29
14 17 43
9 12 8
18 22 34
8 10 25
22 23 19
10 12 10
11 13 23
8 11 40
11 16 15
6 10 35
7 11 37
3 6 8
13 16 35
12 15 22
2 3 39
22 23 10
5 8 34
5 9 21
3 6 44
20 23 3
1 5 6
6 7 29
2 4 2
14 18 32
9 13 14
1 4 2
15 17 6
5 7 33
21 0 15
11 13 15
2 7 8
8 10 15
0 5 17
6 8 31
9 12 7
14 16 42
4 8 32
5 8 27
10 13 42
7 12 2
21 1 32
6 8 11
8 11 24
17 20 22
5 8 40
14 16 37
15 19 23
15 18 33
15 19 16
5 9 6
2 4 4
7 9 31
15 19 28
22 2 7
16 20 15
12 16 34
12 14 36
4 7 3
6 11 12
9 13 32
18 21 18
6 8 27
10 14 7
18 21 42
0 3 42
6 9 23
10 11 40
0 1 6
16 20 18
20 20 26
3 5 43
13 16 44
18 19 41
2 6 38
5 8 6
11 17 14
7 10 2
20 23 27
6 7 17
5 6 45
12 14 14
8 12 20
9 11 26
9 15 38
17 20 41
13 17 17
15 16 20
13 16 39
20 22 38
10 13 11
14 17 6
19 22 29
16 18 44
12 16 41
19 23 22
8 12 36
13 16 2
16 20 2
7 11 14
1 4 24
19 23 38
0 3 4
15 18 15
20 23 23
7 12 1
17 21 35
13 16 5
2 5 16
0 2 24
20 23 9
10 13 8
4 7 13
8 10 26
2 5 23
3 6 44
23 1 42
10 12 13
15 16 8
20 0 12
14 18 17
17 19 12
11 15 16
13 18 37
13 16 13
15 18 35
18 20 28
19 22 23
9 11 42
13 16 35
12 15 21
15 18 28
5 9 21
21 0 44
21 0 42
23 2 18
5 8 22
14 17 27
12 13 7
11 13 14
4 9 31
10 13 29
6 10 37
23 2 9
4 6 21
15 16 39
18 21 45
6 9 17
19 20 5
8 10 3
3 6 29
22 0 20
8 8 36
9 11 33
0 3 41
11 16 23
17 19 33
22 1 32
16 19 4
10 13 10
14 17 35
10 13 27
9 13 28
6 10 19
23 0 37
9 13 19
16 20 26
8 10 19
14 17 37
11 13 26
9 12 22
5 8 19
15 18 26
11 13 21
20 0 22
1 6 14
17 18 17
22 0 12
21 1 40
23 1 25
7 11 26
12 16 32
23 2 2
17 20 1
21 1 43
15 18 2
17 19 23
17 20 35
9 13 12
17 19 15
3 7 24
10 10 35
20 22 18
12 15 2
4 7 44
23 3 27
10 13 45
8 11 20
23 3 31
18 22 35
22 2 38
21 0 13
19 22 40
1 3 40
12 14 9
2 7 1
8 13 3
22 2 23
11 13 12
10 12 8
12 15 20
19 21 31
14 17 16
20 22 27
4 10 6
4 6 17
8 11 42
9 12 39
12 18 45
2 5 29
18 20 7
9 12 43
23 2 35
20 22 44
20 22 3
9 14 7
5 7 18
15 18 1
18 20 31
5 9 21
15 18 36
0 4 45
17 20 40
2 6 42
1 6 39
11 14 12
15 19 25
4 6 5
10 13 29
22 0 33
19 22 17
9 13 36
9 12 35
1 5 36
12 16 24
5 7 11
3 6 3
5 8 23
4 9 43
21 1 39
3 6 28
10 14 22
14 17 24
22 1 3
10 13 26
8 11 33
19 23 33
22 2 18
10 14 15
11 14 34
21 2 32
2 3 36
16 18 9
8 12 5
15 21 25
17 19 20
7 9 15
7 9 31
7 10 43
14 17 17
13 17 43
9 14 24
15 18 38
23 2 36
14 18 2
1 3 27
12 15 4
11 13 12
8 12 35
2 4 33
11 13 32
3 7 39
8 13 33
21 0 43
19 0 8
2 4 36
21 1 41
12 15 23
16 19 16
18 21 20
21 0 10
14 16 42
11 14 44
18 22 17
6 10 26
23 2 9
9 12 7
9 11 19
8 11 7
12 16 6
21 21 30
0 4 16
12 15 41
14 18 3
21 0 13
7 10 11
1 2 20
23 1 7
20 23 41
2 7 31
22 0 28
9 13 6
23 1 19
19 23 9
1 4 30
23 2 36
14 16 4
6 9 30
4 6 14
20 23 34
2 4 6
18 20 31
1 3 35
3 7 37
10 14 19
23 1 18
12 17 42
18 20 34
17 20 25
4 7 39
23 0 11
20 0 40
7 10 33
0 4 43
4 6 16
1 6 8
6 10 35
21 23 7
2 5 40
6 10 45
16 18 12
12 15 5
17 20 15
0 2 27
7 9 21
7 10 35
1 6 24
21 21 25
5 8 3
7 10 3
22 0 27
22 1 29
9 13 14
11 14 15
18 20 34
7 10 27
5 8 19
17 19 1
11 14 26
0 2 32
12 15 32
17 20 43
18 22 39
16 18 2
11 15 14
19 23 7
9 11 42
13 16 20
1 3 30
5 8 11
19 22 2
20 21 29
8 11 28
12 16 3
22 1 4
9 12 15
7 9 7
3 6 8
8 11 23
8 11 10
6 10 25
10 11 30
21 1 33
2 5 4
16 18 5
3 7 36
9 12 18
0 4 35
5 9 18
8 10 40
12 14 17
9 13 19
9 14 2
19 22 1
6 9 13
21 1 21
12 15 45
6 7 22
16 18 23
19 22 11
14 16 29
21 0 10
0 4 19
16 18 39
16 20 26
19 22 37
2 3 11
20 22 14
6 9 17
19 22 12
1 2 5
1 4 12
15 18 10
6 10 24
12 13 10
3 5 1
0 3 35
9 11 25
13 15 19
2 4 16
8 10 6
1 4 27
12 15 9
15 18 1
13 17 34
1 4 16
9 12 23
15 18 30
1 3 36
23 1 35
1 5 6
13 16 19
17 21 39
11 16 5
1 5 8
10 13 5
9 11 33
5 8 25
13 16 10
20 21 12
10 14 25
12 17 31
0 2 25
10 13 34
13 16 40
20 0 39
6 10 30
10 14 9
22 0 27
8 11 19
18 23 24
12 15 19
4 9 14
3 6 25
18 21 4
18 20 13
3 5 25
23 2 39
12 14 44
4 6 23
3 5 4
6 8 31
23 5 2
3 6 2
20 23 16
5 8 37
11 15 33
4 7 3
23 3 17
3 6 35
19 21 21
15 18 43
4 7 31
11 14 2
4 6 17
5 6 15
4 6 8
10 14 43
19 19 8
6 8 19
5 7 15
5 8 9
12 15 19
0 2 35
4 6 23
10 12 33
9 13 40
16 20 29
1 5 45
5 8 41
3 5 43
21 1 41
6 8 42
11 13 4
0 2 15
23 3 2
8 10 43
12 14 34
14 17 43
10 13 6
12 14 31
10 13 38
12 14 7
7 10 38
5 7 35
17 21 38
18 22 12
4 7 41
3 6 42
2 6 43
19 22 4
23 1 21
7 10 37
4 7 41
23 2 29
5 7 29
16 18 12
17 22 18
8 11 13
5 8 44
13 15 15
13 16 5
12 15 13
9 13 16
1 4 31
14 16 11
0 4 29
5 6 36
18 23 19
23 3 45
5 8 6
17 20 42
11 14 36
4 7 20
2 6 29
13 17 31
23 3 7
19 21 3
23 2 19
14 16 32
6 8 11
19 22 10
9 13 44
12 14 3
14 18 45
1 4 3
9 11 11
14 17 19
6 9 23
10 12 2
5 8 15
2 6 44
2 4 20
8 11 9
22 3 3
20 22 44
11 13 18
6 11 22
20 22 2
1 5 45
18 21 20
13 18 37
15 16 21
2 6 22
6 10 17
20 0 32
5 8 5
0 2 19
4 8 32
22 1 10
12 16 13
16 20 15
14 17 38
20 22 21
9 12 43
7 9 17
20 22 9
21 23 45
13 14 1
21 3 14
5 6 38
13 16 17
9 12 24
13 16 5
18 21 38
4 7 18
5 8 21
5 9 20
12 16 2
13 15 19
16 19 7
17 21 7
10 15 4
13 15 3
7 9 26
21 0 22
22 3 38
20 0 10
23 3 6
9 12 10
23 2 9
10 15 10
21 23 39
5 7 9
16 19 6
16 18 25
17 20 22
6 10 21
18 20 14
9 12 13
8 11 27
16 19 19
1 5 29
9 13 31
6 10 27
22 1 38
11 14 23
14 18 29
8 12 34
21 23 29
12 13 15
5 9 36
0 5 7
11 14 18
22 22 3
15 17 5
16 18 31
12 15 3
15 18 45
17 20 37
9 12 12
23 1 20
4 7 35
3 6 24
9 13 2
7 9 17
1 4 17
14 18 40
7 11 22
15 16 33
13 13 38
19 22 2
3 8 2
14 18 22
8 13 14
4 9 41
21 23 17
16 20 17
1 3 2
1 3 28
10 14 26
21 23 33
5 7 13
1 4 15
21 0 7
10 14 16
14 17 3
0 4 23
19 22 13
1 4 37
4 6 31
21 21 9
14 17 31
17 20 42
6 8 31
8 11 8
17 21 37
22 0 30
3 5 39
14 18 39
16 20 13
20 1 15
11 15 12
11 15 9
20 22 33
2 3 28
8 12 30
7 10 26
17 18 12
3 8 11
4 5 29
2 4 30
13 16 28
17 21 10
9 12 16
13 18 38
15 18 8
21 0 36
9 10 33
6 6 24
18 20 4
23 5 8
5 6 10
7 10 18
0 4 42
8 12 43
1 3 20
6 9 16
18 21 10
10 11 20
6 7 6
6 9 36
21 22 11
23 22 27
15 18 25
11 13 4
15 17 11
10 13 15
14 16 31
13 14 34
8 11 23
18 20 13
5 9 43
11 16 24
8 10 38
7 11 45
7 10 25
21 0 24
5 8 33
8 10 5
12 16 22
15 19 6
1 4 40
13 17 38
21 0 6
17 20 15
19 21 13
5 7 31
13 15 29
6 10 1
21 23 19
13 16 36
5 7 32
10 13 40
16 18 10
1 5 23
13 16 5
0 3 39
10 14 1
1 4 36
10 13 21
0 3 42
11 14 43
23 2 8
19 22 6
4 6 15
2 5 42
0 3 14
7 9 1
6 9 30
16 20 34
15 18 12
1 5 13
17 22 36
17 20 2
11 14 27
14 19 21
18 20 7
8 13 44
3 7 4
5 9 26
9 12 2
1 5 43
6 7 37
2 4 27
19 23 18
18 20 14
10 13 42
14 17 39
18 20 30
7 9 36
4 7 7
9 13 44
21 1 13
18 19 25
16 19 10
3 6 2
1 3 3
4 7 32
13 16 9
18 21 3
18 21 45
3 5 36
13 15 40
5 8 9
16 20 34
1 4 2
20 22 30
15 19 33
14 16 19
6 8 45
8 10 13
13 16 18
7 9 35
6 10 1
16 20 5
22 2 32
22 1 3
20 0 40
0 1 14
1 3 10
12 15 28
1 5 15
5 9 43
5 8 12
7 9 5
15 17 33
15 19 35
18 19 29
2 4 40
16 17 13
6 10 40
7 10 3
16 20 44
19 22 1
13 17 36
10 14 12
9 13 21
9 13 10
2 7 41
2 5 21
9 11 18
17 19 13
10 15 22
21 0 2
13 16 2
4 7 26
5 8 11
8 10 16
18 22 31
8 11 39
22 1 43
10 13 13
11 13 20
21 1 10
2 4 13
1 5 36
23 1 37
0 4 24
6 11 26
15 18 35
4 6 2
3 6 39
15 17 23
20 22 24
20 23 36
18 20 15
4 7 1
9 10 12
3 8 43
1 4 19
15 18 29
3 6 20
21 23 43
23 1 7
2 7 32
6 8 15
8 11 38
2 3 7
3 7 26
7 12 45
18 20 29
3 6 37
17 20 30
5 9 38
21 0 2
3 7 32
2 4 7
11 14 9
16 19 3
21 23 9
1 3 24
4 6 4
8 10 4
17 20 13
2 5 14
1 5 38
0 1 43
3 6 39
6 10 7
1 4 13
0 1 35
8 11 3
10 15 27
7 9 20
10 13 38
19 23 16
8 11 42
9 12 4
16 18 8
19 0 7
18 20 44
9 10 8
4 7 11
9 13 14
2 5 32
6 8 6
11 14 26
1 3 39
10 13 45
20 23 24
6 9 32
17 21 31
17 19 15
6 9 4
23 5 25
4 5 9
6 9 41
0 3 30
14 16 28
2 3 13
14 18 4
19 0 35
2 5 21
21 23 12
4 5 30
2 5 30
0 3 6
19 0 28
2 5 21
18 21 45
2 4 15
23 1 11
0 3 7
11 13 21
6 8 24
19 20 37
20 22 42
9 10 45
3 6 4
23 1 34
5 7 36
22 0 2
15 16 26
12 14 4
20 0 13
23 3 14
4 7 26
6 9 33
17 21 6
10 12 23
8 10 43
8 11 9
4 8 45
1 6 8
15 17 4
21 0 15
8 12 2
14 16 40
22 2 19
5 10 36
19 21 2
11 12 23
6 9 26
22 0 8
19 21 33
12 14 3
8 13 14
14 17 23
0 4 43
18 20 20
9 12 22
17 20 39
2 6 9
21 22 6
5 8 23
15 17 22
8 10 45
7 9 45
8 11 27
11 14 20
10 13 20
2 5 21
19 22 8
2 4 35
6 9 10
6 7 5
22 1 8
11 14 27
7 9 32
10 12 40
16 18 9
8 12 26
16 20 18
4 8 38
16 20 31
9 15 30
7 10 14
14 18 45
13 17 15
2 6 37
0 2 6
7 12 42
8 11 44
23 1 18
7 8 12
1 5 42
0 3 34
22 2 5
10 13 8
16 19 13
23 1 8
19 21 7
8 10 11
2 5 19
14 19 1
15 17 45
22 1 10
10 13 8
7 10 39
9 12 23
15 20 1
15 19 32
15 18 27
17 20 18
2 5 27
19 23 45
12 14 18
18 22 38
8 11 14
0 3 39
20 23 42
0 2 27
5 7 8
4 8 44
14 17 14
14 16 18
8 11 31
22 1 44
19 23 28
11 15 15
10 14 19
15 17 8
0 3 16
22 2 24
23 1 42
20 3 36
14 17 5
13 16 42
15 18 1
8 11 6
5 9 6
2 4 22
2 6 26
20 0 45
3 6 2
13 17 28
8 11 29
14 19 22
23 2 13
8 12 31
22 2 2
18 21 26
20 23 39
20 23 34
16 19 9
6 8 14
5 9 44
13 16 10
10 14 21
11 13 33
18 20 32
8 10 7
21 0 1
10 13 2
5 8 39
3 5 22
5 7 15
19 22 25
2 5 11
11 14 2
22 23 27
13 18 25
12 17 28
14 18 38
16 21 44
6 10 43
0 4 4
20 23 43
19 22 42
12 15 1
15 19 23
15 18 10
10 12 13
3 6 20
17 22 30
8 12 15
21 0 8
21 22 24
8 12 23
9 10 27
9 13 24
9 11 7
12 14 44
0 4 44
7 10 19
18 22 27
17 20 44
22 2 41
16 20 30
6 9 45
14 16 6
23 2 6
20 1 23
1 4 23
23 3 41
0 3 20
6 9 26
3 5 36
13 15 16
3 6 13
14 18 2
6 8 28
0 5 36
8 10 9
5 8 28
11 15 34
4 5 9
14 16 33
6 11 21
15 17 16
15 17 11
18 23 37
6 9 42
8 11 2
17 20 27
5 7 36
1 4 29
13 17 14
7 9 11
11 14 21
15 17 41
16 19 15
1 4 38
21 0 29
12 13 4
2 4 29
6 10 42
4 6 10
7 10 38
15 19 32
9 12 45
17 21 24
16 19 33
14 17 33
11 14 42
14 16 41
22 0 21
4 6 3
7 8 3
2 5 11
5 11 32
3 8 6
11 15 34
2 4 1
4 7 6
2 5 8
13 16 22
15 16 20
11 14 45
5 9 3
1 5 42
8 11 14
4 5 27
22 1 27
10 12 38
11 13 44
1 5 24
20 1 40
14 16 34
22 0 16
21 23 13
0 3 29
20 23 2
12 15 22
6 9 41
5 9 11
21 0 24
14 17 15
23 2 37
11 16 9
23 0 12
2 5 18
15 19 15
15 20 6
0 2 38
6 10 24
9 12 20
13 16 30
21 0 30
18 21 17
19 21 39
8 10 33
14 16 2
2 5 31
7 10 44
18 21 3
10 13 9
7 10 45
17 20 18
19 21 15
10 12 1
1 4 19
9 12 31
17 19 44
15 18 37
5 9 9
17 19 28
10 13 23
18 20 17
10 12 44
12 13 30
8 11 12
11 16 27
15 19 12
19 22 2
22 23 33
6 8 31
9 12 34
18 21 4
9 10 14
17 19 39
21 0 23
15 17 4
19 23 30
16 19 30
23 3 28
11 15 9
17 20 25
14 18 19
19 22 26
1 4 27
4 8 7
0 3 2
13 15 11
11 16 29
3 4 31
18 22 17
21 23 18
18 19 15
5 9 6
22 1 10
10 12 18
13 16 41
9 12 42
17 21 11
10 12 9
14 19 15
2 4 12
16 19 33
3 8 28
6 8 16
13 16 41
2 6 25
8 10 26
22 0 15
19 0 26
7 9 27
21 0 2
2 4 32
8 12 35
2 7 21
2 4 15
17 21 30
15 17 4
12 16 37
6 11 12
21 23 23
12 17 3
5 9 22
22 1 44
7 11 22
3 5 22
20 23 8
0 3 32
11 15 6
23 1 41
13 16 2
16 18 17
14 16 15
8 12 13
4 7 32
17 22 40
15 18 38
5 9 35
6 9 18
9 12 16
7 11 24
10 15 24
16 18 10
0 3 44
12 15 30
22 2 26
13 15 2
2 6 3
21 23 26
14 16 12
3 9 26
23 0 35
1 6 17
3 6 9
23 0 39
23 2 3
15 17 22
20 23 27
10 13 16
19 0 14
5 8 44
5 10 40
9 12 35
1 3 2
0 4 40
16 18 25
7 10 21
0 2 17
20 22 4
0 4 21
23 2 7
5 8 18
8 10 31
18 20 4
21 23 41
10 12 18
11 12 43
5 11 31
10 14 28
1 3 4
11 13 28
9 10 19
22 1 5
12 15 17
23 3 5
12 15 32
5 9 25
10 13 31
6 11 38
11 14 23
9 12 5
10 15 38
23 2 17
6 9 32
18 22 1
2 4 23
5 9 15
16 19 26
21 0 6
8 9 33
9 11 21
7 10 7
14 17 17
2 4 18
13 16 23
12 16 20
11 13 28
3 7 20
13 16 37
15 16 24
18 22 6
11 13 26
15 18 16
2 5 22
18 23 40
10 13 2
4 7 23
15 18 27
18 22 37
8 11 4
13 18 34
5 8 41
3 5 1
20 22 41
7 9 41
20 22 13
5 9 17
5 8 44
15 18 12
2 7 19
17 20 40
12 17 2
19 20 44
5 8 22
19 21 31
11 13 13
17 20 11
3 6 22
18 21 15
12 16 29
8 11 42
2 4 39
20 0 36
16 19 6
18 22 30
18 21 7
21 23 27
14 17 12
23 3 8
3 4 36
5 8 39
19 22 4
9 14 4
5 8 24
20 23 18
14 15 19
6 10 36
6 8 39
15 17 23
8 12 10
11 14 37
23 0 29
12 15 22
21 1 10
5 8 12
5 10 31
1 4 9
19 22 31
1 4 36
20 22 10
6 10 18
3 6 11
21 23 27
18 21 25
0 3 37
15 17 45
17 19 20
17 22 2
3 5 20
11 13 5
22 0 31
21 0 23
16 20 38
9 13 41
12 14 27
17 20 19
12 15 22
4 5 32
15 20 8
23 3 14
3 4 26
8 11 5
14 16 2
15 18 1
21 2 44
14 18 7
21 1 26
21 0 17
5 8 3
15 18 40
5 8 26
11 15 9
15 18 24
15 18 45
0 3 6
3 5 17
14 17 6
6 11 33
11 13 33
5 8 7
19 22 40
7 12 35
23 2 23
9 11 2
8 13 42
11 15 20
12 15 43
18 20 45
17 21 17
10 14 27
5 8 39
12 16 27
1 4 2
10 14 16
2 3 43
7 12 33
16 19 35
12 14 3
4 5 13
16 19 20
21 0 26
9 15 45
12 14 15
23 3 1
7 11 26
5 8 43
15 17 29
11 14 24
21 2 41
18 21 39
4 9 7
13 17 22
10 12 30
18 21 27
1 5 29
2 4 30
1 2 42
3 6 16
11 14 21
11 14 15
17 20 30
10 15 13
14 16 2
9 11 26
13 15 30
19 23 23
5 7 39
17 19 12
20 23 6
23 2 37
16 19 31
21 23 22
3 6 9
3 7 10
11 14 18
3 7 20
22 1 32
15 17 19
17 21 28
10 14 21
2 7 38
2 3 27
5 7 24
0 2 33
0 1 15
11 15 22
9 12 32
22 0 23
6 10 21
8 10 44
20 0 24
0 3 13
21 0 10
17 21 33
0 6 38
13 17 5
10 12 5
1 4 43
8 11 13
20 0 36
21 0 22
16 18 8
21 0 37
18 22 28
4 7 26
10 13 3
8 12 3
3 6 10
23 3 32
9 12 15
13 16 38
8 11 23
5 9 41
19 21 14
1 4 17
3 5 27
0 4 5
3 5 15
7 11 21
6 9 4
7 9 21
12 14 8
10 14 30
6 10 5
8 11 19
18 19 20
23 2 9
4 5 4
5 8 21
17 21 5
0 4 13
23 2 26
10 12 30
1 6 11
8 13 34
8 11 20
8 11 40
11 13 23
6 9 20
11 14 18
13 17 44
5 9 22
8 10 28
5 10 41
21 1 33
11 15 29
18 21 15
7 10 19
14 16 40
5 7 36
5 9 17
19 0 30
1 4 29
9 14 36
13 15 4
3 5 36
4 8 39
15 18 39
22 0 9
2 6 5
7 10 44
0 3 7
7 10 16
4 6 12
10 12 40
14 19 22
8 11 33
4 6 31
3 7 19
15 17 16
6 8 33
6 9 15
23 2 28
10 14 43
7 8 17
5 6 21
0 5 39
15 16 26
9 12 9
3 7 16
5 9 25
18 22 14
11 13 33
0 3 22
9 12 22
3 7 44
15 18 18
20 1 27
6 7 26
10 12 39
0 4 14
11 15 30
22 2 29
8 11 39
22 1 23
22 1 10
7 11 27
21 2 31
1 2 9
11 15 11
7 9 18
21 0 1
23 3 29
22 0 19
23 2 32
16 18 37
9 13 39
8 12 26
13 15 44
22 1 22
3 5 6
4 8 39
2 5 33
17 21 40
22 0 38
20 0 13
11 16 11
12 16 22
14 17 31
5 8 10
3 7 31
17 21 25
22 1 21
10 13 22
20 23 42
18 21 30
3 7 15
23 2 3
6 9 38
4 7 42
10 13 8
17 18 14
15 18 42
15 19 32
17 18 41
0 4 1
12 15 17
1 5 25
3 6 34
16 18 30
22 1 25
18 22 13
7 9 22
22 2 5
6 10 32
9 12 28
5 8 43
22 2 26
21 1 33
13 17 5
11 15 24
16 19 28
15 18 45
5 7 31
18 22 29
11 14 34
9 11 4
20 23 36
8 11 24
9 12 37
9 13 35
11 12 38
23 2 41
5 8 19
5 10 30
14 18 15
21 1 37
7 11 19
0 3 14
21 0 39
14 16 42
14 17 20
9 10 11
4 7 40
9 13 36
0 2 19
5 8 15
5 6 31
17 20 32
9 13 18
5 7 20
1 4 35
22 2 12
23 1 42
12 15 18
6 8 19
9 11 23
7 9 32
3 7 10
16 19 21
9 13 41
23 2 31
22 0 35
20 0 19
14 19 22
3 6 39
4 6 11
7 9 39
14 17 45
7 10 2
10 13 27
20 23 4
5 8 45
12 13 44
7 10 37
6 8 30
1 5 21
14 17 29
16 18 37
21 23 14
23 2 45
16 18 11
13 16 5
16 19 16
5 7 12
16 21 5
7 10 10
2 6 27
8 10 35
19 21 35
19 21 44
16 20 20
3 6 42
4 5 5
14 16 7
19 22 7
14 18 5
18 22 45
16 19 10
18 22 44
21 0 21
15 19 17
8 12 11
9 12 34
9 10 10
7 10 37
3 7 20
6 10 29
11 15 36
11 13 1
4 8 3
20 0 25
18 21 37
23 2 19
19 23 22
5 8 6
3 6 30
13 16 39
10 15 40
1 3 13
21 0 23
13 16 15
7 9 10
21 1 27
13 17 32
12 15 33
19 22 44
3 5 16
5 9 20
11 13 31
0 2 1
20 23 12
6 8 15
10 13 8
7 10 17
12 16 14
17 22 26
15 18 1
21 0 16
7 8 1
23 2 19
21 2 18
13 16 37
12 14 28
1 6 31
3 6 20
11 14 21
0 2 37
19 20 3
15 18 4
6 9 1
10 14 41
23 2 5
17 21 36
19 22 31
16 21 13
23 2 11
20 23 36
23 0 2
11 13 11
2 5 29
13 16 13
10 14 16
12 16 23
8 10 22
8 11 15
12 15 7
19 21 5
23 2 43
19 23 30
12 14 2
0 4 38
11 14 19
21 0 33
7 11 39
5 8 44
1 6 8
12 14 35
4 7 8
17 22 32
21 1 26
7 10 35
4 6 9
1 5 42
18 22 36
17 20 40
14 20 19
10 13 18
16 20 1
11 14 3
4 9 38
2 7 9
3 5 24
9 13 16
3 7 39
5 7 11
1 3 45
15 17 11
8 13 3
5 11 45
5 7 9
0 4 3
8 11 9
15 18 14
9 12 1
9 12 43
0 3 35
6 11 36
1 5 45
2 7 38
12 17 28
11 14 20
5 7 40
17 22 43
23 2 28
11 15 20
1 2 19
7 10 30
7 8 20
18 23 1
15 18 6
22 1 36
3 5 4
21 1 33
21 0 12
15 18 34
2 4 17
18 19 17
5 8 26
6 9 9
14 19 35
3 4 35
17 20 44
4 7 35
1 2 38
14 16 18
21 23 29
23 2 12
19 22 8
6 9 27
18 22 12
11 16 29
9 14 2
13 16 21
17 22 17
5 8 23
1 5 9
10 12 31
9 13 12
17 20 20
13 15 35
19 22 12
4 7 13
19 22 39
8 10 4
16 18 44
18 20 1
6 10 15
8 11 9
22 2 41
16 20 2
19 23 40
14 18 6
1 4 37
8 12 11
19 22 29
3 5 16
