1000 25
17 11 1 22 3 10 5 8 15 20 1 19 25 15 18 12 13 17 20 10 23 1 16 21 17 
17 20 14
16 19 25
0 3 17
1 5 3
0 5 14
15 19 19
5 10 15
21 0 11
9 13 6
20 0 7
10 14 12
3 5 12
18 21 16
2 6 9
13 17 9
8 12 19
20 22 8
19 21 4
10 14 18
7 12 4
12 16 10
20 23 6
3 6 1
22 1 5
22 1 20
2 4 14
3 7 20
20 1 19
6 9 5
1 4 21
8 11 4
19 21 23
7 8 17
22 2 15
15 18 21
6 9 5
13 15 20
1 5 16
2 5 21
19 22 25
2 5 2
3 7 6
16 19 5
20 22 2
7 9 24
20 23 15
23 2 9
4 6 14
17 20 16
19 20 23
7 10 2
13 15 8
1 5 15
18 20 1
14 19 24
3 5 22
8 10 17
0 4 15
11 17 25
9 10 11
11 15 4
6 11 5
11 14 22
20 23 18
2 4 18
21 0 15
6 8 21
20 0 13
4 7 24
23 1 17
11 12 6
21 0 10
16 20 10
4 6 23
15 17 11
23 2 12
20 23 15
9 10 19
9 11 9
1 3 2
0 2 8
23 1 10
23 3 10
16 20 17
18 21 23
23 4 12
15 17 14
2 5 21
6 9 19
1 5 11
17 19 15
16 18 17
12 14 21
0 3 4
4 7 17
6 9 5
20 23 15
0 2 16
15 18 18
11 13 20
22 1 24
4 6 22
5 9 1
7 11 19
16 19 10
5 8 24
1 2 19
19 23 3
17 19 25
5 8 6
7 9 16
7 10 10
12 15 21
22 1 17
14 15 24
20 22 10
15 17 10
11 13 20
7 10 15
1 4 5
17 21 12
22 0 1
22 1 7
3 7 23
15 18 13
22 1 11
18 21 14
20 0 20
5 8 14
9 13 21
13 16 16
3 7 2
22 0 19
8 13 19
6 9 9
16 18 4
19 23 25
7 9 14
22 0 21
21 1 1
12 16 2
0 3 21
7 10 9
23 2 3
4 7 19
6 7 22
0 4 24
0 3 23
8 11 10
8 11 6
17 21 22
17 21 21
6 9 14
6 8 9
16 18 17
12 16 7
23 1 15
1 5 21
12 15 25
15 18 2
13 15 21
19 22 6
8 10 2
14 16 1
7 9 10
22 0 2
13 16 19
13 16 5
9 12 6
1 2 8
2 4 1
17 20 1
13 15 15
18 22 14
8 10 21
12 16 22
19 21 18
0 3 5
15 18 25
11 14 14
22 0 15
22 1 5
16 19 3
6 8 7
22 0 5
15 19 9
2 6 12
18 20 15
23 2 6
14 17 25
21 0 10
22 1 24
16 19 14
8 12 2
8 10 21
20 22 20
2 6 20
16 18 22
7 11 18
14 16 3
1 5 20
0 2 8
10 12 22
20 23 1
12 16 21
10 16 11
23 1 16
9 13 4
0 4 1
4 5 12
23 3 12
17 20 16
8 11 4
10 12 21
20 1 6
21 23 17
8 11 24
15 18 2
1 5 2
4 7 16
10 13 3
19 22 3
14 15 16
16 19 1
20 23 24
15 20 2
9 11 13
21 0 3
19 21 2
18 21 1
8 11 3
23 0 20
14 18 2
1 3 1
9 11 19
5 10 12
17 20 25
20 23 24
8 10 9
23 2 23
11 16 19
1 5 7
12 16 6
12 15 5
10 13 1
1 5 22
16 18 24
6 9 24
0 2 15
3 6 13
12 16 8
8 10 11
9 14 6
17 19 21
7 9 7
22 1 17
0 2 3
11 15 8
23 3 4
19 23 23
7 8 15
3 6 1
6 9 22
23 2 19
1 2 21
19 23 13
6 8 23
0 3 20
14 18 16
16 19 19
2 5 22
3 5 13
9 12 15
18 22 1
17 21 17
21 0 16
3 6 2
7 10 5
1 3 13
10 14 7
0 4 24
23 2 22
18 21 10
13 16 13
2 5 25
18 22 11
0 2 20
8 10 18
21 0 18
5 7 22
5 8 22
19 22 15
7 9 6
9 13 17
19 20 1
2 5 11
23 4 5
8 10 21
16 19 7
17 21 16
17 19 24
17 20 14
23 1 22
20 1 6
2 5 4
19 22 15
4 7 21
18 21 12
0 4 5
9 13 19
22 1 5
18 21 8
2 4 9
22 0 11
14 17 16
3 6 22
4 7 4
0 3 5
6 9 10
3 6 21
14 21 22
14 18 16
6 9 1
12 13 21
7 11 11
18 22 14
8 12 8
20 1 7
2 6 11
10 14 16
4 9 16
20 23 24
5 8 3
10 16 2
5 8 10
23 2 13
10 13 16
3 8 9
15 18 22
22 2 17
11 13 12
13 14 15
16 20 1
15 20 24
3 7 22
4 7 22
15 19 6
16 19 25
13 16 1
12 15 19
17 19 25
23 2 11
23 2 13
13 18 25
0 3 24
20 22 10
11 15 3
12 15 15
21 23 11
19 23 24
21 1 13
14 16 19
2 6 22
23 3 12
16 18 23
8 12 6
22 1 18
0 4 7
11 13 16
8 12 10
19 23 6
7 9 17
13 15 18
1 4 14
0 2 6
21 1 8
8 10 25
20 22 7
7 10 12
19 0 17
17 20 22
0 3 1
18 20 17
0 5 20
9 12 11
4 7 10
19 22 13
8 10 4
23 2 7
10 13 2
13 17 9
17 20 13
13 17 22
4 7 20
6 8 20
19 20 16
2 6 15
6 8 10
0 3 1
18 21 13
21 0 8
17 21 5
1 5 12
2 5 24
0 2 4
3 5 22
0 4 20
12 15 22
21 23 18
20 0 9
9 13 18
2 5 10
15 18 21
16 20 24
16 19 13
15 20 22
19 0 20
22 0 3
12 15 6
5 8 23
0 2 2
13 15 11
20 1 25
2 5 12
4 5 14
14 17 10
10 12 4
8 11 19
19 21 16
20 23 4
2 4 22
8 9 6
21 1 17
0 3 17
8 10 2
15 17 19
6 9 7
15 19 20
11 15 25
6 8 18
8 10 1
17 20 19
20 23 25
8 10 8
23 0 17
23 3 10
0 4 21
0 3 16
7 10 12
15 17 22
4 8 14
14 17 25
19 21 14
4 7 23
5 8 18
14 16 6
2 4 14
20 21 14
4 7 24
1 3 6
13 17 11
7 10 23
22 0 1
13 17 9
19 23 23
11 13 20
16 18 13
13 18 13
13 14 5
21 0 1
19 22 20
23 3 10
7 10 18
10 16 2
23 0 11
13 15 17
0 3 10
7 7 21
23 2 13
8 12 22
18 22 3
17 21 2
6 8 15
22 23 17
13 15 13
7 9 21
8 11 8
13 17 8
15 19 14
11 16 9
22 3 3
16 18 20
7 10 23
5 6 23
5 8 14
10 12 22
19 23 12
20 2 22
4 6 8
13 16 9
19 22 11
23 2 17
9 12 16
13 16 7
4 7 5
20 22 10
7 9 15
7 9 9
18 22 16
15 17 13
18 20 22
20 22 8
8 11 22
1 4 20
1 3 6
2 6 22
13 16 8
23 1 4
1 5 3
11 14 6
12 13 12
18 21 25
7 9 19
12 14 24
20 23 6
19 0 3
5 7 10
22 0 13
23 1 14
7 10 12
0 3 12
1 4 5
11 13 3
3 7 22
22 1 12
19 22 13
8 11 9
17 19 22
4 5 13
14 17 17
17 20 7
4 9 5
19 23 22
9 14 7
4 8 10
14 17 14
5 8 23
11 14 24
5 9 18
8 12 19
17 21 1
7 9 18
9 11 12
6 9 2
0 1 12
11 14 9
2 5 1
16 19 14
1 3 17
17 19 12
18 22 12
7 11 14
16 19 10
5 9 15
23 1 2
21 0 14
18 22 19
19 21 24
2 5 11
3 5 8
13 15 3
0 5 22
12 14 16
2 6 20
13 17 22
0 4 24
23 4 23
2 4 4
3 5 10
6 8 14
20 1 5
7 11 4
18 19 12
20 23 15
4 7 12
2 6 16
11 12 22
17 20 1
1 2 25
19 22 12
4 9 20
4 9 19
2 3 13
16 19 8
15 17 6
9 11 17
12 15 3
9 11 22
12 15 21
16 21 13
1 5 17
8 10 22
1 5 15
1 4 9
18 20 3
22 1 22
5 10 18
14 15 22
21 23 2
17 19 24
4 6 8
18 22 22
11 13 2
1 5 11
3 5 3
6 8 10
2 5 23
6 8 12
12 16 18
10 13 8
6 9 13
5 8 19
16 18 2
22 1 10
14 16 15
13 16 23
7 11 17
3 3 20
19 23 5
20 22 13
3 6 6
10 13 18
16 18 6
1 4 17
4 6 24
7 11 7
5 8 11
6 10 12
14 15 17
1 4 24
23 2 3
14 17 6
11 13 21
0 4 9
23 1 22
13 17 7
13 14 15
8 11 8
12 15 1
0 3 6
20 21 25
2 5 6
20 1 12
22 2 10
2 5 8
23 1 10
11 15 23
5 10 9
6 11 7
15 18 2
13 14 5
16 19 6
19 22 2
20 23 9
0 4 5
14 16 3
22 1 25
8 11 19
15 16 24
13 15 1
11 16 15
8 12 16
11 15 22
0 2 8
23 1 24
10 13 9
20 0 13
18 21 14
12 17 5
6 9 24
6 11 4
19 22 24
3 6 10
8 10 7
20 22 16
7 11 1
5 7 22
0 4 12
17 19 11
20 0 6
0 3 23
15 19 12
15 18 2
10 14 14
5 7 5
18 21 23
3 6 15
1 3 2
19 21 2
1 3 19
3 6 8
12 16 14
17 18 23
12 15 19
3 5 20
16 21 2
12 15 24
1 3 17
10 12 14
13 16 16
20 0 18
21 23 2
10 12 9
11 15 19
2 5 15
15 17 5
1 6 20
2 6 21
23 2 15
17 19 3
21 1 19
6 9 13
13 18 22
7 10 10
22 1 5
3 6 12
14 15 14
17 21 24
3 5 7
20 23 11
8 11 10
9 13 20
21 2 8
1 5 16
8 11 16
8 11 12
2 5 19
20 22 4
3 6 14
1 5 12
2 3 20
11 15 10
22 23 8
6 10 15
10 12 9
15 16 16
19 21 24
23 0 19
9 12 11
8 11 9
20 22 18
18 21 10
12 14 20
0 2 14
22 2 13
15 19 12
12 15 12
21 23 17
18 22 8
0 4 25
7 9 17
19 23 13
2 7 17
13 18 11
1 5 15
18 22 21
10 12 22
1 5 15
6 8 24
5 7 12
10 13 21
8 10 9
12 16 7
16 19 17
0 1 11
19 23 10
20 23 8
19 20 12
14 17 18
9 12 1
1 3 3
23 5 1
14 16 19
10 13 24
12 15 16
4 6 25
19 23 2
16 19 6
0 4 2
10 12 6
4 6 6
22 2 24
12 13 13
1 3 20
10 13 19
21 0 8
5 7 1
15 18 17
19 22 4
15 20 16
13 17 2
19 22 20
2 5 24
2 6 19
7 11 17
15 19 13
5 8 9
20 23 11
0 2 11
3 7 18
5 7 22
1 2 15
6 7 8
23 2 8
17 20 15
3 5 23
11 13 7
17 19 11
6 9 8
17 18 11
5 8 6
13 14 4
22 0 20
2 6 10
18 22 9
2 4 22
14 16 14
12 15 23
4 8 15
3 6 13
14 17 18
2 5 24
20 0 5
13 14 19
15 19 3
15 17 5
23 1 20
8 10 16
0 5 25
8 10 11
6 11 15
9 13 10
1 6 4
1 3 19
14 18 9
19 23 19
10 13 1
15 20 23
19 21 8
20 0 3
21 1 23
7 12 2
3 6 10
21 1 8
16 18 9
2 4 24
14 19 22
10 11 1
5 8 8
20 0 2
12 15 17
7 11 1
18 21 18
7 9 25
23 3 23
22 1 3
14 17 2
16 18 22
10 14 7
3 7 25
7 10 2
5 6 7
17 18 12
23 2 15
1 2 24
18 20 8
19 23 6
8 9 3
10 14 16
18 22 25
20 23 10
17 18 4
20 22 9
2 3 19
11 14 13
23 3 10
13 16 14
9 12 11
6 9 2
16 18 2
4 7 2
0 3 11
18 20 1
20 0 24
17 20 3
7 11 16
19 23 4
8 12 9
17 22 24
17 17 18
2 6 3
18 20 10
17 20 4
10 13 5
20 22 18
17 20 13
22 2 8
20 22 8
13 14 17
19 21 19
19 22 19
0 4 13
9 12 3
14 17 5
13 15 16
22 1 12
14 19 12
23 1 3
20 22 23
17 20 17
5 8 9
19 21 9
17 18 12
9 12 14
8 11 13
21 2 22
6 10 8
10 13 6
7 10 11
4 7 14
17 21 17
8 10 20
15 19 1
14 16 14
20 2 15
13 17 8
21 0 11
22 1 16
11 14 21
15 17 17
1 4 5
19 21 10
12 14 7
12 15 17
23 3 22
8 10 23
22 1 7
21 23 14
20 0 4
1 5 17
15 17 2
20 23 3
1 4 3
21 1 25
22 23 7
4 8 6
19 22 4
6 7 9
3 6 12
7 10 20
14 15 4
6 7 2
13 17 9
17 20 8
15 18 22
5 6 11
7 9 19
21 0 25
8 13 22
2 5 22
21 0 6
6 9 24
10 13 18
1 3 2
4 8 18
3 6 1
14 18 22
21 0 22
13 17 25
11 16 24
13 16 2
8 11 25
4 8 1
2 4 19
18 20 4
3 5 5
19 22 15
5 9 8
2 6 17
0 2 5
15 18 1
10 14 21
18 21 23
2 3 25
4 8 13
16 20 13
21 1 6
16 18 10
10 12 20
10 13 2
