1000 13
13 2 10 10 4 12 1 2 4 8 2 4 11 
15 18 2
17 20 7
8 11 12
0 3 11
5 8 1
17 20 6
5 8 12
21 22 3
0 4 5
0 4 5
11 12 5
11 15 12
6 11 5
13 16 7
20 23 4
6 9 4
8 10 9
18 21 3
12 14 12
15 18 6
1 4 7
12 13 12
22 1 8
3 7 7
5 7 9
13 17 3
0 4 8
21 23 4
21 0 11
6 9 1
11 13 11
7 10 1
17 19 8
17 21 4
14 17 8
21 23 9
23 2 12
0 3 7
23 23 12
0 3 12
17 19 8
14 18 1
8 12 5
0 4 7
11 14 12
16 19 7
7 12 4
4 8 6
12 15 10
6 7 9
8 12 12
17 18 7
17 21 8
8 10 5
14 18 8
7 10 7
18 21 12
20 0 8
17 21 3
18 21 3
22 1 12
9 13 7
1 2 5
2 6 1
20 0 4
18 21 12
8 11 6
10 12 11
8 10 13
15 17 8
0 3 11
3 5 5
8 11 3
8 10 9
4 8 12
1 3 4
14 17 1
22 1 3
18 23 13
23 1 8
0 2 9
18 20 2
14 17 7
21 1 7
6 9 12
21 0 12
11 14 5
2 6 10
23 1 9
23 2 4
3 4 10
10 14 3
5 7 12
15 18 1
0 3 9
15 18 4
23 4 7
10 12 7
21 23 3
11 13 10
0 2 3
15 17 5
19 20 5
19 0 5
15 18 9
19 22 8
14 18 3
18 21 8
5 8 2
6 9 12
18 21 9
6 7 10
17 19 7
19 22 9
17 20 1
0 4 5
2 3 4
14 16 11
22 0 9
10 14 5
15 18 1
11 13 3
11 14 7
12 16 1
6 9 11
20 22 12
6 9 11
7 9 5
19 23 8
12 15 8
16 19 10
10 12 10
12 16 13
7 11 7
1 2 11
11 14 1
19 22 3
16 19 7
8 11 4
22 1 11
18 20 12
4 8 3
0 3 1
16 20 4
17 20 6
0 2 7
9 11 12
0 3 3
12 17 6
12 16 1
19 21 11
15 16 11
16 18 12
7 10 2
4 8 1
6 10 13
0 3 10
0 2 6
17 20 9
3 6 9
11 15 12
12 15 2
16 19 11
1 2 13
12 16 10
9 12 5
0 3 8
0 1 9
18 22 11
22 1 2
19 21 11
18 23 8
5 7 6
9 15 12
6 11 7
23 2 13
15 18 13
1 4 8
7 11 4
22 2 6
18 22 5
3 7 5
17 21 11
16 17 9
5 7 2
13 17 12
0 2 6
19 21 4
20 23 5
19 21 11
21 0 7
23 2 4
11 12 9
18 22 2
9 11 2
8 10 2
5 8 11
16 18 7
0 3 4
1 4 7
8 11 3
4 7 13
0 1 4
7 9 12
0 1 2
11 15 7
3 7 5
8 10 3
7 10 13
16 19 1
0 4 10
18 22 12
5 8 12
17 21 1
8 12 9
23 2 7
2 4 9
13 16 6
10 13 13
10 11 10
19 23 4
22 2 1
22 0 7
4 8 3
2 3 8
16 18 3
2 6 10
11 14 12
3 6 9
12 14 12
7 11 4
5 7 7
21 23 9
16 20 8
15 19 8
14 16 12
23 1 11
21 1 2
20 23 2
21 2 5
13 18 6
13 14 11
15 17 13
9 11 13
0 4 13
2 5 3
1 3 4
7 10 13
1 3 7
14 15 1
23 2 1
23 3 3
2 5 2
19 21 12
18 21 13
6 10 13
18 22 9
16 18 13
10 14 1
8 11 13
11 15 6
22 2 9
11 15 3
2 5 5
17 20 9
21 1 8
16 20 12
18 22 8
15 17 12
17 19 13
16 19 11
21 0 7
21 1 7
21 23 9
0 2 2
19 21 3
17 23 13
22 0 9
13 15 6
7 9 13
12 15 5
5 6 2
14 17 7
3 5 2
13 17 7
18 22 7
16 21 8
9 13 1
20 23 8
7 9 3
3 7 6
6 9 11
11 14 9
16 19 13
14 16 11
23 3 2
2 5 7
20 0 6
11 14 10
2 4 10
17 19 11
21 0 10
6 10 10
4 7 10
18 22 10
16 18 13
21 23 2
23 2 6
0 2 13
11 15 2
18 19 6
15 18 13
16 21 4
14 16 4
20 22 11
21 22 2
11 14 7
3 6 6
14 18 1
13 17 8
22 1 6
19 22 13
13 16 9
22 1 7
8 12 9
3 6 12
16 18 9
19 22 1
13 15 3
6 8 6
19 21 12
19 21 6
18 20 4
15 18 4
17 21 7
17 21 10
22 2 1
7 9 11
16 20 5
12 15 7
3 8 6
8 10 2
23 4 4
17 20 10
2 5 12
23 2 7
1 3 8
21 3 4
1 4 6
9 13 10
6 10 13
11 13 1
1 4 1
9 11 9
5 8 10
0 3 7
22 2 3
8 9 8
8 10 7
12 14 13
2 6 12
10 12 3
23 2 9
14 16 8
21 0 13
14 19 11
7 11 11
20 23 10
4 7 1
20 0 9
11 13 9
11 15 8
1 4 2
15 17 12
17 18 3
5 8 11
3 4 8
3 6 13
10 14 12
8 12 10
22 0 4
8 10 1
13 15 1
22 1 9
16 20 11
17 20 10
6 8 3
10 12 11
16 19 10
18 22 7
7 10 4
13 15 9
21 0 7
11 14 1
6 8 3
4 6 10
13 16 7
17 20 12
7 11 13
22 0 13
18 20 8
8 12 6
10 13 7
2 5 9
18 23 9
5 8 12
11 14 4
15 19 11
11 14 5
11 13 13
8 10 9
12 16 2
0 2 2
20 23 8
11 13 13
6 10 3
12 15 8
10 14 10
19 22 13
13 15 2
5 6 8
11 15 5
5 7 9
2 3 6
18 20 12
23 3 9
23 1 8
6 9 2
2 4 10
20 23 11
1 5 10
20 1 6
8 12 12
3 6 11
1 3 12
13 17 2
8 12 12
23 2 8
11 15 11
5 7 11
3 5 7
17 19 13
10 13 7
1 5 2
13 16 12
19 21 8
7 11 2
19 22 4
3 5 3
15 19 3
16 20 2
5 9 3
16 19 9
21 1 7
2 5 3
18 22 5
16 19 6
4 7 13
14 16 1
21 0 8
18 22 10
14 15 5
19 23 4
0 3 1
22 1 4
6 10 9
8 11 9
16 19 9
3 5 6
10 12 12
13 17 12
0 2 2
23 1 8
14 16 2
14 16 12
21 23 11
13 17 13
19 22 12
20 23 4
5 9 10
5 9 13
6 10 10
10 13 10
19 22 13
13 18 10
8 9 4
9 13 7
14 18 1
1 6 3
6 10 7
10 13 12
2 6 12
22 2 12
19 22 5
10 12 10
3 6 7
8 11 2
2 6 10
14 18 11
16 20 2
14 16 11
5 9 12
1 5 8
23 2 9
16 19 1
16 19 9
2 6 11
14 17 8
4 7 2
11 15 10
6 9 3
5 10 6
12 17 2
22 0 11
22 2 1
8 8 11
0 1 5
4 6 4
17 19 2
5 8 12
13 15 12
13 15 4
12 16 9
11 14 1
20 22 10
6 9 12
7 10 3
15 19 11
20 23 7
13 15 5
15 19 2
17 21 7
1 4 2
20 0 3
6 9 12
1 3 5
0 2 10
0 1 12
19 22 8
21 1 5
1 4 6
6 10 13
6 11 5
12 17 13
18 21 4
20 22 4
14 18 8
2 6 8
21 0 6
3 8 2
5 7 1
10 14 5
21 2 6
3 6 13
0 2 7
5 6 10
8 12 9
2 4 13
3 5 9
17 18 11
13 17 6
21 0 12
16 20 8
0 2 3
4 7 12
11 14 13
9 12 4
19 23 9
22 22 9
3 7 3
15 16 12
16 20 10
8 11 10
19 21 10
7 9 9
19 21 5
14 17 12
16 19 1
12 14 8
19 23 2
11 14 7
13 16 13
21 0 3
22 0 13
13 14 6
10 12 1
23 2 13
10 10 5
15 17 9
16 18 4
3 8 13
15 18 12
1 3 11
17 19 11
4 7 5
5 10 12
19 20 3
6 10 1
10 13 7
10 12 13
21 0 12
14 18 9
3 6 8
2 4 1
7 10 11
1 4 5
11 14 13
8 11 8
22 1 6
4 7 11
1 4 12
2 6 7
22 1 9
17 22 8
16 18 12
4 5 10
15 18 2
21 23 4
20 23 11
6 8 10
6 9 8
12 15 9
16 21 1
3 5 3
16 20 5
23 1 9
5 6 4
12 17 12
19 21 4
18 20 10
0 2 9
20 23 1
5 9 3
12 14 7
15 18 3
17 21 9
23 1 3
3 5 8
19 20 6
17 21 7
21 20 13
12 15 10
2 6 6
2 4 12
12 14 3
10 13 1
8 10 10
7 9 7
21 0 3
15 19 5
18 19 12
23 2 12
12 15 6
18 22 9
16 20 10
18 21 10
13 16 3
13 16 4
17 21 3
15 19 11
7 10 3
0 3 5
7 10 3
8 12 5
7 11 13
9 10 1
12 16 5
20 22 13
17 18 7
10 15 7
7 8 5
11 14 5
13 17 5
10 14 9
7 10 13
12 15 3
10 11 7
1 5 10
19 22 7
17 20 1
19 22 3
22 1 5
4 7 6
18 20 12
14 16 10
9 11 8
9 13 5
15 17 12
20 0 3
12 15 12
2 5 3
8 9 2
5 6 13
17 18 2
4 8 12
22 0 3
16 17 11
8 11 5
17 19 10
3 5 8
7 9 1
4 7 13
17 19 5
23 2 11
14 17 2
11 14 1
5 9 13
8 12 11
12 15 4
20 23 5
7 10 1
7 9 4
21 0 12
3 6 4
4 7 3
16 19 2
5 8 8
10 15 3
0 4 1
21 1 9
12 16 9
2 7 3
10 14 9
0 2 9
16 18 8
9 12 7
18 21 7
15 19 5
15 19 3
13 17 4
12 16 1
15 17 5
11 14 5
18 21 2
18 21 10
20 22 2
4 7 2
12 17 7
18 21 2
4 6 8
12 15 12
10 14 3
17 20 3
8 14 1
18 22 11
4 7 2
8 11 12
12 15 13
0 5 11
9 10 7
4 9 5
9 12 3
3 7 6
20 1 7
6 8 3
19 22 1
23 1 8
16 18 5
3 6 1
21 1 7
19 22 9
5 9 6
19 22 6
19 20 13
3 6 1
5 8 4
16 19 5
3 6 12
22 0 10
3 6 7
20 0 8
7 12 6
11 15 13
21 1 13
5 9 2
7 9 7
6 10 4
16 19 3
14 17 4
3 7 13
11 15 3
0 5 13
3 7 13
22 1 8
2 4 13
3 6 4
3 6 8
2 6 4
3 5 8
20 23 9
17 19 2
22 0 7
16 20 7
4 8 9
11 13 12
22 0 9
7 9 5
16 20 4
1 5 2
12 13 7
20 23 8
2 3 1
0 3 1
17 19 13
0 3 8
18 22 2
11 15 1
5 9 1
10 13 9
14 17 3
13 17 3
6 7 10
17 20 5
3 5 4
12 16 13
19 21 11
3 5 1
1 5 3
12 13 8
20 22 3
8 12 7
5 7 2
10 12 8
21 1 8
4 6 4
9 13 6
16 19 5
0 4 12
3 7 4
6 10 5
0 2 7
17 19 10
16 20 11
7 10 8
13 15 9
5 10 11
15 19 6
8 10 1
6 9 3
1 3 5
2 5 9
14 18 10
12 15 2
22 0 12
12 15 5
20 22 5
19 23 7
12 14 5
1 3 11
7 9 5
18 20 1
4 8 13
11 14 10
18 21 13
16 18 4
19 23 11
15 19 4
0 2 9
2 6 8
16 20 13
17 20 13
11 15 13
17 20 7
5 8 8
4 7 7
23 3 9
1 4 4
20 22 5
11 11 9
19 21 4
6 9 4
2 4 9
23 2 8
23 2 13
12 14 13
19 22 3
13 17 8
20 23 7
20 1 12
19 23 2
15 16 8
4 8 10
23 2 8
20 23 10
16 20 10
14 17 5
16 18 2
1 3 11
13 16 4
6 9 2
1 5 5
15 18 9
20 0 1
7 10 3
23 2 3
17 19 8
5 7 13
22 1 13
5 7 8
2 4 12
12 15 6
15 20 6
11 13 12
13 17 2
13 16 9
9 13 10
15 18 12
2 5 13
21 23 5
7 9 11
18 21 2
6 10 11
11 13 10
4 6 2
23 2 1
7 10 13
22 1 8
11 15 10
8 10 2
5 8 13
21 0 9
17 18 11
10 13 11
4 7 8
1 5 13
22 2 2
14 17 5
19 23 13
6 8 5
23 3 9
15 17 4
16 20 13
5 7 2
3 5 8
13 16 11
21 0 5
18 21 1
4 6 8
23 1 11
17 19 8
10 12 9
8 9 12
7 10 3
8 12 2
11 14 9
1 3 13
7 8 5
14 17 2
4 7 6
10 15 7
19 22 8
16 19 7
10 12 6
5 10 13
11 15 11
1 3 3
0 3 8
2 5 5
8 10 4
11 13 6
5 8 6
0 3 1
17 22 11
7 10 7
18 20 5
10 14 10
14 16 9
10 13 12
21 23 11
14 18 1
10 12 7
21 1 1
10 13 6
21 23 7
3 5 9
7 10 6
21 0 2
12 14 10
20 0 8
6 11 9
7 10 3
2 3 10
9 14 13
19 23 12
4 6 11
5 7 3
12 15 7
22 0 5
5 10 5
13 17 7
6 9 1
10 11 9
10 13 11
6 8 3
3 6 9
7 9 9
14 17 9
11 12 7
15 18 6
6 10 5
