1000 19
18 9 14 6 3 9 7 13 4 15 5 5 9 5 18 8 18 10 19 
13 16 6
10 16 4
3 5 3
15 19 6
21 22 7
13 17 19
17 21 19
14 17 16
14 18 18
21 2 12
17 22 1
22 2 11
23 2 17
8 11 5
16 20 12
17 21 19
16 19 14
17 19 8
7 10 9
5 7 6
7 10 15
16 20 17
15 19 13
5 8 5
1 4 10
7 9 14
18 22 13
8 10 10
11 14 14
19 23 15
21 23 16
6 10 11
1 3 3
17 21 5
20 0 15
17 19 18
18 22 1
8 10 1
3 5 14
5 8 7
12 14 8
14 17 1
3 7 4
1 3 7
7 11 7
23 3 2
19 22 6
1 4 13
18 21 5
7 10 1
13 17 1
14 16 5
14 16 3
5 7 4
16 20 6
23 2 11
9 12 18
3 5 3
5 9 1
9 9 13
16 19 5
18 22 13
19 22 18
20 0 5
22 0 9
2 3 1
19 21 19
20 1 5
10 13 4
12 14 4
9 12 5
20 23 8
14 18 19
4 6 4
19 22 8
2 5 15
22 4 11
4 8 13
2 5 4
2 6 18
9 13 4
23 1 9
13 16 6
16 20 1
23 2 17
2 4 17
17 19 17
16 19 18
12 14 6
13 19 3
23 3 1
12 15 6
0 3 5
1 3 6
12 13 14
15 17 19
0 4 2
20 23 1
6 7 16
5 9 16
15 18 6
11 12 19
16 19 6
8 11 2
7 10 5
13 17 16
9 11 2
22 2 18
5 9 19
12 17 7
17 18 12
10 12 6
21 0 8
7 7 16
2 4 3
12 15 19
3 7 14
11 15 12
14 17 19
2 7 4
21 0 8
19 21 1
8 11 15
15 19 10
13 15 2
13 15 17
16 19 17
22 23 14
7 9 6
8 12 17
9 11 5
20 23 9
1 3 18
16 18 3
5 7 9
16 19 4
12 15 16
4 9 7
5 10 7
19 22 14
20 23 18
20 23 19
13 16 16
0 4 3
17 21 16
1 4 12
18 20 13
1 4 8
14 17 16
15 18 19
18 22 17
3 6 19
1 4 5
17 20 18
13 14 18
3 8 11
22 1 19
15 19 3
0 3 16
5 7 1
11 15 13
0 3 18
20 0 9
7 10 19
0 1 14
7 9 7
15 19 6
17 21 4
18 21 13
12 15 19
19 0 3
15 19 11
18 22 14
6 9 18
20 21 15
10 14 14
13 16 3
16 19 8
2 6 14
7 8 14
20 0 5
22 1 7
16 18 1
22 0 17
7 11 8
19 22 18
14 16 12
10 11 9
5 7 11
1 4 3
15 16 6
14 18 14
19 20 10
16 19 6
11 14 4
18 21 4
2 6 11
7 10 1
22 0 15
19 21 9
8 10 15
3 8 18
19 23 14
7 9 13
7 11 12
6 7 1
4 5 15
9 12 6
8 12 11
14 17 15
22 0 16
22 2 7
14 17 5
0 6 7
12 15 5
18 23 10
15 17 8
6 9 3
7 10 2
7 10 4
14 18 17
1 4 18
5 9 4
7 9 3
6 10 2
13 15 9
7 12 3
23 3 19
4 7 18
14 16 15
21 0 7
3 4 16
2 5 8
20 23 18
23 4 16
21 0 19
0 5 10
13 16 6
5 9 7
20 23 2
23 2 6
11 14 2
2 7 15
17 20 19
1 4 15
18 0 18
14 15 1
17 19 16
20 22 8
12 16 8
16 19 12
20 1 6
22 1 5
5 9 19
22 0 10
17 19 11
9 11 18
2 5 9
18 21 5
22 23 6
1 4 3
22 0 6
8 11 6
10 14 19
10 13 12
11 13 13
13 14 10
17 18 7
0 2 18
10 13 4
11 13 14
21 23 3
20 0 13
8 10 12
10 13 2
13 16 4
15 19 12
1 5 16
18 21 14
17 20 1
10 12 19
19 21 13
22 1 12
11 13 16
1 5 7
20 22 5
5 8 17
8 12 2
16 18 4
22 2 13
9 11 7
9 13 12
14 17 9
6 9 7
18 22 6
9 10 9
2 5 7
10 13 2
7 10 6
20 22 6
2 5 8
15 18 10
20 23 1
20 23 8
11 16 2
9 14 5
0 4 11
19 1 11
5 8 14
10 11 1
14 16 10
12 14 1
12 14 14
23 2 3
22 0 5
18 22 6
17 19 9
22 0 9
3 6 14
9 14 2
18 21 16
16 18 6
22 3 10
13 16 7
2 4 3
7 9 10
3 9 9
14 17 4
21 0 3
16 19 3
23 2 14
21 23 4
0 3 11
16 19 15
14 18 12
8 12 10
0 2 10
4 9 19
9 12 4
5 8 10
4 8 1
14 16 15
18 21 6
2 6 17
17 19 15
6 10 3
21 0 5
22 1 1
19 21 5
5 7 7
22 0 8
17 17 17
11 14 7
6 9 10
23 1 17
2 7 14
6 9 8
1 4 16
23 3 16
2 5 7
7 9 12
13 14 7
23 3 16
11 12 10
5 9 5
2 6 6
12 16 18
8 12 16
12 16 13
11 14 10
21 0 9
11 15 12
12 13 18
8 11 9
10 12 14
4 8 10
17 18 9
0 4 9
14 18 7
4 7 9
5 9 8
4 7 19
18 21 14
11 15 6
16 17 13
7 10 12
4 8 18
17 22 13
0 2 5
15 17 18
17 20 10
10 13 6
1 4 9
7 10 2
17 19 13
10 13 12
1 5 4
9 11 15
17 20 7
8 10 1
15 18 12
23 3 1
19 22 14
22 1 7
9 13 16
6 9 16
9 10 7
3 6 6
9 12 10
23 3 1
14 16 6
7 10 9
1 3 15
9 12 5
19 22 12
11 15 7
4 6 18
15 19 4
23 1 18
17 21 12
6 10 3
5 8 4
12 15 10
4 6 13
15 17 8
3 5 8
17 21 15
11 12 17
17 22 3
16 19 4
9 13 8
23 1 19
7 11 4
17 21 19
19 23 8
12 14 8
7 10 16
2 6 14
11 15 10
17 19 12
14 17 11
16 20 19
16 18 4
15 18 9
12 15 15
12 16 10
8 11 8
5 9 16
12 14 17
11 14 11
4 7 11
16 19 2
23 2 5
8 13 8
23 2 8
12 15 3
0 3 4
20 23 1
17 20 1
4 7 8
8 13 17
4 8 10
2 6 1
8 11 7
5 8 5
21 23 16
7 12 13
17 22 18
5 8 13
3 7 13
6 9 7
5 7 12
14 17 11
19 21 14
15 19 19
9 11 3
5 7 7
1 6 2
0 2 19
12 17 17
8 10 18
3 5 15
6 9 4
8 10 4
11 14 11
12 14 11
11 13 2
6 8 19
12 16 14
4 9 2
0 5 19
20 21 10
21 0 16
16 19 11
3 4 16
17 21 10
1 3 5
5 8 16
14 18 7
10 14 8
8 12 19
22 1 19
13 16 2
13 14 18
2 5 4
1 3 15
18 21 13
2 4 7
1 4 8
14 16 9
11 13 2
21 0 5
16 19 1
4 7 15
12 15 19
6 9 10
20 23 13
8 12 10
6 9 8
7 11 18
9 12 17
4 6 4
21 23 8
7 9 1
8 13 8
2 4 18
7 11 11
15 18 7
17 21 2
19 22 13
7 9 10
7 10 1
0 4 14
14 16 8
4 7 5
0 4 11
13 15 5
10 13 12
12 13 1
23 0 10
6 10 9
9 12 1
3 8 12
5 8 10
0 3 5
3 6 6
12 15 3
11 14 3
0 2 13
13 18 14
8 12 18
5 9 16
2 6 13
18 22 7
20 23 10
20 22 13
10 13 3
6 9 15
20 21 15
22 0 3
7 8 2
8 10 7
3 8 9
10 12 16
9 12 13
15 20 15
13 15 9
4 8 19
15 20 19
7 11 18
18 21 16
20 0 19
10 13 10
6 11 11
2 5 19
18 21 6
8 13 11
0 3 11
8 12 13
11 14 7
2 4 15
5 7 15
19 22 17
12 15 15
11 14 14
0 2 1
21 1 3
0 2 15
4 7 2
5 9 1
16 18 3
17 20 10
2 6 18
21 2 10
19 23 16
8 11 13
9 12 9
0 4 8
12 15 10
0 4 11
23 3 8
11 14 4
7 9 6
22 0 8
20 22 10
23 2 2
4 6 16
17 19 13
23 2 11
7 11 4
3 6 15
12 14 17
6 9 8
6 10 8
17 21 9
3 6 12
8 10 1
4 7 19
22 23 6
6 8 12
19 23 2
16 19 13
9 12 6
1 5 3
11 16 19
10 12 7
22 2 13
1 5 2
0 5 7
16 19 17
8 12 3
9 14 1
20 22 9
11 14 4
12 15 4
5 8 7
15 19 5
10 12 7
12 15 18
9 13 6
19 20 19
5 8 11
16 19 10
3 5 14
10 12 13
6 9 2
8 10 8
15 18 2
10 13 2
14 18 16
19 22 18
11 14 8
22 1 2
9 12 7
6 9 12
10 14 3
5 8 8
11 14 15
15 19 7
2 5 14
22 1 7
11 14 1
8 10 5
0 2 8
18 22 8
3 7 10
14 16 18
13 16 11
5 8 4
23 1 16
8 10 6
5 7 17
15 17 15
23 2 19
11 14 19
0 5 9
8 10 17
21 23 2
15 18 7
4 7 4
22 2 1
12 16 8
16 19 16
20 21 8
18 18 16
13 15 3
0 3 4
5 8 2
14 16 14
4 7 9
2 5 4
11 14 7
4 6 11
17 20 11
6 9 5
18 21 18
9 13 16
3 5 18
21 2 7
9 13 2
7 9 17
4 5 13
20 1 19
11 14 5
12 14 11
0 4 3
5 8 5
1 2 10
6 10 16
21 0 9
7 10 10
10 13 14
12 13 13
22 0 18
5 10 9
14 16 1
20 1 10
1 5 19
13 14 10
23 1 7
0 2 18
0 4 15
0 3 6
21 0 10
10 14 1
18 22 16
13 17 12
19 23 4
3 7 7
17 19 10
5 7 13
1 3 12
4 6 1
0 2 2
3 5 5
9 11 2
4 7 4
8 11 1
12 13 10
11 14 10
19 22 17
9 14 3
12 16 11
12 15 17
9 12 6
21 23 12
23 2 5
0 2 13
2 5 4
9 10 18
0 1 8
9 12 2
5 8 1
9 12 12
19 0 2
18 21 4
7 11 3
4 6 10
8 13 14
18 21 17
0 3 14
8 11 12
0 3 16
8 11 5
21 23 7
2 4 14
2 4 17
13 16 2
11 12 11
2 5 14
7 7 11
11 15 5
16 18 14
12 14 3
6 10 2
19 22 13
4 8 10
6 8 4
8 11 8
19 21 2
7 11 16
8 13 16
23 2 6
13 15 13
6 9 11
3 5 8
19 22 2
11 15 4
21 0 6
16 19 14
17 20 1
19 23 19
16 21 2
3 5 17
20 22 13
8 11 16
14 17 10
13 16 3
0 3 15
5 8 6
21 0 19
8 11 7
3 7 19
22 1 2
10 13 16
15 19 14
12 16 13
21 0 17
19 23 15
19 21 14
18 22 15
3 7 10
6 9 12
20 0 10
14 15 10
7 12 16
13 16 1
0 2 6
0 3 5
8 11 11
4 7 8
16 19 13
22 1 19
18 20 8
7 10 14
14 17 9
17 19 18
15 18 5
6 9 1
23 4 5
19 22 4
2 5 12
15 16 7
15 18 17
1 4 3
18 19 10
9 12 18
5 8 16
23 3 8
17 20 5
22 2 12
10 15 1
3 5 11
21 0 8
22 0 6
22 0 5
23 3 10
0 4 9
19 23 8
19 22 5
22 0 19
20 2 13
1 4 4
0 2 1
17 20 11
16 18 4
6 8 2
8 10 2
11 13 13
11 14 18
3 7 6
0 3 2
15 17 13
2 5 9
18 20 17
15 19 2
23 2 13
11 14 3
18 20 14
4 7 3
12 16 11
15 19 15
8 12 11
6 7 6
17 21 9
16 19 7
10 13 5
10 14 16
5 7 19
5 8 7
19 22 15
9 12 12
17 20 7
1 4 12
21 1 13
1 6 8
4 7 1
22 1 4
23 0 19
15 19 14
20 22 17
6 8 12
8 11 3
4 5 6
3 5 10
3 5 18
0 3 11
5 9 16
2 4 1
11 14 1
5 9 1
18 21 6
15 19 4
4 7 19
10 13 12
13 16 8
13 15 18
1 4 11
0 2 3
7 9 11
21 0 7
21 23 11
11 14 14
10 12 8
18 23 4
7 10 13
8 10 1
14 16 10
2 5 17
3 6 13
0 3 7
7 9 17
23 3 13
8 9 12
3 6 6
16 20 17
12 15 4
21 0 19
5 7 1
14 16 14
1 5 8
16 19 13
17 20 12
23 1 13
9 12 18
2 6 15
23 2 14
20 1 4
23 0 1
5 8 15
10 14 13
0 4 6
5 7 12
14 17 8
2 5 1
19 0 7
1 5 14
11 14 3
12 15 5
22 1 7
6 7 4
23 2 9
15 18 10
7 11 1
17 21 4
22 3 16
2 5 7
6 9 13
4 6 8
9 13 2
13 18 14
0 5 17
22 1 8
17 19 2
20 22 10
4 9 3
15 17 18
4 8 11
1 5 15
16 19 8
14 17 17
10 14 15
13 15 7
15 18 11
1 4 9
0 3 14
11 15 16
19 22 12
11 15 12
10 13 10
2 5 3
16 18 5
21 23 10
18 22 9
9 11 10
14 16 16
15 17 6
16 18 5
7 11 15
17 21 10
10 13 6
3 4 11
23 2 18
2 6 16
6 9 5
17 20 19
23 3 15
5 8 5
9 13 15
19 21 14
