1000 31
26 18 16 12 9 11 23 1 2 17 22 13 2 19 11 23 2 4 27 28 25 24 27 17 19 4 27 15 21 17 6 
14 17 16
16 18 2
2 4 8
17 20 9
23 2 19
4 6 15
2 4 12
2 3 17
5 8 26
20 22 19
10 12 21
13 17 22
0 2 14
15 18 28
19 23 11
12 16 20
2 6 31
0 3 28
8 10 8
23 3 30
1 4 17
10 14 16
2 6 8
16 19 21
18 21 7
15 17 4
7 11 3
15 19 12
3 5 21
5 8 5
17 19 6
3 6 21
11 14 10
21 22 12
5 6 12
10 14 15
20 0 31
6 9 24
22 0 5
5 9 24
2 4 16
0 5 5
15 17 11
10 14 23
7 9 1
13 14 1
11 15 29
6 9 18
2 5 21
22 0 22
8 12 26
14 15 4
5 7 19
16 18 18
13 16 1
9 12 23
12 15 28
19 21 27
7 10 7
15 17 29
22 2 24
22 2 4
20 22 25
5 9 23
8 11 7
7 14 17
4 5 25
1 4 25
19 0 20
13 15 9
8 12 30
14 18 28
1 4 19
21 0 1
18 22 27
15 16 18
19 22 8
16 19 24
7 9 4
4 6 10
0 3 3
1 6 6
2 7 12
5 6 6
3 8 31
12 16 21
7 10 27
15 18 4
12 15 13
6 9 26
17 21 20
0 3 25
15 20 4
4 7 29
11 13 15
14 16 4
7 9 17
19 21 20
3 7 17
23 2 23
17 21 11
16 17 20
23 3 8
8 12 9
8 12 19
13 17 18
0 4 13
16 18 18
19 23 23
7 9 15
16 17 7
13 16 29
0 4 18
19 0 2
17 20 17
16 17 17
11 13 17
19 22 25
11 15 31
23 1 8
10 12 24
21 1 3
15 19 12
21 0 19
6 10 4
15 16 14
4 6 30
7 10 13
15 17 11
1 1 22
10 11 24
12 15 7
17 20 23
12 15 1
21 23 22
18 20 25
21 0 31
22 3 22
16 19 11
5 7 4
4 7 24
21 0 12
21 23 15
8 12 21
14 16 16
12 15 21
17 18 29
0 4 9
2 4 9
8 12 3
19 22 11
13 16 5
10 13 24
4 7 2
1 4 25
22 0 3
15 18 18
19 22 11
3 9 7
15 18 11
9 11 7
14 17 19
13 16 11
9 12 1
10 11 6
5 9 29
3 7 28
23 1 31
3 6 12
19 23 9
0 2 25
17 18 27
17 22 2
5 8 16
22 1 13
4 7 14
20 22 20
5 8 27
9 11 18
12 16 5
18 20 3
16 18 29
12 15 10
14 18 24
18 20 17
4 7 9
0 1 11
8 11 4
16 19 31
4 5 23
5 9 15
13 16 16
12 13 14
18 21 10
2 5 15
5 8 30
6 9 28
7 10 2
19 23 5
18 20 13
7 9 11
19 22 20
22 0 6
15 15 28
22 1 5
4 10 23
16 19 20
13 17 16
23 2 7
13 17 12
12 14 23
8 12 18
8 11 29
9 13 22
6 10 18
0 4 20
5 9 9
18 21 29
11 16 26
19 0 27
22 23 6
12 13 2
16 17 20
21 2 17
17 21 23
8 11 18
13 16 15
15 17 23
11 13 31
15 19 22
9 12 28
12 14 10
21 22 31
11 14 16
3 7 10
2 6 22
18 22 11
9 11 8
17 21 1
23 2 4
11 13 13
3 6 14
15 17 12
0 3 28
14 16 16
1 5 26
5 9 13
9 13 13
20 21 18
17 20 17
23 3 6
22 1 16
12 14 5
18 23 22
11 14 27
13 14 15
5 8 6
6 10 9
19 22 4
21 0 13
16 18 7
19 22 18
18 21 31
18 19 28
4 7 15
8 12 19
18 20 16
6 10 21
9 12 15
9 12 19
9 12 14
16 19 17
5 8 24
1 5 12
8 11 4
15 19 2
0 3 2
1 3 31
21 22 17
14 16 26
3 8 17
2 8 26
4 8 10
21 22 18
15 16 20
17 20 4
16 18 8
16 19 11
2 5 26
2 5 25
18 21 19
0 2 28
5 6 2
3 5 21
8 12 28
9 11 2
12 15 15
6 7 12
12 15 14
20 23 26
12 15 5
20 22 6
22 0 5
20 22 17
20 23 15
14 18 9
14 18 7
23 4 1
3 6 14
16 18 5
14 16 16
17 22 10
5 9 10
16 20 25
19 1 19
11 14 12
1 5 7
22 2 14
19 22 3
18 20 8
16 20 29
1 4 11
21 23 15
21 2 3
15 16 5
2 4 8
10 11 30
3 6 18
5 10 15
9 13 23
0 2 17
1 5 16
10 12 28
14 17 19
7 13 3
2 4 5
8 10 16
7 10 8
10 14 21
13 15 12
5 7 26
16 18 22
23 3 28
2 6 7
18 20 13
18 21 31
11 15 21
11 13 27
17 20 7
10 13 8
12 16 26
14 18 30
9 11 12
22 0 31
23 2 18
7 10 9
12 15 22
0 5 17
13 17 30
19 23 26
21 1 13
18 21 28
22 1 16
18 21 15
5 7 29
13 15 19
13 16 26
4 8 19
12 15 9
21 23 13
2 6 16
6 8 15
2 4 8
9 12 10
17 21 20
1 4 14
10 14 21
20 22 20
3 5 31
14 16 1
1 3 28
23 1 9
11 14 19
11 14 6
14 17 23
4 6 6
14 15 9
11 13 1
16 19 1
3 6 1
2 2 20
6 8 31
21 2 31
17 19 24
17 21 5
13 18 22
7 13 25
4 9 27
22 2 23
21 22 24
17 19 14
11 13 8
9 12 27
13 17 24
2 5 3
1 3 15
2 4 30
8 10 23
10 14 8
13 17 30
14 16 13
6 8 22
5 7 13
3 5 30
13 15 29
21 1 13
17 22 26
6 9 15
7 11 6
4 8 21
21 0 29
1 5 31
12 15 9
22 1 9
8 12 18
23 3 21
21 1 14
0 1 29
14 17 27
2 6 28
20 23 17
5 9 6
1 4 12
8 12 16
2 5 20
11 15 6
20 22 2
17 19 15
7 11 26
6 11 31
5 8 14
17 19 12
2 4 5
13 17 27
1 4 3
16 17 21
3 5 24
4 7 11
11 14 2
2 4 5
22 3 5
14 17 24
17 21 31
7 10 6
22 2 12
5 9 8
14 15 11
1 3 29
18 20 22
21 1 20
12 15 12
3 5 16
11 14 16
6 9 24
15 19 29
17 19 1
20 22 13
10 16 17
22 0 27
22 2 11
19 21 2
13 16 15
12 16 15
21 0 19
15 18 9
6 9 2
11 13 15
10 15 23
20 23 26
3 5 19
19 22 27
2 6 24
13 15 2
10 13 26
13 15 25
21 0 4
0 3 4
4 10 8
14 15 11
18 20 29
18 20 15
18 22 2
10 12 8
11 13 3
8 12 23
1 3 6
17 20 19
8 11 20
9 12 9
3 5 16
12 13 27
17 19 21
8 11 24
14 16 29
18 20 30
3 6 25
6 10 10
14 15 30
8 13 14
21 0 31
8 11 24
2 5 19
13 15 27
22 2 27
8 10 31
5 8 18
7 11 28
0 2 12
22 23 24
1 5 14
15 18 31
18 22 15
10 13 17
17 22 25
7 10 8
7 10 1
17 19 13
7 10 26
11 13 21
15 17 22
15 18 19
15 18 5
8 11 14
22 1 23
22 2 14
9 12 19
19 22 30
9 13 14
18 21 15
10 14 4
4 7 19
17 18 1
12 15 14
6 9 28
10 14 27
16 19 19
18 22 13
23 1 3
22 1 29
12 15 6
0 2 11
18 20 30
2 4 31
21 23 31
4 8 14
17 21 13
14 17 11
22 1 8
3 6 29
1 4 3
12 16 18
21 1 28
4 6 18
16 19 15
14 17 23
8 11 28
0 4 20
0 4 19
14 17 2
12 15 20
13 15 8
5 9 18
4 6 6
21 23 2
6 8 19
10 12 7
8 11 24
4 6 24
16 20 18
19 22 28
2 5 17
7 9 21
11 15 24
22 2 11
10 12 7
10 14 4
16 18 1
8 13 6
2 5 3
19 23 8
12 16 18
4 8 21
9 11 31
13 16 27
3 8 24
12 15 30
16 19 23
6 9 13
19 22 20
14 18 9
11 15 16
17 19 14
18 20 23
20 0 3
21 1 12
3 5 27
18 20 17
11 13 1
17 20 25
4 5 17
13 15 30
19 22 29
12 15 13
11 14 7
0 2 23
4 7 8
18 21 25
12 15 24
16 20 9
7 10 27
4 7 4
5 8 30
7 11 25
18 21 28
15 19 26
20 23 3
23 1 7
14 18 3
15 19 25
16 18 3
16 20 8
18 22 30
6 9 19
9 12 22
22 1 14
20 22 10
11 14 8
23 1 21
23 3 31
17 21 21
23 0 6
8 10 2
13 16 26
2 5 15
11 15 23
23 3 8
7 10 22
18 20 11
3 4 10
9 11 14
21 0 2
3 6 10
19 20 22
11 14 30
11 12 18
8 11 30
17 21 1
6 11 21
7 10 10
1 6 2
11 17 29
7 11 13
7 10 23
14 15 24
13 15 12
11 15 18
8 12 8
10 14 2
9 12 17
10 11 15
21 2 20
16 18 3
18 22 23
14 17 17
11 14 28
11 15 11
14 17 4
22 0 8
12 14 9
15 17 29
14 17 11
8 10 22
7 10 19
13 17 11
7 11 14
0 3 5
4 6 6
18 21 15
4 6 29
14 16 13
12 15 20
15 19 16
0 4 29
18 20 31
14 16 26
15 16 28
21 2 5
12 16 11
17 22 9
10 15 28
0 2 8
9 10 29
20 23 6
2 4 16
21 21 23
16 19 14
4 8 15
16 20 25
3 7 9
7 11 2
18 21 6
23 2 24
2 6 21
0 3 3
7 13 8
23 2 14
2 5 18
12 15 19
5 7 7
13 18 30
18 20 27
23 2 25
3 7 9
14 15 14
4 7 5
18 21 16
9 12 25
15 19 16
15 17 8
10 14 27
11 16 12
1 5 12
8 10 8
7 8 29
14 18 9
10 13 8
7 11 12
3 7 10
12 14 19
8 9 23
12 15 6
16 19 5
13 19 16
23 2 9
10 13 4
17 20 21
15 17 3
16 19 3
2 3 5
11 14 17
7 11 13
23 2 21
11 15 27
12 14 12
14 19 25
22 1 1
9 11 1
23 0 29
12 15 4
6 11 21
16 21 3
19 23 25
12 15 26
22 1 18
21 22 3
11 15 5
14 15 11
20 23 18
21 23 30
10 12 29
7 11 8
23 1 16
21 0 4
13 16 9
17 20 23
14 16 6
11 14 27
4 6 25
18 19 10
7 9 9
3 5 3
18 22 21
2 4 4
6 10 30
8 12 3
8 11 19
5 9 24
14 18 30
9 12 8
11 14 8
16 21 11
16 19 5
8 11 17
11 14 5
9 13 29
19 22 27
20 0 14
6 8 2
20 23 22
22 1 2
18 20 8
6 10 20
20 22 1
9 14 29
14 15 25
21 23 12
12 15 24
21 1 9
16 18 7
17 19 12
1 3 23
4 7 7
5 9 27
15 19 1
23 1 18
9 12 7
7 10 28
11 13 6
21 0 7
0 2 19
2 5 12
19 21 24
2 4 24
8 11 3
21 22 9
18 20 3
4 9 17
3 5 21
22 1 28
23 2 30
23 2 5
1 3 5
3 5 21
4 8 19
7 10 17
13 17 3
22 0 26
22 2 13
18 20 1
8 13 19
20 23 5
17 20 25
0 2 21
1 4 23
5 8 1
6 9 21
19 22 9
13 15 31
13 14 10
14 18 9
6 8 24
15 18 4
14 16 14
19 0 29
14 18 9
10 13 23
1 3 16
8 13 16
5 9 19
7 8 13
17 19 14
21 23 5
11 16 18
18 22 28
6 11 17
15 17 6
0 2 9
23 3 2
0 4 30
15 19 10
18 23 31
10 12 4
16 19 2
13 16 5
21 0 10
19 22 30
11 14 13
15 19 20
3 8 23
14 18 21
6 8 4
7 10 5
12 13 29
17 19 17
1 5 4
16 19 30
17 21 18
2 7 17
11 15 21
3 6 16
5 7 19
12 15 1
10 11 9
8 10 21
16 20 22
11 15 7
3 6 5
13 16 1
0 3 20
23 1 15
15 17 28
2 5 29
11 13 12
12 15 6
22 1 25
23 1 14
19 22 11
9 12 5
16 20 15
19 21 8
21 0 28
2 3 2
17 21 19
0 2 12
17 20 18
2 4 5
17 18 31
9 13 12
11 14 15
20 0 17
5 9 20
16 19 26
23 2 28
15 18 21
18 21 23
10 11 25
5 8 29
11 13 29
22 1 19
10 12 21
21 23 16
22 1 19
1 3 14
19 20 8
18 21 2
11 14 12
15 18 16
3 5 28
3 6 5
12 16 11
13 17 23
6 8 27
22 1 7
5 9 24
17 19 30
17 21 11
9 12 28
15 17 14
3 5 17
2 4 2
15 18 2
11 14 8
8 11 29
4 7 7
22 1 9
23 2 17
22 1 2
8 12 13
20 23 4
11 13 1
14 18 3
10 14 24
14 16 27
22 0 1
22 23 2
9 11 22
9 11 21
12 13 14
13 15 12
15 16 19
21 23 18
5 7 13
23 1 10
2 5 15
8 12 8
19 22 20
2 5 27
22 1 1
8 11 12
21 0 26
4 7 26
4 7 29
2 5 2
21 0 9
0 4 14
14 16 25
5 9 5
1 4 19
8 11 13
4 7 1
4 7 21
2 5 7
13 16 31
8 11 30
12 15 15
17 21 10
18 23 22
18 20 4
13 16 6
19 23 3
