1000 30
17 22 18 23 27 1 1 28 4 28 9 16 17 16 24 12 20 27 30 25 12 9 16 11 17 10 4 4 10 23 
12 16 6
3 8 29
6 9 9
3 8 29
4 8 15
7 9 27
15 18 29
11 16 14
23 3 19
15 16 20
19 23 17
16 20 20
5 8 3
14 17 27
10 11 5
3 7 27
21 0 8
6 9 15
17 21 26
20 23 18
14 16 26
2 5 18
6 10 9
20 23 14
9 13 2
16 17 12
19 22 13
16 20 14
20 1 12
22 23 13
3 8 8
11 13 26
22 1 11
14 17 5
15 19 8
7 10 2
7 9 25
13 16 24
0 3 15
7 10 3
7 10 10
15 17 9
15 19 10
19 22 6
23 2 21
11 15 13
18 21 26
17 19 7
2 5 3
9 12 19
11 13 1
10 12 9
10 13 11
20 0 12
10 13 21
11 16 27
19 21 18
3 5 1
19 22 23
13 17 13
7 12 30
2 3 17
16 19 29
14 17 5
22 0 17
5 8 2
2 5 3
21 1 6
15 18 5
6 8 26
14 18 23
14 18 28
7 9 1
18 20 23
4 7 2
14 18 2
9 10 11
12 18 7
2 6 12
16 19 24
21 0 9
18 23 16
14 18 21
8 11 12
23 3 14
23 2 2
17 22 2
9 14 11
3 5 27
15 18 16
1 4 9
19 23 17
23 2 19
9 11 27
19 21 21
9 11 9
20 22 21
23 1 29
1 2 22
0 5 1
0 2 14
7 10 12
18 21 17
6 7 11
19 22 20
19 1 5
15 17 28
3 5 5
2 5 25
20 0 29
12 15 26
10 17 22
5 8 27
9 11 22
12 17 19
1 4 16
8 11 28
15 18 6
11 13 22
18 20 27
5 9 19
13 15 20
23 0 10
15 20 25
9 13 16
12 17 13
10 13 8
10 12 5
13 16 4
23 3 22
9 12 24
7 10 11
9 11 28
22 1 7
8 12 12
12 13 23
8 12 2
0 3 30
23 1 29
7 8 1
0 4 25
10 13 20
0 4 28
23 1 16
21 23 19
18 22 21
1 2 11
5 9 19
23 3 25
20 22 20
4 7 27
15 18 30
9 13 21
12 15 11
9 14 15
5 9 6
0 4 26
19 23 28
12 17 11
14 17 12
7 11 18
13 17 23
4 7 11
18 19 8
2 6 17
23 2 16
11 15 17
3 6 26
2 4 28
23 3 13
0 2 11
13 16 17
10 13 17
21 23 29
12 15 4
23 0 4
23 3 8
18 22 27
19 22 2
22 0 27
16 19 5
18 21 6
7 9 24
17 20 25
6 9 29
14 18 2
12 14 15
11 14 27
4 8 18
2 5 23
13 16 19
13 17 30
23 2 20
1 4 24
0 3 24
4 8 25
6 10 4
15 19 18
5 8 8
23 1 1
11 14 12
1 3 27
7 9 25
1 4 25
5 9 30
14 16 15
18 21 16
9 10 26
15 17 13
12 15 7
15 19 25
17 18 22
10 12 6
10 12 13
21 0 26
22 1 25
15 18 4
3 7 15
20 2 28
19 23 19
5 7 23
16 19 30
0 2 28
1 5 25
21 21 14
0 3 27
19 21 16
17 19 11
1 5 11
6 11 29
3 6 4
23 2 15
9 11 4
22 1 26
22 2 3
9 11 18
14 16 22
0 2 3
20 23 3
13 15 15
3 5 11
19 22 16
17 21 11
6 9 2
23 3 18
18 20 11
15 19 25
3 6 14
15 18 8
8 11 7
7 8 27
13 15 23
2 4 2
14 17 28
18 22 1
9 10 26
11 14 19
23 1 25
12 15 26
4 9 29
7 9 9
19 22 21
20 0 27
20 22 1
7 11 18
11 14 28
23 2 29
2 5 10
14 18 24
0 5 6
14 18 23
21 0 12
7 11 11
10 11 1
8 11 25
8 13 18
12 15 25
21 0 30
18 19 26
23 1 19
1 2 5
21 23 22
0 2 27
23 0 8
22 23 1
13 16 24
6 8 7
3 7 10
5 8 19
16 19 14
20 0 9
17 21 1
22 1 13
3 6 19
19 23 12
12 15 1
23 1 16
14 19 6
20 0 19
19 22 9
22 0 1
17 20 5
5 8 17
20 23 26
15 18 3
5 9 1
17 21 16
22 1 19
5 8 15
18 20 28
4 6 16
13 15 3
16 21 5
12 16 8
11 16 15
13 17 23
8 11 7
18 21 24
16 20 13
15 19 13
2 5 8
23 1 15
19 22 30
17 21 12
15 18 3
9 11 3
7 9 4
11 15 20
2 6 27
10 14 28
13 17 5
8 13 29
15 18 15
20 0 16
5 9 30
5 7 15
7 8 27
2 6 29
12 14 4
20 22 5
1 6 14
20 22 13
0 4 7
2 3 16
2 6 20
6 8 26
7 10 23
21 0 1
13 15 15
22 3 28
6 9 7
5 6 12
15 18 14
8 10 14
6 9 11
11 13 12
9 13 24
11 14 18
12 16 6
20 22 7
0 4 21
23 1 9
0 2 14
11 13 3
22 1 26
17 20 10
21 0 21
22 1 17
1 3 9
22 2 15
3 5 4
23 3 29
1 5 10
16 21 22
6 9 28
2 5 3
17 20 5
19 23 28
4 7 24
13 16 1
15 15 3
2 4 23
20 0 28
16 21 1
8 11 1
16 20 27
18 23 19
19 22 18
21 0 12
10 12 26
3 7 19
16 18 23
21 1 29
7 7 7
8 11 22
13 18 19
19 0 5
14 18 9
3 6 27
4 8 1
5 8 24
6 8 9
14 16 29
22 2 7
23 1 29
1 4 14
12 14 30
23 2 20
1 4 15
13 15 7
7 12 12
2 4 7
11 14 11
21 1 4
8 11 13
13 16 27
14 18 26
0 3 12
6 8 1
14 18 2
12 14 2
23 3 26
17 22 2
4 10 18
5 8 2
4 7 5
15 18 4
12 17 30
20 1 7
16 18 2
11 13 5
2 5 29
11 15 20
8 11 7
15 18 3
5 8 20
2 5 15
17 20 18
0 5 10
4 6 23
9 12 30
16 20 26
17 22 18
3 7 9
6 9 4
22 23 5
5 8 9
23 0 2
14 16 8
16 20 18
5 7 15
23 5 17
5 6 24
13 16 23
16 19 24
9 12 23
2 4 20
19 22 28
23 0 28
0 4 30
19 22 28
11 12 6
18 20 15
7 10 8
23 3 25
8 10 16
23 4 22
18 21 8
10 11 28
16 17 28
7 8 2
16 21 4
6 10 25
9 13 19
2 5 8
14 18 7
16 19 27
9 12 2
11 14 24
23 3 7
18 22 19
6 9 16
16 18 22
11 13 30
4 6 19
1 3 22
15 18 28
3 6 30
5 8 14
14 18 4
1 5 14
18 20 1
8 12 8
17 19 26
20 23 7
19 21 25
11 13 26
12 13 28
12 16 3
16 18 4
11 14 29
11 15 21
14 16 27
19 22 7
0 3 2
16 18 16
6 8 29
18 21 11
1 3 27
16 20 18
13 15 13
9 12 27
4 7 28
19 20 5
4 7 9
23 2 10
20 22 27
4 7 30
8 12 7
22 0 19
14 17 23
14 17 22
16 20 20
5 8 30
3 7 3
23 1 20
7 10 28
22 2 6
15 16 22
14 17 23
16 18 16
19 21 2
1 3 28
14 17 8
15 17 4
6 9 12
7 10 30
15 19 9
2 6 30
2 5 21
10 13 16
2 5 8
21 23 5
22 1 10
5 8 16
20 23 30
2 4 30
1 6 23
15 18 27
14 18 2
19 23 3
9 13 26
8 12 30
2 6 10
16 19 28
8 12 4
10 13 18
17 19 8
21 3 12
13 17 10
7 8 22
20 0 2
5 8 18
14 17 1
5 8 1
23 3 5
14 15 11
21 0 22
16 19 27
18 21 2
21 23 21
1 4 14
16 19 24
15 19 12
2 6 25
13 16 23
3 7 15
20 22 29
3 6 24
8 10 26
22 2 20
14 16 3
8 11 6
10 11 1
21 23 5
21 0 30
8 11 15
7 9 25
23 1 9
17 20 30
13 16 8
11 14 16
3 6 17
23 0 24
22 2 3
6 9 7
2 6 10
15 17 29
21 1 30
0 3 12
17 19 30
4 7 26
19 23 22
19 21 7
20 22 27
10 12 22
2 4 10
15 18 30
10 11 10
0 2 11
20 23 22
6 8 10
23 1 13
18 23 13
10 12 9
19 19 4
18 21 14
1 6 19
9 12 12
22 2 1
16 20 21
1 4 21
17 21 12
12 14 11
15 18 6
17 21 8
0 4 30
3 6 9
16 19 20
8 11 2
21 0 4
16 19 24
1 4 9
9 13 10
21 23 26
11 14 22
7 10 3
1 5 21
17 22 8
22 2 26
12 15 16
13 18 18
6 10 29
0 3 3
18 20 20
11 14 14
21 0 3
2 4 26
1 3 13
8 10 28
23 3 14
8 12 10
17 20 26
6 9 25
16 20 11
10 15 4
17 22 25
5 10 29
21 0 28
4 7 28
3 5 13
1 5 14
1 4 1
8 12 17
16 19 26
7 11 24
11 14 1
12 14 3
7 10 5
11 13 14
1 6 23
13 16 13
5 8 8
8 11 30
17 20 14
10 10 12
16 18 26
4 7 3
5 7 20
1 4 30
9 13 28
0 2 25
13 16 27
1 6 24
11 13 27
3 6 8
5 7 9
0 3 27
6 9 1
20 23 8
7 10 9
22 0 6
11 16 16
6 9 12
6 10 20
19 23 28
16 18 1
16 19 20
1 5 13
22 1 14
1 3 16
6 8 3
1 5 25
10 13 6
3 6 6
15 18 1
15 17 24
18 21 15
2 4 11
15 19 15
12 14 20
22 1 19
12 14 21
6 9 10
13 18 30
9 10 24
14 16 18
2 6 20
1 4 20
21 23 28
22 1 8
10 13 8
10 11 20
12 16 15
7 11 5
6 9 10
23 2 30
3 6 1
5 7 21
10 13 25
20 23 10
23 2 19
1 4 15
14 17 20
3 8 2
0 2 6
8 12 13
5 6 27
11 16 15
14 16 30
10 12 7
5 10 12
16 19 18
21 23 30
7 9 10
3 7 1
8 11 6
20 22 11
16 19 8
7 9 13
12 15 20
13 16 18
9 12 28
0 1 30
11 13 3
23 2 20
0 3 23
21 23 6
21 0 5
1 1 18
4 6 13
11 14 14
3 7 4
21 1 24
22 0 4
19 22 14
16 19 1
0 5 9
8 10 12
6 7 28
15 17 12
3 7 15
13 15 10
8 14 22
15 20 1
14 17 6
15 18 29
17 21 10
1 3 15
14 15 1
4 6 14
4 7 8
18 21 8
8 9 12
23 1 12
0 3 24
9 12 18
9 11 5
7 11 8
6 10 5
6 9 17
2 6 3
22 2 26
1 4 5
10 13 17
16 19 5
8 12 21
2 5 10
9 11 23
11 16 24
17 21 29
2 4 30
12 14 11
4 7 17
7 11 7
0 5 20
12 17 12
12 13 1
21 0 1
22 0 10
8 11 30
10 11 7
22 1 7
21 22 1
9 13 3
1 2 22
20 23 30
9 13 3
12 16 7
5 7 7
17 18 23
9 11 4
7 10 7
18 21 11
17 20 15
6 8 5
11 14 17
1 3 20
10 11 24
1 3 11
17 20 27
12 15 14
18 20 28
5 9 14
22 1 4
2 6 9
6 8 22
6 9 11
23 2 23
7 11 8
23 1 21
13 17 20
2 4 7
11 15 6
0 3 27
17 21 5
0 4 19
18 21 8
11 12 28
9 12 6
20 23 15
11 14 6
22 1 20
5 9 28
3 6 19
8 9 21
8 9 22
23 2 26
14 18 18
2 6 28
16 20 18
12 15 21
12 15 11
6 9 29
3 6 17
13 17 21
3 6 10
8 12 16
21 0 27
3 6 21
0 3 6
22 0 9
9 13 11
15 18 18
17 19 25
21 0 9
17 20 21
7 8 8
13 16 17
20 1 18
5 6 12
20 23 19
8 10 6
12 16 15
6 9 26
23 2 29
9 10 10
15 18 17
22 3 25
21 23 17
5 8 19
18 22 2
23 1 9
22 0 13
1 3 15
4 6 22
14 17 2
6 10 2
2 5 16
9 12 16
5 10 18
21 1 9
21 22 4
4 7 29
2 5 8
13 16 28
23 3 5
9 12 22
18 20 1
13 17 23
1 4 26
22 2 29
6 7 9
16 17 11
11 12 13
18 22 9
16 19 18
8 10 14
22 1 29
0 3 4
4 6 30
19 23 11
14 17 18
1 3 16
1 6 28
3 3 15
8 11 13
15 17 23
10 13 12
14 17 18
15 18 6
10 13 6
16 21 3
3 7 4
18 23 13
21 23 8
4 6 15
17 19 11
0 5 9
11 15 22
22 1 5
5 9 16
4 5 21
15 19 12
15 18 15
15 19 30
11 14 9
11 13 29
3 6 10
0 4 29
5 8 25
9 12 17
13 16 2
17 20 11
14 17 16
6 10 25
4 8 1
9 13 24
12 16 17
22 2 2
1 3 6
11 13 28
6 9 14
19 22 23
19 21 10
2 4 29
16 18 19
8 11 8
12 16 23
20 23 5
1 5 6
13 17 27
22 2 27
10 13 17
1 5 4
2 5 10
21 23 7
5 8 30
7 9 30
4 7 27
4 8 10
7 11 7
1 3 16
23 3 17
17 20 7
11 12 6
17 20 9
8 12 9
19 0 21
23 6 6
22 23 14
23 2 28
7 12 26
10 14 24
8 11 14
2 6 15
17 20 23
9 12 11
1 4 15
15 19 6
