3000 48
8 45 6 42 11 40 5 43 6 24 9 3 13 22 10 3 22 1 16 7 28 11 37 25 46 39 42 36 1 19 10 11 9 17 36 5 19 23 41 47 30 22 40 11 21 14 29 44 
10 13 5
8 12 41
0 3 3
7 10 1
8 11 16
21 1 38
22 1 16
13 15 44
2 5 12
0 3 16
7 11 31
11 16 3
10 12 35
15 18 9
14 17 43
11 14 48
13 17 38
2 6 24
17 19 37
10 13 37
8 11 43
3 5 40
8 10 47
21 0 28
14 17 19
4 6 39
13 16 34
1 5 26
4 7 3
15 17 21
2 6 32
0 4 26
7 11 10
9 11 46
3 7 42
3 5 41
11 13 6
10 12 46
16 19 44
17 20 7
9 12 1
7 8 39
12 16 17
9 11 46
0 4 45
0 2 39
18 21 6
12 16 39
21 1 6
17 20 18
21 1 34
9 12 9
20 0 30
1 3 48
15 16 44
18 20 16
11 14 35
8 11 3
15 18 16
0 3 6
9 13 41
20 22 42
23 2 15
13 17 34
21 0 31
19 22 45
17 21 17
0 2 31
16 19 20
12 14 16
22 2 25
13 14 35
23 2 8
3 6 2
3 5 41
12 15 22
7 10 27
22 1 36
12 17 31
9 10 30
19 21 38
17 21 19
12 15 11
7 10 33
13 15 14
12 16 38
5 8 4
11 14 45
2 5 42
13 17 46
10 13 7
18 21 4
7 9 40
6 8 31
9 12 29
2 3 31
17 19 3
13 15 36
23 1 40
8 11 19
11 14 21
21 0 30
15 19 41
22 1 22
21 1 38
18 21 22
20 23 14
4 7 28
14 17 41
19 23 33
10 13 35
2 7 35
21 23 8
9 11 42
3 6 34
22 0 17
6 9 18
15 19 24
18 22 11
20 21 40
1 4 39
8 11 38
21 22 23
3 6 3
7 11 46
15 17 6
16 16 35
10 12 2
4 7 16
22 2 3
1 4 18
7 13 44
8 12 27
7 9 15
16 19 27
10 12 14
3 6 30
18 21 14
21 2 46
15 18 30
9 12 34
10 13 18
2 7 30
4 8 9
3 7 40
22 1 20
12 14 45
11 13 45
17 20 3
12 13 48
7 10 33
18 19 2
0 2 5
21 0 12
6 9 21
23 0 6
11 13 27
16 20 28
15 18 13
0 5 1
15 18 3
10 12 17
2 4 22
16 20 20
18 19 26
2 7 43
13 15 29
6 11 1
7 11 42
21 0 40
22 1 8
14 16 4
2 4 26
4 6 26
18 22 48
11 16 40
6 8 41
18 21 48
16 18 28
16 20 12
16 19 41
18 23 31
18 23 16
19 21 9
15 18 42
9 12 28
15 19 2
23 2 26
18 23 1
18 19 41
5 8 3
4 6 8
23 1 7
10 14 40
19 21 20
10 13 4
8 10 29
4 9 16
22 1 26
4 8 1
10 14 13
11 14 41
6 7 40
14 18 8
0 2 29
0 2 21
14 16 8
22 1 16
4 7 12
10 15 22
8 11 35
8 12 12
13 17 12
6 10 20
12 16 22
20 22 24
16 20 34
15 17 27
19 22 3
9 11 46
21 2 14
17 21 20
22 1 1
16 19 1
18 21 14
16 18 12
18 20 11
21 0 25
13 16 29
4 6 46
23 4 20
22 1 35
3 7 1
15 19 17
7 9 39
11 16 10
22 5 3
9 12 16
1 3 4
9 11 38
16 20 8
3 6 9
13 15 8
21 22 27
5 7 19
18 20 9
15 19 34
14 18 39
20 0 17
23 2 6
5 9 33
16 20 9
22 1 33
19 22 25
21 1 37
21 23 9
23 2 11
7 11 13
23 3 13
5 7 7
15 17 47
18 21 40
19 22 36
9 11 44
16 20 28
15 18 31
11 14 16
4 7 37
3 4 8
14 16 31
18 21 30
16 19 33
18 21 12
9 13 4
13 16 47
0 3 10
9 12 38
14 15 35
6 9 33
2 5 42
1 4 42
17 19 22
15 18 11
4 7 35
6 8 6
22 0 8
11 14 46
21 0 23
23 3 14
21 1 19
20 22 14
20 22 22
2 4 23
5 7 2
10 13 27
9 14 4
8 11 14
19 21 41
23 2 39
11 15 47
7 10 17
12 14 8
0 3 37
17 19 14
0 3 43
19 21 1
22 0 36
8 11 6
14 18 24
14 17 5
11 15 8
12 16 40
1 3 33
17 20 6
2 3 39
16 19 30
10 15 3
21 2 28
23 2 26
22 0 27
13 16 26
6 7 18
20 23 46
12 14 26
4 7 20
2 8 16
18 22 44
14 18 27
4 9 3
3 5 37
13 18 40
9 14 30
7 12 2
3 6 3
10 11 43
2 4 12
17 20 38
23 5 25
3 5 2
14 17 22
3 6 13
20 21 25
21 0 15
20 22 44
16 20 3
19 21 35
0 3 14
18 19 15
13 15 45
15 16 16
11 13 27
6 9 15
16 20 4
10 15 34
23 2 25
2 4 40
10 13 45
3 6 42
22 22 20
8 10 15
0 3 8
20 23 29
15 19 23
14 18 3
22 2 3
5 7 32
6 10 1
9 12 31
10 14 34
3 4 43
11 14 31
7 10 1
21 0 2
12 15 31
10 12 9
7 11 22
2 5 7
6 10 11
18 21 22
13 17 45
6 8 8
3 4 39
4 6 4
18 18 13
0 3 9
1 3 7
4 8 25
16 18 9
23 1 36
12 14 2
10 14 20
6 9 18
10 13 21
8 11 35
7 10 46
9 12 31
10 14 1
16 18 10
18 21 7
19 1 36
0 3 28
12 16 34
2 6 42
3 6 20
2 5 38
1 5 17
23 1 47
2 6 22
11 12 27
1 4 47
12 16 14
5 7 9
22 1 28
19 22 42
20 23 7
19 21 19
21 0 6
2 8 11
5 9 27
7 11 22
11 14 44
23 2 47
19 23 1
19 20 26
13 16 2
16 20 5
16 20 30
20 22 31
8 8 23
23 3 12
9 12 7
17 18 27
10 13 40
10 13 24
10 13 17
12 16 4
22 2 37
14 18 29
16 19 10
9 13 39
18 21 20
7 10 27
22 0 6
9 11 18
16 19 4
9 11 34
20 21 21
20 23 37
6 8 46
18 22 7
8 11 25
9 12 44
6 10 43
5 9 40
0 3 48
11 14 40
21 23 30
13 17 6
22 3 41
17 19 24
17 21 27
14 16 41
8 11 36
21 23 40
12 15 45
15 18 3
12 15 4
21 2 1
14 19 36
12 15 25
18 21 4
23 3 46
2 4 41
6 8 14
3 6 20
6 8 42
4 5 23
22 0 33
17 20 42
21 2 37
7 9 38
15 18 15
12 14 20
16 18 22
13 15 20
7 11 45
3 5 1
21 23 35
9 12 22
5 7 33
19 23 17
5 9 15
6 11 5
23 2 24
21 0 11
14 18 16
9 10 36
5 10 39
16 19 10
5 8 23
13 18 47
0 2 15
18 20 45
22 0 27
18 0 43
5 9 42
20 0 37
9 11 23
15 19 10
6 9 46
20 23 42
16 19 19
3 5 18
0 3 3
15 19 12
11 13 10
4 7 4
4 9 42
15 18 39
15 18 11
7 9 42
4 8 44
21 1 1
5 8 10
17 21 22
4 8 2
12 16 29
22 1 18
17 21 12
9 12 22
11 13 17
9 13 29
23 2 27
4 6 16
14 16 21
18 19 35
1 5 21
0 1 35
22 1 34
18 19 48
9 11 19
3 6 48
14 17 32
9 14 33
6 8 13
10 13 5
19 22 5
13 16 22
7 12 42
16 17 37
12 15 34
0 4 33
4 7 41
22 2 4
11 16 25
2 4 25
23 4 41
19 23 48
7 11 16
19 22 25
14 16 40
16 21 27
13 17 31
12 15 40
9 11 2
22 0 8
14 16 34
15 17 5
16 18 48
11 13 34
13 17 20
18 21 3
14 17 6
14 17 14
20 23 33
6 10 11
3 6 33
5 7 17
10 14 37
23 1 29
18 20 2
10 13 6
7 8 12
5 8 45
1 4 34
22 1 7
18 21 32
8 10 48
18 21 28
11 14 20
2 4 21
19 22 12
20 23 16
0 4 47
3 7 44
14 16 32
9 13 7
10 13 8
5 10 12
9 13 12
19 22 8
5 8 3
5 10 14
12 15 28
9 13 39
10 13 26
7 10 34
12 16 4
6 9 30
21 2 31
19 23 30
5 7 43
11 15 30
8 11 32
0 1 33
14 19 45
11 12 38
23 1 12
9 11 39
4 7 7
21 1 12
23 2 37
10 11 26
12 17 44
15 16 4
4 6 3
16 18 14
22 0 32
12 14 32
15 18 21
19 21 16
17 20 24
11 13 44
10 12 47
17 20 13
9 11 43
3 7 38
7 9 18
1 5 42
3 5 39
14 17 47
21 1 33
9 12 18
8 12 18
0 3 46
10 12 33
21 1 29
0 2 39
22 0 48
3 4 32
0 2 1
5 10 3
21 23 26
14 17 17
0 3 32
21 0 35
8 11 18
5 9 2
9 12 4
5 8 12
21 1 11
21 0 32
17 19 7
23 2 20
17 19 42
10 14 15
0 2 31
23 2 2
12 14 30
15 18 30
13 17 4
22 1 35
16 19 32
18 20 1
10 14 18
2 5 48
14 16 27
8 11 4
8 10 25
3 7 31
0 4 32
18 21 25
23 1 12
3 6 46
21 0 41
19 21 46
6 10 13
12 14 7
13 17 21
1 4 18
21 0 9
22 3 2
9 13 33
11 15 32
8 12 38
8 12 12
12 15 2
20 23 43
15 20 1
17 21 7
23 1 16
0 3 13
6 11 23
14 16 44
21 0 7
23 1 1
14 17 38
11 13 39
13 17 20
10 14 32
0 4 18
0 4 46
10 14 47
7 11 38
3 6 10
9 12 48
11 15 17
13 17 10
15 20 16
20 22 4
16 21 31
14 18 47
8 10 24
18 20 40
13 16 30
11 14 28
20 21 8
10 12 28
15 17 18
3 6 42
13 16 47
11 14 12
13 15 36
11 14 20
10 9 29
22 1 1
22 2 27
8 11 44
13 17 2
20 0 36
22 1 16
18 19 30
17 20 48
21 23 1
20 0 7
11 13 46
22 0 9
18 21 37
16 18 42
9 12 13
16 20 21
16 18 20
9 11 2
14 17 16
19 22 16
3 7 48
19 21 44
10 13 47
2 4 44
11 15 31
13 16 18
18 20 4
10 14 42
0 3 20
19 23 39
9 12 40
16 19 24
11 13 34
20 23 4
20 23 46
2 5 39
6 9 43
7 9 20
6 10 42
3 7 35
21 1 30
9 11 18
0 4 8
4 6 22
18 22 13
15 19 33
11 13 47
0 3 22
3 5 46
7 10 18
1 5 1
18 20 33
9 12 41
22 1 16
5 9 8
6 9 38
7 10 14
0 3 18
12 15 37
18 22 46
15 18 32
5 10 30
8 10 7
7 10 38
1 3 25
18 20 38
2 3 48
16 20 31
11 13 27
21 23 25
9 13 46
0 4 40
19 22 21
15 18 30
21 23 14
6 12 34
15 18 19
17 20 39
5 9 32
4 6 21
23 3 45
22 1 7
21 3 44
13 15 14
11 13 21
4 6 29
11 14 36
7 12 12
21 22 31
21 0 36
3 4 11
16 20 25
21 2 11
0 2 46
10 13 1
15 17 35
22 1 33
5 7 22
6 11 39
1 4 11
11 14 11
7 10 43
5 9 35
21 3 8
13 16 17
8 11 48
19 22 9
18 20 25
11 13 9
14 15 34
14 18 17
13 18 33
3 6 31
11 14 11
7 10 36
23 23 35
20 22 14
22 1 24
19 22 33
3 5 11
11 13 10
12 14 43
4 8 14
21 0 31
0 3 9
16 20 24
21 23 41
6 9 30
14 17 13
17 20 20
8 10 13
0 2 16
17 19 24
14 18 39
17 21 25
11 15 10
1 5 4
10 12 10
8 13 2
11 13 6
17 19 45
14 16 21
14 15 19
5 10 46
15 19 24
5 7 24
20 0 18
15 18 45
21 0 26
22 1 16
18 21 36
13 16 2
2 3 19
13 13 4
12 15 39
6 8 16
5 8 25
20 23 48
4 7 45
0 2 41
21 0 12
3 6 31
16 18 3
16 18 14
2 3 45
10 14 4
10 16 17
2 7 15
9 12 30
11 15 1
12 14 2
14 17 23
3 7 15
0 3 30
20 23 27
16 20 20
23 1 28
18 21 31
18 21 15
11 14 24
2 7 14
17 19 4
17 21 27
18 20 47
20 23 10
15 19 15
3 7 27
3 6 3
0 2 41
1 2 13
4 6 14
15 18 35
5 9 3
0 4 35
2 5 13
16 19 5
11 14 4
11 15 5
14 17 29
3 6 47
7 10 30
22 2 14
14 15 2
20 1 3
18 21 42
2 5 41
6 9 41
21 0 9
17 20 47
5 5 4
6 9 29
20 1 33
7 12 16
15 18 4
13 16 39
1 5 31
15 18 2
0 5 31
21 0 10
1 5 29
5 10 25
1 4 29
22 2 44
20 1 32
5 7 35
22 2 5
23 3 6
2 5 10
19 22 16
15 19 35
16 20 21
14 17 47
20 0 18
15 20 34
12 16 22
13 15 6
13 15 20
10 13 16
14 16 34
5 6 47
12 13 30
7 9 4
14 16 35
0 1 33
2 5 40
6 7 17
13 18 2
17 20 18
5 9 5
8 9 36
10 13 42
5 8 19
3 7 36
7 10 13
13 15 31
17 19 17
7 10 19
20 23 29
22 2 21
14 18 21
16 18 31
11 13 36
14 17 46
14 18 47
21 0 18
0 2 30
23 2 14
21 1 3
10 14 2
8 11 33
12 17 2
14 17 29
23 2 9
9 12 34
18 21 19
17 21 32
18 22 27
13 16 42
2 6 45
10 14 37
4 7 32
18 21 27
17 19 29
3 6 8
18 21 9
10 12 2
6 9 45
11 13 31
10 12 17
16 18 37
18 19 22
13 17 39
21 0 19
13 15 5
15 17 37
1 6 14
0 2 43
23 1 35
21 23 33
5 8 19
22 1 37
18 22 10
22 0 31
10 14 36
18 21 48
4 8 3
15 18 32
7 9 12
5 9 6
20 22 46
16 20 1
10 14 8
12 13 31
17 21 7
9 11 28
1 4 13
23 2 34
13 17 1
10 14 12
18 21 2
8 11 11
11 14 43
11 14 42
11 15 13
9 12 11
10 13 6
7 11 16
2 5 46
3 7 42
22 2 44
0 3 2
14 18 35
18 21 16
0 2 6
22 3 30
10 13 7
13 16 28
9 13 25
18 21 13
17 20 35
17 20 35
2 5 38
11 16 2
8 11 37
14 15 42
19 22 44
20 22 24
7 10 29
4 8 8
14 18 47
20 23 39
8 14 19
7 10 22
3 6 36
17 18 48
14 18 39
1 4 31
9 12 23
16 19 22
4 6 7
23 3 40
21 0 32
14 15 18
12 17 21
9 14 44
21 0 5
19 22 29
18 23 14
8 10 37
1 6 35
8 10 41
18 21 2
22 2 29
17 20 18
1 5 43
21 0 8
18 22 42
3 7 20
17 19 48
5 8 15
22 1 2
16 18 21
16 18 17
1 4 22
16 17 33
17 21 38
6 10 9
7 10 44
17 20 10
17 19 28
18 21 28
11 15 31
3 7 22
23 3 12
11 15 15
7 11 24
3 4 1
19 20 48
17 20 7
7 9 21
7 10 27
15 18 25
16 18 12
17 20 15
8 12 6
8 12 1
8 10 16
20 22 36
21 1 6
3 7 1
10 12 17
16 18 38
14 19 11
3 7 43
23 1 3
14 17 43
3 6 23
15 19 2
7 10 45
7 11 4
20 22 22
11 14 13
16 17 7
22 2 23
16 15 35
11 15 11
6 9 4
1 3 45
6 10 27
8 13 39
3 5 41
13 17 8
5 8 38
8 11 18
5 6 10
2 8 4
2 5 3
21 0 5
6 8 34
13 16 19
2 3 5
5 7 5
22 2 2
18 20 13
18 22 20
9 13 10
13 15 13
14 17 41
3 5 9
16 19 22
23 2 27
19 21 43
0 2 47
7 10 41
19 21 5
8 10 43
19 22 31
17 20 16
0 3 4
0 3 39
0 3 28
18 20 47
22 23 39
0 1 46
11 14 10
0 3 14
8 12 37
15 16 14
17 21 44
13 14 27
0 2 6
6 10 44
3 7 34
23 3 47
23 3 41
20 23 11
13 15 2
16 19 24
12 13 28
18 21 3
21 1 1
9 11 32
1 3 37
12 15 24
2 5 25
23 2 11
22 2 26
21 23 40
2 5 22
9 13 22
18 21 29
15 18 44
15 18 35
11 16 29
15 18 1
14 19 11
7 10 37
5 8 34
3 6 21
1 3 44
18 22 27
9 12 2
9 11 20
10 12 1
14 15 25
14 17 47
19 23 9
19 21 34
5 7 42
5 8 47
21 1 13
3 7 41
16 19 26
20 23 38
15 19 2
22 1 46
13 17 43
8 10 35
18 19 45
11 13 43
16 19 2
22 2 21
10 13 48
4 7 35
1 5 3
8 13 24
12 14 37
0 3 42
0 2 30
11 14 46
21 0 38
3 6 47
22 1 32
17 20 44
15 19 24
20 1 29
6 9 1
7 11 33
0 4 5
4 5 28
18 22 2
20 0 9
5 8 4
1 4 19
22 1 48
14 16 41
14 18 7
9 12 41
23 3 29
0 2 16
19 21 15
17 19 32
15 16 35
10 13 14
16 20 19
9 13 42
10 12 10
22 1 30
3 7 41
10 13 46
12 15 13
18 23 6
8 9 47
5 8 23
9 11 37
21 23 46
5 8 15
8 10 14
21 23 6
10 12 17
12 14 44
17 20 48
7 9 37
0 2 3
15 18 43
18 21 36
20 23 34
7 11 2
22 0 24
10 12 42
11 14 21
19 21 19
20 22 9
19 21 4
13 17 33
3 5 43
11 16 30
0 5 28
0 3 32
16 18 32
1 5 6
3 6 5
11 13 27
5 8 4
10 13 32
14 18 9
22 1 37
3 7 22
6 9 40
21 0 46
12 14 11
3 5 37
7 10 22
12 15 25
23 3 26
13 16 17
16 19 33
14 18 43
22 2 32
11 13 31
18 20 20
3 5 29
5 8 2
23 3 16
2 6 34
23 3 22
13 16 29
15 19 31
21 0 2
20 22 30
2 6 48
10 12 44
20 0 8
22 1 46
15 19 9
11 14 12
9 10 41
19 21 9
10 13 27
7 10 13
17 20 35
6 10 43
22 0 3
4 7 10
6 8 15
20 0 26
15 19 9
17 20 41
1 3 6
5 8 11
10 14 40
13 16 22
15 18 33
10 13 42
1 4 12
21 1 29
22 0 42
23 2 15
11 14 13
6 7 34
8 10 45
20 23 16
10 13 15
16 18 15
0 4 14
5 6 29
4 7 1
14 17 16
2 5 33
2 5 2
0 3 3
1 4 40
3 6 39
9 12 9
9 13 14
1 5 33
23 1 37
5 7 22
15 18 34
16 19 14
8 11 13
3 6 35
16 19 26
6 11 42
2 5 34
13 15 44
5 7 47
14 18 10
3 7 20
15 18 22
14 19 7
20 0 3
5 8 6
12 16 12
15 18 6
15 17 42
5 9 11
1 3 30
1 3 32
21 23 37
16 18 1
8 11 29
20 23 47
21 0 47
22 2 3
5 9 45
7 10 48
12 15 44
5 9 8
3 6 14
11 13 36
5 9 5
15 18 14
20 23 36
3 5 13
5 7 16
6 7 31
23 2 9
13 16 29
11 15 13
4 8 39
9 11 45
15 19 27
5 7 46
1 5 16
23 2 33
16 21 7
13 16 42
5 7 11
8 12 40
22 1 9
10 14 26
23 1 18
20 22 17
1 5 22
2 7 8
3 6 31
1 3 27
9 11 28
11 14 26
0 4 44
7 11 40
20 23 24
23 3 9
0 3 17
20 22 15
5 7 2
16 19 44
7 10 48
8 10 32
4 7 47
0 3 37
4 6 29
14 18 32
9 12 47
18 20 45
8 11 9
22 1 5
20 23 31
19 21 40
12 15 38
5 7 25
11 15 35
2 3 14
22 2 18
15 16 29
17 21 42
10 12 26
7 9 6
21 0 33
14 17 38
23 1 35
0 3 28
10 13 38
17 19 31
2 4 27
17 19 40
10 13 39
6 9 17
19 22 35
18 20 3
15 16 12
21 0 27
22 1 47
9 12 35
6 7 6
13 15 13
17 20 36
3 3 42
8 11 19
21 1 13
6 9 47
8 10 18
15 17 25
9 12 43
20 0 31
12 15 48
19 22 25
1 5 11
4 10 38
15 20 40
11 13 2
7 8 1
23 4 5
19 23 26
17 21 46
10 13 31
10 14 34
3 6 38
13 16 41
2 6 1
8 11 3
23 2 25
14 17 15
20 21 4
11 14 1
1 4 36
20 22 10
18 21 40
13 15 18
6 9 21
15 19 19
12 15 26
22 0 12
9 12 33
3 6 39
11 15 47
12 14 32
0 0 28
2 6 27
15 18 47
12 16 18
21 22 21
23 3 15
2 4 16
16 19 38
22 1 13
7 11 42
13 16 27
0 4 13
15 18 11
20 23 18
7 11 27
4 7 21
10 14 32
11 13 30
5 6 22
13 15 13
17 21 40
8 11 29
4 7 36
19 1 8
17 21 38
4 7 26
2 5 14
3 6 7
23 2 31
17 21 9
10 13 33
17 19 23
12 15 7
17 19 12
13 15 25
7 10 42
20 23 17
15 20 35
2 4 42
2 4 46
10 13 32
22 0 21
22 23 30
8 12 30
19 20 23
0 2 30
4 6 41
13 16 8
9 12 45
23 1 31
8 11 22
10 12 47
16 19 36
9 12 29
19 23 25
22 0 28
12 14 23
8 12 23
11 16 28
2 5 41
5 7 10
1 4 13
2 5 15
13 15 36
13 16 25
23 4 20
5 8 41
16 19 21
13 18 25
0 3 5
8 10 39
20 22 29
13 14 35
6 10 28
23 1 4
18 20 21
19 21 18
15 18 40
1 4 4
0 3 36
5 10 7
4 6 19
7 10 29
7 10 6
14 18 43
14 18 11
9 12 39
2 5 37
13 17 4
21 0 5
16 20 31
16 18 3
1 4 33
12 14 15
15 17 26
0 2 9
2 5 4
17 20 41
23 1 46
23 3 46
12 14 19
15 17 3
15 20 22
21 23 36
10 13 39
17 21 7
15 18 25
15 18 9
20 22 46
9 13 45
17 20 42
16 20 3
0 3 47
5 7 12
5 10 7
10 14 7
1 5 5
10 12 5
22 1 36
20 20 32
19 21 24
2 5 25
19 20 41
6 9 28
0 4 17
19 22 22
12 14 2
4 6 2
4 7 9
4 8 25
17 19 2
12 14 42
20 22 8
23 3 39
21 1 37
19 23 44
20 22 35
17 19 18
5 7 33
12 15 24
10 12 26
19 21 13
18 21 38
14 16 18
0 3 9
21 2 5
17 19 1
20 22 42
2 5 14
1 5 6
3 5 21
23 3 4
21 23 35
17 20 36
8 12 46
22 0 42
5 8 23
6 9 10
8 10 21
7 9 27
21 23 18
7 9 44
10 14 34
12 13 3
19 22 28
12 15 11
6 11 29
19 23 18
23 2 40
0 3 11
7 11 36
7 9 39
23 3 12
19 23 39
20 0 40
14 16 29
17 20 7
2 4 45
11 15 34
10 13 13
14 16 33
21 23 36
7 10 5
13 14 31
13 17 4
8 11 42
3 7 11
9 11 40
8 9 36
17 21 8
21 2 47
6 8 46
17 20 3
15 17 10
19 21 9
6 7 22
2 6 34
10 12 46
6 10 11
20 23 34
21 0 7
1 2 19
6 8 35
0 3 1
10 12 48
2 6 10
2 5 36
13 15 44
10 13 11
3 6 46
22 0 3
13 15 42
11 15 44
3 4 17
2 5 41
2 4 39
9 14 32
0 2 16
16 19 12
3 7 33
16 18 17
17 19 4
19 21 11
1 5 39
1 3 21
11 13 45
8 12 12
18 19 27
0 2 33
0 5 45
5 7 42
7 12 35
0 4 43
14 18 5
2 6 6
11 13 9
18 20 41
7 9 18
19 23 12
1 3 14
2 6 23
14 16 3
4 7 25
16 19 27
19 22 7
7 12 16
17 21 41
11 15 38
3 5 37
19 23 10
6 7 40
19 21 43
3 5 9
7 11 44
14 18 20
1 3 21
20 22 23
18 22 46
16 21 18
8 11 47
18 23 32
2 5 45
16 20 20
9 11 25
8 11 35
15 19 5
14 17 11
21 23 12
16 19 14
12 15 6
11 13 5
17 21 21
14 17 38
4 8 18
9 13 9
16 17 44
12 14 6
8 11 17
6 10 18
4 6 25
0 3 35
9 10 13
2 7 40
17 21 48
12 14 1
1 3 26
9 12 43
17 19 1
22 0 26
16 20 23
4 7 9
18 21 11
1 5 26
19 21 16
11 15 26
11 14 9
1 5 20
7 10 22
0 2 20
18 20 48
14 16 12
22 1 41
17 21 35
17 22 31
16 19 2
20 22 10
18 22 15
20 0 40
4 7 48
8 8 30
4 7 14
6 8 17
16 21 45
20 0 7
11 15 4
8 11 46
13 15 40
5 9 25
23 2 15
6 8 9
5 9 41
12 14 10
23 2 7
15 18 3
13 16 48
7 10 48
4 9 47
14 18 17
11 16 42
0 4 40
8 11 27
2 4 2
4 8 48
22 0 36
4 7 42
0 3 41
10 13 4
21 23 27
4 7 40
2 5 26
17 18 20
17 19 37
19 22 29
17 20 4
10 14 7
14 17 42
12 14 22
21 0 34
18 21 16
21 0 27
17 21 7
15 17 24
21 0 11
12 14 18
2 4 37
13 15 24
15 19 22
3 6 15
15 17 5
8 12 27
0 1 12
2 4 35
16 20 29
14 17 18
22 0 30
22 0 22
16 19 28
15 16 7
17 20 23
9 13 46
1 4 45
22 2 21
8 11 34
3 6 33
13 17 29
7 9 30
15 18 26
17 19 19
4 5 29
7 11 44
15 16 33
7 11 23
20 23 7
18 21 4
15 18 42
0 3 45
15 18 5
1 4 25
6 10 33
9 10 26
5 8 7
21 0 4
22 1 19
23 1 40
13 16 9
22 0 25
13 15 15
20 22 24
7 11 33
2 6 42
15 19 38
17 22 3
11 14 32
10 13 30
21 0 8
12 13 1
12 16 22
3 6 25
2 3 40
22 2 24
4 7 8
9 12 34
15 19 14
5 10 18
20 23 43
9 14 6
20 22 48
10 12 18
23 0 8
4 7 38
0 3 26
19 23 12
15 18 40
19 20 41
15 19 9
21 2 11
4 7 46
1 3 7
11 12 20
15 18 34
19 23 20
19 22 3
10 13 2
21 1 42
3 5 39
8 11 11
1 3 30
9 10 16
8 9 38
16 18 18
23 3 34
19 23 43
4 7 47
19 22 20
14 19 9
2 5 21
5 7 5
21 0 21
4 8 2
22 1 40
17 20 23
2 5 38
8 10 19
18 21 12
23 2 29
3 6 36
6 9 24
15 17 15
4 8 43
1 5 36
5 7 6
2 4 10
22 1 19
2 4 16
0 3 3
16 19 40
17 19 40
7 10 15
15 20 36
5 7 12
20 21 46
1 5 36
6 10 2
13 17 1
14 16 16
4 8 33
0 4 43
23 1 11
2 6 47
14 15 11
12 13 30
1 3 11
21 1 23
12 14 23
10 11 26
13 14 25
6 10 40
16 19 47
20 22 31
19 21 41
7 9 46
22 2 43
8 10 37
13 15 39
1 5 46
16 20 39
2 6 5
12 16 26
13 16 36
11 13 27
9 13 7
21 0 22
13 15 12
21 0 20
15 17 11
3 6 13
23 2 1
19 0 3
2 5 28
2 5 47
4 7 29
2 5 12
22 1 47
0 3 27
20 1 11
22 0 8
20 22 32
11 15 16
18 20 23
23 2 37
15 19 29
19 21 42
3 4 15
7 10 14
3 5 42
1 6 29
21 1 9
7 10 42
19 23 19
7 11 22
13 18 16
2 5 36
22 2 23
17 17 48
14 17 40
17 20 1
8 12 22
21 0 1
7 9 46
0 4 26
4 7 43
23 2 44
22 22 44
2 6 44
20 0 44
8 11 1
6 8 15
3 7 8
17 19 35
23 3 24
10 11 24
4 7 22
2 5 18
1 5 7
7 10 10
0 2 39
18 22 18
5 7 7
11 12 44
12 15 10
16 19 42
10 12 14
0 3 12
8 11 28
14 19 30
1 3 28
18 22 33
20 23 1
16 19 38
19 22 3
4 8 5
17 22 12
17 19 20
3 5 5
5 7 46
11 13 37
11 15 32
17 21 15
10 13 32
6 9 21
21 0 43
8 10 11
7 10 35
7 10 25
19 22 28
17 18 12
0 3 25
9 12 30
7 10 45
3 8 32
18 22 34
2 5 31
10 15 25
1 5 19
23 3 48
17 22 23
0 4 41
13 15 37
20 21 11
2 6 20
7 9 22
19 0 26
1 2 22
12 16 32
0 2 39
20 22 11
2 6 35
8 12 24
3 6 38
4 8 13
22 3 47
9 12 38
23 2 47
9 12 45
23 0 26
9 11 23
5 9 14
2 4 48
0 3 7
7 9 1
4 7 15
6 9 31
9 10 15
0 2 36
9 11 2
13 16 26
11 13 38
12 14 21
5 10 46
19 22 27
8 11 24
17 21 37
6 10 3
11 16 21
7 10 32
23 1 35
11 16 23
9 12 6
18 20 48
1 2 28
14 19 11
23 1 35
21 0 16
20 0 14
2 5 16
11 14 33
19 22 31
19 22 47
13 17 27
4 6 24
22 0 1
7 11 31
2 5 37
11 16 36
7 9 10
13 16 24
12 15 31
13 17 10
1 5 39
1 4 18
9 12 5
13 17 4
10 13 36
8 12 47
3 5 31
3 6 33
10 14 30
18 21 37
20 23 10
16 19 30
10 13 37
21 1 26
11 14 24
11 13 14
15 18 35
10 12 24
8 11 47
2 6 15
10 13 23
8 12 6
16 19 32
12 14 45
20 23 48
1 5 34
4 7 27
2 4 18
23 4 45
19 21 27
14 18 26
5 9 18
18 23 35
11 15 12
9 12 25
22 2 26
12 14 14
7 9 46
13 16 10
20 21 43
7 10 43
4 7 5
8 11 16
2 5 24
17 18 15
0 3 21
9 13 11
3 7 23
14 17 30
12 15 4
7 10 42
12 14 10
8 11 5
23 2 7
17 19 42
4 8 34
1 4 16
20 23 48
0 2 30
4 8 37
10 13 23
21 23 47
4 7 7
17 21 7
19 22 3
22 0 8
12 16 41
2 5 8
8 11 47
2 6 11
7 10 48
0 4 45
9 13 36
4 6 42
23 3 34
1 2 1
14 18 10
21 0 4
17 21 23
13 15 23
6 8 5
6 10 34
14 18 47
16 20 23
2 6 44
1 3 24
13 15 13
18 22 44
21 1 7
12 14 15
6 9 8
9 12 17
3 5 40
20 23 21
4 6 9
9 12 2
5 5 14
21 0 3
9 11 30
11 14 33
6 10 48
6 9 12
11 13 33
5 8 42
23 1 40
18 21 41
22 0 17
4 8 46
11 13 30
9 12 23
16 20 15
12 15 33
9 11 22
12 15 14
8 10 27
19 0 2
1 3 18
3 6 44
1 4 47
4 7 47
20 23 5
20 22 40
23 1 33
22 2 31
14 18 10
18 22 37
15 18 24
1 4 27
17 20 5
10 12 47
1 4 11
8 11 18
0 1 28
20 22 8
22 1 39
21 0 36
17 20 35
6 9 1
13 15 25
18 21 43
14 17 8
23 0 38
5 8 3
2 5 16
14 17 18
12 15 11
19 21 20
20 0 14
13 17 37
4 6 37
3 6 11
21 23 34
13 18 47
22 1 4
12 16 46
0 2 45
17 21 6
2 6 17
10 14 22
5 8 6
23 1 38
11 16 4
1 2 19
16 18 28
19 23 36
8 12 12
8 12 14
21 23 29
12 17 15
3 4 39
11 15 3
3 5 5
11 13 4
17 18 23
3 7 14
13 17 30
0 4 32
19 23 26
22 2 28
18 22 5
21 23 47
4 5 1
0 4 30
20 22 48
0 3 16
20 21 2
12 15 32
11 16 10
20 1 9
2 5 38
14 16 7
13 14 5
22 23 3
3 8 6
16 20 21
21 1 1
18 22 20
18 18 24
23 2 29
18 21 46
5 7 14
5 9 29
1 5 6
13 16 33
15 17 10
23 1 33
13 14 45
12 15 1
15 19 18
9 13 4
6 9 15
3 7 30
1 5 28
11 15 4
21 23 22
19 21 10
9 10 21
1 3 44
23 2 14
4 7 42
11 12 25
10 11 19
2 4 4
17 20 33
23 0 37
19 23 28
21 23 21
15 18 31
4 7 2
23 2 18
3 6 6
9 12 43
3 7 1
1 4 47
0 3 46
21 0 13
15 20 31
15 18 48
4 6 43
18 23 18
23 2 46
20 1 18
11 14 25
4 6 17
9 12 29
0 3 7
22 22 45
23 3 38
17 22 42
11 15 39
10 15 47
17 22 43
11 15 33
1 5 38
8 12 22
1 4 34
19 23 4
23 2 6
11 14 45
11 14 42
4 6 41
2 5 45
22 1 1
12 15 25
16 17 9
20 21 36
7 9 6
16 18 25
2 5 4
21 23 2
20 23 8
3 6 12
22 23 16
22 1 39
10 14 46
15 19 26
9 10 33
17 21 18
14 15 13
10 12 47
2 6 35
11 13 25
8 12 11
21 0 11
22 23 15
20 23 22
0 3 22
17 18 6
7 11 36
19 0 26
19 22 7
13 14 25
13 16 46
18 22 11
23 2 20
18 20 39
3 6 23
13 16 25
0 2 3
20 23 16
3 5 5
1 4 17
16 19 15
16 19 48
15 17 2
1 5 44
8 12 24
14 17 33
5 9 15
10 13 41
19 0 36
6 8 45
3 6 21
12 13 41
13 16 33
4 7 32
16 20 18
11 14 29
10 12 45
8 11 7
20 23 41
18 22 42
22 2 10
9 12 26
17 20 35
19 23 24
12 16 31
1 4 13
17 19 23
17 17 28
10 14 44
7 10 12
20 23 40
22 1 44
4 8 16
8 13 39
5 8 6
20 2 1
14 19 44
12 15 43
21 1 44
6 10 21
2 4 21
14 16 41
23 2 17
18 21 21
1 3 40
9 13 2
11 14 24
17 19 39
14 17 17
19 23 18
23 1 25
2 5 17
9 11 40
19 23 14
18 20 10
4 7 28
9 13 21
1 4 17
6 10 30
3 6 34
14 16 27
4 5 29
9 12 6
3 6 2
19 21 39
5 7 17
10 14 36
12 15 31
23 3 27
16 19 8
14 17 30
22 1 8
7 11 25
12 16 37
11 13 9
23 2 36
7 10 36
11 14 25
23 2 12
22 1 30
22 2 44
1 4 12
5 7 23
10 13 13
16 20 1
2 6 2
0 2 37
10 12 22
12 15 40
15 17 17
22 3 2
15 19 18
14 17 20
4 8 29
1 4 33
20 0 45
14 17 14
23 4 1
18 22 44
20 22 45
16 19 22
22 2 23
6 10 24
0 4 16
1 2 6
5 6 45
12 15 26
11 14 11
2 7 20
2 4 27
6 10 40
0 4 16
23 1 41
8 10 40
17 19 18
0 2 37
0 4 35
9 13 11
7 11 9
13 17 27
18 23 16
7 10 45
9 11 25
22 2 21
7 11 33
7 9 31
11 13 20
1 2 31
22 0 9
23 3 19
10 13 21
16 20 9
15 18 13
13 18 40
3 6 7
22 2 37
21 23 34
14 17 9
5 8 44
2 5 27
6 9 40
5 7 20
5 8 24
19 23 28
6 9 16
5 9 41
0 4 7
12 14 25
10 13 23
18 22 14
13 17 8
21 1 40
10 12 42
18 20 1
14 17 18
4 7 38
0 3 15
19 23 22
7 10 7
4 5 2
22 1 44
19 22 4
20 23 19
11 14 12
9 12 13
14 17 32
4 6 12
17 22 17
22 2 39
8 11 42
23 1 45
6 10 44
6 9 42
1 5 39
14 16 22
20 0 2
6 9 25
9 13 15
13 16 3
8 12 17
9 12 23
11 13 14
4 8 44
5 7 12
3 7 28
5 7 25
3 6 45
1 3 1
12 14 2
18 22 45
18 21 18
17 21 11
14 17 40
13 15 18
20 22 38
7 11 27
14 15 47
17 22 31
6 9 40
10 13 11
7 11 11
15 19 47
10 12 2
10 13 10
21 1 14
19 22 36
16 20 12
2 5 36
18 21 32
6 8 21
23 3 18
4 8 15
1 4 21
0 1 44
10 13 22
14 18 4
11 15 29
1 6 26
12 17 2
4 6 26
3 5 41
20 23 39
19 21 25
0 3 11
20 22 18
18 20 47
11 13 28
11 15 5
0 3 36
19 0 6
21 1 6
0 3 28
6 9 35
15 16 15
21 23 36
14 17 3
18 21 25
7 8 45
13 17 46
12 16 45
11 14 25
9 12 2
1 6 11
3 8 35
16 19 1
23 3 29
8 11 25
18 22 41
11 14 11
5 8 25
23 3 43
14 15 36
17 19 38
4 7 5
20 23 6
10 13 35
1 5 31
11 14 12
0 3 34
0 2 47
6 8 48
1 2 47
17 21 22
10 15 29
1 5 4
9 11 38
13 16 12
7 10 9
14 17 40
5 9 41
10 15 20
5 8 29
3 7 21
3 6 32
20 22 34
21 1 21
8 12 46
7 9 18
13 13 6
0 4 25
13 15 32
13 14 8
0 2 48
3 5 20
23 3 41
9 12 4
15 17 26
11 14 20
7 11 21
16 20 40
3 7 43
14 17 3
0 3 44
23 2 12
3 7 39
18 20 27
2 6 7
6 8 34
22 1 20
8 10 44
8 10 46
18 20 34
16 17 6
18 21 26
21 1 13
11 13 28
6 10 21
5 8 25
11 14 44
17 22 44
11 14 23
21 2 47
3 6 19
22 0 12
3 6 30
0 5 41
19 21 5
2 6 13
16 20 15
4 7 30
18 22 1
7 11 4
3 5 28
3 5 3
10 12 28
21 22 45
12 15 7
1 3 12
14 15 15
23 2 18
20 1 45
17 20 38
3 6 12
4 7 37
22 2 47
16 18 39
0 2 26
21 1 42
20 23 25
20 22 7
18 22 27
8 10 37
12 16 3
14 18 19
15 17 43
5 7 3
8 11 23
2 4 30
13 13 30
18 20 46
10 13 13
17 20 24
5 7 11
10 11 46
23 2 47
6 9 1
4 9 47
12 15 10
23 3 42
3 8 47
3 6 14
1 4 40
20 23 4
20 23 41
15 19 35
13 16 6
19 23 37
16 18 15
16 18 10
15 18 17
22 2 35
3 5 4
16 20 15
12 15 9
0 4 7
13 16 24
9 12 24
17 20 23
15 16 14
16 20 44
6 10 43
20 0 13
15 18 47
4 9 40
0 2 14
10 14 10
19 23 6
21 22 1
10 13 16
15 17 28
20 0 39
22 22 39
16 19 5
8 12 24
5 6 32
5 9 28
6 8 25
1 3 27
13 19 45
19 21 6
0 3 33
17 21 41
11 15 41
16 19 28
3 7 30
13 15 40
7 10 47
9 13 22
15 17 22
0 2 8
1 4 32
10 14 22
3 8 39
10 11 21
15 19 8
16 18 40
14 17 17
18 22 7
5 6 12
14 17 40
6 8 23
14 17 35
7 9 17
14 16 17
9 11 11
13 13 20
15 18 3
17 20 20
20 23 33
2 5 15
12 15 22
5 9 16
11 13 41
5 8 33
2 4 28
12 14 28
14 17 14
8 12 7
5 7 35
20 0 37
10 14 43
5 5 5
10 12 24
7 10 6
10 13 8
2 4 30
1 4 37
15 19 12
4 6 23
16 19 18
12 16 9
14 18 35
14 15 9
21 22 19
4 8 24
12 14 5
14 16 20
0 2 10
5 9 13
12 14 41
23 2 39
1 3 22
9 11 2
14 16 34
0 3 28
11 15 23
13 16 19
12 15 22
6 8 12
3 5 14
1 4 6
0 3 10
10 12 1
11 13 47
1 5 48
23 2 41
12 16 5
11 16 9
8 13 17
13 17 33
10 11 34
10 14 47
3 6 2
11 14 39
20 0 27
11 13 45
23 3 46
