4000 29
9 4 18 16 15 6 12 15 18 24 6 20 26 20 20 21 18 12 6 16 12 12 27 12 24 20 18 10 24 
2 4 13
12 15 25
9 12 18
19 23 8
20 23 23
11 13 7
22 1 15
1 3 5
12 16 24
1 6 14
17 20 6
6 11 5
3 7 22
9 11 22
3 5 4
22 23 4
6 9 13
17 20 21
22 23 20
16 20 26
10 13 8
23 2 3
14 19 2
6 9 19
2 3 19
17 19 13
21 23 23
3 5 17
23 2 3
16 20 8
13 16 1
13 14 5
11 13 14
3 5 22
7 11 23
10 12 28
5 8 4
4 6 25
16 20 6
3 6 2
14 17 1
14 16 15
7 9 9
3 5 11
3 6 5
1 3 8
2 5 12
19 23 15
20 23 24
3 6 23
8 11 26
7 10 19
3 6 15
4 8 5
13 17 2
13 15 25
14 17 4
13 16 8
0 2 6
18 20 9
21 22 16
4 8 17
7 9 5
16 19 3
16 18 21
10 14 1
3 6 10
7 9 29
23 1 20
13 16 24
6 9 26
12 16 5
5 8 10
21 1 18
10 14 15
17 19 22
3 6 16
0 2 12
12 15 12
13 16 11
19 22 21
15 19 7
16 19 4
5 9 17
13 16 12
19 21 14
13 17 13
6 10 24
4 8 6
13 15 26
21 2 5
13 18 9
14 19 14
5 8 1
20 22 12
9 13 27
9 11 20
12 13 27
8 11 15
20 23 15
9 12 10
14 16 1
6 10 12
22 1 17
8 11 6
14 18 5
12 16 20
0 3 11
14 18 27
17 20 24
23 3 29
0 2 18
21 0 27
6 7 6
2 5 19
8 12 25
18 20 16
4 7 22
12 16 20
8 12 19
4 8 29
7 10 23
22 22 6
18 21 28
5 7 1
15 18 27
14 17 29
16 19 10
10 12 19
13 14 20
4 8 15
22 1 8
20 22 16
7 10 20
15 19 22
12 15 21
16 18 7
19 21 16
8 10 1
0 4 20
16 19 23
3 5 2
19 22 14
7 9 19
6 10 4
16 17 22
6 8 16
23 2 20
8 12 17
7 10 25
10 14 25
16 18 12
13 15 20
5 8 28
12 16 4
8 12 22
9 12 21
8 10 23
22 1 15
23 1 9
12 16 10
6 10 1
16 21 8
13 15 23
16 19 9
4 5 23
9 13 3
17 21 25
13 16 22
20 0 6
22 2 7
23 3 12
5 7 21
15 18 16
21 23 1
13 15 26
20 0 28
14 16 16
18 0 27
23 2 20
2 3 19
11 15 16
17 20 5
20 1 17
5 8 29
1 2 2
22 23 13
14 16 8
2 5 19
11 14 21
21 0 9
3 7 21
4 7 26
19 22 20
7 9 14
15 18 24
19 21 14
5 8 4
1 4 16
11 14 6
8 10 28
19 0 8
16 20 3
15 17 3
10 14 6
7 10 2
3 5 10
11 16 27
8 12 12
5 7 21
20 23 6
9 12 29
21 0 15
7 9 6
0 2 16
12 14 22
14 17 5
15 17 13
4 7 20
9 13 22
0 5 6
8 11 11
21 1 15
13 15 25
4 6 28
13 17 22
11 14 19
13 15 13
14 17 29
6 10 21
8 13 3
0 1 6
17 19 2
17 21 27
10 12 1
23 2 21
3 6 13
16 18 20
11 13 15
3 9 19
14 17 8
12 16 24
16 17 19
8 10 15
11 13 18
12 16 25
4 6 2
15 18 15
1 4 6
5 8 24
16 17 15
7 9 11
10 13 8
5 7 5
19 0 25
13 16 14
15 18 15
11 16 17
6 8 22
0 2 12
0 4 13
13 16 8
2 6 21
5 9 5
19 23 11
11 14 22
6 8 28
15 16 21
2 4 13
5 9 2
22 1 15
20 1 25
16 20 13
10 12 23
2 5 29
19 23 12
3 5 23
2 4 11
16 19 9
6 9 11
23 3 20
14 17 26
12 15 2
10 13 26
13 16 25
8 11 26
20 22 13
3 7 25
9 12 10
13 15 20
0 2 12
9 11 28
12 17 14
8 10 21
15 19 11
8 11 17
14 18 16
1 4 4
10 15 18
13 14 5
16 18 7
22 23 4
11 14 6
2 5 15
5 7 25
11 13 19
23 3 4
18 23 10
4 7 10
3 6 22
10 12 17
14 15 5
20 0 21
14 16 17
20 0 3
21 22 3
10 14 27
16 19 29
22 3 27
6 9 20
8 12 27
11 13 12
21 23 6
20 22 15
1 3 28
6 9 1
18 21 8
16 18 25
16 19 25
6 8 25
9 13 17
4 8 3
19 23 29
3 7 14
7 10 15
21 23 22
2 4 26
19 0 5
23 4 6
10 13 15
3 6 21
19 21 17
15 16 7
3 5 6
10 11 8
20 23 8
23 2 2
5 8 21
21 1 18
7 9 26
23 2 2
15 19 1
17 20 9
5 9 22
21 23 17
0 4 14
15 19 8
18 23 10
6 9 29
17 20 22
3 5 25
12 16 3
22 0 10
17 19 1
21 1 20
21 0 26
2 6 8
6 9 13
4 8 17
1 5 10
14 17 1
5 7 23
0 3 10
14 19 27
3 7 4
11 15 4
10 12 9
0 3 8
3 8 25
13 16 10
4 6 23
14 17 19
20 22 17
0 3 14
23 2 20
6 9 21
13 16 4
20 23 11
21 23 1
5 8 7
20 0 28
14 16 13
15 18 26
2 3 6
6 8 10
2 6 29
6 8 9
11 14 26
4 8 16
4 10 4
11 15 21
9 10 10
9 11 25
17 21 13
11 15 2
2 4 20
1 2 27
16 19 6
4 8 17
21 23 3
4 7 18
3 6 26
1 4 20
0 4 10
6 9 6
13 17 28
20 22 27
9 12 27
6 9 27
6 9 29
5 9 3
6 10 26
16 19 27
19 21 23
17 19 7
19 23 21
12 14 3
15 18 25
14 18 24
8 10 11
2 6 5
23 1 21
16 19 27
23 1 1
22 23 25
19 22 24
1 4 22
13 18 1
10 15 22
2 5 9
15 19 28
3 7 28
11 13 17
7 10 21
16 18 7
2 3 22
7 9 26
17 21 20
9 12 7
19 22 16
7 10 5
17 19 2
21 1 18
16 19 14
14 16 7
15 19 4
15 18 21
18 21 18
6 9 9
12 16 16
16 18 3
12 15 24
1 4 1
17 21 6
22 1 1
1 4 6
13 16 13
8 12 20
5 7 12
4 5 17
14 16 1
8 9 23
2 4 2
19 22 24
12 17 11
22 1 22
23 3 8
15 18 19
23 0 16
9 12 8
11 14 6
22 1 20
5 8 7
6 10 16
5 10 18
12 15 23
20 22 21
23 2 7
9 14 14
20 23 18
6 8 29
1 5 14
16 19 15
12 14 1
10 14 14
15 19 7
12 16 5
22 1 1
8 10 4
8 12 15
18 21 24
4 6 7
0 4 11
22 0 28
22 23 17
23 3 26
21 23 23
12 15 13
17 21 15
20 21 22
23 3 6
17 20 16
4 8 19
9 12 22
15 19 21
3 8 23
3 4 15
23 0 23
11 13 14
9 12 4
10 13 5
18 19 13
17 20 24
15 19 20
20 23 25
6 11 5
18 23 23
9 12 21
19 22 25
9 13 1
17 19 26
1 4 22
16 22 9
23 0 8
1 5 5
14 16 15
10 12 24
19 22 24
11 15 28
2 6 1
18 21 21
14 17 18
18 21 27
3 6 21
15 18 22
13 16 17
5 8 25
18 21 20
13 18 27
21 1 19
16 18 22
16 18 1
18 22 27
21 1 8
17 20 26
11 14 24
11 14 10
10 14 16
10 14 4
19 21 5
14 19 15
16 20 11
11 14 6
12 15 29
7 9 19
10 11 14
16 18 16
13 16 23
20 21 24
11 13 23
6 9 25
16 18 4
4 6 8
9 12 13
13 15 27
1 5 18
21 23 9
8 11 22
11 14 6
0 2 13
23 2 3
18 21 20
4 7 20
1 5 28
13 17 9
3 6 2
14 18 15
6 7 13
17 21 26
20 22 6
17 19 23
1 5 26
20 23 17
14 16 2
14 15 29
19 22 5
12 15 2
21 1 22
17 20 24
19 21 14
20 0 16
13 15 4
13 17 16
23 3 16
6 8 8
7 12 29
3 6 8
4 6 12
7 10 23
2 4 3
16 19 25
6 10 4
8 11 13
23 2 14
19 0 12
15 20 19
4 8 5
2 5 26
18 21 5
2 5 1
17 21 6
20 22 13
10 14 15
8 12 28
6 10 12
22 0 21
22 1 27
8 12 11
21 23 8
0 3 25
9 12 28
1 4 23
15 19 14
1 4 6
22 0 6
0 4 2
1 4 23
20 23 5
7 10 14
20 0 22
8 10 19
22 2 29
10 12 29
22 1 3
14 17 5
18 21 26
10 13 16
15 19 27
19 22 15
18 22 14
7 10 22
17 19 15
19 23 14
13 17 27
8 11 26
2 6 9
19 22 1
2 5 6
19 23 18
17 19 10
2 4 9
5 8 5
0 3 5
13 17 22
17 19 12
13 16 25
15 18 6
14 18 24
7 8 13
5 7 19
13 17 27
14 17 29
14 17 4
14 17 11
2 5 3
23 1 1
22 1 5
3 5 14
8 11 5
4 8 17
16 19 23
3 6 25
7 11 6
7 10 9
3 6 4
12 14 24
8 12 15
5 7 22
4 7 8
5 11 7
4 8 3
23 3 10
23 1 15
16 19 11
22 1 9
16 19 25
1 6 2
11 13 7
1 4 6
11 14 18
4 9 29
13 17 23
1 1 4
8 11 14
6 10 11
21 0 25
11 16 9
15 18 1
10 12 21
0 2 18
3 7 26
18 21 28
20 22 23
8 12 6
22 0 2
17 21 20
0 3 15
18 20 9
8 12 7
14 17 14
12 14 16
12 17 25
21 22 8
12 14 4
5 8 10
12 14 21
1 3 11
1 2 13
4 7 20
15 19 8
21 23 21
6 11 26
15 18 26
1 3 20
7 11 7
17 20 18
7 10 19
11 16 9
17 19 17
22 2 10
23 2 25
10 13 8
23 2 4
16 19 20
23 2 24
17 20 19
14 18 26
1 5 17
1 2 28
2 5 25
3 5 16
2 5 23
16 19 29
17 19 9
5 7 22
0 3 15
10 13 4
17 20 17
7 10 12
9 10 29
1 3 17
5 9 22
22 1 2
1 5 21
12 14 3
17 19 19
0 3 10
18 22 24
18 21 29
15 17 1
19 20 12
2 5 19
18 20 7
17 21 28
10 13 4
3 9 23
7 9 21
11 14 20
12 17 23
15 18 20
14 19 29
13 16 9
0 4 25
21 0 27
8 11 18
5 9 6
20 22 19
7 9 11
22 2 19
18 20 22
3 6 2
16 19 14
0 3 13
9 12 20
1 4 23
18 20 20
19 23 3
2 4 25
2 5 8
11 13 19
2 5 20
6 9 9
18 20 11
10 12 3
14 17 5
3 7 11
7 12 12
16 20 29
2 4 19
9 13 11
8 10 28
17 20 4
4 7 11
4 8 17
0 2 29
11 14 16
5 8 13
5 7 4
4 8 3
23 2 16
8 10 19
7 11 4
18 21 23
10 13 25
5 9 7
20 23 8
3 3 27
22 0 24
3 5 3
9 13 19
21 0 10
16 20 18
21 0 29
13 17 27
23 1 3
18 22 25
11 14 16
7 12 7
10 13 13
3 8 17
3 4 20
11 14 29
17 20 27
14 17 1
20 1 20
16 18 14
22 1 3
0 3 25
1 6 20
20 23 10
14 18 29
9 14 14
22 2 3
18 23 22
14 18 6
22 23 12
22 1 3
0 2 29
5 9 11
14 17 16
18 20 19
22 0 9
20 22 6
0 3 10
4 9 1
3 6 7
4 6 1
22 0 22
23 2 8
12 14 6
7 12 16
22 23 25
19 21 12
0 3 8
11 14 20
7 9 6
18 23 6
15 20 22
14 15 10
22 0 27
3 7 7
21 1 11
14 18 4
11 15 5
11 14 3
8 12 13
1 4 15
9 15 18
4 5 11
20 0 27
22 1 22
3 4 26
17 21 3
20 21 26
10 12 22
9 11 25
13 15 7
12 15 17
10 14 12
4 4 2
8 10 25
2 4 8
23 23 8
20 23 15
17 20 7
2 7 20
5 6 14
8 12 28
8 10 22
19 23 28
13 17 6
21 0 24
22 3 14
14 17 11
23 1 15
16 20 7
21 0 4
20 0 4
4 9 19
10 12 22
7 11 28
11 14 26
12 16 23
15 16 28
16 20 17
21 0 5
6 8 16
4 8 5
7 10 9
19 23 2
5 8 11
6 9 23
0 3 25
8 9 13
21 23 16
4 5 12
20 22 8
2 6 20
13 16 27
2 5 12
1 6 24
8 11 4
22 2 26
3 6 7
4 8 5
9 13 1
18 21 21
11 14 27
18 20 8
4 7 24
21 22 3
20 0 12
3 8 23
10 13 21
23 1 29
9 12 11
3 5 14
6 10 19
1 4 16
14 16 26
10 14 18
12 16 4
4 8 27
22 23 11
9 12 21
4 8 27
15 20 28
21 23 29
5 9 7
9 12 20
23 2 27
13 17 21
0 3 2
3 6 20
22 2 2
21 0 14
5 7 3
21 23 4
8 11 25
19 23 16
14 17 10
22 2 23
10 13 27
20 23 26
19 21 26
1 3 4
16 19 16
16 19 10
12 14 6
12 14 2
22 2 27
20 1 26
5 7 1
4 7 25
23 5 25
0 5 25
22 1 27
4 8 13
6 9 28
19 22 24
4 7 23
16 19 18
6 8 11
22 0 2
7 12 23
14 15 27
13 16 2
18 22 10
14 18 19
9 11 18
21 0 10
21 0 19
14 17 15
9 13 1
13 16 21
12 12 4
9 12 4
23 2 25
17 19 6
6 8 17
4 6 17
0 3 14
15 19 2
0 3 7
22 0 11
17 20 16
7 10 13
22 0 22
4 7 15
5 7 29
22 1 10
14 16 27
15 17 26
12 16 29
20 23 28
14 17 22
6 9 17
1 3 15
9 12 1
14 17 7
11 14 10
21 23 6
22 0 5
22 3 23
18 21 12
7 9 27
9 12 27
2 5 18
18 22 20
5 10 27
0 2 8
15 19 15
15 17 5
14 17 8
4 7 5
9 13 24
6 10 25
1 3 17
0 4 17
17 20 29
2 7 23
15 17 27
3 5 8
13 18 19
16 19 14
20 23 28
19 23 21
20 23 3
16 19 16
4 7 4
14 16 26
0 4 20
21 23 9
11 13 29
11 12 3
3 6 1
12 14 29
1 2 12
13 16 13
1 2 13
5 9 4
5 10 9
6 9 24
5 7 21
9 13 21
6 9 2
4 9 11
7 10 14
17 19 13
23 3 17
17 21 9
13 17 27
15 18 1
16 20 24
9 13 15
12 15 14
9 10 25
2 7 10
0 3 7
12 15 28
1 4 26
10 12 27
20 0 15
4 7 22
23 1 12
12 16 24
8 10 23
3 7 24
2 5 27
21 1 13
3 8 19
22 1 21
12 16 3
20 22 4
15 17 10
8 10 4
22 1 14
13 15 26
2 6 5
11 13 7
13 15 25
11 15 13
3 5 5
0 3 11
13 15 15
4 7 18
10 11 9
16 20 3
23 2 2
21 0 3
18 20 23
3 5 27
22 1 3
9 15 10
5 6 15
4 5 17
16 18 2
17 21 27
13 16 10
18 23 3
4 6 9
18 20 8
10 10 13
18 23 11
4 5 17
7 9 16
5 7 7
4 6 23
11 12 10
10 13 22
0 3 11
19 23 8
6 10 3
12 15 6
21 1 27
18 20 24
0 2 3
17 20 24
5 8 14
9 12 1
14 19 4
9 12 21
12 15 4
6 9 21
2 5 5
2 5 21
18 22 18
18 19 3
8 12 27
9 12 3
20 1 20
13 16 6
6 7 9
3 6 4
5 7 16
6 7 21
2 5 19
1 5 14
18 22 18
10 14 20
4 9 14
17 20 8
6 7 12
10 12 17
20 23 28
13 16 20
15 18 23
16 19 27
14 15 26
20 23 1
18 21 19
11 14 19
1 2 17
20 0 9
5 10 23
16 17 2
6 9 27
12 15 27
13 16 14
20 22 24
22 1 18
14 17 6
8 13 27
14 17 18
7 11 17
3 3 25
17 22 11
0 3 9
13 17 7
9 13 19
22 0 16
21 1 27
8 13 17
17 19 11
13 16 18
5 9 4
9 13 7
22 2 12
6 10 18
6 9 10
20 21 5
17 20 29
23 2 9
16 20 18
14 16 29
13 17 15
5 8 6
6 8 4
13 16 16
6 10 16
16 19 12
12 15 26
22 2 2
13 16 3
8 12 1
16 18 26
2 6 11
17 20 24
9 13 29
5 7 7
5 9 24
2 5 13
0 3 2
20 0 6
2 5 11
16 20 7
15 19 11
18 20 7
6 10 2
13 16 25
0 5 28
7 11 17
23 2 17
1 4 19
2 4 12
20 22 12
19 22 9
9 12 23
23 2 26
9 10 27
21 0 17
22 1 16
5 8 19
4 7 18
10 13 5
12 14 3
14 17 8
6 9 5
7 10 2
19 21 5
23 3 11
20 1 19
18 22 13
11 14 27
22 23 27
19 21 27
22 2 17
15 17 25
8 9 20
3 7 8
20 23 11
9 13 9
9 14 15
8 10 26
3 6 25
9 14 5
11 12 25
19 23 22
23 1 24
0 4 21
3 5 15
0 3 25
22 1 21
23 2 24
3 6 7
21 1 11
13 16 10
4 6 19
9 13 9
7 11 17
13 17 26
22 1 28
10 12 25
7 9 12
12 17 10
6 9 11
9 14 7
22 1 17
2 4 22
13 16 9
19 20 29
0 2 13
6 9 9
5 7 15
0 2 24
5 9 28
18 21 12
21 0 12
1 4 28
8 11 17
2 4 10
23 2 8
14 15 10
12 16 13
11 14 23
14 14 27
4 7 22
4 7 3
9 11 17
17 21 8
12 16 16
9 9 7
17 21 28
10 13 18
20 23 16
16 18 7
22 1 23
11 13 28
14 18 24
2 5 18
11 13 23
11 14 7
19 20 18
20 23 29
15 19 25
3 6 13
14 17 14
23 3 8
3 6 26
21 0 29
11 14 9
10 11 7
19 20 1
16 20 14
4 8 21
16 17 10
15 19 27
15 18 28
18 22 18
11 15 22
1 3 24
2 5 2
9 11 29
14 16 27
14 16 28
2 6 11
14 17 4
13 16 9
23 2 28
3 8 23
1 4 22
9 11 20
3 6 26
21 3 15
15 19 29
18 21 3
19 22 7
2 6 14
7 9 16
15 18 27
23 1 19
5 8 4
12 16 6
12 16 6
0 3 11
14 16 25
3 5 8
8 11 27
6 10 8
16 20 27
3 6 2
18 21 23
17 20 17
12 14 16
3 7 12
16 19 4
6 7 26
4 7 26
2 6 26
4 7 15
12 15 1
18 20 18
8 10 4
17 21 26
11 14 1
21 23 15
7 11 29
10 12 14
15 17 9
23 2 12
7 11 15
8 9 20
9 11 15
15 19 7
1 3 6
21 0 9
17 19 17
9 14 23
18 19 5
16 19 28
8 11 27
22 1 8
3 6 27
3 5 22
19 0 25
11 15 4
7 11 28
23 2 19
8 10 15
15 19 16
14 17 11
19 23 10
16 20 27
8 13 9
7 10 7
15 18 15
5 8 14
16 19 12
4 7 8
4 5 14
15 19 22
20 0 19
3 7 12
8 10 24
3 7 18
10 13 18
15 19 23
5 7 11
19 23 23
20 23 4
12 16 7
17 21 7
10 14 18
23 1 11
18 20 2
23 4 4
23 0 23
9 11 27
9 12 21
21 0 28
20 23 21
8 12 27
10 13 20
8 12 12
21 0 11
11 15 14
13 17 11
17 19 16
9 13 6
6 9 25
20 0 24
1 4 27
15 17 28
13 17 21
1 5 19
6 10 7
10 12 21
1 4 11
8 11 11
5 9 22
3 4 3
18 22 22
18 21 10
5 9 8
22 3 18
20 21 10
0 2 9
6 8 11
9 11 10
20 0 23
10 13 28
7 10 4
5 8 13
17 19 8
18 21 3
7 12 16
14 17 29
22 2 8
17 21 8
14 17 29
23 3 23
16 18 1
22 2 18
20 0 24
18 21 17
0 2 21
4 5 21
4 7 8
19 22 15
23 4 22
8 12 8
20 23 1
0 4 29
13 15 28
21 2 8
3 7 26
18 19 23
9 13 25
12 14 28
13 17 4
15 19 6
16 19 1
7 10 17
0 2 16
21 1 26
3 6 15
8 12 7
3 7 19
9 12 26
7 9 29
4 8 23
21 0 13
7 11 1
11 14 2
7 9 15
17 20 29
9 12 18
12 15 7
13 15 27
19 22 19
3 6 28
3 5 28
13 17 5
3 5 2
4 7 19
2 2 9
16 20 24
23 2 27
20 23 29
8 12 25
13 15 16
7 9 14
3 3 8
14 17 13
13 16 4
8 12 20
16 19 8
19 23 10
4 8 18
14 17 21
17 19 19
7 9 21
1 4 25
15 19 15
16 19 20
13 16 14
8 12 24
18 17 16
6 9 4
14 16 16
20 21 25
4 8 3
1 5 24
16 19 20
6 9 14
5 7 23
13 18 22
9 13 21
5 8 12
14 17 26
13 15 10
8 10 25
7 10 5
14 17 9
20 23 18
4 6 25
10 14 16
5 7 7
0 3 4
16 18 12
7 8 16
9 12 7
3 6 18
20 23 23
13 16 18
13 16 6
16 19 23
6 8 24
1 4 27
14 15 18
13 16 16
19 22 21
14 17 17
8 12 17
6 9 15
7 11 22
18 20 27
18 20 5
20 0 20
13 17 6
21 1 25
4 6 29
0 2 25
6 9 18
6 9 28
20 23 4
18 21 7
13 16 6
2 5 7
20 23 25
14 17 15
6 9 9
16 19 20
18 19 17
7 8 18
13 15 16
11 15 1
14 17 26
10 10 12
2 6 24
9 10 5
4 8 23
7 10 26
10 14 18
5 7 18
6 11 8
5 8 27
16 18 23
11 14 20
8 9 21
15 17 10
13 16 1
12 16 23
2 4 22
22 0 2
20 0 24
9 13 17
17 20 11
23 2 8
11 15 21
15 17 24
1 2 22
16 20 5
19 0 1
7 10 18
22 2 22
3 4 21
22 3 10
0 4 22
11 16 13
13 15 5
1 4 11
19 21 11
19 22 13
21 23 1
14 16 24
18 0 26
22 23 1
5 6 17
18 20 26
19 0 18
12 15 29
10 13 22
6 9 12
20 22 12
12 14 24
8 12 19
17 20 3
21 23 19
22 1 27
11 14 13
2 5 1
8 11 12
7 10 13
10 12 12
10 13 18
7 9 6
4 8 27
21 22 8
8 10 2
23 1 14
2 6 28
13 16 14
21 23 3
16 19 23
17 20 23
22 1 26
15 20 4
16 19 10
1 5 15
23 4 14
17 19 4
15 16 12
19 22 3
13 16 3
4 9 22
18 20 14
22 1 28
11 12 13
20 21 12
11 16 5
10 14 28
11 13 22
11 15 17
20 23 29
2 6 16
22 2 29
6 10 22
11 14 26
3 5 17
22 3 24
6 9 18
11 14 6
15 17 19
6 8 11
9 13 5
13 18 20
19 23 3
23 3 8
3 6 2
1 3 18
4 6 14
2 5 4
9 12 22
19 23 26
13 15 9
16 19 28
20 22 9
3 5 1
19 22 22
12 14 1
14 16 23
9 12 8
5 7 13
15 20 1
18 21 16
0 4 22
1 5 21
2 5 17
3 7 13
7 11 14
16 20 10
23 0 29
7 10 19
0 3 12
17 21 10
18 21 17
2 4 21
3 7 27
0 2 19
20 22 28
17 21 2
22 1 11
22 2 13
7 10 6
1 3 19
10 13 27
13 19 29
9 12 26
1 4 29
12 13 6
10 12 19
19 21 6
0 4 20
12 13 4
19 23 15
6 6 8
10 11 5
14 17 11
5 9 13
11 14 1
0 4 23
2 7 17
22 2 12
7 11 2
15 17 3
10 13 9
15 18 4
23 4 29
15 18 24
2 5 27
4 7 21
6 7 28
6 9 2
23 0 22
17 20 8
19 21 1
15 18 26
14 19 16
4 6 14
17 21 8
18 19 28
14 15 6
9 12 5
21 23 23
15 19 2
17 20 7
11 15 2
0 2 2
23 0 6
0 3 25
16 20 18
16 19 17
5 8 3
19 22 8
6 8 11
11 14 25
15 17 15
6 9 27
10 14 7
4 8 18
16 18 12
15 20 25
5 9 27
23 3 1
5 7 24
0 4 12
11 13 2
17 20 9
2 6 6
16 21 16
17 19 4
8 11 20
8 12 29
20 23 7
9 13 14
3 7 26
12 16 26
14 19 17
0 1 27
6 11 24
7 8 3
16 18 18
15 19 23
17 19 24
14 17 21
1 4 13
20 1 20
17 19 14
3 6 28
23 3 15
14 18 14
16 19 26
8 11 12
16 21 10
23 2 20
11 14 20
1 5 4
17 19 3
8 12 2
22 1 21
6 10 25
8 11 2
19 20 25
20 23 7
7 10 4
10 12 19
18 23 20
18 21 28
2 5 20
3 4 19
1 4 7
9 13 25
4 7 9
18 20 7
9 11 12
1 3 25
11 12 7
11 13 20
19 21 7
8 11 15
15 17 1
1 4 17
6 10 3
18 20 29
12 15 8
14 16 27
7 9 16
14 16 16
14 17 24
0 3 13
14 18 28
18 20 25
10 12 10
20 23 23
20 0 17
13 15 24
7 10 25
22 1 9
23 2 10
22 1 27
9 13 16
23 1 9
5 7 9
4 6 19
20 23 24
9 11 27
8 11 17
6 8 15
8 10 26
22 1 24
15 19 28
18 21 4
6 9 3
18 22 18
1 2 15
17 19 17
3 5 8
21 0 12
7 11 28
17 21 12
14 17 9
10 12 10
23 1 4
4 7 1
11 14 27
22 1 16
5 7 2
19 23 14
5 8 8
2 6 18
23 2 29
8 11 3
21 0 25
14 16 11
9 12 24
14 18 27
19 22 23
8 11 12
7 11 26
6 9 2
17 21 4
7 9 20
5 7 1
16 18 24
20 23 6
23 1 17
20 23 23
23 3 6
12 14 27
4 8 23
20 22 14
15 18 1
16 19 12
13 16 7
8 12 21
1 2 28
6 10 14
14 17 9
7 11 9
9 12 12
5 8 9
6 9 1
5 8 18
14 18 10
12 13 20
12 15 1
13 16 3
5 8 25
13 17 9
2 6 16
21 0 12
2 6 13
7 11 2
9 11 28
0 4 17
15 19 21
19 23 14
22 0 28
4 7 17
22 1 18
4 7 4
15 17 24
13 16 17
11 14 20
17 20 28
16 19 3
14 18 26
0 2 22
22 1 3
5 7 22
22 1 1
0 4 22
16 19 29
4 5 7
23 2 18
17 20 2
13 14 28
5 10 17
14 18 21
18 20 11
9 12 17
0 4 18
8 11 2
7 10 3
19 23 15
18 21 17
2 4 13
15 16 18
16 18 8
19 21 28
6 9 16
11 14 16
18 21 24
1 5 21
18 21 12
15 17 29
8 12 10
3 6 5
20 0 20
0 2 15
14 16 6
11 13 22
19 23 26
18 22 13
18 21 24
0 1 29
13 17 8
1 3 25
16 20 24
4 8 6
19 23 6
0 2 27
6 8 12
15 16 20
23 2 15
21 1 1
10 13 26
7 10 4
14 18 6
2 4 11
20 23 3
4 9 18
23 2 12
10 15 29
9 10 8
22 0 11
19 22 10
1 4 16
12 16 27
9 11 2
15 21 18
0 4 12
10 12 15
4 7 13
9 11 13
3 5 14
20 0 26
18 21 20
4 10 19
14 17 21
5 9 25
5 9 9
7 11 20
17 20 22
12 14 15
5 7 2
20 1 22
7 10 26
9 12 26
6 10 26
5 8 28
1 4 13
0 3 1
21 0 22
3 6 9
21 23 5
15 18 19
18 23 7
22 2 19
8 11 24
0 2 15
13 17 26
9 14 7
2 6 13
13 16 23
7 10 4
21 1 23
21 23 26
16 18 25
1 3 7
13 15 7
11 16 3
15 17 24
21 1 15
7 10 16
2 6 16
4 8 19
2 5 5
15 18 20
6 10 15
18 21 11
0 2 5
20 0 28
18 20 2
15 18 18
22 1 1
11 14 20
17 20 19
14 18 24
8 12 16
18 22 28
12 14 13
22 1 3
11 14 11
10 14 14
4 8 27
15 17 3
9 13 14
9 13 2
7 12 12
9 12 5
11 14 25
17 20 23
12 14 17
4 7 3
7 11 5
15 19 2
22 2 7
16 19 1
6 8 20
13 15 23
10 13 28
15 18 9
5 9 7
6 9 19
14 16 10
10 12 24
11 15 12
1 5 16
15 19 16
1 3 8
14 16 14
2 6 9
8 10 12
6 11 18
4 9 12
13 16 25
10 13 4
0 3 18
8 12 18
11 15 5
18 21 24
1 6 5
22 0 10
6 10 14
10 14 7
19 22 18
13 19 14
22 3 5
23 3 10
0 2 25
21 1 28
21 1 16
21 0 9
19 22 29
13 15 13
9 13 4
5 9 26
6 10 9
0 3 24
16 20 9
17 19 9
1 5 29
1 5 19
19 22 13
20 22 4
14 16 14
11 13 10
12 14 18
15 17 18
10 12 10
9 13 28
11 14 16
13 16 9
14 16 17
22 1 22
14 19 4
9 13 29
0 3 4
18 20 19
21 23 10
17 19 6
13 16 4
20 22 10
8 12 29
18 22 28
4 10 3
14 18 9
9 13 26
19 0 27
19 21 9
8 12 5
19 23 25
21 23 23
17 21 5
10 13 8
8 11 5
15 17 23
11 13 9
16 19 10
9 13 20
0 4 16
10 14 23
4 6 7
3 6 1
15 19 21
9 12 19
4 7 15
14 19 7
23 2 14
6 10 22
1 4 20
8 13 4
20 21 12
0 3 29
2 5 17
22 1 13
18 21 18
8 10 28
19 23 7
18 20 12
15 18 4
9 11 1
11 14 8
21 1 17
2 6 11
2 4 11
3 6 13
23 2 27
14 17 16
12 17 24
11 16 21
9 12 27
0 0 16
14 16 8
10 12 14
10 12 8
0 2 3
18 21 14
16 20 18
5 8 19
0 2 14
12 14 2
4 6 6
0 3 15
17 21 26
3 7 27
19 21 24
0 2 15
21 1 16
18 22 4
13 16 14
14 18 24
20 22 3
12 15 11
17 21 28
4 7 19
10 14 2
20 23 9
9 12 16
18 21 29
10 14 16
19 0 4
15 19 4
14 18 21
7 8 11
1 3 21
4 7 12
11 15 13
12 16 18
3 5 18
13 15 16
20 23 24
21 1 9
0 1 4
17 21 13
16 19 18
23 2 18
23 1 1
16 20 13
17 22 2
10 13 6
15 18 10
9 10 8
5 6 1
16 21 6
0 4 29
10 14 1
13 14 22
15 17 28
7 10 20
19 20 23
15 17 9
21 0 22
3 8 1
6 8 8
20 23 16
3 7 26
10 13 21
4 4 26
23 3 7
15 17 26
12 14 22
20 22 23
7 12 4
5 8 7
14 16 24
10 14 3
1 3 15
13 15 5
11 14 17
12 15 21
16 19 14
4 6 11
14 18 11
4 8 6
17 20 6
0 3 7
14 18 15
5 9 20
14 16 14
4 7 20
23 2 21
8 12 19
9 12 23
3 7 13
23 2 8
1 5 9
0 4 4
23 1 26
3 7 17
19 23 18
20 22 17
20 22 6
17 21 13
13 16 7
0 4 15
20 23 5
20 0 6
18 22 24
23 3 14
21 0 2
22 1 14
15 20 20
14 14 28
3 6 1
18 21 18
20 23 2
15 17 27
11 14 6
21 23 24
19 23 10
16 18 10
20 0 27
12 14 10
4 8 28
17 21 29
7 10 14
5 7 23
4 8 8
2 4 6
2 5 13
7 12 6
12 16 28
6 9 7
13 16 14
6 8 3
18 22 28
14 15 1
20 22 10
15 17 12
17 21 4
19 22 25
3 6 6
14 16 1
18 21 19
0 1 18
8 10 1
6 10 18
23 4 12
15 19 17
17 19 9
7 10 28
12 14 1
12 14 2
16 20 13
4 8 20
10 13 1
20 23 24
11 14 6
11 15 28
20 1 7
22 2 7
9 11 8
9 12 19
8 11 22
9 11 15
6 9 11
6 9 17
22 2 18
17 20 9
6 8 1
4 8 3
16 18 21
19 22 16
6 11 28
0 3 1
11 13 24
7 9 26
10 11 25
12 14 29
10 12 24
12 16 19
1 3 14
11 13 3
7 8 12
16 18 14
19 23 17
14 17 13
23 2 12
21 1 11
23 1 29
8 12 20
14 17 13
3 6 12
11 13 16
22 0 20
4 9 3
6 7 15
3 6 22
23 2 22
17 20 11
3 6 19
0 4 27
11 15 28
5 6 12
3 5 23
6 11 20
1 4 26
16 18 2
6 10 20
21 0 28
20 21 6
12 15 2
22 0 6
8 12 13
8 11 18
13 16 9
12 14 26
16 21 29
19 21 9
0 4 4
4 8 6
13 17 13
9 13 9
8 11 18
20 0 6
2 5 29
11 14 11
13 17 28
16 20 28
20 22 21
8 11 3
6 8 16
14 18 18
8 11 28
1 3 2
18 21 26
0 4 18
2 5 22
5 9 7
11 13 19
11 15 1
6 8 29
11 14 16
8 12 8
6 9 11
11 14 28
13 15 10
21 23 11
5 9 26
2 7 29
14 17 5
12 14 26
19 22 21
3 6 13
16 19 2
6 12 22
19 23 1
14 15 12
19 19 9
19 21 8
14 16 8
5 8 24
6 9 12
19 21 9
8 10 19
11 15 27
21 0 11
11 13 5
16 21 5
20 23 16
3 7 27
17 20 5
2 6 19
21 1 4
13 15 23
12 16 22
12 13 10
19 22 26
17 20 19
19 23 7
8 11 11
0 3 18
17 20 25
18 19 13
12 17 7
18 21 9
15 17 1
1 3 1
19 21 11
8 11 17
14 17 11
8 10 11
0 4 3
9 11 19
1 6 21
8 10 29
5 9 7
18 21 24
7 10 8
0 3 26
16 20 9
11 16 11
7 9 8
17 19 5
13 16 22
14 16 12
5 8 16
15 18 25
5 8 9
16 20 28
23 3 7
1 5 1
14 18 18
21 23 10
6 10 9
20 23 6
18 22 20
14 18 19
23 4 24
15 19 19
17 19 1
0 2 12
22 2 17
1 4 20
16 20 13
15 19 19
9 12 28
8 12 8
11 14 10
0 2 17
22 1 26
9 13 16
14 17 8
16 19 5
5 7 22
17 19 10
13 17 4
14 17 22
9 13 28
2 4 12
1 3 13
4 7 23
5 7 14
0 2 3
16 18 6
0 3 17
0 3 8
5 8 21
16 17 1
8 12 9
11 13 21
2 6 10
16 17 25
21 0 22
7 11 9
11 13 7
3 6 22
21 1 5
15 16 13
21 0 6
11 12 22
0 3 7
22 1 11
15 17 10
19 21 12
17 19 3
9 11 22
23 2 10
5 8 6
12 14 12
17 20 4
11 15 23
7 8 4
17 17 18
8 10 28
12 16 1
22 2 5
6 8 15
12 14 7
1 4 29
20 21 26
12 14 24
16 20 18
13 15 23
15 18 22
14 17 16
15 19 16
19 21 3
9 11 17
8 11 8
2 6 19
22 3 9
22 0 18
0 3 1
16 21 21
3 7 8
22 1 18
1 4 23
8 11 26
6 10 14
6 9 18
10 13 8
11 15 21
9 12 1
16 19 29
10 14 21
21 1 20
3 7 7
15 17 3
9 12 18
18 20 17
19 0 9
14 17 16
15 18 9
11 14 18
7 12 4
5 7 1
8 11 13
2 4 5
20 23 13
6 9 11
6 9 16
19 21 6
4 7 23
0 3 22
0 5 10
21 0 10
9 11 23
0 3 19
14 19 6
16 18 10
10 13 2
21 0 24
3 5 27
12 14 4
7 10 19
15 18 6
3 7 21
2 4 23
19 21 1
19 22 23
6 11 3
11 12 9
14 16 6
10 13 18
14 17 2
10 12 16
7 9 13
1 5 10
11 15 15
13 17 4
18 22 11
19 20 14
8 12 21
18 20 16
23 3 23
2 4 9
18 22 20
5 10 11
14 17 29
21 23 29
1 4 14
9 12 23
16 18 22
21 0 25
20 21 2
13 16 2
9 10 22
10 11 26
15 19 18
23 1 24
6 9 16
9 12 25
6 7 25
14 17 11
8 11 12
1 6 19
21 0 17
2 7 29
19 22 27
21 0 14
7 9 8
11 14 15
5 9 21
14 16 26
1 3 13
0 4 5
0 3 15
15 18 16
6 7 4
16 19 13
11 14 28
20 23 28
17 22 2
20 1 5
3 7 11
18 22 25
19 23 23
22 1 28
19 22 25
7 11 25
23 2 3
23 2 26
9 11 19
6 10 3
8 12 1
6 8 28
7 12 10
18 21 22
22 2 26
13 17 14
17 19 19
20 23 27
23 3 15
16 18 13
1 6 24
3 7 22
3 4 21
20 1 5
1 3 21
12 15 6
19 21 8
22 2 25
21 23 5
4 5 18
0 3 14
20 0 16
9 11 1
7 11 2
15 18 16
3 5 10
14 17 22
7 11 7
21 0 11
23 2 4
5 8 18
21 22 26
22 23 10
3 5 5
2 5 24
11 14 8
18 20 4
18 21 10
13 15 13
11 14 9
0 1 9
4 8 1
1 4 15
13 17 23
3 7 24
22 1 28
5 7 4
4 8 2
8 13 5
4 7 13
9 12 14
3 7 11
1 4 15
23 1 14
20 21 21
3 6 19
11 14 12
13 14 28
14 17 21
13 17 1
6 10 5
8 13 27
10 14 3
12 13 13
3 6 6
18 19 22
0 4 3
8 11 19
21 2 17
9 11 25
14 18 13
22 1 7
5 7 4
16 19 13
12 16 3
9 13 12
22 0 21
10 12 7
23 1 17
10 12 15
6 8 3
18 21 16
11 13 16
2 4 5
10 13 4
10 12 27
19 23 9
19 21 11
20 21 2
20 1 8
15 18 20
14 16 14
3 6 13
0 3 27
14 17 27
6 8 13
8 10 18
11 14 16
21 0 27
15 16 20
14 17 5
0 2 27
6 9 23
14 15 6
4 7 1
19 0 22
19 22 26
9 12 3
8 13 21
6 11 29
4 7 29
13 15 27
5 6 29
1 5 14
14 18 29
6 9 4
12 15 5
15 19 14
17 20 25
5 9 14
20 22 6
16 20 19
17 18 11
5 7 29
12 16 27
3 8 21
10 12 25
5 8 22
22 1 14
17 21 28
14 17 15
3 5 10
19 22 22
20 23 6
22 1 9
1 5 5
19 23 12
10 13 23
18 20 2
17 20 3
10 12 10
22 0 2
14 17 20
6 8 25
6 10 6
22 2 2
19 20 8
1 4 10
19 21 29
6 9 23
9 11 8
22 2 22
17 21 26
9 13 25
0 1 15
16 21 3
9 12 2
6 10 18
2 5 18
13 16 13
4 8 13
11 12 9
17 21 27
19 22 27
4 7 20
19 22 22
15 18 9
9 11 27
8 11 13
6 10 15
8 12 23
14 18 4
2 5 13
4 7 29
6 9 10
9 12 18
13 16 15
2 6 18
15 16 1
6 7 29
20 23 29
9 10 14
3 7 5
14 17 11
21 23 24
23 2 11
10 12 6
20 0 10
23 1 24
5 8 15
17 21 11
17 21 14
8 12 20
0 5 6
12 15 2
17 19 11
9 14 4
17 20 7
4 7 2
15 18 12
16 19 19
19 23 9
7 12 20
11 13 16
2 7 27
12 16 9
6 7 3
19 23 6
8 12 24
18 22 9
6 9 20
20 23 24
22 1 28
2 5 20
5 8 25
8 11 27
12 14 13
7 11 24
0 4 27
2 7 29
10 12 6
6 8 4
0 3 3
7 9 15
20 22 22
11 13 10
5 8 12
4 5 29
14 17 20
1 3 22
21 21 29
15 17 15
19 22 3
20 0 10
14 18 8
5 8 4
12 14 16
11 14 7
6 10 10
19 23 9
22 0 22
21 1 5
12 15 24
18 20 6
14 15 5
2 5 28
13 15 8
10 14 19
10 14 23
8 11 25
10 13 1
3 7 25
22 1 7
1 4 16
9 13 21
13 14 9
20 23 10
11 14 12
5 8 25
21 22 29
16 20 15
5 9 16
8 12 4
0 1 23
11 14 14
10 14 28
11 12 25
23 2 8
0 3 14
10 12 11
11 13 16
14 17 3
14 17 28
2 5 8
18 23 24
9 12 8
17 20 11
8 12 12
19 22 10
13 17 28
14 17 13
10 14 6
21 0 29
14 18 15
3 6 2
21 0 13
1 3 1
17 20 11
12 17 22
4 7 29
12 15 20
11 14 14
1 6 11
16 19 3
9 13 15
11 15 21
21 1 18
19 22 16
15 17 7
20 22 1
23 4 5
13 15 21
19 22 10
6 10 8
5 7 9
19 21 5
18 19 10
10 12 18
16 19 19
11 15 20
5 8 12
10 14 27
6 10 11
2 5 5
2 3 12
18 20 1
4 7 21
8 11 14
19 22 5
20 23 17
18 19 7
14 16 18
4 9 26
10 13 11
0 3 11
18 21 14
9 12 24
17 19 5
2 6 29
11 14 5
1 4 19
9 14 12
7 10 12
1 4 14
19 22 28
0 1 28
9 10 19
21 23 12
22 1 5
23 2 8
14 17 19
6 8 20
0 2 8
9 14 6
18 20 14
7 9 19
5 8 2
12 14 1
0 4 26
12 15 23
15 17 12
4 8 28
1 3 28
11 11 21
6 9 12
21 0 18
13 14 13
22 2 10
16 18 15
0 3 21
4 8 25
19 21 17
0 4 15
10 13 1
0 3 3
2 6 25
12 14 17
17 21 24
0 2 15
1 2 1
16 18 14
23 3 29
23 1 24
3 6 17
18 21 27
8 12 13
23 0 7
10 13 3
14 15 7
6 8 9
10 12 28
9 12 28
14 18 14
9 12 25
23 2 9
7 10 21
22 1 29
19 22 3
18 20 11
0 3 8
1 4 23
23 1 11
7 9 9
0 4 11
15 18 27
3 7 27
1 5 20
14 15 13
18 21 21
1 4 21
9 10 16
12 15 29
9 11 27
7 9 23
13 17 12
8 10 6
2 4 28
14 17 27
9 12 22
14 17 1
0 3 27
11 14 25
14 18 16
10 13 29
15 17 14
8 10 16
5 8 3
11 14 3
23 2 6
10 15 24
17 18 5
12 14 10
9 11 4
8 11 3
23 2 2
19 20 8
7 11 2
18 22 16
8 12 8
13 17 25
3 6 10
9 12 16
12 15 1
8 12 26
7 10 17
4 5 13
11 14 1
1 4 7
2 5 28
4 5 22
21 0 12
5 10 14
20 0 5
20 22 3
2 5 22
1 4 28
6 9 3
19 21 19
14 16 26
17 19 27
16 19 14
16 19 22
3 5 29
7 11 21
20 22 22
12 15 17
6 9 17
10 12 6
13 14 15
17 20 17
6 9 14
22 0 15
20 23 4
13 16 25
17 20 8
18 21 22
2 4 4
8 9 14
20 1 7
6 10 25
20 23 14
8 10 10
9 12 15
13 15 13
20 1 14
10 13 24
22 22 9
14 17 13
10 14 21
6 10 12
12 16 9
23 1 3
17 18 12
19 21 21
3 6 4
14 17 17
14 16 24
16 19 21
20 23 16
17 21 17
18 21 23
3 7 17
10 13 12
7 9 7
21 23 22
9 11 24
21 23 11
21 0 10
14 15 23
22 2 2
13 15 17
15 17 12
17 21 19
16 20 21
16 19 5
13 16 29
3 7 5
5 7 1
3 5 26
1 4 10
19 23 14
17 19 4
1 3 15
2 4 28
16 20 11
9 13 16
9 14 14
6 9 28
11 12 24
16 19 23
8 12 8
17 21 6
7 10 28
4 6 6
12 14 28
10 13 4
13 18 26
4 10 27
13 14 15
12 16 17
5 8 4
5 8 26
0 3 18
8 12 16
18 20 23
4 6 14
16 20 22
14 18 5
12 15 23
11 13 26
19 23 18
10 14 4
7 11 5
21 23 22
3 6 29
11 14 11
13 16 29
11 14 18
12 16 21
15 18 13
2 7 19
21 1 21
4 6 14
16 19 12
11 15 14
6 9 23
8 11 1
12 17 21
14 17 7
14 18 10
15 18 6
13 16 17
0 3 13
1 4 26
2 5 16
5 8 13
20 1 19
17 20 14
14 18 16
2 6 21
10 13 21
10 15 14
5 8 11
4 7 4
13 15 7
19 21 9
14 19 13
2 5 25
5 8 24
12 13 17
19 21 17
3 7 1
16 19 10
3 6 23
18 19 6
5 8 25
19 22 1
22 22 1
2 5 25
1 3 26
8 12 23
22 2 26
11 15 18
8 11 2
19 23 7
21 0 20
22 2 19
1 4 23
0 3 19
18 20 24
2 5 21
18 21 23
12 15 16
10 11 3
20 23 18
12 17 5
5 8 14
2 6 3
14 17 11
12 16 24
20 22 21
5 8 16
14 18 24
12 15 5
12 14 10
16 19 26
11 14 6
15 17 21
21 23 27
12 16 14
17 19 26
9 13 17
7 11 12
3 6 27
15 18 18
13 15 3
14 18 16
21 0 24
8 11 6
0 3 1
5 7 13
11 14 9
6 8 12
23 1 13
0 2 11
9 11 26
9 12 14
1 5 1
23 3 1
5 8 4
20 23 16
6 10 1
0 4 23
7 12 16
4 8 4
1 4 21
9 11 12
18 21 20
21 0 3
23 2 14
5 9 23
8 11 25
23 1 11
11 13 10
20 0 16
19 23 8
3 5 25
2 5 27
23 3 12
12 16 19
22 1 20
21 2 16
10 13 19
11 14 8
4 9 25
16 20 22
11 16 2
12 16 16
17 19 27
8 12 5
10 13 28
21 0 24
19 20 6
6 7 8
12 16 26
3 4 8
4 8 12
5 7 17
20 22 2
23 2 25
22 0 23
20 0 20
9 12 28
4 8 28
7 11 28
2 4 21
7 12 2
1 3 6
22 3 10
17 19 17
0 4 19
19 20 16
0 5 24
8 10 29
18 21 17
1 4 2
12 14 8
8 12 23
15 19 19
21 23 26
22 0 3
10 13 29
9 11 9
16 19 18
21 1 14
6 9 23
2 4 23
21 23 5
13 17 28
23 1 20
2 6 12
15 18 8
18 20 10
16 19 27
10 12 3
9 11 15
3 5 17
16 20 27
15 18 3
7 9 22
8 11 10
11 14 27
22 22 10
7 11 20
17 19 24
4 9 6
5 7 26
0 4 28
10 12 4
3 7 16
4 8 25
4 6 6
15 18 2
19 21 23
0 1 28
15 17 15
15 19 17
17 19 5
12 14 25
7 10 21
23 2 27
13 16 21
15 18 18
16 19 17
0 3 11
9 11 21
19 23 14
22 1 28
18 21 14
5 6 22
19 22 5
15 19 1
1 5 14
7 10 13
1 2 13
18 20 7
15 19 29
1 5 6
15 17 26
15 18 27
22 0 26
14 15 9
20 0 23
17 19 2
6 9 2
20 22 19
4 6 10
8 10 21
11 13 29
14 18 5
10 12 12
7 10 18
2 5 11
19 23 28
5 8 28
12 14 13
13 16 11
13 15 15
23 1 15
1 4 26
4 7 24
5 9 9
7 10 13
15 17 15
0 2 3
5 7 23
14 17 5
20 1 16
10 14 3
3 6 20
3 5 17
10 12 6
5 9 4
10 14 11
19 20 14
9 13 10
20 22 9
21 1 12
22 1 22
18 19 15
16 18 12
0 3 24
9 13 20
18 19 22
22 2 7
20 23 2
14 17 24
12 15 29
9 12 24
17 19 24
20 1 5
20 22 14
4 7 20
20 1 3
8 13 28
1 2 3
16 19 20
2 6 17
12 16 7
3 7 28
14 18 9
0 3 2
16 20 9
22 2 23
11 14 12
13 15 7
11 15 25
18 21 25
22 2 25
5 8 4
4 7 6
17 20 28
18 21 29
13 16 6
19 22 12
16 18 15
21 23 18
20 23 26
15 19 20
0 3 4
15 19 8
4 8 27
22 0 27
3 6 2
3 6 16
3 7 13
7 10 21
6 9 13
21 23 6
11 13 5
22 0 16
11 15 2
4 7 6
7 10 26
15 18 25
11 13 4
21 23 27
11 16 25
9 13 17
21 0 16
22 23 23
0 1 28
19 22 2
5 6 27
15 20 6
20 0 13
21 22 2
3 5 7
21 1 19
20 23 2
15 17 24
7 11 6
16 19 17
11 16 29
6 8 27
6 9 6
19 23 19
6 10 24
0 3 20
5 9 19
22 1 20
4 8 9
8 10 25
2 5 8
13 16 17
16 18 14
12 15 8
14 16 10
19 23 7
16 18 23
8 10 5
16 20 23
8 11 6
23 2 13
9 13 1
18 21 16
12 16 4
22 0 9
21 23 11
3 5 8
4 8 24
0 3 17
13 17 23
21 0 3
3 6 20
23 3 9
12 15 18
8 10 1
19 22 26
17 19 9
15 19 20
21 1 8
20 23 19
7 11 20
22 2 16
14 17 21
21 0 21
14 17 19
4 7 19
4 7 28
5 8 3
13 15 5
12 14 23
20 22 11
23 3 12
20 23 27
17 20 5
2 7 14
6 9 14
12 15 2
1 4 3
17 20 17
16 19 12
16 19 7
22 2 3
14 19 20
10 13 3
5 8 8
1 6 23
21 0 11
7 10 23
6 8 23
13 17 5
21 0 5
23 3 15
12 16 28
3 5 21
0 4 8
20 23 13
9 11 26
0 2 5
4 8 18
21 23 4
18 19 3
11 15 2
19 23 2
19 22 8
12 16 3
10 12 22
15 17 27
12 15 18
20 22 10
7 10 29
7 10 12
12 16 16
16 18 24
0 3 1
17 21 5
4 5 1
15 18 26
21 0 26
22 1 18
10 13 16
16 19 5
17 20 16
9 12 17
14 17 20
20 23 28
17 21 4
13 15 16
23 4 11
0 3 7
22 0 16
19 21 19
2 5 8
15 17 26
13 17 13
1 5 16
23 3 6
6 9 28
7 10 7
5 7 24
11 14 16
16 18 24
5 8 8
6 10 24
14 17 6
11 14 1
8 11 16
5 8 13
20 23 13
23 0 17
8 11 8
13 16 9
21 0 29
9 10 23
1 4 21
12 15 13
15 17 26
4 6 12
3 6 20
0 5 17
8 10 14
8 10 10
6 8 25
1 4 7
21 0 26
0 4 2
5 9 11
4 6 12
18 20 2
5 8 21
14 15 12
12 15 10
19 22 3
17 19 29
4 8 16
12 16 18
6 10 22
1 3 9
5 8 29
2 5 28
18 19 14
12 16 5
10 12 25
23 3 14
0 2 9
16 18 25
9 12 1
6 9 9
3 5 11
7 11 14
15 16 4
3 6 4
22 1 10
3 6 17
3 6 13
12 14 2
16 19 25
13 17 17
10 13 2
3 5 28
15 18 9
14 16 29
13 16 19
13 16 8
3 6 8
10 14 11
6 10 2
3 6 8
4 8 20
0 4 28
11 14 19
5 9 13
4 7 28
18 22 3
1 3 11
10 13 23
23 0 25
6 9 4
5 9 25
1 2 27
21 0 27
22 2 14
2 4 11
11 14 26
8 11 23
8 11 11
7 11 18
12 17 16
21 23 22
12 15 10
13 16 11
7 10 16
12 15 23
15 17 14
20 22 4
18 22 18
3 6 26
14 18 8
0 2 5
11 15 10
16 19 25
16 19 9
4 7 26
16 19 11
12 15 15
19 20 26
14 18 11
8 11 13
11 14 13
7 10 6
23 3 2
3 4 3
6 9 6
2 3 14
3 4 3
2 5 18
15 20 4
10 13 22
14 17 25
23 3 18
21 1 14
17 19 24
12 15 6
16 20 9
12 15 3
15 19 25
0 5 29
5 8 27
9 12 22
7 9 28
21 23 6
3 6 28
21 1 13
15 18 10
14 16 18
19 0 27
10 13 22
10 13 21
5 9 27
12 15 1
3 7 7
22 23 22
13 15 6
20 23 23
17 18 1
3 6 11
21 23 14
6 9 26
23 3 21
15 17 8
1 4 9
17 19 11
14 15 10
18 21 28
18 23 12
2 5 26
15 17 27
4 8 12
17 19 24
1 3 11
10 11 19
20 0 6
5 9 29
22 0 5
13 15 15
5 8 16
11 14 22
22 1 14
0 3 4
11 14 10
12 13 22
7 11 11
2 4 1
3 7 18
2 6 7
10 13 10
22 0 18
17 20 2
19 21 17
9 12 22
20 23 2
4 8 29
16 18 21
6 9 11
4 7 21
17 19 16
18 21 2
18 21 4
13 16 3
19 21 7
19 23 26
6 10 6
0 4 25
6 8 6
7 8 12
19 21 10
12 16 15
21 1 21
0 2 16
0 2 6
6 10 29
20 23 16
22 0 15
14 17 24
17 21 19
12 16 3
2 5 22
6 7 14
15 20 10
1 5 19
23 3 12
5 8 19
5 9 18
12 13 26
21 23 24
3 8 26
3 8 11
4 7 21
12 15 14
10 12 29
9 12 6
23 2 7
17 19 13
16 19 13
3 6 4
20 0 19
11 14 10
2 5 12
1 4 2
4 6 5
3 8 3
3 5 22
7 10 13
16 18 10
12 15 13
20 23 18
18 21 1
8 11 8
0 3 29
16 18 18
23 3 6
14 17 28
19 22 19
12 17 1
4 6 5
7 9 11
15 17 16
16 19 16
13 14 17
2 5 8
6 9 16
7 10 29
7 10 1
20 23 6
22 2 9
18 20 5
23 5 24
8 12 9
5 9 27
7 11 5
