1000 23
3 21 18 16 8 1 14 21 13 13 8 23 14 9 2 8 3 19 13 19 17 18 21 
19 22 22
10 13 22
23 2 1
7 10 8
18 20 11
8 10 12
21 0 17
14 18 1
9 12 6
2 7 3
7 10 8
2 5 19
8 10 5
12 14 21
10 14 18
16 20 8
16 19 19
22 0 14
12 15 5
13 17 8
2 4 13
0 3 8
13 15 22
16 20 2
18 21 14
5 11 8
18 22 21
18 21 22
7 11 18
3 6 2
5 7 3
21 23 21
19 22 22
12 15 6
10 13 9
10 13 9
22 3 4
9 12 22
9 10 18
4 7 2
11 15 7
18 23 17
2 5 18
18 18 20
9 14 11
5 9 19
13 18 21
10 12 4
9 12 4
11 15 16
18 20 17
20 23 9
4 7 7
1 4 16
13 17 1
0 1 10
7 12 5
14 17 13
0 1 8
7 10 10
10 13 6
20 22 19
4 8 10
11 13 16
2 4 16
4 8 4
19 23 11
17 21 1
1 4 9
7 9 2
16 19 14
8 13 9
2 6 8
22 0 23
23 2 9
20 0 9
19 20 12
17 19 13
22 0 12
18 21 9
8 11 17
0 3 9
2 6 2
10 13 6
6 9 22
18 20 21
1 4 19
14 18 18
10 12 14
14 17 7
17 20 4
17 21 13
16 19 9
7 10 13
8 11 8
17 20 21
10 12 2
7 10 13
14 17 4
3 5 22
16 21 15
23 2 23
0 2 10
21 23 9
8 10 2
6 8 1
2 5 12
22 1 19
3 5 20
4 8 14
7 10 13
15 18 4
7 9 9
14 17 5
11 12 2
12 14 7
18 22 2
9 13 13
0 3 13
4 7 2
18 20 15
11 13 23
1 3 12
21 0 19
2 5 4
0 1 1
13 15 5
6 8 12
0 4 19
7 12 23
11 14 18
17 20 9
8 12 15
3 5 2
11 14 23
12 15 15
0 2 3
2 4 6
0 3 21
8 10 6
22 0 21
19 22 14
8 11 11
15 19 2
11 14 5
8 12 23
15 18 12
20 23 11
4 6 7
3 5 21
1 5 17
21 23 3
0 4 9
17 21 8
9 13 19
11 13 14
17 18 14
11 13 12
0 3 14
16 18 19
23 2 10
12 15 20
18 20 1
12 15 11
2 3 9
2 6 12
22 1 2
5 8 14
20 23 1
4 5 11
17 22 19
10 12 20
20 23 7
1 4 15
7 9 3
16 17 23
17 19 2
19 21 21
1 5 17
10 14 2
1 4 8
9 12 5
22 0 12
12 15 15
6 7 18
20 21 5
0 3 13
11 15 13
15 17 11
3 7 21
11 13 12
20 0 21
12 16 6
7 10 21
1 5 20
7 11 19
7 9 13
18 20 10
5 8 4
9 12 7
5 7 9
9 12 19
6 8 6
15 18 10
12 16 22
4 8 1
21 1 7
21 22 19
4 7 12
10 14 23
17 21 2
2 4 21
13 17 3
16 20 22
16 18 1
4 8 2
21 0 19
18 22 6
9 13 17
22 1 14
0 4 7
8 11 8
17 20 5
11 13 23
8 9 8
23 2 9
0 2 1
0 2 3
0 3 9
23 3 1
12 16 17
16 18 14
21 0 18
20 1 18
10 13 2
15 19 2
4 8 4
4 8 12
16 19 13
9 14 16
6 10 20
0 3 3
12 16 21
10 13 10
5 9 1
22 1 11
6 11 23
9 12 17
4 7 19
9 12 10
1 5 2
22 2 8
20 23 15
11 15 4
21 1 4
12 15 7
21 1 21
23 3 19
2 6 7
5 7 10
16 20 2
8 11 19
17 19 2
16 18 3
18 22 7
9 11 19
6 9 12
6 10 8
20 23 21
14 19 12
6 9 1
16 20 10
16 20 17
8 10 15
18 21 8
7 11 18
4 7 5
14 17 19
17 21 11
21 0 23
16 20 13
3 8 22
3 8 11
22 1 10
17 20 13
4 6 23
4 7 12
16 19 11
5 9 2
3 5 18
15 18 11
13 16 13
11 13 7
18 22 14
13 16 19
9 11 9
22 1 22
16 19 4
9 13 3
16 18 20
13 16 23
5 9 4
1 3 19
7 9 23
12 17 16
2 4 17
19 21 21
2 5 5
16 20 18
15 17 12
6 8 3
5 7 8
13 14 19
3 5 15
1 4 18
13 16 10
9 12 14
4 7 4
21 22 11
10 12 9
18 23 15
19 22 14
21 2 10
22 1 12
17 18 20
9 13 20
15 18 11
8 13 22
4 7 9
4 7 10
8 11 10
16 18 13
6 9 4
1 5 20
10 13 15
15 18 7
9 13 8
5 8 11
9 13 21
21 0 19
12 16 17
12 15 7
0 2 17
19 22 18
18 21 17
9 13 7
10 12 1
16 18 8
9 13 5
7 10 20
20 23 9
9 12 7
13 17 21
8 11 6
19 22 13
14 15 8
16 19 1
2 4 18
13 17 4
5 8 19
11 14 22
17 19 17
20 0 12
3 8 16
10 13 6
14 15 17
17 22 8
11 15 19
18 22 22
6 10 18
6 8 17
11 14 9
3 7 15
18 21 13
18 20 13
14 15 13
6 10 21
4 6 16
10 13 2
23 3 11
7 9 5
5 11 17
2 5 22
19 21 17
19 22 19
22 2 8
23 1 16
21 0 2
4 7 21
11 13 16
14 16 5
5 8 17
7 11 20
19 22 11
7 9 22
22 0 17
18 22 3
8 12 9
20 0 15
12 18 4
13 18 1
23 3 6
4 7 15
3 5 3
23 3 1
4 8 9
9 11 6
3 5 22
0 3 16
16 19 21
1 5 13
11 13 15
8 12 19
12 14 19
8 12 17
15 19 12
15 16 17
12 15 9
7 9 10
20 0 18
6 10 9
16 19 17
7 11 17
12 17 13
8 10 2
0 2 5
4 7 9
15 18 18
23 2 6
17 22 5
10 13 17
13 15 12
4 7 19
4 8 16
7 9 14
13 16 20
7 11 6
20 1 13
14 16 2
14 18 9
17 21 14
17 20 18
13 17 21
13 16 9
8 12 22
2 3 23
20 1 5
12 16 2
4 5 11
8 13 20
5 8 10
13 16 23
2 4 7
14 16 17
13 16 17
1 3 4
10 13 19
19 23 17
5 9 9
0 3 12
8 12 16
14 17 18
1 4 16
23 2 14
13 16 8
7 9 5
17 21 8
7 9 7
2 5 13
16 17 5
8 13 21
20 22 22
10 12 7
3 6 12
21 23 23
21 23 1
19 22 20
23 2 21
14 17 15
1 3 10
1 5 9
23 3 2
1 2 11
17 21 15
2 5 11
20 23 3
13 17 16
13 16 5
18 22 22
0 3 21
2 4 11
11 13 14
3 7 1
23 1 8
9 12 17
9 12 4
4 6 2
2 4 7
6 9 7
23 1 22
15 19 6
18 21 15
23 2 22
3 6 4
17 20 18
2 5 5
19 23 18
20 23 3
3 4 17
19 21 10
23 4 5
2 5 18
11 13 6
4 7 12
17 21 4
14 16 2
10 13 1
20 1 19
23 0 20
3 7 15
6 9 1
12 14 5
11 14 12
8 11 1
19 22 5
4 6 8
23 3 14
13 16 17
1 4 13
5 9 2
17 19 10
13 17 12
16 18 6
23 1 1
5 8 20
10 13 4
19 21 15
14 16 7
3 7 16
8 11 11
21 0 4
13 14 9
19 22 7
12 16 13
3 6 6
23 0 23
4 7 23
23 1 17
11 13 9
5 6 3
0 4 17
4 7 19
3 5 3
18 20 4
9 12 13
18 20 3
0 4 4
8 11 23
21 2 18
15 18 7
16 19 21
0 5 20
3 7 21
11 15 17
11 15 17
9 14 20
16 17 11
17 19 1
20 22 13
19 23 15
10 15 21
21 22 17
14 18 23
8 10 12
5 10 6
7 11 10
5 8 12
6 10 9
19 21 8
1 2 19
12 15 12
13 18 17
20 23 22
15 16 21
6 9 21
17 22 9
13 17 16
16 18 19
5 7 3
10 12 1
16 19 12
21 23 17
6 9 4
22 2 19
2 6 13
7 10 13
15 19 7
18 22 18
16 20 8
3 7 20
12 14 9
5 8 12
18 20 23
5 9 10
18 19 1
5 11 4
17 19 2
23 3 6
12 15 3
0 4 3
11 13 21
22 2 19
4 7 13
19 23 12
2 4 12
11 14 15
1 3 23
11 14 4
10 13 3
9 13 22
9 13 1
12 16 17
15 17 14
3 5 21
6 10 18
1 3 9
18 21 16
18 21 19
22 2 4
17 20 23
1 4 21
22 0 21
14 17 6
1 4 8
3 5 15
15 19 12
3 6 1
15 17 8
14 19 21
13 14 21
6 8 4
14 18 9
12 14 6
7 9 10
23 1 6
16 19 23
3 5 6
16 18 6
23 2 13
8 12 9
3 6 13
19 22 13
23 2 16
10 12 2
22 2 23
3 5 23
3 5 14
7 9 8
2 6 19
2 4 4
20 23 20
7 7 13
3 8 17
16 20 10
4 7 15
7 9 5
11 13 5
7 10 5
8 10 17
8 11 21
15 18 16
12 15 21
0 4 5
8 13 16
1 3 6
9 15 9
16 19 20
9 12 16
2 5 5
12 15 14
8 9 20
9 13 22
1 3 22
23 4 3
17 19 9
16 19 17
8 10 12
10 13 10
4 6 12
4 5 22
14 16 14
16 18 17
12 16 20
13 17 19
11 14 19
10 13 3
11 13 21
14 17 9
9 12 14
4 8 11
12 15 21
4 8 8
3 7 12
11 14 14
10 13 8
0 3 6
20 23 15
8 11 13
15 19 13
9 11 9
10 12 11
6 9 6
13 16 4
14 18 7
20 22 17
6 9 5
13 17 18
20 23 15
8 12 14
17 18 1
14 17 9
7 12 19
15 17 2
23 2 1
20 23 12
18 21 11
8 11 12
16 19 4
20 0 17
21 0 15
19 22 12
11 13 11
13 16 6
18 21 15
1 2 19
7 8 8
14 16 14
22 2 22
15 18 19
15 17 5
1 3 7
4 7 4
14 18 5
19 23 12
4 7 3
17 20 21
8 10 21
5 9 19
20 22 2
21 22 23
18 19 18
12 16 14
11 14 8
21 23 5
19 21 9
19 23 4
3 7 2
10 14 3
13 15 2
5 9 7
19 23 15
15 19 17
22 0 15
10 15 18
18 0 22
13 16 2
13 15 13
14 18 14
7 9 15
11 14 6
1 6 11
3 6 9
13 15 11
17 20 3
5 7 16
7 11 10
16 16 8
4 7 9
10 13 18
19 23 2
13 15 8
21 0 5
2 6 9
12 15 4
2 4 2
7 10 17
19 0 21
11 13 1
9 11 12
4 8 4
10 14 20
9 13 2
2 6 11
18 22 18
3 5 15
22 0 5
23 1 3
12 13 2
8 10 5
6 9 20
2 4 14
16 19 15
6 8 13
15 20 19
18 21 5
1 4 20
0 1 2
20 22 13
6 9 17
9 12 9
2 4 19
22 1 12
23 23 5
7 10 11
2 5 2
6 7 1
14 17 3
1 4 7
5 7 10
17 21 2
0 4 8
12 14 17
12 14 13
4 8 11
13 17 12
3 6 1
8 12 13
0 3 7
3 7 6
20 23 21
0 4 11
22 0 15
16 20 4
7 9 2
21 23 16
16 18 17
0 5 18
3 6 2
3 5 7
11 12 7
13 17 17
20 23 3
1 5 9
22 1 12
5 8 16
13 16 18
22 1 17
5 7 21
11 16 4
5 9 9
1 4 23
16 18 16
21 22 1
4 7 10
2 5 3
23 0 7
8 10 20
3 5 7
7 9 7
8 11 1
8 10 1
23 3 23
4 8 2
13 16 10
21 0 8
23 3 3
18 21 17
13 14 15
9 11 4
3 7 14
12 14 6
8 9 15
6 9 4
13 16 21
15 18 4
12 15 3
9 12 20
1 4 1
4 6 2
10 15 14
19 23 3
20 22 2
22 0 10
12 15 13
2 5 13
2 4 10
3 6 13
7 10 23
6 9 14
22 1 13
2 6 10
22 1 14
2 7 16
12 15 8
18 20 20
17 20 12
7 10 2
2 6 11
23 3 15
3 5 2
7 11 13
0 3 14
13 16 13
23 0 9
11 15 1
17 20 6
15 18 6
17 21 3
12 15 21
4 6 16
15 18 6
10 11 17
14 17 13
16 19 10
19 21 16
6 8 23
15 19 7
8 12 20
10 14 12
5 7 20
0 4 15
10 16 5
1 5 22
15 18 17
6 11 13
9 11 3
0 5 15
5 6 4
8 11 22
4 8 4
9 13 13
15 18 16
0 3 13
2 4 5
11 13 17
20 21 9
23 1 2
16 18 9
18 20 13
8 10 17
19 20 21
4 7 9
18 23 19
13 15 21
9 11 17
11 13 16
19 23 13
8 10 2
7 10 22
23 2 16
10 14 5
5 5 23
6 10 2
0 3 12
3 5 4
10 15 23
23 2 2
17 19 13
20 22 12
11 14 15
6 8 20
22 0 23
15 19 2
19 20 22
11 17 7
13 17 19
21 3 9
15 18 3
8 11 4
2 4 20
15 20 11
8 12 8
20 0 19
14 16 12
2 6 12
13 14 3
21 0 12
10 13 22
19 23 23
8 10 1
0 3 21
3 3 10
10 14 7
4 8 1
7 11 20
4 7 8
10 12 9
2 5 7
7 11 5
11 15 22
14 16 17
22 0 13
0 2 21
8 11 9
14 18 23
12 16 22
10 14 2
9 13 15
13 16 17
18 21 17
