2000 25
4 11 4 4 20 12 6 19 17 23 14 23 5 15 2 16 25 9 16 15 22 1 14 7 12 
14 17 13
7 11 11
3 6 6
0 3 11
19 23 18
15 18 7
6 7 25
22 1 9
12 14 4
7 12 12
14 20 14
23 4 20
11 15 4
21 1 7
19 22 9
11 14 8
23 1 4
20 0 4
15 17 18
5 10 1
3 5 15
2 5 9
4 8 10
2 5 5
17 22 17
5 6 14
15 19 7
3 7 25
0 4 18
10 12 4
23 5 12
11 13 3
13 17 23
13 15 8
10 12 8
9 12 6
10 12 6
11 15 4
2 7 18
19 21 10
21 23 17
10 11 7
6 8 11
22 1 5
15 18 19
1 3 4
18 19 21
3 7 6
2 6 10
6 8 16
11 13 7
9 11 15
19 23 15
15 19 14
2 5 25
14 17 24
10 13 1
14 18 12
2 5 23
16 20 23
16 20 21
17 21 24
12 15 16
19 22 4
8 12 3
4 7 9
3 7 13
23 2 25
4 8 6
0 3 16
23 2 16
18 21 15
4 7 21
7 11 9
15 19 3
14 17 25
5 9 21
19 22 23
7 10 11
19 21 12
17 19 14
13 15 23
13 16 9
13 15 22
0 3 4
8 12 24
17 20 18
20 23 16
8 10 16
16 19 9
9 12 21
0 3 8
10 12 24
21 1 10
18 20 22
18 20 22
1 3 22
19 23 8
10 13 23
5 7 23
9 14 13
3 6 16
17 21 1
22 2 25
11 14 8
16 19 11
9 12 4
0 3 16
2 5 1
19 22 19
4 7 19
12 16 5
21 0 15
5 8 9
9 12 2
17 18 1
2 6 7
20 23 15
19 21 18
2 5 14
16 17 8
4 7 13
13 16 16
23 2 3
18 22 17
19 22 5
14 17 14
7 11 10
23 3 13
2 7 19
3 5 5
5 10 1
4 7 23
20 23 11
15 18 15
20 22 15
4 9 1
10 12 10
12 15 7
10 13 2
12 15 7
12 15 13
12 14 23
21 0 7
11 15 13
13 17 20
8 13 7
15 18 9
5 7 1
18 20 8
18 20 11
20 23 14
13 16 8
18 22 5
5 9 20
15 17 22
18 20 5
7 11 25
7 10 20
13 15 16
2 5 7
12 15 8
11 12 6
2 3 22
16 16 20
0 6 22
0 2 15
9 13 13
5 8 5
3 7 2
23 4 4
1 5 16
7 10 20
13 17 25
18 23 16
16 19 9
18 21 9
1 3 16
20 0 25
18 21 18
7 11 2
2 4 15
15 18 25
6 9 22
9 12 15
23 4 14
16 19 19
18 21 10
14 16 5
5 8 17
14 17 8
7 10 1
21 0 6
23 4 2
11 14 18
21 1 22
4 4 6
20 22 8
4 8 12
22 1 24
2 6 25
8 10 1
18 21 5
7 9 9
17 20 20
23 3 7
23 1 2
22 1 14
23 2 8
15 17 25
15 18 21
10 13 23
15 19 12
4 7 25
0 4 14
4 9 21
11 14 25
2 2 4
21 1 25
5 9 13
8 10 12
22 0 17
8 13 12
22 0 23
8 11 13
15 18 22
23 2 1
20 2 3
7 9 18
9 12 19
2 6 14
8 10 20
18 23 3
20 22 2
15 18 25
6 8 25
13 15 22
18 22 6
10 13 6
1 4 16
19 23 5
5 8 2
7 11 2
5 7 20
8 12 10
3 6 6
21 1 5
18 21 18
16 17 7
9 11 2
0 4 24
17 20 19
7 10 13
8 11 13
9 10 17
23 2 14
9 12 11
22 3 1
6 9 20
14 15 19
18 21 12
12 14 1
18 21 14
8 11 13
21 0 14
0 4 3
17 20 12
9 12 3
13 17 16
22 2 1
9 11 7
16 20 17
18 22 22
18 22 23
16 20 20
11 11 17
5 8 1
23 2 7
14 16 3
21 1 3
22 2 18
12 15 4
2 6 23
21 23 24
6 9 19
21 0 25
22 3 8
1 5 13
18 20 17
0 6 23
5 10 4
4 7 22
5 8 2
12 15 9
15 18 5
17 21 10
23 2 19
18 22 21
21 23 1
17 20 22
22 0 13
10 14 9
9 11 14
3 6 13
20 22 9
1 6 17
17 19 17
21 23 12
23 2 21
13 17 15
2 8 14
3 5 10
7 10 21
7 11 14
22 1 12
12 17 6
17 21 11
11 14 2
12 14 1
1 4 9
3 7 3
8 11 7
13 16 18
16 19 3
0 5 8
15 19 18
16 21 4
15 18 15
13 17 7
23 1 22
21 0 8
3 7 14
7 11 24
17 21 11
11 14 13
6 10 3
22 2 14
2 4 16
8 11 18
4 7 19
10 12 16
5 10 17
10 13 7
12 15 10
20 22 8
8 12 25
0 3 25
4 9 11
13 16 3
17 19 14
14 17 9
2 7 25
6 9 12
11 14 22
15 17 5
13 16 21
21 23 17
8 10 24
21 0 23
16 19 7
10 14 19
0 3 17
19 23 14
12 14 9
7 9 21
15 18 11
13 17 8
4 8 21
19 21 19
13 16 11
11 14 2
15 18 4
22 2 3
7 9 16
16 19 9
5 7 20
19 22 12
9 14 2
17 20 10
17 21 8
19 23 13
1 5 6
20 23 12
20 0 17
8 10 2
6 10 16
17 21 5
5 9 12
10 13 4
10 14 20
1 3 14
3 4 19
5 8 20
10 13 12
13 15 4
0 3 12
20 0 14
7 11 17
12 14 9
11 12 7
13 15 11
12 14 22
14 17 24
15 17 9
0 4 9
6 8 20
8 13 7
15 18 25
20 22 22
12 14 8
8 10 21
10 13 9
11 13 8
12 17 7
17 20 5
10 14 20
12 14 5
12 16 5
7 10 25
18 21 14
11 15 24
8 13 10
17 20 2
8 10 25
12 15 4
5 9 14
1 3 9
12 14 11
17 19 25
22 1 8
13 16 3
0 3 4
21 23 19
16 17 14
0 2 9
16 20 3
3 6 19
6 9 8
14 18 22
6 10 12
12 13 20
20 23 10
2 4 15
10 14 1
6 9 3
11 13 17
10 13 11
7 11 3
4 7 3
10 12 13
11 14 13
19 21 14
11 15 4
6 10 5
5 8 12
4 6 16
16 16 19
2 6 10
9 13 5
19 21 6
9 11 6
19 20 20
1 3 1
2 6 24
15 17 12
7 10 9
11 13 22
4 6 13
8 11 7
23 2 8
12 16 19
8 12 18
19 22 8
21 23 23
16 19 16
9 13 19
7 10 20
20 0 16
15 17 2
18 22 11
9 12 12
23 1 21
17 21 16
21 1 25
0 1 14
16 20 14
4 8 21
17 21 20
8 10 10
14 17 18
1 2 10
0 5 21
14 17 18
11 15 10
8 11 14
10 13 24
17 19 9
19 23 18
23 3 2
10 13 5
15 18 10
3 6 14
6 9 18
15 19 13
16 18 25
1 4 17
11 15 24
9 13 10
16 20 7
18 20 15
15 18 21
2 8 9
12 16 19
16 19 9
23 2 10
8 11 3
3 5 25
15 18 8
12 15 13
22 2 3
2 4 5
1 4 17
8 10 13
3 6 9
14 16 21
1 4 19
6 8 20
21 2 8
20 0 11
23 1 15
8 11 18
5 8 22
18 22 9
2 6 4
21 23 8
8 10 13
9 13 22
23 4 9
15 17 17
19 23 12
13 17 9
22 1 4
17 20 3
6 9 14
17 19 3
6 9 20
4 7 2
18 22 16
13 16 2
0 4 18
2 5 15
16 21 9
8 11 25
17 21 25
1 4 20
12 17 19
2 3 17
20 23 15
17 21 14
11 16 10
9 11 6
8 10 23
18 20 20
17 21 4
16 19 21
12 17 10
16 16 16
19 20 5
14 18 10
12 15 14
17 19 8
3 8 25
18 21 21
9 11 14
15 18 21
3 7 8
3 6 3
21 0 11
17 18 17
22 0 21
10 14 7
23 3 20
3 7 6
16 18 21
23 3 14
15 18 12
4 8 23
6 10 6
0 4 23
8 10 3
4 6 9
17 21 13
15 18 6
2 5 18
2 5 20
17 19 25
0 3 18
19 21 16
4 7 1
1 2 22
12 14 13
23 2 6
8 13 4
23 1 23
7 11 12
16 18 13
20 22 25
14 18 21
18 21 15
14 16 21
14 18 3
11 12 5
2 5 21
20 0 9
22 2 2
8 11 22
17 20 7
21 0 20
19 22 16
10 14 24
6 10 25
3 4 17
7 11 24
5 7 10
20 0 19
23 2 18
15 19 7
3 6 7
0 2 15
19 23 20
2 5 13
1 4 25
17 19 21
14 18 9
13 14 20
4 7 6
11 14 4
5 9 25
11 15 15
6 8 2
11 13 2
22 2 11
7 10 14
2 4 19
10 13 14
2 5 21
7 11 10
17 21 17
23 2 17
17 21 9
20 22 9
23 3 12
19 22 12
16 18 3
19 21 21
12 16 13
12 15 20
18 21 19
0 3 14
10 12 14
6 8 13
7 10 2
18 23 16
22 0 2
4 7 3
10 11 23
10 10 9
4 7 8
19 23 8
8 11 7
0 1 12
1 4 17
3 7 10
10 12 19
19 23 3
21 23 17
11 14 20
8 10 2
7 9 8
14 15 24
0 5 21
7 12 15
16 19 6
3 7 25
14 18 9
8 10 25
0 3 5
14 17 25
20 22 13
2 7 2
14 17 18
23 2 25
14 17 24
11 14 23
9 10 10
5 7 8
10 13 16
6 10 17
17 18 4
15 18 11
20 0 16
1 3 16
3 5 19
4 7 14
14 18 5
11 15 24
11 13 20
12 15 22
6 9 13
18 20 15
1 6 17
0 3 1
21 0 17
19 23 22
16 19 9
19 21 5
9 11 14
5 7 23
19 23 20
19 23 16
20 0 8
2 4 8
18 19 12
10 14 5
20 23 11
8 11 12
0 2 3
12 14 12
22 1 19
22 23 20
9 12 25
3 6 12
2 4 18
15 17 20
4 9 21
22 1 17
15 18 7
0 3 9
16 20 1
22 0 15
15 18 6
14 17 21
5 10 13
22 2 20
11 13 13
17 20 1
19 22 3
20 23 1
10 12 6
10 12 11
4 8 17
23 3 18
16 18 16
9 11 23
20 23 6
18 20 22
14 17 13
18 22 15
21 2 20
23 2 12
19 21 25
10 13 23
4 7 16
8 12 1
22 0 11
8 10 20
22 2 14
10 13 23
22 2 13
9 12 20
22 1 7
18 22 21
10 12 2
11 13 12
16 19 19
15 17 9
3 7 22
16 18 13
8 10 6
7 10 19
15 18 17
8 11 25
5 8 8
23 2 22
18 21 3
4 6 1
19 23 7
21 0 7
2 5 6
22 0 16
8 9 8
16 17 25
4 6 20
7 9 24
5 7 18
0 3 6
20 23 2
15 17 10
3 6 11
8 9 12
20 23 2
21 1 8
3 5 9
10 12 3
20 22 12
14 19 19
6 10 16
10 15 17
15 18 13
6 8 1
12 15 5
2 5 21
7 8 25
22 3 19
14 17 14
11 14 15
16 18 10
5 6 25
19 21 1
2 5 17
18 19 25
17 19 1
3 6 7
17 20 3
4 7 10
3 5 4
10 13 4
12 16 1
17 19 22
7 11 7
0 2 15
7 11 4
3 6 25
18 21 11
7 10 5
19 19 13
23 2 1
1 3 13
14 17 21
4 6 10
15 17 5
7 9 6
2 6 9
18 20 13
15 19 15
9 14 14
2 5 9
10 13 10
3 7 8
5 9 6
2 6 24
8 11 5
0 3 5
11 14 6
19 21 20
18 21 21
23 2 13
14 18 10
19 23 19
6 11 2
19 21 15
2 7 14
5 7 6
0 4 17
11 15 19
23 3 20
9 12 11
0 3 8
21 1 19
9 12 6
4 6 6
0 3 7
12 16 1
7 11 16
2 4 18
5 9 14
23 1 20
12 14 10
0 3 7
3 6 2
4 8 10
1 3 5
14 17 4
23 2 7
14 17 7
9 12 6
1 4 23
5 10 7
7 10 17
17 21 10
4 7 2
20 23 24
14 17 4
9 13 25
12 15 9
13 17 24
2 5 9
21 0 4
7 9 15
16 18 13
22 0 18
6 10 3
2 6 7
19 23 25
6 8 8
23 1 1
4 6 20
14 17 9
17 19 3
17 21 18
17 19 23
11 11 16
5 8 15
9 12 23
16 19 4
22 1 7
3 5 25
7 9 11
10 13 1
4 7 24
0 4 19
10 13 8
22 2 11
21 1 24
13 17 22
21 23 6
11 14 10
20 23 21
11 12 4
6 8 17
8 12 10
16 19 3
7 10 25
5 9 25
6 10 12
16 18 14
10 14 20
4 8 20
21 1 10
15 16 16
6 10 23
23 4 4
11 13 23
17 21 8
6 11 12
6 10 17
20 22 24
15 20 18
3 6 15
23 2 8
2 5 18
18 20 22
3 5 4
22 0 20
16 19 21
16 19 21
16 19 8
2 5 11
9 12 1
10 13 25
2 6 13
9 12 16
3 6 25
18 20 10
15 18 2
12 14 8
2 3 8
19 19 12
5 9 9
12 15 4
1 6 2
14 17 16
0 3 11
14 16 6
13 16 21
21 0 7
17 17 6
14 17 18
12 15 6
20 22 13
8 11 20
8 11 22
17 19 17
10 15 12
20 23 3
9 11 6
22 1 2
7 9 13
15 19 16
3 6 14
6 9 8
4 9 9
22 23 15
4 8 16
6 9 3
7 8 10
0 1 6
6 9 25
4 8 20
17 22 20
8 11 23
14 19 2
23 3 20
0 3 10
1 4 22
23 3 21
6 9 3
14 16 11
17 20 9
13 17 11
16 20 6
19 22 18
18 21 14
3 7 14
18 21 24
19 23 14
2 4 25
20 22 20
17 19 22
1 3 18
3 6 15
9 11 24
11 15 24
22 2 12
1 3 7
18 21 18
22 1 11
23 2 17
6 9 13
20 23 17
6 11 5
8 10 6
15 16 20
17 18 16
9 11 9
7 11 4
22 23 18
23 3 18
2 4 15
12 14 8
14 18 23
14 17 16
13 16 25
15 19 22
2 5 9
3 6 2
15 17 24
3 5 17
4 8 13
3 6 11
7 11 10
9 11 2
20 23 3
2 3 20
16 19 23
3 5 21
3 6 17
23 2 5
9 12 5
18 22 24
23 3 1
10 13 8
22 2 8
6 9 4
0 3 24
18 19 3
4 7 12
16 18 3
14 19 16
17 20 1
21 23 12
4 6 25
18 21 6
6 9 13
12 14 5
18 21 15
5 8 5
4 8 17
14 18 18
16 20 22
14 18 14
8 10 23
8 10 21
19 23 13
9 12 6
0 1 15
8 12 21
20 22 16
22 0 3
0 3 23
7 11 9
8 11 18
15 18 6
20 23 20
3 7 15
2 4 12
15 14 5
0 2 14
8 13 14
15 17 13
18 22 20
11 14 20
2 4 8
4 7 2
4 5 20
4 9 18
23 1 21
11 14 7
18 22 17
12 13 17
1 6 18
9 12 5
2 6 19
1 4 21
8 12 9
16 20 5
0 2 13
9 13 3
7 11 10
14 17 18
22 2 22
18 20 11
1 4 21
13 17 18
1 3 16
6 9 16
4 8 12
3 8 24
18 18 4
7 9 24
18 21 22
21 23 13
8 11 20
7 8 17
11 13 25
13 17 1
18 22 4
10 14 17
11 16 17
17 19 6
12 15 14
9 11 5
0 3 8
12 16 12
23 3 21
16 19 11
23 1 15
21 23 5
10 12 3
2 6 8
16 19 11
19 21 12
4 6 18
4 7 24
23 3 9
15 18 19
11 14 19
4 9 23
20 1 14
10 12 21
19 20 16
18 21 3
15 17 18
15 18 23
22 1 19
7 11 6
2 4 16
19 0 13
20 23 4
13 17 18
4 7 9
17 20 14
0 4 25
14 16 12
20 23 18
22 2 19
4 8 11
23 1 5
5 7 8
5 8 21
2 6 15
8 13 15
8 11 9
2 4 5
10 13 23
6 10 22
6 7 19
19 21 11
22 2 6
19 0 23
7 10 25
16 20 9
11 14 2
16 18 1
8 11 9
6 10 20
16 18 15
17 20 15
20 0 20
0 3 22
0 2 15
8 12 15
14 18 3
0 5 22
15 18 3
8 11 19
16 20 11
20 23 11
0 3 12
6 8 5
9 12 12
18 23 19
5 7 8
9 12 9
2 5 22
21 0 18
7 10 3
15 18 2
1 4 8
11 11 22
6 9 14
19 19 18
19 23 11
23 2 1
4 7 24
22 0 22
7 10 24
11 14 22
4 7 2
2 5 18
4 6 20
20 23 16
6 9 17
2 5 9
4 8 23
15 21 19
2 6 6
19 21 15
20 0 15
3 6 18
16 18 12
0 3 21
1 4 23
5 8 9
6 9 3
19 21 9
12 16 25
22 23 24
10 13 12
9 11 17
21 0 15
22 0 11
20 22 25
22 1 2
10 13 20
19 22 10
2 6 9
6 10 2
17 21 9
16 18 11
9 11 22
11 14 24
8 12 8
11 14 11
22 2 10
22 2 6
18 19 23
5 8 21
12 16 6
6 9 23
7 10 7
21 0 2
6 9 22
23 3 12
2 5 2
15 17 1
8 12 6
10 13 16
6 9 15
0 2 4
23 23 4
2 3 10
10 13 1
22 1 16
13 15 17
15 19 19
11 13 7
19 22 8
1 3 8
17 19 12
8 10 5
6 10 13
22 23 21
9 13 2
22 1 5
17 21 15
21 1 7
15 18 9
11 13 20
1 3 15
5 9 13
23 23 15
18 21 19
15 18 17
4 6 25
23 2 14
2 5 1
1 4 6
2 4 8
18 21 19
22 2 7
1 3 19
9 12 23
4 7 10
9 14 19
20 0 20
8 11 15
15 19 14
10 11 11
20 23 13
23 2 22
20 1 20
3 6 16
9 12 17
4 7 6
14 17 11
22 3 16
2 4 24
3 6 17
15 17 3
19 22 23
10 14 15
10 13 11
1 5 6
9 11 22
9 12 20
8 13 11
15 19 21
17 19 20
10 13 17
21 1 16
4 8 1
13 15 22
0 0 5
13 17 1
5 8 11
6 10 1
10 12 3
13 16 20
23 3 1
18 21 14
20 22 7
15 20 18
17 22 20
20 23 22
22 1 11
5 7 22
18 20 22
9 13 17
16 20 21
3 6 4
13 16 13
10 14 6
7 9 25
0 4 4
16 18 20
10 13 3
22 1 19
16 18 5
17 19 24
2 6 4
16 20 16
0 3 14
12 16 24
18 22 2
2 4 25
14 16 16
10 13 16
19 22 17
11 15 23
16 21 1
11 13 14
13 16 8
7 9 16
0 4 10
21 0 11
21 2 25
5 9 25
12 15 4
2 5 9
20 0 19
14 17 13
5 9 11
4 7 3
4 7 14
9 12 10
6 7 23
4 7 23
20 21 17
0 4 17
14 18 23
1 4 23
15 19 12
6 9 24
6 10 3
5 9 9
10 14 5
14 16 19
6 8 18
19 20 22
1 5 17
11 13 23
10 11 12
1 3 11
16 18 10
3 7 5
10 13 1
19 21 14
20 0 22
22 0 21
11 14 23
4 9 17
21 1 16
19 0 3
13 16 14
21 1 24
0 3 18
13 16 17
21 0 14
3 5 23
11 14 13
7 11 10
5 9 2
15 20 25
10 13 13
16 19 5
3 6 21
3 8 23
14 18 9
5 9 3
14 15 6
14 17 23
17 21 14
3 6 4
5 8 9
10 13 12
20 23 22
8 11 7
0 2 21
12 16 19
7 10 10
16 20 23
6 7 8
19 23 10
18 22 1
1 5 10
23 1 19
17 19 16
7 9 15
10 13 3
17 20 6
11 14 7
20 23 19
13 17 2
2 5 2
22 2 5
12 15 9
21 2 8
5 7 17
4 6 5
8 12 11
16 20 21
13 17 8
11 13 6
14 16 6
3 7 17
7 11 18
13 15 13
6 9 10
1 6 18
12 16 25
19 22 14
20 22 16
11 15 3
3 8 6
3 4 7
3 6 23
18 22 8
6 9 4
9 12 21
14 16 18
2 5 7
18 22 5
17 21 15
21 23 1
11 15 12
14 17 5
1 4 10
2 5 15
0 2 21
22 1 13
22 1 3
20 23 24
14 15 14
1 4 19
14 17 2
3 8 17
11 16 8
6 8 3
4 6 1
2 5 1
6 9 8
20 23 20
3 5 12
21 1 9
10 14 16
9 11 10
13 17 22
9 14 18
17 21 3
1 5 10
16 19 14
22 1 7
1 2 15
16 18 12
0 2 19
20 22 4
11 15 7
18 20 5
0 3 17
3 5 16
1 6 7
16 19 10
18 20 21
16 19 22
15 18 17
14 17 24
21 0 8
1 5 17
7 11 15
8 11 10
19 21 15
2 5 19
0 3 9
10 15 25
2 5 6
21 23 17
1 4 4
14 18 10
16 21 23
2 4 11
21 1 8
16 19 15
8 11 1
2 5 3
7 10 14
14 19 14
17 20 8
13 16 12
18 20 19
5 9 1
16 21 19
5 7 21
23 3 5
10 13 18
14 18 9
5 7 16
8 12 17
6 8 8
7 11 17
14 17 23
11 14 17
13 15 5
4 7 6
21 1 17
16 19 5
9 12 22
8 9 11
15 18 7
1 3 6
5 7 13
14 17 21
1 5 21
0 2 20
10 11 12
23 2 8
15 17 17
9 13 15
4 4 18
14 17 24
11 12 22
16 18 18
0 1 17
15 18 18
23 3 23
23 3 18
18 20 17
22 0 21
16 18 2
17 19 10
22 2 14
13 15 14
15 19 23
3 6 21
0 4 23
5 8 13
14 17 15
22 23 18
9 10 25
0 3 2
3 5 9
23 1 3
2 5 19
8 10 3
4 7 14
8 11 15
13 15 9
19 21 17
7 10 12
12 13 17
17 19 17
4 7 6
22 1 17
16 20 4
3 5 6
12 15 20
14 18 20
9 9 8
8 11 20
15 19 15
12 16 17
12 13 16
12 15 21
10 13 14
23 3 21
19 22 10
21 1 12
10 14 21
1 3 10
8 9 8
14 18 22
20 22 12
2 5 7
23 1 20
22 0 8
10 13 25
20 22 12
16 20 14
21 0 11
6 10 8
3 8 4
15 18 21
6 8 9
12 15 12
20 22 9
4 7 19
1 4 8
6 10 5
6 9 17
18 22 10
19 22 22
4 8 18
0 4 7
11 14 11
5 9 2
7 8 22
21 23 9
22 23 12
15 17 19
22 1 8
6 8 22
7 9 11
17 20 5
4 8 25
20 0 11
13 17 15
21 0 22
4 6 19
20 0 2
13 16 11
13 16 15
18 22 23
10 12 19
20 22 14
11 13 1
22 1 18
17 20 9
15 18 21
23 2 22
11 13 25
4 9 21
20 22 18
15 18 10
6 10 2
12 16 22
23 2 19
19 21 22
6 11 9
0 3 6
15 17 24
11 14 2
11 14 5
5 7 12
17 20 13
6 10 6
23 2 18
8 12 2
5 9 4
3 6 17
5 9 6
15 17 12
5 8 7
23 2 17
6 9 18
12 15 16
4 7 24
5 9 24
19 22 25
15 16 13
7 9 4
13 17 3
1 2 22
10 13 18
0 2 24
14 17 21
23 3 9
20 0 4
15 16 18
2 5 6
9 13 11
1 3 25
17 20 13
15 18 1
0 3 9
13 16 21
7 9 23
18 22 20
0 4 14
11 13 16
16 19 5
20 22 1
18 22 1
5 8 24
7 9 12
0 3 13
12 16 19
17 20 24
9 12 1
19 22 10
5 7 4
21 0 16
3 6 25
0 3 13
11 13 18
5 9 2
6 10 13
8 11 23
8 10 1
12 16 22
4 5 18
22 0 12
13 17 8
19 23 8
12 16 23
20 21 24
14 17 13
12 14 20
20 0 12
4 9 6
18 22 8
8 13 12
5 8 8
9 11 17
17 20 25
17 20 6
6 9 8
11 14 1
16 19 22
7 11 18
21 0 1
16 19 18
1 4 14
11 13 3
21 1 24
10 13 1
8 10 6
8 12 9
0 3 18
17 20 18
17 19 22
7 10 17
16 19 8
2 3 24
1 3 23
11 15 1
15 17 8
10 12 18
5 9 7
14 18 20
16 19 20
11 14 21
5 7 1
15 17 10
5 9 18
8 13 22
11 15 5
19 23 16
12 16 8
6 9 22
4 7 8
17 19 9
22 2 7
6 7 14
7 10 2
21 1 24
16 20 5
1 5 13
0 3 5
17 19 6
20 0 10
18 21 18
22 1 5
22 0 23
4 7 23
22 0 23
20 23 2
10 12 6
7 10 24
20 23 8
20 0 23
6 10 14
4 8 22
4 6 22
23 0 3
8 11 7
19 22 23
12 16 5
17 20 23
0 2 4
17 20 13
6 9 6
3 7 12
20 1 11
10 14 4
16 20 9
2 6 3
2 5 23
2 4 20
17 20 19
3 8 11
1 4 17
16 17 9
15 18 21
3 6 23
17 19 2
0 4 5
22 1 15
8 10 4
17 20 18
21 0 25
5 8 16
9 12 25
20 23 8
21 22 21
0 2 25
12 15 4
16 20 8
13 17 2
8 10 3
16 22 7
21 0 23
18 20 9
17 20 21
12 13 15
5 7 19
19 21 25
16 17 8
22 1 22
20 23 16
14 18 2
0 4 23
1 4 24
5 8 10
8 11 20
6 10 4
7 9 19
5 11 22
10 13 4
12 14 17
20 22 9
2 4 24
8 10 23
11 15 10
4 10 2
9 13 22
16 18 24
13 15 2
21 0 2
23 3 16
20 23 18
22 2 7
4 7 20
14 17 6
19 22 2
1 4 3
14 17 16
0 3 18
21 1 7
23 1 7
8 11 3
9 11 13
2 5 9
23 3 7
2 5 15
8 13 1
17 19 3
20 22 20
7 10 23
11 15 8
22 2 9
22 1 6
17 21 20
9 16 23
12 15 22
6 11 9
6 8 18
14 16 7
8 12 2
13 16 12
20 22 4
2 4 2
6 9 23
16 18 23
5 7 3
23 2 3
15 18 3
21 2 15
18 22 9
10 14 4
11 13 15
23 2 21
16 18 22
15 19 19
13 18 23
13 17 4
7 10 23
19 22 6
23 2 5
5 8 16
14 19 13
0 3 15
12 14 5
1 4 17
18 22 13
4 6 14
22 1 19
21 1 17
10 11 18
21 23 9
6 10 24
19 23 22
19 22 5
8 10 25
9 12 9
17 20 12
14 19 9
2 5 3
0 2 4
9 13 19
10 12 16
22 1 17
8 12 22
17 20 6
22 1 24
2 6 9
17 19 19
21 0 7
9 13 4
9 11 1
5 8 4
21 1 10
7 9 16
7 7 13
12 16 4
13 14 21
4 7 23
16 19 4
5 7 23
7 10 7
4 7 16
9 12 23
21 1 7
18 22 18
10 14 23
21 0 5
4 8 3
17 20 23
23 3 6
8 12 13
21 1 3
