4000 37
1 8 7 13 12 26 3 22 15 14 8 26 9 36 9 28 18 17 19 8 31 25 25 10 6 15 17 21 7 6 7 23 1 37 2 19 35 
7 10 8
11 13 21
22 1 17
4 8 12
18 21 1
10 12 23
4 7 25
10 14 24
0 2 5
15 18 10
9 11 35
5 9 5
3 5 1
1 3 23
14 18 16
22 0 24
16 19 3
8 12 6
15 17 5
1 5 16
5 9 18
12 14 25
23 2 12
22 2 27
13 17 14
15 18 36
11 14 32
5 6 37
5 8 33
23 4 36
20 22 33
23 3 15
0 4 5
9 11 20
19 0 28
4 6 22
22 2 9
13 17 20
10 13 27
12 13 3
3 6 31
14 16 27
17 19 27
13 16 3
13 16 19
10 13 27
19 20 17
22 1 4
10 12 15
21 22 3
8 12 3
3 5 10
21 1 18
3 5 9
6 8 5
20 23 36
16 19 32
18 20 10
13 15 17
10 14 22
0 1 31
13 16 4
5 6 3
21 0 35
3 6 22
8 10 14
1 5 1
5 8 35
23 2 19
1 2 15
16 21 17
15 19 20
4 9 2
4 9 11
19 21 29
20 2 30
3 6 29
3 4 19
16 20 35
3 6 2
10 12 28
0 2 3
3 4 32
11 14 19
0 2 10
0 2 21
3 7 9
1 4 31
22 1 18
3 4 8
5 9 34
0 3 37
10 15 31
5 8 23
3 6 24
5 7 22
0 4 31
15 17 1
16 20 21
18 20 29
20 23 37
18 19 4
5 6 13
1 5 26
7 10 23
9 12 10
7 10 4
1 3 25
3 5 13
23 2 1
13 16 18
5 9 14
3 7 32
7 9 13
17 20 19
2 5 20
21 23 18
10 13 32
5 7 29
8 10 36
17 20 5
4 7 37
0 1 23
2 3 11
0 4 23
11 14 18
6 11 8
6 9 5
22 1 19
23 4 7
18 22 33
13 18 18
11 15 18
0 3 37
8 14 24
14 17 20
7 9 10
5 7 14
3 6 14
14 16 37
8 10 26
14 17 10
18 19 11
17 19 37
13 16 6
1 4 14
18 21 36
18 22 34
0 3 13
10 12 13
1 4 29
23 2 6
11 13 27
14 16 29
6 12 10
6 8 19
0 2 22
1 2 4
4 6 16
2 6 14
11 14 21
20 22 29
19 23 7
9 13 17
13 17 18
4 7 33
22 1 28
4 6 21
13 17 22
6 10 27
12 14 2
0 3 2
22 0 36
18 22 36
5 7 28
20 23 18
0 4 10
8 11 32
6 9 29
6 11 20
2 4 23
22 1 22
8 11 16
14 17 18
0 4 1
22 1 31
16 20 32
15 20 18
20 23 4
15 18 30
1 5 27
0 2 24
14 17 24
20 22 20
5 8 4
2 5 30
3 7 10
3 6 1
20 21 11
5 7 23
0 3 35
1 4 30
10 11 27
16 18 4
20 23 19
20 23 36
1 4 29
21 0 19
21 0 28
12 15 6
19 22 2
2 4 28
7 10 23
15 18 7
20 23 2
0 3 12
16 19 8
20 0 32
3 4 2
7 11 33
22 1 15
11 14 17
3 6 21
11 14 9
16 17 4
13 17 22
13 17 12
18 21 24
13 16 4
7 10 30
19 21 23
6 7 13
3 6 26
11 13 36
0 4 34
6 8 7
2 4 31
15 17 33
14 18 23
20 0 6
0 4 16
23 3 19
23 1 28
5 9 12
14 15 22
21 23 21
14 17 35
20 23 10
12 14 19
6 10 27
0 3 37
10 13 11
6 11 35
2 4 17
13 18 7
11 12 35
23 2 35
12 14 1
18 21 37
15 19 16
14 17 3
9 12 25
4 7 34
17 20 14
7 10 16
2 3 23
20 0 10
21 1 5
19 21 10
0 2 6
13 16 23
18 20 35
13 15 22
21 0 8
11 15 9
21 1 26
8 10 19
1 5 7
11 14 22
20 23 20
10 11 21
3 7 20
12 15 1
16 19 21
2 5 31
2 5 35
7 10 10
18 19 22
16 20 24
16 18 21
22 0 2
12 15 11
23 2 15
3 5 9
7 10 28
17 18 1
20 23 10
0 3 12
19 23 35
20 22 15
5 6 22
22 23 32
6 8 21
15 18 24
18 22 10
6 10 27
9 11 26
6 7 4
10 13 37
13 15 32
14 16 7
6 10 21
11 13 16
9 12 27
13 16 6
12 15 10
11 10 1
15 18 35
10 15 27
16 19 17
17 20 37
6 8 27
8 10 18
17 19 12
19 22 9
14 15 16
12 14 35
19 23 15
23 2 28
11 14 2
10 13 7
10 14 20
18 22 25
17 21 10
21 1 35
8 10 23
21 23 9
1 6 6
2 4 2
18 21 21
19 23 33
16 17 27
11 14 20
11 14 16
15 18 34
3 5 25
1 5 36
18 21 16
4 7 1
16 18 17
8 10 2
6 9 5
2 3 20
3 6 20
12 16 22
10 15 37
22 3 24
6 9 20
23 2 4
18 21 16
18 21 13
19 21 14
3 6 26
16 19 27
10 14 34
9 13 32
19 21 15
4 8 37
7 8 6
15 16 32
11 13 28
0 2 7
15 19 36
10 14 23
17 18 4
5 6 19
20 0 8
6 9 20
22 0 7
1 4 12
13 14 9
9 12 22
5 8 33
8 12 2
7 10 32
22 0 27
14 17 37
15 18 9
6 8 14
12 14 20
21 23 15
12 16 23
19 23 11
18 22 13
15 18 34
12 15 31
4 7 37
7 10 20
6 9 2
17 19 6
23 1 16
15 18 36
12 13 5
0 4 14
23 3 12
9 11 26
23 1 2
14 17 24
8 13 37
4 7 31
19 21 25
7 13 7
13 15 20
21 0 31
2 6 11
5 7 3
0 3 21
23 0 11
17 20 12
10 14 31
0 2 2
19 21 36
8 12 10
11 13 14
6 10 22
0 4 15
18 21 35
14 16 28
8 12 20
21 23 35
11 12 11
20 23 5
11 16 27
14 17 9
13 16 17
9 13 26
11 13 31
12 14 6
18 21 28
6 10 23
16 20 3
20 22 22
1 5 18
22 2 11
19 23 34
15 18 18
12 14 32
7 10 4
3 3 10
4 7 9
3 6 18
14 16 3
1 3 16
20 23 17
23 1 32
18 21 17
7 9 15
0 2 33
18 19 9
15 18 34
1 3 3
3 7 31
16 20 30
16 20 8
2 4 6
3 5 8
4 8 11
18 20 25
18 22 27
8 13 13
7 9 32
20 23 33
0 3 19
8 11 24
21 0 27
16 19 28
5 8 21
17 21 8
5 7 24
19 22 30
7 11 27
9 13 36
21 2 27
15 18 29
12 16 20
18 22 4
20 22 31
0 3 21
19 0 8
13 17 12
5 9 30
23 2 33
20 22 16
14 16 27
21 23 4
6 8 22
18 21 3
1 5 32
12 15 36
11 14 18
14 15 12
2 4 17
1 6 1
8 10 20
17 21 19
8 12 30
23 2 23
23 2 5
8 13 4
2 5 27
3 5 32
22 23 32
15 18 18
6 10 15
6 10 35
14 16 8
13 16 23
21 23 35
23 3 18
12 17 11
23 2 12
11 15 19
23 2 5
11 17 28
1 3 34
12 16 34
3 4 7
22 1 6
9 10 23
13 17 28
17 20 18
4 9 30
10 12 26
3 6 10
4 6 31
5 7 19
2 4 34
7 9 20
3 6 5
15 18 3
23 2 33
23 3 37
2 6 5
10 12 19
11 15 18
3 6 12
18 19 8
20 0 14
7 12 30
6 10 13
1 4 1
9 12 7
3 6 36
2 5 18
13 15 14
4 9 23
10 14 11
11 13 15
9 11 2
13 15 7
3 4 15
20 0 33
2 4 23
2 6 10
2 5 26
9 13 24
11 14 12
7 8 13
8 12 37
4 5 1
23 4 11
19 18 1
21 23 13
20 22 8
11 13 15
23 1 19
16 19 37
5 7 3
20 0 29
14 17 20
10 13 35
19 22 17
11 14 3
18 22 10
13 18 9
10 14 11
6 9 17
6 10 8
21 0 11
22 0 19
15 17 11
10 14 33
11 14 7
11 15 35
21 23 35
1 3 37
0 2 17
22 1 3
2 4 27
23 1 20
13 15 37
20 23 5
21 0 3
9 12 19
23 1 13
19 22 34
19 23 10
8 11 19
11 15 19
5 11 12
11 15 37
16 17 24
10 13 32
2 6 37
4 6 2
11 14 29
14 18 34
8 10 10
17 18 26
0 5 15
15 17 31
22 0 27
18 22 19
22 0 11
11 15 35
2 6 13
3 6 26
5 8 26
11 15 26
13 16 12
0 3 8
1 2 35
2 4 28
13 15 21
6 9 18
4 6 32
4 8 20
7 10 8
4 5 3
12 15 31
5 6 27
0 3 19
18 21 4
14 18 31
23 1 23
6 9 10
7 12 24
11 15 31
9 11 28
14 16 18
18 19 29
1 6 32
20 23 23
19 22 37
3 6 6
22 0 15
19 22 31
4 6 1
22 1 14
12 15 15
6 7 17
20 0 22
8 11 12
22 1 4
20 21 15
17 21 2
23 1 1
5 10 2
15 17 12
22 1 17
1 5 4
7 11 8
0 4 21
6 10 9
21 1 26
21 23 17
20 22 37
15 17 30
22 23 18
17 19 4
5 8 2
9 12 34
1 4 21
12 16 17
14 17 30
8 8 11
10 13 15
19 23 30
12 16 23
15 17 20
2 6 4
6 10 25
0 1 18
15 18 21
12 15 23
10 10 7
23 0 30
8 11 26
22 2 31
4 6 21
7 10 28
0 4 36
10 14 12
18 22 15
9 13 7
21 1 11
13 17 1
15 17 19
13 16 15
11 13 26
16 19 34
11 14 3
7 10 18
5 8 3
13 16 15
2 5 31
12 15 24
14 17 35
8 9 24
20 23 4
4 6 34
18 20 20
18 21 26
11 13 34
23 3 23
21 0 20
19 0 11
9 12 29
20 23 27
7 9 29
8 11 26
9 11 1
2 4 9
23 2 16
11 15 34
10 14 36
13 16 18
2 6 6
10 13 3
22 0 23
16 18 4
3 6 3
8 12 27
8 9 19
12 15 9
0 3 36
23 1 8
13 18 14
2 4 23
15 18 16
1 4 23
12 13 2
17 20 29
15 17 25
6 9 22
18 22 16
18 22 23
17 21 28
16 18 27
21 0 1
12 14 11
10 11 37
17 19 31
23 3 37
12 16 3
2 5 29
11 14 30
17 19 25
21 23 22
12 16 34
14 17 26
23 2 37
8 10 9
4 9 24
5 8 3
21 22 27
6 9 30
8 13 7
20 23 8
11 14 9
20 21 3
7 9 31
5 8 30
23 2 18
21 2 37
14 17 5
3 6 20
23 2 27
13 17 29
8 12 30
15 19 8
21 0 9
23 2 10
23 3 20
15 16 6
14 17 3
13 15 8
14 17 30
19 23 25
6 9 25
16 20 35
23 1 30
16 17 17
10 12 1
18 22 15
7 10 16
19 22 12
17 20 23
12 17 1
4 7 33
17 18 9
18 22 17
9 12 21
19 22 24
3 6 29
0 3 24
2 6 9
1 5 1
8 10 15
18 23 10
1 3 36
15 19 24
6 10 21
20 23 18
9 13 30
23 3 18
16 19 3
22 2 15
7 9 14
4 9 22
15 20 16
22 0 4
11 14 16
8 9 30
15 18 19
13 17 35
8 12 4
4 7 35
11 15 25
19 23 9
6 9 10
12 15 36
13 15 20
5 9 7
20 23 21
12 17 5
20 22 10
18 20 4
19 21 27
18 21 30
11 13 5
0 2 35
1 5 1
21 1 2
2 4 31
10 13 23
2 6 11
14 18 15
9 12 4
18 19 20
4 9 7
18 21 29
11 14 7
7 12 25
15 17 35
5 8 21
7 10 14
23 1 3
18 21 22
17 19 28
19 21 23
10 14 11
14 17 20
13 15 19
2 5 15
11 16 29
21 0 20
1 3 27
15 18 20
15 18 7
15 20 34
23 2 28
16 17 13
5 9 33
2 6 18
3 7 28
7 9 5
23 1 25
7 9 25
8 10 33
8 10 10
19 23 35
15 18 12
6 9 6
20 0 29
1 3 5
0 1 2
6 9 2
10 13 32
11 12 10
22 2 21
7 9 27
18 23 10
8 11 26
19 0 8
1 5 10
18 21 35
10 13 34
0 3 26
1 4 21
13 17 24
8 10 4
6 10 5
9 12 36
12 16 1
20 0 19
2 4 21
11 13 17
23 1 33
15 17 5
2 4 3
10 13 5
7 9 23
18 21 31
5 7 6
23 2 23
13 17 9
14 18 31
10 12 26
19 23 28
18 22 34
19 22 36
15 19 37
4 6 16
23 3 32
18 20 12
8 12 7
4 8 11
4 8 26
22 1 9
18 21 3
19 21 12
15 18 24
4 6 19
9 11 5
9 13 14
8 10 11
13 18 26
17 21 30
1 4 31
18 21 16
9 11 3
20 23 1
13 16 34
13 15 12
13 17 10
10 11 36
23 3 24
19 21 5
3 7 25
23 3 15
12 15 4
1 3 23
3 6 25
11 15 3
19 22 18
11 13 15
15 19 37
7 11 7
4 7 20
21 2 17
1 3 29
23 2 32
5 8 24
12 16 23
3 7 19
23 1 23
9 12 30
10 13 29
1 5 26
23 2 2
6 8 21
4 8 21
22 1 19
9 12 31
20 0 5
23 1 28
2 5 1
19 23 31
17 21 18
14 19 11
14 16 17
6 8 8
19 23 6
15 19 11
5 7 34
14 15 23
7 8 36
3 5 36
4 7 17
17 20 3
13 16 37
1 4 4
13 16 16
4 8 35
18 20 19
18 22 16
8 11 33
15 16 26
21 23 1
15 18 37
1 5 10
18 22 3
15 19 15
18 21 9
10 11 18
12 14 9
3 5 33
7 9 2
17 22 10
18 22 15
15 19 12
20 23 12
0 1 24
23 1 1
22 0 16
23 2 11
12 14 31
9 11 25
10 13 29
9 11 1
22 1 11
23 2 24
9 11 3
22 1 6
3 5 16
13 15 3
5 9 32
9 12 8
10 15 14
11 14 30
11 13 6
9 11 12
6 8 30
12 16 15
12 15 10
14 17 35
15 18 10
4 8 14
6 8 15
3 6 34
14 17 15
19 22 21
18 23 25
9 11 12
23 2 8
13 15 22
22 3 10
0 4 5
21 0 30
19 23 11
18 21 21
1 5 10
11 14 5
18 23 27
2 6 17
8 11 4
11 13 21
9 13 24
10 14 30
0 5 18
5 6 13
10 14 4
17 20 12
2 5 10
2 5 13
17 19 12
21 23 32
16 20 18
21 23 32
23 2 26
22 0 36
20 0 16
10 14 1
23 1 2
22 0 14
0 1 19
3 7 5
5 11 24
18 21 12
16 19 33
17 21 18
4 8 34
12 15 22
3 7 32
11 15 33
21 23 4
21 23 19
11 14 29
16 19 6
23 2 19
12 14 25
23 2 22
8 12 35
10 11 1
22 1 36
17 20 24
22 2 26
3 7 6
17 19 28
1 3 11
7 10 5
7 8 33
4 4 15
18 22 17
21 22 33
9 11 27
18 20 1
4 7 14
9 15 25
11 16 27
22 0 12
18 19 20
20 22 17
14 19 18
1 4 11
5 8 23
11 15 20
4 7 7
20 0 26
14 20 8
14 16 10
13 16 30
0 2 10
15 17 12
9 12 22
5 7 26
16 18 4
5 10 26
14 16 25
8 10 29
23 2 11
22 1 10
4 6 28
16 20 14
5 8 30
19 22 9
17 21 20
13 18 19
16 21 30
20 21 9
23 2 17
3 6 23
12 16 14
8 10 16
6 8 29
9 13 37
5 7 12
12 16 33
16 18 2
16 18 5
11 15 30
19 22 15
16 20 1
5 10 26
17 21 4
1 4 37
16 18 7
5 9 14
5 8 5
12 16 17
9 11 27
6 10 10
8 11 17
1 4 6
15 18 26
18 20 5
12 15 24
1 4 30
1 5 14
4 6 8
19 21 19
14 17 11
21 0 4
6 9 25
6 8 7
14 16 30
13 16 5
3 6 17
21 23 30
6 8 23
0 3 4
15 20 25
4 7 4
1 1 20
2 6 36
19 22 36
15 16 25
5 7 16
13 14 24
21 0 31
7 10 7
3 5 25
12 17 8
2 5 29
16 19 12
14 17 31
19 0 32
14 17 36
6 9 14
12 15 34
0 5 20
21 23 21
19 20 5
20 22 19
1 1 3
18 21 16
18 22 4
22 23 30
15 17 24
12 15 27
4 5 30
13 16 20
0 4 7
15 18 33
19 21 16
17 20 25
20 0 12
15 19 24
2 4 27
3 6 3
6 7 10
21 23 21
4 8 13
10 12 35
4 10 6
6 9 31
18 20 1
5 7 10
21 1 15
19 22 16
18 21 2
9 14 8
15 19 10
16 17 37
15 19 26
6 9 24
19 21 23
14 16 23
0 3 32
6 8 8
13 14 31
17 20 6
0 3 17
23 0 4
3 5 7
16 20 37
9 11 12
19 21 12
13 16 36
15 17 33
10 13 24
16 18 12
4 8 35
15 20 8
19 23 10
3 6 14
8 10 30
17 21 6
21 1 27
9 13 3
8 11 2
7 8 22
21 0 12
3 7 1
19 22 17
16 18 30
9 11 22
10 16 17
1 4 9
0 4 14
1 5 21
20 0 37
18 20 10
15 18 4
16 17 4
20 0 9
0 2 33
19 0 28
1 4 5
17 19 29
3 7 12
11 16 12
8 10 35
11 15 14
10 13 31
3 6 25
11 15 7
9 11 8
3 4 36
13 18 25
6 8 27
15 19 18
20 21 8
21 1 12
5 7 20
15 18 4
9 13 4
11 14 24
10 14 30
14 17 18
23 2 13
2 3 10
1 5 9
18 21 37
2 4 13
9 12 22
8 12 18
13 15 37
15 18 21
2 4 28
4 7 11
5 8 25
9 12 3
20 23 3
16 19 20
8 10 27
21 1 35
10 13 3
12 15 24
1 5 6
2 7 29
2 4 37
4 10 13
6 9 10
10 14 2
3 5 25
17 22 25
16 19 10
16 19 29
14 17 18
2 5 3
2 5 15
21 1 29
0 4 32
2 5 12
16 17 27
22 0 2
0 4 2
12 16 15
17 20 6
23 1 36
8 10 5
5 8 31
19 0 32
7 11 16
22 2 2
3 8 36
10 14 6
15 20 19
8 10 24
7 10 29
19 21 36
3 7 12
9 11 27
0 2 1
22 0 32
20 23 34
21 0 10
13 17 34
11 16 11
2 4 31
3 7 23
10 14 3
18 21 12
2 5 31
21 0 4
16 18 23
18 22 9
19 23 19
11 15 4
5 8 20
1 4 12
20 23 19
13 17 12
15 18 21
23 0 30
5 7 19
8 12 3
10 11 31
18 20 1
22 23 37
11 14 34
18 0 18
3 6 21
6 11 2
18 20 32
17 19 23
10 14 20
7 10 8
15 17 27
14 18 17
3 7 4
4 8 15
12 14 26
6 9 30
17 20 31
4 7 25
5 8 30
13 17 32
21 0 9
22 0 3
11 12 3
6 9 30
4 7 13
3 7 15
16 21 19
21 23 8
11 15 2
4 7 7
0 3 12
20 23 1
0 5 1
3 6 33
0 3 19
15 19 29
10 12 13
8 10 11
8 13 25
21 23 34
15 18 7
13 16 37
13 15 27
23 2 21
0 3 1
1 5 24
4 8 14
18 20 31
6 9 34
1 4 27
11 12 1
8 12 19
14 17 37
20 22 12
15 18 18
6 8 16
1 5 28
4 6 15
14 18 27
20 0 25
13 16 34
17 20 21
5 8 25
8 11 14
0 3 4
6 9 23
9 13 15
10 14 28
2 6 12
22 2 28
4 7 9
0 3 24
23 2 12
6 9 19
11 14 16
16 20 3
3 6 14
2 5 34
22 1 18
15 20 26
5 10 34
4 6 3
2 6 28
9 13 10
3 5 1
2 4 34
12 15 10
14 17 30
18 22 7
16 19 13
15 20 11
15 16 36
12 17 33
17 20 19
15 18 24
23 1 31
18 23 32
15 19 24
9 12 11
17 20 24
9 15 24
21 0 26
21 23 16
21 0 10
12 15 32
10 13 36
22 4 24
7 11 12
6 7 5
20 22 35
9 14 7
3 8 21
17 21 25
19 23 23
19 22 27
7 10 34
0 2 29
22 0 9
21 22 28
1 2 26
17 19 35
12 17 10
19 19 12
7 10 3
0 3 17
15 19 19
16 20 30
8 9 6
12 15 4
16 19 10
17 20 21
14 18 24
3 6 30
20 22 27
20 22 23
23 2 31
2 5 29
7 10 22
8 12 7
5 7 2
4 6 29
6 10 34
13 15 34
14 16 27
20 23 36
20 22 3
16 18 8
5 7 33
1 4 24
7 10 20
14 16 37
16 21 5
0 3 35
16 20 8
23 2 33
8 12 9
1 6 7
0 3 31
1 4 5
22 0 19
10 14 18
10 12 9
22 1 36
6 9 3
7 9 24
0 4 4
1 4 23
3 8 17
12 15 6
5 7 29
21 23 14
21 21 26
11 14 7
14 16 4
17 20 22
16 18 37
23 2 24
11 16 28
0 3 36
14 17 8
21 0 34
22 23 35
19 22 34
19 23 4
8 12 22
1 4 25
10 13 31
9 14 25
14 17 14
14 16 26
21 1 15
19 22 2
4 7 32
11 13 8
8 12 12
8 13 33
6 7 2
14 16 35
12 14 16
23 0 34
23 3 2
12 16 22
16 20 6
1 4 34
0 3 29
20 23 33
6 8 37
19 22 8
18 21 36
22 1 7
21 1 19
13 15 29
17 20 37
0 6 8
9 12 3
2 6 11
10 12 3
1 4 6
21 23 6
10 13 4
22 2 8
3 6 29
9 13 9
16 19 26
23 1 13
23 3 9
13 17 4
6 10 13
22 1 28
18 22 32
9 11 10
19 23 16
22 0 37
12 16 15
12 15 37
6 9 2
1 4 31
10 13 29
21 23 32
18 21 27
2 4 35
6 9 13
20 23 7
0 4 31
11 14 25
15 17 14
20 1 11
7 11 35
23 1 27
23 2 25
17 20 35
21 0 9
9 14 35
23 1 30
9 12 36
18 20 14
5 7 30
10 13 2
9 11 5
3 6 4
3 8 7
18 19 37
7 9 28
1 4 4
20 23 35
9 12 35
4 7 32
9 11 28
14 17 1
13 16 11
18 20 4
21 1 24
3 6 24
9 12 32
7 8 3
4 5 25
11 14 23
16 21 1
1 4 16
8 10 29
15 18 31
2 4 9
16 19 1
12 15 31
22 23 37
20 0 17
0 2 7
8 11 12
8 10 19
1 5 35
23 3 9
12 14 22
19 22 30
15 20 5
0 4 28
1 5 19
18 22 13
5 10 17
23 1 17
1 4 16
11 17 3
15 17 6
19 22 25
19 23 2
11 12 3
11 15 17
9 12 33
14 17 31
2 5 21
13 17 25
3 7 2
7 11 24
2 4 3
20 23 19
22 1 29
15 18 6
13 15 4
3 6 19
23 3 17
2 4 27
16 19 17
18 21 18
22 2 22
13 16 21
11 12 33
18 21 18
10 13 32
22 1 8
3 6 15
16 19 10
1 3 33
0 4 3
0 5 21
15 18 13
0 2 27
1 3 12
1 3 33
6 9 15
0 3 7
5 10 10
1 4 36
5 9 32
10 12 19
12 15 19
9 11 16
11 15 28
7 11 23
18 22 1
16 18 26
9 12 24
18 23 22
4 8 10
19 0 8
5 8 25
20 23 19
6 10 36
19 20 30
3 7 33
22 2 2
11 13 12
1 5 5
3 7 14
16 21 28
20 22 5
16 17 31
1 4 18
5 8 18
11 15 22
10 12 28
17 20 10
6 9 15
18 19 24
14 16 3
21 23 15
2 5 30
16 19 15
17 21 31
21 23 33
6 8 9
6 8 19
2 6 14
2 5 10
10 12 1
9 14 23
17 20 37
10 13 19
1 4 3
18 21 35
23 1 31
10 13 18
18 21 12
7 11 21
19 0 24
12 15 6
9 13 17
11 17 19
18 20 14
7 11 4
15 20 27
15 17 9
7 8 21
9 12 34
4 7 36
3 5 1
19 21 5
3 5 27
11 15 30
12 14 14
15 18 21
11 13 10
10 14 24
6 9 18
6 9 27
17 18 17
23 3 35
6 10 19
9 13 20
13 17 11
4 6 7
2 4 28
1 5 33
6 9 21
6 9 10
10 13 5
14 17 3
21 0 4
16 19 33
21 1 30
23 3 13
3 6 7
20 23 30
2 5 6
3 7 10
10 14 36
15 17 18
1 5 24
4 7 10
22 0 9
22 2 5
23 2 33
13 16 32
12 15 29
8 10 9
21 2 7
15 17 5
10 12 13
11 12 32
20 23 29
2 4 1
22 0 24
19 22 11
19 22 37
9 13 9
20 0 4
21 1 13
20 0 34
23 2 20
1 4 19
13 15 8
12 16 7
14 16 29
14 16 19
8 11 32
5 8 26
19 0 20
13 15 3
7 8 7
2 4 25
6 9 17
2 6 37
19 21 8
12 16 35
22 2 36
17 20 30
6 8 25
22 2 12
3 8 12
19 22 9
10 13 2
14 17 2
17 20 8
17 20 10
14 17 16
3 7 37
11 14 32
16 21 31
3 7 25
19 21 26
9 12 6
15 15 12
17 19 23
20 21 21
10 12 7
19 22 26
8 9 2
22 1 2
21 2 30
4 6 34
21 23 23
10 12 25
4 7 21
5 7 1
13 17 9
0 4 26
1 4 7
16 18 22
7 8 16
9 11 33
6 9 31
14 18 25
20 0 26
14 16 23
0 3 14
1 4 6
2 5 7
23 1 20
22 0 22
4 6 7
23 2 33
0 4 8
15 18 12
13 15 37
15 19 35
9 14 2
11 16 32
3 4 23
12 14 22
3 6 26
7 10 12
8 10 36
0 3 23
9 11 20
6 9 34
16 18 9
14 17 10
9 14 8
9 10 28
4 6 25
13 14 17
16 19 32
15 17 26
10 13 19
13 14 5
2 5 33
8 12 9
1 3 17
23 1 9
2 5 14
9 14 7
18 21 5
17 19 18
15 16 21
1 3 26
20 23 7
18 20 21
2 4 14
8 11 16
7 10 18
3 6 28
17 19 10
3 8 23
13 14 35
15 17 23
4 7 12
3 5 27
3 8 20
12 15 25
0 3 35
9 11 30
20 22 7
20 23 25
19 21 15
13 16 37
0 4 15
1 4 23
18 22 25
8 11 13
16 18 9
4 6 13
5 8 20
21 0 35
5 9 32
2 4 29
6 9 12
15 20 10
11 13 18
19 23 23
17 19 11
21 0 23
16 17 30
2 4 10
0 4 15
21 0 14
4 6 25
11 15 27
12 16 1
18 22 30
13 16 37
6 10 35
9 13 35
9 14 6
5 9 15
0 4 13
11 14 28
9 12 22
11 12 5
13 17 1
18 19 7
6 9 14
15 19 1
5 7 37
12 14 32
20 23 26
8 11 20
1 4 17
2 6 8
13 16 7
12 14 3
4 8 8
7 10 32
2 5 1
22 2 16
12 16 17
20 0 36
18 20 9
3 7 4
8 11 31
16 19 4
22 2 18
1 4 33
18 23 34
20 2 11
19 22 31
5 7 13
9 11 14
4 7 6
7 10 6
4 5 35
13 16 8
15 17 23
7 7 18
23 2 29
11 15 21
17 19 31
11 14 33
15 18 33
7 11 25
21 2 14
17 21 27
10 15 25
22 1 12
20 23 22
5 9 19
19 23 31
7 10 24
13 16 19
10 12 19
4 7 15
17 20 10
8 12 30
21 22 34
20 0 27
4 7 24
1 4 27
10 12 6
22 1 18
23 1 9
11 14 15
12 16 4
6 8 4
19 22 14
21 2 10
18 22 2
19 20 10
6 9 3
6 9 15
6 8 19
12 16 16
1 3 19
7 11 26
6 10 2
12 13 25
20 23 10
8 12 27
15 19 8
15 20 32
0 3 18
4 7 19
0 3 26
23 5 7
4 7 11
18 21 22
8 9 22
15 19 34
20 23 6
23 1 12
12 13 13
2 3 6
8 12 26
2 4 16
2 5 4
9 13 17
0 4 22
5 8 33
14 18 21
14 17 5
1 5 20
13 15 1
4 7 21
4 7 32
20 22 24
18 21 16
0 3 26
22 1 21
8 10 13
5 5 9
16 20 1
21 1 9
17 23 30
9 12 25
5 9 22
5 10 30
10 13 1
8 12 21
1 3 21
20 1 14
21 1 36
21 22 23
1 4 17
7 9 4
1 4 34
3 5 36
3 5 8
2 6 34
11 13 24
19 22 12
20 0 6
12 15 33
3 6 3
8 11 18
4 6 33
4 9 25
14 17 32
3 5 32
16 17 13
4 7 5
6 9 33
22 0 31
8 11 2
12 15 9
11 16 31
6 10 19
11 12 36
17 21 7
13 16 25
20 23 33
10 12 14
4 7 27
22 1 13
8 11 23
4 6 33
2 5 27
9 10 21
18 21 18
1 3 17
20 23 15
18 21 17
20 22 37
1 4 29
5 8 28
13 16 34
7 9 13
8 11 26
5 10 27
1 5 36
3 6 33
16 19 15
3 6 16
13 16 25
21 0 21
7 9 26
2 6 18
0 3 24
2 4 7
17 19 1
2 5 25
22 1 37
7 10 36
6 8 11
4 7 21
10 15 11
13 17 37
0 4 37
9 9 28
11 14 30
12 13 16
21 23 22
16 19 19
4 7 29
20 0 25
3 8 14
19 23 23
18 19 1
3 5 28
0 3 2
6 9 11
13 17 16
12 14 11
2 7 28
1 4 13
8 12 37
14 19 4
0 4 11
17 20 30
9 14 18
10 15 32
4 6 3
7 10 9
0 3 26
6 8 13
15 17 13
23 2 5
4 6 14
1 5 14
0 2 19
15 18 31
1 4 2
9 12 28
18 22 26
18 21 26
23 1 12
5 8 11
10 13 20
9 12 8
20 22 9
23 2 8
3 6 18
2 4 34
22 0 36
3 6 17
20 21 20
14 18 2
6 8 6
18 21 32
18 22 26
2 4 35
1 4 1
21 0 35
7 10 28
10 13 21
7 11 34
21 0 28
22 2 22
19 21 18
16 19 32
16 18 25
21 22 1
5 8 12
8 11 4
16 20 5
11 15 9
21 1 2
10 11 11
18 21 36
19 22 11
10 13 28
10 13 12
22 3 19
7 9 28
2 6 16
0 4 1
3 7 7
15 17 17
10 13 3
17 19 12
12 16 34
9 12 19
19 0 34
5 9 29
14 15 8
11 14 15
10 13 16
3 6 33
22 1 6
19 0 4
23 1 5
9 13 6
10 14 31
15 18 36
6 9 21
4 6 36
9 14 22
12 14 18
1 5 34
21 0 26
11 13 35
3 6 6
20 0 1
8 12 10
21 1 13
2 6 2
11 13 29
16 18 33
8 11 5
4 8 17
18 21 37
8 12 33
9 12 28
7 11 32
13 16 4
3 6 33
20 0 28
6 10 3
23 1 35
2 4 2
3 5 24
15 17 30
18 21 17
23 2 28
0 2 36
4 7 3
18 22 36
18 21 33
16 19 31
8 11 3
17 20 13
10 14 31
8 12 21
17 20 35
10 13 29
15 16 6
6 9 31
10 13 35
22 1 12
1 3 14
22 2 1
3 6 15
19 23 33
5 9 20
6 8 3
16 20 15
1 4 2
14 16 5
15 20 15
1 3 7
19 22 28
10 14 6
11 13 27
0 3 19
19 22 22
12 17 16
7 10 10
17 21 35
14 16 15
20 1 28
11 13 35
11 13 34
7 10 16
15 18 27
5 8 30
0 3 17
8 11 27
16 18 19
2 4 32
1 3 24
2 8 26
14 16 13
18 20 29
6 10 29
13 17 31
6 10 2
17 20 13
1 5 18
20 23 9
4 6 4
19 22 8
7 9 1
15 19 34
1 5 16
0 1 25
22 3 4
2 5 16
16 18 37
16 20 2
22 1 20
7 11 33
0 3 1
9 12 33
2 4 12
22 0 12
22 1 36
18 21 27
10 14 9
20 0 30
21 1 17
14 16 24
16 18 33
15 16 4
0 4 12
18 22 2
14 16 24
5 9 34
1 4 22
6 10 7
5 7 10
4 8 24
9 10 7
2 4 16
19 23 34
17 20 21
9 12 13
8 11 26
5 7 27
10 13 15
0 2 19
15 18 25
14 16 7
4 7 30
22 22 20
14 15 25
1 5 22
3 7 29
5 10 12
3 5 37
14 17 14
17 19 31
23 1 28
20 23 19
2 5 29
10 13 22
21 1 16
7 9 7
16 19 4
20 23 34
14 16 10
23 0 29
15 18 28
5 9 10
8 10 35
6 9 18
22 1 10
19 0 32
21 1 27
11 15 24
22 3 23
10 14 12
11 13 15
18 21 14
21 0 37
15 18 7
15 18 2
0 2 24
8 10 20
5 8 17
18 19 11
20 22 26
8 10 25
0 4 3
8 10 30
22 0 21
20 23 29
16 20 4
15 17 16
13 17 20
5 8 19
23 2 30
15 17 6
1 4 37
11 12 19
12 15 2
19 22 8
8 12 30
0 3 10
5 7 33
14 16 16
8 10 7
22 1 2
17 22 10
13 16 37
8 11 25
17 20 34
6 11 11
14 18 28
15 18 29
0 4 31
5 8 16
0 4 5
3 6 28
18 21 3
12 14 34
3 5 21
9 13 22
14 16 31
1 5 18
22 1 14
13 16 12
18 21 9
1 4 4
22 2 14
10 13 26
7 11 12
2 6 21
8 12 11
12 15 25
7 10 29
1 3 13
16 20 9
19 20 34
19 21 31
0 4 13
5 7 33
17 20 3
13 17 9
0 2 24
11 15 5
11 15 15
23 2 31
9 11 12
15 19 28
11 14 37
2 5 28
11 14 8
7 10 29
12 15 29
1 3 11
12 14 3
10 12 8
2 5 12
18 0 2
6 9 31
3 6 14
8 11 10
20 0 31
11 13 13
23 2 36
23 2 11
3 6 27
23 2 1
8 11 8
8 12 22
4 7 12
0 4 30
9 13 33
13 15 13
0 4 2
13 16 4
12 15 1
4 7 27
8 9 17
12 15 2
9 11 34
21 0 8
2 3 22
1 4 21
23 3 19
13 15 8
16 20 36
2 6 8
23 1 25
23 3 7
4 6 32
23 3 16
4 7 3
18 22 31
4 8 26
14 17 30
8 11 22
18 22 22
18 22 4
9 11 33
18 22 26
0 2 19
5 8 1
20 22 32
20 22 31
11 13 4
6 10 1
11 14 30
18 21 21
0 2 2
18 21 34
9 12 8
9 13 22
3 8 10
20 23 6
8 12 24
22 1 3
16 20 8
0 4 26
2 6 15
9 12 1
8 12 20
23 3 11
8 13 17
23 2 26
18 20 37
18 21 9
7 11 35
19 23 13
11 14 2
8 12 18
18 22 11
15 19 13
3 6 14
22 3 31
23 3 24
7 11 28
4 7 36
22 2 31
5 9 31
4 6 4
5 9 36
6 10 9
8 11 3
16 19 10
19 21 30
15 19 19
5 8 15
8 11 15
8 11 34
18 21 28
5 9 1
19 23 8
10 12 12
18 20 23
8 10 36
14 16 33
1 3 26
12 16 23
8 11 7
5 8 18
18 23 33
18 20 21
7 10 31
21 23 1
18 22 13
11 14 4
6 10 3
21 1 15
20 23 10
8 10 32
8 12 3
17 22 30
18 21 6
18 20 18
6 7 12
10 13 3
21 23 14
7 9 12
10 11 36
9 13 5
13 14 5
22 2 11
8 10 23
1 5 23
21 23 25
4 8 28
22 2 17
1 5 24
3 4 33
21 0 6
6 10 27
19 22 33
8 11 5
13 16 8
13 15 16
11 14 16
14 16 9
5 7 8
10 13 1
20 23 21
1 4 28
23 3 15
21 23 20
5 9 28
2 5 8
19 21 30
2 4 6
6 10 28
12 16 27
12 15 28
14 18 17
21 22 2
11 14 23
8 11 10
7 11 13
13 15 19
20 23 34
1 5 35
1 3 31
5 7 36
3 6 14
3 7 34
14 18 20
18 21 29
21 0 16
1 4 32
1 3 14
18 21 21
12 15 31
7 11 16
3 6 35
16 18 35
22 2 30
10 12 22
21 23 1
0 4 22
9 11 31
18 20 33
11 12 30
4 8 14
3 6 33
19 22 11
21 0 24
16 20 28
2 5 29
20 22 5
13 18 34
9 12 4
23 3 6
21 0 31
20 0 16
2 5 1
4 8 24
21 0 23
1 4 22
9 11 16
8 11 13
0 3 32
17 20 2
9 12 16
12 14 19
21 0 8
16 19 20
22 2 18
16 19 1
16 19 28
8 12 35
12 14 4
22 1 31
14 17 5
5 7 20
7 11 30
11 15 11
11 15 14
8 11 27
23 2 1
7 8 30
15 17 37
6 11 29
9 12 13
5 8 35
11 12 11
12 15 29
13 15 15
17 21 13
8 11 37
8 11 1
10 12 22
5 9 25
8 10 22
0 3 36
6 9 29
10 12 17
2 7 14
15 17 2
12 14 35
18 21 19
2 3 11
3 6 21
11 15 11
17 21 29
12 15 34
8 11 25
6 9 32
2 4 18
19 23 37
16 19 34
18 22 29
15 19 30
5 7 31
16 20 32
16 20 6
16 19 22
4 5 22
20 23 31
3 6 35
9 12 21
21 2 7
14 18 25
5 9 37
10 12 31
16 19 9
4 9 24
19 23 19
5 7 6
9 12 11
7 10 37
19 22 14
14 19 1
10 13 14
20 1 5
3 6 7
19 22 6
0 2 12
18 23 16
8 12 30
5 7 14
4 7 12
14 17 9
3 5 3
15 19 33
4 9 18
17 19 31
18 22 22
23 0 26
4 5 27
6 9 35
22 0 27
7 9 31
4 7 14
15 18 34
8 12 31
22 2 33
17 20 6
20 23 4
3 6 27
5 7 17
16 19 37
17 18 12
20 23 17
2 5 19
10 10 17
12 14 21
0 3 26
17 21 24
12 15 28
19 22 33
18 21 18
14 16 22
15 18 37
14 18 9
16 19 4
23 4 4
20 23 20
13 16 20
7 9 29
18 20 24
15 18 8
21 1 35
7 11 32
5 10 11
10 15 3
7 10 20
7 10 4
5 8 4
19 21 6
16 18 33
6 10 33
23 1 25
4 5 26
13 15 37
15 17 8
8 11 33
22 1 31
21 0 36
4 6 30
7 9 23
2 5 8
4 7 21
14 16 14
0 3 33
14 17 23
22 0 1
2 4 22
3 7 17
16 17 29
14 17 13
23 0 8
14 16 4
22 0 7
6 9 36
7 10 20
17 20 21
3 5 36
17 20 1
6 9 6
11 16 26
14 17 23
8 10 28
19 22 21
16 20 16
11 14 17
8 11 3
18 22 3
18 21 4
5 8 32
15 17 31
8 12 32
17 19 4
6 9 13
12 16 34
17 21 27
10 10 7
5 8 11
21 0 23
4 7 3
7 11 23
22 0 14
20 22 35
20 23 29
17 21 16
15 19 6
18 23 27
0 3 31
13 17 28
2 5 32
2 7 14
1 3 32
1 4 19
12 15 2
22 2 27
7 11 7
18 21 36
17 19 21
17 20 7
5 7 31
18 20 14
11 14 15
0 2 7
11 13 27
6 10 14
2 4 15
6 10 31
23 2 11
23 3 22
15 18 29
22 1 7
18 20 32
19 21 19
0 3 34
16 18 17
6 9 18
1 3 5
21 23 6
16 20 19
19 0 9
1 3 6
14 16 31
2 4 5
7 11 26
1 5 4
20 23 24
16 20 21
17 20 5
0 1 5
21 0 24
22 3 3
2 6 20
10 15 18
9 12 20
17 21 14
8 11 28
14 17 1
3 7 11
13 15 4
16 19 8
11 15 35
3 6 36
2 5 13
5 8 29
11 12 8
11 14 29
10 13 7
21 23 2
16 18 17
15 17 4
15 17 23
22 1 26
5 9 3
3 6 4
22 2 31
7 11 17
19 22 23
15 17 7
1 5 7
13 16 1
11 13 15
10 14 25
10 14 18
0 3 3
8 11 6
23 1 35
2 3 20
11 14 36
19 22 36
21 0 14
15 18 28
10 13 9
21 0 12
12 15 21
15 18 30
10 15 3
19 21 3
0 3 20
4 6 26
20 0 14
1 5 1
5 7 18
19 23 31
0 1 24
2 5 22
21 0 26
7 12 33
12 14 20
18 22 32
1 4 29
16 20 37
2 4 20
0 2 32
22 2 11
5 7 4
18 21 9
20 23 18
8 12 4
14 16 33
9 13 37
11 14 12
4 7 30
21 22 3
5 10 11
6 8 26
14 16 34
6 9 19
14 15 31
20 22 12
11 14 35
11 14 36
17 20 34
15 18 26
20 22 7
1 4 6
8 11 6
12 15 25
8 12 28
10 14 4
9 14 34
5 7 37
19 22 1
20 0 7
22 1 19
14 16 1
5 9 19
23 3 20
16 19 13
16 18 8
2 4 30
5 8 30
8 10 35
18 22 14
21 23 4
17 20 25
2 5 18
20 0 3
2 4 9
0 4 28
11 15 24
22 1 31
9 12 14
9 10 34
11 15 31
19 23 36
4 6 29
23 1 18
11 12 36
9 10 15
5 7 18
17 19 10
18 21 16
18 20 31
22 0 26
9 12 19
4 7 2
22 0 6
16 19 19
18 19 34
2 5 33
0 4 32
18 22 23
11 14 32
17 22 5
15 18 13
2 2 25
7 8 30
7 10 9
14 17 8
21 23 1
4 5 17
18 22 25
16 20 13
21 1 27
14 17 17
7 11 10
12 14 4
16 20 27
11 15 2
19 21 30
9 14 7
5 7 12
13 15 26
18 20 24
16 18 22
8 12 22
1 4 8
11 16 31
17 20 33
4 7 23
19 22 7
10 13 28
10 14 23
2 6 17
0 4 6
22 0 35
0 2 16
22 0 24
1 5 15
22 1 7
8 12 32
23 1 11
16 19 27
21 23 11
21 23 5
22 1 15
5 9 24
9 12 11
3 5 29
1 4 12
4 6 36
5 8 23
12 14 31
0 4 17
22 1 10
18 20 24
2 5 15
11 14 17
13 15 23
23 2 33
9 13 19
10 13 20
10 14 33
18 21 36
1 3 33
15 18 25
7 11 7
0 2 7
14 19 15
16 20 20
1 5 24
6 10 25
22 23 8
23 1 35
1 4 11
21 0 9
11 15 20
11 12 18
17 18 34
6 9 5
6 11 4
15 17 10
10 15 22
20 0 29
16 19 5
23 3 34
9 12 27
9 13 10
4 7 26
6 9 28
18 22 21
6 9 11
18 22 13
12 13 23
17 19 35
3 6 36
17 20 9
3 5 17
5 8 36
18 21 17
21 0 13
11 13 1
21 1 25
12 13 26
2 4 1
4 7 28
14 16 15
18 21 4
1 4 31
0 5 13
15 18 5
2 3 10
22 0 8
21 0 24
11 14 16
18 21 12
20 21 8
3 6 29
20 23 7
23 2 30
1 3 26
8 11 15
3 7 16
8 12 32
23 2 13
4 9 24
20 22 3
20 23 5
0 4 25
1 4 26
8 11 4
18 22 30
15 18 15
12 14 19
3 7 10
7 11 26
11 16 37
3 5 8
23 2 16
23 3 35
22 2 19
2 4 10
20 22 8
0 4 35
4 8 13
10 11 34
19 21 21
9 11 31
13 16 28
14 19 26
12 17 3
9 12 26
2 4 26
22 2 21
17 22 19
13 15 15
8 10 24
5 7 37
15 19 9
2 5 1
1 5 8
15 18 16
7 10 20
16 20 36
21 21 5
1 3 35
7 9 5
4 8 10
10 13 11
8 10 26
19 21 8
7 11 6
20 21 11
5 7 11
18 21 25
22 2 31
12 17 17
6 9 26
15 16 17
17 20 36
12 14 6
5 8 32
1 5 35
18 22 27
17 21 5
18 21 4
19 22 16
13 15 4
9 12 27
12 17 23
18 22 4
21 1 31
19 21 8
1 4 29
14 16 21
13 15 9
4 7 33
7 11 25
4 7 25
23 3 23
6 10 28
7 11 16
11 13 2
2 5 23
23 1 20
17 20 5
2 4 8
17 20 37
22 0 21
21 0 34
4 7 2
2 4 25
6 10 28
9 13 37
18 22 36
8 11 10
9 13 21
3 7 4
16 19 15
2 4 27
16 18 19
13 15 9
18 21 9
7 12 14
20 23 36
11 15 36
9 13 32
12 13 1
7 10 12
23 1 5
9 14 13
13 16 30
6 9 5
5 9 15
4 8 32
8 10 5
7 10 1
14 17 20
9 12 34
5 7 4
21 0 14
8 10 20
17 21 22
3 5 13
11 15 9
20 22 25
6 10 18
0 3 20
17 19 25
6 7 27
7 12 20
1 3 9
15 18 32
4 7 25
21 0 11
1 5 8
14 17 5
8 10 23
7 9 23
2 3 9
21 2 19
4 9 15
15 19 8
20 23 13
0 4 29
0 3 12
0 4 10
19 23 23
15 18 8
15 18 24
18 21 14
13 17 26
2 5 8
1 4 25
17 19 10
2 6 6
0 4 22
17 20 4
17 21 8
12 16 3
11 14 16
0 3 31
19 21 14
16 19 37
12 15 29
20 0 3
16 20 3
16 18 3
16 20 27
13 17 7
12 16 21
13 18 23
9 11 10
17 21 32
1 4 31
5 7 23
13 16 8
18 20 27
3 8 18
4 7 20
19 23 4
12 15 15
19 22 12
13 15 13
9 14 1
16 19 2
22 1 11
11 14 25
11 15 17
14 17 3
3 7 2
18 22 18
16 20 28
13 18 15
6 9 37
1 4 30
16 20 9
8 12 9
5 7 20
16 18 25
2 5 20
1 3 18
16 19 7
17 20 25
8 10 26
12 14 36
10 13 14
6 9 1
3 5 16
2 4 27
17 20 31
3 4 29
11 13 2
1 4 27
10 12 19
7 11 18
11 15 21
20 23 37
16 19 1
10 11 3
3 8 28
16 20 16
1 4 33
9 12 16
6 8 33
22 1 30
6 10 30
15 17 28
13 17 28
3 6 27
7 9 36
8 11 3
7 9 26
21 0 30
11 13 3
7 8 1
22 0 4
11 14 28
15 18 16
20 22 35
4 7 26
3 5 28
12 16 8
11 15 27
18 20 17
6 9 13
20 21 14
7 11 5
0 4 20
23 3 12
6 11 25
3 6 29
10 13 24
0 3 12
0 2 15
23 1 33
20 22 24
3 6 31
14 17 3
2 4 22
8 12 20
3 6 11
18 21 29
3 6 24
8 9 26
1 3 6
10 12 21
1 4 5
21 0 22
15 19 7
5 9 3
8 12 32
10 13 36
22 0 29
18 22 6
22 0 28
16 19 11
21 23 16
22 2 28
23 3 11
4 6 32
0 2 7
23 2 25
5 8 36
12 15 14
0 2 15
21 0 5
22 4 17
3 8 28
0 3 27
23 3 9
8 11 25
12 14 10
21 23 8
3 5 26
20 23 4
1 4 13
5 5 18
19 21 33
18 22 10
22 2 13
2 4 18
9 10 17
16 20 2
20 23 6
4 6 11
11 16 2
8 11 23
6 9 32
22 1 36
0 2 7
10 14 28
19 22 12
0 3 33
18 21 35
17 21 7
12 14 24
0 3 19
18 22 25
2 7 34
21 1 27
20 23 7
10 11 18
9 11 28
5 7 1
8 11 37
7 11 10
20 21 23
7 11 19
2 3 18
14 16 20
11 14 20
14 17 28
2 4 30
5 8 26
22 23 2
4 4 36
11 12 16
7 11 35
6 10 6
21 2 6
16 19 15
4 5 29
3 5 27
23 2 11
9 13 21
22 1 28
5 9 33
13 16 27
15 18 35
7 10 30
20 0 16
17 20 11
8 9 5
22 1 2
13 17 24
18 21 18
17 20 7
13 16 17
8 10 6
0 3 35
15 18 25
1 4 28
18 20 19
22 0 8
20 21 28
3 5 11
10 13 24
2 4 28
6 9 19
1 3 28
13 15 23
9 14 33
9 12 1
13 16 31
4 5 9
2 6 34
20 21 11
11 14 21
22 2 4
23 5 36
6 9 6
8 10 18
17 19 19
5 7 12
23 3 10
4 8 19
20 23 36
22 1 7
2 4 25
18 23 5
16 18 20
0 4 36
15 19 17
23 3 12
15 18 31
17 20 1
19 23 20
20 22 23
14 17 11
11 15 6
23 5 6
18 22 28
4 7 16
21 1 25
0 2 37
9 12 3
6 8 34
18 21 24
23 2 35
19 22 19
18 21 9
17 19 13
1 5 15
4 8 7
8 12 12
18 21 27
14 17 11
1 4 16
4 6 5
3 5 3
5 9 8
19 22 37
13 15 20
18 22 25
23 1 4
22 2 15
16 18 19
4 7 36
10 14 2
6 10 26
1 2 11
16 19 24
6 10 17
9 12 36
18 22 25
1 4 31
0 2 1
1 3 5
16 19 28
17 20 32
13 18 9
14 18 4
15 17 3
21 22 24
9 12 18
3 6 35
14 14 5
15 18 31
9 11 26
13 15 20
2 6 4
16 20 5
20 0 24
9 11 31
1 3 26
9 12 8
11 13 16
4 8 10
19 23 19
9 9 24
20 0 12
5 7 19
21 1 2
23 2 1
16 20 34
18 21 4
22 3 34
19 22 4
9 13 34
22 1 34
23 2 11
0 4 33
9 12 8
19 23 22
8 9 31
3 5 14
22 0 27
11 15 14
16 20 24
10 14 33
23 0 35
21 1 6
16 21 14
21 23 9
6 8 2
22 1 26
7 12 16
13 16 24
9 13 23
4 8 30
2 7 10
1 4 13
23 3 23
2 6 33
19 22 17
22 2 34
3 7 37
7 9 24
19 22 9
20 0 31
15 20 13
8 11 37
14 18 15
19 23 24
17 21 17
22 23 12
7 8 16
1 5 37
16 19 24
13 16 32
22 1 19
1 4 4
2 5 5
8 10 13
9 11 19
17 22 23
8 9 19
22 2 18
13 16 2
19 22 27
3 7 15
11 15 5
13 14 23
3 6 28
21 1 23
22 0 27
3 8 27
5 5 28
5 8 7
22 1 23
22 2 27
13 16 30
10 14 13
15 17 18
16 18 1
13 16 4
22 1 35
3 7 37
4 7 30
3 6 28
22 0 1
3 6 33
8 10 34
11 16 22
5 8 28
5 8 5
7 10 19
19 21 6
8 11 1
14 16 15
17 20 19
7 11 5
23 2 3
17 20 15
3 4 27
23 1 26
11 14 23
20 23 4
14 16 11
21 2 25
14 15 21
10 13 22
11 14 32
7 9 8
10 15 20
15 18 29
14 17 19
7 10 32
15 18 31
7 10 5
14 16 21
21 0 29
5 9 18
10 11 5
19 22 13
7 11 19
12 15 8
1 3 34
7 11 16
9 12 23
14 17 8
1 4 3
5 8 33
22 22 25
6 8 8
10 14 3
19 22 13
8 10 12
0 5 7
1 5 34
1 5 13
21 22 12
3 7 20
4 7 29
21 23 22
21 1 31
3 6 37
3 6 22
4 6 23
12 16 8
23 1 25
4 6 13
3 7 10
16 19 1
8 11 4
20 23 3
7 10 29
22 23 9
10 12 20
3 7 11
2 5 20
15 18 33
15 18 9
4 9 34
20 0 34
18 19 9
18 20 33
14 19 2
19 23 14
19 23 22
5 8 30
1 6 12
16 19 17
7 10 22
11 12 29
2 5 21
7 10 18
0 2 19
20 23 11
3 6 23
7 9 7
3 5 23
1 2 29
12 14 10
8 11 1
18 21 35
12 14 25
10 15 21
19 22 8
10 14 20
5 7 30
0 4 31
4 6 16
15 18 20
2 5 4
19 0 8
1 3 5
18 22 17
11 15 36
14 17 31
15 18 24
1 5 31
5 7 1
17 20 10
9 10 21
4 8 22
21 2 18
5 9 4
13 15 6
4 6 31
5 9 10
19 22 1
3 6 20
4 5 6
18 22 1
22 23 9
4 8 1
14 15 18
21 0 3
15 17 16
8 12 23
17 21 21
20 23 21
11 14 3
17 20 18
15 15 23
14 17 21
23 1 22
11 14 32
22 2 4
16 20 4
17 19 4
8 12 37
13 16 33
23 3 16
6 9 18
13 17 30
1 4 11
15 18 2
13 17 31
18 22 35
15 18 33
1 5 37
10 13 7
7 10 25
18 22 21
7 10 33
18 21 31
14 17 14
0 3 6
20 22 19
22 2 24
23 2 31
10 14 26
20 0 3
22 1 8
11 15 16
4 6 6
18 21 31
2 5 31
15 19 25
15 17 24
12 15 3
10 12 31
7 9 28
2 4 29
21 0 2
1 6 3
5 6 36
7 10 20
14 17 15
0 3 16
16 18 26
4 6 18
7 12 8
15 19 29
22 0 31
4 8 28
0 3 23
4 6 9
22 1 34
6 9 32
23 2 12
11 14 3
1 4 22
10 13 15
19 0 24
1 5 27
12 16 16
18 20 25
12 15 36
19 23 6
20 22 16
15 18 2
6 10 19
17 19 11
21 1 8
15 18 24
10 14 8
2 4 11
9 12 20
17 19 16
21 2 2
16 19 37
8 11 10
13 15 31
12 16 34
6 10 14
16 21 6
10 13 31
9 10 31
2 6 2
22 1 16
9 12 33
5 9 22
6 10 22
0 3 37
17 19 15
23 2 15
0 3 14
1 6 6
19 22 26
18 20 24
12 14 6
2 5 21
15 17 18
14 17 1
10 14 27
11 14 21
23 2 4
23 3 15
6 9 28
9 12 26
8 10 1
9 11 19
22 2 28
7 10 3
1 4 34
1 5 14
21 0 9
6 11 7
5 7 36
22 0 23
4 5 26
18 21 36
19 22 13
1 3 29
15 19 29
14 17 13
3 5 4
3 6 7
19 21 10
