5000 38
4 13 18 13 23 1 32 34 29 20 15 11 1 30 7 19 21 2 28 13 5 19 15 16 22 37 37 3 18 18 20 4 4 10 8 20 20 28 
10 13 34
9 12 2
12 16 32
15 20 3
3 7 17
10 13 33
5 8 22
4 8 6
14 17 34
19 22 12
20 22 21
3 7 10
16 19 14
11 14 26
9 12 12
6 9 24
23 3 37
15 17 7
6 8 19
10 13 6
18 20 11
13 16 16
1 4 4
16 19 28
6 10 25
1 5 16
11 15 29
3 7 37
6 8 21
3 7 26
16 20 33
2 5 15
23 4 3
12 16 8
11 12 19
11 16 26
7 9 23
16 19 38
20 23 9
5 7 1
2 5 26
18 20 9
18 19 32
14 17 34
16 19 30
5 8 33
1 4 32
23 1 38
13 16 19
1 3 34
11 15 7
3 6 9
21 22 7
22 1 4
3 9 36
23 3 36
5 8 36
3 6 31
13 14 29
10 14 24
21 0 5
13 18 8
8 10 27
13 16 8
7 9 15
19 0 21
13 16 27
1 4 27
23 3 25
18 20 21
16 20 10
17 18 2
22 1 8
11 14 28
1 6 19
11 14 20
1 4 26
11 14 38
5 7 9
18 22 8
13 17 7
20 22 21
6 8 35
15 18 16
7 9 29
8 12 11
10 14 13
14 18 9
15 18 8
15 18 9
16 18 37
14 16 4
10 14 18
23 2 4
1 4 36
19 23 9
22 23 30
10 12 7
2 4 12
16 20 3
11 13 1
18 21 3
5 8 31
2 5 36
2 5 25
2 6 31
15 17 16
17 22 3
15 19 33
22 1 24
1 4 31
12 15 15
18 20 6
10 13 9
18 20 8
21 1 28
11 13 2
22 2 5
19 21 4
21 1 22
6 9 38
1 4 29
3 7 10
5 7 20
20 23 26
19 1 34
2 6 34
22 0 12
17 19 28
16 19 17
3 6 22
11 15 15
13 17 23
5 8 32
7 10 1
6 9 7
5 8 36
11 14 27
2 4 9
6 10 12
5 7 3
17 22 27
16 18 20
23 2 15
16 19 24
22 2 2
2 4 2
3 7 2
20 23 25
23 3 29
16 20 20
1 2 37
3 7 30
23 3 38
22 0 37
22 1 22
20 23 12
5 7 6
14 15 29
12 15 9
10 13 4
20 23 24
6 8 23
4 7 22
14 17 27
23 1 37
21 1 36
22 1 2
0 3 33
3 5 10
18 21 28
9 12 19
13 16 11
18 20 18
23 2 3
4 7 18
22 0 17
21 0 36
14 16 17
19 22 37
15 16 21
12 17 3
1 5 38
20 22 21
9 13 12
2 4 38
6 9 29
12 16 11
11 15 1
18 20 23
8 11 7
0 4 10
8 10 37
4 8 20
6 9 15
20 22 11
19 21 34
13 15 19
13 16 27
5 9 31
7 10 38
18 21 37
6 8 8
7 11 23
6 9 38
0 3 26
0 3 29
7 8 8
6 10 12
22 2 1
10 13 24
9 12 14
9 12 37
15 16 28
5 7 18
13 15 8
7 12 19
15 16 28
12 14 13
13 17 28
7 11 31
22 1 25
18 23 34
11 13 23
18 20 1
5 10 14
21 1 31
17 20 24
7 9 13
0 3 31
22 2 28
13 17 13
15 19 30
12 14 35
7 11 9
6 8 11
20 22 14
12 14 37
9 11 12
16 19 6
0 1 15
20 22 7
23 1 4
0 4 32
21 0 12
23 2 12
15 18 22
22 1 21
4 7 12
2 7 20
22 3 34
18 22 32
19 23 31
7 10 13
0 3 9
7 10 37
9 12 12
13 15 38
11 14 4
1 5 17
0 3 10
23 0 7
4 6 20
20 22 10
1 5 34
12 13 16
13 15 30
3 6 28
5 9 13
8 11 25
6 10 19
8 11 22
4 7 34
11 14 16
8 12 35
14 19 19
16 19 4
14 18 36
13 16 26
16 22 7
9 14 10
14 18 33
13 15 8
23 1 6
8 10 31
10 14 34
0 3 17
18 22 6
13 17 12
19 23 37
8 10 28
21 0 28
1 3 15
1 6 31
23 2 4
14 17 38
23 2 31
17 21 5
6 10 1
11 15 9
12 15 32
17 20 21
7 10 15
1 5 24
10 12 12
12 16 25
10 13 11
7 10 27
6 9 2
1 3 37
0 4 20
1 3 38
18 20 35
7 11 5
20 0 23
13 15 1
19 23 22
2 5 32
5 7 36
1 4 25
6 11 1
2 5 35
20 23 31
2 7 10
4 7 38
21 1 32
13 16 14
5 8 9
5 8 9
0 3 9
0 3 11
20 23 25
20 22 15
19 23 21
0 4 11
7 10 24
20 23 34
5 9 5
22 1 3
5 8 33
23 0 21
19 19 25
3 7 23
20 23 24
22 1 19
20 22 20
7 11 12
1 5 8
3 6 7
12 14 14
7 8 38
5 8 3
9 12 19
6 9 21
19 22 21
18 22 13
3 4 3
14 17 10
8 12 24
4 7 6
8 10 38
5 8 31
18 22 27
2 5 13
4 7 2
4 8 7
21 23 35
5 8 10
9 11 28
0 5 23
20 0 34
5 9 25
4 7 10
9 11 35
8 10 29
12 15 38
1 3 9
13 17 28
10 12 27
6 10 4
5 6 10
15 16 15
10 13 22
19 22 37
19 20 26
19 22 38
18 21 31
0 3 9
15 19 11
22 23 17
23 1 24
11 13 21
21 0 20
18 21 25
9 12 8
21 23 34
1 6 9
9 10 19
14 19 22
1 3 8
22 2 20
17 20 29
14 17 23
11 14 31
21 1 3
23 3 35
19 22 7
4 8 12
1 5 32
2 5 3
2 4 37
5 8 4
11 15 22
18 19 22
23 3 7
3 5 29
17 19 24
11 15 14
17 22 18
17 18 28
4 7 25
22 1 31
18 21 16
6 8 25
2 5 32
21 0 26
5 8 36
19 23 20
22 2 10
23 4 15
3 5 32
6 10 24
13 17 14
14 17 33
6 8 23
21 1 20
0 5 11
18 22 3
18 22 3
6 8 19
7 10 16
22 2 29
2 4 3
1 3 1
20 23 9
16 19 38
22 1 6
11 12 24
18 22 12
15 18 35
9 13 30
21 0 19
12 15 13
15 17 21
16 19 5
18 22 11
13 16 32
22 0 12
17 21 17
10 13 35
8 9 31
16 18 6
23 2 32
21 0 20
1 3 31
14 18 3
21 0 34
15 15 12
12 15 18
21 23 19
3 7 6
22 0 15
14 17 7
11 14 13
13 14 14
19 20 11
18 20 9
5 7 9
19 22 13
8 11 1
5 8 15
20 0 25
21 23 16
9 11 8
5 7 33
20 22 9
8 12 1
19 21 31
9 12 5
22 1 13
9 14 10
14 17 32
2 4 8
14 17 28
7 10 34
19 21 22
11 15 3
6 9 28
13 16 22
3 5 7
15 16 2
8 11 32
21 0 7
10 12 27
21 0 7
16 19 8
16 20 22
8 11 30
3 7 22
23 3 27
9 12 14
2 5 36
20 21 32
6 9 11
18 22 36
1 4 19
23 3 25
7 10 17
19 23 3
6 10 13
10 13 32
0 4 22
5 9 18
8 10 37
9 10 3
9 12 32
10 14 33
17 21 25
9 13 37
14 16 13
21 1 11
2 3 36
5 9 30
21 1 21
1 4 16
23 2 5
13 15 19
0 3 34
14 16 25
20 22 2
4 8 17
15 18 9
22 1 28
14 17 25
6 8 14
11 14 12
0 5 31
6 9 11
23 1 31
11 15 18
16 18 32
17 20 15
21 23 11
16 19 34
9 10 8
22 1 28
8 12 9
3 7 16
3 6 16
16 20 25
8 8 4
7 10 31
14 17 36
17 21 30
9 11 4
14 17 7
10 13 34
13 17 9
0 2 20
16 18 31
8 12 36
19 0 12
15 18 17
12 15 28
20 21 23
23 1 34
6 11 17
10 14 10
1 4 10
9 13 34
16 17 32
10 13 12
10 12 36
22 1 9
20 23 14
22 2 16
20 22 7
5 6 19
1 4 32
2 5 30
14 17 22
17 22 12
15 18 18
20 23 8
4 9 5
5 9 32
18 20 4
15 18 17
11 12 25
12 15 33
16 19 23
17 20 32
16 19 27
19 22 35
22 2 7
20 21 37
7 10 16
2 4 1
2 5 10
2 6 1
16 18 10
7 11 24
22 0 16
18 22 10
14 18 14
22 1 28
11 14 8
0 3 38
15 17 2
8 11 24
17 21 30
8 9 29
10 12 27
14 18 6
0 2 22
4 7 5
19 0 26
1 4 28
17 21 34
9 11 28
23 2 28
15 19 10
3 6 14
5 9 30
13 17 13
19 21 11
9 11 23
8 11 29
22 0 17
10 12 3
8 9 10
6 10 10
7 9 16
21 23 36
8 12 9
23 2 15
4 6 5
12 14 32
19 22 27
0 3 7
8 10 2
5 8 27
11 14 2
6 9 23
8 13 19
10 13 24
3 7 4
14 16 26
9 11 30
18 22 3
17 22 33
22 0 17
8 12 34
2 4 5
10 12 13
18 21 12
1 4 6
9 13 17
19 0 2
8 11 16
1 4 16
3 7 28
22 2 10
12 12 27
20 21 18
5 8 4
3 7 1
13 17 14
20 0 35
20 0 15
20 0 38
15 18 4
6 10 12
9 11 18
2 7 6
9 13 14
9 10 11
21 1 37
1 4 28
5 8 26
5 9 14
7 11 29
17 21 30
17 19 33
18 22 2
6 9 8
18 23 23
3 5 18
19 20 37
0 0 14
21 23 37
4 9 37
20 21 3
2 5 14
17 20 19
9 12 35
13 14 2
15 17 6
6 9 30
16 18 28
20 23 8
15 18 37
21 0 14
4 8 19
19 0 11
20 23 20
8 10 34
18 20 31
21 1 35
2 4 35
2 4 29
6 10 29
7 9 29
23 3 12
6 9 17
8 11 28
22 1 19
21 2 16
4 8 38
14 17 12
3 6 37
5 7 27
10 12 10
14 17 5
17 20 10
6 10 4
20 21 16
8 11 24
7 10 29
17 20 10
6 8 8
0 3 19
4 6 11
6 8 12
16 19 11
21 23 15
15 17 32
2 6 24
6 8 17
15 19 30
11 14 32
23 3 18
1 2 34
9 13 27
23 0 16
2 7 2
14 17 27
21 0 36
9 13 22
7 10 7
21 23 2
18 20 17
12 15 26
7 9 1
10 14 30
19 22 29
2 4 2
7 9 1
7 11 3
7 9 19
12 18 1
0 4 27
4 6 36
23 3 1
1 4 24
7 9 16
20 23 14
5 9 38
3 6 3
14 14 34
19 22 25
1 5 11
7 11 1
6 10 28
22 23 26
6 7 8
5 8 31
18 22 21
10 13 21
6 11 19
20 23 21
15 19 25
20 23 6
17 20 10
10 12 1
1 6 28
5 8 33
23 23 38
2 5 6
4 8 38
14 18 24
18 22 30
2 5 9
9 12 36
18 20 33
21 23 28
19 21 9
22 2 13
20 0 20
5 8 18
5 10 29
10 14 10
10 12 19
9 12 15
9 14 8
22 2 7
2 2 34
22 1 11
15 19 31
16 18 25
20 22 22
11 12 14
3 6 8
5 9 11
4 6 1
8 15 7
22 2 8
14 18 8
5 9 27
3 6 11
3 6 3
8 10 23
11 14 16
0 4 11
23 2 24
4 7 20
19 21 17
7 9 23
18 20 31
21 23 21
13 19 31
1 4 26
17 19 3
19 22 22
13 16 18
19 23 32
0 4 36
21 23 29
10 14 14
18 22 7
0 3 25
13 16 36
10 12 14
8 11 5
21 0 5
23 2 18
3 5 11
23 3 38
23 1 35
4 9 32
22 2 15
13 18 25
22 1 14
2 8 35
1 4 29
18 23 4
13 16 13
1 5 30
1 5 27
23 1 34
2 3 32
22 1 15
11 13 16
6 9 38
9 12 28
21 0 8
19 21 38
5 7 23
20 22 9
2 4 24
12 15 6
17 20 38
6 9 10
21 23 2
17 20 29
1 6 16
1 5 12
20 22 27
17 21 14
22 3 5
18 21 33
10 12 25
0 2 25
21 22 7
5 7 15
23 0 5
21 23 34
15 18 28
2 7 15
20 21 21
22 1 34
15 20 37
18 21 19
5 8 31
9 13 5
21 23 17
2 5 6
23 2 17
5 8 19
1 4 38
9 14 3
18 21 32
20 2 32
13 18 30
4 8 12
16 18 12
6 8 12
12 16 33
1 4 36
14 15 36
12 15 34
8 12 37
0 2 26
2 5 1
13 16 2
17 22 30
2 6 20
0 3 35
20 23 7
17 20 7
6 8 3
13 18 34
9 13 14
0 4 14
0 5 10
11 14 9
9 13 18
12 15 21
11 13 30
17 20 23
5 8 38
17 19 23
11 15 16
10 12 25
23 2 2
6 9 24
7 10 11
21 23 38
20 23 24
9 13 12
21 23 37
15 16 9
19 22 22
6 8 30
4 8 27
17 21 12
23 2 3
19 22 18
5 8 31
21 22 34
21 1 38
8 10 37
10 12 25
11 14 34
0 3 35
13 16 33
2 4 4
5 8 27
16 17 18
3 5 31
19 20 13
20 22 12
9 13 20
19 22 27
18 20 34
8 9 23
16 18 22
23 1 5
7 9 10
7 10 23
16 18 8
16 18 34
3 5 20
14 16 3
3 7 27
6 7 33
17 18 24
16 19 22
11 13 16
20 0 25
3 7 21
12 16 8
13 18 35
1 4 5
12 14 27
7 10 33
2 4 33
16 21 17
4 7 18
15 18 12
9 13 12
4 7 35
19 22 22
23 2 5
5 7 1
1 4 34
17 22 6
20 23 27
22 1 38
4 8 18
11 14 38
4 8 14
21 0 7
15 18 5
1 4 28
4 8 1
22 0 2
12 15 34
22 23 20
8 11 14
15 19 37
9 14 4
17 21 28
17 20 7
8 11 31
2 4 28
6 9 5
1 5 7
21 0 16
17 19 5
22 23 10
23 1 22
13 14 5
22 0 12
10 11 31
11 14 9
23 1 1
9 12 32
21 23 25
19 22 13
16 20 29
18 22 26
3 6 6
15 18 35
6 10 9
3 7 35
11 14 10
16 17 23
10 13 38
15 18 18
10 12 33
6 8 25
9 12 24
21 1 21
6 8 18
0 1 28
3 4 29
3 7 2
11 13 38
6 9 21
3 6 35
11 14 2
8 10 28
15 19 9
22 2 30
18 19 17
19 22 13
22 23 9
17 20 29
11 13 36
4 7 2
22 0 22
23 4 18
1 3 27
18 21 19
12 15 24
18 20 29
10 12 19
16 19 18
2 5 36
21 0 16
21 0 33
22 2 11
20 20 13
3 6 20
19 21 28
21 23 17
14 18 14
14 17 36
16 18 32
16 17 32
13 16 18
1 4 16
0 4 31
2 6 27
14 17 13
3 7 13
2 3 20
14 17 14
11 13 15
15 16 1
10 14 26
0 3 23
23 2 12
13 15 11
17 19 17
23 3 34
14 15 5
11 14 25
2 6 33
19 22 19
5 8 33
4 7 16
2 5 26
16 18 21
12 14 2
0 3 10
20 23 16
11 16 14
14 18 10
3 5 36
3 4 25
21 22 23
17 20 2
1 4 20
13 16 8
17 22 16
11 12 4
1 5 27
0 3 6
8 13 8
15 16 16
5 7 32
1 3 20
14 16 3
0 3 32
18 20 20
13 15 26
7 11 37
7 10 2
15 18 7
1 3 37
18 21 29
6 10 26
23 4 4
8 10 22
14 18 5
22 2 1
9 12 20
12 15 31
2 5 37
0 3 38
23 2 18
0 3 18
22 1 37
2 4 22
3 6 31
16 19 9
0 4 22
21 1 24
8 11 20
20 22 4
10 13 29
1 6 30
5 7 36
5 8 38
13 16 17
23 1 25
13 16 37
11 16 18
3 7 18
21 23 1
0 5 1
11 13 35
9 13 15
11 14 19
13 17 34
2 6 22
12 16 15
3 5 3
9 12 12
19 21 7
21 0 27
5 8 3
19 22 4
22 1 32
19 23 36
9 12 12
7 9 34
8 10 16
4 6 32
12 16 14
8 9 29
5 9 38
17 18 3
13 16 5
2 4 26
21 23 31
2 7 29
5 7 5
10 12 10
23 2 27
14 17 37
9 12 28
6 8 22
16 19 21
19 20 2
5 8 18
6 10 5
17 19 33
19 21 11
9 13 6
10 13 12
6 9 2
8 11 19
7 9 21
14 17 34
6 9 38
19 1 1
20 0 25
3 7 11
7 8 34
6 9 31
9 11 25
11 13 23
9 11 32
20 0 25
4 8 11
15 19 24
21 1 22
20 23 11
2 6 32
11 16 36
4 7 34
17 19 34
22 1 37
19 21 12
10 12 13
17 20 35
13 15 28
15 18 7
22 0 22
15 18 35
9 11 25
4 7 30
21 1 8
15 18 35
6 9 10
15 18 38
19 21 28
18 21 27
21 23 25
7 10 36
17 19 4
13 18 7
9 11 8
11 15 7
19 22 35
15 20 13
5 8 36
5 9 34
18 21 3
2 5 28
5 6 1
8 11 37
3 6 37
12 15 23
1 4 11
15 18 10
10 13 5
22 0 32
12 14 24
17 19 21
22 1 1
20 22 14
6 9 37
15 18 17
20 0 4
6 11 20
18 20 31
7 9 1
14 17 19
11 15 23
2 7 36
11 15 22
10 13 30
2 5 28
11 15 7
16 20 23
14 17 35
5 7 4
16 19 18
10 11 20
7 12 30
2 4 30
8 10 20
23 2 17
18 21 16
18 21 24
13 17 10
14 15 26
12 13 23
9 12 20
22 2 9
18 21 16
18 22 35
7 9 9
6 10 38
19 21 24
5 7 12
1 1 32
9 13 7
12 17 23
19 23 33
13 15 31
16 17 30
13 15 19
23 4 3
6 9 32
10 12 34
4 8 7
19 23 38
16 17 33
16 21 32
20 22 10
3 7 1
2 5 34
18 20 28
15 17 14
12 14 29
12 14 15
7 12 33
10 13 34
20 23 4
7 9 26
15 18 26
3 9 23
17 20 25
21 0 33
15 17 29
7 10 16
20 23 13
22 0 22
4 7 7
11 14 30
7 12 26
20 0 19
16 20 1
3 7 31
15 17 32
15 18 19
10 11 9
23 2 26
23 0 24
13 16 4
7 11 30
0 3 38
20 23 34
8 11 15
15 18 21
12 14 22
4 8 8
15 19 6
8 12 18
3 5 2
21 1 33
14 18 32
14 17 20
11 15 23
12 16 2
22 23 25
9 10 23
20 22 32
2 6 8
2 6 8
18 20 32
17 19 8
4 8 6
18 20 38
7 9 7
1 4 10
21 0 36
0 3 12
13 17 4
21 0 28
4 8 1
4 7 24
19 23 38
16 17 34
6 9 3
1 5 28
22 3 24
13 14 35
3 6 3
9 13 6
19 22 37
18 21 6
13 17 23
21 1 30
10 14 22
21 2 15
17 19 3
8 11 9
0 2 18
7 9 32
18 21 33
0 4 30
18 19 36
20 21 20
2 7 18
12 16 35
21 0 11
23 3 36
12 15 11
11 13 24
11 15 22
18 23 16
11 15 2
16 18 4
14 17 3
8 11 8
3 7 34
3 4 2
21 0 2
14 16 7
0 3 3
10 12 32
23 3 27
0 4 19
10 13 27
11 15 13
6 10 29
9 13 26
9 14 30
16 20 18
10 13 20
0 3 18
7 12 7
18 0 10
13 16 29
13 15 17
9 11 30
5 7 19
2 8 11
5 8 31
4 8 27
9 11 25
2 5 21
0 3 7
0 4 24
17 19 13
10 12 18
21 0 12
23 2 8
20 0 3
22 0 13
18 20 23
19 21 24
14 19 21
3 6 1
1 3 28
9 10 8
6 9 15
19 21 6
19 22 21
1 3 18
0 2 26
22 1 22
7 11 9
0 3 35
16 20 11
19 22 20
19 23 30
18 21 9
23 3 1
8 11 1
8 12 19
0 2 29
5 8 27
13 17 3
1 2 28
19 21 8
8 11 31
22 2 3
9 12 14
13 18 38
12 15 3
23 1 1
7 11 18
13 17 19
11 15 37
14 16 12
15 18 17
4 6 1
20 23 7
2 4 25
13 18 27
8 11 29
14 18 4
3 5 23
22 2 36
22 1 31
23 1 21
9 13 29
22 0 3
20 23 11
3 6 8
18 21 15
0 3 14
21 2 27
22 1 6
9 11 28
18 21 9
6 9 11
6 10 9
8 10 24
22 1 5
13 17 9
2 5 9
0 2 4
1 4 30
23 0 9
10 13 22
5 9 19
21 0 23
18 20 7
22 2 31
21 0 4
20 22 25
2 6 25
13 16 37
1 6 17
21 2 29
23 4 24
0 3 11
20 22 24
6 9 22
3 5 32
17 20 16
1 3 3
18 21 5
2 6 2
6 11 12
1 6 25
21 0 32
11 13 3
4 8 22
12 17 8
12 13 17
15 17 4
15 17 16
6 7 20
16 18 2
20 22 21
3 3 27
0 5 30
10 12 16
19 22 26
22 1 6
9 11 17
23 1 28
14 17 38
16 18 32
21 2 23
9 14 11
18 22 37
1 4 15
7 11 30
13 14 16
2 7 8
1 3 6
8 9 18
7 11 3
9 11 19
4 6 36
10 12 31
19 0 26
7 11 23
23 3 1
1 4 22
4 7 7
16 20 21
11 15 2
6 8 18
2 3 31
20 22 17
17 19 17
15 18 1
15 18 18
12 14 3
18 21 30
23 1 17
21 23 15
7 10 3
15 18 35
9 11 4
14 16 10
21 23 32
10 13 34
4 5 21
7 9 10
8 10 12
7 10 31
6 11 11
20 0 26
22 0 25
23 3 8
14 16 8
7 9 37
17 21 17
9 11 29
2 5 13
23 2 21
18 22 30
8 11 24
0 2 7
22 0 24
16 18 27
2 4 36
10 12 3
12 14 24
9 11 2
1 4 23
16 19 18
23 1 37
12 13 37
10 12 1
21 2 27
19 0 22
13 15 8
8 11 1
20 22 16
20 23 1
14 16 19
13 15 26
1 3 9
5 8 9
13 17 12
20 0 16
2 7 32
2 7 2
1 3 22
4 8 24
16 18 37
23 3 31
4 6 26
6 10 7
4 6 17
22 1 34
10 13 4
7 9 32
20 23 21
14 18 22
17 20 28
18 20 27
14 17 22
14 17 32
15 19 19
5 8 11
9 13 14
7 10 25
8 13 22
3 6 16
16 20 27
11 14 2
20 23 18
18 21 28
0 3 34
22 2 5
1 5 16
7 11 26
16 21 7
8 11 18
17 20 7
23 0 16
17 20 16
7 10 38
1 5 15
8 11 30
14 16 2
13 15 23
15 16 9
10 13 27
12 15 27
10 14 7
9 12 18
8 11 16
9 14 7
3 7 36
10 12 36
8 10 33
23 4 9
22 0 13
21 0 17
17 18 20
0 2 10
14 18 36
5 8 13
7 10 14
12 14 26
22 1 34
2 5 33
13 16 13
2 6 8
11 14 31
5 7 34
9 12 23
21 23 27
2 6 19
7 9 13
9 13 3
19 23 36
22 0 25
10 12 35
23 1 8
4 7 20
16 18 21
22 1 5
11 14 35
5 9 3
5 7 17
12 14 28
13 16 2
12 14 38
6 9 32
6 9 20
21 0 15
14 18 12
6 9 13
6 9 28
3 7 34
15 19 21
14 17 32
19 23 12
21 23 4
20 22 19
5 7 15
22 1 20
8 10 10
3 6 23
9 11 16
16 21 25
1 2 8
15 18 12
16 20 18
16 19 2
5 10 5
5 6 22
18 22 34
9 13 9
23 3 17
22 1 30
3 6 25
0 2 21
5 10 21
9 11 36
21 0 35
1 5 32
14 17 12
23 2 14
3 6 20
8 12 22
16 19 6
16 19 33
15 16 26
15 17 36
16 18 10
3 7 38
23 1 27
22 1 19
10 12 16
18 20 22
9 11 25
2 4 10
5 7 7
0 3 10
5 6 36
3 6 8
17 20 26
5 8 26
16 20 1
15 17 8
6 10 33
12 16 15
8 10 37
12 17 33
9 12 8
1 4 13
2 5 31
20 23 33
14 16 3
2 5 38
2 5 24
13 15 13
10 14 24
15 18 15
0 3 8
8 9 10
7 11 19
12 16 4
2 6 10
15 19 26
23 3 22
19 23 4
17 21 2
11 14 24
5 7 34
6 12 22
16 19 34
21 22 24
12 14 20
3 6 29
0 4 21
11 13 33
17 19 34
11 13 16
6 9 16
4 8 29
4 7 25
19 22 36
6 9 23
12 14 12
20 0 19
8 12 27
9 13 27
9 12 18
22 1 34
7 8 29
16 19 33
10 14 10
3 5 34
14 17 30
18 20 38
15 18 27
16 20 2
20 0 31
22 1 11
23 2 6
12 15 20
20 0 10
9 10 6
17 20 5
0 2 32
14 15 23
22 2 17
10 14 1
15 18 15
17 19 35
21 22 33
4 8 13
19 21 16
18 20 3
22 23 26
6 9 10
5 9 9
0 1 23
20 21 30
19 20 17
3 6 32
21 23 10
22 0 28
0 1 5
3 6 12
3 6 14
8 9 14
11 15 25
7 11 18
10 14 23
6 10 24
13 16 38
22 1 35
13 17 36
20 0 20
23 2 12
13 16 34
7 11 29
9 14 33
16 19 3
11 14 23
22 2 11
2 4 3
18 21 5
0 4 3
12 15 30
4 5 35
3 7 28
4 7 14
9 13 2
23 2 23
23 2 23
5 9 22
8 11 10
16 21 27
19 21 21
20 23 28
3 6 31
0 3 23
11 13 12
16 19 11
16 20 22
11 15 12
11 13 37
2 6 34
5 8 30
3 7 9
0 3 11
17 19 22
11 14 12
16 19 19
18 23 15
17 19 33
20 23 19
10 14 3
14 16 37
17 20 18
2 5 20
18 22 27
18 19 36
2 7 35
12 16 37
6 9 4
5 8 7
7 10 35
17 20 33
11 14 36
0 2 34
17 20 24
12 14 31
6 10 29
11 13 25
1 4 7
3 6 14
4 8 35
6 9 24
5 8 5
4 5 27
13 17 34
1 5 29
12 17 34
22 0 21
9 12 24
12 14 27
10 14 11
9 13 27
6 8 10
8 9 7
1 5 3
10 14 27
10 15 25
13 16 21
13 18 30
15 20 24
0 1 35
4 7 21
7 11 35
23 0 26
22 0 18
10 13 14
13 15 21
9 13 14
21 23 13
6 8 16
8 12 21
15 20 10
1 4 7
8 11 37
10 13 17
4 8 4
11 15 20
3 5 6
20 23 31
10 13 20
1 3 12
14 17 35
6 9 35
17 21 35
18 23 16
21 22 30
9 12 22
3 6 28
4 7 16
11 13 36
14 17 15
23 2 16
16 21 30
12 14 38
16 18 13
0 2 19
7 11 7
16 19 6
10 13 36
15 17 30
13 15 12
12 16 25
18 22 21
4 8 22
16 18 4
11 14 20
15 16 4
10 11 27
0 2 4
2 4 30
9 12 31
8 11 5
11 14 27
4 9 6
7 10 14
0 2 18
8 10 4
0 2 4
17 18 17
20 23 8
4 5 32
23 2 5
3 5 5
22 3 24
21 0 21
1 7 20
4 7 3
15 17 11
6 8 26
15 18 4
18 21 23
22 0 20
13 17 21
14 16 31
19 20 29
13 16 15
6 10 12
5 8 6
1 4 34
9 13 21
10 14 10
10 14 12
9 11 29
11 13 2
14 14 25
4 9 12
4 6 12
2 5 5
12 15 4
20 22 18
0 5 38
2 5 2
7 11 5
20 0 38
13 17 16
20 22 26
17 20 16
18 21 23
19 20 7
14 18 34
10 12 12
15 17 19
19 22 36
10 13 19
14 16 38
21 0 31
2 3 2
0 2 36
12 15 32
8 11 22
9 12 18
13 16 35
7 11 31
1 3 33
16 18 7
12 15 3
14 16 38
12 15 12
19 22 3
0 1 20
13 15 23
17 20 28
2 7 23
13 16 8
2 6 26
21 0 34
3 7 19
23 4 17
6 10 7
11 13 33
12 15 10
21 1 19
11 14 10
21 2 24
18 21 15
14 18 4
7 9 11
17 18 36
0 5 30
23 4 8
3 6 30
2 4 23
7 11 16
12 15 23
13 15 10
12 15 6
7 10 11
12 15 22
9 13 15
4 8 11
4 6 34
20 1 14
2 7 20
1 4 23
18 21 38
0 3 36
22 4 14
9 13 9
4 8 7
8 13 13
0 5 19
1 3 16
7 10 14
12 15 1
7 10 16
8 12 34
22 0 24
22 1 15
14 17 26
17 19 3
0 3 32
19 22 31
17 19 30
22 0 20
12 16 26
21 0 5
23 2 37
11 17 35
14 15 6
21 0 34
22 0 2
9 12 10
6 9 38
10 13 13
22 1 22
21 23 26
21 2 25
10 14 14
9 11 1
14 18 22
2 4 37
9 11 12
13 15 36
23 3 37
20 23 11
10 13 14
13 16 19
11 13 12
5 9 13
5 9 3
0 5 20
15 18 29
18 22 18
9 14 28
5 8 27
14 17 9
11 13 25
6 10 23
1 4 33
10 13 28
7 11 17
14 15 29
18 21 3
14 17 36
1 5 3
6 8 26
10 12 19
16 18 4
20 22 38
7 10 16
6 10 12
18 22 32
2 6 37
1 1 6
15 18 3
17 20 6
11 14 18
3 6 13
19 23 20
15 18 13
8 10 27
20 2 21
19 22 27
23 3 4
15 17 9
22 1 18
2 4 33
8 11 31
15 17 8
0 3 6
12 13 37
16 18 7
15 18 31
2 5 4
22 2 29
22 2 6
9 13 19
7 11 3
20 0 8
5 8 19
3 6 21
13 17 30
7 9 11
16 19 24
7 9 32
21 23 32
10 14 36
15 19 4
11 13 27
23 2 29
1 4 13
7 11 33
0 3 6
9 12 21
18 19 22
1 2 5
3 3 28
4 9 13
22 3 3
14 18 17
10 14 20
13 17 25
9 12 25
19 23 31
4 6 25
15 20 37
12 16 34
8 11 21
3 6 34
20 23 2
14 16 33
11 15 10
11 13 5
8 11 29
19 22 33
14 16 9
9 13 17
7 9 21
22 2 6
21 23 7
19 23 11
5 8 37
17 22 34
18 22 1
7 11 32
12 16 23
13 16 29
10 13 29
21 1 27
8 12 7
1 4 16
20 22 34
5 10 28
4 7 22
6 8 2
11 15 26
5 8 29
2 5 23
22 0 9
7 10 7
23 3 6
0 5 38
16 19 25
0 3 13
15 18 3
14 17 15
8 10 24
2 6 19
20 23 33
1 3 12
8 11 14
16 20 28
15 17 27
4 7 5
13 16 16
22 1 37
10 12 8
0 3 1
5 10 23
8 11 32
3 5 25
21 23 28
3 5 21
23 1 24
20 0 19
9 11 12
21 22 14
14 18 21
7 10 36
12 15 5
19 23 9
22 1 1
10 11 1
0 2 7
17 19 11
14 16 38
21 0 29
5 7 28
15 18 13
11 14 27
8 11 36
6 10 32
18 22 26
8 11 6
17 19 29
11 14 34
9 11 19
8 10 35
5 8 23
13 15 8
12 16 35
23 2 34
17 20 4
20 23 13
19 23 34
20 22 29
9 13 23
3 5 22
22 1 31
14 17 16
2 7 26
9 12 25
11 13 36
2 5 26
14 17 2
11 14 35
6 9 3
20 0 2
4 8 11
6 10 28
6 9 14
17 21 37
4 7 31
23 0 29
1 3 15
0 2 24
8 11 34
2 5 15
8 10 32
16 18 28
13 14 6
14 16 13
18 22 36
19 22 13
9 13 10
1 5 12
7 10 30
19 22 33
12 14 35
12 14 19
18 20 25
16 20 14
18 22 32
4 7 14
11 14 15
2 7 38
12 16 14
23 3 13
16 18 7
21 2 3
8 10 14
9 13 12
18 22 32
22 1 32
7 10 18
11 13 19
20 22 9
8 10 23
17 21 31
22 2 16
16 19 28
11 13 3
12 14 33
7 11 4
15 18 12
5 8 6
19 22 27
19 21 2
14 17 22
8 14 3
8 11 16
10 15 5
14 16 22
12 14 20
7 10 9
14 18 27
22 3 14
20 0 24
7 11 23
22 0 9
3 6 7
18 21 11
13 14 31
0 2 28
8 11 22
0 3 27
22 1 20
21 0 20
19 21 17
0 3 32
0 4 37
4 7 33
16 17 37
21 23 10
9 14 24
14 16 18
12 15 5
1 3 5
17 21 15
11 13 38
1 5 33
7 11 17
21 0 21
2 6 30
22 2 1
18 22 18
5 7 16
19 21 14
9 11 27
6 9 37
15 19 11
10 13 3
4 7 37
10 12 3
1 6 25
8 10 12
10 13 20
0 2 3
14 17 23
7 9 10
12 16 2
9 12 36
19 0 14
3 5 5
21 0 2
16 18 8
9 13 24
21 1 4
10 14 10
15 17 8
11 14 26
0 2 26
2 3 20
3 4 9
13 15 25
14 18 22
18 20 8
22 3 36
2 6 29
16 17 19
15 18 19
10 13 11
2 7 23
19 22 18
11 14 16
5 10 23
14 18 22
11 14 24
17 20 19
10 13 3
0 3 9
7 11 24
16 19 25
7 10 18
10 13 24
21 1 16
18 20 13
22 0 19
22 3 36
18 21 30
2 5 3
4 8 5
2 5 7
18 21 5
4 6 32
10 13 34
21 1 12
22 0 37
8 9 8
2 3 21
18 19 16
13 16 16
5 8 11
14 15 24
4 6 7
10 11 16
11 15 23
12 14 5
7 9 1
19 22 2
7 10 14
17 21 38
1 6 27
9 12 16
20 22 12
7 9 30
6 8 3
12 15 30
7 10 27
0 3 22
4 7 4
0 4 26
13 16 21
21 22 6
10 14 13
0 3 20
20 22 2
6 10 18
17 21 3
23 2 22
10 11 26
0 3 31
1 4 9
10 14 19
10 12 11
16 18 36
5 9 15
22 3 10
16 18 20
15 18 16
2 5 27
1 2 2
8 12 11
17 20 10
12 16 28
13 17 26
11 14 2
18 20 28
3 7 12
17 19 30
19 23 28
21 0 34
22 0 38
19 23 30
5 7 4
13 16 16
5 8 3
6 7 1
19 23 15
0 2 19
14 17 4
7 10 30
20 23 5
20 21 19
11 13 11
18 22 36
15 16 26
6 8 12
4 7 2
16 20 32
12 15 12
11 14 29
17 19 33
18 21 8
9 13 33
17 20 21
20 23 33
8 11 11
13 16 20
16 21 38
23 1 29
20 0 35
1 5 15
4 7 33
18 20 11
2 5 17
17 19 5
0 2 37
6 10 11
16 20 16
4 5 30
18 21 31
9 14 8
10 12 21
19 23 22
1 5 18
15 18 24
14 17 32
7 9 1
6 8 10
21 23 6
4 8 28
16 19 24
21 0 36
3 6 6
3 6 21
6 8 7
14 17 28
0 2 29
2 4 22
9 11 32
3 5 30
15 17 22
17 19 31
6 10 2
7 9 37
9 11 32
15 18 26
1 4 13
22 0 11
1 6 28
1 5 25
23 1 24
11 13 28
18 22 5
20 0 23
23 3 12
21 0 9
21 0 12
9 12 13
6 8 4
19 0 29
7 11 24
19 23 38
5 7 16
20 23 10
14 16 16
2 7 4
7 9 22
15 18 35
18 23 38
0 2 8
21 23 30
13 16 6
10 13 26
1 5 31
4 7 25
13 16 8
20 22 8
18 21 8
17 21 38
11 15 36
19 21 14
7 11 9
7 12 36
3 7 14
20 23 11
13 15 35
4 6 15
14 15 1
23 2 35
16 18 10
15 18 37
14 18 16
21 1 29
23 2 14
23 3 7
11 15 8
20 22 23
23 2 21
17 21 38
0 3 14
22 2 11
20 22 22
14 17 7
0 3 3
2 6 6
8 11 9
17 21 3
0 4 11
20 21 20
3 5 13
11 12 6
10 13 22
0 2 32
14 18 1
15 17 35
3 6 8
14 17 20
23 2 8
1 4 37
1 3 1
22 1 25
11 14 23
13 16 10
15 16 11
6 9 32
10 13 6
22 1 3
6 9 34
2 4 16
6 10 4
8 12 20
0 3 14
19 23 20
4 6 5
22 0 8
19 0 25
10 13 2
3 6 27
13 14 3
20 23 14
1 5 7
13 14 9
4 8 34
0 4 14
15 20 32
5 7 11
9 12 7
18 21 5
7 11 36
9 11 3
8 11 6
13 16 35
3 5 30
2 5 8
8 11 26
13 17 8
15 19 30
20 23 27
20 22 31
13 16 37
2 6 4
9 11 17
17 20 21
7 11 3
15 18 9
23 3 15
4 7 16
5 9 34
10 14 2
17 22 13
22 0 9
9 10 19
6 8 26
12 14 17
5 7 12
9 13 34
20 23 16
0 3 22
8 9 4
6 9 32
4 7 26
0 3 9
3 7 34
7 9 37
20 23 34
5 8 27
2 3 15
17 17 35
13 14 36
9 11 29
21 0 30
19 22 20
9 13 38
9 11 7
6 9 7
7 10 18
5 8 37
11 14 25
9 12 23
20 0 7
7 10 27
9 11 6
17 20 8
20 23 26
23 2 1
9 12 14
11 15 35
3 6 4
0 4 6
10 12 19
4 7 4
23 2 11
18 0 25
19 22 37
12 14 30
3 8 9
21 23 13
14 19 31
3 6 6
19 21 6
15 19 26
3 4 27
21 0 26
7 9 16
5 9 34
20 0 27
15 17 5
12 14 1
14 18 20
19 23 30
8 10 11
0 2 23
2 5 16
18 22 14
7 10 5
3 6 15
13 16 4
4 6 22
13 16 18
2 4 11
4 8 4
7 11 30
14 15 30
9 12 32
11 14 17
15 20 16
23 2 9
12 18 14
1 4 25
16 19 6
16 20 16
9 12 33
14 18 1
8 12 31
5 9 31
8 11 37
15 19 4
14 18 24
22 0 14
8 11 9
21 2 26
23 1 10
13 16 1
12 15 23
19 22 2
23 2 3
15 17 27
2 5 18
14 16 12
22 0 23
17 19 3
18 21 16
6 10 33
20 0 14
1 3 8
22 1 15
18 20 4
4 7 13
15 18 21
16 18 27
23 2 5
21 0 3
23 2 4
9 12 26
16 17 34
0 2 13
4 8 5
21 1 35
8 10 2
9 12 29
3 7 8
10 13 10
13 16 36
0 2 6
10 13 14
21 1 9
6 9 38
5 6 19
3 4 16
2 5 37
14 18 26
22 1 23
0 4 21
5 9 5
7 9 4
17 22 2
11 15 32
16 21 9
7 11 18
9 11 21
19 22 21
13 15 31
23 1 34
5 10 32
22 3 24
5 8 18
16 20 1
19 22 20
22 1 14
17 20 18
21 1 33
9 12 36
20 23 20
16 19 6
1 5 5
18 20 5
7 8 23
2 5 19
14 16 22
19 0 12
13 17 1
1 4 35
22 3 19
18 22 13
14 17 1
22 2 29
13 17 4
5 6 9
14 17 2
6 8 19
0 3 1
21 23 3
15 18 28
7 10 22
15 18 24
12 15 30
5 8 28
14 17 1
13 14 31
20 23 19
18 20 15
17 20 18
6 9 16
1 4 23
17 20 21
17 20 3
16 19 2
0 4 38
3 6 18
18 20 6
13 17 5
21 23 15
20 21 36
11 13 22
7 11 10
14 16 18
14 19 20
22 1 3
12 14 3
22 2 5
8 11 25
22 1 17
11 15 23
11 14 15
0 3 3
7 9 23
3 7 32
11 15 31
15 17 16
0 3 37
5 7 5
22 1 36
19 22 18
19 21 32
2 5 16
3 8 19
18 21 17
15 18 28
17 21 35
18 21 19
4 7 10
17 21 1
18 20 13
7 9 7
20 23 3
17 18 20
23 3 9
13 14 34
12 16 27
14 19 8
15 18 27
21 1 28
22 1 8
21 1 31
5 8 12
15 19 2
9 13 38
23 1 36
2 4 27
9 13 31
21 1 5
14 16 27
11 15 31
8 10 29
14 17 14
6 11 14
15 18 34
6 9 15
0 3 26
14 15 5
3 7 16
1 4 23
10 13 11
4 7 14
10 13 32
5 8 7
9 13 7
19 22 25
9 12 23
3 4 28
21 1 14
18 20 19
20 23 17
13 16 38
17 20 33
20 23 10
0 1 16
22 2 9
13 15 17
16 18 25
11 15 26
7 10 9
6 10 34
8 8 4
16 19 1
1 5 11
22 2 26
6 8 12
15 18 26
13 15 38
6 9 25
19 22 33
13 15 8
16 19 20
19 22 34
21 23 19
4 4 29
17 20 8
15 18 9
20 22 10
11 14 38
1 5 21
15 17 28
2 3 12
21 0 21
0 3 23
12 17 29
4 6 14
18 20 10
18 21 35
0 3 1
9 12 12
12 14 23
15 18 9
0 2 5
23 1 30
2 6 16
21 1 26
1 4 37
14 17 38
20 23 22
17 20 18
0 3 38
15 18 22
22 2 38
4 8 12
11 15 22
3 5 8
13 15 15
15 21 3
10 15 8
16 17 31
17 21 13
19 20 30
20 22 18
3 6 4
12 14 31
7 11 8
11 13 3
20 0 38
7 11 3
1 4 38
18 23 32
9 12 6
23 1 20
16 19 36
15 18 23
5 8 2
15 17 12
11 15 5
6 9 18
2 6 19
8 10 19
4 6 18
23 2 9
16 20 27
14 17 37
16 19 1
7 12 38
16 19 20
0 3 1
1 4 17
15 20 1
4 5 4
1 5 15
8 12 9
3 6 30
10 14 33
22 2 10
14 18 5
12 16 3
4 7 16
12 13 38
16 18 35
22 1 28
9 13 6
13 16 25
8 11 10
15 18 5
1 4 3
22 1 17
13 16 30
8 10 8
6 9 20
6 8 15
13 16 5
1 4 1
23 2 22
0 4 11
8 11 36
6 10 13
22 2 7
0 3 17
22 1 13
10 14 29
16 20 35
0 3 24
0 3 33
21 0 19
6 9 8
13 16 15
1 3 14
2 4 31
7 10 31
0 3 37
8 11 22
10 13 33
3 7 26
4 6 35
17 21 32
13 17 21
14 17 24
12 16 34
11 15 20
2 4 14
5 8 23
15 18 18
0 5 33
1 4 6
13 15 21
10 12 32
5 8 23
7 11 16
10 12 2
10 14 3
6 10 20
17 18 27
0 3 38
5 7 15
21 0 30
13 15 36
6 10 34
4 8 17
16 19 3
0 4 32
14 17 37
16 20 28
23 0 14
16 19 37
20 23 36
20 21 37
13 15 27
9 11 37
0 5 23
8 12 26
11 15 3
20 23 20
16 21 27
1 3 20
3 5 16
16 18 12
19 22 15
6 9 1
5 8 9
6 8 37
5 9 23
7 10 9
0 2 5
9 11 16
16 17 29
1 2 14
18 23 35
18 22 13
11 14 27
0 3 6
18 21 25
19 22 32
21 1 22
8 9 21
4 7 11
19 0 5
8 11 33
1 4 31
1 4 37
17 19 27
13 16 17
0 3 35
3 6 18
4 8 6
19 21 16
0 4 37
23 4 30
7 9 18
0 3 23
22 1 35
15 18 24
9 14 3
15 17 16
22 0 31
19 23 20
21 0 12
7 9 30
19 21 9
10 14 6
13 17 14
10 12 14
17 20 8
1 4 18
9 12 32
8 13 8
10 14 29
11 13 35
5 8 18
10 13 1
14 15 26
12 16 33
19 22 10
19 20 14
22 2 33
6 11 38
8 10 34
2 5 4
19 21 31
19 21 9
16 19 17
10 11 37
5 8 1
12 15 3
22 1 22
12 15 20
8 11 1
16 19 16
9 11 32
22 1 17
21 23 5
3 6 16
19 23 15
20 23 30
11 14 25
22 1 38
20 23 29
19 23 6
22 0 29
6 9 15
7 11 34
1 3 16
11 13 35
14 18 19
6 9 5
21 0 18
17 21 37
19 21 37
15 19 26
11 13 8
13 16 12
2 4 30
13 15 6
9 12 13
12 14 12
23 5 31
9 13 24
15 19 12
23 2 3
22 2 18
6 8 30
15 17 31
3 6 3
14 18 38
10 12 28
11 14 28
23 2 25
14 18 1
9 12 27
11 15 38
11 14 24
16 19 13
1 5 19
8 11 31
6 10 24
5 7 19
10 12 19
12 16 14
4 8 14
9 13 15
4 7 20
17 19 23
3 6 36
22 0 15
13 16 29
20 22 4
8 12 5
5 8 33
7 11 38
22 1 8
5 8 36
17 20 21
11 13 33
6 9 8
12 14 7
5 8 30
4 7 22
1 2 5
20 23 5
4 7 9
13 17 6
0 5 21
10 14 14
12 15 33
16 18 30
13 16 19
12 14 33
18 22 6
16 17 9
11 14 27
4 6 32
8 12 22
11 13 36
12 16 3
17 20 36
12 15 7
16 19 36
17 20 12
8 10 34
2 6 26
16 20 1
18 20 7
4 8 9
4 8 12
23 2 26
23 3 32
22 2 11
22 2 20
2 6 38
13 16 32
11 14 28
15 18 7
10 12 25
15 19 18
2 4 34
22 2 26
0 2 31
5 8 32
2 5 16
2 4 5
6 11 30
19 21 31
1 5 13
22 2 36
1 3 4
6 12 22
5 9 14
9 11 9
19 21 4
13 14 11
16 20 17
21 0 36
7 10 21
3 6 22
20 22 13
5 8 26
22 1 27
22 1 9
7 10 15
0 1 7
19 21 6
9 9 26
5 9 21
6 9 26
4 8 20
13 16 30
11 15 2
1 5 7
11 16 21
4 6 18
2 5 12
5 8 37
2 6 4
15 17 19
7 9 26
9 12 29
17 20 34
8 11 19
21 1 25
13 15 3
3 5 12
21 0 18
7 11 9
10 13 31
0 3 10
9 12 7
5 7 18
21 0 32
1 3 34
19 0 7
0 2 33
22 1 29
1 4 17
6 11 25
14 17 12
12 14 24
18 23 13
22 1 13
10 13 28
5 9 29
23 1 2
8 11 1
13 16 17
16 20 21
6 9 15
16 20 11
19 22 10
16 20 21
12 15 22
12 15 9
22 2 20
16 19 13
22 1 21
0 4 13
23 2 36
11 14 32
2 6 14
16 17 15
6 8 14
11 15 13
11 13 21
5 7 21
12 13 4
14 19 36
21 23 1
2 5 32
22 1 4
1 6 38
11 13 22
0 3 15
1 4 31
3 6 21
19 21 2
7 11 27
22 1 5
18 20 15
0 2 6
19 21 18
12 16 10
4 5 23
14 17 9
5 8 14
13 15 33
16 20 28
0 2 16
6 9 16
11 15 29
5 10 6
14 17 12
23 1 35
3 7 36
9 12 28
19 23 4
2 6 19
9 11 35
10 12 38
15 19 5
16 21 13
20 0 23
5 8 36
14 18 7
1 4 25
14 17 5
9 11 1
2 5 5
8 11 11
22 0 33
9 13 27
7 9 18
14 18 31
21 23 36
3 6 6
16 19 31
22 3 2
14 17 5
23 2 1
23 1 27
23 1 38
20 22 28
1 3 21
4 7 27
2 6 22
20 23 26
16 20 2
19 22 33
14 18 27
9 11 32
19 21 16
20 0 14
18 21 11
5 9 10
8 12 38
7 11 16
4 8 16
0 4 2
20 0 26
18 18 2
10 14 34
4 7 19
15 17 37
16 18 30
9 12 3
15 18 26
16 20 18
20 0 30
3 5 14
8 11 2
3 5 30
5 8 23
1 3 25
8 11 10
11 14 11
8 11 27
7 12 37
18 22 14
17 20 21
6 10 32
6 7 31
5 8 1
10 14 27
14 16 5
10 11 14
9 12 18
11 14 8
10 13 18
0 2 2
17 19 6
9 12 29
18 22 27
7 10 11
4 6 9
20 22 2
13 15 31
21 0 36
9 11 34
3 8 3
17 18 6
2 5 23
10 13 14
2 7 21
9 13 33
15 18 5
9 11 7
9 11 3
13 15 38
19 23 6
6 9 4
5 8 9
5 8 36
5 9 22
8 12 27
3 5 27
20 22 17
22 23 5
16 19 10
19 22 3
6 9 36
2 5 38
1 3 11
17 20 37
12 16 12
5 7 5
19 22 29
3 6 23
14 16 21
17 20 25
0 3 34
7 10 23
12 15 34
16 20 30
18 21 12
22 1 18
1 3 12
21 0 27
4 6 12
20 21 35
10 12 2
9 12 6
2 5 24
0 4 5
18 22 38
23 1 35
7 11 26
14 15 13
12 15 38
8 8 27
20 0 8
2 5 17
10 13 19
6 7 8
18 21 36
21 1 5
20 23 16
5 8 11
9 12 23
1 5 1
13 16 3
12 15 24
13 15 15
16 20 11
0 5 33
18 20 33
0 3 11
16 18 23
20 0 28
10 14 5
18 22 12
3 4 31
12 12 34
7 10 12
15 18 20
14 16 22
5 9 24
22 1 24
6 7 6
23 1 30
21 0 4
21 0 25
6 8 9
20 22 32
4 5 10
10 13 23
20 23 2
15 18 10
7 11 25
21 1 5
20 23 32
3 6 10
16 19 25
16 19 12
9 12 17
14 18 8
6 10 37
9 11 21
19 21 14
6 8 13
23 0 27
23 0 24
16 18 4
2 4 9
19 21 32
9 13 10
18 19 12
11 15 9
18 21 9
11 14 25
12 16 23
23 0 37
18 21 27
11 15 10
13 15 13
2 6 22
0 2 5
0 3 28
7 11 32
8 10 35
21 1 11
9 11 3
20 23 16
22 2 29
10 13 6
7 9 26
17 19 11
3 6 37
17 19 4
0 2 32
16 18 6
4 8 4
12 15 20
6 9 8
5 4 3
2 6 9
11 14 28
5 9 37
22 2 33
5 7 38
14 16 33
6 8 4
5 7 7
22 2 21
2 6 30
10 14 23
22 0 8
14 17 18
7 10 13
9 13 16
21 23 5
15 17 33
1 2 37
11 16 11
22 2 11
1 3 16
2 4 11
19 23 22
17 21 20
18 19 13
11 12 33
2 5 36
11 12 21
14 15 1
15 17 35
20 0 15
20 23 21
5 10 37
17 19 16
12 14 35
23 4 7
14 17 2
20 0 20
2 5 13
1 3 29
1 3 13
15 17 36
8 11 36
19 23 27
14 17 2
21 1 29
14 17 32
3 6 13
19 21 11
10 14 9
14 16 3
23 2 5
20 23 12
17 21 17
0 2 8
13 15 34
1 4 35
21 22 27
11 15 21
12 15 10
0 3 8
11 15 13
18 22 5
21 0 15
0 2 37
22 1 2
3 6 16
6 9 34
19 22 32
14 17 15
3 6 30
19 23 29
5 8 33
6 8 13
16 20 28
11 14 8
0 5 14
17 22 1
21 0 12
18 22 12
7 10 19
15 19 7
5 9 3
2 6 12
20 20 20
4 8 5
22 2 30
18 21 25
11 15 21
17 19 28
14 17 20
16 18 11
17 19 9
13 17 24
3 9 34
21 2 32
11 14 18
23 3 32
16 16 30
10 14 35
19 22 12
10 12 3
23 1 28
15 19 8
19 22 28
22 2 3
12 15 9
23 3 3
12 14 18
11 16 35
22 2 1
6 9 4
10 13 34
6 10 24
4 6 6
8 12 35
0 1 8
4 8 15
23 2 11
3 6 16
3 6 21
22 2 30
11 12 28
1 5 11
1 3 36
16 18 19
17 21 21
11 17 2
7 10 17
0 4 36
19 22 11
7 11 10
19 22 7
17 18 3
13 16 17
15 16 21
19 22 11
13 17 7
19 22 7
18 21 5
9 12 32
22 1 32
23 1 34
19 23 10
18 22 13
21 0 15
16 19 36
1 4 5
12 13 2
16 19 19
6 9 8
1 4 3
0 2 34
2 5 5
20 0 19
4 8 12
4 7 27
4 6 1
4 7 10
3 6 14
21 23 30
13 18 29
10 14 2
3 5 13
19 22 9
7 10 12
5 9 20
22 2 18
22 3 31
18 20 31
20 0 1
18 22 38
22 0 25
4 8 34
16 19 13
22 1 10
2 5 27
19 21 2
3 6 26
2 7 3
15 18 30
7 9 21
23 2 10
7 9 28
5 6 13
5 9 38
11 15 34
5 8 37
7 11 3
17 21 8
22 2 11
4 9 27
1 6 19
5 9 37
23 2 34
5 7 20
23 4 6
1 5 19
8 11 16
19 22 30
14 16 27
12 16 17
12 16 1
20 0 29
0 2 36
8 11 36
23 3 21
11 12 17
10 13 1
22 0 7
16 19 38
20 21 23
10 14 17
17 21 24
7 9 11
11 14 1
17 21 20
9 12 34
6 10 3
18 20 29
9 12 38
12 15 37
20 21 33
3 6 36
13 16 18
6 8 22
11 16 33
19 23 22
9 13 1
1 4 25
11 14 8
9 12 1
14 17 1
18 21 11
7 9 9
18 21 33
0 3 12
0 2 20
14 18 15
11 13 37
20 23 12
20 22 19
21 22 21
19 23 6
17 21 34
1 5 13
9 11 28
16 19 33
5 8 25
6 9 4
8 12 36
9 13 17
5 8 15
14 17 35
18 21 33
22 3 10
17 21 23
23 2 12
8 11 10
1 5 35
7 7 19
13 16 31
3 6 32
1 3 8
12 15 24
3 6 13
8 12 35
16 17 27
9 10 29
18 22 36
8 9 10
12 16 4
20 21 27
2 3 3
1 4 23
9 15 24
14 16 11
17 19 33
4 6 1
4 6 12
2 5 38
14 16 33
12 16 9
15 19 33
9 12 3
20 23 4
23 2 35
2 6 7
1 6 34
10 13 26
3 7 7
14 17 18
22 0 35
18 20 20
21 1 36
22 1 9
5 10 16
4 7 2
11 14 23
9 12 4
9 11 27
9 13 21
20 23 37
21 0 8
16 20 31
2 7 16
20 0 31
11 15 29
9 13 15
2 6 34
13 15 10
7 11 27
5 8 5
9 12 23
0 2 1
1 5 29
11 14 9
11 15 11
7 9 4
8 12 25
8 10 12
11 15 4
11 15 24
7 10 26
3 4 24
6 7 10
20 23 30
19 22 21
19 21 7
5 8 14
1 3 28
10 12 5
10 12 1
20 0 11
17 18 3
12 16 11
4 8 2
0 4 20
20 2 5
3 7 23
18 19 7
5 8 5
3 6 20
23 3 1
6 8 5
18 23 26
20 23 12
6 9 24
17 22 20
23 2 11
10 13 18
3 7 33
13 15 23
21 23 5
18 22 5
19 23 26
15 17 5
23 2 34
4 7 13
6 9 38
3 8 2
23 2 34
4 8 14
22 1 38
5 6 35
4 5 38
22 0 36
14 18 23
16 21 7
8 14 19
21 23 32
20 23 23
20 22 24
19 23 28
11 14 4
12 15 32
22 1 7
16 17 16
4 6 20
5 8 10
1 3 28
13 16 18
10 15 36
10 12 23
23 2 10
0 3 29
20 23 6
16 19 23
12 15 22
10 12 20
21 23 36
20 21 33
11 13 30
5 10 36
18 20 32
6 8 12
17 22 27
12 14 1
4 9 33
12 15 37
12 16 10
5 7 17
13 15 22
22 1 9
4 6 4
23 1 30
15 19 31
20 23 8
17 19 18
1 5 5
7 10 12
11 15 35
14 18 30
3 6 38
7 7 34
7 10 19
15 18 14
4 3 9
10 13 14
1 5 36
1 5 22
17 19 17
13 16 9
10 13 18
3 6 9
11 14 20
23 3 23
16 20 25
1 3 26
17 19 3
6 8 5
3 5 15
8 10 35
5 8 20
12 16 25
23 3 12
19 22 32
5 9 18
15 17 22
17 22 16
15 18 14
13 16 22
3 6 15
14 16 27
10 13 15
22 2 18
1 5 30
19 22 29
19 23 17
13 15 28
13 16 5
19 22 19
3 6 29
7 9 27
3 6 6
17 22 30
6 9 4
12 15 4
16 19 38
16 21 14
4 6 24
6 9 20
16 19 8
5 7 31
5 7 32
15 18 19
17 18 29
23 1 32
9 13 17
15 17 33
19 23 2
1 4 14
18 20 22
2 2 11
2 6 22
18 21 29
18 21 12
4 9 9
7 10 11
23 2 33
11 14 33
20 0 4
6 8 10
9 10 22
14 18 22
3 7 30
17 20 6
2 4 21
15 19 5
8 12 6
7 10 5
0 3 25
9 12 34
3 6 11
7 9 32
23 2 26
14 16 29
9 12 30
6 10 8
10 12 24
23 3 33
19 21 28
17 19 34
22 0 32
23 3 31
10 14 38
14 16 9
11 15 22
20 22 29
6 9 4
16 20 32
2 5 4
13 18 35
13 16 38
3 5 12
6 10 17
17 20 31
21 23 9
18 21 30
12 15 16
6 11 35
19 21 16
10 13 26
7 9 25
9 13 3
10 14 7
22 0 21
15 17 27
2 5 30
7 7 18
12 15 23
2 5 23
4 7 9
4 6 28
4 8 32
20 22 10
20 0 28
23 0 14
12 15 21
12 16 21
8 12 14
10 12 31
12 16 7
5 9 20
16 19 24
9 11 12
3 6 27
18 21 7
10 12 26
10 14 13
23 2 16
4 7 35
14 17 22
13 16 4
11 13 10
0 3 3
2 3 22
13 16 37
12 15 16
22 1 33
10 14 17
1 4 9
2 5 37
0 3 28
4 7 8
14 19 4
17 21 13
12 16 2
16 19 30
2 7 33
16 20 28
1 3 19
23 1 26
15 18 24
7 10 21
0 1 35
4 8 4
19 23 23
13 15 17
7 12 37
19 22 18
6 10 37
1 4 16
8 12 21
7 9 19
14 17 9
0 2 38
15 18 10
22 23 5
15 19 24
12 16 24
10 13 24
17 19 2
5 8 9
20 0 12
17 21 9
19 22 16
11 15 8
5 10 38
10 14 7
4 8 5
1 4 8
8 11 28
21 1 31
12 16 3
0 2 15
4 6 36
12 15 14
7 11 23
14 17 1
13 16 7
7 8 13
10 14 8
12 15 19
3 6 36
6 10 15
15 16 28
11 14 22
10 12 22
22 0 7
0 1 27
15 18 10
10 14 8
8 10 35
17 20 21
22 1 26
11 13 14
11 12 28
20 22 9
20 22 30
22 0 20
7 11 11
15 20 38
6 8 5
5 9 34
0 3 5
3 4 24
7 9 7
10 12 30
4 7 37
4 5 8
5 8 1
3 7 22
21 22 33
0 3 21
13 17 5
7 9 36
17 20 27
11 13 36
22 1 28
12 15 16
18 21 28
3 6 37
9 13 18
19 21 31
21 0 33
5 11 9
0 1 35
11 15 36
9 13 38
1 3 13
14 16 12
7 10 30
13 16 34
7 10 15
21 23 7
1 4 19
4 7 34
0 2 33
21 1 18
23 4 26
17 18 26
9 11 34
9 12 20
3 6 23
15 18 14
9 12 20
11 13 22
1 4 9
17 19 29
23 3 26
10 14 16
16 20 23
15 17 29
2 6 20
4 8 23
9 12 29
14 17 6
22 23 29
0 2 25
7 9 29
22 0 25
6 8 25
2 6 35
1 4 37
23 1 27
18 21 25
21 0 33
14 17 6
13 15 33
0 3 6
20 0 34
20 20 26
22 1 16
2 6 20
17 19 16
5 8 17
11 14 20
13 14 13
0 1 10
12 14 18
21 0 9
22 0 22
20 23 24
2 4 23
14 17 30
5 6 18
0 3 24
15 18 24
7 9 36
15 20 5
6 7 25
5 8 13
7 9 5
15 19 9
5 8 22
22 0 22
2 4 26
17 20 15
10 13 5
6 10 34
2 5 21
23 2 33
10 14 32
4 7 29
1 5 25
9 11 13
10 12 21
16 18 18
10 12 29
17 22 17
18 21 25
3 5 28
1 4 16
0 3 1
14 18 26
11 13 32
0 2 19
3 6 29
0 4 28
23 3 37
6 10 1
21 23 13
2 6 35
9 14 10
11 15 24
8 12 18
17 22 33
16 19 16
14 16 29
5 8 4
3 5 22
19 22 29
23 2 10
5 7 35
20 23 29
5 8 24
2 6 19
19 21 1
21 0 13
1 3 28
2 3 15
18 21 13
4 7 25
10 13 32
19 22 11
6 10 9
15 19 30
6 10 28
3 5 34
3 6 3
11 13 1
11 13 19
11 14 2
19 21 13
3 6 28
18 20 24
1 4 20
17 20 34
9 12 4
8 12 8
14 18 15
5 7 5
5 8 38
17 22 29
3 6 10
2 6 23
5 8 27
23 3 4
14 17 13
2 5 5
4 7 31
1 4 34
21 1 38
22 0 9
1 5 24
1 4 29
9 13 12
22 22 10
12 16 35
18 22 1
1 4 9
4 7 26
14 17 32
23 2 8
18 21 31
10 13 6
13 15 22
15 17 9
11 13 25
23 0 14
10 14 37
4 7 18
0 4 3
21 0 23
12 15 23
5 8 31
6 7 28
9 13 12
19 20 1
3 6 6
12 16 19
21 0 38
23 1 23
9 13 34
3 7 4
1 4 10
2 4 13
11 14 32
9 13 6
3 8 8
15 18 3
18 21 23
0 2 2
18 22 17
4 8 27
15 19 13
20 23 35
15 18 13
8 10 28
10 14 31
2 4 13
23 1 30
22 0 34
11 15 30
8 12 23
20 0 22
12 15 23
10 15 38
7 9 21
0 3 12
23 2 3
0 2 3
14 18 3
5 8 9
5 8 3
4 7 27
7 10 37
7 12 38
4 7 35
18 21 35
7 10 21
14 19 24
16 22 28
8 11 4
11 15 7
7 10 1
10 14 37
4 6 4
20 23 22
18 19 22
4 8 5
4 8 11
20 23 17
8 13 12
22 2 2
15 17 31
11 15 19
12 14 24
8 13 13
9 11 18
5 6 25
9 14 33
20 0 10
4 8 6
23 2 14
3 7 23
18 21 13
19 22 34
6 8 24
2 3 5
11 15 36
8 11 22
4 7 5
2 6 10
4 7 7
16 19 6
0 3 34
13 18 8
12 15 34
12 15 6
4 7 19
11 14 22
6 9 22
4 6 32
10 15 8
1 3 32
8 11 16
21 1 19
11 13 11
6 8 19
5 9 38
6 11 19
18 20 16
6 8 37
1 6 20
11 12 32
0 2 31
9 11 2
0 3 11
7 11 4
17 21 24
18 21 36
10 13 36
8 11 36
22 1 30
20 22 2
10 13 33
18 21 17
13 17 28
7 10 20
23 3 10
18 22 25
22 2 11
0 1 26
20 23 33
0 1 18
22 2 28
1 5 20
6 8 27
0 3 24
5 10 12
21 0 25
20 23 5
9 13 16
0 4 21
1 4 6
12 16 36
23 3 10
19 22 35
0 2 3
21 1 21
23 1 31
20 22 1
13 16 18
18 22 15
12 15 9
14 17 22
18 22 1
19 22 25
21 0 38
16 19 5
15 19 30
19 22 36
2 5 11
11 14 20
22 0 28
19 22 20
22 1 34
23 1 19
1 3 32
11 14 2
7 11 24
15 16 14
4 6 24
17 19 29
5 8 7
23 2 38
7 11 19
16 20 18
8 12 7
10 13 3
23 1 3
13 16 21
18 23 30
9 12 14
21 23 1
4 5 28
12 15 20
5 9 8
17 20 23
2 6 35
12 15 37
3 6 6
11 15 20
1 4 27
11 14 35
11 13 36
16 18 38
10 14 17
5 6 38
6 9 21
0 3 38
21 0 17
19 21 4
5 7 20
3 6 22
20 23 33
1 6 6
4 7 23
16 18 29
9 13 24
12 16 17
3 6 27
20 23 17
15 17 34
6 7 35
15 18 22
8 12 30
5 10 27
0 2 3
1 4 29
11 13 36
18 22 2
3 7 22
19 21 17
5 9 21
1 3 19
3 6 24
6 9 1
5 9 29
18 20 31
14 16 18
3 7 1
7 10 16
1 4 4
4 6 18
17 20 3
9 12 27
22 0 15
11 14 5
16 21 1
6 10 18
12 15 2
13 15 38
5 7 38
10 15 35
13 17 3
20 22 34
9 13 17
1 5 23
14 17 5
12 14 17
13 17 36
20 23 7
16 19 24
16 18 1
7 11 19
3 5 38
11 16 29
0 3 22
3 5 28
15 16 6
4 9 27
2 4 37
17 20 23
4 6 34
3 6 8
11 13 25
6 7 33
10 12 10
2 3 4
13 16 19
1 2 23
9 13 2
20 0 15
17 20 33
15 18 14
20 23 8
10 13 19
17 19 8
14 16 16
3 7 16
14 17 35
13 15 9
21 0 6
6 9 10
2 5 16
17 19 3
17 20 3
0 3 8
23 2 28
7 9 6
17 20 17
8 11 11
10 13 22
18 22 16
19 21 20
17 21 8
8 11 37
23 1 22
22 1 22
0 3 21
12 15 19
0 3 7
12 17 33
1 3 12
22 0 23
13 17 33
8 11 10
10 13 18
21 0 17
20 22 30
18 21 25
3 6 6
17 21 35
2 5 32
13 16 26
21 0 1
10 11 34
14 17 28
12 14 8
1 5 28
13 16 26
6 9 13
19 22 12
4 7 36
0 1 26
21 2 25
11 13 30
9 12 13
15 18 38
21 2 4
19 22 1
7 10 34
9 13 38
23 4 27
10 12 9
14 17 14
11 14 5
5 9 10
10 14 31
1 5 28
2 6 9
22 2 36
18 21 36
11 14 8
6 9 25
16 19 33
4 7 4
8 11 30
11 13 4
19 21 36
12 15 33
4 6 5
21 23 2
9 13 10
4 8 16
16 20 36
22 1 24
2 6 21
7 10 29
15 18 20
4 8 27
21 0 11
15 15 35
13 16 35
5 7 32
23 3 32
17 20 9
3 7 32
10 13 5
21 22 28
20 23 5
12 14 20
2 8 36
19 0 9
1 4 37
12 14 19
20 1 22
21 0 30
1 5 2
7 11 1
18 22 8
22 2 4
3 6 20
0 4 30
2 4 26
6 10 25
10 13 19
23 3 21
19 22 17
8 12 8
12 16 19
1 5 31
4 7 25
12 14 30
12 15 37
5 10 3
23 2 38
4 8 3
18 23 2
22 0 15
21 1 35
7 10 27
11 15 16
10 13 3
12 18 2
5 7 26
0 4 6
17 22 6
15 18 1
20 23 29
18 20 33
1 3 18
8 10 28
22 0 29
15 20 3
21 23 31
12 16 23
10 14 31
21 0 37
15 17 23
8 13 35
14 16 28
4 6 1
7 9 21
20 22 35
13 16 10
13 16 28
4 8 2
3 6 21
19 21 12
0 3 29
5 8 14
20 23 16
13 17 8
3 7 4
9 12 30
19 22 4
12 16 33
9 10 15
6 8 38
22 1 28
13 18 26
23 2 2
14 18 35
14 17 35
7 9 15
18 22 24
11 13 30
18 20 7
8 11 19
2 4 29
0 1 25
14 18 26
11 13 17
22 0 33
6 10 18
3 5 28
12 15 30
0 2 4
8 11 27
16 19 17
22 1 26
14 17 4
16 19 13
19 21 3
11 15 9
9 13 5
22 2 3
15 19 5
2 5 35
23 1 7
22 1 15
10 13 19
22 0 16
18 22 27
0 4 3
7 9 28
15 18 23
5 6 26
6 8 13
2 5 13
22 1 22
7 10 26
6 9 16
18 21 21
23 2 9
1 3 37
1 5 21
11 13 2
12 13 2
3 5 6
19 22 31
4 7 22
2 6 12
3 6 7
6 8 19
15 17 17
19 22 24
18 20 24
12 14 3
1 4 24
18 22 26
10 13 37
0 3 21
1 4 1
16 19 9
18 23 2
0 2 17
