4000 35
30 12 6 31 8 17 1 33 13 15 14 13 30 1 19 12 29 32 26 13 25 7 7 17 34 27 8 20 26 17 4 27 1 6 33 
0 3 1
7 11 6
18 22 23
13 14 33
18 19 26
8 12 4
14 18 7
8 10 33
7 9 32
18 21 19
17 20 12
3 5 22
5 8 4
20 22 8
5 7 17
1 3 30
14 16 5
23 2 30
10 12 11
15 20 26
12 16 19
22 0 17
23 0 34
2 4 21
9 12 11
4 5 2
3 5 24
7 9 21
13 17 32
23 3 5
1 4 14
16 18 20
7 9 26
7 11 35
16 19 35
3 7 9
21 1 2
0 6 28
5 7 18
21 22 35
3 4 5
6 9 17
16 18 2
5 8 4
12 15 24
7 9 28
9 12 29
4 8 16
5 9 11
21 1 26
14 16 33
23 1 27
15 18 20
21 0 17
20 0 15
2 4 16
9 11 11
12 16 26
6 9 25
3 5 2
12 16 23
13 16 5
3 7 12
12 15 8
4 8 8
10 12 13
2 5 15
11 16 14
18 19 27
5 8 27
11 15 16
14 15 3
19 0 33
19 22 32
9 11 5
6 10 18
2 6 5
6 9 8
13 17 31
13 18 20
15 19 12
5 10 32
23 2 4
12 16 8
12 17 12
12 15 35
4 7 22
22 2 3
10 11 22
22 0 24
20 21 23
7 11 27
17 20 9
17 20 35
16 16 20
2 4 6
19 22 18
4 8 16
18 22 18
9 13 12
1 4 23
22 0 21
0 2 9
0 4 5
10 14 6
3 4 13
21 1 21
22 1 23
10 14 8
6 10 35
2 7 32
12 15 25
7 10 28
0 1 13
9 12 3
13 17 34
13 16 26
4 7 29
15 19 7
6 8 3
19 20 9
2 4 19
5 8 26
12 15 23
17 20 5
11 13 2
13 17 21
7 10 5
13 17 34
13 16 14
7 9 15
13 15 5
19 22 25
1 3 23
7 10 20
7 8 20
5 9 3
14 18 22
2 6 31
6 8 3
11 14 7
9 13 20
7 12 30
12 15 25
21 2 28
11 14 4
16 20 2
2 6 18
20 23 6
3 5 27
2 6 15
6 12 14
6 8 26
3 7 7
10 13 34
17 19 4
17 20 17
6 9 26
7 10 6
5 10 22
15 17 24
13 16 2
4 7 29
14 17 27
16 18 35
4 6 15
10 15 2
5 8 18
10 15 8
10 12 9
12 15 16
13 18 3
11 14 29
18 20 20
9 11 23
0 3 14
4 8 10
3 6 11
16 19 31
3 6 24
7 9 3
5 9 5
9 11 16
7 10 6
5 8 35
21 1 23
3 6 13
9 15 30
23 3 2
13 17 8
17 22 9
12 15 9
16 20 9
16 21 7
23 0 2
4 7 12
12 15 1
6 10 10
17 19 32
11 12 15
11 12 35
10 13 32
22 0 19
16 20 24
16 21 32
19 22 11
23 2 1
7 11 28
9 12 3
12 16 2
7 10 20
10 13 31
0 2 33
18 20 15
21 1 13
0 3 19
6 10 32
2 5 6
4 9 18
5 8 21
0 3 16
17 21 15
2 4 18
21 1 34
3 7 1
22 0 6
18 22 20
0 4 3
14 17 15
5 7 21
3 7 18
22 3 26
20 23 15
15 17 24
9 13 9
16 19 32
3 7 18
3 6 30
0 4 19
5 7 17
13 16 24
11 13 13
8 11 8
4 7 30
13 17 23
18 21 3
23 3 33
13 16 4
6 9 35
0 0 8
22 0 22
2 4 28
1 4 23
9 11 16
14 18 30
5 7 30
4 7 26
16 18 26
22 23 22
5 7 1
7 10 31
6 7 25
10 12 25
14 18 22
7 11 24
15 18 30
17 19 8
8 9 25
4 7 3
4 7 27
15 19 14
7 10 13
11 15 18
13 16 25
5 6 24
5 7 8
20 23 13
0 4 11
11 13 7
13 17 29
5 6 21
20 21 20
8 10 20
21 0 26
18 21 23
8 13 22
0 2 29
12 15 26
17 18 8
22 1 12
9 14 9
6 9 25
14 18 13
14 17 7
12 16 33
13 16 20
15 18 34
17 21 30
1 4 14
14 18 8
21 0 4
21 23 27
1 4 1
5 7 26
13 17 4
16 21 4
10 15 16
18 22 1
22 0 5
14 16 23
6 9 5
22 1 20
1 4 6
3 7 23
4 7 29
16 19 9
22 1 13
17 20 11
14 17 3
10 14 6
1 4 26
2 5 10
10 14 26
13 15 30
15 16 11
4 9 16
9 12 7
11 15 17
23 1 17
10 14 34
9 13 30
23 0 32
19 22 17
16 19 20
12 15 9
16 19 7
20 23 14
8 13 7
1 3 28
22 2 34
14 16 20
18 22 27
18 21 33
23 2 17
22 0 9
12 18 30
2 5 14
10 14 23
2 6 15
15 18 31
0 2 1
18 21 9
12 15 31
20 22 33
19 23 19
18 20 26
19 21 18
9 12 3
14 16 33
13 15 34
7 9 14
10 12 7
14 18 7
3 5 4
10 14 22
5 7 4
17 20 8
10 12 33
6 10 25
13 15 32
14 18 7
7 11 12
0 4 13
15 17 18
12 15 18
13 16 21
17 19 27
14 16 17
4 8 25
12 14 17
8 10 15
5 7 6
0 3 28
10 12 24
1 5 26
17 20 1
22 22 19
4 7 25
3 5 14
23 1 4
8 10 28
23 3 15
0 1 21
8 12 28
23 3 8
22 1 18
12 15 24
17 20 17
5 9 12
20 22 23
21 0 3
14 16 17
2 5 27
12 16 9
12 15 30
10 13 8
5 9 17
8 11 7
12 17 24
13 16 28
13 16 5
4 8 2
6 8 21
14 18 22
22 2 17
8 13 9
23 1 1
13 16 21
13 17 12
8 12 20
21 23 21
13 17 30
18 20 22
23 2 29
14 17 23
2 6 29
4 6 33
1 2 11
20 21 25
17 20 19
21 0 30
11 15 27
10 14 31
21 1 31
21 1 7
22 1 34
23 1 14
4 5 10
5 9 15
15 16 31
19 21 10
19 23 4
12 14 15
10 11 1
17 19 33
12 16 7
1 5 2
10 13 23
20 0 26
1 5 23
23 2 8
9 12 23
19 0 13
12 16 5
7 10 8
7 11 2
10 14 7
9 12 13
14 17 1
1 4 14
17 20 24
8 11 32
8 11 27
6 9 25
21 23 23
6 11 26
20 22 10
21 23 19
21 1 27
23 0 31
0 3 9
12 15 1
11 13 15
2 3 23
9 10 14
7 9 12
6 8 22
11 12 16
6 9 16
15 19 8
10 13 23
18 21 26
1 4 9
6 10 25
12 15 15
4 6 33
11 14 28
20 21 19
0 3 20
12 14 17
13 18 29
19 21 30
22 1 29
14 17 10
18 21 34
4 7 16
15 18 6
4 6 8
0 3 35
14 16 23
20 23 12
14 17 6
23 3 13
1 6 10
22 2 27
16 18 16
5 8 32
17 20 31
2 5 16
20 0 26
6 7 31
8 9 35
2 6 3
15 19 26
21 1 21
4 7 14
11 15 24
23 0 25
13 15 30
23 1 3
18 20 5
17 21 10
5 8 11
16 19 25
16 20 11
3 8 1
21 23 5
9 13 33
21 23 22
10 13 35
17 19 2
0 1 9
9 12 23
12 17 32
15 17 10
17 21 10
1 4 34
12 14 19
14 16 5
10 12 9
19 21 28
12 14 27
17 23 28
22 2 11
13 19 21
18 22 24
16 18 31
3 6 19
16 21 34
20 23 24
1 4 21
17 17 17
18 19 6
12 15 18
13 15 18
5 9 5
15 18 6
5 8 30
13 14 33
18 21 11
19 22 20
10 12 6
9 11 24
18 23 2
2 6 22
11 13 16
10 13 17
3 7 15
18 23 30
17 22 6
11 15 24
17 20 24
20 22 22
6 9 26
4 7 8
7 10 32
15 18 27
18 22 27
11 15 27
5 8 32
15 18 20
7 10 7
4 6 23
13 16 23
8 11 27
2 6 25
20 21 29
4 7 21
18 21 19
3 6 5
13 14 22
16 19 7
4 7 24
15 18 29
12 15 17
17 22 33
8 10 14
15 18 27
3 6 17
5 8 25
4 7 33
16 19 10
14 17 10
10 14 2
20 0 17
23 4 16
12 16 34
10 13 13
3 6 25
7 9 35
7 9 3
20 1 5
9 10 3
3 8 11
8 12 34
16 18 25
4 7 31
0 3 6
7 11 22
17 19 1
2 6 25
16 19 27
9 12 35
21 0 9
7 9 18
2 5 22
16 18 33
22 2 20
22 1 34
1 3 7
4 8 8
6 9 8
9 13 7
4 6 24
17 20 22
4 7 15
22 0 6
16 19 32
10 13 6
11 14 27
11 15 5
12 14 4
9 13 26
11 13 25
7 10 14
15 18 3
22 3 11
19 21 5
14 17 22
12 15 9
12 16 2
16 21 26
4 6 11
13 16 20
14 17 5
6 8 24
12 15 11
8 10 15
3 6 3
17 20 27
18 21 23
3 6 27
22 23 21
17 20 31
10 14 28
15 18 9
13 18 28
9 12 1
17 21 12
18 19 19
9 11 8
0 3 6
12 16 5
17 20 34
23 1 9
13 18 33
2 5 24
9 12 27
1 4 18
17 19 9
2 4 20
19 21 25
11 13 35
2 6 16
8 12 22
19 21 24
16 20 11
12 16 1
8 13 1
15 18 7
15 17 26
19 0 16
20 0 32
19 22 1
17 22 23
3 4 9
12 15 4
16 18 30
9 14 27
12 15 16
22 1 30
11 13 1
13 17 25
11 16 2
14 16 2
13 15 2
1 4 34
21 23 13
18 20 2
16 19 13
6 9 28
4 8 20
13 18 17
14 19 4
14 18 32
5 9 22
15 17 18
12 15 35
9 12 22
15 18 34
20 0 6
10 12 23
23 3 3
8 12 19
22 3 8
16 20 23
20 22 12
19 0 29
11 14 27
16 19 23
13 17 27
21 23 32
5 7 7
15 18 17
12 14 3
18 22 18
0 4 12
17 21 8
11 16 4
7 9 17
20 1 34
22 1 33
13 15 26
10 11 3
4 7 3
11 13 5
6 9 15
22 1 21
10 14 12
13 15 15
15 16 4
10 15 33
13 16 30
6 8 35
11 14 12
17 21 20
2 5 9
19 22 29
3 6 12
4 7 5
12 14 28
14 16 4
19 21 6
12 15 33
18 21 15
6 9 19
15 19 30
1 4 24
6 11 11
14 17 25
23 3 32
17 19 15
10 11 26
17 20 19
13 17 29
4 8 20
0 4 35
21 0 20
7 11 11
0 2 9
6 10 28
10 17 7
8 10 28
20 0 28
11 14 17
10 14 35
0 3 19
15 18 3
16 20 35
16 19 5
6 10 3
0 3 31
3 6 24
3 6 27
16 19 18
6 10 19
2 6 28
7 8 34
4 7 8
15 20 5
17 20 1
0 3 13
9 12 22
0 4 23
23 1 9
19 0 35
2 4 31
20 0 11
3 6 2
8 10 21
7 9 30
11 14 31
8 10 21
10 14 15
3 5 20
4 6 16
18 20 33
16 21 25
6 10 6
11 14 14
9 13 14
18 20 20
14 15 12
17 18 31
9 11 8
14 17 6
1 3 16
20 23 26
14 17 31
13 16 1
12 15 5
19 23 31
7 9 29
1 5 15
22 1 7
19 23 21
23 2 20
16 19 29
12 15 31
21 23 19
18 20 15
4 6 24
7 11 30
4 6 7
8 9 5
7 11 26
19 22 13
1 4 5
21 22 14
18 21 21
9 13 2
0 2 29
4 7 14
3 5 32
7 10 20
9 13 10
6 10 9
2 5 6
17 18 6
18 19 20
10 14 26
9 10 14
19 22 9
2 5 25
8 12 5
9 11 20
14 19 27
2 6 7
22 0 22
12 15 1
4 7 29
0 3 26
3 6 35
21 1 29
15 19 32
7 10 35
21 23 35
14 17 9
4 6 27
1 4 1
20 22 25
13 17 10
10 13 29
20 22 4
13 14 15
2 3 2
14 17 14
21 2 27
13 17 23
17 21 11
5 7 13
11 14 32
4 9 22
19 23 10
16 19 7
14 18 13
11 16 27
3 5 30
6 9 11
9 12 12
20 22 19
8 10 14
11 13 12
19 22 32
13 16 11
18 20 7
18 20 34
13 17 24
4 6 25
11 14 24
16 19 21
0 2 20
8 10 25
4 7 7
14 18 2
2 6 19
21 0 12
12 16 17
21 0 15
15 20 22
9 11 16
9 13 13
22 1 25
19 21 19
20 21 4
4 7 6
21 23 10
12 17 6
12 15 29
7 10 7
7 11 28
8 12 32
20 23 6
9 12 11
22 3 35
1 4 23
9 11 26
14 17 34
21 1 12
8 10 4
1 3 29
10 15 23
1 4 1
2 5 8
14 16 35
11 14 14
20 23 7
15 19 26
20 23 25
22 0 30
12 15 10
5 9 23
3 6 11
13 16 26
10 13 28
17 21 31
12 17 20
20 23 8
11 15 20
3 7 29
17 21 12
23 1 32
9 12 15
8 9 6
13 14 10
12 14 3
14 17 31
6 10 33
6 8 16
19 23 3
7 11 24
9 13 31
9 12 34
18 20 24
23 2 16
23 2 31
3 5 18
12 16 4
10 12 11
14 16 29
19 22 9
6 9 19
4 7 27
10 14 9
7 9 11
3 7 22
11 14 4
6 7 27
0 4 19
21 1 13
16 16 13
22 1 25
7 10 32
17 18 17
10 14 27
13 16 22
7 10 35
21 23 12
11 13 31
14 19 19
7 11 10
12 15 2
16 19 33
8 10 3
19 23 3
20 23 2
15 18 12
12 15 25
21 1 9
4 8 21
22 1 20
9 12 4
3 6 24
16 19 27
1 5 28
22 0 16
0 3 24
10 13 29
20 23 6
18 20 4
23 3 15
12 16 4
20 23 18
14 17 19
2 6 17
9 13 13
0 4 27
3 6 35
8 11 32
23 2 23
16 18 15
0 3 28
2 5 2
0 4 12
18 20 2
7 12 18
22 23 2
4 6 23
19 22 27
15 17 30
17 19 28
20 22 8
11 14 32
0 1 7
18 21 31
21 23 23
12 15 29
19 21 9
18 22 3
1 3 32
22 2 8
11 15 4
12 16 25
18 20 16
6 9 1
9 12 34
9 12 3
0 2 7
14 15 7
11 14 13
2 7 12
4 6 23
9 13 8
11 15 27
7 9 28
5 9 3
18 22 28
1 3 29
22 0 31
9 10 2
10 13 5
18 20 14
4 7 34
7 11 30
1 2 33
12 15 23
7 11 20
3 6 30
10 13 14
9 13 1
11 13 10
22 1 25
5 10 21
14 17 9
16 19 20
20 23 13
15 17 23
12 14 13
7 11 21
10 11 31
3 6 15
20 23 3
23 2 22
4 9 10
13 16 17
23 2 3
22 2 32
16 18 33
23 3 13
4 8 5
5 11 14
22 0 34
2 6 20
22 2 10
17 21 13
22 22 5
16 20 25
12 16 32
6 9 18
21 1 11
15 17 11
2 5 34
3 5 22
2 5 32
22 3 6
4 6 29
3 6 32
3 4 16
8 12 27
2 5 31
0 1 21
13 16 10
13 17 17
16 18 33
8 10 25
16 19 9
22 1 26
12 15 1
13 16 20
20 23 35
9 11 32
3 6 18
12 14 26
14 17 24
22 1 15
1 4 33
2 5 24
23 3 24
22 1 16
12 15 16
15 19 7
5 9 21
11 13 32
12 16 12
9 12 7
21 22 20
16 18 25
15 19 12
6 9 17
10 13 18
18 22 29
16 19 16
7 11 19
3 5 33
12 14 29
2 5 27
10 12 20
13 14 28
15 18 20
12 16 29
11 14 16
7 11 22
8 12 22
5 10 16
5 9 29
8 12 3
16 19 12
10 14 29
23 0 7
22 0 6
14 17 8
23 1 18
2 6 3
4 7 31
14 18 27
8 10 12
21 23 8
14 16 13
0 5 10
21 0 4
11 14 20
10 15 13
8 12 19
16 18 28
15 19 21
6 8 9
22 0 2
4 7 10
2 4 35
6 11 32
18 20 15
22 2 22
7 10 11
12 15 23
5 10 5
18 22 25
14 17 31
5 10 19
14 17 22
12 16 22
20 23 16
10 13 12
17 20 12
23 0 27
3 7 21
0 3 33
8 12 5
18 20 4
3 7 8
11 13 10
7 9 7
16 19 13
0 3 10
22 2 23
4 6 31
17 19 30
3 7 33
16 20 32
3 6 34
9 13 4
7 11 28
5 7 10
22 2 1
3 4 33
0 3 5
6 8 10
3 7 23
21 1 16
14 17 7
0 3 27
9 12 18
6 9 35
0 1 29
10 14 3
18 20 34
9 12 22
4 8 2
17 21 22
7 10 12
12 15 21
4 8 7
9 11 4
10 14 34
7 11 14
17 20 28
7 11 11
5 8 16
13 16 11
23 0 23
18 21 1
11 12 27
15 17 14
21 22 21
0 3 16
4 7 16
2 5 33
10 13 8
8 12 22
22 2 26
22 1 12
22 1 20
6 9 6
17 21 16
2 6 6
22 1 12
8 10 2
8 11 29
17 20 35
11 15 21
5 8 10
10 13 16
20 23 26
0 3 28
8 11 20
8 10 11
10 13 35
6 9 13
18 23 13
4 9 34
8 9 3
23 3 33
1 4 21
17 21 18
22 2 35
23 2 31
11 14 15
8 13 4
4 7 32
12 15 9
5 8 30
18 21 24
14 16 18
16 20 30
13 16 11
20 23 10
10 14 29
2 5 28
8 12 18
14 16 8
3 6 29
2 5 16
19 21 27
4 7 3
16 20 32
7 10 24
15 17 9
17 22 18
22 0 22
6 9 15
22 0 5
2 5 27
11 12 1
4 6 8
5 8 12
16 20 21
10 12 9
15 19 33
0 3 12
5 9 31
5 9 5
6 9 29
21 1 35
2 7 16
21 1 3
23 2 15
12 16 21
4 9 34
6 10 31
10 14 9
23 2 23
13 15 11
5 8 12
10 11 15
15 16 15
0 3 29
23 1 12
13 15 12
15 19 10
2 5 32
15 18 23
10 13 31
20 22 32
1 3 6
0 4 11
20 23 21
2 6 26
0 4 10
19 22 3
6 9 15
16 20 15
5 9 25
13 17 8
10 12 5
5 8 14
19 23 11
17 21 35
14 18 23
4 8 4
3 6 29
2 4 19
22 2 15
18 22 15
0 3 3
1 4 9
21 0 31
6 10 23
18 21 29
23 1 22
11 16 30
7 10 15
19 23 16
5 8 26
22 0 1
19 21 5
7 7 5
22 2 12
17 18 16
9 12 6
14 18 18
8 14 24
19 23 9
22 1 20
5 10 1
17 19 23
19 22 27
3 7 25
1 3 21
21 0 3
15 19 10
17 20 33
10 12 18
0 4 13
4 5 6
8 11 33
1 3 15
18 22 17
11 14 9
12 16 3
22 1 26
7 9 35
20 23 2
13 15 29
5 7 34
0 2 32
3 5 6
13 15 23
3 9 23
22 2 5
6 11 32
12 13 9
9 10 10
23 1 14
12 15 14
10 14 31
19 22 25
4 6 26
15 17 16
3 7 13
12 15 14
5 8 23
15 18 34
1 4 31
7 8 8
21 23 34
1 5 8
21 0 20
12 15 34
17 21 6
18 0 31
10 12 8
12 15 32
9 12 17
3 9 33
5 7 20
10 12 6
20 0 6
19 21 18
15 20 31
10 13 34
20 23 8
9 12 32
4 7 9
9 11 2
2 5 8
15 18 20
18 22 32
5 6 33
5 8 28
4 7 15
3 7 17
5 6 26
23 1 1
20 22 8
4 6 3
15 20 24
20 23 25
15 18 32
16 17 13
23 3 19
15 17 7
6 9 5
0 2 10
9 14 33
6 8 24
19 21 20
12 15 13
2 6 14
15 17 4
10 14 14
5 9 9
3 6 5
21 1 3
5 7 7
19 22 14
2 6 24
2 4 35
5 9 32
7 9 33
1 3 16
19 21 2
3 6 22
3 6 14
1 3 7
2 6 31
15 17 24
4 7 22
9 11 31
3 4 2
15 17 2
11 16 32
19 21 28
18 23 30
12 14 9
1 4 31
3 7 17
1 5 8
9 13 26
21 0 16
0 4 11
19 21 4
11 13 21
14 17 33
6 10 10
21 1 4
8 12 29
3 7 26
21 0 2
7 12 1
2 5 4
13 17 20
9 12 7
9 11 31
22 1 19
21 22 2
0 1 17
10 13 25
19 0 3
23 1 3
6 9 25
14 19 14
15 20 21
17 20 9
9 12 6
17 20 31
11 13 34
7 11 23
21 2 28
11 13 27
18 21 11
13 16 32
14 18 10
12 14 31
9 13 33
4 7 14
16 20 16
6 10 4
13 16 19
2 5 4
9 11 4
1 3 15
4 7 30
15 18 7
15 17 9
22 2 15
23 1 3
11 15 2
17 22 20
11 14 26
2 4 35
13 16 17
0 3 26
18 23 21
2 5 31
23 2 10
19 0 19
0 2 3
22 0 9
4 7 30
7 9 31
6 9 31
15 18 3
15 18 9
4 7 18
7 10 32
20 0 1
21 0 5
12 14 34
3 6 5
15 17 2
7 11 13
7 10 30
19 21 17
5 8 10
0 2 25
3 6 30
22 23 25
9 13 29
12 15 6
2 4 11
2 4 19
23 2 19
0 3 4
14 18 16
2 5 27
8 12 9
20 22 16
8 11 16
4 6 3
17 20 6
8 10 26
23 3 35
16 19 35
7 11 33
2 5 28
16 19 8
14 17 16
19 23 33
0 2 22
23 1 30
12 17 16
19 23 16
1 4 14
15 21 7
5 8 25
7 10 7
19 0 11
22 3 14
5 8 24
22 1 1
3 5 11
4 6 14
10 11 8
13 18 11
19 22 6
16 19 24
23 3 7
8 10 30
22 1 27
3 6 25
18 22 34
3 5 18
14 16 2
3 6 6
5 6 18
13 16 17
16 20 16
13 16 31
5 7 30
12 16 31
16 19 8
15 20 23
23 1 5
15 18 7
8 12 25
14 17 25
23 2 2
16 19 7
23 2 11
23 2 16
14 18 25
6 10 26
20 23 15
18 21 27
2 5 15
8 13 8
6 10 22
11 12 23
8 11 6
14 16 15
22 1 26
11 14 24
6 9 21
11 14 32
4 7 10
19 21 7
19 22 19
16 19 20
5 9 5
12 16 3
9 12 20
2 6 1
17 19 6
20 23 22
1 5 2
8 10 19
16 19 17
20 0 6
19 22 13
4 6 18
3 5 28
3 5 17
22 1 12
10 15 11
20 22 12
14 17 19
1 4 8
4 6 12
22 1 29
6 10 2
15 19 26
20 22 22
0 3 19
21 0 26
3 7 18
17 21 33
7 9 31
2 4 4
8 12 4
11 14 28
17 19 22
5 9 18
6 9 18
12 14 29
9 12 23
8 11 20
7 9 25
16 18 32
6 10 13
2 5 13
6 8 35
11 13 4
21 23 31
7 11 28
4 7 28
16 20 12
21 21 22
22 1 18
21 22 4
12 16 7
6 8 14
13 16 27
14 18 5
20 23 16
22 2 30
6 10 28
9 12 25
3 5 22
16 18 14
15 18 35
6 9 12
13 16 5
19 0 7
0 3 4
13 16 2
20 23 25
0 5 12
14 17 26
3 5 31
10 14 1
20 22 33
19 22 2
5 9 22
16 18 5
9 11 33
15 18 24
17 20 17
3 7 13
15 15 29
17 20 10
7 11 12
18 19 9
19 22 26
15 19 24
23 2 19
2 6 2
20 1 1
15 19 34
5 9 30
0 3 34
20 0 20
5 9 29
7 9 21
22 3 11
5 7 18
1 4 8
8 10 29
6 10 27
17 20 12
22 23 6
4 6 4
4 7 17
10 13 15
6 10 1
11 14 32
0 4 35
14 18 5
13 17 26
0 3 6
6 9 19
11 15 18
14 18 20
1 5 17
13 14 24
7 9 21
5 7 17
16 20 6
15 19 28
5 8 1
21 1 25
9 12 20
20 22 33
13 15 14
19 23 34
13 16 31
13 15 25
1 4 13
19 0 21
7 12 13
1 1 31
22 0 11
23 1 35
2 6 31
21 21 21
8 11 13
19 23 9
16 18 9
0 3 30
23 3 12
20 21 4
19 22 22
22 0 7
5 8 32
13 17 10
5 9 3
19 23 16
20 23 34
23 3 25
2 7 4
5 7 20
7 9 7
16 18 11
17 21 33
12 14 8
4 6 25
16 19 2
13 17 30
7 9 14
16 17 1
2 5 34
14 18 18
18 21 5
11 14 31
11 15 5
4 6 13
4 7 30
0 2 16
17 19 14
14 17 12
0 2 33
18 20 21
10 12 4
6 10 15
2 4 15
6 10 32
7 10 4
3 3 7
0 3 17
7 9 5
6 11 4
11 14 35
13 14 30
14 17 21
13 15 34
18 21 18
5 10 19
4 8 17
10 12 27
17 19 33
7 10 23
18 22 20
0 3 29
2 6 30
2 7 26
5 7 30
14 18 28
10 13 31
22 0 21
19 23 29
17 19 22
13 15 24
21 23 16
0 2 20
16 20 7
9 11 29
4 8 26
5 8 12
17 21 17
18 21 11
7 10 4
1 4 16
17 18 4
22 1 1
17 20 10
17 21 12
16 18 30
2 7 30
16 18 19
2 4 10
8 12 22
0 3 32
19 0 11
23 0 3
8 11 25
13 18 27
17 20 6
2 7 9
9 12 22
19 23 16
14 18 20
11 13 5
21 2 22
2 4 23
10 14 7
10 16 23
21 23 13
11 14 13
17 20 22
1 4 14
11 14 18
0 3 35
18 22 14
21 1 22
1 3 26
13 16 32
22 2 12
8 12 1
1 4 27
14 18 26
20 0 22
11 14 2
21 0 20
9 13 13
12 17 10
18 22 7
21 23 35
2 5 14
4 8 32
16 19 5
21 22 25
16 18 13
21 0 10
1 4 18
12 15 4
0 3 22
0 2 2
16 19 2
10 12 12
4 5 22
9 12 10
10 13 15
17 20 21
16 17 9
9 12 28
15 19 35
12 16 25
5 7 34
0 3 8
11 15 10
2 6 1
10 12 8
0 3 24
6 9 18
14 17 15
12 16 4
18 19 26
9 13 16
12 15 30
13 14 15
16 20 11
17 21 29
7 9 28
17 19 20
0 4 16
1 5 5
23 1 35
13 16 28
22 2 21
18 22 32
2 5 14
21 22 12
15 19 30
0 2 30
12 17 13
23 2 24
1 5 22
19 21 15
8 10 35
0 3 34
20 20 12
15 19 22
11 14 25
3 7 6
5 8 4
1 5 8
4 6 10
6 9 23
0 3 14
0 1 18
8 13 31
10 13 14
2 4 20
3 5 27
11 14 21
20 22 15
12 14 22
14 17 8
21 2 34
23 1 15
19 22 31
1 4 10
20 23 4
20 23 25
1 4 18
22 1 14
0 2 26
22 2 9
8 10 19
9 12 17
4 7 32
15 18 30
19 21 6
14 17 14
17 21 34
7 10 33
22 1 23
16 17 10
11 14 9
1 2 27
5 8 17
19 23 11
6 8 16
0 2 24
3 7 10
22 2 21
15 19 31
7 10 17
20 23 25
20 23 13
13 17 34
20 23 23
5 7 13
22 2 12
23 2 13
16 19 6
9 13 28
18 20 31
7 9 19
4 7 2
3 3 30
22 3 18
7 10 15
2 5 28
19 22 7
20 21 4
19 0 20
13 16 30
16 20 22
17 20 24
17 22 31
8 9 33
18 20 3
18 23 29
15 17 14
20 23 27
1 3 5
8 11 30
13 16 35
6 8 9
20 22 31
4 7 15
8 10 12
15 17 27
8 11 19
23 2 32
14 17 1
13 15 17
15 18 13
6 9 34
4 7 25
22 2 18
17 21 15
4 7 31
23 3 12
8 12 29
18 20 27
13 14 2
6 9 13
14 17 12
14 17 32
4 8 10
23 2 5
16 17 15
0 3 3
0 4 2
10 12 8
17 21 31
17 20 25
18 21 3
23 1 22
16 18 10
2 6 9
16 20 9
8 12 17
14 16 6
3 5 27
6 9 2
13 15 13
6 7 7
13 16 10
8 10 2
8 11 8
5 8 16
19 22 13
18 21 19
21 0 27
12 14 22
16 20 11
23 3 28
7 9 24
20 23 17
13 15 21
8 12 22
19 21 21
1 4 34
8 9 23
5 7 31
9 13 34
21 1 29
4 6 3
20 23 33
19 23 33
13 16 19
1 6 22
14 18 32
12 14 18
10 13 29
17 19 34
23 2 5
22 23 12
6 9 30
15 18 9
18 19 19
19 21 15
14 18 10
14 18 34
14 18 10
15 16 20
10 13 22
11 13 7
18 21 12
18 22 14
0 2 18
13 15 28
6 10 27
9 12 4
8 11 4
23 3 10
0 3 21
15 19 18
3 6 27
19 22 11
0 4 9
3 6 8
2 5 32
23 2 7
22 0 13
18 21 22
7 10 7
20 23 26
11 15 5
21 0 12
3 8 7
2 5 16
21 23 8
1 4 12
11 14 9
3 6 27
22 1 17
11 14 22
22 2 33
17 22 30
19 22 28
23 3 34
11 16 29
20 22 12
9 13 22
13 16 12
9 12 31
5 7 9
10 13 12
22 1 7
1 3 16
9 11 11
0 2 3
22 1 35
15 18 16
6 10 32
21 23 35
13 15 25
15 18 11
7 10 5
22 2 3
7 10 29
5 8 14
19 23 16
16 20 1
14 17 29
15 19 7
21 1 10
16 20 13
3 7 22
1 5 30
0 1 17
22 2 11
12 15 7
18 22 15
6 8 26
12 16 7
13 15 5
7 10 19
3 6 29
23 1 32
2 4 25
4 6 22
6 10 5
9 12 33
11 14 22
2 5 21
3 6 6
13 16 3
5 9 8
7 9 9
8 12 31
13 17 27
17 21 17
4 6 29
21 23 7
13 15 34
13 16 5
23 2 1
2 6 7
0 3 30
6 9 18
1 3 12
20 22 10
23 2 4
16 21 14
19 21 23
8 12 6
22 23 12
13 14 6
9 13 15
1 4 29
10 13 9
19 21 16
10 14 34
12 15 16
21 23 11
10 12 20
14 17 12
2 5 33
1 2 28
7 10 33
16 19 14
3 6 27
7 11 25
8 10 3
10 13 12
16 19 21
17 21 15
22 0 12
5 6 21
23 1 20
11 14 35
16 19 35
19 23 26
20 23 14
11 12 12
21 2 1
17 21 27
10 13 32
22 1 26
23 1 16
7 9 4
14 18 30
5 9 31
4 5 16
17 20 3
21 23 16
15 20 8
22 0 15
8 12 26
15 18 33
6 9 12
21 0 20
14 17 22
7 13 19
17 19 10
8 11 35
13 18 4
23 3 15
6 11 23
14 18 26
14 16 12
9 12 18
22 2 16
12 16 1
11 15 35
18 21 10
15 20 11
4 8 2
16 18 32
11 14 24
7 12 5
1 3 25
18 21 9
22 0 35
3 8 34
8 11 18
10 13 5
5 8 13
8 12 7
2 3 27
1 4 12
15 17 22
8 11 24
5 8 6
10 14 20
13 16 31
5 9 26
15 18 27
20 23 8
19 0 15
18 22 4
1 3 6
6 8 17
22 1 20
10 13 10
1 5 17
0 3 19
13 15 2
4 7 17
5 8 24
8 10 14
14 16 8
14 17 21
0 1 22
4 8 16
9 12 9
10 14 19
18 21 30
16 19 18
4 7 25
22 22 22
8 12 18
14 18 11
4 8 19
21 2 31
11 15 18
7 10 17
18 22 32
0 2 26
8 9 6
21 22 21
3 5 34
1 5 29
14 17 13
1 4 23
15 18 2
11 14 29
13 18 27
3 5 27
22 2 1
12 16 24
1 6 33
7 11 17
19 0 3
4 6 8
10 12 3
9 10 4
5 8 16
11 12 10
11 15 13
16 19 19
10 12 3
16 18 32
4 6 22
16 19 30
13 17 16
7 10 33
15 18 9
0 3 23
21 1 29
18 21 27
11 13 13
2 5 15
15 19 29
3 5 19
1 2 1
2 3 14
9 12 6
19 23 19
23 1 30
12 13 15
11 14 22
8 10 7
10 14 11
22 1 24
9 11 16
11 15 2
1 2 18
16 20 16
6 8 35
9 11 2
19 22 10
9 12 17
11 13 33
18 19 28
3 6 22
23 2 2
19 21 18
22 3 27
22 2 25
3 5 14
7 10 19
5 8 32
7 9 31
12 14 13
8 12 33
3 5 2
10 15 2
3 5 34
8 10 19
1 4 1
2 5 14
12 15 19
21 1 1
0 3 26
20 23 27
6 7 27
9 12 17
1 5 1
17 22 9
16 18 17
13 14 24
20 23 15
8 12 17
1 3 13
12 16 30
16 20 18
17 20 3
17 20 29
7 9 31
17 21 27
9 9 7
23 2 9
19 22 16
5 9 7
1 4 22
18 21 20
9 10 28
8 10 16
1 7 6
13 14 32
22 1 25
15 17 10
7 9 21
5 7 14
6 11 30
17 19 21
6 9 13
18 22 23
11 13 27
12 15 16
5 8 9
3 7 32
4 8 5
13 17 6
20 0 2
21 0 12
17 19 33
12 15 33
0 3 15
17 18 26
10 14 18
11 13 30
8 12 34
14 15 32
23 2 10
13 15 28
14 17 12
14 15 12
20 22 30
17 21 10
16 19 1
16 20 16
7 10 27
12 15 30
4 5 17
23 3 22
1 2 30
8 10 3
15 18 28
20 22 10
17 19 21
15 18 23
4 8 26
14 18 21
6 8 16
10 13 4
3 6 30
1 6 33
6 10 32
1 3 17
20 0 20
21 0 31
4 7 1
1 5 33
18 20 29
2 5 17
10 12 5
20 0 2
17 21 8
18 21 17
8 11 34
15 18 15
5 9 3
12 15 30
18 21 26
12 15 21
3 7 24
17 22 11
12 15 27
7 12 28
14 19 26
11 13 34
5 8 12
15 16 28
20 1 19
7 11 17
12 13 1
6 10 8
19 23 32
21 1 25
0 4 34
7 12 30
16 19 31
10 12 9
7 9 6
14 15 5
17 20 12
20 23 6
0 4 13
15 18 26
3 4 15
17 21 2
2 6 12
12 14 7
21 23 5
17 21 34
4 5 6
15 17 19
3 6 31
22 1 35
19 23 16
12 14 14
20 0 15
20 22 7
18 22 15
23 2 15
7 9 19
10 11 10
16 18 34
0 4 27
12 14 8
14 18 10
21 0 25
6 10 32
1 3 10
2 5 10
12 15 16
22 3 17
22 1 19
17 18 19
19 0 3
10 13 14
23 2 12
6 9 29
2 6 29
18 22 22
6 8 9
10 12 1
18 21 25
20 22 8
0 4 10
7 9 28
16 20 14
22 23 19
14 18 8
19 23 3
10 12 1
8 9 13
13 16 23
9 12 35
6 8 30
20 23 3
7 10 14
8 11 10
13 16 20
11 14 26
21 0 28
22 23 2
19 22 23
5 7 14
7 10 9
20 0 33
10 14 35
0 2 10
16 19 1
5 7 26
12 15 25
14 17 22
22 0 10
11 11 20
3 4 27
21 1 25
9 12 25
6 8 10
14 18 14
0 4 27
9 13 14
3 5 32
16 19 18
1 4 1
21 0 5
19 23 31
3 6 21
3 6 32
11 15 24
0 2 1
12 15 28
1 3 8
15 15 23
13 17 18
3 8 2
21 1 35
8 10 23
8 10 3
12 16 6
7 11 27
21 0 13
16 17 14
9 12 23
12 15 25
2 6 13
20 22 26
0 3 29
16 18 27
3 6 30
22 1 10
15 18 10
13 15 33
23 1 4
6 9 13
1 3 18
4 8 5
21 0 15
18 22 11
21 23 13
22 23 20
21 1 28
6 9 25
5 7 3
20 0 9
19 20 32
16 17 11
19 22 27
22 2 28
9 13 24
9 12 35
1 3 15
23 1 15
14 18 19
20 23 18
1 2 26
22 0 35
17 21 10
22 2 15
1 5 23
20 23 7
6 9 33
10 14 8
21 0 17
7 10 30
19 22 9
2 5 3
23 4 35
23 2 29
1 4 3
19 23 35
16 18 10
19 23 29
9 12 16
11 14 19
20 22 15
16 19 15
16 19 14
20 23 15
5 8 25
18 21 14
0 4 2
21 1 11
14 17 8
19 22 7
20 23 4
19 21 35
3 6 25
10 15 11
9 12 17
21 23 6
18 22 5
19 23 15
3 5 25
22 1 24
14 17 6
20 23 5
9 15 2
14 17 24
1 2 28
22 1 26
16 17 8
3 7 17
10 14 11
10 13 7
13 16 21
0 3 10
5 7 10
11 14 14
17 18 6
11 15 21
2 5 24
3 6 27
16 18 33
19 21 8
19 22 12
2 5 24
2 6 1
1 4 19
8 12 23
13 14 22
4 7 1
9 11 2
9 13 4
4 6 27
0 2 25
7 10 9
23 2 24
17 21 29
6 10 19
21 1 21
0 1 8
21 0 3
4 8 26
8 10 9
20 22 19
11 13 27
12 14 30
3 6 24
15 17 24
7 9 5
0 1 18
5 8 12
3 6 21
22 1 13
2 5 8
18 23 28
3 5 34
6 10 22
1 4 12
18 20 9
9 12 30
19 0 10
23 2 11
15 16 11
3 7 32
23 3 28
22 2 17
13 15 10
7 9 23
7 11 7
19 21 23
4 6 15
0 3 35
19 22 26
19 22 28
23 4 19
14 18 15
19 22 29
1 6 25
19 21 32
23 3 35
1 3 15
22 2 34
12 16 35
3 5 2
12 15 16
22 0 26
12 15 10
12 12 23
23 1 24
16 19 31
2 4 9
3 6 35
19 22 29
13 16 11
17 20 1
10 13 13
6 9 34
7 10 18
20 0 28
20 22 14
9 10 1
12 15 7
10 15 10
21 0 29
14 18 25
0 4 7
11 12 31
9 11 1
14 17 14
5 8 30
15 18 14
8 9 25
17 21 30
9 12 22
3 5 30
20 23 33
9 12 5
20 0 35
4 8 24
7 8 23
12 15 10
10 12 11
13 17 4
8 11 22
6 10 23
6 9 20
15 19 19
18 21 22
16 20 8
1 4 8
7 11 2
2 3 15
19 20 10
23 2 30
16 19 17
5 8 11
10 13 26
23 1 2
7 9 4
17 21 25
4 7 21
2 4 32
8 11 11
21 0 21
13 16 17
9 10 10
10 14 18
2 4 12
1 4 13
18 0 13
14 17 16
15 17 2
14 18 26
2 5 31
8 8 27
13 18 24
18 21 4
14 16 31
22 0 13
6 9 18
14 17 9
8 10 7
7 9 18
4 6 17
4 6 11
21 2 32
5 7 32
12 14 8
6 10 34
1 5 22
13 16 17
4 6 29
18 21 16
13 18 8
16 18 16
11 12 18
2 3 8
0 3 11
18 22 9
17 20 7
16 20 9
11 16 1
9 13 13
10 13 7
8 12 12
5 11 34
3 5 3
7 9 16
8 11 29
16 19 28
15 17 6
0 3 30
2 4 7
3 6 10
10 13 24
14 17 9
23 1 12
23 0 28
7 10 7
16 21 15
8 12 10
9 13 16
19 23 12
3 4 33
2 4 1
19 23 8
1 4 8
17 19 18
10 13 22
21 23 7
18 21 25
2 5 19
10 13 2
12 16 7
11 13 12
8 13 13
23 3 24
4 7 29
6 9 25
11 14 13
14 18 20
8 12 4
11 12 22
10 12 27
9 12 14
13 18 17
12 15 21
6 9 12
14 16 6
18 22 24
17 19 14
18 20 26
5 9 2
1 3 20
6 11 31
7 12 17
12 14 4
12 15 28
8 11 2
14 15 20
0 2 20
2 4 14
14 16 22
16 18 33
1 4 14
4 7 22
1 5 28
20 23 11
10 13 16
18 20 13
19 22 17
8 10 21
15 19 15
5 9 32
9 13 6
5 8 33
7 10 8
11 15 26
11 12 7
23 1 18
18 21 4
22 0 24
9 11 6
1 5 16
5 6 17
13 15 25
20 23 27
21 0 11
14 17 22
6 9 9
5 7 3
18 21 30
0 1 30
13 15 10
13 17 7
20 22 18
15 18 4
16 19 11
10 14 33
5 10 25
8 10 29
11 14 27
6 7 30
10 13 11
11 15 34
5 7 5
1 4 20
21 23 14
19 1 2
15 17 17
18 20 20
12 15 34
20 23 31
4 8 8
22 2 23
7 8 35
19 22 4
21 0 13
19 22 5
20 22 5
7 9 23
0 2 1
18 20 1
8 11 27
15 19 21
10 13 30
5 8 7
19 21 10
21 23 19
22 0 31
0 2 29
20 23 24
5 8 31
15 18 22
20 21 22
0 4 4
5 8 6
4 8 18
19 22 4
6 7 28
21 22 18
16 19 19
12 15 18
15 16 30
20 1 15
18 20 27
14 18 23
4 7 32
11 15 21
11 15 22
12 15 15
4 7 12
11 15 16
21 0 20
23 2 8
14 18 11
15 18 23
7 10 23
15 16 1
19 21 17
5 10 35
0 2 9
3 5 18
3 6 29
16 21 9
22 0 8
20 22 26
17 21 30
12 16 31
23 2 33
0 3 18
5 9 20
23 1 3
4 7 19
0 3 3
11 14 11
22 0 34
16 19 19
3 6 35
10 12 6
7 10 31
9 12 7
18 19 22
13 14 32
4 5 22
7 11 22
12 15 6
15 18 14
12 15 11
18 20 20
11 16 6
21 0 20
19 22 13
10 14 5
17 22 32
4 4 10
22 3 4
0 3 19
1 4 18
1 4 2
20 23 34
14 16 30
12 14 20
16 18 17
4 6 18
23 1 34
13 16 28
3 6 12
16 18 13
13 15 7
1 5 34
15 18 22
6 8 16
10 12 14
6 10 8
13 18 9
3 6 3
14 16 33
14 18 34
7 11 30
15 19 34
8 12 15
2 6 29
11 13 9
1 3 11
9 13 27
16 20 6
15 18 18
3 6 34
6 9 25
11 15 25
0 3 29
2 5 21
21 0 7
16 20 5
16 20 28
22 0 14
1 4 9
16 18 9
21 0 2
9 12 15
9 13 8
1 4 27
10 13 2
22 2 27
6 11 26
15 18 24
14 17 23
23 2 21
22 2 14
10 15 9
21 0 4
3 7 21
5 8 32
10 13 19
23 1 1
5 8 1
6 8 5
16 18 33
13 16 7
10 13 20
15 18 28
20 23 35
7 9 23
0 2 2
9 12 5
1 5 27
2 6 30
12 13 35
16 19 26
16 20 33
1 3 31
9 13 31
6 7 26
6 10 34
23 1 32
5 8 22
9 11 11
8 12 11
7 10 23
18 20 4
23 2 15
19 23 3
9 11 15
11 13 10
19 23 27
5 9 31
12 16 13
14 17 6
16 19 20
8 13 16
9 11 26
20 22 7
0 2 18
22 2 3
1 4 35
0 3 18
17 21 20
21 1 12
15 19 11
2 5 5
7 11 13
14 17 19
17 20 2
0 5 3
11 14 28
0 3 2
20 23 10
16 20 2
21 0 34
22 1 27
18 22 2
12 13 6
17 20 8
12 16 8
8 11 4
14 17 28
10 15 22
12 15 33
15 19 3
12 16 32
22 1 32
19 22 33
18 21 15
5 7 31
13 16 2
9 12 2
10 13 9
16 18 30
15 19 17
5 8 20
5 8 11
23 2 15
1 4 27
3 6 25
11 14 35
15 19 13
20 0 16
21 0 5
21 1 22
13 17 4
18 21 17
23 4 27
2 5 29
7 10 1
6 9 27
20 0 29
20 22 22
9 11 8
21 0 35
0 3 11
9 13 6
1 5 9
20 22 32
7 11 29
10 13 15
19 23 22
2 2 14
9 12 25
14 16 1
0 3 5
23 2 28
4 7 21
6 8 15
18 21 10
1 4 10
12 14 11
22 1 4
0 2 29
19 22 9
18 21 22
2 5 18
7 10 19
13 16 28
2 3 34
7 9 32
18 22 14
8 12 19
7 9 2
16 20 11
18 20 34
15 18 27
3 5 30
2 4 34
21 23 12
12 15 25
4 7 12
20 23 35
22 1 10
21 1 33
12 17 28
12 16 9
1 3 4
0 4 32
19 22 8
5 7 20
2 6 11
3 6 11
9 12 15
16 19 4
14 17 21
20 23 19
2 5 13
18 22 25
17 18 5
19 23 32
12 15 6
11 14 28
15 19 2
0 3 31
18 22 33
10 14 13
10 13 1
4 7 19
12 15 25
8 11 2
11 14 18
3 8 26
7 10 22
0 2 32
20 1 20
3 6 12
5 7 6
23 1 21
13 17 31
3 6 20
19 0 21
3 8 31
6 9 22
12 16 25
17 21 15
21 23 31
20 22 11
3 6 35
16 18 19
1 4 22
13 15 17
23 4 20
15 20 12
0 2 27
0 2 23
0 3 17
20 23 33
12 16 7
11 15 32
23 2 15
1 5 26
17 21 35
13 15 27
23 2 34
20 23 7
21 23 2
21 22 8
16 18 35
0 2 14
16 19 5
8 10 20
16 19 29
15 17 33
13 16 27
19 0 1
13 17 11
16 18 25
3 6 26
12 16 24
18 20 30
1 3 14
13 15 21
15 19 31
17 20 1
1 4 12
23 3 22
12 15 11
7 10 15
5 7 16
15 17 23
10 13 14
22 0 3
2 6 29
21 1 7
16 20 9
22 1 5
16 19 15
23 3 9
8 11 28
5 9 2
17 21 14
4 5 20
19 22 26
23 2 20
2 4 4
19 23 18
12 16 23
14 16 32
8 10 20
5 7 6
8 11 25
8 11 14
21 23 27
17 0 17
19 22 15
10 13 29
1 4 29
10 13 5
14 17 20
5 7 32
7 9 16
8 11 24
16 17 1
3 6 35
10 14 18
22 1 17
0 2 8
8 10 10
10 12 31
16 20 13
16 19 17
19 21 15
13 17 17
9 11 35
15 18 12
15 17 28
4 7 19
21 1 10
4 7 18
17 20 5
16 20 14
17 21 6
16 19 8
8 10 32
18 22 19
22 1 11
20 23 24
22 0 31
12 15 26
6 9 15
21 0 9
15 18 9
8 12 3
4 9 1
20 23 27
5 7 14
19 22 25
4 8 2
3 8 30
5 8 9
1 5 27
11 15 3
21 0 33
21 23 27
19 0 6
9 13 5
1 5 24
1 3 21
6 9 31
22 23 30
17 21 23
11 14 9
5 9 2
18 22 17
10 12 8
3 5 10
14 16 27
4 7 17
3 7 6
14 16 28
17 22 6
2 6 11
9 13 33
12 15 6
14 17 14
13 15 21
3 7 11
3 7 20
6 9 24
0 4 19
4 8 34
1 3 12
19 22 28
11 14 24
17 20 27
2 5 26
11 14 24
9 11 34
13 14 2
19 22 12
9 13 16
21 1 2
7 9 3
0 3 27
1 5 31
23 2 5
23 3 35
18 19 12
17 21 1
2 5 7
16 18 30
19 20 7
23 1 21
13 16 13
18 22 28
15 18 13
23 2 32
21 0 1
17 19 11
2 6 33
16 19 24
20 23 29
4 6 13
7 9 31
21 1 29
22 0 28
21 0 21
9 13 2
9 11 31
23 2 14
23 2 31
19 22 21
20 0 35
15 18 8
6 8 7
15 19 11
12 15 18
21 0 7
15 17 20
0 4 16
7 10 1
10 13 1
16 20 14
23 2 17
0 3 1
22 0 5
5 9 32
15 18 23
8 11 20
7 9 28
5 9 22
12 15 25
18 22 10
16 19 28
3 6 19
19 0 27
2 5 34
9 12 3
4 6 19
19 21 26
11 16 35
3 4 8
8 10 22
6 8 31
12 15 22
12 16 30
9 11 11
3 7 3
18 21 12
4 7 17
0 3 8
23 2 12
22 2 21
18 21 22
23 3 8
15 18 16
2 5 27
0 3 21
8 10 8
21 23 34
14 17 29
16 21 19
5 9 28
23 1 8
12 14 26
8 11 26
3 7 32
7 11 35
20 21 17
6 8 13
8 11 16
9 13 23
4 7 27
17 18 15
14 17 15
23 3 14
18 22 22
5 8 9
9 11 11
5 9 21
15 18 3
5 8 3
23 1 9
1 5 33
19 21 14
11 14 11
9 11 21
14 17 32
2 6 35
9 12 33
3 7 13
11 13 24
22 1 22
13 15 35
4 6 26
4 6 34
9 10 1
0 2 11
7 12 15
14 18 7
0 4 16
15 16 31
2 4 24
8 11 32
12 15 25
3 5 34
15 19 29
9 15 18
8 10 24
17 22 28
20 22 12
14 16 29
22 1 6
13 17 26
12 16 16
17 20 8
0 3 12
19 22 18
0 5 29
6 11 24
21 1 30
17 21 28
19 0 11
20 0 13
20 23 2
4 8 35
3 7 1
9 12 12
14 20 1
23 1 21
9 11 30
17 22 3
14 14 19
14 18 20
9 15 17
22 1 20
23 0 34
4 6 6
20 23 22
10 13 34
22 2 7
15 20 30
13 15 11
13 15 15
2 4 30
5 9 20
17 18 11
21 1 25
21 0 10
15 19 22
5 7 28
10 13 23
8 12 7
3 7 5
21 0 7
19 20 4
10 13 8
10 14 22
0 4 31
13 15 19
7 10 24
14 18 23
7 10 1
23 3 27
7 9 2
18 21 7
3 6 6
20 22 8
1 3 18
13 16 22
19 21 9
0 4 19
13 17 35
0 4 28
5 6 2
5 8 20
11 12 31
23 0 12
20 23 16
23 4 4
8 12 2
8 11 27
23 2 5
8 11 33
9 13 14
17 20 8
16 20 26
16 19 19
7 9 21
4 6 33
17 19 4
10 12 32
15 18 14
21 1 1
3 6 5
16 18 8
4 7 29
18 21 19
11 15 26
1 3 3
20 0 17
12 13 27
14 16 20
14 17 24
8 13 3
12 15 3
10 15 20
6 10 6
17 22 6
1 4 13
10 13 28
13 16 35
9 10 22
4 6 31
10 12 27
5 8 10
17 19 23
6 8 17
15 19 10
12 15 3
21 2 1
13 16 8
4 8 6
15 16 9
13 17 4
17 18 29
14 16 19
9 13 22
20 21 32
20 22 24
19 22 12
4 7 21
7 11 21
19 0 21
4 7 18
16 20 15
6 7 6
16 18 7
20 22 12
22 1 16
7 9 32
0 3 2
22 1 14
10 13 15
21 0 23
9 11 25
18 22 18
17 22 30
18 22 16
13 17 25
11 16 17
23 1 17
4 6 17
2 4 31
1 3 20
11 14 32
17 20 26
9 12 32
3 6 13
0 4 16
6 8 35
18 20 32
8 10 10
8 10 23
17 20 19
18 21 30
19 21 10
14 16 15
23 0 6
14 18 29
17 20 29
15 17 13
9 15 35
14 16 9
20 23 5
19 19 12
12 14 23
12 13 14
15 19 34
0 4 13
17 21 27
12 15 31
22 2 20
4 8 12
12 16 20
2 6 34
16 21 9
19 22 14
11 15 30
20 23 11
12 15 28
10 13 17
14 16 8
19 23 17
13 16 26
5 7 15
4 6 2
6 9 22
21 23 35
5 9 2
11 14 18
20 22 29
22 1 1
20 0 20
18 22 22
7 8 20
12 16 12
14 17 30
20 1 24
0 4 35
18 22 10
0 2 18
5 7 21
23 2 23
13 16 12
10 13 14
20 22 11
20 23 6
21 0 34
4 9 24
4 8 35
19 23 18
3 5 14
19 22 30
11 13 35
10 13 1
20 23 12
22 1 32
20 22 35
3 6 1
12 15 3
10 13 6
1 3 25
7 10 26
13 16 10
5 9 14
16 19 21
17 20 3
13 14 35
22 2 19
5 8 14
0 3 11
13 15 6
21 0 5
0 4 34
20 0 25
8 9 6
14 15 24
0 2 33
17 19 2
12 16 13
10 13 26
14 16 13
9 12 16
16 17 17
16 19 2
12 16 30
13 14 29
2 5 8
20 0 16
3 4 29
8 10 6
3 5 34
23 1 31
16 20 7
7 11 12
5 10 10
21 23 21
12 15 30
21 23 6
17 20 10
4 6 25
16 21 20
5 9 30
6 7 14
23 2 4
12 16 15
8 13 28
4 6 17
4 6 29
21 0 33
13 17 27
9 12 3
2 5 18
0 2 35
13 17 32
19 23 17
21 1 32
21 1 13
8 12 26
22 2 3
5 7 20
10 13 2
21 23 28
23 23 17
15 18 33
21 23 20
12 14 24
2 6 3
1 5 6
16 18 23
0 2 15
7 11 26
6 9 25
11 16 11
7 9 11
20 22 5
19 23 16
3 6 13
5 8 34
4 7 31
5 8 23
22 2 3
3 6 27
3 8 20
1 4 19
7 10 32
20 23 20
21 22 6
8 9 2
20 23 31
5 8 12
13 15 9
18 21 16
2 5 3
22 0 1
0 2 20
0 2 14
22 1 11
8 11 29
15 17 13
15 18 33
19 20 19
5 9 27
1 2 31
16 17 3
5 8 11
1 2 6
2 5 17
4 7 1
22 0 13
6 8 8
23 2 34
23 2 5
15 16 13
13 16 32
11 15 31
3 9 28
9 12 9
15 18 2
11 15 7
16 18 11
2 4 3
11 16 27
17 21 34
7 11 31
18 22 7
7 10 10
23 3 9
13 16 20
5 9 3
1 3 27
6 9 8
0 4 14
1 4 5
17 20 19
14 16 24
2 5 22
5 7 13
15 17 33
11 13 16
22 3 8
3 7 34
0 3 25
21 1 10
1 6 32
2 4 32
6 10 14
8 12 1
21 2 26
5 9 25
4 8 17
11 15 1
20 23 15
12 15 7
16 18 3
19 23 18
10 12 17
6 8 1
5 7 20
11 15 31
0 3 19
19 22 8
4 7 2
5 8 6
0 4 11
12 16 15
7 13 10
15 19 20
10 15 24
13 17 5
18 20 22
4 6 12
21 23 27
3 6 4
14 17 19
3 4 1
2 5 1
22 23 2
6 10 3
2 5 6
0 1 13
9 11 24
