3000 43
39 25 17 30 41 15 22 22 38 40 39 5 31 22 17 30 25 25 26 33 6 22 7 21 23 24 17 15 25 29 19 7 25 34 19 21 29 34 14 40 6 18 16 
23 1 19
8 12 38
20 23 33
12 15 39
6 10 20
19 19 12
0 1 40
6 10 12
13 16 34
20 23 10
2 5 36
19 21 40
11 14 6
8 10 38
21 0 13
22 1 3
16 17 41
15 19 42
12 15 29
5 7 23
9 13 12
5 8 2
13 17 32
17 22 15
2 5 21
13 16 41
3 5 20
14 17 37
2 5 43
3 6 16
0 3 26
16 22 3
0 3 23
10 14 40
21 23 43
18 22 35
13 16 31
20 22 38
1 4 43
9 13 32
21 1 14
20 23 40
17 20 43
0 4 29
0 2 30
5 9 13
10 15 42
15 18 41
4 7 38
5 10 17
22 1 26
16 20 5
12 14 19
12 14 43
4 7 27
10 15 42
21 1 40
6 10 32
12 14 38
6 9 35
5 8 25
6 9 8
11 14 33
10 13 39
5 10 14
16 18 39
17 20 2
10 12 30
11 13 8
8 11 22
15 18 25
21 0 35
4 8 7
0 3 1
11 14 33
1 3 25
23 2 21
2 4 9
12 15 25
13 17 36
10 12 16
5 8 3
7 10 4
19 21 15
12 14 22
12 15 28
12 16 2
15 19 34
17 18 12
16 21 10
21 23 42
10 14 12
13 16 11
19 22 9
9 11 16
2 5 25
21 2 23
8 11 34
15 19 5
1 3 13
16 18 9
17 20 42
9 12 17
15 17 5
10 11 5
2 4 37
0 2 7
16 19 21
13 15 28
0 4 42
11 14 3
6 9 26
13 17 24
5 8 42
19 21 13
1 4 4
16 18 22
12 15 25
1 4 3
21 0 16
17 19 34
4 8 39
12 14 25
4 7 15
13 16 26
21 23 36
6 8 31
2 6 9
10 13 26
22 1 34
17 19 23
15 16 23
15 17 2
9 13 1
11 16 16
16 17 5
14 18 20
23 1 13
8 11 16
8 11 23
22 2 42
16 19 21
17 21 34
0 3 25
10 13 26
21 2 3
22 2 13
0 3 40
7 9 20
1 3 24
22 0 30
12 17 15
2 3 15
10 13 21
20 0 42
15 18 11
9 12 22
16 19 18
17 20 43
1 3 26
11 13 43
4 8 20
16 19 19
8 10 26
0 4 42
13 15 3
18 20 41
19 0 18
23 5 38
5 10 18
2 5 12
10 13 8
9 12 6
15 19 42
21 0 7
7 11 21
7 10 29
17 22 1
1 4 43
2 6 9
16 19 41
16 18 35
7 11 3
3 4 42
13 17 18
5 9 7
18 20 37
23 4 12
4 5 15
14 16 12
19 22 43
10 13 24
4 7 12
8 10 26
8 10 15
7 9 22
7 12 37
2 6 33
13 16 25
11 14 12
19 22 37
22 0 4
4 7 4
19 22 6
14 17 27
20 23 6
13 15 17
11 14 19
7 11 25
10 13 38
6 9 40
4 9 17
15 18 25
23 2 15
10 14 22
18 21 3
6 8 14
7 9 20
7 10 40
8 11 34
7 10 5
19 23 27
8 11 32
19 22 20
17 21 36
1 4 43
20 22 27
17 22 13
14 18 7
4 6 4
0 4 9
16 18 38
15 18 14
4 7 7
2 5 3
1 5 5
20 22 36
19 21 23
17 21 10
7 9 26
20 22 32
11 13 38
22 0 34
4 7 5
0 2 3
20 2 42
9 11 42
14 19 35
4 5 33
3 6 35
0 3 38
20 22 39
2 6 43
13 15 18
11 13 41
10 12 31
13 17 9
1 2 29
8 10 12
6 9 21
1 4 10
18 18 2
16 19 3
9 13 38
18 22 31
15 18 33
8 13 40
22 3 19
5 9 25
0 3 39
2 3 8
0 1 18
16 19 10
23 3 22
5 9 39
18 21 14
18 20 25
4 5 14
15 20 17
2 6 13
9 10 13
20 23 9
16 19 22
4 7 8
16 18 25
20 22 30
14 18 36
20 22 42
15 16 10
11 15 12
13 15 21
20 23 42
3 5 33
6 7 16
1 2 11
15 18 1
11 14 15
1 3 36
10 12 12
1 5 28
19 22 22
0 1 25
7 9 13
9 12 7
0 5 9
0 2 5
4 8 31
19 23 26
1 5 38
11 13 13
21 0 3
21 1 16
0 4 40
14 16 8
6 9 7
2 6 13
7 9 11
20 23 37
22 1 31
21 0 14
10 14 6
2 4 3
7 11 10
6 10 13
0 2 33
4 5 29
12 14 4
2 4 26
10 12 22
22 1 29
20 0 37
18 23 21
7 11 13
2 7 33
1 3 30
5 8 15
7 10 15
4 7 23
15 17 34
11 14 35
3 5 3
8 10 35
16 20 13
17 21 39
7 10 29
10 12 31
16 20 9
20 23 19
18 22 39
23 2 22
19 23 39
8 10 16
0 4 17
9 11 13
9 14 23
3 5 15
2 5 23
5 9 25
14 16 10
22 0 1
13 17 8
23 2 34
17 19 22
18 21 13
11 13 2
22 2 17
12 15 4
19 23 16
11 14 13
20 0 39
5 9 27
4 8 13
3 8 22
8 12 12
14 17 41
16 18 3
2 6 3
2 5 31
4 8 30
23 2 40
8 11 28
17 21 3
18 19 32
12 14 24
3 5 4
15 18 27
12 15 16
11 13 22
1 3 17
14 16 23
3 9 17
7 8 12
22 1 41
10 15 34
1 3 28
12 15 28
17 20 2
2 5 29
1 4 6
19 22 29
22 1 22
20 23 35
23 3 6
7 11 43
3 5 41
1 5 38
15 17 6
9 11 7
19 23 34
15 20 40
11 14 1
15 19 41
6 9 31
8 11 36
11 15 11
1 0 30
3 6 14
8 11 25
5 9 2
5 9 20
2 4 8
21 1 27
0 4 12
21 1 24
13 15 1
1 5 21
11 13 41
9 11 7
0 2 40
9 11 2
10 13 41
4 8 19
23 1 17
0 2 15
14 18 24
19 22 6
18 21 4
16 20 35
3 5 14
8 12 24
23 0 15
3 7 11
4 8 7
13 17 10
10 11 13
2 5 41
10 13 31
8 12 30
3 5 43
15 19 23
14 16 8
12 16 36
11 12 9
16 17 9
0 2 25
1 5 11
8 11 21
2 3 18
14 16 20
14 17 16
2 4 33
20 23 36
21 0 13
9 13 4
15 18 6
9 10 15
6 9 32
4 7 8
23 2 39
12 13 20
3 6 15
19 22 42
8 11 4
12 15 42
6 9 7
16 20 2
1 3 6
13 14 16
23 3 13
8 10 11
3 5 43
13 16 14
8 11 40
21 1 3
4 8 15
21 1 24
20 0 40
5 7 25
19 0 17
6 10 25
13 15 36
8 10 12
2 5 23
9 11 15
7 10 7
16 20 26
23 3 3
15 17 25
4 7 18
15 18 41
9 12 3
14 18 32
21 0 31
10 12 39
22 1 7
20 0 40
8 11 7
19 21 3
5 7 4
11 14 1
20 0 9
12 15 25
23 1 32
23 2 32
17 21 26
13 17 31
23 2 22
21 0 18
18 20 26
7 11 37
9 12 10
1 4 21
2 4 3
22 3 14
23 2 27
1 4 28
18 21 23
23 2 39
5 9 41
1 3 4
20 23 11
22 1 5
2 6 35
7 10 25
9 11 12
12 15 24
23 2 29
12 14 36
1 5 16
17 19 3
10 14 42
8 11 22
7 9 35
0 3 10
21 1 33
22 0 2
2 3 4
14 16 43
14 17 37
10 11 41
5 8 28
1 3 34
4 7 40
16 17 17
17 20 43
1 4 4
13 17 13
22 2 5
6 9 41
8 11 7
1 5 38
9 12 34
0 1 20
14 15 15
12 14 28
0 1 17
4 8 33
9 11 41
13 16 30
17 18 5
17 21 10
17 19 1
12 15 26
0 0 31
22 2 27
1 5 18
9 10 18
3 6 40
8 11 43
3 4 27
14 17 29
4 7 25
0 4 1
14 17 1
19 22 19
4 8 24
0 3 34
1 3 29
10 14 32
11 14 1
5 8 38
23 2 3
0 3 13
14 18 15
0 4 23
16 18 31
11 15 34
14 18 42
10 11 18
2 5 8
6 10 20
11 15 19
1 5 24
14 15 32
0 3 30
21 0 12
22 1 31
8 12 26
17 20 37
17 21 18
1 3 3
7 10 30
19 22 24
14 17 17
23 3 35
12 16 2
11 14 19
11 14 35
5 8 28
4 8 22
22 0 3
4 7 33
4 6 29
23 3 40
17 19 1
22 1 32
18 21 14
22 2 2
11 13 41
9 14 9
1 4 23
6 10 6
19 23 40
22 2 34
15 19 21
15 18 21
3 7 43
19 21 10
21 22 24
22 0 28
11 13 35
0 2 2
18 21 15
1 3 28
9 13 17
15 18 38
0 2 16
8 11 8
5 8 10
21 2 5
14 18 28
0 3 27
15 18 23
9 13 10
6 10 27
2 6 6
22 0 43
2 6 16
2 5 42
23 1 31
7 10 14
22 2 42
14 17 32
9 12 40
7 13 15
4 7 39
0 2 6
8 10 7
8 10 18
9 12 16
21 1 2
6 9 15
22 1 15
8 11 33
0 4 10
23 3 15
16 18 31
10 11 13
18 20 16
0 4 39
9 11 41
0 4 24
10 13 5
21 23 29
1 4 31
8 10 2
4 8 4
12 14 8
2 5 26
10 13 7
1 4 21
17 21 34
6 10 28
9 11 5
2 6 36
15 18 24
12 16 41
2 8 2
9 11 18
16 18 17
14 16 1
22 1 1
23 3 43
23 3 19
6 10 41
22 1 10
19 21 1
2 5 19
5 10 11
1 3 37
20 23 2
3 6 9
1 3 17
7 10 7
15 17 41
6 8 11
1 5 10
9 11 31
17 19 32
19 22 37
17 20 41
6 8 27
1 3 29
21 23 25
21 2 31
7 9 9
21 1 6
3 5 34
11 13 13
17 19 37
11 13 21
5 6 21
4 5 23
14 17 27
11 13 16
16 17 4
1 4 30
2 6 42
21 0 40
0 1 25
16 17 35
7 9 30
13 17 20
15 19 12
18 21 43
8 10 19
19 21 37
19 21 22
5 7 26
18 20 43
20 1 26
19 0 10
10 14 30
11 14 41
12 16 27
12 16 33
2 6 24
0 4 36
6 7 14
14 16 21
21 2 28
11 14 26
10 12 33
11 13 13
19 20 20
12 15 11
3 7 19
21 1 26
20 23 38
6 8 26
8 10 27
3 7 26
7 10 5
9 12 16
15 18 22
22 1 29
21 0 28
15 17 8
21 23 29
11 13 38
21 1 33
7 11 3
2 6 5
8 12 1
0 2 38
20 23 42
13 15 1
18 22 20
20 23 28
15 17 3
14 18 39
0 2 36
11 14 33
0 3 39
3 6 3
9 13 7
0 2 2
16 18 7
2 4 22
23 2 27
4 7 33
18 22 23
7 10 28
11 15 14
8 12 18
1 3 2
0 2 22
23 2 10
7 10 33
16 18 15
2 4 18
19 21 14
23 2 21
13 16 30
7 8 38
15 18 13
21 22 30
14 16 7
8 12 5
18 22 17
14 16 8
3 7 5
0 3 22
2 6 25
14 18 26
23 1 31
9 11 28
5 9 15
21 0 9
6 10 24
7 12 11
16 18 3
13 16 22
2 4 24
8 12 7
21 0 29
13 17 9
6 11 34
22 1 6
11 15 41
0 2 15
18 20 32
21 2 36
23 3 34
16 20 26
0 3 21
9 14 21
1 3 29
0 5 20
19 21 13
5 7 43
3 5 42
3 7 19
4 8 36
7 9 1
4 8 36
6 8 37
11 15 43
16 20 19
6 8 38
22 0 28
7 11 37
23 0 22
8 12 41
17 18 15
22 3 14
9 14 16
2 6 10
9 13 40
23 0 23
22 3 12
20 0 16
7 10 30
23 2 30
12 15 14
8 10 5
4 7 10
2 4 22
14 17 5
4 5 2
12 15 41
1 2 41
15 19 16
3 7 35
6 10 5
2 5 4
10 11 8
18 21 29
16 20 8
8 11 29
10 12 15
18 22 32
0 4 3
19 22 6
23 1 23
8 10 16
9 12 15
1 2 2
10 13 11
23 2 40
16 19 30
18 23 42
1 4 22
6 8 4
12 15 30
7 11 13
5 8 39
19 22 42
0 0 28
0 3 1
12 15 19
17 19 41
3 5 21
14 17 32
21 22 2
4 8 13
8 10 32
5 9 36
9 11 37
2 6 5
6 9 38
21 0 41
14 17 37
9 11 1
12 16 43
19 21 28
11 16 14
14 16 32
8 11 40
18 22 37
10 14 7
5 8 39
7 10 7
5 7 1
4 7 15
20 23 1
9 11 18
2 4 21
8 12 43
22 1 38
0 4 36
16 21 42
20 23 37
4 8 5
3 6 34
23 1 37
1 3 2
3 6 1
10 13 15
22 1 8
1 4 39
7 10 17
16 18 36
12 15 41
3 5 32
8 13 36
21 0 10
17 20 35
2 6 12
21 0 13
0 6 14
1 4 30
22 0 6
12 14 16
18 19 27
14 17 24
16 21 19
20 0 17
0 5 2
12 14 22
3 7 4
22 2 38
1 4 42
2 4 16
15 17 12
13 16 34
12 15 20
8 11 19
22 2 43
22 0 11
7 10 23
22 23 21
12 16 25
21 23 18
1 6 42
14 18 29
19 23 6
10 12 3
7 10 24
8 11 32
21 0 27
19 19 32
19 23 32
11 15 7
15 19 26
8 13 29
7 11 5
16 20 42
11 13 30
15 18 5
2 6 5
22 1 43
20 22 35
14 17 33
17 19 20
19 20 6
1 4 12
2 5 27
22 1 34
8 11 13
1 5 41
9 10 34
5 8 3
8 11 8
1 3 12
18 23 39
23 3 12
14 17 42
11 14 1
7 10 42
17 19 34
17 21 7
5 7 1
12 14 42
16 18 8
7 11 11
14 16 16
1 2 30
11 13 33
12 17 20
21 2 19
0 3 23
6 9 34
19 20 7
8 11 4
2 5 7
11 14 15
22 23 14
20 1 33
6 8 42
10 15 34
3 5 26
4 7 27
21 23 43
10 14 37
19 23 31
22 1 3
22 23 32
16 19 29
14 16 33
20 0 7
15 18 38
22 1 21
5 7 34
22 1 5
5 9 5
16 21 26
19 23 29
17 19 9
9 10 24
22 1 12
23 2 35
23 2 23
7 10 17
13 18 13
13 17 10
16 19 11
5 6 32
15 18 3
13 16 38
11 13 4
16 21 31
20 0 30
1 3 1
17 21 35
15 17 19
16 19 18
8 11 16
1 4 10
20 22 20
21 1 10
3 7 22
1 3 39
10 13 34
2 3 35
22 1 9
18 21 14
9 14 32
21 0 11
13 16 16
7 10 26
14 17 32
15 19 25
23 3 10
16 19 42
4 6 21
4 7 37
9 12 37
10 13 16
0 4 37
7 9 6
19 21 33
14 16 35
16 18 17
13 16 34
9 13 27
2 5 3
3 9 43
23 3 17
17 20 14
13 16 35
21 23 15
8 11 43
10 14 4
4 7 18
22 2 38
8 11 41
0 2 5
13 17 12
18 19 2
13 17 2
4 8 22
3 8 30
21 0 18
10 14 9
18 20 27
9 12 5
12 16 34
19 21 8
5 7 16
0 3 13
16 18 10
18 20 15
21 0 31
2 6 6
7 11 39
1 2 14
0 1 19
23 1 41
6 7 14
10 12 38
1 4 34
5 8 40
3 7 14
13 15 37
21 2 11
16 18 12
7 9 41
8 11 32
8 11 43
18 21 26
13 17 26
9 13 14
7 12 28
22 1 27
1 5 27
18 22 10
4 7 39
0 4 19
9 12 43
2 6 36
1 5 5
17 20 5
5 7 10
18 21 19
11 15 5
18 20 33
3 6 30
11 12 7
9 11 38
7 9 41
6 10 36
2 4 38
22 0 15
19 21 25
16 19 43
14 18 36
10 13 14
21 0 22
14 18 5
7 11 17
13 16 23
6 10 22
18 21 42
8 10 22
12 14 41
17 22 36
21 0 36
2 3 20
10 13 12
12 16 17
0 5 21
15 18 3
2 4 7
14 19 23
9 13 16
10 13 32
19 23 27
8 11 34
23 4 42
3 4 12
17 20 18
6 9 32
21 0 16
6 8 23
18 23 13
19 23 8
8 12 11
23 4 19
11 15 1
13 17 27
22 0 4
19 22 20
20 23 28
20 23 9
4 8 18
14 18 34
11 14 36
4 7 16
13 16 16
18 19 19
7 10 23
9 11 13
21 1 20
5 9 2
9 13 7
19 23 38
5 8 32
5 9 24
10 13 23
6 9 23
14 18 42
21 0 23
2 6 43
13 16 9
0 3 19
12 16 13
12 14 4
5 7 27
4 6 42
12 15 29
2 5 12
5 7 22
17 21 13
5 10 16
10 14 29
5 9 37
0 2 36
12 15 41
4 6 34
2 7 14
20 22 3
21 0 32
14 17 7
14 16 40
18 23 4
12 15 8
9 11 10
6 10 21
8 11 8
2 4 18
11 14 38
3 6 12
11 13 13
10 13 6
17 20 22
8 13 38
8 11 5
14 17 32
17 20 18
3 8 37
1 5 2
12 15 37
10 12 41
16 18 1
7 9 35
16 19 38
23 1 3
21 1 14
21 1 11
17 21 17
6 8 16
21 1 36
1 5 40
19 23 32
9 13 29
4 6 8
19 21 42
14 18 26
12 13 33
9 13 26
4 8 14
4 7 34
4 7 21
23 2 1
8 11 8
2 4 9
9 12 13
15 18 22
3 6 24
17 21 32
5 8 4
6 9 33
2 6 17
9 12 23
19 22 20
9 10 25
1 5 2
6 9 41
12 15 35
3 5 29
10 14 1
17 21 31
1 4 29
17 20 39
4 8 2
18 20 38
16 19 43
18 23 6
9 13 33
8 11 4
6 9 6
0 4 22
14 16 14
18 21 22
10 13 2
8 12 15
8 9 27
9 14 4
11 13 9
23 4 26
20 23 23
8 9 30
23 2 20
17 19 36
16 19 8
12 15 23
6 9 14
5 7 4
9 10 37
22 1 37
7 9 6
22 3 32
14 17 14
8 12 12
20 23 38
6 9 26
6 8 30
3 5 12
6 12 18
10 14 21
9 13 13
5 8 22
14 17 26
21 1 15
9 14 31
6 8 13
6 9 27
19 23 15
14 16 7
4 6 34
15 17 30
5 9 19
16 19 43
7 9 26
17 18 25
22 23 30
17 18 15
5 7 42
3 5 9
13 17 24
11 13 25
5 8 34
9 12 16
8 12 22
22 3 41
14 15 36
5 8 2
14 19 29
18 22 27
9 11 21
16 19 43
8 11 4
23 2 15
9 14 17
7 10 35
16 20 11
0 4 34
1 3 26
8 11 17
2 6 20
22 3 37
14 17 42
20 0 41
3 5 39
6 9 10
13 16 39
21 0 9
9 12 36
2 6 5
20 22 24
16 20 16
16 21 22
4 7 42
3 6 43
0 2 21
16 19 20
15 17 15
2 4 43
2 5 35
17 20 18
13 17 19
18 20 37
16 20 7
17 21 22
18 21 8
18 22 41
3 6 22
5 9 21
22 0 12
14 17 12
20 0 16
17 20 31
14 17 14
5 7 6
4 7 17
4 7 24
19 23 39
8 12 7
6 10 26
8 10 19
10 14 20
2 5 18
17 19 35
6 10 35
10 15 32
22 1 33
12 14 21
11 14 11
10 13 5
6 8 37
1 4 41
10 15 38
10 12 18
7 10 24
14 18 27
17 20 12
21 0 5
15 19 4
7 9 35
12 13 17
14 17 36
9 14 11
20 23 17
17 19 22
1 5 25
4 7 42
14 17 9
4 7 16
6 8 31
0 3 21
13 16 42
20 1 16
8 9 7
0 3 41
22 1 26
21 0 17
23 3 1
12 15 11
10 11 26
8 11 23
17 19 1
23 1 23
22 0 11
3 7 31
9 12 28
0 3 22
15 18 9
14 18 33
22 23 35
14 17 11
22 1 37
3 7 1
6 9 14
13 17 31
23 2 13
11 15 10
15 19 2
6 9 14
1 4 34
3 7 6
7 10 19
8 9 36
15 18 42
7 10 25
21 2 10
19 22 39
4 7 18
19 20 33
2 6 29
21 22 16
4 6 1
9 12 35
21 0 12
18 21 33
1 6 26
11 15 25
13 15 34
21 22 35
15 18 43
23 3 12
18 19 29
19 23 16
18 22 31
17 22 38
20 22 26
4 6 27
20 22 11
4 9 41
22 2 28
20 22 9
13 15 14
6 10 40
13 16 7
21 0 19
11 14 41
19 22 33
9 12 21
5 9 38
1 3 42
23 3 24
6 10 26
6 11 31
20 22 40
18 22 19
0 4 32
0 3 24
22 0 18
15 19 41
18 21 21
13 16 24
5 9 14
1 5 33
5 7 17
23 4 42
4 8 17
5 8 24
10 13 33
20 23 6
0 3 38
3 5 22
10 13 21
19 21 7
8 11 27
16 19 16
12 16 40
22 0 33
17 20 27
16 18 7
7 10 30
12 15 31
18 22 10
22 0 15
7 10 28
11 15 3
5 8 21
6 10 13
8 11 1
5 7 1
10 12 23
22 23 25
1 3 1
16 19 10
19 23 40
21 0 39
2 5 17
17 19 28
19 22 25
17 19 25
20 1 17
2 5 14
16 19 15
9 11 37
19 22 42
23 2 7
2 5 25
2 6 41
0 3 14
18 19 37
13 17 15
4 7 25
3 6 33
0 5 29
21 0 31
8 11 36
19 21 37
22 0 33
22 1 42
3 6 15
3 6 25
21 0 23
13 15 3
1 5 5
6 9 37
20 3 8
8 12 6
7 11 2
0 3 41
9 12 14
7 9 7
22 2 22
11 15 7
9 10 32
15 17 26
0 3 20
4 7 15
15 20 41
3 6 16
20 0 40
18 18 25
1 4 41
19 20 38
9 13 42
2 4 16
1 5 32
0 4 23
20 0 36
10 11 16
8 12 38
15 19 9
13 16 13
20 22 4
13 15 23
16 19 6
9 11 6
18 20 37
14 15 11
14 17 35
17 19 12
14 18 35
12 14 33
20 23 35
14 18 18
16 18 21
4 6 33
7 10 23
17 20 29
10 13 16
10 11 6
19 22 25
1 3 15
8 12 16
0 5 15
8 11 24
16 17 25
8 12 41
10 10 15
22 1 29
14 17 7
0 5 43
4 6 2
15 19 30
10 14 12
15 16 31
12 16 16
21 0 32
6 8 37
1 4 27
17 20 23
9 12 37
1 4 6
17 22 41
6 9 12
2 5 5
4 6 43
19 22 10
9 13 1
4 7 37
19 23 21
10 14 20
14 18 37
4 7 3
0 4 37
19 22 28
14 17 1
7 10 40
16 18 3
6 9 28
0 3 29
0 4 30
14 18 5
21 0 21
5 8 21
7 11 34
8 9 15
0 4 28
8 11 26
12 15 8
5 9 8
6 10 19
9 10 40
13 17 9
19 21 41
12 16 38
18 21 14
11 15 38
23 2 9
16 19 12
2 6 36
22 1 11
0 4 40
4 6 14
9 13 33
4 9 23
1 5 1
8 11 43
6 8 32
3 7 1
2 6 26
4 9 9
1 5 22
17 20 27
4 7 42
10 14 15
8 10 35
2 4 16
9 11 11
15 17 10
6 10 28
4 8 1
12 15 30
3 6 31
4 8 43
17 20 36
6 9 31
2 5 4
4 7 11
11 13 4
13 15 2
9 12 18
16 21 24
15 17 28
18 22 1
18 22 1
10 13 20
11 15 28
4 7 20
3 8 39
19 0 35
12 14 25
20 0 6
22 1 6
10 14 14
17 21 18
15 20 12
2 5 32
10 12 34
14 16 22
9 12 29
8 11 21
6 8 14
7 10 20
11 13 18
14 18 31
19 22 43
6 7 20
23 2 37
20 0 10
11 14 26
18 23 8
1 3 2
6 9 8
20 22 31
4 6 21
1 4 3
16 19 4
4 8 32
22 1 14
14 18 35
11 13 41
16 19 14
8 9 4
7 10 6
16 19 34
15 18 24
16 20 17
13 16 16
18 21 37
21 22 35
12 15 42
9 12 23
14 18 5
5 7 12
5 7 11
5 9 3
19 22 4
14 16 16
13 16 25
9 13 5
0 3 43
19 21 3
22 2 7
3 8 30
11 13 20
17 20 6
8 11 11
11 13 42
0 4 15
1 4 6
5 10 20
6 8 22
19 21 36
6 9 7
3 6 9
23 3 19
15 18 32
2 6 27
10 15 5
15 17 38
11 14 40
1 3 21
10 13 11
21 23 16
0 5 15
22 2 1
8 11 7
20 23 27
5 8 13
7 9 22
22 0 19
20 0 28
3 7 34
2 6 38
21 2 35
21 0 26
2 3 1
19 22 17
6 11 35
14 16 35
4 9 32
6 9 26
7 9 41
17 19 17
0 4 9
3 6 18
7 10 41
10 15 40
9 12 7
2 5 11
14 16 12
11 13 29
5 10 42
21 1 43
21 23 13
18 22 3
15 19 33
7 10 3
4 8 14
5 9 34
2 6 14
2 5 2
10 12 11
3 7 36
17 18 20
18 22 7
17 21 37
17 20 2
6 8 10
17 20 5
14 17 14
14 16 11
6 8 10
23 1 21
8 10 16
1 4 21
3 7 4
12 13 18
8 12 3
23 1 26
12 12 8
3 7 31
23 2 24
15 17 19
23 3 30
3 7 38
6 8 15
9 11 25
18 22 18
20 22 11
23 2 39
13 18 24
23 1 38
16 20 36
0 2 40
18 21 42
11 13 10
19 23 13
12 16 33
13 16 15
11 13 29
7 10 18
1 5 29
21 1 9
23 2 43
11 15 22
9 11 9
22 0 9
4 7 37
19 21 34
13 15 21
12 17 33
3 8 36
20 22 32
5 9 19
4 7 21
7 11 29
9 14 5
3 6 16
8 11 25
10 12 19
8 11 29
20 0 27
7 11 23
19 23 37
0 3 23
20 23 25
8 10 22
6 7 9
11 13 3
22 1 14
6 8 3
18 21 36
4 8 35
22 1 35
12 14 8
11 12 29
13 15 1
12 15 27
3 5 23
14 17 5
16 19 12
7 10 11
13 16 29
6 10 20
8 12 30
19 23 10
17 20 8
8 12 43
8 12 28
3 7 19
12 15 30
7 10 6
17 20 3
0 1 38
22 2 43
22 1 38
4 7 23
8 11 29
23 3 27
22 23 14
11 15 35
7 11 17
20 22 6
10 13 11
10 14 40
20 23 6
9 10 16
13 15 5
0 3 23
2 5 39
8 11 9
7 10 3
23 1 33
23 1 28
18 23 27
6 10 28
13 15 23
1 2 7
15 18 38
22 1 38
1 3 35
18 21 37
4 7 7
15 18 40
16 20 1
3 7 35
21 1 33
21 0 24
13 16 5
17 19 29
13 17 6
14 17 38
21 22 17
12 15 15
11 12 1
11 15 29
15 19 13
8 10 36
16 20 10
6 10 11
19 20 16
17 20 38
21 2 28
21 1 14
4 6 36
15 17 19
7 10 36
6 9 43
3 6 3
12 16 9
16 18 14
0 3 38
3 4 21
4 8 4
16 20 24
14 19 24
9 13 4
19 23 17
20 23 14
18 21 12
18 20 17
1 6 16
18 21 9
0 3 27
3 5 4
9 11 7
5 8 22
13 16 15
23 2 43
1 4 36
1 5 28
0 4 8
4 6 8
10 14 29
22 2 7
11 15 12
6 8 9
22 23 38
3 7 38
14 18 23
9 10 12
7 11 3
10 12 33
20 23 16
3 5 24
15 18 28
6 10 41
19 22 37
14 16 32
18 20 2
9 13 17
10 13 35
14 17 39
13 14 32
1 4 20
0 2 39
10 12 37
0 3 22
4 9 34
23 2 22
0 4 4
21 0 12
15 18 1
0 2 37
9 13 32
16 18 35
5 10 6
14 17 29
5 7 3
14 19 39
8 11 27
16 20 39
5 8 33
14 18 8
18 19 42
11 15 38
2 4 28
5 8 32
20 23 25
17 21 6
20 22 10
18 22 9
19 23 41
3 6 1
20 22 28
19 22 39
18 21 20
4 8 29
11 14 3
16 19 32
2 4 4
8 12 9
7 11 1
6 10 38
2 4 38
8 11 26
3 7 24
20 1 32
17 20 31
15 20 7
12 16 25
18 20 14
12 15 39
23 2 1
20 0 22
12 16 6
7 11 35
4 7 6
4 5 8
4 6 40
3 6 38
18 22 34
5 10 9
16 18 30
3 7 39
6 8 11
1 5 17
15 19 39
6 8 25
21 1 40
12 15 40
15 19 13
22 0 40
9 12 39
1 5 23
18 21 17
19 22 3
19 22 41
5 6 19
11 13 13
21 1 19
21 0 5
15 20 12
17 19 28
12 15 24
3 6 43
9 13 22
16 18 41
12 15 22
20 0 31
2 4 9
8 11 13
19 21 31
5 9 6
6 9 16
19 21 7
19 22 3
7 11 31
20 0 29
9 11 35
9 13 14
3 4 3
7 11 14
4 5 14
3 7 30
9 12 21
2 4 7
22 3 37
9 13 19
10 13 42
1 4 6
20 1 30
13 14 12
23 2 1
15 18 16
8 12 20
21 0 31
10 12 26
6 10 8
19 21 29
12 15 1
14 19 8
11 13 12
4 7 24
12 14 33
15 19 42
16 19 17
19 22 35
0 2 16
10 14 22
8 12 33
12 15 39
10 13 41
13 17 10
12 15 43
0 3 35
5 9 21
22 1 10
22 0 10
7 10 37
23 2 16
17 20 31
19 21 30
10 13 15
0 4 5
16 18 6
6 9 40
15 19 26
5 7 5
8 9 39
10 13 24
9 12 41
10 12 14
5 8 37
13 16 14
7 9 43
4 7 4
21 22 9
4 8 14
3 6 18
13 16 14
20 22 27
21 1 11
14 15 27
1 4 21
23 3 35
7 9 42
6 8 26
16 18 32
6 9 5
15 17 30
13 16 34
13 15 2
18 22 29
19 22 3
21 0 19
13 17 9
17 20 24
19 20 16
4 8 10
7 9 6
2 3 31
18 22 40
3 7 37
1 4 31
8 11 36
7 11 35
16 17 39
15 18 17
9 12 39
22 3 12
10 14 27
20 0 16
2 7 40
20 23 10
15 19 36
22 23 21
10 14 36
14 18 26
4 7 7
22 1 11
7 10 19
6 9 35
0 2 38
22 2 13
1 4 38
6 9 29
13 16 28
22 0 32
5 8 22
6 9 35
23 1 37
2 4 41
5 10 35
10 14 29
8 11 2
22 0 20
15 19 35
15 19 41
22 23 11
16 19 14
6 10 24
2 5 39
19 22 24
11 15 17
18 21 32
9 11 5
20 23 22
1 4 12
21 0 30
1 4 18
7 10 5
23 2 31
7 9 42
21 22 11
8 11 14
3 5 25
15 17 23
14 18 1
7 9 5
20 21 40
3 5 36
22 0 38
4 7 26
22 1 8
22 2 10
20 23 9
6 10 27
8 12 2
12 15 2
3 6 3
1 6 17
10 11 30
15 18 22
12 16 18
0 1 30
13 15 39
20 22 33
22 2 21
14 16 5
13 16 13
9 10 33
17 22 10
19 21 6
4 7 30
2 5 9
0 4 32
15 18 24
23 1 33
13 15 8
3 7 35
1 4 20
21 1 35
21 23 18
2 6 22
1 4 14
0 4 15
19 22 18
14 18 42
5 8 2
11 14 5
16 19 28
13 17 6
16 17 26
1 5 5
20 0 19
16 18 12
17 20 34
21 22 32
17 20 12
23 2 12
9 12 36
12 17 36
14 17 23
7 9 9
8 13 8
14 19 6
14 16 27
2 7 26
0 3 29
21 1 8
18 19 32
5 6 6
9 12 14
17 21 28
4 6 38
15 17 38
0 5 29
18 20 19
1 5 16
20 1 38
19 21 6
10 13 21
20 23 41
5 9 21
10 12 24
3 6 3
22 2 23
8 11 10
3 5 42
1 5 33
22 1 8
13 14 13
13 16 35
11 15 25
22 0 14
0 2 41
15 19 23
17 20 19
15 19 3
23 1 9
10 12 21
17 21 1
16 18 17
20 0 3
7 11 43
17 17 43
14 18 15
15 17 15
16 20 30
10 13 15
13 16 37
2 6 21
19 23 25
1 6 40
6 12 22
12 16 9
5 7 3
8 11 37
14 18 19
6 7 9
19 20 29
22 1 16
2 5 14
10 13 8
18 22 33
17 20 28
8 9 43
19 22 25
0 2 19
7 11 37
1 6 34
1 3 33
6 10 41
3 6 12
12 14 18
8 9 23
4 9 27
20 22 8
22 3 40
11 12 40
15 18 24
10 12 37
15 17 7
17 22 17
16 19 38
4 6 30
4 7 11
12 14 9
1 5 24
17 20 43
19 22 7
21 23 30
1 4 2
2 4 27
4 8 30
2 4 11
17 20 28
17 19 30
21 0 4
20 21 24
17 18 17
3 3 35
2 6 31
4 6 39
23 1 16
15 17 18
1 2 29
19 23 31
16 19 33
21 0 34
11 15 35
7 10 8
13 14 16
19 22 23
19 22 34
14 17 6
0 3 2
3 6 2
5 8 40
14 16 20
2 4 4
0 3 21
21 23 27
23 3 42
21 0 43
8 12 27
3 7 16
19 22 14
7 11 16
15 17 21
23 1 24
21 23 37
5 8 9
10 12 31
13 16 41
8 12 32
4 8 40
11 14 42
5 8 29
13 16 16
5 8 32
19 22 5
17 20 1
11 13 33
5 8 43
12 14 13
3 5 22
17 22 38
22 0 22
21 22 14
21 0 17
7 11 6
6 8 20
17 21 3
15 18 42
11 16 24
13 16 10
18 23 17
21 23 10
14 18 43
0 3 36
12 16 23
14 17 14
22 1 1
8 12 37
0 3 2
21 1 7
6 9 11
14 18 26
5 8 25
0 2 40
5 10 33
11 13 19
11 13 32
21 22 21
10 13 14
1 6 4
9 11 2
23 2 37
9 11 36
1 6 26
11 13 18
3 6 35
11 14 21
19 22 1
23 3 39
8 11 21
19 22 2
1 4 42
21 0 15
2 6 6
21 1 35
8 9 27
16 18 24
17 20 6
9 12 31
2 4 33
15 19 4
10 14 14
5 8 43
7 10 41
1 5 32
10 13 13
1 4 5
23 4 36
3 5 5
15 17 42
13 16 2
20 0 14
7 10 17
10 14 12
1 3 21
4 7 15
10 14 7
21 1 33
19 23 26
7 10 28
13 17 6
12 16 15
17 21 17
16 19 1
4 7 3
21 23 27
0 2 21
6 10 35
23 3 13
20 22 25
15 18 15
8 11 21
20 23 10
5 7 41
3 6 3
17 19 18
17 20 18
1 3 40
15 20 40
16 20 33
8 13 10
23 3 13
20 22 33
23 2 31
8 11 41
17 21 6
22 2 13
14 19 38
15 19 9
23 4 24
16 20 2
3 5 38
11 14 2
16 21 1
7 11 7
18 20 17
3 7 25
15 17 36
6 8 22
0 3 33
5 8 42
23 2 21
2 5 13
21 1 8
2 5 6
10 13 13
4 7 2
22 23 14
1 4 7
19 22 14
16 18 34
13 17 19
11 14 23
3 6 41
2 5 41
5 8 40
2 5 36
17 19 26
2 6 28
12 16 28
7 8 3
15 17 31
20 0 14
5 8 36
16 20 38
2 4 2
1 2 5
15 18 42
9 10 3
8 9 27
16 19 32
12 15 33
20 23 30
20 22 1
18 23 35
2 6 25
9 11 6
4 8 33
7 10 20
11 14 34
6 10 14
13 17 27
0 2 2
14 16 25
1 4 31
20 21 39
13 17 35
7 8 33
11 14 22
16 18 10
16 19 32
16 19 7
0 4 4
7 10 43
18 21 16
3 6 11
7 11 15
20 22 36
16 20 4
18 21 9
11 16 39
16 20 16
9 11 43
21 0 30
19 22 1
7 9 35
23 4 6
14 16 33
10 13 41
23 1 15
6 10 12
7 9 7
3 5 18
8 12 27
6 10 6
19 23 6
17 19 14
18 20 28
15 17 9
19 22 16
18 22 17
13 17 42
5 7 39
17 22 28
6 10 26
16 19 41
16 18 27
22 2 12
22 0 6
6 9 7
12 13 36
9 12 4
2 4 14
13 17 33
5 9 7
0 2 40
1 2 1
9 13 18
7 11 19
20 0 42
3 9 43
4 7 19
23 1 34
6 10 26
19 0 34
1 4 5
22 23 6
21 23 42
18 22 14
8 11 36
18 22 31
11 14 21
16 18 7
20 0 6
23 23 8
15 18 35
11 15 41
18 20 37
22 1 29
7 10 14
10 13 41
11 14 33
15 17 35
8 11 37
8 10 24
14 18 31
22 0 36
3 5 4
22 3 20
5 7 27
17 20 39
21 0 40
13 17 4
6 9 29
11 14 26
0 1 6
9 12 30
20 21 22
8 12 32
5 7 20
3 4 17
16 19 15
20 23 15
19 23 5
12 15 25
5 6 2
3 6 28
7 9 7
14 18 34
5 8 20
18 21 26
10 14 1
2 6 18
8 12 37
12 15 32
16 19 26
16 19 38
16 20 12
9 9 23
19 20 24
7 9 2
13 14 24
0 4 9
23 4 39
11 13 7
19 21 20
16 18 6
19 22 32
0 2 17
22 2 31
22 1 43
5 9 23
12 17 3
13 17 36
19 22 29
15 19 41
16 19 1
9 13 24
17 20 30
10 14 43
20 23 9
21 1 35
3 5 18
5 8 13
18 20 40
7 9 42
17 20 17
11 16 16
11 14 24
23 0 19
17 20 26
4 8 24
0 5 16
21 0 22
11 13 38
6 9 20
13 15 31
18 21 26
17 20 33
13 15 21
7 9 38
11 12 21
20 0 38
17 19 20
21 23 8
8 9 16
7 11 24
14 18 34
10 14 5
19 23 42
2 6 11
0 3 32
23 2 15
20 21 30
11 15 2
11 13 35
7 9 14
5 9 13
14 16 3
22 1 3
18 22 11
14 18 25
7 10 14
1 4 4
21 0 22
5 8 43
21 0 15
20 23 4
0 2 4
18 22 6
10 11 39
14 17 29
18 22 33
4 7 34
22 0 20
1 3 42
5 9 31
13 16 15
17 23 33
12 14 34
11 14 33
3 6 19
13 16 7
3 6 3
14 15 1
19 22 26
13 15 10
23 3 21
0 3 17
17 19 8
14 15 20
19 20 4
8 12 15
15 18 28
6 9 39
23 2 7
2 7 14
4 8 32
11 16 38
5 8 6
3 5 19
18 22 17
17 18 25
0 3 15
0 3 36
22 1 27
6 9 4
19 23 36
1 2 20
11 16 31
17 18 17
19 21 21
7 10 5
16 20 20
11 13 37
16 20 26
14 16 6
21 23 9
16 19 43
14 17 8
19 23 32
1 4 14
11 12 40
20 23 39
20 23 29
9 11 25
8 10 15
5 6 30
23 3 4
9 12 6
14 16 22
0 3 5
1 5 39
6 9 6
12 15 41
13 16 33
11 14 38
13 16 22
4 6 10
13 16 40
14 16 34
17 18 20
9 14 13
6 7 37
13 16 30
15 18 14
8 9 43
4 9 36
19 20 34
4 8 25
15 18 4
23 2 16
4 8 32
10 13 19
16 20 2
20 0 8
1 3 30
4 7 8
12 16 26
4 7 29
23 4 17
1 4 3
15 16 6
0 3 16
20 2 14
0 3 8
7 8 27
1 4 43
9 10 16
14 17 9
19 23 41
20 23 22
11 13 4
22 2 39
19 23 3
10 14 42
19 21 43
18 20 10
22 1 35
0 4 23
1 5 5
10 13 22
6 10 19
21 0 18
22 1 35
13 17 24
23 3 43
10 13 11
6 10 9
1 6 26
18 21 10
15 19 13
11 13 5
22 0 17
15 18 35
9 12 24
15 20 11
10 14 16
3 5 17
6 9 35
23 3 38
8 11 17
8 11 7
0 4 35
0 3 36
3 3 20
23 3 17
19 21 6
1 6 14
23 2 43
20 1 2
16 19 10
20 23 31
4 8 43
21 1 35
21 23 33
0 3 36
5 8 18
15 20 6
11 13 4
2 4 37
1 4 32
12 16 15
18 20 14
21 1 21
12 14 17
15 17 15
2 5 13
5 8 38
2 5 17
5 8 9
17 21 27
5 6 27
15 18 29
15 18 17
2 5 29
2 6 22
19 0 2
14 16 14
12 14 40
20 0 39
20 23 6
