4000 33
28 7 1 11 28 5 18 6 31 18 10 20 27 31 15 16 5 20 32 15 17 19 13 24 2 28 4 31 18 4 8 6 12 
6 9 3
6 8 23
2 4 25
6 9 6
7 9 28
8 12 29
4 7 9
19 23 20
22 1 23
11 13 33
21 0 3
8 10 31
22 1 15
23 3 7
7 10 13
13 16 2
18 19 23
20 22 21
8 10 9
0 3 29
3 5 13
20 22 3
0 3 2
19 22 8
21 1 5
3 6 6
7 10 12
13 15 7
12 16 14
2 2 2
21 22 14
17 18 12
7 10 17
11 14 14
22 2 11
20 0 14
6 10 14
7 10 30
20 23 32
14 18 15
9 12 10
23 2 19
13 15 5
1 4 24
20 22 15
4 6 2
20 23 1
3 6 22
2 5 11
5 9 29
5 8 29
14 17 19
2 4 13
11 14 18
2 5 10
1 4 19
8 10 17
13 17 17
1 3 2
3 5 32
5 8 29
14 18 7
6 8 32
6 9 24
4 4 20
22 1 15
21 23 11
3 5 24
5 9 17
1 4 9
9 10 32
13 16 19
5 12 10
21 0 32
10 13 26
7 9 27
19 22 12
19 20 16
4 7 16
21 2 23
17 20 8
23 2 12
9 12 27
7 9 29
7 9 6
23 2 31
4 6 20
17 19 20
5 9 30
10 12 7
6 9 9
13 16 23
14 16 20
19 21 31
14 19 13
14 17 23
0 2 27
5 7 33
15 16 14
20 23 29
7 10 12
17 19 2
11 14 25
7 10 28
23 4 14
4 6 5
8 11 2
21 0 18
7 9 16
9 12 4
13 16 13
17 20 24
4 7 23
4 7 25
21 0 11
10 14 25
22 4 30
18 21 15
19 22 17
4 9 9
23 4 33
23 3 3
6 8 7
11 14 29
9 10 5
21 23 21
1 6 16
4 9 8
20 23 2
14 18 20
19 23 1
13 17 3
4 8 1
19 21 9
3 7 25
7 12 33
1 3 24
13 17 19
11 15 26
11 14 11
16 19 30
18 23 29
16 19 21
13 17 25
7 8 10
14 18 16
14 16 32
8 12 6
19 21 9
10 11 22
14 18 5
22 0 20
21 23 5
15 19 23
1 4 23
15 18 18
19 21 12
18 22 7
3 7 31
19 22 17
19 22 31
7 12 10
4 7 2
17 20 30
18 21 22
22 1 33
8 12 31
20 0 12
22 3 3
23 3 23
3 6 11
17 21 25
7 10 33
9 12 30
9 12 1
9 12 15
4 7 26
23 1 13
10 12 6
9 12 28
1 5 26
14 17 23
7 11 25
15 16 13
22 1 26
12 17 19
6 9 22
14 19 23
12 14 21
14 17 10
6 10 15
12 14 13
17 20 6
12 16 5
3 5 9
5 7 13
21 23 8
18 20 1
4 5 29
2 6 24
0 3 29
22 0 12
13 16 8
21 0 8
17 22 1
18 22 28
3 5 5
23 2 6
7 9 5
21 1 33
13 15 20
2 4 13
7 11 8
4 8 33
6 9 1
5 7 4
19 23 14
13 16 9
20 23 15
3 7 13
4 8 13
2 5 26
18 21 7
11 13 19
10 13 13
7 9 4
6 9 25
22 0 32
3 6 8
8 13 19
0 2 14
16 20 22
14 16 31
18 22 20
17 20 3
11 13 7
6 9 13
21 0 15
16 19 14
15 18 22
14 17 2
10 13 26
5 7 20
1 4 20
16 19 17
8 10 25
18 20 13
13 15 23
15 19 18
14 16 6
9 12 4
15 19 20
18 20 28
4 5 22
17 19 3
2 4 28
15 17 9
1 4 23
12 16 10
19 0 27
5 8 26
7 10 2
5 8 12
18 21 29
18 22 19
11 15 23
12 13 2
8 9 14
10 13 22
5 8 2
20 22 13
16 18 25
22 0 29
8 10 10
8 13 2
5 9 16
1 3 9
10 13 17
23 2 25
10 12 8
17 20 17
12 15 17
13 17 18
15 18 13
22 1 25
11 14 23
17 20 3
7 9 33
3 6 10
11 16 16
10 13 17
19 23 10
23 2 4
18 22 17
11 13 21
7 10 17
5 8 27
1 4 23
22 0 23
2 3 33
7 10 17
15 17 7
7 11 28
13 15 2
18 22 32
23 5 26
5 7 32
11 15 15
10 14 9
4 7 23
12 15 10
4 8 10
5 8 22
4 8 25
8 10 19
6 10 20
16 20 27
0 3 6
8 13 28
22 23 26
0 3 15
15 17 23
0 3 17
2 4 4
13 16 4
10 13 5
7 7 21
11 14 30
6 9 31
15 17 9
7 10 2
3 6 2
0 3 31
7 9 5
15 17 5
8 10 33
23 2 11
0 4 21
4 7 28
23 1 15
21 0 22
4 5 6
20 22 18
13 17 11
21 23 16
9 13 12
2 3 4
12 16 9
15 19 23
5 8 28
21 0 1
12 15 11
9 13 2
19 22 23
13 16 10
7 10 26
21 1 21
16 20 6
15 19 2
6 8 5
20 22 18
10 13 17
0 2 19
3 7 15
3 5 4
11 14 26
13 17 32
12 15 25
21 0 4
12 16 11
7 10 28
8 8 4
14 16 28
7 11 9
17 19 25
22 23 16
13 15 15
16 19 13
4 7 24
18 22 26
18 23 14
5 8 4
6 8 20
16 17 9
22 1 18
0 3 18
10 13 5
20 23 2
22 2 11
17 20 6
7 10 9
4 6 4
18 21 14
20 0 19
1 6 30
2 4 13
19 23 33
22 1 4
23 4 9
18 22 1
16 18 33
1 6 20
6 10 7
13 15 27
23 3 33
23 3 10
0 4 28
16 19 20
8 9 31
0 4 18
9 11 31
11 13 31
22 0 16
4 8 11
19 22 21
20 0 12
10 13 13
5 7 3
17 20 8
2 5 30
20 0 15
18 21 20
11 14 17
7 11 19
5 8 6
0 3 5
12 15 7
3 6 4
19 22 22
22 1 17
11 16 11
7 13 3
10 13 2
18 21 2
3 6 29
15 17 28
12 15 27
14 16 30
4 8 30
13 16 5
7 9 28
18 23 5
0 3 14
15 18 22
3 5 14
11 13 7
9 13 5
11 14 19
18 23 14
7 10 26
18 21 22
17 18 7
11 13 1
1 5 12
1 2 33
21 0 28
9 11 18
14 17 32
12 14 6
19 22 20
7 10 21
2 6 13
15 18 23
3 6 9
18 22 4
11 13 29
8 10 28
12 15 30
11 15 9
11 16 23
0 4 30
10 15 8
9 11 21
6 7 27
13 15 31
0 2 28
4 8 21
19 0 26
2 5 31
16 19 23
10 13 31
7 12 4
21 0 14
8 11 3
8 11 18
5 7 17
5 9 29
23 1 8
21 1 13
5 9 14
23 2 31
15 19 1
13 16 8
4 6 7
11 13 18
20 23 8
11 16 9
2 6 11
17 19 6
8 11 14
8 12 30
0 3 13
6 9 2
12 15 18
21 0 7
21 0 23
1 3 3
15 16 33
23 2 22
19 22 11
14 17 4
16 19 4
14 16 30
5 7 18
23 3 26
23 1 14
18 21 29
19 21 29
19 23 9
6 9 6
6 9 16
13 16 28
8 11 28
11 16 33
0 3 30
10 11 25
15 17 24
16 19 32
10 13 31
19 22 14
18 22 16
12 14 20
23 2 2
11 13 12
6 8 15
5 7 16
11 15 11
9 11 31
18 21 19
13 18 31
2 5 30
17 21 27
17 21 23
17 20 31
3 5 1
21 23 15
5 8 8
2 5 33
15 17 5
4 10 33
8 10 16
14 17 4
5 9 1
5 6 28
1 4 13
4 7 16
18 21 31
14 18 30
7 10 12
10 12 17
2 5 16
10 13 24
16 19 26
22 3 13
2 5 19
14 19 7
3 4 28
9 12 25
12 14 16
22 22 26
0 3 10
20 22 11
16 16 23
19 21 10
3 6 22
12 14 20
2 6 2
21 1 23
17 21 20
23 0 13
7 9 16
5 6 8
19 21 20
3 6 2
21 0 20
16 20 15
11 13 15
21 22 22
18 22 2
11 13 17
17 19 30
23 0 23
20 23 4
18 22 22
9 12 23
23 4 16
11 12 14
21 1 1
11 16 16
3 6 26
8 11 33
17 21 25
15 17 22
21 0 16
22 1 7
14 16 16
3 6 6
20 0 31
15 16 2
17 22 33
1 6 8
0 2 6
10 13 20
1 4 16
10 12 18
17 22 23
1 4 5
6 10 7
19 22 10
13 15 7
5 9 5
22 1 23
12 13 22
8 11 26
5 9 31
13 16 15
2 5 4
23 3 12
20 22 29
16 18 30
6 9 28
16 19 12
12 16 27
20 23 23
22 0 25
7 11 26
3 5 23
8 11 9
20 0 24
14 16 21
9 13 28
10 14 8
11 15 4
16 18 12
22 1 10
11 15 14
5 8 25
0 5 22
20 21 31
5 8 33
23 2 6
15 18 12
17 22 3
17 18 6
22 2 13
1 4 15
21 23 10
1 2 20
23 3 22
20 22 33
9 11 2
6 8 20
7 11 5
14 16 20
20 0 27
0 4 28
9 12 12
23 2 8
8 11 32
2 4 14
12 15 31
11 14 28
17 20 32
9 11 2
17 20 33
2 5 23
5 9 23
1 5 19
2 5 28
0 6 15
1 3 2
18 19 32
8 12 30
6 9 30
17 19 2
7 11 16
11 15 8
14 17 32
21 0 7
17 20 29
11 15 3
15 19 4
13 16 3
18 21 19
21 1 32
15 18 33
21 1 16
16 21 29
0 4 10
19 23 24
19 23 21
10 12 24
4 6 31
0 3 14
7 11 25
2 5 17
17 19 28
22 1 21
14 17 19
19 21 18
21 23 4
1 4 16
8 10 23
3 8 31
22 1 23
9 12 21
14 17 4
2 5 8
16 17 33
3 6 19
13 17 19
22 0 18
20 22 3
19 20 33
0 1 12
4 8 2
22 1 12
23 0 22
12 14 4
19 21 6
14 18 15
9 13 4
4 7 20
4 8 10
6 10 27
5 9 28
20 22 26
6 10 6
3 8 8
12 16 31
9 12 21
17 18 2
6 9 33
16 20 9
2 6 32
14 17 3
10 12 5
12 14 30
19 22 16
23 3 1
20 0 28
3 4 27
9 12 15
20 0 12
5 9 26
22 1 3
10 14 33
9 13 20
4 7 25
2 6 21
14 17 25
15 19 30
3 8 8
12 16 22
6 8 11
20 23 9
4 7 13
11 13 30
23 1 6
7 11 23
17 20 11
6 10 12
7 11 12
0 3 32
20 0 11
6 9 31
16 17 9
11 14 21
9 11 23
6 7 15
16 19 32
16 20 21
7 11 18
16 18 22
10 12 31
9 13 21
7 11 7
10 13 18
11 14 22
11 15 23
23 2 5
4 7 33
3 6 28
14 19 20
15 19 2
4 7 11
0 3 7
17 21 14
23 1 3
23 3 4
17 21 29
23 1 10
6 9 19
21 0 12
14 16 12
22 2 14
7 8 14
11 14 17
13 16 21
0 4 9
19 23 6
17 20 17
14 16 33
17 20 11
6 10 16
21 0 13
20 23 14
20 23 21
2 6 9
1 1 25
21 22 29
5 8 30
3 7 22
19 20 4
8 12 16
7 12 16
10 13 26
8 11 16
6 10 17
9 13 29
20 23 17
17 19 7
17 19 5
19 21 24
4 7 1
23 3 28
20 22 14
4 8 17
3 6 26
4 9 16
11 13 9
15 19 23
4 9 1
22 1 16
4 7 16
20 22 6
7 9 4
2 7 15
18 23 27
21 1 28
13 15 29
5 9 2
22 23 3
6 10 33
2 5 12
15 17 4
22 0 15
5 7 20
5 8 19
0 3 22
4 8 16
12 16 5
20 22 13
20 23 26
17 19 15
4 7 26
8 10 32
22 0 10
13 16 33
6 8 21
1 5 17
10 14 28
17 20 32
1 4 15
10 13 9
10 14 19
3 6 8
6 10 27
14 16 25
4 7 21
0 4 16
21 0 15
11 15 9
6 8 24
4 6 7
21 0 2
2 5 23
11 16 16
2 4 19
5 8 10
4 7 10
16 17 25
4 6 22
11 15 27
4 7 13
8 9 19
22 1 33
15 19 1
19 0 26
2 5 2
12 16 30
20 23 28
14 17 1
14 16 24
19 22 3
14 17 24
12 13 12
11 14 15
10 15 7
23 2 27
2 5 24
2 5 13
13 17 30
3 5 2
4 8 30
15 18 3
14 17 2
15 16 22
2 7 14
6 8 31
8 12 17
20 0 30
18 20 22
13 15 11
6 6 2
6 10 15
13 15 11
21 0 21
17 19 8
0 3 17
22 1 22
5 8 19
16 18 14
0 4 6
20 22 28
4 8 9
1 4 19
15 19 21
7 9 27
17 19 14
4 8 14
18 21 25
22 2 24
14 18 26
11 13 26
18 21 3
17 19 7
4 7 17
1 5 17
11 14 12
17 18 22
15 17 11
18 20 24
21 1 30
17 21 32
6 11 22
23 2 12
23 3 3
9 11 18
23 1 9
6 9 30
22 1 19
11 13 1
17 20 5
0 3 18
23 1 6
18 20 11
18 22 12
22 2 11
18 21 1
12 16 8
4 8 27
4 9 11
8 11 14
0 3 23
17 20 17
8 11 9
7 10 15
16 20 10
20 23 18
6 11 10
2 6 5
0 5 9
9 12 8
16 19 19
4 8 20
13 16 8
0 2 22
7 10 21
14 16 32
11 16 7
1 3 14
20 0 28
2 6 10
23 3 4
15 20 29
0 3 14
23 1 10
14 17 16
11 13 29
6 7 9
16 19 16
23 2 18
13 16 8
7 10 1
19 23 16
13 15 2
22 2 24
13 17 33
2 7 15
9 12 9
6 8 27
4 6 33
2 4 3
20 22 29
16 18 22
9 11 13
5 9 2
16 18 14
17 20 25
10 12 13
4 7 22
2 5 23
13 15 18
18 22 6
10 13 21
8 8 29
14 16 25
18 21 1
8 11 15
5 9 12
6 11 24
15 15 22
0 4 1
14 17 20
18 23 4
12 15 3
23 2 24
22 1 8
4 7 6
13 15 13
5 9 32
22 0 25
1 5 24
12 15 33
19 22 16
22 1 14
4 6 20
11 14 28
12 15 24
9 11 1
0 3 21
6 10 11
20 23 33
16 19 25
21 0 5
22 1 12
23 1 26
4 7 7
5 8 13
14 17 12
8 10 6
8 11 18
2 5 22
4 8 31
5 6 18
13 15 16
4 6 23
12 14 2
19 21 14
23 3 29
2 5 22
18 21 14
2 5 13
14 17 30
5 9 7
10 13 4
17 21 24
22 0 22
7 11 28
3 5 9
5 7 23
8 11 4
12 15 1
23 3 26
0 3 25
4 5 20
9 11 25
18 21 26
23 0 4
9 13 6
1 4 20
12 14 19
19 22 15
16 19 27
16 20 4
0 3 15
0 4 20
5 9 2
7 10 9
4 6 21
17 20 1
23 4 9
4 7 15
2 6 12
8 11 28
6 10 2
1 3 20
2 5 29
19 23 27
23 1 8
18 22 32
11 14 22
5 9 11
18 20 19
10 13 11
17 20 19
1 4 15
6 9 27
6 10 11
4 7 25
12 17 14
14 18 22
22 1 29
12 15 30
14 17 22
18 21 1
7 11 10
19 22 18
8 12 3
18 22 2
3 6 22
16 20 1
18 22 20
20 22 26
1 4 27
12 15 16
14 17 23
0 2 9
17 21 13
23 2 20
9 13 3
4 6 1
4 7 17
11 15 9
14 17 28
10 13 7
12 15 4
23 3 33
4 5 32
14 17 6
17 19 6
1 4 6
5 7 9
22 0 8
21 0 3
21 23 8
15 19 9
6 9 8
8 12 29
17 19 30
9 12 27
6 9 19
10 13 25
22 0 28
20 23 23
18 22 6
14 16 4
7 10 23
8 11 19
11 14 2
22 1 10
18 21 21
7 10 31
10 12 28
21 22 3
6 10 3
4 6 11
17 20 24
1 3 9
4 7 23
7 11 18
2 7 7
6 11 29
1 3 14
14 16 20
21 0 27
10 13 33
11 14 26
15 18 5
4 8 8
22 2 14
12 17 25
18 20 8
14 16 7
11 15 30
14 19 27
19 23 23
18 22 19
6 9 26
3 5 26
10 14 16
9 12 23
13 17 7
17 20 25
4 9 19
3 5 30
7 10 7
6 8 1
3 7 16
10 14 29
5 9 4
14 16 23
18 21 18
14 18 9
8 11 30
4 6 19
16 17 4
14 15 12
2 5 6
17 22 13
15 18 31
18 22 16
10 13 15
0 3 14
12 16 29
8 11 10
23 3 18
3 5 10
12 16 1
10 15 19
8 11 2
5 10 24
5 7 16
7 8 20
7 9 22
17 21 2
2 3 3
17 20 3
0 3 22
17 18 27
17 21 31
2 5 33
3 4 22
6 9 2
15 19 24
22 0 15
1 3 29
20 23 10
1 5 16
2 5 20
18 20 4
17 20 2
19 22 3
13 16 3
9 12 3
23 1 24
7 10 13
16 21 11
8 10 11
1 6 19
3 5 26
13 16 15
18 21 24
5 8 17
18 21 10
10 13 10
9 13 13
9 15 32
6 9 18
0 2 2
12 15 30
9 12 32
1 4 2
14 18 7
9 11 8
7 11 17
16 18 11
17 21 27
10 13 4
11 13 23
18 23 11
6 8 2
6 10 26
8 11 32
4 5 7
8 11 8
20 0 24
17 19 4
21 1 10
23 1 11
14 17 14
14 18 27
22 0 29
18 22 2
14 18 32
13 15 1
14 17 20
5 7 15
12 14 19
16 18 7
17 19 33
2 7 18
20 23 30
4 7 27
14 17 25
1 3 20
12 15 2
23 3 1
22 1 30
15 17 23
6 9 11
18 19 2
3 5 17
12 14 16
22 2 16
6 10 28
22 2 17
5 8 21
15 17 27
23 2 18
0 5 18
17 20 29
7 10 12
13 17 30
3 5 20
17 20 20
21 0 19
23 2 15
12 15 27
4 7 18
0 2 18
13 16 22
19 23 24
8 12 1
13 16 6
8 12 9
19 20 23
18 21 27
2 4 31
3 5 13
16 19 23
17 19 22
5 10 10
21 0 5
17 19 1
5 8 6
4 7 18
23 3 17
12 15 26
12 15 22
11 13 21
21 1 19
9 12 4
23 1 12
18 22 6
19 22 9
17 20 22
16 19 19
0 3 31
20 22 31
7 9 26
2 4 11
9 12 19
12 15 19
0 3 26
18 22 30
4 6 15
21 0 5
4 7 5
1 5 24
20 22 16
23 3 1
20 23 30
3 5 29
23 3 19
11 14 27
5 7 20
0 3 26
17 20 17
3 5 7
22 2 7
10 15 11
14 16 29
16 18 31
20 23 5
19 22 7
0 4 14
22 1 23
15 18 3
11 13 26
20 0 7
19 22 10
17 19 5
13 15 26
22 23 25
0 3 19
2 6 23
21 1 2
22 0 22
15 18 25
4 6 24
8 12 26
18 21 6
2 8 18
10 13 29
3 6 23
16 18 20
9 12 28
23 4 27
7 9 18
0 4 17
21 0 22
6 10 22
18 21 12
14 16 3
5 8 27
22 1 9
9 12 15
12 15 21
5 7 31
11 16 6
12 17 14
22 1 21
14 16 31
22 3 25
7 9 27
6 9 24
23 2 19
22 1 13
7 10 29
7 8 11
2 4 32
9 12 28
5 8 32
7 10 20
10 13 17
2 6 15
13 18 32
12 14 26
23 2 11
19 22 13
8 11 21
6 9 28
11 14 31
14 19 24
23 5 7
1 4 1
6 9 19
7 10 27
9 12 7
20 0 3
15 20 18
10 11 23
15 18 33
12 15 14
7 8 15
19 22 28
20 22 27
15 18 1
4 8 16
10 12 7
20 23 25
12 15 7
7 10 2
6 9 11
8 11 8
10 13 12
4 8 3
1 5 29
18 20 1
11 14 23
12 18 13
1 4 31
21 1 3
5 8 3
4 7 31
4 6 30
13 18 21
3 7 25
5 8 18
3 7 20
1 3 11
22 1 18
11 14 25
22 0 30
3 6 31
19 23 31
1 3 24
7 10 25
23 1 25
15 17 27
23 4 13
15 18 5
12 14 28
21 1 30
18 19 23
8 10 10
18 21 32
15 19 17
17 18 31
0 1 17
7 9 29
14 17 27
10 13 33
15 17 33
6 10 21
16 19 13
1 4 24
4 7 20
4 8 8
14 18 13
11 12 25
15 18 11
1 4 19
3 4 23
12 16 22
13 17 14
5 9 14
11 14 10
20 23 31
16 19 17
18 22 12
13 15 17
2 5 21
2 4 15
10 13 28
15 16 2
11 14 11
12 17 30
7 8 1
15 17 16
11 15 13
13 14 16
21 23 30
1 5 14
21 1 3
4 7 4
22 23 24
10 13 13
11 15 30
21 1 29
22 0 28
19 23 18
12 15 17
1 5 6
20 2 6
12 14 27
0 4 3
17 20 3
11 15 2
18 21 15
10 14 3
7 9 27
18 22 9
5 8 16
23 2 13
8 10 21
5 8 8
15 17 3
15 17 10
19 22 4
8 10 16
17 19 7
16 19 17
10 13 8
0 5 3
2 5 1
4 7 13
6 8 3
22 3 30
16 20 5
18 22 1
16 18 2
9 12 23
15 17 2
21 0 17
7 13 2
7 9 17
11 14 6
22 1 5
15 17 31
6 10 1
8 14 7
4 5 1
7 9 10
16 19 20
16 19 7
2 5 13
13 16 2
23 3 32
0 3 10
17 22 6
11 13 30
23 3 8
20 23 24
15 20 22
21 1 17
22 3 9
18 20 31
15 16 2
17 19 21
8 10 28
12 14 19
2 6 28
3 5 13
7 9 33
17 19 27
20 23 27
17 20 33
14 18 2
15 18 4
18 21 1
13 14 1
19 20 15
15 19 7
8 10 26
3 5 16
10 12 11
20 1 7
4 10 16
17 21 18
16 18 32
10 15 32
8 12 33
2 5 32
19 22 20
10 13 23
6 11 23
20 22 30
11 12 9
13 17 25
14 17 6
8 12 10
17 21 19
23 2 10
14 17 15
13 15 10
8 12 26
20 22 12
6 9 6
21 1 14
7 11 3
12 13 32
20 23 17
8 11 24
11 12 22
12 15 33
5 8 30
20 0 27
0 2 9
3 5 19
3 7 33
2 5 33
11 13 1
12 13 17
7 10 33
3 4 28
4 6 31
3 6 31
3 7 21
1 4 26
13 14 16
11 14 11
15 18 30
0 5 25
1 3 18
22 1 32
18 21 7
14 16 18
10 14 30
17 20 32
3 7 26
17 20 26
10 13 27
13 16 2
6 9 16
21 1 16
10 15 32
6 8 5
15 18 30
6 8 6
11 14 14
4 8 9
22 1 27
22 1 16
18 22 28
3 6 19
5 7 23
4 8 5
22 0 26
9 13 31
7 11 33
5 7 25
5 9 12
5 8 17
10 15 30
19 0 24
22 2 12
9 11 1
1 6 19
16 19 19
8 13 11
21 23 1
2 4 16
10 14 11
2 4 24
11 14 29
22 2 28
0 3 4
4 8 4
15 18 14
18 20 25
0 5 27
15 18 23
12 15 1
10 13 2
3 8 28
14 18 16
1 5 32
18 20 17
21 2 26
23 1 27
5 9 4
1 4 13
16 18 3
12 16 29
4 8 15
6 7 14
4 5 28
22 23 8
8 13 14
13 16 33
5 8 21
14 16 7
18 21 10
10 12 24
2 6 1
13 16 30
5 8 11
22 1 5
20 0 16
9 11 31
8 11 27
2 4 29
19 21 18
20 21 6
13 16 10
19 20 21
9 12 24
0 1 33
1 4 2
8 11 4
7 10 3
8 10 30
5 7 19
6 10 2
3 5 15
5 7 12
10 14 17
7 10 27
15 18 5
21 0 25
12 14 21
23 3 3
7 11 19
1 3 23
10 13 29
15 19 8
13 16 17
15 16 25
1 3 32
1 4 18
22 2 15
5 9 4
11 15 3
8 11 29
5 8 17
4 8 11
15 18 33
1 5 17
7 9 11
18 22 8
18 21 33
7 9 7
3 6 29
20 22 31
10 13 20
0 3 3
4 7 31
17 20 17
18 21 29
10 13 29
23 3 26
12 15 19
4 7 32
11 14 12
15 19 16
1 5 32
5 7 16
3 6 11
1 6 22
11 16 3
3 5 25
8 12 27
15 19 20
13 16 1
8 10 18
13 16 15
2 6 26
23 2 27
22 1 11
1 1 1
17 20 33
16 18 4
13 16 1
2 6 22
7 9 20
6 11 26
11 14 11
0 3 22
20 0 4
2 6 28
17 19 5
13 15 30
7 11 32
0 4 26
18 21 16
23 1 10
4 7 30
22 2 33
3 6 15
11 15 24
23 2 22
3 4 5
7 9 14
23 1 26
4 7 17
13 15 24
0 3 19
7 11 28
18 21 19
22 0 33
15 16 1
4 5 30
5 8 25
8 10 23
19 22 8
11 15 21
5 7 21
17 20 21
4 6 16
7 9 32
14 16 5
1 3 26
4 9 3
0 4 28
1 3 18
15 19 29
19 21 19
5 9 23
12 15 31
11 12 7
17 22 28
15 17 4
4 8 30
12 14 22
12 15 5
20 23 23
22 3 24
22 0 10
13 16 15
12 16 8
10 13 29
5 8 25
20 23 29
3 4 16
19 22 4
10 13 11
3 6 29
6 8 21
12 16 2
13 16 14
20 0 10
9 13 11
10 12 22
19 23 2
10 13 25
14 16 11
23 3 18
5 9 22
12 14 23
13 17 31
14 18 5
8 10 17
0 3 33
22 2 26
2 6 11
17 20 5
5 7 19
17 20 31
22 2 31
13 15 1
14 16 24
0 2 32
5 7 10
3 7 33
10 12 2
16 19 22
14 17 32
11 13 2
8 11 8
20 23 7
13 16 29
4 8 21
19 21 28
6 9 8
9 11 2
4 6 13
11 15 16
12 15 4
18 21 2
10 14 5
7 11 11
23 4 6
11 14 10
21 0 32
15 17 19
12 15 11
1 5 7
23 3 22
6 9 21
3 7 28
5 8 15
11 15 6
14 18 17
11 13 19
3 6 22
19 21 19
18 21 12
13 16 14
3 5 20
19 20 7
20 23 25
7 11 12
18 19 30
14 15 7
19 19 24
8 12 20
21 0 22
20 1 30
13 16 19
11 13 3
0 3 10
7 10 18
5 8 25
23 3 12
13 16 8
4 8 14
17 21 5
13 15 32
23 1 29
22 2 21
18 19 1
6 10 20
18 19 4
21 23 29
8 10 10
12 15 22
3 6 14
15 18 32
22 1 30
19 21 1
6 8 12
9 13 1
14 15 5
9 11 23
23 3 23
3 7 23
15 18 30
20 23 24
4 7 2
4 8 32
17 20 11
19 22 29
21 22 23
0 4 27
19 22 15
14 17 5
14 15 31
21 2 29
10 13 1
15 19 21
11 15 5
4 7 14
16 18 9
11 13 5
20 22 3
2 5 23
0 3 6
21 1 1
21 1 1
21 1 17
13 16 3
23 2 12
11 14 29
10 15 9
16 21 7
9 13 6
7 9 12
1 2 32
1 5 22
15 19 10
4 7 10
21 1 23
2 6 9
20 21 22
8 12 20
16 20 23
12 17 33
9 11 5
9 12 10
4 6 6
5 6 27
11 16 9
8 12 9
2 5 9
21 3 1
6 9 17
0 3 5
0 3 33
19 22 1
10 13 31
11 11 1
12 15 31
22 0 7
8 11 10
0 4 20
16 19 14
23 1 8
9 14 5
21 23 29
6 10 26
23 3 32
20 21 21
14 17 32
1 6 9
13 16 9
5 7 5
12 16 11
21 1 21
3 8 6
5 8 5
9 10 25
14 17 27
17 20 22
8 13 20
23 3 6
5 6 19
2 4 16
0 3 14
22 3 7
13 16 6
4 7 25
2 3 24
7 10 26
16 20 27
13 16 5
9 13 24
18 21 32
11 13 1
18 22 8
17 20 8
4 5 3
4 8 15
11 14 33
19 23 18
0 3 31
5 8 17
18 21 22
15 19 29
22 2 27
14 16 16
8 10 3
10 15 7
20 23 25
12 15 10
18 21 1
22 2 7
2 6 3
2 6 27
6 8 27
7 8 17
21 2 20
4 7 23
4 7 30
7 11 19
11 14 33
11 14 20
3 8 2
10 13 33
23 2 27
18 20 13
15 17 14
18 22 30
12 15 21
6 8 28
21 0 23
15 16 14
13 14 29
22 1 18
8 11 13
0 2 27
22 1 2
6 9 21
13 16 11
7 11 33
5 7 14
22 2 2
9 12 30
1 4 23
3 8 8
21 0 21
0 3 24
20 23 32
14 16 31
22 2 18
15 19 13
13 17 8
13 16 6
0 2 31
21 1 20
16 20 19
10 12 15
11 13 4
4 6 15
21 2 18
22 1 28
12 13 23
1 3 15
16 19 31
3 6 24
0 2 4
6 12 4
8 11 13
3 6 24
13 15 22
4 9 24
13 16 7
17 19 26
22 2 3
15 17 27
15 18 20
18 21 23
0 2 5
1 2 5
7 10 1
5 8 6
17 19 23
8 10 17
1 4 9
7 10 16
14 18 21
3 6 1
8 12 4
22 2 19
2 5 2
15 20 21
7 10 13
16 19 2
13 16 4
21 0 27
6 9 29
6 7 4
1 6 4
23 0 23
0 6 3
21 1 10
1 4 12
6 9 25
3 8 1
22 2 4
13 16 19
0 2 16
5 8 16
5 9 8
19 22 15
5 8 3
21 23 5
7 10 15
16 18 27
8 12 8
22 0 14
4 7 2
13 15 7
22 1 13
5 8 6
5 10 4
23 3 16
14 18 10
1 4 30
14 16 27
8 10 6
23 0 19
5 7 6
3 5 3
21 1 13
4 5 21
12 13 26
3 7 25
6 9 25
17 20 31
2 3 15
5 7 30
23 3 21
16 19 5
0 3 26
19 22 16
3 7 6
3 7 27
4 7 20
7 10 1
5 5 9
19 22 28
15 19 24
20 0 31
11 16 19
20 0 5
7 11 1
23 4 33
12 17 2
2 4 1
4 5 32
16 17 30
21 0 16
21 23 17
20 1 20
11 16 14
23 1 28
2 2 25
23 2 20
14 17 13
9 13 20
14 17 20
14 17 15
2 7 16
4 7 14
8 11 10
23 3 22
11 14 15
17 23 20
7 9 3
4 8 28
6 9 12
8 10 21
3 7 15
11 15 30
22 2 6
14 20 5
6 8 8
4 6 9
16 17 29
21 1 12
10 13 13
10 15 24
8 11 10
11 14 1
23 1 27
13 15 4
10 12 12
11 15 25
6 8 28
3 7 10
23 1 29
19 23 19
19 23 1
0 4 15
11 13 30
5 8 13
4 7 16
19 21 15
17 19 19
6 8 12
19 21 10
3 6 33
21 2 5
23 2 6
11 15 30
7 10 25
11 12 25
16 19 22
4 7 28
9 10 15
18 23 4
5 7 28
16 19 32
3 7 15
22 0 5
8 11 27
10 13 18
13 15 11
20 1 18
19 22 7
22 23 4
2 4 29
17 21 27
18 21 14
11 15 12
19 22 32
9 12 29
13 14 10
17 20 4
14 18 3
1 4 29
18 22 20
23 2 8
4 7 5
7 10 13
2 3 19
7 10 12
14 16 16
8 11 18
18 21 11
1 3 31
3 5 30
17 19 24
5 8 8
18 20 32
12 16 30
18 22 26
2 6 10
22 1 14
14 17 23
22 1 20
0 4 19
4 7 28
2 3 8
4 8 29
4 6 14
6 10 9
10 13 8
15 17 25
22 1 19
23 1 16
9 12 26
20 22 27
19 21 11
3 6 1
17 21 1
3 5 13
20 23 8
3 6 9
23 3 22
11 15 17
0 4 33
22 2 4
4 7 4
15 18 19
20 0 12
21 0 22
4 7 17
17 21 30
7 11 5
5 7 33
18 23 22
11 14 22
20 0 29
13 16 13
13 17 10
1 3 28
9 11 15
10 11 21
5 7 26
2 6 14
21 2 24
22 1 30
15 17 17
13 14 22
15 17 26
1 5 10
21 1 14
21 0 7
8 13 4
15 17 30
5 9 7
8 9 15
4 7 30
18 19 15
4 6 25
6 11 19
2 5 29
6 10 25
14 19 26
15 19 33
8 11 2
12 16 31
10 15 30
5 9 7
9 11 33
18 22 20
10 15 1
16 20 6
11 13 7
17 20 29
2 6 4
20 1 17
12 16 13
9 11 16
12 15 5
1 3 31
18 22 7
18 23 30
9 12 14
14 16 20
15 17 20
11 15 14
11 13 19
14 17 22
10 10 2
17 21 12
13 15 19
5 9 23
17 19 18
6 10 25
20 0 10
4 9 18
4 7 32
19 23 1
13 16 3
22 1 18
5 9 19
13 17 33
8 10 11
20 23 22
17 21 11
10 14 33
19 23 8
10 15 24
7 12 2
13 14 12
5 9 28
13 16 23
15 18 19
21 1 4
20 0 1
23 2 4
21 0 28
17 20 7
2 6 13
5 8 4
23 3 22
14 16 31
13 15 3
23 1 4
16 19 4
19 21 2
0 3 14
15 19 33
4 8 16
8 11 15
0 2 3
2 5 16
0 4 24
6 9 25
12 14 16
2 5 19
14 18 33
12 15 11
2 6 19
18 21 15
11 13 4
4 8 30
23 3 20
3 6 12
7 9 5
16 20 15
3 6 20
2 4 8
12 14 21
5 7 18
11 13 33
2 6 20
23 1 4
6 9 17
8 12 24
14 17 5
6 7 19
2 3 9
8 11 30
8 11 25
18 20 23
11 14 13
6 9 8
1 4 4
7 11 7
23 2 29
10 13 17
23 3 2
7 9 28
11 15 1
10 14 26
1 5 31
19 21 30
6 9 2
21 22 19
23 0 17
22 1 10
15 18 9
8 11 25
2 6 19
5 9 9
1 4 7
20 1 12
14 16 21
21 1 19
12 14 1
12 15 32
4 7 12
1 5 29
16 16 10
4 7 5
17 20 23
1 4 26
11 14 24
22 1 5
23 3 12
3 6 27
22 2 27
19 23 1
20 23 27
8 11 10
6 10 6
20 23 13
19 23 31
23 2 5
11 15 16
15 17 17
3 6 18
19 23 17
14 16 17
1 4 18
17 22 31
12 13 8
23 1 28
15 19 11
9 11 29
8 11 15
20 23 10
7 10 14
19 22 19
10 12 19
12 15 32
13 17 25
12 15 11
6 11 15
17 21 24
8 12 29
0 5 16
1 4 28
9 10 4
20 23 24
19 21 21
3 4 7
22 23 27
20 21 33
15 18 19
10 13 16
16 18 15
20 23 28
16 19 13
2 4 18
7 8 26
12 14 12
20 23 26
1 3 28
22 0 14
7 11 18
22 1 10
1 5 13
0 2 12
2 3 22
9 12 21
4 8 20
8 11 28
1 4 6
14 17 19
2 5 26
2 4 26
11 15 22
2 5 24
14 18 26
0 3 7
18 21 4
1 5 22
13 16 3
19 22 33
22 2 14
7 9 28
17 20 25
10 12 23
13 16 15
0 1 33
9 14 10
19 22 30
6 9 4
19 21 3
0 3 18
1 4 14
16 19 31
10 13 13
8 9 3
4 6 4
4 5 11
16 20 30
1 3 6
21 0 20
5 9 20
18 23 25
9 12 19
23 2 4
6 9 29
19 22 5
21 0 10
23 2 17
16 20 14
18 21 33
6 10 4
23 23 18
5 9 20
20 23 5
2 4 14
8 11 15
5 9 16
20 0 12
0 3 18
7 11 12
3 6 25
11 13 8
20 23 23
9 10 24
13 16 14
3 6 9
21 0 19
2 5 4
14 17 5
18 21 6
10 12 27
19 23 1
18 20 5
8 10 22
4 5 28
17 21 26
8 11 21
7 10 14
1 5 11
19 21 14
18 21 21
10 12 23
10 13 17
11 12 14
19 22 2
16 20 12
18 21 28
23 2 27
12 14 18
18 20 18
4 5 9
15 16 15
15 17 8
15 18 9
14 16 32
13 16 12
13 16 20
23 3 12
4 8 19
7 9 22
0 3 17
2 5 6
17 19 12
17 20 13
1 4 33
13 16 3
9 12 24
20 22 7
22 3 25
8 12 20
4 8 11
1 4 5
20 0 14
16 19 2
6 10 3
22 1 19
9 13 25
18 22 8
5 9 20
15 19 7
0 3 14
22 2 6
19 22 24
6 10 24
11 15 3
13 18 6
11 13 30
7 10 28
14 17 8
17 20 31
14 18 3
23 3 5
4 7 27
15 17 30
7 8 14
20 22 1
4 7 27
1 4 7
19 22 3
23 2 7
15 19 18
20 0 25
0 4 17
17 20 26
10 13 10
12 15 32
16 18 23
8 12 4
3 5 28
17 21 30
6 9 33
13 15 24
23 1 16
23 3 33
20 23 12
1 5 5
11 14 3
17 19 2
9 13 1
1 3 18
21 0 19
14 17 10
21 23 10
22 1 23
21 1 5
21 0 8
4 9 20
7 12 27
8 11 29
11 15 23
9 14 10
12 16 2
19 23 3
1 3 6
21 1 33
5 7 10
0 2 21
17 20 3
23 3 20
8 10 27
15 19 30
13 17 17
19 22 7
21 2 16
13 15 3
13 14 8
0 3 16
0 2 22
1 5 23
3 7 28
15 18 25
2 5 6
13 17 10
9 14 16
9 12 27
3 5 30
5 6 28
21 23 14
8 11 20
16 17 14
13 19 14
5 8 8
9 12 25
15 17 1
23 3 19
3 5 10
17 20 16
13 15 13
5 10 25
8 12 7
13 18 11
2 7 23
1 3 1
19 22 18
23 2 6
16 18 12
10 13 9
9 13 8
14 18 1
12 15 5
6 7 16
5 10 17
11 14 13
7 9 3
7 11 25
14 16 20
15 19 1
9 11 15
7 10 28
16 19 5
1 2 4
3 6 2
23 3 6
5 8 27
23 4 16
15 18 12
14 17 10
22 2 12
12 13 25
15 18 1
18 21 17
7 10 18
14 18 9
3 6 5
3 5 8
22 0 22
18 22 14
10 12 5
21 1 32
10 12 6
12 15 19
18 20 10
21 0 13
18 21 7
15 19 9
19 21 19
8 12 7
0 3 27
21 0 15
13 16 21
16 20 26
11 13 13
12 14 11
12 15 20
19 21 13
9 11 9
15 17 1
22 2 6
17 22 25
6 9 18
22 2 13
0 4 6
15 18 16
21 22 20
8 13 30
7 10 32
9 13 15
15 19 32
2 6 28
7 10 1
8 10 6
20 0 20
14 16 23
5 8 26
8 11 4
1 5 22
3 6 15
2 4 26
16 20 29
21 0 24
20 22 28
20 0 26
7 9 20
4 8 1
7 12 20
22 1 4
4 8 31
22 0 18
17 20 14
6 12 21
4 9 16
15 18 25
8 12 23
22 2 24
3 5 20
19 22 23
11 14 13
1 4 19
14 17 11
9 12 30
9 11 11
6 9 31
9 12 31
9 12 16
20 23 31
5 7 3
7 10 9
20 23 21
1 3 3
5 8 16
19 22 19
11 14 27
10 13 20
12 14 21
5 9 1
0 3 10
16 19 21
20 21 12
21 1 22
18 20 30
16 18 12
14 17 2
4 8 14
15 16 31
10 15 2
0 4 6
10 13 12
21 22 12
2 5 33
19 22 7
12 13 31
15 17 8
19 20 9
9 10 25
20 0 6
19 22 5
17 20 6
19 21 3
18 22 33
22 2 25
13 16 26
18 21 17
11 14 16
7 10 31
12 16 4
23 1 7
16 18 9
23 3 15
3 4 31
13 16 21
2 5 25
0 3 26
4 7 22
20 22 31
6 8 17
10 13 28
6 9 10
6 9 10
10 11 16
6 8 8
17 19 17
1 3 4
11 14 1
10 12 11
8 11 10
13 17 12
19 0 30
1 4 9
16 17 1
15 18 18
21 1 4
21 2 7
22 4 27
14 20 31
13 15 29
1 5 22
20 22 29
11 15 12
3 4 14
18 22 20
8 11 28
0 4 33
15 16 5
19 22 13
20 22 9
4 7 32
13 15 18
23 1 11
0 1 30
3 6 10
5 8 3
3 6 11
3 6 32
18 22 12
11 16 29
17 20 22
7 10 6
17 20 19
10 14 3
11 15 4
6 8 4
8 11 14
12 14 9
14 16 7
13 16 15
17 19 19
2 5 10
11 14 25
16 20 22
8 12 1
4 7 32
13 15 30
22 2 22
15 16 17
12 15 28
9 11 26
22 2 3
7 9 20
22 1 15
7 9 9
20 22 16
0 5 13
9 11 11
15 17 25
12 14 26
21 0 11
19 21 17
14 18 26
14 16 22
14 17 7
20 23 31
23 2 7
1 6 2
19 23 2
5 8 30
23 3 7
13 16 23
5 7 18
5 8 18
2 6 29
2 4 1
5 8 7
12 15 3
9 13 22
16 21 33
8 10 21
19 20 19
8 11 32
14 19 32
18 22 11
5 8 25
18 20 18
5 8 9
7 9 19
18 21 28
23 1 21
20 1 16
21 0 17
19 22 19
4 6 30
12 16 9
18 20 5
0 2 2
19 21 2
8 11 18
15 19 3
10 12 8
17 22 23
13 15 3
22 2 13
5 9 17
18 20 23
12 16 24
12 15 18
14 17 1
2 6 23
18 20 15
18 20 22
15 19 29
17 20 3
3 5 11
22 1 29
23 3 32
17 21 20
1 4 7
6 10 12
7 9 14
18 21 1
11 16 13
17 20 23
1 3 4
3 6 3
16 18 21
4 5 25
18 20 30
4 6 13
10 12 29
16 18 1
20 23 1
20 21 15
14 16 23
1 4 18
21 0 31
22 1 11
18 22 17
20 0 13
5 6 18
10 12 15
18 19 15
18 22 19
8 12 30
10 11 32
7 10 3
15 19 28
13 16 2
14 19 7
11 15 2
0 2 25
18 22 26
3 5 30
17 19 6
14 19 5
11 13 17
10 13 14
22 2 7
13 17 31
1 5 19
14 16 4
9 11 5
5 9 25
23 4 3
19 22 5
4 5 10
14 17 31
15 18 5
11 13 11
21 0 26
17 20 6
12 17 18
16 21 21
11 14 2
11 14 14
5 6 30
13 16 6
0 3 31
11 12 6
10 13 16
17 21 20
17 20 16
2 4 9
18 20 18
11 13 19
12 14 18
5 8 11
9 13 33
23 3 24
4 8 30
6 8 29
22 2 19
1 4 28
0 4 21
23 1 28
1 5 21
11 15 23
13 15 18
14 17 23
17 19 27
20 1 2
22 2 7
2 7 14
7 11 24
10 13 1
5 9 2
16 21 13
2 6 3
21 23 17
23 1 10
19 21 18
14 17 8
2 4 27
18 20 11
5 8 13
20 23 7
8 10 4
9 11 32
18 22 22
15 19 10
9 12 17
22 2 26
9 14 27
10 12 9
14 17 7
12 15 10
22 2 24
20 0 15
1 3 22
12 15 23
22 1 23
3 4 11
13 15 7
20 0 26
2 5 8
0 3 12
14 17 23
15 18 1
20 0 22
21 22 8
0 3 19
8 10 29
20 23 12
7 11 3
15 20 19
18 19 27
9 12 14
2 5 14
7 12 31
2 5 3
19 22 17
2 5 3
9 12 10
14 17 16
21 0 5
15 19 4
16 20 21
12 15 26
14 18 31
19 19 1
2 7 7
12 15 11
19 0 33
18 21 21
22 3 10
21 1 4
8 10 2
18 22 18
4 7 14
19 23 19
2 5 16
23 3 8
10 12 30
21 23 7
3 5 12
11 14 4
2 4 22
2 5 21
0 3 24
18 21 10
18 21 1
4 8 5
15 18 24
23 3 27
11 15 31
20 23 20
4 7 33
23 2 29
12 15 33
12 16 14
20 1 15
7 9 23
19 21 18
4 8 29
7 11 7
18 22 18
19 22 5
22 2 20
19 22 21
5 8 22
16 20 22
15 19 18
4 6 16
5 7 20
15 18 2
15 18 7
14 17 12
10 12 26
18 20 21
11 14 13
10 14 4
9 13 26
20 1 17
5 5 4
9 12 9
4 8 28
22 3 7
8 11 7
19 21 7
12 15 2
6 9 18
4 8 7
6 11 10
19 21 22
6 10 26
5 6 8
18 22 31
16 19 17
16 18 28
18 21 25
3 7 5
9 12 32
17 19 31
13 16 8
8 12 15
14 15 19
16 20 24
15 20 33
6 9 21
15 19 33
13 17 3
3 7 30
6 9 23
1 4 25
10 12 4
4 7 17
21 1 2
18 21 13
12 15 13
9 13 11
7 10 28
13 15 33
6 9 7
1 5 24
19 23 33
17 20 29
4 7 4
1 4 16
7 10 31
19 21 16
7 11 9
16 18 27
7 10 2
0 3 28
18 22 19
8 11 14
19 23 23
3 6 4
19 23 10
16 18 9
8 10 11
10 13 18
15 18 12
12 15 8
9 11 6
18 22 17
14 15 15
1 4 13
5 7 23
8 12 9
19 23 10
23 2 20
19 22 14
18 21 24
13 16 1
9 13 33
21 0 33
4 8 25
22 2 11
6 12 29
15 18 1
1 4 18
2 5 3
11 14 22
11 14 28
15 18 15
2 7 18
16 18 31
12 15 4
16 18 11
19 22 23
21 0 18
7 11 31
6 9 4
16 20 19
10 12 8
0 4 26
18 21 15
2 6 31
22 0 17
22 1 14
6 9 17
19 23 31
9 12 19
11 13 21
23 1 2
22 1 9
10 14 18
8 11 29
3 6 13
11 15 13
1 5 21
13 17 16
9 13 6
13 17 30
16 19 21
9 14 14
12 13 24
7 9 22
12 18 6
8 12 16
18 22 6
6 8 28
0 3 24
0 4 13
19 23 17
22 1 8
19 23 20
16 18 9
22 1 3
16 19 7
1 4 20
21 23 10
21 23 32
16 18 9
8 12 15
8 11 22
3 5 8
0 4 16
22 1 26
2 7 7
4 6 1
21 1 14
16 20 10
6 11 8
3 6 23
15 20 31
23 2 22
2 4 15
22 1 29
2 4 20
12 15 11
19 22 17
16 20 24
20 22 19
15 18 26
9 12 30
10 12 10
17 20 26
5 9 14
21 1 10
5 10 19
9 12 26
7 10 30
13 17 7
5 7 17
18 21 25
20 0 24
14 17 24
21 1 14
11 13 24
5 7 29
5 8 25
2 5 20
5 8 26
8 11 18
6 6 8
0 3 17
14 17 26
17 20 25
18 21 4
20 0 2
16 18 10
4 7 16
14 16 9
1 4 22
17 21 33
9 12 18
4 8 11
5 8 16
9 14 33
20 23 32
10 15 13
20 23 9
18 21 18
0 2 16
7 9 4
20 23 23
10 12 29
23 3 26
3 6 5
11 15 4
14 18 17
16 18 20
22 0 22
8 12 7
16 21 5
15 17 3
19 22 6
12 15 5
10 12 25
16 20 18
16 18 21
22 1 15
8 10 32
18 20 27
13 18 6
9 12 33
4 7 9
21 23 32
17 20 12
14 18 32
7 10 23
22 4 33
11 15 1
3 6 22
17 21 21
18 21 1
11 13 17
11 14 19
13 18 30
7 12 5
9 11 10
20 23 20
17 19 24
16 20 27
1 2 14
16 19 17
10 13 26
2 6 32
8 11 21
11 15 31
9 14 30
10 13 24
12 17 13
5 9 30
7 10 31
6 10 16
10 13 24
16 18 3
3 5 11
13 17 33
21 22 32
17 22 12
5 8 5
2 6 30
17 19 26
8 12 2
14 16 20
8 11 29
2 3 18
7 11 28
23 2 27
22 0 23
10 12 9
3 8 10
22 2 8
3 7 16
11 14 28
22 0 21
13 16 27
19 23 26
11 12 26
16 20 31
9 11 12
1 4 5
2 6 32
3 6 27
23 1 19
22 1 19
16 18 8
17 20 22
18 22 23
5 10 18
1 3 18
8 11 23
7 9 30
5 8 28
22 2 10
4 8 13
2 4 18
16 19 27
19 22 9
1 4 15
12 15 22
18 22 6
2 4 11
15 18 13
12 13 31
4 8 24
18 21 33
3 6 22
21 23 33
1 5 11
8 10 9
9 13 14
0 3 25
23 2 22
20 1 32
11 15 17
13 17 32
6 8 29
8 10 3
14 17 8
17 19 16
21 23 15
20 23 33
21 0 3
3 7 22
0 2 21
12 15 29
20 0 33
5 9 32
23 1 27
4 7 18
9 14 30
21 0 25
20 0 20
13 15 10
13 16 13
6 8 26
16 19 22
18 21 18
3 6 25
3 5 11
3 6 20
3 6 19
13 16 1
5 9 31
4 8 18
16 18 13
6 9 11
6 8 10
6 11 15
4 8 5
15 19 20
0 3 6
13 16 9
8 9 3
2 4 33
1 5 19
10 14 21
7 9 32
13 16 17
9 11 27
4 8 21
23 3 4
21 23 30
17 19 21
6 9 31
9 14 13
5 9 21
15 16 10
20 0 20
5 7 15
22 0 6
1 4 29
9 13 32
4 7 6
19 22 32
3 6 20
8 11 15
7 9 18
8 13 31
15 18 26
12 15 11
20 0 22
12 16 14
9 14 16
10 12 33
10 14 26
16 18 26
3 5 32
21 0 25
15 17 4
22 0 18
4 9 27
16 20 19
10 13 23
13 16 13
9 12 32
5 8 28
17 18 19
7 10 18
3 6 12
7 10 28
3 6 23
0 4 4
12 14 2
11 12 30
17 19 20
3 7 28
8 10 24
16 18 6
9 14 3
22 0 25
15 18 4
10 14 19
23 1 28
12 14 30
19 22 4
16 18 25
14 16 2
9 13 11
21 23 4
4 8 11
0 5 20
4 5 33
18 21 15
17 19 33
3 6 6
7 9 1
15 19 32
1 4 30
11 13 10
6 8 9
19 22 24
1 3 11
4 7 15
11 14 21
11 14 29
1 5 11
21 23 25
1 5 20
4 9 10
20 22 16
22 1 7
0 4 27
11 13 11
8 11 9
20 0 30
20 23 28
22 23 9
15 18 4
18 22 9
20 22 17
3 4 31
3 6 19
7 10 6
13 17 31
21 23 9
5 9 26
7 10 32
7 9 31
16 20 20
2 3 22
22 1 9
21 23 23
21 2 23
4 7 24
12 14 29
16 19 30
18 19 25
20 23 31
8 12 4
3 5 4
16 21 1
22 0 12
22 1 6
23 4 18
11 15 4
13 16 9
5 9 19
18 20 1
23 2 12
18 21 18
17 19 10
23 1 2
19 0 19
3 6 30
7 11 3
17 19 18
13 15 15
11 16 16
5 9 3
8 11 10
8 10 3
0 3 8
14 16 29
13 18 12
6 9 9
23 3 27
10 14 13
6 8 28
22 3 19
0 3 10
17 19 28
5 9 4
9 12 6
6 10 5
18 19 8
2 6 1
11 13 4
15 16 9
11 14 22
19 22 11
20 1 4
7 10 18
11 14 27
21 23 20
15 19 9
12 15 17
20 0 27
13 16 11
1 4 24
21 1 27
0 4 25
16 19 24
16 20 9
0 2 3
11 15 7
6 9 6
12 15 11
22 0 12
7 10 30
18 20 20
3 6 7
10 13 32
14 17 17
17 21 18
5 8 9
4 6 3
16 17 3
8 11 11
3 6 33
8 12 6
11 15 18
17 21 4
10 13 3
18 22 4
11 14 7
8 10 16
9 12 31
7 10 18
4 8 29
11 13 21
18 19 14
3 4 5
17 20 24
15 18 16
12 16 20
19 21 4
19 23 10
16 17 29
20 23 12
23 2 29
17 21 10
21 0 12
23 2 25
23 2 24
22 2 23
9 12 2
19 22 30
8 11 3
9 13 11
2 4 12
3 6 32
4 7 13
15 17 15
8 12 30
11 14 7
10 14 27
10 13 9
6 10 4
2 4 25
17 21 6
4 6 5
6 10 31
1 3 18
6 8 32
4 7 27
15 17 23
4 7 1
10 14 27
9 12 16
3 6 2
12 14 8
0 3 20
3 6 25
3 8 18
7 10 9
14 16 2
5 9 11
20 22 29
23 3 28
17 20 24
2 5 6
20 23 7
23 2 13
1 5 33
20 23 7
0 1 5
9 12 18
7 12 33
20 23 10
1 4 32
3 7 14
10 14 22
2 5 22
17 20 23
19 20 20
15 17 2
2 6 19
9 12 12
5 7 5
1 4 15
21 2 20
19 22 11
5 10 21
21 3 17
15 18 7
22 23 5
4 8 24
14 17 31
21 23 21
17 21 9
3 6 2
19 21 4
1 4 29
17 22 8
0 3 28
0 2 30
4 6 2
5 7 20
2 5 23
18 20 6
23 2 17
2 6 25
10 13 33
19 23 23
22 1 24
6 11 24
15 17 7
7 10 10
13 17 19
15 17 14
6 9 3
23 1 30
21 0 23
16 19 8
21 0 19
15 17 14
22 3 22
10 12 9
20 22 7
17 20 31
2 6 7
18 21 12
1 4 17
7 11 32
22 3 22
1 4 25
6 9 30
5 7 18
3 7 15
10 12 23
10 13 20
13 17 25
1 2 5
10 13 25
11 14 31
5 8 5
4 8 20
10 12 2
4 6 9
21 0 14
23 1 19
21 1 12
19 20 21
7 10 25
18 21 27
16 19 23
17 20 21
11 15 26
5 6 31
17 20 29
10 14 17
4 8 33
8 12 12
5 8 27
20 22 21
21 1 31
17 20 19
10 11 30
11 12 19
14 16 29
11 14 31
16 18 9
8 12 31
5 8 18
6 9 10
4 7 1
17 20 11
8 10 16
3 6 31
12 14 25
20 1 31
6 8 20
3 6 16
5 7 2
12 16 15
3 6 12
18 22 5
14 17 28
21 23 4
20 23 17
3 8 33
13 15 6
6 8 25
23 3 24
11 15 7
16 18 30
5 8 5
13 16 16
17 18 7
17 20 30
2 5 11
17 21 30
17 21 20
18 21 28
1 4 19
15 19 8
15 18 8
1 5 13
20 22 19
5 8 25
14 17 29
