5000 41
9 25 28 15 1 27 29 7 11 40 30 31 9 15 40 28 21 3 37 39 36 7 20 21 26 20 34 14 39 8 41 1 17 1 31 32 2 2 7 37 33 
9 13 33
21 1 18
13 15 28
6 8 25
16 19 28
23 2 33
8 12 34
14 17 25
9 11 15
14 17 39
16 19 16
17 21 16
21 22 34
23 2 10
14 17 32
10 13 26
1 5 33
21 1 15
16 18 25
16 18 30
17 19 8
18 21 5
20 0 40
16 19 27
6 12 14
23 3 17
5 7 27
11 14 16
19 22 20
20 23 20
19 22 22
4 7 19
14 18 35
3 6 1
17 22 34
23 3 24
4 6 31
3 6 5
13 16 2
17 22 14
19 23 4
9 12 21
1 4 19
19 21 8
13 15 41
1 5 7
0 3 34
2 6 38
17 21 20
5 9 15
21 1 21
10 14 21
10 13 29
16 18 41
22 1 11
15 19 2
16 19 7
19 20 29
23 1 36
0 3 26
19 23 26
14 18 18
2 6 12
17 20 32
3 7 8
20 23 41
21 1 31
3 9 4
3 7 11
1 3 22
9 12 33
13 14 24
15 18 18
16 19 34
3 6 17
10 13 30
7 10 28
18 20 12
3 6 4
3 5 7
20 23 18
7 9 30
19 0 21
4 7 4
12 16 28
4 6 11
16 17 24
14 17 13
0 4 4
7 10 31
12 15 2
10 12 6
18 20 5
20 21 5
21 0 25
4 6 33
17 20 2
6 9 24
3 5 11
12 16 33
4 8 2
22 2 16
23 0 25
19 23 12
9 12 40
20 22 11
11 13 34
14 16 5
11 14 18
10 13 1
22 2 27
1 5 3
14 19 37
12 15 22
14 17 38
7 10 18
4 6 32
9 12 17
3 6 9
1 3 40
20 23 9
19 22 30
8 12 6
21 0 41
15 20 17
18 20 13
8 11 11
2 6 20
18 20 39
2 4 19
22 2 11
17 20 14
20 0 3
5 7 5
13 16 8
22 2 28
6 9 39
10 12 20
22 1 20
19 22 40
10 13 3
21 23 22
8 11 17
15 19 2
21 0 38
11 15 34
16 19 34
13 17 28
17 20 2
0 4 32
19 21 36
5 9 17
22 0 21
21 0 35
19 22 8
22 0 5
7 12 17
20 1 11
4 6 12
12 15 10
2 5 39
1 5 26
18 20 7
2 5 6
21 23 37
15 17 41
3 5 20
9 12 24
23 3 32
18 23 35
15 17 31
6 9 2
18 19 1
6 9 7
21 0 18
18 22 24
21 0 27
20 22 33
11 13 24
15 17 33
22 3 35
16 19 34
1 5 5
2 3 12
1 3 38
4 6 9
12 16 23
16 19 40
1 4 37
12 15 31
18 22 41
8 11 8
0 2 18
2 6 15
11 13 24
21 1 37
1 5 36
13 15 5
5 9 32
20 22 19
17 20 32
12 17 20
23 3 36
20 23 23
11 14 22
11 15 8
9 13 23
5 7 36
17 20 23
19 22 10
19 23 41
15 20 29
5 7 6
11 13 19
13 17 17
11 14 3
0 3 14
1 4 11
10 14 3
9 12 17
8 10 11
9 11 14
18 22 4
18 22 22
11 18 7
15 17 6
11 14 37
19 22 15
2 7 22
14 19 15
10 17 11
5 9 23
8 11 28
4 7 32
7 9 7
20 0 21
15 18 5
6 8 35
18 21 1
4 6 11
2 7 31
5 6 10
4 6 40
9 10 8
8 11 26
19 22 6
15 17 1
9 13 14
16 19 25
8 12 20
3 6 12
9 12 12
21 2 6
14 17 41
7 11 39
4 6 24
16 19 33
22 2 13
14 16 23
23 2 6
2 5 10
4 7 33
13 17 13
14 18 35
17 20 16
16 18 24
11 12 38
18 21 9
2 4 41
17 21 4
7 10 21
18 19 29
11 15 28
13 17 35
3 7 35
3 5 34
17 19 31
4 7 30
7 10 30
21 23 40
8 9 39
14 14 4
1 3 14
3 6 12
4 6 32
20 22 29
12 16 32
11 13 7
13 17 15
16 19 17
6 8 3
20 0 2
0 2 22
2 5 4
5 7 5
8 10 3
0 3 2
8 10 9
19 23 30
9 12 39
17 20 3
15 17 13
5 7 33
10 14 8
8 12 20
6 9 28
9 13 27
23 2 41
8 10 15
23 2 2
6 9 27
11 14 15
2 5 18
7 9 25
8 10 25
23 1 18
3 7 25
3 6 7
9 12 36
3 4 38
16 18 32
0 5 28
1 5 32
1 4 21
8 11 9
14 18 19
18 20 14
16 19 37
11 14 10
19 23 31
17 19 22
6 9 11
14 15 27
18 22 14
19 22 10
5 6 8
19 23 36
17 20 9
16 17 11
18 22 32
6 9 14
16 19 33
5 8 7
17 18 31
22 0 30
2 4 34
0 3 11
3 7 21
3 8 24
1 2 28
7 10 19
19 22 11
3 7 16
11 13 23
21 23 14
23 3 30
13 17 15
15 18 28
9 13 8
14 17 3
11 14 24
6 9 23
11 14 38
17 20 7
11 14 4
8 10 8
11 15 9
14 17 20
10 13 10
10 13 33
16 19 38
17 21 6
19 19 2
15 18 35
9 11 4
3 6 41
0 3 3
6 8 13
14 17 6
21 2 33
10 11 19
8 12 6
15 18 31
16 19 12
7 10 5
1 2 14
6 9 29
18 21 11
15 17 26
6 9 27
3 5 18
23 2 33
12 15 22
20 23 15
13 15 31
19 21 2
18 20 27
15 18 32
5 7 17
22 1 27
9 14 28
1 4 20
13 18 7
5 9 4
13 18 4
17 20 37
13 17 39
23 4 18
4 9 1
7 11 27
7 11 15
20 23 28
10 13 11
0 0 24
21 1 16
21 23 30
7 11 15
22 1 3
13 16 25
0 5 39
2 5 22
3 6 4
7 11 13
18 20 31
0 3 4
14 17 29
16 19 37
11 14 24
15 17 17
6 8 25
14 18 28
12 16 9
10 14 38
11 14 37
3 5 12
5 9 5
4 8 36
13 16 26
21 23 5
19 21 27
12 16 2
2 5 22
22 2 21
17 21 34
4 6 23
17 20 37
21 0 36
1 4 26
22 0 27
13 15 16
10 13 2
21 0 32
23 2 29
4 6 27
4 8 4
16 19 38
8 11 30
23 2 22
7 9 3
21 0 6
6 8 29
18 20 40
11 14 13
20 23 29
10 12 29
12 14 9
6 10 31
3 7 13
7 11 17
14 17 40
0 1 41
14 18 1
20 0 35
14 17 21
4 8 16
22 2 3
13 15 10
17 21 3
23 1 33
5 8 1
20 23 5
13 16 30
21 0 27
19 22 22
14 17 1
14 18 36
9 12 12
7 11 12
19 22 12
12 15 41
6 9 21
8 10 5
0 3 2
14 17 19
3 8 21
16 19 18
13 19 39
6 10 30
11 15 30
9 12 36
8 11 5
18 21 31
10 12 38
18 20 20
5 7 9
17 20 33
21 21 18
4 7 40
14 17 5
3 7 4
16 18 28
3 6 10
23 1 40
23 2 9
9 13 32
3 6 28
4 6 31
20 0 31
4 6 9
16 19 39
23 1 27
11 16 23
12 15 15
18 21 6
4 6 9
12 13 34
23 2 17
10 13 22
20 0 22
0 4 41
22 0 37
7 11 4
0 3 27
20 1 1
0 2 20
16 20 7
14 17 5
8 13 20
15 17 3
21 22 17
21 1 11
0 3 28
18 21 30
13 18 9
10 12 33
15 18 38
21 1 23
18 21 8
23 2 6
7 10 30
1 4 5
2 6 27
19 20 24
21 0 36
13 17 27
21 1 35
3 5 36
6 10 10
8 10 20
0 5 19
6 7 38
14 17 10
18 22 29
5 9 31
0 2 38
12 15 30
11 14 22
22 1 33
11 13 17
21 0 7
9 12 2
22 1 27
2 6 3
21 1 33
4 5 41
8 9 34
6 9 39
3 4 33
11 14 33
2 6 12
2 4 35
20 22 1
0 1 14
21 0 36
6 7 33
15 15 12
1 4 23
1 4 7
0 5 9
13 15 20
23 3 27
4 7 7
8 11 37
5 9 39
7 10 39
2 4 34
23 3 7
20 23 7
12 16 7
3 6 11
7 9 19
12 14 10
21 1 23
3 6 36
12 14 10
4 9 3
18 19 13
17 19 9
12 16 8
15 18 7
11 13 32
20 23 21
17 18 31
21 1 25
19 20 36
19 22 10
1 2 3
15 18 26
22 2 12
14 17 23
8 11 28
3 7 19
6 10 36
10 14 7
15 19 32
23 1 21
22 23 22
8 12 15
11 12 33
22 1 18
16 20 34
21 1 18
20 0 41
0 3 21
17 20 30
21 0 36
17 21 2
4 7 41
19 22 12
10 14 18
15 20 22
15 20 31
21 22 12
0 4 30
20 23 12
2 4 27
12 16 12
4 8 37
5 8 13
14 17 24
23 1 15
2 4 9
4 7 16
11 16 14
9 11 8
11 14 24
1 4 37
15 17 18
22 2 34
6 9 34
14 15 27
5 7 7
8 11 18
2 6 18
21 23 16
6 9 37
3 7 25
13 15 15
5 9 30
5 9 31
6 8 40
5 7 23
15 18 3
11 13 12
20 23 5
19 21 6
7 11 27
9 12 14
11 14 8
17 20 9
6 8 30
5 9 24
14 17 32
14 18 35
11 15 26
23 1 36
7 9 24
6 10 23
3 6 14
23 2 35
0 3 5
4 8 22
4 7 24
9 13 39
13 15 31
20 0 20
22 3 4
3 7 8
20 22 16
14 15 13
23 4 37
7 9 15
17 22 30
19 21 13
0 3 14
13 15 33
14 16 29
0 2 9
15 17 19
7 8 22
14 15 41
5 8 19
2 4 39
20 22 27
18 22 4
10 11 26
2 5 28
20 23 18
23 3 6
1 4 28
2 5 7
21 2 9
14 18 35
20 23 41
9 11 23
19 0 36
23 1 28
17 21 16
6 7 19
14 17 39
13 15 26
4 8 10
20 22 36
9 12 11
5 7 28
22 2 41
15 17 38
14 17 2
23 1 14
5 10 14
18 22 5
10 15 30
20 0 32
3 5 8
4 8 18
14 17 29
23 2 1
5 8 23
14 17 40
21 2 40
23 2 19
11 15 30
9 13 36
3 7 8
23 2 2
4 6 14
2 6 33
12 15 7
14 18 38
11 13 16
21 0 8
18 23 8
2 5 10
10 11 21
14 18 39
20 1 9
17 21 34
17 19 9
9 12 8
13 16 11
10 13 34
1 3 5
21 0 11
13 16 8
2 5 29
12 15 37
9 13 19
19 21 8
15 17 5
20 23 4
22 2 35
4 6 6
19 20 15
15 18 20
6 9 3
14 17 28
13 15 26
11 15 13
21 1 17
10 15 26
6 9 23
15 17 2
11 14 18
13 16 19
8 12 11
20 23 26
6 8 2
18 20 13
7 11 13
21 22 7
1 4 29
10 15 16
19 21 36
12 14 19
0 4 6
9 12 2
8 12 29
20 22 29
12 16 41
22 23 7
2 5 15
14 18 7
11 15 35
18 22 33
13 17 3
13 14 13
9 13 35
21 1 35
3 6 15
1 3 32
18 20 41
14 15 17
20 23 29
12 15 9
3 6 21
16 18 4
18 20 22
2 5 22
1 4 11
15 18 24
6 9 30
1 4 10
7 10 12
23 3 9
14 17 27
6 8 10
2 6 4
10 12 37
4 7 36
22 2 23
3 6 8
4 8 17
0 4 27
18 21 10
14 21 9
8 10 40
2 6 40
1 4 5
2 5 29
20 22 41
6 8 20
13 18 32
4 7 6
3 3 21
17 21 9
16 18 38
15 20 37
20 21 15
4 7 12
23 1 7
0 3 32
22 1 25
9 10 29
6 9 35
14 18 39
23 2 15
19 23 15
0 2 39
12 15 26
7 11 10
18 20 25
17 19 28
10 14 17
23 2 33
2 6 25
6 9 25
12 15 7
2 6 29
21 1 17
9 12 23
20 0 30
9 12 1
13 17 32
4 6 40
6 10 2
8 11 4
3 6 2
13 14 11
0 2 29
23 23 40
7 10 31
22 2 29
20 23 15
13 16 25
14 16 31
5 8 32
22 1 41
15 18 38
5 7 8
16 19 8
7 10 1
14 17 18
9 12 1
20 23 10
20 23 13
9 14 17
1 4 41
1 5 25
0 2 21
6 10 19
17 19 38
23 3 34
0 4 18
23 2 35
14 18 2
17 21 37
1 3 20
6 11 34
15 17 14
14 17 7
6 9 3
18 21 9
12 16 41
3 6 16
8 10 26
22 23 17
23 2 9
9 12 29
11 12 7
22 1 7
13 15 40
15 18 30
2 4 21
9 13 1
0 4 3
1 5 23
20 21 34
10 12 7
0 3 38
9 12 36
22 1 8
2 6 10
1 4 29
18 19 20
13 16 40
0 1 18
15 18 39
6 6 25
7 10 37
20 22 26
22 1 36
6 8 23
21 22 32
10 10 13
14 17 40
3 5 13
13 14 12
11 13 11
11 14 31
14 17 30
21 2 24
12 16 37
15 19 25
16 20 5
15 20 31
22 1 2
1 5 37
7 10 21
10 15 31
8 11 20
4 7 19
3 6 10
23 3 18
16 20 30
8 12 36
12 17 28
18 22 41
7 10 24
0 4 5
17 20 17
20 23 18
21 23 3
20 23 3
9 13 18
5 8 31
19 23 40
15 17 3
7 9 13
5 10 36
13 16 24
10 12 33
21 0 36
22 2 21
3 6 29
6 10 26
15 19 21
11 14 21
21 2 16
22 1 3
8 12 37
10 16 17
1 3 22
3 8 6
10 13 15
2 6 11
8 11 30
1 4 20
18 20 19
1 3 6
2 6 22
23 2 15
12 16 34
17 19 29
14 18 22
0 3 3
1 5 29
20 21 21
6 9 20
14 17 36
5 7 16
18 20 13
10 12 4
1 3 26
20 1 16
22 2 4
17 19 33
23 4 14
8 11 30
11 14 3
21 1 6
11 13 9
16 20 20
4 8 31
12 14 23
2 6 23
8 11 18
22 1 11
4 7 7
0 4 16
6 9 33
18 23 39
15 18 3
13 17 9
21 23 41
9 11 6
2 6 9
22 3 10
14 17 11
17 20 19
10 13 12
20 23 36
0 1 28
5 8 26
19 23 36
20 0 29
13 16 35
21 0 9
7 10 20
8 11 38
8 10 14
22 1 31
14 16 21
15 18 25
10 12 2
23 3 26
4 5 28
4 6 41
22 1 30
13 16 7
7 8 39
9 12 12
11 13 33
21 22 8
15 19 4
22 23 12
14 18 4
21 23 25
10 13 3
8 10 5
10 14 21
13 16 2
15 16 9
23 3 9
10 15 5
1 4 27
6 9 35
23 3 9
18 20 41
21 1 24
13 17 13
12 15 28
3 5 14
20 22 6
16 20 4
11 15 9
14 14 38
10 12 13
7 10 4
7 12 33
6 9 32
16 20 34
13 17 16
3 5 21
14 17 19
15 17 2
6 10 5
7 11 4
12 17 34
10 10 40
6 7 8
22 1 4
0 4 13
15 17 31
17 21 30
7 11 16
7 10 14
15 15 8
2 6 27
4 6 32
6 9 5
1 2 27
19 23 41
21 0 29
7 11 29
12 12 36
20 22 28
23 0 10
2 4 21
18 0 7
20 22 41
3 7 9
4 5 10
12 14 29
7 9 7
7 10 28
14 17 18
2 6 37
16 18 40
11 14 15
5 9 2
18 21 4
13 16 9
13 16 22
10 13 36
15 19 23
11 15 18
20 23 38
8 11 13
7 9 17
2 3 15
17 19 12
12 15 1
18 22 12
0 0 11
17 20 29
21 0 27
14 17 25
4 7 14
2 5 2
10 13 22
16 21 29
14 17 33
23 2 9
23 1 17
22 0 35
14 17 31
17 20 33
9 13 1
22 3 35
9 12 15
3 8 36
3 4 10
4 9 35
21 23 14
1 4 7
14 15 17
12 15 28
17 23 23
4 6 30
17 20 22
5 8 6
17 21 29
20 22 12
14 17 31
9 11 9
13 15 31
5 9 27
20 2 28
4 7 30
9 11 21
19 21 33
19 22 37
23 2 38
8 12 28
16 20 25
8 10 35
16 19 5
12 14 3
4 9 31
11 14 3
14 16 37
23 1 39
4 7 17
1 3 36
14 18 28
16 19 32
19 23 19
19 22 7
13 14 41
1 4 20
5 9 12
14 18 9
1 4 37
23 2 6
14 18 34
14 16 41
13 17 4
23 2 31
3 6 16
19 22 19
18 21 12
1 5 3
19 21 2
4 9 19
5 8 19
12 16 13
21 0 38
19 23 16
9 13 7
16 19 14
9 12 19
19 22 14
13 15 19
14 15 16
17 20 20
22 1 12
1 6 28
14 15 10
0 3 2
13 17 12
9 13 8
7 10 6
18 21 19
16 17 28
17 19 18
14 17 22
3 7 19
4 6 37
8 11 18
17 19 37
22 0 31
16 19 39
23 2 28
23 4 23
17 21 21
16 20 3
9 11 21
5 8 15
6 9 32
16 19 19
4 6 11
2 5 7
13 17 13
6 11 38
10 11 37
9 13 7
10 14 18
2 6 30
5 9 28
3 6 14
0 2 31
22 2 2
13 17 41
12 16 18
22 1 26
18 20 37
20 22 25
15 19 22
21 23 19
8 11 25
20 23 38
13 16 37
5 7 22
22 2 15
22 1 40
21 23 21
1 5 12
16 18 22
5 9 12
13 17 26
6 9 2
13 16 19
7 10 8
22 0 29
12 14 14
5 8 4
19 20 22
6 9 3
1 3 4
20 1 33
0 3 14
2 7 5
1 5 5
16 19 37
13 15 36
11 14 30
10 13 17
1 3 5
12 16 24
6 10 18
13 16 1
18 20 34
10 14 27
8 10 4
17 22 21
8 10 7
11 13 39
7 10 22
2 4 4
11 13 38
2 5 21
7 12 18
11 15 24
7 10 17
16 19 7
15 17 11
19 0 17
2 7 40
23 2 31
19 22 3
1 4 41
8 13 24
22 1 28
3 6 21
21 0 37
1 5 22
5 7 21
7 10 2
5 8 23
10 12 26
7 9 13
5 8 3
18 21 36
6 9 23
21 2 40
20 23 38
22 23 37
12 13 8
16 18 29
3 7 19
0 3 20
14 18 5
21 22 1
20 22 3
16 19 11
21 0 22
11 14 19
2 4 32
4 9 23
23 2 9
15 18 25
21 0 22
7 9 19
19 21 20
8 12 34
0 4 18
18 21 22
0 3 5
6 10 29
21 0 12
22 2 9
12 15 17
23 3 20
1 4 24
18 21 8
23 2 22
12 15 4
21 0 1
8 8 15
10 13 19
4 8 39
13 15 18
10 13 9
12 15 24
9 11 32
15 19 41
0 4 18
1 3 26
15 19 22
21 22 36
21 0 15
11 12 5
23 4 36
16 20 9
15 19 36
11 14 9
23 4 22
9 11 28
4 7 22
22 0 35
7 10 39
19 23 35
4 5 17
10 12 12
9 12 8
6 9 1
22 0 7
13 14 41
3 6 37
15 18 40
6 10 16
0 4 18
2 6 4
0 3 8
13 17 13
14 19 19
12 15 39
20 0 5
21 23 16
9 12 2
5 8 7
15 17 25
9 10 14
3 6 9
7 10 34
9 11 25
12 14 19
6 11 29
14 15 15
16 19 2
4 7 10
12 16 35
9 13 8
23 2 36
12 15 41
18 21 10
2 6 18
2 4 17
3 6 3
3 5 10
3 5 16
6 10 13
19 0 18
4 7 31
11 14 28
8 11 41
4 8 4
8 9 28
0 3 13
21 23 29
8 10 8
11 14 29
1 5 15
18 21 27
5 6 21
11 13 9
2 5 30
3 6 6
18 22 15
18 21 29
2 5 7
22 0 39
12 15 6
9 10 32
8 11 28
12 14 26
18 20 15
5 7 6
23 2 6
13 17 35
5 8 6
1 3 5
15 18 10
2 4 23
9 11 31
16 20 30
19 23 41
14 17 39
4 8 38
11 13 18
13 16 23
17 21 20
15 17 38
0 3 7
4 9 21
22 23 36
11 14 18
1 4 28
15 19 10
5 9 15
4 8 21
23 3 18
0 2 31
7 12 26
17 21 1
22 1 28
18 22 34
4 6 33
18 20 2
10 13 7
22 1 19
14 16 19
19 22 39
6 9 16
14 17 13
6 10 7
11 15 1
20 22 28
2 4 41
12 14 26
11 13 6
20 1 29
20 0 35
3 5 12
5 9 38
20 21 18
1 3 39
1 5 39
19 23 22
18 20 40
14 17 19
22 1 14
23 0 36
2 6 15
9 10 11
1 4 8
15 19 25
18 21 5
10 13 10
21 0 7
13 15 23
9 14 26
19 22 26
18 19 41
0 2 26
14 18 29
18 21 34
13 17 40
16 18 4
0 3 25
14 16 23
17 19 31
21 0 24
3 5 7
1 5 26
18 20 41
15 18 21
10 13 41
12 15 21
5 6 14
23 4 8
22 0 13
3 6 24
21 0 17
8 10 20
20 23 30
10 11 5
21 23 6
20 23 30
2 4 38
15 18 18
17 19 20
14 18 6
19 22 3
8 14 28
2 7 20
13 14 41
21 23 41
17 18 9
19 22 36
18 22 12
14 18 37
8 11 15
20 22 41
17 21 17
21 0 2
3 6 16
8 10 33
17 21 39
6 8 6
4 7 1
0 4 21
23 2 28
18 21 20
2 4 5
0 2 4
4 8 12
23 1 2
11 16 1
12 16 27
0 4 40
9 11 30
1 3 39
4 9 2
21 0 9
18 21 20
11 15 5
0 3 1
15 16 10
1 3 36
14 18 36
3 4 9
19 22 30
15 17 27
23 2 6
20 23 26
10 14 38
3 5 41
10 12 41
18 22 28
19 22 23
12 14 22
16 21 39
22 0 18
6 9 16
22 2 40
3 6 27
15 18 39
15 17 12
8 12 3
15 18 34
1 2 24
3 6 4
17 21 29
11 14 3
1 3 29
14 16 9
15 19 33
6 10 32
12 14 2
10 14 25
6 9 32
13 17 19
17 19 39
6 9 3
7 11 37
11 15 32
3 7 19
10 14 24
16 20 3
12 15 26
23 2 26
20 22 35
11 14 26
16 20 39
13 15 10
13 17 16
23 1 32
10 14 23
3 6 35
1 4 21
16 21 6
19 21 23
15 17 11
0 4 8
11 14 23
21 1 41
21 0 41
7 9 22
23 0 18
3 7 9
0 3 28
12 17 40
4 9 10
0 4 11
15 19 25
23 2 13
14 16 3
14 17 8
12 15 31
16 19 6
3 7 14
17 20 6
13 15 31
14 16 3
10 14 27
12 15 4
3 5 4
19 22 33
17 19 10
23 4 14
4 7 2
14 17 1
6 9 4
13 17 11
22 1 9
6 10 8
17 19 15
10 14 16
5 9 31
18 21 19
11 15 17
0 2 8
13 15 29
14 16 10
23 1 20
5 9 36
19 22 31
7 11 41
14 17 1
15 19 14
2 7 33
17 20 40
11 14 7
2 5 34
11 16 27
18 22 16
10 13 41
3 7 1
3 6 33
23 2 19
18 22 9
4 8 26
5 8 36
19 22 11
12 16 7
8 11 10
14 16 6
10 11 33
11 14 5
3 6 33
11 12 10
14 17 10
9 11 9
5 7 26
3 5 1
3 5 19
20 0 10
12 14 28
10 14 35
0 2 9
6 10 9
3 6 7
9 13 29
7 10 13
21 0 6
4 6 29
7 12 19
10 10 21
3 7 28
18 21 6
1 3 6
1 4 39
9 11 9
20 0 19
13 15 9
8 11 10
19 21 24
21 23 37
6 9 4
22 1 30
9 13 41
20 23 6
9 12 32
20 22 14
2 6 2
4 8 35
4 8 16
14 16 9
21 0 19
7 10 8
14 17 3
5 6 5
9 11 16
17 19 2
22 23 15
16 20 17
2 3 21
21 23 9
18 20 12
13 14 5
13 16 15
1 4 11
18 22 33
16 20 27
15 18 33
1 4 3
11 14 39
17 20 34
0 3 17
23 3 1
14 19 14
5 8 24
3 6 36
18 22 32
3 6 5
7 9 32
8 11 7
3 6 27
11 14 2
15 19 31
2 5 31
3 5 1
9 11 16
15 19 34
10 15 4
23 3 7
5 8 27
15 18 31
18 20 27
11 14 16
3 4 27
6 8 6
19 0 27
18 21 1
3 5 21
8 10 20
11 15 26
20 23 23
20 22 31
18 20 28
10 11 24
22 2 30
23 3 38
17 19 40
0 3 4
22 1 22
1 4 23
17 22 12
23 3 40
19 0 41
11 16 28
2 7 4
7 9 28
17 21 35
11 14 11
19 21 11
21 22 23
18 21 10
20 0 40
15 18 36
16 19 7
4 8 4
16 20 10
5 8 24
7 10 11
22 1 11
13 15 9
11 12 1
21 23 7
14 16 35
21 23 29
22 1 1
19 23 25
0 3 29
13 15 35
0 4 40
14 18 12
4 8 1
20 0 26
15 16 10
19 22 23
5 9 20
11 15 7
9 12 7
1 4 1
17 19 14
23 4 27
8 12 16
1 6 21
17 19 33
15 20 12
0 2 10
22 2 14
6 9 6
22 2 31
21 0 35
4 5 27
13 15 41
18 20 24
2 4 27
9 12 11
19 21 23
8 12 19
16 18 31
19 21 22
5 8 5
17 20 21
5 8 22
2 7 14
4 6 3
20 23 32
2 5 38
0 2 23
6 8 17
13 16 9
0 3 37
8 10 14
2 4 19
7 10 40
23 2 17
4 6 37
18 21 6
22 23 20
17 21 37
20 23 7
8 11 37
18 20 13
17 18 32
11 13 26
10 15 20
18 20 21
4 7 11
16 19 17
9 12 36
5 8 25
18 22 3
7 11 24
22 3 10
15 18 26
18 20 11
8 9 5
17 20 32
16 19 36
7 12 19
20 23 30
16 19 17
9 10 38
8 11 24
23 3 6
2 5 13
12 16 10
1 3 19
16 19 1
9 13 19
21 0 32
0 3 3
5 6 31
6 9 14
18 20 37
16 18 22
18 22 13
13 16 8
11 14 10
11 14 23
18 23 26
14 17 30
3 7 25
19 22 22
1 5 26
23 3 19
23 1 28
8 10 28
5 9 39
1 3 38
4 7 18
16 19 7
23 2 23
9 11 27
15 17 37
9 12 27
14 16 36
15 19 11
19 21 25
1 3 41
17 19 10
23 2 17
21 0 35
20 23 14
2 4 18
7 11 12
5 9 12
8 11 41
8 11 31
13 18 4
8 10 2
4 6 38
7 10 36
12 14 24
1 4 12
8 9 36
14 17 29
0 4 11
22 2 2
17 19 8
18 21 27
19 0 17
19 22 11
5 6 35
7 10 24
2 5 17
6 9 38
10 13 22
17 20 41
4 6 28
19 21 33
22 1 30
8 9 6
8 11 20
19 20 14
12 15 27
4 6 25
21 0 37
15 18 20
21 0 8
15 18 37
15 18 13
22 0 3
22 2 34
13 17 36
0 2 33
1 3 16
16 19 13
0 3 31
14 18 39
12 14 21
4 7 19
9 13 28
13 17 30
18 22 30
15 17 37
19 22 2
11 13 4
20 1 9
5 7 15
3 7 30
17 21 34
20 22 37
20 0 5
4 9 35
20 23 31
9 12 3
22 1 9
6 8 32
8 12 35
22 0 21
19 21 17
20 0 39
0 3 10
17 20 5
17 20 22
16 18 39
0 4 3
14 16 5
7 11 3
13 16 26
13 17 36
18 23 34
2 5 26
2 5 9
7 11 10
22 2 2
8 12 30
19 22 41
16 20 7
13 15 21
12 14 16
22 1 16
11 14 37
19 23 4
0 3 7
6 9 2
5 7 6
5 8 13
18 21 19
22 3 26
22 2 10
5 9 30
17 19 3
10 11 22
22 0 5
8 11 15
8 10 36
8 13 19
16 20 20
18 21 11
23 2 30
19 20 31
14 17 13
6 7 25
14 15 37
9 12 28
5 7 27
2 5 23
15 19 17
9 13 25
10 12 18
1 3 14
6 9 14
20 22 13
14 17 40
0 3 39
10 12 34
14 18 25
11 14 9
10 11 33
16 20 34
0 3 4
14 16 37
3 6 17
21 1 35
21 23 41
13 16 31
2 4 11
10 14 17
10 12 14
1 5 19
19 21 36
22 1 41
0 2 36
9 11 26
4 7 14
15 18 19
8 12 39
8 11 13
11 15 7
13 18 5
16 19 39
6 10 20
8 12 38
2 4 31
22 0 35
9 12 5
5 7 21
10 14 8
15 19 8
22 1 19
6 10 28
10 12 8
21 0 24
18 20 31
4 6 24
7 10 5
17 21 12
11 15 22
7 9 19
8 11 19
10 12 17
20 23 21
3 6 36
12 16 31
12 17 24
7 9 34
19 22 25
12 14 37
14 16 19
18 20 13
8 11 39
18 23 4
16 18 25
23 3 12
5 8 12
20 23 22
23 3 31
10 14 22
17 21 33
15 18 4
20 0 7
11 15 8
15 19 41
23 2 22
8 12 25
19 22 25
12 16 5
19 22 9
20 23 20
22 2 39
18 20 40
18 21 2
0 3 30
10 12 32
23 4 12
11 14 10
20 23 14
4 6 41
0 3 8
4 7 21
10 14 9
17 18 33
20 0 29
19 22 30
17 19 18
2 6 38
13 15 5
8 11 35
0 3 25
15 19 16
4 7 7
1 4 28
4 6 21
17 18 2
15 16 6
12 16 8
22 1 32
12 14 23
0 4 28
0 3 26
23 0 21
23 4 23
2 5 29
1 5 33
0 4 27
5 7 31
14 17 40
17 18 21
21 1 33
5 7 22
8 12 8
9 13 13
5 8 15
15 18 3
10 12 40
17 20 41
8 10 18
5 6 37
9 11 14
14 17 3
5 8 25
19 21 9
16 17 16
2 5 18
2 4 22
5 9 7
1 4 14
14 17 39
10 14 25
19 23 33
19 23 39
15 18 6
13 16 37
0 4 5
11 15 18
8 11 26
4 8 35
14 16 35
11 15 8
9 12 7
15 17 23
6 8 41
19 22 17
20 23 38
5 7 24
20 23 8
12 16 9
21 3 8
9 11 39
1 3 13
8 11 13
12 17 34
4 7 23
10 13 2
5 9 3
19 21 33
11 14 19
15 17 7
2 4 21
19 22 19
4 7 20
7 11 20
4 6 31
0 3 22
19 22 11
18 20 1
23 3 39
0 4 37
20 23 24
10 14 14
9 13 13
10 13 40
4 7 5
0 1 10
13 13 24
2 5 14
8 10 2
21 0 23
1 5 13
8 10 33
17 20 29
18 19 7
18 20 2
9 12 37
17 19 13
1 3 36
20 21 3
8 9 37
16 18 23
18 20 15
5 10 37
9 12 1
10 13 30
11 13 22
3 7 23
12 14 35
8 11 5
21 0 39
16 19 16
0 2 25
12 16 39
9 13 4
2 4 34
20 1 29
17 20 6
15 17 23
22 1 19
12 12 24
7 11 28
2 5 8
21 1 39
22 1 9
2 5 23
2 4 19
14 17 31
21 1 41
9 11 40
22 2 38
14 18 14
14 17 23
23 4 11
13 15 24
20 23 39
19 0 23
9 12 14
10 12 4
0 3 13
18 23 9
10 14 16
23 2 9
9 14 34
19 22 9
21 0 4
11 14 31
2 5 6
8 13 7
21 1 5
19 23 10
4 7 5
2 5 39
22 2 32
5 8 18
1 4 17
23 3 8
13 16 15
11 13 40
0 5 26
16 20 34
1 2 20
6 9 31
7 11 34
0 3 36
19 22 35
0 4 39
20 23 35
6 10 15
8 12 17
16 20 41
13 16 38
15 19 10
8 10 34
14 17 4
20 23 41
17 20 28
8 11 10
19 22 9
2 5 5
11 17 35
15 19 9
19 21 9
10 14 18
19 21 21
21 1 37
12 16 38
21 23 1
0 3 32
16 19 10
22 2 17
6 10 36
6 11 37
23 3 27
7 11 38
23 3 23
0 3 29
10 14 32
8 12 33
6 10 24
23 0 39
15 19 9
13 15 22
4 6 13
7 10 38
16 18 5
3 3 41
14 17 27
1 4 5
5 8 40
11 14 30
14 16 7
18 21 18
3 6 4
17 21 32
16 19 13
3 7 28
1 4 33
9 10 40
22 0 18
6 9 6
3 7 36
19 23 2
5 8 34
20 0 4
1 4 16
23 2 32
12 17 16
8 10 21
7 9 29
18 21 34
13 16 11
19 22 26
18 20 34
10 14 10
17 20 27
4 7 37
8 12 31
5 9 21
16 19 39
2 5 4
15 17 20
20 22 39
15 18 22
21 0 27
23 1 21
23 3 39
16 20 12
19 20 21
14 17 7
18 22 28
4 8 18
19 22 3
2 5 6
21 23 17
19 0 4
8 12 2
7 9 25
11 14 39
15 18 2
17 20 23
18 21 1
7 9 35
16 18 17
16 19 29
16 20 39
3 6 29
3 5 19
3 6 11
14 16 41
5 9 5
4 7 6
22 1 21
0 2 1
12 16 13
16 20 21
15 20 21
7 11 39
15 16 15
8 10 36
16 18 5
20 0 1
0 2 27
21 1 14
15 19 24
23 3 2
16 20 16
16 20 37
7 10 34
6 10 8
1 5 23
0 3 11
6 9 37
18 22 8
1 3 4
5 8 20
3 8 28
0 2 3
7 11 8
13 16 19
3 5 20
15 17 8
12 17 27
8 11 6
14 18 40
23 2 36
16 18 36
13 15 41
7 13 14
21 1 38
18 22 1
7 9 33
4 5 22
9 11 34
22 1 28
0 4 19
7 8 11
5 8 9
22 0 40
20 0 35
18 20 37
23 0 37
6 7 38
21 1 27
23 1 34
22 1 31
14 16 38
15 19 3
1 5 37
15 17 23
18 22 20
14 16 25
11 15 36
16 18 16
20 0 7
10 13 38
21 0 29
0 2 27
13 15 38
11 14 29
20 23 13
20 22 25
22 0 24
23 2 5
6 9 18
0 2 31
14 18 29
11 13 22
6 10 16
0 3 32
21 0 41
8 13 41
17 20 36
4 7 5
11 14 35
10 13 14
23 2 10
16 20 28
2 6 27
4 5 23
0 1 12
23 2 28
22 1 18
8 10 16
5 8 27
16 19 21
0 3 10
21 0 33
2 5 2
9 13 41
19 21 18
17 19 4
18 20 7
22 3 31
13 15 24
8 10 16
8 11 38
15 19 23
16 18 29
15 20 14
17 20 23
14 16 41
11 14 7
15 19 2
11 12 30
19 23 39
13 15 8
17 19 6
2 5 34
2 4 35
9 12 26
11 15 10
8 11 18
5 7 15
2 7 8
6 10 35
7 10 24
21 1 12
18 20 26
5 9 34
8 11 21
7 9 5
17 20 30
15 20 24
16 20 11
18 21 34
16 19 31
19 22 14
12 16 36
17 20 9
12 15 41
18 21 19
14 16 33
15 19 17
5 8 9
6 7 39
4 6 38
17 21 39
21 0 32
18 20 28
3 6 36
9 12 36
7 11 30
6 8 8
16 19 30
17 19 6
2 2 24
8 12 32
11 16 40
23 3 21
1 4 29
12 16 38
15 17 36
22 1 28
7 9 23
20 22 28
16 19 2
21 1 26
20 0 33
0 3 19
16 18 18
16 19 4
5 7 40
21 23 23
2 6 30
23 2 23
4 6 21
5 7 28
22 0 1
9 13 14
13 16 22
22 2 36
3 5 32
2 6 15
19 22 4
20 0 27
6 10 14
22 1 40
5 7 36
12 15 6
4 9 29
22 1 35
13 16 13
0 4 3
13 17 3
22 0 30
4 7 36
1 5 16
20 23 1
18 22 16
12 15 25
13 15 27
7 11 36
22 1 12
7 10 20
18 20 5
10 12 3
10 13 37
2 6 7
13 15 41
7 10 38
5 8 15
20 23 30
16 19 32
7 9 24
3 6 22
22 1 34
20 0 26
19 23 37
22 2 13
20 1 28
7 10 33
21 0 12
14 17 5
6 8 15
15 18 21
12 15 22
20 0 14
10 13 8
19 21 23
9 13 4
0 5 41
21 2 4
10 12 17
9 13 34
11 13 7
19 23 12
5 7 26
19 23 28
14 15 19
2 5 38
4 7 29
0 5 20
14 17 19
8 11 36
10 12 11
1 3 7
19 22 4
20 23 24
22 0 4
4 6 22
1 6 10
10 13 1
6 10 8
19 22 34
1 6 39
7 10 16
12 14 11
21 22 7
12 14 38
21 1 13
13 17 11
18 21 28
13 14 24
6 9 31
16 19 29
21 2 1
16 19 16
10 12 31
6 9 3
9 12 30
15 19 31
11 14 17
9 13 14
17 20 6
1 4 12
21 22 30
9 13 4
7 11 3
10 13 39
2 6 26
22 3 36
8 11 26
16 18 31
7 10 34
5 10 12
0 2 35
15 18 13
4 7 22
3 7 19
5 7 36
0 2 39
12 14 34
18 22 12
13 15 8
10 13 29
18 21 12
18 19 23
23 2 39
16 20 37
13 16 19
4 8 4
2 4 2
23 1 23
10 12 33
22 1 29
0 3 9
22 1 25
7 10 3
15 19 21
6 7 25
3 5 12
17 21 4
13 16 20
6 9 20
23 2 24
1 4 18
16 21 32
15 19 18
1 5 35
2 6 4
21 3 23
3 6 9
17 20 15
8 10 20
14 18 31
0 1 14
18 22 32
11 16 13
9 14 27
8 12 5
1 4 26
3 6 13
15 16 34
0 4 23
11 13 36
19 21 21
10 11 7
5 7 32
23 3 26
9 13 33
8 10 13
6 9 7
19 22 11
1 4 9
6 9 22
18 19 33
5 10 17
13 16 8
20 0 34
10 12 1
2 6 40
0 4 5
0 4 31
7 10 8
19 23 20
9 12 34
10 13 14
4 6 18
0 2 27
6 10 23
3 7 12
19 23 30
0 2 8
12 15 24
0 4 40
21 1 22
5 8 10
15 17 25
16 19 28
5 8 9
10 14 12
2 6 3
1 6 1
22 23 2
0 4 11
2 6 22
23 1 6
19 23 2
21 23 11
21 23 32
0 3 28
5 8 41
5 9 9
11 13 10
9 12 17
4 8 29
6 8 17
3 6 33
21 22 17
12 16 8
15 18 33
7 10 8
11 17 11
17 20 5
21 23 11
16 19 10
17 21 23
6 9 5
2 5 7
10 13 3
10 12 16
7 10 21
21 0 14
9 11 1
12 14 36
0 3 23
10 13 14
0 1 25
4 6 27
5 8 2
15 19 32
0 3 28
23 1 7
1 5 24
20 0 22
0 2 32
15 19 5
12 15 4
18 22 23
6 8 34
1 3 7
16 20 8
0 4 4
13 17 26
7 11 22
4 6 18
15 18 15
16 20 16
1 3 8
7 11 1
15 18 21
23 3 31
13 15 17
14 17 4
17 20 4
8 10 14
4 7 5
9 11 5
19 22 38
15 18 14
21 0 3
5 7 12
10 12 33
21 0 26
1 6 24
2 3 28
22 0 28
4 7 19
8 12 37
22 1 19
11 14 38
1 5 4
6 10 19
15 17 16
7 10 19
2 4 3
0 3 22
14 17 30
2 5 18
10 12 13
1 4 4
3 7 39
4 7 10
15 18 35
18 21 40
20 22 8
20 23 22
6 9 12
5 10 26
16 19 41
21 0 29
19 23 32
18 21 38
11 16 1
11 14 12
17 20 40
7 9 40
19 23 9
11 13 14
14 18 28
3 6 14
13 17 20
15 19 11
6 10 31
8 12 41
22 2 17
15 18 20
7 10 27
10 14 31
19 22 23
3 6 29
7 9 36
17 20 5
15 18 23
17 19 25
0 4 24
10 13 10
1 4 17
5 8 41
12 13 31
0 3 33
21 1 24
9 12 36
12 15 36
21 23 10
17 18 11
17 19 5
23 2 5
18 21 37
12 16 7
13 16 5
12 16 41
17 21 10
20 22 13
11 14 41
2 3 25
7 8 5
20 23 17
14 16 15
17 20 34
14 19 41
5 9 11
15 16 18
7 10 13
7 12 21
22 1 24
2 6 32
12 15 13
13 16 10
2 7 12
16 20 32
10 13 23
0 5 15
3 7 5
20 22 21
3 4 21
10 13 12
5 9 11
20 22 41
16 19 15
22 23 13
17 21 22
10 13 1
9 11 14
3 4 2
8 11 31
23 2 38
12 15 9
14 18 37
5 7 29
3 6 32
12 15 19
20 22 41
17 20 34
3 3 1
15 18 16
22 1 15
20 1 38
14 18 27
7 10 28
11 14 30
21 0 23
4 6 16
17 19 31
18 20 14
10 14 17
23 3 19
22 1 17
6 8 17
6 11 40
23 3 17
8 12 10
16 19 7
6 10 15
16 19 34
23 3 40
6 10 13
23 3 30
1 5 20
9 12 36
22 1 6
1 5 38
22 2 38
5 7 38
5 7 27
0 2 41
18 20 35
5 7 39
1 4 26
2 5 41
14 17 7
1 5 3
14 19 31
2 4 26
14 17 5
11 14 31
12 16 23
14 18 40
5 7 14
5 7 26
12 15 11
7 11 28
18 20 37
1 4 3
16 20 23
22 0 38
19 22 12
7 9 40
8 11 10
15 18 32
18 20 35
1 3 17
2 5 21
9 12 29
20 0 32
11 14 7
6 8 18
8 10 34
16 19 35
18 21 21
1 4 20
16 19 31
15 18 3
21 0 13
19 23 6
17 19 11
8 9 39
12 16 36
18 20 7
18 19 39
12 15 34
15 16 34
19 23 7
15 19 10
6 9 4
12 14 10
14 17 40
22 0 39
13 16 26
14 16 16
5 8 41
16 19 15
0 5 30
15 18 35
9 12 13
6 9 41
13 15 5
4 8 6
6 9 23
10 13 5
14 18 18
9 12 11
16 21 19
1 3 24
21 23 5
6 9 16
10 14 2
1 5 33
18 20 13
8 11 28
12 14 18
8 11 6
4 8 26
8 10 2
3 6 3
12 13 17
23 2 30
14 18 37
8 12 16
22 0 7
18 21 1
3 5 21
12 15 6
7 8 1
1 4 32
3 8 8
23 4 11
14 16 28
23 23 24
2 5 29
4 7 41
9 12 17
11 14 15
4 7 28
2 5 24
19 21 21
10 13 10
2 6 7
6 9 1
8 11 27
14 16 38
22 1 5
22 2 8
8 13 5
1 5 26
14 16 19
13 18 28
3 6 3
16 19 18
17 21 27
13 17 40
5 8 30
22 2 36
18 23 26
9 13 33
2 7 25
6 9 32
13 15 23
12 16 36
19 22 20
19 23 16
0 2 5
23 4 29
13 16 2
19 22 15
22 0 19
20 22 4
4 8 38
8 11 9
6 10 24
12 16 32
3 6 22
19 22 1
21 0 5
17 20 30
1 6 6
10 14 13
11 12 13
10 13 11
3 6 36
12 17 40
22 2 34
7 11 29
11 13 40
4 7 20
23 0 1
21 23 36
8 10 21
9 11 10
2 5 15
17 19 33
23 2 30
20 22 9
21 1 11
3 7 40
2 5 28
7 9 12
17 20 16
19 22 39
9 12 23
10 15 4
7 10 31
12 15 28
7 8 41
0 2 20
6 9 10
10 13 16
14 17 33
12 15 27
12 16 32
21 0 28
13 15 30
20 23 11
5 7 31
13 14 28
10 14 25
13 14 41
3 6 38
1 4 14
10 12 28
7 10 38
20 0 13
21 0 1
15 19 22
14 16 16
16 17 5
9 13 38
9 12 17
19 21 14
6 9 34
13 16 29
3 6 17
9 11 31
15 18 2
21 1 22
16 19 7
14 16 39
1 3 12
11 13 4
23 3 17
1 4 38
2 4 21
22 1 38
12 16 25
6 8 35
23 4 13
10 13 8
14 15 37
23 2 17
13 18 41
13 16 12
6 8 2
5 9 29
21 1 23
20 1 22
21 2 10
1 3 2
14 17 4
0 2 41
0 2 20
21 23 26
4 6 1
6 6 14
23 4 11
5 7 12
4 7 34
4 5 39
12 14 41
14 17 15
22 2 21
5 9 25
7 9 30
21 23 7
0 2 5
14 16 37
6 9 41
21 0 30
19 23 32
2 6 31
0 3 1
7 10 39
19 22 9
19 0 40
1 2 6
6 9 22
22 2 23
15 19 7
7 9 11
13 17 4
12 17 5
23 2 20
12 16 26
19 22 14
21 0 29
16 21 24
10 12 35
15 19 9
8 12 31
8 11 33
8 11 23
6 8 10
12 14 8
0 4 41
19 21 30
9 13 28
5 7 9
6 8 20
10 13 21
10 14 41
18 21 25
14 17 21
12 16 10
2 6 41
9 14 18
12 14 21
3 6 37
16 20 26
0 4 35
11 14 2
6 7 11
17 19 38
18 22 37
4 7 34
22 0 7
10 13 30
14 17 36
2 4 29
6 8 2
14 18 41
6 10 27
5 9 33
2 5 28
5 6 7
5 8 1
14 18 7
22 23 26
20 23 5
3 6 34
8 10 5
21 22 18
3 8 10
14 17 8
17 20 5
17 19 4
3 5 5
21 1 39
16 18 4
5 9 41
1 5 10
8 11 26
6 10 5
12 16 1
6 9 38
14 17 28
5 7 21
23 1 31
22 2 37
17 19 5
19 22 30
12 17 38
9 11 35
18 21 32
7 8 2
2 4 19
3 7 5
12 14 20
7 11 20
11 14 1
2 2 24
9 12 27
10 13 16
22 1 14
0 2 16
20 23 2
9 12 4
4 9 33
3 6 10
6 10 8
5 10 22
14 17 17
8 10 30
13 15 14
20 21 35
1 4 11
5 7 28
1 4 9
21 1 26
6 8 12
7 10 8
8 12 11
7 9 34
17 18 12
2 6 31
12 15 33
14 19 6
7 11 3
12 15 6
21 1 6
16 18 34
12 15 21
4 7 28
0 3 27
18 23 24
18 20 34
18 22 22
19 22 28
0 2 27
2 6 41
6 9 16
12 17 24
15 18 31
2 5 27
5 10 10
9 10 25
21 2 2
19 20 10
11 14 37
23 2 5
11 14 41
21 0 39
22 0 25
12 14 27
3 6 6
3 5 12
22 1 7
6 10 12
12 14 9
16 21 38
10 13 31
7 8 12
8 9 15
9 13 37
9 13 2
7 11 30
7 10 17
7 9 40
7 10 16
0 4 8
9 12 41
4 7 12
10 13 26
18 21 31
1 3 38
11 15 31
0 3 28
23 2 7
22 1 28
11 13 34
1 4 19
7 11 30
0 2 21
14 17 37
2 5 5
11 13 35
7 10 9
0 4 3
18 21 15
9 13 12
12 14 37
0 4 3
20 0 22
23 3 33
2 6 28
9 12 2
1 3 31
8 11 3
17 20 40
23 2 41
2 3 25
9 13 22
8 11 15
23 1 41
0 4 6
15 16 14
16 21 37
22 3 38
13 17 4
1 2 38
5 7 14
14 18 3
10 13 17
2 6 10
17 20 14
7 9 17
12 14 30
6 10 39
19 21 14
13 16 26
10 13 13
17 20 35
22 0 16
17 18 20
18 21 25
9 12 38
9 11 18
15 19 36
10 13 30
19 22 14
2 6 30
3 6 22
6 10 34
9 13 27
23 3 19
20 23 33
8 11 37
5 7 28
3 7 19
2 5 6
13 16 6
10 14 17
2 5 7
15 18 34
0 3 8
22 1 10
13 15 26
8 9 3
18 21 37
9 10 37
15 17 6
20 0 12
0 3 24
7 9 33
14 17 22
8 12 21
22 1 30
3 5 15
1 3 5
20 23 33
18 21 2
15 19 20
20 22 41
15 18 21
4 9 19
23 1 28
8 11 32
21 1 22
4 8 28
4 8 31
5 9 21
15 19 15
20 20 35
17 20 17
13 15 22
23 3 30
3 4 26
10 12 18
23 3 36
23 0 32
8 11 31
8 11 39
20 0 5
17 21 35
11 15 15
11 13 32
17 20 34
5 8 20
5 10 2
13 14 34
1 3 15
4 7 36
16 18 11
13 15 15
21 23 19
2 5 3
23 1 37
19 21 27
18 20 22
8 11 21
7 11 34
12 14 33
21 1 15
8 12 3
6 10 25
6 8 19
13 17 21
20 1 14
21 2 32
15 19 13
9 11 39
14 19 8
0 3 8
0 3 18
1 4 27
12 13 5
21 0 24
14 16 12
3 6 3
17 18 28
14 15 30
11 14 22
6 8 1
0 1 8
21 0 7
9 13 18
16 20 32
21 0 31
20 22 17
20 22 2
17 18 22
23 0 34
5 7 4
16 18 6
13 17 15
4 8 38
18 21 12
6 9 10
9 14 14
9 13 38
12 14 23
4 8 6
17 20 40
22 1 32
21 0 13
1 3 11
19 22 35
20 21 12
9 13 19
3 6 31
20 0 24
4 7 15
6 8 14
19 22 41
17 21 29
22 1 13
12 14 12
12 15 12
23 1 24
21 23 18
0 3 22
1 4 29
2 5 33
6 10 38
20 0 7
5 9 28
7 9 16
22 2 41
23 0 13
12 16 10
16 19 22
12 15 41
0 2 3
2 5 25
6 9 15
17 19 20
2 4 34
5 8 12
3 5 27
19 23 19
1 6 4
7 10 19
9 11 36
0 5 36
23 2 9
9 12 33
18 23 6
3 5 21
15 19 32
23 1 28
12 16 4
21 23 37
4 9 4
6 8 23
16 19 35
2 6 12
12 16 28
13 17 27
16 19 19
5 8 30
0 2 30
19 23 16
17 19 26
16 19 27
21 1 30
14 15 29
7 12 9
23 2 34
21 23 9
19 21 7
8 11 36
9 13 40
8 12 3
17 19 41
18 0 9
7 11 17
3 5 31
12 15 5
3 6 27
6 9 31
3 7 36
10 12 39
16 18 5
20 1 19
18 20 17
11 14 34
10 12 9
17 19 38
4 6 5
9 13 13
5 9 22
6 10 4
8 11 23
11 14 36
22 1 22
3 6 30
15 19 32
4 8 17
1 4 1
18 20 41
0 4 23
21 23 12
20 0 1
18 21 20
2 6 25
15 19 17
21 0 9
7 11 16
1 5 3
16 18 26
2 6 31
2 4 14
23 1 9
21 0 32
23 3 41
3 8 3
12 14 40
3 8 39
0 3 13
17 19 1
1 4 20
16 19 17
0 2 16
12 14 20
19 21 20
6 10 41
21 0 19
12 17 28
4 7 40
11 13 6
19 22 1
8 11 13
14 16 38
22 1 21
1 4 33
17 21 6
7 11 39
6 9 29
0 3 15
5 8 25
18 22 33
8 12 26
8 11 22
3 6 13
23 23 35
23 3 36
3 6 24
13 16 36
12 15 18
14 16 36
14 17 41
16 19 31
23 2 39
4 8 18
0 2 36
2 5 30
21 0 15
4 8 18
9 12 36
17 21 25
16 19 26
3 5 34
18 22 36
10 15 41
4 7 35
19 22 25
19 23 35
4 7 25
15 17 2
11 14 19
11 14 29
9 11 14
5 8 36
2 6 20
5 8 34
16 19 24
17 20 33
13 18 5
6 9 14
3 7 17
1 2 3
8 12 15
4 6 9
10 13 10
21 1 32
7 10 4
13 15 13
14 17 29
11 15 2
22 23 26
20 23 31
13 16 19
13 15 6
8 10 3
18 19 29
9 11 27
0 4 10
11 14 27
14 17 26
2 5 23
16 20 2
17 19 1
18 21 20
15 17 30
19 21 41
22 2 29
9 12 31
11 15 41
8 10 26
9 12 16
17 19 3
16 20 31
12 15 11
2 7 26
9 12 5
8 12 30
5 8 31
11 13 5
12 16 2
2 4 16
6 10 19
18 22 22
12 15 12
6 10 26
21 1 35
15 18 35
16 19 4
3 7 13
21 2 41
2 5 1
17 17 17
5 8 20
8 10 39
2 6 28
4 7 2
1 6 30
7 11 37
20 23 22
15 19 4
5 9 15
4 8 28
22 1 36
12 15 37
19 23 16
10 12 27
10 14 28
20 23 5
3 5 10
12 16 2
13 16 13
2 3 39
21 1 12
10 13 3
16 19 11
23 23 10
16 19 15
15 20 38
16 19 32
14 18 25
14 16 36
2 5 4
23 4 18
18 20 32
23 3 36
20 22 21
22 2 30
4 7 24
18 21 1
7 9 20
21 23 24
11 14 30
14 17 21
16 19 16
10 13 37
14 15 25
19 22 34
4 6 17
12 13 12
11 13 16
8 9 5
8 12 13
1 4 20
1 4 22
6 9 25
8 11 12
20 21 21
13 17 21
1 5 40
1 4 24
5 6 2
11 16 25
18 22 6
14 17 37
14 16 27
2 7 21
20 0 1
8 12 39
16 19 12
19 22 14
5 10 6
3 7 23
2 5 26
13 16 19
12 15 8
22 1 2
5 6 23
9 11 2
17 21 12
15 19 28
9 12 28
0 4 37
13 16 40
21 23 32
13 17 19
16 20 19
2 5 30
21 0 10
18 21 22
6 10 41
13 17 12
15 19 2
11 14 2
9 14 24
10 13 5
22 2 7
4 9 30
15 18 22
22 2 39
19 22 33
6 8 20
18 19 37
18 20 17
22 1 19
19 20 19
21 0 11
7 10 17
5 9 37
3 8 17
18 20 24
21 0 3
7 9 41
17 20 33
5 8 33
15 19 35
2 4 33
5 7 4
1 5 15
0 4 24
19 20 7
17 18 27
23 4 16
9 12 6
14 16 7
11 14 25
2 5 16
20 23 21
2 6 21
11 13 10
4 6 29
18 22 18
4 9 35
18 22 39
20 23 3
2 6 16
21 0 36
9 12 21
16 19 25
9 13 1
1 4 20
2 5 40
3 4 20
10 13 2
13 15 8
10 13 6
19 21 6
9 12 12
8 10 26
15 17 5
23 4 23
13 15 40
8 11 2
7 11 31
9 12 12
0 2 38
10 13 4
14 18 25
1 6 16
7 10 25
18 22 39
18 20 34
5 9 24
20 0 39
10 13 13
3 7 16
15 18 40
16 17 3
5 9 30
9 12 10
6 10 3
0 2 27
5 6 28
4 9 4
10 14 6
15 17 1
2 4 8
3 7 30
20 2 3
13 17 3
16 17 7
7 9 15
11 15 38
5 9 21
5 8 18
10 13 36
22 2 8
11 13 19
14 19 27
4 8 39
6 8 13
7 10 25
9 13 3
13 17 7
12 14 12
17 19 38
2 4 23
22 1 9
3 5 16
8 11 36
8 11 7
22 1 27
1 4 2
1 4 2
19 22 6
21 23 38
11 13 5
16 19 11
23 2 1
23 1 20
10 13 20
4 7 6
21 21 34
13 16 4
23 3 21
16 19 20
10 12 30
21 2 8
7 9 29
13 18 13
6 10 33
7 13 38
13 17 41
23 2 15
5 7 13
15 17 31
12 14 18
1 5 23
9 12 5
21 0 2
16 19 8
18 22 3
8 11 31
19 21 25
18 20 3
6 8 21
5 8 5
18 21 12
11 14 30
12 14 17
15 18 31
1 5 29
9 11 22
15 19 22
8 10 18
20 23 27
16 19 4
5 10 23
21 0 38
21 1 41
10 14 26
18 20 41
12 14 25
14 18 12
12 15 6
10 14 34
4 8 1
4 7 36
0 4 30
8 11 31
23 2 40
6 10 40
12 16 15
21 0 29
2 2 33
11 13 11
15 20 6
20 23 11
19 22 25
14 15 32
20 23 1
3 7 30
19 22 21
16 20 27
14 19 19
18 21 38
1 5 17
16 19 30
19 22 26
6 8 14
14 17 36
20 22 14
2 7 2
2 5 18
15 17 14
18 22 18
21 1 22
17 19 30
8 13 8
18 20 7
12 17 3
17 19 19
8 11 8
14 16 26
14 18 41
9 13 24
3 6 12
16 19 13
19 23 10
7 9 39
10 12 17
16 19 6
12 15 2
22 0 7
3 6 9
13 16 8
3 5 15
19 21 24
16 19 34
13 16 15
7 9 13
12 15 11
11 13 13
10 13 31
17 20 28
2 4 13
15 19 3
22 3 37
2 6 27
14 17 11
7 9 22
8 9 15
7 8 26
12 14 17
19 22 30
13 17 30
1 4 4
16 18 10
6 10 13
18 21 3
21 0 13
22 1 37
2 5 14
13 15 29
11 13 37
21 23 24
20 23 35
4 10 20
3 7 34
20 23 34
12 14 33
8 10 41
2 6 29
22 0 10
8 10 41
8 10 27
11 14 32
1 4 38
22 1 8
9 13 10
23 2 26
5 8 23
5 8 27
1 6 10
9 12 13
23 0 39
12 15 4
17 20 4
13 17 35
12 15 20
9 11 19
23 4 16
14 17 22
2 5 26
19 20 17
5 9 22
14 17 37
23 1 13
18 19 1
0 4 18
22 1 41
1 6 32
12 15 24
17 19 23
17 19 3
11 14 26
8 11 23
17 19 1
13 15 6
17 21 28
18 21 15
9 12 13
2 4 1
0 5 37
2 6 17
16 17 24
0 1 10
18 21 28
2 5 2
0 3 9
20 23 5
4 8 37
20 22 20
6 9 6
22 1 14
1 4 20
23 1 30
14 16 10
18 22 31
12 14 1
8 12 13
17 20 41
9 13 34
16 17 30
13 15 33
4 7 7
9 14 28
6 9 5
22 2 21
22 1 27
23 2 23
18 22 2
9 12 3
10 15 34
1 5 21
8 11 1
3 6 29
7 10 7
16 19 19
10 12 3
9 13 17
23 4 27
17 21 13
6 11 5
18 21 1
2 6 24
15 19 28
17 19 3
10 11 24
9 11 20
0 3 30
0 4 39
17 19 36
8 7 27
13 17 35
17 20 17
16 19 38
22 1 5
17 21 19
3 6 41
12 14 35
0 3 14
1 4 34
18 19 3
2 5 27
12 14 13
23 3 40
6 8 35
3 6 8
16 18 4
10 12 25
14 16 24
5 8 5
21 0 14
13 17 38
2 5 13
6 10 8
17 21 14
9 13 35
10 13 3
19 22 9
4 6 20
9 13 37
20 23 8
10 14 20
6 8 39
12 15 1
18 21 33
5 8 2
10 12 1
23 2 27
8 11 32
23 1 17
6 10 12
20 23 11
10 15 14
6 8 24
11 12 30
23 1 4
0 4 28
7 10 20
10 15 25
6 9 27
10 14 20
1 3 25
15 19 33
2 5 15
20 0 32
15 19 19
13 17 15
5 7 14
18 20 29
0 4 18
16 17 25
19 21 36
13 16 34
1 3 8
15 19 12
1 5 17
5 8 22
13 15 37
23 2 1
7 9 28
19 23 6
16 18 19
23 2 1
8 13 34
3 7 19
6 10 25
6 8 38
19 23 4
8 9 13
21 0 1
18 21 41
13 17 4
17 19 35
23 1 24
17 20 5
11 15 5
22 0 17
14 16 8
10 12 28
5 8 33
6 8 11
10 13 3
13 17 25
12 13 22
10 12 21
20 23 9
4 7 34
20 22 4
7 10 40
6 12 11
17 20 31
17 22 22
19 22 23
10 15 34
19 20 13
13 16 16
6 11 4
10 12 23
12 14 18
21 23 26
22 2 20
21 0 31
19 22 2
21 0 37
11 15 33
11 14 22
14 18 8
5 8 2
4 6 35
10 14 18
21 23 33
22 3 36
4 7 12
8 10 36
1 4 33
4 7 33
20 1 5
13 15 32
5 6 11
17 20 6
1 4 3
19 22 41
2 4 5
13 16 32
11 14 18
23 2 6
22 1 41
0 5 11
1 5 23
13 15 18
8 11 3
21 23 8
23 3 31
20 21 27
3 8 14
12 14 38
15 17 19
13 16 23
23 1 16
8 11 26
4 6 36
18 22 35
3 8 25
9 13 17
5 9 13
12 15 17
16 17 22
1 4 5
8 12 10
10 14 26
2 6 30
7 10 27
0 3 13
4 7 14
1 3 5
9 10 7
20 23 22
22 1 32
19 21 19
11 14 4
21 0 37
4 9 10
4 6 41
1 5 31
17 19 4
15 18 25
21 0 31
0 3 41
9 13 29
1 5 26
6 8 36
11 13 23
4 7 28
1 3 17
18 21 8
3 8 3
3 7 15
7 11 20
18 22 11
15 17 4
13 16 18
11 16 29
6 8 40
10 12 30
18 22 10
12 16 10
13 16 40
16 20 33
20 23 37
4 6 14
14 17 33
18 21 10
19 22 28
22 1 41
16 18 5
3 5 25
14 17 26
22 0 18
1 3 25
9 11 17
13 16 8
12 14 30
18 21 36
22 3 31
18 21 24
6 11 7
4 8 34
21 1 34
13 14 4
23 2 30
4 7 12
22 0 24
5 7 28
5 7 1
10 13 33
17 22 3
14 18 34
2 4 20
15 17 35
22 0 8
20 22 40
4 6 13
19 23 9
7 10 27
10 12 24
16 19 6
13 14 28
21 22 30
22 1 41
20 21 5
21 1 39
3 6 17
17 19 23
1 3 40
13 14 19
1 4 11
17 20 35
23 2 6
22 2 29
13 16 38
23 1 35
2 5 13
13 16 33
16 19 11
13 14 36
7 10 33
3 6 16
23 2 34
13 17 22
1 4 41
19 0 34
22 23 7
18 20 15
7 11 32
0 2 9
17 18 13
6 8 37
8 9 31
23 2 23
23 1 20
4 6 14
0 4 16
16 19 16
13 16 20
3 5 21
17 20 35
23 3 30
7 9 38
23 2 11
14 15 23
14 16 34
13 16 25
16 16 39
3 5 17
6 8 15
14 17 19
7 10 11
17 18 26
19 23 1
1 3 1
5 6 15
12 14 6
1 5 9
6 10 39
15 19 3
20 22 6
23 3 7
7 11 10
19 22 28
21 23 41
4 6 41
13 15 21
10 13 6
9 12 29
15 18 20
15 16 40
0 2 19
6 10 16
13 15 9
10 15 15
9 13 41
18 21 10
14 18 27
21 0 41
22 23 31
23 1 6
16 18 22
17 19 38
22 2 6
0 3 31
20 23 22
14 16 2
21 2 21
1 3 35
4 8 16
3 5 20
7 12 39
9 13 10
15 20 32
8 12 35
9 12 4
16 19 22
11 15 4
13 16 5
20 23 15
7 12 26
20 1 40
13 16 16
21 0 27
2 5 20
5 9 4
11 13 25
20 22 11
14 18 5
8 11 24
11 14 18
8 11 17
20 22 39
10 13 3
21 0 37
4 8 37
16 20 5
23 0 22
19 21 27
11 14 33
21 1 34
3 5 3
23 1 14
20 22 26
13 17 15
19 22 34
19 21 3
13 17 18
16 19 12
17 20 34
20 23 5
6 10 6
8 11 41
23 3 14
14 16 38
23 1 16
15 17 36
10 13 31
20 0 37
0 2 37
10 12 10
5 7 11
1 5 1
11 14 37
21 0 25
12 17 41
17 21 21
22 0 33
18 20 39
1 3 24
11 14 30
22 0 4
22 0 21
22 1 17
12 15 33
7 11 23
13 18 31
22 0 26
14 17 33
4 7 21
9 12 25
16 20 15
7 10 36
1 5 23
12 15 26
8 10 39
2 5 5
12 16 28
23 2 15
22 2 40
10 13 25
8 12 14
20 23 25
20 1 21
5 7 23
17 20 21
15 20 9
17 22 20
2 6 20
3 4 26
9 14 31
6 8 4
18 22 10
16 19 10
4 8 23
4 6 39
15 19 41
13 15 12
8 10 38
16 18 24
13 15 24
20 23 34
9 10 16
16 20 27
11 15 30
23 2 36
21 0 23
3 6 7
9 11 10
8 11 5
21 23 26
4 8 18
20 23 27
22 0 21
11 14 35
8 11 18
12 14 18
1 4 25
2 6 28
14 17 13
6 9 25
6 10 26
16 19 19
6 9 19
3 3 36
18 22 3
23 2 13
13 16 38
4 5 35
3 6 30
16 18 24
19 23 16
0 4 30
0 3 13
10 13 11
21 0 16
19 22 7
15 19 18
17 18 9
11 14 5
16 19 26
13 17 40
21 23 26
0 4 11
2 5 6
2 6 10
2 5 33
14 17 21
4 7 29
9 11 12
4 7 9
11 14 1
20 23 10
1 4 21
2 5 20
10 14 12
21 0 28
12 16 25
22 1 40
2 4 27
11 15 33
10 13 10
14 18 13
16 20 25
21 0 16
10 13 18
6 9 12
14 17 30
7 11 27
21 0 33
12 18 1
9 13 36
12 15 22
12 16 12
21 1 4
10 12 32
8 11 23
0 3 16
11 13 24
7 10 5
15 19 32
4 8 12
2 5 2
16 19 33
7 10 6
9 11 23
15 19 24
16 18 14
5 9 6
20 21 20
21 1 23
15 17 37
11 14 29
7 9 35
0 3 36
2 4 28
15 19 28
12 13 4
3 6 28
9 12 21
16 19 9
5 9 6
18 21 40
3 6 31
6 8 22
21 2 38
9 12 22
20 23 17
8 12 23
22 2 30
8 11 38
19 21 22
18 21 29
13 16 32
22 23 4
19 21 3
9 12 14
17 20 32
1 4 8
17 21 40
13 16 39
4 6 35
6 9 21
23 2 11
13 15 26
17 22 23
2 5 20
18 21 20
7 11 32
7 10 10
17 18 38
4 8 6
12 15 4
21 1 40
6 7 16
5 7 41
4 7 29
6 12 33
12 15 8
8 11 33
20 22 15
5 7 21
4 6 17
0 3 10
1 3 7
8 12 8
6 9 16
6 9 4
6 10 23
17 21 28
5 8 15
9 12 2
23 3 23
18 20 17
4 8 15
21 23 27
0 3 38
3 6 23
20 21 7
6 8 17
7 9 25
19 22 4
1 4 33
12 17 40
8 12 34
11 12 13
19 0 32
13 16 21
14 16 23
10 13 37
16 20 27
4 8 12
11 12 28
9 14 22
0 2 28
0 3 11
10 12 15
0 3 29
12 16 15
0 4 30
16 19 12
16 17 21
13 18 26
5 8 24
16 18 39
10 15 19
11 13 5
23 1 37
13 17 19
1 4 21
6 8 39
6 12 39
14 16 23
14 18 23
2 4 7
22 23 14
20 0 20
0 7 39
12 17 27
6 8 11
18 22 7
15 18 14
1 4 28
4 7 12
9 12 39
19 21 38
20 23 17
23 1 34
15 17 21
17 21 2
5 7 18
10 13 26
11 14 16
12 15 26
14 17 24
0 5 22
16 19 3
13 15 39
14 17 10
18 22 24
9 12 27
12 15 6
7 10 9
2 5 4
7 11 20
9 12 33
23 2 2
22 0 34
23 2 36
16 20 39
4 7 18
19 23 11
4 9 33
20 23 34
17 21 4
15 18 32
0 4 16
3 7 30
11 13 30
15 18 2
3 7 4
6 8 22
18 22 28
18 20 20
11 14 23
15 18 1
20 22 8
4 7 31
1 5 19
8 11 31
19 22 23
2 4 24
22 1 26
23 0 30
18 21 12
13 16 31
21 23 38
14 16 5
11 14 9
23 2 3
13 15 14
9 11 6
16 19 32
15 17 26
14 17 7
6 9 41
22 3 19
17 21 16
14 19 33
4 7 29
7 8 13
1 4 18
13 16 37
5 7 21
4 6 20
21 23 38
4 8 14
22 1 32
22 0 36
7 8 39
11 13 3
10 13 21
7 11 7
20 23 38
11 14 8
13 15 31
20 0 34
17 19 19
14 18 22
8 12 20
3 6 40
1 3 35
4 5 25
13 15 2
8 12 34
10 13 7
16 21 7
16 19 39
10 13 24
2 4 9
18 20 34
9 11 41
7 10 34
23 3 11
11 14 4
22 1 19
2 4 29
9 12 39
3 6 27
14 17 9
1 3 31
