2000 31
30 12 26 5 16 18 6 25 21 3 6 11 6 27 14 2 22 17 5 9 11 29 5 10 28 4 6 8 28 7 25 
16 18 2
10 13 21
3 5 5
21 23 20
11 13 13
17 19 10
5 8 20
13 16 12
8 12 17
23 3 28
18 21 10
15 18 18
12 15 1
15 16 7
6 8 7
21 2 10
12 15 22
19 21 18
6 9 13
21 1 1
11 14 24
5 7 31
17 19 7
12 16 28
11 14 30
15 18 12
15 17 15
9 13 25
12 16 29
0 4 22
2 6 1
10 13 6
22 2 13
14 16 29
5 9 24
4 7 24
18 21 29
17 19 3
12 16 24
6 10 5
10 12 23
12 16 10
18 20 29
2 7 27
8 11 2
0 3 9
10 14 22
4 9 12
0 3 21
0 5 27
1 3 27
10 12 23
0 4 4
18 20 24
19 21 16
16 20 8
13 17 30
12 15 23
18 20 12
16 18 1
12 13 27
17 20 28
16 18 12
20 23 28
15 17 17
12 15 9
9 11 16
19 22 7
0 2 28
3 6 28
21 1 22
13 16 14
1 3 9
21 1 15
19 22 30
13 17 19
11 14 12
12 13 27
17 21 27
20 23 26
18 22 11
16 18 30
1 4 7
13 16 1
9 12 13
13 15 13
5 6 8
13 15 23
16 20 23
13 15 1
8 11 29
14 17 25
7 9 25
15 18 2
11 13 30
7 9 28
15 18 13
3 5 18
20 22 4
7 10 11
11 14 10
12 16 24
23 2 6
17 19 2
9 12 19
15 19 7
22 0 17
18 22 25
16 18 28
2 7 24
21 22 7
13 14 28
3 7 11
12 16 15
12 14 19
9 13 20
2 6 21
17 19 14
17 21 15
16 19 14
6 10 30
4 8 31
18 21 28
6 9 22
1 3 25
3 7 22
13 15 28
2 6 18
2 6 28
22 2 3
18 22 21
8 11 4
8 11 4
8 10 28
4 6 13
17 21 20
10 15 14
11 13 6
8 11 27
3 6 25
0 4 3
7 10 23
7 10 17
10 14 30
13 14 30
9 12 8
4 6 14
11 13 4
8 9 2
12 15 9
2 8 24
17 21 23
13 18 19
9 12 30
19 20 23
18 21 16
20 23 10
20 21 6
13 15 4
12 15 26
21 1 20
13 16 18
23 1 6
6 10 14
16 19 17
11 13 29
8 12 19
8 11 27
1 4 20
22 1 7
7 9 27
10 13 1
23 1 18
14 16 5
23 3 6
16 18 4
14 18 30
20 22 25
2 5 30
8 10 27
13 15 9
1 3 30
15 20 19
4 6 1
4 7 25
16 17 31
8 11 25
9 12 31
13 17 8
23 1 30
16 20 30
18 21 30
3 5 18
6 10 16
20 22 17
2 5 21
0 4 6
23 1 21
7 11 17
16 19 31
7 10 29
22 2 12
8 11 1
20 22 23
4 8 11
13 16 22
17 21 5
10 13 27
12 16 31
2 4 24
19 22 30
21 0 2
2 5 14
0 4 19
23 2 23
0 2 13
23 3 14
2 4 24
1 3 27
22 1 24
18 21 13
2 6 4
10 11 4
14 18 9
21 1 29
21 23 15
17 20 31
18 0 24
20 21 26
10 13 31
17 20 7
13 17 24
20 1 26
2 6 8
7 11 21
1 3 3
9 11 11
18 21 26
17 20 26
13 17 26
17 20 11
14 17 20
5 10 26
17 20 15
5 10 23
8 12 4
20 0 19
14 17 13
20 21 31
2 5 25
15 18 28
21 0 31
23 4 2
4 7 21
2 5 21
22 2 30
10 14 18
22 1 22
14 15 8
18 21 16
14 17 3
5 6 18
3 6 6
4 6 24
15 20 20
22 1 6
4 7 27
13 16 31
5 9 30
4 6 1
1 3 26
16 17 26
15 18 25
6 11 5
21 0 6
13 16 19
20 21 13
14 17 16
12 14 3
12 15 19
4 7 15
9 12 2
4 6 29
16 21 27
18 20 8
3 3 5
0 2 29
9 12 30
10 14 31
21 0 3
7 9 31
5 10 19
22 0 26
7 9 20
22 2 7
17 22 28
19 22 20
5 9 13
10 13 17
0 3 5
14 15 31
11 15 24
17 19 2
2 6 24
2 6 28
20 23 8
6 7 28
16 19 11
13 16 15
20 22 5
6 9 17
22 1 23
19 22 7
22 1 14
13 17 12
11 14 27
18 21 16
0 2 30
20 1 22
7 10 31
12 15 1
7 11 11
20 0 22
21 0 26
9 11 16
12 13 1
5 8 5
23 1 2
12 13 9
6 9 23
3 6 18
9 10 22
10 12 4
17 19 16
9 13 15
13 19 5
7 9 8
20 23 2
10 13 11
13 15 11
19 23 3
1 3 29
11 13 12
16 20 7
3 5 4
5 9 8
16 19 9
11 14 28
11 14 30
4 7 16
15 18 4
1 5 23
1 3 4
14 17 9
13 16 18
21 0 21
8 11 3
10 12 26
0 2 8
11 13 8
18 22 5
7 11 4
4 6 17
6 8 5
7 11 21
17 21 8
14 16 21
1 5 2
6 9 24
7 10 22
4 6 2
3 5 4
3 6 17
16 19 20
14 17 7
20 1 26
12 15 8
10 12 18
4 7 9
14 18 28
16 19 7
17 21 15
23 2 18
10 13 22
1 4 26
21 1 26
3 8 6
10 13 7
22 0 27
6 8 15
0 4 31
12 13 28
17 19 28
5 8 10
15 18 14
14 17 12
12 16 16
19 20 27
6 10 28
23 0 1
11 15 5
1 3 5
13 13 16
1 4 4
20 22 7
19 22 18
1 3 21
6 9 22
12 14 21
21 0 18
11 13 24
9 14 23
15 20 31
5 9 17
14 17 4
3 5 12
9 13 1
7 11 14
4 9 31
15 18 16
20 23 22
16 19 31
21 0 23
23 3 23
16 19 5
4 8 2
2 3 29
16 20 2
5 7 18
0 2 25
1 3 11
15 19 30
21 23 2
23 4 16
17 21 20
11 15 16
3 5 20
7 10 8
19 22 6
12 16 21
3 5 31
8 13 7
13 17 13
12 15 10
2 6 12
16 18 18
22 2 28
18 22 20
19 22 17
10 14 28
13 16 10
15 19 13
9 12 7
17 19 25
2 6 25
23 3 25
17 23 23
9 13 12
3 5 11
2 6 16
23 2 23
5 8 10
14 18 8
2 6 28
14 17 26
19 22 10
9 11 18
14 17 21
1 5 31
23 2 4
13 17 18
23 2 3
12 16 11
17 19 18
20 0 19
20 23 4
4 6 27
18 22 3
0 2 3
1 2 27
1 4 2
13 16 5
15 17 15
17 20 11
21 23 19
23 2 24
3 6 3
3 7 23
11 15 26
18 21 20
9 11 1
2 6 31
12 16 28
19 21 11
18 21 7
7 8 16
14 17 12
11 15 24
5 6 5
1 5 2
18 21 3
12 14 14
22 1 13
0 3 11
9 11 23
19 22 24
17 20 2
14 18 25
13 16 25
15 17 19
8 11 1
3 5 13
10 13 17
1 4 20
5 8 6
20 23 15
20 0 11
23 2 3
21 0 3
23 1 21
16 21 31
21 22 13
21 1 6
22 2 14
21 0 2
2 6 11
12 15 13
19 22 20
1 5 29
20 23 29
10 12 21
23 2 7
7 10 15
15 18 31
10 12 1
15 19 4
7 10 23
15 18 14
17 20 23
5 10 14
2 5 27
7 10 24
17 20 14
23 3 22
20 21 26
9 13 9
15 18 10
4 6 20
7 11 8
9 12 13
2 5 18
8 10 29
16 20 30
13 18 2
6 7 12
4 6 17
23 2 11
15 17 26
19 23 22
11 13 14
15 20 16
12 17 5
7 10 25
15 19 10
3 5 7
6 8 9
4 5 12
3 7 3
1 3 31
15 19 13
2 4 10
6 8 24
0 4 31
3 6 19
19 0 13
7 11 24
9 13 17
17 20 6
12 14 20
4 5 25
13 16 17
17 19 17
19 23 24
13 15 16
22 1 15
8 11 30
1 5 29
13 16 26
10 14 23
10 12 30
11 16 14
12 14 20
17 19 16
2 4 10
19 23 17
11 14 3
12 15 27
15 18 22
14 18 31
9 12 28
3 7 21
23 1 29
21 1 13
0 2 17
22 0 3
18 20 22
19 22 10
22 1 19
18 23 16
23 3 22
18 21 29
20 23 25
11 13 18
8 10 15
13 16 18
20 0 6
18 21 17
1 4 1
23 2 30
5 8 27
3 6 16
13 16 14
6 10 10
16 18 2
20 0 5
13 16 22
11 15 25
3 6 1
4 5 24
20 22 15
8 12 25
12 14 11
6 10 16
0 3 30
15 18 6
21 22 15
23 3 7
10 13 31
23 3 24
19 23 19
7 9 27
13 15 9
9 13 23
14 18 9
18 20 20
8 11 23
0 3 14
15 19 14
6 9 6
11 14 17
6 8 3
0 3 19
23 2 15
13 16 1
3 6 29
10 13 13
2 7 10
21 0 6
16 19 20
16 20 27
23 3 13
4 7 27
3 6 26
0 4 12
22 2 3
7 10 8
17 21 27
21 23 29
2 5 18
18 21 2
4 5 2
18 21 14
21 1 4
15 17 21
18 20 25
10 13 8
3 4 22
0 3 16
6 9 10
19 21 18
7 10 27
16 19 7
10 13 28
19 23 5
23 3 25
20 23 31
16 19 25
8 11 8
6 9 29
9 14 15
8 11 20
7 9 24
10 13 6
4 8 15
12 15 11
7 11 12
12 15 4
18 22 6
23 2 25
21 2 15
7 10 21
13 17 14
5 8 7
11 16 11
20 0 15
4 5 6
19 23 13
8 12 27
13 16 27
18 23 1
8 11 23
23 3 26
18 22 1
0 1 17
22 3 9
23 3 20
22 0 5
7 10 16
15 19 18
14 18 16
11 13 3
18 20 4
5 7 9
19 0 29
21 0 30
23 1 15
2 8 25
2 5 20
11 15 23
10 13 11
5 7 2
0 2 5
13 16 14
10 11 3
12 14 13
9 12 16
12 15 15
8 11 11
5 8 26
3 4 23
23 4 28
0 5 18
7 9 11
10 15 31
22 0 2
20 22 3
0 1 29
2 5 23
9 12 21
15 16 15
21 1 14
22 2 17
18 20 7
1 5 26
3 7 8
16 19 20
17 18 7
12 17 4
4 7 9
0 3 25
9 12 11
21 23 18
14 18 30
9 12 9
4 7 1
23 3 17
21 23 22
4 6 2
12 15 22
5 9 9
19 23 9
18 22 4
9 11 12
23 3 8
18 21 13
12 15 27
1 3 17
7 10 8
17 21 14
21 0 3
6 8 24
11 14 4
10 13 27
13 16 25
23 3 7
15 18 22
1 4 30
14 16 7
22 1 18
4 7 1
14 17 1
7 11 2
15 19 8
0 5 13
10 13 10
5 7 1
3 6 31
4 8 20
8 10 26
8 11 22
14 17 13
12 15 6
13 17 22
14 16 9
23 2 26
18 19 28
21 0 8
23 2 27
20 0 3
14 18 4
22 23 7
3 6 29
1 4 19
3 6 6
11 12 14
6 9 9
5 9 5
12 18 7
7 11 23
22 1 27
4 6 10
11 14 17
4 8 31
1 4 4
22 0 22
7 10 30
6 10 7
11 15 26
16 20 24
11 15 30
21 22 22
13 16 29
15 17 7
10 13 4
18 22 4
9 13 23
10 12 9
18 19 27
17 20 20
20 1 18
12 16 12
4 7 31
3 7 20
13 16 12
3 5 29
9 10 15
11 14 31
20 0 18
20 22 4
8 13 9
16 18 3
5 7 16
5 8 18
10 14 17
2 5 30
0 3 7
6 6 28
16 19 31
1 4 21
6 9 21
3 5 1
2 5 29
22 0 22
3 7 7
20 21 19
15 17 19
6 10 8
12 17 28
21 0 7
17 20 5
2 7 7
3 5 1
17 21 27
8 11 16
13 17 24
17 18 11
12 16 13
18 22 15
6 11 18
17 22 10
8 12 10
17 22 11
20 0 31
11 14 17
17 18 22
21 3 16
12 16 13
8 10 10
23 4 15
22 0 14
0 2 24
23 2 22
11 12 14
10 13 4
7 10 7
17 20 2
13 16 19
21 0 8
12 15 31
4 9 1
19 22 18
10 14 29
22 1 29
11 13 14
11 15 14
6 9 12
21 1 26
15 19 16
3 4 3
4 8 22
15 17 17
9 12 30
18 21 2
14 19 15
2 4 20
20 23 18
9 12 9
19 22 27
21 23 29
9 11 27
16 18 15
17 18 11
18 21 2
14 17 2
22 0 9
15 18 29
10 15 11
23 3 8
14 17 12
14 18 11
14 19 14
17 20 4
9 12 2
15 17 31
15 18 26
16 21 20
7 10 20
4 7 18
14 16 2
23 0 19
14 16 5
14 17 24
2 5 12
6 8 24
13 16 10
8 12 16
3 6 30
17 20 5
9 13 8
7 10 23
12 16 1
18 22 15
8 11 15
6 11 22
13 15 23
10 13 3
0 1 8
21 0 16
22 0 23
1 6 15
6 8 10
7 11 20
6 10 22
12 15 7
4 8 9
20 23 25
13 17 23
3 4 9
22 1 18
23 2 16
0 3 19
2 4 18
13 15 3
15 18 1
17 21 4
12 17 30
12 15 21
7 10 30
18 20 15
18 21 24
2 6 22
23 1 15
22 2 24
15 19 13
18 22 20
22 0 17
13 15 26
2 4 15
6 9 19
21 23 24
10 12 9
4 7 7
5 7 21
3 7 6
22 2 14
12 17 21
19 23 7
8 12 21
23 2 27
18 22 17
1 4 10
16 21 21
6 11 20
1 4 28
14 17 17
3 5 31
5 9 2
16 19 14
6 8 18
20 0 8
0 4 24
22 0 6
2 5 24
0 2 16
3 6 27
17 21 27
4 7 28
5 7 14
10 13 12
2 5 12
1 3 15
17 19 6
4 7 7
10 13 27
7 10 12
9 11 28
23 2 22
7 9 11
0 3 22
7 9 25
15 19 3
13 15 15
21 23 6
8 10 27
9 12 31
21 23 24
1 5 12
13 16 28
9 13 20
1 4 31
1 5 20
0 3 14
5 9 25
4 6 3
16 20 12
23 2 20
11 14 21
7 10 12
21 23 20
18 22 20
2 5 8
12 15 29
7 11 19
19 22 28
21 0 12
6 10 23
9 13 7
22 3 10
14 16 18
23 1 27
22 1 13
9 13 10
8 12 20
16 18 31
22 2 30
1 4 1
19 21 7
23 2 4
22 0 24
22 1 10
11 13 28
5 9 4
20 22 24
22 2 1
10 12 29
16 19 8
23 2 1
3 7 5
1 4 24
21 1 16
22 2 12
0 3 5
17 20 19
23 1 16
1 3 4
14 17 16
23 4 19
3 4 11
9 12 13
16 20 25
4 9 4
16 20 21
18 20 18
1 5 21
23 2 14
19 22 21
12 14 8
22 0 12
12 16 8
20 22 12
14 19 24
4 6 13
0 2 17
6 9 14
21 22 7
20 22 10
22 1 26
19 23 24
3 7 13
15 19 13
9 13 16
17 20 25
16 18 6
17 18 6
9 12 19
22 1 5
17 20 2
0 3 27
19 23 29
3 7 7
19 21 31
19 21 10
12 15 25
2 5 29
21 0 8
8 11 23
22 1 20
16 18 1
19 21 29
23 2 11
0 2 23
3 5 12
23 1 3
14 17 30
16 18 11
11 15 27
20 22 30
6 8 5
0 5 8
0 2 27
4 9 6
15 17 20
14 17 2
3 8 17
12 16 15
11 15 6
6 10 30
13 15 25
7 10 24
4 4 24
22 0 13
19 22 21
14 16 3
3 6 10
20 21 2
10 14 8
3 4 12
11 13 6
14 17 11
7 11 17
15 18 22
14 16 9
16 18 14
22 23 5
17 21 15
5 9 29
23 2 21
4 8 7
22 1 24
15 19 31
22 1 11
13 14 9
8 12 8
1 5 31
22 2 10
22 1 24
7 11 23
9 12 20
15 18 29
9 11 5
22 1 2
14 17 24
7 10 25
0 3 29
23 2 4
7 9 23
3 5 23
9 12 1
7 9 10
14 18 2
11 13 28
22 2 17
17 21 19
3 6 24
0 3 19
18 19 25
21 23 5
1 3 18
7 9 20
0 3 10
7 10 10
13 16 8
14 17 7
10 14 25
13 16 15
14 17 17
4 5 27
19 20 27
22 0 29
4 7 10
18 20 30
14 18 31
4 7 23
10 13 21
2 6 6
6 10 26
10 14 1
11 14 25
12 14 29
21 22 21
21 23 23
1 4 14
9 10 15
4 6 14
11 14 26
14 18 24
23 4 19
2 4 16
14 17 4
0 2 11
16 21 13
1 6 27
23 2 3
10 12 25
15 18 10
19 21 30
22 0 18
2 6 27
12 14 27
20 22 15
17 20 7
9 13 18
0 1 11
0 3 12
9 12 4
10 14 17
20 0 29
18 23 27
10 15 2
19 22 29
9 13 26
13 16 8
0 3 15
15 17 21
5 9 18
10 13 5
7 9 22
8 12 30
11 13 8
7 10 22
11 13 20
12 16 26
5 6 22
7 9 5
23 3 28
22 1 23
15 17 8
9 13 3
10 14 2
19 22 15
15 17 29
10 13 29
12 15 10
18 20 5
6 10 22
12 15 11
0 1 25
0 3 6
13 15 5
17 20 20
19 20 31
20 22 30
5 9 1
14 17 27
13 16 24
10 12 8
16 18 22
8 12 28
1 4 24
5 8 7
16 21 14
4 6 9
6 10 19
12 14 15
19 22 31
22 2 19
12 14 26
13 16 22
17 20 19
8 11 20
14 16 21
5 7 28
16 20 2
13 15 30
18 21 6
9 11 21
8 10 22
14 17 6
5 8 2
4 8 13
23 3 7
14 16 24
17 21 1
20 22 19
15 19 18
18 21 10
19 22 7
16 19 1
1 6 17
6 9 17
4 6 11
13 16 7
6 9 8
10 12 7
0 3 14
2 6 20
0 2 1
16 20 7
2 6 11
19 22 13
18 21 28
6 9 15
23 1 26
3 5 12
19 23 10
3 5 10
20 0 17
22 0 26
15 17 29
3 5 1
23 2 4
6 9 27
2 4 3
16 17 12
20 22 30
21 0 29
18 22 9
9 12 5
15 17 22
3 7 11
20 22 18
3 6 23
11 15 20
2 5 1
14 17 8
22 2 2
22 2 23
4 5 30
21 23 28
9 12 21
0 3 31
3 6 6
17 20 17
17 21 13
21 23 15
22 1 2
20 0 19
22 1 16
21 23 18
23 3 18
1 4 4
20 23 9
20 23 16
1 4 24
12 15 26
12 14 3
2 6 9
11 14 13
21 23 28
18 21 13
13 16 15
5 8 21
17 21 9
18 21 4
12 14 11
1 5 9
21 23 8
15 17 12
7 11 19
19 22 7
9 13 13
20 0 10
20 23 26
14 17 17
11 15 7
18 19 23
8 10 22
0 2 18
18 23 20
14 18 2
6 9 31
15 17 20
12 15 22
11 14 24
12 15 14
14 17 10
2 5 22
13 15 7
5 10 28
20 23 20
20 22 12
11 15 24
13 15 31
12 16 12
10 14 8
22 2 26
10 11 15
7 10 24
20 23 26
19 22 19
3 7 17
14 15 17
6 10 20
15 18 13
18 21 1
10 13 21
21 1 13
1 3 9
11 15 22
21 23 12
9 11 13
7 10 12
11 13 11
3 6 31
17 21 16
17 20 19
23 2 7
4 6 16
13 14 14
3 5 1
9 9 8
21 23 30
13 15 4
1 4 24
9 13 18
3 5 13
2 4 24
23 0 27
8 10 8
22 0 31
6 8 16
17 18 19
22 2 21
19 23 18
5 8 5
17 21 14
4 5 22
7 10 7
22 0 9
12 13 14
8 11 6
4 7 24
21 23 17
14 16 1
5 7 27
17 21 30
13 16 27
0 3 22
11 13 17
5 9 27
5 7 26
9 12 18
9 12 16
4 8 18
9 12 21
4 8 12
12 18 17
1 4 31
13 15 19
16 19 1
6 7 22
23 3 4
7 10 31
3 6 27
3 5 24
7 9 5
15 18 29
20 22 16
11 15 23
12 15 14
15 19 27
1 5 23
11 14 21
22 0 7
6 9 18
11 15 8
6 10 29
13 16 18
18 20 9
11 15 1
20 1 24
20 0 5
5 8 31
23 2 7
4 7 10
2 5 2
5 9 20
7 10 19
9 12 7
12 15 22
23 3 25
16 19 6
3 7 28
12 16 8
17 21 13
13 14 9
16 20 29
10 14 12
23 1 12
4 7 7
2 7 11
17 19 31
11 13 10
6 9 28
23 2 13
3 4 11
23 2 21
2 6 4
7 9 2
9 13 30
7 10 14
9 11 15
5 6 1
2 5 21
7 9 5
3 7 6
6 9 9
13 16 6
5 7 3
0 2 30
22 2 1
19 23 2
15 19 27
18 22 6
3 7 24
11 14 24
5 9 15
21 21 3
16 19 20
5 7 3
3 6 22
15 17 2
22 0 21
20 0 17
3 6 19
4 7 3
0 3 17
10 11 15
21 1 11
8 12 1
23 2 3
13 16 13
17 20 25
20 23 11
17 20 21
12 15 15
1 3 15
14 17 12
17 22 8
11 14 27
3 6 2
22 22 7
2 6 19
1 4 19
5 9 31
22 1 4
11 13 29
5 9 25
4 6 8
18 20 19
15 18 24
15 17 12
9 12 29
9 12 2
7 11 26
14 18 26
3 5 11
13 16 30
12 14 24
13 15 15
10 13 1
8 10 2
3 5 20
7 11 24
17 20 24
19 23 18
2 6 14
13 17 20
10 11 15
21 23 2
11 14 3
21 22 21
10 15 31
21 2 24
19 0 28
14 18 17
2 5 4
11 16 27
8 12 30
3 6 20
1 2 20
22 1 3
2 5 9
17 20 27
22 1 15
10 13 1
12 16 5
0 2 22
8 12 1
10 14 22
2 4 5
18 23 4
17 21 2
18 22 15
20 23 19
4 7 21
11 13 20
22 1 19
4 8 6
15 19 6
0 2 24
14 17 11
12 17 13
6 10 15
2 5 20
15 18 17
17 19 14
18 21 22
20 0 21
18 22 9
19 22 26
10 14 31
1 4 6
21 1 30
13 15 24
16 19 3
23 2 25
9 14 12
7 9 25
11 14 12
19 22 16
12 16 21
2 7 17
17 19 18
5 9 8
21 21 14
2 4 28
7 11 13
22 1 10
7 11 27
12 15 21
12 15 28
0 1 18
4 7 25
16 19 5
19 22 4
4 9 31
3 8 6
11 14 15
5 9 7
17 19 27
5 8 3
17 20 7
17 19 16
7 10 21
15 18 2
14 17 11
15 18 22
0 4 11
16 17 2
10 13 6
3 6 24
14 18 26
22 2 2
11 14 21
3 6 11
8 12 26
8 11 25
18 22 8
18 19 30
8 12 10
23 2 16
19 23 30
3 4 10
2 4 7
6 11 10
15 18 5
11 14 9
11 14 31
4 8 12
7 12 21
12 16 18
5 8 21
13 16 5
11 14 21
3 6 29
0 3 23
23 1 3
0 4 15
3 8 26
8 12 30
18 21 21
14 16 26
0 1 15
1 4 2
0 4 15
22 2 20
20 23 5
8 13 15
5 9 13
4 9 10
13 15 29
2 8 11
2 4 27
1 4 12
20 23 20
1 4 15
11 15 12
3 7 18
3 5 23
7 10 17
8 11 27
6 7 20
3 5 14
22 2 8
15 18 11
9 13 1
6 8 5
13 16 12
16 20 30
18 22 16
22 0 11
1 3 17
14 17 28
20 21 23
23 2 11
20 23 2
11 14 13
10 11 21
17 19 16
20 0 11
11 14 16
22 1 1
2 6 11
17 21 4
19 22 15
9 12 19
13 17 13
14 19 31
20 22 18
16 17 16
1 4 25
11 14 29
5 9 15
10 12 27
7 10 25
7 9 1
20 22 2
5 9 20
21 0 29
23 1 2
3 5 4
10 13 6
18 21 15
4 7 18
7 11 4
7 10 15
1 3 1
19 23 26
16 18 20
1 4 22
18 21 2
13 16 9
20 22 5
21 23 30
0 6 11
5 9 20
11 15 16
5 8 20
2 4 12
6 9 28
18 21 14
20 22 17
23 4 17
2 3 7
23 2 7
12 15 5
8 13 25
20 21 11
17 19 4
6 9 30
16 17 29
9 12 30
7 9 25
2 5 4
18 22 2
15 19 21
0 2 30
10 14 23
17 19 12
20 0 3
11 16 11
22 0 31
22 23 4
9 13 4
17 19 24
18 22 16
20 1 26
21 0 30
18 20 25
6 9 7
15 16 20
2 6 14
4 6 27
13 16 23
13 16 17
20 23 31
20 23 29
2 5 20
12 14 18
6 10 24
10 12 25
14 19 24
5 5 8
21 23 31
12 13 13
9 12 23
4 7 12
22 2 1
17 21 1
21 0 24
20 22 1
19 22 2
4 7 30
10 13 20
6 10 24
18 21 30
16 18 9
5 10 1
5 8 1
14 18 6
7 10 9
16 19 29
12 17 11
23 1 30
1 4 12
21 0 20
1 2 12
1 4 26
8 12 5
16 21 13
5 7 2
11 15 23
3 5 7
3 8 11
17 19 9
6 8 25
6 9 21
23 2 27
8 12 15
2 3 2
13 15 31
13 16 21
4 9 12
22 2 10
6 8 31
2 6 2
6 9 17
23 2 5
4 6 10
23 1 30
20 22 30
15 19 12
21 0 29
15 17 12
4 7 28
18 21 10
13 17 27
4 7 8
0 4 8
0 4 5
7 9 15
20 23 25
15 18 4
13 16 27
16 19 1
7 10 9
23 1 13
2 4 27
8 12 10
22 0 30
1 4 3
5 6 28
5 9 12
13 18 13
15 20 14
17 20 9
21 0 20
18 22 17
22 1 29
20 23 8
10 12 31
16 20 24
14 17 27
6 10 25
16 20 20
17 21 4
6 9 22
17 20 5
23 1 17
22 1 21
19 22 2
18 20 18
8 11 22
8 13 29
23 4 2
16 20 31
2 3 18
5 9 22
6 9 29
23 1 11
17 21 25
2 5 6
22 2 13
15 19 24
8 11 13
11 14 9
11 15 3
16 21 8
22 0 15
3 6 24
3 6 15
12 16 25
15 18 11
21 0 13
21 23 23
7 11 7
17 20 20
4 8 22
14 18 7
14 17 10
6 7 9
2 4 2
0 2 5
4 7 8
3 6 29
16 19 21
6 10 26
2 7 14
4 9 16
1 4 15
9 12 14
5 8 12
23 3 13
20 21 20
2 5 10
10 13 4
22 1 2
0 3 23
3 6 22
4 6 11
3 4 13
14 17 3
7 11 1
17 20 8
7 9 17
7 8 19
0 5 19
1 3 9
15 19 31
5 9 26
18 22 5
19 0 3
6 8 23
0 3 18
4 6 2
10 13 16
1 4 15
1 4 16
8 11 8
2 6 3
17 19 26
23 1 17
3 7 27
19 21 5
17 20 25
10 14 5
6 10 19
14 19 2
15 18 18
