1000 32
24 5 5 14 32 5 31 18 12 32 23 21 8 18 6 20 14 19 30 30 10 5 32 17 29 10 15 1 8 18 14 4 
7 10 29
9 13 14
9 10 10
5 10 24
4 8 23
9 13 12
2 3 4
22 23 2
21 0 9
22 0 24
21 1 28
22 1 14
14 17 8
0 5 28
10 13 20
19 22 7
4 7 23
23 1 13
5 8 6
22 2 29
5 10 22
20 0 2
1 6 26
1 4 4
8 10 32
5 9 21
16 18 27
20 23 10
1 3 29
13 15 29
5 9 22
6 10 15
3 6 24
17 21 25
11 14 13
15 18 31
18 20 31
7 11 29
6 8 25
23 2 2
2 5 7
3 5 23
2 3 8
1 5 24
3 5 14
5 9 30
20 0 3
4 8 5
21 0 18
8 12 30
7 11 24
20 21 21
0 4 28
1 4 8
6 8 6
14 16 21
23 4 30
10 13 24
17 19 29
23 4 26
1 4 13
3 5 27
8 12 27
19 23 30
21 0 8
20 0 10
16 21 11
12 15 5
6 11 20
4 9 4
15 17 7
22 2 30
17 21 32
2 5 12
17 19 1
8 9 26
1 5 20
9 11 10
7 9 9
12 16 20
17 20 31
21 0 19
16 19 19
20 23 28
12 14 21
4 8 6
16 18 19
1 4 17
17 20 8
23 4 21
0 4 19
2 4 17
6 8 23
12 16 28
14 17 6
9 13 14
5 8 20
17 19 32
14 17 31
19 23 15
9 13 1
0 2 28
18 21 32
19 23 23
13 16 24
18 20 15
17 21 15
9 12 27
5 6 26
22 2 19
17 21 11
23 4 26
14 15 8
8 13 17
16 18 15
13 16 21
21 0 29
5 8 22
18 21 2
0 4 23
0 1 2
6 8 26
20 0 26
22 1 5
14 17 7
20 22 21
11 14 1
3 5 22
8 11 14
4 6 27
8 12 28
15 17 26
0 2 6
23 1 11
16 19 22
5 9 13
8 11 21
4 8 6
17 20 14
5 7 24
7 9 9
16 19 21
14 19 32
21 23 27
13 16 4
8 11 25
12 16 16
14 18 9
20 23 19
7 11 10
18 21 8
4 5 21
1 3 11
7 11 10
22 0 7
3 6 7
16 19 14
19 0 18
16 19 21
23 1 17
18 21 12
9 9 31
3 6 6
19 21 5
23 2 15
8 11 7
19 20 11
21 1 16
7 11 20
19 23 29
12 15 14
13 16 23
5 7 8
0 1 31
5 6 23
0 2 7
3 7 26
3 8 4
11 15 30
13 15 23
23 2 25
13 14 9
19 23 23
6 9 25
3 6 17
20 0 27
0 4 27
14 16 9
15 17 3
18 21 20
8 11 1
9 12 8
0 3 13
12 16 7
19 22 3
19 22 30
20 22 11
5 9 21
1 6 29
3 7 3
21 22 25
22 1 6
16 20 17
22 0 16
14 17 9
4 5 4
17 20 30
13 15 10
22 1 25
15 17 28
20 22 15
3 6 27
7 8 23
1 5 12
6 11 17
6 11 1
16 20 30
16 19 9
15 19 5
15 18 13
6 9 31
22 0 28
19 23 4
19 22 13
23 2 1
1 4 16
11 13 16
14 17 11
23 2 15
9 11 4
7 10 18
4 8 8
5 7 16
18 22 18
18 21 3
1 6 19
12 14 27
2 6 20
23 0 10
5 10 6
13 15 18
16 19 2
15 18 12
2 6 10
3 7 18
20 23 29
16 20 2
7 9 17
11 14 10
4 7 11
6 9 1
11 14 13
11 14 8
2 6 7
20 23 16
15 19 20
19 22 9
23 1 19
18 22 10
3 5 2
9 11 1
16 18 4
21 0 9
2 6 17
5 8 15
21 22 21
22 3 21
10 12 9
6 8 25
7 11 12
3 6 29
9 11 26
11 15 12
6 10 9
5 8 9
7 9 30
12 16 31
11 14 20
17 19 11
12 14 7
11 12 23
6 8 21
8 12 11
3 6 2
10 13 15
1 4 32
15 18 16
4 6 23
22 2 31
15 18 7
5 8 23
5 8 4
14 15 25
9 11 2
18 21 20
21 0 12
14 17 1
2 6 12
4 6 11
18 21 3
13 18 12
16 20 28
5 9 6
15 17 23
5 7 14
11 14 23
7 9 4
15 18 13
17 22 20
21 2 8
13 16 13
2 6 26
11 13 1
14 16 8
21 0 24
23 2 17
1 4 13
10 14 29
18 20 21
16 19 20
2 5 31
1 3 2
18 20 12
23 2 31
5 7 3
14 18 31
14 17 26
23 2 6
0 3 18
17 21 18
14 17 17
7 9 13
11 13 26
2 7 7
19 22 18
9 11 7
20 23 32
18 21 18
4 6 30
14 17 21
6 8 7
0 4 18
6 8 32
9 11 5
22 2 30
15 19 17
0 5 29
4 5 11
19 22 17
17 20 20
21 23 7
6 9 3
15 17 11
15 18 26
21 1 3
17 21 14
8 12 3
18 21 29
23 2 20
20 23 17
19 22 7
12 15 27
5 7 22
2 6 26
13 17 2
6 10 11
7 9 20
1 4 31
8 13 30
11 15 4
2 7 3
20 0 17
5 8 7
0 4 5
8 13 13
21 23 4
10 11 25
9 13 11
4 6 16
0 4 17
11 13 32
16 17 13
20 23 22
13 16 15
2 4 4
16 19 1
23 1 14
18 21 22
13 17 9
6 9 32
21 0 16
23 1 30
2 4 6
7 9 12
1 3 29
14 18 8
1 5 30
1 3 30
12 15 9
7 10 1
18 20 28
19 21 23
1 4 20
21 23 12
20 23 6
14 17 16
20 23 19
22 2 10
13 16 5
15 19 12
14 16 19
16 19 24
16 18 5
11 13 7
19 23 14
2 3 29
5 7 16
1 4 27
1 3 2
14 17 1
19 23 9
4 7 21
20 22 7
18 23 3
0 2 6
17 20 21
19 23 22
4 6 22
20 23 25
11 13 20
2 5 32
20 0 30
9 13 21
22 23 8
7 10 28
6 10 6
13 18 5
15 17 2
6 9 27
5 6 19
8 12 20
3 5 11
22 1 23
21 0 5
13 16 11
10 12 12
10 13 9
6 9 30
0 3 27
14 17 12
6 9 3
21 23 19
17 18 18
21 0 28
21 23 6
10 13 5
23 1 20
16 18 22
0 4 29
11 15 19
1 4 19
7 12 30
11 13 18
0 3 20
15 17 10
6 8 30
15 20 25
0 3 25
9 10 24
4 7 3
15 19 23
8 11 10
0 1 32
21 2 18
0 4 21
20 22 29
7 8 27
19 20 20
23 2 12
11 12 5
3 3 3
14 18 31
7 10 6
22 1 26
10 14 14
1 4 25
9 13 19
8 11 10
11 14 15
6 9 5
2 5 11
13 16 10
14 18 12
14 18 10
15 19 29
13 17 7
19 20 27
19 22 29
8 13 5
11 14 21
18 22 25
5 7 5
7 9 19
3 5 4
0 5 13
20 23 7
3 7 14
5 8 4
18 19 1
2 5 25
2 4 32
22 2 1
12 16 9
10 14 22
22 2 16
23 1 19
3 6 5
10 14 17
14 17 3
2 5 25
11 16 30
22 23 32
1 7 24
4 6 4
9 11 22
5 8 27
4 9 27
7 10 15
5 9 29
23 1 3
18 22 5
17 19 13
15 18 7
0 3 7
0 2 18
11 14 11
18 21 20
17 21 11
10 14 25
3 5 23
8 10 4
16 18 2
0 4 20
22 1 6
13 16 28
22 23 27
16 18 18
6 8 19
22 1 3
4 7 28
7 9 10
23 2 29
10 13 2
18 21 2
13 14 12
6 11 26
2 5 10
17 19 15
17 21 3
15 18 16
21 23 29
8 11 13
20 1 1
12 16 22
23 1 3
19 23 2
7 10 19
20 21 12
13 16 9
13 16 23
22 0 12
14 17 14
17 20 25
17 21 26
12 15 10
3 6 23
0 2 15
21 0 13
2 6 10
6 8 20
4 8 24
8 11 27
23 1 18
15 17 7
13 16 27
14 17 11
1 5 17
11 16 6
19 0 14
15 18 14
20 23 21
7 12 22
12 16 24
7 10 21
8 10 26
0 1 26
16 19 14
0 4 8
2 5 5
3 6 20
4 7 18
10 13 11
8 10 11
0 3 27
6 8 6
9 12 22
7 10 7
7 9 14
10 12 27
6 8 6
16 19 21
16 18 27
11 15 12
18 22 16
0 2 10
12 17 27
8 11 25
14 18 4
13 16 30
22 2 8
9 13 25
11 14 25
11 14 9
5 8 1
17 20 1
15 18 26
11 12 20
23 2 21
11 13 28
23 2 18
15 19 29
4 6 9
18 19 23
2 5 12
5 8 20
2 4 12
19 21 17
13 14 20
14 17 9
14 18 12
5 7 11
23 3 32
6 8 29
5 8 3
14 17 22
8 11 22
8 11 19
13 15 21
14 17 29
13 16 11
18 20 10
9 12 20
16 17 31
15 17 27
21 1 5
14 18 20
11 14 24
6 9 21
12 13 22
22 1 1
23 2 15
17 19 7
5 9 6
5 7 31
16 19 8
5 9 20
12 15 29
2 6 1
11 15 10
10 14 12
17 19 30
13 18 30
17 20 4
10 12 28
4 9 2
22 0 8
1 4 32
1 5 25
5 7 10
5 8 14
19 22 1
10 11 6
15 20 18
14 17 32
10 14 24
15 18 15
20 23 28
15 16 7
16 21 22
3 6 8
10 12 11
19 23 6
19 21 19
13 16 32
6 8 16
20 23 11
20 23 32
8 12 13
4 7 11
17 21 9
22 1 18
17 20 8
6 10 24
15 18 24
2 6 31
12 15 6
19 22 16
4 7 4
2 3 20
3 6 25
17 18 15
9 11 11
10 12 14
8 9 3
23 2 25
2 5 12
7 9 15
12 17 15
8 12 10
2 6 7
6 8 2
13 15 13
16 18 17
21 22 3
16 20 3
14 17 15
13 19 16
15 18 13
8 11 14
2 6 12
12 14 11
14 17 27
0 2 26
9 12 26
20 22 2
5 8 30
5 8 7
6 9 13
1 2 15
7 9 18
18 22 28
3 5 3
14 16 13
22 0 21
16 20 2
17 20 14
8 11 19
7 11 2
21 0 25
18 21 17
16 17 21
13 17 25
12 14 20
8 10 28
22 1 24
12 14 3
22 1 17
20 22 29
5 8 20
11 15 2
2 5 23
3 6 30
20 23 7
11 13 29
2 4 22
12 14 32
3 4 29
11 13 3
20 0 8
8 12 10
2 5 27
19 22 8
7 10 13
9 10 1
7 9 8
12 15 21
19 22 24
21 1 7
18 21 28
17 18 30
10 12 25
1 5 23
20 22 16
6 9 28
14 17 19
21 0 17
3 5 31
18 22 21
18 21 2
20 22 2
14 17 22
2 7 10
3 5 4
0 3 16
22 23 25
8 10 11
15 19 6
13 16 17
12 14 32
18 22 20
18 20 14
5 10 4
18 22 5
10 14 2
2 4 13
11 12 19
16 19 29
8 11 13
17 20 27
17 19 18
6 9 27
10 13 17
13 16 11
15 18 16
2 5 27
11 14 19
2 5 18
5 7 27
13 17 24
1 4 2
15 18 18
12 13 25
19 22 21
14 16 30
14 17 23
23 2 31
23 1 24
3 5 17
15 17 31
8 11 28
22 0 5
6 8 2
1 5 15
6 10 9
21 23 6
11 14 7
23 1 21
18 21 29
6 9 13
15 17 19
12 16 25
15 19 2
1 4 4
4 9 11
6 11 5
16 20 16
11 14 8
21 0 10
16 18 19
6 10 31
9 12 4
7 9 27
23 1 6
12 16 14
1 5 9
21 0 9
17 21 16
22 0 26
0 4 24
2 3 4
12 15 2
15 19 27
5 8 29
12 15 28
3 7 19
10 13 1
18 21 21
11 13 30
5 8 26
22 3 32
8 12 32
17 20 12
4 8 18
21 23 10
5 8 21
5 10 11
6 8 32
14 17 17
6 8 7
5 9 6
13 16 25
9 11 32
18 22 31
18 21 27
5 8 26
5 8 16
6 7 11
18 23 12
16 18 23
11 13 19
4 7 21
14 18 5
1 3 11
13 16 2
15 18 22
13 16 11
12 15 21
16 19 7
5 7 6
0 3 13
19 23 2
12 15 4
10 14 12
0 2 11
16 19 8
18 21 25
5 8 1
20 22 19
6 9 4
2 5 6
7 11 16
23 2 5
14 15 5
3 5 4
14 19 4
10 14 17
10 13 7
11 14 11
20 21 23
8 12 27
11 14 28
20 0 12
20 1 12
11 15 22
14 17 5
22 2 1
19 23 18
14 16 20
11 14 26
18 20 21
14 18 30
0 3 4
17 19 5
20 22 17
15 18 26
2 4 32
15 18 29
10 12 31
14 16 15
6 9 20
11 14 20
20 22 29
23 3 30
15 17 3
18 23 32
19 22 32
20 23 16
15 17 26
12 15 9
16 19 15
14 18 27
9 12 15
12 14 32
12 14 23
20 22 31
9 12 13
22 0 25
9 11 12
3 6 3
12 16 21
3 5 2
13 17 14
10 11 19
13 16 12
21 0 8
12 16 14
20 23 24
15 19 3
18 20 22
17 20 29
0 1 19
13 16 28
15 17 6
14 17 3
0 3 17
21 0 24
3 7 21
4 7 27
9 13 31
22 1 10
10 13 30
13 14 14
4 9 17
17 19 15
23 3 2
20 22 24
21 1 17
21 23 14
19 22 4
0 4 15
23 3 29
22 2 19
5 9 12
17 19 24
0 3 13
20 21 1
5 9 14
9 13 6
0 3 5
7 10 1
