5000 36
16 34 35 10 14 5 23 33 20 20 10 3 26 27 20 19 27 9 2 36 22 29 30 15 9 6 7 12 19 22 9 3 25 26 9 30 
10 13 1
1 3 13
8 11 36
21 23 32
3 5 29
15 16 33
17 21 25
14 18 22
5 9 8
2 6 7
22 2 2
13 17 6
4 7 31
8 10 13
7 12 7
17 20 11
21 1 14
14 18 22
4 6 15
2 5 19
20 22 27
11 14 1
20 0 6
23 2 2
13 15 18
2 4 2
23 2 22
0 2 24
1 4 12
4 7 20
4 6 27
21 0 26
13 17 32
17 20 16
23 2 4
5 8 12
17 20 6
14 17 6
9 14 11
15 18 35
15 18 27
1 4 12
8 11 17
21 0 25
13 16 25
18 22 15
21 23 6
18 21 14
2 5 19
12 15 16
12 16 7
16 19 18
10 13 19
17 19 12
21 22 18
16 19 27
4 8 23
23 2 12
0 2 27
7 10 31
12 15 15
11 16 22
17 18 21
18 20 19
3 7 4
22 0 9
8 10 1
8 10 12
6 10 8
8 11 13
23 4 13
23 1 20
10 14 23
19 0 6
11 13 28
1 4 26
15 20 30
7 9 14
19 0 29
11 15 27
9 12 28
8 12 14
18 21 5
12 15 23
8 11 24
13 16 2
20 23 19
21 22 9
19 21 24
20 1 2
8 9 25
11 14 11
10 13 3
21 23 22
6 10 3
10 14 6
16 21 17
19 22 18
21 1 33
11 14 23
5 8 6
3 6 18
11 13 35
0 2 4
6 10 19
15 18 5
9 13 31
9 13 12
16 21 25
11 14 18
0 4 2
8 11 26
12 15 26
15 19 23
12 14 36
2 5 16
17 20 18
9 12 35
15 19 30
11 15 34
16 20 33
5 9 7
23 3 28
10 14 35
14 16 29
0 3 11
9 12 10
16 19 14
22 1 17
19 22 28
11 13 28
4 6 36
10 13 31
2 5 12
3 5 35
9 10 27
20 23 22
21 1 22
5 8 31
3 6 26
13 15 25
12 15 10
18 20 10
22 2 17
1 3 2
11 15 15
14 16 24
5 7 31
12 15 11
4 7 9
12 14 29
15 18 29
20 23 29
21 23 30
15 18 31
0 3 12
4 7 3
5 7 35
21 1 32
14 17 36
19 22 27
21 1 5
7 8 19
15 19 7
12 15 2
20 23 3
7 10 23
9 12 10
5 8 28
14 17 16
16 19 27
3 7 19
18 21 10
7 8 30
12 14 28
16 20 22
1 6 6
23 1 1
14 17 26
2 4 12
13 16 19
16 21 15
13 17 4
8 12 15
3 4 22
1 2 20
23 3 33
10 13 4
19 22 25
20 23 9
2 6 23
12 15 12
2 5 32
16 20 18
10 13 13
13 17 28
22 2 24
16 19 8
22 1 33
10 12 3
15 19 15
2 2 24
17 21 3
12 15 31
5 7 15
20 1 9
19 21 2
1 5 15
13 16 28
2 6 14
4 7 27
11 14 30
9 12 21
0 4 33
23 2 2
1 4 29
9 10 32
5 9 5
8 12 8
11 13 14
13 18 19
2 4 35
22 1 22
3 6 32
3 6 36
23 3 14
15 20 14
15 19 4
18 22 5
1 3 18
12 16 16
4 8 13
21 23 24
0 4 4
13 18 30
0 4 30
14 17 8
4 8 31
17 21 12
7 10 6
1 4 14
2 6 2
11 13 28
6 11 27
0 2 25
17 21 2
11 16 4
15 17 19
3 6 28
5 7 35
6 8 3
2 6 14
19 23 23
20 23 19
6 9 31
9 11 19
6 10 24
15 19 5
0 2 20
5 7 34
18 21 2
15 18 14
21 23 29
4 7 27
1 5 1
8 11 14
7 9 4
8 11 17
21 23 31
0 3 30
7 11 26
5 7 25
2 3 22
19 23 35
23 1 5
8 11 19
3 6 10
7 10 13
17 20 22
9 12 34
17 19 2
10 14 12
21 23 35
0 4 10
9 11 18
1 6 6
15 19 31
0 3 7
4 9 31
20 21 35
6 12 33
4 9 10
8 10 16
19 23 22
1 6 17
19 23 14
20 1 28
2 4 19
20 23 8
7 9 3
13 16 30
12 15 19
5 8 32
6 9 13
6 8 1
3 4 9
0 4 33
7 11 31
8 10 36
13 18 27
17 22 21
5 9 26
5 7 33
23 2 9
13 16 8
8 13 3
15 17 27
1 3 21
19 22 1
2 4 27
6 7 12
6 8 18
13 16 4
18 20 5
19 23 22
1 4 9
7 9 30
23 2 36
10 14 34
21 1 4
13 17 10
1 2 24
17 20 5
14 17 8
3 7 17
12 12 18
1 3 20
20 23 31
22 2 5
21 1 4
18 20 32
3 5 4
20 22 25
22 1 29
22 0 14
11 15 7
6 9 9
4 6 1
0 3 18
16 18 21
12 15 7
14 17 10
19 21 26
13 17 29
4 7 1
10 13 19
9 11 7
21 1 15
5 9 7
3 6 14
16 19 3
4 8 21
1 4 1
16 18 32
11 15 13
21 0 36
12 16 34
0 4 14
7 10 8
5 9 32
19 23 14
21 0 6
6 10 7
5 7 4
23 2 15
16 19 32
22 3 4
11 12 10
19 22 29
21 1 26
20 0 33
15 17 23
13 15 36
13 14 7
20 21 19
9 15 10
2 4 34
12 14 31
5 8 12
7 11 9
22 23 21
17 20 23
0 4 13
21 0 16
8 10 35
9 15 27
12 15 35
9 13 9
6 10 31
11 13 4
11 13 29
14 18 34
11 12 23
20 23 34
10 13 4
13 17 4
23 1 15
16 18 13
17 21 26
1 3 25
23 2 32
5 9 4
0 5 3
14 17 4
17 20 32
15 20 13
12 15 4
8 11 32
6 10 11
1 5 4
8 11 17
23 4 28
5 8 17
21 0 15
10 13 32
18 21 2
7 9 9
8 11 3
14 16 24
17 20 30
8 11 26
22 1 12
21 0 35
11 14 19
18 20 7
17 20 12
22 2 9
1 5 28
20 23 12
23 1 34
21 0 25
2 5 31
6 10 12
11 13 7
2 7 3
16 21 26
20 22 5
14 18 10
9 10 5
15 17 16
22 1 32
14 16 16
21 1 36
4 8 2
12 17 19
5 6 27
3 6 27
9 12 28
4 8 14
6 9 34
22 0 31
4 9 34
15 19 26
3 7 30
13 15 5
21 1 22
23 0 30
9 11 35
19 22 15
7 10 23
10 14 36
8 11 34
19 21 26
11 14 19
19 23 36
12 15 34
17 22 19
7 11 23
2 5 4
6 9 2
13 16 17
18 22 8
10 14 33
10 15 36
1 5 16
22 1 29
23 3 28
1 4 17
12 17 16
12 14 31
9 11 18
19 21 9
22 1 9
22 0 12
20 22 21
2 7 6
16 19 31
11 15 34
22 3 2
15 18 26
7 11 25
21 1 17
2 6 13
19 23 19
22 1 14
19 23 8
3 6 8
23 3 3
4 6 18
8 11 20
4 6 31
22 1 20
10 15 2
6 9 25
18 20 34
11 13 8
6 9 36
1 4 36
15 17 3
5 9 12
5 8 1
21 0 24
9 10 23
7 12 20
8 11 36
17 21 31
16 19 7
9 12 16
9 11 1
16 18 5
13 16 32
6 11 36
16 19 1
22 1 11
18 22 13
2 5 15
13 15 7
2 5 25
20 0 36
4 7 12
9 12 8
4 7 24
18 21 3
0 5 1
20 23 34
20 0 33
14 17 21
6 10 16
11 15 8
20 23 31
20 23 32
17 21 15
14 17 9
0 3 34
6 7 16
4 8 4
0 2 7
20 23 18
17 18 25
14 17 29
2 5 3
1 2 14
10 14 24
16 17 11
0 3 23
0 3 23
23 0 25
20 22 18
10 14 19
7 10 15
19 22 24
5 8 9
0 4 19
8 10 31
5 9 29
3 4 15
10 13 19
7 9 1
1 5 32
1 5 27
9 13 12
18 20 33
8 10 21
13 17 4
22 2 25
21 0 2
21 2 28
19 21 19
6 9 14
3 5 4
22 2 13
6 9 9
16 19 7
12 16 10
1 3 16
17 21 12
6 9 20
15 17 29
15 17 18
2 6 22
9 11 29
12 15 23
17 21 17
1 5 7
15 17 31
2 5 14
3 6 25
21 0 17
0 5 32
23 1 22
7 11 30
5 7 34
19 23 13
19 0 15
9 12 4
5 7 21
20 2 17
18 21 13
8 13 21
3 5 35
18 20 1
21 0 12
4 6 35
23 2 25
18 23 2
19 22 2
15 17 3
23 3 22
18 21 4
0 3 6
14 16 31
17 20 19
6 10 34
11 14 15
12 14 30
17 21 13
1 5 21
18 20 2
21 23 27
20 0 33
8 10 24
21 22 5
2 4 30
12 15 9
10 14 34
3 7 16
7 11 25
23 2 30
22 1 13
11 14 5
19 22 36
0 3 30
13 17 6
21 1 25
6 10 9
9 12 32
3 6 13
7 9 10
2 5 32
5 7 9
17 19 21
23 2 34
20 0 24
0 3 33
14 17 17
17 18 35
10 14 15
12 16 36
0 3 17
9 12 14
19 22 33
2 4 13
18 22 29
14 16 1
6 8 34
12 15 18
2 5 30
22 2 21
18 20 27
11 16 29
14 16 22
3 7 21
18 22 4
6 9 15
23 1 30
15 20 13
4 7 16
2 5 4
14 16 6
20 22 25
11 16 26
3 4 17
3 7 32
22 2 33
12 15 16
23 2 35
23 2 5
8 12 15
1 2 12
13 16 10
6 8 12
23 3 16
3 7 25
11 16 10
18 21 25
3 5 29
3 5 9
6 8 35
9 12 17
12 14 17
5 7 30
8 11 9
5 9 16
19 22 19
14 18 7
18 20 20
20 2 27
18 21 1
9 13 11
5 8 10
14 17 20
11 15 14
10 13 15
17 21 4
20 22 4
7 10 27
16 19 3
21 0 22
17 20 36
8 13 25
11 13 35
19 21 34
20 0 20
10 13 9
9 11 22
2 6 17
18 21 23
9 13 9
3 6 11
12 15 23
23 1 34
14 18 27
0 4 8
7 9 9
20 0 5
15 18 28
17 23 28
14 17 16
4 8 19
16 17 35
21 23 35
10 14 31
12 13 19
9 12 18
18 19 11
12 14 17
2 5 6
3 7 25
17 19 31
12 13 19
13 15 22
2 5 36
0 2 6
4 8 5
9 12 25
21 23 13
13 16 28
14 16 13
8 10 26
11 14 7
14 18 9
22 3 25
9 10 15
1 3 23
10 13 15
15 18 16
16 19 11
10 12 36
20 23 5
11 14 26
6 7 22
4 8 14
1 5 15
7 9 8
13 18 16
2 6 12
10 13 26
12 16 1
6 11 5
0 2 31
0 3 32
21 0 36
9 11 23
19 23 20
18 20 9
16 18 27
17 20 7
12 15 33
14 15 6
17 21 30
20 0 18
9 11 9
8 10 8
11 15 28
21 0 23
6 10 27
8 10 26
11 15 25
21 23 11
8 12 17
14 16 18
5 6 32
19 22 5
18 21 21
3 6 16
3 6 19
5 9 7
22 1 3
17 18 19
5 8 21
14 18 28
8 9 4
13 17 10
20 0 19
17 22 36
23 3 31
18 20 9
19 22 25
4 6 1
5 8 25
21 0 20
3 7 7
5 6 32
5 8 1
21 0 2
14 17 17
20 23 23
16 19 36
19 20 1
3 7 26
19 22 11
22 0 26
4 6 11
19 23 34
15 17 8
20 0 5
21 1 28
22 1 19
5 8 16
0 3 6
10 13 28
18 21 36
22 2 34
11 12 29
20 23 23
15 19 9
19 22 31
0 4 35
5 9 8
4 7 34
8 13 8
12 15 30
3 7 5
19 0 17
11 13 17
10 13 28
23 2 30
16 19 32
10 12 20
14 16 32
16 18 25
7 10 33
14 17 1
5 8 22
5 9 17
10 13 36
8 10 25
11 15 30
13 17 3
21 0 10
23 2 17
5 8 25
13 16 31
1 6 23
10 12 22
11 14 5
14 18 8
12 15 26
10 13 2
15 18 22
9 13 26
14 17 13
3 6 16
12 15 31
11 14 13
16 18 17
12 15 25
9 11 11
19 23 19
15 20 24
2 6 26
7 10 1
7 9 18
3 6 5
15 20 20
1 4 20
4 8 11
23 2 24
21 23 23
13 16 35
16 19 11
8 11 4
19 22 19
4 7 36
16 20 30
1 5 9
4 6 26
14 16 5
17 19 17
23 1 27
19 21 26
20 0 23
15 19 3
15 17 27
9 14 1
21 1 25
11 12 29
7 11 13
5 9 33
2 6 14
1 5 33
2 5 15
15 18 15
5 7 27
3 7 10
15 18 12
16 18 2
13 15 29
8 12 35
13 16 28
23 2 21
8 11 6
20 0 28
11 14 22
4 9 1
19 21 26
22 3 22
23 4 9
16 19 28
9 13 24
16 20 20
6 9 3
0 4 18
12 17 22
14 16 13
4 6 32
13 14 23
12 12 32
23 0 16
13 14 22
15 19 23
23 3 20
17 20 33
2 5 30
20 22 6
5 8 6
2 6 2
15 17 3
7 10 15
17 20 8
3 6 35
10 14 11
4 7 30
0 3 25
8 13 8
6 6 13
6 9 3
21 1 14
12 17 3
10 14 9
23 2 26
20 0 25
21 22 3
15 17 17
14 18 8
18 22 27
15 17 15
3 5 25
20 23 13
14 18 7
11 14 14
12 14 30
14 16 1
18 20 18
13 16 20
13 17 5
21 0 16
22 1 34
19 22 35
13 17 2
7 11 1
7 8 17
22 1 20
18 21 33
19 21 28
4 7 7
18 20 3
22 23 22
17 22 16
4 7 10
11 14 34
18 21 29
5 6 34
19 22 17
16 21 12
4 8 16
14 17 8
15 17 1
4 6 27
20 1 1
15 20 13
9 12 19
5 9 29
19 22 25
15 18 4
6 6 36
20 23 34
17 23 6
17 19 27
19 22 2
14 18 26
8 11 35
14 17 36
12 15 3
13 18 25
12 14 12
2 5 35
14 17 36
1 4 12
2 5 17
23 2 34
0 3 22
8 12 17
12 16 7
19 22 8
0 3 14
2 5 23
13 16 27
19 23 36
13 15 18
6 9 12
19 22 8
18 19 21
15 17 24
16 19 12
4 6 32
22 1 13
13 17 13
7 12 7
9 12 12
12 14 30
19 22 33
11 14 2
16 18 26
20 23 1
13 16 30
17 20 34
3 7 9
20 0 33
18 21 31
10 11 31
13 15 5
5 10 14
1 4 34
2 4 32
14 18 5
7 11 19
18 22 9
21 23 16
17 19 20
5 7 29
15 18 8
1 4 2
4 7 21
14 18 26
13 16 33
16 16 30
10 13 32
17 22 2
9 14 24
18 20 24
0 4 14
17 20 25
1 4 35
8 11 24
14 16 24
14 17 21
5 9 14
4 6 7
22 2 25
4 7 7
19 22 25
17 22 34
9 12 6
21 0 29
1 3 3
22 2 22
14 17 16
6 10 23
0 6 29
7 11 12
18 21 19
21 23 24
3 6 3
0 3 8
10 11 12
20 22 8
6 10 2
9 14 23
0 3 24
4 9 27
0 2 33
10 14 14
6 9 17
15 17 1
13 16 5
20 23 36
21 22 7
16 20 20
5 8 15
14 17 23
22 2 19
7 9 12
6 10 33
8 11 15
16 21 4
21 22 29
7 8 8
13 14 24
1 5 1
6 9 8
9 13 32
9 12 12
22 0 21
0 3 5
22 4 27
18 21 20
11 15 6
8 11 14
5 8 29
10 13 19
11 14 35
19 22 7
2 5 34
8 10 12
16 19 23
0 2 30
3 6 23
12 16 8
18 21 11
13 17 32
18 21 28
8 11 26
17 19 23
0 4 23
4 8 18
2 5 3
6 9 20
2 4 35
4 6 6
5 8 2
21 0 25
13 15 10
15 18 23
17 19 15
1 4 8
6 8 24
22 1 8
15 17 18
14 17 11
23 2 8
15 18 15
0 2 23
20 0 25
1 4 3
16 19 9
20 21 6
2 5 32
15 18 21
7 11 19
13 16 22
5 9 4
7 10 27
9 11 27
12 15 19
23 1 4
22 1 27
5 8 26
0 1 29
2 6 24
3 8 11
20 0 32
19 22 4
1 5 15
16 18 26
15 18 8
17 22 31
9 13 35
18 19 12
0 4 9
21 0 9
22 0 15
7 9 7
22 1 9
18 20 20
20 22 4
7 9 36
12 14 30
3 5 28
22 0 10
8 12 13
23 2 21
18 22 5
13 15 28
19 0 14
19 21 5
12 16 29
22 1 30
22 2 6
18 21 11
15 18 20
8 12 15
16 19 11
16 21 26
2 6 22
17 19 5
23 2 3
13 16 8
15 17 12
8 12 35
19 23 10
14 17 10
17 19 7
14 16 7
4 5 7
14 17 7
6 9 33
10 13 24
20 0 8
4 7 32
11 12 10
15 17 19
5 6 24
10 15 27
13 16 17
19 22 30
5 9 1
8 12 1
11 14 10
2 4 11
12 15 22
14 17 14
22 1 17
11 12 23
7 9 9
3 6 25
0 4 14
7 8 18
7 9 22
23 3 4
12 15 35
21 23 30
21 22 16
20 23 11
5 8 27
15 16 31
14 19 18
4 7 32
19 21 26
21 23 1
4 7 7
7 12 3
11 14 26
8 13 28
19 22 26
19 0 19
16 19 7
10 13 32
3 7 27
17 21 15
4 7 14
5 7 19
0 4 21
21 1 36
13 17 5
14 16 5
21 23 17
5 6 21
21 1 35
13 16 7
19 21 3
15 19 7
23 2 34
15 18 22
3 6 7
17 21 27
18 20 21
0 3 33
18 20 8
22 2 20
19 0 11
8 10 21
0 0 22
11 14 22
3 5 13
11 13 1
4 8 23
12 16 34
11 14 12
10 14 26
5 7 9
15 19 35
5 8 19
7 10 12
6 8 24
15 18 18
20 0 25
18 20 34
9 12 8
8 10 10
7 10 5
12 14 10
9 13 2
21 1 3
12 14 12
7 8 6
8 12 20
21 1 8
13 15 6
6 10 35
22 0 30
12 15 34
21 0 13
20 23 34
7 10 24
14 16 36
12 15 27
2 6 13
1 4 31
11 13 35
0 3 35
6 9 33
18 21 15
13 14 10
11 15 4
8 12 15
22 0 35
7 11 33
21 23 13
20 0 22
18 22 4
14 17 27
8 9 27
15 19 21
10 14 5
12 14 30
8 14 26
19 21 15
6 10 1
8 11 22
15 18 26
14 16 5
12 16 30
18 22 17
6 8 36
20 21 22
22 2 16
10 11 2
23 2 25
5 9 16
6 10 19
11 15 9
6 8 17
0 3 24
4 6 12
21 0 12
3 4 8
16 20 15
20 0 1
12 16 30
18 20 3
0 3 1
10 12 35
4 6 24
5 8 5
7 11 7
13 16 34
5 7 30
16 19 30
10 13 7
10 13 1
1 2 24
0 3 34
8 11 16
8 13 35
1 2 6
18 21 7
3 6 22
6 6 34
3 8 33
22 1 36
15 18 2
22 0 22
20 23 24
9 12 19
18 19 35
17 20 5
18 21 15
20 0 10
2 6 24
8 11 1
5 7 10
16 18 4
7 10 2
10 14 12
22 1 36
12 15 10
14 17 31
16 20 14
8 11 26
23 0 22
3 7 35
18 21 33
11 14 34
7 12 10
17 20 1
15 18 29
0 4 34
13 17 25
3 6 17
2 5 31
20 23 20
11 15 23
11 15 35
23 2 24
0 3 25
4 6 35
4 9 8
20 0 7
15 17 21
21 0 28
15 17 34
23 2 25
21 0 31
8 12 25
19 23 24
17 19 19
6 10 21
3 6 21
13 17 34
21 0 35
21 23 25
19 21 35
14 19 16
19 20 12
22 1 6
10 14 18
10 13 28
14 16 8
4 6 14
16 19 8
0 4 11
14 18 35
17 19 30
21 0 32
6 9 14
7 11 9
1 6 28
11 13 2
0 2 16
12 13 33
3 6 35
11 13 28
10 14 1
6 10 16
15 18 12
0 4 25
2 6 17
12 16 35
18 22 22
23 1 15
10 12 24
8 10 8
7 9 9
16 20 23
3 8 32
8 10 34
5 9 3
6 7 10
2 7 18
6 8 9
22 1 33
6 10 35
0 3 30
21 0 31
18 21 13
17 22 34
1 4 22
2 6 14
23 2 1
0 3 29
11 15 15
16 19 3
4 7 15
12 13 19
18 20 16
0 4 18
23 1 28
6 9 14
15 19 11
9 11 32
18 20 22
7 11 32
14 17 31
4 5 12
16 19 27
13 14 28
13 17 20
0 2 22
1 6 35
14 18 33
17 18 24
17 20 24
7 10 12
10 13 9
8 11 1
12 15 1
4 7 19
9 11 25
22 1 23
7 9 19
4 9 26
20 23 15
14 17 7
3 5 8
0 3 14
19 0 26
23 3 34
4 8 2
21 23 16
12 16 23
1 6 34
22 3 35
3 4 20
18 21 36
9 11 36
4 7 1
6 8 30
1 5 28
10 12 12
1 4 1
3 7 19
20 22 28
17 20 10
1 4 11
18 22 13
22 2 29
5 8 18
10 13 6
15 18 24
11 15 15
12 16 18
9 12 18
5 7 5
22 0 32
4 5 5
18 21 8
14 18 17
18 20 17
15 18 26
13 16 25
0 2 14
1 5 17
10 13 2
9 11 23
21 23 21
5 6 12
1 4 32
19 23 33
14 17 6
15 17 3
11 16 22
18 21 20
1 6 6
3 5 22
7 9 13
6 8 31
10 13 20
22 0 24
13 16 35
17 18 4
11 13 25
12 14 32
21 23 21
2 7 12
21 0 13
1 3 32
3 7 30
7 11 21
5 8 35
16 19 5
1 4 11
1 5 17
19 21 9
23 3 18
19 21 22
17 20 20
15 18 24
9 10 27
5 6 13
16 20 17
16 20 36
7 10 1
11 13 28
6 10 23
6 8 18
0 4 32
6 10 17
7 10 9
1 5 4
17 20 32
14 19 17
8 12 7
23 1 33
21 2 13
14 18 26
0 3 17
0 2 31
23 2 14
4 7 12
6 8 3
7 10 21
6 10 8
2 7 33
4 7 31
12 16 4
22 2 4
1 5 26
4 7 8
11 14 36
9 13 34
20 0 9
8 9 27
22 1 24
11 15 8
21 0 33
3 6 24
3 7 30
21 0 25
10 12 26
7 11 11
14 17 1
23 0 20
2 6 9
0 3 31
12 16 21
13 16 12
2 4 19
21 1 1
0 4 30
13 17 6
4 6 23
8 13 22
3 7 14
13 17 8
7 12 19
16 18 5
17 18 20
15 19 6
3 5 31
18 21 16
16 20 27
8 10 21
0 4 36
2 5 20
0 3 3
14 16 23
19 21 32
18 21 36
9 12 18
0 3 2
11 13 24
9 12 29
13 17 31
1 4 31
4 6 18
18 22 4
1 6 27
7 9 28
4 8 25
21 1 15
19 22 28
17 20 31
12 14 36
20 23 27
2 6 34
12 16 5
1 5 5
0 3 3
3 6 34
4 6 36
4 6 17
3 5 13
22 2 25
0 2 12
22 1 30
4 6 34
17 18 3
23 2 8
20 0 8
11 15 25
18 20 26
2 4 27
10 13 32
4 9 23
10 13 3
21 3 8
22 23 9
0 3 36
9 13 9
10 13 8
0 3 35
17 20 30
23 3 17
0 3 7
8 10 6
2 4 36
2 6 2
23 2 9
12 15 28
7 11 3
23 2 1
22 2 33
1 4 16
4 7 28
10 13 3
6 9 27
8 10 3
22 2 16
2 5 16
15 18 20
2 6 7
18 22 5
3 7 5
19 22 22
19 21 35
9 12 18
3 6 3
0 3 36
11 15 8
15 17 28
14 16 13
12 16 25
13 17 25
6 11 32
10 11 25
20 0 32
21 23 27
20 23 16
15 18 16
17 20 9
8 9 20
8 10 14
20 0 1
22 2 34
23 0 11
22 0 21
13 18 26
22 3 13
13 16 32
13 15 22
14 16 9
1 4 8
14 16 5
0 2 18
8 10 10
13 16 35
8 10 6
15 20 28
1 2 28
7 9 4
12 16 32
1 2 7
9 13 22
5 7 24
14 18 10
0 3 18
0 3 34
17 20 20
13 16 26
18 23 14
9 13 16
0 4 3
13 15 7
4 7 7
14 15 5
10 15 21
23 2 5
13 15 11
18 21 11
4 6 35
6 8 27
19 21 24
8 12 30
2 6 36
0 5 30
9 14 26
12 16 23
21 1 3
8 11 16
6 9 18
1 6 26
21 1 23
8 11 3
13 15 34
19 21 31
11 13 15
19 23 11
22 2 16
23 2 18
7 12 26
22 2 36
2 4 4
0 3 6
18 21 15
13 15 21
17 20 12
14 17 28
13 16 7
5 8 34
14 18 22
15 18 1
9 12 28
4 7 24
7 10 10
15 19 16
16 21 26
6 9 6
1 4 27
12 17 24
22 1 7
21 0 20
19 23 24
23 2 18
23 2 36
13 16 34
18 21 35
18 20 4
6 9 29
15 17 12
4 7 34
7 10 14
17 20 34
17 20 36
22 0 21
15 19 25
23 2 19
20 23 6
21 1 5
10 14 30
20 22 18
17 19 5
10 12 7
22 2 30
15 18 35
21 2 29
12 14 14
22 0 24
20 23 7
3 5 20
13 16 4
4 7 25
22 3 28
3 5 14
6 9 18
0 3 20
18 22 26
20 22 9
17 21 7
3 6 5
15 17 31
21 1 28
0 4 35
0 3 28
8 13 1
16 20 24
7 11 14
19 20 16
13 16 30
2 4 18
4 8 5
14 16 15
13 16 15
1 4 36
16 20 35
4 7 23
23 2 24
17 19 29
4 7 11
8 10 36
16 19 34
17 20 17
10 13 25
0 6 5
2 6 35
20 0 36
2 6 32
15 18 30
11 14 6
16 18 27
12 16 25
0 2 35
22 1 3
3 7 1
5 6 6
2 5 26
4 8 27
18 22 8
2 3 29
3 7 14
19 20 4
20 22 13
9 12 23
10 14 21
18 21 34
1 4 29
19 22 4
16 18 20
14 16 18
9 12 27
4 6 23
9 11 21
20 1 23
2 5 34
19 22 7
12 15 33
18 0 14
14 18 27
20 1 23
0 1 32
8 10 19
8 12 26
12 15 9
18 22 18
1 5 36
20 23 4
2 5 14
16 19 6
17 20 24
14 17 6
6 8 6
3 6 22
13 16 20
7 10 3
14 15 9
12 16 9
9 13 3
7 11 3
22 2 35
23 0 29
22 1 16
4 7 22
12 15 34
2 5 3
22 23 22
5 7 5
15 18 16
23 1 17
17 20 32
22 1 22
14 16 33
2 5 22
0 3 16
17 21 5
2 4 18
14 18 19
23 2 26
22 0 21
19 23 32
5 8 1
1 5 9
11 15 16
19 21 14
18 22 5
0 3 34
18 20 1
6 10 16
15 19 32
18 21 12
10 13 3
18 19 4
3 5 14
3 7 16
17 21 27
6 9 4
3 5 13
19 22 34
11 12 9
14 15 12
6 7 25
3 6 33
21 1 11
18 22 21
10 12 32
5 7 14
22 2 18
4 9 27
15 18 27
18 20 26
20 22 24
7 12 1
1 4 3
11 16 4
7 10 13
7 9 8
10 15 32
5 8 7
22 1 11
3 5 10
20 21 3
19 21 3
22 2 13
7 11 35
0 5 16
20 0 29
9 12 3
7 11 9
14 17 17
7 10 29
0 3 11
10 12 22
10 12 36
19 22 25
20 22 31
2 5 33
14 15 36
11 14 15
9 12 22
14 18 30
9 11 10
3 4 3
19 20 28
7 10 10
17 19 2
16 19 35
12 15 4
21 23 23
4 7 7
12 15 5
0 3 33
14 16 34
15 19 24
0 4 6
22 1 31
20 1 14
1 6 4
12 14 27
23 4 27
20 23 1
5 7 36
20 23 31
0 3 13
2 4 28
18 22 7
14 19 24
11 15 27
17 21 20
23 0 13
1 4 2
21 0 23
4 6 28
22 1 2
18 20 34
10 15 6
9 13 9
9 11 23
3 6 18
9 13 33
12 16 36
15 18 15
3 4 9
9 11 31
17 19 14
6 9 12
8 10 14
4 6 34
11 14 23
20 22 32
14 16 36
1 4 35
6 10 7
18 23 33
0 2 9
1 3 13
11 15 25
6 10 9
20 22 9
23 3 33
14 16 33
4 8 4
16 20 26
22 1 31
5 8 6
8 12 5
6 9 1
10 11 18
12 15 22
8 10 20
2 4 6
23 0 36
17 20 3
22 2 1
4 7 7
3 6 6
21 0 10
20 22 8
21 0 8
20 22 17
3 4 33
21 23 16
11 15 18
8 11 1
22 3 4
3 5 17
12 14 22
18 20 3
18 20 15
17 19 25
8 10 1
6 10 36
21 22 25
22 2 17
9 11 1
15 18 22
23 3 19
23 1 19
13 18 33
0 2 8
11 14 32
5 8 4
0 3 36
15 19 31
4 5 27
0 3 34
5 8 19
12 14 28
14 20 18
6 8 16
15 17 19
3 6 34
12 17 17
4 6 2
8 11 4
10 13 7
3 5 35
21 0 35
18 21 19
11 15 24
10 12 25
18 21 9
14 15 34
3 5 10
11 13 6
8 10 16
17 20 19
18 20 4
5 8 35
10 13 26
8 10 21
23 1 34
11 15 16
11 13 27
23 2 15
14 17 3
9 12 29
7 11 27
4 6 25
14 17 25
19 21 24
23 3 5
1 6 22
21 21 24
20 22 12
23 1 22
10 13 25
21 23 20
2 6 22
11 16 7
17 20 4
15 16 13
22 1 9
3 7 8
18 21 30
4 7 31
0 4 33
23 2 20
17 20 14
3 6 11
1 4 27
15 19 29
7 9 16
11 14 22
1 6 31
3 5 34
3 6 25
15 17 30
0 2 12
18 22 10
10 12 7
16 20 5
16 20 3
6 10 28
23 1 30
9 13 29
9 11 7
18 22 25
23 3 3
0 4 23
17 18 20
11 14 22
13 16 31
22 3 7
11 15 18
12 14 28
14 16 26
12 15 20
7 12 17
1 4 15
20 22 13
22 1 4
18 23 21
6 10 23
10 13 14
3 6 15
3 7 36
13 17 26
4 8 19
18 21 11
9 12 17
8 10 12
14 17 3
19 21 4
23 3 2
16 19 29
7 11 24
18 21 10
5 9 22
12 14 30
13 15 28
20 23 1
23 1 19
3 7 13
21 23 6
17 20 18
15 17 4
8 10 1
10 11 31
1 3 34
20 22 5
5 7 24
1 6 21
16 22 36
20 21 31
17 20 12
10 12 23
4 6 11
6 9 1
22 1 21
5 9 6
2 5 1
1 5 2
4 7 22
22 23 24
9 12 23
15 18 4
3 5 26
11 14 17
5 9 2
1 5 27
18 21 36
6 8 7
21 23 30
13 15 36
1 5 33
23 5 28
14 16 17
5 9 18
14 18 33
18 22 15
1 2 1
18 19 5
12 15 29
14 14 5
4 6 4
8 11 7
4 7 33
18 21 12
7 12 13
17 20 5
1 4 26
3 5 5
14 17 5
5 8 35
4 8 17
20 0 20
6 8 5
23 2 23
9 12 12
11 15 32
23 1 13
23 1 33
7 10 17
9 11 29
18 22 5
8 10 29
4 4 31
10 13 35
12 15 20
21 22 19
7 9 8
8 11 12
9 11 5
12 15 3
23 2 20
6 9 25
18 21 24
11 15 22
3 7 29
6 8 19
6 9 1
16 19 36
10 13 21
23 4 6
9 12 19
4 7 27
16 18 15
19 22 30
10 13 7
13 17 35
19 23 18
6 11 28
11 13 4
5 7 9
15 17 9
15 18 4
5 8 2
8 12 23
21 1 21
1 4 31
7 10 31
23 5 33
13 16 27
6 8 23
20 0 5
13 16 36
1 3 7
3 7 1
0 4 29
11 14 22
10 14 2
18 21 23
21 22 30
6 9 22
18 21 28
8 11 30
18 20 1
18 21 34
4 7 33
6 7 9
18 20 5
22 23 18
13 16 16
3 6 11
7 9 22
6 11 19
13 18 4
11 14 1
9 11 27
8 9 2
4 10 12
10 12 16
13 13 25
17 21 26
7 12 3
14 18 23
18 21 20
4 6 27
4 7 19
8 13 15
22 2 18
7 12 34
10 13 10
17 21 4
5 8 29
19 21 8
9 10 33
15 17 12
15 17 20
9 11 2
16 19 35
23 2 34
22 2 31
18 19 29
13 15 29
13 17 16
9 13 24
15 19 26
15 18 9
1 4 21
10 12 31
19 22 13
18 20 33
15 18 2
4 7 5
13 17 32
1 3 19
15 18 19
7 9 18
12 14 4
23 2 29
6 8 1
16 20 36
6 9 4
8 10 9
10 12 24
22 1 20
22 2 10
18 21 4
14 17 32
2 6 20
7 10 14
4 6 20
12 14 10
21 22 33
22 3 15
8 12 2
19 23 20
15 18 24
12 15 4
23 3 13
15 19 19
17 20 1
21 23 29
16 20 26
3 5 8
3 8 33
13 15 8
8 10 19
9 11 7
0 2 36
0 3 2
19 21 18
11 14 7
17 22 1
18 21 16
7 11 1
16 20 17
0 1 29
4 8 31
20 23 27
10 12 27
21 22 10
18 0 8
18 20 29
8 10 1
15 19 7
13 16 24
9 13 6
16 21 18
18 20 35
9 11 21
7 10 23
12 16 15
16 20 14
18 20 2
11 15 33
9 11 17
5 8 25
19 20 4
13 17 20
23 4 20
23 2 26
5 9 29
5 8 5
18 20 25
1 4 21
8 9 27
4 8 36
19 22 19
9 14 5
18 21 29
15 17 32
1 5 23
11 15 28
11 13 21
7 11 30
12 16 9
17 22 9
14 19 27
0 2 20
19 22 15
15 19 8
18 21 34
0 4 16
21 23 34
14 17 25
11 14 1
8 11 32
10 14 23
1 3 35
1 4 24
19 22 11
1 3 10
19 23 30
7 9 20
21 0 9
10 13 10
10 12 10
10 12 11
10 15 25
21 23 24
19 23 29
20 21 31
21 23 7
8 12 16
3 5 7
8 11 19
9 11 3
5 8 8
1 5 9
13 16 18
8 13 26
11 16 20
3 5 11
13 15 20
16 20 30
5 7 32
19 22 25
7 10 22
19 23 35
13 16 16
21 1 21
11 15 18
2 3 25
5 9 25
15 18 1
17 20 8
16 19 31
6 10 35
21 1 33
21 1 29
20 0 7
18 22 6
22 1 3
2 6 20
10 13 30
11 15 17
8 14 9
22 2 4
21 2 14
13 17 21
4 7 18
19 23 5
17 20 32
19 23 7
10 14 29
16 20 36
20 22 10
20 0 3
10 12 4
4 8 36
11 13 13
12 16 9
15 18 32
15 18 6
20 21 19
10 13 10
14 16 35
17 21 9
21 1 35
20 0 34
14 17 1
1 4 16
23 2 12
17 18 1
0 2 8
7 11 9
15 20 36
11 14 11
8 12 13
6 8 3
22 1 15
20 23 34
0 3 22
18 20 3
6 11 26
23 3 25
3 5 2
6 10 18
5 10 34
5 8 22
4 6 10
21 0 22
9 11 28
4 6 33
15 19 27
2 4 26
3 7 21
6 7 28
1 3 1
12 14 27
0 2 36
16 19 18
0 3 22
8 10 3
9 12 34
6 11 23
3 6 29
12 13 14
17 23 12
9 8 12
7 11 22
16 20 31
5 9 32
10 14 20
8 10 13
0 1 23
4 6 18
3 6 3
14 16 34
10 14 17
7 10 32
5 8 17
3 6 14
15 19 11
6 9 17
1 3 8
2 4 17
10 12 6
15 16 27
8 9 35
4 5 11
18 21 4
19 0 17
10 12 36
18 20 28
20 0 9
16 19 9
19 23 1
7 10 22
23 1 26
3 6 25
13 14 31
17 20 30
11 16 19
14 17 25
14 15 5
22 1 28
21 23 3
17 21 16
21 23 14
18 22 21
3 7 19
20 22 14
21 23 34
10 13 21
13 17 6
9 12 2
8 9 7
13 15 17
2 6 4
22 0 19
1 5 19
14 15 27
22 1 23
23 1 15
15 17 11
18 20 23
2 6 29
19 22 31
2 6 33
4 7 17
16 20 30
21 0 34
11 15 28
11 15 17
7 10 28
9 13 32
22 0 19
16 18 22
12 15 15
9 12 26
23 2 21
21 0 8
0 4 3
4 7 35
11 15 10
13 15 20
1 4 16
23 3 7
16 19 16
7 8 11
17 21 21
20 22 2
5 9 3
23 2 11
4 6 28
21 1 12
8 12 7
19 22 4
13 15 10
21 0 28
18 21 6
17 20 23
1 5 5
4 7 22
23 2 24
18 22 16
17 19 1
8 10 22
23 1 26
18 22 18
5 10 35
0 3 35
7 9 7
20 23 15
8 12 32
16 19 4
22 2 14
5 7 11
16 18 33
12 15 36
5 9 26
23 1 36
16 18 18
18 20 5
5 7 17
7 10 2
19 22 19
21 23 1
16 20 35
15 16 2
16 20 27
0 5 16
0 3 19
13 15 21
15 16 9
15 18 6
4 8 3
12 15 18
17 20 11
1 3 17
20 0 3
3 5 30
17 20 3
18 21 17
9 10 11
19 21 22
15 19 13
17 20 13
20 0 11
21 0 11
18 23 4
2 5 33
20 23 12
23 2 11
7 11 29
22 0 15
23 1 23
23 3 27
8 10 12
15 17 35
1 5 6
8 11 29
5 8 29
8 9 9
7 11 31
20 23 4
1 4 4
15 18 28
9 13 34
21 0 1
21 23 17
3 6 30
20 23 31
15 19 11
22 1 33
10 12 32
1 3 10
14 19 8
18 20 22
11 14 5
16 19 11
13 17 22
17 22 32
11 13 9
1 3 10
5 6 35
9 13 28
16 21 13
6 11 18
2 4 33
12 16 22
11 14 29
22 1 30
21 23 18
2 6 9
6 8 15
13 16 5
17 18 10
15 17 16
8 11 22
14 15 13
3 8 8
7 11 31
14 17 21
6 9 35
20 23 1
15 19 6
15 17 3
4 7 36
8 9 10
11 14 2
9 13 20
8 12 23
17 20 24
19 20 5
21 23 19
17 19 16
11 15 24
15 19 9
10 13 18
7 11 2
17 20 19
13 14 26
12 16 9
4 8 1
10 13 27
13 17 20
16 18 26
3 8 14
2 5 22
4 8 4
10 13 8
4 7 28
5 7 29
19 22 32
8 11 23
11 14 21
6 10 24
18 21 14
6 9 2
0 2 7
8 9 22
5 9 7
13 16 5
10 14 14
19 22 35
22 1 20
21 0 21
22 3 11
2 5 34
2 5 4
17 18 28
1 4 1
8 12 29
13 16 2
17 19 18
9 12 10
21 3 5
20 23 8
7 9 33
0 3 4
5 9 34
18 22 16
15 16 29
14 18 32
3 6 4
0 3 34
6 9 22
16 19 9
3 4 35
18 19 18
14 18 16
7 11 13
6 9 9
22 1 35
5 7 29
23 0 19
7 10 12
11 14 15
3 8 30
20 0 22
19 20 13
10 14 34
1 5 32
21 0 4
15 19 12
5 9 27
13 16 1
16 19 34
7 11 27
18 21 31
23 2 31
23 2 29
19 21 16
19 22 10
8 13 6
14 18 32
10 13 1
0 3 21
8 10 32
11 14 21
21 0 25
6 10 36
19 23 4
20 23 6
16 18 18
11 14 10
22 2 22
16 18 26
11 11 14
8 13 19
23 3 36
12 15 32
14 14 6
0 2 20
22 1 5
7 10 32
0 3 30
10 14 25
11 14 21
18 22 4
0 4 2
15 17 27
10 14 10
3 4 28
15 17 19
16 19 7
9 9 11
2 4 8
19 23 24
19 22 24
8 11 19
15 18 6
5 8 7
4 5 10
4 7 32
2 6 21
12 15 23
19 23 16
5 8 26
8 11 12
3 5 17
5 8 17
1 4 17
5 10 9
12 15 24
12 14 12
8 10 4
13 16 2
7 9 12
18 21 22
16 19 8
20 23 18
22 1 20
7 11 26
14 17 17
15 17 35
15 18 16
8 12 28
12 15 34
10 13 22
14 15 21
0 4 29
22 1 15
20 0 20
22 0 14
4 5 12
17 21 31
10 14 17
23 2 28
9 12 32
9 12 36
20 22 25
0 2 7
4 7 17
22 1 18
3 6 16
1 4 27
14 16 14
11 14 26
10 13 14
15 18 16
5 6 16
10 13 4
5 8 34
18 22 30
11 15 18
13 16 27
23 1 12
9 11 22
14 19 24
18 21 31
11 15 32
1 4 16
23 2 4
22 2 34
1 3 9
4 7 24
16 20 5
8 11 34
16 19 22
20 1 11
10 13 12
13 13 16
22 2 28
7 9 18
14 18 5
10 13 24
16 18 15
21 22 13
8 12 26
2 4 22
9 12 29
17 20 34
1 5 12
10 13 6
7 12 30
9 11 23
8 10 16
11 13 2
12 17 8
16 18 19
10 15 20
2 6 26
23 2 11
18 22 13
19 21 32
13 18 31
2 5 27
3 5 4
18 20 11
20 23 16
7 9 2
6 10 8
8 11 34
22 1 27
9 14 3
19 21 36
22 2 16
5 7 22
10 11 16
5 9 29
16 20 9
9 13 32
17 19 34
0 3 28
13 16 22
19 21 34
9 11 11
21 0 9
10 14 2
21 0 7
1 2 27
5 10 8
16 18 9
10 12 20
18 20 16
18 21 36
8 10 22
17 20 28
11 11 14
8 10 31
5 8 30
21 0 27
0 4 13
10 11 29
10 13 22
14 17 36
23 2 20
2 4 23
22 2 8
7 11 5
13 15 19
4 6 14
8 11 31
14 17 22
13 15 3
22 1 28
20 0 2
10 13 12
20 22 14
11 14 10
6 9 36
16 18 32
19 20 9
16 20 4
2 5 7
22 2 25
20 23 22
20 23 23
6 10 28
19 21 26
10 12 29
17 20 33
11 14 30
3 6 34
6 10 23
3 4 32
16 18 32
4 7 16
1 5 12
7 9 31
18 20 22
14 17 27
19 21 2
1 4 9
3 6 1
18 20 27
15 19 20
2 6 2
20 21 31
10 13 33
11 15 30
4 8 22
23 1 18
15 17 1
10 15 29
12 15 13
23 3 18
1 4 34
6 9 24
18 20 23
3 6 2
21 23 22
3 7 33
9 12 10
9 12 28
15 17 24
14 16 6
23 1 16
18 21 8
6 9 16
18 19 16
21 0 32
19 22 31
9 11 17
10 13 28
2 5 31
12 16 19
10 11 6
20 0 10
9 12 26
19 23 12
5 8 26
7 9 17
16 19 20
19 22 22
0 4 19
21 23 4
19 0 8
18 22 4
11 14 8
7 11 29
9 11 17
21 0 11
16 19 13
1 3 7
7 9 13
18 22 31
1 4 20
23 1 1
5 8 2
14 15 5
13 15 34
23 3 7
18 23 6
16 18 11
12 16 3
22 1 18
6 9 36
4 6 29
20 23 23
1 4 5
23 3 6
7 11 25
0 2 32
0 3 4
0 4 8
11 15 25
17 19 35
23 2 9
1 4 24
11 15 30
9 11 20
16 18 9
22 2 29
6 8 20
9 12 30
7 11 19
23 2 8
13 18 16
13 17 10
14 15 4
3 7 32
6 8 21
4 8 28
19 22 15
7 9 11
21 0 34
1 3 12
21 23 15
21 1 27
9 12 31
5 8 16
20 22 31
3 6 24
17 21 22
21 0 25
0 2 34
11 15 32
2 5 24
13 17 33
20 21 29
19 21 28
6 10 17
3 5 13
22 2 5
5 8 17
15 19 10
18 21 35
15 19 2
7 10 15
10 15 11
8 12 18
20 22 6
16 18 16
0 3 21
18 21 15
13 17 19
13 16 35
0 4 23
3 5 33
12 15 34
4 7 9
19 22 19
0 4 12
1 3 29
15 17 27
12 15 9
9 13 36
3 5 29
6 9 26
7 9 2
17 20 18
1 3 8
5 8 9
5 8 21
20 0 7
7 12 26
6 9 13
22 0 11
14 16 14
3 5 6
6 8 26
11 13 31
6 9 8
3 8 18
15 18 31
14 17 15
16 18 11
3 5 27
0 3 15
4 5 6
5 8 19
15 19 26
15 18 31
13 16 14
17 21 22
8 11 12
17 22 18
17 19 10
22 2 14
3 7 34
5 10 12
22 2 8
6 9 1
4 6 24
4 9 6
10 14 22
1 3 7
14 19 9
9 10 34
0 2 6
11 14 8
15 17 5
12 13 35
22 2 11
10 12 15
19 21 5
23 1 33
7 9 16
16 20 35
15 17 31
10 13 3
7 9 13
1 5 27
4 6 30
13 15 25
7 11 2
7 10 29
6 9 34
7 11 14
20 0 5
4 6 12
2 3 16
3 5 11
7 11 7
4 7 25
3 5 23
4 7 9
21 22 25
0 3 20
4 7 17
11 13 30
16 19 4
7 10 7
15 18 9
10 15 20
14 17 27
17 19 29
7 9 26
19 0 25
2 4 2
10 12 4
9 12 30
0 2 5
16 20 6
8 10 3
19 20 21
16 18 16
4 7 35
13 15 34
14 17 9
15 18 7
8 11 22
5 9 31
9 10 32
6 8 7
7 9 9
18 21 33
2 5 36
22 1 8
0 3 14
19 20 14
0 2 28
17 20 36
18 21 31
22 1 24
6 9 18
1 4 23
21 23 18
5 8 6
17 22 14
10 11 2
18 20 15
11 13 29
1 3 27
21 0 34
5 9 3
10 12 16
12 15 30
7 11 7
4 6 35
14 16 29
3 6 1
19 20 19
0 4 7
3 5 3
6 10 33
23 1 17
2 5 35
4 7 13
15 17 28
7 10 15
15 20 15
22 2 33
2 4 9
5 7 20
12 14 28
3 6 11
1 4 14
23 2 28
10 14 2
4 5 3
9 12 11
15 18 23
7 10 10
0 3 6
2 5 26
19 20 1
13 18 6
19 22 3
12 16 7
11 13 7
7 10 21
17 21 16
1 3 3
17 21 4
21 0 4
4 6 10
11 15 22
23 2 23
21 1 18
5 9 8
4 6 7
5 8 30
18 22 31
5 8 25
15 19 25
18 21 8
20 22 24
4 7 6
1 4 28
4 8 4
14 17 19
5 8 36
10 13 13
20 22 4
20 0 12
6 9 25
7 11 4
3 6 29
19 0 29
8 11 21
9 11 19
8 10 1
18 21 25
18 21 26
13 15 5
4 9 27
9 13 7
1 3 32
2 5 19
13 16 13
6 10 16
13 15 26
4 7 26
23 3 22
20 23 6
2 4 16
16 19 9
7 11 33
10 13 22
21 0 14
11 15 18
0 4 23
14 16 22
11 14 10
23 3 13
1 5 12
1 4 16
22 1 5
12 17 30
6 9 4
18 21 28
2 4 22
21 0 3
23 0 10
21 0 24
20 23 1
13 16 5
23 2 1
7 10 10
0 2 2
15 16 5
23 3 30
8 10 10
2 4 28
14 18 6
9 12 33
1 2 16
5 8 16
2 4 11
10 14 15
9 9 1
12 17 25
13 17 14
2 5 27
2 4 13
5 8 8
0 2 3
12 14 31
18 23 2
16 17 7
19 21 31
16 19 31
3 5 15
4 8 19
12 15 27
3 7 8
2 6 2
4 8 24
8 13 29
22 2 33
12 16 20
2 6 9
17 19 29
4 6 29
9 13 12
5 7 30
11 16 25
11 13 8
11 15 24
2 5 2
2 7 8
13 17 30
8 10 7
17 19 12
18 19 30
17 22 9
10 12 19
10 13 28
2 6 9
22 0 13
10 14 7
19 22 34
11 15 12
19 21 22
12 14 5
15 18 11
7 10 3
21 1 10
19 21 22
17 21 23
5 9 28
13 17 5
14 18 36
16 20 21
22 1 17
21 1 8
14 17 1
5 10 2
13 16 22
11 14 8
16 19 14
16 18 23
4 7 30
19 22 2
13 15 4
1 4 16
23 2 29
0 3 7
15 18 22
15 19 27
18 22 11
19 22 4
12 15 24
23 3 12
17 18 10
11 13 13
12 12 29
9 12 6
13 14 13
19 20 6
11 14 23
18 20 5
1 3 4
8 11 3
21 1 26
4 6 10
20 0 29
0 4 2
0 2 14
5 7 2
22 2 27
18 19 11
15 18 20
18 18 26
23 2 23
13 15 32
23 2 6
5 7 3
0 2 33
2 5 9
19 22 19
20 0 34
1 6 35
18 21 24
13 17 4
5 10 3
11 15 19
5 8 9
15 18 13
6 9 7
23 3 24
0 2 26
6 9 36
21 1 34
1 3 23
22 1 1
7 12 2
0 5 23
13 16 31
6 8 14
7 8 24
9 12 25
4 7 21
8 10 24
3 6 9
16 19 12
14 16 9
0 4 8
17 18 16
13 17 30
2 4 8
22 2 10
5 8 9
23 2 35
12 15 32
17 21 11
2 4 15
23 2 11
7 10 22
23 2 11
3 5 19
17 19 13
15 17 21
21 0 33
3 6 3
21 23 6
8 12 7
14 17 15
5 7 9
2 6 23
4 6 27
12 17 31
0 3 13
23 2 3
19 21 21
18 20 7
14 14 6
21 0 8
6 7 22
17 20 25
7 9 33
11 16 28
0 3 19
3 7 11
20 0 30
15 18 7
12 14 4
4 8 25
13 17 3
13 16 26
18 20 33
21 1 4
3 6 22
5 10 33
17 20 30
5 8 1
0 4 17
23 1 9
19 22 3
4 6 12
14 18 5
10 13 20
1 4 3
17 19 32
10 15 30
5 8 29
2 5 25
21 1 11
19 23 15
21 1 23
13 15 5
10 13 11
11 15 35
9 12 17
7 10 12
4 6 13
3 6 7
23 2 1
10 12 1
13 15 22
23 1 20
4 7 24
3 6 6
20 23 25
10 15 20
22 3 22
10 13 36
12 16 8
10 11 18
11 14 23
9 13 2
14 17 12
7 9 20
12 16 26
22 2 17
19 22 1
2 5 30
11 13 10
12 16 1
14 17 7
8 11 3
23 2 34
1 3 7
21 22 35
20 23 10
19 22 5
5 6 23
22 1 28
3 6 23
11 15 12
11 13 24
8 12 35
16 18 14
7 10 34
6 9 28
18 21 10
20 1 21
8 11 34
17 21 23
14 18 22
11 14 20
22 0 12
16 19 20
3 6 15
18 21 25
0 3 1
23 2 33
4 8 9
17 22 23
18 22 27
5 8 21
1 4 11
0 4 4
23 3 17
18 23 24
15 18 27
18 21 30
8 11 32
12 14 36
12 14 24
1 2 35
20 21 29
17 18 9
14 18 25
22 1 20
12 14 4
3 7 6
3 7 26
7 9 17
11 14 7
20 22 23
9 11 34
23 2 12
18 20 17
3 5 17
0 2 3
4 9 5
5 8 20
19 0 34
4 7 12
10 13 18
9 12 31
9 11 25
23 2 1
6 8 33
18 19 33
0 5 23
7 10 18
2 6 9
22 1 30
12 15 2
22 2 8
14 17 12
16 19 11
21 1 1
5 10 1
13 16 24
11 14 3
21 23 15
11 12 15
21 23 20
22 1 14
23 2 31
8 11 28
12 14 18
20 23 34
22 3 14
14 18 31
16 18 24
9 14 10
17 20 13
19 22 2
23 1 36
16 20 34
23 3 30
10 13 21
1 5 22
23 2 7
16 19 24
16 19 18
13 16 23
18 21 29
19 22 2
1 6 14
11 14 26
17 18 3
2 5 30
10 13 1
16 19 22
21 23 30
21 1 12
7 9 36
23 2 35
3 6 17
12 14 10
16 19 19
15 17 20
11 15 11
5 6 14
22 1 17
8 10 6
16 18 11
2 4 11
18 20 1
9 11 9
23 2 35
2 3 24
10 13 9
13 15 4
10 13 6
10 12 11
17 20 15
23 0 3
20 23 28
8 10 10
2 4 16
7 10 32
9 14 13
13 15 23
16 17 33
11 14 29
22 1 16
0 1 18
8 12 3
8 12 5
8 10 1
14 18 17
18 22 35
22 0 7
1 4 5
8 11 14
17 20 17
20 0 12
15 18 1
17 21 13
1 5 28
6 10 1
16 19 10
15 18 36
3 5 1
9 12 36
0 4 18
23 2 15
5 7 17
5 8 8
17 20 3
8 10 9
9 13 28
20 0 12
4 4 9
7 11 23
23 3 2
7 8 30
14 19 27
19 22 14
5 10 3
3 6 25
6 9 19
10 13 35
2 5 9
2 4 6
20 0 15
5 7 28
5 9 33
17 20 17
20 22 10
19 23 13
13 17 22
16 19 11
21 23 7
19 22 5
4 6 34
1 4 16
14 16 14
19 22 3
14 18 34
11 14 20
4 8 20
22 1 22
13 15 14
18 22 25
3 5 25
8 10 18
9 11 25
5 7 2
13 15 5
19 23 1
1 3 13
9 14 2
11 12 4
5 9 29
0 3 16
17 22 20
15 19 35
15 19 24
11 14 24
13 16 19
23 3 5
8 10 3
17 20 13
14 17 27
5 9 9
22 2 15
7 8 19
3 8 18
21 1 24
1 5 25
21 1 27
11 14 3
11 14 16
14 16 28
15 18 15
16 20 22
8 11 2
1 5 1
16 19 6
19 21 13
7 9 26
2 8 12
23 3 12
6 10 7
13 16 25
12 14 9
9 12 25
18 20 15
10 15 4
0 3 26
8 11 31
20 0 16
13 18 12
14 17 20
22 0 33
7 11 7
6 7 31
22 1 16
19 22 14
18 20 25
22 1 22
17 20 29
10 13 3
19 22 9
5 8 32
10 14 15
11 16 9
10 14 22
16 20 34
8 11 13
20 21 6
6 9 13
19 21 28
8 11 7
17 21 21
14 18 8
1 3 29
9 11 26
2 3 35
17 19 28
20 21 31
22 1 12
23 3 10
11 14 11
4 7 20
14 16 22
8 11 12
13 15 8
11 12 20
12 15 2
11 15 22
2 4 16
0 3 36
3 5 19
18 22 10
0 2 11
18 22 2
15 18 17
11 11 22
19 23 28
10 12 9
5 8 6
1 4 29
21 0 31
22 3 23
4 8 36
6 10 31
4 6 20
2 4 32
10 11 26
6 9 29
23 2 13
14 17 36
9 11 11
0 3 31
7 10 26
14 18 13
8 10 27
15 18 15
13 16 20
20 22 24
3 7 20
20 23 4
11 13 19
10 13 3
0 2 18
1 5 10
4 6 14
16 19 4
14 16 24
18 21 3
4 8 6
22 23 11
9 12 12
10 14 5
15 17 32
0 3 16
5 8 36
14 18 35
1 6 21
3 6 12
9 12 19
7 9 25
6 8 30
0 3 15
15 19 10
23 3 16
17 19 31
6 11 10
1 3 24
10 13 25
19 19 16
0 1 33
6 9 18
12 15 6
5 7 5
8 12 33
22 2 2
14 16 36
11 14 24
7 11 34
20 23 22
10 13 13
11 14 13
0 3 23
13 17 5
7 11 7
2 6 6
20 21 24
2 6 28
3 5 30
5 9 21
11 15 1
1 4 36
6 9 5
3 6 1
4 8 30
21 2 27
9 12 25
2 4 29
16 17 10
9 10 28
22 0 20
2 6 33
20 23 28
1 3 4
15 18 4
16 20 17
3 5 9
23 0 33
6 9 9
23 2 28
0 2 26
17 20 8
20 23 18
19 22 10
1 5 36
4 7 3
9 14 36
10 14 14
17 20 31
13 14 19
21 1 23
22 0 26
20 23 24
4 5 2
4 9 8
3 5 7
19 22 16
21 0 16
18 21 32
7 10 2
10 14 32
23 1 5
13 15 12
11 14 12
23 0 7
20 23 9
19 21 29
15 18 36
8 11 18
16 17 6
23 3 26
23 3 7
16 21 34
20 23 36
15 20 25
18 22 32
12 16 8
20 23 4
9 13 13
6 8 36
19 20 5
13 17 22
1 4 28
14 15 15
9 14 12
10 11 6
3 5 32
19 22 1
23 4 36
10 10 36
1 5 19
3 7 17
2 5 36
22 2 12
12 16 22
12 15 28
14 15 14
21 0 32
9 11 18
18 21 22
2 6 35
23 2 15
12 15 27
4 7 19
11 13 20
4 6 6
2 5 25
20 0 20
12 15 19
17 19 20
9 11 32
16 20 1
2 5 27
8 10 31
0 4 10
7 8 30
12 18 35
22 1 6
10 14 17
4 6 17
4 9 35
4 8 19
1 5 33
8 10 11
21 23 4
10 12 12
14 18 3
11 13 11
22 2 34
9 12 6
15 18 17
10 11 30
6 8 3
10 14 8
19 20 18
8 12 9
12 15 5
19 22 20
7 10 13
6 9 5
6 8 1
7 9 6
5 10 32
6 9 36
8 12 9
21 23 32
9 10 19
5 8 15
9 13 14
12 17 31
9 12 36
14 19 6
18 22 11
6 9 36
21 1 33
12 15 22
22 0 23
19 21 32
6 10 1
20 23 7
6 11 16
1 3 28
4 9 27
22 1 4
23 2 30
5 9 16
1 4 28
13 16 3
2 6 6
9 13 11
23 2 34
18 21 12
17 22 15
23 1 5
2 4 4
3 6 27
15 18 27
11 16 31
21 23 27
12 15 30
1 4 35
2 4 22
3 5 36
21 22 14
21 0 19
22 1 20
9 13 21
18 23 36
1 4 15
11 12 24
3 7 22
15 18 16
14 17 18
5 8 18
2 6 15
15 19 4
19 21 6
23 2 7
21 2 33
8 12 27
20 21 3
0 3 35
11 16 35
17 19 12
9 12 9
16 17 16
12 16 2
14 17 25
14 17 33
18 22 35
3 6 16
22 0 1
22 1 2
22 2 12
6 9 21
19 21 17
0 1 6
5 8 8
15 18 10
21 0 7
19 22 18
11 15 14
5 10 16
20 0 9
5 7 13
6 10 26
15 17 36
10 13 33
13 17 1
0 2 29
1 4 34
20 23 29
16 19 20
10 13 33
0 3 13
19 22 23
10 13 13
3 7 35
23 2 4
0 3 28
11 14 34
17 20 27
16 20 7
15 18 29
22 1 33
15 20 25
22 1 25
18 22 32
3 6 34
7 10 17
22 1 27
11 14 31
0 4 1
22 1 3
2 5 4
12 15 24
16 19 6
12 14 22
1 3 24
10 12 22
18 21 1
12 17 29
20 0 20
14 16 12
3 6 26
18 19 3
22 0 5
9 12 27
18 22 21
18 22 25
9 12 29
4 7 20
7 10 29
5 8 15
8 12 17
22 2 26
1 4 13
11 14 3
1 4 26
14 19 23
2 4 14
1 2 13
5 8 10
22 1 3
12 15 17
23 3 19
18 21 5
17 21 32
14 19 7
10 13 29
13 16 32
3 6 36
15 17 36
6 9 16
17 19 21
7 8 18
15 18 29
9 11 6
18 20 33
17 21 6
9 12 16
14 17 15
10 12 33
8 10 12
23 1 5
6 8 4
10 12 15
18 20 8
5 9 18
23 3 25
23 3 14
18 20 4
19 22 11
7 10 14
2 5 10
21 0 25
22 1 33
19 22 26
0 3 10
16 18 24
8 10 1
12 14 11
2 5 15
18 22 13
4 6 26
15 17 23
3 6 15
8 11 6
18 21 35
11 13 27
21 23 4
11 15 26
5 9 2
2 5 35
12 18 24
9 13 20
20 23 27
5 8 3
2 5 13
3 6 22
17 21 33
17 21 23
11 13 30
2 5 30
0 3 20
20 22 24
18 22 15
6 10 21
10 12 21
11 14 17
9 12 35
0 4 31
2 6 3
22 1 18
23 2 3
7 10 21
16 20 4
23 2 31
18 20 28
9 14 10
4 5 3
13 17 31
14 17 22
5 9 27
5 8 22
3 7 23
4 7 14
12 14 20
7 12 25
19 21 21
7 9 15
15 19 11
16 19 14
20 22 5
2 5 2
12 16 18
10 13 28
9 11 7
14 18 23
3 6 5
2 6 14
5 7 21
22 23 36
7 10 15
10 13 3
6 9 18
0 3 19
1 3 33
1 3 14
19 22 10
10 11 4
7 11 18
21 0 27
7 11 6
16 18 2
8 12 9
5 8 28
21 22 18
18 20 25
1 3 24
4 7 2
22 1 18
22 1 25
13 15 23
6 8 29
9 11 13
12 15 15
13 17 23
3 6 14
4 8 7
3 5 26
7 10 11
20 22 21
0 4 5
21 0 12
3 6 11
22 1 17
16 18 11
20 23 16
19 21 20
1 4 33
14 16 29
5 8 20
11 15 17
6 9 12
11 15 29
4 7 15
0 3 23
11 14 9
23 2 4
22 0 34
1 5 17
3 5 8
5 6 26
15 17 21
15 19 20
7 10 13
8 11 11
18 22 23
16 21 27
5 8 16
10 13 21
7 10 1
14 16 20
18 22 24
13 15 15
0 3 12
3 6 13
11 13 7
13 17 10
4 7 26
17 20 11
15 18 8
22 2 23
23 3 34
23 3 5
5 10 16
1 4 3
23 3 16
21 23 4
12 16 30
9 12 6
1 5 4
18 21 23
16 20 28
10 14 2
2 4 31
8 11 27
12 16 18
17 19 12
12 15 7
4 7 19
11 13 19
14 18 11
14 17 31
0 3 24
19 20 8
12 15 23
11 14 4
13 15 19
6 9 27
6 10 25
20 0 19
23 3 6
11 12 28
9 13 17
16 20 15
10 14 31
8 10 15
21 1 24
15 19 30
17 21 35
9 13 14
15 18 7
21 0 18
2 5 35
10 12 23
20 22 13
16 18 8
19 21 5
2 4 16
2 4 15
20 22 19
19 19 31
15 18 35
12 15 19
20 22 3
16 21 6
11 15 26
2 4 17
5 7 5
4 7 25
2 4 5
18 22 21
22 1 21
4 7 34
9 12 7
23 2 14
7 12 24
22 3 34
14 17 27
18 22 27
21 0 23
15 20 14
1 3 13
8 12 12
11 14 12
2 6 21
14 17 21
1 3 27
19 21 15
18 20 34
0 3 21
18 22 21
20 1 23
18 20 32
5 8 16
8 11 10
12 14 32
11 15 28
9 12 32
7 11 27
3 7 4
19 22 12
4 5 23
5 8 4
23 2 32
20 22 24
16 19 17
4 6 10
8 11 34
17 19 30
3 7 29
5 8 9
3 6 16
4 7 23
2 4 11
20 23 8
9 13 35
3 5 35
12 15 25
20 23 24
6 7 25
21 0 1
6 8 15
3 7 9
20 0 6
1 5 18
16 18 22
22 0 4
10 12 36
4 8 19
22 2 23
16 20 8
1 3 8
3 7 20
19 22 25
18 21 2
19 23 5
16 17 23
15 17 36
16 18 9
16 19 12
16 19 11
10 14 4
0 3 19
19 21 32
15 19 10
14 16 23
7 10 7
14 17 4
20 23 27
5 6 30
18 21 21
18 21 27
3 8 13
9 13 8
4 10 6
19 23 6
23 3 21
22 4 24
0 3 14
10 12 17
21 2 5
19 20 12
11 14 36
0 3 25
21 1 15
22 1 33
1 6 17
20 0 7
8 10 34
6 8 4
14 20 2
13 16 22
21 21 18
8 9 33
16 19 34
9 11 19
5 8 16
12 15 22
12 16 17
10 15 27
23 2 3
12 16 3
13 16 27
15 17 3
3 6 34
21 0 19
1 6 26
15 17 14
11 14 30
23 3 3
7 9 16
4 7 13
22 0 15
2 5 17
16 18 7
22 1 31
20 21 30
10 13 16
12 15 31
22 1 13
0 3 2
4 7 21
12 15 8
22 2 2
14 19 1
10 14 29
19 21 14
19 22 10
9 12 31
9 12 3
6 9 15
1 4 15
16 20 4
11 14 6
6 10 27
2 5 3
13 15 35
10 12 13
9 12 16
5 7 1
11 14 3
3 3 8
4 8 28
0 3 36
18 21 16
10 13 28
22 2 11
20 22 11
23 2 12
12 15 25
18 23 3
3 6 21
0 3 24
19 22 14
1 4 16
8 11 34
14 18 13
0 3 28
4 9 5
12 15 16
8 10 20
12 15 18
12 14 17
9 12 23
0 3 16
13 16 16
21 0 33
7 9 34
9 14 12
6 8 25
4 9 6
5 8 15
8 11 33
12 15 10
17 19 4
17 20 21
9 12 33
7 11 33
15 18 10
14 18 28
16 19 4
16 19 8
15 18 1
22 1 34
15 20 34
15 18 1
22 2 32
12 15 5
8 12 7
8 10 27
9 15 34
23 2 1
10 14 33
7 11 8
2 5 35
13 17 30
2 5 18
15 19 32
19 0 34
15 17 8
23 1 3
4 7 15
0 3 12
16 17 6
5 9 1
22 2 6
20 0 26
0 2 12
14 17 35
19 0 25
4 6 16
20 22 25
3 6 8
21 23 13
10 12 13
3 7 26
12 14 11
14 16 2
0 1 24
16 20 19
20 23 2
17 20 4
23 3 1
14 16 2
9 12 2
2 7 21
2 7 3
13 16 32
15 20 14
23 3 7
22 0 22
2 4 15
14 17 30
23 3 10
19 23 7
14 18 24
21 1 12
6 9 24
8 11 14
11 13 22
23 4 29
6 10 27
9 11 22
0 5 36
20 0 19
21 0 30
6 9 29
19 21 7
21 0 27
13 16 36
17 21 34
16 18 20
22 0 29
16 20 24
5 8 28
22 0 14
1 4 14
10 13 30
12 14 5
23 4 16
17 20 31
14 17 6
16 19 19
0 3 5
11 12 13
14 17 14
18 20 29
0 2 11
12 16 34
4 7 16
13 17 18
16 19 31
7 9 26
8 11 6
2 6 9
0 3 27
16 21 5
3 6 21
18 21 33
22 2 29
2 4 25
0 3 30
2 6 32
21 1 1
21 23 20
2 4 13
18 22 13
12 15 9
6 9 25
22 2 10
0 3 23
6 8 34
15 18 12
17 21 6
6 8 30
5 9 4
3 5 12
16 18 30
5 9 1
17 19 10
10 12 29
5 9 16
7 10 36
3 7 35
23 2 3
20 1 36
3 6 11
1 5 21
20 22 26
20 22 32
11 15 8
21 0 5
3 6 4
0 3 25
14 17 35
23 2 23
22 1 12
2 6 8
10 13 11
22 1 26
17 20 11
1 4 30
18 22 33
6 8 6
7 11 28
7 11 29
15 19 26
5 7 10
11 14 4
7 10 6
7 9 19
10 13 9
2 5 7
0 1 25
5 7 36
17 20 19
16 18 9
10 13 12
11 15 10
10 13 16
7 11 20
2 7 30
7 10 13
11 14 2
6 9 35
8 11 7
22 0 5
5 8 36
12 15 16
21 0 14
3 6 14
9 12 16
3 6 23
5 9 8
8 11 2
7 11 33
15 15 28
18 23 30
8 12 19
14 17 13
22 2 13
18 22 16
8 11 35
16 18 28
19 21 5
12 16 16
19 22 10
9 12 1
9 11 19
9 14 16
7 10 13
10 13 20
4 8 6
6 10 6
15 19 22
10 13 27
10 15 32
8 10 19
11 14 29
6 10 12
9 13 32
14 18 17
21 0 31
10 12 7
9 10 28
20 22 3
11 15 28
22 1 15
6 9 7
15 18 1
18 22 10
22 23 11
17 21 12
7 11 26
2 4 14
19 22 31
22 0 23
10 15 12
10 12 4
16 18 12
19 23 2
4 6 23
13 16 34
13 16 34
5 8 14
1 2 36
17 19 21
1 4 7
6 10 14
8 10 30
0 4 26
0 4 2
