3000 31
13 29 20 29 10 6 21 16 9 1 4 5 8 27 17 10 9 24 17 13 22 9 9 13 20 17 4 14 5 13 3 
1 3 12
22 2 23
0 3 9
16 19 23
22 0 20
16 19 11
10 14 6
12 16 15
21 23 17
8 13 20
16 19 6
16 20 22
6 8 24
20 0 25
7 9 25
21 0 8
1 3 23
20 23 1
8 10 4
8 12 9
21 1 9
7 11 14
1 3 28
15 18 3
21 23 26
2 5 29
9 10 22
14 17 6
2 4 11
17 20 31
12 14 15
13 14 19
17 20 29
16 18 18
7 9 3
17 19 11
11 14 26
15 17 8
14 16 9
3 5 19
22 0 24
12 15 3
14 15 5
14 16 6
8 13 27
1 3 10
11 15 12
1 4 29
23 2 9
14 17 25
19 21 8
11 13 15
5 8 29
13 16 31
10 14 13
16 18 12
23 2 31
3 6 25
18 19 17
22 3 29
6 8 3
21 0 17
0 0 7
15 20 24
10 12 8
4 6 30
21 1 12
8 10 19
6 8 5
21 1 30
14 16 30
23 3 15
16 19 10
8 10 17
5 10 27
3 7 20
22 1 29
20 0 22
11 13 5
14 17 13
23 2 21
18 20 21
7 9 1
3 6 5
12 14 4
20 1 19
9 11 3
18 21 21
13 19 1
4 6 20
5 9 17
14 20 5
18 21 23
7 11 13
17 20 10
7 9 24
15 19 1
5 7 22
0 4 27
20 0 5
22 0 21
9 11 4
16 20 29
12 16 25
16 19 26
23 2 15
15 18 2
11 15 19
19 22 24
6 8 29
17 20 13
14 16 4
5 6 29
1 4 28
11 15 9
13 18 28
8 10 5
14 16 28
7 13 18
1 6 9
3 7 19
5 10 12
15 18 2
1 4 26
2 6 27
23 2 25
23 1 15
16 19 13
23 3 28
7 11 18
0 5 20
5 9 8
8 11 16
18 22 2
4 7 1
4 9 29
9 12 3
22 3 9
14 17 20
23 2 29
13 17 10
9 12 9
0 3 14
7 10 14
5 9 23
10 13 24
2 3 18
22 3 12
10 12 4
20 23 9
16 17 26
7 10 27
6 9 13
23 2 22
9 13 20
9 13 18
0 3 29
13 16 9
21 3 5
17 20 24
9 13 17
23 2 5
10 12 18
11 14 15
3 4 16
14 17 8
6 8 25
6 9 28
20 22 30
8 13 6
11 15 14
17 21 22
15 17 22
23 3 19
19 23 26
1 6 4
4 8 1
2 7 28
7 9 14
5 8 27
19 22 4
8 12 23
19 0 7
7 8 21
10 14 16
14 19 8
6 10 7
22 0 3
21 0 25
9 12 15
4 8 15
5 10 29
21 0 25
12 14 14
17 20 31
10 14 9
22 1 6
15 19 8
3 5 22
21 0 3
19 23 12
16 19 19
8 12 1
3 7 20
8 11 16
11 13 25
8 10 18
3 8 4
5 9 9
18 20 13
12 16 3
4 8 27
12 16 2
15 18 24
20 23 4
14 17 27
10 12 13
23 1 29
6 8 28
17 21 11
17 21 24
11 14 20
11 14 30
5 8 25
12 17 7
17 20 8
5 9 20
6 7 21
21 23 9
0 4 11
7 10 2
18 21 2
13 15 4
0 4 28
19 23 7
15 18 25
9 13 17
8 10 20
20 23 14
21 1 24
4 5 20
10 14 27
19 23 28
18 22 20
18 21 9
10 14 7
10 12 20
1 5 4
15 17 5
18 20 17
23 2 9
17 21 2
0 2 18
3 8 17
19 22 3
5 9 26
23 1 28
8 11 29
14 16 4
22 0 17
21 23 31
13 16 22
4 6 18
20 23 11
8 12 16
19 21 24
16 18 6
0 2 12
17 22 26
12 14 23
0 2 2
12 16 7
15 19 9
8 10 6
16 20 22
22 1 24
12 14 10
0 3 29
10 13 17
3 8 3
16 18 18
2 6 18
17 20 15
6 10 29
7 10 14
1 2 13
4 7 21
8 11 10
13 15 15
1 3 13
2 8 18
1 5 19
0 3 8
15 17 2
4 8 11
6 8 10
2 5 24
15 18 22
17 20 11
21 22 31
8 12 18
8 10 22
8 13 6
9 12 9
19 23 7
22 1 26
6 8 24
2 4 17
2 4 18
23 2 22
9 12 26
10 12 28
23 1 31
11 13 23
19 21 30
6 8 18
8 12 5
1 3 28
11 14 3
15 18 5
5 7 30
4 8 18
13 16 6
2 4 14
5 8 12
11 15 13
12 15 6
13 16 10
1 1 20
2 6 12
2 6 15
21 0 5
15 18 27
13 15 10
7 9 25
12 16 28
15 19 7
21 1 3
18 21 7
20 0 31
4 8 31
1 5 18
12 16 11
21 23 2
20 22 24
17 19 1
4 8 15
21 2 23
18 22 1
19 21 20
15 20 22
18 22 31
16 19 17
0 3 23
9 13 25
12 17 2
10 14 9
21 0 13
16 19 19
0 2 22
19 0 2
19 23 21
14 16 8
8 12 14
11 15 5
20 23 23
12 17 15
7 11 17
13 16 2
15 18 30
2 5 11
22 1 21
11 14 25
7 10 23
1 2 5
10 14 4
6 10 31
18 22 21
11 14 1
21 1 25
2 4 22
6 10 13
9 13 26
22 0 27
13 17 26
11 14 23
5 8 23
2 7 19
8 11 29
8 11 8
12 15 9
14 17 28
15 17 2
23 1 12
15 19 6
18 19 9
15 18 12
12 15 22
16 18 16
13 16 21
20 0 2
6 9 25
10 13 25
16 20 11
17 21 27
14 18 6
13 16 15
17 18 17
4 7 10
22 0 27
22 0 29
18 22 4
11 14 16
15 17 5
6 9 1
14 16 30
1 6 17
15 18 28
22 3 10
0 2 15
16 20 16
1 4 19
14 16 9
1 4 15
19 0 17
15 17 18
0 5 23
13 15 2
10 13 10
15 18 8
6 10 24
5 6 15
8 14 16
6 10 2
12 14 4
2 5 29
16 20 10
13 16 11
15 18 9
14 16 24
0 4 19
20 22 15
0 2 30
20 22 12
16 19 31
22 1 1
23 1 6
8 10 15
8 12 1
10 11 31
14 17 4
18 21 30
19 21 10
9 12 1
0 4 1
17 19 1
11 15 1
10 13 18
14 17 23
20 23 4
20 22 21
6 8 8
19 22 13
3 6 20
17 19 26
0 3 8
13 17 28
19 21 11
3 5 18
3 6 24
22 2 6
15 17 1
21 0 18
20 0 4
6 9 17
8 11 24
12 15 1
16 20 26
0 2 6
4 7 26
13 16 19
3 4 25
4 8 21
15 19 1
16 17 26
14 17 30
6 8 6
18 21 21
5 8 24
21 23 6
23 3 21
14 16 12
16 19 15
23 3 21
22 1 21
11 14 2
2 4 16
0 2 23
4 6 23
17 20 22
6 9 28
22 1 6
15 17 9
6 8 13
20 0 13
20 0 21
9 13 1
20 1 18
17 20 24
2 4 11
9 11 15
2 5 10
19 22 3
16 20 1
9 15 16
2 6 22
7 10 20
8 11 14
9 12 31
14 18 23
1 4 27
5 7 20
16 19 17
7 10 31
19 22 6
13 17 2
22 0 30
14 16 20
2 6 2
14 16 21
22 0 4
3 7 3
19 22 22
21 22 6
20 0 31
19 21 4
20 23 17
10 14 15
10 11 30
5 7 24
3 6 20
5 9 13
23 3 24
3 7 24
16 19 26
3 6 26
2 7 5
13 16 22
4 5 21
22 1 29
21 0 5
19 23 26
1 3 18
17 20 16
13 16 26
16 19 3
13 17 29
6 9 9
11 14 28
7 10 5
15 18 30
12 15 30
20 23 24
14 19 19
4 8 18
1 5 21
14 17 16
15 17 4
13 16 6
14 16 15
4 5 7
11 14 19
4 9 20
18 22 18
3 7 26
23 1 14
21 1 20
22 1 14
8 11 2
15 17 21
14 17 11
23 1 15
13 17 16
23 3 29
17 20 17
18 22 23
9 12 12
21 22 25
1 4 13
4 7 5
3 7 15
1 4 21
19 22 6
11 14 5
14 18 12
3 5 12
11 14 29
0 3 14
11 15 25
8 11 10
13 16 25
15 18 6
6 9 29
22 23 7
16 18 17
17 20 18
8 11 3
14 15 31
19 20 12
0 5 17
4 8 3
20 0 16
6 9 19
4 7 25
15 19 1
19 21 14
0 1 6
20 0 31
10 12 7
0 4 16
1 4 22
19 22 28
18 22 28
23 3 20
12 15 19
23 2 25
3 6 29
0 4 9
19 1 26
20 22 31
3 5 5
7 10 16
9 11 14
16 18 17
9 12 10
7 11 31
4 8 3
13 16 3
3 5 5
2 6 17
2 6 13
10 12 13
16 20 1
2 5 30
23 1 23
5 9 29
13 15 1
19 21 26
23 0 14
21 23 11
7 10 10
6 9 29
13 17 30
8 11 2
8 12 24
10 14 25
1 2 12
16 19 8
3 7 20
10 12 4
15 17 16
11 13 10
20 22 9
15 18 2
8 13 9
21 0 26
16 17 3
0 3 7
13 16 8
0 4 4
11 14 29
6 8 11
17 21 20
16 18 14
23 0 25
14 16 12
9 13 27
17 20 6
8 10 19
17 21 18
20 22 21
15 18 30
11 14 31
12 14 15
22 1 5
11 14 15
10 10 23
10 13 21
18 0 18
17 21 22
21 1 2
15 17 30
10 12 31
4 8 4
6 9 18
10 13 25
4 8 26
21 0 16
16 20 27
23 1 22
11 14 10
19 22 11
2 3 17
22 2 14
4 9 3
21 1 22
8 12 10
4 5 29
21 0 21
16 18 15
11 12 6
5 8 9
4 7 14
8 11 15
19 22 24
6 10 7
17 19 10
8 10 4
1 3 12
2 5 1
1 4 17
1 4 30
23 3 13
10 13 28
16 17 29
17 22 16
9 12 15
9 11 17
19 22 19
8 10 11
4 8 4
18 22 22
0 3 2
15 18 2
11 14 19
20 21 18
0 3 17
14 18 26
23 1 7
15 19 30
9 11 27
6 9 19
20 23 25
8 12 1
18 20 16
0 3 1
14 16 19
4 6 8
17 20 23
4 7 16
9 11 18
10 14 29
14 17 24
23 2 24
19 20 10
7 10 27
3 5 31
10 13 17
16 19 10
17 19 28
18 18 3
14 17 20
13 18 5
2 5 21
0 3 13
6 9 8
23 0 22
17 20 9
2 6 17
8 11 22
13 16 28
9 13 7
4 8 14
4 8 25
13 15 13
9 11 1
16 20 2
20 23 31
12 16 27
7 11 4
0 3 17
1 3 7
20 21 22
11 14 9
11 14 21
17 20 13
13 17 3
17 20 29
12 16 30
11 15 16
22 1 3
18 23 8
19 22 10
13 18 14
1 4 12
8 11 25
6 9 25
19 21 3
9 11 28
2 5 17
14 17 15
15 17 17
20 23 14
19 1 23
10 13 29
15 17 3
19 21 5
8 11 7
19 20 8
23 3 2
17 20 27
17 19 12
23 2 22
0 2 16
1 3 22
23 2 6
9 12 30
19 22 9
4 6 11
2 5 27
7 10 5
8 10 5
3 6 10
12 15 15
3 6 23
23 1 14
22 0 20
21 1 28
10 13 17
1 6 2
9 11 31
22 0 21
11 13 12
14 18 30
11 14 2
4 8 24
17 19 3
14 17 8
16 19 31
12 15 7
8 10 3
20 22 31
10 14 23
9 11 26
7 11 10
12 15 21
5 7 13
8 11 15
23 2 7
16 20 11
11 14 30
16 18 5
21 22 14
10 15 31
16 19 4
2 5 7
4 5 17
13 17 17
3 6 3
12 15 22
17 19 1
9 13 7
12 14 8
8 11 29
17 21 17
11 15 22
1 4 10
0 1 11
18 20 23
7 9 11
12 16 14
6 8 22
4 8 2
5 8 17
19 23 8
22 2 2
21 0 31
14 17 16
14 17 25
6 9 16
15 20 12
4 6 3
22 1 29
5 8 3
0 3 19
17 21 7
19 23 21
4 7 19
10 13 30
17 20 14
22 1 18
15 17 27
11 15 30
1 3 9
7 9 27
21 23 12
10 13 16
6 8 19
19 23 14
19 0 15
7 12 17
4 7 28
11 15 3
5 7 21
13 15 9
3 7 16
8 12 4
20 1 3
1 4 25
3 6 16
13 15 14
21 23 26
7 10 17
1 4 26
12 13 4
0 6 31
5 8 15
4 7 31
10 13 27
9 13 21
20 1 23
18 19 23
2 5 28
4 7 20
16 19 29
16 19 22
22 0 31
16 20 31
2 3 16
3 7 4
13 17 23
21 0 25
6 9 4
3 8 10
22 0 10
15 16 29
5 8 15
5 7 28
0 3 18
20 0 18
14 17 19
20 23 21
23 1 14
1 5 17
12 13 17
2 4 3
8 12 29
6 10 16
13 15 18
7 11 10
12 17 7
10 12 17
14 17 19
21 22 14
15 18 15
9 11 30
1 3 17
2 5 25
20 23 2
4 5 9
16 20 6
3 5 7
11 13 14
8 11 21
21 0 13
11 15 22
6 9 23
3 6 25
9 14 14
1 3 16
9 12 29
1 5 7
5 7 6
18 19 30
23 2 23
11 15 28
22 1 29
4 4 11
4 7 8
5 9 10
16 18 8
20 0 31
12 16 5
1 4 12
10 13 2
9 13 30
23 2 3
2 5 2
6 11 24
0 2 1
11 16 28
8 9 9
21 1 27
1 4 25
11 14 7
8 11 11
22 1 13
15 18 17
14 17 29
3 8 10
7 9 1
0 3 21
1 5 24
16 19 22
13 18 10
19 22 29
21 0 14
2 4 4
2 6 20
2 7 14
2 4 19
9 12 17
3 6 30
12 14 2
18 21 6
12 14 29
19 23 22
6 10 4
22 2 8
12 17 19
18 22 17
2 3 31
15 19 6
20 22 30
23 1 10
18 21 8
3 7 19
19 21 14
6 8 21
18 21 22
3 7 18
4 7 7
5 8 3
16 19 14
17 20 22
20 21 19
4 9 6
12 15 1
5 8 16
20 23 31
20 23 3
6 9 25
7 9 27
4 10 25
17 21 10
16 18 31
21 0 18
21 1 29
9 12 17
17 21 7
18 20 16
4 7 14
18 23 27
12 16 4
21 0 5
14 16 29
9 13 24
2 4 26
3 7 30
17 20 4
16 19 1
16 19 29
12 14 24
3 8 3
18 20 11
12 15 17
5 7 13
20 23 17
15 18 30
20 23 18
19 22 15
15 17 3
21 23 7
8 10 31
8 10 11
13 16 9
14 16 12
13 17 10
0 3 2
4 8 14
5 8 27
10 11 23
4 6 22
4 7 7
4 7 3
9 12 11
9 12 5
16 17 18
3 6 19
9 11 28
19 1 6
5 8 19
9 12 12
8 12 31
11 13 19
17 18 22
15 18 8
18 21 12
16 19 10
17 21 15
17 20 12
22 1 8
15 18 24
18 21 26
8 12 28
17 22 6
10 13 29
16 19 17
8 12 21
23 3 4
2 5 25
19 21 5
9 13 10
13 16 8
6 8 25
15 17 17
4 8 24
4 7 10
11 14 29
22 1 9
6 9 7
11 15 25
13 16 8
13 15 7
7 10 14
11 14 21
21 1 22
3 6 14
6 10 7
12 15 4
11 14 7
22 1 5
11 14 6
19 22 9
2 4 27
9 11 25
18 23 12
10 13 21
8 12 28
1 6 12
1 3 6
13 16 18
6 10 4
1 4 17
11 14 5
4 8 10
16 19 15
0 3 16
16 18 4
1 3 5
7 9 25
10 13 8
13 16 8
16 19 29
4 9 22
13 16 22
13 17 1
3 6 14
19 23 10
6 10 19
1 2 10
19 21 7
19 1 28
16 20 24
22 1 6
1 5 23
10 11 1
18 21 27
6 8 5
5 7 24
13 18 8
23 3 20
1 4 12
21 23 20
7 11 31
22 3 10
4 8 11
12 14 29
20 0 15
0 3 20
23 1 1
2 5 11
1 6 4
17 20 1
15 19 22
4 6 15
0 4 8
18 21 4
13 17 22
13 14 22
13 15 15
5 7 8
16 20 7
19 23 16
13 17 30
19 0 2
19 22 21
5 9 11
14 18 15
14 17 6
3 6 10
15 19 4
2 3 28
0 4 13
21 0 31
21 1 12
18 20 25
18 21 30
23 2 26
11 14 14
9 12 30
8 12 31
17 20 1
6 10 31
13 16 9
3 5 28
12 14 25
1 4 17
18 20 1
13 17 21
2 4 9
16 19 24
2 7 27
23 1 6
20 23 24
3 7 24
14 19 8
14 16 17
2 5 6
3 4 14
7 11 6
20 0 26
1 6 5
19 23 29
23 3 10
2 3 4
9 14 16
11 16 20
4 8 10
17 20 24
8 11 4
3 5 31
14 16 22
7 9 17
12 15 4
7 9 24
10 13 11
14 18 28
3 6 23
23 2 10
7 11 25
14 17 7
6 8 26
20 23 15
3 8 16
10 12 23
12 14 11
16 19 3
0 3 15
23 2 26
19 23 7
2 5 21
14 17 7
5 7 13
16 19 12
18 19 2
8 12 9
20 22 22
6 8 16
6 8 2
17 21 4
2 6 6
4 7 14
8 11 7
2 5 9
1 5 19
2 6 27
22 0 26
10 12 3
13 16 27
10 13 7
19 21 14
7 10 26
7 9 22
23 1 4
22 0 10
14 18 31
15 18 18
8 12 27
7 10 31
2 5 15
1 5 21
19 22 27
3 4 14
5 7 10
7 9 15
21 2 10
1 3 28
8 10 24
5 8 16
19 23 31
13 16 11
18 20 28
16 18 10
15 18 3
7 11 5
6 8 9
7 10 31
18 20 26
11 13 2
6 10 24
20 23 20
16 20 12
18 23 17
16 19 14
19 22 23
22 2 26
4 7 29
21 0 9
6 9 18
19 22 25
3 4 23
23 3 7
4 6 4
9 12 27
13 17 7
1 6 19
13 15 21
23 3 26
1 6 15
5 8 3
20 21 3
4 7 19
10 13 13
15 17 20
11 14 18
5 8 8
7 11 7
5 10 11
16 20 26
6 9 27
7 10 5
10 12 18
10 13 17
20 23 16
13 16 9
6 9 2
22 1 3
10 12 1
17 20 31
9 11 26
3 6 2
14 15 11
5 8 15
3 7 31
17 22 11
14 16 10
21 23 4
2 4 29
21 22 6
12 14 22
19 21 4
19 22 25
9 12 27
1 7 10
1 4 2
19 22 14
13 15 24
12 14 25
5 8 1
21 23 1
2 4 11
13 17 17
7 11 10
20 0 8
16 19 9
18 21 12
13 17 31
0 2 18
11 14 3
16 20 23
8 10 19
16 19 20
12 16 31
3 6 15
14 16 28
8 11 23
1 4 6
6 9 20
0 1 18
19 21 23
2 4 25
6 9 8
1 4 23
7 12 3
7 10 20
2 4 11
14 17 20
13 16 28
8 11 6
4 7 2
4 7 22
4 7 24
2 4 20
23 1 19
16 21 10
5 8 16
20 0 3
11 14 4
7 9 14
22 2 19
4 6 24
7 9 8
2 5 14
23 1 18
11 13 31
11 14 9
19 23 23
13 15 5
9 11 28
11 16 25
6 10 25
9 13 22
11 13 23
0 3 3
21 1 30
13 15 26
16 20 17
5 9 25
0 3 15
4 8 14
4 7 31
15 18 6
7 10 23
15 16 28
2 6 26
22 2 22
6 9 31
2 5 3
20 21 2
15 18 17
14 17 31
12 16 10
13 16 30
4 7 15
21 23 14
11 13 20
20 23 15
12 16 28
8 10 7
21 22 31
12 16 7
20 22 17
4 5 9
0 4 26
6 9 23
20 23 28
11 11 23
22 0 14
3 5 25
20 23 3
23 2 29
14 18 6
19 22 1
4 7 1
8 12 21
7 9 10
9 12 8
5 8 9
21 2 22
5 8 2
11 12 10
1 5 2
12 13 31
1 3 8
13 17 1
4 7 17
6 10 13
15 16 15
20 0 15
19 22 6
8 11 26
9 12 18
4 7 13
3 6 19
7 10 21
23 3 22
13 16 6
18 22 2
21 22 19
6 9 15
2 5 7
9 13 23
11 13 20
18 21 29
0 3 9
16 20 29
7 11 29
8 12 27
9 14 1
16 19 7
16 18 8
15 19 18
0 3 25
16 19 25
1 5 27
3 6 12
2 5 7
3 6 23
21 1 8
8 10 9
23 2 20
5 6 5
7 10 5
13 17 15
13 16 13
5 8 14
18 22 9
12 16 25
16 20 1
9 11 27
1 4 18
23 4 20
17 19 4
20 23 1
6 9 7
7 11 10
6 9 4
5 8 21
2 4 1
6 9 11
13 16 2
14 16 6
4 8 4
12 14 1
18 20 11
16 18 21
10 13 4
14 18 20
15 18 5
4 6 11
1 4 29
22 2 31
6 9 5
17 21 1
6 7 13
8 10 17
10 12 13
22 1 16
0 2 22
5 9 27
15 19 10
1 4 11
5 6 5
2 4 3
10 12 13
20 23 1
10 14 15
6 7 17
3 7 15
3 5 31
6 9 29
3 6 5
9 12 19
16 19 28
17 18 1
19 21 30
23 2 15
11 13 21
11 13 19
1 4 13
8 9 14
7 9 5
16 20 2
20 0 11
22 0 11
13 15 26
9 11 1
15 19 14
8 12 6
7 12 23
6 7 1
11 14 11
18 19 7
9 11 8
14 16 12
18 22 29
14 16 21
11 14 5
22 23 16
8 12 28
11 14 21
21 0 22
1 3 15
12 15 11
7 9 7
9 14 3
16 18 5
23 1 11
23 3 18
9 11 18
4 7 31
4 5 5
0 3 1
8 10 16
11 13 30
13 17 5
5 7 2
10 15 26
7 10 7
6 8 12
11 15 18
16 18 29
8 13 23
4 6 2
23 2 16
13 16 9
21 0 19
11 15 1
16 17 26
21 0 4
14 18 22
17 19 9
14 17 31
14 18 16
10 13 25
22 0 1
2 6 5
6 8 20
6 8 23
17 20 21
7 9 2
8 13 16
22 1 9
1 6 29
15 17 29
13 16 24
14 17 24
1 6 25
20 23 22
12 14 10
14 17 10
4 7 22
20 23 26
19 22 22
23 2 26
0 3 16
4 5 22
13 16 31
0 5 13
21 1 10
7 9 8
0 4 10
13 17 28
16 20 11
3 6 29
19 22 21
18 22 30
1 4 6
11 13 8
16 19 13
6 9 2
13 17 28
4 8 1
15 18 26
9 12 2
19 22 21
14 17 17
18 20 4
22 1 7
16 17 1
23 3 7
6 9 28
0 3 29
15 16 29
11 15 19
9 12 17
7 9 29
15 20 23
14 18 26
23 3 10
20 0 15
5 8 9
18 21 8
18 22 27
6 8 30
13 17 23
9 11 24
6 8 8
8 10 10
16 18 10
21 23 19
0 0 14
4 9 14
8 11 11
0 5 27
6 10 14
13 18 24
1 5 3
11 14 1
3 6 2
18 20 5
7 9 8
10 12 18
10 14 8
6 9 9
4 8 22
13 15 26
10 13 1
8 13 9
15 19 2
8 11 15
7 10 28
7 9 5
5 8 23
0 4 19
0 2 11
21 0 29
22 2 25
16 19 16
19 0 14
13 18 31
13 17 20
1 4 29
2 4 16
21 23 5
7 12 3
4 7 18
13 17 3
3 5 10
5 9 27
21 1 27
22 1 26
22 1 18
17 19 10
23 3 7
21 0 26
12 15 10
10 15 10
9 13 21
23 2 22
0 5 24
22 0 27
19 21 15
15 19 28
14 17 25
15 19 17
11 14 23
0 2 27
2 6 7
13 16 11
15 17 2
15 19 30
14 17 18
11 13 4
23 2 12
23 2 2
11 14 19
10 14 1
4 7 13
0 3 15
3 8 31
19 19 27
18 20 10
5 10 10
18 21 3
20 22 18
21 23 17
6 8 27
2 5 22
18 21 13
12 14 26
2 5 10
14 17 23
2 5 20
22 3 14
13 16 20
22 2 13
9 13 18
4 7 28
1 4 23
19 23 18
4 10 20
4 8 25
14 17 27
18 22 25
2 3 2
17 20 26
13 16 17
18 21 2
12 14 7
18 21 19
7 10 7
10 14 22
21 0 12
15 18 21
9 10 13
5 6 1
12 16 5
0 2 15
13 17 22
6 9 17
9 13 27
2 6 19
19 22 9
23 2 8
11 13 15
19 23 18
19 22 28
17 20 14
5 5 24
9 13 28
14 16 9
1 3 14
1 5 17
15 17 10
20 23 11
22 3 20
0 4 11
0 3 19
17 22 27
2 6 21
20 20 8
1 3 30
17 21 31
19 23 9
20 21 17
4 8 22
0 4 29
20 0 24
21 23 1
10 13 5
13 16 1
14 17 13
11 16 5
12 17 16
1 3 9
19 21 11
7 10 11
20 1 31
17 20 13
3 7 13
22 1 3
12 15 21
13 17 30
23 1 21
12 15 22
19 22 30
7 11 17
6 7 30
3 6 7
12 15 1
1 4 25
15 18 8
10 12 20
9 12 28
8 11 21
22 0 17
8 12 27
18 22 9
2 4 1
7 10 13
14 17 30
9 12 5
18 21 21
23 3 20
14 17 9
16 19 14
6 9 16
5 9 17
7 9 31
18 23 14
2 4 22
4 6 14
23 3 27
14 17 17
10 12 6
15 19 5
9 14 8
14 18 16
20 2 7
17 21 7
8 12 7
5 8 16
15 17 3
20 23 16
14 17 14
11 14 6
8 13 16
6 8 7
21 0 21
8 10 6
20 0 1
16 20 8
19 22 19
4 6 25
23 3 28
7 9 20
7 11 28
15 17 15
15 19 22
14 17 10
2 4 19
21 2 30
20 23 2
7 10 20
0 3 26
17 21 26
21 23 1
23 3 18
21 21 18
7 11 6
15 18 15
5 7 7
21 0 24
20 0 10
16 20 22
22 4 14
8 10 23
4 7 24
3 7 1
18 22 22
3 6 9
9 13 18
3 6 26
15 18 9
17 19 9
14 17 26
17 21 2
22 1 29
19 22 29
0 4 29
11 14 1
4 8 11
19 23 6
0 2 29
7 9 10
13 17 18
22 1 12
9 12 22
12 15 28
0 2 19
7 11 7
4 5 30
11 12 26
18 21 23
16 18 29
23 23 6
10 14 17
1 4 31
10 11 29
15 18 31
2 4 3
22 0 31
17 22 19
13 15 2
8 12 18
5 9 20
4 6 19
12 15 26
9 9 3
6 9 18
0 2 14
0 2 31
3 5 30
19 23 14
9 13 1
18 21 14
11 13 3
3 6 5
15 18 20
23 3 14
13 15 27
13 17 3
21 22 26
19 22 19
20 0 10
14 17 20
20 23 16
17 20 8
4 8 5
19 22 25
11 14 4
15 17 16
7 10 8
6 7 15
7 9 26
15 18 25
16 19 8
18 23 8
6 10 8
17 22 20
21 1 22
18 20 1
23 3 7
23 0 20
8 11 14
11 15 20
5 9 12
9 12 31
1 5 31
16 21 11
13 18 9
19 21 28
3 6 3
13 18 18
5 9 2
14 16 26
21 0 21
22 1 3
1 5 24
12 14 20
1 5 23
17 21 6
9 12 9
21 1 28
3 5 26
8 9 11
11 13 13
19 23 14
21 1 6
20 22 1
8 11 14
21 23 28
16 19 23
23 3 15
0 3 27
20 0 30
3 6 4
22 2 12
9 13 28
22 1 4
21 0 26
21 22 13
10 14 4
8 10 10
21 23 31
18 21 13
2 6 16
11 12 14
16 19 31
18 20 22
18 21 18
1 4 15
3 6 11
13 16 5
12 15 16
19 23 10
14 16 6
17 19 22
0 3 6
8 10 31
5 8 7
15 18 3
11 13 11
17 20 24
8 12 26
19 22 30
15 18 14
7 10 10
18 20 27
19 22 14
18 22 4
12 15 8
1 4 26
3 5 17
3 6 23
11 14 25
11 14 26
5 8 4
9 12 30
7 10 12
10 13 9
0 2 17
1 6 30
16 20 18
21 23 16
2 7 10
19 23 2
1 4 13
20 23 22
7 9 4
23 2 20
19 22 13
20 21 16
5 9 20
18 21 8
15 19 12
23 4 6
21 23 16
8 12 15
16 19 9
0 3 29
16 18 25
0 4 3
22 3 13
16 17 31
16 19 12
10 14 20
15 19 4
9 13 7
20 23 9
21 0 1
5 8 30
19 23 8
16 20 30
22 3 2
1 5 9
11 13 28
8 11 14
11 14 23
19 22 5
11 14 31
17 19 17
10 13 10
10 13 1
7 10 23
0 3 11
6 9 31
11 14 23
20 23 29
19 0 15
7 8 27
1 3 6
4 7 7
9 12 10
4 7 28
14 16 22
6 8 12
14 17 6
22 1 8
16 20 5
18 20 16
1 4 11
17 20 20
17 20 26
22 2 12
11 14 22
7 10 29
14 16 27
17 21 24
8 9 27
14 17 3
8 12 29
4 8 1
10 13 5
17 19 27
12 16 15
19 20 21
3 6 1
15 18 7
18 20 15
11 13 3
15 18 28
1 4 20
12 15 22
1 6 14
16 20 2
6 8 7
20 23 28
14 19 12
15 19 16
23 2 16
18 20 19
19 22 26
12 14 6
1 4 7
12 15 16
1 4 9
8 12 21
6 10 8
6 8 21
3 4 26
4 8 10
10 13 18
14 17 3
6 8 23
20 23 17
6 8 12
3 6 8
4 5 14
6 9 15
9 12 13
11 14 25
14 17 26
8 12 9
9 14 29
21 23 9
9 12 8
6 8 24
19 23 30
15 19 30
5 8 18
23 5 7
1 4 3
17 18 30
8 10 13
19 22 6
20 0 27
5 7 31
14 18 31
16 17 28
0 3 11
1 4 16
21 2 30
5 7 24
13 17 22
16 19 17
19 21 8
14 17 25
3 6 10
22 2 6
12 15 13
15 19 25
20 0 14
23 1 18
18 20 1
21 1 1
5 7 30
0 3 19
22 2 10
21 0 3
6 10 30
23 1 2
23 2 23
22 1 2
2 6 19
10 13 24
7 10 10
5 8 8
18 19 24
11 12 12
7 9 15
0 3 31
2 4 6
20 23 7
12 15 17
6 9 3
4 7 28
5 7 8
8 11 16
16 20 10
21 23 30
6 8 27
19 23 23
10 13 11
15 17 26
15 19 30
1 4 30
21 0 27
22 3 16
3 6 15
9 14 24
8 11 19
4 7 6
5 8 11
6 10 23
10 13 17
17 20 31
18 20 18
21 21 15
21 0 13
2 4 17
3 6 25
16 21 11
4 7 19
20 23 9
7 10 23
14 19 17
9 13 28
19 22 13
7 9 13
21 1 17
17 21 23
7 10 27
1 4 2
6 7 5
20 22 11
13 18 23
17 20 21
3 6 17
19 21 6
12 15 2
1 3 11
15 17 4
8 11 7
10 13 1
19 21 15
16 19 23
22 1 13
1 6 17
18 21 19
12 15 10
6 10 23
7 8 18
6 10 26
17 18 16
15 20 31
11 15 5
21 0 4
3 6 3
2 5 29
19 22 20
14 17 25
5 7 24
1 3 17
14 16 14
18 19 13
20 0 9
22 3 29
19 22 7
20 0 6
6 11 28
23 1 13
3 6 23
14 17 12
15 19 24
14 17 6
2 4 11
9 11 10
16 21 18
22 1 25
23 2 24
7 10 12
3 6 3
7 9 30
3 8 18
9 10 10
8 11 26
6 9 28
2 6 2
21 2 8
6 8 2
16 19 6
6 9 27
11 13 24
14 17 28
13 15 31
5 8 1
11 12 26
12 15 10
2 6 28
12 16 9
6 9 24
2 5 25
2 6 14
2 5 27
4 8 14
15 18 23
16 19 19
12 16 10
0 3 2
5 7 1
0 5 18
5 9 1
16 20 23
21 1 23
16 19 17
11 13 12
23 1 30
14 17 13
18 20 23
1 5 9
17 21 22
3 6 5
1 4 2
17 20 17
0 3 16
4 9 11
3 6 19
12 15 17
2 4 5
3 5 14
4 7 23
21 23 2
8 11 26
2 4 20
3 5 25
23 3 31
7 10 22
16 20 23
17 19 25
7 9 28
6 9 3
16 19 17
22 0 20
16 20 30
15 18 11
23 2 31
4 8 12
15 19 6
19 0 7
20 23 26
21 0 18
7 11 5
14 16 11
0 2 16
13 17 19
17 22 14
11 14 6
0 3 30
16 18 1
8 13 3
5 10 14
1 3 19
6 9 17
23 2 26
10 13 29
10 13 16
13 17 8
21 0 17
2 6 10
10 13 3
19 23 6
10 12 16
18 20 9
13 16 28
16 21 4
23 3 19
10 13 30
7 9 9
3 7 3
3 6 3
11 15 25
20 0 28
16 19 31
10 13 6
21 23 26
21 0 22
12 14 31
18 20 24
16 17 20
13 17 19
4 7 26
15 16 12
18 20 23
10 13 28
21 23 30
17 20 29
11 13 17
7 9 10
22 0 3
11 13 20
3 7 25
7 9 16
22 2 25
21 23 6
17 20 12
15 18 3
20 0 22
6 9 20
4 9 12
4 7 23
5 8 24
13 17 10
1 4 31
17 21 2
0 2 29
22 1 26
2 5 27
23 2 26
0 4 1
13 16 19
20 23 11
18 20 14
18 21 26
13 14 26
13 15 8
16 19 27
2 5 12
10 11 2
17 18 4
21 23 17
3 5 4
0 3 12
5 8 27
13 15 3
4 7 8
17 20 1
16 22 30
5 8 15
12 14 3
23 2 15
4 7 31
6 9 8
0 3 24
8 11 23
0 4 3
8 11 20
20 0 29
18 21 14
20 23 14
16 19 6
21 1 3
3 6 5
16 19 30
10 13 22
11 15 18
23 2 9
16 19 17
2 4 24
7 12 23
7 9 24
14 15 10
15 17 1
2 4 11
12 16 29
9 12 16
8 12 30
16 18 16
0 3 15
10 11 30
1 3 11
0 3 22
19 22 30
20 23 23
2 6 9
9 12 27
3 6 6
22 1 22
17 20 15
21 0 13
0 3 24
8 11 29
16 20 18
13 16 16
5 7 18
8 10 4
20 23 25
14 17 5
10 13 13
0 4 2
21 23 6
1 5 2
2 4 10
9 12 26
3 8 10
18 22 22
2 5 26
1 2 14
5 9 22
3 7 21
11 14 13
5 8 25
23 2 16
3 6 13
18 22 24
20 22 9
2 5 9
19 23 26
0 4 21
10 13 17
6 10 28
5 8 21
23 2 6
23 2 10
4 6 9
3 5 31
13 16 2
23 3 10
15 19 7
18 23 10
17 21 5
16 20 10
10 15 1
11 15 1
16 20 28
4 6 5
18 22 13
13 15 8
11 15 22
22 0 15
19 22 17
2 7 8
14 17 19
12 14 11
11 14 20
18 19 7
8 11 24
0 2 22
2 5 23
22 1 14
2 4 24
8 12 29
20 22 15
20 23 14
7 10 5
11 14 4
22 1 25
21 1 12
7 10 26
22 0 11
23 1 12
18 20 15
20 0 21
6 9 24
11 13 28
19 0 5
17 20 29
15 17 28
10 14 30
14 16 28
10 12 23
20 22 26
7 9 11
15 18 13
13 18 19
8 11 23
21 0 5
17 20 22
5 7 2
14 18 9
4 8 8
12 15 22
10 13 30
23 3 16
20 23 30
8 12 1
1 4 18
23 3 25
18 20 4
1 4 8
6 10 24
2 5 11
22 1 13
16 19 6
13 16 18
21 0 8
20 22 3
11 16 25
19 0 8
4 7 29
4 6 13
9 13 26
19 21 11
9 11 28
11 14 12
5 8 15
3 4 29
10 10 15
6 8 13
7 8 24
0 4 20
14 18 19
23 2 2
2 3 11
6 9 13
12 14 24
11 14 14
7 10 11
16 20 27
6 8 23
1 2 13
18 20 20
1 3 12
21 1 14
11 14 4
0 3 21
18 20 18
14 17 21
17 22 13
5 8 13
21 0 4
11 14 14
2 4 21
6 8 17
20 23 12
6 9 24
17 19 26
3 6 9
23 1 14
16 20 3
5 9 13
6 11 2
9 10 1
4 5 26
18 20 12
13 15 20
16 19 6
20 23 15
3 5 26
4 8 13
15 18 27
17 19 31
15 18 19
7 10 28
11 13 1
8 9 21
2 5 30
13 16 20
15 17 6
1 4 13
13 14 1
11 15 2
20 23 4
20 23 9
18 20 26
13 17 24
22 0 3
22 1 13
5 9 29
1 5 31
20 23 7
21 1 21
6 8 2
17 19 31
12 17 24
12 15 17
2 5 27
3 6 26
13 15 30
22 2 7
4 7 25
17 20 29
18 20 13
18 20 10
8 12 23
15 17 11
5 9 10
6 10 6
17 22 9
21 23 2
22 0 15
2 4 22
7 9 24
3 6 16
20 0 21
0 1 21
8 11 5
4 6 3
20 0 10
4 9 1
14 17 7
16 19 23
12 13 12
17 19 17
16 20 18
4 7 22
12 16 24
14 15 12
2 5 2
13 16 18
13 16 28
18 22 25
20 23 4
23 3 15
4 6 3
16 20 8
21 23 4
13 16 16
12 15 31
18 21 24
2 6 25
2 6 5
3 6 29
12 14 30
23 1 16
6 10 4
6 7 5
16 19 4
8 11 6
12 15 22
22 23 13
14 17 4
9 11 24
9 14 30
14 15 12
5 6 28
16 20 3
10 12 22
15 18 27
9 11 20
5 9 13
23 1 16
10 11 4
12 15 24
23 1 7
0 4 1
2 5 14
15 18 23
12 16 2
7 11 27
12 14 11
21 0 29
18 22 17
1 3 11
3 6 24
13 16 12
7 10 17
5 10 7
6 9 31
15 17 31
20 21 12
19 22 1
11 15 29
19 22 25
13 16 22
18 23 18
22 2 18
1 5 3
18 20 17
18 22 4
14 17 31
7 10 12
13 16 5
21 2 11
9 11 3
22 2 21
10 13 8
15 17 28
20 22 7
13 18 3
18 20 17
6 10 23
23 3 14
21 1 17
8 12 22
18 20 7
11 13 8
9 11 18
2 4 7
2 5 7
20 22 7
20 1 5
7 12 7
19 22 25
18 20 23
22 0 1
2 6 20
8 11 27
14 17 25
12 15 15
18 20 23
5 8 19
2 6 8
3 7 15
22 0 27
0 4 11
6 9 14
21 21 28
2 3 26
18 22 19
0 5 7
22 0 23
17 20 4
14 16 7
13 15 6
19 22 6
11 14 19
3 5 27
15 18 31
18 19 28
20 23 13
4 7 25
20 23 16
15 14 2
3 6 24
7 8 26
23 2 9
8 11 13
4 8 15
4 7 11
0 3 3
13 17 13
7 10 26
5 8 3
22 2 15
2 5 23
6 9 29
16 19 19
21 23 22
7 9 22
21 0 8
5 8 27
3 7 30
11 13 5
3 5 22
0 2 11
8 11 15
22 1 6
8 10 24
22 0 14
11 14 15
3 7 5
9 12 17
11 15 23
15 18 5
11 15 15
10 15 29
5 8 5
4 6 9
14 17 24
5 6 22
6 9 31
0 2 17
4 7 17
11 14 22
16 19 13
13 15 16
1 4 2
21 1 10
18 22 31
19 0 20
19 20 26
11 14 13
1 4 16
11 14 4
15 17 5
21 1 5
1 5 22
11 15 24
17 21 30
11 13 11
10 12 2
16 20 11
22 2 15
1 5 5
0 3 16
18 20 27
13 14 5
19 21 6
3 6 19
22 1 2
7 10 30
5 9 5
23 1 23
7 11 15
15 17 23
0 3 27
0 3 5
13 16 26
1 4 25
12 16 28
23 2 23
22 1 2
20 23 8
1 3 28
19 0 23
0 1 27
22 0 27
2 4 14
13 14 17
23 2 15
10 13 14
3 5 22
16 18 21
4 7 6
18 22 29
13 16 20
18 19 4
7 10 1
10 13 11
17 19 2
11 16 16
10 12 9
17 20 19
11 13 3
19 22 9
5 8 9
17 20 6
19 21 26
15 16 19
9 13 21
7 9 21
2 7 14
3 6 25
8 9 25
8 11 4
17 21 13
17 20 16
12 15 25
12 17 6
15 18 9
4 5 30
12 14 2
4 7 27
14 17 17
23 3 19
21 0 18
10 14 12
9 12 4
0 2 17
0 5 4
9 11 30
15 18 5
20 22 7
13 16 9
9 14 30
14 17 26
23 2 15
14 17 8
7 10 17
23 4 16
9 11 19
8 11 1
2 4 14
9 12 21
13 16 26
15 19 19
13 17 2
