4000 44
33 4 38 40 11 30 22 37 5 35 8 14 41 10 32 37 39 6 8 11 44 15 24 13 29 38 2 15 20 23 30 28 11 43 1 5 38 23 7 38 10 1 19 11 
14 17 8
14 18 27
10 13 32
0 2 15
1 4 10
7 10 26
0 4 22
7 9 28
6 9 28
14 16 2
9 12 21
1 4 31
7 10 3
20 23 34
9 12 43
15 17 18
22 2 2
3 6 31
17 19 34
14 17 8
17 20 40
23 3 9
2 5 29
19 22 32
23 1 31
23 2 14
15 19 21
9 11 1
2 3 19
1 3 16
12 14 9
3 6 4
10 15 13
6 8 8
2 7 3
7 9 23
14 17 22
12 14 40
15 17 10
21 0 21
4 8 3
12 15 40
11 15 16
23 0 21
5 8 37
20 23 30
21 0 5
2 5 16
10 13 41
7 9 34
13 14 21
14 18 39
18 21 25
5 8 40
0 3 20
16 19 37
1 5 30
10 15 33
9 12 10
19 21 26
2 6 44
20 0 3
18 21 39
17 21 31
23 3 3
22 1 22
0 3 34
16 19 28
23 3 24
20 23 17
12 16 27
15 19 30
19 21 33
13 15 41
2 5 31
15 17 27
4 7 44
7 10 25
17 21 40
17 19 17
7 11 9
9 11 11
1 4 42
12 16 22
15 18 24
13 16 21
18 21 43
2 6 7
2 6 31
3 6 7
5 8 26
0 5 12
14 16 39
2 5 9
4 7 19
10 13 3
7 10 19
2 5 15
23 2 8
15 17 12
15 18 17
13 15 14
20 23 27
10 14 38
10 15 32
11 13 28
17 22 31
8 10 33
15 18 40
23 2 41
15 17 15
13 16 35
15 18 27
16 20 44
11 14 34
16 19 36
15 18 1
8 12 36
3 6 37
15 17 25
2 5 31
5 9 8
3 7 28
4 8 8
5 8 28
1 3 33
14 17 13
7 9 11
0 3 25
2 5 39
20 0 8
20 23 28
3 7 37
13 15 8
6 8 23
2 7 34
11 13 1
21 1 34
2 4 18
19 22 23
9 12 43
16 22 38
7 9 35
17 18 9
2 6 35
6 7 30
5 8 31
13 18 17
13 14 18
7 9 3
17 20 27
0 2 36
14 17 8
1 4 34
4 7 27
20 0 32
19 23 20
1 5 34
5 9 25
12 17 41
17 21 34
23 2 23
6 9 28
15 17 40
2 5 31
22 2 12
17 20 37
4 6 34
5 7 43
21 0 36
21 0 33
15 19 21
7 10 11
13 17 18
0 4 32
14 18 3
7 10 7
20 0 18
8 12 3
14 16 3
11 14 17
15 19 8
11 15 28
1 3 29
14 16 17
12 17 30
18 21 22
4 6 29
16 18 39
21 0 40
15 19 25
1 5 12
18 21 34
10 14 23
14 16 31
19 19 31
2 4 9
18 22 34
17 22 41
0 1 29
17 19 6
9 11 7
13 15 22
4 8 7
7 10 13
7 10 41
3 6 19
19 21 30
18 22 30
20 0 15
1 4 3
6 7 32
1 4 33
22 0 33
1 3 21
17 19 4
14 16 34
20 22 23
2 6 36
8 12 34
22 1 7
15 19 25
10 13 22
14 15 12
4 5 22
15 20 32
5 8 27
19 20 20
20 22 34
21 23 31
13 16 33
8 10 26
22 0 44
4 6 9
6 8 32
15 19 40
16 20 11
5 7 23
6 8 33
6 9 13
22 0 26
15 17 17
1 3 17
13 16 40
5 8 13
4 7 43
11 15 39
16 19 26
7 8 8
16 19 43
18 22 22
1 4 15
0 3 42
10 13 23
3 6 24
8 11 14
13 15 8
21 1 26
20 0 16
6 8 23
10 12 5
6 9 13
12 15 21
2 4 2
14 15 21
11 14 17
21 1 36
11 14 39
8 11 35
12 15 26
20 22 40
0 4 21
13 18 41
8 13 9
17 19 20
20 23 24
21 1 43
22 0 27
11 13 35
14 18 38
12 15 43
19 22 21
19 22 17
19 23 12
18 20 15
0 3 16
4 8 38
9 10 2
4 7 38
2 6 13
14 19 21
4 8 25
13 17 3
7 10 19
10 13 42
1 3 22
7 8 13
17 20 35
20 23 21
7 8 7
2 4 32
11 13 36
14 17 26
2 4 13
17 18 32
4 8 37
18 21 4
13 16 9
22 2 27
1 5 8
2 5 23
9 12 40
2 5 43
9 12 18
15 19 12
0 4 21
3 5 44
22 0 1
15 18 7
19 22 38
7 9 44
9 13 22
4 9 17
0 5 2
23 2 33
5 10 30
10 13 29
5 10 19
20 23 6
1 2 14
9 11 21
10 13 3
6 9 11
6 9 44
11 13 16
8 11 35
12 14 11
19 23 3
9 13 38
12 16 22
16 20 5
23 1 29
3 5 27
5 7 17
10 13 21
0 4 36
4 7 42
13 15 14
21 0 37
16 19 23
1 4 16
19 21 9
3 7 31
4 5 13
22 1 23
12 15 5
8 12 10
11 13 41
11 13 19
11 13 21
9 14 31
9 12 32
9 14 27
20 0 29
13 17 25
8 12 18
13 17 33
8 10 26
1 3 23
11 14 17
17 16 29
4 7 26
14 18 14
12 16 19
16 19 22
0 2 28
6 11 1
18 21 16
14 17 14
14 18 43
15 20 3
0 3 15
4 6 16
21 1 14
4 7 44
11 13 44
15 18 29
2 3 18
4 8 41
10 14 25
7 10 13
9 13 38
3 6 11
5 7 30
11 13 42
14 17 2
5 8 40
0 3 8
9 12 16
14 16 43
7 11 22
1 4 40
3 7 29
13 15 38
13 17 26
1 5 8
22 1 12
13 16 12
13 16 27
9 12 29
2 4 13
6 10 12
19 22 41
1 4 43
8 12 22
15 18 3
18 20 22
0 4 32
19 22 34
11 13 36
5 6 41
12 16 41
4 6 27
21 0 27
12 17 13
4 8 39
15 20 25
16 20 4
18 21 20
12 15 41
13 15 4
8 11 18
22 1 1
19 20 20
12 15 11
22 1 41
19 22 13
11 14 11
15 17 2
4 8 29
6 9 16
17 18 12
2 6 39
21 23 16
2 6 2
22 2 13
1 3 19
5 7 40
23 3 41
5 8 9
8 10 32
16 19 3
1 4 33
10 14 35
10 12 26
8 11 5
9 11 34
12 17 25
16 20 35
22 1 14
18 20 4
13 16 39
12 15 6
22 1 41
7 12 1
4 7 39
11 16 6
23 2 41
17 19 24
22 2 21
3 4 15
8 12 29
19 21 15
2 6 11
12 14 12
1 4 6
0 3 37
13 16 4
9 11 29
20 0 22
14 18 37
12 12 42
11 15 39
2 5 31
18 22 16
11 14 25
22 23 43
0 1 15
4 7 32
3 6 38
3 7 4
7 10 16
8 11 40
17 19 34
5 7 13
15 18 5
1 3 27
16 18 28
12 17 2
11 15 9
4 6 23
21 0 42
16 16 23
5 9 30
15 16 20
10 15 28
22 0 40
23 2 13
3 7 31
15 18 42
15 19 15
13 16 34
12 15 23
15 17 6
3 7 30
4 7 44
20 0 38
23 2 13
9 12 4
2 5 16
8 11 39
10 12 30
6 10 17
15 18 32
5 8 13
23 3 23
7 12 11
17 19 43
14 18 42
21 23 5
13 19 20
5 7 33
4 7 7
18 21 34
20 22 33
3 5 44
12 16 2
9 12 9
5 5 36
5 7 9
17 21 1
21 23 22
19 22 24
7 10 19
8 11 37
21 2 41
20 2 19
7 9 40
12 14 23
21 1 43
8 10 10
20 23 41
12 15 26
5 8 40
8 13 10
2 5 21
8 11 44
20 23 5
3 5 30
9 12 8
4 7 43
7 11 18
19 21 14
23 3 34
8 10 19
19 22 9
21 0 41
15 20 20
1 3 6
19 23 32
5 8 7
22 1 12
19 22 30
0 3 18
18 23 3
5 8 20
3 5 12
16 20 32
5 7 27
6 8 40
19 23 36
7 11 44
19 21 31
15 18 9
18 22 32
5 9 7
23 3 22
15 17 32
18 22 28
16 18 38
12 15 27
22 3 15
16 19 43
23 0 13
12 14 39
19 22 3
21 22 37
0 1 15
14 17 4
3 6 44
16 20 9
5 6 23
13 15 6
16 19 7
0 3 29
17 20 7
18 23 2
13 16 15
20 0 30
16 19 36
14 17 39
6 10 37
13 16 8
17 20 36
22 2 42
13 15 3
0 4 39
5 7 39
14 19 7
9 11 14
2 5 28
21 1 16
11 13 34
7 12 23
16 18 32
14 18 4
23 3 39
11 14 43
0 3 17
21 23 15
14 17 5
5 8 15
0 3 43
14 18 24
23 3 5
16 19 3
22 2 18
21 23 25
0 4 29
2 6 44
22 23 5
0 2 42
23 2 8
16 19 24
23 1 22
14 18 15
3 5 5
3 5 33
17 19 24
19 22 34
5 9 21
17 20 22
16 19 33
6 8 2
2 4 28
14 15 26
19 21 31
8 11 17
20 23 11
2 7 10
18 20 39
13 16 6
20 1 30
19 23 23
17 21 5
19 22 10
23 23 22
13 17 7
7 10 26
21 1 37
13 16 12
7 10 5
23 2 23
21 23 21
19 21 36
5 8 14
8 10 2
16 20 43
11 13 36
5 6 23
19 21 30
12 13 38
8 11 36
6 10 22
8 12 40
22 0 30
20 22 23
3 6 36
15 17 13
0 4 14
23 3 9
23 1 27
21 1 18
1 4 10
10 13 1
14 18 3
19 22 22
19 21 6
21 2 14
7 9 7
5 9 11
10 15 28
17 21 16
9 14 11
2 4 28
21 23 8
20 0 20
15 17 36
11 13 16
11 14 10
4 6 29
0 1 7
15 18 19
20 0 1
19 21 28
7 11 17
19 22 44
14 19 16
2 4 6
0 3 25
12 15 6
14 19 34
23 2 19
7 10 11
18 23 12
6 9 16
13 15 14
14 17 14
15 19 31
18 20 20
1 4 33
10 15 27
22 1 10
12 15 25
20 23 16
18 22 34
21 0 7
4 8 20
9 13 31
18 21 32
0 3 19
12 16 19
17 21 8
1 5 17
23 3 5
22 0 1
14 18 36
10 12 6
0 2 6
4 7 11
13 17 17
5 9 40
13 16 18
20 22 1
1 3 36
9 13 1
8 9 1
13 17 31
9 11 7
10 13 14
11 14 23
0 2 34
23 2 26
3 6 19
6 9 25
18 22 27
3 5 15
4 7 29
4 9 9
22 0 2
8 10 23
2 5 13
23 2 23
15 17 39
21 1 2
9 12 6
23 2 19
5 7 7
0 3 14
18 22 21
0 3 41
7 11 39
4 9 35
20 22 30
19 23 29
6 9 6
12 14 13
2 7 38
11 14 6
16 17 28
17 20 8
15 19 9
14 17 14
8 11 3
18 20 11
0 3 32
20 22 35
12 17 8
3 7 12
18 20 1
1 4 41
19 23 6
10 15 32
18 19 32
2 5 39
13 15 1
10 13 41
2 6 36
0 5 7
7 8 13
8 12 16
14 17 33
1 4 11
1 3 41
20 0 7
10 12 40
13 16 9
6 9 9
8 10 3
22 0 4
20 22 15
23 3 39
18 22 31
18 21 43
4 6 40
13 16 43
2 6 26
23 0 5
17 20 17
3 7 17
0 3 43
7 9 21
5 7 44
12 15 17
14 16 10
16 20 39
11 14 38
23 1 33
17 21 1
1 5 4
22 0 14
18 20 22
21 23 25
16 21 28
19 21 8
15 19 34
15 18 21
12 14 38
0 4 33
23 3 27
18 22 19
11 14 35
10 12 31
11 13 1
8 10 9
5 10 35
0 4 44
14 17 12
4 8 1
1 6 41
14 16 29
13 15 2
23 1 23
7 9 20
6 11 43
21 0 7
13 16 32
23 1 16
10 15 8
20 23 11
5 8 2
6 9 29
4 7 39
3 6 24
14 16 26
15 18 7
10 14 30
11 14 32
21 23 8
9 12 2
22 1 10
17 19 7
11 15 27
5 8 9
6 9 10
17 17 43
6 9 1
6 10 18
20 23 20
14 17 3
23 3 18
20 23 23
13 14 36
5 9 12
10 14 34
21 23 6
13 16 29
23 2 30
19 21 2
19 22 18
16 20 26
23 0 7
22 1 3
22 1 23
14 17 41
8 9 21
22 2 6
17 20 27
15 19 6
8 12 18
12 14 23
10 13 17
4 7 39
0 2 8
11 13 33
9 9 38
18 21 5
18 21 43
12 15 16
15 18 20
3 8 37
3 5 21
10 13 11
1 5 11
11 15 9
14 18 23
3 8 25
21 1 26
6 9 28
22 1 24
19 0 17
14 17 14
0 3 29
12 17 23
1 4 31
12 16 19
3 5 29
12 16 1
16 19 9
11 14 25
23 3 16
21 0 18
11 14 27
4 7 32
18 22 26
4 7 28
15 17 17
22 0 12
9 12 20
4 7 24
17 20 39
4 6 29
7 12 20
17 20 41
4 8 7
7 11 42
16 18 10
2 6 32
2 5 29
12 16 5
19 22 21
5 8 36
22 2 14
18 19 36
4 8 8
4 7 12
20 0 29
10 13 41
22 1 36
3 6 41
16 18 37
5 8 3
15 19 18
3 6 27
9 10 36
6 8 7
18 20 41
5 8 18
14 16 5
12 16 20
3 6 2
0 5 19
3 7 40
22 23 44
3 5 28
7 9 31
2 5 44
22 0 44
7 11 22
3 5 18
23 2 22
12 16 29
20 22 20
0 4 30
5 7 32
6 9 33
23 2 29
7 11 28
21 23 30
21 2 25
20 0 29
1 4 22
6 10 9
21 23 30
9 11 7
15 18 21
9 14 9
2 6 27
11 14 11
17 20 6
10 13 26
21 1 27
18 21 9
19 20 5
2 6 24
11 15 6
20 22 19
1 4 42
23 1 10
0 3 1
17 21 35
10 14 36
4 5 2
13 17 24
18 21 9
17 21 10
15 17 19
0 3 15
17 21 15
11 14 27
0 5 12
17 19 27
20 2 25
19 22 19
21 22 37
20 22 27
12 15 1
10 15 42
14 17 5
3 6 17
16 19 13
7 10 16
20 23 18
22 1 3
7 10 3
1 4 19
15 15 21
9 11 7
1 4 15
12 16 44
3 8 22
0 4 9
1 3 22
13 16 40
1 3 27
21 0 24
23 1 7
20 23 10
20 23 1
17 20 8
19 20 31
19 20 26
19 23 30
8 13 40
5 8 14
5 8 24
22 0 26
0 2 18
8 11 32
11 13 40
13 16 11
9 12 40
8 11 3
5 9 7
12 16 36
13 17 26
5 7 8
13 17 21
14 19 38
9 11 32
0 5 22
3 6 37
19 23 36
11 15 6
15 19 3
20 23 41
17 19 33
1 3 34
17 20 23
14 17 13
20 23 9
22 1 26
15 16 32
9 11 6
8 14 42
22 1 27
16 20 22
0 3 38
1 2 10
0 4 3
23 1 42
8 11 18
3 6 13
21 0 6
7 11 36
15 19 4
10 12 15
0 3 3
18 21 40
3 5 19
7 9 36
22 1 31
7 10 14
13 16 12
2 7 18
22 2 24
5 7 16
14 17 20
5 10 35
19 23 30
4 7 5
1 3 11
3 5 17
7 10 2
0 3 30
1 3 4
22 0 42
15 17 2
8 11 10
6 11 27
11 16 28
3 6 42
4 7 19
7 10 26
4 6 23
7 9 35
20 0 44
21 1 36
20 23 4
9 11 30
15 18 12
17 22 32
13 17 36
20 23 35
6 10 1
10 14 34
20 22 3
13 16 26
3 7 25
23 2 36
5 9 10
23 1 21
19 0 19
0 3 24
0 4 34
19 23 44
19 0 36
6 9 8
3 6 6
7 11 26
10 12 7
11 14 16
5 8 34
23 3 36
1 3 30
6 9 32
4 7 18
8 12 40
0 4 32
6 10 40
17 21 26
9 13 21
20 23 41
19 0 40
19 22 12
5 9 17
18 21 38
2 5 19
1 4 36
9 12 44
10 14 36
18 20 4
22 0 39
20 1 28
18 21 22
12 16 5
7 12 17
8 10 40
7 10 6
17 21 25
15 19 44
11 14 6
7 12 41
2 5 22
11 14 13
9 12 30
4 7 30
3 6 36
18 23 42
6 8 28
21 0 11
7 10 15
12 15 33
6 9 6
3 6 25
17 19 37
16 19 2
21 23 36
16 19 35
8 11 36
11 14 32
8 11 29
21 0 11
9 12 32
11 14 7
11 15 17
8 9 14
9 11 19
8 10 15
22 2 33
18 20 6
15 16 5
21 2 21
16 21 27
22 0 36
14 17 31
7 11 30
18 20 12
15 19 36
3 6 29
4 6 13
9 11 29
22 2 44
14 16 31
9 12 15
3 8 27
0 0 18
0 3 11
17 20 43
6 10 21
13 16 16
17 21 20
11 13 5
6 8 38
4 6 38
9 11 12
7 10 38
23 1 14
2 5 35
3 5 1
4 8 15
23 3 18
6 9 38
8 12 23
13 14 4
9 13 32
6 8 28
9 12 1
14 17 29
16 20 41
10 13 6
19 22 17
11 14 6
13 15 40
5 7 18
2 4 31
5 8 30
12 15 41
20 1 3
19 22 44
2 4 4
6 10 14
20 23 2
8 12 18
5 6 13
7 11 8
12 14 29
23 3 2
10 12 41
7 11 24
19 23 21
10 13 29
21 1 4
7 10 24
20 21 28
15 19 44
8 13 17
7 9 4
21 1 31
23 3 9
16 19 3
17 18 11
6 10 42
14 18 16
11 13 43
21 2 26
21 1 33
8 10 7
11 14 34
21 1 27
5 7 28
4 6 40
9 12 15
4 7 37
14 16 32
19 23 16
10 12 1
20 22 14
9 12 37
13 16 4
2 5 14
12 15 43
17 19 16
13 15 27
22 0 44
14 17 14
12 17 5
21 0 7
16 19 32
18 20 6
21 1 34
8 12 36
20 0 40
19 23 19
16 17 11
5 6 9
7 9 13
0 2 23
1 5 7
22 1 8
6 10 8
5 7 24
4 6 38
20 0 18
12 15 37
1 3 32
16 17 5
23 2 39
6 10 23
3 5 29
19 0 35
18 21 41
17 19 39
12 13 34
6 11 43
14 17 26
23 2 22
6 10 32
19 20 15
12 15 29
18 22 2
8 10 28
11 15 6
17 18 20
5 7 15
14 17 23
9 10 10
19 22 35
2 5 21
22 0 21
18 20 36
7 12 21
22 1 12
22 3 15
19 22 8
2 5 3
16 19 6
14 15 29
9 13 6
15 18 29
21 0 21
11 13 38
9 13 44
22 2 42
4 8 2
12 16 26
17 20 39
3 7 41
12 15 4
5 7 27
19 20 32
23 2 19
6 11 31
7 12 21
17 20 33
5 7 43
12 15 21
22 2 43
13 17 22
10 13 18
9 13 39
4 7 44
4 8 18
7 10 25
13 18 34
21 1 41
7 9 44
20 22 11
16 20 44
11 14 20
12 18 25
5 8 38
17 21 26
21 23 30
10 12 9
3 7 44
2 5 23
21 1 26
21 1 34
22 0 16
15 18 11
2 6 25
1 6 24
10 12 8
22 0 12
2 5 36
16 18 6
0 4 30
0 3 4
16 18 8
18 21 9
18 20 33
15 18 9
1 3 29
20 22 18
23 0 33
21 23 4
2 4 28
20 21 23
13 15 11
23 2 34
8 10 11
15 18 1
12 13 39
21 1 39
22 1 4
17 20 9
1 4 16
23 3 3
7 12 41
2 6 23
7 12 12
8 12 27
14 17 21
19 21 27
10 12 30
12 14 31
10 12 27
9 13 7
14 17 30
18 22 4
18 22 23
3 7 9
23 2 42
2 5 16
5 7 5
20 23 11
12 15 7
12 14 32
7 8 6
14 18 3
21 23 39
0 5 17
17 18 36
3 6 10
3 5 38
6 11 7
11 15 18
14 17 40
10 14 13
13 16 21
2 4 25
5 8 5
23 3 30
7 10 28
9 13 27
17 20 1
22 23 18
20 23 9
10 14 42
3 5 17
16 22 2
19 20 31
16 20 29
8 11 43
5 8 43
8 10 25
7 10 12
10 12 44
18 21 29
21 0 37
23 2 11
7 10 31
7 9 3
5 8 9
14 17 2
21 0 15
12 13 37
18 20 14
13 16 2
22 2 2
13 15 3
17 19 40
12 15 16
4 8 21
8 12 23
5 7 22
16 18 36
17 20 4
16 19 32
22 0 9
6 9 11
14 17 12
23 3 25
8 12 22
10 13 7
13 16 27
11 13 27
22 1 9
16 19 41
5 8 28
16 20 38
22 1 26
6 10 43
8 11 36
1 5 28
0 4 20
3 6 8
11 13 34
15 18 43
19 23 44
16 20 7
4 5 37
6 10 8
18 21 11
4 8 18
10 13 40
10 12 43
5 7 19
6 10 23
15 17 16
22 2 3
16 19 22
14 17 33
6 8 15
14 17 36
13 17 37
23 2 34
8 11 23
19 20 29
22 0 6
11 14 30
9 13 8
13 16 10
16 21 31
7 12 9
11 15 30
4 8 32
4 9 25
9 12 18
16 20 38
17 20 19
13 15 26
21 0 39
8 13 36
20 0 5
7 7 2
1 4 9
10 12 32
8 10 1
0 1 16
7 10 13
21 0 18
11 14 32
5 9 41
13 15 25
0 4 30
16 19 32
9 10 24
16 19 26
18 20 21
7 9 11
22 1 30
21 0 35
19 22 34
22 1 27
15 18 12
11 15 38
11 15 25
10 13 43
10 13 42
5 8 32
1 3 29
15 19 7
12 15 19
22 2 43
0 3 16
20 23 23
14 18 21
14 16 37
15 19 12
5 8 41
1 3 10
1 5 14
15 18 20
1 6 23
19 23 20
15 18 28
11 14 27
6 10 40
7 11 42
5 8 20
0 2 38
1 5 33
21 23 1
9 12 26
15 20 24
7 9 33
3 7 10
10 13 18
18 21 42
7 10 26
14 18 24
20 22 35
7 12 5
4 7 2
16 20 10
18 20 6
2 5 28
6 9 28
13 13 1
15 18 2
1 3 29
17 20 29
11 16 19
1 5 7
1 5 8
15 18 4
18 20 17
19 22 19
15 17 21
10 14 15
18 21 42
15 17 20
1 3 13
23 2 16
21 22 28
4 7 36
20 23 10
4 7 9
11 14 36
18 22 25
19 22 30
16 20 10
10 11 22
18 21 24
13 16 12
17 21 19
20 0 12
8 12 11
6 9 44
9 13 1
23 1 41
22 0 8
10 15 5
0 3 21
7 10 4
5 8 12
23 2 44
13 15 15
9 11 6
6 8 28
9 12 36
5 8 5
10 14 3
1 4 40
1 4 18
18 21 2
20 23 11
22 2 38
10 13 20
4 8 4
23 1 18
11 14 16
11 12 23
2 5 36
15 19 14
8 12 24
1 4 19
14 18 22
21 0 35
20 22 23
8 12 23
5 9 21
5 7 43
1 4 27
11 13 33
11 13 7
3 6 15
19 21 32
0 4 38
10 13 11
2 5 38
1 4 7
10 11 25
16 19 29
22 2 15
18 22 4
2 5 3
9 12 31
17 19 6
5 7 9
10 12 22
9 10 25
5 8 32
10 13 39
16 20 17
8 11 30
23 2 1
9 11 22
9 11 8
9 11 37
18 19 37
15 17 43
4 7 35
9 12 42
22 2 24
16 19 25
9 12 42
20 23 7
13 16 14
18 20 12
23 3 6
8 11 33
21 1 1
12 15 29
20 23 16
7 10 44
14 15 38
12 14 4
22 2 9
3 6 34
17 19 17
12 16 6
10 13 34
19 22 44
0 3 30
0 1 27
8 11 30
22 0 11
12 14 39
9 14 25
0 4 35
10 12 29
9 13 21
15 18 34
10 13 15
5 8 14
22 0 41
23 2 40
0 3 26
23 3 31
4 8 8
3 5 24
16 19 12
2 4 30
19 21 5
11 13 16
12 14 32
12 15 18
6 10 29
3 7 34
6 9 13
23 3 44
9 12 35
11 13 32
7 12 13
18 21 8
20 22 1
11 14 39
9 12 32
18 20 25
0 3 20
4 7 23
4 7 8
16 18 25
4 5 40
3 7 2
22 2 3
17 21 13
9 12 5
0 2 33
23 1 13
18 20 5
11 15 42
8 12 27
18 22 26
23 1 23
1 5 13
16 19 44
15 17 39
17 20 31
0 5 1
21 1 42
10 13 25
17 19 43
13 16 7
17 20 37
6 9 39
2 5 35
18 20 19
0 4 28
7 10 16
1 6 22
17 22 27
21 0 33
8 13 35
12 13 14
14 17 41
16 19 26
18 21 1
6 7 9
10 13 29
14 17 13
20 23 20
19 21 24
19 22 42
19 22 37
0 2 28
19 21 42
5 7 10
20 0 4
13 16 15
13 16 7
2 6 14
19 21 25
2 4 21
9 13 42
1 4 39
17 21 42
2 7 37
17 20 40
0 3 11
4 8 42
18 20 43
8 11 16
17 18 6
21 23 11
8 11 26
13 15 17
7 9 30
11 14 27
2 5 21
4 8 21
6 9 21
10 12 17
19 22 42
4 7 5
19 22 31
2 4 15
5 7 3
11 16 32
20 22 16
14 15 37
23 3 20
17 21 34
9 12 42
21 1 17
20 22 42
23 3 43
11 14 28
9 12 25
14 15 8
7 11 29
19 21 41
11 14 27
14 17 7
0 3 21
0 3 22
10 15 9
5 8 35
20 1 21
9 12 39
3 6 5
7 8 16
23 2 29
19 21 39
18 23 15
8 12 25
12 14 37
20 22 20
14 19 42
5 10 34
3 5 9
3 7 4
23 2 2
1 4 22
2 5 34
6 7 7
19 23 1
19 21 42
9 12 23
11 16 30
22 0 35
19 22 14
9 11 4
22 3 12
12 15 44
16 18 7
21 0 7
14 16 32
21 1 17
10 12 6
5 7 29
21 0 29
4 6 41
15 18 10
10 13 10
8 12 31
5 8 36
15 17 40
4 7 39
19 23 20
13 17 31
15 17 34
5 7 35
23 4 29
14 17 10
18 22 7
17 18 14
15 18 17
9 12 32
20 23 31
20 0 10
16 18 36
9 13 43
11 14 8
4 6 17
15 17 29
3 6 5
22 0 21
16 20 32
8 11 6
2 4 44
18 18 1
22 1 5
1 4 28
9 10 14
18 21 13
0 3 9
6 10 23
13 16 35
15 18 36
6 10 1
4 6 8
23 3 28
3 5 39
12 15 41
16 19 15
12 16 32
11 12 24
11 15 22
3 5 18
12 14 37
13 17 39
19 21 7
23 1 9
16 19 24
4 8 33
7 11 14
11 15 28
8 12 2
21 21 11
3 6 17
13 16 25
20 0 43
18 20 39
4 7 9
8 10 10
5 8 5
22 1 4
2 5 36
7 9 39
3 6 42
23 3 13
21 23 34
2 5 6
11 14 18
12 16 14
4 7 37
16 19 16
12 18 12
20 22 11
18 20 35
13 17 14
19 21 4
1 5 5
6 8 31
10 14 13
20 0 16
10 11 33
7 11 10
23 3 30
20 22 11
7 9 43
9 11 2
20 0 41
21 23 35
14 17 35
2 6 30
21 0 34
9 11 34
6 9 31
1 4 32
12 16 14
2 4 27
3 7 28
1 3 24
17 20 6
15 18 26
22 2 32
1 4 8
12 15 24
6 8 12
10 12 31
0 1 44
15 17 43
14 18 20
16 18 40
1 3 42
23 1 27
8 11 44
11 14 15
19 21 8
5 7 28
17 20 2
18 22 10
7 10 17
17 20 43
21 0 40
23 1 20
1 5 44
23 3 30
21 23 43
21 0 31
9 11 22
14 17 23
3 5 15
10 13 39
4 7 7
2 5 28
22 1 33
8 10 7
16 19 42
21 0 19
19 23 36
6 10 41
6 9 33
19 22 4
6 7 27
4 7 11
13 15 37
12 14 28
2 5 26
22 1 29
8 11 34
12 15 7
12 14 29
1 4 40
19 21 4
9 11 24
4 6 16
21 1 27
14 19 31
9 11 30
19 21 43
2 4 39
11 16 34
8 12 31
16 21 41
15 18 43
11 14 3
20 0 18
20 22 20
3 5 14
21 1 25
18 22 15
16 20 10
10 13 38
5 8 13
3 6 27
8 12 30
22 0 30
13 17 32
7 11 12
10 12 32
0 3 16
0 4 16
6 10 1
20 23 14
16 18 28
7 10 30
15 19 9
18 20 7
21 0 30
16 20 2
11 15 8
13 16 15
2 4 35
18 21 1
6 10 4
11 15 37
0 2 2
10 14 2
8 10 17
14 17 42
12 13 8
14 16 38
10 13 21
4 6 39
1 4 29
13 17 20
7 11 18
13 18 16
23 4 33
13 16 28
13 17 30
17 18 43
21 23 5
9 13 5
15 18 8
16 17 40
1 4 41
8 9 42
5 8 38
19 23 30
14 18 7
12 16 31
12 15 43
20 23 20
17 20 8
12 15 31
9 13 36
0 5 23
3 7 18
1 4 13
22 4 1
15 18 14
10 13 21
2 6 9
12 15 22
2 2 14
17 20 3
18 20 24
16 17 38
9 10 18
19 23 6
9 11 13
4 6 10
7 12 33
22 1 28
11 14 37
8 12 11
2 5 34
0 4 39
15 18 34
6 8 20
13 16 35
9 12 11
4 9 26
0 3 27
2 4 39
11 15 20
18 22 21
8 10 13
4 6 17
13 16 14
15 17 42
21 23 10
12 15 22
0 3 15
5 7 37
9 12 10
18 22 2
7 10 23
17 20 35
13 15 30
2 4 6
7 10 41
14 16 27
21 1 14
0 3 10
7 10 25
8 12 20
14 18 44
3 6 20
13 16 18
7 9 21
23 1 15
0 2 17
3 7 23
19 22 12
5 8 31
13 16 19
18 21 12
11 14 31
12 13 8
10 12 28
6 9 5
18 21 15
21 1 15
15 18 13
2 6 32
13 17 4
7 10 32
8 13 31
22 1 23
8 11 13
15 18 4
9 12 37
16 23 22
19 21 22
15 18 22
6 9 30
3 6 26
16 18 5
19 0 6
21 1 29
3 5 31
17 19 15
15 19 15
19 21 38
11 14 12
22 2 8
1 4 33
19 21 30
0 3 42
20 22 12
5 8 15
7 10 42
3 7 9
4 8 10
20 1 41
2 5 24
23 4 35
12 16 12
3 6 5
11 14 44
10 14 10
5 7 13
0 2 4
4 7 42
8 12 17
8 12 24
12 16 13
5 8 17
23 3 31
15 18 41
13 16 3
2 4 21
9 13 13
11 14 11
9 12 34
22 2 37
0 4 38
9 13 37
22 2 10
14 17 29
2 5 36
11 14 28
16 19 35
13 17 18
17 22 11
11 14 27
13 17 14
19 20 36
9 12 40
23 3 35
20 0 39
1 4 6
12 15 32
3 7 14
22 1 6
14 17 18
1 3 30
16 21 1
18 21 14
23 2 32
7 9 14
11 13 38
12 13 41
5 7 44
0 2 32
19 23 5
13 17 24
19 23 5
23 2 40
23 2 25
8 9 27
22 1 8
20 23 10
20 0 43
18 23 21
3 5 37
14 18 22
0 3 16
3 6 15
2 5 13
14 16 39
8 9 38
14 17 13
9 12 2
18 22 26
18 22 3
4 8 35
9 13 27
16 18 6
14 16 9
1 5 40
19 21 40
21 23 7
4 8 3
12 15 43
7 9 21
12 15 11
19 22 22
0 2 33
13 16 26
14 15 21
19 22 24
20 23 27
13 16 32
8 11 7
2 5 4
8 9 37
2 5 24
1 5 33
20 0 27
16 18 15
9 13 29
13 14 1
4 7 2
3 6 26
14 17 11
5 7 10
14 17 24
10 13 33
2 5 20
12 17 8
4 8 22
15 18 38
7 11 10
19 22 17
1 5 17
9 13 26
13 15 43
18 22 21
7 10 25
2 5 24
18 21 14
6 8 2
16 18 36
0 3 9
17 19 26
12 16 31
11 14 30
1 4 10
13 15 10
8 12 13
23 2 43
22 2 7
3 5 27
18 21 12
1 2 42
14 19 17
19 0 31
3 5 11
5 8 42
14 15 14
5 8 8
17 19 29
11 15 21
5 9 33
8 11 20
6 10 16
23 1 39
21 0 38
1 3 38
5 10 15
3 6 1
21 1 36
19 23 8
10 10 6
9 12 35
16 21 29
4 6 9
11 13 1
20 0 37
3 6 37
7 11 41
15 20 43
9 11 35
0 4 38
18 21 9
2 5 18
17 20 36
20 23 1
19 22 14
10 12 36
14 17 32
5 7 15
16 19 32
14 16 25
14 17 36
1 4 2
0 4 37
21 23 23
22 0 11
17 19 31
8 11 19
7 11 37
16 19 9
9 10 24
23 2 20
0 3 10
3 6 42
0 2 10
7 8 10
8 11 32
23 1 39
6 9 43
7 11 34
2 5 44
6 8 32
18 22 39
12 14 27
15 15 24
20 23 1
11 13 35
1 5 6
18 21 38
11 12 18
1 3 35
1 5 5
2 4 42
6 8 31
6 10 39
1 4 9
0 3 20
0 3 18
20 23 15
1 3 12
6 9 1
9 12 14
9 13 44
3 5 19
23 1 27
6 10 9
18 20 15
8 10 43
5 8 38
3 7 10
2 5 14
18 20 39
22 2 11
23 3 11
18 21 37
23 2 39
23 2 37
19 23 33
23 3 1
1 3 27
15 17 25
1 5 39
5 8 37
9 13 42
2 4 7
23 0 27
8 10 43
1 4 10
15 18 39
4 7 18
6 9 18
19 23 11
6 9 38
1 4 41
18 22 17
21 3 36
9 11 27
18 20 11
10 14 31
14 16 9
2 7 15
17 20 35
21 0 30
14 17 15
14 19 25
11 15 18
0 4 42
20 23 9
3 5 11
17 21 4
2 6 32
12 16 21
2 7 21
2 5 14
7 10 36
21 23 36
6 8 33
20 23 17
7 11 29
2 6 41
18 20 8
1 1 44
11 15 4
3 6 37
11 14 40
11 14 8
1 4 29
9 11 1
7 11 23
4 8 37
19 22 18
16 19 26
21 0 10
16 18 23
3 6 18
21 1 32
15 20 38
16 19 33
5 7 21
16 22 3
16 19 16
17 19 13
2 5 43
8 11 18
21 0 16
6 11 16
1 5 11
15 19 30
12 11 30
11 12 15
0 1 39
6 10 42
16 19 39
14 16 21
1 4 6
8 11 25
13 16 24
22 0 14
18 20 32
11 14 41
12 14 39
23 2 13
13 16 1
8 11 25
7 11 2
14 18 9
8 9 2
14 18 5
18 20 29
8 12 21
9 12 21
2 4 20
13 15 30
21 0 37
5 6 35
13 17 13
7 9 6
9 12 6
8 11 41
21 2 26
6 10 5
17 20 17
1 4 17
20 22 2
14 17 26
0 3 20
16 18 22
13 14 8
1 5 33
11 14 37
20 22 28
6 9 5
21 0 18
23 2 7
19 0 6
14 17 12
7 11 23
22 2 6
19 23 29
6 8 31
14 16 7
7 8 14
14 17 24
13 15 37
20 22 20
19 22 32
4 6 30
11 15 35
17 22 3
16 19 30
19 23 33
14 14 12
14 19 1
5 8 35
12 17 32
8 11 34
4 7 31
6 9 9
21 1 42
0 5 41
4 6 9
9 12 5
3 5 29
17 20 7
10 14 21
4 8 44
11 15 25
17 19 23
6 10 43
11 15 11
14 17 24
10 11 16
1 4 21
10 11 43
11 13 13
3 6 2
10 13 44
7 9 5
19 22 18
5 9 8
23 3 38
1 5 12
14 15 43
10 14 27
23 3 16
7 8 19
17 19 2
23 3 29
8 11 43
3 8 39
9 11 12
2 4 2
23 1 22
23 2 44
13 17 21
21 0 16
21 22 2
10 13 40
2 4 3
0 1 24
14 18 27
2 5 31
21 0 26
6 9 33
6 10 17
18 21 5
12 16 22
1 4 43
8 12 34
20 22 9
15 16 15
7 10 23
14 19 8
21 0 43
13 15 35
4 7 38
15 18 4
19 22 16
19 23 8
1 6 13
3 6 1
20 0 12
18 22 4
6 6 39
15 17 35
16 19 24
6 10 3
21 1 8
21 22 30
21 0 25
2 5 42
1 3 20
9 13 32
19 22 28
23 3 28
16 19 40
10 12 5
14 17 4
2 7 24
5 11 44
8 14 37
12 15 30
18 22 27
15 18 5
20 22 36
14 18 16
22 2 32
15 17 39
3 7 9
0 5 4
2 5 33
4 9 14
7 9 17
0 4 18
18 21 39
2 4 2
23 3 10
20 0 43
14 17 10
8 10 31
22 1 7
12 15 39
15 19 9
11 15 23
10 14 28
20 23 6
1 4 18
18 20 1
9 13 21
16 18 29
21 23 21
3 4 5
8 13 27
21 0 20
22 1 27
22 2 43
18 21 5
19 23 19
13 16 7
3 6 3
23 0 37
22 0 21
6 9 8
21 23 41
2 5 12
18 22 4
9 11 23
21 0 32
15 17 3
12 15 21
20 0 21
4 8 26
13 15 32
3 6 8
17 19 35
19 20 8
8 10 18
2 3 10
19 22 34
19 22 27
21 1 21
23 3 23
22 2 44
19 23 15
0 2 18
4 7 35
15 17 6
8 12 8
6 11 34
4 7 22
18 22 9
5 8 40
1 4 43
15 19 1
2 5 10
13 16 18
20 2 14
7 9 8
14 17 34
3 5 34
20 23 42
17 20 6
21 0 39
18 22 1
16 19 26
9 13 9
6 9 32
12 16 29
5 8 13
12 14 15
7 9 4
2 4 21
12 14 31
0 4 37
23 0 14
19 22 43
19 21 21
20 22 28
17 20 31
7 10 36
2 5 35
20 0 20
20 23 16
1 4 36
4 7 10
22 1 27
8 13 19
20 23 26
20 0 9
9 12 25
11 13 18
9 11 1
20 22 28
1 6 40
7 10 42
23 23 27
5 8 9
8 12 32
22 1 8
3 6 41
4 6 16
13 15 29
20 22 4
12 13 31
13 13 8
20 23 17
9 12 20
19 22 39
2 6 1
23 0 32
10 11 20
9 11 33
19 21 28
14 18 12
8 11 11
14 16 7
6 10 33
2 6 34
13 15 26
16 20 37
6 10 25
8 11 8
6 8 6
8 11 3
6 8 35
11 15 41
9 11 5
8 12 28
6 9 42
23 3 8
15 19 28
5 6 15
21 0 12
7 10 23
5 8 21
6 10 16
20 1 24
17 21 43
18 19 2
19 22 10
0 2 39
23 3 1
1 4 22
14 16 18
5 10 19
16 20 24
9 10 44
15 20 10
2 2 9
23 3 31
12 14 3
9 11 32
22 2 33
10 14 2
23 4 19
1 2 1
20 23 31
3 6 41
8 11 29
10 12 5
6 8 32
1 4 40
18 20 37
1 4 7
20 0 30
0 3 18
2 4 3
5 9 35
0 4 38
11 11 1
8 11 43
9 11 37
11 13 6
12 14 3
23 3 32
4 6 2
8 12 25
11 13 7
20 0 8
12 15 26
19 22 43
5 9 16
11 15 24
12 18 36
12 15 22
23 2 10
0 3 21
23 4 11
1 4 41
2 4 44
0 4 36
6 9 12
14 16 4
8 11 37
19 23 15
2 6 16
7 10 27
10 13 6
23 0 43
23 2 43
16 21 22
6 10 26
10 12 1
1 4 12
3 5 6
21 22 21
16 19 6
17 21 18
16 19 17
15 17 3
19 20 12
8 11 29
22 1 30
11 15 11
5 8 14
21 0 20
15 18 2
15 19 34
9 13 28
18 21 43
9 11 9
8 10 12
3 5 9
15 19 41
16 19 18
12 15 30
8 11 44
21 22 22
18 22 24
12 17 16
20 22 29
8 10 36
11 15 44
1 6 9
17 20 1
4 7 14
21 1 2
17 21 27
19 21 10
0 1 6
18 20 39
18 20 26
5 8 21
16 19 36
18 22 7
12 14 34
4 5 18
2 5 6
18 21 2
5 8 21
22 1 35
22 2 29
2 6 18
21 1 27
22 0 5
20 22 42
0 3 38
12 14 32
7 9 37
0 2 25
5 8 24
7 9 29
1 5 30
5 6 25
11 15 9
4 6 31
16 19 30
22 1 14
14 19 4
19 22 6
0 3 5
1 5 3
19 22 41
5 8 5
4 7 33
19 20 37
16 20 15
4 7 19
16 21 27
9 11 20
6 9 9
17 20 6
14 19 31
17 19 5
19 22 28
22 2 29
13 14 18
8 11 14
19 0 10
18 21 39
18 21 2
11 13 9
18 20 8
16 18 12
19 22 18
2 4 19
0 3 42
7 11 25
5 9 31
13 16 16
19 22 2
1 4 31
21 0 40
1 4 11
19 21 5
19 0 30
19 22 42
16 19 34
15 18 12
18 21 20
22 2 44
10 13 38
9 12 15
14 18 18
16 18 37
14 17 14
17 21 22
9 12 44
20 0 8
2 4 17
11 14 1
9 12 43
21 23 33
14 19 2
15 18 37
8 11 37
7 11 11
5 8 20
5 8 6
0 4 29
9 12 39
4 7 31
14 17 35
18 22 8
11 15 4
15 18 6
19 21 28
6 9 20
20 0 14
6 10 4
6 10 38
15 18 8
8 10 3
13 16 9
10 14 29
20 0 35
10 13 26
21 1 33
17 20 20
16 20 28
8 10 42
2 8 18
18 21 28
12 16 3
14 17 25
21 23 3
7 10 32
10 12 5
1 3 34
18 21 30
4 7 11
16 20 14
21 0 27
3 5 25
0 3 23
16 18 9
6 10 36
20 0 17
23 2 42
6 7 34
16 19 43
9 11 36
12 17 29
22 1 26
14 16 11
6 9 15
3 5 43
19 22 41
23 2 11
4 7 29
7 9 40
6 10 41
16 19 5
15 19 24
0 3 13
23 1 8
0 3 7
14 17 35
0 2 27
11 14 36
15 18 6
0 2 32
10 14 24
14 18 2
5 9 14
21 23 6
5 8 15
14 16 16
19 22 1
11 14 22
0 3 5
9 13 4
18 23 21
1 5 41
23 0 8
0 2 4
23 1 32
8 11 11
12 16 7
16 18 7
11 12 29
14 17 34
0 3 8
19 22 32
9 12 8
4 6 32
9 10 33
8 12 31
14 20 19
3 6 18
22 1 43
20 21 35
12 16 1
8 11 5
4 7 3
21 2 24
2 6 36
6 9 42
14 19 17
0 4 14
6 10 44
11 14 3
23 3 15
9 12 17
20 23 40
22 23 32
9 14 44
18 20 17
12 15 24
13 15 43
11 12 24
23 1 37
15 18 40
12 15 12
23 2 30
23 2 21
4 7 16
1 4 6
0 3 27
10 14 38
10 11 30
2 6 32
11 13 20
16 19 42
16 18 15
13 14 44
17 19 8
19 22 11
13 16 12
0 4 37
9 12 35
15 18 24
10 13 31
4 7 16
8 11 11
3 6 40
16 21 32
0 1 23
20 22 42
15 19 36
21 23 4
4 7 10
8 11 24
15 17 34
18 21 28
12 14 18
1 5 21
9 11 10
14 16 10
20 0 22
3 5 20
17 23 6
21 1 36
10 14 20
21 1 12
12 15 13
20 23 37
12 16 28
4 7 1
7 11 18
20 23 37
9 13 19
5 9 28
13 17 19
1 2 10
15 19 29
8 10 26
17 20 21
4 8 32
18 20 8
14 18 28
14 16 30
19 21 10
11 13 24
1 4 6
22 1 40
13 16 8
7 12 24
10 13 4
14 17 44
14 17 15
15 18 12
19 23 41
15 18 35
21 1 31
21 23 14
3 7 1
20 0 42
19 23 14
12 14 19
8 12 20
22 2 6
8 11 16
7 12 8
17 19 28
6 7 26
22 0 35
5 10 36
2 5 33
14 16 18
14 17 17
11 13 9
7 11 10
20 23 2
16 20 20
14 17 4
19 21 5
16 17 7
0 4 6
18 21 27
11 13 9
8 10 41
3 5 14
14 16 27
5 7 3
7 10 18
17 20 35
20 23 2
6 9 28
3 6 10
2 6 25
9 12 12
11 14 13
12 13 39
19 21 42
18 23 16
15 18 39
4 8 21
22 0 39
10 13 32
5 7 11
10 13 44
13 15 4
12 15 12
14 15 2
22 2 10
5 7 23
12 14 1
15 20 19
23 2 28
6 8 28
4 5 40
2 6 14
14 17 27
3 8 39
9 12 32
1 2 41
19 21 2
15 18 8
16 18 14
12 16 23
19 21 40
16 20 21
23 2 6
17 20 13
20 2 5
18 21 39
9 12 33
9 12 16
12 15 27
22 1 23
17 19 11
12 14 28
4 7 2
23 2 17
3 7 6
7 12 29
11 15 41
6 10 44
10 13 20
9 12 26
8 13 21
23 3 2
12 15 39
5 6 44
13 16 31
4 7 18
3 7 39
16 18 9
23 2 1
11 16 36
10 14 8
9 13 42
23 2 33
3 6 22
6 8 3
6 8 2
11 15 4
13 14 18
20 22 37
8 11 4
18 23 13
0 2 12
17 21 28
22 1 22
15 19 25
21 2 16
23 1 13
11 15 7
17 20 35
8 10 18
8 10 22
13 17 35
21 1 12
22 2 32
7 10 12
8 12 7
2 5 40
8 10 31
21 1 36
12 17 11
8 14 23
4 8 7
5 9 1
14 17 16
7 10 17
12 14 32
4 6 20
5 7 1
17 20 32
2 5 41
17 19 35
18 23 17
8 11 1
16 19 8
10 14 4
8 13 8
15 17 21
20 21 25
10 11 27
3 7 17
9 12 31
5 7 34
9 11 31
19 21 31
20 0 35
19 22 11
10 13 3
1 3 13
14 18 26
10 11 33
9 12 38
15 18 42
3 7 5
10 13 43
7 10 1
23 2 2
15 17 6
13 17 11
1 3 14
23 2 38
8 11 9
5 8 15
4 10 18
16 20 13
10 14 27
1 4 20
18 20 5
7 9 37
20 0 32
21 0 36
14 17 23
15 18 38
23 2 37
15 17 20
15 20 18
14 18 13
17 22 21
19 21 17
18 22 14
15 19 9
4 6 39
11 12 28
19 21 43
17 19 41
21 2 8
22 0 4
13 15 42
21 23 36
15 18 37
1 3 25
0 3 17
8 11 13
22 2 33
12 15 39
5 7 16
14 17 12
13 17 44
12 14 16
14 19 8
8 10 25
11 14 15
7 10 14
4 10 42
6 10 11
17 18 36
13 14 37
14 18 31
6 9 27
12 13 31
21 0 21
2 5 17
14 17 36
7 10 31
17 20 41
8 9 20
0 2 3
13 16 31
23 2 21
9 12 17
22 1 19
1 3 13
20 1 39
15 18 13
13 16 26
12 16 16
5 7 9
8 10 40
13 17 25
4 6 34
20 21 5
19 23 38
16 21 39
17 20 37
18 21 31
17 20 40
12 13 10
19 23 37
22 23 36
6 9 31
4 8 42
18 21 35
0 3 13
19 23 14
10 16 3
8 11 25
6 8 28
11 13 11
17 19 36
17 19 18
22 0 19
12 18 26
8 14 10
7 12 44
19 22 30
16 20 11
12 13 10
6 9 32
4 8 15
8 11 13
4 7 17
12 13 15
15 17 43
19 21 23
19 23 15
3 6 2
19 22 34
23 3 32
21 1 23
6 6 18
7 11 21
2 7 24
13 17 4
16 18 12
10 12 31
8 11 9
15 19 32
10 14 36
4 7 14
3 8 35
17 20 30
20 22 5
6 10 9
21 22 25
17 18 41
21 23 22
3 6 5
11 13 18
13 16 4
23 3 5
14 18 10
21 0 7
13 17 9
16 19 10
18 23 29
7 10 36
18 22 31
17 22 35
9 11 32
19 22 19
12 15 9
15 17 34
22 2 41
21 23 42
7 8 44
21 23 14
0 3 40
10 14 34
21 1 38
16 20 23
14 19 11
3 7 10
12 15 11
22 1 22
11 15 30
1 2 38
5 11 23
6 9 30
22 1 43
0 3 44
18 20 25
11 14 42
10 13 42
11 15 25
18 20 23
10 15 26
14 16 44
22 3 20
18 21 40
11 13 21
2 7 27
7 11 41
14 16 20
20 23 35
17 21 11
8 13 43
1 1 19
19 22 25
4 8 6
15 19 43
12 17 3
2 7 43
3 6 8
7 8 33
22 0 7
1 2 33
1 5 30
2 3 33
23 2 2
9 12 44
16 20 42
0 3 34
3 6 36
11 15 3
10 13 16
14 17 8
6 9 12
9 11 20
5 9 25
8 12 37
4 6 3
13 16 18
22 2 21
9 12 20
4 6 10
22 0 32
18 19 35
20 22 28
12 16 18
4 8 27
8 10 11
10 13 33
10 13 5
10 12 38
16 18 40
15 18 30
7 10 8
2 3 42
22 0 15
13 15 4
16 18 11
3 7 20
10 14 25
12 15 25
9 13 6
2 5 32
20 0 29
14 16 15
21 0 12
12 16 18
9 12 2
12 14 41
3 7 18
6 9 39
0 3 44
11 14 24
22 2 4
16 17 18
14 17 24
7 10 7
14 18 36
15 17 21
1 3 10
7 11 42
4 9 28
20 23 29
21 23 10
18 21 34
3 6 41
11 14 20
10 11 24
8 11 26
3 7 19
21 0 15
16 19 36
12 15 42
8 11 22
19 21 42
14 18 19
0 4 42
3 5 8
0 2 11
3 6 32
10 12 17
2 5 28
2 3 30
11 14 13
12 15 13
22 2 7
2 6 11
3 7 3
15 19 4
1 3 10
10 13 16
6 9 10
16 20 18
8 10 30
1 4 33
11 13 15
12 13 40
19 21 1
10 14 11
17 20 31
21 1 44
15 17 41
20 22 11
4 7 31
22 1 26
19 22 15
10 13 32
23 1 41
1 5 41
17 22 18
5 7 21
16 20 16
17 22 15
2 6 36
1 3 22
15 18 31
5 8 1
1 3 9
2 4 12
11 17 43
9 11 19
15 20 19
18 22 16
12 16 43
11 16 24
2 6 28
10 14 17
21 1 24
6 9 21
13 15 38
7 9 29
20 0 26
22 0 36
17 20 13
11 15 19
20 23 11
18 21 13
16 18 41
18 21 32
20 23 2
7 10 17
3 5 36
9 12 44
6 10 8
0 1 7
16 20 39
6 9 3
18 21 41
7 9 33
19 23 43
3 6 21
12 15 21
23 4 31
14 18 26
13 17 39
0 3 28
19 22 37
15 20 44
17 22 42
5 11 27
22 3 13
0 3 12
12 16 14
8 11 21
21 23 12
8 9 6
2 6 1
11 15 32
7 9 17
22 0 29
19 23 34
10 14 32
13 14 14
10 14 1
11 14 21
9 12 31
12 17 12
12 17 19
23 1 33
0 4 26
23 1 14
7 10 20
3 6 24
3 6 37
3 9 31
19 21 36
6 8 40
14 17 7
19 22 38
9 12 7
19 22 19
23 0 21
16 19 13
1 5 30
13 16 35
5 7 38
23 2 9
11 14 35
4 6 37
13 15 13
15 18 42
13 15 17
0 3 14
1 2 21
3 5 29
7 11 5
9 14 42
15 18 38
21 23 38
0 2 21
21 1 23
23 2 22
20 23 29
17 20 30
18 19 12
15 18 24
18 20 26
18 20 8
21 0 28
3 6 28
20 0 25
13 17 34
0 3 4
22 0 31
10 13 5
13 15 14
2 4 10
7 10 33
2 4 42
0 4 37
14 16 22
7 11 44
19 22 26
10 12 6
21 0 42
18 21 33
4 6 17
21 23 42
13 16 12
22 2 14
2 5 28
7 10 9
10 13 25
1 3 33
13 15 4
5 9 41
1 5 31
1 3 42
23 2 16
12 14 12
16 18 2
22 1 24
19 21 6
10 14 39
2 4 28
10 13 25
7 12 24
18 22 24
23 2 43
0 2 39
22 1 29
14 18 13
2 4 21
16 19 9
20 23 33
0 3 20
12 14 14
11 15 24
19 0 27
14 18 30
8 11 21
11 14 44
7 9 24
6 7 38
17 20 40
10 13 31
14 15 8
0 3 44
21 23 5
11 14 33
12 16 25
13 15 35
11 16 4
14 17 28
17 18 35
13 15 10
7 9 40
7 9 18
10 13 10
14 16 16
0 2 17
0 2 12
3 8 12
8 11 1
15 17 30
10 12 7
1 5 21
6 11 34
21 23 12
7 12 38
13 14 7
6 10 5
16 19 32
7 11 21
10 12 20
19 22 12
23 3 14
1 4 35
6 8 20
17 22 29
18 22 31
14 16 12
13 17 13
3 7 31
20 21 3
15 18 15
7 9 32
7 11 19
15 20 32
11 17 40
20 23 15
3 5 38
17 20 22
16 18 44
12 13 32
4 7 15
15 17 25
17 20 6
16 17 40
6 8 15
19 22 21
23 3 20
10 12 19
22 1 9
23 1 43
7 10 39
11 15 8
2 4 42
17 22 38
17 22 11
13 16 27
6 8 17
8 9 30
4 8 9
16 20 31
13 16 16
11 14 16
17 22 7
19 21 36
20 22 36
20 23 34
9 9 39
4 6 39
17 19 28
0 3 42
11 15 26
7 10 6
17 18 36
14 16 29
15 17 16
12 14 27
12 15 38
5 11 15
11 14 21
6 10 22
22 1 17
6 9 43
23 1 10
0 2 1
7 9 36
17 20 26
1 3 5
5 8 34
22 1 36
13 16 9
11 12 6
9 13 33
17 20 10
4 6 4
3 6 31
1 5 43
1 2 31
5 8 39
17 19 40
5 9 20
15 18 39
18 22 41
14 17 22
22 0 22
2 6 10
8 11 40
14 18 31
14 18 17
18 21 44
14 15 4
0 4 7
12 15 40
4 7 1
17 20 6
16 18 15
21 0 25
10 10 36
8 12 23
20 22 5
7 10 3
21 0 8
11 14 30
7 9 11
20 23 31
16 19 34
18 21 22
9 11 44
22 0 40
7 10 21
22 1 38
17 20 4
5 8 8
12 14 38
3 7 26
7 8 30
21 0 43
9 12 23
22 1 15
8 14 17
20 23 32
