3000 36
19 29 7 27 6 36 16 36 5 32 27 32 28 25 7 7 13 3 11 15 5 10 11 2 33 28 20 8 1 2 10 32 23 5 13 19 
19 23 21
15 19 9
12 15 21
15 19 15
4 8 34
19 22 35
6 8 21
15 18 11
16 21 29
16 20 21
11 12 22
9 13 15
4 7 8
22 2 32
22 1 7
22 1 11
21 1 11
18 22 19
17 19 25
10 14 31
16 18 15
0 2 1
16 21 1
19 21 24
2 4 6
17 19 32
18 20 15
0 4 34
14 17 35
21 23 33
3 4 21
9 13 10
12 15 9
3 6 32
15 17 35
12 14 28
6 9 22
5 8 14
6 9 1
5 9 24
21 0 33
14 17 27
21 1 15
15 18 6
9 14 15
10 14 28
12 17 5
2 3 5
5 8 25
0 4 32
15 18 36
21 23 26
1 5 30
16 19 26
3 6 14
10 12 28
18 21 17
1 5 24
19 0 11
6 9 27
9 14 6
2 6 27
2 3 9
0 4 23
17 21 9
3 6 18
8 11 22
17 20 36
0 3 12
19 0 22
8 10 13
16 18 21
17 20 1
7 11 31
6 9 13
19 23 4
11 13 21
0 5 22
1 1 19
17 18 24
21 23 26
9 9 25
12 14 5
0 2 7
19 23 1
1 3 7
23 2 16
12 15 10
21 0 17
23 3 23
17 20 2
6 10 16
19 21 14
15 19 9
4 6 20
2 5 2
5 6 26
13 14 1
9 13 34
7 10 26
22 23 32
12 15 35
13 15 20
20 23 22
9 14 34
23 2 17
21 22 10
2 5 16
20 22 21
8 10 12
7 9 11
15 18 8
18 21 32
19 20 35
22 1 25
23 2 11
0 3 30
15 19 1
17 21 10
4 6 35
16 20 3
16 20 25
10 11 18
4 8 28
9 13 32
6 9 9
2 3 24
16 20 15
0 3 36
18 20 23
21 0 36
2 7 33
10 13 22
13 16 3
14 18 4
13 16 22
4 7 12
9 11 4
6 10 33
12 14 7
2 6 11
7 11 29
21 1 18
0 2 3
9 14 9
20 23 13
19 21 31
16 19 36
13 16 24
11 14 33
0 4 5
9 13 24
17 21 3
19 23 31
7 10 2
6 10 12
22 1 20
21 1 23
19 19 28
0 2 10
16 19 2
8 11 13
7 8 7
16 21 20
23 4 18
23 2 11
11 16 18
4 8 36
17 21 6
1 4 31
12 14 27
17 19 34
12 15 22
23 1 26
8 11 4
17 19 2
18 23 2
22 1 3
22 0 16
23 3 28
0 2 4
10 14 10
23 2 10
3 5 26
19 22 1
17 20 23
16 18 12
19 22 4
14 18 1
5 7 28
8 12 29
12 13 31
19 22 7
21 0 34
2 5 13
17 19 13
16 20 23
13 16 8
2 4 6
8 9 17
0 4 6
1 3 31
16 19 30
16 20 21
19 23 19
23 3 18
10 13 20
17 20 18
10 13 9
9 12 27
14 17 4
0 3 16
22 4 35
4 7 29
18 22 20
18 22 33
6 8 7
18 21 34
5 8 20
23 2 21
14 19 9
6 8 4
8 11 20
23 1 11
20 2 15
18 20 30
14 16 6
23 2 27
15 18 18
6 10 23
6 9 30
9 13 35
15 16 30
7 11 13
16 19 23
22 23 10
10 15 18
1 4 18
7 10 16
15 19 8
12 15 31
2 5 28
6 9 3
4 7 7
14 17 7
4 7 15
12 15 18
13 16 29
3 5 30
16 20 11
4 9 3
8 11 33
8 12 6
0 4 14
23 1 2
2 6 30
2 6 25
11 13 11
12 15 36
11 13 18
9 14 33
5 8 8
12 17 35
21 1 13
6 8 22
8 11 28
6 9 11
4 8 3
17 21 23
2 5 9
20 23 26
0 4 30
12 17 4
13 16 13
18 21 30
6 10 35
16 21 5
12 16 28
21 0 15
15 18 9
22 0 7
5 10 7
6 9 34
1 3 20
10 15 12
23 2 16
2 6 28
1 5 3
14 16 27
3 6 32
13 16 28
14 18 18
18 21 6
8 11 1
16 20 11
16 19 35
21 23 5
7 12 11
1 4 36
2 5 4
23 1 27
20 22 13
15 18 36
20 22 29
21 3 33
18 21 28
13 15 23
4 7 34
13 16 13
13 18 30
2 6 7
19 0 27
6 10 1
19 23 8
6 8 7
1 3 6
13 16 12
17 20 17
7 12 35
8 10 1
17 21 15
6 7 16
2 7 26
1 5 11
16 19 20
16 18 10
0 4 11
2 4 2
8 12 15
17 20 17
0 3 33
12 15 2
7 10 11
6 10 19
7 8 16
13 15 2
9 11 20
17 20 15
20 0 8
1 3 7
8 11 6
0 2 16
8 9 21
16 18 1
4 7 27
23 3 16
15 15 17
9 11 23
15 19 11
22 3 20
15 17 7
2 6 15
7 11 14
7 10 29
12 15 17
21 0 25
8 11 9
18 21 20
23 1 13
23 1 20
16 19 8
8 13 33
18 20 25
11 14 16
2 6 16
9 11 2
22 1 2
5 8 31
11 14 1
20 23 28
4 7 17
1 3 30
3 7 32
18 20 12
8 9 2
13 14 1
7 12 29
4 7 16
23 3 6
1 2 22
4 7 31
21 23 17
10 14 26
4 9 19
15 17 35
14 16 5
19 20 23
13 18 2
10 13 32
23 4 25
17 20 27
10 14 20
3 7 14
1 3 14
3 5 16
19 20 32
8 11 32
20 23 25
23 3 3
0 3 36
0 3 17
8 10 3
6 10 5
9 11 16
12 13 21
12 16 28
0 2 24
7 10 1
6 8 33
14 17 20
17 20 8
9 12 36
12 14 15
0 3 9
16 19 10
9 13 12
3 7 10
20 23 25
20 22 3
3 5 34
19 23 26
12 14 24
9 10 34
20 22 28
13 16 3
0 3 26
20 23 11
16 19 8
12 15 34
8 10 29
4 7 29
23 3 14
4 7 2
10 13 18
17 20 4
4 6 3
3 9 27
10 12 12
0 4 24
13 16 12
20 23 11
18 21 32
3 4 14
12 16 33
2 5 18
9 12 33
2 5 25
18 20 4
13 14 27
19 23 4
17 20 15
14 16 22
10 12 10
21 1 14
0 4 18
10 13 17
21 1 33
20 0 10
5 9 33
16 19 19
7 10 5
16 18 32
7 9 31
18 22 6
7 11 34
15 17 11
17 19 15
7 10 30
10 12 24
10 13 9
13 16 18
0 2 25
15 17 13
2 7 35
16 20 15
18 21 2
16 17 31
0 3 36
19 23 33
9 12 3
23 1 6
13 16 17
19 21 24
4 7 4
12 16 25
22 2 33
19 22 6
0 2 23
20 0 22
16 17 15
14 18 12
18 22 28
14 18 10
19 23 19
10 12 5
13 17 11
2 6 34
7 12 23
5 8 26
1 4 6
0 6 3
20 23 10
3 6 23
7 9 6
21 1 30
16 18 11
14 17 15
8 9 16
7 9 36
6 10 34
9 12 7
2 5 8
2 5 18
5 9 11
18 21 33
2 4 22
5 10 3
5 9 8
13 16 4
17 17 30
8 10 15
20 0 5
18 21 4
2 6 5
6 9 33
14 17 23
2 5 36
18 21 9
16 20 33
19 21 18
19 23 16
4 6 22
20 23 30
1 5 15
3 6 21
10 14 29
20 0 9
5 8 17
3 4 16
18 21 15
17 20 31
17 22 11
21 22 24
15 18 32
0 2 16
19 21 9
7 12 26
23 4 21
3 6 24
2 5 3
11 13 5
23 2 33
20 23 7
7 9 16
11 14 17
6 10 5
7 10 30
6 8 1
16 20 10
19 21 12
8 11 10
7 9 2
19 22 21
8 9 30
14 16 13
1 4 26
5 8 7
12 15 23
19 22 30
14 17 28
19 21 9
23 1 1
20 0 33
22 1 20
1 4 2
18 22 1
20 22 28
17 19 31
22 2 29
0 2 3
3 5 12
10 14 30
17 19 19
20 22 7
1 3 33
19 23 3
16 20 13
15 18 10
21 0 8
7 10 36
18 21 14
22 0 12
6 8 32
15 18 35
16 15 28
5 8 1
2 6 32
7 11 12
16 20 27
0 3 6
8 10 25
16 19 4
8 11 4
11 14 13
6 10 17
22 1 16
6 11 30
1 5 29
20 23 9
17 22 15
6 9 36
4 6 17
18 21 19
5 7 29
21 0 4
22 2 12
13 15 33
1 3 29
9 10 4
8 11 10
0 3 29
23 1 4
2 5 14
4 8 19
6 10 29
12 13 6
10 13 14
4 7 26
4 7 10
16 19 32
5 10 4
19 20 7
1 5 6
13 15 31
0 4 23
19 22 27
10 15 10
3 6 28
8 12 32
14 16 6
22 1 33
7 10 16
4 8 10
14 17 26
0 4 33
12 14 18
22 1 6
10 13 19
18 19 23
17 19 17
11 13 28
20 0 36
6 10 30
0 4 7
16 18 2
23 4 16
17 20 26
0 4 33
5 9 31
11 13 22
15 18 10
20 21 7
4 7 25
17 18 1
22 1 5
13 15 13
11 14 22
8 13 33
12 15 13
20 23 31
22 1 20
4 7 15
6 8 33
7 10 6
4 8 16
9 11 3
13 15 7
19 21 19
14 16 33
13 17 24
15 19 7
19 21 9
19 0 5
15 18 19
1 4 2
4 8 10
10 13 14
7 10 4
15 17 20
7 11 5
15 18 34
2 6 33
17 20 17
19 21 26
5 9 8
3 7 31
17 19 31
23 2 25
12 16 7
6 9 25
5 7 31
8 11 22
23 1 16
12 13 21
14 16 3
11 12 36
17 18 17
5 6 23
6 10 22
12 14 21
7 10 16
23 2 20
17 19 31
7 10 19
8 10 32
17 20 10
21 0 34
4 6 2
18 21 27
11 15 1
19 22 27
2 3 13
6 10 18
9 14 3
16 21 7
8 11 21
18 20 23
11 16 22
18 20 26
6 10 5
0 1 31
0 4 19
2 6 12
12 14 7
2 5 3
20 23 17
9 12 28
22 2 16
9 12 34
0 4 7
9 12 24
12 15 35
21 23 8
9 11 19
11 13 23
21 1 18
18 20 33
7 9 2
23 2 15
17 19 30
20 22 14
13 15 28
6 8 8
22 23 31
14 15 29
19 21 31
23 2 6
23 2 34
13 19 36
14 17 15
16 21 15
2 6 33
17 19 31
21 23 31
9 12 14
17 19 36
5 8 6
20 22 10
7 12 20
0 2 5
16 19 16
3 7 28
12 15 23
2 4 16
19 23 34
13 16 13
15 17 29
14 17 4
9 12 15
11 16 30
9 11 28
11 14 20
16 19 31
0 2 4
18 19 20
4 6 24
13 16 28
17 20 11
3 7 23
1 5 13
5 6 18
4 8 22
23 2 4
6 9 15
2 3 28
17 18 35
17 18 1
6 8 31
0 3 17
3 5 11
11 13 25
10 11 29
17 18 32
10 14 8
21 0 15
4 8 25
7 9 6
2 6 16
15 17 35
0 2 11
9 14 15
7 11 23
11 14 29
19 22 11
14 16 34
11 14 27
20 23 1
8 13 27
3 6 26
20 23 3
4 5 33
15 18 19
9 13 30
8 10 2
22 0 18
22 0 20
16 19 4
20 23 21
20 23 4
15 19 22
4 7 3
7 10 1
8 13 17
17 19 34
23 1 22
2 7 13
0 4 9
17 20 5
14 17 15
18 22 31
1 5 19
11 16 18
21 1 11
14 18 4
3 6 26
6 7 17
18 22 25
7 9 33
8 10 28
11 14 10
11 14 14
9 11 25
13 15 27
22 2 32
5 7 10
0 4 23
22 0 14
4 7 3
21 2 36
20 21 13
2 6 17
15 19 36
3 6 15
20 21 32
10 13 24
20 21 27
7 9 26
20 23 22
10 13 18
0 3 36
14 18 30
9 11 30
18 20 10
9 9 8
6 8 34
10 12 1
9 12 28
5 8 12
3 6 9
4 5 34
20 23 21
9 14 34
2 4 21
3 7 15
17 18 34
22 2 22
12 15 4
17 18 2
4 8 36
2 6 25
18 21 25
6 8 10
15 21 14
8 10 9
21 0 12
1 4 18
17 18 33
13 18 3
11 12 8
8 11 5
6 8 9
23 3 36
17 20 33
16 18 33
10 12 10
14 18 9
22 0 20
20 21 1
7 8 35
12 16 1
20 23 17
5 10 22
15 19 35
7 11 33
9 11 5
4 7 25
23 1 4
14 16 11
21 23 18
18 0 1
17 19 25
6 8 15
17 21 2
5 8 19
2 5 18
13 16 24
23 3 36
15 18 26
17 19 19
15 18 3
15 18 4
4 7 21
4 7 30
8 12 23
0 4 32
9 13 10
3 5 9
15 17 29
16 17 35
14 17 28
11 14 3
8 11 11
21 1 34
13 16 1
10 15 2
4 7 6
0 4 7
23 2 13
2 5 7
11 14 23
13 16 4
3 4 20
11 12 2
1 5 28
8 9 1
3 8 31
10 14 26
23 2 4
22 1 9
2 4 11
2 5 7
2 6 20
0 2 34
20 0 26
20 23 18
2 6 30
10 14 18
8 10 10
10 13 17
18 22 15
3 7 31
16 18 30
21 22 34
17 21 27
15 18 5
7 8 9
2 5 7
2 5 1
18 23 36
3 8 27
21 23 26
16 21 2
9 13 1
23 2 9
11 15 28
4 7 20
2 3 3
18 22 27
4 6 18
18 22 19
2 6 10
6 8 17
23 3 22
0 3 17
15 17 25
18 21 32
17 20 4
8 11 2
0 2 4
8 11 18
17 20 7
2 3 27
13 17 14
16 18 4
2 3 21
22 2 24
3 5 14
16 19 26
3 6 19
9 12 5
9 13 27
17 19 29
3 6 25
14 16 14
21 23 6
20 22 33
2 6 10
21 0 15
15 20 27
14 18 17
4 8 18
5 9 2
17 19 21
1 3 10
0 4 15
23 2 26
12 16 35
9 10 27
13 17 19
23 1 17
7 11 23
5 7 16
15 17 27
16 20 19
22 1 34
15 17 30
23 3 4
10 14 15
11 14 1
6 10 8
5 8 12
11 13 3
7 9 19
22 2 31
10 14 4
4 9 24
6 10 8
21 23 15
13 17 35
8 11 34
7 9 9
20 23 1
11 15 8
21 23 27
13 16 26
16 19 30
21 22 26
10 13 3
1 4 19
19 23 13
14 18 13
9 11 2
9 13 15
23 23 17
4 5 8
10 13 6
17 19 35
17 21 15
0 3 29
9 13 29
23 0 15
23 3 3
6 9 18
14 16 32
0 4 34
15 18 10
12 18 20
22 0 17
9 13 5
4 6 28
22 2 16
6 9 12
3 6 7
0 4 7
21 1 25
23 2 1
18 20 33
0 3 14
18 21 8
15 19 34
9 12 1
21 1 21
13 17 16
13 18 3
17 20 13
2 5 34
2 5 16
20 22 19
17 20 19
17 20 11
0 2 10
12 15 4
21 1 32
22 1 31
0 3 5
0 4 35
23 2 4
6 8 2
1 4 7
17 18 16
4 8 23
22 0 32
8 11 35
4 7 30
9 11 7
2 5 13
1 5 30
8 13 3
0 3 6
3 6 29
2 4 21
8 13 2
17 19 22
12 16 10
6 9 24
2 6 12
18 21 2
22 1 14
20 23 17
4 7 14
0 3 21
13 17 21
15 18 18
17 20 28
23 3 16
6 8 34
16 19 22
6 10 34
21 0 19
18 21 35
8 11 29
16 19 27
12 15 9
15 19 2
5 7 4
7 10 5
10 12 33
20 21 33
1 6 2
22 1 24
6 11 35
9 13 8
1 3 29
4 7 13
18 22 36
3 6 20
19 21 7
16 19 26
15 17 34
7 11 25
8 14 8
19 21 30
6 9 29
17 21 21
13 16 15
5 8 17
8 11 32
23 3 13
6 8 6
22 1 20
1 5 20
20 23 35
7 12 33
3 7 19
19 22 14
10 14 9
19 23 2
2 6 27
4 10 29
0 5 24
14 18 1
8 11 24
15 17 6
20 23 3
23 3 10
19 22 20
22 0 32
19 0 33
22 1 31
6 8 5
7 10 29
19 20 4
7 10 23
17 20 22
15 20 22
8 11 3
14 18 22
4 7 1
16 20 35
0 3 14
12 15 20
22 0 30
3 6 21
14 16 21
15 17 36
17 20 17
14 17 16
15 18 23
0 2 19
7 9 25
10 14 17
20 23 21
1 4 7
0 2 21
4 6 1
23 2 36
18 21 19
1 4 11
19 23 18
12 14 2
9 11 29
11 13 19
17 21 4
14 15 33
14 18 4
16 18 8
16 18 21
18 20 21
3 7 8
6 8 10
16 19 17
9 13 11
17 20 9
3 7 25
17 21 25
3 7 14
11 14 12
1 4 12
21 23 27
22 1 10
13 17 28
3 8 29
12 14 3
23 1 10
5 8 32
15 19 20
17 21 32
13 16 30
14 18 23
13 17 10
13 17 25
12 14 28
10 12 9
2 4 35
9 12 10
11 13 14
13 15 24
10 14 28
5 9 34
15 18 28
6 9 13
4 8 5
20 0 28
2 3 35
11 15 12
1 3 7
18 21 18
17 22 22
13 15 19
17 20 12
17 21 35
5 7 9
6 8 32
15 18 10
23 2 10
23 2 16
13 16 26
14 18 17
16 18 3
8 11 6
1 4 8
3 5 34
8 11 3
0 2 32
19 21 13
6 9 11
7 10 13
15 18 27
4 7 35
4 6 16
4 6 33
10 12 1
4 6 12
22 3 21
8 12 3
7 10 4
14 17 30
14 17 9
2 1 21
18 22 16
11 15 34
9 12 5
10 14 11
13 15 15
5 8 34
10 14 17
14 18 24
18 23 19
6 9 8
11 15 32
17 21 11
18 22 12
20 0 8
20 23 29
5 6 28
22 1 13
21 0 21
6 9 20
11 14 13
13 17 9
4 8 14
6 8 9
15 18 25
3 7 3
12 14 25
19 22 16
8 13 8
22 2 12
21 0 4
22 1 31
15 18 4
4 7 3
12 15 15
1 5 18
6 9 24
10 12 25
7 11 16
0 2 15
17 18 6
9 12 6
16 16 5
7 11 12
5 8 32
8 11 21
21 0 10
7 9 14
2 7 31
19 22 14
19 21 4
15 17 7
4 8 25
0 3 26
2 5 27
2 4 28
11 14 13
0 3 2
13 16 35
2 6 7
19 21 33
15 16 22
4 8 28
20 23 2
22 1 22
13 15 15
19 23 3
18 22 12
21 2 28
11 14 33
18 21 1
16 20 22
4 5 35
12 14 3
20 23 19
8 8 5
20 23 29
3 6 12
19 22 5
3 5 35
8 10 7
22 1 8
12 15 14
7 8 23
0 5 23
6 9 28
20 1 31
10 15 12
1 4 10
23 3 22
23 2 35
12 14 28
7 9 31
18 21 34
8 10 1
18 19 5
4 8 31
6 10 3
11 15 24
1 4 6
2 4 26
7 9 14
7 8 33
9 13 6
16 20 5
8 11 26
16 17 8
2 5 6
9 13 35
6 9 11
12 15 20
7 9 5
19 23 25
22 1 2
17 19 16
2 5 24
19 22 31
22 1 16
18 22 17
6 9 24
8 9 9
21 23 12
8 11 27
12 15 15
19 0 32
13 17 28
22 23 6
13 18 12
8 12 17
5 6 17
17 22 22
20 23 20
3 7 10
1 5 26
5 8 35
18 19 5
14 16 5
7 9 33
18 23 4
15 17 34
17 19 32
1 3 24
18 19 11
1 6 34
6 8 15
4 8 32
19 22 31
7 12 3
0 5 23
4 7 11
15 18 4
16 19 10
10 13 12
2 4 29
23 3 18
9 12 23
17 20 8
12 15 35
23 2 1
3 6 19
2 7 34
18 19 31
4 6 14
3 5 22
6 10 22
16 18 30
22 3 26
6 9 16
18 20 17
3 4 8
18 20 9
11 15 15
4 6 34
23 1 25
6 9 32
11 14 7
11 14 26
20 22 32
19 22 32
13 16 4
0 3 22
13 15 18
14 19 21
2 4 1
13 15 4
0 3 22
12 17 2
10 14 12
2 6 8
0 4 4
6 10 7
2 6 11
21 1 14
18 20 18
8 11 4
3 7 30
11 15 26
22 3 26
2 4 1
4 8 4
9 14 9
13 18 35
5 8 18
4 7 13
14 20 24
12 15 13
22 1 18
7 9 22
4 8 19
20 23 14
12 15 8
10 12 30
9 12 26
7 9 33
14 16 5
16 20 6
20 0 17
12 14 20
20 21 17
21 23 17
2 5 11
4 6 4
15 18 1
8 11 33
2 5 4
20 23 23
8 12 22
17 21 32
7 10 12
9 14 2
6 8 24
6 9 1
23 2 15
4 8 32
6 9 21
14 17 30
23 3 30
22 23 5
13 16 7
6 12 19
14 16 34
19 22 22
18 21 12
19 21 3
19 22 23
12 15 7
17 21 30
6 8 36
11 14 6
8 8 26
21 23 22
10 13 22
4 6 22
2 4 2
15 20 10
1 5 3
3 6 9
13 16 33
10 14 24
4 7 25
5 7 22
8 11 30
12 14 7
0 2 35
10 14 35
10 15 15
2 6 16
20 1 2
23 2 27
15 20 4
21 0 24
2 5 4
11 15 13
20 22 29
10 14 12
18 21 30
12 15 4
10 12 14
2 5 23
23 2 28
9 12 5
19 21 20
15 19 32
0 3 3
8 12 2
5 10 6
0 3 27
8 11 4
0 3 4
12 17 32
19 22 25
5 9 8
10 11 19
4 8 21
5 8 36
0 3 9
6 10 12
13 17 28
15 17 19
6 9 7
6 11 8
14 18 23
16 19 4
17 18 27
8 10 11
23 2 33
3 7 18
8 9 14
4 7 4
21 0 25
1 3 13
19 21 31
20 0 28
5 8 32
6 10 23
14 17 17
11 13 35
4 6 24
21 0 23
18 23 35
21 0 23
13 16 13
0 2 34
17 19 2
19 22 20
5 8 36
9 10 26
0 2 24
18 22 14
1 4 17
21 0 6
3 6 20
19 22 11
20 0 9
7 11 13
21 0 8
6 11 31
7 10 34
0 4 23
14 17 27
4 6 8
7 9 18
23 2 22
7 10 22
18 21 32
6 9 35
16 19 1
20 0 25
18 22 27
18 20 6
11 15 12
17 20 30
15 17 6
6 10 22
8 12 21
6 8 26
22 0 21
1 2 26
14 16 12
10 12 26
4 7 18
18 21 20
22 4 17
3 6 13
0 2 6
10 13 24
12 14 25
16 22 10
12 15 26
5 8 33
11 14 33
9 13 20
12 16 8
19 0 23
6 9 9
1 3 28
5 9 3
12 14 9
5 9 34
22 0 7
21 2 29
13 16 25
23 2 22
21 23 29
23 2 29
13 15 29
18 21 33
1 5 36
21 23 24
2 6 5
15 19 34
10 11 7
12 15 12
17 22 36
18 19 23
17 19 7
15 19 15
17 20 14
13 16 36
18 22 36
0 2 19
9 12 30
10 14 32
22 1 27
18 21 19
4 7 4
15 16 16
0 3 17
17 20 12
22 3 29
7 10 34
5 9 27
8 12 10
14 16 22
18 21 23
18 21 8
23 2 5
8 13 34
16 19 1
9 12 25
16 20 13
5 9 30
18 22 25
6 10 27
23 2 25
0 2 28
16 19 32
16 19 26
9 12 22
6 9 32
19 23 32
8 9 23
7 10 5
21 1 8
13 15 9
21 0 36
6 9 19
5 10 25
3 6 24
22 2 33
3 4 6
20 0 10
6 9 35
10 13 18
3 8 33
8 11 36
14 15 23
3 7 19
12 15 10
13 15 21
21 22 22
14 17 18
22 23 16
8 10 33
1 5 12
4 7 2
18 21 12
15 19 11
0 3 7
4 7 24
5 9 7
7 11 1
17 21 12
12 16 17
10 14 17
2 6 21
19 23 6
23 1 16
13 15 21
9 11 35
22 1 23
13 15 16
6 9 36
14 15 15
5 8 33
23 1 17
6 9 14
11 14 31
16 18 26
20 0 13
3 8 29
5 8 21
21 0 28
1 4 23
20 23 20
3 7 31
18 20 28
22 0 14
4 8 27
11 15 35
22 0 14
23 3 4
22 1 11
8 12 10
8 11 3
7 11 25
0 3 15
22 2 17
21 0 19
21 23 31
9 15 31
13 16 12
22 1 28
14 17 34
3 5 27
5 8 4
15 18 28
11 15 15
20 1 11
13 18 33
1 5 32
19 20 20
4 8 30
19 23 32
0 3 23
12 15 18
19 23 11
7 11 28
20 1 6
4 7 11
1 3 31
13 14 22
12 16 10
8 13 23
2 4 12
17 21 1
23 3 14
1 5 26
10 12 15
13 16 3
1 4 2
7 10 25
5 7 24
7 11 21
8 10 10
16 19 13
12 16 17
13 17 16
13 15 20
5 7 5
11 13 25
21 0 8
3 5 18
6 8 9
2 5 33
4 6 30
10 13 14
22 0 33
16 18 3
12 16 28
16 19 5
5 9 2
21 1 12
5 8 1
23 1 6
8 10 34
11 16 27
4 7 33
22 0 1
12 15 13
20 23 33
2 6 35
20 23 10
8 11 23
4 7 3
12 15 12
9 10 5
22 2 18
1 4 1
13 15 7
23 1 24
11 12 15
6 8 30
22 2 17
8 12 31
18 21 4
9 14 35
16 18 25
22 23 5
23 2 16
21 23 20
23 3 23
15 18 36
9 12 24
13 16 20
9 10 36
12 14 26
23 3 5
10 13 12
20 23 21
20 22 33
11 14 25
6 8 33
1 5 25
7 10 31
7 9 6
5 8 17
10 14 20
4 8 18
0 3 28
14 17 14
8 12 6
9 14 6
21 0 9
1 5 26
10 12 13
13 15 31
11 15 3
9 12 10
14 16 26
22 1 24
6 8 20
5 8 4
2 5 35
6 9 15
12 15 26
11 12 32
0 3 30
7 11 1
5 7 22
7 9 30
7 10 9
22 0 13
22 0 11
10 14 14
4 8 11
13 16 13
9 11 24
4 7 20
10 13 28
14 17 11
9 14 2
19 23 24
17 20 3
1 3 5
12 14 32
1 5 14
4 7 9
17 19 12
8 10 36
21 0 9
11 15 4
16 18 10
17 20 19
8 10 36
9 11 30
14 17 28
13 16 11
1 4 7
22 2 31
22 0 14
10 14 18
19 21 26
22 1 7
6 10 11
4 7 1
23 2 4
7 9 18
1 6 17
2 5 5
19 22 27
6 9 32
14 17 12
13 16 34
13 16 13
3 6 15
21 0 16
3 7 6
21 23 35
7 9 7
15 17 23
8 12 6
23 1 14
13 16 36
14 16 22
5 7 17
8 13 24
22 0 28
5 9 17
10 13 10
1 5 19
10 12 25
12 15 19
22 23 25
9 11 34
6 10 36
18 19 22
20 22 27
7 9 20
9 11 28
18 21 20
7 9 7
19 22 27
20 23 1
14 16 7
17 19 30
16 17 15
1 4 24
18 20 16
15 21 24
10 14 31
8 11 14
1 4 31
20 22 15
16 19 13
9 13 4
9 12 1
19 22 30
4 6 20
3 7 24
2 5 15
3 4 34
20 22 18
14 17 4
8 11 26
10 12 26
18 22 26
9 12 20
7 10 21
17 22 29
16 18 33
5 5 36
3 7 13
0 5 13
23 2 17
4 7 6
0 2 30
8 11 21
5 9 30
1 4 25
10 14 9
5 8 30
0 4 22
1 5 6
17 19 27
13 16 24
22 1 21
19 22 15
18 19 31
4 7 33
21 23 27
1 3 14
19 22 15
7 9 36
14 17 22
18 22 19
12 15 13
12 14 33
17 19 12
0 5 11
11 16 31
4 8 8
9 11 28
6 9 24
12 15 19
23 2 20
15 19 17
21 23 29
9 11 15
8 10 29
0 3 2
6 9 12
16 20 32
21 1 16
16 20 24
14 17 14
6 8 20
16 22 15
2 4 14
9 13 35
10 13 15
12 16 6
23 2 36
13 15 22
2 5 12
0 2 30
21 0 14
7 11 17
15 17 10
16 20 23
6 9 21
11 15 12
22 23 31
3 6 23
0 3 35
6 9 9
18 22 5
0 2 11
12 15 9
13 18 24
15 20 4
2 5 34
20 22 17
11 13 34
21 2 34
3 5 30
23 2 8
21 0 7
5 9 34
9 11 5
11 14 12
8 12 13
3 5 15
11 13 8
0 4 24
14 17 14
23 1 27
20 23 31
11 12 22
20 0 28
2 4 28
18 22 21
8 13 21
6 10 34
1 4 8
6 8 30
4 7 26
8 11 23
6 10 30
6 9 5
20 0 18
18 22 19
8 10 24
14 16 17
10 15 26
10 13 20
1 4 13
19 23 21
1 3 9
19 22 20
1 6 11
12 14 1
18 22 26
1 5 31
20 0 8
16 18 21
13 18 14
3 6 26
3 5 19
8 10 8
1 3 30
16 19 36
9 14 23
0 3 22
18 22 7
11 14 1
15 19 31
6 9 7
0 3 22
21 0 17
7 11 28
2 4 12
20 23 28
12 13 31
9 11 30
12 16 36
18 20 22
7 11 5
11 14 30
6 11 15
21 23 2
8 13 33
13 15 31
12 16 24
8 12 25
16 17 19
16 19 21
2 6 20
0 4 3
6 9 21
23 0 25
19 23 28
7 10 11
20 20 24
15 17 5
0 4 10
18 22 12
11 12 8
18 22 18
19 22 9
7 10 14
17 19 7
10 14 30
12 17 15
20 22 6
18 22 36
15 17 28
1 5 32
13 16 36
23 1 1
18 20 31
9 12 7
0 3 6
22 0 28
14 18 36
17 19 32
3 8 8
14 17 35
4 8 29
13 14 33
12 15 28
3 8 4
18 22 15
17 21 22
3 6 19
9 11 14
13 15 21
4 8 36
2 7 17
19 22 29
8 11 4
12 15 24
7 8 10
17 18 14
4 7 27
1 2 14
22 2 6
5 9 16
16 20 23
16 20 3
22 0 25
23 2 16
22 3 21
18 22 3
9 11 24
6 8 14
7 10 1
13 15 4
13 17 11
3 6 1
16 19 23
6 9 13
13 16 9
3 7 24
4 7 31
23 0 34
16 19 25
15 19 22
8 10 2
19 23 13
13 17 10
10 13 3
14 18 2
19 22 3
7 10 17
9 12 31
21 1 32
21 23 18
16 19 34
12 15 7
13 16 22
0 4 15
12 13 8
15 17 32
13 16 31
9 13 7
8 11 28
6 10 6
0 4 25
16 19 12
12 13 23
2 5 34
13 18 13
3 5 30
2 3 32
21 0 23
19 23 22
6 8 2
8 11 15
15 18 35
1 3 7
4 6 23
11 14 11
9 13 19
14 17 16
7 9 28
12 16 34
17 21 20
9 12 12
19 22 2
11 14 26
18 20 23
20 23 4
11 14 15
7 10 22
4 6 25
13 16 27
11 14 24
21 2 36
15 18 16
11 14 36
13 16 26
20 22 31
22 2 33
14 17 8
10 12 1
8 11 31
5 6 9
0 1 32
9 11 8
12 13 24
13 17 34
4 6 28
17 20 20
19 21 1
3 4 24
18 20 6
13 16 22
18 23 21
19 22 1
4 8 23
21 1 5
17 20 8
10 13 10
21 1 34
1 4 16
11 14 35
21 22 24
1 2 36
7 10 36
0 1 34
8 10 16
4 7 14
4 5 14
19 20 28
21 0 5
15 18 8
7 10 33
10 14 24
9 12 10
20 0 27
7 9 25
3 3 3
20 23 30
7 12 9
13 15 14
12 17 15
15 18 22
8 10 24
9 13 21
12 15 5
4 8 5
22 0 24
0 2 30
14 16 9
17 21 23
17 19 2
23 1 22
0 1 17
8 11 15
7 9 23
4 6 13
11 15 11
22 0 13
20 0 30
16 18 26
19 21 10
21 1 32
18 21 31
18 21 35
1 4 32
9 11 12
19 21 36
18 20 28
2 4 6
14 18 9
8 10 9
9 11 18
0 3 30
2 6 33
22 0 7
19 23 27
8 11 35
12 15 4
6 8 21
3 7 22
4 7 7
6 10 1
14 17 36
5 8 10
2 5 7
23 3 16
9 11 13
12 13 14
10 12 1
15 17 14
23 4 6
4 8 9
0 3 15
11 14 6
17 20 34
21 0 31
20 0 22
15 18 9
2 5 2
21 0 19
6 9 23
5 8 35
12 14 27
20 22 10
10 13 32
7 9 8
18 21 26
23 2 23
0 3 13
20 23 15
21 1 32
2 6 15
10 16 21
3 6 13
4 6 36
12 14 28
5 8 16
15 19 1
12 15 14
1 3 23
22 2 6
0 4 20
17 20 6
13 14 15
16 17 19
11 14 16
2 5 19
1 4 11
2 4 30
3 6 26
4 6 15
8 11 19
17 21 16
14 17 25
17 20 20
2 7 31
12 16 19
17 20 29
17 19 33
15 19 32
14 17 19
15 19 5
23 3 4
9 13 17
17 18 36
8 10 12
9 12 14
2 5 10
3 7 24
8 13 19
16 19 28
20 23 8
23 1 11
16 20 21
6 9 22
13 17 7
20 0 13
8 11 32
6 10 6
9 11 2
5 8 1
6 9 10
14 18 32
6 8 22
12 15 27
21 1 20
14 16 28
16 18 24
2 3 18
7 11 26
4 6 1
3 6 4
22 0 11
20 1 30
14 17 35
6 9 11
23 4 29
1 3 22
6 10 31
11 14 7
11 14 24
1 5 17
13 15 21
4 6 25
1 5 13
6 9 18
20 0 31
2 5 20
6 9 1
7 10 11
11 13 25
12 15 11
7 10 12
6 9 27
14 17 29
15 18 34
10 13 13
2 5 15
5 6 22
19 23 32
14 18 18
10 13 16
12 15 12
12 15 13
6 9 31
4 6 35
23 1 1
22 2 23
14 14 32
8 10 30
18 21 18
8 11 8
21 2 3
8 11 11
0 4 35
22 3 20
8 12 19
23 0 21
19 23 22
10 15 6
11 13 1
12 14 11
18 23 26
5 10 29
17 19 5
20 23 14
3 5 12
0 2 22
22 2 1
17 20 24
0 2 23
17 20 14
13 15 34
0 5 3
14 16 27
22 0 29
23 2 8
13 18 32
15 19 4
4 8 16
21 0 14
17 20 13
7 9 21
19 23 5
7 9 15
14 17 24
13 16 3
23 2 10
15 16 13
2 5 25
14 17 25
5 7 20
2 5 11
7 11 10
16 20 32
0 2 15
11 15 6
7 10 18
8 12 2
0 2 23
8 10 14
4 7 4
15 17 14
8 12 2
14 17 33
11 13 15
16 18 15
23 2 6
23 1 6
8 10 15
6 9 14
5 7 21
20 1 19
3 4 24
12 15 35
7 10 36
15 20 12
3 5 25
8 9 8
2 5 2
15 17 8
12 15 5
12 15 8
19 1 1
5 10 30
9 13 33
22 0 36
4 7 5
2 4 15
17 19 25
4 6 21
4 6 31
22 0 27
9 11 21
21 0 24
8 11 35
9 13 14
11 13 11
6 9 13
15 17 8
18 20 22
17 19 30
8 13 28
11 13 5
8 11 20
12 16 35
15 17 7
13 16 2
18 21 12
22 2 12
19 23 5
9 10 13
3 6 26
17 17 19
21 23 24
9 12 36
5 7 17
8 11 17
15 21 29
19 20 31
18 22 32
9 11 12
14 15 9
16 20 29
21 0 17
10 11 11
9 12 22
4 7 25
5 7 22
14 17 11
6 8 28
12 16 36
23 3 22
11 14 20
13 17 26
12 14 23
13 15 18
23 1 7
22 2 4
0 3 4
2 4 34
5 6 34
18 21 21
10 14 21
0 2 25
6 10 28
7 9 16
12 15 31
5 11 17
7 10 27
16 21 29
8 10 3
18 23 18
3 5 6
5 6 32
17 19 2
0 3 9
0 2 25
15 17 9
15 18 3
17 20 23
17 20 21
3 5 23
0 3 11
4 6 22
23 3 8
16 19 13
0 3 2
6 9 32
20 23 12
16 18 12
15 19 4
6 10 28
1 3 34
13 17 30
6 10 1
5 11 30
11 13 21
7 10 8
6 10 4
1 4 16
15 17 29
16 19 14
17 19 14
7 11 21
18 22 18
6 10 3
19 22 23
11 13 17
8 10 26
3 8 22
0 4 15
11 13 23
19 22 33
4 6 5
0 2 6
10 13 4
15 18 31
1 3 28
19 21 34
8 11 15
2 7 31
8 13 8
7 11 6
11 14 31
8 11 11
5 8 21
6 8 5
21 23 10
0 4 35
19 22 1
12 15 15
6 10 25
20 23 2
21 23 9
23 2 31
22 0 19
12 14 34
7 10 27
19 22 30
1 5 7
14 17 34
11 16 25
19 21 12
5 8 31
22 1 23
17 19 12
11 16 36
2 8 12
8 10 23
10 11 26
16 18 1
21 23 18
19 22 18
1 4 3
2 5 16
15 19 20
6 9 11
2 3 33
22 2 17
9 11 1
15 18 2
13 16 22
18 21 10
8 13 19
7 10 29
0 4 5
16 18 31
20 20 17
18 22 30
19 20 23
19 23 21
23 2 17
17 21 34
17 19 18
18 20 3
13 16 31
20 0 7
17 21 13
19 22 24
7 10 28
9 11 20
13 16 17
14 17 19
17 21 13
21 22 36
8 14 14
22 1 29
2 5 15
17 20 25
4 8 13
11 14 21
22 0 13
8 10 24
6 8 32
23 1 4
20 0 16
18 22 10
5 9 27
1 4 31
6 10 5
20 1 10
23 2 18
23 3 17
0 0 27
14 18 17
3 5 2
7 11 27
13 16 9
19 23 10
20 23 17
7 11 14
1 2 14
12 14 1
21 23 10
8 11 19
4 8 10
15 17 25
0 3 32
2 5 14
20 0 12
9 13 35
15 18 24
10 12 18
5 8 14
4 5 9
20 22 16
19 23 4
4 8 23
19 23 15
8 11 13
15 19 5
12 14 3
12 16 36
8 10 7
9 11 2
13 16 8
2 5 22
9 13 29
23 3 30
6 10 35
19 23 3
17 20 35
9 14 24
13 17 32
22 0 14
3 6 27
9 12 15
9 14 27
3 9 36
2 3 32
5 9 8
21 0 33
22 0 19
21 2 15
7 9 7
15 18 27
1 5 17
10 13 25
15 20 36
13 16 11
14 17 5
7 10 13
18 22 28
10 13 25
23 3 10
2 6 36
20 23 30
0 4 27
21 23 24
13 17 15
19 21 12
19 22 23
8 12 17
23 3 35
0 2 29
18 22 28
18 21 11
18 21 18
7 11 20
16 19 32
11 15 32
18 21 21
8 9 12
23 4 17
7 11 25
21 1 23
11 13 28
5 9 25
23 4 12
19 23 20
23 4 22
12 16 19
13 14 3
5 8 18
18 21 36
14 16 8
6 9 1
21 0 8
2 6 20
13 17 4
6 8 30
22 1 1
10 14 16
16 19 34
6 10 36
9 13 24
0 2 25
5 6 29
13 16 14
16 18 36
14 18 35
21 0 14
22 1 10
21 1 29
7 13 3
3 8 35
19 21 30
7 12 31
9 12 8
0 3 35
10 14 4
20 22 15
4 7 11
17 19 1
1 4 25
16 19 8
10 13 21
20 0 19
2 6 36
4 6 16
18 23 29
13 16 12
16 19 13
21 0 24
4 6 9
17 20 6
10 11 4
20 23 33
19 22 22
22 2 19
23 3 22
18 19 35
23 2 19
11 15 17
9 12 36
23 1 22
1 4 7
10 14 23
0 4 32
3 5 16
21 2 7
6 10 32
0 3 19
18 22 16
14 18 19
19 23 27
22 23 31
20 23 17
6 10 18
13 17 23
3 6 1
0 2 26
13 16 17
1 6 7
6 10 9
16 19 18
21 3 22
20 23 4
19 21 35
19 22 30
2 5 27
10 12 35
9 13 13
17 18 12
13 15 18
23 2 18
17 20 10
20 0 4
11 14 21
9 11 16
15 18 16
16 19 8
3 7 6
11 13 31
15 19 27
18 19 15
13 14 22
0 3 1
18 21 6
23 4 14
20 1 20
12 16 15
20 23 8
0 2 27
22 2 11
15 19 25
9 11 19
0 3 25
10 14 8
12 16 6
18 20 18
16 20 12
14 16 8
20 23 6
1 4 24
9 12 1
7 11 36
16 19 33
5 8 3
23 3 6
19 22 36
11 15 22
22 0 10
1 4 22
19 21 1
13 15 27
19 21 30
1 4 10
16 19 9
20 0 7
1 3 36
12 15 26
18 21 2
23 3 22
19 22 22
