1000 20
3 7 10 19 3 4 9 13 16 20 9 4 19 12 10 7 8 15 2 1 
12 14 8
23 3 11
10 14 8
21 0 2
17 21 2
21 23 10
10 13 18
16 20 1
17 21 15
7 11 11
2 5 15
0 3 10
23 0 16
4 7 17
13 16 15
14 17 18
9 10 14
23 2 1
8 11 14
16 17 1
21 0 5
14 17 18
22 1 9
3 7 16
0 4 11
17 21 13
18 21 15
18 20 3
3 6 1
17 20 18
13 17 17
17 18 13
15 17 15
11 13 13
9 12 19
8 12 14
16 19 15
12 15 13
12 16 19
11 12 2
8 12 6
12 14 15
19 0 1
17 20 11
7 10 2
0 1 11
16 19 7
20 23 3
17 19 15
10 13 6
13 14 9
1 5 3
15 17 3
19 22 2
4 6 6
16 18 12
0 2 18
14 17 20
21 1 8
17 21 4
11 14 15
22 0 6
13 16 4
19 23 20
1 5 6
3 5 8
17 21 1
4 8 6
1 4 8
8 11 3
23 4 11
17 19 5
16 20 19
18 21 17
23 2 3
3 6 20
0 3 12
0 2 11
11 13 11
13 16 15
4 7 11
0 3 19
20 23 1
5 8 6
2 5 5
15 19 15
10 15 5
11 13 8
5 8 18
13 18 18
11 14 7
14 17 10
21 22 12
10 14 6
4 7 10
14 17 10
5 8 20
19 22 3
14 17 10
22 1 18
4 5 15
15 18 12
8 10 1
15 19 10
15 18 2
12 15 5
13 17 11
23 3 11
14 17 1
6 9 17
22 23 10
20 1 2
20 23 6
7 9 13
19 22 4
9 12 8
6 9 3
1 4 2
2 6 12
20 23 3
0 3 8
18 21 8
2 6 1
5 8 20
11 14 4
0 4 14
15 20 15
2 7 13
23 4 19
14 18 9
14 17 6
15 17 8
11 14 10
17 19 20
0 2 14
21 0 1
5 8 17
4 7 9
15 18 7
16 19 17
13 16 10
13 15 19
0 3 7
3 5 1
9 12 12
16 20 2
0 4 12
15 15 9
6 10 13
1 4 15
4 5 4
17 20 10
10 16 14
8 12 11
8 11 1
21 0 11
20 22 19
15 19 6
13 16 12
9 11 15
19 21 15
8 13 10
12 14 10
9 11 3
23 3 13
14 16 20
22 0 14
0 3 12
19 22 19
22 2 11
22 2 20
14 18 16
1 4 7
18 21 10
17 20 15
3 6 12
14 18 7
16 20 5
7 11 2
14 17 16
13 17 13
10 13 14
22 2 18
19 22 8
19 21 1
8 13 17
1 5 3
0 3 12
12 15 6
14 17 12
2 6 2
0 3 20
16 20 2
1 3 2
6 8 17
6 9 12
22 0 5
19 23 6
8 10 12
13 15 19
17 21 17
18 20 14
12 15 12
22 1 1
0 4 4
23 3 13
12 15 12
4 7 7
7 10 9
21 0 1
17 20 11
22 1 17
12 14 4
23 3 15
23 3 14
23 3 17
9 12 13
4 8 2
7 9 16
6 7 3
4 8 6
14 16 7
5 10 3
15 19 10
20 22 10
16 19 12
8 11 4
6 9 1
20 23 13
14 17 1
22 23 5
5 9 11
21 1 17
8 12 5
7 9 9
22 22 19
4 8 3
2 6 7
0 6 3
10 14 3
2 6 16
2 5 9
4 8 18
7 11 19
17 21 10
22 2 6
16 19 16
18 21 11
21 0 1
10 14 6
23 2 5
0 3 1
8 12 11
15 17 3
12 15 15
4 9 17
19 23 1
22 1 13
20 22 15
5 7 5
12 13 13
15 19 7
8 11 18
16 18 7
16 20 7
16 20 8
9 10 11
3 7 5
18 21 20
10 12 13
13 17 13
18 22 17
16 19 5
23 3 1
12 14 3
18 21 3
17 20 8
6 10 12
19 21 9
5 9 15
2 5 8
13 18 15
4 8 17
1 3 7
5 9 7
6 9 2
19 22 8
14 16 16
15 17 8
21 1 7
12 15 20
7 11 8
9 14 10
18 22 12
9 12 1
15 18 17
11 15 15
6 7 7
13 16 19
2 4 9
0 3 3
20 23 1
21 2 12
11 12 17
21 0 11
8 10 14
3 8 7
0 3 2
14 19 20
12 17 1
1 4 2
21 22 15
23 1 20
23 3 2
18 21 16
1 5 12
6 9 8
19 23 12
5 9 2
8 10 16
7 10 17
8 9 14
4 5 6
12 14 8
8 10 18
9 11 9
21 22 19
6 10 11
19 22 16
7 10 6
14 17 7
21 22 20
10 11 7
14 15 5
18 23 7
13 17 10
0 2 3
23 2 4
22 0 7
6 8 17
2 6 5
1 4 19
17 20 7
6 9 19
11 13 13
5 7 7
11 13 5
4 9 1
10 12 19
1 6 3
22 0 10
13 18 2
13 16 12
8 11 10
16 19 16
5 7 18
18 20 9
21 0 20
22 0 20
13 16 3
2 4 7
3 7 10
14 17 8
17 21 12
14 17 11
4 6 11
9 14 19
12 14 18
15 20 2
18 22 4
3 5 2
23 2 15
9 11 5
2 5 20
18 21 16
6 9 1
4 7 19
22 0 1
15 17 6
18 20 2
15 17 6
17 19 7
15 19 9
2 4 12
14 18 10
6 9 14
5 9 10
4 8 14
20 0 10
16 20 6
22 2 9
11 13 8
4 9 3
6 10 12
20 0 1
14 15 20
1 4 12
18 23 18
5 9 7
5 7 1
13 15 16
3 7 13
20 1 17
9 10 20
5 8 1
1 5 16
12 14 5
17 19 3
23 3 7
5 8 9
8 10 18
8 12 6
0 3 17
4 6 10
18 20 6
10 14 18
9 13 11
9 11 6
18 21 12
1 5 11
13 17 8
12 13 1
5 8 13
8 11 10
12 15 10
0 5 14
8 13 3
23 2 1
0 2 9
5 9 17
22 1 5
3 5 11
15 18 2
12 16 11
23 1 15
20 0 4
4 9 15
12 15 13
3 7 19
22 1 12
17 20 7
6 9 12
8 11 13
8 12 11
7 11 3
17 20 8
20 22 8
20 23 12
11 15 16
16 19 20
2 4 1
10 13 10
7 10 13
21 0 10
15 18 4
3 6 20
22 1 17
20 23 11
7 8 2
18 21 14
13 16 10
12 15 7
14 17 3
20 23 3
22 0 17
2 7 16
10 15 2
21 23 18
13 18 3
18 20 1
15 18 8
7 9 20
17 22 4
23 3 7
3 6 1
8 11 2
22 1 14
6 11 7
0 5 16
19 0 16
8 10 4
0 2 3
11 12 15
5 8 3
16 17 10
5 8 4
23 2 17
0 4 16
21 0 11
4 8 15
1 3 19
18 23 8
10 14 4
4 8 9
18 22 8
16 19 5
16 18 1
11 14 3
10 14 18
8 11 19
5 7 5
21 0 15
21 0 18
5 8 5
23 5 13
19 21 8
23 3 4
8 12 1
17 21 4
11 14 6
20 23 3
5 8 4
1 3 4
11 14 13
11 15 3
15 18 5
15 19 9
3 6 10
14 16 8
1 3 20
10 13 10
0 4 18
10 13 9
20 22 8
10 12 14
3 6 17
15 17 17
15 19 16
17 19 2
7 10 5
16 18 20
1 3 3
23 0 8
4 7 9
7 9 8
19 23 15
8 11 6
11 14 1
10 14 18
11 16 13
22 2 8
4 7 16
23 0 17
23 2 8
4 8 16
2 4 15
7 11 13
8 11 14
9 14 4
16 18 13
17 21 9
5 9 15
17 21 7
5 8 10
23 1 9
4 6 18
5 9 14
15 19 17
23 2 6
20 23 7
20 22 3
15 18 5
14 16 10
2 5 4
17 20 4
14 18 17
14 18 16
11 14 10
1 3 6
6 9 3
4 6 10
10 15 12
21 23 6
0 1 17
23 2 16
11 13 19
7 10 12
14 18 1
14 18 20
13 17 16
4 7 15
22 1 2
15 19 14
2 5 2
21 23 9
0 2 10
9 10 6
12 16 12
12 15 18
14 18 11
7 11 3
1 4 15
6 9 6
10 14 10
23 2 18
19 21 17
7 11 17
5 7 11
23 1 20
10 14 19
17 20 5
1 7 8
9 14 10
19 22 4
5 7 3
14 17 14
18 19 8
19 21 13
22 0 15
18 21 18
17 20 11
21 1 10
17 21 15
20 22 9
15 17 13
18 21 2
22 2 16
7 11 2
1 3 18
0 2 1
21 2 6
16 19 19
21 0 16
23 2 14
18 20 3
14 19 10
1 4 12
14 16 9
4 5 10
2 3 13
1 3 20
5 8 12
14 16 11
2 4 16
19 21 19
5 8 17
5 8 6
22 1 14
3 6 1
13 16 4
2 6 4
15 21 13
5 7 20
20 22 9
16 19 12
7 9 6
23 3 18
2 3 1
7 9 14
16 20 3
3 6 20
4 7 12
9 15 10
14 15 10
3 8 12
8 12 18
3 7 6
10 12 7
0 4 16
1 4 14
6 9 13
6 9 10
10 13 1
6 8 12
22 22 15
16 19 11
3 6 11
12 16 12
3 5 12
17 20 2
2 5 5
10 13 12
11 12 10
0 2 19
15 19 11
22 1 15
13 15 6
0 4 15
11 14 3
9 11 8
1 4 10
5 9 14
12 14 1
21 22 18
1 4 3
6 8 20
19 22 9
5 8 1
15 18 16
11 13 15
15 18 17
19 0 8
13 16 14
21 0 8
7 11 20
0 3 12
3 6 2
15 17 14
17 19 7
10 13 11
13 15 16
22 1 20
7 9 20
16 18 2
21 0 16
7 10 8
12 13 18
18 22 9
10 14 15
3 4 5
4 5 9
10 12 7
9 12 8
13 18 11
5 9 17
22 0 6
0 3 12
10 11 15
7 10 10
1 4 6
6 8 11
11 13 17
16 18 16
5 8 20
23 2 3
11 14 3
9 11 12
7 12 5
16 20 16
3 6 12
20 22 20
1 5 3
18 21 14
7 9 18
17 20 14
1 4 7
1 5 15
4 6 15
17 19 15
16 20 16
22 2 6
15 18 17
13 16 12
1 5 18
4 7 17
1 4 9
23 2 15
20 22 11
20 1 17
1 3 12
8 14 18
20 23 4
18 22 10
8 9 10
10 12 20
15 19 14
1 2 8
8 11 2
4 8 17
16 18 4
15 18 1
1 4 17
12 14 15
4 7 6
22 1 6
14 16 10
19 1 1
18 21 1
7 10 13
23 3 16
15 20 20
18 21 17
10 13 10
20 23 16
16 20 4
12 14 18
10 14 16
8 10 18
23 3 19
2 5 7
4 7 10
23 1 19
15 18 5
13 16 20
13 17 5
12 16 7
2 6 17
0 4 5
20 23 1
5 6 3
6 8 6
5 6 20
19 23 14
9 13 16
9 12 13
22 1 5
7 11 11
6 8 14
14 17 5
11 14 2
14 17 8
13 16 12
5 7 12
10 13 6
9 12 12
11 14 13
13 18 10
14 16 13
19 23 12
20 0 12
9 12 3
21 1 9
9 11 17
7 11 17
1 5 9
23 3 14
12 13 20
2 5 4
0 3 8
6 11 20
2 5 10
19 19 7
21 1 3
19 22 5
4 6 8
17 19 14
14 16 3
17 19 20
19 21 9
7 9 12
13 16 4
23 1 10
17 21 11
1 4 16
17 21 4
5 10 12
16 19 11
8 11 5
16 20 4
23 4 8
9 14 18
23 3 14
4 8 18
4 7 20
9 12 19
20 22 5
2 6 3
1 5 17
12 13 10
23 2 18
20 23 13
19 23 3
17 19 17
4 6 17
0 3 9
0 4 17
6 8 8
13 16 19
5 9 15
14 16 11
2 5 6
11 13 5
23 4 5
22 0 13
19 23 14
1 4 8
11 16 6
23 4 12
22 1 20
23 0 6
11 14 16
7 9 13
10 12 11
22 0 5
7 10 17
3 6 11
23 0 15
18 21 3
8 10 9
20 22 11
7 11 8
1 4 3
7 10 17
15 17 13
20 0 4
6 8 1
23 4 2
13 16 6
2 4 7
5 7 5
7 10 11
5 7 11
12 15 18
11 14 20
13 17 19
15 18 12
6 11 18
20 22 14
4 7 15
16 20 12
5 8 19
10 13 3
0 5 14
8 11 18
7 11 9
7 9 13
12 15 12
12 14 13
11 16 18
18 20 3
21 0 20
6 8 4
5 7 1
20 22 19
21 23 20
13 16 1
14 15 14
22 0 10
18 21 8
0 3 19
4 5 9
15 18 11
0 3 10
9 12 9
19 22 1
8 12 19
20 22 16
21 0 1
5 9 12
8 11 18
2 3 2
10 14 15
10 14 17
8 10 8
10 15 14
13 16 19
8 12 6
12 14 9
11 15 18
21 23 17
8 12 12
0 3 8
1 4 1
3 6 6
21 1 10
9 11 19
22 1 17
23 2 11
21 0 9
14 17 2
16 21 14
14 17 14
2 6 7
22 1 14
3 6 18
1 4 5
20 21 9
9 12 5
8 11 16
10 13 13
21 1 15
9 11 16
13 16 19
20 0 6
8 11 19
15 16 8
21 23 15
3 6 7
22 1 8
12 17 16
18 22 15
0 3 7
16 19 17
8 12 5
21 0 15
0 1 19
19 20 16
20 23 19
23 3 16
21 22 9
18 21 15
10 15 2
13 15 8
9 12 19
12 17 9
6 9 6
0 5 13
19 21 6
15 18 11
0 3 8
2 4 20
20 22 4
23 0 17
17 20 4
1 4 12
13 16 18
7 9 15
6 12 12
21 0 10
15 17 11
