9000 39
33 15 4 17 7 11 22 29 21 39 17 13 38 31 22 22 21 20 1 19 18 2 19 26 29 10 37 19 4 14 35 21 27 11 17 8 34 1 20 
21 3 20
13 15 22
3 4 4
4 5 11
0 3 18
10 13 38
19 23 32
14 15 27
15 18 23
15 18 17
17 21 10
22 3 36
20 23 30
14 18 15
11 14 29
5 9 28
16 19 5
9 14 26
16 19 38
13 14 18
1 3 31
11 13 12
2 3 10
23 1 31
3 6 19
9 11 29
3 7 32
11 14 8
9 11 32
17 21 28
22 0 33
19 21 26
6 9 18
13 17 30
4 8 11
21 2 26
17 21 15
21 0 11
19 20 17
14 19 15
23 3 25
0 4 16
12 16 2
18 21 7
10 13 16
1 3 12
1 4 7
1 3 7
22 23 19
13 17 7
19 22 14
20 22 10
0 4 25
14 17 22
5 9 13
14 17 38
5 8 26
3 6 36
1 4 36
11 16 5
1 5 27
10 14 20
0 4 29
6 8 26
3 5 37
5 8 37
17 19 17
9 11 8
14 17 3
9 12 11
6 8 10
12 14 8
22 23 18
8 9 2
14 17 9
16 18 30
13 18 24
18 19 12
3 5 19
13 16 9
20 0 30
6 11 6
12 15 29
1 3 38
3 6 37
17 19 33
9 12 11
10 14 3
8 13 11
18 20 38
5 10 2
13 16 24
5 9 1
5 9 28
12 14 21
18 22 29
18 22 29
19 21 32
15 19 9
18 21 9
17 20 10
8 11 7
14 15 33
6 8 32
8 10 38
9 13 10
1 5 18
11 14 19
19 0 37
2 5 10
3 8 29
10 13 21
22 2 24
1 3 38
19 22 3
13 16 3
9 12 9
9 12 36
16 19 32
3 5 13
22 2 8
17 19 16
16 20 16
8 12 13
23 2 33
4 6 10
0 4 14
3 5 20
6 10 35
3 5 24
9 13 37
12 13 25
10 13 17
22 1 19
0 3 21
16 20 25
14 18 14
23 0 30
13 15 15
7 11 17
6 8 20
10 12 24
1 3 27
17 22 2
2 4 29
12 14 1
10 13 6
12 16 30
22 1 29
3 5 27
22 1 35
6 8 19
23 3 35
11 15 18
15 18 25
5 9 4
12 16 12
11 15 37
12 14 6
12 15 16
5 10 39
4 6 3
17 21 25
17 20 32
14 19 29
23 2 28
18 20 30
15 17 27
3 5 25
12 16 11
11 14 34
16 19 2
18 20 32
15 17 7
18 23 20
6 10 38
19 23 7
5 8 36
9 11 6
18 21 39
22 3 38
5 8 26
8 12 3
5 7 11
21 0 9
19 22 35
19 22 19
10 13 11
17 22 22
12 17 23
4 7 24
22 0 38
18 20 21
4 7 6
13 15 9
8 10 15
14 16 19
8 12 26
21 0 16
0 2 34
9 11 31
20 0 22
4 8 17
19 22 7
14 17 1
8 12 21
9 13 2
12 14 39
4 6 33
7 10 17
14 17 8
19 22 35
19 21 21
22 0 13
19 22 27
13 15 11
10 12 29
17 20 8
6 8 18
12 16 37
7 10 5
14 18 11
16 19 27
10 13 22
4 10 39
6 9 36
16 18 1
17 18 29
8 13 35
2 4 31
22 0 25
19 22 28
11 13 19
8 11 31
18 20 13
20 0 2
23 2 13
12 16 37
9 13 26
11 13 12
20 23 17
2 4 7
22 0 25
12 16 12
8 11 37
12 16 2
0 4 27
14 15 21
17 21 33
6 12 22
9 13 38
23 3 9
4 7 31
7 9 23
6 9 15
11 15 34
22 1 32
0 4 20
8 12 2
22 1 34
18 21 34
15 18 26
0 4 12
3 6 23
19 21 18
12 15 29
18 22 22
9 13 37
18 20 17
15 19 14
5 9 9
17 22 19
9 13 24
0 3 8
13 16 18
21 1 33
8 12 14
20 21 16
1 4 22
5 9 37
23 3 29
16 21 32
13 16 8
1 1 3
20 0 30
10 13 24
15 17 10
10 13 17
17 20 2
12 14 9
4 8 1
8 10 19
13 15 19
16 19 29
16 18 35
3 6 28
12 12 21
5 8 17
23 2 27
17 19 4
1 3 3
13 14 1
16 19 20
5 10 25
23 2 18
8 11 19
6 12 31
18 21 19
20 0 29
22 0 36
22 2 12
16 18 20
15 16 11
5 7 11
19 0 39
12 13 22
3 5 38
16 18 18
23 2 24
10 12 34
8 13 5
15 19 25
21 0 7
18 20 37
14 16 13
13 13 12
5 8 23
0 3 16
18 21 16
23 2 3
8 12 11
10 13 35
22 2 10
7 10 24
9 11 9
19 21 3
19 22 30
0 5 29
23 2 14
21 1 30
18 20 39
8 11 8
22 23 37
11 16 23
5 9 34
23 2 39
19 22 39
16 18 38
20 0 14
4 7 23
22 1 23
2 7 11
11 14 31
17 18 6
23 1 1
8 13 37
21 2 10
18 22 17
2 4 21
23 3 29
15 18 36
7 10 29
5 8 37
7 10 9
9 12 18
9 12 25
21 23 17
17 23 10
17 20 33
2 5 19
2 4 22
6 9 9
4 7 25
14 16 17
3 4 15
16 20 19
22 0 29
8 11 36
17 20 21
16 18 10
4 7 5
22 0 1
8 11 10
5 7 23
19 22 4
14 17 15
12 14 17
3 6 11
15 16 37
8 12 29
23 2 28
2 3 29
4 4 21
11 13 20
8 11 21
9 14 13
8 11 23
4 8 30
13 15 19
12 16 23
3 5 2
13 15 19
14 19 31
2 5 19
18 22 19
15 18 24
9 11 23
18 23 34
5 8 27
3 6 30
12 16 30
19 20 4
0 3 28
19 22 17
19 22 25
1 6 10
2 4 5
3 6 3
21 1 19
15 17 7
9 13 33
3 5 3
0 3 30
11 12 4
23 1 3
19 21 4
2 3 27
16 20 37
3 7 33
20 23 15
23 3 28
0 2 38
17 20 27
19 21 14
3 7 38
20 23 22
1 4 10
21 1 20
21 1 30
15 17 22
14 17 13
2 6 28
5 10 30
4 7 20
10 12 21
14 16 17
18 21 21
5 7 24
11 14 21
0 4 7
22 23 31
8 10 38
21 22 20
9 12 24
5 9 8
2 6 11
2 4 13
14 18 2
13 16 33
19 22 25
19 22 10
5 10 35
23 2 37
17 21 21
5 6 12
8 12 2
2 7 11
1 5 21
7 10 16
22 2 3
20 21 8
6 10 5
6 10 22
12 16 14
9 11 34
19 23 13
11 14 16
13 17 34
10 12 29
13 15 7
5 7 30
2 2 12
16 20 25
0 4 7
14 17 34
22 1 31
23 2 36
17 21 33
20 1 33
22 2 10
12 13 12
9 12 26
13 18 39
5 10 18
2 4 6
10 14 30
3 7 32
22 2 30
23 1 25
16 19 6
17 21 8
3 6 27
5 7 18
9 12 30
17 20 14
17 19 28
20 23 3
17 19 33
19 22 2
23 2 11
16 18 39
4 7 25
0 3 32
1 5 17
13 17 4
19 23 21
1 4 25
13 15 33
10 13 37
19 23 11
23 2 23
21 1 32
9 13 3
4 8 29
1 3 6
14 17 2
23 2 2
5 8 1
22 0 28
18 21 37
13 18 12
9 12 27
21 23 36
5 8 25
21 23 16
11 16 9
4 7 10
16 18 39
14 16 11
7 11 20
19 22 17
12 15 2
3 7 10
11 14 37
21 22 22
20 23 7
1 6 10
12 15 20
5 7 6
3 7 12
17 20 24
9 12 19
17 20 27
0 3 34
0 4 18
12 18 10
20 0 32
10 14 17
5 8 26
13 15 39
10 12 31
23 3 34
20 22 3
1 4 12
8 12 21
2 5 20
16 20 34
3 7 18
15 18 27
11 14 1
15 19 6
6 9 38
15 17 7
20 22 32
12 15 8
10 13 38
21 0 25
16 19 8
20 23 2
19 21 26
1 3 34
1 4 8
22 2 12
15 19 38
23 2 27
19 23 4
14 16 15
5 7 4
6 8 25
22 0 3
13 16 4
7 11 32
0 3 16
10 13 35
16 22 4
2 5 30
7 12 9
5 6 17
20 23 24
3 7 5
4 7 28
8 9 25
4 8 9
20 22 35
18 23 1
0 4 20
16 19 3
15 19 32
2 3 5
15 16 9
0 5 37
1 6 36
8 12 19
10 12 30
15 17 5
11 12 27
14 17 11
15 16 4
22 0 14
15 17 34
2 6 31
3 5 34
14 17 7
9 11 34
13 16 21
2 5 22
16 19 26
19 21 14
23 1 5
14 19 21
3 7 18
5 8 37
8 9 30
18 22 5
6 7 4
15 18 7
6 7 29
18 21 36
16 19 2
3 7 1
7 10 8
16 20 19
13 16 31
9 11 32
10 14 31
11 14 33
1 5 16
1 5 8
3 6 18
12 15 25
18 23 9
10 13 21
2 3 15
21 23 9
13 17 9
13 16 13
9 11 34
9 12 11
17 20 32
23 1 15
12 16 31
7 11 11
0 2 13
1 3 25
9 12 27
0 1 6
23 1 7
6 7 28
18 23 8
16 19 12
0 2 38
13 16 22
3 6 28
13 17 8
12 13 14
7 10 10
16 20 37
14 18 14
17 17 17
11 14 34
9 14 25
3 6 3
8 11 17
11 14 5
8 10 16
9 12 19
2 6 2
2 6 2
22 0 11
16 19 36
21 0 38
20 22 1
3 5 16
11 15 11
14 16 6
22 0 27
11 15 23
4 7 14
19 21 30
8 11 23
6 9 18
2 5 9
15 18 25
8 13 13
10 15 13
23 2 18
13 15 19
14 17 11
0 3 17
20 0 27
9 12 4
13 16 10
11 15 12
12 15 7
5 8 31
12 15 27
23 2 36
8 13 27
13 16 35
6 10 25
3 6 37
15 17 38
10 12 27
22 0 5
1 3 13
19 21 39
11 14 2
6 11 15
9 13 27
22 1 28
7 10 24
18 19 11
12 16 12
0 4 27
6 11 30
13 16 15
17 20 22
14 17 28
15 16 27
22 0 5
14 18 12
20 23 17
2 5 13
14 18 27
12 16 13
4 6 21
2 5 21
12 13 17
8 9 25
9 11 11
15 18 3
9 12 32
3 7 27
12 15 1
2 4 32
19 22 7
17 22 7
1 3 11
18 22 8
8 11 22
7 10 20
0 2 33
15 17 12
13 15 9
18 22 18
11 16 3
20 23 37
12 15 11
10 13 32
22 1 21
11 15 8
9 12 21
15 18 25
1 4 4
19 22 16
9 12 28
18 21 21
18 20 27
1 5 10
6 9 1
11 14 11
13 16 25
13 17 10
9 11 38
9 11 29
6 8 3
4 7 33
20 22 15
15 19 3
18 21 15
19 22 5
18 22 2
23 2 23
10 12 31
5 8 2
4 7 21
1 4 2
10 12 18
22 1 12
9 14 15
1 5 27
21 1 39
14 18 33
13 17 31
15 19 13
17 19 11
11 14 24
5 9 4
10 13 2
0 4 25
21 1 20
22 23 24
10 14 1
19 20 39
10 11 22
21 1 36
3 6 37
13 15 31
9 12 8
2 6 1
19 23 4
23 2 31
3 6 18
0 3 8
15 19 1
19 22 27
10 14 28
8 11 24
10 14 15
17 19 13
18 19 39
12 16 38
20 23 38
18 22 37
23 3 31
22 0 5
15 18 21
22 1 4
15 17 18
7 11 4
21 1 25
7 12 34
5 7 4
19 22 32
20 0 14
19 1 21
17 20 6
2 4 4
11 15 26
18 22 12
14 17 34
21 0 25
3 9 26
8 10 26
1 4 14
1 3 22
3 6 23
3 5 23
14 16 11
9 12 11
4 7 30
4 5 7
17 21 35
20 0 24
18 22 4
16 20 20
16 19 27
18 22 26
9 11 11
17 20 30
0 4 25
3 7 28
8 12 16
15 18 28
17 21 3
16 18 21
17 19 31
19 22 7
19 23 20
8 12 7
20 23 26
18 21 12
6 11 1
10 13 34
4 7 22
3 6 22
15 17 5
13 16 11
1 2 27
22 1 26
19 23 21
3 5 17
0 4 17
0 3 18
6 10 33
22 1 35
22 0 16
1 5 17
20 23 36
7 10 37
14 17 26
23 1 20
22 1 39
3 7 9
23 3 9
6 10 39
11 15 7
23 2 37
9 12 10
10 13 12
4 7 6
4 7 4
0 3 32
5 8 35
14 18 7
12 15 25
22 1 19
5 8 13
17 21 16
17 21 37
15 19 23
15 18 17
8 11 6
2 7 25
0 3 25
13 15 4
22 1 34
10 14 28
15 16 16
20 23 20
2 6 2
18 20 25
8 12 25
14 18 31
16 18 33
19 21 10
20 0 31
4 9 19
21 1 23
12 15 16
2 6 14
19 21 33
5 8 27
4 6 38
5 7 13
10 14 30
21 0 25
23 2 26
20 21 21
10 12 10
2 4 15
11 13 21
14 16 2
21 23 5
13 16 9
15 18 33
11 13 32
12 13 30
3 5 23
13 15 8
18 20 39
8 11 15
0 2 6
22 1 25
20 22 32
21 0 4
4 7 21
11 14 5
1 4 31
18 22 29
7 10 11
5 9 3
2 6 2
17 20 13
21 1 19
15 19 20
2 5 21
19 21 3
0 4 19
23 3 2
14 18 20
19 22 37
21 22 22
17 19 31
20 23 7
5 8 13
12 14 20
21 0 6
22 1 13
14 17 5
0 2 12
15 15 21
20 21 9
8 11 39
23 5 14
3 6 27
12 16 16
5 8 13
22 3 11
21 2 10
19 0 30
0 5 22
23 3 1
22 0 28
20 1 34
8 9 5
22 1 4
10 12 4
14 17 3
15 19 15
23 2 38
13 17 26
22 2 20
9 10 33
0 2 6
9 12 35
10 13 37
12 15 32
7 10 8
23 4 33
1 4 28
2 6 3
11 15 1
2 5 14
4 7 30
11 14 36
15 18 10
0 3 37
23 2 11
3 5 35
12 13 37
3 5 9
2 6 11
10 13 13
19 22 3
5 7 33
22 2 11
14 17 27
22 1 23
17 20 34
19 22 38
19 22 31
14 14 29
8 11 10
0 3 9
12 15 35
10 13 25
16 18 34
10 12 37
3 5 15
13 16 4
21 1 29
13 19 15
14 18 12
4 7 28
15 18 17
23 0 11
12 16 31
18 20 31
22 0 22
5 8 36
1 4 15
7 11 17
17 21 14
3 6 31
23 1 3
7 10 11
12 14 36
3 6 35
2 5 37
23 2 31
3 8 19
3 6 39
20 23 31
13 16 30
16 20 36
12 15 36
13 15 5
0 4 35
3 6 34
7 10 28
20 0 12
19 23 30
9 14 2
4 5 28
11 14 39
21 23 22
0 4 39
0 4 4
3 4 27
13 16 28
13 16 10
18 20 8
7 10 5
3 7 4
18 21 33
6 11 27
16 17 22
16 18 36
0 2 16
3 5 2
8 13 10
8 11 17
23 4 1
8 11 15
15 19 26
11 15 22
10 13 13
11 13 4
4 8 29
9 12 29
5 8 25
15 18 38
2 6 33
10 14 27
20 21 17
19 19 2
3 6 23
14 17 26
19 21 11
9 11 31
15 19 38
23 1 4
9 10 23
19 22 13
7 11 29
19 23 19
11 14 8
8 11 21
13 16 16
19 23 35
8 12 7
8 10 7
10 14 8
0 2 25
15 18 23
23 3 28
22 1 22
2 7 37
13 15 37
19 22 12
1 4 37
6 10 7
23 1 4
2 6 34
1 5 3
13 15 31
6 9 21
9 12 12
8 9 13
13 16 7
15 18 36
8 11 36
6 8 35
10 13 16
1 3 33
13 16 14
14 16 24
7 11 7
13 17 32
7 10 38
23 2 8
14 18 19
23 0 20
2 5 19
0 1 14
7 11 9
9 12 17
16 19 33
14 17 30
3 6 39
21 0 25
21 1 30
1 3 27
20 0 39
16 19 5
12 17 19
18 20 11
3 7 13
20 23 12
22 1 28
10 14 16
15 19 17
9 10 22
17 20 28
21 0 26
13 16 1
22 2 21
12 16 6
21 2 5
1 3 2
19 23 3
6 10 15
22 2 15
8 10 30
0 2 31
7 9 37
17 21 13
22 0 22
11 14 4
22 2 19
2 4 13
23 2 13
17 20 17
23 3 31
16 19 34
18 21 29
14 16 6
16 18 36
9 12 9
11 15 3
2 6 25
9 12 29
11 14 12
6 10 22
20 22 33
14 16 25
13 16 2
16 19 33
16 20 32
18 21 29
3 4 19
19 21 26
8 12 17
4 8 9
21 1 5
16 19 1
20 23 24
20 21 38
8 12 12
3 5 6
20 21 29
11 13 3
4 5 21
17 22 38
10 13 15
22 2 8
0 2 27
10 13 30
14 16 32
12 15 27
8 13 22
22 1 22
12 16 19
1 2 37
21 0 32
19 21 33
3 6 34
8 11 34
10 13 14
11 15 7
8 11 9
8 12 3
17 18 31
13 16 34
20 23 5
12 16 32
23 2 39
14 17 25
2 5 37
0 3 34
20 21 22
11 13 33
8 12 24
18 20 21
8 9 4
4 6 10
12 15 28
4 6 20
17 20 11
4 8 18
17 20 36
11 16 33
20 23 6
12 16 32
8 13 1
10 13 26
6 9 6
18 20 11
14 16 19
17 20 5
12 16 31
18 22 6
14 17 5
11 15 17
22 1 30
11 15 24
7 10 21
0 1 33
12 17 25
4 8 35
14 16 27
16 19 37
13 16 20
0 2 12
13 17 18
17 19 25
12 15 27
15 19 24
21 0 22
0 3 31
7 11 39
23 4 4
16 19 5
1 1 11
8 10 10
13 17 33
1 3 22
1 4 37
17 20 17
9 11 34
6 10 8
20 22 5
5 7 4
16 19 38
12 15 2
4 6 33
22 2 38
17 20 19
9 11 36
13 15 11
22 0 36
21 0 37
14 17 27
1 5 29
18 20 22
19 22 7
6 8 7
3 6 24
21 22 6
17 21 23
15 17 19
19 20 10
13 15 29
0 3 38
13 15 21
2 5 11
23 3 17
20 0 25
9 11 1
18 20 35
7 10 10
19 22 32
7 11 19
16 19 9
2 7 20
17 19 11
15 19 4
17 19 17
13 16 7
21 23 30
2 6 28
19 21 39
19 23 20
14 17 19
7 11 14
4 7 20
16 19 29
13 18 7
6 9 21
10 12 23
3 6 12
13 16 17
20 22 10
0 3 39
21 23 1
6 9 38
23 1 11
10 13 1
6 8 28
6 9 32
12 15 7
10 13 31
17 21 30
14 16 1
8 10 28
18 21 25
21 0 19
18 19 20
2 5 18
3 7 36
19 22 26
7 10 24
0 4 31
9 10 19
15 17 20
10 13 28
11 15 38
18 22 26
2 4 22
23 1 11
21 1 27
18 22 30
15 20 36
19 21 39
19 0 17
10 12 1
7 10 29
19 23 28
13 15 29
3 6 18
19 22 15
21 23 29
16 17 24
2 5 2
17 21 6
21 23 22
15 19 15
13 16 20
13 16 8
13 16 30
19 0 34
20 0 37
9 13 30
2 4 15
20 21 26
5 10 32
13 17 35
1 4 32
10 13 14
10 12 12
17 20 12
18 22 25
9 11 29
13 16 37
22 1 34
13 16 6
18 21 2
20 1 2
20 22 1
12 15 35
3 5 3
12 15 27
11 13 24
8 12 23
6 10 10
23 3 38
5 9 15
11 14 3
9 11 7
0 2 8
23 2 16
5 8 5
18 21 12
20 23 16
5 10 18
11 15 5
1 4 14
23 3 26
15 19 25
6 10 34
10 14 30
16 17 2
13 15 29
4 7 39
7 10 24
2 4 26
13 14 18
12 15 23
9 12 16
10 14 10
17 20 1
16 19 3
1 5 13
1 3 5
6 9 28
2 6 32
4 8 8
15 17 30
23 1 38
2 4 8
21 0 2
4 8 12
9 12 39
4 8 20
20 21 28
10 15 32
19 21 28
13 19 6
19 22 3
15 19 13
5 8 28
16 20 22
5 9 26
12 16 2
19 21 30
8 12 39
9 12 36
11 14 38
19 22 37
19 21 25
21 2 20
1 3 16
23 2 27
12 16 21
21 0 11
23 3 25
3 5 39
3 7 13
22 0 2
18 18 11
19 21 25
23 1 12
12 14 1
21 1 11
12 14 23
9 13 5
1 4 15
3 7 38
21 1 13
12 14 32
11 14 11
22 1 25
8 12 21
19 22 13
5 9 34
21 23 21
7 10 17
17 19 39
19 22 20
6 8 7
22 1 3
19 23 8
18 21 12
5 8 8
10 12 25
1 4 37
12 16 18
7 10 22
8 11 28
18 21 34
12 15 28
20 22 10
15 18 20
4 7 37
16 19 22
23 2 28
23 2 15
4 6 20
19 19 8
12 15 14
14 19 19
7 10 22
2 6 21
16 21 2
2 3 37
9 12 4
19 19 34
17 19 24
10 14 25
9 11 13
7 10 32
13 15 22
21 22 33
4 6 21
4 8 6
10 14 21
18 20 30
19 20 39
22 1 24
22 1 20
15 18 2
17 20 34
14 17 8
8 11 6
7 11 37
7 8 15
20 2 17
14 18 3
17 19 23
9 12 35
7 10 34
19 21 8
8 12 3
22 2 25
8 10 7
14 16 13
1 5 33
11 15 28
11 13 1
15 17 2
4 5 1
0 1 2
13 17 29
19 22 5
8 10 9
20 1 13
11 13 39
22 1 24
19 21 22
18 21 36
15 17 8
3 5 16
0 3 20
6 8 11
18 22 4
1 3 27
5 8 2
9 13 19
9 12 12
6 7 4
6 9 7
1 3 8
18 20 37
3 6 6
1 5 21
19 22 23
13 16 32
21 23 9
4 5 31
7 10 32
7 10 19
11 16 4
6 9 7
1 3 26
9 15 25
2 5 14
3 5 5
8 10 4
7 9 14
22 1 5
21 0 12
18 20 4
6 7 21
20 23 13
13 16 36
1 4 29
20 23 33
1 4 31
23 1 13
17 20 34
20 23 37
5 7 5
3 7 39
7 10 25
16 20 34
20 0 37
12 15 19
1 3 17
9 12 34
12 14 18
15 18 12
11 15 34
1 4 9
7 10 10
8 13 39
1 5 38
15 17 35
14 17 8
13 15 12
4 7 7
19 23 16
3 6 38
11 13 3
23 1 35
23 2 27
5 10 12
2 7 37
15 17 31
1 4 36
1 4 28
9 12 12
7 13 26
10 13 38
1 4 5
21 1 36
2 5 32
0 3 29
16 18 10
4 7 13
4 6 30
22 1 35
22 23 20
5 11 34
21 0 33
8 11 13
9 13 27
15 18 36
11 16 19
21 1 13
3 7 28
12 16 31
4 6 11
6 10 35
16 20 18
16 19 22
7 11 29
9 14 14
17 20 11
18 22 21
22 2 2
18 20 30
2 5 8
16 19 13
1 4 14
6 7 18
15 15 17
17 20 37
0 3 32
22 2 8
13 18 29
10 13 27
23 2 11
0 2 1
12 16 36
7 9 12
19 23 23
23 2 20
6 8 25
22 2 21
2 5 13
1 3 26
22 0 14
5 6 13
6 10 16
4 5 30
9 14 11
6 9 13
23 2 10
10 13 5
17 19 16
3 6 24
20 23 11
13 16 8
10 14 35
6 10 18
8 10 16
6 8 34
22 1 13
5 8 39
2 5 18
13 14 20
23 2 25
6 9 25
1 4 27
19 21 6
23 3 28
11 12 17
17 20 33
18 22 17
15 19 38
19 21 3
18 22 14
6 9 20
18 22 36
2 4 14
9 12 2
10 14 25
17 19 28
20 22 13
4 6 12
10 13 20
23 1 18
8 12 20
20 23 32
16 19 17
8 7 32
13 14 15
20 23 33
5 7 33
14 16 8
21 23 35
12 15 12
10 14 19
18 19 24
14 18 25
16 19 5
16 19 1
6 8 38
0 3 7
21 23 29
16 20 36
11 12 13
2 6 20
13 15 22
15 18 3
8 12 19
7 9 18
9 12 23
2 5 29
16 17 38
3 7 33
7 11 25
6 10 8
17 21 36
20 0 26
19 21 5
13 17 14
8 10 23
14 17 27
6 10 28
5 7 12
20 1 14
21 0 39
4 8 30
23 2 4
0 4 4
5 9 7
0 4 27
15 18 12
2 6 38
23 0 23
0 5 36
3 6 18
14 19 4
8 11 32
11 15 27
2 6 10
3 6 1
11 15 15
8 11 38
0 4 22
21 1 32
9 12 36
1 5 18
0 4 2
3 7 3
8 10 26
9 12 38
16 19 37
1 4 1
14 17 13
1 5 15
18 21 26
22 4 2
15 18 30
23 1 32
16 20 26
19 0 11
21 23 37
20 22 11
7 11 21
11 14 22
17 20 14
20 22 35
5 10 22
7 10 34
0 2 14
20 23 27
7 10 36
16 19 36
0 1 32
17 18 22
16 18 11
4 7 6
20 23 13
6 9 5
21 0 21
19 23 1
3 5 4
23 1 14
17 20 7
22 1 26
6 10 2
20 23 36
13 16 9
13 17 18
15 18 8
17 20 27
1 2 3
6 9 5
2 6 37
2 4 1
4 7 15
23 1 38
11 15 35
10 13 11
22 1 1
1 3 28
15 18 18
1 4 38
15 18 21
6 7 26
9 13 9
22 0 20
21 1 23
22 0 3
21 0 7
2 3 6
12 14 25
16 20 36
23 3 19
1 3 5
2 5 6
21 23 27
7 10 27
23 3 31
2 6 15
11 12 6
16 18 4
14 17 30
16 20 12
0 3 28
4 7 27
11 14 30
21 23 15
4 5 22
10 13 27
14 17 37
9 12 30
11 14 1
17 20 16
15 20 16
3 7 5
7 10 34
6 9 6
2 6 11
12 15 12
22 1 2
5 9 10
7 9 2
22 1 25
9 11 25
13 15 22
11 13 28
0 2 17
8 11 1
1 5 12
5 8 15
1 6 21
17 21 37
5 9 15
14 16 17
19 0 25
19 21 26
15 16 5
14 18 22
18 22 27
5 6 28
17 20 31
6 8 23
3 6 13
21 1 39
1 3 23
21 1 5
15 19 24
19 1 26
17 19 16
10 14 36
3 5 25
3 6 32
21 23 31
0 3 35
4 6 23
23 3 16
11 14 7
14 18 18
8 11 3
23 1 33
17 19 9
3 7 13
0 3 35
21 0 13
4 10 12
18 21 9
9 11 39
10 12 34
13 14 31
3 6 32
8 12 18
16 19 25
17 21 14
10 12 29
0 3 20
16 19 11
22 1 21
17 22 29
3 7 6
13 15 15
9 13 26
20 0 37
22 1 20
19 23 15
12 17 5
0 5 39
4 8 16
7 12 29
11 13 13
20 22 7
5 7 37
11 15 12
23 2 25
6 8 28
15 16 22
21 2 7
19 22 37
16 18 12
16 19 28
22 0 23
23 1 20
19 23 14
19 21 7
7 11 10
9 11 3
10 12 21
5 8 36
19 23 13
0 2 35
1 5 11
21 2 33
12 16 27
15 17 7
14 17 20
18 21 27
5 9 2
14 17 36
15 18 23
6 8 35
2 5 37
22 1 34
6 8 9
22 23 14
10 12 26
1 3 15
18 21 8
0 4 9
3 6 35
0 3 12
11 14 25
12 15 6
18 20 22
19 22 37
3 6 18
23 2 33
19 23 21
10 13 35
13 15 29
4 8 22
7 10 34
9 12 2
9 9 19
19 22 10
5 9 21
6 9 25
13 16 27
9 12 15
4 8 1
14 20 8
20 22 29
19 22 8
13 16 39
14 18 17
5 7 2
7 9 31
13 16 5
5 10 27
23 3 37
19 23 35
15 18 27
18 22 7
1 3 15
4 6 35
19 22 7
8 11 30
19 23 36
20 22 18
6 10 12
16 19 11
3 8 29
14 18 32
9 13 27
17 20 19
0 3 3
21 2 7
11 15 20
10 14 8
9 14 9
5 6 25
12 12 34
9 13 27
9 12 9
5 9 32
16 19 19
8 11 9
9 12 36
3 6 2
10 14 34
11 14 21
14 19 17
9 12 4
7 9 25
13 16 33
1 3 24
19 23 20
9 14 13
1 3 33
5 8 32
19 0 21
21 3 22
8 11 25
4 7 5
6 8 11
7 12 9
11 13 10
20 22 7
18 19 19
6 8 17
16 18 9
19 19 13
3 6 5
6 11 4
3 6 29
20 23 25
22 2 3
11 15 7
4 6 35
9 13 36
2 5 35
17 19 14
23 2 12
1 4 8
16 20 14
12 16 38
13 15 37
21 3 24
11 13 23
15 18 29
4 7 22
4 7 5
19 20 25
8 12 8
15 17 6
17 19 34
22 1 33
5 7 19
9 11 10
17 20 5
4 7 10
23 2 16
8 10 2
10 12 31
5 8 38
21 23 32
4 5 30
7 9 30
16 20 21
14 17 17
11 14 36
18 21 13
1 5 16
23 2 9
8 11 20
17 19 20
20 1 12
1 3 27
21 23 30
9 11 22
15 16 31
22 3 14
11 13 26
23 0 28
9 12 37
2 4 38
22 1 37
10 12 17
22 1 19
20 0 35
1 7 4
5 9 28
12 14 2
21 23 32
6 8 37
19 20 33
20 23 33
14 18 12
9 12 3
14 17 19
9 11 39
5 6 3
6 10 28
1 5 31
15 18 16
12 14 31
2 4 31
3 6 25
10 15 3
17 20 38
8 10 14
4 8 13
19 22 16
10 12 11
5 7 14
3 9 18
19 23 32
10 10 10
23 1 27
12 13 8
1 5 11
23 2 2
20 22 7
4 7 15
23 3 8
11 13 15
13 18 7
12 15 23
9 13 28
11 15 34
11 14 9
15 17 7
5 9 21
15 17 25
22 0 11
15 18 16
3 6 19
11 14 32
6 10 13
10 12 20
2 5 29
18 21 35
5 6 2
22 1 23
15 17 37
22 2 8
18 21 10
7 11 10
12 16 18
9 13 31
21 0 9
1 4 26
1 4 31
12 18 26
16 20 30
20 1 32
15 19 23
2 3 6
4 7 15
17 21 20
8 11 25
21 23 24
5 9 18
20 22 16
13 17 5
23 3 28
2 5 14
5 9 32
0 3 31
18 21 3
19 21 10
9 12 36
6 12 1
20 0 1
11 14 20
10 12 27
22 2 25
4 6 3
12 16 15
11 13 16
11 14 13
9 11 29
22 1 18
21 0 5
10 14 31
1 4 2
13 16 37
17 22 37
11 15 26
15 19 14
7 9 21
12 15 36
5 8 34
23 2 16
18 20 22
18 21 6
14 17 36
15 20 35
7 10 13
20 23 37
5 9 30
3 5 15
0 4 13
18 22 11
4 7 39
23 5 39
11 14 33
2 4 25
1 3 29
18 21 6
22 0 18
7 10 36
17 20 17
21 2 25
13 17 18
20 0 31
20 22 23
15 18 30
9 12 14
18 19 19
12 17 18
8 12 1
4 7 21
18 20 23
9 11 10
18 20 2
11 15 26
5 8 5
2 6 6
3 5 32
16 18 1
6 6 29
19 21 17
6 8 5
11 13 28
13 16 11
6 9 38
0 3 14
8 11 24
18 23 20
16 19 4
4 8 26
7 12 23
22 1 5
5 7 28
4 8 9
15 18 7
5 7 4
17 19 4
10 12 9
14 17 9
15 17 23
15 17 32
22 2 4
13 16 2
23 3 33
2 4 19
23 3 38
21 0 22
4 8 39
17 20 30
10 14 21
3 6 39
4 8 35
10 13 19
5 8 20
13 16 22
8 12 37
0 4 36
1 2 36
4 8 21
10 13 17
17 21 29
12 14 37
14 18 7
0 3 13
23 2 11
2 6 28
6 7 30
19 23 6
18 20 31
11 13 35
22 2 27
20 23 15
2 5 38
20 23 23
22 2 14
16 20 11
20 1 24
13 17 28
18 22 6
19 22 24
10 13 11
11 14 14
21 22 1
13 17 11
20 23 33
14 17 7
0 3 23
23 3 12
6 9 26
9 12 6
6 9 8
9 13 31
5 7 3
0 3 31
0 2 7
16 20 9
11 14 11
2 5 29
17 21 2
19 22 12
8 12 16
7 9 26
11 15 6
12 16 14
23 1 24
9 11 39
23 3 25
8 11 16
8 14 3
16 18 26
23 1 26
2 6 39
19 22 4
6 8 27
8 12 27
14 17 8
11 13 15
18 20 30
18 20 33
21 23 23
16 19 8
16 17 36
23 1 13
11 13 4
11 13 31
2 5 1
4 5 17
23 0 35
7 10 32
18 21 17
1 5 17
15 18 19
2 3 27
15 16 27
10 13 20
22 0 21
4 7 23
4 8 26
1 3 11
17 19 13
15 19 13
15 17 13
16 18 38
18 21 9
12 16 18
22 2 28
11 14 19
10 13 6
6 8 38
5 7 12
22 1 11
4 8 6
3 5 20
12 15 5
12 16 26
7 10 4
1 4 37
0 4 5
2 5 10
3 4 35
5 9 8
15 18 26
2 4 32
22 1 34
7 9 7
19 0 19
6 9 3
22 1 6
11 14 18
20 23 14
4 6 24
10 13 39
4 8 37
13 16 9
19 22 21
7 10 3
11 14 21
23 2 34
23 2 35
16 21 39
7 9 22
19 22 6
13 16 28
15 18 38
13 16 27
20 21 9
12 16 8
4 8 38
12 16 7
20 22 36
14 19 1
18 21 15
4 8 7
16 17 26
18 20 17
18 21 3
9 12 18
15 19 5
19 20 3
17 20 30
12 13 37
6 10 32
8 11 10
11 13 5
9 11 30
20 22 2
20 0 13
18 19 19
11 13 9
15 20 21
14 18 8
9 14 39
13 15 26
23 3 7
11 14 1
18 22 24
19 20 27
17 22 16
3 7 8
0 3 22
1 4 20
8 11 35
15 16 30
18 21 23
1 3 24
5 10 2
6 9 23
11 15 32
23 4 3
15 18 26
13 15 9
21 23 31
22 1 9
23 2 25
23 1 20
11 15 6
10 14 35
4 8 2
13 16 13
16 20 30
21 23 17
22 22 23
12 14 30
22 2 8
7 9 31
22 1 30
7 10 23
9 13 3
19 22 20
15 20 24
21 23 32
6 9 31
6 9 25
1 4 3
23 2 13
1 2 19
15 18 33
8 11 30
22 1 5
20 22 33
10 14 12
5 8 29
15 18 18
10 12 18
20 22 8
16 19 15
0 4 14
12 17 11
0 4 28
13 15 2
16 20 1
16 19 24
11 13 29
7 9 32
4 7 12
21 1 34
11 14 19
19 23 1
11 13 21
22 1 35
4 8 11
2 5 37
18 20 37
5 9 25
8 12 9
17 18 33
7 9 16
6 9 33
21 2 7
6 9 1
22 0 26
3 7 30
13 15 30
3 5 8
0 4 31
17 19 20
22 2 31
18 20 15
8 11 25
23 3 18
10 13 35
22 1 32
0 1 8
22 0 4
11 13 34
8 9 27
14 16 37
4 6 6
14 18 23
1 4 18
2 4 14
2 6 22
9 12 24
1 4 38
4 7 17
3 5 16
14 16 34
10 13 26
9 12 2
13 16 34
9 11 31
0 1 3
5 7 17
4 6 6
19 22 20
10 12 19
10 14 15
1 3 21
21 1 14
11 15 30
13 17 32
14 16 7
12 16 4
3 7 23
12 14 33
8 10 13
22 0 34
2 6 32
11 12 7
5 7 22
2 4 31
9 14 33
18 22 12
18 0 27
17 22 13
13 16 5
17 19 2
22 0 10
1 4 32
12 14 13
18 19 28
2 4 25
22 2 24
2 5 32
1 3 25
6 11 19
17 19 12
4 5 32
23 1 24
2 6 10
11 14 26
0 3 2
18 20 37
22 2 25
15 18 19
7 8 16
9 13 29
16 19 35
21 0 12
15 20 36
6 12 30
1 5 10
6 8 16
16 20 36
7 8 30
2 4 8
15 19 4
13 16 2
8 10 6
8 11 3
1 4 6
3 6 3
11 13 17
14 17 38
14 18 23
4 6 15
1 6 14
19 23 2
4 7 20
15 19 5
18 21 18
16 19 39
17 20 26
17 20 5
3 6 38
14 17 10
7 10 31
3 7 5
17 19 38
2 5 37
7 10 8
12 14 28
23 2 36
8 10 19
11 14 11
13 17 38
9 13 26
9 12 4
16 19 22
1 5 28
21 0 21
21 23 11
21 22 21
15 17 26
20 21 29
19 21 35
0 3 26
13 16 12
19 21 23
4 7 31
23 2 27
5 9 26
1 4 9
8 11 30
8 10 30
17 20 25
22 0 26
16 19 10
6 9 4
19 22 28
18 20 5
23 3 26
2 5 33
6 11 26
3 8 32
11 13 1
4 6 26
7 12 17
22 2 5
19 22 12
3 7 2
21 0 27
23 4 6
14 16 13
10 13 4
7 10 39
11 14 11
3 6 28
18 21 12
2 4 3
6 10 12
21 2 27
2 6 19
3 6 7
23 3 3
19 21 37
20 23 19
12 16 23
18 22 27
19 22 4
13 16 6
8 10 36
2 4 18
14 18 18
7 11 34
8 10 23
14 17 36
4 8 36
2 5 36
12 16 23
15 18 36
3 4 35
4 7 25
23 1 15
16 20 30
3 6 19
13 16 5
6 10 12
6 9 8
11 14 28
9 11 25
5 10 23
17 20 17
8 10 5
11 13 31
2 4 21
21 0 10
8 10 22
1 4 17
12 15 15
15 18 8
17 21 1
2 4 22
21 1 35
1 4 16
13 16 23
11 14 3
14 16 33
6 10 23
14 19 28
5 7 31
20 0 24
14 16 37
6 11 23
23 3 19
6 8 28
10 12 17
6 8 24
20 23 5
5 9 8
9 11 13
8 9 24
4 7 14
6 9 16
5 8 34
6 9 34
8 11 3
14 16 18
9 14 33
18 22 26
1 3 38
19 21 39
16 18 22
9 11 24
16 20 29
8 10 39
7 10 38
3 6 35
2 7 17
11 13 30
10 14 11
1 4 20
11 15 17
0 3 24
11 15 19
5 10 12
21 1 12
2 5 11
3 6 9
13 15 33
2 4 5
3 7 3
16 17 21
18 21 14
17 20 32
20 23 33
11 13 16
11 14 3
23 2 11
22 22 34
22 1 34
16 19 26
12 16 17
0 3 3
12 16 33
21 23 8
15 17 33
8 13 3
23 4 33
22 2 28
0 4 21
17 20 17
22 0 30
7 11 35
4 8 21
7 9 25
21 21 7
3 5 17
5 6 37
23 3 18
0 2 23
9 13 3
5 8 29
7 10 39
18 21 20
5 7 22
17 21 32
8 11 11
11 13 14
23 1 21
21 1 37
12 14 5
14 17 13
7 11 11
19 23 29
2 7 4
4 8 13
7 8 10
6 8 18
23 2 2
22 1 37
23 1 23
17 19 7
15 17 30
10 14 17
2 5 32
9 11 6
22 2 6
20 21 7
21 1 5
7 9 39
10 14 14
5 8 18
20 0 12
8 11 31
9 12 16
21 23 6
7 10 33
12 15 16
9 11 14
13 17 33
19 21 34
12 16 6
21 23 38
17 21 10
20 22 6
4 6 28
21 22 2
2 5 3
15 17 6
5 9 22
16 20 34
5 8 2
12 15 34
10 12 30
7 11 21
3 6 2
8 11 27
18 21 17
13 15 9
21 0 24
0 3 31
6 9 6
15 17 8
0 3 35
6 8 29
7 10 26
7 10 18
13 17 17
2 4 7
13 16 28
10 13 4
1 2 18
0 2 17
20 0 16
11 15 9
3 6 24
18 21 30
7 10 9
2 5 20
14 16 31
0 3 19
3 5 6
1 4 20
18 20 5
20 22 1
11 13 32
9 11 15
0 4 4
13 15 3
5 8 23
15 18 35
19 21 16
1 4 23
15 17 24
6 7 7
4 8 31
7 11 28
10 14 29
10 14 20
3 6 16
7 11 9
21 0 31
4 8 25
18 21 16
17 19 5
8 11 6
11 13 8
14 15 35
3 4 13
7 11 22
9 10 36
9 14 4
13 16 19
17 20 23
4 7 38
17 22 6
21 23 15
17 20 7
14 16 38
4 9 9
6 9 20
17 20 10
13 14 25
22 1 33
8 12 4
18 22 34
13 16 14
18 22 4
11 13 27
18 21 15
9 11 2
10 14 8
4 5 39
22 2 9
6 9 5
17 20 25
16 20 23
0 3 5
3 7 38
8 12 34
2 6 37
19 23 25
17 19 35
0 4 39
1 3 6
8 12 24
10 15 37
0 2 33
18 20 10
8 11 31
14 18 12
22 3 6
0 3 14
20 23 4
20 23 31
13 15 11
18 21 29
23 3 37
8 11 17
12 14 19
22 2 7
2 4 20
11 14 21
6 10 39
11 14 4
23 2 3
21 0 9
9 13 6
22 23 2
22 1 20
12 18 16
16 19 30
0 2 38
12 16 1
22 2 27
15 21 1
8 10 24
17 19 13
23 3 10
13 17 15
8 12 13
8 13 1
14 14 26
2 8 1
6 10 25
23 3 33
7 9 13
5 8 24
14 16 29
10 12 34
11 14 21
1 3 24
22 2 31
10 14 32
23 2 6
12 15 5
0 2 1
21 1 3
21 22 37
22 1 37
19 22 4
15 19 15
20 23 38
11 14 22
17 19 34
21 1 36
21 1 39
15 17 15
21 0 34
10 12 6
2 4 20
21 0 19
18 20 14
10 13 21
19 22 2
11 14 7
10 12 33
18 20 2
8 12 30
1 3 39
6 8 3
20 23 8
17 20 10
23 3 35
19 21 2
3 5 38
0 4 22
6 9 21
23 1 7
15 17 37
8 11 4
0 3 33
10 14 36
17 22 15
14 17 3
6 9 26
2 4 21
5 8 29
9 12 38
0 4 39
4 7 2
22 2 22
12 16 39
12 16 29
6 11 6
9 12 29
1 5 37
15 18 1
18 23 9
15 18 11
13 16 26
1 4 3
1 4 1
19 22 7
4 6 12
19 22 4
16 18 1
0 2 35
6 8 26
18 23 25
20 0 22
14 18 18
4 7 7
19 0 24
15 18 19
23 0 39
11 15 8
14 18 24
2 6 14
2 5 21
0 3 19
1 5 5
14 16 3
14 16 6
8 10 21
3 6 28
3 5 35
11 14 35
5 8 34
19 23 26
1 3 14
1 3 25
15 20 18
6 10 10
21 0 9
9 11 21
1 2 14
11 15 36
10 14 23
2 4 26
11 14 6
6 9 2
12 15 39
3 6 18
19 22 33
19 22 11
15 19 2
20 0 36
0 3 37
23 2 21
22 3 1
20 22 38
11 15 26
8 11 3
20 23 21
9 11 36
10 11 3
11 13 1
0 2 1
2 3 28
7 8 14
10 13 38
5 8 36
19 22 21
18 20 1
23 3 8
4 5 32
13 16 33
21 23 9
21 0 5
17 19 16
16 22 33
11 16 32
5 7 29
21 23 24
23 2 23
2 5 17
14 16 22
2 4 17
19 22 12
20 0 13
23 1 36
23 1 22
20 21 21
23 2 2
17 19 3
15 19 5
14 16 38
11 14 5
16 20 7
14 19 18
0 2 28
1 5 37
14 17 12
7 11 33
8 12 35
21 0 4
11 13 19
5 8 15
6 8 14
13 14 14
22 1 26
11 15 15
1 5 2
12 14 21
7 11 10
19 22 39
5 9 23
1 3 31
17 20 38
19 22 29
16 18 15
5 9 10
16 19 19
12 15 20
4 6 3
15 20 2
1 6 20
18 20 38
3 7 30
13 16 39
14 19 38
18 21 10
0 4 26
13 16 11
4 7 30
8 10 4
8 10 34
4 8 27
5 6 18
14 19 2
13 16 6
15 16 7
15 17 12
23 1 26
1 3 31
17 19 34
22 1 3
12 15 24
16 18 8
9 11 39
5 9 27
19 21 21
23 0 20
12 13 37
22 1 7
3 5 22
2 5 5
18 21 2
2 4 29
1 2 25
15 18 3
6 9 9
8 11 31
13 16 15
23 1 33
18 21 23
16 19 35
19 22 2
0 4 36
7 10 13
19 20 16
5 8 13
19 22 5
17 16 16
11 14 2
11 15 30
15 19 30
0 3 26
12 16 35
3 6 20
19 22 27
6 9 33
15 18 9
1 5 20
23 4 9
8 11 28
21 1 3
16 20 33
2 6 19
10 15 15
2 6 25
0 3 22
17 17 37
23 3 17
19 20 25
1 3 7
3 5 8
4 8 11
17 21 19
9 13 3
20 1 4
12 14 23
12 17 5
21 23 3
6 10 10
10 14 11
20 22 17
0 2 7
0 2 30
20 0 6
1 3 33
11 15 15
17 19 19
6 9 1
7 9 21
6 11 11
7 11 12
8 10 32
15 19 17
3 5 37
9 11 6
4 7 13
9 11 8
20 0 23
8 11 26
22 0 4
18 22 1
16 20 36
17 18 9
15 17 27
4 5 30
17 20 39
9 12 34
16 20 32
22 0 1
13 16 31
0 4 18
20 22 5
13 14 10
7 8 14
7 11 2
5 7 11
11 13 16
22 3 1
7 9 7
10 11 27
11 13 24
6 10 12
5 10 24
10 14 2
11 14 33
14 17 10
13 16 8
23 2 8
22 1 38
13 16 30
6 9 20
21 1 34
23 0 19
10 11 8
19 22 32
8 11 29
12 14 24
7 10 24
4 5 16
13 18 8
22 0 37
15 15 20
7 11 16
8 11 19
6 8 20
18 22 10
8 10 26
7 10 33
8 10 34
4 7 23
2 4 30
12 16 20
6 9 11
14 15 22
17 20 12
14 17 27
13 18 37
22 1 32
12 16 17
2 4 34
0 4 5
4 7 36
17 19 39
19 21 9
18 22 7
21 1 2
20 22 15
18 19 34
4 6 28
18 20 33
22 1 12
0 3 2
9 13 34
4 8 8
8 9 24
15 18 25
9 11 17
10 13 7
18 21 15
4 8 38
2 6 34
7 11 23
2 6 38
15 19 33
22 1 35
14 18 16
2 5 4
3 6 15
5 6 27
21 1 33
17 20 8
13 17 35
12 16 11
6 9 24
7 9 13
7 11 25
14 15 4
5 7 3
11 16 37
21 23 21
7 10 37
5 8 24
12 16 14
17 21 22
6 10 14
0 5 21
7 9 30
5 8 38
19 21 1
15 17 19
0 3 31
5 9 28
21 2 21
16 21 11
6 11 23
7 10 3
2 6 27
3 6 12
13 17 7
19 22 39
18 20 28
9 11 33
6 10 30
0 3 33
8 10 34
18 23 28
19 22 14
3 6 26
12 14 26
6 11 2
23 2 27
22 23 25
13 19 20
18 21 27
5 8 31
22 0 2
12 15 32
20 0 3
20 23 39
5 7 6
22 1 36
2 5 1
13 17 2
16 18 22
3 6 2
0 2 26
15 18 5
19 20 14
3 7 34
0 2 8
15 18 8
5 9 1
4 7 32
16 20 3
16 20 14
12 13 25
5 7 35
0 3 19
14 17 1
6 9 7
4 6 15
7 9 33
1 4 16
16 19 14
16 20 1
12 16 38
10 13 36
12 17 11
23 3 19
17 19 23
0 1 31
2 4 39
22 2 10
19 23 32
16 21 7
13 16 25
9 12 23
22 0 10
22 1 11
23 3 12
4 8 11
20 0 17
17 19 29
3 6 18
3 6 6
21 2 39
0 4 29
9 12 26
18 21 11
3 7 37
18 20 23
20 23 15
3 5 21
13 15 2
6 9 38
4 7 39
14 17 16
15 18 8
12 16 23
2 5 32
9 12 6
23 2 5
22 2 7
10 13 35
19 21 15
18 20 25
0 3 38
5 9 32
23 1 8
20 21 26
18 20 26
4 6 25
0 1 13
5 10 9
22 3 39
21 23 17
19 23 35
8 9 39
4 6 2
19 0 17
6 9 1
18 22 30
15 19 14
21 23 3
4 7 31
18 21 6
0 4 19
11 13 26
20 23 15
12 13 10
19 22 23
0 3 25
15 20 31
2 5 8
0 1 22
6 9 13
7 10 5
18 22 36
11 14 7
20 22 24
9 11 15
11 16 3
0 3 25
4 8 25
11 14 34
16 19 29
21 1 25
4 7 28
10 14 4
18 21 28
17 18 10
10 12 16
21 23 1
20 22 15
0 4 10
23 2 8
0 2 18
6 7 3
3 5 33
4 6 10
11 15 33
5 9 12
15 18 28
22 2 10
21 2 5
19 22 5
2 6 12
16 21 13
8 10 18
21 23 37
2 3 18
23 3 32
3 6 1
1 3 3
10 13 1
22 0 4
11 14 3
0 2 2
8 12 32
6 9 6
20 0 29
1 2 13
18 19 11
17 19 18
5 8 35
8 10 17
7 11 18
22 1 30
9 14 15
15 19 23
15 18 10
16 17 9
15 17 24
10 11 38
5 8 34
5 6 37
21 1 30
7 11 15
11 14 5
9 11 1
21 1 22
2 5 25
4 8 5
7 11 25
11 14 19
7 11 35
15 18 30
1 5 23
12 15 1
2 7 39
19 21 21
18 21 38
14 15 23
10 12 5
21 0 39
14 18 34
0 3 35
0 4 32
16 19 31
9 12 4
2 6 36
4 7 23
7 11 14
14 16 30
0 2 35
8 11 32
8 10 5
8 10 33
14 17 11
6 10 18
17 19 21
23 2 3
1 5 18
7 10 12
16 18 35
13 17 15
4 7 32
12 16 12
13 16 19
18 21 9
5 8 22
23 1 16
13 15 29
13 16 37
16 19 38
3 6 28
4 7 4
23 2 7
23 1 6
16 20 22
22 1 12
15 18 32
18 22 30
14 17 20
6 9 32
3 6 20
4 7 16
18 22 13
17 20 8
8 10 39
3 6 31
12 17 25
7 8 6
3 7 23
5 8 6
16 21 27
1 3 29
3 6 38
16 19 24
2 5 38
21 1 2
18 23 33
10 14 12
19 21 26
23 2 6
15 18 19
23 1 15
1 3 20
22 1 19
4 6 25
20 0 38
19 23 10
8 10 35
2 5 17
16 18 15
5 9 38
14 16 39
5 7 27
11 13 9
12 15 33
20 0 18
0 3 14
20 22 27
21 1 17
17 20 25
22 3 34
13 16 5
10 13 27
18 20 19
23 4 7
13 17 38
0 3 2
2 6 29
22 1 39
5 8 9
2 5 7
5 8 3
2 5 23
16 21 5
23 3 8
17 20 39
10 13 16
16 19 30
6 9 35
10 13 6
9 12 36
23 3 25
20 22 34
21 1 37
1 4 23
23 3 22
14 18 5
23 4 10
2 6 21
16 18 23
23 1 2
11 14 1
6 9 34
21 23 34
19 0 37
15 17 17
5 9 35
14 17 34
10 13 21
6 9 33
9 12 19
9 12 3
13 15 38
22 1 8
7 10 30
7 10 39
14 15 14
15 17 22
21 0 31
18 22 12
17 20 32
15 19 1
17 19 35
7 9 16
11 15 21
18 21 27
1 5 7
4 7 27
19 22 33
16 19 6
7 8 22
12 13 17
14 18 10
13 15 33
5 9 33
3 5 2
0 2 28
3 5 9
6 8 17
16 17 22
3 6 18
5 7 31
0 4 1
4 9 19
0 3 24
10 13 34
20 22 10
1 4 2
12 16 23
22 1 15
11 14 29
4 7 13
10 13 22
17 18 39
23 2 9
18 19 21
9 12 35
8 10 11
3 6 31
22 2 6
2 3 36
5 9 16
19 23 38
6 9 35
11 14 37
18 20 39
22 2 25
3 5 27
0 1 38
18 20 9
22 1 26
2 5 20
9 12 23
3 5 12
7 12 12
20 0 37
21 1 25
2 4 22
2 5 38
22 0 7
11 15 32
4 10 24
11 13 35
3 7 17
13 15 3
6 9 29
0 2 36
20 0 17
0 3 7
18 22 26
18 22 39
5 8 35
21 0 31
15 17 11
11 12 33
19 21 30
2 3 16
0 2 30
5 6 32
23 3 1
5 5 35
2 6 18
14 16 36
12 14 29
17 20 30
5 8 11
5 7 39
11 15 5
5 9 33
2 4 9
2 6 3
14 17 7
23 3 26
23 1 6
22 0 10
1 5 11
20 23 10
17 21 19
13 15 10
15 17 26
15 17 17
19 23 31
11 15 37
22 22 22
14 19 29
2 6 18
14 14 38
6 10 10
21 0 32
8 9 4
23 0 10
6 11 7
14 18 15
18 21 1
19 22 14
4 10 31
1 5 5
12 12 4
16 18 36
6 9 5
15 19 5
15 17 9
13 16 16
14 18 33
14 17 38
12 16 13
16 20 10
0 3 5
0 3 2
6 11 39
6 10 22
11 15 35
2 5 34
0 1 24
9 10 35
12 16 12
8 10 18
11 14 23
16 18 14
1 4 7
20 1 25
3 6 17
14 17 4
12 14 32
20 22 30
2 5 12
10 14 20
12 16 6
9 13 15
4 8 37
3 6 22
10 15 31
7 11 33
3 6 31
23 3 2
17 20 31
0 1 27
4 7 16
12 15 28
2 6 28
18 21 17
14 17 24
3 6 16
7 10 4
12 14 31
5 7 21
0 3 24
2 4 1
17 20 31
7 11 16
23 3 31
17 19 9
19 23 11
4 7 29
22 0 37
16 17 2
12 14 14
5 8 10
11 13 26
10 15 2
5 5 20
15 17 29
12 15 10
9 13 21
23 3 36
4 7 21
21 23 16
12 15 33
4 6 27
22 3 31
10 13 11
18 21 12
13 17 18
1 3 24
7 9 6
8 10 10
23 2 30
11 13 13
3 5 32
15 20 14
3 7 20
9 12 20
17 21 18
22 1 18
6 9 32
16 20 36
13 18 34
1 3 4
12 15 21
22 0 34
8 11 7
3 5 23
16 21 6
15 17 26
6 10 7
0 3 2
9 12 7
12 15 7
3 7 11
8 11 10
11 16 23
11 14 11
3 5 30
12 14 21
10 12 6
9 13 4
3 5 2
19 21 11
2 3 8
20 23 14
6 9 22
5 7 39
11 13 17
13 15 30
20 23 20
0 2 33
22 1 11
20 0 17
16 19 38
10 11 22
18 20 9
3 6 32
21 1 9
10 13 21
22 0 20
9 15 32
5 9 9
16 18 24
13 15 38
21 2 10
15 19 39
2 5 4
2 5 19
20 22 33
5 9 16
14 18 35
5 9 20
18 21 3
3 5 12
1 5 36
20 22 17
21 0 14
10 12 7
11 15 23
10 13 30
13 17 17
4 9 18
8 11 3
17 20 24
20 22 22
0 2 30
19 21 5
20 23 14
13 18 1
13 15 8
18 22 34
6 8 9
23 3 26
0 2 9
2 5 29
0 4 39
9 11 26
8 10 31
12 14 10
11 13 39
18 20 15
9 11 1
9 13 12
16 18 30
23 3 28
13 17 23
14 17 33
15 17 8
7 11 26
14 18 5
0 4 17
17 19 39
15 18 2
20 22 21
14 16 24
21 22 14
21 1 17
11 14 22
21 1 37
17 21 14
4 8 36
5 8 21
9 11 20
11 14 6
20 22 36
7 10 14
9 12 26
0 3 29
21 3 30
8 10 13
8 11 13
0 4 19
4 7 39
1 2 7
22 2 11
19 20 17
11 13 29
7 12 3
16 18 18
9 12 22
21 0 4
18 22 23
15 18 23
17 20 22
17 20 19
7 10 30
2 3 17
7 12 36
1 4 8
3 5 15
6 9 39
7 10 30
13 15 7
1 3 35
4 7 20
12 16 37
13 16 29
11 13 14
22 2 14
18 21 16
20 23 19
19 22 11
7 10 30
9 12 23
6 10 15
12 15 2
14 16 23
11 13 12
3 5 37
12 16 16
23 0 39
5 7 30
11 13 36
19 22 36
15 19 23
23 3 36
18 20 28
6 9 8
14 16 25
17 19 28
18 21 38
0 2 29
3 5 7
11 12 35
22 2 30
21 23 6
13 17 23
0 2 15
0 3 23
4 7 30
14 15 23
8 11 29
19 22 11
12 17 14
20 0 25
15 17 11
19 19 25
12 16 8
3 5 32
20 23 2
15 18 22
8 11 30
11 13 32
14 18 19
9 13 2
6 9 14
8 12 13
6 10 21
18 23 19
12 13 15
6 9 2
3 7 2
21 1 12
6 8 23
1 5 3
22 2 4
15 18 33
17 21 18
8 11 31
11 14 27
6 10 1
21 23 9
17 20 29
12 14 10
4 7 34
17 19 30
7 9 17
8 10 3
15 17 18
10 13 12
12 15 32
7 10 8
6 9 2
14 16 5
13 16 6
15 18 18
18 22 32
11 14 39
2 6 32
2 5 32
7 10 2
14 17 28
3 6 37
8 9 13
20 23 34
1 5 28
23 3 5
18 23 28
16 18 12
11 16 37
3 7 10
3 7 39
14 17 2
13 17 23
12 15 12
14 19 4
8 10 16
4 5 21
4 8 7
3 5 38
3 8 10
8 12 11
16 17 30
2 7 9
0 3 2
19 23 21
7 11 34
21 1 15
22 1 38
4 6 24
12 16 17
1 4 25
23 2 28
16 18 7
23 2 35
14 19 20
3 3 9
10 13 18
13 16 31
14 19 39
17 21 27
5 8 4
20 22 28
6 10 13
7 10 10
11 14 35
1 3 15
20 22 29
9 12 34
8 12 39
11 14 22
14 16 29
8 12 20
19 23 32
9 12 1
4 7 5
16 17 11
17 19 21
15 18 20
6 8 8
11 14 6
1 5 12
11 15 15
3 7 22
11 15 24
6 9 30
17 21 3
2 3 18
23 1 24
8 12 26
3 6 12
5 8 6
5 8 33
2 6 6
9 12 1
22 2 5
14 18 15
5 9 36
22 0 22
14 18 37
23 2 10
6 9 26
9 13 26
21 0 39
9 12 37
4 6 4
9 13 6
9 12 33
20 22 12
19 22 8
2 6 20
5 8 6
4 6 13
5 7 14
4 6 39
10 12 39
14 16 29
16 20 2
11 13 35
0 4 16
11 14 16
20 1 22
20 23 7
22 2 31
5 7 2
23 1 4
5 9 6
8 11 3
20 23 6
21 1 39
6 10 24
2 5 11
14 17 31
10 13 25
2 4 6
10 13 38
1 3 5
19 23 19
15 18 11
22 2 14
19 21 7
0 3 30
4 7 12
6 8 37
2 6 21
20 23 3
17 18 8
13 15 37
9 13 5
11 15 16
10 11 18
18 22 35
20 21 15
16 20 12
11 13 19
14 17 6
3 7 7
18 22 25
18 20 6
20 0 29
1 3 21
0 3 16
3 5 16
1 4 3
21 22 10
21 1 4
3 4 15
5 7 37
11 14 28
9 12 10
4 7 19
12 15 11
22 3 5
9 12 36
23 4 25
23 3 13
6 7 32
1 4 27
17 20 17
12 15 34
3 4 4
12 14 19
18 22 21
6 9 12
9 13 23
9 12 30
20 22 31
20 23 14
11 14 35
10 14 35
14 17 16
18 21 17
7 9 19
17 19 30
15 18 6
0 3 30
11 15 30
5 7 37
7 10 23
22 1 28
14 17 32
23 2 38
3 5 35
21 0 30
9 12 5
17 19 27
2 6 15
23 2 1
23 3 39
19 22 1
10 12 29
7 10 19
21 23 24
7 11 24
23 2 35
12 14 27
12 13 14
9 11 17
23 3 3
23 3 18
17 20 37
5 8 31
5 7 31
1 6 17
10 14 20
2 6 29
5 7 35
6 10 24
15 17 33
2 6 32
8 12 18
15 17 27
8 12 9
15 18 18
19 22 30
1 5 11
13 16 34
7 8 29
6 9 24
21 23 9
2 7 36
21 0 25
12 13 10
0 2 27
19 20 35
17 20 26
18 21 36
13 15 7
14 16 24
5 8 39
0 3 35
12 15 3
0 5 36
2 4 19
0 5 16
14 19 37
19 0 11
11 13 5
11 15 18
6 10 5
19 22 10
5 7 26
20 0 33
6 9 2
20 23 13
1 3 3
19 22 1
5 8 35
19 23 3
22 0 28
7 9 4
14 18 37
14 19 33
7 9 20
11 13 17
17 20 14
19 22 30
15 19 36
11 15 15
6 10 13
12 14 32
11 13 33
17 21 33
6 12 36
2 4 13
4 6 6
6 7 5
13 16 38
2 5 17
18 20 8
5 10 18
22 23 8
5 9 1
9 14 29
15 17 20
22 2 36
18 22 33
18 21 11
4 8 10
5 10 21
9 10 17
7 13 11
6 9 24
0 3 9
23 2 26
6 9 4
8 11 39
10 12 9
1 5 14
5 7 9
4 7 25
4 7 39
7 10 8
13 16 35
6 7 38
0 4 15
2 6 33
15 17 8
13 15 26
10 13 29
10 13 18
15 18 16
23 4 23
20 22 16
21 0 7
17 19 31
0 3 12
17 20 27
3 7 35
3 7 7
6 10 19
11 15 20
1 3 26
13 16 24
18 22 35
16 20 6
10 13 15
7 10 9
13 17 11
0 4 28
22 2 35
9 11 26
12 14 20
23 2 12
5 8 37
17 21 8
8 10 36
10 12 10
10 14 9
10 12 24
22 0 3
9 10 13
17 20 29
18 20 20
21 2 19
20 21 28
13 17 25
21 3 36
1 3 29
6 9 30
13 15 6
6 10 8
1 4 35
3 6 35
18 21 3
12 17 13
13 17 14
5 10 25
1 4 31
6 9 17
9 13 32
7 10 21
15 18 33
18 22 6
19 22 8
22 2 26
12 16 34
12 15 37
7 10 3
1 4 26
19 22 33
11 15 25
4 6 5
2 5 35
6 10 13
14 17 13
0 2 28
12 15 9
20 21 35
19 21 29
0 2 31
9 14 20
16 21 7
20 22 33
20 22 20
11 14 37
3 9 7
12 15 23
3 7 24
6 10 21
10 15 27
21 22 28
4 7 23
22 2 20
3 5 16
14 16 2
20 0 29
20 22 10
7 10 39
16 19 23
14 19 7
15 17 5
14 17 28
11 14 26
20 23 20
6 9 22
10 14 3
16 18 19
13 15 32
5 10 14
6 7 4
14 17 14
6 9 25
3 5 11
7 11 23
16 17 25
16 20 23
5 9 29
2 6 1
22 1 8
12 14 32
15 18 36
16 20 32
1 3 7
5 7 34
6 7 4
9 11 2
16 20 4
20 22 23
8 10 27
3 7 25
17 19 10
8 11 36
1 3 15
10 12 38
1 2 28
1 3 3
13 15 21
8 12 13
0 2 21
13 17 17
23 3 5
7 9 9
13 19 25
12 14 8
7 11 16
22 2 35
14 17 14
1 4 35
5 7 18
3 5 38
16 18 27
9 13 24
23 2 17
13 14 2
15 18 12
9 11 22
8 13 3
0 2 14
16 22 23
12 16 35
14 17 35
18 21 11
14 18 3
2 7 11
1 4 16
8 9 6
13 16 31
19 23 39
2 3 19
13 16 11
4 8 17
18 20 29
20 22 8
5 9 11
8 12 28
6 10 8
19 0 31
15 17 16
13 17 37
2 4 22
23 1 22
20 0 29
22 1 20
23 3 22
7 10 32
12 16 38
23 4 11
5 7 32
3 6 4
23 3 34
4 7 36
20 23 36
20 1 15
21 2 1
18 22 23
10 13 17
13 15 27
1 4 4
19 22 5
5 11 8
8 10 34
9 13 9
5 6 5
8 11 25
21 1 27
2 5 24
0 2 30
15 18 8
0 1 36
8 11 16
3 5 27
13 16 11
22 2 34
2 5 39
12 15 36
8 10 20
7 10 10
11 14 33
13 15 32
6 8 23
7 11 19
15 18 28
22 0 25
0 3 15
11 15 20
5 6 14
13 16 11
2 5 19
12 15 37
7 11 22
19 20 33
10 15 30
2 4 17
11 13 9
17 19 3
11 13 12
22 0 3
2 5 11
8 10 25
8 11 30
7 11 21
1 4 21
19 21 31
20 23 37
21 0 13
9 13 5
14 17 9
3 6 7
18 22 22
9 11 35
5 8 7
0 3 15
2 7 13
23 2 15
2 6 26
10 14 31
2 5 9
21 2 7
10 13 18
13 17 5
6 9 19
12 14 13
11 14 10
13 18 11
13 17 28
7 10 16
16 18 29
12 16 26
2 6 8
12 16 24
9 12 9
16 20 34
7 12 39
2 5 39
2 5 5
2 6 7
11 14 37
10 13 15
3 7 3
14 19 14
18 21 36
19 21 23
23 1 10
15 17 25
3 5 8
14 17 23
19 21 35
2 5 32
16 19 20
12 15 14
15 18 27
7 10 18
13 15 14
7 10 38
7 11 35
0 2 1
13 16 3
10 12 20
22 2 6
11 14 12
0 7 3
8 11 38
2 5 12
22 2 16
4 7 38
9 12 38
6 9 35
16 17 10
13 18 29
19 22 10
4 9 18
4 6 32
4 5 18
12 15 36
19 22 12
9 13 2
4 6 10
6 8 12
17 20 4
2 4 35
22 2 24
8 11 19
8 11 26
6 10 33
10 11 6
23 2 20
22 0 21
1 3 25
6 8 20
7 9 32
23 2 10
8 12 28
22 1 36
12 15 9
20 0 5
14 17 13
0 5 29
6 8 33
7 10 33
21 23 8
16 19 39
19 21 23
15 20 25
10 14 16
3 5 10
0 3 3
10 11 8
8 10 28
15 19 14
22 1 27
6 8 39
10 13 1
23 2 28
11 16 8
18 21 31
4 6 9
14 16 21
3 6 16
11 14 8
6 8 28
1 2 38
7 10 39
16 18 34
22 1 15
7 10 13
17 20 12
0 4 37
6 9 5
9 13 12
7 11 7
0 3 5
4 9 19
19 23 25
4 8 17
3 6 24
4 8 12
20 0 38
15 18 17
21 23 30
9 11 26
23 3 33
21 1 32
8 11 2
20 22 28
2 5 7
14 16 37
0 3 11
7 10 32
15 16 23
5 9 13
19 22 8
7 10 25
8 13 29
18 21 18
2 5 31
8 12 36
10 14 30
21 23 26
23 5 20
9 11 20
15 17 37
19 21 7
21 0 12
4 8 33
23 4 9
21 23 14
2 6 30
19 22 11
23 2 28
10 13 31
20 23 31
23 4 31
12 15 24
22 0 9
13 17 28
6 11 7
14 17 14
8 12 15
5 8 31
9 11 7
18 23 18
0 4 17
23 2 12
16 20 30
16 18 14
6 9 13
2 3 16
4 5 13
9 13 34
11 14 25
3 6 31
16 19 7
8 11 15
4 8 23
22 1 34
20 23 1
4 7 19
18 22 24
6 11 31
2 3 13
5 7 28
23 3 2
17 22 26
7 11 2
6 10 24
7 10 12
13 16 30
1 5 26
6 8 31
5 9 12
13 18 17
12 15 1
5 9 36
10 13 3
16 19 39
4 6 18
0 4 23
3 4 33
3 8 7
20 0 36
2 4 19
23 2 14
9 14 16
1 4 26
10 13 12
0 4 33
16 18 10
16 18 7
18 21 29
6 11 15
22 1 16
13 17 19
15 18 21
16 20 11
11 14 21
2 5 2
21 1 7
17 20 16
20 22 4
0 3 7
6 10 22
18 22 17
14 17 31
13 15 3
5 8 24
12 15 6
13 16 29
8 10 6
2 3 21
21 0 22
4 10 1
10 13 13
4 6 5
20 22 13
18 20 11
8 12 23
18 22 33
3 6 39
2 6 5
19 23 35
5 8 14
12 15 8
22 2 4
14 17 27
15 19 8
10 12 22
6 8 17
22 2 11
14 17 30
3 7 5
0 4 7
15 18 25
16 18 25
16 18 10
4 7 7
12 15 10
4 9 28
22 2 17
8 11 2
20 23 35
19 23 8
1 5 38
0 3 5
20 23 24
16 19 21
12 15 12
21 1 24
20 23 36
8 10 16
13 15 35
21 1 13
8 12 39
8 12 6
4 8 14
11 14 5
0 4 4
21 1 9
10 14 7
15 20 28
8 12 20
5 7 29
17 19 8
8 10 22
5 7 9
15 19 25
19 23 29
14 19 29
1 3 38
18 19 39
19 22 18
23 2 1
20 23 5
13 16 16
10 13 29
22 1 36
5 9 9
23 2 38
16 19 13
3 6 23
21 22 24
14 17 14
20 0 23
17 20 19
22 1 1
23 2 17
14 17 32
12 15 11
3 5 23
5 8 4
11 16 31
14 16 35
17 19 38
13 17 9
0 3 8
12 16 34
3 5 10
23 1 27
7 9 2
18 20 10
13 15 19
22 1 13
20 0 25
6 11 14
19 23 39
15 18 39
20 0 7
5 9 9
12 15 38
8 11 6
4 6 28
21 0 27
5 7 21
23 1 34
20 23 2
17 21 3
8 10 16
13 16 39
8 10 7
11 13 26
11 15 33
18 19 22
7 11 16
20 22 33
7 11 12
20 23 5
12 15 25
4 6 16
11 17 36
17 20 17
3 6 1
5 8 33
21 22 18
17 19 12
3 6 13
11 13 18
23 3 36
2 5 19
7 11 39
6 10 10
4 6 23
0 1 36
20 22 17
22 3 2
5 8 19
4 7 15
21 23 20
13 15 37
11 15 3
15 18 14
18 22 32
12 15 21
17 19 34
12 15 5
3 6 36
11 14 13
19 22 32
21 2 23
11 13 20
5 9 39
3 7 10
8 12 7
0 3 8
0 4 34
18 21 37
8 10 15
10 12 1
16 20 27
2 5 8
13 16 14
0 3 14
13 16 15
9 11 36
13 16 23
22 23 23
10 14 30
2 4 24
20 0 17
21 1 36
20 23 38
20 21 7
10 14 36
22 1 15
0 3 3
4 8 30
0 4 39
9 11 2
8 11 1
8 12 33
5 9 23
19 22 17
9 12 34
14 16 4
11 14 9
15 18 28
10 12 3
21 23 25
15 18 15
13 16 11
15 18 21
15 19 20
20 0 3
20 0 15
3 5 26
23 2 8
21 23 24
8 12 22
14 17 1
7 9 18
11 15 16
12 13 15
10 12 24
23 0 28
9 14 2
10 13 19
10 12 25
14 17 28
17 20 10
15 18 11
12 14 35
13 17 34
10 12 11
12 15 2
20 22 18
6 7 4
3 5 39
9 13 29
6 9 12
14 16 25
4 5 5
12 15 4
13 17 2
7 8 32
18 21 36
20 22 12
2 6 19
21 0 12
7 11 12
9 11 22
15 18 13
23 3 14
2 4 24
22 1 30
22 0 36
7 12 24
14 17 29
13 17 18
16 18 1
11 13 36
14 18 3
0 3 35
13 15 11
20 23 21
23 3 27
18 23 38
21 23 36
15 18 20
10 13 4
8 13 15
23 3 15
13 16 24
0 5 12
6 9 28
12 14 23
0 3 7
5 8 38
13 15 37
14 17 26
6 8 36
15 19 20
11 14 26
7 11 25
6 8 37
3 5 19
23 1 27
12 15 32
1 4 5
19 0 27
1 2 29
7 9 29
0 4 12
4 6 22
4 5 23
4 8 33
13 17 38
10 13 15
0 3 23
2 3 27
13 18 3
20 22 1
7 8 17
6 9 17
8 9 19
12 13 36
18 20 23
2 6 28
8 10 39
2 6 9
12 14 34
9 10 8
2 4 11
21 0 13
14 16 10
14 17 29
11 13 29
10 14 35
17 20 11
15 18 39
12 15 19
6 9 36
6 12 6
1 3 33
21 1 20
11 14 8
11 15 28
11 14 27
1 4 20
12 14 24
20 22 35
16 21 10
13 16 22
18 21 19
21 1 2
15 17 30
3 6 21
22 0 1
15 19 31
0 4 24
13 15 10
15 19 30
13 15 36
16 22 31
9 11 21
10 14 18
0 4 9
17 21 15
23 2 14
4 7 14
4 8 3
0 1 34
4 9 35
10 14 13
19 21 9
17 20 2
3 8 6
5 8 5
22 0 37
2 5 10
3 6 38
4 8 6
8 11 20
13 17 34
13 17 6
10 14 8
17 18 4
9 14 16
2 6 32
16 19 30
18 22 20
11 14 9
20 23 13
4 8 1
5 8 10
8 10 6
5 9 27
9 12 13
23 3 21
8 10 30
0 2 25
7 10 18
17 21 29
15 17 34
23 1 34
21 0 19
1 5 38
3 6 24
1 2 15
18 21 39
0 3 6
23 2 39
9 12 12
22 3 30
18 23 12
7 9 20
23 2 24
10 14 2
15 19 15
16 19 31
4 7 39
19 21 12
16 19 38
7 9 4
11 13 11
19 22 38
4 6 16
14 16 34
2 6 34
14 17 7
1 4 9
2 5 15
17 19 34
17 21 15
15 18 27
6 9 28
18 20 1
10 12 24
22 2 28
20 21 20
1 5 23
22 0 19
9 10 36
20 0 3
12 15 26
21 0 38
1 4 21
11 15 8
21 22 31
9 11 14
8 10 14
12 16 15
4 7 21
14 18 8
0 4 19
6 10 28
1 3 26
13 15 4
3 6 16
18 23 33
14 16 16
16 20 1
5 8 24
9 13 24
12 17 5
6 9 17
12 15 29
3 6 16
16 19 17
20 23 3
21 1 9
18 19 13
21 22 10
11 13 37
20 22 25
3 7 2
22 1 25
4 7 1
3 7 3
6 9 20
0 4 39
14 18 13
20 0 2
4 6 32
23 2 2
11 14 7
17 20 19
15 17 2
7 9 35
16 19 6
16 20 32
5 8 17
8 10 26
23 1 29
15 18 17
16 20 18
19 22 15
20 23 11
5 10 30
0 3 39
12 16 29
2 6 30
13 15 31
18 19 17
12 15 3
6 9 18
2 5 36
18 20 31
20 23 8
9 14 26
17 18 30
7 10 11
12 15 14
12 17 8
4 6 16
3 7 39
3 7 36
7 10 3
9 11 38
6 9 1
19 22 29
22 1 17
1 4 32
3 5 27
14 16 32
19 0 17
12 16 9
22 1 38
4 8 30
13 15 13
20 23 12
1 3 35
15 17 36
3 6 31
3 7 4
14 19 18
15 18 28
3 7 37
8 13 10
22 0 14
21 23 37
20 0 20
7 11 29
7 13 1
4 9 18
2 5 5
1 5 1
19 22 15
13 17 17
15 15 28
5 7 7
21 23 16
14 17 27
0 2 35
8 11 9
15 18 4
23 2 6
12 15 11
5 7 12
0 2 1
14 17 10
8 10 30
23 2 25
20 23 14
23 5 5
18 20 19
7 9 3
0 3 39
17 18 23
0 4 38
21 22 29
2 5 4
4 7 9
3 6 18
10 14 17
10 15 38
5 9 3
12 15 21
12 15 9
7 10 14
17 19 23
6 8 8
6 8 6
1 4 7
14 17 9
8 11 15
8 12 19
4 8 27
2 5 2
19 23 34
20 23 18
20 23 39
19 23 31
3 6 17
13 15 10
5 7 26
13 15 29
13 17 16
22 2 19
23 1 27
14 17 8
21 0 39
16 19 17
23 2 4
7 9 13
9 12 4
14 17 36
14 17 10
8 11 26
7 11 30
7 10 10
7 11 3
15 17 35
7 9 14
11 15 22
1 5 10
15 18 34
8 12 20
6 9 32
9 12 39
3 7 5
17 20 14
16 19 37
21 0 19
6 9 17
8 11 32
22 1 10
0 5 34
11 13 34
5 7 13
18 21 1
17 20 27
10 14 36
21 0 39
6 8 25
4 8 22
10 13 24
10 12 11
12 15 20
23 2 38
22 1 17
6 9 32
18 22 30
8 10 3
15 18 34
20 22 25
1 4 32
7 11 20
21 1 33
14 18 36
5 9 29
18 21 8
5 8 5
8 11 15
13 17 38
15 19 27
16 19 25
18 20 22
5 5 16
17 19 21
5 8 4
14 17 13
16 20 37
4 7 27
9 13 13
0 3 28
8 12 3
19 22 22
12 16 22
15 18 2
18 22 20
17 21 23
17 20 30
12 16 17
3 7 37
10 13 3
21 0 11
10 14 2
5 7 26
11 12 5
18 21 29
17 21 1
16 19 16
0 2 6
14 16 33
10 11 26
21 2 38
3 6 26
21 23 32
21 1 37
7 8 9
10 13 14
10 13 29
22 0 14
19 23 29
3 6 37
7 9 37
6 7 11
2 6 19
18 21 3
22 1 23
11 13 19
3 6 37
12 17 9
5 9 22
8 11 1
21 0 1
4 6 11
18 20 30
21 1 32
19 23 4
18 20 24
13 15 3
20 0 4
3 7 31
22 23 33
0 3 6
7 11 2
18 19 34
2 7 30
0 1 30
23 2 16
15 17 35
23 3 14
3 6 3
3 6 15
10 14 29
4 7 19
12 15 39
23 3 14
6 8 16
19 22 16
0 3 32
7 8 6
11 13 28
19 23 30
12 17 12
1 4 21
19 22 23
9 11 39
2 4 33
5 7 32
21 0 29
16 19 16
5 9 20
9 13 12
14 16 35
2 5 9
12 18 2
14 19 23
12 14 18
8 11 18
17 21 30
19 23 28
14 17 27
14 17 34
11 12 13
2 5 3
4 7 22
19 21 33
13 17 18
10 12 6
3 6 25
0 4 24
14 16 14
2 4 6
1 3 21
15 18 9
2 5 14
2 5 9
8 11 6
20 22 2
0 3 30
21 1 18
14 18 31
23 4 17
12 13 24
21 0 6
20 23 19
5 8 9
10 13 34
3 5 14
21 22 36
8 10 22
17 21 39
10 12 8
4 7 36
8 12 24
23 2 20
18 22 6
20 23 6
8 12 23
6 9 33
17 21 21
2 4 30
9 13 36
17 21 23
6 10 19
4 6 23
5 8 32
11 13 14
21 23 16
9 12 11
1 3 20
17 20 9
8 11 23
17 19 3
6 10 38
0 4 35
12 17 20
16 19 7
13 15 16
14 18 25
22 2 34
12 16 38
16 18 2
12 15 34
7 10 28
7 9 1
23 1 5
17 20 37
1 5 4
18 21 1
14 17 15
19 20 9
13 16 31
23 1 37
23 1 22
2 6 6
8 9 32
23 2 9
5 9 36
20 23 35
4 7 3
19 22 17
5 8 16
2 4 33
16 20 10
16 19 1
19 22 3
20 22 16
15 17 21
9 14 38
17 20 33
22 4 14
18 21 9
21 0 21
19 2 12
17 21 37
13 18 7
5 9 22
15 18 28
4 8 24
18 20 12
23 3 6
15 20 37
9 13 29
1 2 17
5 8 32
2 4 2
3 7 38
2 6 17
14 17 14
21 1 22
18 21 17
6 10 15
7 9 20
4 7 29
21 23 16
4 8 3
6 9 35
2 5 32
10 13 39
15 18 19
23 2 6
10 13 24
15 17 7
11 13 22
16 18 18
10 15 22
17 21 16
8 12 8
13 16 33
17 20 34
14 17 9
23 2 1
6 9 20
11 14 13
4 8 4
18 23 24
0 3 38
21 0 29
20 0 27
12 14 4
0 3 5
13 16 36
3 6 15
21 23 22
9 12 24
9 13 10
12 14 31
10 13 33
16 19 19
9 12 26
22 0 22
14 18 6
5 10 12
0 3 26
12 16 19
12 17 3
5 6 29
0 2 23
13 15 22
3 6 33
20 2 14
19 21 24
11 14 37
5 7 26
2 5 16
22 1 28
10 12 12
21 1 22
12 15 29
4 8 5
14 16 7
7 10 28
16 21 25
8 13 37
22 1 4
10 13 8
16 17 35
1 6 13
2 6 13
3 7 25
8 12 31
0 4 1
12 16 24
0 4 29
6 9 16
8 11 3
13 16 34
21 0 39
20 22 7
4 8 25
8 12 9
9 12 18
14 17 23
11 13 3
19 21 38
18 20 29
19 22 13
15 20 21
6 9 24
15 18 22
15 18 30
9 13 26
17 19 33
12 15 3
22 2 14
23 3 7
8 13 33
14 17 32
8 11 21
1 4 13
19 21 39
16 21 3
5 8 26
17 20 12
9 12 22
15 16 3
21 0 8
6 8 13
22 0 20
12 16 20
3 6 9
5 6 27
13 17 6
23 2 3
16 19 34
23 1 14
9 12 23
15 17 1
23 4 5
16 20 22
8 12 16
11 13 23
14 17 39
8 10 19
7 10 37
10 14 5
12 13 33
19 23 22
22 0 26
12 12 31
1 3 1
7 8 30
21 1 37
22 0 32
21 23 7
14 17 1
22 0 22
4 9 29
20 22 33
22 2 37
2 5 37
12 17 29
18 21 26
10 13 15
11 11 5
7 8 17
13 15 30
9 13 20
2 5 10
13 17 37
0 3 26
16 18 31
2 5 16
8 11 27
12 16 37
7 10 8
17 20 36
3 5 14
1 5 26
5 10 23
19 21 4
0 2 22
12 15 20
17 20 6
16 17 19
0 2 22
0 2 12
21 23 5
23 2 35
20 22 14
9 13 24
23 4 38
16 20 39
2 6 24
22 0 7
0 0 20
19 22 1
16 18 3
10 14 32
16 19 23
15 18 9
4 6 37
20 23 19
15 17 16
0 3 16
8 10 21
3 7 19
0 3 35
4 7 36
13 17 16
6 9 18
0 4 19
20 0 13
8 11 20
11 16 31
18 20 32
2 5 11
2 5 16
6 8 17
13 15 35
13 15 38
11 15 7
4 7 13
1 4 19
14 16 31
14 19 5
23 2 12
16 19 16
11 14 7
23 3 15
5 9 30
17 19 26
0 3 1
1 4 2
5 7 15
11 14 15
7 9 23
15 19 10
0 4 18
10 11 24
19 21 34
13 15 34
22 2 34
3 6 19
11 13 6
7 11 31
21 0 1
17 21 15
6 10 15
4 8 21
3 7 23
22 0 2
9 12 15
23 1 26
16 17 36
4 6 30
20 1 11
17 19 18
13 19 15
3 7 36
5 7 17
7 10 28
5 9 8
23 2 3
11 15 19
5 7 2
16 19 5
14 17 8
6 9 35
9 13 7
14 17 16
4 6 36
12 14 12
17 20 39
15 15 1
18 21 3
20 0 6
12 16 15
17 20 28
1 6 7
3 8 22
5 8 4
23 1 39
2 5 13
15 17 34
14 15 24
7 11 33
9 13 12
6 9 31
11 13 7
19 22 28
10 13 11
14 17 38
13 16 38
18 23 6
9 13 27
14 17 5
16 17 34
19 23 31
14 17 27
9 13 25
10 14 35
9 12 21
22 1 6
3 5 11
23 2 29
12 16 12
23 2 30
9 12 5
16 18 5
0 3 20
15 17 24
3 6 19
5 8 37
6 10 1
18 21 18
3 8 20
14 17 38
15 17 21
20 22 20
15 18 33
0 3 10
18 22 13
12 14 8
8 11 15
7 11 3
20 23 1
12 16 33
0 2 33
11 13 29
20 0 38
14 17 4
5 7 9
0 3 2
0 4 19
23 3 3
9 12 6
5 10 27
13 16 25
0 3 24
23 4 32
13 17 7
19 23 2
12 15 33
2 5 21
11 14 34
14 17 23
17 19 29
14 18 36
10 14 10
19 23 32
11 14 29
15 19 18
13 16 31
23 1 23
10 12 13
8 11 34
8 11 4
14 19 9
23 2 30
4 8 23
22 1 32
23 3 12
8 12 32
17 19 8
8 10 10
7 12 18
6 10 20
12 14 32
5 7 20
13 15 21
22 1 37
0 3 13
5 8 36
13 18 2
16 19 1
7 10 37
16 19 21
20 23 4
11 15 26
16 20 19
8 12 15
13 16 6
8 10 3
4 8 38
22 1 13
8 11 23
11 15 38
2 5 21
16 19 26
2 5 30
19 22 15
8 13 6
2 3 9
0 4 16
5 10 13
22 2 15
23 1 36
11 14 19
19 22 13
17 19 4
15 18 4
3 6 29
12 15 9
2 6 22
1 4 11
16 18 22
12 15 11
21 0 12
7 10 18
7 10 1
18 21 23
12 16 37
9 11 28
22 0 1
18 21 32
20 23 3
15 20 5
7 11 36
5 9 39
9 11 39
9 11 8
13 17 19
15 17 18
4 8 34
1 4 11
1 3 22
22 2 9
13 15 3
7 10 30
8 11 7
11 13 15
3 6 34
7 9 26
6 11 8
20 23 20
14 17 14
8 12 3
1 5 29
17 21 33
11 15 3
22 0 3
6 9 38
16 17 1
21 0 2
3 6 4
16 19 36
19 19 17
12 15 2
3 6 21
12 15 11
1 5 13
5 7 39
22 23 4
10 14 20
1 3 23
12 16 26
22 2 11
22 1 17
15 18 36
6 9 22
4 8 11
17 20 8
17 20 21
20 23 21
7 9 7
12 13 13
0 2 25
12 14 30
13 15 34
10 10 32
12 15 39
15 17 35
3 6 39
0 2 8
5 8 3
16 19 38
1 2 1
0 1 5
5 9 15
10 15 38
3 6 17
23 2 6
22 23 33
21 0 14
12 14 3
21 2 37
21 0 19
17 20 18
2 5 5
1 7 20
2 5 18
9 13 26
1 4 36
1 4 23
23 3 18
1 4 20
15 17 16
11 14 8
10 13 20
14 18 14
21 0 1
11 15 31
12 16 20
21 0 25
3 6 5
23 1 29
0 4 25
3 6 22
3 5 23
19 22 32
3 5 36
12 15 8
11 13 30
8 11 15
23 0 30
21 0 16
10 13 2
17 20 36
12 15 18
13 15 9
16 19 18
4 7 37
7 10 37
5 8 36
0 4 19
4 6 37
10 14 33
10 14 22
16 19 8
16 19 34
0 2 38
13 16 14
1 4 13
3 6 22
16 20 33
12 13 1
8 11 5
15 17 10
14 17 4
10 12 18
3 6 30
22 0 39
22 1 22
6 9 27
0 3 16
2 5 24
20 23 5
9 12 32
6 9 21
23 3 35
14 16 28
9 11 7
3 5 37
18 21 27
13 17 9
7 11 28
10 13 19
13 16 11
16 20 19
7 10 10
15 18 9
21 2 35
3 6 4
14 16 26
14 18 22
12 15 20
20 0 3
15 17 16
4 8 13
6 8 14
8 10 23
19 0 10
1 4 39
4 7 9
5 8 26
17 21 31
10 13 20
12 16 25
22 0 9
11 14 34
1 4 12
20 23 25
5 7 37
21 23 21
16 20 30
2 4 30
0 3 8
13 15 6
21 1 36
19 22 34
21 22 6
15 19 11
16 21 29
8 13 39
18 21 30
5 8 27
7 10 32
7 11 7
3 7 22
12 15 20
19 23 3
10 13 29
17 21 27
20 23 1
21 0 3
7 11 21
20 23 36
2 5 34
0 0 20
13 16 19
1 4 13
21 0 38
5 8 35
13 18 20
3 6 14
5 7 5
15 17 37
15 19 38
17 21 24
17 20 34
1 3 24
16 18 33
2 7 13
6 9 33
11 14 31
20 0 19
17 19 33
7 10 29
6 8 5
9 12 35
4 5 37
22 1 8
12 16 30
14 18 27
18 21 17
0 2 16
10 12 32
3 5 7
0 4 27
21 0 18
1 4 4
5 9 4
8 11 5
10 12 2
23 1 3
7 10 26
20 22 2
19 23 39
1 2 34
4 6 9
4 9 27
12 14 20
21 0 27
9 13 32
19 21 15
7 9 23
13 16 14
13 15 33
22 1 15
15 19 18
12 16 39
3 5 15
1 5 1
2 5 34
17 20 37
18 22 37
0 3 9
19 22 22
16 19 7
10 13 15
4 7 27
10 14 13
3 6 1
21 1 13
4 5 15
19 23 14
19 23 35
4 8 12
23 2 22
4 8 33
8 10 20
18 20 12
21 23 38
21 1 2
3 5 20
18 21 17
15 16 28
1 3 38
22 1 8
4 7 8
9 12 39
19 22 20
19 22 10
17 19 38
15 17 4
4 7 10
3 6 36
1 1 18
12 15 8
16 20 21
16 19 19
20 21 17
1 4 29
10 13 11
18 21 9
7 12 9
18 21 31
20 23 37
20 0 23
2 5 7
10 12 19
4 9 20
1 3 8
19 20 16
19 22 29
18 23 5
14 18 34
23 2 4
5 7 28
10 14 22
10 15 6
17 21 39
9 12 19
6 9 37
13 15 28
18 22 31
4 8 23
0 1 18
1 3 36
23 2 39
9 12 38
15 19 26
17 21 5
18 22 35
17 21 22
20 0 36
22 2 21
6 9 30
0 4 10
7 10 5
4 8 7
18 23 19
17 22 30
18 21 23
8 13 6
17 19 38
12 16 5
6 10 17
12 16 12
19 23 17
16 18 21
5 9 39
21 23 18
9 12 13
15 17 9
1 5 6
16 18 33
10 13 13
20 23 24
17 22 39
12 14 24
4 7 18
18 21 22
13 17 6
17 22 18
6 9 10
23 1 9
2 6 26
1 3 19
15 18 10
3 6 35
12 15 24
5 7 29
1 4 33
5 7 2
3 6 33
5 9 16
12 16 18
17 20 22
20 22 1
21 23 22
7 10 1
18 21 13
22 0 18
6 9 25
18 20 22
23 2 1
21 0 13
23 4 14
0 3 3
15 19 20
15 19 37
17 21 22
10 14 35
0 4 22
8 13 24
8 12 25
7 10 7
1 4 8
7 12 36
10 14 37
5 9 26
10 11 2
14 16 7
17 22 38
22 0 1
18 20 6
3 6 29
6 9 21
6 9 21
11 16 20
21 1 35
12 16 8
4 6 17
5 9 35
6 11 16
8 14 11
6 9 5
18 22 2
21 23 14
0 2 39
9 13 28
21 0 11
20 23 31
2 5 5
18 20 28
4 7 27
14 17 18
8 11 21
1 5 3
5 8 5
1 4 27
16 19 10
10 10 31
22 1 24
12 16 6
19 1 20
18 19 8
21 0 39
11 14 27
13 15 4
14 19 2
23 3 16
4 7 14
16 18 37
6 9 19
13 16 5
16 20 27
20 23 7
5 9 3
6 9 36
15 17 9
21 1 19
10 14 10
6 11 35
18 19 28
4 6 5
8 10 38
10 11 18
6 9 4
22 0 9
18 20 38
15 17 23
23 3 11
4 7 7
7 10 16
7 10 31
12 15 9
9 12 25
12 17 16
16 20 8
12 14 32
1 3 27
18 22 19
0 3 8
14 18 2
9 10 37
13 15 39
3 6 23
13 17 2
2 4 3
16 20 3
22 3 1
5 8 31
23 3 4
17 19 1
3 6 2
3 6 25
19 23 4
18 22 31
10 14 29
14 18 34
0 5 38
12 16 9
12 14 16
0 4 9
21 0 9
11 13 11
22 2 30
20 22 31
16 18 13
6 10 1
0 3 7
10 14 10
8 12 22
23 1 3
1 2 33
20 0 20
4 7 29
16 20 6
13 17 22
16 22 28
23 2 9
8 10 13
19 22 18
17 20 27
19 22 19
7 10 33
2 4 2
9 13 2
12 14 37
14 18 19
4 7 35
5 9 37
15 18 11
13 15 7
10 14 26
12 13 14
15 19 7
0 4 38
9 13 21
23 1 16
3 7 25
22 0 26
19 22 9
8 12 33
2 5 38
4 9 15
3 7 25
6 9 8
13 15 31
3 6 5
4 8 10
12 15 8
16 19 14
13 16 33
17 19 35
5 7 35
6 9 24
17 19 22
20 22 9
20 23 3
10 14 24
20 22 4
3 6 6
9 13 7
22 1 19
14 18 1
3 6 35
17 20 37
2 5 6
1 4 14
18 21 14
2 5 22
6 10 24
20 22 21
21 23 18
13 15 5
0 1 18
22 1 22
4 8 35
17 21 16
23 0 25
15 17 11
1 5 21
16 20 15
20 22 32
12 16 12
21 0 28
22 0 14
19 21 24
21 0 29
5 7 17
20 22 31
7 10 21
14 17 25
19 21 16
2 6 8
1 2 29
5 8 22
2 5 37
22 2 38
8 10 4
14 16 13
0 3 12
18 20 15
15 18 21
15 17 4
18 22 2
11 14 7
2 5 30
5 8 34
14 17 18
0 1 14
7 10 29
5 9 3
15 18 3
17 20 20
17 19 24
3 7 6
18 22 32
15 18 1
16 18 17
21 23 5
1 4 18
5 6 2
10 13 21
6 9 39
12 15 19
16 19 10
0 6 14
6 10 14
17 20 16
23 3 1
1 5 2
5 8 36
23 2 13
0 3 22
3 7 18
16 20 27
6 8 37
2 5 6
17 21 1
19 22 2
17 19 16
10 13 26
19 0 1
19 21 9
3 6 18
10 14 7
15 16 37
20 23 4
1 4 9
20 23 11
4 6 6
15 17 20
0 2 33
6 8 39
12 14 3
3 5 33
17 20 23
4 8 22
23 2 18
14 17 33
21 0 19
1 4 27
6 9 26
7 11 33
20 1 23
20 23 22
23 4 7
22 2 34
8 12 31
14 16 20
16 17 38
21 0 33
19 21 36
12 15 38
18 22 21
10 11 3
6 9 34
0 4 1
4 10 32
23 2 25
12 15 33
10 11 26
6 9 17
15 19 19
0 3 17
14 18 35
6 9 34
3 6 10
20 23 20
0 1 27
15 19 8
22 1 12
6 9 8
22 3 12
15 19 6
9 11 39
17 20 30
4 8 30
13 16 25
17 19 37
16 22 9
21 1 15
8 11 24
12 15 36
22 0 28
13 17 15
8 12 8
3 6 2
1 6 3
14 19 37
18 20 13
19 0 1
15 19 22
6 11 38
2 4 1
15 17 8
1 6 12
12 15 8
18 21 39
7 11 26
16 19 32
9 12 7
19 20 7
0 5 34
4 6 28
3 7 28
11 15 39
19 23 22
21 23 22
23 2 4
21 0 10
1 3 9
6 10 20
3 7 2
15 20 39
18 22 32
19 1 12
21 1 29
5 7 16
23 2 7
17 20 12
11 14 34
2 6 23
13 17 6
13 17 24
13 18 31
11 13 23
5 7 21
3 4 7
6 8 38
0 2 17
10 13 14
10 12 37
7 10 11
21 0 29
8 9 29
10 12 27
23 1 4
6 8 29
22 0 18
21 0 26
4 6 8
1 1 23
11 13 12
4 7 17
5 7 10
15 18 12
21 22 29
0 3 29
21 23 18
14 18 33
4 6 32
2 6 11
23 4 14
1 4 2
5 8 25
5 8 32
11 14 2
3 7 11
9 12 32
5 8 5
23 2 39
3 6 33
13 16 4
16 19 19
9 13 36
1 3 21
0 1 10
20 23 1
17 18 22
22 1 18
17 20 16
9 12 15
22 2 1
20 23 6
23 3 30
3 5 26
2 4 23
9 12 8
14 17 30
11 14 21
16 18 19
1 5 39
9 13 30
16 18 32
2 6 22
1 3 8
10 12 19
14 17 34
16 20 37
12 17 5
8 13 35
9 12 18
21 1 36
17 21 6
8 11 1
13 15 13
16 17 30
9 13 17
2 6 24
5 9 20
20 21 16
5 7 4
10 13 34
6 9 10
12 15 6
11 14 39
16 18 28
18 22 34
18 20 11
12 15 31
2 4 38
22 0 16
23 4 4
23 1 5
10 13 24
19 22 38
5 8 26
19 23 3
20 23 9
23 3 15
1 5 31
20 22 10
0 3 10
14 16 38
11 12 37
5 8 10
11 14 2
19 22 39
3 6 29
10 13 30
20 0 18
9 13 27
5 9 35
20 23 14
1 5 24
1 6 13
3 6 8
20 0 33
23 2 11
23 2 7
5 7 11
1 4 6
1 3 17
0 5 21
13 16 13
11 13 23
1 1 17
22 1 24
4 6 20
15 17 26
15 19 18
15 16 3
2 4 18
15 19 33
15 17 8
0 2 16
0 3 24
9 12 10
17 20 2
6 8 21
18 18 3
4 7 26
16 20 39
5 8 35
7 10 17
16 18 2
18 22 10
1 4 7
9 12 1
9 11 21
21 2 12
5 8 9
21 23 34
7 11 1
20 0 20
8 11 10
5 8 33
0 4 31
17 18 5
19 22 15
18 21 1
18 20 19
5 9 29
11 14 2
13 17 36
2 6 9
8 12 10
23 2 19
9 12 6
21 0 19
9 11 33
1 4 28
17 20 39
12 15 3
4 6 26
16 18 33
12 15 26
9 12 23
9 13 22
17 21 6
6 9 14
11 15 23
8 13 10
5 7 22
16 18 15
14 19 25
12 17 35
15 19 29
6 8 14
18 22 8
10 13 38
17 20 35
9 13 37
4 7 39
1 5 22
18 22 27
9 9 23
10 13 1
7 9 32
7 8 30
20 0 29
1 6 4
19 22 2
4 8 25
23 2 12
15 18 17
3 6 17
6 10 33
6 8 14
5 9 35
5 7 30
14 17 35
14 15 34
22 2 19
17 21 9
13 14 37
17 20 13
23 1 21
6 9 21
1 6 15
1 4 25
11 13 29
18 19 17
18 20 37
10 12 5
18 20 25
14 18 32
1 1 23
5 8 37
22 1 24
1 4 19
6 10 33
16 18 19
0 4 11
9 12 5
10 15 11
11 13 30
4 7 17
8 11 2
12 17 25
3 6 33
8 11 12
15 19 37
13 17 1
12 14 31
20 22 35
8 12 11
22 2 28
13 15 14
3 4 31
0 2 19
23 3 8
22 1 22
22 2 1
19 22 23
12 15 9
17 19 22
14 17 17
14 19 9
11 13 8
1 5 27
9 11 36
18 21 6
9 13 31
23 3 22
3 5 32
3 5 26
16 20 39
8 11 34
14 15 6
5 6 29
16 21 33
13 16 16
6 8 25
11 16 23
18 21 33
12 15 29
7 9 33
2 5 2
8 11 21
4 8 3
1 3 20
11 15 13
6 8 26
4 7 7
12 16 2
23 4 17
17 21 5
0 4 6
1 4 26
20 23 18
17 19 23
13 15 35
7 9 1
21 1 31
10 13 21
0 2 13
21 1 19
21 1 35
1 5 5
3 5 31
5 8 13
17 23 32
18 19 18
20 0 32
9 12 9
19 20 9
5 9 23
13 15 24
9 11 25
23 1 15
12 15 21
6 9 29
4 6 20
13 16 38
15 18 11
23 1 18
3 7 6
17 20 15
2 5 28
5 8 36
14 16 30
5 7 10
18 21 17
0 1 8
18 21 19
22 0 39
22 2 13
9 12 37
5 8 30
11 13 5
19 0 27
9 14 33
21 0 18
13 16 31
8 11 38
23 2 12
1 3 2
4 7 7
0 2 18
22 1 23
9 11 25
2 6 13
12 13 11
5 8 6
0 3 22
1 5 23
2 8 29
17 19 30
13 15 39
3 6 24
13 16 12
1 3 24
2 5 37
13 16 12
3 7 2
12 15 10
8 9 2
13 17 25
12 13 4
16 18 9
13 16 28
2 6 22
4 7 37
12 15 30
8 11 25
12 15 9
1 5 9
9 12 5
16 21 6
19 0 18
8 12 8
17 17 31
9 12 14
3 6 35
23 2 4
18 20 20
21 23 37
6 8 7
10 13 8
6 8 7
2 4 23
8 12 37
14 16 27
2 4 12
22 1 19
15 18 31
5 7 13
7 9 35
0 4 29
20 23 29
21 2 33
22 1 7
18 20 20
19 22 4
5 10 17
19 21 21
21 0 19
1 4 12
21 0 13
22 0 1
9 12 23
3 6 17
9 13 8
22 22 19
14 17 38
15 17 3
23 2 31
10 13 21
21 0 24
10 11 6
7 8 17
12 16 14
22 0 12
4 6 25
17 20 15
7 10 16
15 19 29
9 12 33
10 15 16
7 9 26
0 2 5
17 18 3
2 5 30
4 6 21
4 7 10
6 8 34
14 17 15
9 10 2
7 11 18
13 15 14
18 21 10
7 11 32
13 17 3
6 9 16
16 20 28
17 19 39
8 11 8
4 8 37
13 16 38
0 3 25
9 13 34
7 10 27
8 13 16
6 8 39
1 4 25
12 15 4
13 15 29
7 10 22
3 4 13
13 15 19
7 11 24
12 16 18
6 10 37
2 5 18
17 20 24
6 10 13
6 8 22
23 3 38
1 5 26
21 0 31
1 5 9
8 10 31
16 20 16
13 14 27
12 14 13
22 0 21
21 1 11
13 15 4
0 2 37
21 22 16
1 5 4
3 4 26
4 7 30
11 14 5
19 21 30
19 21 12
17 20 23
12 15 33
3 7 21
10 12 29
10 13 24
5 9 37
5 8 12
11 15 7
19 22 35
10 15 22
7 8 37
21 0 15
20 21 1
7 10 23
3 7 29
11 13 12
18 22 35
18 22 39
16 17 34
9 12 1
20 22 16
19 21 4
17 19 12
11 14 15
10 13 15
18 20 28
2 5 35
2 6 21
21 0 37
2 6 37
0 2 8
22 0 24
21 2 2
16 18 10
9 15 27
19 21 6
4 7 17
19 22 24
2 6 2
9 11 19
14 16 30
3 6 22
20 23 28
6 9 35
11 14 30
0 4 23
1 4 37
5 8 36
1 5 29
7 10 16
11 14 36
13 17 18
10 13 22
19 23 37
12 13 9
16 18 38
11 14 5
19 22 5
15 18 13
22 0 20
14 19 24
17 19 17
21 0 30
0 2 22
13 16 35
1 3 31
7 10 37
19 23 29
14 17 34
15 18 30
9 10 1
10 14 11
2 6 28
21 23 31
22 2 38
7 11 24
12 15 9
7 9 18
5 9 27
2 4 39
11 14 36
0 4 11
17 19 3
14 18 14
1 3 29
4 7 5
20 23 6
2 3 2
18 21 6
12 14 8
2 5 37
20 22 26
4 6 30
2 4 8
1 4 33
6 9 11
4 8 4
20 22 30
23 3 9
18 20 2
21 0 32
10 12 1
15 18 3
14 17 34
15 17 23
2 5 38
5 9 10
6 8 38
5 7 25
5 7 36
14 16 17
18 23 27
10 13 20
19 0 31
9 12 9
2 6 32
8 12 8
14 18 18
0 3 15
18 21 25
15 20 38
8 10 4
16 19 23
2 7 36
18 21 31
7 10 19
9 14 2
8 10 5
8 10 21
17 22 17
9 13 37
12 14 38
8 11 11
0 2 14
1 3 22
10 13 33
15 19 26
6 10 36
12 15 9
12 16 13
13 15 32
11 15 15
19 22 15
22 2 37
10 15 14
11 15 13
21 23 32
22 1 29
11 14 6
12 14 12
15 17 31
1 4 1
16 20 30
1 3 9
6 8 15
6 10 28
1 6 21
0 4 29
16 20 34
7 9 22
21 23 32
21 23 11
4 7 33
20 0 20
11 14 36
11 13 24
18 23 10
9 12 19
13 17 22
16 19 10
4 7 27
21 23 11
6 9 18
18 0 5
10 13 33
6 10 36
6 10 18
10 12 24
14 15 32
9 13 12
5 8 30
2 6 26
0 3 34
19 23 18
17 21 21
15 18 19
19 22 22
3 7 29
0 3 33
21 23 6
17 20 22
9 12 14
15 19 36
15 18 25
22 0 6
4 6 30
12 15 7
18 21 12
22 1 18
15 18 12
2 5 9
5 7 36
14 17 9
14 18 11
5 9 20
2 5 2
10 13 10
18 21 37
15 17 9
22 2 18
0 4 17
5 9 2
19 23 10
6 9 18
22 1 37
1 5 6
17 18 34
10 13 28
13 18 14
16 20 9
18 21 38
19 22 19
4 7 35
7 9 39
17 21 37
11 14 22
10 12 36
6 9 22
6 10 35
2 5 28
19 22 39
15 18 21
12 15 24
2 5 24
13 15 39
5 9 18
12 15 15
1 5 37
15 17 1
13 15 1
15 18 37
20 0 17
11 14 38
13 15 19
9 11 27
2 6 12
10 14 5
20 22 8
6 8 5
15 18 26
16 20 24
22 1 17
8 10 17
23 2 5
17 19 27
9 13 5
3 7 8
21 0 15
11 13 29
20 22 27
4 7 32
12 15 36
9 10 19
3 7 15
20 22 4
20 23 27
22 1 3
8 11 3
10 13 11
18 22 3
20 22 3
13 16 31
19 23 33
7 12 29
19 22 6
15 18 6
8 12 37
23 4 36
3 6 34
9 12 19
10 12 27
8 11 27
18 19 8
0 2 7
1 3 12
11 14 34
11 13 17
15 17 8
12 16 3
8 11 3
23 3 39
23 1 12
11 14 18
20 23 23
4 7 25
5 8 4
19 23 21
18 23 1
11 14 39
12 15 14
20 0 19
16 21 5
19 22 1
1 4 21
12 15 18
10 13 6
9 12 33
23 2 29
11 15 2
1 4 29
3 4 25
5 7 19
12 14 31
7 9 7
20 21 4
8 11 35
0 3 14
5 9 14
19 21 17
7 11 28
13 16 2
7 11 27
5 8 39
20 23 6
16 20 5
22 1 19
3 6 14
7 10 3
17 21 15
2 4 16
20 23 16
7 9 20
1 5 8
8 11 8
12 16 9
19 23 27
13 16 24
19 23 7
13 16 35
7 12 2
11 13 20
19 21 20
5 8 3
9 10 13
10 13 24
22 0 29
18 22 38
4 8 22
14 17 28
23 3 21
16 20 12
11 15 27
5 7 3
19 23 38
1 5 12
2 4 20
3 5 27
1 5 6
10 15 34
21 2 36
3 6 5
17 21 36
14 17 20
16 20 27
3 5 20
5 9 35
18 22 3
23 2 30
6 9 2
3 8 10
4 7 18
16 19 9
11 13 25
11 13 23
20 22 16
21 23 25
0 2 32
15 18 6
6 8 35
1 4 17
23 3 19
7 12 14
18 22 1
3 5 34
18 22 9
9 11 10
18 21 16
9 12 18
13 16 31
1 4 18
23 3 23
23 2 38
0 3 35
16 19 26
19 22 28
9 13 3
14 18 7
9 13 7
11 14 36
18 21 22
1 5 17
6 8 4
21 2 12
11 14 29
2 5 24
7 10 34
2 5 10
20 22 6
5 8 36
17 20 23
10 12 12
20 1 37
14 16 36
3 6 15
16 20 1
0 4 4
14 17 22
3 5 22
5 7 36
19 22 20
13 16 13
8 13 20
6 10 38
6 8 5
10 15 3
12 16 21
12 15 13
11 13 28
9 11 20
0 4 29
19 22 6
12 15 23
8 12 20
0 3 15
3 3 39
21 0 28
15 18 2
3 5 8
15 18 19
14 17 20
9 12 11
18 22 20
15 18 38
13 15 16
3 6 8
18 21 23
21 23 8
7 9 4
1 4 20
4 6 29
6 11 5
0 2 23
8 9 36
6 9 21
5 10 18
6 9 2
23 2 11
1 4 35
14 15 31
17 20 35
16 20 28
16 18 4
0 3 28
6 10 11
18 20 9
4 9 15
18 21 37
7 10 16
3 6 2
14 17 26
23 2 7
8 11 6
15 18 8
21 22 16
13 16 37
8 12 30
3 6 21
22 22 23
0 3 36
8 10 12
19 21 39
20 0 22
7 11 11
8 12 1
1 3 14
21 0 11
14 17 12
21 0 37
0 2 14
2 6 2
22 0 6
17 20 6
8 13 35
8 10 32
11 15 33
1 6 2
20 0 34
17 19 2
15 19 2
6 10 22
0 3 26
6 9 13
21 0 4
18 23 39
8 13 22
22 2 37
6 10 12
22 0 38
8 11 9
8 11 31
4 7 13
21 23 17
20 22 5
8 11 33
5 8 35
17 20 5
7 9 14
13 16 26
9 11 21
3 6 26
2 4 17
11 14 34
8 10 36
16 18 27
4 6 9
16 20 18
0 3 11
15 17 2
12 14 10
21 0 18
6 7 26
23 3 3
3 6 1
15 16 3
19 0 23
18 19 7
23 3 8
2 6 22
21 23 34
14 17 30
5 10 6
16 19 32
5 7 22
6 8 37
0 2 26
12 16 19
15 16 38
21 1 14
16 19 18
8 11 29
4 7 28
2 6 29
2 6 3
0 2 12
19 22 13
4 7 21
14 16 15
21 1 24
2 5 33
4 6 28
1 5 22
6 8 11
23 3 34
19 21 1
13 16 37
16 19 12
8 11 35
14 18 34
18 22 26
8 11 35
16 18 22
21 0 9
7 11 35
0 3 14
8 12 5
3 6 15
11 16 13
13 16 13
15 17 39
7 10 34
22 1 11
17 21 13
4 6 22
20 22 23
15 18 17
0 4 5
16 19 24
9 13 23
5 10 8
21 0 22
10 14 30
22 1 19
8 11 18
10 12 5
11 14 15
10 15 35
9 13 19
12 15 39
7 11 14
6 8 12
3 6 13
10 14 1
13 16 16
9 11 28
12 15 5
20 0 24
13 15 5
5 8 34
7 10 8
9 13 22
2 6 7
0 4 27
21 2 18
15 18 35
23 3 25
13 17 19
0 3 1
14 17 14
16 19 34
4 8 15
20 22 11
21 23 1
7 11 14
16 19 29
18 21 28
14 17 17
6 9 24
23 3 30
22 2 27
21 23 18
19 23 22
6 8 27
3 5 8
20 0 2
21 23 10
19 0 16
11 14 19
15 19 21
1 2 31
15 19 11
10 12 34
17 19 23
10 13 37
13 15 4
3 6 8
12 15 24
3 6 12
20 22 19
18 21 12
4 8 7
17 19 27
17 19 28
8 11 5
11 15 7
2 5 28
18 21 13
12 16 8
10 13 19
23 1 8
0 2 17
1 6 34
5 7 5
1 2 24
17 20 2
10 13 25
14 16 33
7 9 28
11 16 26
3 7 6
7 11 22
5 9 36
22 2 6
4 8 13
0 4 32
20 1 34
11 13 24
19 22 33
18 21 37
3 6 28
21 0 26
22 1 1
4 7 18
22 1 3
8 10 21
11 13 34
10 12 22
20 23 32
10 14 21
11 13 4
18 22 33
8 12 35
17 21 25
10 13 29
8 10 32
4 7 6
5 10 18
23 2 29
5 8 6
10 12 6
4 6 13
8 10 9
1 3 22
12 14 10
23 4 13
23 2 11
17 21 35
9 13 12
18 20 19
5 10 24
8 11 2
14 17 14
8 12 7
12 15 9
12 15 14
7 11 18
6 9 23
3 5 21
23 1 11
19 22 34
17 20 37
6 9 30
14 17 6
9 11 29
6 10 22
5 7 11
18 22 16
14 17 24
21 23 30
19 22 10
2 4 2
22 1 23
19 22 10
2 6 24
6 10 23
3 5 24
14 15 35
11 17 13
4 7 36
22 3 13
19 22 5
22 23 16
10 14 10
3 5 34
0 3 2
1 4 31
2 5 5
17 19 14
1 5 4
4 7 12
19 21 21
23 1 19
1 5 13
12 17 1
5 7 24
18 21 36
19 23 36
14 17 37
23 2 21
1 5 21
3 6 18
18 20 38
9 12 23
22 1 21
22 1 21
20 22 33
20 1 34
6 9 36
4 7 24
16 20 27
10 12 33
18 21 5
13 16 7
12 16 33
19 20 28
1 3 30
16 19 9
19 22 35
0 3 39
10 13 24
5 7 30
14 16 14
11 14 27
7 10 2
20 23 28
8 11 11
2 7 9
7 9 36
3 6 17
16 20 21
13 17 6
13 16 23
10 12 10
21 23 7
7 9 38
9 11 2
14 16 2
6 10 11
1 4 27
20 21 15
15 20 1
0 3 37
8 13 37
13 16 9
23 2 30
6 10 35
19 21 31
14 18 23
22 2 10
4 8 3
1 4 3
23 4 2
9 12 11
19 22 38
8 9 30
19 22 12
22 0 17
3 6 29
16 20 16
23 1 12
16 18 26
20 20 36
13 16 19
6 9 10
5 9 11
16 18 32
20 0 12
1 5 11
4 7 7
23 2 11
0 5 9
13 16 19
13 18 39
22 0 28
17 18 21
1 4 23
22 0 28
10 15 24
15 20 37
5 7 28
13 15 3
1 3 29
15 19 30
6 10 29
9 11 17
0 3 2
14 18 21
18 21 31
16 19 27
2 5 17
10 14 6
14 18 4
12 15 20
14 17 6
8 12 10
1 5 24
16 19 29
22 1 33
22 2 33
11 14 24
17 22 21
19 22 25
22 2 10
4 7 28
1 4 35
21 23 16
1 4 35
4 7 34
1 4 5
9 12 38
18 21 18
0 3 21
12 15 33
3 8 30
2 4 6
8 10 32
12 16 13
17 21 2
13 14 14
3 6 30
9 14 30
20 23 6
10 13 38
16 18 15
7 10 6
14 15 19
13 18 16
5 8 34
0 3 30
11 13 13
17 20 13
6 8 30
11 15 29
3 6 2
12 15 9
13 15 39
1 5 4
5 9 26
17 21 31
18 18 7
2 5 38
23 2 26
1 5 17
15 18 13
6 9 11
22 0 18
23 4 24
17 19 2
22 23 10
19 22 16
5 8 31
0 1 5
8 12 23
13 16 14
3 7 11
4 7 36
2 5 20
6 8 7
1 4 1
3 6 34
2 3 26
2 3 21
1 2 10
16 20 5
23 2 2
16 18 19
1 4 20
13 15 19
16 19 19
14 18 19
5 7 1
3 5 35
4 6 23
9 13 9
3 6 4
5 8 14
9 12 18
6 8 29
4 6 10
23 2 33
4 6 14
20 23 2
15 17 6
22 1 30
18 23 19
2 4 38
21 21 8
0 3 35
8 10 22
15 19 31
18 22 20
7 9 12
21 0 38
5 6 37
5 8 4
7 11 19
21 1 36
19 22 3
21 1 15
12 16 3
9 12 18
19 23 22
7 8 26
13 15 26
19 23 35
23 1 29
18 22 38
18 20 6
10 12 25
8 11 10
4 7 18
8 9 9
8 11 10
19 21 6
21 0 37
14 17 24
8 11 1
5 9 36
4 5 18
18 20 35
1 6 3
10 14 35
1 5 18
8 13 15
7 10 27
4 6 12
16 19 12
3 6 9
8 12 39
21 22 14
1 4 12
23 3 3
4 6 16
8 11 1
8 10 29
7 10 4
10 11 24
8 10 1
23 2 39
10 14 38
21 0 6
21 22 30
17 20 14
18 22 1
22 0 15
22 2 20
7 9 6
14 17 10
20 23 30
4 6 26
12 14 9
18 21 12
10 14 24
15 18 30
15 18 28
17 22 26
3 5 1
13 16 35
13 15 9
6 7 7
9 10 28
0 3 10
12 14 25
11 12 39
0 3 21
2 5 7
1 4 9
15 19 1
1 4 25
1 3 16
20 22 30
4 8 23
2 7 1
8 13 4
18 21 16
15 18 29
4 8 14
8 10 22
3 5 2
1 4 24
12 15 3
13 16 18
7 10 27
10 12 2
5 10 38
2 5 5
9 12 6
9 13 24
14 15 39
12 14 6
18 21 5
8 10 37
22 2 32
6 10 30
12 16 26
23 3 30
8 10 1
1 5 35
3 5 7
1 4 27
21 23 33
16 20 15
20 0 35
20 1 25
8 10 32
17 23 27
20 23 27
21 1 25
6 11 37
20 0 4
10 12 24
5 7 27
6 10 22
0 2 2
16 18 37
4 6 26
17 22 4
6 9 38
10 13 35
3 6 1
3 5 35
12 15 39
0 3 9
18 22 5
5 7 18
23 2 26
13 15 21
1 5 14
21 22 14
9 12 33
16 19 26
14 18 27
14 16 22
23 3 21
1 4 35
6 9 26
3 6 34
3 4 13
12 15 25
14 17 14
13 17 29
2 7 8
14 16 14
6 8 31
1 4 7
22 0 39
11 15 22
14 17 18
7 10 15
17 21 29
11 13 33
10 12 6
7 9 28
7 12 10
8 12 20
10 12 20
13 16 26
22 0 22
10 12 27
3 7 5
7 9 38
8 12 7
11 13 16
8 10 23
14 17 35
16 19 21
1 3 34
18 20 15
4 8 11
7 11 37
19 22 9
15 18 5
12 15 2
9 11 20
18 20 23
9 14 5
17 20 11
3 6 23
9 13 29
11 15 35
19 0 7
13 17 39
14 16 26
15 20 36
14 18 17
11 14 20
4 8 29
17 19 31
8 11 34
8 11 6
19 21 3
8 11 20
0 3 33
13 16 12
13 16 9
20 23 28
10 14 22
8 10 31
12 16 6
8 11 29
10 14 5
2 5 29
19 22 18
22 1 1
6 9 9
15 19 3
16 19 26
7 10 13
17 20 11
13 17 4
0 2 35
23 3 3
8 11 4
8 11 19
13 16 9
11 13 2
21 23 7
9 12 35
16 18 19
21 23 35
1 5 30
19 1 18
11 14 10
4 9 5
14 18 33
8 9 26
4 7 7
20 23 2
5 8 30
19 21 2
21 23 22
17 21 3
1 4 29
8 11 39
2 5 18
8 11 19
2 5 27
21 0 33
4 6 20
21 0 10
2 5 32
13 14 39
1 5 27
10 13 35
17 20 36
17 19 21
14 17 16
18 23 12
4 8 30
16 18 10
17 20 12
4 7 1
13 14 4
11 14 3
10 12 24
5 7 16
11 14 14
0 3 21
6 8 27
0 4 16
13 16 38
17 19 11
8 12 24
14 17 2
5 7 21
19 23 6
16 21 27
20 22 3
13 18 37
2 6 9
4 7 35
19 0 20
11 14 29
20 0 3
10 13 17
11 13 28
11 13 26
3 6 28
19 21 25
17 19 16
4 8 3
18 20 34
5 9 35
5 10 38
18 22 7
21 23 23
18 20 31
1 3 17
11 13 17
10 13 12
17 19 4
23 0 1
17 20 13
21 0 18
9 10 22
4 6 1
5 9 21
11 14 21
18 20 5
21 0 23
8 11 1
5 8 19
0 3 4
6 8 33
6 8 38
8 10 32
22 2 24
12 15 37
5 9 27
22 2 37
1 4 30
0 1 38
10 12 37
14 18 27
22 2 18
2 6 24
20 0 10
13 14 38
21 0 18
12 16 28
7 10 16
14 17 29
10 15 36
20 23 12
22 3 27
7 10 38
23 1 26
23 1 25
7 11 10
23 2 17
19 22 14
4 7 35
18 22 26
9 13 39
4 6 13
9 12 9
21 1 11
9 12 27
15 18 37
1 4 5
19 23 26
18 21 7
17 19 11
6 9 15
19 21 26
1 5 12
6 8 16
18 20 32
16 20 31
18 21 3
6 10 31
15 19 5
7 11 6
2 6 36
15 18 36
18 20 32
11 14 10
1 5 39
18 22 7
0 5 11
20 23 14
11 13 37
20 23 6
5 8 26
12 15 37
8 11 16
16 19 39
19 0 6
9 12 8
11 15 16
2 4 13
10 14 9
23 2 8
10 14 8
20 0 37
19 21 18
23 0 35
16 19 1
9 13 32
6 11 25
5 10 25
12 14 5
7 10 4
22 1 5
18 21 38
19 0 32
14 17 39
11 12 33
17 21 34
17 21 2
18 21 14
4 6 29
2 6 38
11 13 17
15 18 19
5 10 10
12 14 28
17 21 21
1 4 9
4 6 26
5 8 21
21 0 3
2 6 18
9 13 1
19 22 16
17 20 22
16 20 1
10 15 21
13 17 22
21 23 18
3 6 11
23 2 27
22 2 23
13 16 21
1 6 30
17 19 4
3 5 23
13 16 23
2 6 26
21 0 39
18 21 3
11 14 12
4 4 38
2 7 36
6 11 8
2 4 3
17 21 22
18 20 25
9 11 2
3 6 29
15 19 13
5 11 20
0 2 25
16 18 13
5 8 30
14 17 3
20 0 17
7 8 12
9 13 34
11 13 7
18 21 19
13 16 17
18 20 30
16 20 14
1 4 31
0 4 34
14 16 7
8 10 1
3 6 24
6 8 12
4 6 15
7 10 5
19 22 14
14 16 38
23 1 38
8 11 34
16 19 24
4 7 36
17 21 19
16 17 25
5 7 33
3 8 18
22 2 33
22 1 7
7 9 30
0 3 39
23 2 13
13 15 13
18 21 32
7 11 38
16 19 36
8 10 28
15 18 1
22 1 27
6 10 16
16 19 3
2 4 26
22 1 11
4 6 25
0 4 3
2 6 3
14 19 28
6 8 2
6 7 11
22 2 33
4 8 12
23 4 37
0 2 39
5 7 34
0 3 18
17 20 12
23 2 15
4 7 12
20 23 24
23 2 3
10 14 24
19 22 11
13 16 21
17 21 39
14 16 13
22 3 15
3 6 8
1 5 8
11 13 1
22 2 28
18 21 27
7 9 4
19 22 34
2 6 17
11 14 38
8 13 2
5 9 38
4 8 10
13 16 23
16 19 36
19 20 11
9 13 39
4 8 7
18 22 37
13 15 7
10 14 32
23 0 5
1 3 3
13 16 8
20 22 32
0 2 16
20 1 26
17 21 4
2 4 24
6 8 14
10 15 11
16 20 5
2 5 7
18 22 17
9 13 1
1 5 24
13 15 13
16 20 6
19 23 35
16 18 4
5 7 28
9 11 28
20 1 11
5 9 27
19 21 3
23 2 12
15 18 15
18 20 29
15 18 27
2 5 19
7 9 35
23 3 23
23 1 24
11 14 2
2 5 5
20 22 31
20 23 11
1 4 9
20 20 16
22 1 34
19 23 13
19 22 27
23 1 17
1 5 14
15 20 29
14 16 21
3 8 26
0 3 36
1 4 11
10 12 25
7 9 2
16 19 23
10 13 1
3 5 1
18 22 16
2 4 28
0 1 18
5 6 20
23 2 15
15 20 24
18 23 5
15 18 39
15 18 38
13 15 15
2 4 38
3 6 32
8 11 6
20 0 24
16 19 5
21 0 26
2 5 27
9 12 2
18 21 14
2 6 37
12 14 7
6 7 19
4 8 31
1 5 6
11 15 15
6 8 34
16 21 10
22 0 16
12 15 18
9 13 4
2 4 15
18 21 27
0 1 39
19 21 35
16 20 28
1 2 2
14 15 18
16 20 37
23 2 8
12 14 36
6 10 29
17 20 12
10 12 5
6 8 35
21 0 30
11 14 10
4 7 14
15 18 32
1 4 29
18 20 34
21 0 35
11 15 20
16 19 28
13 14 17
12 14 3
9 12 23
22 2 18
14 18 27
7 10 7
9 14 30
14 16 37
21 0 4
3 5 12
0 2 28
4 7 34
18 22 37
22 1 15
13 16 7
3 6 31
23 1 13
0 2 26
12 16 7
8 11 12
17 21 28
15 18 13
16 18 31
18 22 32
0 3 6
21 23 32
11 13 38
20 0 24
1 6 2
18 20 38
11 14 4
0 5 38
