3000 25
22 17 12 6 5 10 22 13 2 24 2 20 6 10 14 17 24 25 24 20 21 25 11 8 12 
8 11 8
10 14 1
20 0 14
16 21 19
6 11 19
23 2 24
10 13 5
4 7 8
2 5 15
18 20 14
1 3 10
10 16 24
19 0 8
0 5 19
14 16 25
17 21 11
1 3 21
21 1 13
0 3 12
16 21 5
15 18 5
13 16 11
7 11 7
17 20 18
10 12 21
2 6 12
5 7 13
22 0 19
3 7 13
3 6 17
23 1 7
18 20 4
8 12 14
19 22 9
4 7 7
0 2 3
13 16 2
11 13 2
19 23 19
1 5 17
19 21 24
20 0 6
12 17 20
0 3 17
16 20 7
5 8 25
7 8 24
19 23 1
5 8 15
13 14 17
14 18 24
16 18 16
15 19 25
0 3 13
14 16 1
20 23 4
3 7 15
12 16 24
7 12 9
2 5 25
14 17 4
20 2 12
20 22 8
17 21 10
3 8 2
6 11 23
13 14 13
19 21 21
12 15 9
5 7 6
15 19 20
13 16 9
21 23 24
19 22 16
12 14 23
13 17 13
1 5 4
7 10 8
10 13 14
22 2 8
10 13 23
9 11 25
6 8 6
12 15 15
7 10 12
6 7 6
19 0 24
0 3 23
12 16 4
15 19 20
2 5 15
0 5 25
8 10 1
8 12 23
15 18 17
0 2 17
23 1 20
12 15 16
4 8 14
13 15 9
20 22 18
2 5 9
15 18 4
13 15 21
1 4 20
6 7 6
0 3 18
22 3 14
13 15 1
16 20 8
4 7 6
17 22 11
1 2 24
3 5 11
5 7 1
19 22 16
0 5 2
3 5 24
12 15 16
23 1 15
23 2 16
13 17 14
2 3 20
0 2 21
18 21 17
20 22 4
16 20 15
16 18 15
5 8 9
12 16 20
6 9 12
8 11 8
4 7 8
13 16 17
8 11 3
1 5 13
2 6 14
15 19 23
14 16 4
1 3 7
14 15 10
1 4 13
15 18 6
1 5 19
10 12 19
10 13 13
19 22 17
4 7 17
1 3 15
14 18 4
2 4 9
13 14 4
15 17 12
1 4 21
20 23 1
11 15 6
19 22 1
4 6 3
14 17 6
18 21 8
0 3 22
5 8 7
6 9 5
12 14 5
2 5 17
14 15 9
0 4 10
3 7 25
16 19 21
16 18 16
22 1 12
11 14 6
4 8 8
17 21 13
5 8 22
10 12 22
1 4 24
11 13 18
15 17 24
20 0 7
16 19 3
0 2 18
21 23 15
11 12 6
4 8 23
0 4 25
22 0 19
9 12 18
11 15 17
13 18 6
11 15 9
2 4 1
13 17 9
7 10 12
20 23 4
14 18 21
19 22 4
6 9 25
17 22 22
1 2 17
8 9 1
18 21 9
18 21 13
15 19 25
23 22 22
19 21 18
0 3 23
7 10 8
10 12 7
6 8 24
2 5 1
2 6 2
6 9 14
17 20 16
9 10 13
21 1 18
16 21 24
18 23 6
14 15 19
6 8 1
12 14 22
3 7 9
22 23 12
9 13 6
10 13 13
22 1 1
0 2 11
6 10 8
20 0 9
12 15 20
21 22 2
21 22 5
21 0 8
0 4 18
9 10 16
23 4 12
18 21 7
18 19 17
10 13 15
14 17 8
12 15 21
22 2 20
6 9 6
9 11 19
6 8 19
5 9 23
13 16 10
22 1 5
8 10 1
14 17 21
8 11 19
8 10 22
9 12 12
9 12 2
15 18 9
4 7 10
17 20 20
22 2 23
22 2 21
19 22 8
21 23 8
5 8 3
23 1 17
13 17 7
13 16 17
20 22 8
19 21 24
12 14 6
14 18 7
23 3 21
17 20 17
13 15 23
16 19 8
18 21 20
15 18 18
7 10 17
5 9 2
4 6 22
18 22 9
7 10 18
14 16 16
22 0 2
17 19 7
12 16 3
21 23 23
7 9 11
5 8 1
5 9 16
14 17 1
3 8 1
0 3 24
19 21 24
3 6 2
8 11 22
5 10 8
4 6 3
18 20 10
23 2 6
3 6 20
23 3 11
22 1 9
17 19 21
3 7 1
10 13 19
19 22 8
3 7 18
21 1 21
20 21 11
3 6 6
11 14 4
21 0 3
6 8 4
2 4 18
15 18 21
10 13 9
20 23 17
8 11 2
15 17 2
0 3 9
13 16 16
10 14 13
12 14 8
18 23 24
9 11 18
1 4 5
9 12 14
8 8 18
15 16 13
11 14 4
16 19 14
6 10 8
1 5 12
13 17 4
12 15 11
1 4 8
7 10 16
8 10 11
0 0 4
7 11 15
23 2 23
1 5 22
11 14 4
10 14 5
17 20 24
12 16 1
4 7 5
1 3 13
16 17 8
10 14 5
17 20 14
8 11 7
5 9 4
10 14 24
2 3 20
7 8 11
13 17 18
23 2 21
12 17 21
12 15 6
22 2 5
0 1 20
16 18 5
13 16 17
15 17 6
14 17 1
4 7 2
4 7 22
1 5 23
23 3 6
22 2 2
10 14 25
5 7 10
16 18 13
12 15 25
4 7 10
23 2 22
17 21 8
11 14 9
22 2 3
14 17 5
23 3 5
4 7 11
15 19 5
0 2 12
7 11 9
23 2 2
5 10 19
5 8 16
12 13 2
14 17 12
1 3 16
20 0 20
14 19 19
10 13 3
22 0 20
2 5 20
8 11 3
22 2 13
12 15 5
1 4 4
6 7 23
11 12 2
4 8 14
9 12 7
13 17 15
0 1 7
12 14 21
15 17 15
0 3 18
6 9 23
17 19 2
18 21 20
5 8 4
18 20 7
20 23 25
2 5 7
5 7 5
13 16 7
11 16 16
10 13 12
6 8 1
12 15 24
22 2 3
23 1 15
15 17 11
15 18 14
9 12 1
19 22 19
4 7 5
22 3 2
1 5 9
9 10 6
10 12 1
8 9 19
11 15 2
23 3 3
19 0 22
10 15 24
13 16 12
0 4 22
11 13 8
3 5 5
17 21 15
2 4 11
13 17 23
6 10 13
6 9 24
21 0 17
7 11 6
23 2 11
5 8 19
22 0 3
5 8 15
21 0 7
7 10 10
4 7 1
1 3 20
7 9 18
17 18 14
17 19 13
17 21 23
14 16 12
21 0 22
2 5 9
18 21 21
16 19 19
23 3 2
18 20 9
0 3 8
21 23 15
23 1 5
10 14 2
10 13 20
21 0 5
5 8 5
2 6 14
8 12 9
7 10 22
9 13 15
17 20 20
10 13 15
21 0 13
4 8 18
16 19 1
13 14 6
0 4 1
4 7 6
2 6 12
8 11 14
0 3 11
10 12 21
12 15 22
19 21 16
6 9 4
19 22 11
3 7 3
7 10 23
4 6 1
13 16 19
10 14 23
16 22 15
12 15 23
23 2 20
17 19 18
1 4 2
6 10 16
7 9 17
22 1 22
0 2 2
20 23 3
21 0 11
6 10 23
0 3 14
16 20 20
2 5 11
17 21 11
1 2 4
19 21 21
23 5 22
0 4 4
5 7 13
6 9 16
18 20 18
8 11 11
10 14 22
22 3 10
21 0 19
16 19 10
18 19 6
21 22 13
12 16 20
9 11 2
17 19 21
16 19 20
19 21 2
19 22 19
21 23 16
12 16 14
4 8 10
18 22 6
4 7 15
11 12 4
9 11 24
17 20 12
13 16 20
9 11 19
2 7 10
16 19 14
11 14 20
12 15 6
17 21 4
23 2 2
19 23 21
2 6 17
9 10 3
12 14 23
10 14 5
13 15 22
17 19 8
14 19 15
5 9 12
11 15 13
14 18 10
23 2 3
15 17 5
20 21 10
9 13 18
15 18 3
12 14 4
9 11 2
11 13 19
16 19 19
8 11 23
14 16 23
14 17 21
17 20 2
15 19 23
1 4 22
5 9 10
9 11 22
23 3 18
20 22 14
12 16 3
9 14 17
23 1 11
9 10 24
18 20 3
23 2 22
13 18 16
10 14 7
4 7 10
8 13 15
3 7 17
15 17 1
12 14 24
9 10 17
10 14 24
23 3 7
5 10 1
2 7 8
13 15 19
8 10 23
1 4 20
0 1 2
13 16 6
6 10 17
7 12 5
3 6 13
14 17 6
15 18 21
2 5 11
19 0 6
9 13 3
17 20 17
11 14 6
10 13 18
11 16 13
22 1 16
23 3 18
17 21 5
19 23 11
18 22 18
5 8 11
11 13 4
1 4 14
0 3 4
14 16 3
13 17 8
22 0 11
7 9 17
0 5 2
16 18 10
23 3 12
14 16 15
11 11 22
0 3 1
5 8 24
8 10 8
6 8 8
4 7 24
22 23 23
10 12 7
16 19 18
13 17 4
21 23 24
16 18 4
12 15 2
4 8 10
8 10 15
8 11 19
17 21 25
14 16 11
10 12 2
7 8 1
4 6 14
0 3 14
4 8 20
10 11 8
0 2 11
18 20 3
10 13 2
4 8 11
9 12 21
11 14 16
5 7 10
4 7 8
23 2 13
6 10 13
8 11 5
1 5 1
10 13 4
18 22 4
21 2 5
12 16 2
17 20 8
1 3 13
17 21 18
17 20 15
8 12 1
0 3 24
21 1 22
5 7 15
3 6 4
17 19 2
1 5 23
13 16 15
14 16 7
8 13 17
11 14 3
5 8 23
20 21 8
3 6 15
12 14 17
21 1 7
14 16 24
14 16 25
15 19 10
15 17 13
3 6 19
10 14 14
8 10 20
2 3 16
2 6 6
23 3 13
0 5 15
17 22 22
10 12 14
5 9 13
8 10 23
8 10 3
2 6 6
13 15 20
1 3 8
5 9 11
6 9 12
7 10 2
8 10 16
12 15 8
17 20 25
14 18 20
18 22 4
17 19 4
22 1 25
0 4 21
21 1 4
18 20 17
4 6 4
19 22 15
9 12 9
21 0 20
5 10 24
1 3 25
23 1 6
7 10 6
13 14 20
18 21 1
10 15 24
10 14 20
21 1 1
9 12 6
22 1 13
9 13 5
2 4 25
10 12 21
22 23 1
2 4 12
23 1 12
6 8 15
15 18 17
23 2 3
7 12 10
9 12 13
22 0 15
15 16 23
6 10 16
8 10 15
9 11 21
22 0 13
18 19 23
23 3 17
2 4 11
4 8 4
3 4 7
8 11 4
0 3 10
11 13 11
12 15 4
17 20 12
9 13 21
4 8 23
21 0 25
11 14 9
11 14 15
1 4 23
14 16 20
19 23 3
8 11 15
5 7 7
7 10 9
14 18 24
15 18 12
15 18 24
8 11 21
20 0 5
17 21 6
23 2 21
5 8 24
13 17 7
6 11 13
20 0 6
23 1 21
22 3 24
1 4 25
16 17 25
5 8 3
22 0 25
8 12 16
17 21 14
21 0 25
4 7 8
9 13 10
13 15 7
15 19 11
18 20 9
11 15 8
16 17 23
9 11 17
2 5 13
3 7 21
10 13 1
17 20 23
17 20 7
21 0 9
11 12 22
3 6 20
23 2 10
18 22 14
18 21 24
20 23 20
2 5 25
15 18 25
23 3 11
1 3 20
11 16 13
17 21 13
21 0 3
0 4 16
5 8 5
22 1 12
9 14 14
21 0 18
16 19 22
17 18 3
0 3 11
7 10 21
4 7 1
15 16 12
12 16 6
17 22 21
8 12 3
1 3 17
12 14 7
4 9 3
5 10 23
17 19 3
16 20 21
19 22 3
18 20 21
13 17 17
20 0 9
6 8 18
2 4 17
13 17 10
6 8 10
14 16 16
9 11 25
19 20 18
21 1 2
4 8 23
10 12 3
14 17 14
9 12 10
16 21 16
20 0 16
4 8 25
4 7 15
21 1 5
0 4 9
4 8 7
5 8 10
9 10 21
3 8 25
0 4 15
20 23 24
8 10 2
18 23 1
21 1 20
12 17 16
9 12 14
23 4 4
8 9 6
2 4 14
8 11 16
16 19 14
14 17 1
23 3 24
17 19 3
23 3 6
6 11 12
3 7 19
1 4 18
10 12 20
13 16 16
22 2 3
8 11 14
16 19 1
18 23 14
8 13 14
5 7 11
15 16 24
16 18 21
8 11 19
5 7 18
22 2 18
18 20 8
19 21 6
20 22 1
20 23 16
5 7 19
12 15 13
3 7 10
10 12 8
18 22 19
9 13 25
22 2 22
9 12 9
16 21 18
5 7 22
17 19 25
11 13 25
22 1 1
15 17 19
8 11 9
2 5 15
4 7 20
23 0 5
20 0 10
17 21 2
0 4 6
16 19 13
3 7 1
2 4 23
1 4 22
23 3 7
10 14 3
5 7 8
4 7 21
12 15 20
10 13 5
21 0 13
21 1 11
1 3 7
14 16 2
0 3 16
22 0 8
11 14 1
2 3 22
11 14 18
3 4 2
10 13 7
7 10 24
5 7 17
9 12 4
5 9 23
5 8 19
8 11 16
11 14 19
2 8 1
4 7 25
16 18 21
8 10 9
19 21 14
5 8 19
16 19 11
1 3 20
4 7 10
6 9 25
8 10 11
0 5 7
18 21 24
13 16 2
18 21 4
13 14 10
22 0 23
17 20 18
12 15 25
22 23 16
23 1 14
20 1 24
8 10 22
3 7 12
13 15 5
2 6 23
18 22 15
13 18 18
1 3 7
11 15 16
17 20 17
21 2 17
16 20 13
18 22 24
20 0 2
20 1 18
17 22 15
13 16 25
1 3 20
15 17 24
17 19 25
1 3 10
11 14 20
0 3 20
8 10 10
0 3 18
4 7 4
23 0 19
11 13 10
5 7 8
13 16 23
13 16 17
8 11 25
14 17 8
18 21 1
13 16 14
14 17 5
7 10 19
0 4 2
22 1 12
10 13 22
21 0 3
22 1 9
12 15 14
21 1 21
22 1 2
20 22 20
20 0 24
22 1 11
23 3 6
11 14 19
6 8 1
3 6 6
7 10 20
3 6 1
22 2 3
8 11 21
18 20 17
21 1 3
20 22 17
11 13 4
17 18 12
21 1 11
19 23 4
15 19 11
2 6 7
4 7 13
5 10 15
2 7 21
10 12 5
11 13 10
20 0 7
22 0 4
8 10 18
18 22 19
0 3 24
19 21 19
23 1 20
17 21 11
19 22 3
18 19 12
8 10 19
23 3 3
4 6 8
4 9 2
3 7 23
15 18 17
12 13 11
3 6 24
7 10 23
20 22 5
10 13 11
12 14 8
4 7 23
6 8 2
18 21 6
0 3 19
11 14 14
11 13 20
6 7 22
23 2 7
2 3 13
21 1 4
11 16 21
6 7 22
19 21 8
9 10 23
15 18 2
20 1 1
5 6 24
11 16 4
11 15 19
13 16 4
2 6 25
15 17 22
18 21 18
10 13 20
4 7 14
6 10 9
16 18 20
3 6 4
7 10 1
15 16 22
2 4 24
3 4 10
22 1 12
7 10 13
17 21 8
21 1 3
17 20 22
0 3 21
8 11 18
23 1 22
2 4 22
16 19 9
11 13 6
6 9 13
7 11 21
11 14 18
9 12 1
3 5 24
7 11 4
22 1 17
12 15 20
15 17 21
5 8 19
11 14 1
14 17 25
10 14 22
2 3 10
8 11 24
10 13 3
12 15 4
20 0 13
14 18 11
2 5 20
5 8 14
6 10 19
13 15 18
12 17 21
5 9 25
20 22 25
0 3 17
18 20 8
2 7 14
21 0 20
17 18 17
0 3 6
5 9 13
17 20 14
21 0 16
15 19 14
10 14 1
17 20 24
17 19 5
11 14 16
7 10 13
0 3 7
22 0 7
12 15 3
6 8 1
11 13 20
16 20 20
6 9 4
17 21 13
19 22 7
1 3 13
18 23 21
19 22 3
6 9 5
23 3 9
20 22 4
9 12 8
20 23 18
0 4 4
14 17 23
6 8 17
5 6 8
18 21 15
10 13 4
4 9 22
7 10 21
5 8 19
8 10 13
0 5 14
9 12 8
15 18 14
7 12 2
0 3 19
13 17 7
10 13 15
23 3 2
3 3 7
13 14 9
7 11 23
17 21 12
22 0 8
7 9 22
1 2 8
12 14 15
17 20 8
20 1 9
19 21 14
9 10 1
18 21 3
0 3 19
21 0 24
19 22 7
16 18 24
15 18 17
10 14 6
1 4 8
9 12 6
13 14 25
2 5 10
6 9 13
6 7 4
17 19 1
14 16 25
4 7 20
2 7 9
16 19 2
16 20 2
12 15 18
21 0 21
22 2 3
21 0 22
20 22 17
3 6 17
20 22 12
12 13 20
19 22 24
13 17 24
22 1 15
5 9 21
21 23 10
5 8 16
22 3 20
21 3 12
21 0 11
12 16 5
10 12 20
5 8 6
21 0 21
4 5 9
20 23 14
10 13 24
20 22 1
14 18 24
22 1 17
8 10 13
11 15 12
3 7 8
15 18 12
9 11 12
19 20 2
0 5 16
19 23 2
6 10 10
14 18 18
4 5 8
17 22 13
21 3 19
18 21 21
16 20 13
9 13 13
14 17 18
11 14 2
11 13 2
8 13 18
18 21 23
8 11 7
23 3 10
3 7 16
13 15 9
2 5 15
12 14 24
0 3 14
11 14 3
15 17 12
10 12 18
7 10 2
23 2 13
15 18 6
14 16 15
18 22 4
8 11 2
21 0 11
15 20 9
10 13 4
13 16 23
7 9 3
1 3 11
0 2 19
7 10 11
18 20 5
4 7 2
4 9 17
21 22 4
4 6 25
5 6 10
15 17 25
2 5 6
14 17 2
13 18 21
20 22 16
7 11 11
19 21 4
15 18 13
18 21 19
7 11 8
23 0 22
15 19 23
0 4 23
18 20 4
10 13 2
16 19 9
3 6 23
15 18 23
11 13 15
7 9 19
0 3 14
10 13 20
11 12 25
12 14 15
5 7 24
23 1 24
14 18 6
15 18 10
14 17 12
23 2 17
23 1 9
1 4 22
8 12 16
1 4 5
6 10 7
2 5 9
20 23 6
20 23 10
19 22 13
13 17 19
11 15 6
19 0 1
13 16 9
1 4 14
14 18 21
2 6 18
9 12 24
9 12 1
21 23 22
6 9 19
14 17 8
13 17 23
12 17 13
21 0 24
13 16 25
18 22 17
16 18 6
5 7 24
12 15 19
0 4 1
4 7 24
12 18 19
2 5 21
6 8 6
10 14 12
14 16 25
18 22 2
7 11 4
15 19 5
4 7 5
12 15 24
16 19 11
1 6 11
21 23 4
5 8 15
2 5 1
11 15 2
18 21 21
11 13 10
16 17 4
1 4 20
18 23 15
3 4 12
12 14 8
7 12 25
14 18 20
18 21 2
5 6 15
17 20 3
9 11 25
22 0 16
10 13 23
11 12 13
18 20 18
21 1 9
16 18 9
3 6 24
22 1 6
22 0 10
23 1 1
21 23 9
1 4 5
15 18 3
17 18 2
1 4 19
22 0 11
9 9 12
9 11 22
7 7 9
8 10 11
10 13 7
17 20 13
10 13 11
3 7 13
1 4 18
2 5 15
14 16 12
0 4 15
22 0 2
10 13 13
15 18 9
18 20 3
15 18 25
5 8 21
9 13 21
1 2 3
10 13 9
8 10 3
21 0 16
6 10 8
7 8 2
3 6 7
13 16 8
13 17 17
19 21 4
22 0 22
16 20 14
22 2 15
20 22 9
4 7 24
18 20 18
17 20 23
17 20 6
18 21 4
18 21 1
5 9 10
10 12 16
11 14 18
11 13 6
8 10 17
14 16 1
0 3 2
6 8 4
6 9 16
1 3 17
6 10 7
5 11 16
11 15 16
22 0 23
21 0 14
10 12 1
13 16 12
19 0 15
19 21 4
18 23 16
15 17 23
16 19 13
15 19 20
8 12 16
8 12 15
14 18 7
14 18 24
19 23 22
16 17 3
19 23 14
0 3 1
19 22 11
14 17 5
12 16 12
13 16 11
6 9 8
22 1 13
23 2 22
10 14 14
23 2 5
19 21 24
14 16 10
10 14 2
4 7 20
3 6 10
2 4 6
11 13 23
10 12 16
10 13 6
9 13 8
19 22 23
16 19 3
5 8 1
8 11 23
17 20 15
9 14 4
20 0 7
13 16 21
20 21 2
8 11 23
7 11 18
8 11 24
23 3 6
0 2 21
10 14 3
11 14 9
19 22 3
23 2 7
13 15 24
8 11 13
17 19 24
10 13 4
4 8 4
9 10 3
23 1 11
20 23 20
7 11 25
4 7 17
5 9 19
22 2 25
16 19 13
11 13 4
3 7 1
5 10 10
9 13 6
1 3 21
8 9 22
7 10 7
11 14 15
22 23 10
9 13 16
18 22 18
9 12 18
13 16 15
23 1 20
19 22 6
9 12 15
7 9 25
10 14 9
0 5 2
0 4 2
16 18 13
16 19 16
2 5 13
3 7 6
13 15 13
10 14 18
6 8 3
7 10 5
8 10 3
3 7 18
21 0 3
3 6 20
0 1 21
9 11 22
4 6 8
7 10 21
12 14 17
20 22 2
17 20 5
13 17 6
22 1 14
16 21 5
1 5 22
1 3 24
13 14 24
4 7 20
3 5 6
13 14 15
4 6 2
17 21 9
3 4 8
6 8 15
8 11 7
18 22 19
10 14 11
22 2 24
23 1 4
16 19 13
23 2 18
21 23 2
7 9 6
7 12 16
5 8 18
20 21 18
23 5 9
16 19 15
10 13 6
18 22 20
8 11 14
19 23 15
2 5 13
4 7 19
20 21 14
3 7 12
8 11 3
20 23 18
1 3 9
0 3 4
3 5 21
17 20 20
18 21 22
21 1 24
21 23 19
23 2 11
12 14 16
10 16 4
15 20 14
2 5 16
19 23 25
19 20 14
21 0 15
0 4 13
10 13 11
16 18 25
21 0 11
16 17 10
17 21 14
16 20 3
13 16 6
2 6 25
22 2 1
8 11 25
13 16 6
8 10 20
6 9 20
10 14 24
6 8 21
4 7 5
10 13 16
5 8 8
22 23 18
13 18 19
2 4 17
7 10 22
1 3 14
3 5 18
10 12 1
14 17 5
13 15 20
12 14 4
21 0 25
1 3 3
22 0 24
23 2 17
14 18 12
9 12 17
18 19 7
21 1 10
13 16 23
8 12 19
7 11 11
15 18 6
11 12 22
13 16 19
8 10 24
21 0 25
4 7 7
19 22 14
9 13 18
9 13 11
18 22 11
7 11 13
0 3 4
1 3 2
0 4 16
17 19 21
2 3 18
22 1 12
10 14 20
10 13 24
9 12 11
11 13 10
4 8 22
21 2 9
13 16 15
19 22 13
12 15 2
4 7 3
5 8 25
15 19 13
5 7 12
8 12 24
4 5 21
3 7 3
17 20 12
6 9 9
3 5 19
3 4 20
3 5 20
4 7 2
2 6 2
4 8 4
0 2 16
17 19 17
0 3 12
0 2 25
9 14 4
14 18 14
6 7 10
8 12 16
18 23 21
14 18 3
13 17 2
11 16 16
15 17 19
3 6 11
0 3 13
8 10 25
4 8 9
18 20 21
11 14 20
8 11 6
22 2 8
1 5 23
21 23 20
17 18 22
6 9 18
19 21 14
14 17 14
1 3 8
10 13 5
16 21 3
22 2 17
16 19 9
5 7 8
13 16 21
14 17 5
12 14 3
13 17 10
17 20 12
23 3 14
13 17 8
15 18 6
6 9 25
12 15 4
5 7 4
7 10 1
22 1 5
7 10 7
5 10 13
6 10 19
5 8 7
5 9 15
13 15 21
7 11 13
8 11 16
16 18 21
15 18 23
0 3 18
8 12 3
22 2 8
3 6 10
16 20 22
20 23 12
13 16 9
3 5 22
19 21 13
23 3 14
4 9 4
5 9 12
5 8 23
14 19 20
17 19 25
10 12 9
19 21 15
0 3 12
16 19 21
9 13 18
7 9 5
17 20 1
23 2 9
14 17 25
13 15 16
15 17 1
14 18 7
19 20 2
4 7 19
9 12 4
17 20 6
9 11 8
22 2 14
22 1 8
19 0 25
6 9 22
21 1 11
12 16 7
14 18 7
18 20 6
18 21 23
0 4 25
13 16 13
6 9 12
7 9 2
0 4 15
23 2 13
9 14 16
19 21 7
18 21 11
16 19 8
2 3 7
15 19 11
5 10 12
9 11 19
21 0 19
12 16 24
10 12 22
14 18 24
16 21 23
20 22 12
22 2 3
20 21 20
4 7 3
20 0 3
5 7 5
16 20 22
15 18 21
9 11 19
10 14 9
12 17 17
10 13 5
0 5 15
14 17 25
16 20 24
21 22 25
10 14 4
13 15 8
2 5 6
8 9 19
6 9 2
8 10 19
15 18 2
8 10 18
8 12 2
15 16 24
10 13 8
21 1 1
15 18 12
19 23 19
4 6 25
11 13 12
16 20 14
14 18 1
1 6 17
20 0 6
15 17 2
10 14 23
20 21 19
3 5 4
14 16 21
6 9 20
8 10 8
6 11 16
15 19 10
22 1 12
14 17 19
4 5 15
5 8 9
13 17 12
14 17 9
12 14 8
11 14 23
5 7 12
14 15 21
18 21 9
22 2 10
7 9 2
8 11 19
23 4 8
4 8 11
18 21 4
11 13 4
6 9 13
20 0 23
6 9 5
12 16 13
6 8 4
5 9 7
1 4 6
6 9 9
13 16 7
17 19 13
11 14 17
5 7 9
9 13 7
18 21 9
12 16 19
14 15 21
14 19 17
4 7 11
8 13 11
2 4 10
4 7 1
10 14 6
7 10 17
17 21 4
8 12 6
23 1 11
15 19 11
14 19 10
20 0 11
9 11 9
14 18 16
6 10 6
2 5 5
8 10 17
13 16 17
2 6 22
8 12 9
4 8 19
21 23 7
2 7 19
15 18 20
23 1 3
13 16 5
9 13 12
3 7 1
23 3 13
22 1 10
6 9 11
11 14 12
16 19 22
15 18 20
13 14 18
2 4 6
1 3 18
2 6 6
3 7 9
17 21 4
5 8 7
3 6 15
17 19 25
1 3 7
14 15 16
23 1 11
11 15 3
15 19 21
11 14 5
22 1 8
19 21 5
12 14 8
0 3 13
0 4 7
11 13 12
19 21 5
20 23 19
15 15 12
23 2 14
3 5 23
8 11 22
15 18 18
2 6 7
3 5 24
4 7 17
19 23 6
8 11 18
23 2 10
9 12 11
1 4 6
0 3 25
9 10 9
19 23 17
1 5 15
8 10 18
19 21 19
14 17 14
5 8 22
22 1 24
1 4 21
4 7 18
14 17 5
4 7 25
3 6 10
6 8 12
18 21 10
11 16 17
8 11 14
6 10 7
2 5 4
0 3 15
7 10 10
4 6 21
16 17 8
14 16 12
20 0 9
21 0 2
12 15 11
20 0 18
13 16 17
5 8 24
9 13 7
18 22 8
21 0 18
18 20 14
22 1 19
8 11 20
4 6 22
17 20 11
0 4 17
4 7 18
7 9 23
9 11 25
1 5 10
8 11 12
10 11 8
3 5 16
12 14 4
17 21 12
8 12 25
21 2 6
16 19 12
1 5 25
17 20 1
19 0 13
6 9 12
5 9 19
19 22 14
18 23 12
2 6 4
5 7 17
0 3 8
12 16 10
3 6 1
0 1 13
17 17 15
10 13 17
11 15 6
16 19 23
13 18 4
17 20 18
19 22 4
4 7 24
0 2 19
19 23 25
18 19 25
5 8 3
20 23 2
12 15 22
1 4 13
21 0 24
5 9 11
22 1 24
0 3 19
5 9 20
11 14 25
16 18 9
5 8 16
16 20 11
23 3 25
21 0 14
8 13 19
19 21 1
16 19 3
15 18 5
12 16 6
13 17 21
6 8 6
10 13 7
23 1 3
22 1 23
5 9 1
12 17 21
22 3 3
4 9 12
2 4 13
6 8 2
16 19 12
13 16 23
6 9 23
6 10 12
23 1 17
3 7 19
22 1 8
2 4 13
1 7 11
22 3 15
2 5 11
3 8 22
15 17 4
21 0 18
20 22 11
6 8 7
14 16 17
21 1 25
22 0 25
12 14 20
5 8 25
18 22 17
4 6 22
10 13 9
17 21 20
7 9 2
0 3 25
14 17 2
0 2 6
14 18 11
23 2 20
9 11 6
15 19 8
4 5 7
18 20 16
14 17 6
4 9 22
8 10 23
5 7 8
8 12 23
11 13 17
11 12 10
2 4 10
12 16 19
10 14 22
17 20 14
23 2 12
16 19 13
23 3 8
6 9 2
22 3 3
11 15 3
2 4 20
0 3 9
8 12 20
1 5 6
7 9 13
5 8 25
22 1 2
20 23 19
20 23 3
4 7 9
19 1 15
20 23 11
19 23 13
0 3 15
12 15 16
13 15 5
5 8 18
4 8 3
2 5 22
9 13 6
23 1 6
10 13 13
8 10 1
10 13 1
12 14 4
17 20 19
21 0 3
17 19 7
17 21 11
22 1 2
2 5 18
7 11 7
1 3 16
11 13 20
8 10 10
6 9 9
8 12 18
21 0 22
8 11 6
15 18 20
4 6 10
11 14 10
15 18 2
17 20 11
3 7 1
9 11 23
9 14 13
2 7 16
18 22 10
21 23 9
17 19 19
17 20 6
17 19 8
3 6 8
13 18 25
17 20 14
11 14 7
17 19 19
0 2 15
17 22 2
20 0 21
1 5 5
9 14 8
23 4 14
9 13 3
20 23 14
5 10 4
6 9 2
14 17 9
1 4 8
12 16 14
20 23 5
1 3 2
9 11 3
23 2 24
16 21 15
12 16 15
1 3 14
8 12 18
18 20 14
5 8 22
14 18 12
3 6 24
6 9 16
12 16 12
4 7 5
20 22 15
10 12 6
19 22 15
7 10 13
0 2 13
4 6 13
20 0 25
15 18 21
15 16 22
16 19 3
16 19 13
1 3 23
22 0 1
2 6 21
23 2 9
21 0 7
21 2 7
6 9 16
1 3 25
12 16 14
5 9 1
18 21 6
14 19 23
5 7 9
9 13 22
10 13 18
6 7 12
1 3 4
10 14 3
22 3 20
0 3 20
1 3 22
4 6 21
7 12 24
2 6 6
11 15 8
13 15 6
23 1 8
23 3 13
1 6 19
8 11 14
15 17 4
23 2 10
11 14 5
4 8 21
23 3 10
13 15 18
22 1 9
18 21 3
8 12 23
12 15 1
7 11 2
23 3 5
17 21 7
3 5 6
9 13 4
7 11 16
23 1 16
11 13 22
9 13 16
21 22 24
4 8 14
7 8 4
14 17 19
23 2 15
8 12 7
2 4 21
18 21 4
19 21 7
13 16 18
23 2 15
14 16 4
14 17 17
11 15 17
15 19 15
22 1 4
2 4 21
8 12 2
21 23 2
9 12 23
10 14 7
13 14 17
12 16 22
1 5 11
5 7 21
6 11 25
20 23 10
10 13 15
16 18 19
20 23 15
8 10 12
4 7 6
21 1 18
5 7 24
13 15 23
8 9 21
13 17 3
10 13 10
23 1 6
16 19 4
3 7 17
8 11 6
23 1 21
11 12 25
6 9 9
4 6 2
21 0 13
4 9 7
21 1 1
0 2 15
5 8 18
21 22 15
13 16 16
11 15 20
1 5 24
23 3 17
8 12 15
1 4 11
18 21 24
22 1 16
21 0 25
22 1 20
18 21 5
3 8 19
5 7 23
13 15 15
5 9 3
13 15 25
4 7 17
22 23 14
15 18 2
11 13 6
13 16 16
16 19 24
2 6 13
1 5 7
20 23 25
13 16 6
8 11 12
21 1 24
8 10 6
4 8 21
19 21 23
20 23 4
18 21 8
20 23 20
1 3 8
10 12 1
19 21 7
16 19 3
0 4 13
2 5 20
18 20 23
10 14 22
5 7 16
21 1 21
15 15 25
4 7 11
16 19 23
22 2 3
9 14 3
21 2 20
1 4 25
18 20 4
14 16 10
17 19 6
9 11 6
14 18 10
7 11 15
20 0 4
5 8 1
3 6 20
3 6 24
14 17 25
2 5 16
21 0 21
1 3 15
5 7 8
8 12 23
3 7 3
21 1 8
9 12 14
13 16 16
21 0 10
0 2 17
21 1 6
1 3 20
7 10 21
13 16 7
9 14 25
18 21 2
18 23 17
3 5 3
15 18 10
22 0 9
11 14 25
13 16 5
22 1 13
17 20 9
7 12 8
22 1 1
8 12 4
2 5 2
9 11 6
13 15 20
14 17 10
10 12 22
1 3 24
18 21 16
16 18 2
19 22 8
22 2 8
1 2 20
6 7 12
17 20 3
12 12 7
5 9 11
21 2 23
17 20 16
3 8 6
9 12 19
21 2 8
11 15 11
10 13 11
14 16 7
8 11 15
10 13 13
4 5 13
12 15 21
6 11 16
0 2 11
0 3 7
7 11 22
6 9 3
2 5 1
8 10 20
21 0 7
2 5 7
11 15 13
4 5 23
12 15 10
6 10 1
3 7 19
22 2 13
12 16 10
12 16 9
20 21 19
5 5 16
4 7 12
19 21 5
10 12 13
18 23 2
15 17 25
0 3 22
19 21 22
16 17 14
19 21 19
19 22 19
10 13 25
7 9 10
15 18 8
8 10 2
14 18 16
19 21 9
15 19 5
23 2 5
21 0 8
20 0 22
11 13 12
8 10 16
7 10 12
16 17 20
17 19 5
8 12 18
5 11 19
23 3 24
23 1 6
5 10 6
15 17 3
14 16 12
17 21 1
10 14 10
8 13 14
3 5 5
4 5 1
6 9 10
14 18 6
15 17 18
13 16 11
1 4 10
15 19 20
0 3 9
21 1 1
15 19 10
6 11 4
1 2 14
17 19 12
5 10 4
14 18 8
21 22 23
21 0 5
3 7 1
4 8 24
7 12 3
9 13 1
6 8 7
1 5 13
14 16 13
8 9 24
1 3 3
11 15 15
16 17 10
7 10 3
19 21 4
16 18 20
14 15 4
7 10 7
6 10 5
13 17 23
14 17 9
1 4 14
11 14 16
23 3 11
16 18 18
3 6 19
22 2 21
6 9 17
17 20 13
2 6 11
5 9 21
11 13 7
8 9 2
20 0 14
3 6 13
14 17 1
7 12 10
3 8 23
9 11 16
1 4 2
3 7 17
13 17 9
16 21 2
13 17 15
22 2 1
11 15 10
19 0 25
1 5 14
12 16 21
15 18 8
6 8 25
22 1 12
3 8 19
21 0 2
20 0 15
12 16 20
12 16 25
22 23 6
19 23 16
16 18 3
8 10 11
10 14 19
17 21 7
13 17 8
6 10 1
15 18 16
6 10 19
22 2 1
8 11 6
1 4 22
12 15 16
15 18 4
18 20 5
11 14 2
5 8 21
22 3 20
4 7 20
7 9 21
22 0 12
20 23 11
23 2 17
4 7 25
14 18 3
7 9 15
14 17 21
3 7 24
14 15 23
14 17 16
7 10 14
3 5 13
15 20 7
19 22 3
2 5 25
0 3 12
16 19 19
14 16 4
4 6 13
18 21 14
5 8 25
10 14 12
14 14 19
4 7 1
14 16 12
18 22 3
13 17 21
10 12 25
11 14 5
8 11 24
10 11 2
20 23 23
4 7 16
0 4 17
13 15 14
22 0 15
3 5 16
1 3 10
11 15 25
2 5 5
9 13 2
15 17 3
0 3 4
14 17 22
8 12 8
4 9 2
7 9 11
6 9 9
15 18 15
13 17 8
13 14 14
4 6 13
0 4 16
15 19 18
19 23 15
9 12 23
8 12 4
1 5 10
22 2 10
9 11 5
6 8 21
18 20 22
13 16 11
12 15 7
2 5 9
14 18 18
23 1 2
8 9 5
12 16 11
23 3 19
21 1 19
9 11 22
2 5 24
20 22 11
23 2 11
22 2 18
21 0 10
4 7 9
5 8 1
1 3 16
23 0 12
10 14 8
1 4 19
19 22 13
7 11 8
8 12 10
6 10 2
19 20 24
5 9 10
13 16 19
7 10 12
17 21 19
13 16 5
18 20 20
12 15 3
11 13 7
7 9 10
19 23 10
9 13 2
14 19 15
8 9 14
21 23 20
10 13 12
1 5 14
18 23 8
17 19 1
14 17 2
7 9 22
14 17 24
8 10 17
9 13 4
16 19 10
6 10 2
4 8 6
2 5 15
0 3 19
9 12 2
7 10 5
12 16 22
2 5 11
12 16 6
18 20 12
21 22 3
23 3 11
21 0 5
19 22 21
10 13 14
15 19 7
8 11 16
16 18 11
2 6 15
3 4 8
15 18 24
8 12 9
13 16 24
5 8 17
16 19 2
23 4 13
11 13 1
4 7 1
19 22 21
17 20 24
12 16 23
5 8 8
15 19 20
4 8 10
17 18 2
21 1 19
6 8 10
10 15 1
16 19 3
21 23 2
22 0 19
17 20 8
18 22 7
0 4 5
2 4 17
23 2 4
2 4 24
22 1 5
1 3 9
22 1 21
22 2 23
18 20 21
3 6 23
8 10 10
12 14 6
3 7 8
20 23 21
10 13 12
2 6 15
20 2 5
12 14 2
14 18 1
3 7 18
21 0 15
23 2 11
3 6 19
10 13 5
23 2 9
13 15 9
9 12 20
9 12 14
10 13 7
4 6 2
21 1 8
2 4 9
9 13 7
5 8 2
19 22 6
9 12 6
0 4 24
6 10 7
22 0 5
0 2 4
11 16 14
16 20 15
21 22 4
23 0 7
12 15 20
3 5 4
14 16 3
16 17 22
1 5 5
21 23 13
2 5 12
10 14 14
1 4 22
19 22 19
1 3 14
8 10 14
4 6 21
6 8 6
14 17 9
14 17 7
18 22 8
11 14 22
15 19 5
13 14 14
4 7 9
19 21 22
0 3 6
5 6 13
12 16 18
19 23 21
4 7 3
9 11 18
15 19 2
7 12 9
20 23 4
22 0 7
4 6 20
1 5 14
16 17 22
18 22 16
22 1 6
10 12 24
19 22 4
7 10 13
22 3 3
9 12 7
0 4 3
17 18 14
16 20 3
2 6 14
4 6 10
2 7 4
9 12 19
1 3 23
22 1 1
2 5 14
17 20 6
12 16 4
18 21 11
2 5 19
0 3 16
16 18 16
18 22 2
21 0 13
16 18 6
23 2 10
10 13 21
16 20 21
15 17 13
21 1 3
15 18 15
17 21 19
23 4 12
4 9 25
20 0 15
3 6 13
5 7 11
7 11 9
7 9 18
19 21 2
17 19 19
5 9 21
16 20 20
9 13 15
14 16 22
21 0 6
12 14 4
18 19 2
0 4 3
3 6 12
20 21 9
3 7 19
17 19 5
12 13 25
6 9 11
9 12 18
2 6 4
6 9 11
20 23 13
14 18 7
4 8 15
6 10 10
1 4 21
1 6 11
3 7 20
4 8 24
23 1 1
15 19 4
22 1 11
1 6 25
18 21 12
5 9 3
23 2 13
16 20 9
19 22 2
2 4 22
0 2 18
10 13 9
13 16 2
8 11 1
11 13 7
1 2 21
6 11 12
21 23 13
21 0 12
14 17 15
12 15 6
17 21 3
23 3 23
22 2 17
3 5 18
4 7 24
22 1 1
10 11 21
14 17 18
16 20 7
11 16 25
6 9 16
23 2 19
14 18 16
22 0 10
20 0 14
12 14 4
11 15 20
23 3 9
11 14 13
10 15 7
17 21 19
3 6 9
14 17 20
16 19 9
4 6 2
6 8 5
9 13 25
17 21 18
4 7 2
4 7 17
2 5 12
22 0 3
8 10 20
6 9 9
4 6 19
15 18 4
7 10 3
1 4 21
8 12 20
21 0 16
20 23 25
23 1 24
23 3 12
21 23 25
0 2 11
3 6 21
3 5 7
2 6 4
10 14 5
0 3 17
10 13 20
18 22 6
23 2 10
5 8 4
3 6 3
13 17 13
19 23 9
12 15 10
6 10 8
23 3 19
11 15 21
12 15 10
12 15 23
12 14 24
23 2 11
8 12 14
9 12 17
21 23 21
22 3 11
0 3 13
2 4 17
4 7 13
8 11 24
18 19 7
21 1 1
1 5 19
9 11 6
1 4 19
1 4 5
22 0 13
17 20 12
2 5 11
10 12 6
8 12 7
15 17 23
4 6 11
11 15 11
11 15 2
10 14 12
7 9 10
2 4 3
4 5 22
17 21 16
16 19 8
