1000 18
17 6 4 9 8 10 9 5 10 7 5 15 17 6 14 11 8 15 
0 3 12
12 15 18
9 12 8
5 8 12
7 9 17
13 16 10
5 9 8
0 4 18
11 12 10
1 4 14
12 13 14
9 13 6
6 10 2
8 11 1
1 5 15
5 7 9
17 20 17
6 9 3
8 11 14
20 23 14
21 1 2
5 6 11
7 12 8
3 5 18
17 20 15
17 21 12
13 16 3
7 11 4
3 7 9
6 8 2
12 15 13
18 21 4
18 21 5
8 11 18
13 15 8
7 11 12
21 0 2
8 11 10
0 1 1
16 19 14
14 17 1
19 21 16
6 8 11
11 15 4
4 6 15
19 20 14
0 3 3
16 21 18
15 18 10
12 14 8
5 8 18
14 18 10
21 3 12
18 20 11
14 19 11
3 6 7
14 17 6
10 13 2
14 17 11
2 4 2
17 22 4
3 7 11
19 22 3
8 11 1
12 15 11
22 0 18
10 13 3
3 7 17
19 23 9
23 1 18
9 12 15
4 6 4
4 7 3
19 22 9
11 15 8
3 8 11
1 3 11
3 6 4
3 6 9
3 6 5
22 1 15
9 12 13
23 3 17
16 19 4
5 8 11
4 8 14
23 3 17
10 13 18
15 17 10
13 18 17
14 17 1
13 16 9
15 17 9
20 22 7
11 16 5
6 10 2
13 17 2
15 19 13
3 5 10
0 3 12
5 9 14
19 22 16
6 8 10
13 16 10
0 2 1
15 18 18
10 13 15
16 18 12
15 18 1
8 10 18
7 8 11
19 22 3
13 15 12
20 23 9
8 12 16
10 14 9
18 21 13
5 8 16
16 21 1
9 12 17
5 7 17
1 3 15
13 14 2
2 4 14
6 7 2
13 18 16
8 13 6
10 16 17
12 15 2
4 5 2
6 10 18
4 6 1
7 10 7
1 4 14
22 1 10
1 5 1
2 5 18
9 11 12
1 5 5
21 2 1
7 12 6
20 23 5
8 10 9
18 21 1
18 22 9
5 8 5
1 4 3
10 12 16
2 5 10
23 2 17
8 10 12
4 6 14
8 14 17
13 15 13
0 4 3
23 2 18
4 7 9
16 18 7
8 11 8
22 0 9
20 0 14
9 13 17
5 7 17
5 8 11
17 20 12
13 17 9
8 9 5
20 0 11
23 4 12
5 7 8
23 2 2
2 6 2
4 8 6
1 2 5
12 16 5
13 16 2
11 14 10
15 20 1
17 21 5
23 0 6
23 1 17
17 20 3
16 19 1
9 12 8
15 18 11
21 0 13
20 22 17
2 6 10
22 1 2
22 1 7
0 2 2
1 3 6
1 5 15
6 10 7
5 10 18
12 15 14
12 15 11
6 8 18
11 15 3
11 14 5
3 7 7
17 19 7
4 6 8
15 19 3
11 15 14
0 3 3
16 19 18
5 9 1
2 4 7
5 9 11
5 8 12
7 10 14
21 0 3
18 21 15
20 23 2
4 6 2
4 7 4
3 6 2
4 6 13
1 5 2
19 21 4
15 19 13
12 16 8
13 16 4
8 11 14
7 11 17
4 6 12
12 15 2
14 18 5
23 1 11
17 21 7
17 21 4
13 16 7
10 11 8
6 9 15
14 17 4
18 23 12
10 12 8
19 22 18
7 9 1
6 8 3
16 17 15
13 15 13
8 12 15
3 7 14
3 6 13
3 6 16
17 20 13
23 2 18
7 11 14
1 2 2
3 6 11
8 10 12
15 18 8
6 10 18
12 14 1
23 2 1
19 0 13
4 7 6
0 3 16
0 3 18
8 10 16
8 11 6
13 16 10
9 13 7
19 22 10
19 21 1
10 12 2
1 4 14
8 11 5
23 3 11
1 5 2
6 10 8
2 5 11
0 4 3
13 15 17
22 1 6
11 15 13
20 21 7
0 6 2
15 17 7
16 18 8
19 23 15
18 20 5
7 12 8
0 2 1
4 5 10
15 17 13
1 4 16
9 10 4
19 21 4
21 0 1
10 15 10
21 0 13
23 4 9
6 9 8
15 16 12
23 4 16
19 22 10
19 22 15
23 1 11
21 1 5
22 0 15
16 19 7
5 9 8
7 10 16
23 1 17
5 8 8
4 8 3
17 20 6
5 9 16
22 0 14
13 16 9
22 1 4
1 4 18
7 10 8
5 9 12
0 3 4
2 3 14
9 12 5
15 14 17
11 15 17
13 15 3
6 8 5
4 6 18
19 21 16
20 0 1
17 19 8
14 19 10
6 10 8
23 1 13
7 10 8
13 16 17
14 17 4
8 11 14
10 14 17
9 11 7
9 14 4
8 11 2
18 20 17
2 6 13
13 16 8
2 5 13
16 19 17
15 18 8
10 15 2
5 9 11
8 11 7
0 5 16
1 4 11
4 6 11
7 11 8
4 7 16
12 15 5
0 3 6
13 15 16
22 0 13
8 13 3
15 17 18
3 4 15
15 15 2
23 2 9
1 4 12
11 12 13
6 9 1
16 21 16
20 0 2
4 8 12
9 11 8
18 21 16
20 22 9
11 15 2
14 16 12
22 0 4
17 22 5
17 21 14
19 22 2
4 8 3
19 21 17
8 10 2
1 5 9
13 16 7
14 16 7
14 18 2
22 0 7
4 9 13
12 16 4
0 3 13
17 21 7
13 16 13
16 21 7
6 10 10
7 10 17
22 1 9
8 10 4
23 3 2
4 6 2
5 8 13
19 21 10
2 7 1
16 19 5
21 23 2
19 22 13
14 17 12
20 0 9
3 6 14
20 22 6
13 17 14
12 15 7
11 13 12
2 4 5
2 5 1
18 20 15
10 12 8
8 10 2
18 21 3
8 11 8
0 4 17
16 19 18
15 17 7
3 7 3
23 1 6
13 15 7
8 11 18
11 15 4
11 13 3
1 2 1
21 1 8
22 1 1
20 0 17
8 10 13
2 5 3
21 22 12
6 10 1
2 6 14
6 9 4
3 6 8
21 0 6
1 4 2
14 18 15
2 4 5
7 10 16
0 4 13
9 11 10
16 19 18
19 22 9
1 5 17
18 22 12
7 9 9
22 23 7
11 13 12
17 20 8
14 16 6
19 22 10
6 9 15
18 22 6
23 0 15
20 0 12
12 14 16
14 18 9
11 13 14
22 2 18
22 1 2
8 11 1
8 12 5
4 6 11
11 13 17
6 9 7
9 13 6
20 1 9
22 3 9
9 11 7
7 10 1
21 0 8
17 20 2
21 1 11
8 13 8
18 21 4
5 6 12
15 19 15
4 7 15
18 21 6
5 9 5
7 11 14
19 20 14
20 22 4
17 20 10
5 7 5
1 2 8
22 1 11
1 4 7
11 14 5
14 18 17
1 4 14
18 21 5
20 0 2
1 5 5
16 19 15
6 9 9
11 15 11
11 14 17
23 3 7
1 3 12
2 6 18
20 23 2
3 7 12
13 17 4
21 23 14
17 19 12
23 2 1
11 14 13
3 5 14
8 13 9
2 4 10
0 5 5
19 23 5
14 18 10
19 21 2
21 0 16
9 12 6
7 9 14
9 12 7
3 6 7
18 23 2
19 22 18
0 3 18
13 18 3
20 21 4
5 7 13
9 13 1
11 12 9
22 1 17
21 23 6
10 13 1
10 15 7
1 3 5
22 23 10
20 1 14
7 12 4
18 22 11
3 7 2
3 5 13
23 1 1
22 0 5
9 12 10
8 13 2
17 20 7
8 12 12
4 6 3
3 4 18
15 18 4
15 19 16
22 3 5
23 1 9
10 12 11
16 20 17
16 19 13
8 12 13
21 23 18
1 5 12
10 12 1
1 4 11
5 7 11
5 6 9
3 6 1
7 9 8
3 6 8
14 16 9
19 22 9
7 11 13
19 0 12
9 11 3
1 3 4
3 7 2
23 1 9
20 23 4
23 1 7
8 11 5
8 10 8
11 14 9
22 3 9
17 19 18
4 7 18
16 19 13
8 11 3
8 11 9
23 3 5
16 16 8
5 8 8
11 13 5
21 0 6
7 10 4
16 20 5
21 23 9
17 22 18
3 6 15
2 5 15
5 7 7
23 5 2
22 2 18
14 19 5
7 10 9
0 2 17
19 23 17
15 17 7
22 1 5
7 8 13
4 8 9
19 21 13
23 0 1
12 16 1
3 7 4
20 0 8
2 6 5
0 2 9
11 14 5
16 20 6
17 20 12
0 3 11
23 4 14
13 16 18
6 10 15
17 20 1
17 19 15
2 4 16
18 22 8
3 5 15
1 4 17
6 9 9
13 15 1
9 11 13
17 20 6
11 15 17
4 7 17
3 6 2
9 12 11
6 9 17
22 2 4
5 9 12
9 12 6
22 1 7
12 16 6
14 17 3
11 14 13
2 5 4
11 14 13
13 17 11
21 0 18
15 18 4
1 5 12
7 10 7
2 6 5
19 0 18
21 0 4
16 22 13
18 21 15
16 20 8
12 16 1
16 19 6
10 13 9
1 4 10
17 21 12
22 0 14
13 16 16
13 14 16
10 12 15
12 15 4
1 5 15
9 14 3
7 10 11
10 14 14
7 10 5
16 18 7
23 2 10
16 19 15
0 4 2
5 8 12
15 18 2
3 6 14
3 7 3
2 4 18
8 10 14
14 18 12
23 1 10
23 2 3
4 6 5
9 12 6
20 1 6
11 14 12
14 18 10
13 17 8
11 14 6
23 2 3
5 6 8
8 11 6
3 5 17
14 18 17
3 5 3
7 10 13
4 6 2
1 3 3
13 15 7
15 17 11
13 18 2
1 5 6
13 16 12
16 18 9
5 7 4
3 7 8
14 17 4
9 10 8
2 5 12
22 1 18
23 2 16
1 4 15
12 15 13
23 2 4
10 12 13
2 3 2
11 16 17
4 7 2
11 11 4
20 0 3
23 1 6
21 2 15
21 23 13
14 18 16
6 8 1
8 10 8
4 8 4
2 3 2
22 1 11
1 5 18
4 6 12
0 4 1
20 0 4
20 23 7
4 7 14
16 18 18
7 9 4
11 14 7
20 23 3
14 18 14
19 23 12
2 5 13
21 1 1
5 10 4
9 11 14
8 10 9
9 11 12
9 12 3
2 6 6
23 0 9
5 9 7
19 21 2
23 2 12
3 6 16
16 18 14
18 21 2
23 2 11
12 15 16
17 21 17
8 12 1
3 7 11
0 3 6
6 10 2
1 3 14
7 11 12
1 6 16
22 1 6
19 22 2
3 6 14
21 1 13
10 13 10
2 5 7
3 8 11
5 7 14
6 8 2
14 16 7
18 22 1
8 13 9
10 13 7
0 4 15
23 0 2
2 4 14
13 15 16
9 13 16
12 15 3
10 12 7
1 4 2
12 17 1
13 17 10
17 20 5
3 6 7
19 21 16
11 14 16
19 22 7
8 12 9
18 20 8
18 23 17
0 2 8
21 0 10
13 16 12
14 16 5
14 16 5
15 18 11
21 0 18
21 1 16
22 2 16
5 8 1
20 0 13
22 1 9
6 8 2
22 1 7
2 4 15
5 8 12
1 4 9
2 5 10
2 4 3
0 2 15
1 3 15
14 17 6
17 20 10
4 7 9
18 21 6
14 15 6
11 15 13
18 19 6
8 11 18
4 8 4
9 11 16
18 22 1
20 23 12
22 1 13
20 23 14
2 5 8
21 0 17
4 7 10
4 7 2
14 17 5
13 17 8
0 4 12
17 20 16
21 22 1
2 5 10
21 23 6
5 6 13
14 18 6
22 2 1
22 1 18
21 23 5
7 10 18
20 0 11
2 5 14
19 0 9
16 20 6
13 16 12
16 20 3
21 1 12
7 10 13
2 4 8
10 12 4
4 6 4
7 11 3
13 17 7
3 7 18
18 22 14
0 4 4
13 16 16
11 15 7
4 7 14
22 1 1
23 2 4
15 16 12
5 7 14
1 6 3
20 0 9
0 3 1
13 15 14
13 15 1
2 6 16
19 23 15
22 0 4
18 22 14
21 1 12
14 16 3
22 1 11
4 7 7
7 10 2
9 10 9
4 7 11
1 3 8
15 19 3
20 22 17
7 10 11
19 0 3
14 17 3
6 10 11
4 8 10
12 16 7
1 3 7
4 7 1
19 23 7
7 10 18
15 18 9
13 14 6
23 2 18
3 6 1
4 5 4
5 9 12
15 18 17
7 9 1
14 18 8
2 6 9
7 9 15
10 12 6
13 17 2
7 11 8
18 22 2
2 4 5
13 17 2
15 19 16
11 13 17
20 1 14
19 22 13
20 22 1
9 12 12
16 21 10
17 21 7
22 0 18
13 17 14
15 17 14
18 20 3
1 4 2
2 6 8
8 11 9
13 16 17
21 0 15
3 5 5
11 13 1
20 23 1
2 4 10
7 10 17
6 9 15
3 7 2
12 16 17
5 8 4
5 8 15
6 8 1
13 15 18
17 19 10
10 13 18
15 17 14
15 18 15
16 20 9
10 11 5
5 8 2
16 19 6
20 0 16
5 6 15
2 4 10
6 9 8
8 10 18
16 20 2
7 10 10
23 1 14
12 15 13
20 23 5
6 10 18
19 21 3
5 8 2
0 3 13
20 23 8
10 14 1
0 4 8
16 18 7
2 6 4
22 3 16
1 3 14
14 16 16
20 0 15
16 19 13
19 20 2
22 23 5
4 7 5
7 10 18
11 13 6
15 18 8
0 5 6
17 20 4
21 1 10
15 18 13
0 1 13
20 23 6
2 4 10
6 9 7
16 19 8
0 4 2
21 1 16
12 14 13
