4000 34
25 15 30 6 23 4 30 7 18 30 22 9 11 31 11 5 1 17 31 2 15 4 32 3 15 24 29 19 28 13 16 5 13 33 
12 16 19
3 6 24
16 20 18
17 19 31
10 11 17
0 2 31
18 21 28
2 7 34
21 0 23
21 0 14
6 10 26
0 2 11
18 0 12
16 21 20
7 9 29
16 21 23
19 22 1
23 2 33
12 16 27
5 9 28
8 11 9
8 12 24
4 9 19
8 12 28
13 16 22
1 4 7
7 11 13
3 6 16
14 16 29
15 18 19
22 23 12
15 18 16
15 16 26
3 6 19
10 14 13
13 17 12
23 1 16
13 15 11
13 16 19
19 22 18
23 2 16
9 12 21
9 10 18
1 4 34
13 15 7
10 14 17
19 22 7
11 12 14
18 21 23
22 2 17
13 17 5
8 14 24
18 21 21
2 3 11
14 18 20
1 3 27
19 22 14
10 14 2
1 6 18
2 5 25
2 4 3
7 10 12
15 19 3
5 8 32
22 0 24
12 14 21
22 0 18
19 21 3
6 10 19
20 23 27
3 6 23
20 0 7
11 13 25
2 5 17
6 9 17
0 3 7
12 15 21
13 17 4
18 21 1
5 9 7
14 17 9
10 13 7
23 1 14
10 11 28
22 2 20
20 23 6
20 21 34
9 11 14
9 12 21
8 13 10
21 23 1
5 9 25
18 20 23
5 7 20
5 8 11
11 13 18
12 15 8
16 18 1
11 13 4
4 8 2
5 9 34
19 21 22
16 18 14
1 4 24
19 0 11
11 13 3
13 17 34
12 14 32
0 2 17
9 13 5
9 11 23
5 9 21
6 9 29
10 14 21
15 16 31
17 22 16
2 7 17
6 10 15
14 17 19
17 20 5
8 11 33
9 13 2
17 20 12
20 0 6
5 8 3
2 6 33
6 11 4
11 14 26
23 2 15
19 0 34
19 21 33
22 2 22
16 17 3
14 17 9
6 9 3
17 17 29
6 8 31
7 10 26
2 4 1
5 7 33
10 13 9
11 14 7
16 19 15
15 18 5
22 1 11
23 3 19
7 10 19
19 20 20
2 3 4
21 2 16
16 19 33
21 1 20
7 11 12
4 6 16
12 15 7
8 12 2
10 13 25
21 0 28
9 11 14
3 7 13
14 17 8
23 3 26
21 22 10
13 16 22
10 12 25
23 3 21
6 7 8
10 12 19
13 16 14
18 22 33
23 2 31
19 23 12
22 3 4
10 14 11
15 18 16
3 6 1
5 7 19
10 13 28
7 9 15
23 1 14
19 21 2
16 18 21
7 11 26
3 6 17
23 2 32
2 4 10
0 3 9
21 23 3
9 13 3
5 8 32
16 21 14
2 5 24
5 8 33
4 8 25
22 1 29
0 2 3
4 8 26
4 7 8
19 22 18
22 1 11
12 17 10
0 3 32
17 21 6
8 12 33
6 7 28
14 16 8
1 4 20
18 21 2
23 1 32
9 14 6
1 5 31
13 15 6
12 15 13
4 6 4
8 10 23
0 4 21
6 10 13
15 18 1
17 21 32
21 0 1
1 5 23
17 20 7
17 20 34
11 12 21
0 4 2
9 13 28
19 20 27
3 7 31
23 1 23
16 21 13
23 0 6
9 13 4
15 17 19
19 22 14
11 14 20
20 22 33
9 11 9
22 1 4
14 16 10
20 0 9
13 16 24
10 12 34
14 16 12
9 13 26
2 4 21
8 12 18
11 16 33
12 15 14
17 19 28
3 5 1
14 17 25
18 23 27
7 12 18
2 4 12
13 15 31
21 0 16
20 23 4
2 5 4
7 8 29
19 23 3
11 13 22
5 8 21
18 23 15
18 21 3
7 9 32
16 18 21
8 12 31
2 5 5
13 15 5
23 0 21
11 15 15
19 23 9
15 19 14
13 17 21
15 20 17
1 3 33
20 0 21
12 16 30
13 16 6
2 5 18
6 8 15
7 9 25
2 5 18
22 3 25
11 14 26
6 9 19
4 7 10
1 4 4
7 8 4
8 12 5
0 4 21
22 0 31
11 13 23
3 6 33
8 10 9
6 9 9
4 6 24
21 0 30
0 4 3
9 13 23
10 15 2
10 12 33
3 7 8
19 23 11
16 19 19
4 8 19
19 23 14
8 9 32
16 19 32
3 6 29
19 21 15
19 21 30
12 14 7
1 3 1
19 22 31
19 23 3
3 6 2
20 22 2
6 10 7
9 11 30
7 12 5
14 18 1
0 2 10
21 0 6
12 15 6
6 11 2
8 12 5
13 16 13
7 9 27
4 7 17
19 22 25
9 12 9
11 15 30
17 19 31
13 14 28
13 17 1
21 0 32
11 14 31
20 23 14
13 16 30
4 8 32
4 8 25
23 2 31
11 13 16
2 5 6
20 23 22
14 18 29
8 12 2
20 0 28
0 3 8
8 10 33
14 18 30
22 3 4
22 1 25
12 15 20
23 3 1
21 23 20
18 19 5
8 11 16
12 15 3
14 18 20
2 4 20
15 15 12
15 18 14
19 23 23
21 0 18
4 10 31
12 16 21
5 8 17
8 10 4
1 5 21
15 17 31
7 11 12
10 13 30
16 19 30
1 4 6
16 18 6
19 21 9
2 5 1
16 19 1
20 23 19
20 22 28
14 17 33
3 7 32
6 8 9
11 14 12
13 17 12
14 19 1
19 22 20
17 19 24
12 15 12
4 7 29
22 1 3
23 3 25
0 4 23
13 16 21
22 0 5
6 9 9
17 19 7
13 15 25
18 19 33
2 6 32
13 17 14
22 2 14
18 22 17
4 7 7
14 17 12
15 17 27
20 22 26
18 21 24
4 7 9
7 10 30
15 18 31
16 17 2
8 12 5
9 12 21
21 0 20
4 7 13
13 16 1
9 12 28
3 6 13
21 23 28
6 8 13
10 16 8
20 23 27
2 6 14
2 5 11
4 7 4
22 0 18
12 16 20
7 12 12
3 4 33
20 21 8
15 19 15
0 3 15
14 18 29
1 5 28
18 20 23
20 22 32
3 5 6
1 5 1
4 6 23
19 1 5
20 23 30
10 13 27
13 14 11
17 20 22
1 4 18
2 4 13
10 11 34
18 20 3
6 9 34
14 17 21
1 5 33
15 18 31
2 5 33
11 13 7
2 4 11
12 16 2
2 6 4
21 1 17
13 16 11
22 1 6
14 17 22
21 1 4
1 2 5
19 0 1
1 5 7
23 3 15
9 11 26
22 2 25
0 3 9
17 20 28
17 19 3
17 19 22
7 10 34
10 13 30
22 1 1
12 15 13
14 17 24
13 17 2
0 2 16
12 14 32
3 5 20
16 20 4
15 18 6
7 10 11
8 9 11
2 4 12
16 19 11
14 18 24
17 21 30
0 2 24
14 16 3
2 4 27
18 21 19
17 20 10
5 8 7
22 1 2
17 20 33
13 13 8
22 1 5
4 7 21
16 18 12
11 14 10
15 19 7
6 10 10
18 21 24
20 22 26
18 21 22
9 11 27
21 23 21
18 19 29
23 2 17
4 7 20
1 4 26
23 0 20
9 11 4
14 17 33
16 19 31
10 13 10
5 8 29
18 22 26
18 22 12
14 17 19
17 22 26
18 21 30
3 8 24
7 9 23
10 14 28
8 10 26
23 1 28
6 10 13
18 22 28
7 10 34
12 16 20
17 19 15
4 8 2
18 20 19
1 5 9
3 7 33
16 19 7
5 8 10
18 22 19
20 0 7
4 7 10
12 14 31
6 9 20
20 22 14
11 13 34
13 17 17
11 14 17
10 13 23
3 4 9
17 20 25
2 6 25
17 20 31
21 0 29
18 22 20
12 14 29
3 6 3
19 22 15
4 7 9
4 5 18
10 14 3
15 19 5
9 13 32
14 16 31
17 19 23
17 21 25
14 17 17
15 21 24
10 14 28
7 11 6
8 12 21
17 18 11
23 2 16
4 9 17
4 7 4
7 10 2
22 1 26
18 21 5
7 8 21
15 17 17
22 1 1
13 16 33
22 3 13
5 9 22
5 8 15
16 19 14
15 18 18
20 21 8
21 0 23
4 6 9
12 15 16
19 1 22
22 0 28
1 5 12
1 6 32
12 16 18
22 2 29
15 19 9
10 13 26
23 2 17
19 21 9
15 18 20
12 14 20
4 5 6
2 5 13
23 1 18
17 20 21
13 16 27
1 5 33
16 18 23
17 21 18
2 6 34
21 0 9
21 0 9
1 2 15
16 20 8
16 19 27
3 7 30
22 0 16
1 4 10
2 4 16
23 1 14
8 10 19
17 19 34
12 16 9
8 11 7
6 9 30
11 12 32
12 15 11
11 15 11
4 6 26
16 19 26
17 21 22
18 20 14
20 23 18
16 18 21
10 14 16
6 10 30
11 13 32
9 13 26
20 1 15
12 15 19
23 3 2
22 1 5
5 9 13
4 6 4
6 8 1
14 16 24
7 10 3
19 21 2
10 14 11
6 9 4
9 11 3
5 8 32
0 3 28
17 21 20
2 7 2
13 17 26
0 3 25
2 4 16
15 19 4
14 16 24
9 13 18
10 13 8
18 22 6
15 17 23
5 8 25
22 1 17
13 17 6
15 19 4
9 12 23
14 15 29
19 22 17
16 19 2
11 13 13
6 11 9
4 9 7
18 21 27
5 10 6
16 18 28
0 4 33
8 11 23
21 2 24
19 20 29
12 16 13
17 19 24
14 16 5
12 15 26
3 5 32
8 9 6
13 16 5
1 4 13
19 21 1
1 6 24
19 0 8
23 2 2
13 17 31
14 18 14
0 3 14
20 23 3
22 1 5
20 21 31
19 22 6
11 13 20
1 4 14
17 19 1
10 13 13
7 8 3
23 2 5
15 18 16
12 16 17
11 16 13
5 8 28
21 1 25
18 21 27
20 0 2
2 5 12
14 17 22
2 6 19
14 15 30
8 9 20
8 10 31
13 14 31
14 18 6
10 14 28
2 6 10
9 13 11
4 6 33
12 12 5
12 16 31
14 18 10
6 8 2
21 22 21
2 7 32
5 6 29
18 21 29
12 14 3
6 10 12
18 21 29
12 15 14
9 12 13
16 19 12
1 5 17
15 19 3
9 12 24
19 22 18
5 8 21
23 2 28
8 12 26
16 18 10
19 22 12
10 13 16
15 20 21
20 23 32
18 21 5
13 16 19
1 3 11
5 7 25
17 21 27
0 4 19
13 16 25
17 21 7
10 13 6
22 2 20
15 17 17
11 13 10
22 0 31
7 8 3
16 21 2
21 0 31
4 8 1
11 14 21
13 15 29
7 12 9
13 16 4
4 6 11
13 16 12
4 7 17
13 16 21
1 4 27
18 20 32
15 16 23
12 17 6
1 5 20
10 13 26
6 11 17
11 15 30
0 2 3
19 23 29
3 8 7
10 14 24
14 16 14
13 15 17
0 1 18
5 8 10
13 16 6
4 6 17
10 13 17
17 19 1
0 3 4
22 1 29
17 20 31
23 1 27
9 12 9
13 15 21
11 13 10
9 12 33
1 4 30
4 7 20
18 20 28
1 3 22
19 23 10
21 0 31
1 5 14
10 13 26
17 20 12
21 22 4
7 9 10
11 14 15
11 15 15
6 11 29
21 1 31
9 12 10
10 11 5
10 12 16
5 7 23
2 5 10
10 13 20
17 22 7
22 0 9
12 14 19
16 19 12
2 5 29
12 15 11
20 22 10
7 8 25
20 22 26
15 17 17
11 13 25
14 16 1
1 3 17
7 10 14
20 22 24
20 23 25
19 22 2
8 12 19
3 6 10
1 5 31
11 13 30
21 0 17
2 3 14
9 13 4
3 6 15
15 17 29
14 17 10
3 7 4
4 7 29
16 18 32
2 4 7
22 3 28
12 15 30
4 8 32
1 5 19
21 0 7
23 3 33
3 9 12
20 23 2
13 17 32
17 21 29
10 16 26
19 20 12
8 11 8
16 19 23
1 4 29
18 20 1
9 12 33
18 21 30
14 17 4
14 16 1
16 20 2
23 3 28
5 9 19
19 22 8
1 4 27
0 3 10
6 9 20
8 10 20
7 10 16
2 5 16
22 2 10
9 11 7
16 17 17
23 2 2
10 13 21
19 23 23
20 1 7
23 2 25
5 7 30
19 23 24
20 0 4
5 6 13
13 14 10
18 19 11
23 3 34
22 0 27
4 5 3
3 6 13
14 17 34
2 5 4
11 15 26
10 13 6
3 5 17
22 0 3
5 7 8
22 1 16
14 19 23
3 6 13
12 16 24
18 21 33
9 11 21
5 8 19
1 4 24
23 1 27
16 19 12
4 7 30
20 23 14
7 11 20
12 14 24
14 19 33
5 8 13
4 8 27
18 21 29
4 5 19
11 14 15
4 9 9
7 10 28
20 22 32
10 13 26
8 12 20
4 8 8
5 9 16
18 22 19
20 23 28
12 13 19
17 18 7
16 18 34
21 0 10
16 19 5
12 17 18
3 6 2
10 13 22
15 18 12
4 8 4
6 9 10
19 21 7
8 11 33
14 17 23
9 13 33
8 12 28
16 20 33
16 18 2
7 11 11
10 13 24
2 5 19
3 6 29
18 20 4
23 3 19
1 3 21
11 13 28
2 6 23
6 9 3
21 22 26
8 11 1
14 16 27
13 16 31
23 3 33
1 2 14
19 23 24
15 18 34
10 14 30
20 23 6
2 7 29
17 20 16
16 17 31
14 16 14
19 22 31
6 8 33
0 3 8
5 9 5
7 10 25
20 0 31
15 18 2
23 2 33
7 10 28
11 15 10
0 3 15
3 6 24
11 13 21
17 21 6
20 0 3
13 18 20
15 17 22
10 14 11
19 23 34
6 9 12
9 11 34
22 0 32
17 20 18
0 2 18
1 4 34
5 8 8
4 6 32
14 17 31
1 3 28
9 10 23
4 7 7
3 6 24
9 11 6
12 17 22
8 11 21
15 17 19
5 9 28
3 6 31
2 5 4
6 10 11
22 22 13
2 6 19
18 23 10
12 14 5
7 11 27
11 13 8
0 4 17
19 21 3
21 1 31
7 10 2
17 19 28
8 11 9
4 6 18
1 4 33
16 17 28
13 13 24
6 10 30
4 8 10
12 14 24
1 3 5
13 16 30
12 14 9
17 21 29
1 5 8
17 20 33
13 16 22
3 6 34
11 13 24
8 12 10
11 13 5
8 12 27
6 10 24
13 15 23
9 14 27
7 10 26
4 6 28
7 9 6
5 8 4
13 16 2
9 10 32
8 11 21
23 1 2
20 23 33
12 13 14
5 8 1
5 9 32
13 17 26
13 17 2
9 14 21
13 16 11
18 23 7
11 13 3
18 22 6
13 15 3
16 18 23
23 3 18
1 6 32
11 11 26
8 11 19
0 3 8
14 18 22
5 7 8
21 1 20
19 22 6
1 4 14
5 9 26
3 6 29
7 10 18
12 14 31
9 13 14
9 14 10
5 9 22
23 1 17
15 18 14
12 16 22
2 6 33
23 1 22
21 1 30
9 13 4
1 5 12
1 3 23
23 2 14
0 4 9
11 15 15
2 6 17
19 21 9
23 4 30
20 23 13
0 3 25
10 12 14
14 19 18
19 22 27
17 21 9
8 11 13
0 2 16
4 6 7
9 12 12
11 15 5
21 23 7
7 9 32
8 11 7
8 10 32
5 6 14
3 7 10
12 13 19
15 19 27
11 13 27
22 1 23
20 23 16
6 10 30
0 3 3
1 4 8
13 18 32
17 20 25
13 17 10
7 8 14
21 23 16
8 12 5
0 2 11
18 20 8
22 0 18
15 17 26
12 15 12
14 17 13
10 10 2
13 15 11
20 0 10
10 13 21
2 4 23
1 5 16
4 7 4
4 8 17
8 10 26
12 15 24
6 9 18
16 18 6
13 16 7
15 17 23
9 10 34
2 6 4
18 18 25
13 16 11
16 19 3
2 5 20
10 13 4
19 22 25
19 23 19
5 7 20
9 14 6
8 11 22
15 18 4
6 10 7
7 9 7
9 11 11
6 8 11
18 19 3
9 12 22
23 4 27
11 11 29
20 23 5
17 20 9
4 7 5
23 1 24
16 20 14
11 13 12
20 23 19
11 14 19
19 21 1
15 17 13
10 11 9
12 14 19
16 21 7
0 3 16
22 2 15
19 23 17
1 5 33
16 19 33
8 11 20
21 1 3
11 14 4
18 20 23
16 19 13
7 11 30
19 21 18
1 4 30
22 0 30
9 12 26
18 20 12
11 14 19
6 9 34
17 20 4
13 18 10
13 14 3
17 20 17
23 3 25
3 6 22
20 0 31
19 21 27
1 6 5
10 13 31
18 21 20
3 5 9
1 5 26
4 7 25
16 21 19
7 11 12
22 0 3
13 16 15
14 18 1
15 19 13
1 5 19
8 10 20
22 0 31
4 8 22
8 10 9
14 16 8
23 2 6
14 20 32
6 9 32
6 9 8
7 9 29
12 15 27
13 17 21
21 22 11
2 4 26
22 0 20
4 8 5
21 0 14
2 4 3
10 12 7
11 13 15
3 7 12
7 11 13
20 23 9
13 17 29
5 7 9
1 5 1
22 1 34
12 14 28
7 10 8
11 14 14
22 1 30
21 1 16
1 5 19
10 14 17
16 17 18
16 20 33
23 0 14
3 6 13
1 3 23
12 16 30
9 10 27
17 19 25
0 2 1
5 7 12
9 12 7
6 11 30
15 16 8
11 13 13
16 18 1
19 21 9
14 18 16
23 0 22
20 20 3
14 20 14
6 9 20
12 14 21
4 6 15
4 7 22
9 11 29
10 13 18
7 13 12
14 17 33
23 2 10
18 20 3
10 12 22
12 15 31
15 18 25
4 9 1
17 20 28
19 22 30
7 11 11
20 0 11
4 9 7
6 10 3
2 5 25
14 19 28
23 2 10
13 17 28
10 14 34
8 12 13
1 4 15
0 3 20
14 17 20
5 7 12
1 4 1
12 17 30
1 3 22
21 0 3
11 13 24
2 5 3
4 7 20
3 7 6
14 17 6
18 21 17
9 12 30
14 16 23
2 6 8
23 2 34
8 12 33
6 8 9
2 5 17
3 6 10
13 16 2
13 15 21
20 1 1
15 18 8
22 1 14
17 21 15
23 4 26
14 15 25
20 23 11
16 19 23
6 9 9
23 1 29
6 9 6
12 15 30
22 3 21
19 23 14
13 16 18
5 9 27
7 11 2
14 17 27
14 18 23
19 23 15
2 6 1
20 0 6
0 4 13
15 19 27
19 23 19
21 23 28
9 14 14
11 14 5
7 9 11
12 16 18
3 5 18
11 16 12
15 18 4
12 17 15
21 23 28
1 3 15
23 2 29
19 22 12
18 23 27
14 18 22
4 5 3
10 12 21
1 6 32
9 12 1
12 14 33
2 5 17
8 11 1
5 9 33
15 18 18
10 15 7
10 14 11
1 3 6
2 7 9
4 8 2
3 5 21
6 10 33
4 8 19
21 0 12
9 11 15
18 19 30
16 19 2
16 18 16
11 14 9
22 2 29
8 12 10
12 16 18
12 15 33
14 16 29
20 23 16
5 8 5
12 15 1
20 0 15
17 19 28
5 8 34
5 9 10
12 15 31
14 16 22
1 4 15
9 13 23
3 6 18
17 20 22
4 6 24
17 20 11
12 15 3
5 7 26
11 15 21
6 8 14
0 4 33
16 19 3
7 9 22
19 0 20
13 15 25
3 7 11
3 6 15
12 17 28
19 20 30
14 18 5
0 3 9
1 3 31
18 21 27
4 6 7
19 23 5
4 8 9
18 20 9
14 17 28
11 13 21
17 20 15
23 2 14
19 22 7
5 8 28
9 9 23
15 19 34
17 20 29
7 10 1
23 3 16
11 13 23
5 8 4
16 19 34
13 17 17
20 21 2
0 3 34
15 21 20
5 10 8
18 19 2
22 23 28
18 22 16
20 23 34
4 7 1
9 13 7
7 9 34
17 20 30
11 14 1
1 3 18
1 4 29
13 15 25
7 10 23
18 22 24
6 8 21
15 18 5
15 16 4
16 21 12
16 19 19
21 2 12
10 13 14
13 16 30
21 0 33
13 17 1
5 7 32
1 3 27
22 1 10
3 7 30
16 17 32
21 1 8
2 4 20
2 4 13
21 1 30
2 5 12
14 17 21
4 7 27
16 19 32
19 21 15
2 5 14
2 4 19
14 17 23
16 20 11
11 15 32
6 8 10
10 13 13
22 1 2
12 16 4
22 2 8
9 13 14
14 17 14
12 16 26
17 20 8
16 19 8
7 10 26
3 6 7
3 6 20
22 0 17
6 10 22
5 8 28
5 9 15
6 8 12
3 4 17
21 0 34
18 21 24
7 10 19
0 3 28
19 22 7
5 9 21
15 19 34
22 1 1
1 5 12
3 8 29
13 17 21
3 7 30
17 20 2
21 23 33
7 9 11
22 0 17
23 2 10
6 9 15
22 2 21
18 22 29
11 14 9
9 13 4
19 22 26
14 17 31
17 20 10
8 10 9
23 3 25
13 13 21
18 20 30
16 20 29
21 0 12
2 5 24
22 2 1
4 8 6
7 12 22
13 16 12
1 4 17
9 13 24
20 21 23
10 13 30
16 22 32
3 7 8
12 16 26
7 10 14
20 23 25
20 0 6
19 21 6
0 3 18
21 23 12
3 7 26
23 4 18
17 21 3
11 14 17
4 6 8
21 1 11
19 23 30
16 20 3
11 16 2
4 6 20
2 4 23
22 1 26
9 12 26
12 15 34
1 5 29
7 10 18
12 14 19
18 22 4
22 23 15
7 9 31
21 0 28
9 12 6
19 22 20
23 2 2
3 7 33
1 4 22
2 5 11
0 1 26
10 12 28
3 7 13
22 23 17
21 2 3
13 17 10
12 15 18
0 3 5
13 15 3
6 8 21
22 2 18
5 9 33
21 0 24
2 5 12
13 15 18
21 0 12
23 1 18
18 22 23
6 9 24
18 22 25
7 12 17
3 6 20
0 3 25
16 21 16
6 10 6
8 11 16
11 15 7
6 10 31
1 4 26
12 15 17
16 18 17
16 16 5
3 7 8
10 13 17
7 11 14
15 19 10
12 15 17
5 8 30
8 11 14
16 17 23
13 15 8
18 21 29
21 23 11
4 8 21
12 15 11
4 5 20
17 21 7
18 21 30
9 12 1
17 22 31
2 5 15
0 3 23
20 1 18
20 22 3
20 23 18
22 0 24
14 15 6
2 5 16
12 16 29
1 3 33
10 10 15
5 9 9
6 9 26
13 16 8
0 3 14
13 16 23
20 22 17
16 19 14
22 23 18
12 15 16
10 12 3
21 2 21
16 20 12
21 23 5
4 7 16
10 14 15
19 21 1
14 17 34
15 18 32
2 5 16
6 9 34
16 19 11
23 3 1
14 17 18
18 22 4
20 23 7
11 14 15
19 21 14
21 1 16
12 17 2
3 6 3
7 10 7
8 11 31
22 1 16
20 23 22
13 16 24
15 18 4
14 17 14
21 0 7
8 10 25
20 22 26
22 2 15
16 18 24
20 23 34
17 22 27
7 10 19
9 10 12
17 20 13
8 11 30
18 20 16
19 21 16
6 9 8
18 20 17
7 11 33
19 20 29
12 16 19
10 13 18
20 0 12
2 7 22
1 4 10
1 4 21
15 18 13
5 7 34
13 15 7
5 8 9
6 8 16
2 5 3
12 16 8
11 14 14
13 15 22
10 12 10
0 2 32
14 15 25
11 15 15
10 11 24
6 10 13
9 11 19
22 1 33
23 2 25
4 6 16
14 17 24
17 19 23
21 0 14
9 12 27
13 15 26
15 15 14
1 5 15
1 3 22
23 0 30
10 14 27
6 9 25
4 6 12
15 19 16
3 6 5
18 21 6
4 6 7
6 9 29
10 14 1
6 8 30
17 20 26
22 0 5
1 4 24
19 21 8
1 4 20
13 16 2
12 16 21
19 22 18
22 1 10
0 4 22
14 16 12
18 20 17
5 8 24
9 10 12
17 20 2
16 19 29
14 17 3
21 1 24
6 11 10
21 23 29
5 9 2
18 21 24
16 17 11
9 12 17
9 11 26
4 8 1
0 3 27
18 21 2
7 8 33
6 9 15
21 1 17
15 19 4
7 8 32
7 9 2
8 10 11
2 6 29
5 9 17
22 1 13
11 12 20
19 22 29
17 23 26
20 23 1
7 11 13
3 5 2
0 2 17
20 23 29
12 14 1
11 14 24
13 17 6
0 4 27
8 12 18
15 19 24
17 19 11
12 17 11
1 2 12
7 11 32
18 21 34
7 12 6
5 8 26
7 10 17
10 12 4
20 0 20
5 9 30
3 6 6
13 17 11
4 7 27
19 21 29
18 20 6
22 0 21
1 3 31
4 7 9
9 11 26
1 4 24
5 7 14
2 5 34
0 3 12
16 19 17
20 21 28
3 7 31
17 19 11
9 11 30
3 7 17
20 2 21
12 14 17
0 3 18
19 22 18
13 16 34
19 23 2
19 21 4
14 15 18
16 20 23
15 15 30
10 12 9
15 18 14
13 16 13
9 12 23
11 14 20
15 19 30
23 2 27
6 8 28
2 5 14
20 23 13
9 11 10
14 18 3
19 22 19
22 1 11
19 22 28
3 6 25
4 6 20
18 21 15
23 2 28
15 19 23
13 15 13
11 14 12
22 1 22
6 9 10
23 2 27
22 1 6
10 15 23
19 21 31
15 19 6
22 1 33
18 19 17
12 14 22
7 11 15
19 22 3
15 19 1
1 3 18
16 20 34
0 2 20
6 8 24
4 7 3
13 15 8
3 6 13
21 23 28
12 17 27
7 10 9
7 10 21
18 23 2
6 9 19
4 5 34
7 11 14
5 6 34
3 5 30
5 8 24
3 6 18
9 14 4
4 7 14
22 1 22
8 11 26
15 19 29
3 6 34
13 17 20
5 9 28
4 6 22
9 10 28
10 14 12
16 19 23
9 11 27
20 23 27
12 16 9
22 1 7
3 6 17
4 6 15
7 10 18
15 18 27
15 19 14
11 15 16
4 6 32
19 0 34
15 18 3
8 10 28
20 0 20
9 13 2
10 13 18
15 17 5
1 4 10
13 16 1
9 11 5
2 6 34
13 17 8
17 21 2
10 14 22
2 6 18
23 2 22
5 7 6
13 16 24
9 11 14
21 1 12
9 12 17
16 21 4
1 3 6
8 11 23
11 12 28
0 4 14
21 1 13
9 13 9
3 5 3
11 14 14
5 7 15
4 5 21
17 21 17
18 21 27
14 16 28
5 7 6
7 11 7
18 23 8
18 21 10
23 1 11
1 4 26
7 9 31
0 5 20
23 3 12
17 19 33
2 3 9
8 12 16
15 16 8
2 5 23
6 10 2
3 6 32
12 16 16
20 0 29
19 22 8
1 4 4
20 21 18
16 19 16
19 22 21
6 9 3
17 20 21
20 0 14
12 17 20
4 6 29
22 2 19
7 9 13
11 12 18
19 22 6
0 3 10
13 14 17
6 9 6
4 9 8
9 13 3
0 2 18
18 20 20
10 12 9
21 0 14
6 9 20
17 19 7
22 0 14
21 2 16
14 16 11
5 8 2
20 23 16
16 19 17
6 10 6
18 23 17
4 7 10
12 14 27
16 19 31
9 11 3
16 18 30
10 14 15
7 8 31
17 18 13
2 5 28
10 13 2
5 6 16
2 3 27
15 18 11
18 22 34
4 7 25
8 10 17
9 10 31
23 2 23
17 22 25
20 23 23
10 14 14
9 11 29
20 0 18
10 15 3
0 5 6
4 7 17
21 22 17
3 8 12
16 19 3
22 0 11
7 10 7
7 9 11
11 15 3
22 1 34
22 1 22
16 18 32
0 5 29
19 21 1
11 17 24
19 22 19
9 12 24
15 17 17
0 4 24
19 23 34
7 9 14
22 0 33
4 9 18
4 7 5
20 23 21
17 19 32
11 15 34
3 6 18
8 10 33
20 22 12
12 15 16
22 0 31
12 15 31
12 15 10
15 19 1
6 8 7
7 10 14
1 5 28
12 15 17
20 23 18
7 10 21
3 7 9
4 7 19
22 1 17
8 13 4
1 4 2
8 12 28
1 5 3
2 2 14
15 17 26
0 3 8
18 21 14
18 22 16
23 3 29
12 16 26
10 13 15
11 14 9
3 7 3
22 1 32
12 15 27
7 10 25
2 5 23
15 17 33
13 15 10
11 13 22
7 12 30
2 5 22
14 17 2
8 10 8
19 21 10
12 16 21
9 11 12
20 23 2
9 11 20
9 10 12
22 2 19
16 17 1
4 6 18
13 15 2
2 3 12
8 10 12
21 0 33
15 19 12
17 20 31
2 5 27
6 10 7
15 18 31
12 14 1
16 20 5
10 13 17
3 6 2
10 12 33
19 21 21
9 11 23
2 5 20
22 2 25
12 16 25
13 16 26
14 19 10
16 18 31
5 9 1
21 23 11
16 19 33
9 13 20
19 21 30
5 8 22
20 23 32
9 13 27
21 0 23
1 3 1
17 21 6
12 15 29
15 20 30
2 4 23
8 10 25
11 15 8
17 20 9
19 22 16
21 2 8
4 6 7
21 1 31
12 15 23
10 13 28
3 5 32
6 8 14
9 11 11
4 8 19
9 11 25
20 23 31
1 4 20
22 2 11
16 19 7
21 22 4
2 3 32
18 21 6
2 6 29
7 10 18
10 15 32
0 4 17
16 19 23
7 10 8
14 16 31
23 3 15
10 13 30
11 13 21
3 6 26
7 9 12
9 11 31
4 6 31
16 18 25
8 11 18
3 7 1
17 19 5
15 18 8
8 14 21
22 0 1
7 10 30
14 18 20
10 12 23
14 17 12
12 15 6
2 4 22
19 21 26
8 11 21
19 21 28
13 16 23
4 7 27
20 23 20
21 23 30
15 17 26
21 0 3
21 0 18
6 9 10
4 8 8
3 5 21
18 19 14
20 23 13
4 8 26
19 23 12
17 19 5
15 18 13
11 15 31
12 16 16
6 9 20
21 1 15
10 13 7
4 7 26
22 1 12
15 19 7
2 5 23
2 5 20
9 12 19
7 9 23
4 7 17
14 18 11
3 6 29
14 18 17
0 4 24
17 20 28
17 21 21
13 16 23
21 22 28
3 7 20
16 19 17
20 22 10
16 20 21
18 21 17
7 10 29
18 20 26
13 15 14
18 21 26
2 5 7
5 7 25
12 15 1
5 7 26
3 6 6
22 1 14
15 18 21
18 22 32
15 17 7
22 2 2
7 9 30
22 2 25
19 23 6
17 21 16
16 19 26
7 11 21
6 8 14
17 22 17
17 18 8
1 6 19
11 14 18
20 23 23
5 8 19
0 3 28
20 22 24
13 16 10
10 13 18
8 13 1
20 1 1
10 13 28
2 5 33
5 11 5
3 5 11
16 18 17
23 1 22
17 19 10
7 8 20
17 21 18
0 3 26
20 23 20
6 9 7
18 22 31
17 19 1
21 0 7
17 21 11
16 18 22
9 12 9
10 12 31
2 6 15
0 3 21
9 12 29
12 15 28
12 15 14
5 8 33
2 5 5
9 11 17
6 8 9
7 9 32
8 9 7
16 18 5
7 12 2
10 14 27
13 15 29
21 1 9
21 0 26
13 15 28
10 11 24
23 3 10
6 10 25
7 10 21
20 1 4
5 7 6
3 4 19
6 10 19
21 21 4
7 10 25
8 12 11
9 10 26
7 9 7
9 12 32
2 6 24
15 18 16
0 4 4
16 19 16
20 23 18
7 10 10
0 2 20
13 16 31
20 23 4
10 13 1
15 18 33
21 23 28
21 0 26
5 8 22
17 21 6
9 12 4
16 19 20
3 6 6
17 20 10
14 14 19
1 2 6
14 18 2
18 22 4
14 18 1
21 1 1
16 21 4
23 1 17
22 23 8
14 16 19
21 0 8
7 11 20
16 19 3
10 13 13
22 0 6
21 0 8
7 9 22
10 13 11
5 9 26
16 20 2
11 13 4
13 15 17
10 13 23
3 4 19
16 19 29
14 17 25
10 13 32
5 8 11
11 16 7
8 12 24
13 17 33
21 0 26
3 8 17
13 15 28
14 16 28
11 15 12
19 22 4
12 15 7
7 10 26
7 11 3
19 22 15
6 8 17
16 20 28
14 16 20
20 22 13
12 15 28
21 0 33
6 8 9
23 2 28
12 15 27
6 8 2
11 16 15
21 0 18
10 14 25
21 23 15
15 18 18
13 15 28
10 14 3
2 5 23
4 7 4
1 4 20
22 2 23
21 23 5
3 7 22
13 16 14
8 11 6
6 11 21
17 21 31
15 18 10
22 0 7
9 11 22
16 19 14
10 14 12
21 23 20
17 20 33
13 16 3
3 6 6
22 0 16
4 8 20
2 5 29
11 15 11
10 13 30
4 6 34
16 19 3
0 3 9
15 17 13
6 8 23
16 17 17
2 5 8
12 14 31
2 7 25
4 6 25
3 6 31
21 22 12
22 2 12
18 21 5
19 19 31
9 13 22
1 3 16
7 9 26
23 2 16
18 23 4
17 20 4
18 20 15
10 12 1
0 2 1
0 3 20
9 12 24
22 1 33
8 8 25
16 18 10
5 8 6
16 19 1
6 10 10
22 0 12
6 11 34
4 7 12
19 22 32
0 2 6
15 18 12
20 23 7
7 10 31
9 12 12
6 9 8
16 19 8
2 6 14
11 13 10
12 16 24
1 4 34
16 20 18
16 20 31
5 9 33
11 15 27
17 19 32
14 16 32
14 17 2
23 4 9
11 14 8
4 7 28
11 14 23
3 7 31
2 6 1
12 14 25
20 22 26
10 12 4
21 1 32
19 23 13
17 21 21
6 10 3
1 3 20
2 4 10
9 14 9
3 5 26
21 23 28
19 21 14
10 11 15
15 17 12
9 11 5
19 22 12
17 19 28
7 12 26
8 15 12
22 2 21
11 12 3
12 15 3
10 11 10
22 1 31
2 4 27
11 14 9
12 14 9
7 10 25
12 15 33
0 3 15
0 4 33
22 0 11
15 19 5
8 13 32
13 16 34
13 16 23
8 10 8
11 12 21
11 13 29
18 22 32
19 22 27
20 23 32
14 16 19
18 19 7
22 0 7
14 16 30
3 5 25
13 16 17
19 0 15
18 21 3
1 3 21
6 10 8
6 9 32
21 0 8
20 23 33
18 20 15
9 11 13
1 3 17
20 23 6
21 0 3
15 19 5
23 1 32
13 16 28
9 13 15
7 11 19
14 17 19
15 18 11
5 10 14
18 23 30
6 9 17
13 16 8
5 7 6
20 22 31
23 3 11
4 8 29
13 16 1
17 20 4
14 16 8
10 12 32
17 20 22
15 19 28
16 21 7
22 2 20
17 20 4
18 21 33
2 4 34
11 13 25
22 3 7
10 14 24
23 3 17
4 5 8
19 22 12
9 13 14
18 22 9
9 12 16
7 11 23
8 11 14
2 6 4
8 10 23
14 15 12
4 7 24
6 8 4
12 17 14
19 22 24
17 17 13
20 1 31
16 19 24
13 16 7
11 16 30
15 18 21
12 13 16
3 7 32
13 14 26
9 14 33
9 13 7
17 20 9
2 7 26
4 7 11
9 13 34
21 0 24
15 19 29
5 7 32
4 7 17
2 4 6
12 15 26
18 21 32
14 17 7
12 16 29
6 9 13
20 23 26
18 22 16
19 22 25
19 22 22
16 17 2
3 7 3
23 2 10
21 0 1
14 17 21
11 14 11
0 4 16
3 5 24
4 7 23
20 23 15
19 0 30
3 5 14
18 21 1
3 5 6
3 5 15
3 7 13
16 20 1
21 1 12
21 0 34
6 8 30
22 2 30
16 21 12
21 23 2
17 21 18
7 11 14
3 5 7
16 18 33
0 2 25
8 12 18
16 18 31
10 13 18
5 8 2
20 22 16
3 6 8
8 12 25
1 4 2
11 14 1
15 18 30
3 7 13
1 4 23
20 23 32
7 10 20
6 9 3
17 21 3
4 9 16
12 17 12
5 8 30
9 13 6
0 3 26
9 13 21
12 13 24
2 6 24
17 19 2
21 23 9
4 7 4
20 23 1
12 14 7
20 22 17
10 11 12
11 13 16
11 13 5
16 19 15
10 13 30
16 17 23
12 16 17
22 1 26
12 14 24
18 19 17
9 12 10
12 14 16
5 9 27
0 4 24
1 3 12
15 19 29
19 22 8
10 11 27
6 8 7
23 2 8
21 1 25
23 3 33
23 3 19
16 19 12
17 19 10
13 16 17
18 21 2
14 17 1
14 17 19
20 22 8
20 23 33
6 9 34
19 21 12
3 7 26
22 2 15
3 6 19
2 4 12
4 8 32
13 15 9
0 4 1
12 14 23
0 2 5
2 4 19
19 22 2
2 3 23
3 7 21
15 17 28
5 8 23
22 0 16
5 7 7
11 14 8
22 1 4
13 17 28
23 2 24
5 9 7
0 3 6
7 12 34
18 19 33
17 20 31
20 23 1
9 11 13
7 10 25
10 15 16
22 1 18
2 6 33
15 18 26
0 3 24
12 15 31
13 17 12
7 8 6
12 12 16
0 2 2
1 6 33
16 20 8
15 18 31
0 5 27
22 0 25
7 11 13
18 23 27
17 21 17
20 23 29
2 7 18
22 1 7
5 6 13
19 21 28
17 20 23
15 19 8
22 1 19
2 4 19
16 18 3
5 8 5
9 11 22
9 12 22
20 22 8
11 14 19
23 2 6
17 20 34
22 2 17
8 9 25
9 11 1
18 22 32
10 14 10
17 20 14
16 20 21
4 6 19
13 15 22
10 14 33
1 3 15
8 12 5
15 16 10
13 18 27
10 14 14
17 21 1
17 19 2
16 19 23
4 7 22
15 18 20
4 7 22
16 18 28
9 11 3
9 12 24
2 4 15
6 10 9
14 17 8
3 7 18
1 3 22
10 14 15
20 22 32
1 5 20
2 5 11
17 20 16
3 6 29
23 3 19
13 16 9
4 8 4
20 0 27
12 16 15
18 23 34
6 9 34
9 13 16
1 3 29
3 6 7
16 21 19
12 14 28
14 16 10
13 16 13
7 10 28
18 21 6
17 22 14
15 17 16
6 9 16
15 18 4
14 17 7
22 2 14
11 15 7
17 20 33
15 18 27
17 21 27
10 13 14
15 20 6
16 20 5
15 18 13
13 17 34
4 6 13
23 2 2
9 12 31
15 19 8
22 0 21
1 5 6
2 7 14
18 21 10
16 19 17
21 2 27
12 15 15
4 6 4
20 0 14
14 17 29
5 7 33
9 11 25
23 2 21
4 7 11
2 5 18
7 10 9
23 1 3
17 20 29
23 4 26
23 1 1
22 2 32
18 21 20
0 2 24
3 4 1
17 20 26
18 21 31
13 16 18
6 8 4
1 3 4
1 4 16
11 14 21
9 11 7
3 7 34
16 19 28
3 7 31
7 10 7
18 19 5
11 15 33
18 20 29
6 9 30
21 23 30
7 10 18
19 22 18
6 9 29
9 10 18
22 1 13
21 23 21
18 21 19
13 17 28
8 12 13
13 17 32
16 17 5
5 7 29
5 7 32
5 7 32
10 13 34
16 19 20
1 4 22
1 4 1
20 22 1
23 3 2
23 3 26
5 7 1
23 1 3
17 19 19
22 2 17
22 2 27
16 18 23
11 14 3
3 5 29
3 5 18
19 19 14
20 0 20
2 4 33
18 20 25
2 6 6
8 11 1
12 17 18
18 21 15
13 16 34
16 19 6
23 2 20
6 9 28
20 1 29
19 21 15
9 12 15
2 4 23
7 9 29
11 15 31
9 12 33
6 10 5
5 9 19
11 12 23
18 19 24
1 5 9
4 7 24
13 17 3
4 7 16
22 0 11
2 4 22
14 16 24
15 18 3
2 5 30
17 21 13
23 3 29
22 23 11
19 22 27
11 13 16
12 16 23
7 10 14
13 17 29
14 18 25
4 8 33
16 18 13
15 19 17
17 20 13
20 0 33
20 0 16
7 11 16
10 14 22
19 21 23
10 11 24
9 12 4
8 12 16
11 13 22
18 20 26
2 6 26
21 1 19
15 18 3
16 20 12
16 18 25
22 1 25
0 3 25
3 5 14
23 2 22
6 11 14
11 15 5
9 11 24
16 17 29
8 11 15
20 23 13
0 3 22
12 14 13
0 4 28
2 6 19
9 12 12
6 8 20
14 17 6
21 0 22
22 0 5
12 15 12
23 2 9
7 9 17
5 7 21
14 18 6
4 7 2
0 1 7
2 5 7
15 18 11
1 3 21
17 21 28
13 16 8
5 6 24
0 4 34
19 22 33
3 9 31
5 8 29
10 14 2
21 23 24
18 20 31
8 10 11
10 14 22
23 1 1
11 14 26
15 17 34
15 18 18
10 14 8
19 23 25
2 4 23
5 8 3
0 3 18
10 11 5
0 2 25
1 3 21
16 20 17
21 1 17
15 18 19
6 8 27
1 5 12
2 6 10
4 6 2
18 21 15
20 23 15
0 2 20
21 1 30
2 3 22
8 11 12
7 10 24
11 14 10
20 23 19
1 4 15
19 22 1
6 10 22
2 4 2
13 15 11
7 10 33
11 14 12
10 12 21
12 16 11
6 9 5
2 6 24
11 13 22
3 6 16
7 11 20
11 13 24
11 13 28
2 3 27
6 8 17
13 15 17
23 2 4
5 8 29
9 13 6
5 7 22
21 23 14
7 12 13
16 20 28
15 19 20
6 8 22
4 7 18
19 22 13
1 5 26
11 13 34
15 19 1
21 0 23
21 0 21
12 15 32
20 23 13
12 15 13
20 0 27
17 19 2
10 14 24
0 3 20
8 12 12
3 7 4
11 14 4
4 5 28
4 6 31
11 14 10
10 14 3
16 20 23
19 23 1
22 0 22
16 19 27
4 7 31
12 14 34
20 0 33
4 5 10
10 12 13
10 13 9
20 23 6
18 20 13
9 11 29
1 5 33
2 6 3
20 23 34
9 12 16
17 20 6
23 4 2
23 1 4
23 2 31
18 22 13
18 21 32
17 21 4
16 19 13
3 6 5
6 8 14
7 9 34
5 8 31
21 1 17
13 14 31
20 22 10
18 19 1
17 19 5
23 2 5
9 12 19
1 3 4
6 8 24
17 20 1
22 23 2
18 20 19
20 0 19
21 23 25
1 4 13
0 4 12
5 8 18
12 14 34
19 23 11
5 6 15
8 10 25
7 9 25
3 6 5
21 0 31
1 5 21
4 6 21
23 2 16
11 15 12
14 16 12
21 23 19
9 12 31
22 1 6
0 2 25
11 15 4
10 13 22
11 14 7
17 19 20
17 20 33
22 1 9
7 9 1
6 9 26
0 3 8
22 0 28
14 19 12
8 12 18
8 12 24
10 14 10
14 16 3
13 16 3
5 7 8
16 18 7
5 8 5
17 19 24
9 13 7
19 23 4
20 21 20
3 5 34
23 1 29
6 10 22
23 2 12
6 9 12
5 8 30
9 12 22
12 16 20
17 20 22
5 8 33
12 15 18
9 12 22
7 10 27
17 22 14
19 21 19
21 1 11
17 19 2
14 16 13
11 14 12
15 18 17
14 17 24
4 7 24
19 22 20
17 20 32
11 16 25
16 18 21
4 8 22
8 11 3
7 10 1
21 0 12
4 8 6
14 16 11
20 0 14
0 2 8
17 19 28
7 8 33
18 20 9
6 10 34
3 5 17
22 2 12
21 0 18
12 15 21
22 1 29
14 15 24
10 13 15
14 17 2
18 22 30
15 18 13
2 5 33
9 12 11
22 1 16
14 16 9
21 23 1
3 6 23
15 18 5
4 4 32
16 20 6
4 7 17
18 20 34
22 2 8
23 2 15
10 12 11
23 0 5
1 3 14
2 4 7
6 9 29
21 0 3
4 9 1
5 6 28
10 14 22
12 14 2
10 14 23
19 22 17
20 1 11
1 4 8
2 5 5
8 12 29
9 11 24
3 9 23
3 5 3
15 18 6
22 2 23
10 12 14
8 11 30
14 17 12
8 12 10
15 17 33
15 19 9
0 3 34
5 9 11
23 2 3
4 7 30
11 14 32
7 10 25
12 15 9
19 22 18
23 4 20
22 2 24
5 7 20
8 10 15
13 16 9
5 7 32
12 14 7
21 0 3
10 13 18
8 10 16
18 21 16
6 8 5
4 7 21
20 23 31
21 22 1
4 7 28
14 19 16
10 13 4
11 15 19
9 11 24
19 20 28
2 5 25
22 0 13
21 1 3
23 1 22
23 2 6
13 16 3
19 21 23
13 18 17
10 13 24
23 2 24
2 4 7
12 14 13
21 23 25
12 16 25
9 10 9
7 9 18
1 4 17
22 4 20
7 10 15
13 15 15
14 16 5
17 21 28
10 12 23
4 6 31
5 10 12
9 14 8
6 9 31
0 5 29
7 12 16
18 21 16
1 5 18
12 14 18
8 13 25
9 13 20
1 6 28
21 0 5
5 9 11
14 20 15
3 5 33
20 22 3
6 10 7
23 2 3
12 15 7
0 3 29
21 0 17
0 5 27
15 18 1
22 0 23
22 0 14
18 22 28
20 22 23
1 5 14
19 21 22
3 6 12
13 16 7
0 3 2
11 14 12
16 19 5
8 12 3
19 21 27
11 15 16
17 20 2
11 14 14
15 18 11
7 10 23
14 16 30
8 11 19
5 7 31
21 23 8
23 2 32
12 16 7
9 12 26
13 16 27
11 14 19
9 12 25
8 10 26
21 0 34
14 18 1
14 16 21
21 1 21
5 8 4
0 3 31
7 10 24
20 0 2
22 2 16
11 14 19
15 17 33
0 2 12
2 5 24
0 4 34
2 4 2
0 3 23
22 0 3
20 0 12
10 14 30
1 4 30
14 14 12
4 6 19
13 17 24
21 23 16
10 13 21
9 13 24
15 17 8
23 2 33
21 23 4
17 20 22
21 1 28
0 2 10
20 1 12
19 23 29
11 14 2
19 23 21
17 19 20
12 13 25
5 8 11
5 8 14
19 22 22
2 6 31
18 22 31
20 23 15
1 4 10
14 15 10
17 22 14
17 21 28
22 3 6
3 5 23
18 21 34
7 9 6
2 4 7
21 21 4
14 15 33
21 23 16
8 12 4
1 4 13
6 10 9
2 5 14
7 11 24
1 4 29
22 23 25
17 20 13
10 13 28
22 0 23
17 20 27
11 16 22
15 18 33
22 1 12
13 16 15
14 17 30
1 5 8
8 11 3
2 3 32
11 14 33
11 14 4
6 9 27
23 1 22
9 13 19
5 9 16
5 9 4
10 12 22
19 22 1
11 15 12
19 20 29
13 16 2
2 3 16
1 4 19
16 16 1
19 23 9
17 19 22
21 1 12
2 5 32
8 10 32
20 23 29
6 9 21
19 22 3
2 4 18
20 1 23
2 5 8
12 15 23
22 1 28
19 22 15
18 21 34
15 16 19
17 20 34
4 8 7
3 5 5
15 18 6
14 18 4
16 17 24
8 12 22
16 21 8
16 20 5
9 12 17
14 15 32
9 13 15
23 3 26
3 5 4
3 6 31
4 6 31
7 9 15
6 10 25
9 11 33
5 8 33
18 21 24
16 21 17
6 8 16
10 13 1
19 22 31
21 0 26
7 11 2
20 23 15
16 19 7
20 23 2
18 21 13
1 4 13
6 8 29
15 19 2
22 2 30
17 20 29
8 12 18
11 15 33
14 17 26
4 7 7
1 4 23
17 20 17
0 0 30
18 21 15
12 13 5
4 6 34
22 0 29
17 18 4
16 18 22
12 15 22
20 23 3
9 12 17
14 17 25
18 21 1
1 3 33
0 3 33
7 11 13
4 7 7
8 9 18
23 2 15
16 20 21
10 13 21
18 20 23
5 8 1
13 17 15
2 6 26
11 13 2
15 17 16
7 9 2
12 16 3
12 14 22
22 0 1
19 22 15
0 3 10
6 10 4
3 5 23
17 19 20
8 11 14
2 3 19
22 2 14
9 12 33
3 6 12
19 22 32
14 17 22
1 4 17
1 3 16
17 20 31
8 11 13
13 17 6
16 18 15
10 13 33
12 15 7
15 19 18
13 16 4
10 14 24
16 19 19
1 5 15
4 7 2
18 20 4
9 14 33
16 19 2
15 18 26
4 7 22
13 16 25
11 13 15
16 18 16
10 13 32
5 8 21
7 8 17
6 10 10
4 8 26
19 23 21
20 20 27
5 7 23
5 10 11
3 5 5
22 0 10
4 7 10
2 4 10
20 0 24
20 23 16
4 8 22
19 23 3
20 23 25
12 13 34
19 23 26
19 23 8
13 16 33
13 15 9
0 2 1
11 13 2
1 5 18
15 18 25
17 20 9
22 3 26
14 18 23
18 20 31
16 17 10
10 13 33
17 22 22
6 9 34
16 19 18
6 8 6
7 9 4
1 4 13
7 10 31
15 19 18
0 3 13
20 22 23
1 5 20
23 2 33
1 3 33
22 1 9
22 2 7
1 4 2
4 7 21
7 9 9
1 4 5
6 10 24
8 10 8
13 15 26
18 19 32
23 3 14
17 20 2
12 17 27
17 20 17
0 2 16
3 8 9
11 15 16
11 15 33
6 9 10
18 20 15
9 11 23
23 1 9
20 23 25
9 10 32
0 1 30
21 0 20
8 11 13
23 3 7
0 4 16
22 1 31
17 20 26
17 21 8
15 20 9
4 6 18
14 17 26
0 3 23
9 11 17
13 16 17
10 11 23
9 12 17
10 14 27
19 21 34
0 3 28
9 12 21
19 21 26
2 4 19
9 13 6
0 4 30
5 9 21
5 7 15
21 1 7
18 19 32
16 18 23
3 6 27
10 13 32
10 11 15
4 6 6
17 20 29
5 9 11
5 9 17
12 15 11
3 7 32
16 19 9
19 22 9
23 2 14
1 3 20
5 8 15
1 5 24
12 16 4
14 16 27
14 17 23
2 5 3
13 17 25
4 7 19
2 4 5
8 10 12
13 18 34
14 16 7
2 4 23
9 11 3
6 8 11
19 21 8
11 15 33
1 4 21
10 14 1
4 7 10
1 5 26
19 22 30
8 9 11
22 0 14
14 17 24
1 3 5
22 0 21
9 13 16
14 15 7
23 2 12
19 21 23
11 14 28
16 20 30
2 5 11
5 8 31
18 22 33
17 20 30
13 16 21
7 7 16
15 17 13
0 2 10
18 22 26
20 22 3
16 20 26
21 0 5
12 16 2
10 13 4
16 18 19
17 20 32
3 6 33
13 15 5
10 14 9
22 1 34
9 11 17
11 15 7
23 2 22
20 23 17
9 13 30
17 20 6
1 5 24
19 22 5
19 23 9
14 19 2
17 20 22
3 5 4
20 23 6
6 9 28
17 19 3
5 9 10
11 15 15
3 6 3
10 13 34
12 16 2
3 6 18
12 16 16
18 22 16
7 9 11
7 12 3
22 23 11
9 13 19
16 20 3
9 11 11
2 7 33
19 22 25
19 1 11
7 9 2
3 7 32
10 13 8
1 4 27
12 14 24
10 11 8
1 5 29
21 23 21
18 21 4
3 5 3
10 12 7
9 10 18
9 11 15
23 1 33
14 16 6
5 7 11
11 15 15
19 22 21
5 9 16
1 3 20
23 1 27
10 11 11
4 7 11
17 19 23
9 11 5
7 10 14
23 3 24
19 22 30
14 18 24
22 1 17
8 11 9
8 11 29
17 20 9
9 13 10
20 0 26
18 21 3
5 8 32
0 4 28
22 23 4
7 11 25
23 2 13
10 12 7
20 21 12
17 21 32
20 22 24
20 22 2
17 20 9
12 17 27
20 0 31
17 18 3
7 11 14
1 5 21
14 17 25
2 6 11
5 5 11
16 17 1
19 23 10
21 0 28
21 1 28
15 17 4
18 22 10
13 16 25
13 16 12
10 13 22
16 21 28
1 4 5
14 16 1
3 5 4
9 11 8
0 1 32
7 11 5
5 6 22
2 5 26
7 10 18
15 18 19
20 22 14
12 14 21
6 9 26
22 3 28
7 9 14
4 8 6
0 4 18
1 4 8
3 4 2
6 9 32
7 9 5
18 21 6
16 18 28
4 5 16
13 16 2
13 16 17
3 5 11
6 8 28
16 17 2
5 10 21
15 20 26
4 6 34
16 21 7
3 8 31
22 0 25
7 10 28
18 22 13
5 7 20
9 13 29
6 10 11
3 7 9
23 3 27
3 6 30
9 11 20
14 17 32
18 21 23
23 1 27
7 8 4
13 15 9
16 21 23
7 11 4
5 7 29
16 19 12
21 23 7
20 0 20
18 21 6
15 19 22
9 12 32
6 9 29
7 8 15
6 8 16
4 8 7
4 7 30
22 2 1
8 12 18
16 19 11
9 12 5
14 18 13
16 19 34
4 7 11
17 22 31
2 5 4
7 12 29
14 16 17
22 1 27
10 13 26
3 7 6
6 10 30
5 7 12
9 12 16
19 21 20
3 6 34
12 15 7
2 6 12
5 7 4
5 6 12
2 6 13
17 19 19
18 21 7
3 6 22
3 5 2
15 18 29
2 7 7
12 15 12
18 20 27
5 8 12
6 9 10
7 9 6
3 6 19
0 2 2
23 1 22
1 4 15
19 23 12
3 6 24
7 10 10
7 10 5
16 21 18
1 3 15
17 21 18
1 4 8
15 18 18
21 23 12
18 21 2
19 23 30
10 12 23
0 3 5
6 10 7
14 20 34
15 19 27
0 4 28
1 4 13
8 10 7
4 7 5
0 3 31
15 19 26
13 15 1
14 18 26
9 13 26
14 18 34
3 7 4
15 17 23
11 15 15
0 4 32
16 19 29
19 22 15
8 12 1
3 4 25
11 14 5
1 5 29
6 9 32
21 23 12
5 6 2
10 11 15
15 18 6
6 10 13
