5000 39
15 9 15 35 23 9 37 31 4 33 17 1 36 28 17 30 4 15 4 25 10 17 1 33 23 8 30 16 31 10 39 34 8 33 8 22 8 35 17 
23 5 6
2 5 26
2 6 19
4 6 19
1 3 36
10 13 23
15 18 19
4 7 23
1 5 21
13 16 22
13 17 1
19 21 18
10 13 34
12 16 6
11 14 37
1 2 4
19 23 18
2 8 4
12 16 5
12 14 36
19 20 15
14 18 20
15 18 39
22 0 32
6 9 7
23 2 21
2 5 19
14 16 23
3 6 2
11 12 17
10 12 12
9 12 38
19 22 1
8 11 36
12 15 28
4 6 10
10 14 25
21 1 31
2 7 10
2 6 32
13 16 36
4 6 19
8 11 9
4 7 37
16 17 26
21 23 3
13 16 37
12 16 13
7 10 15
1 2 17
22 1 2
11 13 13
18 21 4
2 6 27
20 1 5
16 18 21
19 22 12
19 21 16
7 10 31
23 4 36
23 3 11
21 23 11
4 7 9
21 0 22
23 2 38
2 5 7
9 12 14
22 2 26
16 20 17
14 18 14
14 17 10
12 14 33
18 21 23
5 8 23
18 22 38
18 21 29
7 11 17
8 10 4
14 17 11
21 1 3
15 18 18
23 2 30
8 9 19
15 19 27
23 3 31
17 21 4
11 13 38
17 20 7
5 7 28
18 19 10
0 2 27
11 14 15
3 6 5
21 0 27
7 9 34
1 4 38
21 23 14
11 15 24
7 11 27
20 22 10
9 10 10
16 20 38
11 13 24
0 4 10
20 1 5
13 16 12
1 4 18
6 9 14
17 19 28
17 20 2
6 9 11
5 9 12
22 1 27
1 4 33
11 16 2
8 12 29
13 16 29
21 21 38
2 5 22
14 17 12
13 15 10
3 7 3
21 2 5
5 7 18
15 18 10
23 1 34
22 1 14
21 2 15
3 4 21
20 2 36
17 19 11
0 3 38
20 22 38
15 20 32
6 7 11
17 20 19
13 16 16
21 1 39
6 9 23
19 23 31
16 19 25
11 13 19
6 8 29
0 5 33
18 21 36
11 13 31
23 2 5
11 13 12
20 22 31
11 15 8
17 20 12
14 16 18
23 3 27
23 4 36
13 17 16
1 2 12
22 1 19
8 10 26
2 5 10
20 23 29
12 17 10
22 1 3
12 15 19
22 0 3
7 11 3
9 11 9
13 16 14
1 5 22
11 15 38
4 6 14
12 14 4
13 18 35
19 0 38
4 7 11
7 10 16
0 3 12
23 2 8
13 16 11
18 22 25
21 1 11
6 10 10
5 9 33
6 7 7
3 3 15
12 14 5
14 17 24
4 9 29
8 11 29
7 11 5
8 11 22
1 6 14
10 12 16
7 11 18
5 8 12
7 11 19
20 23 3
17 19 20
17 20 14
2 3 6
11 16 31
18 21 15
17 21 23
14 17 32
18 21 22
13 17 6
20 0 29
19 22 2
8 11 8
23 2 9
6 10 37
19 22 2
10 14 34
16 20 13
13 15 7
9 12 31
17 21 18
12 15 16
12 15 3
17 20 22
3 7 36
4 7 7
19 21 36
12 15 9
19 23 11
9 12 18
5 7 8
10 13 19
10 13 7
8 11 32
15 18 5
3 6 9
9 13 17
0 2 23
9 11 26
23 3 8
22 0 26
15 20 35
21 22 2
20 22 8
13 14 1
9 11 33
0 2 10
6 9 34
16 19 11
20 2 20
22 1 6
16 18 15
22 2 36
21 23 13
14 17 11
22 2 1
10 12 2
4 8 1
20 23 30
20 21 34
17 18 25
12 15 7
16 20 15
14 19 8
23 1 26
22 3 17
1 5 29
23 3 24
6 9 28
16 20 32
15 17 3
4 7 27
14 17 29
14 17 35
6 9 14
9 12 31
6 7 21
5 8 23
13 17 5
18 22 14
23 2 34
6 9 36
21 0 38
20 22 5
8 11 9
6 9 3
3 5 7
14 18 16
9 13 38
4 7 21
6 8 19
1 4 2
9 12 10
13 15 36
20 23 30
10 13 2
4 9 27
23 1 36
9 12 19
19 23 23
17 20 21
9 12 36
2 5 17
14 18 13
4 8 2
16 20 39
0 3 30
16 19 8
18 20 8
3 7 29
1 3 37
14 18 16
14 16 2
2 5 17
17 20 10
22 2 32
2 5 27
9 12 1
14 16 19
11 15 36
23 4 4
7 10 37
5 7 31
2 7 6
2 6 33
10 12 3
20 0 6
16 19 23
0 2 2
11 13 30
10 13 18
22 3 31
7 8 1
2 4 9
8 11 8
0 3 35
9 13 30
0 3 7
2 5 37
8 11 18
4 5 6
10 11 36
19 23 1
7 10 39
21 23 34
18 19 36
0 3 33
7 11 9
20 0 23
19 22 20
15 17 9
12 14 28
6 8 13
18 22 31
20 23 38
6 9 30
11 14 29
23 2 32
1 3 15
1 2 16
6 8 31
21 23 31
18 0 8
4 7 39
6 9 2
14 15 10
17 19 24
22 0 19
10 12 39
23 3 30
5 8 38
12 15 15
2 5 18
15 19 15
3 3 37
13 16 32
21 0 38
11 14 7
15 18 26
12 15 1
23 1 22
12 16 35
10 13 7
9 11 24
11 14 8
16 19 10
0 3 29
6 8 33
20 22 22
13 15 10
9 12 2
23 2 3
7 10 23
2 5 38
0 2 28
18 19 28
17 21 35
17 21 2
19 22 19
22 1 11
18 20 4
6 8 34
3 7 20
0 1 1
1 4 29
0 1 9
10 11 32
2 5 28
4 7 39
6 10 6
9 11 1
14 17 16
1 5 29
5 8 34
3 7 31
16 18 37
20 23 14
15 20 10
11 15 24
7 9 14
6 7 27
0 2 6
3 7 31
23 0 22
5 9 36
23 4 25
1 5 26
10 14 29
17 20 25
8 10 1
0 2 32
4 6 23
15 16 36
1 5 19
16 20 9
4 8 4
9 13 4
21 1 36
13 17 7
11 14 6
1 4 6
6 10 11
10 14 29
14 17 24
21 23 29
12 16 32
12 14 39
23 2 33
6 9 24
8 10 13
16 18 39
19 22 26
6 10 18
1 3 39
13 18 19
19 0 4
21 1 28
22 0 16
20 22 5
15 18 35
12 15 2
23 3 36
8 10 15
19 22 39
0 4 1
8 11 11
15 18 14
0 4 38
6 8 29
0 2 18
21 2 9
0 2 23
4 7 37
10 12 37
4 6 35
18 21 29
21 22 38
13 15 11
22 2 3
13 16 30
17 19 31
22 1 13
6 11 39
17 20 16
14 17 24
15 19 30
3 4 5
15 18 10
6 9 39
9 11 11
7 10 3
5 7 6
22 23 24
16 18 9
10 15 15
14 17 24
20 22 37
13 16 32
16 20 23
12 16 24
4 8 23
4 7 29
18 20 17
2 3 32
23 1 27
10 12 3
15 18 37
0 4 22
10 13 30
15 17 1
23 3 12
9 13 8
18 19 14
21 1 26
4 7 32
0 2 1
2 6 27
23 1 9
8 9 10
12 15 14
23 2 12
10 11 22
12 16 12
23 4 29
3 6 38
17 20 17
6 10 12
7 10 15
22 0 22
18 23 4
22 1 36
7 11 1
14 17 1
1 3 5
13 17 38
11 15 30
23 4 14
13 15 20
18 21 1
16 19 23
4 7 13
7 10 19
5 8 20
3 4 25
10 12 12
16 18 32
2 5 15
20 23 27
17 20 29
19 23 24
13 16 6
7 10 33
6 8 32
18 22 32
1 4 7
12 16 13
15 17 29
11 15 18
2 6 10
22 0 11
2 5 16
19 22 4
5 9 10
2 3 12
15 20 9
3 4 6
23 3 8
10 11 24
19 23 32
5 7 26
3 4 38
17 19 13
18 20 8
12 14 2
17 20 34
20 0 34
21 0 29
14 17 39
7 10 37
22 1 39
7 11 15
17 20 19
3 9 15
15 17 6
10 14 22
20 22 13
9 10 37
7 8 8
9 12 25
16 18 16
21 23 25
6 10 26
6 9 38
17 21 4
17 20 25
13 16 13
5 8 3
10 14 39
3 6 8
20 23 36
9 12 15
19 23 9
20 2 31
20 23 10
16 18 25
9 12 24
7 9 1
7 10 28
18 21 30
0 3 13
23 2 9
12 16 33
5 7 21
2 6 18
6 9 26
3 6 22
5 6 27
5 6 34
8 11 7
1 5 23
13 17 10
13 15 32
13 15 14
7 12 27
6 9 34
12 14 1
17 21 6
0 4 27
12 17 34
13 16 22
12 12 38
6 9 27
17 18 19
20 21 10
21 1 31
4 6 39
1 2 5
21 0 16
7 9 15
10 14 34
10 14 5
17 21 9
20 1 18
5 8 38
17 20 18
10 12 2
23 0 28
13 17 32
13 18 32
11 14 35
0 4 13
22 0 25
17 19 20
5 8 27
22 1 34
22 1 24
23 2 13
13 15 23
19 22 26
15 19 33
2 5 36
5 8 22
9 13 19
3 7 31
6 11 4
23 4 34
13 17 6
11 13 20
9 13 3
5 8 7
3 7 16
8 12 35
20 21 29
14 17 37
9 12 18
19 22 21
7 10 37
7 10 7
0 3 1
16 18 24
22 1 23
20 23 9
22 3 24
6 8 31
14 18 5
16 19 18
14 17 4
13 16 10
4 7 1
4 8 23
1 3 12
9 12 25
16 18 16
3 6 19
11 14 14
8 11 38
2 6 12
7 11 4
17 20 10
8 12 33
12 17 23
11 15 8
19 21 25
18 19 14
4 8 6
19 22 28
14 15 3
8 10 26
16 19 35
3 5 5
20 23 33
13 16 23
16 20 30
3 7 39
15 17 1
2 5 18
3 6 22
23 1 34
16 19 22
5 8 27
15 17 6
2 5 27
6 9 31
1 5 39
19 22 22
7 9 27
4 6 30
10 13 38
18 20 38
13 15 14
20 0 26
9 11 26
6 9 24
14 18 9
3 7 11
4 7 4
22 2 39
23 1 7
1 5 1
8 11 5
23 2 20
6 10 29
0 3 31
8 12 7
17 20 35
19 0 34
18 19 18
21 23 35
0 4 14
16 19 25
16 19 19
22 1 37
9 13 11
2 5 6
22 2 4
21 22 20
23 1 18
19 21 5
6 10 39
6 9 2
6 10 8
6 9 12
14 17 17
8 10 6
3 6 24
1 4 23
6 8 39
21 0 30
4 8 1
4 7 37
5 8 13
17 19 1
11 15 39
7 8 5
15 19 15
16 19 9
17 18 39
10 14 4
5 9 16
11 14 6
2 4 15
9 11 18
1 4 7
9 11 11
20 22 12
17 20 1
8 11 12
0 2 19
15 17 23
20 22 10
20 23 10
23 2 32
20 22 8
0 1 26
13 16 6
0 2 34
1 5 17
11 13 31
7 10 24
4 5 12
5 7 17
10 14 36
6 9 19
8 11 3
2 7 1
7 9 11
15 16 1
18 22 36
10 13 30
11 15 39
9 14 22
19 22 17
22 23 39
13 15 30
8 11 31
21 23 15
18 23 32
17 20 17
18 19 21
15 20 7
23 3 33
13 16 16
4 7 17
22 0 29
20 22 7
10 11 6
23 2 28
7 10 24
21 1 22
9 13 26
11 15 7
9 13 33
18 21 39
23 2 39
16 20 25
15 19 26
14 16 6
5 9 14
0 3 11
2 5 3
11 14 38
11 13 24
7 11 6
22 2 14
22 2 22
0 4 8
9 12 19
19 20 11
15 18 34
11 13 24
11 16 12
4 7 31
16 18 33
13 13 32
14 17 37
12 16 27
7 12 9
15 20 1
8 11 29
8 10 4
15 18 9
11 13 17
23 3 31
16 20 39
5 9 30
7 10 35
18 21 34
18 23 38
23 0 33
21 1 39
9 13 27
2 6 9
15 17 32
17 20 4
6 8 33
11 14 33
18 19 31
6 8 18
17 22 19
15 18 12
15 18 9
14 20 37
10 13 28
21 23 18
5 10 26
21 0 28
14 17 8
2 5 2
12 15 10
13 15 7
17 22 21
2 5 31
21 0 12
21 23 22
5 8 32
10 13 24
12 16 33
16 19 24
10 14 23
7 11 27
7 10 33
17 21 26
14 16 35
10 13 28
9 12 37
2 5 30
20 23 31
4 7 16
20 1 8
22 1 29
13 16 4
11 14 21
22 3 25
21 23 18
19 19 16
5 8 28
21 23 28
5 11 21
21 0 23
1 4 14
19 23 17
4 8 7
23 1 38
3 7 31
18 20 25
9 11 38
13 16 2
21 1 39
14 18 32
5 7 26
6 9 2
1 5 6
0 3 21
13 16 34
13 17 22
18 20 26
23 3 24
11 14 26
8 11 14
0 4 10
8 11 26
21 1 4
9 11 8
1 4 35
20 0 5
12 15 20
20 23 8
6 9 4
23 1 28
11 14 32
19 23 7
19 23 34
0 4 1
2 5 3
4 7 10
4 7 21
16 19 34
23 3 34
4 7 9
5 7 13
9 13 7
23 1 14
6 7 34
8 14 14
11 14 22
12 15 15
22 2 33
9 12 19
19 22 27
15 18 27
18 21 10
17 19 38
7 12 9
21 22 13
13 16 2
7 10 6
0 3 31
19 22 5
4 7 27
0 4 29
2 5 28
13 15 11
22 0 28
11 12 29
14 18 13
13 16 3
18 20 13
14 17 31
20 21 12
18 22 28
20 23 37
17 20 3
22 1 12
20 1 12
3 7 28
17 20 19
2 7 24
4 5 2
17 20 22
15 18 15
23 2 8
9 13 2
0 3 23
5 8 19
10 14 26
2 6 13
16 18 30
8 12 24
4 8 20
19 22 29
16 19 24
23 2 21
14 17 25
19 23 28
13 13 9
19 22 23
15 18 35
5 8 35
22 1 18
22 2 7
2 4 17
1 4 3
18 21 4
10 15 33
14 16 33
21 0 14
20 0 5
10 13 25
12 14 6
15 18 26
7 9 18
22 23 29
1 4 16
3 7 12
19 22 35
5 7 27
10 14 15
17 20 31
19 22 37
22 23 22
19 23 39
9 12 36
20 22 7
2 5 14
3 7 28
20 0 22
4 7 19
14 17 23
11 15 2
7 10 23
23 2 22
18 21 32
15 17 37
3 5 31
23 1 29
14 17 26
1 4 12
7 10 8
6 9 21
21 0 34
11 16 10
21 23 2
9 11 5
20 22 22
6 8 9
14 19 34
11 14 1
14 16 8
11 14 30
6 9 6
8 11 31
22 2 26
22 0 32
16 18 8
14 17 9
8 11 27
13 15 25
21 23 27
6 9 3
19 22 16
11 14 20
16 17 20
17 19 39
4 6 35
11 14 30
13 18 18
16 19 14
10 11 9
22 1 1
18 21 20
12 14 4
0 3 21
10 13 12
22 0 37
11 14 4
3 6 8
14 17 7
15 18 1
22 23 28
3 7 14
16 19 25
21 22 21
3 6 3
6 8 11
20 22 29
18 22 9
8 10 12
11 16 20
14 16 11
14 18 16
20 1 1
9 11 39
12 16 15
2 4 17
2 5 36
6 8 23
4 6 35
1 3 31
3 7 12
18 21 3
21 1 13
11 14 24
2 4 6
0 4 10
17 19 2
9 13 2
20 23 16
5 8 37
7 10 28
0 3 25
9 12 23
9 10 9
13 14 36
20 22 23
7 10 16
14 16 31
19 22 32
15 16 25
5 8 19
9 12 6
0 3 31
15 18 18
5 7 8
13 15 20
13 17 21
3 7 33
22 0 14
10 13 7
6 11 7
22 3 4
12 15 8
1 5 37
22 1 34
16 18 7
15 17 14
2 4 15
9 13 6
13 16 11
6 8 17
12 14 4
1 3 5
3 6 9
2 6 16
2 6 37
1 4 34
15 20 24
9 13 33
4 8 24
8 10 17
20 23 38
7 9 34
4 7 12
0 2 34
22 23 37
18 21 12
13 16 8
23 1 17
8 10 18
7 10 27
21 0 9
0 4 24
16 19 32
6 8 20
6 11 36
14 16 4
11 12 22
2 4 18
5 9 36
20 0 12
21 1 17
19 23 29
20 1 15
23 3 17
9 12 7
5 7 6
3 4 5
17 20 31
1 3 8
11 14 30
19 23 5
8 10 19
5 7 25
1 3 19
15 17 5
14 17 14
0 1 27
8 12 30
0 2 15
4 6 33
11 14 18
19 23 30
4 8 22
5 7 39
5 8 24
3 7 3
12 16 2
23 3 27
19 22 36
23 3 39
3 7 24
13 15 35
4 7 37
8 11 10
17 19 31
8 9 29
5 9 24
20 23 1
14 17 5
17 20 14
4 7 38
22 0 5
4 8 36
19 21 27
4 5 26
3 6 6
19 23 21
10 13 9
5 9 6
2 5 30
8 11 27
13 15 14
21 0 15
21 0 17
8 11 10
21 22 33
22 23 4
0 3 6
21 0 24
19 22 15
5 9 23
0 2 38
15 18 21
20 1 15
20 1 20
23 23 20
1 4 20
0 3 32
20 23 21
2 5 30
19 23 35
18 22 28
21 0 2
7 9 7
21 0 26
14 18 5
5 8 19
10 14 32
16 18 39
2 6 5
6 9 3
8 10 3
1 3 16
3 6 6
7 10 15
7 10 19
9 14 20
14 17 37
17 20 19
17 20 28
23 3 38
21 22 25
19 22 6
9 11 25
1 4 39
12 16 4
10 12 38
18 21 30
10 12 38
15 19 12
8 12 6
1 5 23
12 16 1
0 6 35
14 16 34
0 2 37
13 16 17
21 0 10
19 1 23
23 2 22
15 17 11
6 10 26
11 14 21
17 22 21
1 4 17
17 20 25
15 16 5
17 19 26
7 11 8
4 9 22
14 18 9
9 13 15
11 11 16
11 13 30
11 16 36
0 4 39
0 5 38
14 18 16
4 8 31
14 17 11
13 16 4
3 8 9
15 18 5
18 22 33
8 9 12
6 9 6
13 15 13
0 4 10
6 9 10
14 18 2
8 12 34
4 7 5
21 0 5
6 10 28
8 12 20
15 17 39
10 12 31
20 0 4
6 9 23
14 15 5
9 11 1
16 20 13
13 17 31
1 4 13
0 4 37
22 1 32
16 21 12
3 7 10
19 21 19
15 18 35
12 15 16
10 12 28
1 3 14
17 19 24
9 11 17
14 18 11
20 23 31
6 9 25
17 20 2
9 11 13
12 17 24
4 8 13
15 17 36
17 21 21
21 1 10
5 6 13
23 0 28
14 20 33
6 8 13
21 0 37
5 8 39
10 14 9
1 4 17
19 0 17
19 0 22
9 12 10
1 5 14
10 12 14
2 6 22
6 9 25
15 18 30
4 6 4
7 10 34
17 21 20
0 5 14
2 5 6
21 1 32
10 14 37
12 17 24
1 4 11
23 1 34
1 5 27
15 19 39
21 23 11
7 10 1
9 11 36
17 21 15
3 6 38
19 22 37
18 21 23
14 17 1
2 5 28
23 3 30
7 10 20
8 11 18
8 11 26
9 13 33
7 8 1
10 12 29
17 22 32
16 19 6
11 14 35
12 14 38
19 22 34
12 15 16
19 22 36
3 6 26
1 4 5
18 22 8
6 8 15
3 7 24
16 20 20
15 20 3
12 14 8
22 2 13
10 13 9
6 9 29
0 3 36
5 9 39
6 9 29
12 16 21
16 19 27
4 7 10
18 21 35
19 21 6
10 12 28
4 6 31
0 4 4
14 17 19
8 11 29
12 15 26
5 8 30
12 15 35
9 14 39
6 9 12
14 17 37
14 17 30
8 11 9
18 21 8
12 16 13
23 0 37
16 20 33
9 11 32
11 13 21
15 17 10
0 3 5
0 5 9
12 14 12
2 6 22
6 8 1
7 11 30
19 21 39
1 4 26
16 19 29
22 23 6
15 18 9
17 20 23
21 0 10
4 5 34
3 8 20
23 2 34
21 0 29
10 14 35
12 14 28
4 8 36
21 0 38
16 19 28
19 21 35
8 12 38
23 2 14
10 14 2
21 0 28
23 0 16
9 11 37
15 16 9
14 19 10
0 4 20
12 15 31
19 21 18
2 5 20
3 4 8
8 9 9
12 14 35
0 2 13
19 20 16
7 9 34
12 15 23
17 18 27
19 21 12
12 14 11
18 20 13
18 22 36
8 10 4
1 4 2
2 5 32
21 0 19
18 23 30
21 1 11
2 7 34
16 19 27
11 16 24
12 14 19
9 13 14
1 5 26
12 14 20
9 11 12
1 3 1
12 17 4
14 16 10
8 12 22
14 17 22
9 11 7
17 21 10
7 9 12
17 20 24
4 7 12
11 14 20
12 16 36
7 11 22
4 8 22
1 6 14
16 19 35
1 5 17
11 15 6
22 1 34
3 5 35
15 17 34
15 18 21
8 10 18
18 21 4
0 5 11
3 6 9
22 2 3
7 8 8
15 17 32
12 15 30
7 11 12
17 21 38
7 9 29
14 17 3
12 15 7
21 0 36
6 11 14
13 16 23
9 12 22
17 20 29
11 15 33
22 1 16
16 20 10
4 6 24
7 10 16
12 14 26
14 19 24
10 13 22
0 1 10
19 22 18
2 6 32
12 15 14
11 13 27
23 3 14
10 14 31
9 12 8
1 5 6
10 13 25
6 9 35
23 0 9
11 13 39
21 0 16
16 19 16
5 8 5
8 13 22
2 6 24
8 12 16
22 1 39
5 8 15
19 23 5
12 16 39
1 3 30
0 4 27
3 6 27
11 14 5
11 16 29
3 3 28
12 15 27
1 3 33
16 19 17
13 13 7
3 5 35
22 0 1
4 6 6
22 1 6
2 5 2
16 19 10
16 19 32
7 10 9
12 14 10
20 0 26
23 4 25
16 19 12
2 5 30
10 14 38
10 13 24
5 9 9
22 0 17
16 19 13
7 9 29
5 7 36
23 1 11
11 16 25
17 20 5
21 0 15
19 23 20
0 3 35
13 18 10
4 8 28
5 7 10
16 18 20
23 3 29
3 6 10
15 20 18
17 22 4
4 8 17
19 20 26
20 1 17
22 1 9
9 14 31
14 16 21
7 10 7
23 2 15
10 12 16
17 20 14
13 15 9
20 0 17
23 1 8
0 2 34
15 18 34
13 17 7
7 10 31
7 10 17
16 21 3
16 20 8
7 11 37
13 17 8
3 8 4
19 0 27
10 14 14
14 16 24
22 2 39
12 15 25
14 17 33
4 9 19
7 11 14
8 11 12
0 4 14
8 10 20
6 9 13
9 12 39
23 1 33
8 10 33
2 3 33
4 9 16
16 19 38
2 5 36
6 9 33
14 16 29
5 9 13
18 21 25
7 8 33
7 10 8
0 2 12
17 20 36
11 16 32
4 7 36
7 11 18
19 0 17
22 1 17
9 12 20
12 16 11
20 23 17
8 11 27
2 5 29
9 12 35
23 3 25
8 12 35
22 1 18
16 20 31
16 20 34
4 7 24
11 15 16
20 23 17
2 5 33
23 3 1
23 2 12
21 1 35
7 8 38
10 11 28
11 13 17
20 23 16
16 18 1
17 19 38
12 15 35
14 17 6
14 17 1
16 20 15
7 10 8
9 13 17
22 0 4
9 12 14
20 22 7
12 13 35
4 7 26
20 22 28
7 10 28
20 23 29
10 13 11
18 22 22
6 9 3
9 11 5
18 22 10
9 12 18
19 22 4
14 16 29
7 9 34
4 6 22
10 14 9
12 15 19
23 3 14
20 0 10
9 12 16
23 3 11
9 11 14
4 6 29
17 19 5
16 18 19
21 1 5
1 4 25
20 23 34
21 1 15
12 14 28
3 5 14
15 17 10
20 0 36
19 20 12
5 7 22
5 7 8
13 15 18
12 14 28
8 10 3
14 18 2
23 3 3
10 11 36
0 2 10
10 13 4
22 1 14
4 7 26
13 18 29
9 11 7
19 21 3
9 11 31
9 11 12
6 10 11
12 15 11
3 5 26
22 1 39
11 15 10
15 18 39
12 14 29
13 16 22
8 12 22
18 21 35
5 8 12
2 4 18
11 14 32
9 10 25
1 4 8
13 17 1
5 7 14
0 3 19
12 15 35
20 0 21
14 16 6
11 15 27
5 8 9
15 18 19
21 0 7
11 13 16
7 11 5
20 21 19
2 6 3
10 12 1
17 21 10
20 23 22
21 23 24
13 17 16
11 15 1
23 2 19
21 1 36
17 19 31
3 6 20
1 5 23
10 14 36
5 10 21
22 2 9
23 2 4
22 1 13
0 4 7
15 19 5
6 8 25
11 14 9
10 11 14
1 2 21
20 23 30
19 23 11
7 9 38
14 16 11
17 19 15
20 22 2
13 17 11
12 15 12
10 14 7
16 18 34
3 4 2
19 23 16
14 16 16
17 19 16
5 9 19
16 20 32
1 4 33
23 1 3
0 3 9
6 10 30
16 20 12
11 15 33
7 10 15
5 8 20
13 14 14
10 13 39
1 5 14
9 11 5
23 1 21
17 19 17
8 11 16
17 19 2
0 3 8
9 13 25
4 5 24
6 10 20
13 16 1
18 21 14
7 10 11
3 6 32
13 16 38
16 19 5
11 14 13
1 4 38
22 2 3
0 2 3
18 21 8
13 16 35
13 15 19
9 12 15
20 0 22
23 3 8
3 4 2
1 5 27
11 13 21
17 22 5
23 2 19
18 21 32
18 22 37
7 10 30
17 19 2
19 22 23
19 20 30
17 19 28
17 21 39
5 8 20
10 13 22
10 14 15
3 6 27
5 8 2
13 15 20
6 9 18
4 6 23
1 5 5
18 22 38
14 19 12
17 20 1
11 15 6
3 6 10
8 12 25
10 12 27
18 22 13
9 13 27
18 21 32
11 14 35
9 12 26
22 2 11
9 12 15
9 13 12
20 22 17
23 2 23
20 22 23
14 16 32
6 9 36
13 17 28
2 6 27
4 7 10
22 0 31
9 12 13
7 10 14
15 19 35
22 1 16
22 0 32
11 13 21
11 13 9
12 15 35
22 23 27
10 14 36
16 19 33
22 1 22
4 7 10
19 20 2
11 14 4
12 14 3
9 12 33
18 21 4
7 10 16
14 19 20
10 13 8
12 15 17
20 0 22
16 19 9
23 2 5
18 22 1
15 17 21
2 6 26
20 22 32
8 12 23
12 17 7
7 11 20
18 20 11
9 11 21
10 14 32
7 9 26
0 3 5
3 7 28
7 11 33
20 22 33
10 13 22
9 11 38
5 10 4
9 12 35
0 2 7
18 20 29
13 15 39
0 1 21
14 17 32
3 6 1
23 3 33
21 3 37
18 21 34
3 6 2
9 12 15
23 2 20
10 13 34
4 6 27
8 12 27
8 10 22
18 21 4
19 22 31
10 14 28
1 3 2
9 13 27
9 12 33
23 1 15
19 22 12
7 10 39
22 2 22
3 5 36
19 22 24
11 14 12
9 11 26
0 4 36
14 17 36
20 23 35
23 3 35
19 21 24
0 3 13
3 6 35
16 20 8
18 20 30
7 10 31
3 6 21
20 23 21
4 7 31
20 1 32
5 8 7
7 12 20
22 22 27
21 1 7
3 5 34
2 3 38
10 13 2
15 16 16
2 5 3
12 16 23
3 5 3
5 7 1
0 4 9
2 6 23
17 21 3
23 3 32
11 13 38
10 13 13
16 19 4
23 3 9
12 14 6
15 18 7
16 18 32
13 18 20
5 8 12
0 2 13
0 3 10
6 10 19
2 6 6
16 19 24
11 12 13
18 20 11
11 14 21
14 16 29
16 19 27
9 12 2
0 4 28
13 16 23
8 12 31
2 4 36
17 18 32
22 1 34
5 8 4
10 13 32
1 3 12
15 17 39
6 11 28
20 23 20
2 4 11
14 18 1
2 5 32
12 14 5
7 11 29
20 23 26
23 2 12
21 23 15
21 0 22
17 20 10
14 17 5
11 14 34
1 4 26
8 11 24
13 16 39
14 16 39
6 6 10
0 3 16
22 0 15
5 6 28
2 1 38
16 20 20
2 5 18
12 14 32
3 6 16
3 6 1
23 2 34
13 16 32
7 9 25
17 20 2
13 15 21
23 1 25
18 21 9
18 21 35
10 12 15
22 2 33
20 0 28
2 5 16
17 19 31
8 11 39
21 0 26
7 10 28
14 18 27
2 4 25
23 1 12
18 21 7
13 16 15
18 21 19
4 7 29
19 21 37
20 23 27
20 23 15
6 9 12
0 4 2
2 5 35
10 11 3
6 8 33
5 8 23
18 22 34
1 2 8
8 10 23
20 23 34
3 6 17
10 11 38
22 0 36
11 13 11
3 6 19
6 8 11
6 9 10
6 11 8
20 23 12
4 7 7
16 17 27
13 17 36
18 20 13
10 13 2
19 22 24
2 7 30
14 16 31
8 10 6
2 4 19
10 12 4
9 12 33
13 15 24
1 3 36
13 15 37
6 9 24
22 2 25
2 5 7
5 10 16
7 10 10
19 21 39
11 13 35
8 11 32
9 11 35
8 12 38
3 4 37
19 22 14
22 3 35
14 17 11
6 10 21
9 12 37
1 3 26
14 17 27
14 18 11
10 14 13
19 23 26
0 3 14
12 14 23
19 23 17
19 22 11
19 23 8
0 4 24
7 9 2
22 1 32
10 12 16
21 23 27
14 17 2
16 20 27
17 19 11
13 17 36
5 7 9
18 21 39
8 10 1
21 22 17
16 19 5
19 20 8
15 19 1
19 21 8
13 17 33
14 17 32
5 8 1
9 12 35
11 12 28
14 17 16
17 21 39
13 17 27
17 21 20
1 4 4
9 12 30
5 6 28
22 3 33
1 3 13
2 6 20
20 0 35
6 9 27
11 12 30
13 17 2
16 18 2
11 13 28
15 17 18
6 9 11
20 0 13
11 16 21
4 8 10
3 7 34
22 23 2
3 6 34
1 5 39
0 3 3
12 15 16
17 19 28
13 16 16
2 4 20
16 20 31
13 15 24
21 0 8
15 18 4
9 12 36
19 0 3
13 17 36
2 6 20
2 5 36
3 6 5
2 6 36
0 3 12
17 21 27
2 5 34
20 23 34
9 12 38
9 11 6
14 15 16
22 0 7
21 1 26
14 18 3
21 0 36
8 11 13
1 3 8
16 20 4
21 22 39
4 6 7
7 9 11
4 8 7
20 0 5
11 12 27
5 8 31
1 4 32
13 16 15
21 0 17
22 1 12
6 9 33
16 18 18
5 8 26
14 16 17
6 9 24
16 19 34
19 22 8
10 13 5
19 23 7
22 23 36
16 18 2
16 18 28
0 1 16
12 16 39
23 2 30
18 23 37
13 17 37
15 17 22
21 23 37
1 5 22
18 20 29
13 16 20
7 11 7
2 7 37
19 20 36
0 1 28
11 13 39
7 10 31
6 10 30
21 0 6
23 23 2
18 21 26
6 8 3
23 4 16
0 4 39
11 15 3
8 9 4
19 23 33
1 4 30
23 3 28
16 20 31
11 13 31
0 1 22
9 10 38
11 15 17
10 10 2
5 9 1
12 15 6
22 1 11
22 1 33
19 22 25
1 4 10
11 13 5
7 10 9
17 20 2
22 0 34
14 18 18
20 23 28
4 7 27
22 1 38
6 10 14
8 12 9
9 13 8
11 14 2
19 23 14
22 1 25
4 5 27
12 15 13
0 2 39
5 8 14
23 2 17
17 18 1
11 13 23
0 3 17
19 21 19
4 5 25
8 10 38
22 2 24
15 18 4
23 1 28
10 12 18
4 6 22
3 6 33
5 8 2
16 18 17
20 0 34
20 22 7
9 11 13
16 18 11
2 3 17
12 14 6
13 15 30
16 21 14
14 18 15
18 22 24
9 12 8
18 22 29
1 4 38
17 21 8
17 20 15
11 15 10
21 0 31
0 3 35
17 20 34
20 22 16
11 13 2
3 7 7
12 15 13
16 21 7
23 2 26
12 14 20
4 6 15
22 2 17
11 13 5
12 16 13
23 0 29
16 20 15
5 8 10
1 4 16
22 1 32
18 21 34
16 18 22
8 13 9
10 13 16
0 2 13
22 2 1
0 3 32
23 3 4
20 22 8
4 5 6
18 21 24
13 15 28
15 18 13
1 4 32
5 8 33
12 13 37
19 22 24
7 8 15
13 16 2
12 15 32
16 21 30
1 2 29
9 11 28
1 4 24
6 9 4
18 21 28
20 0 35
20 23 39
3 7 20
19 21 8
23 3 37
16 19 4
6 9 8
6 12 39
21 1 25
18 21 24
2 6 39
9 13 11
14 18 35
10 10 32
12 15 29
21 1 23
19 22 23
0 4 25
16 20 16
21 0 22
6 7 13
16 20 37
15 16 26
19 21 9
6 9 28
20 0 29
5 8 18
22 2 16
18 21 11
13 17 7
15 16 5
17 20 3
2 6 22
0 4 19
21 23 35
21 0 8
13 18 14
11 14 12
19 21 32
8 10 33
13 16 36
1 1 8
22 23 28
19 22 32
4 7 11
21 23 25
0 4 13
20 22 23
19 21 23
0 3 30
14 18 9
16 20 8
17 21 4
11 14 10
11 15 36
14 19 33
13 16 21
8 11 14
1 2 21
9 9 36
19 23 21
5 7 6
21 0 5
16 19 31
9 12 8
20 20 20
8 13 13
17 20 8
11 14 7
0 2 12
15 18 35
12 15 19
21 1 13
17 18 5
15 18 7
12 15 22
13 16 30
9 11 26
14 16 19
9 12 10
6 9 15
5 7 17
15 17 23
22 0 38
9 12 6
1 4 11
1 4 14
13 15 39
13 16 39
3 6 4
12 13 27
4 8 38
11 14 19
20 1 15
21 1 19
16 19 25
15 17 33
11 14 29
8 10 23
1 5 17
9 13 5
20 22 30
22 2 27
6 9 30
9 13 29
15 17 37
21 2 8
9 12 24
15 17 39
7 10 26
5 8 4
12 15 28
3 6 9
12 16 6
12 14 35
12 15 29
23 1 10
14 17 38
18 21 12
14 17 20
10 14 7
15 19 39
8 10 14
18 21 27
13 16 8
22 3 22
18 20 14
0 2 33
14 19 13
10 11 2
8 11 4
9 12 26
17 20 15
16 19 21
11 16 12
10 13 6
9 11 11
4 5 16
17 22 9
12 15 10
12 14 35
16 19 29
14 18 2
3 7 14
17 22 35
14 16 15
18 20 24
6 8 32
12 15 13
14 18 28
7 10 6
23 0 11
13 15 16
21 23 4
20 1 13
17 21 4
17 20 32
18 21 23
6 9 3
2 4 24
22 23 24
6 9 7
22 23 19
7 10 20
20 23 12
3 6 24
8 12 25
12 15 26
13 17 34
14 17 4
0 2 16
0 4 25
9 13 26
12 16 32
0 2 18
13 16 2
21 23 2
13 16 4
4 7 37
16 17 36
9 13 10
0 2 19
5 9 32
8 9 19
9 13 35
23 3 18
1 4 12
11 14 36
1 2 6
17 21 25
15 19 7
10 14 33
19 21 24
18 20 4
6 9 7
3 5 30
23 1 29
10 12 24
20 23 33
6 9 20
19 22 27
12 15 37
17 21 39
9 12 35
17 20 17
4 7 3
9 13 38
13 16 12
13 16 13
8 11 14
7 11 31
0 4 20
15 18 37
18 21 2
12 14 34
5 9 32
11 14 11
7 11 36
2 4 7
20 1 31
22 2 37
6 9 26
23 2 19
18 21 30
14 17 27
20 0 34
6 9 30
22 0 9
18 22 9
0 3 34
22 3 2
15 20 38
20 23 32
5 8 23
14 17 38
4 6 19
17 21 36
18 21 21
21 1 15
20 0 31
15 16 1
11 14 20
13 15 39
7 10 30
17 20 5
20 0 36
18 21 7
20 0 34
11 14 4
11 16 34
22 2 8
17 21 14
11 16 26
0 2 29
19 22 24
18 20 12
2 6 34
23 1 29
22 1 7
16 18 23
3 4 33
15 20 31
18 21 34
14 17 9
4 8 21
12 14 27
12 15 29
18 21 39
14 16 29
2 5 21
15 16 24
3 5 3
8 10 9
13 17 11
21 0 5
2 6 9
2 6 22
16 20 36
0 2 15
2 4 18
20 0 1
5 10 34
18 20 24
23 1 20
15 19 31
7 9 32
14 18 10
18 21 4
13 15 35
21 1 1
3 6 4
23 2 22
22 2 20
3 7 17
1 4 5
9 11 14
3 6 9
16 20 31
19 22 33
10 12 18
13 16 6
0 3 36
8 11 17
9 11 32
17 21 15
14 17 34
9 13 39
17 21 39
1 4 4
11 11 34
8 12 22
2 5 26
19 21 33
10 13 12
23 3 35
8 12 7
8 10 15
12 15 39
19 22 31
11 13 15
4 7 34
6 11 12
2 6 35
20 1 29
19 21 2
18 21 8
2 6 15
11 14 8
16 20 30
7 10 36
23 1 33
2 1 37
10 12 19
23 2 8
0 4 22
15 19 22
13 15 30
14 17 39
22 1 29
16 18 15
20 23 7
15 17 39
9 10 28
12 12 24
22 2 30
20 23 26
8 10 5
6 8 7
3 4 20
4 7 8
21 23 3
9 14 2
19 23 39
22 1 12
17 21 28
13 18 38
3 5 17
4 7 12
10 12 6
14 18 18
6 9 4
9 14 17
2 5 11
23 2 29
17 19 12
4 6 5
0 3 36
18 22 31
19 0 29
0 4 28
6 9 32
15 19 16
22 2 8
5 9 2
21 23 17
18 21 23
5 8 8
10 12 16
8 10 37
21 0 32
18 22 8
17 19 11
7 11 37
1 1 8
0 2 34
2 5 32
14 17 33
10 14 1
5 9 12
8 11 12
14 18 33
10 13 17
18 22 12
6 10 23
19 22 11
12 15 13
13 15 7
18 20 35
17 18 16
4 7 13
6 10 16
12 15 13
19 21 37
10 13 12
2 4 32
3 7 12
0 2 28
19 23 17
4 8 28
13 16 12
2 6 15
12 15 9
2 7 1
18 22 25
10 13 29
4 7 19
22 0 35
12 14 37
9 11 39
10 13 14
9 13 15
23 3 29
22 23 18
6 9 37
9 12 2
11 15 29
7 12 16
16 19 29
23 3 25
11 15 33
4 7 32
6 8 36
12 15 17
14 16 25
13 15 38
20 0 21
2 3 35
20 0 33
3 4 6
17 20 34
9 12 38
18 20 30
23 3 12
8 13 15
4 7 9
8 11 2
3 7 12
2 4 26
15 18 6
7 10 3
2 5 20
2 4 11
11 13 29
1 4 22
0 3 1
16 17 12
9 14 9
13 16 13
13 16 13
16 20 6
5 7 3
2 6 16
1 4 24
16 17 19
22 1 18
19 21 12
15 17 16
11 14 19
18 21 4
17 21 10
13 16 11
10 11 6
15 19 5
14 16 16
0 4 29
21 1 29
22 2 27
3 7 32
15 16 8
18 21 28
22 0 18
14 16 21
9 12 17
20 0 5
3 6 11
13 18 20
17 19 32
1 5 34
20 22 36
18 22 1
7 10 19
3 5 9
4 7 36
1 4 20
22 0 6
10 14 25
20 23 37
10 15 38
6 9 32
8 10 5
15 20 18
0 1 38
17 20 20
5 6 1
17 21 9
23 2 6
12 15 9
18 21 39
3 6 34
22 23 20
22 1 34
1 4 37
10 13 9
18 21 35
16 19 5
23 1 30
6 10 22
23 2 16
0 4 17
18 21 17
23 1 7
13 15 7
8 12 28
1 3 37
8 11 14
15 20 6
11 15 17
12 15 10
1 3 23
6 9 26
8 10 14
22 0 26
4 7 29
4 7 24
19 22 6
4 7 25
22 0 37
23 3 14
17 19 1
11 15 18
4 6 30
3 6 25
4 5 25
13 16 2
9 12 10
11 13 12
22 1 36
7 9 15
19 22 6
6 7 28
22 1 3
23 1 20
15 19 24
21 23 33
14 17 17
11 16 16
21 1 12
20 23 26
0 5 8
16 19 30
22 2 16
13 16 35
19 23 37
3 8 7
16 17 14
2 4 3
3 6 36
22 1 16
12 15 15
6 9 27
13 17 14
1 4 29
7 9 24
20 23 21
15 16 31
15 17 2
7 11 10
16 19 37
8 9 27
23 3 24
9 11 19
0 3 7
18 22 28
6 9 18
16 19 22
6 7 39
17 19 33
15 16 13
10 13 32
1 4 11
16 20 19
11 14 23
16 20 27
2 4 14
14 17 20
4 7 4
9 13 38
21 0 31
4 7 11
18 21 1
16 20 10
2 5 34
19 21 4
3 6 23
23 3 17
4 7 3
6 9 3
2 5 35
5 9 28
8 11 1
14 18 5
20 23 22
18 22 34
21 1 4
10 14 24
2 5 26
8 11 11
1 4 1
16 20 26
9 10 38
9 12 35
21 0 26
5 8 12
17 19 22
18 22 11
9 12 5
9 12 39
5 9 3
20 0 18
15 18 2
11 14 14
19 22 17
14 17 24
20 22 36
2 5 31
14 16 23
23 2 16
16 18 1
20 23 34
18 21 39
0 3 34
9 13 10
2 5 39
9 12 5
15 17 29
14 18 23
17 20 4
3 8 32
0 5 16
14 18 25
22 1 37
6 8 34
1 3 21
19 21 22
6 10 14
0 3 20
15 16 15
20 21 9
1 5 24
16 18 33
19 21 25
10 11 39
2 5 4
7 10 2
12 14 36
22 1 27
19 0 14
7 11 31
2 4 35
15 16 27
9 12 3
20 22 5
19 22 15
19 20 37
5 9 39
3 6 34
15 17 33
9 12 34
16 20 15
7 10 39
12 15 13
3 5 10
14 15 32
9 11 36
15 19 11
3 8 16
19 22 18
1 4 4
13 16 1
15 19 2
18 20 29
18 21 24
3 7 39
18 21 26
19 0 7
21 23 26
2 4 21
18 21 22
6 8 25
15 16 14
14 18 33
21 0 30
15 19 26
15 18 29
4 7 36
18 21 36
16 17 18
7 11 13
17 21 9
5 6 1
10 15 22
14 18 10
3 6 32
11 14 6
5 7 11
8 12 17
7 10 29
11 13 14
11 14 38
4 7 39
12 15 30
10 13 13
0 2 34
16 18 11
1 4 10
7 10 17
2 6 39
1 4 20
22 23 36
18 21 35
1 5 37
2 7 6
21 2 20
4 5 34
4 7 36
0 3 37
1 4 32
14 16 24
6 10 14
18 22 15
4 6 32
10 11 16
4 6 2
4 9 34
15 17 12
1 2 16
0 4 18
8 11 19
16 20 19
4 8 12
9 13 33
15 19 35
19 20 23
4 8 32
1 5 3
23 3 5
1 4 34
20 0 3
22 2 24
5 6 27
20 0 38
13 17 37
21 0 28
1 4 21
20 22 26
8 9 9
20 22 14
12 14 15
21 0 21
6 10 39
1 4 37
2 5 26
3 5 25
20 0 25
4 8 19
2 5 23
21 2 16
15 18 11
8 10 16
5 8 32
0 2 28
5 10 34
10 13 2
11 15 25
19 22 4
11 14 2
2 6 21
6 9 29
1 4 24
17 21 13
2 5 8
2 5 4
13 16 17
3 7 34
11 12 38
12 15 26
0 2 15
21 1 32
21 23 28
5 9 2
15 18 38
10 13 36
17 19 25
12 14 12
11 16 34
4 7 11
10 13 1
10 12 35
2 5 15
17 20 29
3 7 5
11 15 37
9 12 13
19 22 24
0 2 24
5 7 18
18 21 5
4 5 32
19 22 24
5 5 37
14 17 39
20 23 34
17 19 26
19 23 23
6 8 11
5 6 1
8 10 4
13 15 26
9 13 28
5 9 3
1 2 31
12 14 35
16 20 15
11 14 4
19 22 19
7 9 17
23 3 31
0 2 28
4 8 30
23 3 29
12 15 7
6 9 15
11 15 39
21 0 25
11 14 24
14 18 17
18 19 32
5 9 28
3 6 33
12 15 30
8 13 3
1 4 11
7 9 7
14 16 37
12 15 4
5 7 38
0 3 27
7 9 34
3 7 37
21 0 17
0 1 29
7 12 3
19 23 31
16 18 6
19 22 27
12 16 35
7 8 29
14 17 3
23 2 4
13 17 20
22 3 31
9 14 6
0 2 5
8 11 15
14 18 15
19 21 27
22 0 4
17 21 32
22 0 28
1 5 5
1 3 21
1 4 37
9 12 9
15 18 26
22 0 14
21 21 9
11 13 31
0 4 25
0 3 27
22 2 27
9 13 1
19 0 32
14 18 3
5 8 30
12 15 13
2 5 26
9 12 1
12 15 15
21 1 17
16 19 22
3 6 5
5 9 23
11 15 24
2 6 34
2 6 38
19 22 32
12 13 14
0 3 6
0 6 22
7 12 39
16 20 6
7 9 29
19 22 33
2 5 3
5 9 10
14 16 36
11 13 29
6 10 2
18 20 26
22 23 29
4 7 12
18 20 35
2 3 26
7 8 29
9 11 31
19 21 20
8 10 13
13 16 36
13 16 25
23 3 37
5 9 38
7 11 28
14 17 21
9 13 30
20 23 33
1 3 7
15 18 27
7 11 24
18 21 8
20 22 38
7 9 14
7 9 33
7 11 32
23 2 39
1 3 2
5 8 25
23 2 17
23 3 10
21 0 14
11 13 9
2 6 39
7 10 21
3 6 5
13 15 21
22 1 20
8 10 34
14 18 11
3 5 38
12 16 29
17 21 3
13 16 14
0 2 12
19 22 16
6 11 30
13 15 4
1 4 13
0 3 34
16 20 23
3 5 6
13 17 36
5 9 20
2 6 2
14 19 12
12 17 6
22 1 29
17 21 32
18 22 4
9 13 18
15 18 29
16 20 31
1 4 9
17 19 32
17 20 16
15 18 25
9 12 18
12 16 4
1 3 2
4 7 25
1 4 36
17 21 28
15 16 36
11 14 11
12 14 30
5 8 3
16 18 17
1 3 37
12 13 18
22 2 8
15 17 25
23 2 16
0 5 18
6 9 2
20 23 30
0 3 22
18 22 25
22 1 9
15 19 7
21 0 16
5 8 30
10 12 33
10 12 4
18 23 12
1 4 12
4 6 4
6 9 32
13 16 21
3 7 19
22 1 1
15 19 9
2 4 24
0 3 22
11 14 22
3 7 5
11 13 13
12 17 26
2 5 18
12 14 11
15 17 3
5 9 29
6 9 25
20 22 12
16 19 32
8 12 8
9 11 32
14 16 13
15 19 11
14 17 4
8 11 30
20 22 21
1 4 7
8 10 13
6 8 1
21 1 26
21 23 7
14 19 31
17 19 36
3 8 26
0 4 24
6 9 33
13 15 32
17 20 24
3 5 33
14 17 15
2 5 8
9 11 8
17 20 32
20 0 11
19 23 15
21 23 36
18 19 37
19 20 18
23 1 28
1 4 36
18 0 3
21 23 1
1 4 24
5 8 27
9 14 10
8 12 14
17 22 23
23 3 31
21 23 9
17 21 7
13 17 27
11 15 20
4 9 15
7 8 19
9 12 19
22 2 17
20 0 39
19 22 14
23 0 19
12 14 11
8 11 32
4 8 39
17 20 16
16 20 39
22 2 5
20 0 17
21 0 27
5 8 27
22 3 6
0 4 17
16 18 18
2 6 30
2 7 21
2 5 14
16 19 20
9 12 4
6 9 21
18 20 23
4 8 9
23 3 19
12 15 15
19 23 14
2 6 18
0 4 3
13 16 36
23 1 5
15 19 27
17 22 12
0 4 38
7 9 14
1 3 22
19 1 37
23 3 28
10 14 35
10 14 3
2 7 10
20 0 25
2 5 29
18 20 12
15 18 24
0 3 2
22 1 5
11 15 26
18 21 11
19 22 18
19 21 36
22 1 28
23 1 2
1 4 26
7 11 1
8 14 12
7 10 2
23 3 19
19 0 6
14 16 2
18 22 27
0 3 37
22 1 25
6 8 10
14 19 36
14 17 31
7 9 29
10 14 30
15 19 6
3 6 3
0 4 38
5 7 22
10 14 33
16 20 27
12 15 24
4 6 34
5 11 15
19 0 36
23 2 5
0 3 21
0 1 28
13 17 39
0 5 8
21 1 16
4 7 30
9 12 27
19 22 19
0 1 4
18 21 16
9 11 19
7 10 35
21 23 5
19 21 17
8 11 11
0 3 15
4 7 10
0 4 18
1 5 32
6 8 28
16 20 30
20 22 31
20 0 5
1 3 26
2 4 29
9 13 38
1 5 23
3 7 11
19 22 36
9 12 22
18 20 2
20 1 7
7 11 27
13 16 25
2 4 4
17 20 1
19 23 26
10 12 17
21 1 9
11 13 35
13 17 29
15 16 13
7 10 29
7 10 19
23 3 22
19 0 2
9 10 17
1 6 11
16 19 4
6 8 30
8 11 29
2 3 24
11 14 10
12 16 5
14 16 1
23 3 38
16 18 3
3 7 24
21 23 29
9 12 6
19 23 26
4 6 1
22 1 27
19 23 19
11 15 10
17 19 15
2 5 8
16 19 33
10 13 31
10 13 39
22 1 6
14 17 34
18 21 25
12 14 27
13 17 5
23 1 21
20 23 22
8 12 13
1 4 32
15 18 5
10 14 32
0 1 9
0 4 5
4 6 32
1 3 32
0 2 4
21 0 34
14 17 18
14 16 24
14 17 18
1 3 13
7 9 14
9 13 23
15 16 19
9 11 33
21 23 32
10 12 30
12 16 1
20 22 18
6 7 10
3 6 36
9 11 33
21 23 29
3 5 17
14 19 18
22 1 38
8 10 20
10 13 14
9 12 38
22 2 6
6 9 30
19 0 15
22 0 34
13 17 20
23 2 23
4 8 33
8 9 4
6 10 5
0 3 7
18 22 34
9 11 14
9 11 35
4 6 11
11 15 33
21 1 23
14 19 11
18 22 30
11 14 35
8 12 11
10 14 13
4 7 20
19 23 13
3 4 14
12 15 3
18 21 25
1 4 12
11 15 22
22 1 26
7 11 3
7 11 22
16 19 1
15 20 38
6 7 31
19 22 19
10 15 3
7 8 9
20 22 20
16 20 37
19 21 8
16 19 20
20 23 18
2 5 16
5 7 8
5 6 16
16 18 33
3 5 15
4 7 7
6 8 12
12 15 11
3 6 9
23 2 7
17 19 7
11 14 31
8 10 34
11 14 36
14 16 37
9 11 26
14 19 29
17 21 8
19 23 22
8 13 26
22 2 33
19 23 8
22 2 21
2 5 22
21 23 8
21 2 4
4 7 15
23 2 8
3 4 13
16 19 26
3 5 17
6 8 1
18 20 23
11 13 30
2 4 4
17 21 13
10 15 20
0 3 30
4 7 16
21 23 8
7 10 18
9 10 13
20 0 27
2 5 19
15 18 16
8 12 33
11 13 9
19 22 22
13 18 14
10 13 24
12 15 14
5 10 39
17 21 5
0 4 1
21 23 34
10 13 6
2 7 4
11 15 4
0 2 19
13 14 16
21 0 6
4 7 33
21 1 31
18 21 15
8 11 31
15 17 19
0 3 36
6 9 7
1 3 13
12 15 38
5 8 27
8 9 12
18 21 14
2 5 17
8 11 2
14 18 31
15 17 33
5 8 19
6 8 18
7 11 39
16 20 28
8 12 36
16 19 33
7 11 23
16 20 4
3 6 30
3 6 4
8 13 12
6 9 6
19 22 4
17 21 35
12 13 20
21 0 8
18 23 18
10 13 33
12 14 4
12 15 14
9 11 6
15 18 2
14 18 8
15 18 21
19 22 25
17 19 22
2 6 28
23 4 16
17 19 16
3 7 20
18 21 16
12 15 22
8 10 15
7 10 28
8 11 29
7 8 26
17 20 35
7 10 6
13 17 13
2 5 22
13 14 19
14 16 1
6 9 9
12 14 13
18 22 34
0 2 28
7 9 37
7 9 24
11 14 6
21 23 38
9 11 20
5 9 30
21 2 38
16 19 15
17 20 34
13 15 38
17 21 38
1 2 16
14 16 17
0 3 21
21 22 18
1 6 20
13 16 34
12 13 12
4 7 26
1 3 20
6 10 19
16 18 32
20 23 33
3 6 35
0 1 35
11 13 28
20 0 24
16 17 39
12 15 20
0 1 18
21 23 20
16 19 25
4 6 20
13 17 32
11 14 20
11 13 15
9 14 38
18 20 36
11 13 18
1 4 35
12 15 10
3 7 17
12 14 23
1 5 31
18 23 13
7 10 24
23 2 1
17 20 15
8 10 29
0 3 4
17 21 34
2 4 31
10 13 28
20 23 37
3 6 19
7 11 10
19 21 19
18 23 6
1 4 8
7 10 12
1 4 9
10 11 5
19 22 13
11 14 39
16 20 38
11 14 29
2 5 3
14 17 39
10 13 19
8 11 34
1 3 24
5 8 24
16 20 30
23 2 33
5 9 16
22 1 17
8 11 3
19 0 23
3 9 25
0 4 4
14 17 6
6 8 38
20 23 16
11 14 38
19 20 22
20 21 27
14 19 23
2 5 5
9 12 32
11 15 11
8 12 39
13 15 15
12 15 31
21 0 33
15 18 16
19 19 16
1 3 22
15 18 9
1 5 19
7 8 15
23 1 13
10 13 3
19 22 25
11 13 39
13 16 20
13 15 19
20 0 5
22 23 20
14 17 26
3 6 11
20 0 31
21 23 28
17 19 26
12 17 3
18 23 38
2 3 28
19 23 10
2 5 36
2 3 36
13 18 22
10 13 2
23 1 28
12 15 32
21 0 20
18 22 37
21 0 31
9 11 10
9 11 2
1 3 14
6 10 35
16 18 29
19 22 19
20 23 26
12 14 3
21 23 38
11 15 13
3 6 27
6 11 24
5 9 38
7 11 1
8 12 1
5 6 38
9 12 35
9 13 22
16 18 23
5 7 4
0 5 35
15 17 15
3 6 39
7 10 24
12 15 9
5 8 17
0 2 14
4 7 11
23 2 30
21 0 31
8 11 7
8 11 34
11 15 32
20 22 21
17 19 13
4 8 23
0 3 28
17 20 4
14 18 3
23 2 23
17 20 9
3 6 29
23 2 1
2 5 22
23 3 33
3 7 39
5 8 36
16 19 36
12 16 16
22 2 20
11 15 13
22 3 3
4 6 7
12 15 7
23 1 35
5 8 13
3 5 38
21 0 31
20 23 19
19 22 19
18 22 33
13 17 27
8 10 35
22 1 24
16 19 22
10 15 22
0 4 32
23 2 13
9 12 34
20 23 32
12 16 14
14 16 10
21 0 29
14 16 10
17 19 24
0 2 9
18 20 1
18 21 35
15 16 37
15 18 13
21 22 2
10 12 26
11 14 9
0 3 20
9 11 26
18 22 31
10 12 32
21 23 36
17 20 27
11 15 26
2 5 26
23 0 18
14 18 30
13 15 34
7 9 30
6 8 14
16 18 10
11 13 5
7 12 37
4 8 32
17 20 15
21 23 21
15 18 15
3 7 35
17 20 22
14 16 31
7 9 23
19 21 27
1 4 24
5 8 4
18 22 15
12 13 6
7 12 29
1 5 37
3 5 33
7 9 32
15 19 23
14 17 22
4 5 16
4 8 9
0 3 3
13 18 7
18 21 36
14 18 25
6 9 5
2 4 2
6 9 31
16 21 15
14 17 16
22 1 16
21 0 2
6 9 14
1 3 9
10 14 31
12 16 34
14 17 12
11 13 28
3 6 4
13 17 17
8 10 8
0 4 4
14 16 22
23 1 37
2 6 19
23 2 30
21 1 23
5 9 5
17 19 35
16 20 31
2 5 1
17 20 15
1 5 24
1 5 31
4 7 12
17 18 38
20 23 2
22 23 19
20 23 7
21 23 9
17 20 24
3 7 3
23 2 21
0 2 20
13 18 11
14 18 34
0 3 4
18 21 31
20 22 36
14 19 39
4 9 33
6 8 19
6 9 12
14 17 29
14 18 39
14 17 6
21 0 10
2 4 4
16 18 38
12 16 5
1 2 33
13 15 24
8 10 9
23 3 5
3 7 31
12 14 35
19 21 25
22 2 8
23 3 35
18 21 36
5 7 5
13 17 14
8 10 15
10 13 10
7 9 24
1 3 27
19 21 12
21 1 26
12 13 36
13 15 12
12 15 16
4 7 3
13 15 17
10 15 12
11 14 33
17 22 36
16 18 7
0 3 24
8 9 15
2 5 3
1 4 22
14 15 9
22 2 29
20 23 21
0 4 36
21 0 2
5 8 23
16 20 28
20 0 6
22 2 6
17 19 32
14 17 25
4 8 33
16 19 22
14 17 10
15 18 4
19 22 15
17 21 38
7 10 1
0 3 15
0 4 34
8 12 8
11 15 10
13 17 25
13 16 35
23 3 7
1 4 33
3 6 10
5 9 37
2 4 4
10 12 3
5 8 9
0 3 15
16 20 34
0 4 19
11 14 5
17 20 15
6 6 20
19 0 36
8 12 12
19 1 33
10 14 1
20 22 4
15 19 21
11 13 16
11 14 27
7 12 28
2 5 33
14 15 17
8 12 10
20 1 10
20 21 1
7 11 33
9 12 28
10 14 28
17 20 21
13 16 25
21 23 6
1 5 11
15 17 37
0 5 17
7 10 4
15 18 8
22 1 26
10 12 18
9 12 10
9 11 35
17 19 33
13 16 5
11 14 30
2 4 28
5 7 11
12 15 24
11 13 13
3 5 17
21 0 33
15 19 7
7 9 15
21 23 37
5 7 9
5 8 2
15 18 2
8 11 21
22 0 38
6 10 31
12 14 6
20 1 4
6 11 29
5 7 3
14 16 2
18 19 34
4 6 10
21 23 23
19 20 35
0 6 32
10 12 32
3 6 2
20 0 26
11 12 13
0 4 20
1 4 25
6 10 28
23 1 8
11 15 26
11 14 26
9 11 33
13 15 10
21 1 29
2 6 27
16 19 36
4 7 11
2 4 11
15 18 38
5 7 28
3 5 21
11 13 24
10 14 32
14 16 28
4 9 26
10 13 3
22 1 19
20 23 37
12 14 37
16 18 2
13 16 10
12 15 12
11 13 33
6 9 8
22 3 3
18 21 1
4 7 23
15 17 37
2 4 6
7 10 16
9 11 14
12 16 13
17 19 15
2 4 14
19 21 11
12 14 30
5 10 33
0 5 22
0 2 9
6 10 9
12 14 36
10 12 38
15 19 30
2 5 28
3 7 26
13 16 10
17 20 16
2 4 10
21 0 32
17 21 32
2 3 8
22 1 35
7 10 37
20 23 28
19 23 15
10 14 36
14 17 4
15 19 33
13 17 23
23 1 8
2 4 15
11 14 8
3 7 18
18 21 6
8 11 4
14 17 5
5 8 36
14 15 13
14 16 7
19 22 29
6 8 35
10 13 5
10 11 6
9 12 34
8 12 8
1 4 5
3 7 33
6 8 21
9 12 35
5 7 39
23 4 8
21 0 26
14 17 19
16 19 7
11 13 31
3 6 23
9 13 37
22 0 19
3 5 30
18 22 20
16 20 35
15 19 2
5 9 28
22 0 25
10 14 4
7 9 11
7 11 23
0 1 12
9 12 6
12 15 6
22 0 24
7 10 37
22 2 8
22 1 27
16 19 16
15 18 30
2 6 33
23 2 16
3 5 32
6 10 16
19 22 21
23 4 20
18 22 10
1 4 12
20 22 10
11 15 12
22 1 14
1 5 14
8 11 17
3 6 21
6 9 13
10 13 17
0 3 30
2 4 34
1 3 13
16 18 33
23 2 12
2 4 29
5 9 13
15 17 30
6 9 15
4 7 2
16 21 25
14 16 25
22 1 32
2 6 2
9 12 3
21 1 38
9 11 2
3 7 2
8 11 18
19 21 12
2 5 39
9 12 13
11 16 35
11 14 11
23 2 31
7 11 1
8 11 18
6 9 18
15 19 19
8 10 33
18 22 39
18 19 8
19 21 37
14 19 10
7 11 16
14 17 6
9 12 34
3 7 34
1 6 12
6 7 20
11 14 15
20 23 18
17 22 21
9 13 12
9 11 14
0 4 26
5 9 14
16 20 11
6 8 3
11 16 14
0 3 27
9 12 37
21 0 34
18 22 4
6 10 13
3 6 34
11 15 28
20 23 31
12 14 21
15 19 26
0 6 12
7 8 27
0 3 19
10 14 15
11 13 4
23 3 30
11 14 9
22 23 26
14 16 5
20 0 20
5 8 4
14 18 2
23 2 19
5 7 10
9 12 8
2 5 5
13 16 14
3 7 17
1 2 17
13 15 29
21 0 30
3 6 31
23 1 39
11 15 18
16 18 14
4 7 7
4 6 31
4 6 6
4 7 27
20 0 20
20 0 13
12 17 17
5 8 26
21 0 30
5 8 36
12 17 24
20 22 32
22 1 11
21 23 36
16 18 29
1 5 8
22 1 39
4 8 24
13 16 6
20 23 19
7 11 6
8 9 19
9 13 28
18 22 9
16 21 29
6 9 33
4 7 26
3 7 28
5 9 17
11 13 23
21 2 19
3 4 13
16 20 24
4 5 19
7 10 39
12 16 33
9 11 1
7 11 22
19 20 34
6 12 29
13 15 36
8 11 37
19 22 19
20 23 20
8 12 21
17 21 14
16 19 2
13 16 18
13 15 4
12 15 17
16 20 2
15 18 37
5 8 3
2 4 24
10 13 30
17 21 38
4 6 14
23 2 37
4 7 2
0 2 37
14 16 7
4 10 21
23 3 19
9 11 30
3 7 36
20 2 5
20 0 10
14 17 15
16 20 4
13 14 2
10 14 12
3 7 37
3 5 17
16 20 9
20 22 8
1 3 17
17 21 3
15 17 14
18 21 32
12 16 1
1 4 36
20 1 17
12 14 23
11 14 37
12 14 25
17 22 26
13 14 37
22 2 8
10 14 13
3 7 24
11 14 6
21 1 10
19 22 10
6 8 27
18 20 22
6 10 11
10 12 2
6 8 36
18 21 26
8 11 37
5 7 34
11 13 5
15 19 25
0 4 28
12 16 26
4 6 21
16 19 28
11 14 11
6 9 21
18 21 31
9 13 36
21 0 30
3 4 26
2 8 38
6 9 13
14 19 17
16 18 25
10 12 2
13 15 18
7 10 9
15 19 29
14 18 15
15 17 20
17 22 30
10 12 25
12 15 24
4 9 18
10 12 34
9 12 8
22 1 13
14 17 30
22 23 17
16 19 3
20 0 1
18 19 7
13 15 7
12 16 24
8 12 37
14 17 27
6 8 31
4 8 11
15 19 33
18 21 12
22 0 38
8 12 28
20 22 34
9 11 34
9 10 21
20 23 2
8 11 17
20 0 39
23 1 16
2 5 33
6 8 10
13 16 22
19 21 5
11 14 35
18 21 16
16 18 8
22 1 3
23 2 4
23 2 29
17 21 28
7 11 36
14 17 4
21 0 27
22 0 3
2 4 19
19 21 18
16 18 9
0 4 26
2 5 28
12 16 30
8 10 31
19 0 11
16 19 4
17 20 29
13 16 19
3 6 36
6 9 23
17 19 8
6 8 1
19 22 7
17 20 20
7 8 18
23 2 13
7 9 6
17 19 15
17 21 22
5 9 6
21 1 11
6 9 7
13 15 38
23 2 4
14 17 28
22 2 17
8 9 36
13 17 22
7 10 22
11 15 21
13 16 18
20 0 8
9 13 20
11 15 10
5 8 28
5 8 36
23 4 3
0 1 25
7 11 10
10 12 6
10 14 32
15 18 10
11 14 36
2 4 35
19 21 30
6 10 36
3 5 21
22 23 7
9 10 2
20 23 10
2 6 5
21 0 30
18 20 38
11 14 31
8 12 31
9 14 30
20 0 13
19 22 17
9 12 27
19 22 1
16 17 24
10 14 3
17 18 36
5 8 19
12 17 19
8 12 7
0 3 37
19 22 1
17 19 15
13 16 3
17 19 18
0 2 6
12 15 16
2 4 5
5 10 21
13 17 19
23 1 3
10 15 10
19 0 34
3 7 15
18 22 6
17 19 30
20 22 10
15 18 31
18 20 1
11 13 17
0 2 5
8 11 12
14 16 39
4 7 38
23 3 9
12 15 7
4 7 1
19 21 18
2 4 25
15 18 13
2 3 12
12 13 35
5 9 15
23 4 27
0 5 23
2 4 5
19 21 38
8 10 22
7 11 10
19 22 23
12 15 31
1 2 35
8 10 32
20 23 33
18 21 16
10 12 7
14 15 37
5 9 37
23 1 27
19 21 19
17 20 14
5 7 38
15 19 34
19 21 18
6 9 30
1 2 4
14 16 20
21 23 15
20 23 34
10 11 25
0 3 15
20 22 12
13 17 7
18 19 12
22 1 2
7 11 21
8 14 6
15 19 25
1 4 21
15 16 17
5 7 20
14 17 3
23 1 3
5 9 10
4 8 39
7 7 14
13 16 19
10 11 16
1 4 18
17 19 10
2 4 24
5 8 30
17 19 21
0 4 37
12 15 8
21 1 11
22 0 8
22 1 29
21 0 6
3 6 35
0 4 23
21 1 39
15 18 27
17 21 39
5 9 19
0 3 9
19 22 36
3 6 37
13 15 37
7 10 19
14 17 14
16 20 33
2 5 16
3 6 33
7 11 3
10 14 39
22 1 15
9 12 19
10 15 22
9 13 19
8 11 34
3 6 24
17 17 13
18 22 7
20 23 34
20 22 5
14 17 33
13 15 27
20 0 34
10 12 5
21 23 11
22 1 27
15 19 26
1 4 14
15 17 7
0 3 12
5 8 22
9 11 1
23 2 31
19 21 35
2 6 39
20 23 4
0 3 35
17 22 38
5 7 12
12 15 22
15 20 15
19 23 15
13 18 33
4 8 16
8 11 6
0 2 12
4 8 6
16 17 25
10 14 36
9 12 24
23 1 31
22 1 35
16 18 5
7 10 19
1 5 25
1 5 28
3 5 2
4 9 25
15 17 17
4 7 31
2 5 5
11 15 32
14 18 19
15 18 17
13 17 24
15 17 30
11 14 5
7 10 39
10 12 33
7 9 12
12 15 39
10 13 18
4 7 3
20 22 38
11 14 13
13 16 21
0 1 34
23 2 9
2 4 2
17 21 19
11 15 35
2 4 13
12 14 6
17 21 32
17 19 28
4 8 6
0 3 37
20 22 21
8 10 39
5 9 1
21 1 9
2 5 15
17 23 38
12 16 24
18 21 35
10 13 14
7 9 27
17 22 31
20 0 12
2 6 29
9 12 31
0 5 21
7 9 29
11 13 20
7 9 8
10 11 31
4 5 4
2 7 19
22 1 13
14 17 25
16 18 24
20 1 12
19 22 37
19 23 23
11 14 27
21 2 16
9 12 8
14 17 16
23 1 32
10 14 33
20 23 22
1 4 35
21 2 24
6 10 21
20 22 12
4 7 30
12 16 34
0 4 5
14 17 35
15 18 5
2 4 4
12 15 12
11 12 30
16 19 1
11 13 26
0 2 35
15 19 25
1 3 21
0 4 39
3 5 25
23 1 3
23 3 36
2 3 5
6 8 34
12 18 38
2 5 30
14 18 33
5 8 16
22 2 37
19 22 26
2 4 11
6 12 6
17 20 27
19 23 36
17 19 37
20 23 8
17 21 4
2 6 26
20 22 12
11 15 34
1 3 8
14 16 25
5 6 7
21 0 24
16 21 31
2 5 14
16 20 16
9 11 9
7 10 35
10 12 12
15 18 11
11 13 22
11 13 12
21 0 22
4 8 8
15 18 38
13 17 4
11 15 19
23 1 29
2 5 2
3 9 35
17 21 39
8 11 11
1 4 29
23 2 25
14 19 8
18 22 19
14 16 27
5 9 12
20 22 28
15 16 14
18 22 9
7 10 6
3 6 9
5 8 22
5 8 36
