3000 47
33 38 33 30 38 15 14 9 44 33 25 9 47 21 44 5 40 4 34 10 19 34 8 12 45 7 29 12 9 32 47 28 9 2 1 31 26 21 28 16 13 7 39 43 12 25 19 
0 3 16
19 22 34
1 5 38
17 20 2
21 0 18
13 16 20
13 16 43
9 13 4
14 17 13
20 23 14
17 19 29
4 9 44
9 12 6
18 22 7
21 1 2
17 20 8
17 20 39
21 23 46
5 6 39
20 0 11
19 22 20
20 23 42
20 23 47
7 10 24
4 7 14
0 1 46
0 2 27
7 10 46
6 10 19
2 5 1
23 2 31
10 14 28
15 18 35
0 2 29
8 11 9
0 3 42
7 9 42
16 18 42
14 18 8
22 0 12
10 12 16
19 0 43
6 9 35
15 19 4
21 0 33
21 23 27
9 11 35
5 8 27
3 7 17
22 1 28
7 8 28
0 4 40
0 5 45
15 18 10
12 14 42
2 5 12
22 3 23
8 11 18
5 6 32
22 1 33
4 8 34
5 8 7
11 14 28
4 7 28
1 6 28
18 20 17
11 13 30
1 4 13
3 6 32
10 13 43
15 18 47
19 23 41
17 20 10
20 0 23
4 8 27
15 17 9
23 3 47
10 14 16
12 13 28
19 22 6
2 4 32
20 23 7
10 10 3
6 8 22
22 1 41
19 22 41
2 6 35
9 10 34
14 18 17
14 19 23
1 3 12
1 4 35
12 16 18
17 20 43
9 12 12
16 19 40
20 0 16
19 22 26
14 16 22
18 0 11
22 2 5
6 9 31
6 10 40
9 10 45
9 13 21
20 23 43
5 9 27
1 4 46
1 5 8
19 22 32
22 1 13
10 14 8
4 8 31
19 21 12
23 0 36
23 1 22
23 2 25
7 10 42
9 11 6
0 3 31
3 6 7
14 18 38
4 8 9
23 3 42
8 12 9
16 16 16
23 1 10
14 16 7
13 17 18
6 9 47
14 18 47
1 4 2
22 2 46
17 18 42
20 22 30
3 5 32
1 3 3
10 13 2
14 16 27
8 11 40
5 8 21
1 3 44
18 20 5
16 20 33
12 15 39
11 15 26
1 6 40
20 23 38
14 19 13
3 6 13
14 18 32
18 20 40
0 1 8
3 4 29
23 1 8
19 22 11
0 4 25
1 3 28
10 13 44
17 19 35
7 9 39
3 6 30
8 10 8
10 14 16
20 23 34
20 23 40
10 13 40
3 5 30
9 14 43
17 19 18
19 21 8
23 1 28
3 5 36
22 1 4
17 21 13
0 2 30
19 22 16
10 13 31
17 21 46
7 11 43
0 3 2
21 23 39
9 13 1
21 22 37
6 11 8
17 20 42
20 23 11
2 5 39
0 4 29
23 3 47
9 11 43
14 16 27
2 5 16
20 22 7
23 3 2
0 2 42
18 22 47
19 23 24
20 23 35
21 22 9
22 2 25
5 9 24
8 10 39
10 13 28
3 5 36
22 0 8
15 18 47
16 21 24
9 13 32
10 12 35
22 1 33
15 20 14
13 17 13
0 4 22
13 15 1
19 0 31
15 18 29
15 18 34
20 0 8
1 3 41
6 10 4
18 21 17
11 13 39
8 11 30
8 12 41
5 10 5
7 9 40
6 9 29
12 15 3
10 14 35
23 2 45
18 20 33
9 11 44
16 19 8
21 21 8
17 19 34
21 23 33
15 17 12
12 16 36
19 22 45
17 19 13
7 12 18
1 2 41
19 22 11
23 3 10
10 13 14
6 9 11
0 2 9
17 21 41
5 9 3
14 16 29
9 10 33
1 4 46
7 9 10
3 6 30
6 9 33
19 23 4
10 13 47
16 18 22
2 6 8
19 21 34
1 4 36
18 22 12
20 0 46
15 18 7
15 19 47
10 13 33
14 16 37
15 17 2
6 8 24
18 19 40
5 10 33
14 17 14
17 19 32
10 13 22
5 8 33
22 0 42
18 21 14
15 17 5
20 22 38
15 17 19
11 14 23
8 12 27
15 18 38
0 3 27
16 20 45
6 8 47
17 21 26
15 19 21
15 18 41
11 14 5
19 21 14
1 5 14
2 3 2
14 18 7
11 14 33
0 3 31
14 17 45
0 3 21
5 9 24
6 9 22
16 18 43
15 18 44
8 12 4
14 18 1
23 2 6
6 9 35
6 9 43
0 2 38
5 8 34
5 8 11
14 18 45
15 19 2
22 1 29
13 15 29
6 9 27
13 15 39
14 18 5
18 20 43
6 8 35
0 3 1
11 14 8
8 11 6
18 20 37
1 4 27
11 15 5
22 1 47
12 15 33
11 13 22
7 9 44
7 11 42
0 5 37
11 12 7
6 8 10
15 19 8
19 0 24
1 3 12
4 6 25
19 21 30
22 0 28
4 6 31
7 11 40
16 19 30
7 10 45
12 15 10
19 21 19
13 17 11
19 22 27
17 20 13
7 8 20
20 1 1
7 10 42
22 0 15
13 16 30
22 0 17
18 20 1
3 6 20
6 10 8
22 1 18
19 22 43
19 21 42
2 5 31
15 16 36
9 12 12
6 10 40
21 1 9
5 9 6
8 10 42
18 21 37
22 0 45
23 0 39
10 13 2
6 8 24
12 16 4
1 4 21
15 19 34
18 21 3
20 0 13
12 13 38
21 23 9
17 19 1
3 5 25
0 3 42
14 16 36
10 14 46
17 20 36
6 8 1
11 14 5
8 10 14
16 16 14
3 5 22
22 0 7
18 20 2
10 14 8
3 7 2
22 1 45
12 16 47
13 17 16
23 3 12
0 3 16
7 10 6
15 18 15
1 3 24
18 22 2
1 5 35
23 2 9
13 15 47
16 22 8
4 8 31
0 2 37
12 15 33
20 21 14
23 2 10
19 22 9
18 20 44
19 21 44
14 18 32
22 0 10
20 23 30
8 12 16
0 3 42
0 3 46
18 19 5
20 0 9
15 18 28
20 0 39
14 17 8
22 22 34
7 9 5
23 1 30
20 0 17
9 11 34
2 7 21
5 7 39
7 10 3
11 13 19
19 21 28
9 11 43
10 11 9
11 13 34
15 16 37
5 9 18
4 8 8
11 13 16
12 15 19
21 1 13
2 5 45
8 12 22
5 7 24
16 19 29
16 17 17
12 16 40
15 18 45
9 12 41
8 10 37
3 6 15
20 22 21
22 3 36
2 6 9
23 3 3
13 16 42
14 15 46
16 19 27
2 5 44
3 6 27
14 19 47
16 18 12
3 7 2
8 11 41
0 2 15
12 15 1
3 5 34
8 9 7
2 4 43
13 16 30
20 23 1
14 19 32
17 20 33
1 3 10
2 5 13
1 5 32
21 0 30
17 20 16
15 20 34
22 0 15
17 21 41
19 23 7
3 5 13
19 23 11
17 19 46
16 18 12
15 19 17
8 11 15
11 14 21
2 6 45
13 16 19
18 21 31
1 3 4
11 15 38
1 4 30
10 12 22
11 15 19
2 4 21
4 7 32
5 8 30
5 8 20
17 20 37
12 16 14
16 20 36
8 13 5
5 7 42
17 21 21
10 12 16
2 6 11
21 1 4
8 11 23
17 20 45
0 2 47
16 18 15
4 7 37
1 4 36
22 0 25
2 4 43
23 2 25
21 1 2
17 18 14
11 13 20
11 15 28
22 0 42
15 18 35
23 4 31
20 23 41
3 5 43
14 16 38
11 14 47
5 6 46
22 2 26
7 8 21
18 22 37
13 19 31
0 3 31
4 7 11
2 5 30
17 20 26
20 23 32
2 6 16
18 23 5
19 22 30
21 23 11
16 19 39
12 16 9
2 7 32
10 15 11
19 21 20
7 9 9
12 14 43
23 2 1
20 1 12
1 4 8
12 15 21
19 22 28
5 7 34
1 4 34
22 1 26
13 16 4
12 15 26
18 22 45
3 5 30
0 2 41
7 11 6
18 22 21
21 0 5
4 7 16
9 12 44
23 4 14
23 3 8
13 15 28
9 12 6
12 16 28
11 14 6
22 3 17
16 18 22
14 17 22
6 9 10
2 4 41
15 18 15
6 7 13
12 16 38
11 14 34
1 4 15
15 17 45
3 6 13
23 1 38
0 2 20
0 5 40
2 4 28
2 5 19
13 17 35
21 0 29
19 21 11
14 16 33
22 0 12
3 6 4
6 9 35
18 19 17
4 8 13
8 11 30
1 3 35
13 17 37
0 1 9
7 10 34
13 14 44
5 9 20
10 14 7
6 8 18
19 21 16
15 17 26
7 10 3
9 11 36
15 19 18
4 6 15
2 7 16
22 1 24
4 5 35
5 8 4
17 20 43
1 4 36
21 23 45
6 9 19
7 9 15
4 9 18
20 0 37
9 14 11
5 9 12
13 14 5
19 20 32
6 7 28
23 1 45
2 6 38
22 23 16
21 1 33
20 22 43
7 9 20
21 23 19
9 13 43
13 17 4
16 18 18
11 14 17
18 22 38
3 6 2
0 3 5
1 4 40
6 9 17
22 2 40
11 13 9
15 19 33
2 6 1
16 18 33
5 8 25
14 16 30
10 13 40
1 3 33
15 19 36
14 16 25
4 6 32
2 4 46
14 18 31
22 1 34
9 13 12
1 4 9
11 14 47
5 7 46
9 12 35
3 5 15
7 10 8
7 10 17
6 9 15
6 10 43
13 15 2
0 3 20
19 21 12
22 23 35
8 11 28
2 7 23
23 3 27
8 12 20
12 14 39
6 11 39
2 5 8
17 20 43
16 21 31
14 17 15
7 11 7
0 5 32
8 10 34
2 5 35
1 2 26
19 21 21
3 5 45
19 22 38
2 5 36
8 11 7
4 8 30
17 19 41
10 13 42
6 11 7
8 12 44
23 2 1
6 9 25
8 11 8
10 13 41
6 10 17
3 5 22
23 1 45
0 3 33
20 23 5
3 7 45
14 17 45
15 18 27
4 8 33
15 18 28
23 1 35
15 17 43
9 13 44
21 0 26
15 17 40
4 6 12
0 3 14
6 11 17
3 8 47
1 1 30
18 20 39
10 13 24
6 8 45
18 21 37
14 18 44
15 17 6
14 18 12
5 7 11
13 16 28
8 11 24
20 0 4
15 17 14
5 9 41
15 19 15
5 7 9
22 3 26
9 11 7
23 2 45
3 6 46
0 2 25
14 18 44
17 22 39
16 18 44
9 12 44
12 14 31
8 11 19
5 9 4
19 23 25
2 6 4
5 8 7
8 10 35
14 18 43
17 19 18
12 16 10
4 8 23
15 19 6
12 15 22
21 23 32
8 11 8
23 3 46
6 10 13
16 21 26
1 4 2
11 16 40
7 11 13
12 14 21
21 1 8
23 0 33
12 18 21
6 10 28
5 7 20
18 22 35
18 22 11
5 8 39
3 6 15
23 2 47
23 2 10
3 5 18
13 14 7
4 9 36
9 11 4
3 6 36
3 7 15
7 9 4
21 0 38
23 4 9
4 7 39
4 7 16
14 17 35
11 14 34
14 18 31
8 11 35
10 13 21
13 17 3
15 18 7
8 11 10
7 9 34
22 0 18
19 22 38
11 15 20
2 4 20
18 20 7
17 20 15
11 14 32
9 12 23
6 9 28
20 23 14
0 3 36
5 9 39
22 2 22
21 21 44
6 9 1
6 8 20
18 21 47
12 13 2
20 23 15
2 5 5
5 7 47
8 13 23
17 19 44
13 15 1
2 6 24
1 3 5
12 14 26
7 11 38
15 19 10
7 10 37
15 18 1
11 13 1
21 0 10
21 23 40
15 19 27
4 8 46
23 4 14
20 22 42
6 8 19
5 8 3
6 9 26
18 21 43
3 4 44
1 3 1
19 21 38
10 13 2
3 7 31
16 19 2
14 15 29
10 14 19
3 7 43
6 10 9
23 2 43
8 11 1
11 14 26
11 15 38
6 7 5
23 2 43
12 13 22
9 12 42
8 11 19
1 4 6
18 20 27
21 23 43
22 23 18
9 13 36
20 23 10
23 3 2
6 11 18
9 13 45
3 4 38
14 20 22
4 6 10
15 19 41
18 22 4
21 0 14
22 1 2
12 14 40
9 12 25
23 2 36
2 4 42
16 19 3
21 0 8
9 10 1
5 9 26
0 4 39
9 12 35
12 15 43
1 4 11
22 1 7
22 0 21
15 18 16
5 8 31
5 8 38
7 10 44
12 13 35
12 17 29
1 5 4
14 18 20
8 10 39
10 13 25
12 16 20
12 13 38
14 16 5
21 0 32
1 5 5
4 6 38
15 21 7
19 23 38
1 4 6
21 0 37
13 15 5
4 8 7
5 9 44
20 23 6
14 18 40
10 11 28
12 15 3
16 18 34
8 10 42
7 11 5
22 0 13
4 7 8
21 0 41
0 3 24
8 13 4
2 5 16
4 7 42
18 23 27
12 14 11
0 3 47
20 22 8
0 4 24
20 23 28
11 13 30
11 14 2
13 16 11
18 20 15
15 17 18
11 14 12
18 23 12
9 13 7
17 20 37
12 14 42
13 16 5
12 15 33
9 11 2
23 2 26
4 8 11
9 13 44
22 1 11
8 13 35
17 19 44
15 19 29
17 20 25
2 4 20
7 11 32
2 6 18
8 11 9
15 16 32
16 20 1
3 6 13
4 6 28
6 8 4
19 23 46
10 13 19
3 7 14
14 19 33
2 4 42
23 2 14
3 6 32
5 9 21
4 8 31
0 3 26
9 12 40
2 4 32
18 23 16
15 19 31
16 18 43
1 4 40
19 21 39
0 4 20
4 6 30
19 22 19
13 17 21
18 22 32
20 1 27
2 4 31
2 6 45
13 15 39
19 23 34
1 3 5
9 13 35
7 9 41
13 15 39
10 13 42
10 13 46
9 12 1
23 3 4
20 21 32
18 21 24
8 12 8
11 15 14
10 12 29
22 0 43
0 3 7
6 10 39
14 15 15
0 5 43
16 21 34
21 22 41
16 19 26
11 15 18
8 11 29
0 3 10
5 6 9
9 12 13
21 0 2
10 12 17
9 10 32
7 10 30
2 6 17
11 15 3
8 10 35
20 22 9
14 19 22
0 3 8
11 13 19
16 21 2
18 22 23
3 8 36
12 15 8
12 15 38
21 23 16
20 21 21
21 0 25
20 0 33
22 2 41
0 3 43
11 14 10
1 5 18
15 18 15
22 3 36
19 20 9
11 14 7
10 12 39
12 14 11
18 20 23
9 12 6
4 6 22
9 12 45
11 15 8
23 3 11
15 17 37
19 21 43
11 13 19
19 21 4
14 15 43
23 3 35
23 22 20
4 5 3
0 4 22
14 16 29
13 17 31
21 1 10
21 0 34
10 12 20
0 4 24
4 6 43
0 5 36
17 19 11
23 2 15
19 23 24
6 11 1
5 9 32
14 18 45
20 0 19
21 23 42
21 1 20
23 2 11
14 16 10
19 23 16
10 13 12
13 16 46
12 13 14
19 23 25
1 4 23
2 4 40
4 7 36
20 22 12
0 3 23
6 9 45
6 8 44
0 2 2
21 0 32
17 21 6
7 9 26
4 6 21
18 22 8
11 13 36
10 13 42
18 20 8
5 6 46
15 19 29
15 17 11
9 12 9
21 23 2
20 22 6
5 9 18
23 1 30
12 17 1
11 13 1
6 9 41
3 10 7
1 4 24
21 23 13
4 6 40
17 19 8
9 12 1
9 13 46
16 19 21
5 9 8
13 16 1
17 20 45
9 13 3
2 5 10
13 15 26
19 23 15
14 17 13
23 0 36
20 23 13
16 17 47
8 11 34
3 5 24
6 9 31
20 0 17
13 17 1
18 21 40
8 12 18
4 7 42
18 21 7
3 7 18
0 3 39
4 7 21
10 12 35
7 12 19
1 5 3
8 9 29
1 2 30
6 9 47
9 12 34
4 8 34
12 15 29
16 17 36
5 7 15
22 1 11
17 21 6
2 4 7
9 12 13
9 12 1
19 21 40
2 4 43
12 15 25
16 18 33
3 4 11
23 4 7
16 19 37
0 4 17
20 0 9
11 16 23
6 8 24
14 16 6
17 20 38
22 0 45
11 16 18
22 23 42
7 8 3
13 16 43
4 7 38
22 1 34
0 3 44
13 18 15
4 6 1
16 19 19
13 16 33
10 13 34
16 20 27
19 22 35
18 21 13
8 10 27
0 2 32
7 9 15
21 1 9
1 5 43
19 21 20
6 9 46
18 21 37
12 15 7
19 23 21
7 10 44
2 5 32
19 23 40
19 23 33
0 2 39
14 17 9
3 8 21
14 16 6
15 18 22
6 9 3
6 9 7
16 20 3
8 10 36
15 19 38
12 14 25
20 23 9
16 19 26
23 3 47
23 2 17
10 11 13
13 16 39
21 0 28
5 6 45
8 11 19
20 23 9
5 7 30
9 14 27
10 12 39
23 1 37
17 21 35
6 7 46
18 20 36
0 3 32
7 9 22
1 4 3
23 2 25
20 21 43
9 12 42
12 15 8
2 6 20
8 10 17
23 1 6
9 13 35
6 10 32
15 18 7
6 11 37
21 0 12
14 15 25
2 7 42
6 9 30
11 13 11
19 23 1
22 1 29
21 0 42
16 19 5
13 15 43
15 16 35
20 22 7
9 13 19
3 5 41
3 5 47
7 10 21
0 4 30
11 14 12
15 17 26
1 4 43
17 20 42
11 15 15
20 0 43
0 3 31
22 1 44
23 0 2
8 11 14
5 7 24
7 9 19
8 12 43
10 12 15
7 9 32
1 4 36
6 9 3
14 18 8
6 9 10
11 14 1
0 5 42
20 22 29
13 17 25
12 15 21
15 17 6
12 15 4
6 10 45
3 5 2
3 6 11
13 17 37
18 21 8
18 22 44
10 12 14
0 4 34
1 5 45
18 20 19
13 17 31
10 14 28
19 21 22
14 17 42
8 11 11
9 14 40
4 7 18
23 3 41
18 21 17
18 21 23
11 15 21
3 6 47
15 20 36
15 19 22
17 19 20
13 15 27
3 6 32
10 13 47
14 16 13
13 15 14
9 12 19
20 22 15
0 4 16
0 2 31
0 3 35
6 11 37
1 5 4
21 0 2
12 14 33
5 7 31
9 13 35
5 8 42
10 12 46
4 7 38
12 16 28
20 0 15
0 5 25
20 23 14
1 4 7
2 5 27
16 18 38
11 14 16
15 18 36
9 11 35
12 16 13
15 18 23
15 17 1
6 7 35
2 6 21
6 8 2
21 22 11
9 13 19
8 10 7
13 15 22
22 2 39
0 4 3
3 6 22
9 11 14
6 10 45
9 10 39
12 15 40
6 9 35
7 12 32
3 3 8
6 8 37
7 11 10
23 0 42
17 18 41
17 21 25
15 19 45
21 1 13
9 12 8
10 13 31
8 12 16
12 16 26
5 8 21
19 22 20
20 0 11
2 5 45
11 13 30
7 9 45
23 2 41
0 2 2
5 8 8
15 19 17
22 1 23
23 0 10
2 6 42
5 7 19
4 7 44
11 13 26
20 23 36
11 12 35
15 17 23
11 15 35
16 21 16
15 17 46
10 13 47
16 18 45
5 8 40
19 21 8
19 23 47
8 11 30
3 7 33
3 5 38
2 5 42
4 9 40
22 1 24
15 17 23
15 19 20
8 12 42
11 14 25
16 20 10
11 12 37
13 16 36
2 4 37
18 22 47
20 0 2
11 14 34
21 23 32
15 18 47
4 6 3
1 3 34
3 6 19
19 22 13
22 0 10
14 16 34
17 19 14
7 9 47
15 16 25
17 19 39
7 8 36
11 12 24
11 15 10
9 12 35
10 14 34
5 6 4
12 14 20
23 2 9
13 18 38
1 4 39
13 18 12
6 9 18
13 17 27
23 2 30
8 12 27
22 2 28
20 21 34
21 1 35
0 3 42
0 1 11
5 8 40
17 20 21
4 9 16
21 1 40
4 7 11
16 20 30
20 21 37
9 13 14
13 17 11
8 9 45
3 8 14
21 23 24
22 23 2
10 15 32
2 6 19
18 21 18
22 1 28
18 20 5
5 9 47
9 13 40
23 2 47
9 11 41
16 20 46
6 7 46
15 18 13
1 2 35
1 5 39
9 12 18
1 4 10
18 20 11
5 9 45
22 0 35
22 1 36
0 3 1
12 15 20
4 5 40
17 22 27
12 14 3
8 14 37
7 10 43
22 1 26
6 8 41
13 15 24
9 11 5
20 22 39
20 23 19
16 18 17
18 19 19
19 23 44
15 17 34
20 0 29
3 6 25
8 10 47
4 6 28
13 15 41
4 7 32
7 11 31
0 2 10
11 15 30
4 5 38
18 19 47
16 20 36
7 10 30
18 22 5
21 1 44
13 17 42
11 15 2
0 3 32
12 15 44
6 8 3
7 9 12
10 14 41
0 3 41
5 7 5
12 16 29
21 23 15
14 18 23
18 19 7
9 14 43
23 2 32
3 7 7
11 16 2
1 3 37
20 21 28
15 16 35
20 23 27
18 20 6
0 3 27
14 15 19
10 14 45
21 3 23
16 20 4
20 23 47
5 9 29
14 17 2
18 23 12
12 16 10
6 7 11
4 8 29
10 11 2
14 16 6
20 23 46
5 8 21
0 4 26
8 11 33
2 5 13
16 20 16
21 1 30
14 17 2
9 11 36
21 0 36
23 2 2
3 6 30
4 7 25
20 23 37
10 12 33
8 9 46
9 12 44
7 13 6
23 0 36
1 5 16
13 15 40
3 6 16
16 18 1
4 7 24
1 3 39
5 10 29
0 4 28
15 18 20
5 6 21
17 21 37
13 16 36
12 16 39
19 20 7
11 17 26
3 4 26
3 5 27
1 5 25
14 18 17
23 2 8
19 23 41
2 4 17
7 10 4
9 11 44
18 21 46
18 21 3
21 3 39
16 18 39
11 15 47
22 1 14
10 12 9
6 9 16
23 1 16
10 16 42
13 14 11
23 2 28
21 0 42
9 13 45
2 3 4
14 18 30
13 17 28
23 3 13
20 23 27
14 17 14
13 16 6
11 13 31
9 13 16
6 9 12
16 18 35
11 15 44
1 4 1
4 6 19
3 7 20
19 21 10
7 9 1
17 19 47
8 9 10
19 21 13
17 19 3
14 16 16
10 14 42
23 3 35
3 5 11
10 13 24
21 0 45
0 3 11
10 15 44
8 12 42
17 20 45
22 23 40
12 15 28
2 6 34
18 21 5
5 9 39
7 11 28
23 1 24
0 5 10
20 1 8
19 23 5
16 20 19
10 13 42
2 4 23
18 22 25
2 6 26
22 2 42
1 2 37
20 23 8
1 2 35
6 8 47
15 19 16
21 23 28
17 21 28
14 16 39
6 9 47
10 15 43
13 14 17
2 4 35
9 11 37
20 22 6
9 10 4
1 4 41
4 8 11
8 11 2
5 6 39
22 1 14
10 12 28
23 3 16
7 9 8
16 20 2
8 9 41
13 16 10
19 22 36
20 23 13
13 16 43
13 18 2
20 22 37
9 12 15
6 8 35
13 15 37
18 21 15
10 12 28
14 16 43
5 7 29
4 7 4
2 4 35
12 16 25
18 21 29
22 2 3
9 12 31
1 3 22
15 17 12
11 12 19
13 16 15
10 13 12
19 22 13
11 15 15
22 2 8
22 2 16
9 11 14
0 4 19
4 8 12
5 7 8
19 21 46
23 2 45
21 1 22
20 23 39
12 15 31
5 7 18
2 4 43
12 14 25
1 4 31
23 2 38
6 10 7
18 21 39
19 21 9
8 10 10
4 6 2
3 5 5
11 15 22
9 13 32
0 4 1
19 23 14
13 16 29
10 15 37
3 5 41
8 10 3
8 11 42
2 3 38
9 12 39
17 19 18
3 6 36
19 20 10
14 17 12
14 17 5
9 11 37
19 22 41
21 0 1
18 21 44
9 12 27
3 6 20
16 20 7
19 0 29
13 14 47
5 8 37
5 7 25
21 1 33
15 18 44
13 15 9
0 1 31
21 1 24
11 14 17
9 12 42
10 12 42
12 14 6
8 10 42
13 15 1
23 1 30
7 10 7
16 19 30
11 15 26
11 13 45
14 18 11
7 11 37
23 1 13
1 3 5
11 14 1
17 19 13
20 22 31
1 5 3
2 4 33
1 4 7
15 20 15
20 22 23
19 22 2
6 10 35
14 17 33
2 6 27
23 4 47
14 18 35
19 21 41
7 10 18
6 8 43
17 20 9
23 0 47
14 19 47
2 4 4
13 15 2
23 3 18
7 9 40
13 15 29
11 14 38
5 8 19
6 10 31
11 15 27
2 5 1
2 5 25
13 15 33
1 5 3
9 12 16
12 15 9
13 16 26
21 0 44
15 17 39
14 16 6
7 11 29
18 19 46
15 17 7
18 21 24
22 0 20
23 2 22
0 3 34
21 22 38
16 20 16
20 23 1
4 7 7
9 14 8
23 2 23
11 14 41
5 8 21
5 8 28
1 6 35
14 16 44
16 19 22
1 2 20
9 12 24
12 15 22
13 16 1
16 19 47
0 4 32
19 21 47
17 20 28
23 2 7
10 13 32
22 2 5
5 9 43
17 19 10
9 11 1
6 8 10
7 9 18
8 11 27
12 16 27
0 2 21
5 9 23
17 20 32
10 13 1
6 8 7
13 17 45
9 11 25
21 1 28
22 0 2
19 22 44
21 1 14
12 14 38
5 8 36
14 17 5
20 0 22
14 17 19
16 17 33
12 14 4
11 14 39
11 12 36
15 19 23
2 6 41
13 14 31
8 8 9
4 8 36
22 2 40
1 4 29
1 3 5
4 9 36
20 23 9
4 7 14
0 1 11
3 5 32
20 22 33
12 13 32
12 15 31
3 6 27
5 7 40
21 0 41
2 5 21
21 0 21
14 17 26
15 16 29
2 5 40
4 7 16
5 9 3
20 23 26
21 0 18
20 1 10
14 16 32
9 13 1
10 13 2
2 6 29
7 10 6
22 1 8
23 3 32
20 23 46
5 8 41
0 2 39
10 12 32
9 12 27
20 21 28
14 17 18
12 13 16
17 20 2
15 19 24
15 18 11
7 10 32
0 3 27
3 5 6
7 10 26
12 17 7
16 19 16
15 16 47
7 10 17
9 13 4
22 0 24
19 20 1
7 10 9
0 2 5
20 0 47
14 18 13
18 20 20
13 15 36
4 8 31
7 11 20
8 10 4
13 17 44
17 21 1
3 7 10
4 8 3
15 18 34
16 18 22
10 13 30
16 19 29
9 15 44
19 23 43
11 14 17
17 20 13
20 22 43
23 1 14
17 20 27
21 0 16
6 9 38
4 6 25
19 23 44
13 16 20
23 3 33
10 12 23
3 4 43
3 6 43
19 23 25
17 18 3
18 23 35
9 14 2
2 6 33
22 0 47
0 4 10
10 14 6
12 14 24
1 5 26
11 14 4
13 15 47
8 12 6
12 17 10
7 10 47
4 7 15
9 13 25
6 10 21
7 9 43
15 17 35
15 18 1
16 19 44
1 5 34
2 5 43
19 22 15
2 4 45
9 11 24
6 9 35
11 14 2
13 17 40
0 3 38
10 15 18
22 2 42
0 2 38
22 2 36
2 3 29
6 8 5
1 2 42
13 15 42
0 3 11
23 2 32
9 13 41
1 3 42
13 16 29
20 23 47
16 19 30
10 13 14
17 20 5
20 22 41
8 13 43
18 21 28
9 11 7
22 1 23
14 16 13
12 14 9
16 18 37
14 18 47
17 20 37
2 5 41
1 5 33
6 10 38
19 21 40
16 19 37
22 0 17
6 7 42
22 2 44
11 14 43
23 2 22
9 13 14
22 1 12
9 12 14
2 6 10
6 8 6
17 20 30
12 13 20
7 9 11
5 7 37
13 16 43
11 15 31
17 19 10
9 11 42
19 21 12
19 22 6
3 4 46
22 1 18
8 13 28
9 13 16
6 8 10
4 8 9
4 6 46
17 20 7
0 4 24
9 12 16
22 1 11
1 5 11
18 21 32
0 4 7
4 7 22
6 9 6
3 7 4
23 2 16
3 6 13
18 21 34
1 3 28
22 1 32
3 4 44
5 8 10
3 8 11
18 22 5
12 14 17
10 13 11
15 19 45
21 1 13
0 2 15
10 13 7
12 16 11
14 18 22
21 1 41
15 19 35
23 3 43
12 15 19
6 10 41
20 23 46
20 1 24
12 16 13
2 6 30
20 23 18
0 2 33
23 3 11
11 14 12
13 16 18
12 14 24
12 15 30
21 0 36
14 20 1
2 4 38
12 15 40
0 3 15
0 3 1
12 15 26
12 15 7
10 12 35
6 10 13
11 15 10
12 13 16
20 22 29
3 6 19
9 12 45
18 21 38
21 23 1
14 17 7
14 18 18
13 17 36
19 23 26
8 12 46
21 22 23
9 11 38
11 14 4
7 11 27
2 4 6
16 20 14
1 4 6
14 15 3
14 16 14
0 3 31
6 9 10
22 0 36
18 21 41
2 4 25
18 20 27
18 20 35
6 8 6
6 9 44
19 21 17
7 10 41
5 8 4
1 4 23
13 17 39
16 19 39
20 21 14
18 23 16
17 20 11
6 7 30
18 19 34
4 7 21
10 13 30
23 2 21
10 15 13
16 19 43
18 20 38
23 2 5
23 3 35
9 13 37
15 17 35
10 14 30
2 4 3
19 22 16
22 2 2
8 11 10
23 2 5
3 6 7
9 12 18
11 14 25
3 6 26
18 21 18
5 7 38
6 10 38
20 0 30
13 14 27
0 2 14
18 21 7
6 7 7
14 18 8
21 22 10
7 11 24
12 16 34
1 4 18
10 13 36
8 11 36
4 6 47
14 16 40
20 0 25
6 10 12
4 6 8
1 3 41
14 16 8
22 1 32
15 19 7
0 3 20
2 4 36
11 13 40
4 8 40
4 8 2
9 12 12
18 22 30
8 10 20
7 10 35
13 18 1
4 6 37
1 4 45
10 14 12
0 3 23
15 18 41
6 10 37
4 7 18
11 15 17
14 16 45
20 22 13
4 6 44
2 5 46
21 1 13
15 18 32
19 22 33
5 9 46
14 18 33
10 14 1
3 7 39
1 3 39
13 17 42
12 15 22
3 6 23
19 22 10
14 17 15
12 15 39
13 16 2
19 0 32
8 11 41
18 22 41
3 7 10
17 18 20
12 16 18
17 21 26
4 7 9
9 10 11
18 22 1
3 4 34
1 5 28
6 8 32
3 5 46
22 1 15
17 20 38
13 16 25
17 20 45
18 20 22
10 13 26
22 3 19
0 4 47
16 20 39
8 12 34
23 1 25
7 11 20
19 22 36
1 5 14
5 9 40
20 1 10
11 15 9
3 7 2
12 15 43
13 17 11
18 22 38
3 6 42
18 21 44
9 13 28
13 16 29
1 3 20
4 8 27
0 3 43
15 18 29
1 5 37
10 12 38
11 16 38
10 13 14
12 13 41
8 11 34
4 9 47
21 22 38
9 13 35
16 17 44
2 5 7
10 13 21
15 19 15
19 21 1
13 17 41
19 0 16
8 11 26
12 13 47
20 22 23
20 0 38
9 12 27
9 12 6
8 11 34
0 3 10
8 9 17
16 19 7
7 10 26
14 16 39
0 5 12
3 7 26
2 4 23
0 3 16
16 19 32
1 5 6
6 11 16
0 3 4
11 14 18
17 21 45
12 15 19
6 9 3
1 6 36
22 1 4
1 3 39
2 3 24
12 15 17
23 3 19
3 7 23
6 10 22
14 16 27
4 9 12
23 2 47
23 3 8
7 10 34
9 11 14
22 2 4
9 14 37
12 15 25
11 12 43
10 14 9
15 17 36
9 11 33
8 10 38
4 6 21
15 18 4
11 13 17
10 14 21
12 14 34
23 3 47
21 1 9
12 15 36
20 0 18
9 13 35
22 2 15
11 14 42
14 18 22
8 11 8
6 9 15
17 19 28
23 1 37
11 14 10
14 15 14
2 6 8
17 19 43
0 3 17
5 6 43
22 1 31
1 6 3
6 8 29
7 10 32
0 2 8
15 17 40
20 23 20
11 14 30
2 6 29
14 18 18
14 18 31
5 9 41
3 7 43
22 1 22
15 18 24
11 15 32
13 16 38
19 22 24
12 16 19
2 6 37
20 0 39
23 2 33
22 1 6
23 2 25
3 7 47
14 17 42
2 5 13
13 17 45
20 22 13
12 15 3
18 21 17
11 15 24
17 20 16
10 13 8
12 16 2
22 0 10
23 1 30
1 2 28
16 19 3
10 13 34
19 23 44
15 18 6
19 21 26
6 7 2
6 9 42
4 7 42
1 5 41
7 10 33
7 10 33
0 5 30
1 4 4
5 9 14
7 11 8
2 3 36
20 23 22
18 21 2
14 17 43
13 16 39
5 8 33
17 19 24
2 4 4
11 15 3
3 7 6
9 13 9
2 5 23
4 7 5
22 1 42
10 13 44
17 20 45
6 9 28
6 10 39
7 8 31
6 8 7
18 21 8
8 11 23
5 8 31
16 21 27
23 1 17
6 9 16
7 10 7
23 2 26
14 18 11
13 15 1
11 13 8
0 6 34
10 14 2
2 5 25
17 20 44
17 21 16
13 16 39
12 14 22
18 21 27
11 14 39
19 23 45
23 4 13
4 7 47
15 18 30
5 9 24
4 5 9
20 21 46
7 10 39
12 14 41
2 3 22
9 12 34
2 3 5
15 18 6
0 5 45
9 13 35
10 13 46
3 8 41
6 9 17
2 4 27
20 23 10
1 3 25
17 19 36
10 14 6
23 1 8
23 2 45
2 5 6
4 7 6
2 4 46
22 1 18
19 22 27
10 15 33
14 18 31
1 5 17
13 17 21
0 3 40
2 6 22
1 3 3
19 0 41
17 19 1
3 6 42
17 20 3
11 14 40
6 9 26
5 9 47
0 4 11
0 2 46
20 22 23
13 15 13
15 19 36
20 23 12
13 16 41
14 17 42
9 13 41
18 22 39
4 7 38
15 18 10
9 12 13
1 3 35
3 6 31
17 21 42
16 18 15
19 22 44
11 15 32
19 22 27
6 8 31
1 3 35
19 21 15
2 4 15
1 4 31
15 19 44
14 19 14
16 20 17
14 18 25
13 16 37
20 0 38
20 1 3
1 3 26
13 17 1
21 23 42
7 10 3
13 16 45
7 9 44
1 6 43
2 5 20
23 2 20
13 16 14
18 21 18
21 23 19
15 19 34
16 18 12
6 10 44
8 13 43
20 22 34
21 1 25
10 13 26
1 4 35
15 19 7
2 7 24
16 20 34
23 2 19
10 14 12
4 8 42
20 23 20
2 5 23
8 11 23
17 22 34
22 0 6
17 18 1
4 7 12
23 2 22
17 22 38
10 12 30
12 15 25
3 5 47
20 22 29
17 21 8
22 1 5
0 1 43
3 5 37
11 13 26
17 20 45
12 15 2
21 0 22
20 0 15
13 15 29
19 22 30
23 0 6
7 12 29
6 8 18
22 23 40
3 8 40
7 9 32
13 15 19
22 1 45
22 0 6
21 1 43
10 12 43
16 21 3
0 4 40
4 8 38
21 0 21
23 2 39
8 9 24
13 18 20
8 10 38
10 13 20
6 10 17
17 19 41
0 4 22
12 13 21
4 6 11
19 21 8
1 5 23
9 11 17
8 11 46
4 6 21
8 12 19
10 14 2
8 12 14
8 11 45
0 4 5
21 0 35
0 3 22
2 4 17
23 2 31
19 20 8
16 19 16
11 13 17
20 0 41
14 16 5
21 1 11
17 21 32
5 9 37
0 5 8
21 0 17
7 10 25
3 5 16
23 2 35
23 1 15
2 4 13
5 9 22
10 12 31
18 20 40
10 12 39
16 19 3
7 9 42
5 6 35
13 17 40
17 20 15
21 0 26
1 5 8
4 6 28
22 0 15
21 22 12
7 10 1
4 6 29
13 16 35
7 9 19
13 14 44
14 17 1
6 9 1
19 23 43
0 3 45
8 12 35
15 17 1
10 14 19
19 22 8
19 22 5
4 8 23
5 7 36
7 10 39
17 21 30
0 4 31
4 6 27
10 13 9
19 1 33
1 3 21
20 22 45
16 18 14
5 8 13
0 4 31
22 23 41
8 9 9
3 5 17
5 8 44
10 13 33
4 7 45
15 19 1
4 7 41
6 8 46
5 10 24
8 10 17
14 16 28
21 0 21
15 18 10
3 7 13
8 10 6
9 13 4
0 3 44
19 22 25
6 9 34
22 1 30
22 1 24
20 0 4
3 5 33
4 7 18
21 0 39
3 6 16
12 15 8
0 3 39
5 7 42
23 1 47
3 6 13
13 16 24
10 13 25
17 19 21
18 21 23
17 20 23
22 0 8
15 18 9
0 5 27
11 14 38
9 11 13
18 20 42
5 7 38
4 6 34
13 16 25
0 4 11
13 16 44
3 6 38
17 21 46
4 8 28
4 8 15
4 8 1
23 1 17
12 12 30
15 19 11
13 17 22
22 1 35
12 16 32
7 10 29
3 5 31
20 0 19
3 5 1
22 1 5
11 14 46
23 2 10
23 1 9
4 7 17
3 7 35
11 13 23
17 20 7
23 2 1
10 13 35
17 21 21
0 3 19
1 4 10
1 4 15
0 3 9
20 23 4
21 23 41
21 2 9
8 10 24
9 13 27
16 18 2
22 2 2
0 3 25
5 8 12
10 12 2
11 13 4
23 3 7
22 3 34
12 16 20
12 16 27
7 11 43
0 2 15
23 3 2
17 20 37
7 12 14
12 15 45
2 5 43
4 7 20
11 13 31
19 22 8
23 1 27
15 18 32
5 7 6
13 14 3
6 8 20
0 3 40
19 23 44
2 3 11
12 15 30
0 4 4
5 8 41
2 5 4
20 22 10
0 3 29
4 7 45
11 13 1
12 17 23
17 21 33
3 7 40
22 2 23
2 3 12
4 8 21
1 3 2
6 8 16
2 6 9
2 6 29
13 18 37
13 15 10
19 20 43
19 23 18
12 15 16
17 22 21
15 18 5
2 3 5
16 18 15
8 13 46
17 20 17
23 1 11
0 4 28
8 12 20
12 13 29
6 7 15
19 22 33
8 10 20
23 2 14
11 14 44
3 8 34
22 2 22
16 19 29
21 23 32
0 2 28
19 21 6
18 22 10
8 12 11
22 0 15
7 10 10
0 3 29
21 1 17
15 16 26
2 5 47
11 14 2
18 19 39
1 3 40
20 22 47
10 12 21
11 13 15
13 16 27
9 12 4
18 22 26
17 19 36
21 0 1
7 10 4
4 6 18
5 9 38
19 22 12
15 18 41
17 21 27
20 23 5
22 2 15
1 5 29
1 7 39
4 8 31
20 23 40
16 19 36
10 12 24
14 19 1
8 10 10
15 18 26
19 22 40
9 14 21
21 1 31
22 1 13
6 9 16
5 7 34
14 16 10
10 14 33
16 20 14
21 0 23
12 15 21
12 15 8
20 21 20
7 11 7
3 6 18
8 10 40
2 4 25
2 5 36
13 15 46
16 19 5
15 17 11
7 9 35
8 11 45
5 10 26
1 2 14
1 5 29
6 7 37
5 7 21
7 9 47
3 7 40
16 17 2
20 0 9
5 6 35
12 17 23
12 17 38
7 10 20
1 4 42
9 13 8
9 11 45
7 7 4
10 13 22
7 11 47
20 0 2
0 1 26
5 8 23
10 11 16
21 1 20
14 17 31
4 7 4
0 3 44
14 16 46
23 1 13
8 12 36
2 6 25
11 14 12
6 9 16
22 1 27
11 14 9
10 14 8
22 1 38
17 18 43
14 18 12
22 2 29
23 3 22
15 20 32
1 4 19
23 2 41
0 3 14
10 13 36
19 22 5
13 18 43
17 21 11
11 13 32
11 14 16
19 22 8
8 10 46
13 17 10
0 4 3
15 18 36
6 9 6
9 13 4
23 1 3
7 10 20
7 10 25
9 11 47
7 10 14
15 18 27
18 20 36
17 20 41
3 5 26
6 9 43
20 0 41
11 14 39
6 9 45
16 20 43
1 5 24
10 12 18
18 20 25
0 3 38
20 23 44
14 18 8
22 2 19
17 20 35
23 3 30
13 16 38
16 19 45
18 21 26
1 4 9
22 1 34
23 1 40
20 22 19
14 18 4
21 23 33
5 7 14
21 0 29
4 6 26
4 6 20
20 23 32
12 14 15
16 19 10
11 15 38
9 11 36
17 20 46
0 5 20
18 19 44
14 18 10
20 23 4
6 9 41
1 5 21
9 12 32
13 16 27
6 9 20
23 2 13
