1000 11
3 7 8 11 1 2 6 8 11 10 9 
6 9 2
5 7 6
21 0 2
0 5 8
15 19 8
23 3 6
15 19 9
14 16 5
9 12 1
11 14 4
4 7 6
22 0 11
3 7 5
23 2 2
10 14 9
5 7 10
13 16 8
12 14 1
16 18 7
10 13 11
0 2 9
12 16 3
10 12 7
5 9 2
0 2 2
19 0 7
21 0 5
8 11 3
3 8 3
20 0 3
16 19 6
17 21 5
4 7 11
7 12 7
14 15 7
9 12 5
13 13 5
0 4 5
9 11 5
11 15 2
16 17 7
12 14 3
10 14 1
3 8 4
18 22 9
2 6 6
11 15 3
11 16 2
11 15 8
17 19 6
3 4 4
1 4 6
6 9 6
23 3 4
7 11 5
19 22 4
21 23 7
1 6 3
5 5 4
12 16 11
2 5 8
6 9 8
16 18 11
21 0 4
1 4 8
18 22 5
1 4 10
8 10 1
8 10 11
16 19 6
1 3 3
17 20 1
11 16 6
7 9 5
9 11 9
21 0 11
18 20 1
8 11 10
19 23 2
2 5 7
4 7 9
4 6 9
8 10 7
19 21 4
3 6 6
11 14 3
5 9 7
1 4 4
7 12 6
1 3 5
9 12 2
17 21 7
15 18 3
0 2 9
20 1 9
7 9 3
9 11 11
11 15 8
9 13 1
2 5 9
22 1 10
4 6 4
8 11 4
2 6 8
5 8 3
5 9 10
17 19 3
0 3 2
23 2 9
20 22 7
16 18 10
8 12 9
18 22 4
18 20 2
9 12 8
22 1 8
5 10 8
13 18 4
12 16 10
13 16 8
9 11 9
13 14 9
0 3 3
21 0 7
23 1 8
18 21 10
0 1 3
9 11 11
20 22 8
22 0 5
9 12 2
19 22 3
21 1 6
16 18 5
20 1 9
18 21 7
3 6 8
2 6 4
9 13 3
3 7 10
23 3 7
7 11 4
16 20 9
15 17 1
21 0 7
6 9 6
7 9 11
6 10 4
1 5 1
21 23 5
16 18 6
1 5 3
22 1 7
10 13 10
19 21 1
21 1 10
7 11 3
11 15 1
18 21 1
23 2 8
23 1 7
14 16 11
6 10 3
23 2 9
10 14 8
23 2 3
12 16 9
7 11 11
4 6 1
5 6 10
2 6 8
18 23 5
23 1 2
13 16 11
20 23 5
6 9 4
0 2 4
13 17 7
19 23 4
16 19 2
7 8 1
19 22 2
10 14 2
15 19 3
8 12 10
16 19 8
2 5 10
0 2 2
22 1 10
17 18 11
2 4 7
10 12 7
10 11 10
1 4 9
13 18 10
12 15 6
16 21 1
17 20 10
1 3 7
20 23 6
4 8 6
23 4 11
11 14 7
8 12 10
19 22 2
5 8 7
4 9 8
18 20 9
16 19 4
14 18 3
13 17 6
16 21 10
18 20 8
3 6 2
23 3 2
9 12 9
19 21 8
5 8 11
0 3 1
8 13 5
22 1 1
6 9 10
17 18 7
18 20 9
14 17 1
20 23 8
4 6 4
6 8 5
11 13 8
0 5 5
23 5 2
15 18 5
12 15 9
2 3 3
10 13 5
4 9 10
9 12 8
14 17 10
22 0 9
22 0 6
20 23 10
13 16 5
20 22 3
4 7 4
0 2 1
0 3 3
17 18 1
1 3 11
7 11 3
7 10 4
0 4 5
16 20 9
10 12 8
17 20 11
10 14 7
12 15 1
22 1 7
3 7 11
22 1 7
0 4 1
19 23 6
0 4 3
9 13 5
11 16 3
0 4 4
12 13 6
0 2 11
0 2 8
8 11 10
13 17 3
8 11 10
12 15 4
23 1 1
11 14 5
10 13 3
16 20 6
14 17 4
11 13 5
20 0 10
12 16 9
16 17 4
18 22 8
9 12 10
0 3 7
12 15 9
19 21 6
16 20 10
9 12 4
14 16 8
20 0 9
3 6 7
7 10 5
9 13 7
19 23 5
20 0 9
18 21 9
19 21 6
6 9 8
16 18 6
9 14 6
16 19 7
2 7 4
11 14 11
21 22 10
6 9 3
17 20 8
1 4 11
16 18 8
5 7 8
3 5 10
3 7 9
1 4 10
17 19 9
21 0 8
10 13 4
19 21 6
11 13 2
10 11 9
15 18 9
15 18 9
11 13 9
6 9 2
13 16 11
2 4 2
3 6 10
3 5 3
23 23 2
2 5 11
4 6 4
8 11 7
20 23 3
5 6 7
12 11 11
3 6 5
21 1 6
18 22 4
13 15 2
4 9 9
1 2 7
7 11 1
22 1 4
11 13 2
14 17 1
1 5 9
2 6 8
13 16 6
0 4 4
23 2 1
17 21 8
13 15 8
23 0 6
14 17 4
15 18 9
7 10 10
7 9 5
13 16 5
21 0 1
0 1 11
21 2 4
17 20 10
7 10 7
5 6 10
0 1 7
16 19 10
5 7 8
18 23 8
6 10 11
11 14 6
15 19 8
19 23 3
9 11 5
2 5 6
21 1 6
2 4 7
16 21 7
9 12 10
10 15 2
11 15 2
22 2 5
6 10 3
13 13 9
21 23 3
4 7 9
14 17 4
22 23 7
20 0 6
4 8 10
17 20 7
9 12 8
14 17 1
16 19 6
15 17 2
18 20 9
10 13 5
11 13 5
14 17 2
1 4 8
7 11 6
9 13 3
5 10 8
15 18 5
19 22 2
13 15 5
6 7 6
21 23 11
1 3 8
20 23 5
6 9 9
19 22 10
20 22 2
9 13 1
15 16 8
11 16 10
11 13 7
1 3 11
3 5 7
14 17 1
0 3 4
6 8 8
2 4 4
14 19 10
0 1 10
14 15 5
19 21 11
4 7 10
4 6 9
19 22 1
5 8 10
13 16 1
21 1 11
19 23 10
8 10 1
9 13 8
20 21 5
13 17 11
19 20 6
14 17 8
17 19 4
16 18 2
5 9 1
13 16 7
18 21 6
17 20 5
14 17 1
10 14 10
19 23 11
8 12 7
2 6 4
21 2 11
2 4 10
12 15 11
9 13 9
21 22 5
7 8 3
2 6 2
8 12 11
23 2 11
18 20 8
3 4 10
13 18 1
15 18 8
4 7 3
23 2 9
20 23 6
18 21 3
14 17 7
6 8 11
7 9 4
21 0 5
1 4 3
20 23 8
2 6 10
17 18 9
8 10 6
10 13 8
16 20 4
3 5 6
13 16 3
11 13 9
16 19 7
16 20 5
15 18 2
16 19 2
19 20 2
15 18 1
7 10 7
7 10 8
13 15 8
16 19 1
6 8 5
13 16 4
12 15 4
11 15 1
2 6 11
12 16 11
0 5 8
10 12 9
3 7 6
22 1 5
19 22 5
10 13 10
11 12 1
18 21 10
7 11 8
17 20 3
16 19 1
8 10 6
17 22 2
9 10 1
8 11 3
21 23 4
22 2 10
18 22 3
8 11 9
19 20 6
15 17 3
7 9 5
1 4 8
15 17 2
12 15 5
14 18 3
1 5 3
17 21 4
2 4 10
0 2 11
11 13 9
18 21 6
20 0 9
19 22 9
4 7 8
14 16 5
10 13 8
0 2 8
18 22 8
18 18 3
6 9 5
18 22 4
12 15 7
17 19 11
14 18 3
6 7 6
0 3 9
12 16 9
14 17 2
1 5 8
8 9 10
4 5 2
18 23 9
14 17 5
5 7 5
4 6 4
15 17 8
14 18 7
9 12 1
5 8 8
10 14 4
10 13 7
11 13 4
22 23 8
15 19 1
15 17 2
10 12 6
11 15 1
0 3 9
15 17 5
2 6 5
10 11 4
2 4 9
3 7 4
23 2 8
11 13 3
16 19 9
6 9 2
9 14 3
16 18 2
5 9 8
21 0 9
14 18 3
17 21 10
13 15 5
22 23 8
5 10 6
9 13 8
23 2 11
2 5 11
10 13 8
12 16 8
12 15 1
3 6 9
10 12 8
10 13 5
1 4 6
13 15 3
4 7 2
18 20 7
4 7 2
21 23 2
21 3 11
13 16 1
0 2 9
1 4 2
0 4 11
3 5 8
22 1 11
4 5 11
14 17 10
18 19 9
15 19 8
8 12 9
14 16 1
7 10 2
11 15 3
2 6 1
3 5 6
20 0 6
21 0 6
9 12 2
0 3 8
19 20 2
11 12 9
7 10 4
8 9 10
5 8 10
6 9 2
7 10 1
7 11 5
19 22 5
2 7 6
2 6 5
7 11 10
2 5 2
3 6 1
16 18 3
16 21 2
2 6 8
6 8 9
14 18 6
20 0 11
14 19 8
2 4 2
2 6 10
9 12 1
7 8 5
18 21 11
6 8 1
20 23 5
3 7 3
22 1 11
16 19 10
6 9 6
20 21 11
21 23 3
1 2 8
15 16 8
2 4 6
5 8 9
0 3 4
8 13 3
5 7 4
8 10 7
6 10 5
10 12 11
9 11 10
16 19 4
1 3 5
16 20 3
8 10 3
18 20 6
12 15 2
22 2 10
14 16 1
10 14 2
10 11 5
14 16 9
9 12 1
0 3 10
12 15 6
8 10 10
15 17 7
23 3 9
13 17 1
3 6 10
14 17 4
3 7 3
17 20 3
14 17 3
23 3 6
17 21 2
4 7 5
9 13 8
3 5 10
14 17 10
1 5 9
17 21 10
14 17 4
19 21 8
8 12 11
1 2 2
16 20 4
18 20 7
19 21 8
14 16 11
15 18 5
12 17 2
20 23 9
12 16 11
8 11 10
13 17 6
18 20 6
5 8 4
19 21 2
17 19 6
17 19 8
3 7 5
14 16 5
9 12 8
16 19 4
2 4 4
21 1 2
5 8 7
1 4 9
23 3 2
8 10 4
12 16 11
15 19 1
23 3 7
17 20 2
19 1 4
15 21 5
11 13 9
20 0 10
11 15 11
0 3 10
4 6 2
21 23 8
4 8 10
5 9 9
5 7 7
11 13 6
12 16 6
3 5 7
11 13 3
11 14 5
2 4 7
5 8 3
0 4 8
8 10 9
6 9 7
11 13 1
4 6 2
17 21 9
8 13 2
5 8 10
3 6 7
14 19 3
1 6 11
17 20 3
12 15 10
6 10 9
18 20 10
18 21 9
0 3 11
8 11 9
9 13 1
3 5 11
4 6 6
2 3 4
22 1 1
7 10 1
9 11 4
9 13 10
13 15 4
5 7 9
3 6 11
18 22 8
7 10 6
5 8 4
11 15 7
5 9 9
21 23 4
2 5 5
5 8 7
0 5 2
10 13 10
13 17 8
1 4 5
19 22 10
13 16 7
5 7 10
13 16 8
23 3 2
3 8 11
19 21 3
19 21 3
16 19 9
10 12 2
11 11 2
14 15 10
23 1 10
2 5 4
20 22 4
1 3 8
13 16 2
14 17 10
12 14 11
1 4 9
23 0 6
8 12 10
21 1 3
17 20 1
21 1 10
7 9 4
7 10 5
16 19 10
6 8 8
19 22 3
7 12 2
1 4 2
10 14 1
16 18 2
21 1 11
18 21 6
9 12 6
14 17 4
23 1 7
19 22 6
8 11 7
15 18 1
13 15 6
7 11 7
1 6 1
17 19 6
8 12 8
16 19 11
23 1 1
18 20 9
13 18 8
4 7 3
23 1 3
2 6 1
0 4 7
3 5 3
1 5 7
22 1 4
21 1 9
13 15 10
8 12 6
16 19 11
22 2 2
2 6 2
14 17 9
2 4 5
20 23 11
22 1 3
5 7 4
6 10 7
23 1 8
17 20 6
2 5 5
10 12 4
14 18 5
14 16 3
20 1 8
10 13 8
13 15 9
19 22 8
1 3 11
13 18 1
17 20 11
2 3 1
16 18 10
10 12 11
1 5 4
3 4 3
14 16 5
21 23 3
9 12 7
16 18 1
20 23 2
23 2 5
21 0 4
20 0 9
5 7 1
3 7 7
16 19 1
10 12 11
4 5 10
22 2 10
10 13 2
10 11 8
13 15 10
10 13 4
4 9 3
23 2 6
12 14 9
4 8 5
6 10 3
2 5 1
3 5 1
1 3 7
7 9 10
11 13 2
2 4 2
10 14 1
11 15 1
15 17 6
16 19 8
20 22 7
13 16 8
10 13 3
14 18 1
8 12 1
10 12 5
18 20 6
18 20 2
20 0 3
18 21 1
9 11 5
2 5 4
16 21 3
16 18 5
7 10 3
6 10 8
5 8 6
13 15 9
7 8 7
6 10 5
16 18 5
20 23 7
10 12 4
5 9 5
7 10 10
18 21 11
18 20 4
1 3 4
1 2 5
20 23 7
8 10 7
11 13 8
15 19 9
5 7 3
17 20 8
20 23 8
1 6 2
5 8 11
0 3 2
4 7 1
4 9 6
11 13 8
13 18 8
18 22 3
8 11 2
23 2 1
13 14 7
21 23 4
0 2 4
16 19 4
13 16 10
10 13 10
0 2 7
2 5 6
8 13 10
19 23 10
2 5 7
3 6 4
0 4 3
15 20 8
21 22 4
21 0 7
23 3 2
8 11 4
7 10 10
9 11 7
0 4 7
6 10 5
10 12 4
7 10 11
9 11 7
13 15 3
4 6 6
11 14 1
1 3 6
8 13 6
18 22 6
18 22 4
1 2 9
4 8 3
2 5 8
2 5 7
6 11 4
2 5 3
1 3 4
12 14 1
18 20 10
21 0 6
12 15 1
17 21 4
9 12 1
14 17 9
13 16 4
