4000 43
17 39 32 26 42 26 2 24 36 22 7 3 16 20 42 39 34 26 38 22 22 27 16 43 24 22 18 14 16 1 3 5 4 22 13 1 39 12 23 26 20 24 22 
14 15 29
14 18 30
11 14 14
1 3 18
8 12 3
15 18 14
15 18 35
4 7 11
3 6 5
10 13 15
20 22 2
11 14 35
18 22 40
7 9 37
17 20 39
12 17 24
2 3 10
23 3 15
16 18 23
23 4 4
17 19 16
17 19 38
4 8 35
21 0 33
22 2 13
7 10 25
9 12 1
8 11 18
20 22 13
18 22 25
12 14 22
0 4 33
0 6 24
23 2 4
2 5 18
1 3 33
20 21 30
11 13 28
11 14 5
17 21 1
22 1 1
22 2 9
18 21 16
9 13 19
17 21 4
23 3 10
7 8 23
8 10 29
21 1 39
21 1 43
3 6 21
14 19 11
6 9 18
15 18 17
14 17 35
2 5 15
20 21 12
22 1 29
16 20 2
6 10 24
12 15 18
16 19 30
16 18 27
6 8 36
18 20 26
16 19 37
15 18 27
8 13 40
3 7 30
15 18 12
22 1 21
15 18 43
5 7 1
7 10 35
12 17 33
12 15 4
11 15 33
18 21 14
6 7 21
1 4 7
1 5 24
20 23 33
12 14 24
7 8 20
19 21 13
15 17 36
20 22 39
8 10 14
6 10 32
8 13 9
15 18 29
0 3 1
15 20 38
5 7 11
0 3 7
6 10 36
22 1 22
21 0 15
0 3 8
11 13 40
4 6 6
15 16 9
4 8 36
9 13 43
10 13 32
9 12 43
9 11 13
13 17 15
8 12 26
12 14 22
0 3 39
18 21 4
21 2 42
11 12 37
18 19 39
16 18 4
13 16 40
13 17 7
15 17 34
5 9 18
19 23 1
17 20 26
9 13 33
6 8 13
23 3 41
23 5 35
20 0 31
8 10 17
22 1 7
9 12 28
2 5 18
11 12 29
4 8 1
1 3 37
7 10 34
13 15 7
8 11 17
19 23 31
14 17 36
13 17 40
7 10 31
13 15 36
4 8 42
22 1 14
23 2 41
13 16 1
3 8 34
21 23 11
4 7 37
2 6 31
20 22 32
21 23 4
1 5 40
5 8 4
13 14 20
13 16 26
11 11 5
10 12 34
4 8 23
17 22 43
23 5 28
9 12 38
19 23 29
10 13 31
3 5 5
8 11 39
6 9 39
2 6 39
8 11 39
0 3 4
0 3 8
14 15 2
6 9 16
2 5 13
20 23 37
19 22 3
3 6 7
2 5 37
11 14 11
18 21 12
22 1 28
10 15 28
21 1 36
18 22 37
6 9 9
20 23 11
21 22 40
19 22 18
17 19 20
7 7 28
9 12 12
11 14 20
20 23 26
4 7 41
17 19 42
17 22 28
23 2 34
9 13 4
16 17 27
15 18 18
14 18 42
12 15 23
15 19 35
6 8 34
13 16 43
6 8 37
1 4 13
0 3 8
17 20 11
19 22 2
6 9 6
22 1 43
1 3 3
16 21 18
4 6 28
2 4 23
20 21 18
5 8 13
11 14 19
1 3 21
20 0 20
4 6 1
3 6 4
7 10 6
15 18 5
21 0 43
0 2 20
2 4 2
0 3 23
23 1 43
10 12 40
17 20 38
22 0 10
23 3 38
14 17 24
21 0 19
11 15 6
2 6 41
17 18 8
23 2 31
9 12 21
14 18 19
2 7 40
1 4 20
19 22 25
0 3 28
14 16 11
9 12 7
9 14 2
22 1 16
14 17 20
13 17 14
3 5 21
3 8 17
1 5 18
4 7 27
15 18 41
7 12 6
15 18 22
9 14 37
13 15 20
14 18 30
23 1 29
5 8 42
13 16 16
6 7 7
13 18 18
9 11 33
12 15 35
11 13 33
5 10 13
2 5 13
10 11 28
6 9 11
20 23 13
20 22 30
19 0 29
21 1 3
16 19 26
1 4 6
10 14 1
17 21 40
6 9 30
5 9 31
22 1 10
2 5 40
13 18 12
16 20 4
4 8 30
18 19 7
15 17 21
2 5 33
9 12 39
21 23 9
11 15 22
14 15 9
7 11 29
22 1 3
17 20 27
8 11 42
19 23 30
0 2 19
15 18 28
16 19 6
14 18 41
1 3 28
17 20 25
10 12 22
9 10 40
0 3 4
21 0 24
11 14 10
19 22 22
13 17 26
14 16 35
19 23 17
22 3 28
12 16 24
11 15 41
8 10 32
4 7 17
7 11 26
5 8 11
6 8 19
2 5 5
5 7 10
13 16 40
19 0 24
12 17 36
11 13 6
13 17 19
7 10 15
12 16 17
7 12 36
19 20 4
13 15 10
14 17 22
4 8 8
18 21 4
20 1 3
4 7 35
3 6 21
14 18 10
1 4 30
5 8 16
13 14 32
17 21 36
10 13 39
9 14 16
5 9 41
21 0 36
1 3 42
8 12 36
1 5 21
12 16 27
8 11 25
12 15 3
9 13 41
2 6 42
23 2 18
5 8 3
13 16 32
0 3 35
14 18 12
2 6 6
2 7 1
3 7 4
3 6 16
4 5 37
14 18 1
15 19 4
3 6 40
11 14 23
21 23 33
19 22 40
10 12 1
9 12 32
14 16 28
23 3 5
14 17 23
23 1 14
17 20 30
18 19 23
0 3 14
5 8 38
1 5 39
3 6 16
7 11 8
21 23 3
7 10 26
21 1 2
7 10 41
0 4 38
9 10 41
3 6 26
8 11 43
2 5 37
8 11 17
20 22 30
15 17 37
14 17 29
23 2 18
12 13 1
6 9 33
0 2 38
3 6 2
0 3 27
20 22 24
17 20 22
23 1 31
16 19 36
17 21 25
12 15 41
1 6 10
2 4 33
15 18 35
17 22 20
7 10 13
19 21 38
19 22 19
3 6 26
13 16 21
22 1 41
8 10 24
16 21 19
4 8 17
7 10 35
10 13 41
15 20 19
13 16 4
21 0 24
3 4 5
18 22 16
11 14 3
16 19 26
20 22 41
7 9 9
21 22 43
1 5 6
6 9 30
23 0 32
7 9 19
9 13 33
16 20 21
19 22 20
9 13 39
8 10 39
9 12 18
2 3 41
19 23 5
12 14 28
2 6 36
19 20 35
14 16 41
13 16 15
10 12 19
1 3 23
4 8 22
6 10 11
21 23 11
4 7 19
18 22 28
22 0 11
5 9 31
20 0 4
18 21 29
14 19 40
6 9 12
23 1 32
16 18 10
2 5 13
19 22 8
7 9 23
10 15 36
12 14 33
4 8 2
17 20 23
20 23 40
9 13 12
17 19 36
8 10 16
5 10 7
2 5 41
23 2 1
4 7 26
5 8 18
21 0 10
14 16 11
13 15 4
21 0 13
6 8 10
12 16 39
8 12 34
5 9 3
13 17 25
7 10 12
21 0 26
12 15 31
7 11 28
5 8 16
14 18 26
14 15 8
11 15 26
9 13 31
10 13 18
5 8 33
6 8 13
12 15 14
16 19 12
8 11 4
20 22 26
10 13 25
11 15 7
3 3 23
17 20 10
6 8 38
16 18 2
23 1 6
15 19 7
4 7 18
16 20 2
7 11 8
9 12 41
11 14 9
15 19 40
1 5 4
15 17 30
16 18 8
22 2 23
15 19 7
0 4 25
18 22 35
19 22 39
12 15 27
18 21 32
3 6 12
6 9 37
20 23 6
15 19 1
12 16 31
20 23 4
10 15 19
20 22 39
19 22 11
8 13 15
15 18 26
13 16 29
13 15 21
14 17 41
23 4 31
23 2 9
12 14 40
4 9 20
10 13 5
8 10 19
11 15 43
5 8 25
11 13 23
5 9 8
1 3 40
3 7 11
18 19 3
5 7 7
13 16 23
15 18 8
20 22 23
8 11 8
17 21 14
2 7 35
2 6 43
8 11 31
1 2 2
2 5 3
19 22 38
5 8 16
11 14 11
9 11 10
8 10 12
18 22 24
13 16 41
21 0 31
12 15 2
13 17 32
4 9 2
3 5 11
7 12 10
8 10 16
13 15 6
8 12 30
1 4 7
19 22 32
4 9 24
17 20 5
23 0 4
0 2 36
2 3 33
5 10 23
20 1 11
0 4 43
0 4 31
17 21 11
5 9 16
4 6 13
5 7 13
0 4 6
9 12 2
8 12 29
17 20 37
11 15 16
12 15 28
0 2 31
21 23 19
19 23 31
0 4 34
6 9 29
13 17 17
21 1 29
11 13 16
14 18 16
23 2 33
20 23 37
14 18 38
10 11 28
15 17 18
9 13 35
2 7 28
8 11 11
22 1 30
6 9 40
2 6 30
22 2 31
7 9 4
21 0 14
19 22 13
2 6 25
23 2 28
23 3 40
23 2 40
6 11 40
20 22 6
18 19 37
22 1 9
0 3 8
14 16 15
4 7 5
12 16 9
8 11 14
21 0 27
5 7 29
1 3 34
23 1 3
15 19 35
20 0 31
9 9 8
4 7 29
4 8 26
8 12 33
19 0 43
15 18 43
4 7 11
10 14 15
5 9 8
6 8 37
19 21 9
22 1 35
12 16 12
0 2 29
22 1 16
10 12 40
7 9 37
1 2 4
14 20 16
15 18 22
5 7 38
6 9 20
14 16 35
13 16 25
7 11 1
1 3 43
17 18 7
2 5 24
5 8 7
2 6 14
10 14 21
13 16 32
7 11 23
17 20 11
7 10 25
10 14 24
4 7 5
16 20 4
8 12 3
0 4 22
12 16 36
6 8 41
11 13 18
5 9 22
21 23 16
12 14 13
5 8 5
7 10 37
7 10 32
4 5 28
3 6 10
17 21 23
23 3 28
7 11 30
2 7 4
14 17 12
0 3 42
6 8 32
19 22 18
18 21 17
8 11 39
19 22 27
16 19 42
8 11 13
4 7 4
13 16 12
6 7 6
0 1 33
5 11 11
18 21 23
23 2 37
13 16 18
10 13 41
9 12 28
6 8 24
5 8 5
0 3 32
14 15 17
15 16 34
10 12 32
18 20 31
7 9 8
23 2 22
12 15 19
17 19 39
1 5 42
18 21 30
16 20 5
4 8 15
7 9 3
13 17 10
17 21 1
16 18 31
4 7 32
12 15 29
14 16 26
21 22 5
22 1 28
5 7 7
6 10 5
13 15 25
21 1 38
12 14 10
2 5 2
20 1 6
3 5 23
20 21 1
23 1 40
10 11 21
7 10 10
0 2 39
10 12 13
20 0 30
17 20 15
6 9 35
11 14 11
6 9 27
3 5 38
5 9 12
13 16 31
13 15 24
4 6 20
15 19 23
7 11 34
8 11 38
13 16 42
8 13 2
16 20 25
9 12 6
2 5 21
18 22 27
3 5 10
16 19 33
0 4 41
18 22 40
23 1 17
5 7 1
11 14 42
8 10 42
18 20 14
9 11 1
2 5 3
1 3 4
10 12 27
11 13 35
11 12 21
1 6 21
23 2 37
16 19 37
23 2 32
10 13 33
15 18 35
19 22 12
11 15 39
0 3 22
0 4 23
10 13 15
7 9 11
21 23 26
9 12 23
5 6 1
11 15 26
15 16 33
13 14 13
14 18 23
14 15 18
11 15 25
2 4 3
0 5 25
0 1 17
20 23 4
18 22 18
2 5 13
3 5 34
8 10 16
15 19 31
17 21 32
23 3 40
13 15 27
5 8 39
14 18 24
14 15 35
7 10 40
9 12 17
17 22 14
19 22 29
15 19 26
22 23 39
7 10 7
8 10 22
7 10 9
4 7 37
10 13 26
3 6 30
14 17 27
21 1 3
3 7 35
15 18 40
14 17 22
13 15 17
10 11 24
22 0 10
19 23 15
8 11 10
11 15 29
13 16 12
9 13 11
17 20 24
11 13 10
12 13 7
8 10 43
12 15 37
15 20 17
10 14 10
5 8 17
5 8 21
20 22 23
12 15 31
20 21 28
17 19 4
14 18 35
16 19 40
15 18 15
8 11 13
15 18 35
2 6 20
23 1 7
15 18 36
19 23 13
22 0 27
23 0 3
7 10 24
10 13 12
10 12 32
15 19 26
5 8 3
22 23 20
22 2 29
11 15 42
9 13 1
2 5 19
16 20 14
12 16 9
18 20 5
11 14 26
9 10 39
15 18 28
17 19 36
20 23 9
14 16 2
10 14 10
21 1 6
10 14 7
5 10 33
19 21 38
2 5 19
18 22 11
3 8 24
15 16 42
23 1 11
6 7 33
1 2 14
2 5 38
18 22 7
20 23 2
17 20 33
0 1 40
9 14 1
11 12 5
14 17 31
8 11 18
14 19 36
16 20 41
16 18 1
20 22 18
23 1 28
17 20 43
22 2 1
2 4 31
22 2 26
17 21 13
22 1 25
4 7 42
7 9 10
23 2 3
12 17 20
11 15 1
16 20 29
5 8 37
20 23 34
7 10 2
1 3 26
2 3 5
3 6 3
11 13 36
12 14 7
13 16 37
10 11 17
10 12 42
19 20 36
4 8 3
6 7 39
8 11 12
12 17 34
9 13 42
21 1 34
16 18 4
17 19 37
0 3 39
16 19 40
3 5 20
11 14 11
10 13 33
1 4 17
18 19 9
4 8 35
11 14 8
22 1 29
16 19 40
7 9 22
5 9 24
22 0 34
16 21 4
16 20 25
21 0 19
17 22 34
8 10 3
22 1 6
5 8 2
8 12 2
3 6 8
8 10 9
1 4 21
19 21 12
18 21 8
16 20 25
21 23 23
9 14 14
0 3 41
23 1 29
4 7 14
22 0 3
6 8 24
12 14 7
19 0 15
18 23 25
9 11 14
6 9 23
20 0 20
13 16 12
9 10 3
1 3 9
8 10 35
19 21 34
20 22 26
5 8 3
20 22 41
10 13 23
0 5 29
12 16 4
1 3 2
10 14 29
9 12 16
21 23 38
22 1 20
22 2 21
16 20 11
23 4 23
12 15 14
14 17 9
8 10 23
21 0 33
3 7 42
1 2 25
7 9 9
5 9 2
3 6 11
10 13 10
19 21 23
16 19 18
13 14 39
18 22 40
14 18 42
3 5 42
13 16 21
6 9 11
2 5 21
12 16 24
14 17 10
9 11 38
3 3 16
20 23 30
1 3 37
8 11 27
10 13 35
8 11 5
18 21 24
19 21 11
1 5 11
22 1 26
13 17 36
2 6 31
5 7 3
1 6 37
2 3 19
15 18 29
7 10 14
13 17 16
16 20 20
16 20 30
3 7 42
6 9 21
20 22 41
14 19 3
4 7 40
22 3 14
13 15 9
11 13 42
9 13 18
1 4 41
10 14 13
22 1 29
15 17 13
22 1 14
8 10 39
12 16 18
13 15 28
5 8 17
3 8 11
22 23 18
21 0 27
0 2 32
9 13 12
19 22 3
13 15 14
15 16 34
19 21 13
5 9 37
4 7 17
8 13 11
6 9 9
12 14 4
10 12 20
17 21 18
17 19 4
11 13 30
11 15 30
5 8 38
6 9 38
1 3 12
0 4 13
3 6 41
15 18 38
22 23 8
0 2 20
16 20 19
9 15 27
15 18 29
4 6 10
12 14 31
13 17 34
4 7 23
17 19 21
9 13 31
14 15 7
12 13 19
9 13 9
10 13 23
3 7 37
14 17 20
5 9 17
0 4 27
3 5 14
9 12 29
16 21 21
3 7 24
18 20 21
6 9 17
23 1 4
5 9 2
12 17 5
4 7 27
8 12 20
8 10 33
10 15 15
21 23 14
15 17 2
8 12 28
3 6 13
11 15 41
16 18 4
10 13 30
11 13 20
5 9 6
8 11 10
9 11 8
7 11 20
16 20 22
18 19 42
9 12 31
3 7 1
3 5 3
22 2 20
0 3 1
8 9 37
14 17 28
17 21 39
4 7 17
20 22 2
17 20 37
10 13 10
14 18 38
2 5 17
22 1 25
6 9 32
17 20 24
4 7 9
9 11 42
21 0 11
18 20 39
13 17 43
6 11 26
8 12 7
12 16 13
13 16 34
1 4 26
22 2 39
20 1 23
17 20 25
21 0 5
13 17 10
15 18 18
8 11 10
9 15 26
6 10 27
5 7 2
10 14 40
22 22 20
23 3 1
19 22 28
19 22 38
1 5 31
6 10 14
20 22 39
8 10 42
14 17 5
15 20 6
1 5 22
4 7 25
1 5 26
15 16 27
4 6 6
2 4 33
11 14 24
14 17 8
9 12 27
11 16 26
19 23 11
11 14 6
22 1 28
17 20 7
1 5 29
0 4 10
4 7 5
14 17 42
11 11 11
12 16 8
14 19 39
22 23 3
16 18 11
20 1 7
15 21 7
9 15 9
5 9 36
14 16 18
3 7 14
15 18 24
16 19 29
19 23 25
12 13 11
10 12 22
7 10 28
10 14 33
5 8 27
9 11 30
19 22 22
16 19 20
13 17 28
9 12 20
23 3 18
23 4 22
7 12 13
9 11 41
1 5 41
16 19 2
17 20 22
19 21 1
6 7 3
2 6 1
7 10 23
5 9 19
0 4 21
18 19 7
12 13 13
18 20 16
9 13 31
19 21 25
10 15 40
15 16 18
21 1 17
10 13 7
10 13 18
9 11 41
16 18 22
14 16 7
5 8 27
18 23 14
4 7 38
13 16 39
13 16 33
23 3 13
23 2 14
19 22 31
3 5 17
16 20 3
16 19 25
4 6 19
17 18 24
2 4 9
9 11 23
16 19 29
7 12 2
1 4 32
10 13 30
4 7 1
23 3 15
5 8 40
17 18 32
22 1 26
14 17 29
9 12 5
13 15 31
8 9 32
18 20 17
8 10 8
22 3 20
5 6 19
10 14 35
10 13 37
12 16 29
13 17 11
9 11 15
5 9 31
1 4 18
6 9 23
8 13 10
18 21 42
22 3 34
13 15 40
4 7 2
8 11 6
11 17 34
1 4 34
8 11 11
4 7 27
11 15 19
4 5 7
3 6 29
3 6 21
8 11 7
15 19 25
9 10 29
20 23 4
8 12 43
23 2 15
7 11 26
11 14 15
3 5 1
23 4 19
0 4 34
22 1 22
13 15 40
20 22 10
6 9 9
5 8 7
19 23 20
0 3 37
22 2 34
21 1 35
22 0 34
7 11 20
0 2 29
9 12 24
4 8 21
2 4 43
10 15 11
22 0 29
10 13 24
9 11 1
21 0 43
11 14 2
6 10 23
9 12 27
17 20 27
0 2 12
14 18 31
10 14 38
11 15 20
13 16 9
20 23 12
4 8 43
16 19 38
14 16 8
19 0 15
1 4 17
22 0 10
6 9 42
12 14 11
1 6 12
16 18 25
6 12 1
13 19 6
3 5 15
1 5 35
8 9 28
17 20 2
11 15 12
16 18 13
19 22 8
5 8 9
20 22 5
16 18 34
13 18 10
9 13 20
21 22 41
1 3 24
16 19 38
20 0 24
8 10 1
19 22 40
22 1 39
1 5 29
12 14 5
20 0 23
14 17 33
2 6 17
1 3 28
6 11 26
23 2 23
9 13 27
10 12 36
16 20 20
15 18 1
19 23 3
7 12 34
0 3 34
1 4 43
16 19 26
11 14 12
14 19 9
4 7 36
10 12 12
23 1 24
3 7 10
20 23 41
8 10 14
18 19 13
17 21 29
14 17 43
16 20 24
14 18 33
7 9 17
3 5 32
15 19 35
18 20 19
14 16 41
23 3 17
17 21 16
9 12 29
20 22 26
9 13 19
23 1 9
13 16 13
14 19 5
18 22 42
17 19 12
14 16 6
19 22 33
21 23 10
6 9 42
6 10 33
9 12 15
11 13 4
2 5 22
21 0 8
14 18 16
19 21 42
9 13 2
4 6 5
20 0 20
11 15 13
5 8 14
21 22 30
16 19 32
11 13 36
23 2 1
9 12 12
10 11 33
23 0 31
9 11 3
15 17 37
0 5 5
20 22 23
23 2 15
15 16 39
14 18 17
3 6 22
14 16 12
23 1 38
19 21 32
8 10 12
20 22 20
16 20 1
11 12 40
7 11 33
9 11 30
5 7 14
16 21 14
18 21 31
15 19 30
3 7 4
9 11 36
2 5 39
15 18 31
4 9 9
15 18 7
11 14 26
13 16 28
16 18 5
22 2 29
19 23 1
12 15 7
7 9 26
12 15 30
9 10 25
17 19 16
2 5 22
13 17 36
0 3 27
1 5 41
5 8 12
6 8 6
12 14 41
21 23 26
11 14 24
17 21 13
12 16 29
13 16 31
19 23 42
7 9 2
17 21 40
19 23 2
12 16 10
17 20 10
13 16 43
9 12 40
2 6 28
5 9 39
11 14 34
13 17 43
19 22 28
10 13 24
6 10 4
13 18 2
4 7 12
8 10 11
13 16 32
0 3 25
5 8 40
16 20 23
22 2 18
8 11 28
9 11 42
23 3 36
9 12 7
4 7 19
9 13 24
13 15 40
10 12 31
5 8 20
15 17 10
20 23 8
7 11 22
3 6 1
19 23 11
3 6 34
20 22 12
14 16 12
14 18 20
15 17 8
6 10 19
22 1 31
1 4 41
21 23 20
1 3 13
6 9 28
11 13 14
13 17 23
4 8 29
7 12 13
7 11 15
17 20 2
5 7 38
9 12 41
23 2 39
14 17 37
7 9 33
7 11 27
14 17 20
3 6 26
0 3 43
14 17 30
8 9 37
18 21 15
14 16 18
20 23 13
6 8 27
21 1 27
19 22 12
17 20 8
17 20 40
3 6 26
17 21 43
20 23 25
7 11 22
0 2 8
16 18 13
16 19 19
1 5 31
1 4 40
23 2 27
12 15 28
21 1 5
11 13 29
12 16 21
21 2 14
15 19 11
16 18 28
9 10 11
6 9 33
22 0 27
20 23 1
18 21 43
16 19 12
2 4 2
8 11 5
23 3 2
21 0 12
0 2 9
11 14 1
12 14 36
5 8 27
5 8 43
22 3 16
20 22 15
4 8 4
16 19 35
13 17 35
13 16 21
6 8 37
22 1 41
1 5 16
4 8 19
3 7 10
12 14 26
8 11 27
17 18 18
23 3 7
7 11 30
13 15 19
19 20 24
23 1 22
22 0 31
20 22 29
23 3 39
15 16 34
6 8 22
0 4 26
21 23 31
19 23 9
0 2 14
20 0 27
15 20 40
13 16 6
23 3 23
4 8 17
20 23 7
19 21 22
15 18 23
18 20 27
6 10 40
7 10 34
1 5 33
12 15 23
17 21 8
1 5 6
23 3 14
14 18 13
2 4 36
10 14 38
0 3 3
15 17 4
22 1 34
22 1 32
0 5 43
19 22 28
8 12 5
21 1 32
13 17 39
23 2 4
18 22 36
5 8 25
2 5 3
2 5 8
20 0 17
20 0 23
14 17 2
20 0 42
21 1 9
20 23 10
10 14 33
5 7 6
17 19 6
0 4 38
4 6 25
13 17 29
14 17 37
9 10 27
23 2 2
15 18 41
12 16 35
8 11 3
19 21 17
5 10 8
18 21 40
2 4 6
12 14 6
18 20 37
22 2 16
22 3 36
10 14 6
15 16 13
22 0 25
5 8 15
2 7 9
6 12 19
17 21 25
17 18 2
18 21 36
12 14 43
21 1 18
19 23 10
22 2 15
9 12 23
13 16 12
14 18 39
4 7 17
13 15 1
20 23 11
21 1 16
5 7 42
2 4 30
8 10 30
21 0 22
13 16 13
0 4 8
22 2 10
9 13 5
23 4 43
9 11 41
17 21 34
14 17 12
16 17 31
20 22 27
10 11 43
21 22 3
23 2 27
18 20 26
4 6 10
10 12 13
15 18 42
5 9 17
14 18 28
13 16 10
13 15 32
13 17 15
19 22 34
9 11 11
1 4 33
9 13 4
19 22 11
9 13 19
16 18 36
5 8 18
11 13 1
10 12 1
4 6 36
11 13 8
6 10 11
11 15 31
19 22 23
9 11 6
9 12 9
3 7 1
3 6 4
10 14 30
21 23 41
0 2 39
9 12 39
9 12 28
14 16 23
18 20 7
4 7 39
10 15 37
1 4 11
10 14 12
15 18 13
13 15 8
19 20 35
12 16 24
18 22 1
14 17 3
10 12 27
16 19 12
23 2 36
3 6 20
18 20 34
15 18 7
16 17 19
20 0 3
0 3 43
13 16 4
14 17 34
12 17 13
19 0 30
20 23 10
12 15 16
21 23 23
9 15 13
21 2 27
12 16 32
6 11 30
12 16 10
12 15 33
16 19 32
14 17 37
17 19 31
8 10 9
5 10 38
3 5 19
8 11 37
5 8 39
10 11 43
2 5 20
8 12 36
12 15 5
3 5 25
4 7 6
18 23 25
17 21 5
3 5 9
22 2 26
11 15 8
23 1 5
16 19 36
14 17 23
0 2 26
13 16 33
21 0 33
6 8 32
8 12 27
21 2 18
22 0 41
3 6 16
16 19 33
10 13 34
16 21 34
2 4 35
23 3 3
0 2 12
21 0 13
16 17 32
19 23 42
3 4 38
12 15 24
11 15 25
23 2 11
3 5 19
21 0 4
16 20 5
3 4 3
0 4 21
12 16 3
10 14 28
10 13 35
22 3 38
10 13 41
13 16 19
15 16 14
1 3 31
3 6 39
22 3 25
6 9 42
20 22 23
13 16 38
10 13 27
8 11 33
23 1 7
15 19 3
2 6 20
23 2 38
11 13 33
9 12 1
2 5 26
11 14 27
1 2 27
11 15 6
3 8 38
7 10 9
23 2 31
4 6 39
9 13 25
8 10 11
2 4 24
18 22 33
0 1 29
4 9 35
10 13 39
1 5 42
0 3 3
9 14 6
6 9 14
7 10 42
7 10 32
4 6 38
16 20 8
22 1 7
3 6 24
23 1 31
4 5 35
8 11 27
12 13 11
12 16 11
8 11 11
1 5 10
19 22 10
0 2 33
17 19 14
21 23 19
14 17 10
23 3 22
18 23 27
6 10 32
19 22 1
23 1 11
11 14 8
7 9 6
15 17 31
5 8 1
4 8 33
1 5 2
13 16 8
11 15 12
4 7 28
0 2 29
16 20 37
3 5 24
8 10 25
1 4 42
1 5 18
8 10 37
4 7 13
14 17 18
5 9 36
6 10 39
1 3 21
22 1 43
10 13 3
3 7 12
10 11 28
3 8 35
13 15 5
20 0 22
10 13 29
8 11 3
18 20 5
20 22 26
9 14 20
22 1 41
3 6 2
15 19 4
9 12 30
1 4 23
21 1 39
3 5 18
2 5 27
22 2 4
12 17 22
13 16 39
12 16 10
21 23 23
1 4 5
18 21 40
10 12 43
4 7 8
17 20 43
12 15 17
11 14 22
0 5 35
3 4 14
0 2 37
17 19 31
16 18 34
22 2 32
0 5 38
8 12 4
16 18 20
9 11 12
6 10 14
11 13 28
14 16 41
10 11 12
3 6 17
16 20 36
17 21 2
19 22 36
3 8 40
2 3 24
5 9 43
8 12 11
23 2 14
5 9 21
3 5 25
22 1 23
17 20 14
15 19 16
15 18 11
9 11 20
11 14 30
20 22 4
2 4 28
0 3 28
19 23 21
20 1 13
2 5 35
22 1 17
12 15 26
12 16 11
7 10 14
6 10 3
16 18 5
18 22 42
9 10 18
6 9 29
7 10 9
7 9 42
0 4 21
7 8 5
19 21 36
14 18 31
15 19 13
17 21 23
23 2 40
0 3 41
3 7 31
20 0 12
12 15 14
1 2 23
17 20 30
21 2 18
12 15 23
13 16 10
18 22 36
14 17 33
20 23 22
6 9 14
12 16 32
20 23 24
18 20 31
22 1 17
2 6 29
20 1 14
10 12 29
15 19 25
7 10 22
12 15 4
12 14 16
18 22 41
2 5 34
7 10 33
20 0 36
17 20 7
11 14 28
2 5 34
12 15 21
0 4 31
16 18 27
19 22 36
8 13 33
14 16 31
18 22 42
2 4 23
22 0 27
0 2 12
9 10 33
22 0 13
10 15 30
19 22 31
10 13 8
19 21 26
5 10 12
21 1 22
22 1 35
13 16 19
23 0 16
3 5 15
0 1 3
14 15 26
9 12 34
5 8 24
4 7 43
19 23 6
8 12 24
21 23 15
16 18 12
11 13 36
19 22 39
20 22 9
21 1 7
12 14 34
11 13 31
1 6 14
14 15 31
6 10 6
16 18 24
21 0 17
23 2 37
1 3 38
12 15 37
22 3 19
22 0 3
22 2 5
1 4 43
5 6 36
2 6 43
22 1 41
16 18 1
22 2 25
23 2 7
20 21 12
12 13 28
14 17 36
10 13 2
3 6 43
23 2 18
0 4 11
16 18 31
23 2 3
6 9 12
0 4 13
21 0 25
5 8 4
19 21 1
16 16 37
2 5 40
14 16 32
8 12 6
19 22 13
10 12 23
9 14 26
13 16 11
7 10 3
9 11 39
23 2 17
0 3 15
2 5 37
7 12 16
12 15 43
10 14 25
15 17 30
1 5 15
22 2 32
8 11 7
11 15 37
3 5 6
12 16 10
22 2 27
4 6 14
0 2 30
0 3 15
16 21 36
23 2 29
13 16 8
8 11 41
19 23 3
3 7 38
15 18 43
13 16 29
3 6 3
1 5 41
0 4 22
0 3 22
16 18 1
18 23 2
5 9 40
5 8 40
4 4 12
22 1 36
21 22 12
0 3 32
13 15 34
7 10 27
2 5 2
23 1 2
12 13 26
0 1 7
6 7 42
19 22 20
12 16 27
15 19 2
0 1 3
14 18 16
13 17 37
13 15 23
2 4 20
22 1 32
6 7 17
13 15 41
15 19 22
11 14 28
11 12 27
7 10 24
23 3 27
14 17 42
6 8 33
8 9 27
18 22 22
3 7 11
12 15 41
15 20 35
4 6 17
18 22 24
20 0 3
23 3 6
20 0 23
22 0 19
18 20 11
6 9 30
14 17 19
7 9 21
5 9 19
17 20 12
14 16 1
14 17 23
12 16 17
19 22 23
23 3 19
9 11 34
23 2 17
11 14 31
20 0 9
4 9 31
18 21 38
11 14 2
15 19 38
9 12 22
12 14 26
10 13 37
19 22 33
1 2 6
21 1 27
3 5 12
9 12 39
20 23 14
19 0 23
7 11 39
17 21 21
10 13 11
8 11 20
14 18 19
11 13 5
19 22 12
4 7 34
6 10 20
23 2 34
10 16 19
15 19 2
10 13 32
17 19 34
21 22 31
22 1 29
6 8 14
9 10 16
1 7 17
16 18 31
13 15 25
14 19 15
0 3 10
1 3 10
20 2 30
3 7 26
1 3 10
17 22 27
9 11 18
8 11 11
23 0 17
7 10 20
17 20 2
22 0 30
18 22 30
18 21 41
8 12 16
6 9 35
0 5 1
7 10 27
10 12 38
23 3 38
22 23 10
11 13 15
16 18 8
10 14 33
2 6 13
5 9 10
19 22 36
19 23 30
12 15 27
12 15 5
19 21 34
12 14 19
20 22 33
13 18 12
13 17 15
9 12 25
15 18 12
2 6 25
7 10 3
11 15 38
11 14 20
23 1 22
2 4 31
0 4 9
14 18 37
21 22 23
15 17 4
16 21 1
13 18 14
3 6 39
10 13 32
3 5 25
11 13 23
7 9 38
6 8 8
13 15 24
4 6 34
20 23 24
13 17 40
3 5 11
15 18 39
10 12 36
13 16 6
1 5 27
16 18 32
21 0 21
19 0 18
17 20 7
11 14 41
20 1 28
0 2 16
20 22 10
3 5 41
1 5 26
0 2 40
19 23 12
4 6 10
10 11 12
20 22 36
21 0 19
7 10 33
3 6 4
18 20 26
18 20 15
0 3 40
20 22 25
3 5 8
1 5 34
20 21 8
6 8 30
9 13 27
1 5 15
17 19 2
20 0 15
14 16 13
17 19 35
15 19 26
6 10 41
14 17 23
1 4 19
13 16 19
22 0 17
14 15 43
8 10 35
17 21 16
1 4 30
20 1 4
14 20 6
5 7 18
14 17 42
0 4 29
7 11 15
23 3 26
6 9 16
15 17 3
11 14 26
2 5 28
22 23 42
0 3 31
19 22 35
16 20 13
18 21 27
11 15 39
21 1 6
4 7 7
18 20 12
10 12 14
21 23 5
18 21 3
21 0 31
13 16 3
16 20 2
15 19 20
5 6 12
20 21 30
20 23 14
2 4 17
23 2 21
16 19 25
10 13 18
13 15 14
9 11 11
13 15 30
19 21 11
10 12 39
15 18 7
10 11 24
1 4 13
22 0 15
15 19 3
6 10 7
17 19 33
3 6 41
21 0 29
14 17 33
14 17 17
16 19 3
14 17 5
12 14 41
10 13 13
22 1 14
1 4 8
0 1 43
8 12 35
18 21 42
12 15 38
21 0 16
18 21 42
22 2 3
0 5 26
13 17 36
10 14 36
0 3 37
1 5 35
22 4 7
23 2 28
23 2 31
3 4 32
23 3 22
5 7 43
4 6 34
15 18 27
11 15 23
5 9 10
23 3 23
3 5 43
5 8 22
23 2 9
23 3 25
10 13 35
5 8 40
23 2 37
21 1 36
10 13 37
16 20 3
19 21 31
7 10 33
12 16 23
9 11 39
1 5 35
23 3 38
20 23 8
3 8 4
22 2 22
22 2 16
15 17 2
1 5 40
10 13 7
0 3 33
2 3 6
18 21 25
16 17 27
23 2 5
4 7 31
3 6 22
20 21 39
22 1 7
10 12 37
2 5 28
3 5 20
13 16 35
19 20 30
4 7 7
5 8 23
8 11 9
15 19 3
22 1 28
1 3 7
0 4 11
18 23 25
4 5 31
22 2 34
12 15 24
14 17 28
10 11 37
7 9 41
15 18 31
16 19 6
21 23 38
7 10 38
6 10 41
19 21 33
20 0 12
15 17 22
5 9 14
11 13 2
6 10 25
2 5 38
5 8 21
3 4 42
12 15 19
15 17 15
3 8 5
6 9 26
20 22 33
0 1 38
5 8 42
13 15 28
0 4 32
0 3 9
1 4 35
12 16 3
10 13 31
13 16 29
12 17 1
2 4 33
16 19 19
19 22 36
3 7 3
11 15 19
4 10 42
23 4 14
16 21 14
2 6 33
16 20 41
21 0 16
20 0 1
7 10 6
12 14 22
21 23 7
7 11 37
6 9 17
0 1 18
6 8 33
1 4 28
2 5 22
10 12 5
4 9 23
3 6 17
0 3 42
9 12 32
22 2 42
20 23 23
3 8 12
8 13 34
0 4 3
7 10 8
6 9 11
2 6 31
21 0 25
2 6 42
6 8 9
1 4 24
11 15 30
6 8 40
14 17 42
14 19 29
18 19 7
8 11 40
10 13 31
13 16 20
21 23 38
7 11 13
22 1 9
12 15 3
16 18 28
19 21 6
11 15 23
9 12 41
5 8 31
1 3 17
5 7 12
2 5 25
14 18 33
23 3 12
2 5 32
21 23 8
17 21 26
20 23 4
5 11 27
8 11 24
21 0 38
20 23 1
7 10 32
3 7 42
9 12 1
12 15 30
20 0 26
19 23 20
3 7 43
10 13 25
21 0 33
12 15 39
22 0 20
18 22 35
15 19 30
2 4 31
21 0 43
20 23 10
18 21 43
15 20 19
22 1 32
6 11 22
10 13 1
19 23 28
16 19 11
2 3 21
20 23 10
5 9 24
3 8 27
23 2 20
10 14 31
12 16 41
4 8 40
16 18 38
0 4 7
6 9 12
6 9 26
20 23 8
5 7 8
23 2 11
15 18 30
8 10 18
21 2 8
21 23 16
19 21 26
9 13 13
20 23 12
17 20 39
15 16 31
4 8 43
23 3 8
8 11 22
10 14 11
16 19 18
4 9 36
10 12 21
6 10 17
1 2 5
8 12 10
5 9 23
10 14 29
7 10 7
3 7 18
13 14 17
11 15 25
18 20 21
16 20 37
5 6 25
6 7 35
2 6 39
21 23 40
10 12 18
22 1 38
0 2 33
22 1 11
22 1 7
5 8 15
18 21 39
3 5 39
7 8 42
15 17 17
18 20 19
5 7 8
1 4 36
0 4 12
3 6 41
12 15 23
8 11 5
15 18 22
12 14 23
5 8 28
7 10 21
23 2 3
17 20 25
22 23 26
1 3 42
5 6 1
12 15 15
8 9 9
17 21 2
23 5 12
11 15 27
18 21 38
20 22 23
1 2 26
9 14 4
6 10 26
4 7 16
21 0 3
5 7 33
22 0 26
13 15 5
17 20 23
11 14 22
10 14 32
15 18 19
6 8 31
8 12 23
12 13 13
1 2 16
12 13 29
0 3 40
14 18 33
21 22 21
18 22 28
17 21 42
16 18 8
6 12 6
10 14 6
14 16 7
3 8 13
23 2 16
7 10 16
3 6 14
19 23 19
11 15 11
4 8 39
7 11 38
23 1 5
2 4 29
4 7 7
14 16 9
14 16 19
7 10 10
22 0 23
10 12 29
7 10 24
3 7 7
9 13 22
23 2 20
16 19 30
8 12 6
0 2 33
15 17 15
6 9 14
5 9 38
12 15 26
6 7 2
14 17 15
9 13 28
15 17 12
23 1 40
16 20 21
6 10 23
10 12 17
2 4 28
11 14 18
0 4 36
9 11 21
5 11 39
4 8 35
4 7 15
9 13 20
0 1 35
19 21 14
12 16 8
19 22 35
17 19 20
3 7 9
11 16 29
23 1 17
23 1 10
17 19 4
3 7 7
15 17 16
6 10 10
16 19 26
13 15 23
7 10 35
10 15 7
9 12 11
16 19 38
1 4 40
3 6 18
23 3 1
15 19 15
11 14 9
2 7 18
7 10 28
23 3 34
7 9 33
2 5 28
20 1 10
9 12 15
12 15 7
0 3 38
9 11 17
7 9 16
21 23 31
9 11 4
15 19 4
2 5 27
20 23 13
19 19 31
8 11 8
14 18 36
4 7 22
9 11 9
0 4 15
16 18 9
4 7 13
7 10 4
7 11 15
15 19 21
5 7 42
10 13 28
5 7 9
3 4 32
6 9 5
5 8 28
22 0 20
10 13 13
2 6 41
3 7 25
6 9 23
4 7 27
22 0 32
1 3 43
17 22 31
7 12 42
14 18 18
7 10 38
21 23 26
13 15 25
20 23 27
23 2 2
1 3 34
22 2 27
14 18 31
8 10 33
23 3 36
8 11 8
11 15 4
12 13 38
19 22 20
20 23 32
23 2 21
7 10 16
0 3 16
0 4 38
21 0 11
18 22 30
22 2 27
18 21 34
21 0 28
10 12 36
8 11 3
14 15 41
18 22 1
17 20 24
9 12 15
2 4 2
4 6 6
5 6 5
0 4 24
0 0 13
1 2 34
1 4 38
11 15 30
3 6 36
18 21 10
11 14 15
9 11 40
7 11 30
20 0 22
18 21 26
21 1 16
3 7 39
19 22 17
23 2 10
14 16 9
15 18 30
14 17 43
5 10 5
1 4 29
0 4 12
10 13 26
12 13 32
2 6 24
22 0 12
8 10 5
14 17 18
23 3 21
23 1 8
22 2 22
5 10 7
5 7 18
6 11 35
3 9 21
20 23 17
12 17 5
6 8 36
2 6 28
12 15 8
18 20 21
10 14 8
1 5 11
2 4 36
13 14 14
4 6 17
14 19 19
17 21 25
23 4 25
0 2 15
16 19 40
18 21 16
6 7 30
22 1 11
15 16 23
16 19 29
7 9 7
9 12 28
10 14 6
4 7 18
3 5 33
18 20 38
23 3 8
13 20 21
10 13 5
20 23 25
7 11 1
23 3 29
6 10 38
5 9 25
0 3 12
5 9 4
21 0 27
7 11 10
3 7 15
21 23 32
3 3 16
11 14 11
14 17 8
0 4 4
23 3 40
7 9 15
11 16 11
15 17 28
19 21 2
13 17 29
18 22 43
1 4 13
19 20 30
15 18 37
14 18 18
13 17 16
4 7 34
11 16 12
15 18 36
23 23 25
5 6 6
0 3 3
7 11 17
5 7 31
2 5 13
14 15 9
9 10 3
22 2 9
0 3 38
18 21 22
1 2 37
14 17 4
6 9 36
19 22 23
21 0 5
23 3 39
6 10 9
22 1 39
11 13 27
19 22 42
5 6 10
2 6 18
23 3 8
17 18 41
1 5 29
17 21 1
19 23 29
13 15 43
17 19 37
11 14 14
8 12 30
5 8 16
3 6 22
13 17 4
22 3 11
20 22 15
2 5 10
13 17 9
17 20 6
23 3 28
5 8 37
22 1 38
21 23 17
13 16 16
9 11 21
21 1 9
7 11 39
18 21 6
2 6 4
16 19 32
3 6 1
14 17 37
23 2 4
10 13 30
17 19 42
17 20 30
22 2 41
11 12 34
19 22 31
9 13 37
21 0 18
1 3 20
5 10 5
5 9 34
22 23 11
22 0 21
21 23 32
20 22 35
22 1 27
22 0 33
3 3 2
5 8 6
0 2 37
2 5 10
6 9 22
21 0 22
12 13 13
1 4 15
8 12 3
15 19 24
5 8 37
23 1 28
2 5 19
9 12 30
12 15 38
19 21 38
21 1 39
12 15 28
4 7 4
8 11 36
2 5 23
12 13 40
12 13 23
4 7 1
5 6 33
6 10 18
1 3 32
20 1 11
10 12 20
3 7 6
4 7 26
7 10 33
19 22 1
20 1 21
8 13 8
9 13 43
4 7 4
15 17 27
15 16 21
19 21 5
13 17 23
13 16 5
10 12 25
17 19 41
21 0 24
19 20 19
20 22 9
13 14 14
15 18 41
21 1 19
5 9 1
6 7 1
3 5 30
5 8 28
11 14 25
20 22 31
4 8 39
0 2 21
14 18 37
13 16 29
14 15 6
22 1 17
17 19 30
16 20 12
7 8 32
16 19 21
16 20 31
10 12 12
15 18 1
10 13 2
1 4 32
9 12 18
13 14 15
13 16 21
23 3 21
0 4 6
17 19 28
16 20 26
23 3 2
17 19 22
18 22 4
1 5 35
11 14 11
16 18 41
21 23 3
0 2 8
17 20 28
3 7 39
0 3 38
5 9 4
12 15 31
8 12 35
23 4 43
22 2 6
21 2 25
8 12 34
17 20 17
0 4 30
21 1 6
15 19 34
8 12 43
17 22 22
13 16 38
2 4 3
4 7 39
1 4 25
0 4 1
9 13 30
0 4 17
12 15 4
5 6 7
6 10 13
6 8 43
8 9 16
1 4 8
20 0 23
14 17 37
0 4 21
20 21 19
22 0 2
6 10 4
6 10 16
20 0 26
3 8 18
5 9 15
15 18 39
10 13 7
9 11 6
18 23 3
7 10 33
3 7 15
17 21 23
6 9 1
3 7 9
21 23 5
4 7 15
6 10 43
2 7 23
16 20 11
2 5 8
12 16 38
6 8 21
6 9 21
21 0 4
2 5 13
17 18 34
6 11 26
21 0 42
11 14 33
13 17 23
7 12 10
2 8 25
13 16 43
0 2 23
1 5 15
17 19 5
18 20 6
5 9 4
0 4 19
6 9 29
4 8 20
10 14 20
4 6 43
2 5 39
18 20 24
8 11 8
21 0 37
3 6 31
1 3 13
9 12 19
1 4 26
20 22 37
16 20 8
10 13 37
8 11 36
10 13 42
4 7 16
21 0 19
18 20 28
22 3 32
16 21 25
7 9 11
23 1 32
20 22 32
23 3 32
9 13 35
15 18 35
23 2 30
12 17 1
8 10 26
15 17 3
11 15 30
16 19 8
14 17 7
13 19 39
8 11 15
16 19 13
3 6 24
12 12 24
10 12 35
22 0 24
13 17 5
21 0 40
4 6 25
23 3 40
14 18 18
15 20 17
0 2 21
0 1 35
22 1 7
17 20 25
23 2 40
9 12 6
22 1 24
18 20 11
16 19 9
11 13 43
18 20 12
0 4 17
7 12 11
7 9 24
15 19 12
20 23 23
13 17 1
13 15 6
1 4 2
8 10 23
17 22 9
0 4 11
10 13 14
8 10 18
16 20 20
9 12 5
13 15 35
21 0 9
3 6 34
12 13 16
14 17 25
11 15 10
16 20 9
15 18 23
6 10 38
6 10 13
16 19 5
4 7 23
19 23 24
5 7 23
23 1 37
17 21 34
16 19 25
11 15 19
8 10 41
6 9 39
16 19 6
8 10 40
0 3 5
2 4 21
6 10 35
9 14 31
2 5 33
23 2 6
0 4 42
15 20 34
19 22 27
19 22 43
14 16 11
14 16 26
16 20 11
22 0 5
2 4 40
4 7 36
6 8 17
8 12 29
22 0 16
0 5 18
2 6 24
0 3 38
12 15 38
15 18 42
16 20 31
18 22 18
12 16 38
7 11 43
10 12 43
16 21 22
23 1 1
22 22 25
15 18 32
13 17 9
10 13 7
16 19 12
3 6 30
14 18 17
7 10 21
17 21 7
12 14 3
18 22 15
0 3 40
14 16 33
18 19 39
11 13 7
9 11 38
21 0 31
3 4 9
9 13 36
8 10 40
16 19 15
14 16 33
22 4 1
22 23 13
0 5 8
13 17 12
7 12 20
11 13 24
23 3 25
16 19 32
16 19 9
8 11 9
14 17 13
12 13 1
5 8 9
6 9 40
21 0 21
3 7 28
22 1 43
19 22 22
6 10 7
12 15 6
9 10 36
10 13 18
0 2 24
18 22 38
19 21 33
21 23 9
17 21 12
23 3 5
23 4 34
5 8 5
15 15 29
3 5 21
21 0 37
8 12 22
5 9 14
5 8 12
10 13 23
13 17 1
13 15 18
4 8 23
1 5 36
23 2 12
4 7 6
17 19 29
5 7 4
16 18 18
22 1 20
1 4 2
6 7 10
11 16 10
12 17 30
21 22 20
8 11 11
15 16 10
6 9 35
2 7 27
14 17 13
20 23 25
21 0 38
17 19 40
19 20 12
11 13 1
5 9 20
18 21 37
23 1 2
0 4 42
0 2 30
1 3 38
1 5 31
20 23 37
10 14 8
20 23 14
21 2 39
1 4 31
14 18 20
1 3 1
10 13 9
20 22 24
5 9 33
18 22 4
12 15 29
17 20 22
3 6 40
3 9 33
7 10 2
17 20 5
15 19 17
1 4 43
13 15 18
13 16 4
6 8 30
3 5 14
11 14 30
17 19 2
5 8 43
1 5 26
18 22 14
10 12 32
5 10 31
16 20 11
6 9 27
13 17 39
18 21 8
2 5 15
15 19 28
13 15 41
18 21 36
1 4 14
11 13 8
1 5 36
4 8 31
18 21 15
16 20 25
5 8 40
5 8 25
9 11 3
3 5 17
14 17 8
23 2 39
20 23 14
14 16 4
2 5 27
15 17 23
8 11 1
18 21 4
20 0 20
8 12 5
1 4 6
14 16 40
13 17 37
8 12 39
12 14 30
17 21 37
0 1 38
12 16 27
20 22 6
17 21 28
14 17 32
3 5 34
2 4 4
21 0 24
3 8 37
22 1 13
23 0 29
17 19 34
18 21 36
23 3 23
5 7 6
18 21 17
7 10 14
14 16 31
2 5 7
0 4 27
5 8 19
17 19 5
8 10 22
20 22 14
15 18 38
10 14 25
18 21 12
22 2 43
14 17 31
6 8 6
12 14 30
14 19 4
17 21 19
18 20 26
18 23 34
22 0 3
0 4 20
23 1 32
12 17 33
22 1 39
5 11 12
19 22 39
13 16 28
16 19 27
14 17 36
8 10 7
22 2 16
6 9 30
8 11 10
14 17 43
8 10 28
19 21 19
12 15 9
3 6 20
16 21 13
18 21 22
23 0 30
19 21 13
7 10 28
23 3 13
17 21 28
18 22 17
5 7 10
16 18 15
10 14 27
15 20 31
1 4 9
12 16 9
17 20 27
16 20 42
4 7 12
7 10 10
10 13 25
19 1 7
8 12 32
10 15 17
11 14 6
22 2 15
16 17 3
21 0 8
8 10 23
14 17 24
12 16 27
15 18 35
15 17 18
2 6 13
12 15 3
21 0 42
18 21 10
10 12 11
7 11 32
19 23 17
3 7 19
2 7 20
8 11 2
7 9 13
16 19 22
8 13 33
14 17 23
12 15 4
4 6 10
12 17 14
12 17 7
20 0 42
7 11 3
6 8 33
21 23 16
12 16 10
17 20 19
10 13 13
20 21 10
17 23 43
8 11 30
17 21 12
3 5 4
0 2 25
0 3 14
12 14 14
8 12 35
18 22 33
1 4 29
21 1 37
21 22 24
6 10 29
7 10 26
20 21 20
14 16 26
22 0 33
6 9 22
1 4 13
7 10 26
20 23 5
4 7 10
16 19 29
4 6 10
13 17 30
20 23 14
23 3 35
19 22 31
13 17 14
12 15 20
17 21 15
13 15 38
18 20 40
17 21 34
15 17 24
19 23 36
18 20 9
14 16 25
2 6 20
0 4 12
12 16 11
23 3 27
3 6 10
7 11 38
3 6 7
4 6 35
21 23 34
17 21 13
18 21 12
14 17 16
18 20 9
8 12 38
15 17 9
16 20 33
6 9 17
19 22 11
22 0 26
14 17 39
18 22 43
13 17 30
19 22 14
15 20 11
12 16 17
19 21 26
20 22 22
8 11 1
6 8 8
17 21 8
12 14 7
20 23 13
13 17 20
15 19 9
14 15 18
19 20 16
18 22 24
10 13 6
19 23 4
6 9 30
9 12 4
21 23 21
4 7 7
11 14 42
8 11 12
12 15 19
11 15 42
22 23 21
15 18 16
16 19 29
1 2 33
14 17 1
13 15 31
21 0 30
22 0 3
17 20 41
22 2 9
12 16 34
20 0 8
9 11 22
23 1 41
20 0 20
18 20 13
5 7 2
13 15 42
9 12 26
22 0 31
2 4 35
23 4 33
4 8 43
22 4 26
2 6 36
6 8 17
3 6 7
14 18 29
17 20 4
2 5 1
18 20 6
3 7 18
1 3 42
16 18 43
11 13 20
6 9 13
14 17 6
2 4 6
12 16 20
0 3 14
23 2 28
2 7 2
7 9 31
5 9 36
18 21 6
8 13 19
6 11 31
16 20 19
8 11 19
23 2 12
8 11 2
4 10 38
23 1 42
13 17 36
18 22 33
19 22 31
2 3 30
20 0 2
2 6 8
18 23 32
20 0 6
7 10 16
7 9 17
5 7 14
11 15 20
18 22 40
3 7 30
2 7 38
17 19 41
16 20 9
18 21 34
15 16 37
5 9 20
13 15 15
4 8 35
17 19 7
13 14 1
11 13 6
7 11 29
12 15 25
19 19 34
4 8 29
12 15 8
16 18 41
21 0 19
15 19 30
18 22 31
0 4 26
15 17 31
1 2 38
3 7 17
19 23 6
8 10 40
6 9 23
12 14 25
7 10 4
9 12 24
11 15 12
21 0 4
19 20 20
20 23 12
18 22 25
4 8 4
15 17 9
0 2 9
15 18 14
20 23 33
12 15 4
7 9 16
8 11 8
10 15 18
8 10 24
9 13 43
15 18 38
21 0 34
10 13 11
18 20 20
20 22 8
22 0 34
20 22 1
6 9 40
7 9 35
10 13 38
9 13 19
4 7 28
0 5 42
16 17 6
21 0 43
6 8 27
21 23 43
6 10 24
12 14 38
12 15 42
19 22 41
19 23 22
2 6 9
17 21 30
8 11 41
0 4 33
16 18 40
1 5 31
18 22 15
11 15 22
3 5 35
3 7 2
7 9 34
13 15 12
5 6 30
18 22 21
0 4 27
10 13 12
2 5 14
6 8 40
15 18 29
16 19 21
19 22 10
13 18 21
23 2 9
22 0 10
21 1 24
7 10 30
4 8 26
5 8 40
1 5 43
5 7 28
13 16 14
6 8 17
23 1 23
13 16 7
17 21 19
3 4 18
6 8 35
10 12 37
9 11 9
7 11 32
19 21 26
13 16 38
8 10 14
2 6 13
14 16 5
1 5 6
7 10 2
0 3 18
10 13 40
5 8 39
6 9 16
10 13 12
17 20 5
23 1 2
17 20 14
16 19 23
0 3 17
11 14 15
1 3 41
20 0 7
14 18 35
14 17 19
3 6 2
22 1 40
17 19 15
2 5 6
16 19 27
6 10 4
3 5 24
5 8 33
20 0 18
23 3 26
7 10 28
16 18 27
10 13 37
7 11 32
0 4 1
10 14 16
16 18 38
7 10 33
15 19 5
6 9 18
18 21 31
19 23 34
9 10 5
20 23 13
22 2 6
2 6 25
1 3 27
4 6 6
9 12 23
2 6 19
14 16 22
3 8 31
15 18 41
21 1 25
4 9 7
5 8 11
15 18 42
14 17 18
16 19 23
8 12 25
21 3 6
6 8 11
1 5 43
12 15 42
7 10 36
3 6 16
5 9 41
15 17 4
19 20 12
9 12 40
6 10 42
19 20 13
9 13 38
5 9 23
18 20 34
15 19 27
23 2 13
23 3 37
13 17 24
20 22 21
0 4 3
23 1 35
10 14 40
6 9 10
20 0 24
12 18 35
15 18 9
7 9 39
3 7 27
10 12 27
2 6 4
2 5 7
7 9 3
13 16 40
1 2 3
22 2 21
21 0 41
16 19 38
5 8 14
23 1 10
14 17 38
4 8 40
2 6 4
23 4 15
15 19 28
13 16 15
7 9 40
21 1 2
10 14 38
23 2 26
2 6 40
1 6 23
2 4 39
19 20 20
21 2 12
21 1 24
11 14 40
6 10 19
18 20 23
4 7 38
23 2 40
9 11 36
2 5 33
0 4 29
23 3 4
7 9 34
23 3 40
9 12 23
19 22 33
23 2 24
1 2 11
13 17 16
4 7 19
15 18 16
17 22 37
17 18 25
14 17 40
10 13 2
19 0 39
17 20 21
14 16 5
7 11 26
23 2 39
10 12 41
17 19 26
4 7 15
0 4 28
23 1 15
16 19 41
10 14 19
14 18 26
5 8 21
20 23 9
18 22 2
8 11 31
