5000 49
20 44 44 24 45 29 16 34 44 46 48 25 39 39 29 28 18 2 11 9 48 31 43 25 46 34 41 5 19 1 25 19 48 40 32 29 30 10 19 26 32 42 21 42 31 45 1 39 22 
4 7 44
3 8 44
15 19 3
13 17 33
2 6 41
20 22 27
13 15 20
22 22 41
23 2 34
2 5 27
11 15 39
10 12 2
13 17 16
21 23 22
20 23 13
16 19 29
10 12 15
19 20 8
10 13 29
12 16 46
14 16 24
20 23 36
11 15 21
21 0 25
9 12 48
13 17 48
8 12 34
12 15 42
2 6 14
6 8 15
11 14 6
10 13 7
20 0 35
3 6 20
0 4 11
8 10 48
6 10 2
14 18 14
19 23 2
7 10 41
17 22 7
22 2 38
9 11 20
13 16 39
15 19 32
2 5 45
20 22 16
5 7 45
0 4 45
1 6 34
3 7 47
2 5 44
5 7 11
10 13 7
14 16 17
13 15 37
0 3 7
6 9 38
22 2 23
8 9 9
22 3 44
10 14 11
22 0 13
13 17 47
16 20 30
11 14 5
0 2 28
13 17 38
5 7 38
21 0 24
0 2 21
8 11 30
17 20 39
1 3 36
14 15 41
21 0 11
4 6 42
17 17 32
21 0 38
14 16 28
10 14 25
6 7 31
21 1 42
6 9 13
6 9 35
20 21 43
1 3 47
20 23 20
1 4 42
9 11 37
20 23 14
16 19 3
14 17 31
18 22 8
17 21 18
0 5 40
17 19 17
1 5 18
16 20 45
22 1 10
15 19 27
2 5 40
20 0 25
18 21 19
11 14 6
5 8 22
6 8 48
8 9 8
11 14 11
10 14 4
8 11 31
15 19 30
4 5 29
7 9 17
17 21 42
22 0 21
12 15 43
19 21 5
10 14 41
11 16 31
21 23 26
21 1 8
17 19 12
22 23 34
9 11 7
11 13 18
10 11 12
15 18 15
5 8 41
17 20 7
4 6 39
2 5 18
13 16 23
5 8 15
10 13 13
13 15 20
2 7 46
17 20 1
4 9 17
10 14 42
10 12 25
7 10 38
21 1 33
23 1 12
20 0 3
7 10 33
11 14 33
5 8 32
15 19 24
15 17 42
13 14 46
12 14 4
10 14 9
9 14 4
2 6 28
9 12 2
19 22 16
13 15 43
8 9 39
2 3 1
3 6 42
0 3 39
2 6 21
11 12 8
18 21 27
17 20 36
17 20 9
21 0 16
19 22 6
5 7 33
23 4 35
19 22 37
4 8 34
21 23 17
20 22 9
11 13 22
9 12 32
1 5 6
4 6 24
15 18 2
22 1 39
13 17 28
20 22 10
18 23 9
13 16 40
2 6 13
11 13 10
8 11 7
9 10 7
7 10 10
3 6 39
3 7 33
2 5 18
9 11 31
7 10 25
3 5 49
1 4 19
7 12 26
21 23 15
12 15 42
2 4 41
8 12 6
22 0 16
14 18 26
3 5 44
6 11 38
7 10 29
15 17 23
12 14 6
13 17 48
23 3 10
23 2 41
0 2 27
23 1 13
15 19 25
10 11 11
8 12 1
7 11 38
23 1 15
14 17 33
8 9 25
21 23 47
16 17 2
23 2 7
0 2 2
14 14 41
10 14 47
4 7 11
6 8 45
22 0 44
9 13 3
18 20 26
10 14 36
15 18 45
4 7 49
14 17 2
0 3 46
11 14 44
3 4 21
5 8 27
2 3 27
23 1 47
3 8 37
17 20 41
7 10 37
3 7 6
15 19 4
0 4 2
0 1 19
19 21 35
3 7 30
6 10 9
0 3 35
2 4 22
11 14 3
18 23 17
16 19 9
4 7 10
19 21 43
18 21 49
16 19 29
9 12 20
1 2 36
9 15 8
20 22 46
8 11 35
8 10 31
18 22 1
2 5 14
19 0 25
22 0 31
1 3 45
7 10 16
15 19 41
9 12 29
6 8 6
4 7 6
22 0 37
23 1 30
1 4 29
23 3 40
7 13 22
9 11 36
3 5 47
19 21 40
10 13 26
4 6 1
1 2 6
14 16 42
9 12 19
3 7 18
23 4 15
13 15 6
4 7 25
12 13 23
11 16 14
2 5 28
18 20 28
13 14 2
3 6 11
2 5 39
11 14 27
5 7 26
18 22 30
18 21 4
13 17 31
1 4 23
21 22 41
0 3 24
10 15 3
18 21 13
1 5 39
6 10 11
3 6 10
9 12 42
16 20 9
10 13 22
19 21 25
10 14 29
6 10 21
5 9 2
19 22 43
7 9 17
7 11 46
13 16 26
21 1 4
14 19 40
10 14 8
9 12 1
4 6 8
16 18 43
20 21 39
17 21 26
0 5 7
15 18 24
13 17 45
14 18 16
2 3 49
16 18 32
0 3 4
16 18 36
10 13 7
19 20 47
22 3 22
23 1 4
22 2 6
22 0 44
6 7 39
10 12 48
11 14 18
23 2 17
19 22 6
13 16 17
8 8 47
17 20 22
9 10 28
0 4 12
7 11 27
7 10 47
4 5 19
3 5 3
4 8 30
6 9 1
13 18 27
21 0 46
11 14 11
3 6 36
9 12 36
6 8 6
23 3 5
4 8 5
9 11 37
0 2 15
3 6 25
13 15 44
20 23 38
4 7 30
5 9 15
11 15 19
6 9 39
9 13 25
10 14 26
1 3 20
1 4 4
1 5 34
11 15 36
1 4 9
12 16 4
15 18 18
1 4 12
21 1 5
3 6 22
10 13 40
7 10 21
10 13 2
23 2 24
19 20 45
5 9 27
21 2 28
1 3 31
4 8 25
18 21 5
21 0 45
9 12 46
21 0 17
17 19 39
6 8 35
12 15 28
23 1 40
1 5 22
7 10 12
9 14 24
10 12 40
12 15 22
16 21 36
8 10 19
14 17 1
11 14 49
4 5 33
20 23 43
7 7 9
14 17 9
3 6 45
12 13 20
6 10 31
14 17 3
13 18 46
9 12 42
17 21 6
8 11 1
13 17 4
21 0 2
14 18 45
4 7 40
0 5 12
16 19 35
5 7 23
14 18 39
4 7 5
15 18 38
11 13 36
3 5 13
17 20 29
10 13 12
21 2 10
3 7 36
12 16 28
12 13 2
15 18 29
22 2 14
9 14 11
2 5 2
19 22 42
15 17 24
14 17 10
15 19 40
18 23 3
15 20 7
23 3 42
1 4 12
22 1 14
19 22 6
2 6 29
5 9 11
13 17 23
9 11 46
13 16 29
12 14 29
18 20 25
2 4 14
10 14 42
5 6 24
12 14 46
0 1 18
19 0 46
5 8 33
8 12 4
11 14 13
16 18 41
7 10 26
19 22 40
20 22 19
4 6 46
11 14 39
11 13 31
11 14 7
17 19 23
18 22 21
23 1 46
1 4 34
15 17 23
3 5 20
10 13 27
1 5 45
7 9 37
9 12 48
23 3 38
7 12 43
14 17 24
12 17 26
11 14 21
14 18 32
0 2 7
9 11 43
11 13 6
10 13 40
23 3 45
8 9 30
8 11 25
18 22 16
18 21 40
5 8 48
11 15 6
13 16 13
22 0 32
6 10 1
19 22 42
7 10 18
6 9 15
0 4 31
23 3 28
7 10 6
5 9 26
22 0 13
18 20 13
5 9 7
22 1 31
14 18 38
19 22 5
7 12 21
23 3 26
8 11 20
0 3 21
7 10 42
11 16 44
10 15 29
8 9 20
19 20 21
6 9 40
23 2 5
2 5 10
4 6 12
20 23 10
18 20 11
15 20 5
4 7 37
6 9 27
0 2 28
13 15 15
15 18 26
15 17 35
5 8 10
4 6 3
12 15 15
21 22 24
3 6 48
10 13 28
2 6 44
20 23 40
17 21 28
8 12 8
16 19 24
2 6 49
19 19 12
0 3 47
16 18 14
17 21 49
9 12 43
9 12 21
5 7 40
13 17 42
4 9 14
21 1 6
12 14 46
7 10 44
2 6 23
5 7 38
12 15 35
18 19 12
3 7 46
8 12 15
6 9 25
16 20 21
8 12 49
22 0 42
8 11 49
1 3 39
4 6 35
22 3 1
23 3 25
23 2 35
12 14 35
23 2 12
20 23 39
18 20 40
15 18 22
15 17 6
2 5 28
22 1 37
10 11 37
19 21 3
9 12 7
16 19 11
1 5 21
12 13 28
4 8 40
22 3 10
6 8 41
11 15 1
2 4 5
7 10 9
18 21 44
19 21 2
6 10 41
10 14 33
10 13 14
17 21 30
3 7 42
17 21 10
2 5 4
5 7 30
6 9 40
1 4 13
12 15 34
11 14 36
0 3 11
5 7 20
18 21 32
10 13 41
17 22 40
20 23 4
12 15 11
0 2 39
12 15 29
3 6 33
0 3 1
20 22 13
6 8 8
7 10 34
10 15 44
13 16 48
18 21 10
8 11 24
10 13 1
1 5 10
1 5 38
22 2 28
9 12 12
23 0 2
10 11 42
3 7 48
4 6 37
12 18 34
20 23 44
1 2 11
8 12 10
9 12 10
9 12 45
14 17 26
3 7 41
18 21 30
21 23 15
12 15 5
20 1 45
12 14 22
13 16 19
12 15 28
13 17 11
9 12 19
16 19 22
16 18 20
16 20 24
13 16 36
21 0 5
0 5 6
20 23 45
10 14 6
22 3 4
6 9 26
16 18 4
21 1 35
21 0 25
3 6 11
4 6 13
22 2 29
5 9 24
7 11 15
12 15 28
5 8 18
22 1 24
1 4 28
19 23 12
13 15 17
21 1 5
8 11 13
5 8 12
2 4 26
18 21 16
17 22 26
14 19 11
16 18 23
10 13 31
23 2 43
18 20 4
15 18 38
18 21 30
1 4 32
5 8 25
23 2 41
12 14 3
14 17 25
2 4 24
22 23 48
0 3 5
8 9 14
8 11 23
15 18 17
0 1 40
10 15 13
20 0 45
8 12 15
7 10 25
22 2 40
19 22 3
12 14 25
20 0 33
8 13 43
22 0 9
3 6 5
8 12 6
22 1 20
4 7 15
0 4 44
21 1 25
21 0 43
14 18 31
7 10 43
8 10 27
4 6 13
16 19 36
1 4 40
2 5 40
2 5 42
19 21 49
7 10 21
20 23 38
20 23 40
23 2 13
17 17 49
18 20 15
13 15 30
1 5 17
5 8 14
3 6 26
7 11 4
3 6 41
22 1 41
18 22 9
20 23 43
0 3 36
17 18 48
2 5 33
11 13 21
9 12 17
13 15 46
23 4 2
4 8 9
6 7 31
8 11 19
16 17 47
4 8 37
20 22 48
4 5 13
3 6 14
16 19 2
16 19 20
1 4 27
16 21 30
7 12 38
0 3 35
16 18 39
17 19 49
3 6 15
8 11 29
4 7 36
15 19 35
23 2 36
8 11 19
14 17 6
22 2 42
8 11 9
12 14 18
5 9 21
13 16 5
21 23 12
11 14 26
6 8 38
4 8 49
18 22 17
12 17 26
18 22 34
8 11 23
5 9 1
1 3 9
0 5 12
16 19 15
17 19 6
13 16 17
7 11 19
20 22 9
19 23 38
7 10 26
13 16 35
19 21 40
10 12 2
19 21 8
22 3 35
21 0 24
11 16 31
1 3 24
21 23 13
8 12 22
19 22 36
22 1 31
13 17 35
9 13 42
9 11 40
11 14 41
8 13 24
4 7 20
9 13 17
16 19 22
14 17 16
12 15 4
0 4 9
3 5 17
9 12 12
19 21 4
0 3 2
17 22 9
6 10 11
20 22 38
4 6 44
5 6 41
18 22 25
13 15 31
16 21 43
15 18 49
7 12 11
22 3 4
0 4 48
11 13 29
10 13 27
0 3 24
21 22 26
3 7 18
2 3 45
14 17 13
19 22 40
10 13 26
20 22 31
13 16 5
11 13 28
14 15 17
1 4 43
0 3 22
20 0 49
8 11 39
5 8 8
6 10 13
14 16 6
7 9 40
12 15 14
18 20 34
10 14 16
4 7 34
3 7 15
23 2 7
7 11 20
1 3 15
7 10 20
6 10 36
16 20 4
7 13 21
23 3 15
13 15 25
8 11 31
3 4 29
12 16 25
10 13 11
3 7 34
23 3 25
15 17 20
8 11 23
21 23 13
17 20 6
17 20 2
22 1 12
11 14 5
0 2 28
12 14 33
4 9 41
9 12 7
2 7 5
3 6 39
16 21 43
5 10 6
15 17 16
16 21 39
5 9 43
3 5 27
15 19 20
14 18 42
11 13 34
0 6 29
5 9 13
22 1 23
12 13 44
6 10 12
4 8 19
20 23 19
0 4 14
10 14 11
12 15 41
15 20 47
19 21 38
9 11 46
19 22 2
3 6 36
12 14 20
15 18 31
12 14 20
10 14 2
21 0 23
15 17 2
1 5 5
5 8 26
13 15 14
2 3 13
0 2 6
7 9 23
1 5 46
1 4 37
6 11 9
8 10 15
6 10 45
4 7 2
1 4 5
21 1 18
19 22 33
11 13 41
14 17 30
21 0 1
17 20 8
8 10 39
22 3 9
17 20 9
17 20 26
3 7 9
9 13 49
13 16 29
19 21 38
23 0 14
19 21 31
0 2 1
23 3 14
4 7 39
1 6 48
15 17 9
5 9 18
15 19 40
15 18 44
23 3 40
21 22 32
21 23 29
13 17 20
14 18 20
16 20 9
4 7 9
10 12 42
6 10 25
1 3 28
18 20 36
20 23 46
20 1 3
14 17 44
13 18 4
5 8 26
15 17 24
2 4 24
18 20 26
7 11 35
8 10 7
7 8 43
18 22 49
0 5 34
22 1 31
23 3 49
6 9 40
21 0 41
0 4 45
10 14 22
8 11 19
9 11 30
5 8 26
22 3 9
10 13 11
17 18 11
14 17 32
15 17 49
17 21 32
10 14 19
20 23 42
20 0 29
3 6 44
8 12 45
17 18 44
2 5 47
22 0 19
16 20 43
10 14 3
16 18 49
23 0 13
15 18 11
18 22 23
0 2 17
8 11 5
22 0 32
21 23 40
3 3 21
8 11 37
6 9 43
13 16 8
15 17 10
14 17 1
10 14 5
14 16 25
10 11 18
9 14 35
2 5 4
1 6 17
13 17 3
10 13 23
22 2 9
5 9 5
17 20 19
20 23 16
14 16 9
21 23 18
16 18 42
21 0 10
19 21 31
15 17 42
3 5 21
23 3 46
4 8 7
21 1 18
22 1 41
2 6 31
18 22 33
13 16 43
4 6 19
4 8 16
18 20 29
17 20 22
23 2 37
0 4 25
10 13 40
1 5 22
18 23 30
19 21 21
4 7 20
10 13 5
9 12 48
5 8 13
6 10 1
12 15 26
5 10 21
20 23 41
22 1 49
16 20 29
4 7 14
16 19 13
20 21 8
11 15 15
0 3 33
0 3 24
12 16 31
8 12 1
10 13 46
23 5 41
14 18 5
8 10 8
2 5 32
19 22 19
12 16 4
20 0 6
2 4 40
2 7 21
17 22 10
19 22 3
16 20 46
1 4 19
8 12 27
8 12 48
20 22 44
6 11 18
6 9 10
9 13 37
14 19 29
3 5 16
7 12 42
2 4 21
8 8 46
21 0 19
21 23 45
21 23 17
6 9 31
17 19 9
17 21 24
17 20 31
6 8 19
9 14 8
23 4 48
9 11 24
17 21 48
6 9 34
9 11 8
1 5 48
2 4 10
11 15 29
12 16 23
20 22 36
5 8 12
18 20 37
19 22 49
4 6 34
7 10 46
14 17 6
4 6 14
7 12 16
13 17 38
19 22 31
20 23 38
15 15 2
2 6 3
7 10 48
16 19 49
6 7 42
10 11 8
1 4 49
19 22 5
2 3 22
4 7 18
9 11 5
16 18 21
9 11 28
6 10 18
4 7 16
0 4 24
21 0 18
20 22 42
14 17 42
8 9 15
16 19 25
22 23 1
5 7 41
3 8 43
16 21 45
17 20 29
4 6 30
22 1 25
20 23 35
18 21 19
12 15 16
15 19 29
18 21 11
18 20 34
22 1 30
16 18 1
6 7 3
5 8 28
18 21 39
23 2 3
7 9 17
22 1 3
2 6 47
6 11 13
15 16 34
3 5 34
12 14 6
17 20 33
13 16 48
13 16 36
4 6 11
17 19 45
16 19 35
8 11 19
2 5 7
5 8 36
21 0 25
0 2 30
9 12 47
2 5 30
19 20 49
2 6 30
16 17 43
4 7 3
21 2 19
2 5 13
11 13 22
13 17 12
20 0 37
22 0 12
23 2 23
17 22 33
4 7 25
8 11 27
3 6 5
2 6 34
6 9 39
3 5 1
15 18 29
3 5 45
8 10 6
18 22 32
23 3 49
15 17 32
10 12 15
18 20 12
7 10 17
22 0 3
15 18 45
1 4 35
20 22 12
20 22 42
5 6 7
1 4 36
14 19 20
10 13 47
14 19 10
2 5 48
12 17 39
3 6 43
18 20 49
19 21 36
11 13 10
18 20 43
3 5 14
11 16 4
18 22 41
13 14 11
11 16 13
3 7 19
5 9 47
13 15 12
23 3 27
14 15 37
22 3 10
22 23 13
6 9 41
5 7 15
19 23 10
0 4 14
0 3 9
8 10 9
1 3 17
11 14 21
1 4 9
6 11 28
3 5 27
15 18 11
1 5 37
10 13 10
19 23 36
14 17 34
6 10 16
10 12 36
16 19 48
11 14 27
23 3 9
3 6 19
18 20 1
9 13 24
15 15 34
15 19 34
13 16 20
17 20 2
16 18 35
12 15 17
17 21 49
9 11 4
2 5 26
16 18 36
4 7 49
7 12 36
17 21 37
1 2 4
9 12 46
19 21 12
5 7 37
7 10 27
2 5 39
2 6 27
14 18 28
10 14 19
0 5 5
17 21 48
18 20 24
12 15 43
19 22 9
10 12 30
7 8 11
5 7 29
10 13 46
12 14 31
19 21 35
0 5 46
18 18 28
2 4 21
11 14 27
9 11 32
14 17 31
4 8 9
4 8 8
3 7 5
19 21 38
13 15 32
1 4 8
2 5 42
3 3 33
19 22 10
22 0 18
7 10 46
11 14 9
20 0 8
0 4 14
7 10 11
8 10 45
14 17 15
10 12 40
18 21 7
7 9 16
23 0 43
0 4 16
11 15 26
1 7 36
12 16 9
14 17 14
19 21 48
8 11 10
2 6 49
2 7 29
16 19 8
19 22 12
12 15 14
11 14 8
13 17 12
1 5 10
19 23 12
11 13 36
1 3 8
5 9 15
15 17 47
9 12 49
0 3 42
16 21 38
21 2 12
11 14 41
22 1 45
12 16 14
1 5 40
8 12 13
12 15 34
19 23 44
10 14 36
14 17 5
10 13 1
20 23 12
5 10 37
2 5 22
13 16 35
7 10 20
10 13 24
21 0 3
15 17 34
2 3 11
12 16 29
3 6 21
10 13 30
22 23 5
11 14 20
1 6 46
14 17 7
7 10 39
6 10 10
15 17 19
7 11 16
3 5 24
8 11 36
1 3 34
9 12 25
2 4 41
19 23 33
16 19 37
19 20 41
15 19 5
17 20 38
17 21 43
2 4 19
18 20 3
23 3 13
10 12 27
10 13 31
17 21 41
3 4 4
1 5 24
15 17 6
18 21 9
7 11 21
21 23 1
18 20 5
6 8 43
2 4 34
18 23 49
8 11 43
6 8 36
2 4 23
9 14 44
5 7 42
9 12 33
15 19 27
18 21 9
10 12 35
8 10 46
9 12 43
7 10 19
5 9 27
1 4 13
11 15 22
12 15 22
13 16 32
18 20 42
22 4 37
1 5 24
18 22 26
0 3 31
13 16 3
22 23 34
13 15 33
4 8 21
21 2 29
4 7 37
16 18 42
22 0 1
0 2 47
22 3 39
18 22 43
12 15 33
10 12 41
7 9 34
16 20 4
3 7 20
11 14 40
7 11 21
7 10 10
23 3 31
16 20 35
9 11 31
18 22 12
5 5 3
7 11 40
21 1 11
7 10 41
22 3 5
16 19 39
12 16 29
21 1 15
12 17 23
15 19 24
6 10 6
23 3 38
2 5 10
14 17 37
9 12 6
23 3 8
15 19 1
6 10 2
9 13 15
4 7 39
21 22 35
19 22 44
5 8 19
6 9 29
8 12 11
21 23 37
8 11 40
2 5 28
21 1 31
11 15 39
22 3 33
15 18 20
21 1 29
0 5 45
9 11 2
5 6 25
12 15 9
7 11 32
1 5 25
18 22 17
0 4 34
2 4 34
14 14 46
14 18 16
2 5 36
18 20 12
13 16 36
7 9 37
8 14 19
5 7 22
12 15 39
10 12 40
0 3 17
18 20 46
2 5 21
17 21 35
12 16 26
10 14 32
21 0 44
15 16 8
1 3 10
6 9 2
12 14 23
11 14 21
6 9 41
12 14 8
23 3 31
18 20 32
5 8 39
14 17 24
2 5 31
1 4 23
6 9 33
16 18 14
21 23 46
5 6 16
12 14 25
8 11 43
5 7 3
2 6 39
0 2 37
13 14 1
6 9 2
0 1 33
1 3 17
17 19 25
22 0 42
15 15 11
1 4 27
13 15 48
6 7 17
18 21 18
7 12 3
0 0 10
13 15 6
3 6 46
13 18 14
5 8 47
0 2 17
16 19 47
15 16 31
23 3 18
16 20 8
9 11 26
16 19 14
22 1 14
2 6 43
21 23 35
15 19 10
9 11 44
14 18 15
15 18 45
22 1 30
7 11 5
2 6 27
16 19 41
3 3 14
19 22 32
1 3 24
19 23 22
0 4 24
2 5 39
1 5 22
8 12 2
18 21 10
3 6 7
4 8 17
2 4 28
0 2 44
5 7 13
11 12 43
12 14 6
10 13 45
0 3 6
9 12 24
12 17 3
1 4 14
1 5 22
12 14 23
2 4 45
10 13 24
23 2 17
6 8 8
16 18 14
0 3 16
9 12 24
10 15 10
16 21 13
3 6 27
2 4 47
12 14 42
16 21 23
14 16 3
4 5 16
2 6 5
3 6 3
17 20 31
22 0 2
0 2 35
6 10 21
7 11 1
5 8 28
7 12 47
8 12 30
11 17 6
16 19 13
13 16 43
2 5 8
19 0 33
14 18 35
7 11 36
13 15 14
2 4 31
17 20 18
12 15 18
21 23 37
23 2 45
18 21 18
5 9 19
21 0 17
13 18 19
3 7 40
0 4 26
15 17 16
20 22 2
3 7 20
16 19 8
8 11 13
6 10 30
6 12 28
11 13 3
11 15 41
7 10 44
14 17 2
10 12 36
7 11 41
4 7 22
2 5 9
16 20 39
16 20 16
22 23 42
20 23 18
4 9 9
9 10 35
16 20 33
17 21 29
10 11 16
12 14 27
21 23 40
2 4 9
8 10 23
7 11 12
9 13 15
8 10 32
3 6 32
14 17 40
20 0 32
21 23 20
10 13 2
13 15 8
4 7 27
15 17 31
5 7 23
9 11 16
13 17 7
17 19 41
8 10 7
14 17 39
15 19 8
13 15 20
15 17 35
3 6 6
16 21 42
18 22 34
6 8 14
1 3 35
11 13 25
17 18 39
12 16 37
5 8 6
3 5 45
4 6 18
17 21 1
12 15 13
9 11 34
14 16 7
7 9 38
15 18 44
11 14 31
17 21 28
22 0 16
4 8 22
11 14 48
0 3 38
21 0 45
9 12 11
12 16 40
13 16 31
8 10 30
13 16 28
1 5 10
9 12 17
11 15 4
15 18 39
5 9 20
6 9 10
21 0 30
4 6 42
0 4 49
16 18 31
11 13 49
19 22 32
11 15 28
14 17 37
9 13 34
5 8 17
15 18 34
23 1 44
12 15 43
18 0 40
1 3 39
18 20 31
18 20 8
2 5 4
1 5 46
17 21 42
22 3 41
21 0 38
2 4 24
15 17 48
10 14 3
0 2 14
19 22 42
4 9 35
21 23 34
12 14 7
19 20 17
17 19 29
8 11 49
5 8 27
13 17 38
11 14 24
2 7 43
18 20 43
2 5 25
18 19 24
18 21 10
22 1 26
20 23 42
16 19 4
22 1 15
6 8 33
10 12 1
23 3 7
3 7 7
22 2 28
9 12 10
4 7 25
4 7 49
11 15 9
23 2 14
17 19 44
22 1 33
6 9 11
16 18 47
5 9 19
19 23 36
17 22 3
18 22 10
1 5 25
8 11 4
7 10 7
3 6 37
22 1 9
16 20 32
6 8 20
4 6 47
21 0 15
18 20 31
16 19 36
4 8 1
17 21 31
19 22 27
2 6 25
21 0 18
16 17 28
2 6 2
11 14 34
10 13 12
13 16 24
18 21 43
2 3 14
15 17 34
14 19 3
22 0 35
3 7 8
0 1 7
4 7 29
2 5 31
7 9 11
7 9 49
20 22 45
14 17 1
19 21 11
20 1 32
5 9 42
17 22 4
17 20 36
13 16 33
16 20 8
15 18 47
4 7 23
6 8 34
8 11 11
5 9 29
6 7 48
20 23 49
19 22 22
7 9 3
14 16 10
7 11 45
13 15 21
4 6 4
12 16 6
12 15 4
6 8 36
15 17 2
5 8 47
19 21 36
11 14 4
6 8 30
13 17 32
4 5 47
22 1 11
5 9 26
21 23 30
12 17 8
11 15 20
20 22 17
21 23 26
0 2 3
18 21 9
8 12 36
17 20 12
17 20 20
22 1 28
15 21 30
15 18 39
16 19 31
6 9 21
2 6 21
2 5 34
0 2 42
21 1 39
23 1 14
20 23 24
14 17 41
10 14 9
17 20 25
22 1 42
23 1 19
9 10 33
12 15 35
5 9 40
14 18 6
21 22 20
12 15 12
8 12 17
16 18 33
22 0 36
11 13 5
22 2 20
15 18 3
20 0 44
2 4 6
19 22 2
1 3 7
2 5 41
19 23 32
20 23 28
1 4 2
9 11 10
13 16 10
8 11 40
0 5 44
4 7 10
15 19 5
14 17 4
1 5 16
4 5 23
0 3 24
19 22 37
7 11 3
2 5 41
12 15 36
3 7 21
13 15 20
8 11 41
12 14 46
3 6 7
8 10 48
12 16 7
7 9 38
9 12 21
4 8 36
15 19 11
0 3 8
11 14 15
0 5 15
13 17 24
1 5 37
13 16 13
17 20 37
18 20 31
21 0 44
9 12 48
0 5 16
1 4 9
19 22 18
11 14 40
3 5 46
4 6 29
15 19 42
20 22 39
23 3 43
3 6 21
11 14 38
10 12 6
0 4 21
20 22 44
6 10 14
16 19 32
16 22 19
8 11 31
21 23 24
18 20 46
7 10 5
16 20 41
14 17 43
4 5 37
18 20 49
13 15 5
8 12 24
16 19 29
15 19 4
21 0 16
4 6 35
7 10 17
20 0 16
12 16 20
17 20 41
5 8 35
21 23 5
16 21 12
15 18 21
1 5 7
23 1 45
7 11 11
14 18 46
9 14 15
5 7 19
17 19 37
2 5 4
23 2 2
1 4 7
19 22 46
7 9 30
2 6 30
17 20 15
4 9 38
13 16 18
18 21 23
5 9 45
12 17 10
23 3 43
12 13 35
17 21 10
0 3 23
19 21 37
16 18 18
8 13 24
8 11 3
13 16 38
22 2 29
23 2 47
14 17 48
16 19 26
22 0 38
15 18 44
0 6 11
5 10 39
1 3 47
5 9 24
14 17 12
6 9 33
3 7 27
17 20 33
8 10 19
9 10 32
8 11 11
16 18 25
18 22 43
17 21 22
10 14 28
4 6 47
9 12 7
0 3 25
21 1 43
14 17 23
10 12 37
19 23 42
19 22 5
4 7 13
16 19 19
7 11 3
20 22 33
4 9 6
12 16 28
6 10 3
9 12 4
7 11 2
23 2 36
20 22 35
13 17 49
6 10 27
10 14 40
12 18 4
2 5 6
5 7 39
16 20 48
9 14 27
17 20 49
15 18 48
6 9 38
0 4 29
15 18 12
13 17 8
20 0 23
3 6 3
3 7 42
21 23 3
4 7 36
17 21 21
22 1 19
14 18 1
4 8 48
1 3 33
3 5 19
5 8 13
7 10 38
23 3 19
22 3 32
13 15 18
20 23 43
9 11 36
22 23 5
2 5 2
5 9 33
18 20 32
13 15 48
4 6 1
20 1 39
12 14 47
10 13 22
6 9 7
21 21 49
6 9 8
3 6 15
8 9 25
2 4 16
6 9 29
6 10 27
23 2 9
3 6 31
1 6 25
15 17 8
16 17 37
10 14 16
3 6 38
6 8 12
20 22 34
9 12 29
0 3 17
16 17 21
22 2 5
0 2 6
20 23 22
11 14 26
19 21 25
3 5 40
1 4 2
0 3 13
1 3 7
20 23 5
13 16 17
12 16 29
15 19 23
2 6 42
22 1 4
23 2 33
8 10 14
7 10 32
19 22 29
15 18 36
19 21 47
12 15 1
21 0 6
8 12 31
12 14 45
13 17 39
9 13 41
4 6 20
13 17 44
0 1 10
5 9 43
18 22 25
10 13 32
17 18 34
14 18 16
10 13 35
15 18 39
6 8 38
19 23 28
6 9 5
9 11 34
6 7 25
8 11 11
23 3 29
11 15 12
23 1 33
14 17 41
8 11 49
6 10 8
10 13 25
23 2 8
3 6 12
13 18 45
3 4 1
13 16 34
19 22 10
22 2 16
15 18 2
18 21 5
20 23 37
17 20 17
10 11 40
5 8 39
14 17 40
11 14 27
22 0 23
4 10 1
4 7 39
7 11 34
13 16 47
23 2 38
19 23 33
18 20 29
2 4 35
14 14 12
9 13 18
20 0 39
20 1 48
22 0 31
23 2 11
22 1 29
20 23 48
16 21 5
5 7 14
14 17 31
16 20 8
6 9 49
0 4 45
5 8 3
2 6 3
7 9 27
14 16 12
23 1 22
5 9 31
7 10 5
15 19 7
8 12 37
12 16 10
10 13 15
15 18 24
13 15 13
19 23 40
1 3 13
15 18 43
12 15 29
13 15 33
2 5 32
10 14 37
5 7 13
18 20 16
12 16 47
12 16 43
1 5 23
19 23 30
3 5 31
8 12 45
5 7 32
23 1 22
19 21 31
1 4 1
17 20 25
18 21 25
17 21 30
20 23 32
13 16 10
8 12 39
4 8 27
9 14 11
17 19 49
10 13 15
15 18 47
10 13 47
10 14 6
16 19 31
15 16 44
20 23 30
13 14 11
23 4 37
23 1 35
16 18 17
12 14 18
15 18 31
1 4 30
4 8 44
22 1 32
16 18 47
23 2 2
20 0 19
7 12 5
21 1 43
14 17 17
13 16 2
7 10 21
16 18 42
3 6 42
3 6 26
9 12 29
8 9 28
2 5 14
5 8 1
4 7 30
11 14 19
9 12 6
19 22 48
19 23 19
13 17 13
9 12 34
7 9 25
7 10 45
2 6 30
17 21 47
19 22 9
12 16 36
14 18 33
10 12 5
2 6 13
1 4 19
16 19 28
6 10 13
12 16 48
23 1 27
13 15 37
22 0 13
1 3 15
10 14 15
10 13 18
9 13 12
18 21 29
10 13 25
12 14 17
21 0 8
19 22 42
1 3 45
23 3 27
3 5 22
9 11 14
2 5 28
7 11 37
22 2 27
4 3 15
1 5 2
14 17 4
4 7 14
19 0 7
6 9 7
17 20 31
23 2 2
9 12 1
14 17 39
4 7 45
22 0 21
18 20 46
3 5 43
13 16 49
7 10 23
3 6 48
5 9 11
10 14 1
0 3 19
12 15 5
4 6 40
12 16 1
9 11 10
14 17 48
8 11 27
15 20 4
22 2 48
10 13 21
7 10 18
16 19 18
9 13 33
6 8 18
4 10 34
2 5 23
18 21 26
14 16 31
19 23 31
0 4 7
21 22 8
0 5 22
20 21 2
8 9 17
14 16 20
6 9 38
10 13 31
23 2 18
17 19 36
8 10 15
6 9 25
13 14 6
10 12 14
5 8 2
14 16 47
22 1 7
3 6 33
7 10 3
8 11 28
17 20 42
15 19 11
20 0 46
19 21 33
12 14 23
12 14 21
0 3 16
19 23 13
19 22 39
1 4 27
15 17 1
18 19 40
10 12 47
23 3 6
17 20 39
22 1 20
2 5 27
16 19 47
10 13 2
17 20 49
17 18 13
0 3 32
17 20 44
20 23 40
17 18 36
3 7 3
6 9 18
16 19 49
10 12 11
7 10 1
2 5 25
1 3 8
19 20 40
7 11 21
0 5 32
12 15 12
17 19 14
8 12 29
18 19 44
3 7 34
10 13 4
22 2 7
1 3 14
17 19 28
7 10 13
7 10 25
15 16 36
18 20 36
7 9 13
19 23 6
6 9 45
12 13 33
10 14 5
15 18 30
20 23 48
8 11 33
5 9 6
5 9 9
17 20 5
10 12 15
17 19 6
4 5 3
14 17 22
10 14 24
2 4 13
21 23 35
10 15 9
16 19 35
7 11 34
12 15 29
9 13 6
22 0 6
1 4 38
15 20 23
0 2 4
9 13 30
4 8 25
5 8 41
22 0 35
12 15 3
2 5 26
23 0 7
22 1 11
11 15 24
7 8 18
6 10 45
16 19 18
6 10 37
8 11 33
22 23 20
0 3 3
21 0 38
15 16 40
8 12 35
2 4 22
21 0 27
14 16 24
0 3 7
10 14 39
15 19 49
21 1 40
13 16 2
0 4 4
15 19 42
15 19 3
3 7 30
16 20 25
16 19 40
0 4 40
10 13 12
23 2 10
20 22 26
18 21 10
5 7 10
4 7 18
0 4 9
7 11 13
11 14 32
21 1 14
20 22 15
15 18 32
20 23 19
20 1 16
5 7 41
14 18 31
2 5 40
14 18 6
8 10 29
4 8 42
22 1 43
6 9 33
14 17 44
17 20 39
13 17 34
16 18 30
19 23 13
5 6 1
7 10 44
18 22 26
13 17 41
16 18 27
3 7 1
6 9 12
7 11 8
18 21 46
2 3 47
8 11 46
4 7 10
0 3 46
7 11 28
22 2 22
7 10 27
8 11 20
18 22 5
5 7 7
6 10 28
4 6 2
15 18 5
21 0 32
13 16 29
23 3 26
19 21 35
18 20 42
3 6 39
4 7 24
6 9 6
20 23 11
4 7 10
16 20 2
19 0 15
4 8 36
5 9 34
1 6 31
13 18 5
6 8 15
10 13 29
12 16 38
21 0 6
8 10 39
15 17 13
6 11 2
12 18 6
7 9 8
18 21 7
22 2 12
2 4 48
16 18 24
20 22 32
21 0 17
7 10 41
3 7 8
20 23 29
16 19 37
5 9 26
14 17 35
2 6 16
3 4 23
23 3 41
2 3 32
8 11 22
11 14 41
7 9 16
13 16 33
6 8 47
12 15 19
1 4 13
20 23 22
3 6 42
18 20 25
9 11 34
14 18 47
5 9 30
23 2 21
16 19 2
4 6 10
6 8 11
13 15 1
10 15 35
2 5 41
14 17 41
9 13 38
14 18 34
1 4 44
23 1 35
20 22 39
20 23 19
16 21 12
23 1 7
15 16 31
4 7 11
18 20 13
16 17 44
18 21 19
0 2 20
15 18 48
13 16 6
14 17 22
11 14 1
19 21 36
7 10 21
11 16 17
13 17 8
10 15 48
10 13 31
14 16 20
21 1 5
23 2 14
14 18 2
3 6 18
14 17 18
11 15 45
2 4 10
23 2 13
20 22 6
11 13 43
9 12 44
12 14 5
4 7 38
23 4 43
11 16 48
4 5 30
11 12 7
14 16 18
4 7 33
9 13 35
23 4 17
7 11 25
23 0 2
13 17 34
15 19 14
3 6 38
23 2 47
15 19 33
13 13 15
17 22 6
7 11 36
1 5 32
18 19 35
12 14 13
9 10 5
7 8 25
15 18 11
5 10 28
12 14 9
9 10 49
15 18 2
21 1 28
16 20 27
14 18 45
6 8 48
13 15 12
16 20 31
6 10 38
20 22 1
2 5 33
2 6 41
20 0 8
2 5 8
16 20 32
6 9 29
22 1 25
7 10 20
10 12 44
13 15 46
12 16 35
14 17 5
3 6 46
20 23 27
21 0 40
8 10 44
6 8 47
4 9 45
0 4 31
20 23 21
4 6 4
6 9 27
20 21 45
11 14 10
15 18 44
9 10 32
6 10 21
9 12 47
21 0 48
23 2 36
2 5 10
2 5 14
13 16 44
21 0 31
13 15 30
11 13 22
4 9 27
18 20 33
5 7 49
10 15 32
10 13 40
14 18 31
7 9 44
8 11 34
18 20 26
12 15 23
0 3 43
8 11 10
6 9 21
18 21 14
7 12 45
23 4 29
11 14 10
8 10 1
23 1 24
17 19 43
23 3 4
15 17 40
1 4 1
3 6 28
5 8 30
12 14 26
19 22 1
6 9 8
23 3 6
13 16 7
20 23 22
8 13 49
21 2 39
5 8 27
16 19 39
10 11 4
6 8 8
14 14 17
4 6 30
16 19 7
2 6 35
7 11 22
14 18 9
11 13 30
20 22 38
6 9 29
20 22 46
5 9 48
20 21 45
13 16 22
10 12 15
5 8 16
13 16 48
12 13 42
20 0 44
9 10 21
14 18 48
5 8 12
20 23 19
8 10 31
1 3 35
14 16 26
9 12 31
8 10 42
11 16 33
19 21 37
9 12 41
9 12 30
22 2 20
12 15 19
16 18 39
17 18 41
21 23 41
22 2 13
16 18 10
14 17 41
6 11 8
22 0 42
21 0 36
19 23 44
2 5 48
18 19 3
18 21 12
9 12 36
22 1 40
23 2 36
9 12 19
13 16 16
8 12 22
11 13 43
10 14 8
16 19 40
17 21 1
2 5 5
5 9 40
7 11 31
16 19 45
2 5 24
2 5 39
10 14 26
4 9 45
3 6 9
1 2 18
19 22 38
18 22 30
22 1 3
9 12 4
6 10 17
15 19 37
13 16 37
23 1 11
21 1 20
13 15 3
19 22 31
19 22 23
4 7 36
14 17 4
22 2 34
21 1 39
2 6 23
8 11 2
4 9 46
1 5 5
6 9 7
11 14 19
13 17 45
23 1 36
2 3 24
5 10 6
17 19 30
1 6 22
19 22 37
13 16 16
7 10 44
2 6 44
21 23 33
22 1 24
14 18 39
23 2 47
13 18 27
3 6 16
7 10 38
15 18 45
17 19 26
16 19 33
21 3 21
13 15 10
15 18 44
23 1 39
22 0 9
8 12 12
7 10 33
22 1 40
8 11 1
1 3 45
17 19 8
17 22 16
20 23 11
22 3 3
22 1 49
13 15 13
15 15 11
8 11 29
11 16 39
12 15 14
7 11 1
14 18 37
20 23 12
21 1 29
12 15 14
7 11 45
9 12 9
13 17 42
8 11 36
6 10 11
0 3 10
23 2 44
9 12 10
8 11 37
20 22 33
19 22 20
20 0 27
12 15 13
3 8 11
14 17 49
1 2 29
11 14 23
3 6 27
1 4 3
16 21 20
5 8 35
19 21 8
20 21 35
17 20 38
6 8 39
5 6 28
8 13 6
2 5 11
3 5 31
21 1 49
16 20 47
2 3 15
18 21 19
15 19 15
2 5 45
23 1 25
19 0 45
16 20 7
12 15 25
21 2 9
13 15 6
20 22 48
13 16 20
17 22 31
16 19 48
21 23 26
8 13 26
23 1 14
2 5 11
11 13 32
5 9 45
17 22 3
3 7 42
23 2 41
5 9 6
5 9 38
16 20 29
0 4 26
21 0 44
9 11 27
15 18 3
15 19 24
21 0 19
12 13 19
17 19 2
20 23 5
4 7 4
0 2 34
23 3 6
7 11 17
12 14 7
13 17 8
10 13 29
1 6 20
18 21 39
12 15 9
19 23 16
1 4 19
3 7 21
7 10 5
20 23 30
14 18 49
20 22 2
17 20 18
17 20 47
7 11 3
2 5 41
3 5 46
22 2 27
11 16 2
21 0 35
9 12 47
22 2 40
17 21 26
14 17 42
10 10 27
5 8 25
19 23 44
7 9 25
21 0 48
16 19 14
11 14 49
7 10 29
2 5 12
23 3 16
11 14 9
19 23 29
20 0 35
10 14 36
11 14 3
20 23 32
23 1 45
4 8 5
8 12 11
10 12 25
5 7 12
16 19 14
8 10 38
11 14 34
23 3 9
16 17 31
20 23 49
0 4 43
7 11 47
2 4 9
1 4 24
4 7 37
8 11 11
16 19 47
13 16 45
12 14 43
8 12 46
10 13 42
22 1 47
18 21 17
13 16 7
5 10 16
8 12 21
15 18 10
14 18 16
7 11 38
22 1 29
4 6 17
17 20 29
4 7 35
8 12 18
16 19 47
16 19 45
5 6 41
11 15 47
5 9 49
13 16 28
7 9 29
3 6 20
1 2 37
3 5 20
14 18 47
4 6 46
1 6 1
19 22 49
0 2 10
5 9 31
16 19 32
21 1 38
6 7 16
14 17 44
22 1 26
11 14 6
17 23 4
18 22 31
0 4 33
11 15 10
17 21 15
20 22 48
10 13 26
3 6 1
17 19 16
0 2 8
6 9 7
4 6 36
19 23 36
5 7 1
14 17 36
15 18 36
14 17 43
8 12 2
3 6 3
1 6 42
16 19 23
2 5 38
3 7 45
20 23 11
23 3 35
10 14 8
14 18 41
20 2 20
18 21 25
9 15 10
19 23 45
15 18 35
23 1 16
14 17 39
12 15 17
22 1 43
0 4 21
17 20 47
15 19 20
18 21 8
19 22 31
13 16 47
23 1 44
16 19 13
4 8 37
15 18 41
17 19 47
13 17 2
7 9 7
23 1 31
19 22 30
0 3 46
13 17 4
22 1 44
18 20 39
4 6 2
20 23 3
21 23 14
3 6 29
14 17 27
17 19 44
14 16 41
5 9 45
3 7 9
13 16 25
8 10 15
8 10 47
9 13 17
3 6 18
11 12 26
14 16 13
18 21 8
6 9 1
5 7 8
7 9 31
18 22 44
13 18 4
18 22 35
2 4 32
22 1 32
2 4 47
0 3 4
3 6 6
18 21 31
2 4 22
13 15 13
7 9 31
23 1 12
23 1 46
10 13 47
12 14 48
2 4 1
6 6 29
22 1 35
4 6 26
20 0 41
9 11 32
20 23 7
18 22 43
17 20 18
0 3 46
15 19 37
17 21 17
6 9 20
7 9 34
7 10 12
9 11 48
21 0 15
14 16 45
13 16 5
9 12 49
7 9 46
4 7 8
6 9 3
10 13 38
3 5 8
16 19 4
4 9 34
5 7 22
13 16 30
12 15 31
20 22 15
10 12 45
10 12 22
5 8 40
3 8 39
9 11 30
4 6 32
9 12 31
17 20 36
12 17 22
17 20 26
14 17 24
22 0 1
0 4 20
5 8 44
1 5 31
19 20 48
5 8 13
18 21 28
14 17 22
2 5 37
7 10 24
8 10 25
18 20 23
1 5 35
18 21 41
22 23 41
10 13 18
6 8 6
10 15 44
23 1 16
17 20 22
3 6 33
16 20 46
16 20 30
18 21 20
20 23 27
17 20 38
15 18 38
18 22 47
14 17 30
22 2 46
23 3 49
2 2 31
0 4 27
12 14 14
20 23 16
12 13 33
3 4 45
20 0 12
2 4 8
1 5 1
6 8 7
18 22 30
21 23 48
15 18 28
6 9 22
7 10 16
13 16 9
5 8 32
18 19 36
15 19 16
9 11 5
13 17 12
19 23 46
9 12 35
23 3 26
19 22 3
10 15 25
10 14 40
12 16 16
19 0 22
15 19 22
20 0 37
0 5 47
18 21 25
0 2 16
17 20 11
1 4 37
23 0 10
16 19 2
17 19 26
6 8 11
1 3 39
16 20 41
19 22 31
5 9 25
8 11 44
10 12 31
4 7 20
17 20 26
15 16 39
20 0 30
23 1 32
23 2 37
4 5 4
12 13 26
17 21 21
17 19 41
9 12 35
0 2 46
3 5 6
9 12 48
20 23 37
8 11 41
22 1 6
4 6 11
23 3 22
21 0 37
11 14 33
3 8 38
9 14 39
10 12 47
11 15 3
7 11 36
9 12 1
8 13 38
13 17 32
2 6 22
9 12 2
6 10 14
1 4 21
19 22 43
15 18 3
11 12 41
9 12 21
15 19 47
16 20 15
1 7 12
8 10 16
7 12 31
0 5 9
18 21 24
4 7 23
5 9 29
16 20 25
15 19 4
1 4 10
3 6 1
9 12 31
6 8 35
8 11 32
10 15 17
2 3 35
12 14 7
9 11 11
12 15 23
23 1 7
6 9 47
3 7 47
14 17 7
15 19 33
14 17 10
13 16 27
14 17 14
7 11 36
22 0 40
1 4 32
7 10 30
9 12 18
20 22 7
23 1 42
12 15 20
15 16 42
0 3 15
22 1 14
17 19 49
16 18 17
14 17 24
21 0 19
18 20 15
12 16 11
8 11 35
6 8 13
8 12 17
17 20 39
16 20 21
19 22 33
6 7 2
9 13 37
8 13 39
11 13 10
7 8 40
16 20 26
15 20 14
9 11 32
5 9 46
0 1 45
10 12 43
11 15 8
3 3 34
11 14 17
15 17 33
15 19 44
0 4 35
23 0 8
22 1 23
15 18 46
10 13 27
12 16 44
9 12 32
22 0 11
10 11 36
15 18 22
3 6 20
9 11 34
8 11 24
18 21 36
11 12 33
5 8 5
2 5 9
1 5 17
16 19 34
5 7 48
22 1 9
10 14 37
19 23 46
8 12 48
19 22 20
20 21 1
0 3 6
12 14 28
6 8 21
17 21 30
17 20 27
10 12 26
13 17 47
8 12 10
8 10 28
3 6 36
12 14 34
6 9 16
11 13 16
7 10 8
16 18 41
12 14 32
5 9 13
2 5 2
2 7 1
1 4 39
3 8 2
1 4 20
4 6 43
20 23 21
3 5 26
7 11 32
20 23 15
22 1 25
12 16 43
3 6 41
7 9 41
15 19 13
13 18 28
13 16 22
4 7 19
0 4 39
19 23 34
23 2 11
20 23 38
7 9 14
11 13 17
16 19 35
6 8 46
12 17 38
23 0 35
3 5 27
13 17 24
1 4 34
17 20 5
2 5 5
14 15 40
19 22 26
10 15 33
22 2 38
13 16 2
10 12 18
11 13 28
1 4 28
18 20 38
5 9 3
21 23 36
23 2 25
13 14 43
6 9 42
1 4 45
4 7 49
13 17 32
6 8 20
7 10 30
20 22 4
4 8 28
15 19 5
16 19 43
3 5 48
3 5 29
3 7 13
5 10 20
13 15 32
0 3 36
4 8 23
4 8 8
15 19 39
12 16 7
14 18 30
19 21 20
6 11 31
18 21 45
14 16 47
21 23 14
23 3 27
3 6 42
6 9 9
18 21 44
10 13 48
2 5 42
16 19 35
21 1 23
13 15 44
9 11 7
16 21 20
1 5 24
13 16 15
6 10 14
0 2 43
22 2 23
12 15 19
15 19 30
17 19 16
3 6 8
16 19 14
2 6 38
4 6 48
21 0 7
19 22 46
3 6 47
11 13 4
5 8 29
12 14 19
5 8 10
3 6 3
2 6 41
0 2 47
5 7 25
13 15 23
21 0 44
1 4 2
12 14 5
23 2 1
16 19 10
13 17 33
19 22 21
14 18 16
22 0 27
13 16 15
1 6 30
20 23 19
7 11 46
7 10 34
17 17 49
18 20 28
9 11 27
3 5 43
8 12 32
13 16 40
5 5 30
5 9 3
5 7 3
12 16 34
5 11 47
13 17 29
9 11 38
18 23 13
0 2 22
2 6 39
23 1 27
3 5 16
4 8 42
5 7 13
17 20 27
15 17 43
16 19 36
16 18 23
7 9 21
6 9 30
16 19 35
11 14 17
13 16 17
11 14 32
23 3 1
22 3 30
0 2 43
18 22 47
6 9 11
23 1 15
22 0 27
22 1 13
0 5 15
5 7 24
13 16 12
5 7 39
3 6 13
22 2 44
3 5 20
18 21 20
8 11 36
4 7 48
21 22 15
8 10 38
2 3 27
21 23 35
15 18 24
1 7 43
18 21 28
5 7 41
16 19 3
1 4 25
21 23 36
21 0 16
12 16 16
17 21 49
6 10 15
1 3 19
23 3 27
4 8 11
1 3 10
23 2 18
22 0 4
7 10 13
4 8 31
18 21 45
1 4 47
19 21 18
3 6 1
17 18 26
16 20 45
13 14 18
18 23 49
8 13 23
5 10 11
19 23 1
18 21 14
2 4 36
10 12 14
4 5 4
22 2 22
14 18 29
21 1 25
19 22 31
1 3 49
1 4 17
13 16 41
3 7 9
7 10 32
17 21 42
15 18 4
22 1 33
5 7 30
0 3 5
8 10 37
13 17 6
8 13 43
6 9 20
17 22 21
6 9 21
13 16 42
11 14 20
7 10 8
1 3 17
11 14 49
3 7 24
13 16 24
5 5 14
20 0 24
18 20 44
11 14 29
10 13 13
19 22 15
18 21 35
3 7 8
13 15 44
5 8 20
4 5 48
4 8 47
3 7 34
7 11 19
20 0 34
9 12 19
14 18 9
7 10 37
3 5 11
6 9 14
0 3 16
18 22 20
11 15 49
21 0 41
7 9 10
8 11 29
7 12 18
21 1 44
15 19 32
2 4 23
23 1 32
16 20 42
0 3 18
23 2 4
7 9 34
20 23 32
17 20 49
3 5 30
3 8 7
9 11 47
20 0 13
2 6 29
15 17 3
16 17 18
23 2 47
23 2 46
2 6 34
23 2 33
1 3 32
5 7 39
10 12 6
13 15 48
1 5 22
12 16 15
0 4 15
4 7 41
3 5 11
11 15 45
5 8 34
1 3 33
14 17 23
17 19 1
0 4 17
3 6 48
7 11 17
4 7 47
7 9 19
11 14 35
17 20 29
6 9 12
7 9 37
20 23 18
10 14 47
9 12 3
12 15 32
18 21 14
16 19 41
22 1 40
9 12 1
19 0 22
16 19 23
3 6 43
18 21 16
14 17 26
9 11 20
4 7 44
3 6 11
3 5 24
17 20 10
10 12 29
16 20 32
4 8 43
10 11 8
9 12 15
2 5 9
15 17 28
11 15 26
9 11 32
12 13 46
0 3 42
22 0 46
18 21 7
15 18 35
12 15 4
12 14 19
21 23 29
9 12 16
19 20 8
12 14 2
12 14 31
14 17 36
19 22 13
6 9 7
8 12 27
9 13 40
5 8 49
5 8 44
2 6 30
14 15 21
5 9 36
0 4 35
12 17 6
4 8 7
13 16 10
14 16 39
0 2 28
2 5 11
4 6 5
13 16 3
16 19 10
18 20 11
23 2 5
19 23 3
19 21 23
22 2 14
20 0 9
7 10 43
13 16 3
17 19 21
18 20 23
2 6 10
11 15 49
18 20 30
7 7 26
22 0 3
11 14 8
17 20 3
7 11 45
18 20 10
7 11 32
12 16 3
19 23 48
6 8 6
13 15 4
10 13 8
14 16 42
1 2 4
5 9 48
22 2 19
14 17 45
7 9 37
16 19 42
4 7 20
12 14 37
6 9 14
20 0 29
3 8 11
9 12 41
3 7 12
11 13 44
16 18 4
18 23 20
13 15 9
22 3 49
16 19 42
4 7 46
9 12 45
8 10 9
6 9 46
12 16 36
20 0 44
11 13 37
5 8 37
17 19 43
17 22 12
22 1 1
0 5 29
19 21 16
7 11 47
19 20 33
17 20 38
0 2 39
10 13 20
3 5 2
4 8 9
22 1 2
9 11 7
16 20 10
6 9 32
13 16 34
7 11 27
10 14 6
22 1 22
15 16 21
1 4 7
10 13 44
12 14 25
20 22 44
4 8 22
7 9 17
3 6 3
8 12 19
7 12 13
8 11 16
3 6 17
17 18 28
22 3 22
0 4 3
13 16 14
2 5 34
23 2 49
5 9 28
13 17 36
23 4 12
22 0 44
18 21 48
9 11 30
7 11 42
10 13 31
22 2 26
15 19 40
14 17 38
8 10 9
15 16 44
0 6 12
15 18 11
1 3 43
9 9 8
3 5 24
9 12 7
13 16 9
17 21 14
21 23 15
2 6 24
16 18 11
15 18 47
11 14 14
14 17 47
7 10 11
14 17 16
19 21 48
17 20 48
3 7 17
1 3 45
2 5 19
9 9 4
5 8 8
0 2 9
1 3 17
10 14 32
8 10 43
23 2 32
22 3 17
14 18 23
11 14 12
17 18 14
2 5 36
8 10 22
19 23 32
3 6 40
17 18 23
8 11 2
2 6 44
18 20 17
5 9 25
17 20 37
14 18 1
8 10 34
11 15 46
18 21 21
8 11 21
21 22 42
2 4 17
3 4 18
18 22 16
0 2 22
18 21 11
16 19 49
0 1 23
16 19 37
6 7 5
9 13 17
11 15 38
19 1 16
19 22 25
22 1 4
2 6 3
5 7 1
8 9 8
19 22 25
4 7 44
17 20 20
8 12 2
20 0 20
16 18 18
10 11 9
2 6 14
16 20 20
6 8 19
18 20 6
3 5 40
23 3 11
21 22 32
23 3 30
19 21 34
22 1 29
19 21 35
16 19 40
6 10 47
11 13 18
7 11 28
10 12 29
3 5 3
16 18 8
14 18 19
3 6 31
16 19 37
10 13 27
20 23 28
1 4 45
1 3 14
0 2 25
2 5 2
18 21 4
23 2 23
3 8 2
13 17 5
3 8 47
9 12 28
22 2 16
0 4 10
6 9 29
4 6 26
23 2 35
0 2 43
3 7 26
15 18 2
22 3 42
17 20 47
14 17 9
15 18 16
4 8 21
0 4 13
6 8 11
16 18 47
1 4 13
15 19 11
15 18 46
9 13 26
0 3 48
12 16 28
23 3 18
17 20 24
14 15 8
0 3 41
19 22 15
15 20 12
12 15 10
9 12 46
15 20 11
19 0 18
5 8 46
4 7 14
3 7 18
14 17 37
16 19 22
23 2 5
0 3 32
2 4 34
11 15 38
8 12 29
15 19 12
6 8 45
23 2 32
8 10 34
12 15 49
11 14 35
3 6 19
6 8 44
12 14 21
18 21 18
8 11 49
23 2 9
7 9 25
19 23 21
19 22 3
9 11 16
11 14 14
2 5 7
22 23 22
9 14 24
10 13 10
11 14 20
3 6 1
10 13 48
20 22 10
12 16 40
22 1 42
23 1 47
15 18 18
23 3 34
7 9 42
9 13 17
19 22 48
13 15 26
7 10 38
9 13 21
15 18 17
1 1 2
22 1 43
3 6 27
14 17 29
19 22 5
1 4 10
2 3 10
1 6 27
19 21 36
17 21 37
1 3 13
13 14 31
19 23 30
19 23 25
17 21 10
1 4 24
17 22 19
22 2 22
1 6 43
4 8 35
3 6 5
20 23 34
13 18 20
5 6 24
17 20 15
22 1 5
11 14 44
3 6 17
11 15 17
13 16 1
5 8 38
17 21 42
8 11 48
22 0 19
18 22 47
6 7 8
17 20 39
23 2 12
20 0 12
8 10 6
5 9 11
18 20 47
13 16 16
6 9 15
6 9 43
14 17 2
23 1 21
9 12 3
11 14 27
18 22 38
8 11 12
10 13 21
16 19 33
22 2 27
7 9 2
16 17 42
16 18 26
13 15 49
1 4 3
2 7 8
9 11 22
16 19 5
18 20 43
15 19 41
22 1 49
18 22 42
9 13 23
1 2 12
13 16 48
7 11 2
11 13 16
22 2 45
1 6 38
2 3 1
12 15 27
20 22 4
23 3 18
23 2 12
15 18 4
2 5 35
6 10 3
2 6 48
5 6 16
16 18 32
2 6 43
10 11 7
2 5 15
9 12 13
0 4 42
18 21 13
22 1 18
15 17 25
3 6 3
23 3 8
18 21 35
23 2 12
1 6 30
5 7 36
13 17 26
5 9 26
23 1 39
3 7 9
14 18 31
9 12 49
5 8 5
21 1 12
19 21 47
11 14 36
13 18 28
22 1 24
10 14 8
14 16 35
2 6 41
6 13 41
5 6 10
5 7 37
8 10 42
5 6 3
4 8 34
7 11 25
23 2 4
1 3 5
15 19 10
20 0 43
8 12 25
19 21 36
7 10 46
18 23 35
8 12 2
15 19 15
10 13 18
10 15 21
12 13 26
14 16 10
17 19 31
0 4 31
21 23 14
15 18 4
3 6 35
7 11 49
2 4 18
6 8 8
20 22 10
22 1 38
14 18 12
0 1 45
9 12 31
6 8 31
18 21 5
15 18 32
17 20 38
8 11 16
20 22 5
7 11 2
22 1 24
7 12 4
17 18 33
8 11 13
17 18 5
18 20 40
12 15 34
3 7 30
3 7 8
0 2 29
17 20 44
0 5 10
11 14 23
0 2 34
9 11 22
3 8 45
10 13 30
13 15 24
4 8 43
2 5 38
8 11 27
18 22 16
10 12 39
22 1 36
23 1 44
13 16 24
5 8 33
13 15 13
7 8 29
4 6 13
3 5 23
10 13 33
14 18 35
18 22 21
5 8 1
7 13 9
3 5 26
21 23 27
16 19 10
6 7 19
8 12 27
19 21 28
16 18 22
15 18 38
6 8 10
20 22 2
17 20 9
2 5 48
20 23 37
23 0 35
21 1 8
16 20 35
2 5 43
1 5 41
7 10 21
17 19 23
5 9 13
1 4 24
19 21 5
5 8 2
16 18 44
0 3 26
17 20 35
3 7 6
3 7 43
19 22 19
11 12 20
2 5 43
12 15 4
12 15 16
7 10 35
17 21 47
11 12 15
9 12 13
6 7 46
17 21 25
4 7 42
7 13 4
20 22 5
4 7 32
3 6 20
12 16 42
18 20 14
21 0 8
22 1 29
4 6 47
3 4 12
9 13 23
11 15 28
11 14 10
1 2 11
9 12 26
23 1 5
15 19 4
2 6 24
11 13 15
9 13 41
8 11 17
2 5 1
23 0 6
3 5 39
13 18 12
11 13 37
17 20 6
10 15 11
17 21 4
9 11 12
7 10 30
11 15 46
13 17 26
1 5 22
20 23 13
1 5 48
23 3 42
3 6 7
12 16 11
13 18 37
3 7 2
23 2 3
20 23 25
16 20 13
20 23 28
20 22 19
8 11 31
0 2 46
10 11 11
18 22 8
5 8 32
21 2 34
6 10 28
22 1 9
22 2 29
18 21 26
21 1 17
23 1 8
23 3 32
20 1 16
15 19 2
7 10 23
18 21 30
7 9 13
22 1 47
1 4 31
2 6 48
17 20 35
5 7 14
1 5 37
23 2 42
13 17 3
17 20 41
16 20 18
20 23 8
5 8 38
18 22 2
2 6 13
2 5 41
15 18 35
6 11 41
17 19 2
0 4 25
10 11 26
22 1 3
7 9 5
11 15 36
3 5 1
12 15 10
22 2 39
21 0 1
20 23 6
9 12 6
0 3 37
12 14 27
19 21 5
10 12 23
18 22 23
19 21 13
5 7 1
12 16 15
11 15 18
15 17 19
19 23 49
8 12 25
5 9 8
16 20 43
23 1 24
19 21 22
20 22 31
21 0 20
8 12 42
19 22 21
12 15 28
11 14 18
6 7 29
3 7 25
14 17 32
1 4 48
20 1 19
23 1 2
15 17 38
6 9 3
16 18 34
2 2 18
0 4 19
22 2 34
13 14 24
12 15 32
5 6 18
17 20 10
6 10 43
22 1 8
9 12 14
22 0 20
15 18 42
2 5 29
7 11 39
19 23 43
1 5 18
17 22 46
16 19 6
6 10 46
2 6 32
10 13 10
23 1 45
4 9 49
6 8 45
19 22 8
7 9 19
2 6 39
5 8 16
9 11 7
7 8 29
7 11 48
3 6 21
20 0 25
0 2 37
21 0 16
15 19 35
12 14 42
8 12 49
22 0 19
23 2 12
2 3 44
10 14 27
0 3 1
8 12 4
13 17 33
11 14 29
23 3 34
19 21 31
15 19 26
9 13 39
19 21 44
23 3 30
17 20 16
12 15 42
17 21 34
6 8 21
13 14 44
9 12 36
4 8 49
20 0 12
3 6 3
9 13 8
14 18 41
22 1 28
7 9 2
9 12 22
11 13 18
11 15 42
2 6 38
19 22 23
12 16 30
3 5 20
20 23 31
6 8 2
23 3 38
5 8 23
6 7 34
18 20 28
13 17 42
20 0 22
18 19 46
1 5 43
1 5 27
6 8 19
22 2 40
11 12 27
14 17 44
2 6 25
22 1 20
23 3 2
3 7 7
5 8 35
20 0 25
11 13 44
1 3 16
18 22 3
2 3 45
16 19 26
6 9 49
4 8 33
7 11 1
16 21 46
19 22 35
5 8 36
17 20 35
22 0 41
9 10 31
23 4 16
7 11 35
12 16 22
6 8 40
18 21 11
15 17 36
2 5 24
21 1 8
2 7 4
7 10 2
22 23 10
20 23 3
19 22 40
20 0 4
23 2 6
17 21 20
4 7 18
9 11 26
8 12 46
4 7 7
21 1 15
20 0 44
19 22 10
8 12 5
21 0 26
22 1 5
15 17 1
8 13 1
14 17 3
19 22 2
0 4 48
22 0 38
20 22 16
11 15 21
6 6 13
23 1 6
22 1 25
13 17 15
3 8 21
23 1 34
23 2 40
15 18 20
10 14 20
11 13 31
4 6 5
1 3 31
18 21 48
5 8 6
7 10 29
11 14 23
20 1 10
5 8 22
13 15 33
16 21 40
20 23 5
12 13 37
6 9 33
1 4 41
21 0 42
18 20 24
4 7 38
22 0 31
23 4 6
2 5 43
9 10 5
17 20 30
7 11 23
17 19 37
8 11 3
9 14 34
13 17 48
7 10 41
0 3 15
2 5 12
12 15 25
17 19 25
18 20 46
15 19 36
23 3 35
0 3 9
16 19 27
22 3 26
23 2 33
20 22 49
23 1 1
20 23 42
3 7 21
8 10 28
7 12 46
0 3 27
6 10 10
10 14 28
18 23 23
5 9 12
17 20 2
4 7 20
5 8 6
7 11 21
23 2 30
9 12 3
18 20 5
5 9 11
3 5 35
6 8 31
15 17 2
23 4 38
22 1 49
1 3 2
3 6 26
18 19 13
13 16 23
11 12 47
14 18 26
8 10 18
14 18 26
19 19 40
13 13 36
17 19 34
9 12 2
1 5 17
22 2 12
8 11 33
4 6 9
10 13 46
6 11 32
14 19 24
5 9 24
13 16 32
4 6 20
23 2 10
21 1 16
3 6 36
17 22 49
16 20 36
0 2 14
8 11 19
20 23 26
20 23 13
3 6 19
11 12 13
18 22 7
17 21 20
7 11 13
8 10 2
7 7 11
1 4 15
3 5 4
11 13 18
12 16 17
3 7 43
11 13 49
1 5 39
23 3 16
17 20 42
8 10 32
9 13 34
6 10 39
4 7 5
21 1 20
2 4 42
16 19 19
2 4 45
12 15 8
4 7 38
13 16 38
12 15 32
16 21 29
1 4 49
22 1 19
3 5 33
14 15 42
5 6 26
5 9 36
5 8 18
16 19 17
21 0 37
23 1 32
23 2 8
22 1 27
4 7 42
9 12 48
4 5 47
16 18 21
15 18 25
23 3 15
8 11 45
0 3 44
20 22 4
21 0 28
8 11 7
2 5 11
11 13 48
4 8 19
12 15 35
12 15 42
0 5 41
13 15 4
1 5 32
7 9 9
3 4 39
18 22 42
14 16 22
18 21 25
5 7 26
7 10 37
15 17 45
11 15 34
6 9 10
15 19 9
9 13 17
21 1 24
21 3 46
21 23 44
18 20 9
2 6 22
18 21 34
16 19 24
23 2 34
11 13 17
8 11 34
17 19 47
12 14 44
17 20 5
11 15 27
15 18 46
4 6 5
2 4 10
6 9 19
22 1 29
7 10 19
16 19 17
16 20 17
19 22 19
17 20 18
11 14 2
2 5 35
12 15 7
18 21 19
11 14 12
6 9 25
21 2 35
4 8 30
3 6 38
19 21 6
6 8 13
0 3 3
2 4 14
22 2 27
3 5 4
20 23 39
17 20 35
20 23 8
21 22 49
8 10 31
19 22 37
21 23 17
6 8 9
4 7 35
4 8 4
21 0 13
16 21 25
16 21 36
14 17 20
20 23 22
19 22 46
14 16 44
1 5 12
3 5 16
6 9 1
5 7 13
14 17 40
22 1 21
20 21 27
19 22 25
22 1 32
8 13 35
12 15 37
5 7 16
9 13 36
23 1 9
0 2 45
21 1 10
21 23 44
21 0 2
16 20 47
21 0 9
4 6 33
20 0 24
11 13 46
2 5 6
15 18 33
16 22 18
6 11 21
11 14 16
23 1 6
16 20 6
9 12 27
11 14 40
4 5 40
3 5 1
16 21 40
6 11 1
11 14 28
14 17 49
16 20 13
17 20 30
18 22 11
22 2 6
21 23 20
8 10 11
11 13 24
16 19 9
22 0 39
23 1 36
23 2 47
4 6 21
22 2 18
0 4 38
8 9 17
0 3 45
10 13 18
10 12 27
3 5 36
3 8 3
1 5 30
19 22 4
14 15 49
4 7 47
7 10 12
17 21 32
17 21 22
4 7 49
1 5 27
2 6 12
1 5 25
19 22 27
9 13 20
17 21 37
18 21 48
12 15 40
5 10 7
0 3 40
13 17 28
6 10 43
23 3 19
13 17 28
21 22 46
8 11 37
3 5 49
5 8 2
10 13 13
5 8 48
20 23 40
17 18 35
1 3 10
21 1 24
11 12 11
2 5 7
22 0 31
22 2 19
16 21 3
2 5 48
0 3 11
16 19 44
4 9 41
2 5 36
6 10 33
12 15 31
4 6 15
21 1 13
5 7 20
6 11 7
4 7 28
12 15 35
14 17 35
13 16 16
2 5 39
21 2 21
17 20 15
20 22 5
18 21 15
23 2 36
9 12 40
7 8 29
11 15 30
15 19 23
10 13 9
18 21 22
13 17 33
16 21 43
19 21 43
3 5 11
4 7 21
15 17 40
3 6 43
15 18 8
14 18 16
20 23 28
1 3 10
1 4 22
19 23 34
20 22 27
8 11 19
13 15 46
10 13 18
12 14 28
15 17 40
4 9 10
3 8 27
1 5 16
13 16 31
6 8 44
19 22 19
18 21 19
0 3 47
10 12 7
8 12 27
11 14 33
16 19 16
3 6 3
13 17 23
23 2 36
13 17 47
5 8 28
17 21 4
1 4 2
19 23 48
20 22 9
21 0 24
19 22 14
8 12 18
5 6 27
9 11 6
4 8 13
18 18 10
16 19 22
6 8 26
14 19 2
8 12 4
7 10 8
17 19 31
9 13 21
3 5 14
14 16 16
2 3 4
5 8 44
3 7 46
4 8 8
10 13 32
9 11 21
22 1 3
23 1 34
8 11 21
19 22 23
13 17 24
21 0 32
7 11 14
14 19 17
13 15 10
10 13 49
21 23 18
6 10 43
23 3 26
3 6 36
8 12 1
7 9 39
22 1 35
1 4 44
13 16 46
22 0 46
22 2 23
13 16 49
18 20 46
15 20 38
1 5 16
23 3 15
6 9 23
22 0 30
14 18 45
22 0 6
10 13 48
18 19 29
1 2 21
15 17 7
4 7 1
9 13 18
1 5 47
9 11 10
22 1 36
