3000 30
5 30 26 15 6 24 25 16 25 6 23 20 30 1 6 17 2 16 23 23 19 14 4 23 24 16 9 29 14 17 
22 1 17
8 10 3
20 1 1
4 4 7
22 0 28
23 2 1
6 10 27
2 5 2
2 4 22
9 13 13
7 10 27
8 11 21
21 0 20
11 14 14
10 13 14
7 11 24
4 7 20
9 13 3
16 19 29
17 20 17
6 9 19
20 23 22
4 7 28
15 19 5
14 17 23
21 23 7
23 3 15
2 5 12
1 4 6
4 8 3
15 17 14
13 15 14
6 10 7
18 20 23
20 23 29
5 9 27
1 5 27
18 22 18
19 22 24
7 11 21
23 0 21
5 9 18
19 23 11
18 21 26
22 23 27
19 23 5
4 7 8
16 19 22
11 13 6
14 16 11
8 12 17
1 3 15
19 22 21
20 23 21
22 1 29
22 23 20
13 16 28
7 9 1
5 7 20
4 7 11
14 17 2
15 19 13
4 6 28
15 19 18
21 0 11
12 13 8
2 4 3
10 12 25
4 8 13
23 2 30
2 5 23
8 9 14
12 16 16
12 15 14
18 21 27
8 10 25
1 3 26
6 8 14
7 9 8
3 5 25
2 5 23
17 20 8
11 13 6
0 3 30
11 13 1
16 19 4
22 0 8
13 17 5
23 3 21
10 14 20
0 2 22
1 5 24
12 15 16
11 14 14
8 11 29
23 2 6
18 19 15
21 23 9
8 12 7
14 15 6
14 18 12
15 17 14
6 9 4
18 19 7
16 20 22
12 16 4
18 21 29
2 5 14
3 6 9
16 18 22
13 16 28
18 22 15
2 8 12
3 6 5
10 13 22
16 20 5
12 14 14
0 2 12
23 23 28
3 5 1
7 10 26
13 14 19
11 13 21
20 21 1
20 22 17
14 15 24
14 18 15
2 4 17
8 10 23
16 18 16
4 8 11
4 6 17
3 6 21
11 15 23
10 14 7
20 23 24
12 14 7
9 11 9
20 23 2
8 10 1
14 17 7
10 12 21
18 22 25
19 0 22
10 13 24
9 12 24
5 10 9
16 20 4
5 10 28
7 11 16
18 20 12
3 6 21
6 9 24
11 13 4
3 7 25
14 17 29
8 12 1
21 2 30
2 4 7
8 10 10
13 17 16
21 22 19
8 12 29
15 17 10
12 15 7
2 4 16
1 5 7
2 6 28
17 20 8
19 22 17
11 14 24
8 11 12
13 16 12
2 6 13
16 20 27
16 19 15
17 19 19
21 2 2
8 11 3
12 14 29
0 3 27
0 5 14
16 19 4
0 2 6
19 23 3
21 23 20
8 11 10
14 19 19
8 11 5
17 19 13
20 23 20
7 10 29
5 9 26
20 23 17
10 13 8
6 9 24
10 14 14
16 19 11
4 8 15
22 0 14
21 1 18
5 8 8
0 2 30
4 8 11
4 7 26
21 1 8
12 14 25
22 3 10
10 14 3
17 22 25
14 18 4
8 11 22
5 8 18
18 21 21
23 2 30
2 6 24
21 0 20
15 16 19
4 7 30
11 14 12
21 1 17
23 1 13
0 3 18
23 1 6
1 3 6
9 12 23
3 6 27
11 14 1
8 8 12
19 23 30
23 1 4
20 22 4
21 1 13
16 19 13
21 22 20
21 23 10
10 12 30
0 3 13
21 23 15
18 21 27
18 20 15
16 21 8
19 23 20
15 17 18
5 5 8
1 4 13
9 13 26
13 17 3
3 5 23
19 22 25
9 13 29
12 16 4
21 0 2
23 3 4
16 18 23
10 14 19
9 13 14
9 12 29
9 11 8
5 8 18
17 21 13
3 6 22
18 22 27
6 9 22
15 18 27
7 10 10
20 23 13
13 17 13
17 20 12
15 19 22
0 2 27
15 18 20
9 13 20
4 6 4
16 19 26
0 2 10
8 10 20
16 20 30
16 18 29
14 17 28
7 10 19
6 10 24
0 2 14
7 11 22
1 3 17
9 13 19
11 13 4
16 20 28
21 23 29
22 0 22
2 4 18
1 5 5
16 21 22
3 6 19
5 8 26
23 2 18
3 5 15
20 23 26
19 23 30
7 9 18
14 16 6
15 18 12
9 12 17
23 2 2
13 15 25
20 0 15
14 18 16
21 23 13
6 10 4
20 0 26
7 10 21
7 10 28
7 11 7
16 18 6
14 18 27
23 3 13
9 12 9
0 3 12
0 3 7
2 7 28
0 3 15
11 12 20
1 3 4
0 3 1
20 23 17
20 22 17
11 14 30
2 5 23
18 21 16
7 10 2
6 8 19
2 6 17
7 9 10
15 18 11
4 9 13
0 4 14
5 8 9
17 21 19
15 18 23
3 7 28
7 9 13
5 9 27
9 11 9
18 23 30
4 7 28
6 9 30
14 17 28
23 0 9
12 16 3
15 17 9
0 1 8
15 19 8
2 6 26
16 19 13
11 14 28
0 3 22
4 5 12
6 9 3
9 12 30
21 0 7
16 19 10
6 9 25
12 14 27
23 2 29
18 21 1
23 1 6
14 16 23
3 6 28
11 14 2
17 20 14
20 21 17
11 14 13
0 4 20
8 10 6
2 3 16
14 17 27
20 23 13
1 4 29
20 0 14
12 15 15
8 11 12
13 17 8
7 8 11
23 3 20
21 0 18
3 6 6
7 9 10
9 14 24
7 10 25
11 13 3
3 7 19
3 6 9
17 20 6
19 23 8
15 18 11
10 13 5
19 22 27
6 11 19
2 5 22
7 10 12
21 23 12
8 11 6
19 21 19
0 2 21
2 6 16
14 15 21
14 15 3
9 12 19
13 14 6
12 16 6
11 14 15
3 6 28
8 13 16
21 1 15
21 0 2
11 13 28
18 22 28
11 16 25
5 7 24
15 21 29
0 3 5
22 2 9
5 8 5
9 11 9
13 17 20
23 1 10
0 3 6
4 7 6
12 13 17
6 9 25
21 1 14
0 3 21
20 0 7
6 8 3
15 18 18
16 20 19
5 8 20
13 16 24
12 16 23
18 23 23
9 13 17
21 0 13
9 13 7
3 6 21
12 17 6
8 12 6
11 13 19
12 15 23
23 1 8
18 22 17
21 1 8
9 14 29
17 19 3
0 3 16
2 4 5
6 8 25
8 9 20
4 6 18
13 15 30
16 18 28
6 9 17
6 10 11
2 5 27
5 8 27
0 2 4
13 17 2
16 20 17
0 3 19
2 6 12
2 3 27
3 7 29
19 20 4
9 12 6
22 0 6
20 23 20
7 10 24
10 12 2
23 3 5
21 23 11
3 5 8
15 17 23
6 8 14
15 18 23
12 16 24
11 15 4
22 1 26
8 13 4
19 0 15
15 18 5
19 23 25
5 9 2
23 0 27
6 10 21
4 8 23
0 4 9
11 14 19
15 18 7
2 3 1
21 22 28
18 22 4
20 23 13
10 13 1
20 22 28
12 17 3
16 19 22
10 15 18
0 3 26
22 23 5
12 14 9
10 13 27
1 5 23
17 20 14
11 14 2
13 15 29
17 22 9
3 6 1
14 17 27
18 20 2
12 15 1
17 22 16
18 21 22
17 21 22
18 21 11
22 0 14
1 2 24
17 20 13
20 0 13
2 4 29
11 15 28
17 19 21
21 22 20
16 20 19
14 15 21
13 17 16
16 19 30
14 19 9
9 13 12
1 4 5
0 4 11
19 23 15
14 18 21
9 12 1
13 17 10
16 20 17
10 15 19
8 9 12
18 21 12
5 7 5
10 13 3
7 8 3
7 8 17
11 16 11
21 0 14
2 6 27
4 7 12
20 0 3
17 20 13
17 20 22
4 9 20
13 17 8
12 15 13
7 11 19
6 11 21
0 2 9
23 0 16
0 4 18
12 16 3
13 17 25
4 7 30
2 4 8
9 12 29
15 18 26
12 15 25
8 12 15
6 8 26
13 16 5
2 4 15
5 7 29
4 7 1
19 22 5
9 13 7
11 16 12
9 13 15
16 19 13
13 16 20
0 4 29
15 18 6
6 8 18
18 22 18
4 8 14
23 0 11
16 19 27
2 3 16
3 7 29
14 19 20
11 16 24
9 12 17
14 17 7
11 16 20
11 14 9
23 2 20
2 5 3
22 1 17
17 21 22
3 7 5
9 11 29
19 22 9
20 0 19
21 1 27
11 14 12
19 22 29
14 17 28
15 19 22
15 18 18
14 17 30
9 12 28
13 14 7
1 5 6
11 14 1
2 6 4
15 17 15
9 12 11
18 22 14
10 15 19
0 4 9
8 12 2
9 11 28
10 13 7
20 23 19
7 10 24
14 18 3
7 10 11
15 18 21
16 19 9
9 11 11
11 14 28
1 3 2
20 1 23
12 16 27
1 5 19
0 1 11
19 22 14
23 2 27
0 4 24
8 11 13
0 5 7
19 0 7
4 7 12
0 3 18
22 3 13
13 14 8
21 23 28
9 11 14
18 22 6
9 11 25
5 7 28
18 21 17
15 19 1
13 17 4
3 6 4
8 10 9
17 20 29
5 8 2
13 16 12
2 6 24
18 20 26
20 22 6
13 15 4
9 13 29
18 21 12
18 21 17
1 4 17
3 6 9
11 15 9
21 22 7
9 12 6
3 5 4
18 20 24
7 10 15
15 19 13
16 19 6
16 19 27
20 1 20
1 2 1
5 8 14
21 1 10
6 9 10
16 19 24
5 9 20
14 16 10
17 18 8
9 12 11
16 18 29
14 15 11
6 8 15
5 9 23
1 5 7
18 22 26
3 6 30
9 11 29
17 20 22
3 5 21
8 11 29
16 19 23
12 16 17
0 4 13
23 0 6
1 4 11
20 23 5
6 9 23
20 23 14
0 4 18
7 11 12
1 5 20
22 1 21
16 17 26
20 23 27
6 9 14
21 22 9
23 4 14
9 12 6
9 11 30
14 18 13
5 8 30
7 9 11
2 4 13
18 19 23
7 12 26
0 1 10
9 12 21
1 4 4
10 14 12
1 3 22
9 13 19
12 14 22
2 5 16
0 3 2
15 17 17
20 23 13
2 4 19
18 20 23
17 19 14
4 7 9
9 12 27
18 20 5
23 2 20
7 10 19
1 5 23
17 22 5
9 11 10
17 19 9
4 6 11
23 3 30
14 17 21
6 8 14
3 7 1
3 7 9
18 22 17
4 7 4
10 14 21
15 18 2
2 5 18
23 3 20
15 18 16
4 5 8
9 12 1
11 13 21
20 22 21
14 16 9
21 0 23
11 14 9
11 14 19
12 14 17
3 6 10
0 3 1
11 14 23
10 14 11
19 23 30
15 19 21
17 21 17
4 6 10
10 14 14
5 8 21
21 0 11
22 0 13
8 13 8
21 22 16
14 18 23
8 13 27
5 9 26
23 3 2
19 21 29
5 7 8
13 16 28
23 0 19
18 21 4
2 5 24
5 7 25
9 13 29
17 18 11
7 10 30
22 0 9
20 0 23
2 4 26
18 22 22
2 8 6
17 18 26
4 8 11
10 14 2
5 6 19
15 20 15
21 0 16
22 0 3
10 14 7
19 23 5
12 17 16
1 2 28
22 0 21
9 14 5
23 2 24
12 16 3
8 10 4
21 1 5
22 3 6
23 4 18
22 3 4
5 7 4
11 14 30
14 17 17
2 7 16
1 2 15
3 7 28
19 23 26
14 19 22
6 10 9
13 17 28
9 11 26
18 21 19
11 14 23
10 14 6
17 20 1
11 16 30
3 6 22
20 23 2
9 11 16
12 15 2
19 21 17
1 3 14
12 14 29
19 23 28
15 18 20
1 4 22
15 17 28
8 12 26
16 19 12
22 2 23
13 16 23
6 10 3
8 11 11
2 4 22
7 12 20
14 18 16
23 2 25
4 7 9
18 21 25
20 23 12
12 17 15
13 16 8
10 13 7
22 2 16
20 23 16
23 1 28
14 17 26
1 3 15
5 9 17
15 20 7
3 7 6
7 9 4
3 5 28
18 23 2
17 21 25
0 1 2
20 22 13
16 19 15
12 15 16
11 14 8
13 15 10
10 13 15
11 15 17
7 11 12
11 14 11
13 17 9
1 5 8
18 20 24
21 0 19
1 3 2
20 23 19
4 6 29
9 14 25
4 9 13
23 3 25
20 1 12
7 9 10
1 1 27
18 21 26
2 5 26
9 13 8
23 4 12
3 7 6
14 15 16
11 16 9
13 16 1
5 7 11
15 17 17
20 0 9
6 10 18
7 10 14
6 10 17
19 21 28
20 0 11
6 9 2
19 22 24
20 23 15
20 22 19
15 20 18
5 8 28
18 21 7
3 5 18
8 10 11
4 7 20
0 3 16
17 19 30
22 0 20
21 0 4
9 12 25
17 20 29
3 5 1
22 1 11
3 7 17
9 11 11
16 20 22
16 19 21
9 11 11
10 13 4
5 9 30
16 18 19
12 16 20
22 23 10
21 23 26
7 10 8
16 18 30
20 22 30
17 23 15
16 19 4
3 5 8
19 21 9
17 19 18
20 22 22
5 7 19
15 18 25
11 14 27
13 17 6
15 18 5
23 2 23
0 4 14
15 16 8
20 21 7
12 15 24
10 12 27
7 9 26
17 22 23
7 12 20
0 3 2
7 9 12
18 20 2
2 4 8
16 20 10
7 11 8
8 12 24
6 8 11
6 9 9
8 13 18
6 8 10
19 23 16
6 8 9
3 7 21
6 11 24
22 2 11
0 3 12
0 4 13
6 9 28
7 9 1
10 13 22
16 18 18
15 18 15
9 10 7
9 12 24
13 16 18
22 1 12
8 10 25
17 21 22
3 6 8
6 11 17
19 23 3
18 20 29
5 7 16
7 11 14
21 1 28
2 3 17
20 23 10
18 22 4
14 16 25
6 9 27
5 8 22
6 9 15
20 22 4
22 3 8
9 12 28
22 1 1
18 20 23
15 19 29
19 21 24
23 2 28
8 11 5
8 9 7
9 13 15
4 7 22
10 10 15
11 14 28
7 10 15
14 17 7
13 17 19
20 0 13
9 12 15
23 1 30
20 23 4
1 4 22
9 12 14
15 17 18
23 3 18
6 8 30
22 0 16
4 7 17
13 17 12
20 0 15
17 22 19
18 22 7
16 20 27
20 23 21
0 4 10
20 23 22
18 20 26
1 4 13
11 15 30
22 0 2
4 7 20
18 20 20
12 16 8
2 4 5
18 21 11
13 16 22
17 20 13
3 7 24
8 12 14
20 22 25
7 9 16
17 21 6
3 4 25
6 10 21
8 11 14
23 2 26
21 1 9
15 18 4
0 4 16
17 19 6
23 1 25
1 4 24
22 2 9
10 13 1
4 6 14
11 14 23
0 2 8
4 6 14
11 13 8
11 14 10
17 21 6
1 5 2
5 9 27
7 10 10
0 1 25
4 8 26
18 23 22
23 2 13
16 17 8
16 17 10
10 12 27
17 21 25
4 4 2
17 18 3
15 17 27
19 22 20
20 23 2
22 0 24
7 8 7
11 15 25
12 15 29
12 15 24
6 9 1
9 11 10
2 3 6
9 12 27
6 10 18
4 6 5
17 21 16
5 10 2
2 6 5
4 6 3
9 13 17
3 6 8
11 13 17
23 1 23
0 3 5
3 7 26
8 11 19
3 7 6
6 9 15
11 14 3
12 15 14
20 23 20
12 14 15
13 19 18
12 14 29
19 22 20
15 17 13
18 19 23
2 6 15
3 5 21
15 18 6
16 18 18
1 5 13
12 15 10
3 6 27
4 5 24
23 2 15
14 17 14
13 15 12
14 17 2
13 16 23
15 19 16
12 15 2
22 1 17
9 12 14
4 6 17
10 12 24
20 1 7
21 0 7
4 6 11
13 16 2
5 6 14
7 8 2
11 14 8
6 10 20
11 14 3
23 1 5
23 2 27
6 9 16
23 2 26
11 15 16
21 23 3
6 9 13
10 14 4
16 18 27
7 10 15
14 17 29
6 9 20
7 11 6
16 19 6
20 0 16
14 17 19
23 2 6
20 23 5
7 10 6
6 9 26
22 1 25
7 11 1
16 20 6
13 17 30
5 8 17
11 15 2
8 11 15
19 22 2
8 13 26
20 22 8
12 16 22
3 6 30
4 6 19
22 2 13
7 10 24
13 14 14
7 10 3
21 1 4
23 3 3
14 18 21
0 3 4
21 1 26
2 6 23
15 19 29
17 19 17
4 8 28
19 23 23
19 23 14
7 10 18
5 9 11
21 1 13
0 4 25
4 8 21
20 23 5
7 10 18
10 12 17
4 7 3
9 12 3
3 5 18
1 1 27
7 11 24
19 23 27
23 3 23
19 21 25
8 13 22
19 22 9
14 17 5
18 21 26
10 14 14
8 11 6
6 9 1
8 11 2
22 0 17
8 11 19
3 5 27
10 12 3
8 11 7
18 22 26
3 6 21
15 18 30
8 11 28
11 13 5
0 4 17
22 0 26
23 2 6
4 6 10
9 13 22
8 11 29
10 12 16
8 12 27
19 21 9
18 22 27
16 20 23
19 22 4
9 11 7
9 13 19
6 10 9
23 3 22
14 17 5
15 20 12
17 22 22
13 15 28
1 4 17
15 18 23
3 6 16
8 10 5
17 22 10
3 5 18
10 14 24
22 23 23
15 19 17
17 20 18
13 17 21
0 3 16
7 10 28
18 22 20
19 21 5
1 3 12
5 9 7
3 6 26
0 2 4
22 0 8
0 3 11
3 6 26
15 18 27
9 13 11
9 10 6
4 7 3
19 22 1
18 20 10
8 10 8
18 23 24
19 21 12
23 3 26
14 17 28
12 14 5
1 4 20
6 10 24
11 14 15
15 19 13
3 4 26
23 3 1
5 8 14
15 18 20
8 12 13
21 0 30
6 9 27
16 19 4
0 2 18
3 6 18
17 20 12
2 5 14
5 9 27
20 22 25
10 13 20
23 1 10
5 9 3
18 20 8
15 16 18
21 2 4
13 16 26
13 18 7
10 13 4
20 22 28
16 20 13
5 8 3
16 19 12
0 3 6
10 14 20
2 4 9
22 3 28
1 3 9
23 2 29
21 1 12
14 16 15
1 3 1
15 16 14
6 7 17
10 13 24
17 21 15
14 17 22
7 10 26
22 2 7
1 4 28
14 18 1
10 13 25
1 4 1
18 21 11
12 16 3
8 12 16
7 10 12
5 9 15
13 16 14
2 6 12
10 13 12
9 12 4
19 21 5
16 19 10
19 22 5
8 11 12
16 19 30
20 0 21
18 22 8
1 4 19
17 19 24
17 20 29
12 16 14
4 7 7
5 8 24
7 10 22
12 15 15
2 6 8
15 17 22
17 21 19
12 14 24
18 22 11
9 13 23
11 13 29
1 4 28
5 7 20
3 6 23
15 18 16
16 17 17
4 7 11
3 7 11
23 3 13
10 12 5
2 5 29
22 2 24
16 19 10
23 3 10
16 18 15
18 22 2
2 6 10
3 5 5
10 12 12
21 23 29
17 22 1
17 20 8
10 12 21
11 15 24
0 3 23
13 15 10
13 17 17
4 8 6
6 10 16
10 13 16
5 8 20
21 23 27
3 3 16
8 11 8
3 6 25
13 16 18
22 0 19
13 15 16
8 10 9
3 7 30
7 10 23
11 13 7
21 0 30
17 22 2
23 3 11
20 23 2
10 13 12
8 10 8
6 10 21
10 14 5
11 15 21
7 11 17
13 16 9
22 0 30
4 6 22
9 11 22
19 22 14
3 6 8
5 9 29
15 19 16
17 21 14
15 17 23
9 12 21
18 21 17
7 11 16
1 3 4
23 1 3
8 11 16
16 20 27
7 10 29
5 8 26
23 2 29
8 11 21
19 23 29
19 22 9
2 4 3
2 7 23
18 22 19
6 9 6
3 6 2
16 18 29
4 7 30
22 0 24
22 2 29
2 4 28
14 17 23
1 5 25
2 6 24
5 9 8
19 23 17
4 7 2
3 5 3
12 15 28
12 15 10
11 14 17
13 16 3
12 14 17
12 17 13
2 6 19
14 17 4
12 14 2
22 0 7
9 13 30
7 9 27
20 23 4
13 17 27
6 8 25
16 20 22
14 15 24
14 16 16
10 11 2
21 0 25
3 5 16
20 23 13
5 9 4
17 20 10
10 13 26
5 7 24
8 9 24
9 11 25
21 23 23
0 4 3
6 8 20
22 0 28
16 17 5
7 12 25
9 12 27
13 16 15
12 14 13
12 15 26
23 4 6
20 23 19
16 19 18
17 19 20
20 0 22
9 12 22
20 23 6
18 22 29
14 16 18
2 4 20
12 14 26
15 18 11
4 8 18
19 22 15
19 22 16
6 9 29
14 16 22
11 14 28
11 13 29
6 9 8
16 21 19
2 7 30
9 14 26
3 6 22
19 22 18
8 11 27
18 20 24
17 19 6
14 18 14
16 20 19
0 2 15
21 0 18
18 20 25
20 23 4
1 4 14
10 14 22
3 5 18
13 17 4
23 2 8
21 0 27
12 16 25
20 23 9
4 9 6
5 8 26
1 2 7
12 14 27
16 19 21
0 4 27
15 18 10
2 6 28
15 19 19
0 5 11
16 18 11
16 20 12
9 11 24
17 21 23
12 13 20
3 7 3
13 16 20
13 17 3
21 23 10
19 22 15
9 13 5
16 18 19
2 4 3
10 13 20
1 5 23
23 1 23
3 6 15
20 23 10
1 4 25
17 20 26
9 13 22
0 4 10
7 11 5
10 14 15
6 10 29
0 3 5
18 20 16
12 14 20
3 6 25
19 21 11
13 17 6
19 21 25
13 16 17
7 10 9
9 12 4
6 9 29
4 7 7
17 18 12
9 13 9
11 14 4
9 12 3
21 0 9
0 2 1
11 16 6
5 10 17
7 11 15
18 20 2
10 12 26
13 16 27
4 7 25
0 5 12
7 9 27
14 18 12
21 0 9
7 10 22
13 16 3
19 21 2
23 3 12
9 12 20
7 9 13
8 10 25
22 0 30
9 12 3
5 9 28
8 13 9
22 1 11
17 19 25
12 15 8
4 6 16
3 6 17
12 14 29
15 19 22
5 5 27
5 6 9
2 5 25
15 17 27
23 2 23
0 3 30
19 22 29
18 21 21
6 10 1
18 21 18
1 3 15
0 4 5
15 20 7
23 4 14
15 18 17
22 0 28
13 16 5
6 10 7
21 0 10
6 10 19
15 18 13
10 13 20
8 11 19
15 18 30
23 1 13
13 17 4
21 22 24
17 21 15
21 23 9
4 9 28
3 4 28
7 10 3
7 11 11
8 12 11
12 15 2
18 20 15
7 10 27
22 1 5
4 5 9
15 17 3
6 8 25
20 22 29
13 15 21
15 19 17
13 17 30
20 23 30
22 2 21
21 1 27
8 12 19
3 6 7
8 11 12
21 0 11
4 7 19
13 15 15
11 14 14
14 17 24
0 3 13
8 12 24
18 21 22
12 15 12
11 13 28
11 15 24
3 7 4
16 19 3
10 14 25
9 13 19
5 8 2
15 19 20
3 5 1
11 16 19
17 19 24
11 14 3
9 14 10
12 15 16
22 0 25
4 7 10
20 22 14
22 1 29
21 22 30
3 7 12
12 13 28
2 5 17
7 10 19
5 7 19
14 16 12
15 18 23
0 3 28
14 16 19
6 7 5
5 7 5
14 18 7
10 13 6
3 6 28
13 16 27
15 18 11
6 10 2
7 10 12
14 18 29
6 10 16
21 2 14
11 14 20
23 1 2
11 15 25
14 18 18
8 10 25
8 11 6
22 3 17
8 12 7
18 21 2
7 12 7
21 22 10
13 17 27
13 16 3
2 4 12
14 16 2
8 10 29
14 17 11
11 14 30
4 8 7
5 8 15
0 4 12
6 10 3
12 15 27
17 19 11
7 10 2
2 5 16
16 19 3
10 16 3
9 12 28
0 3 19
5 9 5
23 0 6
20 23 17
9 12 14
22 1 25
4 7 17
11 14 9
15 19 14
6 9 4
16 19 12
12 14 24
23 3 24
4 7 29
3 6 25
9 14 9
3 6 13
20 23 13
16 18 18
4 6 10
21 23 17
8 11 27
8 12 14
8 10 24
5 9 11
10 13 13
18 21 20
3 7 2
5 7 15
2 4 16
17 19 1
8 11 21
23 1 18
9 11 29
10 13 7
23 0 17
2 4 9
23 3 25
15 19 17
12 14 8
0 1 4
19 21 29
2 7 15
11 13 22
9 10 18
16 20 22
4 7 22
16 20 28
11 14 21
15 20 11
14 17 4
5 7 20
0 3 25
9 13 6
19 22 1
7 9 20
9 13 10
20 22 29
11 14 24
1 3 14
17 21 17
3 6 7
13 16 10
3 5 15
19 22 24
1 4 3
10 12 28
15 17 25
17 20 16
15 19 8
12 15 12
15 17 27
1 5 1
12 15 15
19 21 7
20 23 11
3 6 1
5 9 8
0 3 22
22 1 18
0 1 22
13 15 16
4 6 18
1 4 5
19 21 18
12 15 10
12 14 30
5 9 1
11 13 19
14 18 3
22 1 29
0 1 12
0 4 7
23 4 8
3 3 14
17 20 28
17 19 25
3 5 8
1 5 18
13 16 3
5 8 28
15 20 2
17 19 22
23 2 19
10 13 27
16 19 10
9 12 16
7 8 14
15 17 15
4 6 10
13 16 12
22 23 9
11 13 24
5 8 7
21 1 23
12 14 6
15 18 22
2 6 13
20 22 5
22 2 6
23 2 25
8 9 26
20 22 8
16 19 2
17 20 18
9 13 8
17 17 23
15 17 20
7 11 3
20 23 14
6 8 4
8 10 23
16 17 1
5 8 20
11 13 2
18 20 28
21 1 4
15 18 5
4 6 2
11 15 18
5 8 25
18 20 25
10 13 17
20 0 22
4 7 11
16 19 22
14 17 29
7 11 17
23 2 6
6 8 28
5 8 23
4 7 23
1 4 6
17 21 10
18 20 10
10 12 5
11 12 21
0 2 25
3 7 16
22 2 2
8 11 17
19 22 22
13 15 11
17 21 3
14 17 2
6 7 12
12 14 7
1 5 29
14 16 2
1 4 24
16 18 19
12 15 28
14 18 19
6 8 18
21 0 3
17 21 27
15 18 15
23 3 23
6 10 23
6 10 30
17 19 6
14 16 23
12 14 12
2 4 30
23 2 23
11 12 10
23 2 21
7 12 26
15 18 3
13 14 4
5 8 20
22 0 26
23 2 14
3 4 7
12 16 18
0 3 25
0 4 27
2 5 28
13 15 21
5 7 22
19 23 12
0 2 8
12 14 28
14 16 1
23 3 11
18 21 9
1 3 2
5 10 23
11 13 22
22 1 29
13 16 8
15 19 9
2 6 28
21 0 16
21 0 30
22 23 19
3 5 17
17 22 15
16 19 19
21 1 1
22 2 25
11 13 1
23 0 1
2 5 2
0 3 24
14 19 6
20 23 3
17 20 5
5 10 10
19 23 8
9 11 24
22 23 3
21 1 18
10 13 12
2 7 28
14 17 10
13 17 27
7 10 29
10 13 19
22 0 9
18 22 11
20 22 2
20 0 15
8 10 3
14 16 18
21 23 29
20 0 23
17 20 19
17 21 25
14 16 3
8 11 2
8 11 12
11 14 15
14 17 2
0 3 2
20 22 28
5 7 18
1 3 19
20 23 23
11 14 1
1 3 21
13 16 23
19 21 13
19 23 3
5 9 20
23 2 18
2 6 14
22 23 29
21 0 22
5 8 24
6 10 2
5 7 28
0 3 29
16 21 1
9 12 5
2 6 4
1 5 20
10 12 1
19 23 3
17 20 12
20 1 5
7 8 24
6 7 21
6 9 2
10 10 1
21 23 23
4 4 28
23 1 24
10 13 12
7 10 22
22 4 12
23 2 20
22 0 22
20 23 23
9 11 5
15 16 11
9 13 18
8 12 14
3 4 24
2 6 28
22 1 16
20 1 21
23 2 26
3 7 11
17 20 10
14 17 28
23 4 4
17 19 5
22 0 1
23 2 18
3 5 11
7 8 1
3 6 29
8 11 9
4 7 4
17 19 6
3 6 8
9 12 25
1 5 29
11 13 14
15 17 4
21 0 11
4 8 4
3 6 2
3 7 15
9 11 23
16 17 26
13 16 12
2 6 29
21 1 30
15 18 28
16 20 7
22 2 18
23 3 23
7 10 13
6 9 28
12 14 24
15 17 27
5 8 7
17 22 22
17 20 22
7 8 13
6 9 26
7 10 23
5 6 14
8 12 15
18 20 3
21 0 14
21 0 21
2 5 18
20 23 15
0 1 26
6 8 18
16 19 17
20 22 30
9 14 3
9 13 18
17 21 10
16 19 7
23 2 29
22 1 8
19 20 28
5 8 23
23 2 11
5 9 9
16 21 7
0 4 17
19 21 4
8 10 8
21 0 6
13 15 5
7 10 9
11 15 6
3 5 3
11 13 15
18 21 15
7 9 9
20 22 26
23 2 13
8 11 11
22 1 20
23 2 15
18 21 18
4 8 15
20 22 22
18 19 3
9 11 12
0 2 1
11 14 12
6 10 3
5 9 23
2 6 8
12 14 11
6 7 26
14 18 22
12 13 19
19 23 2
23 3 12
9 12 24
9 13 8
13 17 20
23 2 18
9 12 25
20 0 24
15 18 7
4 6 12
16 19 4
21 1 22
11 14 22
0 2 7
7 9 20
8 12 6
5 10 13
6 10 11
23 1 23
20 0 27
2 5 14
7 9 14
2 5 27
3 5 20
3 7 23
6 10 7
16 19 10
17 20 26
12 16 23
20 0 1
10 14 27
18 20 13
6 10 26
5 8 17
19 22 12
14 16 10
22 1 21
16 18 1
21 21 27
7 11 21
9 11 1
21 0 6
16 19 1
10 13 5
14 17 28
17 22 8
4 6 25
22 0 13
5 8 16
5 9 14
21 0 15
0 2 25
7 11 8
20 21 7
9 11 24
14 17 1
14 16 26
18 21 16
7 12 4
6 8 14
7 10 17
9 11 17
22 23 17
17 19 21
17 22 16
10 13 22
22 2 30
21 23 23
2 4 9
17 20 10
14 17 1
0 2 25
22 23 12
10 11 29
12 18 1
12 13 7
8 12 27
11 13 11
17 20 5
1 4 1
17 20 20
0 3 23
16 18 27
7 10 20
9 12 20
7 9 16
1 3 13
5 8 25
7 10 7
16 18 20
0 4 13
3 5 8
6 7 26
17 20 22
10 12 10
17 20 8
12 15 20
5 9 15
12 14 25
23 2 21
6 7 12
5 8 28
2 6 13
0 4 7
15 17 5
12 15 28
18 19 6
18 23 25
19 23 30
12 15 9
16 19 23
4 6 8
20 0 23
7 9 17
19 21 6
10 13 28
22 1 17
6 9 13
16 18 29
4 7 22
19 0 15
23 2 20
23 2 18
17 21 14
11 14 17
18 20 26
1 5 4
12 14 16
22 2 21
11 13 7
19 22 16
20 22 20
12 15 2
5 7 6
5 9 13
7 11 13
23 2 10
12 15 12
19 22 20
16 20 18
14 15 12
12 15 8
21 1 1
20 23 14
0 3 22
12 15 25
20 22 22
15 18 27
19 22 13
23 3 5
10 12 17
4 7 7
0 1 14
22 1 6
12 15 3
7 9 25
22 0 5
4 7 14
16 20 7
11 14 10
13 14 20
12 17 25
8 9 6
17 21 8
3 7 15
2 6 6
23 2 1
4 8 19
9 11 22
1 3 20
12 16 30
12 15 26
18 21 14
15 17 7
2 5 16
5 9 29
6 9 14
3 4 9
7 9 18
3 5 11
7 8 21
12 15 8
12 14 27
9 12 28
13 17 14
10 14 10
6 7 14
16 20 8
4 7 1
11 15 7
7 10 26
8 11 28
0 2 27
7 11 24
21 0 19
11 14 25
14 16 18
23 0 19
13 15 3
18 22 1
8 9 18
3 6 15
10 14 26
12 15 12
17 20 10
23 3 23
19 21 1
16 19 25
7 9 18
19 22 4
15 17 10
5 8 18
13 16 16
10 15 9
18 21 2
4 8 21
6 9 12
21 0 3
7 11 15
11 13 8
8 10 8
14 19 28
2 5 22
13 19 6
23 2 28
12 15 15
14 17 11
13 14 17
6 10 19
22 0 20
18 21 6
16 19 27
21 0 11
22 1 21
7 11 25
9 13 29
6 10 20
23 2 11
19 22 21
17 22 23
20 23 12
3 6 20
15 16 30
7 10 8
9 13 16
4 7 19
13 17 27
23 1 24
11 17 5
22 1 6
11 15 13
15 18 16
10 13 26
19 22 6
20 21 25
16 19 19
22 1 5
20 22 8
17 22 18
19 21 7
14 15 4
1 3 11
17 20 25
12 15 11
0 4 8
6 10 14
7 10 2
9 11 13
7 10 15
20 0 8
9 13 4
13 16 30
0 3 2
16 20 7
13 17 26
17 21 13
2 5 30
6 9 19
20 23 9
9 11 17
11 14 30
8 10 23
23 3 2
12 15 28
13 15 20
10 15 28
9 12 27
12 13 21
16 19 9
20 22 18
15 17 6
23 3 6
19 21 14
15 18 12
16 19 2
18 21 9
6 10 5
16 19 25
18 23 11
6 8 20
4 7 14
0 5 7
0 3 27
2 5 15
10 13 22
8 10 11
16 18 1
13 16 28
18 22 17
10 13 9
7 10 2
4 6 8
2 4 16
23 4 26
20 22 9
23 2 18
20 23 23
17 19 30
5 8 19
2 6 1
13 17 4
20 21 23
2 5 16
6 10 19
22 1 20
22 0 29
14 16 30
22 2 14
5 9 5
20 2 10
15 17 1
7 8 18
3 6 8
10 13 23
17 21 23
0 2 13
22 0 25
21 23 19
13 15 11
22 1 10
22 2 30
8 11 23
3 4 25
1 4 8
11 13 1
2 4 19
8 10 12
6 9 11
7 10 16
15 17 28
19 23 23
20 22 11
17 20 17
8 9 29
20 23 7
6 9 29
6 8 12
5 8 9
17 20 2
18 22 6
5 8 26
3 5 3
6 7 12
0 3 15
3 7 30
2 3 8
19 23 14
4 9 28
10 14 28
20 23 8
11 15 1
4 8 17
2 5 8
9 12 23
8 11 6
18 20 29
12 16 26
5 9 6
21 1 25
0 2 14
9 11 3
6 9 26
11 14 6
20 23 13
11 12 28
14 17 16
18 21 10
3 6 14
12 14 6
21 1 1
19 22 16
1 5 1
7 12 7
21 0 12
1 3 12
19 22 12
13 17 2
14 16 10
9 12 7
7 12 3
20 22 15
3 5 21
4 5 18
5 7 12
10 12 8
18 21 24
14 17 11
16 19 30
4 7 6
2 6 14
8 12 27
21 0 21
16 19 2
23 2 18
15 20 15
4 7 26
9 12 23
10 12 4
18 21 10
22 2 17
22 0 13
14 18 9
10 14 19
13 16 16
2 5 6
8 11 12
18 21 18
19 23 4
13 15 21
23 2 6
20 22 23
8 10 23
10 13 21
5 8 29
8 11 10
17 21 14
13 15 10
11 15 13
9 13 12
5 7 11
0 2 30
8 10 3
7 10 24
17 19 18
23 3 10
8 13 12
15 18 22
7 12 23
19 23 23
18 21 21
19 22 28
21 1 9
7 13 10
11 15 12
7 10 13
22 0 21
21 0 29
23 0 5
16 21 25
0 3 7
15 17 25
14 16 8
19 20 9
3 7 23
3 5 2
8 10 13
9 11 7
8 10 21
10 12 25
3 6 26
6 8 14
11 15 3
14 15 8
2 5 21
5 8 15
15 17 26
17 20 12
13 16 5
22 0 28
5 9 20
7 10 15
2 5 6
18 21 8
17 21 19
19 23 7
1 4 18
18 20 22
18 19 22
13 15 10
23 1 5
2 5 11
16 20 14
7 12 1
2 7 25
1 0 3
3 5 6
23 1 5
17 22 30
7 9 14
22 2 5
10 13 12
19 23 5
3 6 7
13 14 20
8 12 26
18 0 19
0 3 7
13 16 13
7 11 4
22 4 11
16 20 18
12 15 11
8 9 8
18 20 22
1 5 22
16 18 26
23 3 20
10 12 7
2 6 29
23 2 21
12 15 15
15 17 15
4 9 11
7 11 11
10 14 28
6 9 30
0 2 12
4 7 6
11 15 1
4 6 14
22 2 9
5 8 24
2 6 22
4 6 3
18 19 22
8 10 26
22 1 3
2 6 4
15 18 6
12 16 3
21 1 10
20 23 6
17 21 17
16 19 24
5 8 21
8 13 18
23 3 4
0 4 30
7 12 6
22 1 4
16 18 15
0 2 12
12 14 30
0 2 30
23 1 12
16 17 23
10 13 14
5 8 24
22 0 6
9 12 5
10 12 2
5 7 27
7 9 14
15 18 5
4 7 16
7 9 17
12 15 17
0 2 30
15 18 10
6 8 24
19 22 26
10 11 5
8 10 24
18 23 15
5 7 1
9 12 20
10 14 22
13 15 18
1 4 19
0 3 6
2 5 30
2 5 30
19 0 10
9 12 2
21 1 9
12 15 1
23 0 10
23 2 11
18 22 14
9 12 11
9 9 25
5 8 10
16 20 29
6 9 7
13 16 23
8 12 4
8 11 3
6 10 28
4 6 7
12 15 15
23 3 1
16 19 6
6 9 18
18 21 25
17 20 20
7 9 9
20 21 28
1 6 30
23 2 10
20 0 16
1 5 25
4 7 7
14 16 10
9 14 3
19 21 15
22 2 24
6 10 18
17 20 14
19 23 6
13 14 20
19 22 18
2 5 30
15 19 3
0 2 2
7 9 17
11 14 6
16 20 5
11 13 8
14 17 22
18 22 25
4 7 16
21 0 9
16 19 28
23 2 17
3 7 17
23 3 15
7 11 26
12 15 13
11 15 8
11 14 24
13 17 5
13 16 20
12 16 16
12 17 15
20 23 22
9 12 29
13 17 8
17 19 11
18 21 21
22 0 8
3 3 7
5 7 18
13 16 25
3 6 8
18 22 20
3 6 30
12 13 21
20 0 6
21 22 20
14 16 20
5 8 9
21 22 7
11 13 18
8 11 18
20 1 2
3 5 24
5 7 18
12 15 7
6 10 30
12 17 26
0 4 20
4 8 22
3 7 21
18 19 17
21 22 28
14 17 18
2 5 21
23 2 3
5 6 28
6 11 9
3 4 2
17 19 3
19 21 1
7 9 19
18 21 14
13 18 26
21 23 13
11 14 8
12 16 22
2 5 12
14 15 7
11 14 18
16 17 2
17 21 9
8 10 24
1 5 11
19 22 23
6 11 21
22 1 15
5 8 5
5 8 12
14 17 12
7 9 19
19 22 21
2 5 4
10 16 23
1 4 5
21 0 23
12 17 6
2 5 22
9 12 3
2 5 17
23 1 21
21 1 28
0 1 7
10 12 25
21 0 19
3 5 11
16 18 30
8 11 30
16 19 11
6 8 22
16 20 4
18 21 18
8 12 18
6 9 4
2 5 26
19 22 3
10 12 26
12 15 8
14 17 23
17 19 15
17 20 7
10 10 6
18 21 27
18 22 11
0 2 18
22 1 11
15 19 25
17 20 2
3 5 21
2 4 5
14 17 13
23 3 22
10 14 14
13 17 4
16 21 18
5 7 19
1 3 5
10 12 28
7 12 15
9 12 8
20 0 13
15 18 15
20 22 18
13 16 10
15 17 14
7 9 13
21 0 23
3 6 9
23 0 19
11 14 30
5 10 27
18 21 16
16 19 29
7 8 1
19 20 12
17 21 13
1 5 14
0 4 25
6 9 14
21 0 9
13 17 10
0 4 7
22 0 9
1 4 20
13 16 19
14 17 1
14 16 19
0 4 2
3 8 29
7 10 16
6 8 29
19 20 4
8 12 17
5 8 10
6 10 17
13 15 27
14 17 10
7 10 12
6 11 21
14 19 30
1 4 21
8 14 1
13 16 13
17 21 1
20 23 21
20 23 29
20 23 14
6 10 5
0 2 30
23 1 17
14 17 11
15 19 19
6 9 16
18 21 18
21 23 13
19 23 3
22 1 26
12 14 5
14 17 15
23 2 28
23 2 6
6 10 15
6 10 9
7 11 24
13 16 2
13 18 16
17 20 9
8 12 18
22 1 14
1 3 14
3 5 30
4 7 27
5 7 12
12 15 21
7 9 14
14 17 25
15 19 2
10 13 13
6 9 16
20 22 26
7 10 13
20 23 5
13 17 4
11 14 9
14 17 17
1 5 26
7 9 29
10 14 20
12 16 16
