1000 22
6 6 2 1 14 10 22 9 13 18 9 12 7 15 18 17 19 1 11 21 7 16 
4 6 11
4 8 2
15 18 20
7 10 1
10 13 8
20 21 19
5 8 22
3 6 22
2 3 21
11 12 21
21 0 18
15 16 6
16 20 13
17 19 7
3 6 6
15 17 22
21 23 12
10 14 9
15 18 15
14 18 15
21 22 3
2 3 2
1 4 21
15 18 6
9 14 1
16 19 2
5 8 13
11 14 2
23 2 17
18 19 21
19 20 12
17 22 2
17 19 14
13 15 7
10 13 19
1 3 3
13 19 18
2 5 14
18 21 22
13 16 10
3 7 12
21 0 8
14 18 22
17 20 5
16 19 22
14 16 3
12 15 11
23 2 14
15 17 7
15 18 21
9 11 11
21 0 3
19 23 14
15 19 14
5 8 14
12 15 1
14 17 8
10 13 6
11 13 10
16 19 3
17 20 3
0 3 11
12 15 5
10 14 7
4 8 20
23 3 3
20 22 5
6 9 16
4 7 20
20 22 4
23 3 19
8 13 2
17 21 19
1 5 18
5 9 19
17 18 16
16 21 8
6 9 8
2 5 8
8 10 18
7 10 5
21 1 20
6 9 4
8 12 4
8 12 21
5 8 10
20 22 7
13 17 21
23 2 10
11 12 11
20 22 17
4 8 22
16 18 6
0 3 8
4 7 14
22 2 2
0 3 2
15 16 22
22 2 13
14 18 15
8 11 13
2 4 21
23 2 22
7 12 4
5 8 5
16 20 1
16 18 8
4 5 2
4 7 19
23 23 13
15 18 3
5 8 10
4 7 11
12 15 4
0 2 8
13 15 12
18 21 4
4 7 3
3 7 18
1 5 2
17 20 11
3 7 19
15 19 8
18 22 18
13 16 14
1 4 22
9 11 1
11 15 16
8 12 7
8 10 4
14 17 3
19 23 10
2 5 8
10 12 17
21 2 13
18 23 17
22 0 14
8 11 2
13 16 17
12 16 19
15 18 15
4 6 14
0 2 9
18 21 1
11 17 20
17 19 1
1 3 7
0 2 22
0 3 4
6 10 14
0 4 9
20 22 5
10 13 12
9 14 12
16 21 20
4 8 6
23 2 9
20 22 1
23 3 18
16 18 2
15 17 15
10 13 20
4 8 6
22 1 17
2 4 8
17 20 15
2 4 1
1 5 16
0 4 7
13 17 6
18 21 5
5 8 12
13 15 19
16 19 8
13 17 4
9 11 21
18 20 10
2 4 9
7 9 9
10 12 12
21 23 3
23 1 13
18 21 4
4 7 4
21 1 7
7 10 9
3 6 22
16 19 9
1 3 3
10 13 4
4 6 12
23 3 6
19 22 21
19 22 20
11 13 13
8 10 21
22 0 1
10 13 20
6 9 10
4 7 5
22 23 5
3 6 15
20 23 19
0 2 22
15 18 13
20 21 1
10 14 21
11 15 8
23 2 1
4 5 5
21 0 11
11 15 16
4 5 19
3 6 18
14 17 14
12 16 2
23 2 16
2 6 18
7 8 19
13 15 19
12 15 8
21 1 6
17 20 10
5 8 21
18 21 8
20 22 5
4 7 11
20 22 20
0 3 21
5 7 13
15 18 2
10 15 7
3 5 22
6 9 15
15 18 3
4 6 14
12 16 15
0 3 7
23 3 21
15 20 16
19 23 20
7 10 12
10 13 4
15 17 7
0 3 16
14 17 13
11 14 20
12 14 1
8 12 8
22 2 21
8 10 6
10 13 4
0 4 3
19 22 8
20 23 5
15 18 21
4 6 2
0 2 1
7 10 7
7 10 4
1 3 8
0 3 21
9 13 16
6 9 16
18 21 8
19 22 11
20 23 1
12 16 4
11 13 8
1 3 15
11 14 22
15 19 14
14 19 14
1 5 6
4 6 20
0 3 7
10 12 1
4 7 11
22 0 6
3 8 6
15 16 17
14 16 19
3 6 6
15 17 14
13 16 13
4 7 8
8 10 8
8 10 16
14 16 22
2 6 15
12 15 15
9 12 2
19 21 18
2 4 9
7 9 16
7 9 4
1 3 4
11 15 10
17 21 11
7 10 12
19 21 16
22 3 4
15 20 3
21 0 13
12 15 1
11 13 12
10 11 19
11 15 4
3 5 11
3 5 16
9 12 4
18 22 17
17 18 8
13 15 18
11 16 8
12 15 6
3 5 14
5 10 15
16 19 20
14 18 1
18 23 5
18 23 20
6 9 9
10 12 11
14 17 20
17 20 3
15 18 7
12 15 10
23 1 3
20 23 6
11 11 9
22 1 2
6 8 5
17 20 3
20 22 15
20 23 3
8 10 17
12 13 2
1 3 19
10 14 10
15 18 17
6 10 21
23 0 8
0 3 16
3 5 4
7 10 13
11 12 20
0 3 16
10 13 20
10 13 12
0 4 17
2 7 6
16 19 1
0 4 16
16 19 6
19 19 4
16 17 10
19 22 5
20 23 20
21 0 21
4 7 21
20 22 4
3 6 14
23 3 11
17 20 9
10 14 15
15 19 22
4 8 8
1 6 15
16 18 16
13 16 16
14 16 19
7 10 2
10 12 9
3 5 14
11 14 19
0 3 1
20 22 1
2 5 15
10 11 10
3 7 22
4 7 20
19 20 13
22 23 16
9 13 13
4 6 5
2 6 4
6 8 15
19 23 4
2 4 15
14 17 8
17 20 13
17 20 13
7 9 5
1 5 17
7 13 2
13 18 3
8 10 20
8 10 5
20 0 19
14 16 6
15 17 19
12 15 15
13 16 7
13 15 1
2 5 21
9 13 17
4 6 16
13 17 8
0 4 11
6 9 3
9 13 6
3 5 19
9 15 1
3 5 20
1 3 12
19 23 16
14 17 15
19 21 14
18 20 8
3 6 3
0 2 10
0 4 16
2 6 7
23 4 22
19 23 17
1 5 7
4 6 16
1 3 9
22 0 2
11 16 20
2 5 3
19 21 4
16 18 14
23 1 19
14 16 8
5 7 7
13 17 22
4 7 22
12 15 20
2 5 6
9 12 6
2 4 9
7 11 11
21 1 3
2 4 21
6 8 8
18 21 19
2 6 12
15 20 16
8 12 12
21 0 12
22 1 3
9 12 8
11 14 15
18 19 9
13 18 11
15 19 21
23 4 15
23 1 12
11 13 13
22 1 4
23 2 21
12 15 7
5 8 9
8 11 11
18 21 11
20 0 3
5 9 16
15 17 20
9 12 21
9 15 11
0 3 10
22 2 7
16 19 22
2 4 3
15 19 6
20 22 12
18 20 21
21 1 17
8 13 20
2 5 3
22 0 14
0 4 17
6 9 18
19 23 1
6 9 2
17 19 7
13 16 17
15 18 18
12 15 21
0 1 14
5 7 11
15 19 20
4 7 21
7 10 21
23 1 14
9 13 18
15 20 13
5 8 6
12 14 20
7 9 5
18 20 14
16 17 3
4 5 12
12 14 18
16 19 2
20 22 14
7 11 19
19 23 17
5 9 3
15 18 1
0 2 9
13 17 6
13 15 16
17 20 7
20 23 4
17 20 5
23 2 14
21 3 5
23 2 12
8 11 15
17 20 21
21 0 3
1 3 14
3 5 15
21 0 1
23 1 8
0 1 2
14 17 6
3 5 7
7 10 6
8 12 14
19 22 18
20 0 2
3 5 15
8 10 12
12 14 5
5 7 18
3 7 19
22 1 10
11 13 22
14 17 14
22 2 5
16 17 16
4 7 8
0 2 16
4 5 20
2 4 5
14 17 16
13 16 14
9 12 2
8 10 6
15 17 6
16 18 16
10 13 21
13 16 14
19 22 6
11 15 22
5 10 19
14 19 6
18 20 15
15 16 18
12 15 17
10 13 9
7 10 21
8 10 5
5 10 21
1 3 10
6 9 17
14 18 17
4 8 19
6 7 12
0 3 17
0 4 6
2 5 12
3 6 8
7 10 7
16 19 18
0 4 12
3 7 21
10 12 18
13 18 17
10 12 5
9 12 1
5 8 20
20 1 5
18 21 4
10 14 14
16 20 17
7 9 22
17 22 8
7 10 4
8 10 11
19 22 18
7 11 15
21 0 10
19 1 9
4 7 10
20 0 13
6 9 8
11 15 5
7 10 5
5 8 16
9 13 9
10 12 12
1 4 5
11 13 8
2 5 19
1 2 17
6 10 11
20 0 14
8 13 17
0 2 10
9 11 4
0 2 11
1 3 4
17 21 15
12 14 5
21 23 11
18 21 6
21 1 17
12 15 14
6 9 17
13 16 7
3 7 2
22 1 14
21 0 15
11 14 14
22 1 7
15 18 16
10 11 4
21 0 3
12 15 2
16 18 19
2 4 12
11 15 8
16 20 2
15 16 17
8 10 20
10 13 8
14 17 14
13 16 20
13 16 11
1 4 21
12 15 13
4 6 1
23 3 21
20 0 12
22 2 3
17 20 22
3 8 19
18 22 14
13 17 22
2 5 19
0 4 7
16 17 18
11 15 9
8 12 10
2 5 1
16 20 22
21 0 19
12 15 17
2 4 15
7 10 13
8 12 18
22 1 1
1 4 9
7 9 6
21 23 11
20 23 10
23 2 12
18 22 7
7 10 2
6 9 2
13 18 17
5 8 8
17 22 6
4 6 8
20 22 9
14 16 12
6 9 18
16 18 2
1 4 2
1 4 11
4 7 5
2 6 15
15 19 11
4 7 18
18 20 19
14 18 10
12 16 6
14 16 10
17 21 13
6 10 20
1 4 13
1 5 2
21 0 5
20 22 10
8 11 8
21 1 8
3 5 12
0 3 14
8 13 5
6 11 13
15 18 16
13 17 9
20 22 13
13 16 17
23 2 6
0 3 1
21 23 15
10 12 11
12 15 10
22 1 13
5 9 6
3 5 16
18 19 8
13 16 19
3 7 7
5 6 13
6 9 17
19 20 5
23 2 1
3 8 16
17 19 17
20 23 19
14 17 2
1 5 9
18 19 21
7 11 13
11 14 3
3 7 9
16 21 5
20 23 8
17 20 19
19 23 14
13 17 6
5 7 13
6 11 10
5 8 16
18 20 21
20 23 17
11 15 1
4 6 3
2 6 14
4 6 13
4 7 18
20 23 6
23 2 16
13 16 5
23 2 6
19 22 13
15 19 12
10 14 4
23 1 12
6 9 13
6 8 18
3 6 14
19 21 4
14 17 19
10 15 18
3 5 13
9 13 19
6 10 15
0 3 15
9 11 6
8 11 11
13 18 11
3 6 21
3 6 4
0 3 21
20 0 5
11 13 3
6 7 10
3 4 14
9 14 16
23 3 17
8 11 17
10 14 13
10 14 14
22 1 9
1 6 11
20 23 15
23 1 8
10 12 15
12 14 18
11 15 18
10 15 19
11 15 1
8 11 16
1 5 9
1 2 14
9 13 3
2 5 15
22 22 19
4 8 1
13 14 13
2 4 5
0 4 13
6 9 10
10 12 14
19 23 7
11 14 20
9 13 1
3 7 19
12 16 9
5 8 1
9 12 5
19 23 2
16 19 15
19 22 21
5 8 13
2 5 4
16 18 4
15 18 19
23 1 21
7 10 8
8 11 1
14 17 3
21 0 21
8 10 14
5 7 6
1 3 13
22 0 22
23 3 11
4 6 5
0 4 7
5 10 4
21 0 11
5 8 16
14 17 18
9 13 17
4 7 11
1 3 20
20 0 3
3 6 16
13 16 21
8 10 5
3 7 6
1 3 22
6 8 1
9 11 9
6 9 9
17 19 15
1 5 20
9 11 11
21 22 19
8 10 4
8 12 16
13 17 3
21 0 19
3 7 2
0 3 15
16 18 4
18 22 11
19 21 9
5 8 6
7 9 18
11 16 10
9 11 1
0 3 4
14 16 13
15 17 22
2 3 5
5 8 6
20 0 3
13 14 5
19 23 12
11 15 4
13 15 8
16 18 13
8 10 8
7 11 10
5 9 21
17 21 3
17 20 3
13 16 11
12 15 15
23 3 17
4 6 11
7 10 12
10 12 17
9 12 3
12 17 3
14 15 1
2 5 6
20 22 19
21 1 16
20 23 12
9 12 21
8 11 9
11 14 10
18 21 12
22 1 14
1 2 22
20 1 15
1 4 8
6 10 13
8 12 10
20 21 12
6 9 4
3 7 3
23 3 4
15 18 5
17 21 18
1 5 5
2 4 4
21 22 10
14 16 9
19 21 19
11 13 13
4 8 14
13 17 6
1 5 12
20 23 12
10 14 10
19 23 5
11 16 21
15 18 11
21 0 8
16 20 1
5 7 9
21 1 9
5 8 2
6 9 19
5 8 3
1 4 4
16 21 16
0 3 20
21 23 11
21 23 16
9 13 7
22 2 16
21 1 1
2 5 16
17 19 11
1 3 20
22 0 5
9 13 12
12 16 6
9 12 13
21 0 1
9 14 19
19 21 14
22 3 17
1 6 13
16 19 15
0 5 3
9 12 3
11 15 17
22 2 14
18 21 19
7 10 19
9 11 9
10 12 17
15 18 22
15 18 15
14 16 13
1 3 2
0 4 16
19 22 8
23 1 9
4 8 1
22 1 5
20 21 21
17 19 19
20 23 18
19 21 7
14 16 16
22 23 17
2 4 18
13 16 20
19 0 1
12 15 10
15 18 14
10 13 5
22 2 22
23 2 12
15 19 1
11 14 2
7 9 7
20 23 14
8 11 13
8 11 11
16 19 10
10 13 15
11 13 21
22 2 10
18 20 20
6 8 4
14 20 17
18 22 8
15 17 4
10 12 20
19 20 19
10 12 6
4 6 8
1 5 16
12 17 6
