1000 35
12 4 33 31 10 21 20 35 21 3 21 26 35 24 14 29 19 20 1 32 3 28 4 10 18 34 32 33 2 3 19 17 27 24 14 
21 0 10
11 15 4
19 20 2
21 1 29
0 2 19
2 6 26
19 23 15
10 15 22
18 22 21
4 6 12
7 10 11
7 10 3
4 6 4
4 8 24
22 0 6
10 14 25
4 7 1
15 18 9
10 13 34
0 4 31
23 2 16
17 20 4
18 21 22
23 1 3
21 23 34
12 14 30
12 14 16
20 22 5
6 9 4
10 13 32
3 4 19
21 0 10
14 18 11
23 4 6
11 14 35
8 10 5
22 1 4
18 22 19
3 5 6
4 7 21
11 14 14
11 13 32
17 20 18
22 2 30
19 22 6
2 3 10
14 18 28
4 8 11
12 16 13
15 18 15
10 12 18
16 18 1
21 1 5
18 22 3
7 11 13
16 18 32
5 8 7
4 6 21
23 2 27
14 17 13
3 7 12
17 19 17
17 21 15
11 14 33
2 6 22
12 16 34
17 20 6
15 18 17
5 7 35
19 22 35
19 23 14
14 17 23
13 17 24
17 20 18
12 14 30
10 12 26
4 7 24
3 6 12
1 5 32
9 11 21
19 23 22
9 11 14
3 6 12
0 3 13
7 10 18
8 9 21
0 3 12
20 0 18
20 0 9
23 3 2
15 19 33
7 12 12
4 6 27
5 8 17
11 13 32
22 0 17
19 21 12
10 12 1
0 5 26
7 9 2
19 22 20
15 18 17
6 10 11
8 11 29
21 0 20
17 20 17
14 17 34
18 22 31
11 14 23
8 11 17
6 10 10
4 8 25
8 10 21
18 21 31
16 19 14
3 5 10
7 10 3
8 11 32
2 5 23
23 0 22
12 16 20
2 6 16
8 10 4
5 8 1
21 1 15
3 7 3
15 18 5
9 11 13
23 1 26
10 11 25
16 17 28
8 11 16
7 12 34
19 22 2
10 13 4
2 5 23
0 4 26
4 6 21
18 22 2
4 7 14
0 3 23
18 20 17
8 11 25
0 4 31
4 7 26
18 20 20
9 13 35
22 0 5
14 16 23
6 9 6
19 22 3
6 10 13
13 17 9
17 20 10
21 0 13
9 10 8
3 6 25
23 2 17
9 12 33
23 2 20
3 6 24
9 14 21
22 2 23
11 13 17
10 13 7
4 7 17
9 12 14
22 0 2
18 20 12
23 1 34
20 0 21
6 9 27
19 22 4
7 11 12
20 23 1
10 14 28
6 10 5
2 5 7
14 16 32
10 13 10
18 21 18
6 8 25
18 20 13
11 13 31
17 21 18
5 6 27
15 18 19
17 20 1
13 13 15
4 7 28
21 2 19
0 3 1
13 15 17
1 4 32
3 6 25
23 2 18
4 8 10
17 19 25
11 13 33
16 17 2
4 7 19
23 3 19
4 7 21
23 2 6
17 19 17
6 8 23
15 18 32
11 16 9
2 3 11
6 11 26
14 17 5
15 18 20
22 1 29
17 21 8
6 8 29
19 20 23
22 3 21
19 1 3
19 23 5
15 17 26
17 21 29
7 11 9
0 2 25
11 14 28
6 10 9
22 2 13
9 13 15
9 12 2
17 19 15
20 23 1
16 22 11
10 13 26
9 12 4
5 8 4
20 0 27
21 0 21
9 12 30
4 9 11
14 16 17
18 21 9
4 9 7
23 1 18
21 0 2
3 5 27
23 0 12
21 0 7
13 15 30
10 12 10
7 11 35
7 10 3
9 14 15
3 6 26
20 22 29
13 16 18
7 11 24
22 1 8
1 5 24
20 0 16
20 23 9
17 20 18
18 21 31
9 12 23
3 7 12
17 19 16
0 4 3
6 7 29
5 6 33
22 0 27
2 5 24
19 21 21
19 21 25
14 16 8
16 19 12
2 3 25
22 0 28
11 14 2
13 16 15
12 14 5
23 1 20
3 6 27
14 18 14
12 18 28
8 12 10
17 21 24
9 12 26
5 7 1
10 14 2
8 13 34
3 6 35
14 17 16
15 19 31
20 22 22
4 7 32
9 13 3
7 9 10
1 4 33
6 10 12
15 17 34
3 4 23
17 21 7
7 9 2
4 5 32
6 9 16
22 3 28
13 14 26
11 17 20
23 2 15
2 5 21
9 11 2
4 7 2
12 16 18
9 12 12
14 16 10
14 16 12
18 20 13
12 16 20
22 23 4
22 1 10
18 23 30
5 8 2
4 7 25
23 3 7
22 0 29
22 1 15
8 10 7
1 4 5
3 6 24
23 4 28
3 5 10
8 10 33
20 22 23
16 20 23
4 7 31
19 23 25
1 7 6
8 13 7
22 1 4
5 7 6
7 10 7
21 0 35
22 2 18
11 14 30
1 4 11
3 8 35
6 8 11
13 16 10
20 23 33
14 18 30
12 17 13
23 1 7
13 17 13
13 15 31
14 17 27
7 10 13
0 4 22
22 1 15
19 22 28
23 3 8
4 8 8
1 5 3
21 1 2
12 15 2
16 19 20
13 17 20
4 6 13
18 20 35
19 22 2
2 7 8
8 12 1
0 2 32
5 8 11
15 18 9
16 18 28
17 18 26
13 17 5
16 19 14
2 4 35
11 15 24
5 9 28
16 19 22
10 10 25
23 0 23
9 12 22
5 8 25
16 20 27
3 6 10
10 12 14
6 10 21
15 19 13
4 7 15
3 6 14
23 2 4
13 15 11
13 16 8
9 11 14
13 18 22
10 11 27
9 12 32
14 16 23
15 18 11
18 21 6
13 16 31
9 12 27
13 16 35
11 14 10
9 12 3
22 0 5
16 20 12
11 13 14
15 17 31
13 15 27
16 17 30
7 9 33
9 12 9
16 20 3
21 3 11
15 19 9
23 1 22
8 10 6
5 9 7
0 5 24
15 18 27
20 22 25
15 17 33
8 11 8
8 12 15
9 12 22
19 22 17
0 3 20
22 2 10
12 15 33
20 22 4
18 20 2
12 15 6
19 0 18
21 22 14
22 1 30
9 10 18
1 4 26
19 22 8
17 23 6
8 13 18
18 21 23
2 5 3
8 11 1
1 4 34
3 6 7
17 20 6
5 6 10
8 11 21
2 4 20
22 1 21
12 13 28
17 20 20
21 0 21
22 2 16
17 18 17
5 9 23
22 1 11
14 17 2
14 16 21
4 6 32
21 22 9
10 14 35
3 6 31
17 21 6
16 19 4
11 14 14
13 16 16
21 1 17
23 2 13
13 15 17
17 19 29
6 10 19
22 4 2
18 22 4
10 13 30
4 7 25
4 7 15
2 6 12
19 23 17
4 6 27
21 23 14
20 23 21
6 8 23
13 16 22
18 21 22
10 12 9
14 17 30
16 17 12
16 20 22
18 21 2
12 16 9
5 7 18
12 14 12
20 2 5
11 15 30
3 5 34
19 23 20
7 10 1
8 10 30
3 6 32
12 14 13
12 14 3
11 13 23
10 14 29
12 14 6
19 22 4
15 17 3
0 2 34
10 11 9
18 21 32
20 22 19
19 22 6
3 6 18
15 18 4
15 18 22
17 19 8
8 12 21
7 10 30
22 1 7
21 23 10
9 12 13
15 18 12
20 0 10
9 13 2
6 8 17
4 7 15
11 13 18
9 12 32
1 3 11
2 4 3
3 6 7
1 5 14
3 6 16
5 8 5
7 11 10
18 22 33
23 1 18
12 12 27
19 22 30
6 10 5
11 14 35
17 20 1
21 23 12
16 20 4
2 4 30
11 15 32
6 9 11
13 14 6
21 1 8
20 22 12
15 16 15
6 10 22
7 10 11
5 9 26
23 5 8
0 3 25
10 13 20
8 13 25
2 5 13
23 2 19
3 5 32
7 10 26
5 6 3
13 16 10
4 6 28
12 15 28
1 3 4
17 20 3
10 15 29
11 14 32
5 8 8
22 0 7
21 2 32
10 13 6
14 17 20
12 16 4
7 9 26
2 4 2
2 2 30
3 6 8
12 16 31
7 10 13
0 4 32
10 11 33
15 17 22
17 22 19
14 16 13
22 2 17
1 5 26
18 21 23
7 10 5
12 15 34
10 14 25
0 2 29
1 4 9
1 5 9
9 11 26
0 2 10
14 18 20
21 2 22
4 7 22
4 8 24
5 9 12
0 3 31
16 19 18
2 6 10
11 12 2
1 4 17
15 19 29
18 21 11
2 7 16
22 1 28
20 0 35
4 8 31
19 21 32
13 15 4
18 23 31
12 14 19
6 10 18
23 2 20
4 8 3
22 1 35
10 13 15
3 4 17
11 14 4
4 7 23
16 19 4
6 12 6
1 3 15
8 12 4
4 8 32
8 10 3
17 21 13
2 5 27
17 20 32
3 6 5
2 5 24
23 2 30
2 6 10
17 19 34
21 0 32
13 15 27
6 9 19
16 19 26
10 13 13
23 2 22
12 14 2
1 4 7
21 1 16
7 10 3
13 12 25
21 1 15
12 15 1
12 14 7
6 9 3
3 3 12
9 10 35
0 4 14
1 4 34
3 6 34
3 6 14
21 23 16
17 19 34
5 9 20
16 20 31
11 13 24
12 16 33
14 16 13
7 11 12
12 15 29
16 20 13
16 20 3
7 10 23
4 4 20
11 12 33
11 15 30
6 10 11
15 19 31
14 19 24
5 8 8
4 6 30
4 6 16
8 10 20
8 9 28
0 3 26
23 2 14
3 7 32
23 2 32
0 4 4
0 3 27
23 1 11
21 1 22
12 16 7
11 15 24
18 20 8
18 19 23
6 8 2
19 21 19
5 8 6
1 7 18
0 2 25
0 2 2
18 20 31
4 8 11
14 17 21
15 20 16
3 7 28
4 6 6
17 20 18
6 9 11
17 19 15
5 9 10
17 19 1
3 7 20
20 22 34
9 14 1
12 15 22
4 6 23
4 7 30
22 1 1
20 23 20
18 21 4
23 2 24
9 12 5
22 0 20
14 17 11
15 17 9
17 19 17
23 3 5
21 0 23
4 6 32
20 23 10
14 16 25
19 21 9
9 13 24
21 0 15
15 18 9
14 18 5
22 23 28
21 23 15
8 11 25
23 1 33
20 23 11
5 9 20
0 2 15
22 2 26
5 9 24
17 20 10
19 23 19
0 1 6
7 10 32
0 4 35
11 13 6
4 9 24
14 17 2
5 8 33
10 12 24
3 7 23
23 2 9
20 22 19
16 19 17
8 10 32
22 1 11
4 7 32
15 19 22
6 10 10
4 6 20
17 21 17
18 23 35
0 3 24
23 1 24
9 11 8
23 0 28
0 2 18
15 18 22
12 14 23
19 22 16
21 0 15
21 0 33
7 12 14
13 15 33
5 9 3
12 14 13
5 8 17
0 4 11
4 8 13
20 23 17
18 21 26
15 18 21
4 8 15
22 0 6
16 18 21
12 16 17
3 7 25
21 1 31
6 8 11
20 23 26
20 0 26
5 10 17
17 20 17
11 14 18
20 23 26
5 6 24
6 8 31
13 15 32
16 18 34
15 20 35
11 17 7
4 5 32
3 6 29
7 11 13
10 13 17
8 12 6
15 19 6
22 1 11
11 16 6
13 17 29
17 22 35
11 14 17
10 11 10
18 21 8
13 15 29
0 1 31
10 12 7
18 20 11
8 10 26
0 3 2
14 15 1
0 2 2
7 8 3
3 7 2
22 0 30
13 16 28
7 11 8
14 15 15
14 18 7
7 11 20
10 13 16
0 4 22
2 4 5
1 4 31
4 8 35
20 23 25
5 8 4
0 2 15
6 10 9
0 1 9
23 1 11
16 21 14
14 17 21
6 8 32
9 9 4
21 1 18
6 10 26
7 9 3
8 10 8
21 1 7
1 5 28
0 2 21
21 22 23
21 1 9
5 8 25
18 20 16
10 13 3
8 10 20
10 13 25
21 0 35
20 0 6
16 18 7
8 11 5
19 0 13
10 13 9
16 19 27
23 2 16
2 5 23
12 15 6
2 3 30
9 12 14
7 9 23
20 23 29
9 12 4
15 18 7
12 16 29
20 23 13
1 4 18
15 16 9
4 6 10
2 5 22
4 7 1
23 3 35
4 7 35
13 15 16
3 7 29
8 11 11
1 4 14
13 16 21
3 6 8
23 1 6
19 23 7
1 2 29
23 4 20
2 4 35
6 9 1
23 1 2
9 12 31
19 22 7
7 11 34
14 17 21
23 2 1
23 3 24
15 18 20
1 4 20
10 14 5
15 18 18
4 8 26
13 16 21
20 1 31
10 14 32
4 8 6
1 3 24
11 13 27
1 3 33
13 15 13
23 2 20
8 9 32
17 21 20
0 2 4
3 5 22
12 14 23
20 0 3
13 15 23
12 15 26
20 0 10
3 7 3
7 11 5
23 2 31
16 20 1
13 16 3
17 21 17
4 8 22
15 19 12
18 0 9
0 3 17
17 19 25
17 22 16
0 3 6
2 5 28
18 19 17
18 21 27
11 15 16
7 10 18
11 14 11
14 17 24
9 11 35
11 12 23
23 1 15
19 21 2
5 7 29
14 18 21
14 18 13
19 22 24
8 12 20
8 11 18
3 6 1
6 10 25
8 10 25
23 3 17
14 16 7
3 5 22
20 0 29
22 2 13
21 23 10
20 23 15
0 2 20
10 13 5
4 7 34
13 16 16
22 23 8
22 1 2
19 22 30
17 20 8
2 5 1
18 21 2
17 18 3
2 4 11
13 16 32
19 22 3
15 17 22
6 10 33
22 1 8
1 3 33
10 12 10
8 12 14
14 16 26
2 4 28
14 18 6
1 3 18
11 13 24
