9000 43
29 31 36 5 22 10 18 7 2 33 19 26 30 28 42 12 25 2 17 40 33 27 39 40 31 10 23 4 36 22 20 23 37 37 38 23 20 42 21 30 34 4 7 
4 7 20
12 15 20
19 22 9
21 23 37
14 18 35
20 1 13
19 23 5
21 0 1
8 11 41
10 12 22
9 13 22
8 11 35
22 0 26
1 5 16
11 14 27
6 8 37
13 17 22
14 18 3
20 21 17
3 6 42
7 9 43
13 18 20
7 10 26
4 7 12
2 4 18
11 14 31
1 4 19
12 14 19
0 4 15
16 19 28
11 16 29
19 22 14
18 20 22
7 8 35
20 0 39
19 20 28
14 15 17
11 14 25
1 4 8
5 8 17
10 14 11
21 1 12
11 12 24
2 5 14
13 16 30
6 8 27
4 7 4
18 22 23
5 7 3
6 10 34
8 12 15
16 19 31
9 12 17
7 9 3
5 9 4
7 9 18
17 19 27
9 13 26
0 4 37
14 18 25
1 5 9
17 21 23
6 9 42
21 0 13
9 10 41
7 10 26
9 13 5
12 15 18
18 20 23
22 2 43
12 16 34
15 18 33
4 6 39
5 7 39
9 13 25
15 17 25
18 20 28
6 9 34
21 1 8
23 3 9
10 15 11
15 18 18
12 15 35
8 11 20
9 12 35
21 0 29
17 19 24
5 8 16
11 15 11
15 18 31
12 15 28
8 12 19
12 15 6
21 0 7
19 21 17
15 20 20
10 15 32
17 22 34
21 23 37
10 13 16
3 5 30
7 11 29
5 8 22
11 14 11
4 5 13
5 8 16
15 18 8
7 11 25
22 2 12
20 1 31
23 3 15
1 4 31
21 23 32
11 13 1
6 8 30
3 7 17
13 17 14
3 4 9
8 10 39
19 23 38
16 19 39
7 11 33
22 1 24
15 16 26
10 15 7
5 8 4
20 23 5
16 20 21
11 13 1
11 15 40
14 18 27
20 23 20
4 7 15
3 7 37
13 16 1
19 21 28
16 18 28
13 16 14
13 14 25
22 1 39
9 12 35
23 2 41
13 16 38
11 15 23
23 2 3
7 12 18
6 9 35
19 21 6
14 18 5
17 19 28
10 13 30
11 14 30
20 22 22
16 21 9
13 14 4
22 0 42
16 20 30
12 15 31
3 8 21
17 22 26
15 18 2
4 6 25
15 16 18
21 1 20
2 3 17
12 15 33
4 7 40
3 6 4
18 21 1
23 1 2
14 16 38
2 4 26
14 18 22
19 23 23
1 5 14
12 15 20
12 15 29
3 5 9
6 9 26
8 11 14
2 4 29
2 5 10
23 4 24
18 22 25
9 12 24
10 12 39
13 18 5
0 3 32
9 10 14
1 3 37
8 11 17
18 23 28
0 4 31
14 16 17
4 6 14
17 21 30
20 23 31
17 21 13
11 13 21
8 11 14
9 11 36
3 5 24
23 1 16
20 22 4
10 14 23
4 7 30
10 13 16
7 11 2
21 23 30
8 11 36
5 8 10
15 18 6
5 6 37
15 16 7
17 20 27
13 17 11
23 3 31
11 14 39
4 9 1
19 23 25
20 22 21
16 19 7
21 0 10
22 1 40
5 7 40
1 3 8
3 6 40
22 1 33
8 12 17
9 13 31
12 17 43
21 23 14
20 1 15
8 12 26
5 7 34
6 8 18
6 8 34
4 7 16
10 13 30
15 18 3
0 4 42
22 22 41
21 22 24
11 13 34
10 13 9
10 14 37
1 4 2
11 14 3
8 10 18
12 16 10
9 14 2
17 20 23
18 21 17
16 19 28
8 12 9
11 14 38
15 20 17
19 21 14
16 19 25
12 15 18
16 18 13
15 17 12
23 1 29
3 7 36
7 10 3
12 15 42
18 22 38
16 19 35
10 13 28
5 8 11
20 23 4
12 17 12
10 13 26
19 22 39
5 9 1
11 14 30
5 9 19
19 21 23
2 5 26
15 18 26
15 19 7
0 4 28
12 14 38
4 7 13
3 5 11
17 20 31
21 0 3
19 22 42
0 2 39
22 0 14
16 19 8
1 3 37
8 12 19
9 10 13
18 19 39
0 3 2
9 13 24
23 3 41
15 17 27
0 3 8
19 23 22
23 2 32
8 12 42
9 11 12
9 12 9
12 14 43
11 13 37
0 2 28
4 8 12
19 23 39
19 22 8
18 19 14
19 21 34
12 16 29
18 20 19
1 4 19
5 7 24
15 19 19
22 1 22
9 12 21
23 1 25
0 2 31
4 7 8
21 1 1
21 0 35
1 4 25
2 5 35
4 7 21
11 13 10
3 6 14
17 21 2
21 1 38
2 5 15
0 4 15
5 6 12
22 1 7
13 16 28
3 5 36
18 21 2
20 23 8
8 11 31
11 15 39
14 16 11
12 16 27
7 10 40
7 10 26
5 9 39
10 13 42
16 20 33
17 21 5
6 10 39
14 17 34
21 0 16
4 8 27
20 23 27
1 5 22
11 13 38
15 18 10
22 0 32
21 0 26
14 17 27
13 17 25
2 7 40
5 8 41
9 12 41
15 18 32
8 11 27
21 1 35
23 2 19
9 11 21
21 0 15
23 1 29
16 18 19
7 8 12
10 15 28
0 2 5
11 15 3
22 0 1
15 18 7
23 2 19
5 8 24
14 17 43
1 3 17
15 19 6
0 3 30
8 11 7
23 2 27
10 14 7
6 9 30
0 3 21
17 20 1
17 19 29
22 3 28
20 23 40
11 14 39
4 6 30
10 13 40
15 18 30
2 5 33
3 4 30
23 1 34
0 3 24
9 13 9
3 5 19
22 1 6
10 14 15
8 10 16
8 11 30
5 7 17
12 17 10
6 9 13
12 16 6
14 17 30
15 18 2
13 15 41
17 19 33
16 18 4
16 19 17
22 0 11
16 19 16
14 17 6
11 13 34
9 13 11
5 8 31
19 22 28
10 13 32
11 14 43
22 0 32
6 9 42
2 8 16
15 18 12
18 19 11
12 11 18
5 7 41
16 18 23
4 5 14
20 23 23
2 4 39
4 7 4
9 12 32
4 7 31
6 8 41
23 3 24
14 17 22
20 0 20
8 12 7
14 18 11
4 9 32
7 9 22
10 12 5
1 3 2
4 7 26
9 12 43
17 22 6
10 14 8
21 0 42
0 2 5
7 9 40
2 5 24
10 15 3
11 14 35
10 13 3
2 7 24
6 8 28
4 7 15
4 7 32
21 1 37
6 10 32
9 11 38
12 15 25
8 11 25
22 1 37
5 7 35
16 19 38
18 21 1
12 16 34
5 7 18
21 21 30
7 9 13
10 15 33
15 19 11
21 1 5
22 1 7
12 16 11
0 3 18
3 7 33
2 5 8
3 6 16
9 13 12
11 15 31
18 19 14
5 9 38
7 11 21
13 16 39
8 11 38
20 1 38
1 3 25
14 17 22
5 7 26
17 20 13
4 6 1
0 2 23
3 6 9
11 13 18
14 16 4
12 16 5
21 22 18
3 7 21
16 19 24
8 12 18
23 3 36
22 2 29
16 19 37
18 22 34
9 12 31
12 15 36
21 1 17
1 4 25
1 5 37
18 23 35
14 18 34
17 21 8
19 23 9
0 3 5
14 15 20
19 21 23
3 5 36
7 10 34
13 13 19
15 19 4
22 1 13
18 21 17
6 9 11
17 21 26
10 14 28
18 20 18
12 15 30
9 13 27
19 22 28
23 3 6
5 7 28
3 6 25
17 19 38
6 8 2
16 21 3
18 21 42
23 2 1
0 3 41
2 4 30
0 7 29
14 17 30
15 18 27
1 4 34
19 22 39
4 5 11
7 10 29
12 15 23
17 19 2
5 7 33
2 4 18
9 10 33
14 17 18
17 21 33
23 0 28
14 17 37
2 4 29
10 14 29
9 12 35
0 3 35
4 7 33
22 1 14
7 9 13
15 18 23
15 19 9
16 20 33
3 6 32
10 14 25
11 13 37
23 3 19
13 15 14
2 6 40
3 6 42
19 22 3
16 18 16
23 3 33
5 8 32
22 1 7
14 19 19
10 12 38
2 6 16
8 12 19
10 12 4
11 13 10
7 10 25
13 15 40
5 9 37
8 12 40
18 21 19
23 3 41
23 1 5
23 2 41
7 11 26
4 7 6
3 8 25
6 8 13
19 23 2
10 13 29
14 16 21
21 2 30
11 13 21
11 14 32
19 21 5
10 14 37
13 16 29
9 13 43
16 20 1
22 1 10
21 0 26
16 18 35
7 9 36
18 21 27
3 5 6
19 22 21
15 18 4
3 7 38
15 18 8
20 0 11
21 23 22
1 3 27
10 13 43
7 8 19
7 8 40
19 23 8
1 3 40
2 7 39
14 17 15
10 14 15
15 18 15
7 10 10
14 17 38
9 10 31
11 15 32
19 22 4
17 21 16
10 13 23
3 4 41
14 17 39
8 11 39
4 8 1
20 0 4
8 11 37
6 9 36
15 16 26
19 21 16
10 14 4
10 13 8
11 14 20
4 5 18
19 21 11
6 10 38
8 11 6
11 13 15
1 4 25
12 16 14
1 4 18
23 2 3
12 16 38
16 19 35
12 15 23
7 10 36
5 8 5
1 4 32
12 14 2
23 1 28
19 21 22
7 8 2
18 21 25
5 9 17
10 13 2
10 13 4
12 15 31
17 20 8
11 15 17
5 8 29
20 23 25
23 2 37
20 1 12
17 19 34
21 23 5
19 0 27
8 11 14
18 22 35
14 17 24
6 10 15
12 16 5
20 23 32
21 2 43
2 6 28
4 8 27
0 4 9
3 6 37
23 3 29
15 18 9
10 14 36
20 23 39
13 16 24
8 9 15
14 18 3
5 7 30
1 3 13
16 20 28
8 11 31
18 20 8
0 2 32
1 5 2
22 1 25
20 23 33
12 17 24
22 3 7
6 9 26
13 18 20
8 11 42
1 4 34
12 15 43
11 15 22
18 22 39
9 9 41
2 5 5
13 17 8
19 22 14
22 2 8
17 22 25
12 16 22
4 7 5
2 5 43
9 13 31
19 21 3
23 0 3
11 14 15
19 22 2
13 16 15
13 16 13
12 15 27
10 14 20
16 18 9
7 11 25
5 9 42
19 22 10
22 1 28
17 22 32
13 16 42
21 2 29
9 12 13
1 3 1
21 0 22
0 3 40
10 12 4
11 14 25
22 3 14
1 2 31
1 4 6
2 6 24
11 14 42
20 23 2
15 19 1
13 18 26
10 13 29
21 23 10
5 5 34
19 20 27
8 12 41
14 18 14
18 20 7
14 18 28
19 23 4
10 14 41
14 19 30
19 22 17
16 20 25
12 16 43
4 7 4
19 22 13
6 10 9
2 4 17
9 12 34
5 7 34
4 5 39
4 7 40
1 5 26
22 2 31
2 5 13
18 21 10
15 18 16
23 0 13
20 22 17
0 3 34
7 10 25
0 2 11
1 4 38
13 16 16
1 4 13
8 13 16
23 3 29
18 20 12
16 19 23
18 22 33
17 19 27
22 0 26
6 8 15
11 14 19
16 20 29
10 16 10
16 18 16
6 9 34
5 7 29
7 12 24
15 18 9
6 10 18
16 18 39
15 19 13
9 12 38
10 13 31
6 9 7
12 17 28
20 22 23
4 7 7
21 23 40
9 12 16
5 8 6
14 16 15
5 9 10
1 3 43
2 5 30
7 8 29
19 0 6
6 9 38
4 7 3
11 14 15
6 10 24
19 22 7
13 16 36
4 7 42
11 14 30
3 7 29
11 15 21
16 19 41
17 19 43
6 9 38
6 11 3
3 5 34
4 8 41
21 1 10
22 1 22
21 0 25
19 23 15
22 0 31
23 0 3
4 7 29
12 14 20
15 17 43
1 3 9
23 2 14
6 8 28
14 18 26
21 23 6
23 1 30
14 17 25
6 9 40
15 17 40
19 23 24
7 11 39
15 18 14
18 20 16
14 18 10
6 11 31
9 12 29
20 23 21
13 15 4
18 23 1
22 0 10
17 20 29
17 20 32
23 2 33
18 23 37
0 3 18
9 12 26
15 17 6
22 1 24
7 11 23
6 9 23
16 19 17
18 22 5
23 0 43
15 18 1
18 21 39
16 19 29
5 9 4
7 10 30
19 22 15
15 17 24
5 8 15
21 22 26
12 15 43
10 14 8
16 20 39
19 21 41
17 20 9
17 21 3
12 15 4
23 3 31
9 10 35
21 0 42
13 14 24
0 2 19
12 15 32
5 8 6
2 5 15
3 5 11
6 9 33
7 10 30
11 16 10
16 19 8
20 1 15
16 19 19
16 21 31
8 11 2
11 15 1
23 2 43
10 13 22
6 11 42
6 11 25
21 23 26
14 17 26
0 3 23
8 12 27
3 7 13
1 5 30
9 11 8
8 11 9
21 0 10
6 8 14
11 13 5
4 7 43
21 2 17
14 16 33
22 2 40
8 10 35
1 3 17
0 1 14
3 7 18
15 17 3
1 6 11
7 10 40
14 16 26
8 11 33
22 2 6
10 12 6
10 14 12
23 2 14
16 18 6
18 21 19
22 1 5
12 15 1
16 21 18
6 10 18
7 10 1
17 20 21
9 12 12
0 4 7
18 21 13
16 18 42
19 22 11
21 1 7
15 20 2
4 6 15
16 18 18
4 7 13
7 11 26
8 12 5
23 3 39
7 10 41
1 6 14
23 2 30
16 20 30
6 10 3
19 22 19
12 16 36
15 18 17
1 4 30
13 16 9
18 20 40
20 23 20
6 10 40
11 14 4
19 21 8
0 3 1
8 11 28
15 18 39
0 2 27
7 9 16
19 23 12
10 13 41
3 7 14
6 9 35
12 14 9
18 22 6
5 10 26
12 14 19
3 4 35
13 16 10
21 1 16
23 1 24
3 8 10
9 12 18
1 4 39
7 11 2
11 14 1
10 12 15
22 3 27
2 5 18
3 5 32
13 17 11
19 20 15
8 11 4
17 19 14
14 17 11
9 13 35
6 9 1
0 2 11
13 17 40
0 2 20
8 9 4
20 22 40
4 7 3
22 1 27
0 2 26
9 12 33
11 15 11
8 10 15
10 13 8
11 15 17
1 4 43
19 0 13
17 19 24
10 14 35
6 8 11
13 16 18
14 16 32
3 8 29
0 3 10
20 21 2
22 23 17
1 5 38
20 23 3
19 23 31
13 16 12
13 14 4
22 0 29
4 4 28
15 15 9
18 21 20
14 18 10
18 22 5
10 14 35
16 18 15
20 22 13
5 8 22
10 14 2
3 8 29
23 3 31
4 7 25
7 10 15
14 16 3
16 17 5
2 6 28
21 0 24
12 14 2
14 17 37
13 15 38
17 19 36
12 14 20
19 21 36
10 12 12
17 20 9
13 16 19
18 20 3
22 2 40
10 12 16
2 6 25
20 22 43
3 5 31
21 1 7
0 3 3
8 9 22
19 22 4
4 7 1
9 13 42
10 13 13
23 1 29
9 9 2
21 23 19
14 16 25
22 1 25
12 15 23
0 5 43
15 18 41
22 2 11
9 13 40
17 21 7
15 19 42
17 19 6
15 17 19
16 21 19
22 1 21
8 11 34
2 4 25
13 15 5
11 14 31
16 19 15
19 22 15
10 13 43
20 23 29
21 1 5
18 23 12
4 5 9
13 15 14
12 15 43
14 16 42
4 7 36
12 13 10
1 1 19
15 19 14
23 2 21
15 18 9
7 10 43
16 20 8
10 14 40
19 22 40
9 12 24
12 15 13
2 5 16
17 19 6
0 3 28
4 8 17
1 4 12
7 10 9
0 4 11
23 1 16
20 23 25
23 1 39
20 1 28
23 2 43
3 5 11
8 12 36
7 8 34
16 18 17
16 19 42
20 23 39
19 23 15
15 19 11
20 23 43
15 18 22
16 19 28
22 0 20
6 7 40
3 5 11
8 10 19
16 20 10
8 12 4
9 11 28
19 23 5
12 14 29
16 18 30
11 14 28
11 14 6
7 11 37
6 7 37
11 15 41
12 14 30
2 6 28
14 17 1
9 13 39
13 16 40
2 4 13
5 8 24
1 3 20
3 7 5
20 1 28
17 20 15
22 1 32
20 0 3
16 19 2
14 16 11
0 3 40
14 17 32
12 14 35
15 17 34
20 0 30
11 13 40
0 4 29
2 5 28
18 21 30
17 22 43
18 20 2
19 20 24
15 18 3
17 21 33
12 14 29
8 11 18
20 23 23
14 17 16
18 21 29
10 12 3
19 23 25
8 12 23
18 20 15
14 16 39
16 19 4
5 7 36
23 3 7
1 3 28
16 18 22
11 15 42
22 0 40
10 15 30
4 7 42
17 18 19
18 22 29
6 9 34
0 3 13
20 23 29
22 1 25
20 0 14
6 10 25
10 11 19
8 11 19
13 16 40
15 18 22
22 2 17
1 2 40
3 4 35
11 14 31
6 10 15
5 8 19
17 19 21
11 15 3
22 1 14
1 2 27
23 2 9
6 11 16
19 21 15
11 13 22
5 8 25
4 5 3
7 11 29
21 23 34
19 21 43
0 2 4
2 6 34
13 18 43
10 12 31
10 13 19
2 3 6
10 12 25
16 19 17
14 16 11
15 16 37
1 4 2
6 9 3
23 2 33
18 22 13
8 10 33
10 13 40
4 6 40
11 14 39
13 16 2
18 19 27
7 10 13
17 19 19
17 20 30
18 22 15
1 3 14
19 0 33
21 0 36
6 10 31
2 5 19
17 20 39
2 6 32
11 14 23
19 21 35
15 18 26
23 1 31
4 8 25
20 0 29
23 1 22
19 22 27
22 1 19
0 3 14
20 0 30
18 20 37
4 7 9
18 22 43
10 12 17
5 8 1
21 23 25
15 18 43
0 3 22
22 2 11
13 16 40
12 14 32
2 5 21
12 15 26
17 20 37
6 10 3
6 7 15
20 22 38
5 8 19
8 11 14
3 6 1
21 23 25
3 8 8
2 5 16
3 4 24
21 0 17
14 18 27
23 2 25
3 6 4
12 14 27
13 16 12
17 20 5
8 11 33
14 17 43
23 1 6
15 18 13
10 11 19
8 12 26
2 6 3
1 4 17
16 17 20
9 11 4
22 1 10
0 4 19
10 13 33
14 17 26
20 23 16
2 5 7
19 20 17
4 7 20
22 1 10
0 4 2
10 12 8
14 16 21
0 2 16
13 16 2
0 3 17
3 5 33
18 22 24
8 11 31
7 10 21
2 4 30
0 4 42
18 21 9
15 18 8
18 23 26
15 18 31
1 3 23
11 14 23
7 10 8
19 0 34
0 2 16
8 11 1
1 3 20
4 6 24
17 20 4
20 22 28
16 18 19
21 1 41
15 18 4
5 8 16
4 8 42
3 5 29
20 0 22
16 19 15
21 23 5
7 11 1
0 3 5
9 12 31
16 19 8
3 5 42
3 6 17
3 6 34
16 17 43
22 1 40
0 4 43
14 16 38
4 8 22
14 19 4
7 10 2
17 21 7
5 7 27
6 9 8
1 5 19
3 6 38
7 10 5
4 7 15
8 11 22
8 10 40
9 11 31
4 7 38
6 8 30
12 15 7
4 6 23
9 11 15
10 14 37
6 8 7
18 21 31
7 10 23
7 12 5
22 1 22
9 13 37
21 22 5
5 7 34
21 1 8
12 16 19
12 15 39
15 18 35
11 14 5
14 17 31
2 6 25
8 11 27
6 10 7
17 21 30
18 20 37
16 18 24
0 3 3
22 2 41
5 6 29
1 4 8
12 16 9
10 13 28
3 6 14
0 3 9
4 8 42
0 2 19
2 6 39
3 6 16
1 5 11
4 7 31
6 10 9
6 7 1
5 7 10
22 0 26
4 7 27
13 19 39
14 16 19
2 5 3
0 3 37
3 5 23
23 3 8
6 9 27
23 1 13
16 18 1
11 13 33
16 19 10
16 19 5
1 4 35
4 9 14
4 6 1
18 22 9
15 18 31
19 22 43
22 0 13
5 9 31
22 2 40
2 5 13
12 15 34
6 9 36
5 7 15
0 3 8
1 6 19
16 19 16
5 7 7
8 10 25
2 5 7
21 23 6
15 18 13
1 5 2
10 13 5
8 11 11
3 7 40
3 5 43
6 9 43
13 18 25
11 13 12
6 11 12
4 5 22
19 22 2
21 1 1
0 4 28
1 5 21
16 20 21
0 3 20
1 5 14
2 4 35
16 17 43
18 22 43
16 18 12
6 9 27
8 11 20
1 5 7
16 20 12
17 19 18
7 10 1
1 6 19
3 7 4
13 17 41
16 19 41
13 16 6
18 21 10
8 10 40
14 17 39
1 3 26
23 2 1
8 10 30
22 2 35
21 1 36
4 8 30
12 14 32
1 5 6
17 19 32
21 0 40
12 17 19
10 15 24
23 3 27
5 8 11
6 10 25
1 3 34
0 4 22
5 9 7
22 1 2
11 14 16
6 9 34
11 15 34
1 5 13
13 13 36
7 9 11
23 1 22
17 21 10
17 21 12
8 11 41
0 2 9
0 2 14
20 22 20
11 13 16
6 10 3
22 23 33
9 12 38
4 6 12
8 12 42
11 15 14
23 1 41
12 15 25
2 6 31
12 16 23
18 21 32
7 11 14
7 9 1
0 3 28
23 1 30
6 8 28
12 15 7
18 21 42
0 2 38
8 11 2
16 21 22
4 9 5
22 2 41
20 0 37
9 11 43
5 8 28
18 20 11
21 0 17
4 5 39
5 9 25
20 22 10
4 8 16
18 22 23
16 19 40
9 12 19
7 8 42
23 2 42
11 13 8
8 11 26
16 16 22
9 12 22
13 17 42
12 15 31
21 23 3
22 1 41
15 19 16
1 3 33
18 21 7
5 7 38
5 9 36
5 8 34
14 16 14
11 15 32
10 12 21
0 6 20
7 10 18
7 10 4
11 15 26
6 7 36
14 17 9
6 8 1
9 11 4
22 0 5
23 1 28
21 0 17
10 14 43
23 3 39
22 2 10
20 1 43
11 14 3
4 8 14
14 17 22
15 18 22
12 15 10
20 21 37
2 5 21
9 12 12
20 0 28
0 3 8
19 21 39
12 15 41
6 10 5
7 10 15
9 13 4
1 5 43
3 7 5
20 23 21
19 22 38
23 2 3
9 13 2
4 5 30
9 11 19
19 22 38
8 11 38
21 0 34
4 8 35
20 0 2
21 23 4
9 11 27
19 21 21
9 13 33
20 22 39
6 7 35
16 19 9
6 8 2
17 21 16
0 4 8
17 21 19
17 22 25
18 22 26
17 19 24
11 13 9
9 12 41
1 5 18
4 7 1
15 20 18
7 10 4
12 15 22
0 3 12
23 2 29
21 0 5
21 1 13
19 23 32
19 22 17
20 22 32
15 18 37
17 21 13
5 8 1
1 4 3
12 16 14
10 15 5
0 3 35
14 17 7
19 21 36
14 17 33
1 6 5
16 18 13
10 14 33
21 23 33
23 3 13
10 16 23
13 15 2
21 2 6
23 2 29
4 7 16
10 12 35
17 21 39
5 9 43
4 6 39
3 8 33
1 6 35
7 9 21
9 13 21
5 8 12
9 12 9
0 3 24
14 19 42
10 13 35
9 12 43
10 14 32
10 12 36
15 18 4
9 14 31
3 7 35
0 2 30
0 3 33
22 1 3
14 16 32
6 8 22
0 1 35
16 17 21
12 15 37
7 11 16
18 21 41
23 0 4
18 23 18
9 11 18
13 18 13
7 10 5
10 16 23
17 20 22
17 20 1
3 6 20
13 17 9
14 16 41
9 11 32
4 8 36
13 16 42
0 2 28
5 7 24
4 7 6
2 6 6
23 3 35
5 7 43
2 4 21
16 18 24
22 0 17
19 21 19
15 17 29
5 8 20
4 6 34
17 20 3
3 8 24
10 14 23
4 9 25
11 15 21
3 6 35
13 16 1
16 19 42
14 16 15
5 8 15
17 21 3
9 11 33
4 6 32
16 20 25
18 21 43
17 19 18
15 18 42
0 2 16
6 8 19
16 19 26
10 13 9
6 9 17
5 7 18
14 19 21
12 17 5
23 3 29
15 17 21
10 13 23
8 11 10
21 0 14
11 14 5
4 8 25
9 12 12
6 9 5
13 16 30
4 6 3
2 6 41
3 6 7
21 23 39
20 23 18
9 13 35
4 8 35
15 19 20
14 17 35
15 17 37
20 23 37
11 14 32
2 6 13
4 7 25
13 17 21
12 14 22
13 18 42
16 20 25
6 7 31
23 1 5
9 11 11
4 4 10
7 9 4
18 21 40
18 21 27
9 13 30
6 10 11
19 22 27
18 20 39
20 23 41
14 18 39
18 21 29
13 16 15
18 21 17
9 12 28
21 1 7
8 11 43
1 6 27
7 11 8
20 23 34
18 23 40
12 16 35
22 1 31
12 16 19
0 4 38
5 10 29
2 4 20
14 19 3
22 1 7
6 10 36
4 8 7
12 16 12
6 10 33
12 14 31
20 0 14
22 1 41
4 7 3
1 7 37
9 11 8
0 4 11
18 21 18
8 12 4
16 21 3
14 17 20
8 10 3
15 17 6
5 7 13
16 19 13
1 1 17
5 8 18
18 21 42
15 17 28
10 14 19
23 3 10
6 10 14
12 15 4
22 1 28
15 18 13
23 4 33
7 11 22
9 12 14
4 9 43
6 9 12
3 7 25
21 22 1
11 15 27
7 9 17
2 5 9
6 7 42
5 8 29
1 5 28
18 23 38
0 3 39
0 1 20
6 8 31
21 2 28
3 5 2
12 15 40
22 1 18
8 10 27
8 10 8
6 9 25
18 20 29
1 3 13
2 4 16
0 1 38
6 10 5
16 19 10
15 17 12
16 19 20
11 15 15
7 10 42
6 10 30
6 7 30
16 19 43
20 23 24
22 3 38
7 10 11
5 8 41
11 15 18
13 15 13
11 15 11
10 14 9
7 11 34
13 18 32
2 6 20
19 22 9
23 3 12
0 2 23
5 7 10
17 21 5
0 2 43
13 17 19
22 2 5
6 8 7
21 1 2
19 0 9
17 21 36
15 17 36
10 14 37
22 2 12
17 20 14
2 6 41
14 17 33
14 17 42
0 2 43
4 7 38
18 21 11
11 15 40
8 11 33
15 17 16
17 20 33
1 4 14
23 1 18
23 3 41
1 5 11
0 2 18
5 7 27
14 18 23
18 22 22
22 0 32
17 21 38
8 12 13
19 22 5
0 3 8
20 21 25
14 15 21
13 18 3
11 15 5
15 18 27
19 23 16
10 15 23
20 23 38
23 1 23
16 21 10
19 20 41
0 3 22
12 15 38
18 22 38
17 19 41
1 5 7
5 8 25
8 10 43
12 14 30
15 19 37
22 2 11
11 13 17
17 20 41
4 6 7
7 11 14
5 9 32
2 7 18
22 1 43
13 16 8
3 7 19
9 11 24
5 8 29
20 23 1
10 13 7
18 21 17
8 12 34
21 22 4
22 1 28
16 18 28
22 1 14
7 10 26
19 20 33
8 9 22
0 3 5
17 20 22
7 12 4
3 6 24
15 17 43
23 3 37
1 5 40
4 8 1
16 20 32
21 2 37
10 14 40
23 4 33
11 13 23
10 11 38
15 17 23
16 18 19
13 17 43
22 0 30
2 5 1
3 6 32
7 9 16
17 22 6
13 16 6
7 10 35
0 5 19
18 21 8
9 12 39
7 10 22
11 15 33
6 8 40
23 2 15
0 2 14
5 10 38
17 20 8
6 9 1
3 7 14
23 2 11
18 21 30
5 6 17
18 20 2
7 9 11
20 23 15
21 0 20
10 13 2
7 8 12
14 17 14
8 9 33
8 12 29
7 9 20
10 12 38
17 22 28
10 12 31
14 20 43
10 12 9
0 2 25
6 9 20
2 6 18
2 5 39
5 7 11
21 0 31
14 16 38
3 5 39
3 6 6
4 7 16
14 17 20
2 5 33
0 4 32
0 3 27
19 23 8
19 22 24
15 16 1
15 19 18
12 14 33
1 3 29
18 20 14
23 3 16
3 6 28
4 7 21
14 17 36
0 3 11
20 23 40
23 1 34
7 10 41
13 15 20
11 14 30
9 12 32
13 19 8
16 20 30
15 17 27
2 6 23
18 21 20
6 9 35
4 6 33
17 19 17
8 10 16
15 18 38
8 12 10
23 2 43
12 15 35
10 13 27
8 11 10
21 1 32
2 5 30
8 11 15
15 17 35
23 1 12
5 8 4
4 6 12
17 20 23
16 20 42
13 17 29
19 22 43
0 3 17
7 10 23
19 22 17
17 20 12
5 9 30
6 11 36
16 19 1
17 18 7
14 15 7
6 9 41
16 20 18
16 20 1
18 22 12
13 16 6
13 16 12
11 15 29
11 13 14
7 10 30
13 15 15
22 1 23
19 21 12
5 7 25
18 22 4
2 5 15
21 0 35
21 23 24
13 16 34
7 9 26
7 10 36
20 0 39
18 19 33
18 21 12
12 14 43
18 20 42
23 2 12
22 0 35
2 3 2
23 2 36
23 2 36
5 8 32
9 13 43
21 23 41
12 13 25
2 5 5
8 12 40
7 10 42
2 4 41
7 9 4
16 18 39
5 9 29
19 20 9
15 20 16
18 21 3
0 4 22
14 17 22
14 17 23
5 9 28
10 13 6
16 19 36
20 22 10
3 6 6
14 16 13
15 19 23
2 4 40
5 8 22
7 9 36
8 10 22
21 1 26
7 10 25
5 8 1
19 23 17
12 16 37
23 2 26
12 16 18
21 0 27
18 21 32
18 20 3
18 21 28
21 23 5
13 16 3
1 4 40
19 23 24
0 4 10
8 11 40
3 5 7
1 3 31
19 0 35
11 13 33
1 4 30
1 4 42
7 11 43
19 21 28
22 1 18
7 9 1
1 5 4
4 8 25
21 1 29
14 17 39
16 18 7
17 20 7
23 1 12
3 8 4
0 2 42
9 13 37
16 17 40
7 10 23
22 1 24
7 8 14
5 6 43
11 14 12
18 20 33
12 14 35
1 5 21
4 7 39
13 16 34
5 5 27
6 10 23
0 3 34
11 12 33
11 14 29
9 12 43
22 3 13
11 14 2
5 7 7
23 3 35
16 19 32
17 20 10
14 16 26
22 2 6
8 9 17
19 22 12
14 17 15
17 20 11
8 8 24
20 0 27
12 14 18
11 15 7
22 1 11
12 17 23
18 22 18
14 18 12
17 22 9
6 9 15
5 7 28
17 22 43
3 6 40
2 4 24
20 0 32
1 2 9
8 8 9
10 12 22
17 20 17
6 8 19
6 8 23
20 0 5
23 4 16
7 11 38
8 13 33
4 7 18
13 16 5
15 19 34
14 16 6
6 10 43
12 15 30
16 20 17
14 19 41
18 20 26
21 1 31
15 19 24
22 0 22
4 10 3
12 13 40
13 16 7
4 6 34
3 7 16
17 19 10
4 8 30
15 20 12
23 3 2
7 10 13
5 9 7
23 1 26
6 9 21
9 12 43
1 3 30
21 0 15
16 19 24
2 4 37
17 20 43
12 15 14
13 16 25
3 4 20
2 5 6
14 17 21
20 0 21
11 15 14
21 0 41
5 8 15
5 8 26
23 2 30
1 4 18
19 23 28
14 14 23
0 5 37
19 22 22
5 8 19
4 7 14
1 4 17
8 11 21
19 21 27
22 0 19
20 0 37
5 9 23
18 20 18
22 3 32
21 23 16
18 21 8
19 21 37
14 16 35
19 21 33
1 5 10
14 16 30
17 18 26
6 9 36
15 18 5
19 23 23
5 9 12
9 13 21
13 16 33
14 17 29
9 14 42
4 7 27
3 4 15
10 14 21
15 19 34
1 5 5
5 10 17
4 7 5
5 6 12
9 12 14
19 22 14
7 10 20
7 10 16
21 2 21
6 8 20
13 15 14
10 12 33
8 11 4
22 0 7
1 4 35
17 21 36
16 19 3
16 18 39
17 19 19
1 5 12
12 16 19
6 10 18
17 19 29
2 4 4
4 8 42
10 13 31
4 5 30
19 23 12
4 7 17
6 9 14
6 9 24
13 14 37
18 20 15
12 16 14
16 20 1
16 19 27
13 18 12
21 1 1
13 16 42
2 4 32
23 1 2
14 18 24
1 5 6
6 8 5
12 16 28
2 6 14
2 1 27
4 6 31
0 4 4
4 5 25
18 20 13
11 14 31
5 9 15
11 13 4
22 1 34
20 1 3
22 23 32
18 22 36
11 14 11
4 7 16
12 15 23
11 16 9
23 2 26
0 2 25
11 13 16
5 7 20
3 7 23
22 0 5
4 7 10
4 8 17
17 21 23
12 14 42
21 2 20
12 15 26
17 19 43
8 13 14
19 22 40
8 11 4
1 4 14
0 3 42
23 1 35
15 20 33
21 23 33
15 18 18
15 18 2
22 1 30
7 12 29
1 3 1
17 19 42
23 2 4
20 23 34
15 18 16
21 0 35
19 21 25
22 2 11
16 19 17
18 21 25
17 19 13
7 9 24
15 16 33
8 11 10
19 23 36
20 22 16
9 14 34
16 19 3
11 14 33
6 9 41
15 18 7
8 11 31
15 18 20
12 16 20
0 4 24
14 18 41
23 4 2
8 11 23
6 10 37
11 14 10
21 0 27
23 1 25
4 6 26
22 23 39
0 3 11
2 7 6
2 3 12
21 1 18
18 21 11
11 13 9
17 20 43
8 12 4
19 21 15
17 22 13
14 19 11
10 13 34
14 18 42
8 10 28
2 5 7
6 8 25
19 22 12
5 8 5
9 12 29
20 22 10
4 8 6
13 17 15
14 17 15
2 5 13
5 7 14
2 5 7
17 19 11
20 23 10
16 18 4
9 12 39
16 20 21
10 13 42
21 0 30
11 14 27
11 13 29
2 6 38
17 19 8
7 12 7
4 6 16
20 23 2
6 9 3
8 11 14
17 20 29
8 12 39
2 4 18
7 9 35
17 20 34
5 10 23
21 23 26
16 19 30
15 16 39
15 19 6
6 7 26
18 22 21
9 11 28
16 19 19
15 19 5
8 13 36
23 2 19
8 11 17
3 3 11
2 5 6
13 16 25
11 15 13
23 3 31
11 14 9
21 1 37
19 22 18
20 23 3
8 11 3
9 11 41
21 23 19
19 21 5
3 5 15
1 3 25
4 7 9
13 16 8
20 23 15
20 21 16
9 12 9
7 10 15
17 21 24
22 2 8
19 23 33
1 5 8
9 12 13
16 20 37
8 11 29
8 9 2
1 4 24
11 14 20
5 7 38
8 11 42
18 22 41
3 5 17
3 7 3
9 13 19
13 17 21
6 10 10
1 5 1
5 8 40
8 10 2
4 7 39
2 4 27
5 6 25
7 11 39
13 15 32
2 4 22
8 13 39
2 2 13
12 16 23
6 9 21
18 21 8
2 4 17
15 17 39
9 11 7
20 22 41
5 7 33
20 23 13
7 9 27
0 4 27
22 0 6
11 13 25
8 10 11
21 21 28
9 12 28
6 8 42
16 18 39
20 21 5
5 9 30
14 18 20
2 4 16
11 14 25
0 3 41
13 17 4
18 22 2
3 7 32
14 17 11
19 23 19
13 15 27
6 8 40
1 5 18
15 18 35
0 3 5
10 12 21
11 15 32
3 6 17
14 19 24
22 2 40
0 1 39
3 7 42
3 7 1
4 7 19
5 6 26
13 16 25
9 12 29
19 22 20
1 4 28
12 15 17
9 12 20
18 21 11
23 1 16
6 9 6
16 20 33
22 1 27
11 15 21
19 19 39
9 12 35
20 0 43
19 22 24
11 13 12
1 5 31
11 14 25
16 20 19
1 3 16
20 0 10
11 13 39
6 9 4
13 14 41
7 10 16
9 12 33
21 23 4
9 11 20
19 21 35
1 5 39
0 4 15
6 9 13
20 0 25
16 19 24
10 12 9
15 18 3
12 13 2
7 9 43
5 8 13
3 6 9
1 5 11
23 2 4
6 8 16
20 23 29
14 16 34
6 10 17
6 9 15
9 13 26
1 3 17
13 15 36
10 11 37
2 5 4
22 2 37
7 10 5
12 17 29
1 5 9
11 13 42
6 9 9
17 18 17
20 22 26
9 12 39
9 14 43
8 11 6
5 8 37
22 2 39
0 3 27
18 22 19
4 7 26
9 12 17
3 6 31
13 17 38
4 7 37
22 1 23
5 9 25
19 23 6
22 1 25
2 5 9
5 9 26
9 13 15
19 22 41
14 17 20
14 17 43
15 18 29
8 11 23
17 19 26
13 17 22
4 7 28
18 21 14
11 14 26
1 3 10
11 16 15
1 3 28
5 10 13
8 12 21
9 14 36
0 4 11
2 5 21
23 2 28
4 7 38
1 5 3
3 5 32
19 22 11
20 22 6
11 14 15
20 22 21
15 16 30
2 5 31
10 13 26
11 14 38
4 6 38
7 10 33
12 14 15
1 3 30
0 4 11
1 3 26
3 5 11
2 5 1
21 1 13
4 7 30
23 2 8
0 4 25
3 7 23
5 8 1
13 16 23
0 1 10
7 11 43
12 16 12
22 2 20
4 6 25
2 6 4
2 5 5
4 6 13
4 6 32
0 3 8
4 7 28
1 4 8
20 0 31
12 14 20
9 9 28
6 10 43
16 20 28
17 21 26
17 19 15
18 20 29
23 1 36
8 10 5
2 5 24
10 13 42
16 21 20
13 16 30
20 0 24
22 1 8
3 5 42
1 5 34
6 11 12
14 18 35
12 15 6
9 12 7
19 22 27
11 13 1
1 3 22
12 15 14
23 1 12
22 2 29
16 21 30
7 11 21
11 14 27
15 18 35
23 0 10
8 10 31
8 11 41
22 0 33
8 12 1
21 1 16
21 1 18
21 0 27
22 2 26
8 11 22
9 10 1
6 11 7
9 11 42
11 14 8
3 5 4
3 7 6
15 18 6
22 1 22
2 6 17
18 20 34
13 16 36
12 16 40
6 9 20
23 2 25
20 23 41
0 2 9
16 20 11
12 15 2
7 9 2
18 20 39
17 21 32
17 20 30
11 14 14
23 2 37
17 20 5
11 13 38
22 0 4
5 9 12
2 4 30
10 13 5
15 17 41
0 3 5
22 2 20
15 18 16
13 17 18
7 7 31
5 8 12
11 12 30
19 20 19
8 11 7
2 5 22
7 8 29
3 5 5
11 14 15
18 21 9
14 18 41
14 17 35
0 2 39
15 17 14
17 19 22
5 9 19
5 6 20
18 21 35
7 9 20
6 8 3
9 11 23
6 8 15
7 9 30
7 10 37
4 7 25
8 12 6
13 15 27
14 18 7
9 12 37
21 23 30
10 14 19
6 10 42
8 9 32
13 16 41
11 15 4
13 16 25
9 11 35
17 18 5
13 15 2
4 8 15
2 6 15
21 0 43
0 3 33
9 12 11
15 18 21
0 3 14
18 20 19
7 10 4
9 10 10
3 6 10
18 21 32
10 14 30
6 10 25
13 17 24
21 1 26
7 9 5
2 5 38
7 12 26
22 2 24
8 12 19
15 18 17
22 1 9
21 23 21
1 5 36
6 9 38
20 23 43
18 21 26
12 14 4
19 21 10
3 6 10
2 6 41
23 3 16
5 8 17
18 20 7
23 3 19
9 11 10
16 18 40
12 15 34
3 5 11
2 5 37
1 5 30
13 15 4
13 15 38
18 21 41
19 23 3
23 1 16
18 21 12
20 1 38
11 13 37
5 9 27
13 16 15
11 13 2
18 22 43
12 16 7
4 8 4
1 5 41
0 4 2
3 6 41
20 23 13
12 15 29
4 7 26
17 19 22
5 7 20
19 22 42
13 16 5
15 17 35
19 22 8
22 0 43
15 19 24
14 18 32
13 16 19
6 11 5
15 18 16
11 14 14
9 12 27
4 8 2
17 17 34
19 22 42
3 7 38
3 7 38
21 22 13
19 22 11
8 13 17
14 18 42
21 0 17
9 10 42
23 4 14
21 0 4
14 17 14
23 2 29
4 7 35
5 7 32
21 0 28
5 7 26
14 17 26
12 15 13
6 10 11
2 5 8
6 10 7
20 23 7
16 21 7
22 0 4
6 11 39
18 22 10
9 10 34
18 23 36
11 14 9
5 8 40
13 17 40
3 6 30
4 6 16
22 0 6
5 8 24
9 13 39
23 3 16
16 18 15
9 12 11
20 23 18
0 4 21
11 14 26
1 4 17
13 14 26
15 20 23
8 14 18
1 5 15
7 11 8
3 5 35
10 14 15
21 2 25
15 19 11
2 6 11
15 18 28
23 1 4
8 10 26
10 13 43
11 15 32
11 13 19
20 0 16
22 0 33
23 3 12
15 18 1
13 15 16
23 2 9
15 17 39
17 20 16
11 14 4
1 3 42
14 19 11
5 9 29
7 13 42
23 2 27
11 14 42
19 23 16
22 1 31
16 21 17
12 16 10
14 15 30
8 9 15
14 16 11
3 6 23
2 6 31
17 21 16
2 5 25
23 3 32
17 19 25
20 0 29
22 2 9
11 14 25
1 5 1
22 3 20
17 21 34
7 9 5
2 6 14
18 20 5
7 10 21
7 11 28
18 19 37
12 14 30
15 19 10
4 6 8
1 5 2
11 14 11
10 13 41
19 23 42
14 17 11
20 0 4
17 22 2
22 3 34
4 6 7
13 16 3
21 1 1
13 17 22
2 4 2
6 10 17
3 6 41
15 19 22
14 17 19
21 23 36
17 19 15
10 11 25
16 20 5
7 10 39
1 4 21
13 16 18
12 15 16
8 10 33
0 4 27
12 16 41
20 1 36
19 22 12
10 12 20
7 10 21
21 0 19
16 20 16
21 0 18
15 17 7
14 18 31
19 22 35
8 12 9
9 12 13
1 4 16
8 11 17
15 18 35
6 9 12
9 12 40
21 0 15
11 16 18
20 22 29
8 11 36
0 4 22
21 0 4
20 23 32
21 1 12
6 9 35
8 12 25
5 7 23
21 0 5
12 15 7
15 18 21
21 0 3
5 7 12
4 5 41
8 11 24
16 18 16
6 9 37
4 6 40
7 11 28
16 21 19
21 0 42
15 16 36
7 9 40
3 4 3
11 13 39
6 9 3
11 16 28
14 19 36
0 4 29
23 1 7
13 16 19
19 20 23
16 19 40
13 16 11
4 5 19
6 8 32
5 7 4
22 1 1
11 16 28
9 13 4
16 22 23
12 15 32
7 9 33
2 7 27
5 9 41
12 16 36
2 6 9
4 7 20
1 3 19
2 4 18
2 4 1
20 0 19
12 15 30
8 10 22
7 10 23
10 14 29
23 3 26
2 7 19
23 2 31
16 20 6
21 23 27
11 13 16
19 21 22
13 15 39
7 10 8
10 13 20
15 19 36
16 20 4
22 0 5
16 18 15
18 19 31
5 8 23
3 7 36
23 2 23
22 0 43
12 15 29
13 15 31
4 7 33
20 0 19
10 14 20
20 23 33
12 16 32
13 17 38
3 6 29
21 23 28
0 2 25
19 23 32
3 5 43
5 7 20
17 19 16
15 18 36
1 3 18
19 22 6
8 11 10
22 0 31
9 11 40
16 20 10
1 6 13
17 19 8
21 1 42
1 5 7
23 3 8
18 20 5
3 6 26
18 22 6
2 5 8
6 8 5
10 12 36
1 4 34
2 5 23
2 5 27
6 12 3
3 8 37
12 14 43
6 9 20
17 19 29
1 6 25
22 23 15
2 5 30
8 12 37
0 1 43
16 19 3
16 19 11
3 4 42
22 2 39
23 0 8
11 12 28
23 2 7
7 10 15
4 8 14
8 12 15
17 19 5
11 15 35
22 1 19
21 1 9
8 10 14
18 21 31
18 20 13
15 18 19
22 3 13
9 13 15
6 9 25
10 14 25
0 3 5
23 3 4
8 11 15
12 15 40
19 21 14
22 2 10
17 19 16
15 17 11
5 9 19
1 5 14
6 10 26
11 15 25
8 11 31
9 10 14
1 4 8
2 5 19
22 1 42
15 18 24
10 12 19
21 1 19
4 8 38
7 10 6
9 14 23
3 7 3
11 13 42
13 15 31
9 13 40
3 6 22
0 3 40
10 13 9
6 8 42
18 22 37
9 14 40
2 5 30
5 9 12
11 14 29
14 17 40
5 6 7
23 2 33
5 7 31
16 17 20
15 18 2
10 15 34
18 20 28
9 13 13
3 5 6
3 4 17
17 20 16
0 3 8
15 18 26
9 11 37
5 8 8
11 16 2
23 3 8
11 13 26
16 20 17
14 16 39
9 11 13
9 14 11
18 22 12
10 13 13
2 5 8
8 11 16
21 0 37
7 11 36
23 2 31
17 22 28
7 10 3
7 11 38
10 14 22
8 8 39
13 16 12
22 1 14
9 13 24
14 16 2
23 3 40
18 23 12
6 10 2
1 4 6
12 15 27
10 13 19
7 8 34
18 21 19
20 22 23
8 11 7
22 1 30
14 17 40
8 11 22
23 1 24
20 22 40
8 11 33
2 6 19
13 17 25
9 12 27
21 0 14
7 12 33
16 19 9
19 22 21
19 22 18
18 22 13
21 1 43
1 5 43
19 21 43
4 8 5
6 8 29
11 15 28
2 4 14
11 14 42
5 7 5
4 7 20
20 1 2
18 23 31
7 9 38
12 14 27
23 3 8
11 14 31
17 19 38
21 1 8
13 15 15
17 19 3
22 3 8
0 3 32
10 14 4
14 15 35
5 8 28
14 18 40
6 9 16
12 14 21
17 20 43
1 5 2
2 6 20
15 19 3
17 21 6
10 15 37
22 0 2
20 23 6
2 5 38
22 0 16
2 5 2
10 12 14
21 0 19
6 8 4
22 2 30
14 15 10
18 20 37
19 23 12
13 15 8
6 9 12
19 23 17
5 7 31
1 2 11
17 21 38
10 13 2
15 17 25
19 22 30
5 8 30
7 10 31
21 2 36
7 8 28
4 7 15
19 0 12
0 2 22
11 15 4
5 8 10
0 3 25
12 14 41
18 19 15
9 14 19
22 2 25
9 11 21
23 3 18
12 15 37
11 14 39
4 8 22
3 6 20
14 16 20
3 6 35
5 8 29
5 9 27
7 11 25
9 12 21
23 2 21
16 17 36
17 19 31
4 5 12
8 11 3
7 10 21
14 17 31
3 4 13
16 19 34
22 1 18
5 8 12
0 3 42
0 4 3
1 4 26
10 13 42
12 16 8
9 12 35
8 12 10
23 3 38
10 14 35
16 21 43
7 8 35
17 21 15
7 10 40
0 2 42
1 4 42
3 6 38
2 4 8
20 23 10
21 23 35
4 5 10
8 12 5
12 15 10
13 16 38
16 21 10
11 14 43
22 2 29
22 1 5
23 1 17
21 23 28
23 3 29
3 6 32
0 2 30
3 6 31
2 5 35
3 7 10
3 5 17
7 10 30
9 12 23
12 15 19
17 21 26
5 8 38
18 21 37
0 5 38
16 17 24
7 9 34
0 3 8
17 20 34
11 14 2
4 9 40
12 15 4
18 20 5
15 18 9
13 15 32
4 7 39
16 19 5
22 2 32
13 16 8
17 20 21
19 22 29
23 2 20
15 18 39
10 11 4
11 13 19
10 13 12
18 22 42
4 8 3
23 1 29
19 21 40
14 15 22
0 3 5
8 11 40
0 5 5
0 3 18
10 12 12
7 12 39
11 13 2
20 22 9
11 15 11
22 1 2
21 0 23
8 10 42
14 17 23
19 21 12
0 3 42
17 21 19
20 23 34
23 0 16
18 20 16
19 0 6
20 1 1
11 14 8
17 19 19
19 22 39
8 11 2
23 4 21
16 20 5
13 18 7
6 8 1
6 10 21
16 20 8
13 17 38
17 20 20
16 20 36
19 23 5
23 2 14
2 6 5
10 15 3
20 0 30
20 22 17
14 17 41
17 20 9
20 23 29
1 4 21
23 4 21
21 23 42
5 9 40
14 16 3
19 21 33
3 5 10
20 0 22
22 0 40
18 21 37
12 15 35
1 6 5
3 6 12
17 21 6
1 4 32
13 16 12
15 17 19
3 6 4
20 21 3
1 5 6
2 3 32
21 0 41
17 20 12
13 16 5
16 19 40
22 1 43
8 11 15
11 13 20
3 5 37
12 15 38
20 23 17
13 16 40
23 2 12
20 22 9
13 15 20
17 21 21
8 12 4
12 14 2
17 19 38
4 8 21
18 21 16
4 9 7
0 3 38
9 13 22
18 20 12
21 0 41
22 1 23
11 14 11
0 3 38
13 15 6
15 17 32
6 9 11
23 3 42
12 15 2
2 5 2
17 18 42
2 5 1
2 5 21
6 8 3
23 3 8
0 1 17
4 7 19
18 23 22
23 1 24
22 1 40
15 18 42
6 8 33
12 15 32
19 21 15
22 23 24
7 9 34
0 2 39
12 13 16
12 16 4
13 14 37
14 16 38
22 0 40
16 17 14
14 17 13
13 14 12
17 19 30
11 17 37
17 20 33
20 22 36
17 18 23
23 2 9
22 1 17
5 6 36
1 4 3
4 8 18
14 17 18
8 13 2
7 9 36
12 14 42
6 8 41
16 20 31
19 23 11
8 11 19
9 12 5
23 3 13
16 20 10
10 14 5
7 11 42
20 23 22
23 2 10
14 18 42
12 17 24
14 16 32
14 16 27
6 10 25
21 1 14
4 7 22
21 0 13
6 9 9
14 17 32
3 5 32
16 20 4
21 23 18
12 15 33
20 23 8
14 16 20
21 1 7
2 6 22
4 6 8
13 15 40
16 19 18
15 18 29
3 5 15
10 15 23
22 23 25
3 8 32
14 17 34
0 5 36
9 12 19
22 1 2
23 3 5
3 7 37
20 23 19
22 0 3
15 18 12
5 7 14
22 1 10
12 17 8
21 0 12
5 8 8
8 9 30
17 21 20
15 18 25
0 4 43
10 13 31
1 4 38
3 6 39
0 3 1
14 16 30
3 7 33
10 12 2
10 13 15
16 19 27
11 15 2
14 15 41
3 7 7
22 2 17
23 1 35
4 6 11
14 18 27
10 13 11
14 17 40
4 8 2
6 9 9
2 7 25
3 5 40
22 1 38
9 13 35
17 19 21
2 5 8
23 3 25
14 18 35
19 23 25
7 10 20
8 13 13
17 19 34
14 18 22
14 17 40
6 9 24
21 23 36
9 14 36
10 14 2
22 1 27
2 5 20
14 17 25
3 5 7
19 23 36
18 21 17
12 16 9
8 10 40
5 8 3
5 9 29
9 11 4
22 0 2
8 11 7
1 4 12
0 2 34
20 23 36
16 21 41
16 20 31
13 15 20
3 5 35
8 10 22
3 6 27
19 22 35
0 0 10
3 7 2
17 20 5
21 0 18
2 5 9
13 17 15
23 1 25
4 6 23
12 16 4
1 5 5
1 3 39
22 2 23
2 6 31
14 19 31
6 9 10
17 19 42
18 21 19
8 11 28
3 7 23
11 14 8
12 15 2
13 17 38
11 15 22
11 14 21
13 16 29
21 23 32
23 3 13
13 19 28
5 9 31
4 6 6
13 17 37
2 5 4
17 21 40
19 22 18
5 9 15
16 20 16
0 3 33
9 12 34
9 12 28
17 21 41
16 20 36
10 12 1
7 11 31
7 9 7
9 10 21
5 10 39
4 7 38
12 15 16
16 17 10
15 18 13
21 0 22
9 11 35
3 5 31
23 3 32
12 15 31
10 12 32
2 5 43
10 12 41
16 18 35
1 4 31
10 11 4
12 16 10
6 9 20
6 8 40
7 10 42
19 0 18
16 20 3
8 13 27
13 16 11
22 23 7
11 14 7
0 4 8
14 18 6
3 7 39
20 22 36
5 9 14
23 1 15
12 15 7
4 6 2
12 14 2
16 20 14
23 2 39
20 21 31
1 3 1
22 0 18
23 4 28
3 8 16
7 10 4
17 19 31
19 23 9
11 14 38
14 17 38
23 2 18
21 23 16
19 22 10
14 15 36
20 0 42
6 9 36
8 10 19
5 8 1
1 4 18
6 10 36
17 20 29
9 12 7
14 16 17
16 17 13
5 8 36
3 6 25
6 6 38
10 12 1
14 17 34
0 2 28
21 0 10
0 2 24
9 12 39
20 0 24
14 15 7
3 4 39
6 11 40
7 9 9
20 21 41
2 5 30
14 18 3
8 11 27
6 9 41
5 9 23
18 20 24
2 6 9
23 3 30
20 0 19
1 5 35
6 9 21
20 23 13
23 2 3
16 17 26
16 20 22
19 23 10
4 9 11
18 21 27
23 3 40
16 18 15
6 10 23
6 10 18
0 3 26
20 0 33
3 8 41
20 21 9
7 11 13
14 16 31
23 1 24
1 5 41
12 17 29
4 8 42
2 5 26
15 19 25
23 3 4
16 18 32
6 10 25
15 19 33
12 13 10
16 20 27
19 22 16
16 20 24
21 23 19
12 16 37
14 18 18
2 2 7
15 17 17
23 3 34
11 15 25
1 3 41
23 1 5
6 10 26
14 17 12
17 19 9
3 5 23
12 13 27
3 5 36
0 3 30
16 18 42
12 15 38
6 9 21
8 12 8
21 0 41
14 17 32
18 22 3
18 20 11
18 20 5
1 3 28
8 10 18
6 9 37
20 22 25
8 12 3
16 18 29
21 23 21
8 11 40
16 18 24
2 6 13
3 4 25
23 2 35
3 4 27
17 21 15
19 22 4
21 0 34
3 4 11
20 22 34
8 11 43
4 6 39
14 17 8
20 0 10
7 10 40
21 23 29
6 10 34
19 21 35
15 18 38
17 22 40
19 0 30
8 11 31
11 13 24
12 16 18
17 20 5
18 22 34
7 10 41
10 15 40
20 22 26
4 7 5
3 5 11
16 19 15
15 17 17
19 23 33
4 7 22
11 15 31
5 9 36
7 11 41
6 8 11
17 20 6
9 12 43
5 8 31
16 20 39
22 2 20
0 3 12
10 12 18
1 4 22
19 22 20
6 10 8
19 21 33
19 22 26
19 21 38
0 2 24
20 0 37
17 18 18
13 15 8
20 20 2
9 12 13
2 5 31
18 19 24
7 9 1
13 16 41
15 19 28
21 0 5
6 7 1
20 23 35
13 15 30
19 23 30
3 7 24
14 16 40
2 5 38
13 16 33
16 19 22
20 23 15
3 6 23
16 18 9
7 10 4
19 21 1
0 3 6
7 9 40
14 17 32
4 5 39
4 8 29
3 5 27
21 1 21
19 22 37
16 19 21
6 9 41
2 5 22
20 23 41
4 9 10
13 17 37
12 15 39
15 17 28
1 3 37
7 11 38
1 3 7
20 21 17
3 5 42
6 9 22
17 20 4
21 23 34
4 8 41
2 4 1
7 9 9
21 0 21
16 22 3
19 20 16
15 18 25
20 22 24
0 3 42
21 23 14
18 21 10
11 15 21
1 6 19
3 5 38
15 18 23
12 17 34
1 5 27
14 18 18
8 10 33
5 11 27
14 15 2
16 19 3
18 20 39
17 19 30
13 16 1
14 16 27
6 11 3
14 16 22
5 8 2
16 20 36
6 9 33
10 14 11
6 8 9
10 12 14
12 14 38
13 17 43
0 1 38
19 22 8
11 14 15
18 21 13
13 16 8
9 12 41
21 22 32
15 17 20
22 1 13
17 21 27
9 13 24
13 16 32
23 2 15
22 2 40
22 2 18
14 18 34
19 21 14
13 15 41
6 10 14
9 11 42
10 13 38
5 9 20
6 11 36
6 8 13
20 21 29
2 5 21
6 9 12
6 9 22
15 19 37
17 21 42
23 2 31
3 6 25
4 7 21
23 3 11
11 11 42
4 7 29
12 17 13
0 3 9
19 23 30
18 21 40
13 14 30
11 15 21
18 22 7
11 13 1
12 15 37
12 14 20
10 10 17
14 17 17
1 6 2
6 9 1
19 22 22
7 9 17
20 23 22
12 13 24
3 6 16
17 19 2
18 21 4
3 7 10
22 0 8
2 6 34
10 14 30
10 14 40
23 2 9
3 7 30
6 10 25
17 21 43
0 3 39
17 19 24
3 6 6
2 4 43
19 23 40
0 3 17
14 18 26
17 19 20
18 22 39
11 14 32
1 4 23
1 3 14
14 19 13
18 21 41
10 13 9
0 4 19
11 15 32
8 11 34
20 23 3
8 12 35
12 17 3
23 2 22
2 7 23
21 0 13
21 1 22
11 14 31
23 2 7
13 16 22
17 18 12
0 3 31
14 19 20
22 0 8
6 9 19
17 18 32
20 0 4
17 21 25
11 14 42
13 16 25
17 20 9
17 20 24
4 6 42
10 12 11
12 15 42
5 9 38
18 22 9
2 4 26
10 14 10
18 21 7
11 14 20
16 20 32
10 12 7
12 17 27
2 6 10
6 8 34
19 23 37
17 22 23
20 0 25
12 16 21
11 14 23
9 13 27
9 13 7
19 22 33
21 0 30
5 7 41
14 17 9
9 11 15
8 10 42
23 3 11
23 3 16
20 22 17
15 18 17
9 11 36
6 7 41
19 22 18
4 6 18
18 22 26
15 18 30
20 23 27
21 0 13
6 9 41
17 19 24
19 21 4
23 1 5
9 12 26
10 11 15
14 17 9
20 23 38
10 13 11
22 0 12
3 6 23
5 7 24
14 16 32
14 18 20
1 3 39
23 2 12
8 11 16
18 22 36
16 19 3
21 0 11
11 14 17
8 10 4
19 23 8
8 11 14
6 7 18
23 1 41
20 22 34
5 7 41
1 5 39
15 18 7
12 15 5
0 4 7
19 23 6
15 19 24
9 12 11
1 3 24
15 19 13
15 19 16
9 11 17
22 2 16
16 19 11
5 9 25
16 19 33
21 23 9
1 4 43
1 4 20
22 0 28
12 16 42
13 16 37
4 8 43
5 8 39
19 22 12
9 11 37
21 23 16
11 17 3
0 3 11
16 18 33
14 18 35
1 3 24
23 2 31
9 12 16
16 19 27
1 6 30
22 1 16
23 2 17
19 23 43
4 10 43
7 10 3
13 16 8
3 6 4
15 19 39
9 15 6
6 11 29
13 15 18
20 0 12
21 0 40
5 8 25
4 7 36
1 3 5
23 3 39
13 15 34
19 22 17
19 20 39
16 17 1
9 13 35
8 10 15
20 0 38
20 22 24
1 1 43
10 12 13
12 15 41
22 2 29
17 19 13
16 18 29
17 20 3
17 21 38
16 18 20
6 9 14
4 6 16
23 2 34
11 14 8
7 10 3
15 16 11
12 15 30
10 14 37
16 19 35
4 7 33
12 14 40
6 7 30
11 13 26
20 1 31
8 10 18
14 16 24
7 11 43
5 8 23
14 18 23
1 2 6
1 4 27
10 13 29
0 2 37
0 3 16
1 3 5
3 5 38
13 16 27
11 12 36
17 21 31
14 15 2
7 10 19
20 23 14
5 8 8
13 13 30
17 19 7
0 2 22
4 9 14
9 13 23
12 16 22
8 11 27
10 14 42
10 12 43
11 15 22
14 16 8
21 0 11
16 20 31
14 18 3
12 15 13
8 10 37
19 22 3
22 0 41
14 16 3
0 2 4
19 23 17
14 17 7
20 23 12
5 11 12
7 11 26
18 22 39
1 4 42
3 6 10
6 7 22
22 2 40
5 8 25
22 1 10
10 14 27
12 15 12
18 21 16
18 21 33
10 13 3
8 12 8
10 11 10
7 10 26
1 5 30
11 14 16
18 20 29
20 23 21
5 8 9
23 1 33
21 2 30
6 11 1
17 21 20
3 5 37
8 12 33
17 20 4
11 14 32
6 9 9
0 2 23
6 9 40
2 6 8
16 18 15
20 22 6
11 14 2
22 1 9
16 19 23
5 8 9
2 7 34
0 3 31
20 23 30
19 22 1
16 20 10
15 18 34
22 1 22
16 20 37
6 10 14
21 0 29
5 9 12
8 11 27
22 1 8
11 14 5
9 13 4
4 9 15
0 5 21
11 15 26
21 0 41
22 2 5
8 12 36
20 0 36
23 2 19
14 16 25
9 12 36
3 5 40
20 0 43
21 23 14
5 10 31
13 16 41
15 16 32
14 17 22
10 14 39
11 14 29
3 7 41
20 23 40
10 14 10
8 12 38
19 21 35
14 17 18
15 18 11
0 2 2
8 11 6
17 19 2
20 23 37
10 13 22
5 9 3
17 20 13
7 9 28
12 14 17
6 9 20
19 21 41
7 9 18
8 11 22
3 7 23
6 8 9
17 19 14
12 15 27
6 9 27
21 23 8
9 10 36
8 12 39
2 4 19
23 4 16
14 17 27
7 11 5
2 7 35
4 8 43
7 10 5
5 7 32
1 4 4
10 13 18
21 2 40
1 4 37
14 16 27
13 17 36
18 22 41
10 14 2
20 0 2
13 18 41
21 2 13
6 11 22
1 4 1
18 22 1
23 1 5
1 2 36
18 18 19
4 8 32
10 13 29
10 12 39
14 17 29
6 9 33
15 19 40
0 3 34
13 18 19
11 16 30
6 9 17
16 19 36
7 9 11
7 10 16
7 11 27
13 17 14
2 5 16
18 21 20
19 22 16
2 7 24
21 1 9
2 4 32
21 0 5
7 10 19
21 0 29
21 0 23
3 9 13
2 5 32
16 17 1
7 7 12
23 4 7
0 1 43
1 6 2
22 0 22
21 23 11
22 0 24
12 16 39
15 19 1
18 20 6
20 22 39
17 19 27
14 15 27
5 8 28
4 7 17
5 8 27
22 0 28
21 1 37
19 20 24
22 2 32
20 23 14
19 22 22
16 18 30
12 14 20
15 18 22
17 18 40
4 9 21
22 1 7
13 15 36
3 5 34
18 22 5
19 22 5
11 12 15
22 0 1
15 19 19
18 19 5
5 8 39
16 19 23
16 17 26
16 19 19
4 6 5
3 6 43
5 9 20
19 20 36
19 21 23
0 3 27
8 10 35
6 8 9
16 20 2
22 0 9
23 0 25
18 22 35
5 6 38
13 16 32
19 23 5
4 7 13
19 22 11
5 8 27
2 5 13
11 15 19
3 7 25
11 14 13
3 7 33
22 1 2
6 11 4
13 17 5
19 21 39
21 1 17
19 23 36
11 13 14
11 13 26
16 20 35
9 11 6
15 20 22
6 9 9
13 14 21
16 19 35
4 6 29
3 6 13
15 20 35
19 22 19
19 23 28
12 15 2
14 17 35
15 19 11
12 15 25
13 16 18
23 3 37
12 16 6
2 5 13
8 11 6
13 17 36
0 4 25
22 1 35
9 12 8
18 20 15
8 10 7
23 2 29
1 3 30
13 15 35
5 8 42
1 4 25
0 1 33
7 11 17
18 22 32
10 13 5
7 8 40
22 2 27
14 18 11
8 12 32
20 1 3
7 11 23
10 13 30
20 23 4
6 11 24
9 11 31
6 9 10
19 22 30
5 7 1
0 6 42
20 1 11
1 2 7
15 18 26
18 21 24
23 3 43
20 0 21
5 9 24
1 4 16
3 6 27
7 9 15
10 13 22
15 18 9
17 20 38
11 14 35
9 13 39
11 15 10
7 11 17
4 6 26
12 14 22
14 17 21
21 0 8
11 14 33
1 4 11
19 19 37
10 13 2
7 10 43
8 10 40
3 7 14
8 12 34
21 1 20
12 17 15
18 21 10
16 19 40
8 11 27
0 4 34
16 19 43
18 20 36
9 10 32
1 1 43
10 14 22
10 14 7
14 16 1
3 7 22
12 14 6
18 23 25
10 13 42
3 6 30
12 14 39
8 10 12
4 7 28
20 21 24
4 6 30
16 19 23
8 10 20
6 9 16
6 10 34
11 14 29
0 5 13
11 12 43
11 13 4
21 0 19
9 11 38
14 18 5
10 14 26
5 8 2
15 17 12
16 19 34
17 20 40
1 5 42
12 16 21
0 1 8
4 6 7
19 0 7
3 5 41
15 17 28
5 8 11
8 10 16
7 10 5
22 0 43
3 6 13
12 16 4
14 17 40
11 14 14
21 23 34
12 14 33
10 11 42
12 16 43
0 3 19
1 5 8
8 10 15
17 20 25
19 21 28
13 16 37
13 17 27
11 16 6
14 15 24
6 8 34
20 23 43
19 23 4
16 20 6
22 2 10
5 8 31
1 6 43
15 16 14
8 12 21
14 17 18
17 19 35
19 23 6
7 10 34
1 4 13
19 22 18
21 22 19
17 21 28
7 11 18
22 2 29
7 10 6
11 16 16
6 9 21
12 15 13
5 8 18
19 23 38
4 8 22
4 8 9
5 9 37
0 4 37
3 6 16
15 18 31
1 4 8
9 13 17
20 0 39
0 2 15
10 13 37
22 1 31
23 2 25
21 23 23
14 16 23
14 17 32
21 1 17
18 21 36
18 22 37
23 2 11
23 2 33
13 16 5
19 21 18
21 1 6
17 22 34
22 1 22
4 7 21
0 4 13
1 5 1
15 17 26
3 6 13
8 11 23
15 17 35
2 4 6
8 9 35
16 19 15
10 15 1
4 5 36
1 3 5
21 22 20
12 16 41
8 11 7
2 5 31
18 20 33
4 8 20
4 7 14
14 18 1
8 10 27
9 12 15
20 1 35
2 6 26
10 12 4
3 7 16
23 2 4
8 8 38
9 14 42
6 9 42
7 10 39
1 4 19
23 3 3
6 8 14
11 14 12
1 5 6
11 14 42
15 19 36
4 6 37
22 23 16
9 12 21
1 6 10
11 14 13
7 9 38
11 14 40
20 23 24
12 16 21
6 9 3
5 8 37
12 17 28
16 20 43
8 10 24
8 10 32
16 19 29
17 19 11
0 4 16
6 8 6
5 8 17
22 1 13
14 17 20
23 23 27
16 19 14
7 10 7
2 3 38
15 18 23
18 20 22
22 23 25
10 14 8
12 13 26
21 0 40
18 21 11
4 8 43
11 15 41
1 2 5
23 1 19
3 7 25
14 18 4
0 4 17
19 21 34
10 13 32
12 16 27
13 17 18
7 10 5
7 9 34
0 4 10
18 22 43
21 1 15
10 12 21
11 14 37
15 19 23
23 2 9
14 18 32
0 2 34
4 7 3
20 0 39
18 20 25
15 19 43
3 4 23
7 9 33
1 5 40
7 11 13
8 11 41
9 12 36
1 4 24
4 9 12
4 7 43
17 21 16
23 2 40
0 3 8
14 19 38
18 22 23
11 12 4
8 12 20
11 14 33
9 14 3
6 9 11
14 17 21
20 23 16
22 1 23
4 5 15
15 18 36
11 13 18
21 23 29
19 23 39
11 14 35
20 22 29
0 2 2
5 10 30
11 14 37
17 21 31
10 13 10
23 3 36
13 16 13
11 12 22
11 14 13
7 9 25
16 18 1
10 11 36
12 14 2
0 3 27
2 5 28
11 15 39
16 19 41
4 7 35
1 6 29
11 16 20
1 4 4
22 23 16
16 19 35
10 12 12
14 17 25
6 10 43
6 8 43
11 14 3
10 13 16
15 17 23
22 3 26
12 15 29
14 17 40
14 17 18
15 18 13
2 4 42
0 2 18
19 22 39
19 22 5
19 22 15
23 1 18
3 4 32
15 18 27
12 15 38
1 3 1
18 22 23
14 16 41
12 15 7
10 13 1
2 6 15
2 7 11
15 20 11
1 3 9
22 0 40
3 7 24
9 12 42
16 16 16
18 20 10
10 16 19
18 21 4
14 18 24
5 7 19
9 13 23
13 15 33
5 8 23
21 2 15
0 6 24
18 22 25
7 9 11
21 0 6
7 9 43
8 11 13
2 4 14
21 22 15
0 4 29
20 22 10
12 15 11
9 12 32
0 4 13
2 8 21
16 21 18
22 4 28
8 10 23
10 14 10
20 22 24
16 21 30
23 3 20
12 16 30
21 0 18
21 23 7
14 17 20
16 20 2
11 14 35
16 20 35
0 3 26
15 17 22
4 7 4
2 6 22
10 13 23
7 10 2
8 12 28
16 19 13
16 18 17
14 21 13
11 14 26
21 0 33
12 16 6
23 3 25
6 8 16
0 3 15
5 8 16
9 12 42
8 13 15
17 19 39
15 16 20
20 21 40
12 16 18
22 1 4
19 20 12
23 1 34
2 4 11
7 8 7
3 8 10
2 7 13
11 14 39
22 0 11
8 8 9
2 5 41
20 23 36
6 6 27
22 1 12
9 12 3
17 20 17
13 16 8
4 8 7
16 20 25
23 2 20
18 20 5
20 23 39
5 7 16
6 11 10
8 11 10
8 13 32
11 15 13
20 0 18
21 22 23
4 7 24
22 2 39
15 17 23
16 20 26
22 2 24
5 8 19
15 18 26
14 18 9
9 14 43
8 10 11
17 19 9
15 17 33
8 12 20
1 4 20
22 1 31
6 9 36
5 8 39
5 8 31
2 5 31
16 19 11
4 8 24
20 23 5
1 4 13
16 20 23
17 19 9
8 11 28
21 0 39
18 22 41
23 1 28
13 17 38
13 15 9
23 1 26
13 15 10
22 1 4
12 14 5
10 14 22
15 19 22
1 4 29
15 19 17
9 14 35
12 15 9
17 20 31
9 12 22
15 19 41
5 7 35
3 6 9
8 12 34
2 4 12
17 21 2
5 8 36
7 9 15
14 17 13
5 9 33
16 20 42
18 22 9
22 3 39
13 17 13
10 13 1
17 20 16
19 22 34
4 8 34
22 2 26
17 22 40
22 2 33
22 0 33
17 19 27
13 17 8
16 20 7
8 10 5
11 13 33
7 11 7
15 16 27
2 5 10
11 13 34
0 3 13
14 17 38
18 21 11
16 17 1
8 12 30
1 3 43
23 1 43
0 2 11
12 15 37
11 13 10
2 5 24
9 12 6
18 20 10
10 12 12
12 15 14
13 15 2
7 9 13
17 21 3
1 2 9
20 22 18
15 18 37
16 18 21
18 21 17
9 12 22
4 8 40
16 20 10
1 4 30
21 2 26
12 14 26
4 7 23
0 4 24
7 12 15
15 19 31
0 2 3
12 15 9
4 5 7
11 13 11
4 8 34
12 15 43
13 17 31
20 0 40
22 0 15
2 7 13
14 16 36
2 5 30
23 2 12
4 6 25
8 11 29
4 7 7
9 12 27
0 3 19
18 22 4
20 1 41
11 15 31
23 2 39
1 5 7
14 17 9
8 10 35
11 12 39
13 15 30
13 15 40
10 13 21
18 20 9
18 22 9
22 0 21
22 1 36
1 4 41
22 0 10
15 16 37
8 10 29
0 4 35
4 8 17
16 20 21
2 6 30
15 18 7
23 3 24
2 5 28
11 14 22
6 8 8
18 20 43
8 10 21
1 4 1
16 20 41
2 4 19
20 0 10
5 8 19
5 9 42
22 0 36
8 11 23
17 20 7
13 17 33
6 10 6
4 8 33
5 9 29
20 23 15
0 1 32
17 20 33
15 19 24
1 4 13
12 16 43
17 21 29
3 7 3
8 12 18
22 0 41
5 7 19
1 5 10
5 10 5
3 8 28
13 16 29
14 18 36
7 9 34
2 6 28
17 22 23
3 6 30
19 0 12
10 12 14
3 7 15
17 21 28
18 21 33
13 15 1
21 23 7
4 6 24
10 14 20
8 11 34
9 10 22
6 9 27
21 1 27
2 3 3
16 19 28
19 23 43
18 20 15
17 22 9
6 9 21
14 15 19
7 10 40
20 22 36
15 17 16
17 20 40
3 6 25
8 11 28
11 13 22
16 18 6
15 18 15
3 6 21
2 5 13
23 1 19
2 7 26
20 0 4
17 21 43
15 17 24
19 22 3
0 4 10
15 17 23
0 3 15
17 19 19
9 14 13
6 11 22
11 13 33
9 11 25
11 14 34
12 15 22
4 6 5
23 2 39
11 15 40
0 2 22
20 0 23
14 16 21
19 22 43
2 4 40
3 5 40
10 14 20
17 20 43
2 4 3
5 8 43
18 21 23
11 15 18
7 10 25
14 18 17
9 13 29
15 18 19
23 4 11
19 0 28
4 7 34
19 23 4
3 6 29
7 11 7
2 5 43
4 8 18
12 16 5
19 21 30
18 19 14
23 4 17
21 2 12
13 16 17
3 5 35
10 12 40
7 10 10
19 22 29
8 12 14
9 12 27
2 7 31
22 23 22
6 12 38
6 8 9
11 14 13
2 4 13
16 19 32
17 22 20
0 1 40
2 5 13
6 11 35
0 3 13
13 17 10
11 15 27
17 20 3
11 12 39
5 9 27
14 16 39
23 1 33
5 9 10
17 20 23
23 3 7
1 4 21
23 1 2
3 7 6
2 4 17
0 3 29
3 7 40
19 21 30
9 12 27
4 7 25
10 12 9
22 2 14
19 21 15
16 20 21
9 12 7
21 0 14
23 2 13
17 20 12
16 20 31
2 5 31
5 7 17
20 0 14
2 4 26
15 19 13
15 20 6
5 9 26
11 14 20
2 6 34
19 22 30
23 2 21
0 3 4
19 20 14
15 19 36
19 21 17
5 6 2
6 9 2
19 21 24
2 4 18
14 17 38
9 14 39
12 15 5
6 8 38
16 19 29
8 11 30
13 15 41
11 17 29
10 12 16
16 19 16
9 11 12
8 11 2
13 16 8
13 14 34
9 11 9
23 1 14
14 16 42
0 3 20
10 13 31
23 2 8
0 4 27
2 5 7
20 21 13
18 19 25
15 16 4
13 17 37
11 14 25
18 21 33
3 9 29
22 2 8
5 9 35
6 10 8
17 20 12
21 2 30
11 13 34
16 19 34
15 19 3
17 21 41
8 10 12
23 2 43
3 6 26
17 19 41
22 4 41
6 11 42
4 8 25
12 17 23
23 3 24
16 16 13
22 2 16
23 3 41
4 6 1
12 14 9
7 10 2
13 16 10
6 9 20
20 23 8
11 13 18
11 13 16
10 15 19
8 11 3
0 3 16
14 16 31
1 2 24
2 5 15
10 13 13
4 5 22
7 10 20
7 11 11
8 11 38
16 19 4
13 17 12
18 22 7
22 1 12
15 18 5
17 21 4
4 7 41
18 21 11
2 5 9
15 18 5
12 15 34
16 19 4
2 6 7
23 2 27
12 16 3
20 22 21
9 11 23
4 7 17
0 2 40
11 15 20
18 23 17
20 20 41
15 19 14
4 8 32
19 23 37
1 4 4
13 17 8
23 4 27
18 20 29
21 0 19
22 0 10
22 0 10
23 1 26
17 22 23
13 16 42
16 19 23
13 17 16
19 22 14
2 5 14
7 11 21
6 10 29
22 2 42
14 15 2
18 21 28
4 7 27
0 2 34
1 2 8
6 8 31
10 14 34
22 0 5
19 21 4
11 13 9
16 18 35
9 12 35
17 20 33
9 12 10
7 8 38
4 6 35
11 14 41
8 12 12
8 10 15
6 10 5
13 17 2
20 23 19
1 5 22
19 22 40
9 13 31
1 5 4
1 5 2
1 2 23
13 17 19
19 20 15
10 12 30
13 17 33
21 0 25
15 17 6
0 4 1
2 5 28
21 0 17
8 9 4
13 17 23
7 10 1
7 9 2
16 19 29
1 4 22
8 13 40
20 22 24
3 5 11
10 13 25
16 18 39
23 2 26
18 21 16
11 14 21
6 9 3
17 18 38
9 13 11
16 20 32
13 14 25
8 11 7
3 7 2
11 15 40
14 16 28
13 17 27
10 13 32
5 8 37
20 0 27
3 5 23
16 17 43
6 10 17
11 13 5
16 18 39
16 19 36
15 17 4
4 8 22
23 3 23
4 5 14
12 16 38
19 22 18
6 8 41
21 22 12
12 15 20
17 19 17
14 17 35
18 21 37
10 11 13
8 10 27
20 0 20
4 8 25
18 20 23
14 16 33
20 23 2
8 10 25
9 12 13
14 15 6
8 11 22
16 20 25
16 20 37
13 14 17
11 14 5
17 20 33
8 13 41
23 2 21
17 21 27
23 1 17
14 17 24
23 2 35
2 5 42
7 10 26
8 12 8
20 1 4
22 2 22
0 2 31
7 10 18
16 19 32
0 4 27
8 11 8
7 9 35
10 11 38
19 23 36
12 14 41
4 9 9
6 10 32
23 2 36
18 21 40
3 4 39
6 9 30
20 23 3
16 20 19
9 12 22
6 10 10
1 2 5
23 1 20
7 11 28
23 3 23
20 23 42
22 1 30
11 13 25
13 16 31
23 2 22
12 15 42
2 6 33
20 23 24
21 0 8
20 21 25
22 2 3
14 16 1
14 16 33
12 16 4
13 17 13
18 21 38
20 23 5
4 6 38
17 21 14
21 1 24
4 7 35
7 10 11
11 14 11
9 12 31
4 7 11
7 9 17
18 19 19
14 16 43
11 14 39
19 20 15
19 21 39
23 3 3
7 10 24
9 12 12
10 12 9
6 10 5
7 11 37
2 6 43
16 20 16
20 0 25
7 11 37
16 19 39
5 7 16
20 1 3
22 1 19
19 21 19
18 20 32
19 23 42
18 20 4
22 0 2
17 20 10
14 17 2
16 18 37
22 23 36
21 23 6
18 22 9
1 4 36
18 21 26
20 0 15
18 21 29
10 13 33
19 23 36
22 2 14
21 0 11
22 23 10
18 21 25
2 4 17
16 20 34
17 19 40
1 5 35
5 9 9
21 23 43
21 1 7
17 20 14
15 17 37
9 11 29
16 19 10
20 22 8
22 1 43
15 17 18
8 12 2
6 8 35
18 22 7
23 1 28
8 11 18
19 23 39
18 21 29
15 18 27
14 16 38
10 13 22
9 12 3
13 18 25
22 21 39
8 10 31
12 15 6
12 17 19
23 1 40
10 14 31
11 13 20
2 6 36
9 13 7
19 21 2
16 19 38
3 7 42
6 8 18
18 20 13
21 1 30
4 7 30
5 9 6
4 7 18
15 18 24
19 21 17
22 2 41
22 23 16
1 6 30
5 7 12
8 12 2
6 11 7
11 15 37
13 17 20
2 5 19
8 11 15
3 5 19
7 9 26
20 0 16
6 10 23
17 21 31
3 7 22
19 22 14
3 5 28
17 20 4
10 13 25
9 11 9
12 14 26
19 21 6
6 10 15
18 20 33
16 19 18
13 17 12
15 19 15
9 12 37
12 15 27
5 7 4
7 10 17
5 8 15
6 8 23
21 0 2
22 1 29
2 4 17
11 12 26
16 21 43
1 3 22
0 4 13
0 3 10
5 9 9
22 2 28
6 9 19
2 5 17
2 6 22
16 21 31
20 22 36
11 14 40
8 11 40
0 4 23
4 8 15
1 3 6
18 19 43
1 5 34
18 22 20
20 1 12
23 2 4
3 7 18
16 19 16
11 14 40
12 14 17
22 2 30
12 14 37
21 0 6
21 23 16
16 17 17
13 15 15
1 3 34
9 11 1
7 9 28
3 4 35
6 7 23
0 4 30
5 8 11
12 12 34
21 1 3
14 16 3
2 5 19
23 2 15
6 9 40
11 14 19
6 10 30
12 16 6
11 13 41
17 18 41
1 3 32
10 13 35
3 5 16
1 6 9
6 10 36
4 7 34
16 20 19
14 16 33
5 8 35
22 2 42
11 15 28
6 8 7
12 16 14
9 12 6
16 20 3
20 23 7
23 2 27
6 10 41
9 11 1
16 19 5
9 12 21
8 11 21
15 19 30
1 2 11
12 14 29
12 16 32
10 11 23
2 5 9
23 2 1
10 12 25
15 17 13
20 23 14
16 19 31
16 20 19
21 1 39
19 21 31
5 7 33
1 3 5
9 12 42
13 16 38
22 1 42
18 20 23
6 9 31
6 9 3
7 11 5
20 0 6
13 15 4
16 20 33
21 0 9
12 16 1
5 7 42
7 11 29
7 10 10
0 4 8
21 1 6
7 10 6
5 8 28
7 10 28
20 0 26
18 21 20
17 18 39
14 17 20
9 11 37
19 22 29
21 1 29
22 0 35
2 4 30
17 19 11
17 19 10
9 11 23
13 17 30
5 9 34
16 20 10
3 6 37
13 16 19
22 3 10
17 20 35
0 3 38
4 6 6
9 14 1
17 19 32
15 18 42
10 13 43
2 7 8
12 14 25
0 3 19
0 2 36
9 11 9
2 5 9
23 3 1
13 18 30
3 5 37
15 15 39
13 15 3
20 0 12
18 19 38
20 1 30
7 12 31
15 17 17
12 16 16
13 16 18
22 2 26
16 19 10
11 16 7
10 15 12
3 6 8
2 5 17
13 15 18
22 0 34
14 18 17
14 19 14
16 19 20
10 14 34
8 10 18
8 11 19
15 18 9
16 19 37
13 16 3
4 7 27
8 13 23
0 1 32
17 17 29
1 4 35
18 21 10
8 10 15
18 21 31
21 23 38
2 5 16
0 4 34
0 2 38
7 8 42
22 1 16
2 5 33
14 18 9
20 0 4
8 10 15
7 10 34
20 0 4
15 18 16
14 16 21
13 17 31
15 20 10
4 8 42
17 21 31
14 19 26
3 6 15
16 19 23
17 20 42
2 6 6
19 18 19
12 17 9
21 1 41
6 9 5
12 15 16
15 18 39
22 1 30
6 10 27
16 20 9
11 14 41
15 17 6
22 1 2
17 20 12
16 18 8
21 0 1
3 6 16
2 5 3
15 18 10
6 8 13
12 15 13
21 23 7
6 9 23
3 7 8
19 21 6
12 14 2
12 16 25
5 7 38
12 16 2
22 2 11
8 11 33
21 23 26
21 2 17
15 18 25
6 9 14
21 1 33
15 18 40
2 5 9
11 16 18
3 8 31
15 16 36
8 11 24
2 5 23
11 15 11
20 1 27
10 13 22
1 2 1
13 15 19
3 6 7
7 10 40
22 0 22
5 8 2
6 11 13
18 21 9
15 17 7
8 9 34
11 14 33
12 15 2
5 8 26
1 4 28
18 19 39
19 22 42
15 19 41
19 22 22
12 16 27
14 16 7
14 15 7
9 11 26
6 9 7
7 11 24
0 4 3
13 14 30
10 13 38
21 0 9
7 11 11
3 7 17
6 9 37
9 12 22
16 19 12
3 8 10
17 20 29
17 20 4
16 18 42
17 20 26
16 19 29
22 2 26
18 21 19
1 3 23
15 18 13
1 4 43
14 18 12
6 8 32
13 17 37
17 21 27
1 6 24
6 8 9
14 17 21
2 3 10
20 21 6
1 4 34
3 5 39
14 16 5
6 7 28
1 4 31
23 2 12
2 4 22
15 18 1
18 19 23
21 0 30
10 13 15
17 21 39
11 14 25
23 2 1
9 12 34
19 23 10
6 10 2
13 16 22
15 18 31
3 8 40
3 5 4
14 16 9
6 7 2
3 8 20
19 23 14
16 19 33
0 4 2
21 0 18
9 13 37
8 10 1
13 15 2
16 21 18
3 7 12
16 17 18
11 13 22
14 16 3
6 9 34
7 9 11
10 15 17
13 15 7
21 22 28
15 17 26
2 6 29
14 16 30
10 12 38
19 22 2
10 14 2
14 18 34
8 11 18
2 5 15
9 13 20
3 5 11
20 22 15
16 20 36
4 7 8
17 20 7
13 16 41
10 13 34
11 15 34
3 6 32
17 21 19
0 4 16
14 17 3
3 6 15
13 16 32
16 19 22
20 0 10
22 1 29
10 12 41
17 19 12
13 15 13
16 18 3
0 5 18
16 17 13
23 3 34
6 10 28
8 11 4
16 19 17
19 23 19
14 18 10
2 6 34
11 15 5
2 4 28
5 7 40
7 10 6
2 4 25
10 13 25
3 7 41
6 11 43
22 1 9
17 20 13
12 15 2
22 2 23
8 11 20
21 0 43
21 0 20
9 13 29
17 18 5
1 3 13
7 9 40
20 23 10
1 3 31
17 20 32
12 17 42
13 16 24
14 18 7
0 4 29
17 21 25
17 21 42
15 18 14
22 1 34
19 23 18
11 14 27
2 5 14
5 8 15
11 14 11
18 19 14
22 2 5
7 10 40
19 20 35
9 13 21
13 15 5
6 10 34
1 3 12
0 1 30
9 13 24
18 21 25
3 5 14
21 1 1
17 20 42
9 10 2
7 9 12
6 10 17
0 3 15
17 21 30
9 11 24
16 17 12
8 11 16
15 18 40
14 17 6
15 17 32
4 5 27
1 3 38
22 2 22
19 22 7
21 0 6
22 1 10
11 15 25
9 13 5
0 2 32
1 6 34
13 18 9
19 22 32
7 10 15
19 23 36
22 0 33
13 16 40
7 11 18
18 22 14
2 6 6
6 9 32
19 22 17
0 3 41
1 5 41
15 19 40
21 23 28
22 1 37
2 4 29
3 4 13
19 22 40
11 13 17
14 18 34
16 19 1
19 19 39
7 12 26
12 15 28
0 3 19
16 19 16
21 1 42
14 17 14
23 0 27
1 5 6
10 12 15
4 6 33
19 21 15
6 9 36
18 20 15
5 11 30
16 18 37
20 22 29
7 11 23
7 11 3
16 20 12
5 9 4
19 21 38
20 0 8
13 15 34
2 5 3
14 17 20
3 6 24
18 0 37
5 9 21
19 22 41
17 20 43
15 17 10
5 8 37
17 19 41
3 6 27
20 23 12
13 15 4
2 7 2
4 4 25
21 23 12
17 22 38
5 8 22
12 16 39
9 12 4
1 5 5
0 2 4
4 7 24
12 15 1
20 23 20
17 19 30
10 13 5
7 11 40
22 0 19
5 7 18
3 8 3
8 9 30
11 14 13
22 2 4
13 17 4
10 14 35
19 22 41
11 15 9
22 1 43
17 20 14
4 5 13
10 12 17
9 14 31
20 23 24
15 18 14
2 4 20
3 7 30
8 10 43
9 13 25
23 1 26
21 2 22
2 4 1
7 10 1
9 12 7
5 9 20
7 10 30
23 4 23
2 6 20
2 6 21
13 15 21
6 10 7
21 0 43
0 1 28
13 17 11
2 5 30
15 17 25
19 20 21
19 22 12
17 20 12
15 17 34
20 0 3
23 2 31
13 17 27
23 3 33
12 16 15
14 17 14
21 0 13
15 20 18
17 20 38
6 7 29
22 2 30
23 2 43
0 3 33
18 20 32
14 17 40
12 15 23
10 12 23
22 0 25
23 3 40
11 14 4
8 10 4
2 4 3
1 3 22
3 5 23
14 19 37
2 5 3
7 10 19
10 15 39
2 7 1
8 12 10
23 2 38
19 23 1
7 9 37
2 5 20
1 5 32
2 5 1
6 10 14
16 19 8
7 11 28
20 23 12
22 0 7
1 5 4
21 1 28
12 17 18
4 7 19
22 2 41
4 7 16
8 10 20
1 5 36
4 6 42
10 14 32
1 5 37
13 17 17
4 7 19
12 16 13
5 7 27
9 13 12
5 7 27
20 22 43
21 0 26
9 11 6
23 2 38
5 7 19
3 5 42
0 3 32
12 16 34
22 2 42
19 0 32
22 1 18
17 20 13
12 16 24
12 15 19
10 15 21
10 12 34
3 5 21
18 20 18
17 20 9
17 20 32
17 21 28
2 8 28
7 11 7
0 3 32
22 0 29
11 14 3
17 20 8
19 23 41
18 21 23
8 11 30
1 3 28
6 9 5
22 1 26
21 23 43
1 4 22
10 12 2
5 6 42
15 18 28
9 12 32
0 3 29
21 1 3
19 21 15
21 1 7
1 4 9
6 7 19
9 12 39
4 6 25
0 3 10
23 2 19
21 1 4
8 12 19
23 1 21
2 5 9
14 16 32
14 17 27
16 20 4
17 19 20
12 16 19
10 13 3
18 20 27
3 8 24
11 15 34
6 9 24
20 0 35
16 19 7
3 6 38
13 14 41
19 21 12
17 21 18
7 10 41
6 9 32
23 2 12
3 7 32
23 2 2
5 8 39
19 23 4
10 13 4
23 2 13
21 0 20
11 13 35
3 4 15
20 22 1
1 2 26
21 1 23
6 9 37
19 21 28
1 5 1
4 7 18
2 7 10
2 7 37
12 16 4
12 14 8
7 12 17
13 13 15
23 1 43
1 3 10
10 13 3
5 8 1
0 4 27
21 1 13
18 22 29
23 2 32
22 0 19
18 21 42
15 18 2
2 5 5
16 18 34
10 13 22
0 4 4
15 18 7
10 14 30
14 15 31
6 9 3
6 9 8
7 10 40
1 4 4
10 12 3
10 13 39
4 8 42
2 4 19
19 22 34
9 14 29
19 0 39
5 8 23
14 18 15
2 3 16
20 1 15
18 21 26
8 11 8
7 10 38
9 12 33
23 2 17
20 22 39
20 23 41
23 2 24
11 13 9
7 8 9
10 13 8
21 1 31
2 5 3
3 6 15
14 18 36
7 11 11
10 13 38
12 15 35
16 18 41
11 13 36
23 2 8
7 9 15
1 3 22
14 17 36
9 13 33
5 8 4
11 15 30
10 11 15
5 8 41
0 4 40
5 8 3
18 21 9
18 20 35
7 11 41
9 12 30
8 11 17
18 23 35
3 5 28
21 0 38
5 7 41
14 18 31
18 20 12
20 23 39
18 20 25
10 11 16
18 21 14
7 9 2
16 19 1
12 14 37
7 8 34
14 18 2
18 22 19
2 2 26
1 5 13
15 17 11
13 17 13
11 14 5
21 1 20
12 13 22
8 11 21
3 6 41
20 23 27
16 18 34
8 11 11
21 23 28
5 6 26
20 0 26
16 20 15
13 15 29
11 16 10
7 10 23
18 21 32
3 7 30
6 8 37
2 5 6
22 0 20
10 13 29
21 0 6
20 22 16
3 5 22
13 15 1
7 9 16
1 2 25
11 13 33
5 9 26
11 14 25
1 3 25
12 14 7
21 1 24
18 23 31
18 20 38
15 18 8
22 0 16
3 7 7
22 1 27
5 8 8
15 19 6
14 19 16
11 15 27
23 1 14
16 20 6
19 21 38
18 22 36
17 23 12
4 6 16
14 17 29
18 20 36
11 14 11
9 12 39
3 7 1
6 9 11
9 11 20
3 6 43
10 14 33
21 1 27
18 22 22
21 0 7
10 15 37
17 19 11
23 2 37
9 13 25
14 17 16
7 8 27
10 14 40
19 23 7
11 14 20
8 12 9
15 19 35
15 16 9
4 6 8
19 21 25
11 16 43
8 11 33
14 16 5
7 10 15
0 3 5
7 10 16
3 5 3
14 18 35
4 8 31
7 9 18
15 17 9
17 20 19
17 21 11
14 16 12
12 14 28
23 3 14
14 17 26
8 11 36
23 2 32
4 7 35
2 3 13
2 3 38
19 21 18
10 12 42
8 12 28
20 0 14
16 19 25
5 8 8
2 5 3
12 15 27
16 18 33
19 20 30
14 18 16
5 9 42
1 5 4
15 18 9
15 19 10
23 1 23
11 12 3
18 23 27
1 4 21
3 9 23
19 21 3
11 13 25
4 8 11
15 18 38
7 11 1
8 12 16
4 7 3
19 21 1
7 9 7
14 17 6
8 12 33
18 23 31
20 23 38
14 17 27
0 3 36
2 6 24
7 11 31
12 13 35
17 22 26
4 7 11
10 13 16
20 0 11
23 2 19
4 8 7
18 22 11
0 4 43
21 0 22
10 11 23
22 0 27
1 4 12
19 23 28
20 23 29
17 20 36
23 3 17
0 2 12
5 8 15
12 15 32
10 15 40
14 18 10
7 10 34
22 0 36
0 2 20
11 13 1
17 22 3
11 15 11
18 23 11
19 22 13
7 10 4
21 21 7
15 18 7
15 19 18
17 19 34
7 10 32
23 2 18
13 16 28
8 9 6
6 7 37
0 2 14
17 21 32
1 4 30
13 16 35
21 0 28
16 19 28
7 8 34
20 21 10
18 20 33
4 9 14
23 2 28
4 6 41
6 12 39
20 20 1
15 18 7
18 20 23
13 15 18
7 10 5
5 9 5
7 10 34
2 4 23
15 20 3
0 2 43
18 22 16
21 3 8
11 13 25
14 17 25
18 21 32
21 23 2
8 12 11
6 10 5
5 10 16
0 3 12
15 19 33
14 17 43
22 1 22
8 10 37
0 4 6
1 4 23
19 22 11
23 3 8
17 20 26
16 18 28
16 20 16
22 1 32
5 8 34
9 13 17
14 19 6
10 13 39
12 15 36
5 6 41
11 14 32
5 7 26
9 11 38
15 18 22
14 18 21
10 12 28
8 10 13
4 7 41
20 23 25
22 2 8
17 19 11
23 1 25
8 10 7
6 8 38
13 16 7
16 20 2
10 15 9
9 13 9
2 5 10
23 2 29
3 6 22
13 16 19
5 9 38
16 18 22
9 11 42
23 0 27
19 21 38
22 3 4
19 23 43
1 4 3
18 21 37
21 0 15
23 2 40
16 17 15
12 15 24
23 2 22
1 4 22
6 9 8
7 10 31
12 15 24
18 21 16
22 1 3
0 5 33
9 13 10
8 11 41
7 11 2
21 0 36
20 21 9
2 5 16
11 14 10
5 8 14
19 21 36
13 17 5
12 16 33
23 0 17
23 2 10
6 7 14
12 14 15
10 13 41
21 0 42
11 15 30
21 0 42
17 20 22
16 21 25
8 12 30
14 17 19
5 8 19
18 21 34
16 20 16
9 12 30
9 12 36
1 4 27
11 14 22
13 16 5
3 6 36
8 12 28
9 13 38
22 0 35
13 14 9
6 9 34
16 19 10
20 0 22
17 21 31
15 18 8
13 16 40
0 2 1
18 19 39
6 9 29
23 1 27
18 21 43
22 0 32
0 5 30
16 19 22
0 4 30
18 21 25
17 23 26
10 14 26
16 17 5
19 22 43
3 6 28
7 10 9
19 20 2
12 16 21
0 2 22
1 3 21
11 13 26
17 21 38
9 12 40
3 7 25
13 15 27
9 11 12
17 19 3
10 14 5
2 5 21
9 12 26
18 22 30
4 7 22
14 17 8
5 7 36
17 19 22
19 21 21
4 9 1
22 0 41
1 2 37
17 22 40
16 20 18
2 5 10
17 21 39
17 21 27
18 22 3
10 14 30
23 3 1
17 20 20
2 5 2
14 18 39
5 9 25
0 3 6
21 23 25
11 14 11
18 20 30
18 21 6
16 22 14
9 11 42
21 0 17
21 1 41
13 17 42
12 15 15
16 20 36
11 16 25
18 21 25
9 11 29
17 20 3
17 21 21
9 13 37
15 19 15
20 22 34
10 12 23
22 2 21
22 2 8
21 0 26
3 6 36
15 18 19
10 13 35
22 1 36
23 2 25
17 19 25
15 17 30
17 20 26
16 19 36
6 8 16
5 9 35
7 10 27
3 7 15
19 22 9
17 20 31
22 1 26
3 7 31
7 7 9
8 12 35
18 22 8
2 4 31
5 8 20
17 22 29
17 19 9
6 9 2
16 18 11
23 2 15
6 9 10
6 9 37
5 7 19
18 21 41
16 21 12
11 14 5
13 16 37
5 10 3
14 15 15
22 1 40
5 7 28
12 13 9
11 13 7
10 13 25
19 22 42
19 22 15
0 4 29
23 2 41
15 19 23
6 9 41
8 10 36
4 6 17
9 12 10
8 10 43
20 0 37
13 18 8
19 22 10
21 1 15
16 19 8
21 22 37
2 5 17
23 2 16
18 20 5
17 20 3
20 21 28
1 5 25
2 5 26
17 19 34
9 12 33
4 6 41
22 2 6
2 3 20
20 23 43
7 10 39
6 10 9
7 10 12
22 1 16
18 21 30
20 1 38
7 10 19
14 15 9
10 13 40
7 10 9
1 4 40
19 23 27
8 8 12
22 1 4
1 5 38
1 4 43
19 21 17
7 9 34
20 0 9
15 17 37
23 2 6
8 11 26
7 9 34
18 21 41
2 5 22
13 16 24
17 21 5
10 14 35
23 2 25
5 9 21
18 21 24
10 12 12
9 11 33
3 6 7
2 5 35
0 3 19
12 15 7
10 13 24
4 6 32
10 13 28
23 4 10
17 19 13
7 9 26
12 15 27
9 12 21
3 6 25
11 15 9
9 11 29
17 20 42
21 0 43
21 23 14
8 11 29
6 9 1
13 18 9
2 4 31
22 0 25
13 14 23
8 11 20
16 19 18
8 11 29
2 4 5
23 3 31
8 12 10
17 20 20
0 2 7
9 12 25
1 4 34
5 7 41
14 18 22
14 18 19
0 4 1
4 8 39
16 18 18
16 20 31
1 4 7
13 15 9
22 2 2
19 23 6
1 4 41
5 9 23
22 2 1
8 9 26
10 13 27
12 15 18
1 2 42
6 9 41
6 11 31
9 11 30
13 15 30
22 1 19
6 8 34
11 15 3
4 6 18
12 16 39
20 0 3
11 15 3
9 12 23
10 14 37
2 6 40
5 10 9
8 10 5
13 14 35
17 21 41
17 19 22
17 21 9
7 10 35
13 16 37
19 23 38
14 17 30
11 12 23
17 21 5
8 10 9
2 6 10
0 1 36
13 15 40
2 3 7
18 19 29
15 18 21
11 16 24
18 21 15
13 16 4
0 4 33
23 0 27
5 8 18
20 23 23
19 22 32
3 6 20
18 21 42
2 6 40
15 18 6
3 7 38
8 11 5
3 6 14
20 0 34
22 23 10
22 0 30
8 12 26
22 1 3
11 13 1
2 6 33
5 9 12
3 5 15
15 18 12
8 11 15
5 8 36
23 4 40
16 20 33
15 16 23
20 22 26
8 11 23
22 2 40
22 2 28
6 7 29
0 3 9
2 5 33
6 7 11
1 3 34
10 14 19
3 6 39
4 6 7
1 3 1
16 19 18
17 19 11
5 8 17
16 19 24
17 20 9
3 4 4
16 18 9
22 2 26
22 2 12
14 17 40
17 21 33
10 13 9
17 21 38
5 6 16
1 4 42
0 2 27
12 14 19
0 3 23
19 23 26
3 5 24
23 1 6
2 3 39
20 22 2
16 20 40
13 16 17
21 1 18
14 15 3
2 3 10
3 7 17
18 22 19
1 5 41
22 1 1
11 15 15
20 22 5
10 13 22
16 18 38
22 2 1
21 0 13
18 20 16
8 11 40
20 23 37
22 0 6
4 7 1
9 13 18
23 2 21
14 17 15
8 10 42
21 0 21
18 19 36
12 15 43
5 8 3
22 0 23
0 3 35
5 8 12
10 13 28
1 4 30
10 14 40
22 2 7
17 19 19
0 4 2
12 18 6
10 14 13
13 17 32
5 6 36
8 12 43
12 15 39
9 12 3
0 4 19
7 9 29
0 1 35
15 19 25
16 21 37
3 5 30
22 23 42
7 10 41
0 4 10
16 18 22
2 6 13
20 21 14
17 21 15
20 22 21
5 8 27
23 1 25
11 16 15
23 2 5
10 11 11
13 17 28
21 1 2
15 18 28
0 4 20
21 0 27
11 14 22
14 18 38
10 13 20
7 9 24
8 11 4
14 17 41
17 20 27
23 1 35
22 1 9
4 7 9
7 9 40
21 23 35
16 18 18
19 21 25
22 0 30
4 7 6
3 6 8
5 7 36
7 10 30
22 0 41
14 17 21
0 3 22
18 21 14
15 18 1
11 14 39
2 6 14
16 18 11
3 5 36
16 19 42
1 4 32
11 13 18
19 21 33
10 12 10
10 14 28
12 15 24
19 23 10
15 18 32
22 2 4
17 20 2
6 8 4
13 16 18
16 18 39
8 12 9
6 8 39
4 8 38
5 7 29
16 18 38
6 9 13
19 21 40
23 2 29
22 0 41
18 20 23
20 22 43
9 11 21
8 12 6
0 2 7
8 12 34
11 15 18
12 14 18
19 21 26
18 20 32
7 8 40
8 10 23
12 14 31
1 3 20
15 19 32
12 17 22
3 7 31
12 14 3
4 9 23
18 18 39
21 1 31
6 8 24
7 11 4
13 18 42
15 20 15
17 20 13
18 19 10
3 5 5
5 7 26
13 16 10
23 1 2
23 1 10
3 7 37
20 23 43
16 19 31
21 2 39
9 12 15
15 17 12
7 11 3
13 17 40
11 14 1
15 18 5
6 9 38
15 18 27
14 19 1
7 10 12
9 12 27
2 6 38
7 11 13
1 5 36
18 20 40
9 12 16
10 12 5
17 21 31
5 8 39
7 11 21
22 1 43
11 13 11
1 2 29
13 15 32
21 23 39
4 8 43
13 17 39
23 2 28
0 2 34
13 16 23
23 3 16
2 5 11
21 0 26
6 10 43
7 11 10
14 17 18
15 18 33
12 17 31
19 22 31
17 20 40
5 9 40
17 20 42
18 23 24
20 23 12
1 4 4
0 2 25
2 4 9
23 3 3
10 12 28
23 1 39
9 14 26
17 19 15
16 19 41
22 0 27
17 21 7
23 1 1
16 19 19
4 6 24
3 5 3
13 14 34
17 22 29
5 9 18
23 4 23
12 14 25
15 17 16
2 5 8
4 7 5
14 18 43
6 9 36
0 3 26
15 20 2
14 18 3
13 17 37
17 21 12
5 8 33
7 10 13
4 7 23
12 15 31
6 10 36
21 0 23
14 17 36
4 6 37
19 22 7
8 10 35
22 0 24
4 8 26
4 5 33
0 3 40
22 1 4
23 1 9
4 8 29
8 12 17
1 6 36
22 1 1
20 0 10
20 22 34
3 6 38
23 3 31
0 2 33
3 7 2
2 5 41
11 13 15
5 9 7
23 1 19
6 9 4
10 11 4
20 0 22
17 22 39
22 3 34
1 4 33
22 2 24
7 11 24
21 2 40
16 17 30
18 22 11
7 8 32
13 16 37
5 6 27
17 22 5
0 4 7
10 13 5
6 8 15
4 9 11
6 8 41
6 9 37
21 0 31
23 3 16
17 20 18
21 0 30
9 13 23
16 19 5
21 0 4
9 12 2
6 11 23
22 2 17
5 8 7
4 7 24
12 14 14
16 18 19
18 21 27
11 13 38
7 9 12
8 11 22
12 14 16
21 2 16
19 22 28
6 9 2
17 20 8
1 6 24
3 6 43
15 18 29
20 0 36
9 13 9
1 3 38
1 1 23
13 16 25
21 1 18
11 13 43
7 12 15
10 12 33
15 18 11
7 9 38
14 18 35
3 7 19
18 21 23
4 7 42
8 11 24
19 23 1
21 0 25
0 2 37
17 19 21
0 2 43
16 20 24
7 10 21
15 18 32
7 11 2
8 11 5
12 16 4
6 9 29
6 9 2
0 4 43
6 9 40
8 11 33
18 21 7
2 5 33
20 1 43
4 9 17
5 8 20
13 14 29
0 4 22
22 1 2
13 16 21
16 18 27
5 9 42
8 10 4
15 17 33
20 23 2
9 11 10
6 8 10
18 20 11
15 20 12
9 13 30
17 19 39
8 10 23
23 2 1
7 12 11
8 11 5
16 19 23
18 21 6
20 1 28
22 0 7
22 0 5
6 8 24
6 10 25
4 7 10
8 11 13
2 6 41
17 20 13
3 6 16
19 23 18
10 14 20
8 11 33
1 3 33
14 17 3
18 22 18
19 22 18
6 10 32
10 14 28
21 1 7
16 20 35
18 22 23
22 2 21
19 23 6
3 6 25
10 14 43
10 13 18
23 1 15
19 20 7
3 5 5
9 12 40
16 18 30
0 5 3
4 5 22
2 7 2
13 15 6
4 6 14
19 23 33
19 21 35
10 12 10
3 7 14
2 4 10
6 8 43
16 20 3
22 0 2
4 7 32
15 17 14
11 14 10
22 0 40
2 7 41
7 9 39
4 6 17
2 5 40
17 21 35
22 1 13
4 6 40
14 16 12
15 17 27
0 3 26
1 4 33
15 19 18
4 7 33
18 20 16
15 20 17
16 19 14
8 9 35
9 14 10
14 17 11
13 17 3
17 21 26
20 23 1
23 2 5
18 22 3
21 23 41
3 6 35
16 18 14
12 17 30
1 5 13
0 3 20
22 1 2
0 3 13
13 16 29
14 16 12
9 12 29
3 6 15
23 3 1
19 22 34
1 4 42
10 13 41
5 6 20
19 21 31
13 16 5
6 10 18
11 13 25
23 1 25
22 2 24
2 6 3
23 1 38
11 14 43
1 4 13
4 7 34
23 3 9
18 22 39
9 12 21
18 22 28
8 12 1
7 11 43
20 21 2
9 12 9
5 7 41
6 11 16
3 5 31
2 3 29
21 23 39
1 5 22
8 12 42
7 10 38
22 1 37
20 22 12
10 13 6
23 2 33
7 9 22
9 12 5
20 23 8
16 19 43
18 21 33
5 8 37
21 23 28
23 2 42
18 22 19
19 22 18
4 6 29
6 9 11
16 19 30
9 14 35
22 2 41
21 0 43
19 23 19
9 11 39
15 19 10
2 5 27
16 19 25
14 17 30
1 3 18
14 17 3
5 8 3
18 21 26
21 1 40
13 18 14
19 21 31
20 22 4
13 16 5
1 2 28
7 12 11
5 8 8
16 20 25
14 16 1
2 5 18
19 22 23
4 8 9
8 13 36
6 8 32
20 22 15
21 23 36
5 8 14
7 8 32
6 11 31
22 2 21
8 12 23
2 5 40
5 9 13
23 2 11
17 20 22
6 10 21
21 2 9
8 10 40
11 16 41
15 19 13
19 22 24
11 15 12
4 8 41
19 23 15
2 4 8
5 8 43
19 22 30
23 1 15
23 2 34
2 5 20
21 1 41
15 19 8
7 11 4
4 6 5
12 14 15
22 0 3
13 16 16
8 11 36
16 19 15
14 17 40
21 2 39
4 10 10
5 7 33
7 8 15
8 9 20
22 1 32
13 18 17
9 11 3
13 15 30
6 9 21
16 19 32
6 10 40
3 4 42
18 21 41
21 0 40
12 15 24
12 17 4
21 23 29
11 15 14
12 15 13
15 21 39
17 19 43
21 23 4
8 11 30
0 4 43
23 3 27
13 17 23
11 14 17
19 21 32
3 7 21
21 0 30
12 15 25
7 10 41
9 13 15
21 0 25
17 19 29
15 18 18
11 15 27
12 14 2
13 14 41
17 18 12
15 18 21
14 19 13
23 2 12
17 21 25
11 14 31
20 21 19
14 18 19
4 9 37
14 19 2
6 9 4
3 6 13
15 17 41
11 13 18
3 6 7
16 20 6
6 11 18
21 1 14
22 2 8
10 13 39
21 0 5
14 16 4
4 7 5
16 19 38
1 5 11
23 3 13
21 0 7
20 22 36
7 11 21
19 22 33
5 7 41
9 12 29
2 4 20
10 13 15
16 19 27
9 12 16
16 20 32
7 9 13
13 16 24
23 0 6
8 11 41
11 15 21
13 16 24
2 6 12
3 7 29
22 3 25
10 14 30
20 22 17
11 15 5
21 23 18
11 14 27
9 12 40
16 19 6
4 7 2
1 1 10
4 8 37
7 10 12
4 7 5
8 10 22
13 17 40
11 14 39
6 9 35
20 23 1
22 1 19
10 14 14
16 19 6
16 18 21
7 11 9
4 8 43
18 21 4
11 13 37
17 18 20
2 6 1
7 9 32
11 14 23
13 16 1
1 5 37
14 17 38
1 4 15
20 23 31
14 16 16
7 11 39
8 11 29
17 20 2
5 8 31
16 18 29
8 11 38
19 0 17
11 15 43
19 23 32
3 7 4
22 3 36
14 18 29
10 11 12
5 7 23
6 8 19
0 3 29
14 18 2
13 14 15
10 14 40
0 3 32
13 17 8
4 6 16
15 19 9
19 23 22
21 0 19
16 20 20
18 21 20
14 18 24
8 13 38
4 6 12
7 9 7
8 11 35
21 1 28
16 19 9
21 1 24
14 15 22
8 12 6
10 13 27
2 4 9
15 18 13
15 18 38
7 11 18
20 23 38
11 16 3
21 1 3
5 9 1
14 14 31
8 11 33
19 21 9
9 14 23
12 14 8
0 2 15
7 8 18
13 16 9
17 20 15
17 20 5
16 19 36
17 19 2
22 1 15
19 22 17
0 3 8
23 2 16
7 7 35
9 13 40
15 20 31
17 21 27
19 21 2
8 11 43
5 8 25
4 7 40
3 7 4
19 21 28
18 21 24
22 1 10
2 5 24
6 8 3
3 6 36
13 15 7
15 16 17
23 2 34
18 19 8
2 5 43
19 22 8
4 7 42
2 5 23
11 13 39
4 7 33
16 18 28
17 19 10
22 4 12
14 16 33
20 0 19
17 22 15
21 0 27
7 11 43
18 19 20
0 4 33
7 11 5
15 19 30
1 3 11
15 19 7
4 7 1
23 2 1
18 21 9
22 2 7
6 8 9
23 1 29
18 21 20
17 19 40
3 6 34
23 4 26
5 7 6
2 5 21
20 22 9
22 0 36
3 7 41
10 12 4
6 10 16
22 2 32
2 4 22
3 5 8
17 19 12
12 16 7
11 14 25
19 21 25
6 9 33
4 8 38
14 17 16
2 5 27
17 20 15
10 15 40
23 2 17
20 0 20
8 11 29
19 22 12
9 13 3
19 23 4
0 3 24
13 15 11
11 14 35
0 2 9
6 10 15
0 3 30
17 20 1
18 21 39
7 10 6
3 5 32
11 13 10
12 15 10
19 23 21
14 18 10
6 7 34
6 8 21
10 12 20
9 11 5
5 9 1
22 1 36
17 20 36
10 12 7
14 17 1
16 19 25
4 8 19
7 9 22
18 20 11
20 22 36
20 1 4
15 17 27
4 7 38
4 7 19
1 4 22
3 7 18
11 12 4
21 1 2
1 5 40
21 0 13
19 21 12
17 20 3
6 8 18
1 5 29
11 13 22
6 10 14
7 8 3
2 3 19
8 11 39
6 11 26
14 17 3
14 17 1
21 0 26
5 7 16
10 12 42
19 23 25
3 6 35
10 13 34
17 21 40
20 22 27
8 12 2
10 15 26
12 14 4
0 3 29
23 1 15
17 19 14
0 3 22
7 9 20
4 6 34
21 23 15
18 22 4
12 15 43
1 3 22
2 3 7
14 17 20
0 3 40
7 10 40
1 4 20
20 23 11
2 6 35
9 11 33
21 0 42
8 11 28
16 20 39
16 19 41
0 4 5
13 15 28
11 14 28
7 9 14
14 16 42
16 20 25
4 6 23
17 21 20
3 5 4
5 7 28
16 18 26
15 17 8
15 18 21
22 0 32
22 0 28
12 14 5
8 10 25
10 14 9
2 5 38
18 21 29
10 14 38
20 22 42
1 6 24
12 15 40
23 3 4
0 4 25
14 17 22
22 23 15
18 21 42
17 22 19
5 7 43
20 23 33
20 22 3
0 2 42
22 0 19
22 23 42
23 3 10
5 7 9
9 12 39
18 20 12
17 19 39
19 21 29
1 3 27
7 10 16
9 12 11
14 16 31
16 18 37
3 5 41
4 8 33
22 1 10
8 11 25
21 23 13
15 18 11
0 1 26
22 2 36
23 2 7
23 1 9
19 20 25
3 7 21
22 2 2
5 8 17
0 3 29
20 1 24
19 21 31
13 15 28
18 21 37
7 11 43
6 11 31
16 19 35
10 13 29
1 3 33
15 18 21
13 16 28
4 6 6
19 21 35
15 19 33
20 0 20
16 21 29
3 7 23
15 19 34
0 5 1
20 23 8
22 0 16
18 21 42
11 15 39
1 4 38
19 23 38
9 10 29
11 15 26
12 15 2
20 0 7
2 6 20
5 7 42
3 8 35
7 9 27
6 9 32
10 13 9
1 3 4
10 14 10
9 14 21
15 18 32
5 9 23
22 1 28
8 11 31
9 11 21
19 21 33
20 0 3
9 13 14
20 0 21
1 3 7
19 23 20
9 13 24
12 14 33
3 6 12
2 5 42
12 16 5
3 6 43
19 22 40
17 20 16
4 6 14
2 3 8
20 23 32
21 1 20
21 2 36
7 10 34
20 23 32
22 1 22
9 10 2
18 20 1
8 11 3
15 18 40
3 6 22
11 13 8
18 19 5
6 10 20
12 13 10
11 14 8
19 23 13
22 3 16
6 8 12
16 18 2
11 12 3
19 23 22
10 13 16
15 17 26
22 23 38
13 16 42
17 20 26
6 9 23
5 10 12
6 8 37
18 21 43
0 2 32
15 18 1
20 22 26
6 9 14
15 19 29
12 15 37
12 15 11
19 21 23
6 7 13
4 6 14
20 23 24
19 20 1
15 18 43
16 19 20
10 14 34
6 11 42
6 10 31
9 12 39
15 18 41
19 23 43
18 20 15
18 19 21
16 17 14
21 0 43
14 17 36
11 15 14
10 13 8
0 3 17
5 9 19
18 20 23
21 2 17
13 16 42
18 21 34
18 20 32
13 15 17
22 0 26
13 16 1
12 16 17
22 1 6
20 23 26
11 14 34
4 8 11
11 14 20
6 10 19
9 13 28
14 16 24
0 4 42
18 22 27
10 15 22
6 10 42
21 0 23
22 2 18
20 23 1
22 0 43
19 22 32
21 1 8
22 2 36
18 21 1
13 17 38
8 11 36
13 14 37
9 11 42
18 23 22
11 13 39
14 15 23
0 3 40
16 17 29
17 21 16
11 13 43
9 11 41
1 3 35
22 1 21
15 19 20
10 13 28
17 20 3
20 22 20
9 14 6
10 13 24
10 12 17
22 1 17
20 23 16
4 8 31
17 19 10
22 2 24
13 17 41
10 13 34
21 0 2
23 3 43
13 14 7
19 23 37
18 21 26
0 5 39
17 20 30
21 1 27
12 17 13
0 4 26
6 9 12
3 6 26
13 18 27
12 14 21
1 5 31
12 14 29
5 8 8
12 15 23
21 0 2
5 10 26
13 16 5
23 1 26
0 5 29
0 4 27
12 14 4
21 1 20
2 6 19
11 14 39
10 13 17
23 1 36
8 13 3
12 15 26
15 18 41
8 13 15
1 3 43
23 4 16
20 22 24
15 17 18
7 8 28
16 20 37
5 7 24
20 0 15
2 5 26
0 3 30
16 18 1
18 20 16
4 8 5
3 5 4
19 23 15
5 7 15
15 18 25
9 12 7
22 2 1
11 15 29
14 15 27
5 9 30
23 2 35
20 23 41
22 3 20
12 15 14
19 23 2
12 15 24
4 6 19
19 22 31
3 6 7
4 7 12
17 19 17
2 5 14
16 21 14
23 3 18
14 17 20
11 15 11
21 1 39
2 6 29
14 18 3
18 21 40
13 17 35
5 10 12
0 2 24
13 17 7
23 2 42
8 11 30
14 19 43
19 21 17
11 12 4
15 17 31
1 4 39
7 9 16
0 4 24
23 4 5
3 4 14
10 14 17
23 2 13
16 18 5
2 6 11
14 16 29
8 11 37
4 7 40
0 5 41
12 15 27
11 14 42
17 20 28
6 8 3
11 12 38
2 5 20
10 10 9
23 2 30
13 16 32
19 22 4
0 0 41
4 8 11
0 3 35
15 20 29
7 10 42
14 18 22
5 8 2
8 12 14
18 23 2
5 9 12
11 14 31
14 16 41
11 15 37
0 3 32
12 14 28
14 18 10
7 9 21
8 11 18
3 8 15
15 18 25
18 22 39
23 0 40
20 21 27
12 14 8
17 18 9
13 15 26
0 3 3
4 10 7
3 6 23
16 18 7
9 12 41
13 18 9
21 23 28
19 22 18
5 7 7
5 8 11
23 3 15
17 21 18
9 11 7
21 0 30
0 4 21
14 15 32
11 16 43
23 1 28
10 14 10
4 6 36
2 5 6
15 19 15
17 18 37
8 12 25
13 15 32
20 0 39
6 10 34
6 9 17
16 18 31
11 14 34
15 19 3
2 5 34
14 19 36
7 9 41
1 4 16
13 15 15
21 0 19
1 4 6
12 15 14
18 21 21
3 6 21
15 19 14
12 15 7
0 2 26
6 9 22
17 19 23
18 20 8
16 18 37
23 3 38
2 5 8
1 5 42
11 15 38
3 6 36
4 6 24
11 14 43
22 2 40
3 6 6
0 3 19
16 17 42
9 11 34
6 9 28
5 7 4
10 13 42
5 10 27
22 1 32
19 22 19
0 2 22
19 22 5
14 17 11
19 0 23
2 4 32
2 5 15
17 21 3
12 16 22
0 3 31
2 5 32
6 8 4
12 15 6
17 19 29
14 18 25
15 19 31
11 14 15
17 20 31
17 20 3
9 12 38
12 16 19
2 4 39
0 2 24
12 15 39
12 13 39
5 8 36
20 22 33
10 14 1
18 20 34
3 7 42
23 2 11
9 13 33
9 13 27
7 11 34
8 12 3
14 20 26
12 16 25
7 9 16
19 0 2
16 20 37
7 9 19
17 20 4
5 7 12
1 4 16
21 3 26
10 13 38
4 8 38
21 0 14
18 21 12
4 7 12
23 1 18
6 10 3
8 10 1
7 9 7
4 8 1
18 21 1
13 16 41
18 22 37
14 17 20
1 3 10
23 2 8
4 8 8
1 3 18
10 14 27
17 20 40
4 6 12
11 14 20
23 3 33
13 17 1
22 23 33
0 4 16
21 23 10
5 8 42
13 16 38
1 4 20
19 22 6
7 8 6
17 19 16
17 21 43
8 11 42
18 20 16
1 1 2
15 18 2
11 14 1
9 12 13
17 20 42
22 1 26
20 22 40
15 18 1
21 0 33
9 12 31
18 22 20
10 13 34
13 16 7
8 11 40
17 20 2
20 22 15
6 8 32
6 9 24
21 0 5
21 1 26
6 7 5
11 14 8
7 11 1
6 9 35
12 17 32
8 11 3
16 21 20
1 6 6
4 7 23
0 3 25
8 11 11
15 19 22
3 6 12
9 12 35
13 18 30
0 3 18
22 0 25
8 12 16
4 6 9
16 21 19
6 10 38
1 3 22
20 23 28
11 15 26
2 5 36
0 3 10
0 3 6
4 8 25
18 21 30
6 8 20
6 9 31
8 11 43
15 19 23
4 6 21
5 9 14
23 2 31
8 13 29
18 21 9
14 18 37
15 18 13
16 19 14
23 1 32
5 7 1
23 1 8
23 0 42
14 16 2
10 14 42
2 6 1
20 23 32
5 10 4
10 14 11
1 5 33
19 21 1
4 6 14
22 1 19
1 4 3
2 5 24
3 6 9
4 6 12
3 6 12
16 20 8
12 15 8
10 14 40
6 8 23
14 16 34
9 12 25
6 9 37
19 21 28
8 12 19
6 9 31
15 17 33
18 21 19
20 21 35
9 11 7
2 5 26
2 5 18
5 9 18
22 0 27
14 17 34
9 13 42
19 21 6
5 9 8
2 5 41
18 21 13
15 18 41
8 11 12
8 11 9
1 3 11
23 0 29
2 5 22
15 18 23
15 18 37
13 16 12
11 16 33
20 20 14
8 10 20
18 22 22
20 22 38
1 3 2
2 7 4
16 20 43
0 3 21
11 14 15
2 5 4
16 19 7
0 2 40
15 19 14
4 7 42
11 15 20
23 2 21
21 23 4
15 19 9
18 22 24
5 7 27
3 8 25
3 5 33
15 19 34
0 3 7
19 21 1
18 21 14
4 7 24
22 1 43
5 7 31
5 9 42
4 9 2
23 2 25
9 12 6
14 16 35
13 17 24
16 19 26
18 22 16
6 9 36
14 17 34
2 4 41
20 1 23
17 22 3
9 13 12
23 4 40
23 1 18
2 5 38
16 18 17
15 17 3
9 12 2
4 8 34
15 18 14
0 5 32
13 17 22
13 17 19
21 1 19
18 22 20
5 8 10
3 6 6
13 16 39
4 6 12
11 14 23
22 2 5
16 19 12
17 21 43
2 5 28
9 14 38
6 10 16
4 6 40
23 1 20
13 16 18
19 22 12
4 6 19
21 0 29
1 2 33
14 18 7
20 22 24
11 12 3
17 20 38
3 5 7
11 13 26
5 8 22
0 1 37
18 22 38
14 16 37
15 19 31
3 5 34
3 6 2
8 13 4
9 10 40
7 10 8
18 20 40
16 20 20
8 11 13
19 0 28
12 14 32
6 9 11
12 15 42
19 22 31
20 23 18
20 21 25
9 13 15
4 8 30
0 2 33
4 7 43
18 23 15
20 0 18
13 18 22
2 3 13
16 20 27
8 12 29
8 13 26
10 15 40
21 0 39
4 7 1
20 1 39
12 17 32
20 22 5
22 2 27
23 2 5
17 20 12
23 1 20
6 10 36
21 23 22
14 16 43
23 2 4
7 8 43
6 11 18
21 2 1
11 15 26
23 2 18
10 14 9
18 21 27
15 19 2
23 1 5
5 10 33
15 17 43
9 13 5
19 21 6
4 6 36
12 14 21
18 22 7
2 4 38
11 13 28
15 18 14
23 2 32
1 4 38
23 1 8
14 18 20
8 11 35
20 0 7
16 18 27
15 17 30
16 20 35
3 4 9
17 20 12
1 2 42
12 13 28
14 15 35
5 6 23
1 4 31
7 9 3
20 22 14
16 19 42
21 0 16
4 7 4
8 11 39
7 9 33
5 8 13
18 21 17
4 9 7
21 1 29
16 20 40
9 12 26
20 22 5
13 15 30
16 18 40
5 6 31
1 4 30
10 15 28
10 12 27
6 8 16
6 8 36
16 19 36
18 21 40
4 8 13
13 16 20
11 14 36
1 4 1
11 13 28
9 11 14
18 22 23
1 3 2
21 0 4
21 1 41
11 15 31
16 20 27
10 12 37
21 1 22
17 20 29
23 3 23
16 21 23
12 14 23
19 21 12
2 3 24
14 17 6
17 21 31
7 9 41
11 13 42
21 23 21
