4000 47
29 36 39 3 30 9 4 13 32 24 5 32 29 21 16 40 33 41 40 25 33 30 1 12 4 46 2 3 45 9 7 8 32 10 31 41 25 12 14 27 40 2 5 40 9 30 43 
1 3 10
20 1 20
20 0 26
14 17 44
23 3 27
19 0 11
0 3 1
6 9 18
5 7 21
2 3 10
18 21 14
12 15 31
20 0 7
15 20 19
19 22 23
0 3 27
8 10 22
21 0 27
3 6 40
1 3 44
10 14 38
23 2 6
16 18 27
13 15 7
17 19 41
18 20 39
2 4 30
20 0 45
1 5 43
14 17 29
0 3 33
11 14 17
4 8 2
0 3 16
5 6 2
6 9 39
17 19 28
12 16 5
14 17 29
12 15 29
19 21 5
15 18 20
16 21 34
7 9 24
3 6 30
21 0 47
4 6 28
10 13 44
11 15 23
14 16 29
0 3 4
9 12 18
10 12 15
3 6 43
12 14 25
10 13 4
17 20 19
10 13 16
17 20 21
8 10 3
15 18 28
22 1 16
4 8 12
21 1 15
10 14 35
19 22 23
5 8 18
0 5 2
19 22 44
3 6 12
15 18 38
2 3 11
0 1 11
21 0 6
1 5 29
9 12 24
4 9 4
0 1 35
6 9 20
10 12 21
2 5 5
3 7 17
18 21 9
11 14 14
11 15 19
19 22 15
18 21 30
22 0 18
17 20 43
22 1 8
2 6 33
1 5 25
7 9 9
20 22 38
0 4 32
12 14 38
20 23 42
21 0 14
6 9 42
20 0 29
18 20 16
14 17 32
4 6 46
6 10 42
18 22 27
20 0 6
16 19 14
9 12 4
1 5 44
18 0 37
8 11 7
20 0 43
9 12 6
17 18 27
3 7 33
23 2 46
23 2 43
4 7 8
8 12 2
11 13 11
20 23 14
6 9 11
13 16 36
18 21 1
14 16 7
17 18 15
9 12 29
16 19 38
20 1 44
13 16 38
19 21 41
12 15 13
19 22 44
2 4 16
17 18 30
18 20 14
7 11 43
3 6 11
15 17 18
9 12 35
9 13 26
14 17 36
15 18 47
8 11 31
10 13 46
11 14 40
3 5 41
1 7 2
21 23 35
19 21 7
19 21 37
5 8 19
7 10 11
20 23 6
18 20 9
16 19 34
7 14 40
10 13 37
1 1 6
9 12 15
9 12 4
5 6 13
10 13 22
10 13 29
10 13 16
21 1 23
22 1 1
16 19 46
18 22 46
23 2 44
16 19 26
17 19 4
17 21 46
21 1 10
3 7 3
23 2 45
12 14 25
21 0 13
13 16 47
21 0 26
10 13 45
6 7 24
6 8 5
11 11 15
13 15 17
21 23 26
9 12 16
21 2 44
12 16 37
3 8 27
15 17 9
5 8 15
10 13 35
5 7 45
21 0 38
20 0 23
7 11 14
19 20 26
6 9 33
18 22 36
4 5 5
3 5 33
9 14 33
7 10 10
16 17 10
15 18 11
11 14 40
2 7 33
13 16 11
5 8 32
2 5 40
17 20 36
16 18 1
22 1 10
18 21 14
8 10 20
8 11 14
4 6 15
2 4 32
11 15 6
15 19 33
9 11 38
18 20 47
21 1 30
6 8 40
9 12 21
4 9 34
3 6 23
7 10 17
5 8 47
22 1 41
20 23 2
7 9 44
3 6 42
4 8 40
3 7 33
3 6 29
23 3 34
11 15 34
17 20 39
2 6 10
19 22 4
13 14 22
15 17 24
19 21 33
22 3 10
10 15 23
5 8 23
13 16 26
7 9 25
5 8 2
6 7 44
3 8 11
10 13 33
18 23 26
23 1 27
22 1 26
23 2 19
9 13 25
17 21 32
1 3 22
3 6 4
2 6 5
14 18 30
14 18 20
10 13 28
8 12 24
8 12 38
3 5 29
23 2 27
17 20 44
20 21 42
5 7 2
22 0 16
8 11 35
7 12 9
7 8 30
1 5 18
9 11 21
18 22 2
9 12 25
16 19 7
10 13 16
4 9 46
14 16 33
11 15 28
10 14 35
1 5 4
7 9 45
13 15 42
9 11 21
21 23 11
22 0 46
7 9 14
5 9 33
18 22 28
17 20 9
6 11 11
23 0 14
12 15 8
18 23 43
0 2 3
3 6 1
15 19 5
23 1 33
10 14 3
18 21 32
5 7 37
22 2 40
22 1 24
17 20 32
18 22 38
9 12 16
1 5 37
6 9 19
13 18 45
23 3 39
4 7 7
20 23 31
17 20 10
3 7 31
18 21 6
18 20 5
10 13 26
8 10 40
8 13 46
14 17 10
16 19 33
10 13 41
4 7 39
5 8 29
2 6 2
19 23 31
4 8 44
16 18 14
12 16 39
19 23 14
7 10 36
11 15 37
12 13 20
15 20 14
21 22 3
15 17 47
12 14 45
4 4 33
3 5 20
18 21 8
21 0 38
10 11 2
4 8 12
23 1 31
20 22 14
13 16 6
23 1 13
0 3 28
19 22 33
10 14 15
6 9 36
14 18 46
13 17 15
6 9 21
19 0 22
14 18 34
18 20 16
19 23 6
8 11 7
15 19 44
11 15 44
23 2 28
15 19 9
11 13 10
15 17 33
14 16 44
21 1 37
8 12 44
12 16 11
1 4 42
19 0 16
10 15 29
5 7 14
1 3 27
18 22 32
12 13 38
4 7 24
14 17 25
22 1 24
22 2 8
15 16 47
7 11 19
4 7 35
19 23 34
7 11 6
5 8 44
16 19 32
16 19 4
16 20 24
5 8 2
13 17 35
9 11 4
5 9 9
10 14 26
23 2 1
2 5 23
19 23 5
3 7 12
10 13 31
12 15 24
11 14 3
22 0 9
3 4 13
20 1 28
6 9 32
15 20 42
21 1 17
13 17 37
22 1 41
10 13 27
20 21 46
1 5 23
10 13 21
16 18 26
10 14 45
4 6 14
23 2 44
22 1 18
12 15 35
11 15 46
0 4 43
8 12 2
0 4 10
1 3 6
18 22 10
3 6 4
8 11 24
10 13 5
9 13 15
16 17 33
22 1 38
4 6 5
10 14 29
10 11 19
3 4 22
11 13 34
11 15 11
20 23 46
1 4 41
11 13 34
22 2 24
2 5 47
10 12 46
8 11 29
15 18 41
18 20 13
10 15 19
10 14 39
3 4 15
14 17 41
21 1 16
12 16 26
20 22 45
0 3 32
10 14 27
16 20 45
1 3 28
3 5 22
14 17 31
1 4 35
3 6 23
4 7 34
13 16 24
22 3 21
8 10 29
14 17 42
14 18 28
3 3 26
12 16 28
15 18 12
0 3 25
11 14 30
12 13 29
6 8 14
22 2 23
15 18 3
5 7 9
3 5 24
2 5 25
0 5 1
9 12 47
13 18 47
11 15 27
3 5 11
6 9 8
18 20 12
23 2 34
3 7 19
19 22 39
2 7 26
13 14 19
10 11 1
2 5 35
22 1 11
19 22 33
9 11 37
14 19 18
9 12 4
6 8 37
14 16 28
19 23 11
10 14 12
15 19 34
3 7 20
3 5 12
5 7 41
6 9 23
10 14 28
20 22 19
4 7 8
20 23 46
17 21 38
9 13 22
15 19 7
16 18 16
12 15 21
1 4 11
1 4 35
17 19 19
6 11 38
5 9 14
16 19 28
2 6 32
11 15 13
18 20 7
6 10 18
21 1 28
18 22 18
12 16 25
6 9 5
8 11 9
5 9 27
15 17 7
15 17 25
23 1 18
20 0 2
9 14 23
19 22 26
14 16 15
8 10 18
21 23 32
16 19 5
16 20 30
7 10 2
13 17 31
22 2 21
8 11 16
11 12 31
12 15 33
11 15 47
17 19 41
22 3 43
6 9 42
20 0 39
17 20 21
9 10 17
20 22 18
19 21 12
1 5 31
2 5 17
9 11 10
10 13 46
11 13 11
11 14 1
19 23 5
4 8 44
13 15 26
12 15 10
19 22 45
1 2 1
8 11 19
1 5 37
0 2 34
18 21 25
4 7 46
12 16 40
12 17 20
16 20 25
8 11 26
14 17 46
6 9 28
21 23 13
22 23 3
1 4 7
11 15 5
5 8 11
23 1 28
15 17 39
21 1 43
12 15 17
10 14 29
18 21 36
16 18 1
23 0 46
10 13 5
3 8 35
0 3 37
22 4 7
16 19 12
2 4 40
23 2 11
16 18 12
19 23 34
4 8 34
21 0 29
16 20 32
21 0 22
5 8 33
17 20 28
8 10 47
4 7 36
2 5 41
21 0 34
9 11 20
4 6 43
1 3 46
19 22 42
11 13 18
3 6 44
23 2 20
18 20 12
5 7 3
20 23 18
21 0 42
11 14 34
21 23 21
20 23 21
5 9 13
22 2 7
5 8 17
7 9 45
13 16 45
22 0 42
10 13 19
16 18 30
10 14 36
3 4 40
5 9 17
0 4 13
9 13 34
15 19 7
0 3 3
21 0 38
11 13 39
18 22 14
12 16 35
15 20 20
0 2 8
3 8 20
16 18 10
19 22 5
11 15 8
22 2 1
4 8 42
16 18 9
23 2 12
15 18 7
16 19 40
13 15 40
11 14 24
0 3 2
12 14 29
16 20 27
22 0 29
14 17 31
15 18 29
9 11 26
16 20 25
11 14 26
8 12 42
3 5 17
7 10 10
5 7 5
2 6 42
22 1 46
13 15 43
20 23 17
8 11 32
19 22 31
19 20 19
5 7 10
1 4 26
13 15 17
18 23 4
18 22 19
23 1 15
13 16 42
0 2 1
19 22 38
13 16 44
13 16 19
0 4 18
19 21 43
10 14 8
5 9 13
21 0 14
8 10 19
3 5 21
5 8 37
1 4 45
7 10 19
4 5 15
18 23 30
10 13 32
22 1 46
2 4 9
16 17 26
13 16 19
22 1 43
12 16 8
2 5 33
17 20 12
8 11 44
21 0 19
8 12 11
15 19 12
10 12 44
16 19 46
2 4 41
10 12 26
1 3 15
3 7 40
0 4 36
11 12 21
9 12 17
9 11 34
6 9 9
9 12 18
22 0 46
1 4 41
7 9 16
15 19 47
10 14 3
11 15 35
14 15 5
16 17 8
15 19 13
6 8 1
10 13 34
11 14 1
17 21 9
10 12 39
15 17 28
2 4 11
13 16 13
13 14 32
11 14 10
15 19 24
18 21 46
5 8 7
4 7 45
1 5 46
23 4 25
6 10 38
1 4 26
19 22 43
10 13 45
7 9 26
13 18 29
9 13 6
8 12 9
2 7 4
19 22 15
17 19 3
5 7 12
4 8 7
22 0 11
20 23 21
22 0 22
1 4 16
6 8 34
1 3 26
3 6 39
2 4 27
21 2 47
21 23 41
2 6 39
15 19 37
5 8 38
12 13 23
5 7 44
18 22 28
7 10 46
0 4 32
16 20 5
18 22 1
3 6 26
15 19 22
14 18 20
7 9 42
22 1 38
15 18 1
14 17 36
15 19 45
5 6 46
6 9 28
3 5 33
8 11 20
1 4 27
16 20 11
4 8 1
14 17 40
4 7 12
9 13 45
23 2 9
12 15 42
0 3 33
23 2 40
3 5 7
4 7 15
7 10 12
21 1 35
17 20 2
20 23 18
5 11 47
21 0 5
10 12 29
4 10 47
16 17 31
4 6 32
20 23 37
7 10 37
18 21 35
9 14 22
8 10 4
0 3 45
10 12 19
4 7 39
15 19 25
6 9 30
14 17 44
21 0 11
1 4 28
8 10 42
20 23 33
10 13 20
8 11 26
6 10 31
15 19 17
7 12 28
19 21 36
3 7 17
4 6 17
8 11 6
5 8 38
15 16 23
13 18 44
18 21 21
16 17 47
1 4 5
6 7 37
4 7 41
0 3 20
7 11 36
5 6 24
17 21 33
1 4 33
8 11 15
13 17 9
17 20 34
16 22 41
11 13 33
5 10 46
3 5 18
15 20 43
21 0 20
21 1 12
5 8 41
7 9 1
18 23 29
15 17 9
22 0 27
15 17 3
15 18 27
5 6 13
17 20 14
8 11 4
5 9 34
11 15 25
13 15 39
22 0 7
7 8 16
13 17 23
14 17 30
20 2 44
2 7 44
19 21 16
4 8 19
7 7 4
12 15 41
20 0 47
16 19 22
15 17 3
23 3 27
15 18 8
0 3 33
0 1 6
3 8 12
11 15 31
13 17 26
22 1 12
15 18 8
12 14 14
19 21 9
6 9 38
23 2 2
9 10 24
1 3 13
13 18 43
18 21 45
3 5 17
17 20 22
8 12 14
21 1 25
14 16 13
1 5 33
2 6 23
20 1 43
21 23 34
17 21 43
11 13 24
22 0 30
18 21 38
22 1 39
14 17 20
4 7 1
5 10 37
3 5 43
18 20 8
23 2 24
4 8 15
17 19 19
12 15 18
6 11 16
19 22 1
12 15 39
0 2 22
5 6 19
6 11 30
2 7 46
8 13 20
11 17 7
20 0 11
3 5 10
19 0 4
0 3 21
4 9 18
12 15 33
1 5 33
1 3 18
0 4 14
7 9 26
16 17 12
19 23 44
7 12 15
2 6 43
13 17 17
13 18 42
15 19 9
0 2 17
18 21 1
18 22 7
8 10 8
15 19 44
21 23 16
3 7 42
7 9 10
6 8 30
10 12 4
16 19 14
1 3 41
20 23 46
14 16 10
5 8 4
1 5 31
12 15 5
14 18 8
20 23 3
6 7 1
8 13 11
16 19 45
18 21 23
0 3 40
6 8 2
9 12 2
22 0 31
10 13 2
0 5 24
22 3 1
5 9 29
17 19 6
18 21 9
3 6 35
14 17 22
13 16 14
11 15 25
23 2 13
2 5 19
16 21 38
22 2 7
9 12 19
4 7 1
4 6 45
20 0 31
20 0 2
14 16 47
13 16 21
5 8 3
14 14 37
10 16 22
10 13 25
20 23 13
19 23 2
4 8 34
17 20 5
7 11 45
20 1 41
10 12 1
9 10 23
7 11 22
15 19 2
20 23 39
20 23 22
20 23 16
15 19 34
17 21 11
22 1 40
5 8 9
14 16 7
5 8 43
6 9 23
8 11 30
15 19 47
8 10 8
6 9 45
3 6 44
17 20 47
7 13 29
21 22 4
4 7 17
19 23 11
9 13 35
1 4 23
7 9 4
10 12 24
18 21 20
23 3 32
5 8 40
16 17 28
8 11 27
0 3 11
22 0 43
9 13 10
1 4 43
3 6 19
18 20 41
11 13 32
7 11 4
2 4 1
4 8 4
2 7 46
4 7 34
23 1 30
23 2 35
18 21 11
11 14 4
4 7 15
15 21 33
23 2 43
23 1 45
8 12 15
9 12 42
2 5 46
5 9 31
4 7 10
0 3 11
16 19 44
14 17 42
16 18 7
12 16 1
12 15 41
19 23 17
20 22 26
4 9 15
20 21 34
17 20 30
1 5 46
8 11 31
5 7 3
11 14 21
12 13 8
7 11 6
5 9 15
8 10 15
23 2 42
3 6 15
21 0 22
21 2 27
18 21 47
8 11 41
23 3 4
2 3 20
17 19 9
11 15 4
14 18 6
12 15 18
17 19 33
9 12 14
13 15 6
16 19 3
2 4 21
6 11 20
7 9 8
8 10 44
15 18 36
13 15 20
5 6 21
12 14 29
4 7 17
18 22 4
3 4 38
2 5 5
21 2 37
9 12 20
0 4 40
6 9 38
15 18 9
20 22 47
19 21 24
7 9 21
3 5 20
11 15 11
4 7 22
6 11 3
15 17 40
7 9 26
11 13 4
3 5 44
4 5 9
3 6 23
4 7 10
4 8 26
20 23 10
0 4 3
4 5 6
8 13 17
6 9 3
20 21 18
9 14 10
5 9 32
14 15 31
7 10 42
14 19 29
7 11 38
23 4 15
10 12 4
10 14 16
22 0 17
18 21 28
19 22 17
12 14 27
18 22 6
19 21 41
14 18 17
7 10 23
4 5 11
18 22 44
13 16 36
18 21 17
6 9 29
15 19 27
11 15 39
22 0 45
19 22 40
22 0 30
16 21 28
4 8 32
10 12 16
15 20 35
19 22 44
18 22 28
7 7 37
7 9 9
6 8 38
1 4 43
3 5 27
14 17 34
18 22 4
21 23 6
23 3 7
10 13 15
11 14 2
12 13 24
17 21 25
3 5 23
12 16 10
21 2 22
16 18 10
19 22 13
8 11 24
20 23 3
13 15 14
2 4 1
18 21 15
18 23 30
23 1 37
4 8 12
17 20 35
13 15 39
9 13 6
2 6 21
5 9 33
14 17 12
20 23 36
20 23 12
11 13 25
3 7 15
7 10 32
1 3 13
15 18 25
11 13 9
11 13 13
8 12 22
6 10 4
13 16 45
8 9 8
4 6 10
19 20 11
21 0 31
12 15 37
16 20 33
3 8 12
4 4 33
11 14 13
23 3 24
0 4 21
9 11 4
5 10 20
1 3 41
0 3 28
9 11 5
3 5 36
13 17 24
16 18 8
10 13 22
18 21 46
11 14 4
0 4 35
3 6 35
21 0 32
12 14 26
7 11 39
15 19 40
20 22 3
2 5 34
15 17 14
16 17 32
13 18 12
14 17 36
23 2 6
17 20 22
1 4 8
17 20 2
21 0 20
7 9 34
14 18 26
12 13 29
1 3 15
12 17 17
4 9 11
14 17 1
3 4 27
5 8 17
18 23 20
11 14 26
17 19 31
17 19 32
14 17 35
6 10 12
17 20 26
7 12 20
6 10 19
21 2 41
6 11 9
11 14 18
0 3 20
20 2 27
17 20 45
3 4 6
3 7 26
16 19 34
19 23 42
4 7 36
21 23 23
15 18 9
14 18 18
9 11 44
6 8 16
23 3 10
20 0 1
23 2 6
11 16 39
8 9 11
13 17 43
4 8 16
4 8 21
5 9 36
8 11 46
16 17 25
3 6 34
9 11 11
5 9 29
3 7 2
12 13 43
4 7 35
21 2 10
20 1 47
7 10 46
23 4 17
13 16 18
14 19 33
17 20 33
7 10 16
14 17 41
8 11 34
13 15 28
5 9 8
18 19 4
11 13 3
2 4 37
5 8 47
22 1 11
2 4 21
5 8 15
9 11 30
19 21 19
17 20 32
1 3 14
2 5 4
4 7 40
20 23 8
0 2 21
3 5 12
20 0 13
20 22 18
9 12 13
7 11 7
12 15 2
12 13 20
12 15 39
11 14 16
1 4 31
2 5 1
0 3 45
3 7 45
15 19 11
12 16 26
23 4 45
20 23 36
11 15 43
19 22 5
10 11 26
7 10 45
11 12 29
14 17 43
18 21 19
17 21 27
15 18 20
4 7 41
13 16 13
13 16 27
22 2 37
9 11 26
10 12 3
8 12 17
9 13 40
23 4 12
7 10 16
18 21 39
13 15 31
5 10 34
3 6 39
2 5 5
8 10 3
23 1 12
14 18 20
14 16 33
9 13 18
6 11 11
10 13 30
6 8 40
2 5 31
23 2 20
10 12 34
6 8 46
17 21 47
9 13 35
22 1 31
11 14 34
1 5 20
8 11 45
17 20 39
10 12 43
21 0 1
9 15 32
7 10 5
14 16 25
6 10 7
18 22 19
17 21 4
9 10 4
16 20 38
2 6 2
6 9 4
12 18 9
4 6 6
14 17 5
9 11 21
7 11 8
10 12 25
18 22 25
17 20 46
4 5 31
4 6 42
11 12 6
19 22 11
19 22 34
18 21 35
15 18 25
2 4 36
1 5 39
22 23 34
7 13 28
5 8 18
18 19 28
6 9 26
3 6 44
15 19 47
11 12 45
17 19 35
4 6 3
7 11 9
19 22 12
15 19 36
13 17 41
22 23 9
5 8 43
5 6 22
7 12 1
4 8 13
21 0 38
6 9 44
14 16 17
10 13 30
12 16 41
5 8 28
6 9 33
8 11 21
18 22 1
14 17 33
2 5 31
0 2 18
3 5 25
9 13 25
5 7 28
14 17 16
5 7 46
2 4 8
10 12 47
6 9 2
21 0 26
19 21 44
17 21 4
20 0 19
21 1 19
5 9 17
22 23 32
19 22 25
5 8 47
17 20 24
18 22 11
22 0 12
14 16 10
7 9 15
23 1 16
5 9 45
8 11 23
22 1 16
5 9 6
13 16 6
2 3 7
17 20 34
6 9 16
23 1 29
12 15 1
3 7 21
7 11 36
15 18 10
14 17 6
2 6 3
23 0 14
1 6 7
5 8 47
1 4 27
5 7 16
17 19 19
19 22 13
15 19 3
4 6 4
14 18 37
8 10 8
22 1 3
17 20 6
21 2 27
0 3 30
3 8 22
6 8 42
19 21 31
13 15 5
12 16 44
18 21 25
16 17 7
17 20 32
20 22 45
0 1 9
3 7 30
23 3 10
22 2 36
11 14 9
3 6 43
8 10 1
20 23 2
18 21 1
12 16 3
22 0 42
15 18 7
8 11 12
8 11 3
6 7 4
16 17 29
7 9 1
6 9 21
0 3 19
5 8 43
10 11 26
2 5 4
6 9 39
4 8 35
22 2 28
20 0 46
18 22 17
9 11 14
16 20 45
20 0 12
4 7 22
23 3 1
14 18 47
7 10 42
2 7 9
10 13 45
16 20 40
9 11 15
23 2 5
1 4 20
0 3 9
10 14 25
6 9 20
17 21 47
11 14 10
0 2 45
3 6 42
13 18 37
22 0 15
19 22 20
11 15 8
12 15 15
21 1 16
8 11 4
16 19 36
7 10 38
9 11 17
8 11 32
16 20 37
12 14 39
15 18 9
17 21 2
11 13 35
12 15 22
23 1 35
5 8 32
1 4 35
15 17 31
13 18 7
20 22 32
22 2 3
17 20 40
6 7 39
6 12 37
11 13 28
13 15 16
12 13 33
22 1 6
5 7 26
17 20 6
14 19 41
21 0 12
11 15 16
3 6 28
22 0 12
18 20 43
22 2 34
4 8 20
2 5 41
14 18 30
20 2 44
2 4 40
2 5 10
21 0 39
12 14 46
18 0 33
8 11 43
1 4 21
15 17 15
18 23 3
7 10 18
5 8 6
15 18 40
23 2 13
4 8 2
2 4 15
7 11 45
12 14 2
19 22 40
8 9 18
17 22 4
3 7 2
1 3 33
3 7 22
22 1 25
5 8 43
0 3 25
21 0 21
9 11 47
3 6 22
13 17 7
1 3 7
0 2 31
9 10 13
18 21 38
2 5 18
17 20 3
12 16 7
16 20 3
7 10 15
7 11 25
11 15 29
12 16 45
15 19 16
6 10 19
17 20 40
11 13 16
20 23 42
19 23 26
13 15 44
1 4 23
1 3 28
15 19 46
15 18 9
9 13 38
18 20 39
22 1 36
13 16 45
4 6 44
23 1 7
14 16 6
16 21 15
4 7 33
19 21 5
22 1 18
1 3 10
15 18 33
21 0 27
10 11 24
20 23 17
22 23 18
6 9 24
9 13 16
1 4 10
15 18 44
21 0 7
5 11 32
7 10 11
9 12 5
15 18 36
23 2 21
14 14 20
12 15 39
10 14 47
4 6 28
8 12 7
14 18 39
3 6 32
13 18 21
5 8 42
18 22 10
15 17 8
21 0 42
13 16 25
2 7 29
1 5 11
7 7 26
18 21 16
19 23 24
9 10 17
22 1 36
5 7 13
16 18 42
13 16 38
6 8 34
7 9 4
12 15 35
13 16 16
17 19 21
13 16 9
12 15 10
7 12 42
13 16 25
18 21 45
8 13 12
3 7 46
9 12 2
14 17 25
13 15 40
21 1 13
11 14 6
17 21 11
18 22 27
12 15 1
3 6 42
4 7 7
12 14 47
14 17 39
20 0 42
21 23 9
10 13 17
6 9 20
17 22 42
7 11 40
12 16 1
9 13 39
12 15 5
18 21 20
22 23 32
23 1 5
20 23 26
22 2 9
16 21 43
23 2 2
18 21 14
15 19 16
7 10 34
17 20 38
22 3 8
17 20 30
23 2 39
3 7 32
16 20 42
12 16 47
20 23 42
2 5 16
1 4 15
1 6 47
20 0 23
13 17 31
19 21 18
15 19 12
12 15 13
3 6 34
15 20 12
23 3 24
19 23 41
18 23 9
5 10 7
0 4 20
11 14 9
18 20 35
6 8 31
5 8 18
15 18 14
22 1 8
22 3 42
18 23 14
8 10 41
12 15 35
21 22 3
1 4 31
10 14 40
6 7 33
10 14 36
18 21 25
16 19 22
3 7 37
20 23 27
23 1 38
15 18 31
7 9 23
14 17 3
10 13 30
11 15 7
18 19 27
17 20 47
15 19 33
1 3 33
2 5 26
12 15 28
1 2 30
3 6 43
23 1 2
11 13 5
11 15 6
15 18 15
9 14 12
10 11 7
0 3 13
23 1 2
21 0 34
11 15 36
0 4 44
23 2 30
15 17 37
7 9 38
21 1 15
21 0 31
16 19 6
7 8 5
17 19 47
17 21 25
0 4 21
8 11 25
19 22 27
3 5 14
14 16 2
12 15 38
1 6 24
13 15 6
16 18 39
8 13 34
19 22 43
2 5 31
23 2 11
15 19 22
15 18 6
15 18 12
19 22 8
7 12 6
18 22 19
6 10 29
4 8 36
15 19 28
19 22 43
9 13 25
7 11 21
8 9 17
9 13 20
1 4 7
23 1 25
5 8 42
8 10 34
14 16 22
20 22 28
8 11 7
23 3 42
5 7 2
7 11 25
21 2 36
17 20 35
3 5 28
15 19 10
2 6 10
10 13 30
14 18 23
2 3 28
2 6 29
3 6 13
12 13 23
16 18 31
10 13 28
18 23 6
3 7 16
11 15 17
11 13 11
12 13 20
15 17 2
12 15 47
7 11 16
8 12 10
15 20 25
15 18 14
8 10 7
1 4 13
13 16 5
21 0 34
5 7 14
20 23 33
2 5 10
7 10 39
20 0 13
0 3 28
17 18 13
5 8 40
5 8 19
9 12 32
21 1 18
23 2 5
17 18 33
22 2 20
8 9 31
18 19 24
4 6 2
6 9 22
10 14 6
6 10 15
22 23 14
6 9 6
16 18 38
15 17 17
10 14 7
5 7 13
2 5 7
1 5 19
21 1 44
0 3 43
17 19 45
3 5 45
18 22 15
12 15 8
10 13 17
21 0 27
18 22 39
19 21 46
19 22 10
13 19 7
15 17 45
13 16 29
0 4 27
16 19 13
7 11 25
11 13 15
12 16 21
12 14 8
14 18 25
5 9 9
2 4 15
13 19 31
21 23 22
14 16 12
23 2 35
3 5 33
21 0 3
18 22 35
20 22 29
9 12 1
20 0 19
20 2 43
17 21 31
7 11 25
21 0 18
16 19 23
11 14 23
21 0 21
21 0 8
21 2 31
23 2 20
8 12 34
8 12 13
3 6 13
17 19 37
5 9 3
7 11 5
18 20 22
11 13 7
15 17 33
5 7 34
0 2 33
17 19 39
10 13 29
17 19 36
16 21 16
0 4 23
10 13 25
9 13 20
13 15 13
21 0 15
7 10 12
8 11 40
14 19 3
16 19 8
2 6 10
0 2 46
0 3 43
21 0 8
13 16 7
5 8 30
2 6 28
6 11 45
10 12 46
9 15 26
13 16 6
16 21 26
19 22 2
1 4 3
4 8 37
11 13 24
4 6 42
12 15 38
3 6 17
3 4 26
16 18 23
4 5 43
7 11 43
7 10 41
17 20 7
11 14 13
20 23 24
12 15 20
19 22 28
3 9 22
0 3 21
9 14 1
16 19 24
18 20 25
17 18 19
22 2 40
19 22 37
18 22 20
0 2 44
1 5 37
10 13 41
10 13 26
17 19 24
1 4 3
9 12 10
14 16 6
7 11 40
7 10 21
0 3 36
23 1 13
14 15 19
9 11 38
8 11 10
18 20 27
12 17 10
3 6 19
21 2 2
16 20 13
15 18 30
13 15 28
23 1 41
12 15 31
6 10 43
4 9 16
3 5 46
6 10 15
2 6 9
5 7 30
16 18 25
3 6 24
14 16 21
0 5 28
4 8 24
0 4 3
15 19 6
14 18 25
11 15 46
23 3 12
6 10 28
1 5 17
7 10 34
20 0 3
14 17 38
21 23 30
7 11 39
22 1 37
12 16 5
20 0 39
19 23 19
2 3 31
11 14 25
15 18 28
20 1 30
15 18 19
17 20 26
8 11 8
2 5 9
1 3 24
6 10 4
18 22 35
5 9 25
5 7 24
6 9 6
6 9 27
7 11 39
8 8 20
21 0 10
12 17 16
8 10 46
19 0 12
9 11 27
9 11 19
18 21 41
1 3 15
13 16 9
21 23 8
13 14 37
4 6 44
18 20 40
0 3 32
12 13 18
2 5 8
23 2 16
21 0 38
11 13 13
8 10 10
9 13 22
20 23 5
7 9 31
22 1 16
16 17 19
12 16 9
10 14 4
10 12 2
0 3 18
17 19 37
11 14 17
16 19 25
21 0 11
10 12 37
8 11 11
9 13 15
11 15 7
17 21 6
14 18 22
13 17 41
10 16 41
16 19 30
16 18 3
16 20 19
3 6 37
18 21 34
1 3 41
11 12 42
17 22 11
18 23 8
21 23 21
20 23 36
12 14 35
10 13 25
23 2 35
8 10 16
11 13 24
12 13 40
16 17 22
10 13 35
21 0 11
0 0 4
20 0 16
13 16 14
1 3 10
5 9 38
20 20 9
3 6 46
19 21 28
10 13 11
21 23 47
3 5 41
16 18 16
10 13 12
23 1 43
2 5 40
21 1 1
15 19 32
20 22 17
2 6 7
19 0 34
1 4 3
18 21 15
5 7 23
7 9 26
21 0 39
10 13 42
3 6 30
2 5 7
21 23 9
15 17 44
21 0 5
13 15 7
6 10 43
21 1 2
17 20 34
17 20 1
15 17 39
6 8 26
15 18 32
21 23 16
21 23 40
22 0 9
19 21 9
21 23 10
7 9 15
23 2 29
17 21 17
1 4 41
18 22 28
9 12 29
12 14 38
10 14 45
12 16 20
6 10 15
23 4 22
6 9 45
14 17 32
17 20 11
9 10 14
4 8 23
5 7 29
21 1 9
3 5 17
22 0 25
3 5 14
5 9 9
1 4 31
7 10 20
5 9 34
8 12 15
23 2 14
1 4 29
12 14 23
16 20 11
9 12 35
21 23 44
19 21 6
14 16 45
6 9 7
5 8 24
3 8 12
9 12 10
8 12 8
4 8 8
10 10 5
3 8 25
6 9 30
4 7 43
4 8 46
9 11 20
18 22 17
7 9 2
1 6 44
5 8 44
6 8 38
6 8 27
8 11 23
19 22 34
3 7 19
19 23 45
6 9 14
4 8 37
22 0 10
16 17 23
1 5 7
23 1 34
12 16 37
5 7 17
1 3 34
23 2 27
21 1 28
20 21 32
16 17 12
8 12 43
8 12 15
20 0 26
9 11 12
5 8 16
11 15 10
7 10 44
17 19 3
22 1 1
11 13 16
17 19 35
4 8 32
18 23 45
15 18 44
23 2 33
22 0 26
18 19 34
12 15 15
3 7 1
8 11 46
2 5 45
17 20 47
0 2 29
23 0 25
11 16 32
15 18 43
10 12 33
20 23 4
19 21 22
13 15 17
7 11 37
14 17 33
13 15 2
3 5 34
16 19 35
0 5 13
22 2 25
0 2 44
6 7 44
16 18 38
17 21 42
4 8 11
21 23 41
0 4 44
0 5 4
11 14 6
14 18 30
19 21 26
7 11 33
10 12 20
20 23 32
3 6 4
4 6 16
11 14 25
1 2 33
14 17 33
7 11 5
23 1 36
2 5 31
12 15 41
21 1 43
6 11 14
4 5 40
6 9 4
23 2 47
21 1 45
18 21 39
21 22 45
8 11 24
9 13 7
14 17 13
8 10 29
6 9 21
17 19 13
9 12 32
23 3 17
22 1 17
22 1 6
17 19 21
6 8 25
7 10 23
9 10 4
14 16 2
15 17 1
22 1 26
13 16 36
6 8 27
10 12 43
12 17 34
18 22 24
0 3 15
11 13 27
4 7 4
21 0 6
6 10 41
4 6 17
15 17 18
7 11 34
6 8 27
14 16 7
8 13 14
5 7 17
8 13 17
23 1 19
11 16 44
15 17 25
20 23 18
10 17 21
17 20 32
13 16 24
5 7 38
9 13 38
15 19 29
16 19 21
12 16 45
15 17 43
14 17 29
9 13 5
17 19 14
11 13 43
15 19 46
11 15 32
0 4 12
21 0 45
3 6 8
3 6 29
2 6 33
9 11 13
11 14 20
16 18 2
9 13 4
4 7 39
11 13 2
12 15 19
5 8 9
4 8 21
3 6 6
16 17 7
17 20 18
19 22 28
22 1 39
7 10 46
16 19 2
21 23 43
1 4 45
10 13 38
22 2 9
12 14 22
0 1 29
7 8 30
8 10 9
4 8 47
4 7 15
14 18 9
19 0 11
11 13 26
1 5 36
18 20 10
5 7 5
22 1 44
12 13 3
6 8 21
18 20 29
15 19 16
21 23 46
6 8 24
0 4 41
10 14 12
23 2 43
17 19 24
0 5 17
16 19 35
6 9 44
13 17 26
2 3 19
0 3 23
21 23 46
17 20 4
19 21 39
19 23 22
6 9 5
11 13 13
1 6 36
22 1 9
3 6 36
22 1 4
4 6 9
17 20 47
1 4 26
21 1 24
1 5 19
13 16 47
20 23 16
18 20 38
17 19 15
12 16 16
2 4 3
21 0 4
23 2 47
18 20 19
19 23 9
0 3 4
1 3 46
10 11 12
4 8 24
12 16 20
19 23 3
21 1 24
2 3 31
7 10 30
4 7 9
13 14 2
13 15 41
11 14 33
23 4 1
21 0 46
5 9 20
4 7 24
8 10 34
20 23 12
22 1 37
17 19 45
23 2 35
18 20 18
4 7 2
3 7 17
9 12 18
22 0 38
6 10 42
12 15 34
20 0 23
11 14 47
19 23 14
4 8 26
19 21 31
10 14 24
11 15 28
21 0 20
8 13 7
0 2 32
8 12 6
4 6 27
15 17 18
11 13 4
12 16 36
20 23 2
6 10 41
6 8 30
13 17 2
16 19 45
1 3 17
9 11 17
21 0 23
22 2 18
18 20 35
1 4 10
9 13 16
19 21 7
18 22 11
17 19 12
3 6 18
23 1 3
21 2 25
22 1 32
9 13 39
11 14 4
22 2 7
0 1 32
14 16 30
16 19 2
8 12 27
9 12 25
5 9 18
23 2 11
12 14 39
19 23 20
1 5 12
20 0 34
18 21 31
13 16 14
23 2 20
8 12 20
18 21 36
8 12 2
16 18 32
23 3 42
6 9 40
4 8 26
10 12 12
0 3 9
14 16 30
8 12 3
3 7 42
0 2 44
5 9 45
6 10 34
13 17 30
8 9 37
23 1 29
16 19 20
12 16 19
9 12 45
16 17 12
9 12 16
12 16 18
14 19 7
10 13 24
3 7 2
6 11 18
6 8 31
23 2 21
3 7 19
14 15 44
19 21 1
13 15 14
23 0 3
23 4 1
14 17 4
9 11 23
2 8 44
17 20 8
23 2 26
18 20 31
3 7 5
15 19 40
7 10 45
17 20 17
8 10 29
9 13 31
20 23 20
17 20 19
10 11 22
16 20 6
0 2 14
14 17 37
3 6 29
7 9 36
18 21 34
8 12 43
19 23 42
8 11 11
5 10 37
19 23 9
13 16 25
8 12 34
15 17 30
7 12 33
5 7 8
3 8 18
19 20 36
22 0 15
20 23 1
6 10 4
9 14 43
9 12 16
8 11 31
11 14 31
1 4 45
6 10 18
16 18 28
1 5 8
8 11 16
22 2 30
2 3 12
15 18 26
22 2 46
21 0 25
2 4 21
15 17 30
2 5 45
13 15 47
20 22 10
7 9 34
18 20 41
19 21 1
15 18 35
9 12 45
0 4 29
21 23 32
12 16 32
1 4 7
7 9 25
4 7 44
20 23 19
12 16 33
22 2 35
22 0 22
8 13 45
20 0 12
20 23 13
8 11 37
23 2 25
11 12 45
4 8 39
9 12 38
3 5 12
7 11 41
6 9 46
17 19 46
8 12 16
0 3 29
6 9 44
11 13 46
19 20 33
11 12 31
5 7 28
2 5 22
16 19 8
13 15 47
6 10 7
12 14 9
21 0 34
12 14 30
1 3 8
10 14 24
13 16 45
20 22 8
19 22 20
21 0 31
5 9 7
14 18 23
19 22 2
8 11 27
1 4 47
9 13 24
12 15 32
6 10 3
11 14 47
13 15 21
4 6 47
22 1 11
10 14 12
22 0 22
17 22 38
22 2 12
21 0 18
1 4 31
14 17 33
6 11 39
17 21 26
22 2 6
6 9 25
11 15 3
22 23 6
12 16 40
17 20 13
21 23 16
5 9 32
3 6 20
9 13 37
3 6 37
8 10 1
15 18 3
22 1 44
17 20 37
2 5 9
1 3 25
17 21 29
3 5 3
1 4 46
17 22 47
9 12 11
23 0 22
4 6 1
4 7 3
19 22 45
16 18 9
17 20 5
13 16 4
4 7 4
12 15 10
8 11 8
18 21 46
9 14 17
2 5 25
1 4 40
13 16 15
6 8 28
16 20 15
12 16 29
10 14 45
3 5 6
14 18 47
10 13 31
22 0 10
20 23 30
6 9 29
1 3 20
17 20 40
0 4 3
19 22 4
7 10 28
16 19 26
12 16 47
22 0 43
22 1 11
21 0 3
7 11 29
4 4 18
16 20 22
10 13 5
17 20 17
13 17 38
3 6 27
19 20 5
9 13 40
18 23 9
9 11 9
0 4 8
6 10 11
21 0 17
19 21 41
12 13 12
22 2 33
3 5 28
4 8 30
4 7 29
18 22 43
13 17 6
4 6 24
4 5 22
0 3 45
13 15 16
8 12 33
13 16 45
12 16 43
8 11 25
9 13 41
1 4 16
5 7 31
18 21 1
8 12 13
16 19 1
17 21 21
18 21 28
0 4 34
8 11 27
13 16 12
23 2 8
1 2 20
18 23 38
4 6 23
16 19 34
23 4 39
11 13 10
13 16 19
1 3 16
12 18 29
14 17 23
13 16 7
13 16 23
8 11 18
8 10 15
22 0 45
19 23 13
14 16 31
16 17 27
3 5 21
11 14 16
7 10 23
9 12 2
19 23 32
23 3 10
17 20 44
12 17 11
15 19 31
20 22 7
4 6 41
22 0 21
10 13 10
21 23 25
11 12 46
22 0 37
18 22 14
11 12 26
23 2 22
22 0 46
21 1 4
13 16 7
0 3 22
18 19 8
3 9 22
17 20 20
18 22 31
20 21 43
4 6 18
18 20 8
16 20 34
14 16 3
1 4 31
17 20 35
10 13 29
0 4 15
20 23 14
20 23 32
16 18 43
11 15 30
7 11 33
5 8 13
9 13 18
13 17 37
0 2 32
0 5 29
12 16 5
23 2 47
22 23 33
4 6 27
23 3 47
23 2 12
13 17 26
23 2 27
9 13 46
13 16 15
20 0 46
12 14 5
3 6 4
0 2 46
2 5 37
10 14 18
4 4 18
21 22 36
18 22 28
1 3 10
19 22 6
14 19 47
10 14 29
13 17 2
9 13 47
15 17 18
3 4 41
15 20 40
13 17 42
23 1 39
13 18 34
21 1 17
9 13 6
8 11 22
17 20 12
18 22 37
23 2 41
20 23 14
9 12 30
17 19 10
14 15 1
9 11 12
13 16 35
7 11 38
4 6 32
13 16 28
4 7 4
10 12 40
0 3 46
6 9 35
5 8 34
11 15 13
0 2 41
15 17 29
11 14 17
23 5 8
22 0 25
14 18 28
13 15 11
10 14 33
22 3 28
18 22 9
23 23 24
12 17 17
0 5 15
19 23 7
8 11 13
11 12 34
14 18 45
19 0 41
15 20 23
5 8 16
4 5 28
16 18 41
11 15 29
0 3 25
8 12 34
13 17 7
6 10 46
5 7 10
20 23 36
17 21 46
11 15 45
11 13 16
11 14 28
9 12 15
21 22 36
21 1 31
9 12 40
23 2 38
12 16 16
10 13 39
14 17 31
21 23 19
10 12 24
4 8 4
14 17 12
13 16 4
16 20 36
7 9 27
21 0 37
1 3 13
4 8 44
8 11 9
1 5 47
16 20 15
11 13 14
3 6 15
14 17 41
1 4 41
8 12 12
23 4 13
21 0 43
1 6 6
17 19 36
18 21 43
1 3 43
9 12 38
22 3 38
18 23 41
6 9 28
12 14 23
14 18 10
15 19 18
5 7 44
9 11 38
20 23 6
10 12 47
19 21 21
23 2 13
3 6 7
4 6 16
14 18 46
19 0 44
19 0 36
21 23 47
13 16 38
4 6 40
18 20 38
6 10 4
9 13 29
0 3 36
0 4 41
18 19 12
23 2 22
14 16 39
10 14 41
16 20 24
12 15 11
4 7 46
14 15 14
0 5 24
7 10 23
18 21 45
2 5 42
9 12 12
10 12 22
3 5 34
9 13 34
4 7 31
16 19 33
21 1 36
20 1 23
1 3 2
23 3 31
19 22 14
8 12 4
16 20 33
8 10 42
21 1 44
23 1 30
2 5 45
7 10 1
7 9 24
10 13 9
12 14 4
17 19 8
2 3 17
1 4 5
16 19 16
11 15 23
14 18 21
16 17 30
11 13 9
1 5 37
0 2 37
22 1 14
8 9 10
1 4 4
7 11 26
18 20 15
20 0 13
23 2 6
9 12 44
10 13 9
2 4 19
17 21 14
13 18 44
8 12 17
5 10 22
8 11 43
18 21 32
19 23 22
9 11 33
17 20 38
17 20 19
20 22 4
21 23 3
9 14 14
1 4 29
13 16 17
5 7 24
4 9 5
1 4 14
23 2 29
13 15 17
12 15 13
14 17 12
2 4 31
0 5 38
14 17 22
1 4 37
1 5 37
12 17 31
10 14 44
7 9 42
14 18 15
22 3 37
23 4 31
17 19 17
5 7 11
10 14 11
22 1 33
11 12 5
23 1 5
15 18 30
22 2 34
13 16 21
20 23 37
15 20 42
1 2 37
6 9 40
18 20 20
9 12 16
15 18 20
21 1 18
16 20 6
4 7 21
5 8 16
20 23 8
20 0 20
0 4 11
8 10 12
20 23 39
6 8 36
14 16 33
17 22 5
8 12 39
12 15 28
23 1 11
18 22 11
11 14 17
5 7 1
4 6 3
20 23 2
6 8 40
15 19 30
23 2 40
10 13 28
0 4 32
17 21 46
21 23 26
5 9 19
20 23 37
15 19 32
6 9 24
13 17 31
4 8 42
9 12 36
22 1 43
2 4 15
18 21 41
8 12 8
2 5 47
9 11 21
2 4 7
10 12 38
0 4 9
15 18 23
22 1 13
5 9 33
21 0 35
9 13 37
16 20 36
22 2 2
11 14 7
1 4 43
14 17 4
5 8 6
4 8 34
16 18 27
14 19 5
20 0 2
14 16 26
21 1 12
17 22 32
9 13 39
20 23 6
21 0 40
0 3 40
22 1 23
8 11 11
13 16 18
21 0 4
7 10 35
22 2 18
6 7 41
5 7 7
2 5 4
6 8 28
10 12 5
14 17 13
5 9 40
0 1 5
12 14 31
13 17 32
0 2 9
12 15 45
9 12 8
17 18 41
9 11 23
22 1 5
1 3 37
19 22 38
6 8 37
12 14 9
2 6 19
17 18 24
10 13 47
17 20 8
2 5 8
3 5 46
5 7 29
12 16 14
16 19 15
5 8 4
2 5 2
15 19 24
17 21 38
14 17 35
17 20 13
3 5 14
10 14 11
5 7 19
14 18 25
9 12 32
23 1 12
3 6 13
18 23 47
0 3 33
23 1 30
20 23 28
9 12 29
1 4 5
5 9 11
0 2 29
1 4 36
7 8 11
5 9 19
6 9 41
5 9 21
15 18 42
5 8 14
19 21 39
20 0 12
9 12 23
6 10 27
22 3 15
19 21 39
22 0 11
17 20 39
4 7 37
10 15 31
13 17 44
0 3 45
9 12 4
12 14 3
9 11 15
5 8 25
17 22 27
22 0 13
23 2 15
17 17 7
8 12 39
5 9 5
6 9 14
18 22 43
15 17 11
21 23 19
18 23 42
23 2 20
10 14 38
3 7 31
12 14 19
1 5 25
22 2 14
9 12 13
10 13 17
9 12 12
2 3 17
4 7 26
8 10 39
9 10 33
23 2 42
10 11 22
11 13 9
16 19 4
7 9 29
6 8 19
4 8 11
10 15 46
14 16 2
5 9 46
20 0 4
12 14 14
12 14 13
8 8 7
0 2 28
1 5 25
15 18 29
15 17 12
6 9 13
13 16 20
5 9 5
16 21 8
9 13 47
7 9 30
23 2 39
16 19 20
23 3 18
0 4 8
23 3 13
2 6 20
9 13 43
15 19 28
11 13 30
11 14 20
21 23 39
17 18 34
5 7 3
4 9 10
22 2 44
16 18 27
14 16 40
23 2 26
2 5 26
10 13 33
4 7 26
10 12 13
10 14 43
15 17 28
21 0 45
1 2 16
22 0 13
20 23 39
2 6 6
2 6 40
22 1 24
22 1 42
19 21 3
18 22 45
12 15 45
4 5 37
3 6 19
23 3 26
11 15 46
23 1 29
6 9 8
10 12 44
18 21 38
11 15 38
19 21 15
15 19 13
16 19 4
9 13 2
17 20 13
21 1 40
21 0 13
5 8 1
12 14 40
23 2 43
11 13 12
12 16 33
1 5 10
2 5 15
9 12 30
1 5 35
6 9 28
18 19 28
0 1 25
7 10 6
22 0 7
17 21 36
11 12 15
17 20 45
0 1 41
12 17 37
16 18 3
5 9 21
23 3 40
16 18 41
8 10 24
17 20 30
6 9 28
4 6 26
13 16 21
2 5 34
10 14 34
9 12 41
23 2 36
15 17 25
14 18 23
8 10 5
3 6 9
11 14 40
1 3 41
6 7 45
13 16 2
1 4 6
0 1 45
4 8 23
14 15 16
21 0 15
7 10 31
0 4 17
15 17 1
1 4 23
11 12 22
22 1 36
20 0 1
20 23 44
8 11 28
2 5 31
22 23 33
13 17 45
22 0 27
15 17 32
11 15 45
10 12 34
2 6 1
18 20 44
22 2 36
15 18 44
7 9 15
3 5 25
17 19 7
18 20 19
20 0 9
20 23 40
23 2 33
6 7 33
23 3 22
14 17 20
6 8 11
4 7 42
19 21 26
7 9 9
15 19 16
4 8 43
19 21 12
8 11 25
13 16 20
3 6 8
19 0 29
19 23 9
10 12 22
4 6 7
15 17 35
3 6 12
17 21 46
7 8 13
16 19 4
23 2 15
18 22 34
10 14 38
11 13 32
10 13 43
14 16 9
13 15 35
7 10 42
10 12 46
8 12 3
18 20 35
5 8 21
8 11 28
9 11 37
6 10 26
6 7 30
16 20 24
9 14 37
23 1 6
20 23 26
11 14 19
5 6 13
2 7 37
23 2 28
5 7 39
6 10 2
21 1 42
6 9 26
3 7 22
19 23 24
11 13 20
3 6 25
7 10 26
1 4 6
9 13 29
7 9 41
9 13 4
17 19 30
19 22 38
21 0 14
18 22 33
13 15 1
13 17 41
0 1 23
21 0 34
17 21 25
13 17 16
15 20 33
6 8 44
15 18 33
6 11 13
7 9 37
0 3 4
8 12 12
1 6 38
2 5 28
3 6 12
17 21 11
15 18 2
3 7 21
11 14 45
14 16 34
0 2 21
6 9 30
18 20 21
9 13 3
2 4 23
5 8 29
0 2 30
9 12 41
15 18 47
2 4 9
15 17 8
17 19 2
13 15 45
3 7 17
10 14 31
13 15 47
13 15 14
1 5 27
5 7 28
19 21 4
20 23 24
6 10 27
19 23 2
2 5 47
11 15 6
17 22 21
1 3 2
21 2 27
10 13 41
10 14 26
16 19 31
13 16 33
2 4 35
11 14 1
2 7 37
12 15 17
9 12 39
22 1 28
7 11 46
16 18 12
15 20 40
16 19 10
12 14 10
11 15 38
7 10 11
2 5 6
5 7 19
9 13 35
16 18 11
14 16 26
3 5 45
13 15 5
1 4 25
16 21 8
23 2 32
16 19 1
15 17 28
4 7 6
10 11 3
4 6 16
2 6 4
16 18 10
11 14 23
19 22 27
11 15 35
11 15 8
11 12 40
7 9 38
10 13 24
15 18 2
17 19 30
20 0 23
9 14 43
22 1 46
7 10 38
13 17 24
16 20 12
10 12 39
2 5 29
7 10 43
2 6 36
23 3 37
17 20 19
16 18 20
13 18 42
2 2 4
12 16 37
10 13 42
23 3 18
16 20 3
8 12 14
4 7 24
10 13 47
19 23 20
4 8 27
12 14 10
10 13 19
20 22 20
12 15 12
21 0 1
11 14 29
10 14 40
10 13 17
22 2 37
18 20 27
22 1 19
9 12 15
11 13 25
8 10 25
5 9 38
19 21 41
10 15 16
3 7 14
21 23 27
11 15 3
1 2 19
3 5 41
17 20 15
18 20 14
13 17 18
23 1 1
12 14 2
20 22 39
22 0 36
22 2 17
23 2 4
14 16 2
13 18 40
3 8 13
5 8 3
0 4 16
17 19 2
18 20 8
2 4 4
3 6 8
4 6 23
15 17 42
17 19 12
6 7 7
8 11 7
22 2 17
8 11 46
1 3 33
19 21 14
0 2 3
10 12 4
20 23 17
7 10 11
2 5 45
23 1 13
2 6 6
7 10 31
2 4 42
5 8 26
17 22 16
10 13 7
17 19 10
17 18 31
23 5 4
0 2 23
15 20 38
4 9 43
11 14 6
9 11 15
3 6 11
7 10 43
4 6 7
21 23 21
13 17 8
2 4 15
22 1 8
1 3 9
6 9 3
21 0 31
10 13 17
2 5 3
21 23 17
8 11 47
17 20 25
21 0 21
1 4 44
13 15 27
23 2 47
23 3 42
19 23 35
23 2 44
15 17 38
8 12 26
18 22 19
5 8 37
15 19 18
5 6 20
5 11 45
6 10 24
17 18 4
16 18 43
17 19 27
15 18 4
19 22 29
7 11 46
16 18 1
17 20 44
0 2 28
4 7 32
8 11 23
7 11 43
7 10 15
21 0 11
20 22 20
22 23 33
10 11 25
2 7 33
8 12 7
21 23 17
17 20 8
0 3 5
5 9 28
5 8 15
13 16 47
7 11 12
11 14 39
0 3 8
0 4 17
16 18 40
16 19 8
21 2 31
2 4 31
19 22 15
9 11 23
14 17 2
9 12 20
23 3 15
22 3 44
3 6 25
20 21 46
10 16 45
6 9 44
3 7 24
13 16 3
19 0 41
2 6 28
14 18 47
12 16 13
14 17 22
1 4 47
6 9 17
22 2 33
9 13 27
7 9 11
6 8 1
9 12 13
6 9 5
15 19 43
11 15 21
0 4 27
22 1 20
8 11 14
1 4 11
15 20 44
14 16 19
7 10 19
23 3 8
1 4 42
11 13 45
8 11 6
3 6 20
5 9 46
8 11 3
21 1 44
1 4 18
16 20 44
20 0 1
10 15 16
21 0 30
17 20 43
12 16 17
8 12 14
23 2 15
2 6 20
23 2 21
18 21 11
19 23 37
13 15 31
19 22 32
13 16 25
3 6 32
6 10 10
22 0 6
0 2 16
22 0 21
19 21 45
5 8 43
11 15 24
5 6 39
21 22 45
10 13 6
18 21 40
5 8 1
23 4 44
11 15 7
3 8 29
17 20 40
17 21 28
3 6 28
6 9 35
12 15 36
19 22 29
13 16 12
8 11 23
18 21 24
21 1 32
13 15 25
14 16 6
16 21 42
12 15 47
10 14 28
21 1 20
22 2 13
2 4 10
9 12 30
6 6 11
0 3 14
2 6 41
9 12 19
14 17 23
1 4 34
8 11 21
3 6 10
4 7 8
10 15 32
6 10 29
20 0 16
17 21 16
2 4 5
23 0 12
6 9 3
10 12 47
16 20 17
20 20 17
22 1 19
8 12 16
8 12 36
16 19 41
3 4 40
16 20 23
1 5 10
13 17 14
7 9 38
8 11 3
11 15 45
20 0 12
11 13 15
20 22 25
15 18 18
6 8 34
21 1 9
6 10 40
1 6 37
17 22 19
6 7 15
20 23 22
10 13 36
12 15 47
3 8 2
4 7 27
20 23 37
10 14 10
16 19 11
7 9 23
16 19 39
4 9 22
11 12 40
20 2 22
6 10 4
0 1 3
22 2 34
7 11 30
0 3 29
1 2 12
20 22 5
10 14 16
11 15 28
9 11 14
22 2 36
19 22 19
12 16 31
0 2 38
0 3 8
13 15 24
3 7 47
1 4 16
9 11 46
11 14 5
21 2 7
15 17 39
7 9 41
18 20 10
11 15 37
5 6 30
12 15 19
18 21 38
19 0 37
10 13 12
7 11 26
9 13 18
20 0 32
17 21 27
0 3 23
9 13 33
9 12 12
6 8 29
14 17 43
7 11 42
7 10 24
14 17 4
15 17 29
0 2 1
16 19 18
4 8 24
19 22 15
18 23 17
6 6 45
5 6 30
0 4 47
9 12 36
11 12 23
16 18 32
7 9 47
17 21 9
14 17 31
7 10 35
19 22 28
15 19 1
2 6 9
13 15 24
7 9 5
16 20 14
17 21 41
10 12 47
1 4 7
19 20 11
3 7 18
11 14 38
13 18 33
12 15 29
9 12 42
3 6 32
23 4 28
7 10 19
0 2 30
20 0 26
7 10 31
22 2 4
13 17 18
3 4 28
4 7 2
0 3 4
13 16 4
2 5 36
16 19 33
16 18 41
21 23 45
1 4 21
4 5 9
12 15 40
9 11 42
22 2 38
21 1 29
11 15 41
