2000 37
10 37 35 32 16 11 25 37 16 19 7 21 21 29 14 19 1 1 36 24 24 29 18 32 36 11 21 37 20 17 3 35 34 2 20 34 30 
17 21 4
10 14 24
18 20 16
7 11 27
4 9 13
17 20 37
7 9 30
9 13 22
1 3 4
17 19 22
16 19 25
20 0 36
20 22 9
4 7 26
10 12 25
4 6 9
7 10 31
1 5 1
19 22 10
11 14 32
0 5 13
15 17 27
3 5 1
14 17 29
5 6 8
1 4 7
1 4 19
18 22 20
10 13 2
17 19 23
9 10 12
21 0 12
11 13 14
17 20 30
9 13 26
7 10 3
7 8 33
19 22 17
11 15 22
10 13 10
1 5 31
21 0 28
7 9 15
21 1 19
7 10 1
14 19 9
12 15 31
15 17 31
13 17 11
2 4 25
9 13 28
15 20 20
18 21 19
4 6 6
20 22 37
7 11 31
11 14 33
16 18 6
13 16 8
5 8 33
20 23 20
18 19 21
7 9 1
21 3 26
21 23 30
8 11 35
16 20 18
21 1 31
21 1 31
3 6 18
6 9 27
20 23 25
14 16 10
10 11 11
3 7 8
2 6 24
1 4 9
20 23 4
1 4 18
17 20 10
14 18 13
5 8 9
10 14 19
2 4 24
11 13 14
4 7 7
14 16 17
10 13 4
5 9 9
7 8 31
18 22 19
0 4 23
3 6 2
10 14 8
15 18 25
18 20 16
17 19 33
10 12 18
1 3 35
2 4 2
16 20 8
15 19 32
8 12 27
7 9 36
0 4 10
14 16 27
18 21 23
1 2 27
18 19 16
3 7 19
15 18 32
9 11 16
5 7 24
4 7 18
12 17 29
12 17 26
16 20 5
1 3 26
15 18 30
7 10 29
18 21 29
18 20 25
10 13 10
16 19 19
0 3 15
10 13 9
19 22 9
4 7 12
3 5 5
22 2 22
8 11 22
19 23 9
0 4 15
5 9 13
12 16 18
23 1 37
16 19 4
10 12 2
4 6 35
9 11 19
10 12 32
18 21 12
1 4 14
6 9 31
10 13 37
13 16 11
17 20 10
11 14 1
20 23 27
1 5 36
0 3 12
14 17 12
6 10 11
2 4 14
8 12 34
9 12 3
0 5 29
17 19 4
7 8 36
3 6 36
19 23 2
23 2 24
17 21 29
5 8 30
7 9 26
19 20 10
20 23 37
10 13 17
4 7 21
1 5 15
8 11 24
5 9 27
16 20 28
10 13 33
13 17 20
2 6 18
21 0 12
0 3 22
2 6 24
15 19 1
11 15 29
18 23 5
7 12 16
17 19 13
17 21 20
18 22 26
2 4 32
7 10 10
23 3 13
15 18 3
9 11 3
12 12 27
1 5 18
14 15 33
22 2 28
23 3 31
14 17 30
1 3 37
12 15 7
7 8 11
21 23 8
6 8 23
14 16 22
22 1 28
8 12 9
5 7 25
4 8 5
20 0 15
9 15 17
8 11 16
9 13 30
13 17 36
17 21 27
20 0 13
0 4 29
18 19 30
21 0 6
15 19 32
3 6 33
4 7 20
20 22 32
20 23 20
6 7 18
6 9 37
15 18 28
7 10 29
4 8 15
12 15 22
4 9 36
16 19 1
23 3 9
13 18 26
7 10 25
22 0 34
21 22 37
7 8 17
18 18 2
6 11 15
11 13 4
23 1 18
2 4 27
11 15 32
17 19 2
3 7 31
7 11 26
16 19 1
13 16 26
22 1 24
22 1 13
23 1 30
10 12 8
20 0 32
4 7 24
2 6 24
3 7 29
2 7 5
19 22 2
4 8 10
17 22 36
22 0 35
6 11 35
17 20 7
21 0 25
21 0 19
20 0 15
10 14 25
17 19 20
6 9 4
17 21 16
6 9 27
17 20 7
18 19 8
8 11 16
4 6 4
13 16 6
0 4 12
16 20 10
0 3 15
1 4 34
3 5 36
17 19 22
20 22 28
21 23 27
6 7 15
1 5 4
8 12 5
20 23 26
19 23 37
16 18 2
5 7 15
2 5 14
7 9 12
23 3 4
10 12 29
14 16 10
15 18 3
7 11 5
6 9 33
3 4 11
23 0 25
11 13 27
16 20 26
13 18 17
1 5 4
13 14 2
22 2 18
8 11 36
7 10 27
8 10 9
22 0 27
10 13 17
11 15 12
21 0 35
18 23 30
16 20 6
21 1 18
12 15 32
22 0 30
21 23 36
21 22 15
2 3 12
7 10 37
16 21 27
12 14 32
16 20 15
3 5 14
19 23 6
2 5 33
22 1 1
19 22 31
20 22 37
21 23 22
0 3 5
17 20 6
10 12 8
17 19 15
12 15 9
6 9 28
3 7 7
17 19 25
9 12 11
0 3 32
7 10 10
3 7 21
2 5 8
17 20 7
3 5 22
4 9 27
12 16 11
6 9 26
8 11 34
13 16 26
5 6 37
18 22 7
15 18 15
8 11 27
12 15 15
6 8 26
7 9 12
21 1 28
4 6 27
8 12 5
6 8 23
4 5 17
20 22 10
11 14 29
12 14 13
11 14 7
0 2 2
14 18 33
19 21 1
7 11 34
2 7 15
6 11 35
18 22 15
19 23 11
4 8 34
4 7 23
13 17 2
19 23 15
17 21 9
13 17 16
20 0 6
11 14 13
3 5 12
16 19 33
18 20 10
15 17 21
19 23 29
1 4 28
9 12 7
14 16 27
13 16 15
22 0 18
9 11 14
0 4 30
22 2 25
12 13 30
7 10 20
3 7 30
2 7 27
6 8 12
21 1 8
20 23 22
22 3 36
10 11 23
12 15 33
21 23 18
2 6 6
22 0 28
6 10 34
0 3 26
4 7 23
12 16 37
9 11 5
7 9 2
2 6 1
10 14 1
1 4 1
22 0 13
16 19 8
15 18 18
16 19 14
4 7 2
10 12 34
22 2 35
7 10 4
21 0 14
3 6 18
8 12 20
4 7 3
5 8 26
6 9 7
3 5 14
23 2 6
23 1 30
3 6 16
21 23 33
17 21 17
0 1 29
0 4 27
10 14 30
14 17 21
5 7 1
9 9 1
14 17 16
9 12 26
4 6 4
18 23 36
1 4 12
16 17 36
10 11 31
11 14 12
5 9 27
10 11 14
22 2 32
10 13 33
16 21 16
9 12 3
20 22 7
15 17 8
8 10 15
8 11 13
9 11 8
1 2 31
20 0 35
12 15 24
15 18 12
10 12 2
23 2 30
17 20 6
21 1 14
11 15 30
20 23 18
23 2 3
8 11 8
4 7 27
16 17 2
18 20 14
10 13 10
16 20 24
7 12 19
18 22 11
6 8 28
19 22 9
18 21 13
7 12 24
10 14 16
18 21 28
22 3 34
20 0 13
16 20 4
17 19 16
1 3 15
2 4 21
21 0 16
4 7 7
2 7 3
3 5 37
10 14 21
16 19 35
9 10 22
5 8 31
17 19 35
1 3 35
11 14 32
21 1 6
19 21 37
18 20 25
12 16 14
3 8 12
8 9 12
0 3 4
3 6 3
13 16 1
15 19 32
17 19 14
12 15 20
9 12 10
6 9 16
8 12 29
5 9 21
12 15 2
11 14 10
12 14 8
8 11 37
3 7 16
13 16 31
8 11 13
17 20 22
10 12 36
19 23 2
5 7 23
1 6 2
0 3 16
22 2 19
13 16 17
6 9 33
9 13 6
4 6 16
0 3 13
21 1 36
8 11 26
14 18 8
19 20 7
19 22 8
6 8 21
17 19 36
22 1 24
16 20 17
16 18 3
13 15 12
19 0 14
8 11 25
8 11 31
3 7 20
8 10 23
4 7 24
22 3 22
21 0 9
13 13 4
3 5 32
15 17 26
4 7 29
18 19 29
3 6 32
9 13 9
20 0 23
13 16 30
4 4 2
3 5 6
14 16 13
18 20 9
2 4 2
15 16 15
2 6 17
15 17 6
5 8 32
9 13 30
18 21 2
17 21 13
13 15 32
17 20 15
5 7 37
12 14 11
4 8 16
20 23 23
23 2 24
6 10 1
1 3 34
8 12 14
3 6 9
14 16 36
14 19 29
1 3 29
9 12 29
6 9 27
13 16 18
9 14 32
11 15 34
16 18 7
18 22 23
4 8 17
17 19 22
2 4 25
0 3 9
5 8 2
20 22 32
17 21 32
8 12 14
21 23 10
6 8 23
2 6 13
6 8 36
2 4 8
1 4 31
13 16 10
1 3 6
11 15 13
21 1 30
8 12 8
21 0 17
5 8 15
13 15 31
0 3 2
7 9 7
8 12 20
22 0 8
14 18 36
3 6 29
13 16 36
19 22 30
10 11 15
6 8 30
6 9 13
0 4 2
22 4 10
20 23 16
14 16 17
7 10 25
10 12 22
20 0 29
23 3 13
20 23 24
9 11 8
6 9 31
17 20 14
3 7 4
2 2 1
13 16 17
3 8 30
12 15 10
12 16 19
14 17 2
22 0 11
12 15 30
1 5 19
22 3 28
9 11 29
17 20 11
20 23 19
8 12 7
19 21 29
8 11 25
12 13 31
22 1 8
5 8 30
12 14 18
1 2 18
20 23 29
0 1 22
16 19 35
7 9 16
15 19 25
17 20 19
11 14 7
17 20 13
3 6 29
9 13 11
21 0 16
13 17 8
23 2 12
2 5 5
20 23 36
16 20 16
20 23 16
8 10 35
17 20 6
13 16 16
16 20 16
23 2 20
13 14 24
8 12 3
0 1 8
18 21 26
20 21 12
15 19 1
18 22 10
20 23 7
0 3 4
22 2 6
9 12 17
20 1 15
17 21 27
10 12 10
20 0 31
1 4 25
2 5 3
10 11 18
19 23 11
8 11 36
23 2 12
6 11 36
22 2 6
17 20 1
10 12 18
22 1 35
21 0 15
18 21 13
9 12 1
9 11 34
2 5 19
5 9 29
18 21 25
23 3 21
20 0 21
21 23 22
11 14 26
16 20 5
23 2 34
2 6 31
12 13 29
7 10 24
21 0 27
21 23 25
4 6 3
7 9 14
10 14 1
10 11 28
8 10 25
3 6 12
22 2 35
18 22 35
7 9 32
23 1 6
21 1 22
12 15 11
17 21 3
20 1 5
5 8 12
12 15 16
17 19 15
2 5 35
8 12 34
20 22 19
11 14 27
16 19 11
1 4 11
23 2 19
20 23 9
10 14 37
12 15 10
11 14 18
10 11 18
5 8 24
4 6 11
11 15 7
8 12 26
19 23 21
17 19 10
9 11 28
20 0 30
11 14 30
2 5 28
21 0 2
21 1 36
22 2 25
10 14 21
2 4 14
4 7 24
4 8 28
22 1 29
15 19 6
9 11 18
23 2 9
1 4 9
16 19 30
4 7 8
18 20 16
2 2 30
17 20 12
2 5 23
23 2 33
14 18 6
12 16 5
5 7 1
20 0 35
3 6 4
1 3 3
10 14 18
21 0 10
21 22 26
17 21 21
3 4 7
3 4 33
23 3 10
16 18 33
9 12 16
8 13 33
17 20 23
20 0 34
7 9 30
22 0 20
7 9 16
1 4 9
23 4 34
16 19 21
10 12 2
15 17 28
23 1 23
20 0 6
21 0 29
22 0 27
3 7 6
8 9 1
23 3 13
17 18 34
19 21 36
19 23 24
12 13 15
7 9 29
18 18 34
17 20 23
14 17 19
0 3 11
20 23 6
7 11 8
5 5 8
20 1 2
17 20 13
9 13 28
8 11 18
2 5 37
15 18 6
1 4 3
22 1 24
4 6 36
19 22 17
10 12 8
22 1 34
3 5 2
12 15 10
6 11 28
15 19 2
21 1 21
7 12 34
16 19 8
5 8 1
22 1 7
2 5 33
1 5 23
7 9 15
6 9 6
14 17 5
7 10 36
15 18 20
20 22 2
19 23 33
19 21 33
18 22 12
7 10 30
12 14 8
14 18 17
22 1 29
11 15 5
14 17 19
8 12 12
21 0 8
10 14 24
13 15 28
6 10 2
2 3 26
18 20 34
7 9 1
10 12 18
19 22 14
4 8 23
20 23 28
11 15 35
17 20 16
8 12 26
16 18 16
7 9 22
15 18 17
10 13 16
5 9 9
21 23 35
2 5 22
16 18 15
18 20 26
16 18 21
12 15 15
19 22 5
6 10 3
3 6 2
19 23 5
9 12 11
15 18 28
17 22 12
0 4 19
16 18 4
21 23 28
8 11 37
19 23 20
11 13 20
23 1 35
13 15 30
7 10 9
4 7 33
13 15 6
5 7 13
21 0 26
13 17 28
10 13 4
4 6 5
8 11 4
19 21 21
22 1 34
9 10 12
14 16 18
22 1 17
2 5 16
22 1 6
11 14 35
2 6 36
5 8 26
4 6 30
17 21 15
5 9 26
10 13 30
13 15 13
8 10 6
7 9 24
20 21 36
14 17 20
9 13 19
23 1 11
6 10 7
10 12 32
6 9 19
16 20 26
9 10 10
16 19 6
23 3 31
22 2 10
3 6 6
16 19 12
23 1 22
3 5 16
10 11 17
18 20 8
23 1 37
4 7 14
21 0 24
0 4 30
2 7 12
17 20 36
5 8 36
2 6 20
6 9 23
0 5 14
2 4 7
6 11 2
1 3 15
13 16 28
22 0 12
15 15 37
12 16 33
6 11 37
13 15 2
9 11 27
3 7 11
0 3 8
4 7 29
16 19 7
23 1 22
7 9 35
12 16 33
22 1 2
23 1 27
1 4 32
23 1 11
13 17 20
9 13 37
11 13 18
7 10 28
22 0 26
16 19 14
17 21 7
0 5 11
17 19 13
1 5 16
21 0 29
19 23 5
18 21 26
21 0 2
22 1 29
9 11 24
18 20 11
4 7 8
16 18 9
5 8 30
12 16 8
23 4 36
23 4 4
21 22 4
9 11 19
22 1 22
1 4 2
9 12 24
9 12 24
21 0 26
16 19 15
11 16 27
6 10 18
17 20 33
22 1 26
18 22 23
3 5 31
4 5 8
7 10 30
15 18 26
17 20 9
7 11 28
5 9 32
10 12 2
16 19 7
0 2 11
9 13 12
4 6 30
1 3 12
2 6 29
8 12 13
23 4 22
7 10 24
16 19 18
16 20 32
7 10 4
19 23 27
20 0 27
6 11 1
18 22 1
10 12 16
21 0 8
16 19 26
15 20 11
21 0 26
1 5 29
7 9 33
6 8 22
7 11 29
18 21 8
18 0 26
5 9 27
0 2 23
22 1 17
16 18 24
17 20 26
0 3 28
7 9 11
17 21 9
12 17 24
12 15 36
6 10 13
21 0 12
6 8 23
20 23 32
16 18 7
2 5 20
1 5 17
3 5 5
4 7 21
19 22 14
5 10 9
20 23 9
7 10 17
8 13 22
18 21 20
13 16 33
9 10 20
12 14 3
18 23 28
1 3 21
9 14 31
15 19 2
17 20 3
2 6 12
23 1 34
1 2 8
4 7 18
19 0 32
4 6 3
21 1 26
10 12 19
11 15 32
19 22 24
21 22 35
9 13 28
13 16 2
23 2 7
5 7 15
0 3 9
8 12 21
7 10 31
6 11 26
8 9 25
1 3 26
8 12 6
18 20 6
4 8 33
7 9 5
11 14 19
16 18 21
9 11 29
20 23 15
13 16 14
7 9 31
13 15 16
23 2 6
23 2 3
5 9 17
5 7 2
4 6 37
0 3 35
23 2 7
16 19 14
7 10 7
22 1 4
15 20 35
9 13 15
9 11 7
8 10 33
8 11 21
12 15 22
18 21 28
3 5 2
15 18 12
22 2 24
1 4 20
1 5 32
1 3 6
6 9 22
18 20 33
22 1 5
4 8 23
22 2 27
7 10 24
14 16 12
10 13 22
15 18 9
9 11 31
9 10 17
0 2 9
18 21 17
15 17 8
11 13 23
6 9 25
20 0 24
12 14 14
22 23 25
14 17 27
10 15 16
3 5 32
21 1 6
10 13 20
10 14 12
21 23 27
1 6 4
9 11 1
6 10 1
0 1 26
9 12 37
11 14 12
6 8 34
16 17 34
20 23 36
20 23 19
7 11 13
14 16 37
8 9 7
0 1 3
15 19 36
11 14 17
0 2 25
8 11 2
16 19 18
18 22 10
10 15 6
1 3 2
17 20 2
22 3 28
19 22 16
3 7 2
4 7 36
2 6 8
10 14 10
14 18 25
12 15 12
18 21 17
20 21 11
15 19 12
19 23 25
9 14 15
6 8 16
6 9 3
1 4 18
19 22 31
16 19 6
6 8 9
19 20 7
6 9 5
19 21 24
20 23 34
13 15 33
20 22 5
19 21 31
8 12 5
17 19 10
2 6 8
21 0 25
13 17 23
17 19 33
5 8 21
7 9 26
1 5 11
22 0 6
8 10 25
3 7 7
6 10 24
5 7 19
20 22 12
9 11 18
18 21 23
18 20 12
16 18 31
10 11 32
11 13 5
5 8 1
14 16 18
13 15 32
8 10 17
15 18 19
7 9 12
0 4 26
15 17 28
18 21 29
23 1 32
19 22 4
14 18 6
13 16 21
3 6 28
18 22 34
4 8 13
8 12 14
17 20 20
6 8 32
11 13 16
11 14 9
7 11 26
18 20 30
13 16 32
18 19 26
20 23 5
17 20 2
7 10 37
15 17 29
11 14 6
23 3 12
0 3 19
4 7 11
21 23 5
7 10 33
4 6 31
6 8 34
13 16 20
7 10 23
22 1 35
10 13 35
7 10 21
21 1 34
10 14 21
16 19 21
17 19 20
16 20 4
21 0 11
17 20 27
18 21 18
12 16 33
4 7 13
9 12 23
13 16 34
5 8 21
22 2 16
18 21 33
13 14 20
21 1 13
13 16 17
1 4 12
3 7 9
13 15 28
7 9 31
3 5 24
11 14 3
21 1 20
22 1 4
22 23 1
8 11 4
10 14 7
19 23 22
0 4 12
23 2 15
16 19 9
2 5 30
18 20 1
11 13 37
10 15 37
10 11 29
23 2 29
13 16 9
1 5 15
18 22 23
20 22 3
16 20 21
8 10 10
18 20 27
2 5 3
1 2 7
21 23 15
18 21 12
20 0 7
11 15 3
18 20 7
8 11 2
2 4 25
3 7 28
7 10 8
13 17 22
18 21 21
20 23 11
13 15 34
0 2 1
20 0 20
6 7 5
13 15 3
20 0 8
2 5 15
0 2 8
13 15 18
4 9 31
11 15 19
2 3 19
18 21 22
12 15 22
12 14 6
8 10 4
18 21 1
12 16 34
0 4 36
21 0 30
7 10 10
18 19 33
19 22 5
18 22 24
9 11 32
1 3 18
17 21 22
20 22 36
0 2 6
0 1 25
20 22 24
6 12 17
19 22 8
3 6 29
18 21 13
6 10 5
13 17 25
9 11 26
19 22 14
6 8 11
15 18 36
17 19 9
3 6 25
13 16 28
5 7 34
13 16 36
14 15 9
4 7 4
12 15 34
5 8 13
23 3 35
4 8 3
20 0 21
6 7 32
8 11 7
1 5 14
20 23 10
22 1 22
18 21 27
11 14 35
18 20 6
16 19 17
6 10 17
23 2 14
0 3 32
23 2 26
3 6 12
7 10 2
5 8 18
5 9 26
12 15 5
19 21 33
16 18 26
1 4 22
21 0 30
21 0 19
13 14 36
23 2 27
14 17 2
18 22 32
10 10 10
16 21 25
12 15 32
9 12 2
7 10 26
11 14 34
13 16 27
13 16 31
9 13 21
4 7 32
22 1 8
0 3 36
12 17 37
11 13 23
23 1 31
8 11 5
20 0 10
23 1 20
6 9 37
14 18 6
12 16 37
11 14 15
12 15 36
18 21 14
16 20 8
8 11 30
3 8 11
13 16 15
6 7 5
3 7 19
21 1 3
8 11 21
8 10 18
9 11 21
5 8 13
10 15 5
5 10 9
6 7 22
19 22 31
5 7 15
16 19 29
1 6 15
14 17 35
16 18 25
15 20 8
19 22 24
13 17 2
11 15 16
0 3 24
16 19 24
20 22 32
9 14 30
19 21 34
0 3 12
20 21 25
5 7 6
1 3 26
16 19 7
3 6 8
12 13 22
0 4 9
18 22 10
4 6 20
19 22 9
9 12 11
16 17 5
9 12 33
16 20 20
4 7 22
23 3 2
15 19 9
23 2 19
19 22 6
10 12 2
17 19 24
23 0 2
17 21 22
22 1 18
14 18 30
4 7 35
18 21 13
13 16 8
21 0 24
23 1 14
10 14 13
20 22 7
14 17 16
0 4 34
9 14 10
7 11 17
7 11 16
5 7 4
13 14 12
3 5 7
8 12 36
9 14 3
12 15 16
15 19 27
8 9 1
4 8 14
20 23 11
13 16 31
9 12 1
16 18 2
5 10 7
0 3 1
5 9 26
6 10 3
9 11 21
14 15 19
5 8 22
16 19 3
18 21 26
11 15 27
2 4 22
3 8 24
12 16 36
14 17 21
6 10 22
2 5 26
2 5 5
15 15 5
2 6 12
8 11 37
4 7 30
1 4 27
9 10 2
0 2 13
4 5 23
6 8 33
11 13 32
8 12 32
20 22 22
13 17 5
5 7 27
5 8 34
20 23 30
11 15 22
23 23 22
7 11 34
4 6 32
17 19 37
18 22 14
23 1 32
7 10 35
12 14 12
6 9 1
23 2 37
6 10 30
0 3 25
11 14 8
1 3 11
11 13 24
16 20 8
13 17 4
23 2 13
18 21 30
8 11 6
1 4 3
19 21 15
23 1 36
4 6 30
19 22 5
15 17 20
18 21 14
22 0 23
10 14 10
9 12 30
14 17 30
8 12 4
18 20 12
9 12 23
12 15 35
5 8 26
14 16 27
15 19 3
0 3 3
5 10 20
8 9 36
5 8 14
21 1 1
23 4 13
17 19 4
21 0 23
6 9 20
23 1 9
21 0 29
19 22 17
21 0 36
16 17 21
11 15 3
17 19 12
10 13 20
15 16 32
1 3 9
15 17 20
2 5 22
13 17 13
12 16 15
10 14 7
1 7 14
16 18 20
7 10 19
13 16 35
15 17 1
4 7 34
0 3 34
6 8 15
13 15 15
3 6 8
1 3 6
11 13 5
21 0 17
0 4 16
4 8 16
14 17 24
1 5 17
11 15 26
8 9 23
9 13 34
19 20 11
18 22 36
20 23 10
7 8 18
0 2 23
6 10 25
12 16 23
12 15 11
10 12 17
19 20 17
16 19 1
1 5 16
19 21 28
0 3 16
6 8 36
15 17 33
12 16 27
7 10 6
23 3 18
3 5 11
3 6 7
17 19 31
13 17 16
12 15 18
3 5 24
23 2 25
2 6 17
13 17 21
17 22 12
6 10 22
20 22 27
4 6 28
21 23 35
11 15 32
2 7 21
2 6 36
9 12 3
7 9 23
7 10 3
8 11 12
7 10 23
6 8 12
16 22 28
23 1 8
12 14 1
20 23 17
4 7 15
21 0 23
11 13 30
5 6 31
3 5 24
2 4 30
10 13 31
3 4 29
8 11 18
1 5 26
20 0 14
10 15 19
15 18 2
2 4 6
0 4 32
0 2 4
4 7 14
11 13 37
6 11 5
23 2 6
23 1 12
14 15 24
20 23 30
16 20 29
2 5 13
23 3 21
10 12 8
17 20 20
16 18 23
21 1 7
0 3 17
21 0 24
15 18 7
0 3 1
19 22 1
17 19 7
9 12 9
21 0 27
22 0 9
16 19 15
16 18 4
3 7 18
2 4 3
5 9 28
18 21 3
21 23 33
10 13 27
15 17 9
10 13 18
18 21 35
1 5 28
15 19 4
18 21 3
6 9 25
12 15 34
10 13 13
1 3 37
1 3 32
10 14 14
0 2 11
12 15 14
18 22 33
10 13 23
1 4 1
16 17 20
20 23 28
13 16 37
0 4 2
12 15 9
2 4 16
20 23 26
18 20 7
16 20 31
16 17 26
12 14 15
0 4 36
13 17 21
23 1 10
16 20 30
20 23 32
15 19 8
7 9 19
13 17 24
0 2 29
10 12 10
0 3 17
16 19 2
2 5 27
1 5 17
3 4 11
12 15 22
4 6 6
17 20 22
5 9 30
15 19 29
10 14 36
11 16 31
4 7 11
15 18 1
8 11 31
5 6 2
15 16 8
11 14 34
13 15 2
23 3 11
4 7 32
13 15 10
8 10 2
14 17 2
5 9 2
18 23 30
17 20 16
3 6 10
11 14 9
5 6 7
3 7 21
1 4 28
2 5 19
5 8 1
0 5 28
2 4 8
1 4 32
14 18 14
9 11 2
10 15 11
20 1 15
15 17 1
5 9 14
19 23 18
22 2 9
16 18 33
4 8 16
15 17 35
12 15 10
22 1 24
6 10 27
0 3 19
16 18 23
18 21 26
14 17 3
19 21 19
9 15 29
18 20 18
17 20 19
18 21 5
9 14 34
5 9 15
19 23 12
11 14 18
20 23 6
20 23 19
3 6 15
10 13 25
22 1 6
12 15 23
16 20 5
7 11 2
8 10 17
0 4 10
3 4 33
8 10 27
11 13 22
0 4 6
5 8 35
0 3 22
0 3 35
6 9 10
10 14 3
6 9 5
19 23 22
21 0 9
3 6 3
23 0 9
19 22 2
15 18 6
15 19 26
13 13 11
7 10 28
16 20 3
5 8 19
18 20 30
16 19 4
7 10 19
1 3 23
5 7 24
14 18 33
15 17 24
16 18 23
15 18 28
14 17 22
0 3 12
16 19 11
8 11 19
3 6 24
10 11 28
22 1 3
10 14 11
22 2 7
1 4 29
3 6 37
0 2 32
16 21 8
9 12 5
4 7 33
9 11 21
19 22 10
9 13 27
0 3 25
14 16 25
2 5 20
0 3 16
11 13 6
15 18 27
7 10 10
0 3 8
5 8 33
14 16 22
10 13 16
18 21 12
4 7 20
14 18 28
6 8 30
8 11 10
10 13 19
2 7 25
10 13 20
4 5 13
19 23 10
6 9 3
2 7 10
8 12 30
0 4 36
23 1 20
14 17 7
18 22 3
7 10 6
11 13 28
7 12 1
15 19 29
4 8 29
3 6 11
11 14 7
1 3 10
19 22 10
11 13 4
18 19 20
19 22 30
18 22 30
15 18 17
13 15 24
5 7 8
19 22 10
7 9 32
20 22 30
16 19 27
3 7 3
18 20 15
23 1 23
18 20 4
5 6 36
16 19 27
1 4 32
11 14 14
21 0 23
16 19 9
20 23 33
21 0 20
4 8 7
4 6 24
19 22 23
18 21 22
3 7 32
18 20 20
3 4 9
5 9 13
4 5 10
14 19 14
1 3 22
15 18 12
2 3 4
17 19 16
0 2 29
4 7 13
1 5 6
19 23 11
18 20 5
18 21 16
11 13 10
14 17 13
3 6 33
19 21 7
12 14 17
20 0 3
1 4 34
17 19 12
3 6 33
13 15 6
6 7 32
4 6 6
23 2 18
19 22 10
14 17 27
14 17 15
8 10 15
17 19 26
