5000 46
3 14 45 21 30 2 2 39 15 26 34 15 11 35 28 39 19 42 38 6 1 2 9 31 16 19 1 10 37 30 18 9 42 41 45 31 36 35 21 32 19 40 14 33 11 14 
10 15 28
16 20 29
7 8 29
4 4 44
14 17 7
9 13 43
16 21 42
11 13 21
5 7 37
16 20 42
4 8 35
21 0 11
21 23 34
23 4 6
20 23 31
9 12 7
8 11 12
9 13 3
6 10 18
15 18 29
23 3 33
19 22 19
23 3 11
13 16 9
14 18 35
20 0 7
1 5 17
7 11 32
9 11 2
20 23 33
13 17 15
22 1 29
13 16 8
20 23 23
15 18 10
4 6 5
9 12 24
8 10 36
20 21 2
0 3 10
4 8 1
10 15 26
16 17 26
16 20 27
16 19 29
15 19 17
19 23 38
2 5 6
16 17 24
1 4 28
19 19 21
1 5 33
18 19 3
17 21 42
23 3 37
1 3 17
12 16 12
17 20 28
6 10 32
4 6 26
11 15 19
5 8 35
4 7 46
1 3 9
0 3 29
1 3 9
4 7 4
17 20 2
21 0 36
3 7 43
17 19 12
14 15 22
18 22 29
20 22 30
8 11 27
13 16 9
9 11 39
16 19 16
11 13 38
16 20 33
7 9 18
11 13 18
11 18 8
15 19 24
22 2 23
6 10 3
22 2 18
19 1 6
14 16 41
1 4 2
6 8 28
13 18 19
19 23 9
18 22 23
5 8 5
14 18 41
4 7 42
13 15 33
13 17 40
16 18 2
10 14 35
1 4 42
16 18 39
6 10 7
20 22 24
22 2 42
13 17 17
23 1 5
14 18 2
23 3 37
14 17 29
2 6 37
7 10 7
9 12 4
21 0 5
2 5 35
7 10 39
8 12 22
9 13 35
9 12 46
20 0 10
12 14 15
10 15 23
20 23 27
20 23 32
11 14 39
14 17 31
14 16 7
22 0 6
21 0 4
5 9 15
13 16 15
20 23 20
8 12 36
15 18 41
11 14 32
16 19 42
6 11 4
9 13 22
21 1 17
1 5 11
9 11 12
20 23 17
11 12 28
8 11 24
22 1 4
5 7 31
10 12 32
5 8 29
18 21 7
5 8 41
6 8 26
9 12 24
18 21 22
17 19 27
1 6 12
3 5 45
15 19 21
3 6 39
3 5 13
1 3 5
17 19 5
8 11 29
9 11 6
11 14 20
17 20 8
20 0 34
1 5 18
7 8 15
15 16 10
3 6 13
9 13 1
12 14 30
4 7 4
19 22 9
23 2 19
10 13 40
5 7 8
13 16 32
17 20 25
16 20 21
7 11 25
14 18 11
10 13 12
8 11 40
19 22 22
14 17 8
7 12 34
16 19 42
9 13 39
17 21 20
10 11 22
12 15 16
3 6 27
10 13 41
14 16 41
10 14 13
3 6 19
6 9 27
19 23 13
15 16 16
4 8 40
13 16 30
21 1 44
2 4 29
15 18 10
8 13 2
15 17 3
0 2 40
3 7 17
14 17 14
14 16 25
7 10 18
4 7 8
15 18 44
15 17 18
2 6 33
2 4 43
22 1 42
22 0 19
15 18 37
21 22 10
21 0 12
19 22 20
22 1 29
15 18 1
3 5 39
15 19 34
21 0 10
19 21 23
17 19 22
8 12 20
10 13 36
18 20 20
2 6 43
12 14 24
8 12 2
8 12 44
15 17 34
8 14 35
10 13 24
5 9 7
19 21 7
9 12 33
21 1 25
7 11 15
5 9 43
8 10 5
9 12 6
9 11 22
20 0 25
2 8 25
12 15 32
2 5 40
1 5 30
1 2 42
6 7 36
23 4 24
19 21 9
20 23 20
6 10 21
1 3 20
1 4 38
23 2 8
15 18 4
18 23 25
19 21 31
0 3 44
7 9 4
9 13 6
22 3 9
13 16 22
11 15 1
22 3 21
6 8 6
20 23 36
2 5 12
12 15 45
21 3 40
22 0 29
11 14 37
8 11 33
3 5 18
2 5 41
12 14 5
20 22 19
10 13 30
16 19 14
17 20 27
19 22 9
0 4 9
6 10 28
13 18 23
21 0 45
4 8 20
0 3 40
19 20 19
0 3 17
1 5 39
15 17 32
10 11 36
22 1 9
7 10 26
23 3 40
0 1 41
11 13 42
9 11 38
9 12 27
17 18 9
5 8 11
1 4 33
23 2 43
5 9 7
21 22 37
5 8 1
1 4 13
1 4 26
21 0 41
8 11 7
12 15 13
11 13 30
14 17 23
21 0 32
3 6 11
12 14 46
23 3 21
22 0 45
4 8 26
6 7 18
11 14 20
0 3 6
0 4 3
10 13 1
19 21 13
3 6 17
13 18 8
3 6 30
19 21 21
3 5 35
6 8 30
6 9 2
20 22 7
17 19 10
23 1 13
18 21 33
14 16 38
15 17 11
18 21 37
17 19 9
7 10 15
0 4 4
14 17 43
3 7 46
3 7 6
17 22 20
9 12 20
13 16 2
0 4 29
14 17 30
20 1 14
13 16 26
4 6 36
6 10 21
13 16 32
21 1 19
17 21 10
23 1 24
18 22 6
5 8 40
4 5 2
4 7 31
7 11 29
9 10 44
7 11 33
22 3 28
20 21 5
14 17 41
2 6 2
15 19 19
11 14 26
2 5 7
5 8 46
6 10 18
9 13 41
6 9 12
20 23 43
5 8 7
22 1 31
9 11 8
22 1 33
3 7 41
6 7 11
15 19 22
21 23 41
23 4 11
2 5 6
19 21 26
10 13 30
9 13 31
12 15 3
10 13 36
8 11 20
22 1 12
16 19 24
19 22 38
8 13 20
23 3 5
9 12 46
2 4 20
22 23 13
13 16 10
5 8 20
16 18 14
9 11 42
6 9 28
3 5 23
1 3 39
18 22 43
23 1 21
3 7 13
9 13 9
15 18 8
16 20 39
10 13 40
0 1 1
14 19 13
8 12 35
22 0 42
9 11 8
12 15 19
23 2 38
18 20 23
8 10 1
2 5 32
20 23 1
0 2 29
16 19 42
9 13 3
6 7 19
7 11 33
3 6 42
14 19 35
14 16 24
3 6 32
2 6 12
15 19 22
17 21 5
1 5 30
15 17 18
13 16 27
17 20 2
11 14 25
0 4 41
13 15 33
4 6 13
22 2 13
11 13 22
21 1 25
11 13 23
4 8 30
16 18 8
1 5 37
21 2 13
16 18 35
20 23 38
22 2 13
20 22 13
13 16 2
14 16 19
19 22 9
21 23 19
14 18 20
1 3 3
9 11 1
14 17 11
20 0 26
2 5 46
16 21 37
7 9 11
20 23 41
7 8 10
5 9 1
14 19 17
12 15 21
4 7 5
17 20 21
21 1 41
6 10 1
4 6 30
21 1 14
13 17 18
21 0 27
23 1 19
10 14 45
1 4 46
0 4 43
21 1 2
6 8 26
2 6 10
3 8 24
9 13 1
13 16 17
3 4 18
1 2 16
0 3 9
8 10 12
8 13 29
0 2 5
11 15 14
4 9 11
12 16 36
16 17 46
0 4 8
6 9 13
12 15 9
16 20 18
13 16 26
6 9 21
13 18 10
2 3 6
17 19 22
0 3 19
5 8 44
13 15 29
8 9 8
17 19 39
1 4 42
16 18 10
19 21 46
9 12 1
9 12 27
10 12 29
18 20 34
22 3 32
23 3 28
0 3 23
6 10 2
11 16 14
7 12 23
23 1 17
20 22 3
5 9 24
18 21 25
3 6 20
15 17 19
2 5 14
8 11 42
20 23 2
3 7 29
14 15 14
6 9 3
16 20 4
18 20 23
12 14 28
0 3 32
3 6 20
17 23 32
1 4 20
8 11 43
7 10 40
17 20 16
6 8 32
5 8 23
6 10 41
22 0 45
21 1 3
20 23 16
19 23 35
5 7 42
12 15 4
22 1 42
14 18 28
8 13 13
8 11 12
12 16 6
11 14 20
6 9 6
21 23 45
17 21 36
3 5 24
3 6 40
21 1 39
5 8 17
23 2 24
13 16 4
3 5 5
11 14 38
10 13 8
8 11 6
0 4 40
8 9 19
8 10 7
20 22 20
3 6 11
9 12 34
18 22 10
12 14 43
11 13 9
14 16 2
1 3 7
6 8 26
13 16 45
14 16 27
3 7 10
23 2 1
18 21 16
5 9 46
8 12 26
17 20 4
4 6 3
10 12 8
21 0 33
10 12 31
11 13 41
16 19 21
2 5 3
15 20 15
4 5 10
4 7 13
19 23 43
17 19 2
4 7 36
19 21 39
19 23 8
6 7 18
11 15 38
9 11 38
10 13 44
11 14 34
23 2 23
5 7 11
17 21 31
15 17 44
12 15 44
11 16 17
12 15 10
5 7 34
8 10 29
7 11 31
6 9 26
21 0 16
4 6 13
12 16 32
4 8 13
22 0 34
15 17 24
23 1 29
23 3 25
2 6 26
2 5 46
11 14 45
3 5 5
5 6 29
13 17 45
14 18 39
10 14 24
13 17 18
19 23 1
14 17 9
10 13 46
15 18 3
16 19 28
23 4 16
1 4 39
21 23 8
5 9 9
9 11 23
8 12 15
14 15 5
9 11 2
2 5 26
8 11 28
1 4 17
16 19 26
18 20 27
12 16 40
15 20 40
6 10 3
19 0 17
20 0 45
18 22 40
1 4 31
14 16 7
12 17 12
12 15 11
14 18 23
14 16 20
23 1 21
16 19 6
3 6 39
21 22 1
21 0 8
20 1 16
1 3 2
6 10 22
9 11 42
13 15 20
15 16 10
13 17 21
16 19 27
19 21 11
2 5 36
9 12 6
3 7 13
4 7 18
13 16 25
15 19 23
19 23 36
1 4 43
6 9 29
17 20 16
23 4 22
4 6 10
19 22 7
4 8 46
9 10 37
5 7 37
4 9 12
3 6 29
1 4 23
5 8 44
19 22 29
17 21 14
11 13 16
2 4 31
18 22 17
21 0 19
19 23 14
17 18 12
22 2 11
19 23 10
8 11 38
22 1 30
13 17 13
18 23 4
12 16 23
5 8 19
9 13 30
16 20 24
1 3 5
21 2 5
8 11 26
15 19 35
6 8 44
23 2 28
3 7 33
2 5 10
11 14 24
16 20 7
23 2 33
1 4 26
22 1 6
6 10 9
4 6 22
9 12 32
15 17 11
17 20 15
22 0 25
3 7 33
17 19 22
1 3 6
19 23 4
1 4 18
10 12 17
11 14 43
10 12 20
15 17 22
7 11 31
20 22 4
2 4 1
5 7 25
6 9 44
8 10 9
16 19 11
17 21 7
16 19 2
8 12 37
23 2 28
5 9 21
19 23 18
7 11 3
4 7 31
12 16 2
0 1 30
2 6 37
9 14 37
19 22 38
13 17 28
13 16 17
17 23 14
12 13 3
3 7 19
23 2 30
19 21 20
1 4 23
17 19 33
8 9 3
9 11 39
1 3 34
0 4 20
0 3 29
22 3 36
11 14 18
10 14 18
7 11 1
22 2 41
22 23 29
7 11 21
15 17 28
23 2 8
9 12 15
4 7 32
7 9 20
7 8 18
5 7 5
8 11 1
21 0 16
6 11 14
2 4 10
15 18 38
16 18 14
15 19 23
0 2 36
8 13 25
19 20 25
20 22 18
12 14 30
22 1 2
13 16 21
8 10 12
21 0 37
15 18 32
0 1 24
22 1 40
3 7 22
10 12 27
6 9 22
10 14 33
16 21 4
1 3 31
5 8 28
0 2 32
23 2 39
19 22 5
13 16 17
21 1 34
23 2 2
7 9 36
10 13 39
19 23 24
16 20 44
17 20 31
8 11 22
13 16 3
15 18 22
18 22 8
3 4 16
19 22 2
5 7 17
19 21 38
16 18 13
15 20 39
16 18 45
18 18 34
20 22 8
7 10 27
10 13 35
2 4 34
19 20 36
13 17 23
5 7 30
14 16 38
23 3 30
18 22 41
4 7 32
3 8 6
11 14 9
3 6 44
3 8 31
10 12 17
21 0 27
2 7 37
0 3 14
18 22 30
15 18 6
10 13 23
13 17 40
23 2 38
11 15 29
10 11 14
4 6 12
3 6 44
19 23 46
4 8 36
23 3 22
23 2 26
19 22 29
17 21 2
9 11 18
13 15 16
5 6 39
14 16 17
5 6 29
4 7 21
8 9 4
19 23 14
9 11 13
22 1 33
7 10 18
1 3 19
6 8 18
16 19 14
7 12 22
6 10 25
17 19 9
15 17 36
12 16 31
3 5 26
12 16 15
11 15 30
8 9 28
12 14 1
14 16 18
9 12 1
15 17 20
6 10 16
12 14 15
17 21 45
16 20 22
0 3 19
12 15 40
8 11 30
23 3 35
2 5 10
7 11 27
11 14 41
22 0 9
15 19 12
11 14 20
9 12 25
1 3 19
15 17 41
16 19 18
11 14 8
23 3 42
9 12 41
22 1 44
10 11 43
22 4 1
18 20 45
18 22 18
4 6 22
15 18 20
5 9 12
1 3 19
3 5 15
4 7 18
6 10 10
2 6 41
8 10 2
20 21 39
11 13 3
18 23 36
5 9 28
3 5 24
4 7 14
19 21 38
7 12 30
6 9 22
22 2 30
22 2 5
6 9 9
11 13 16
22 2 42
17 19 8
13 17 29
17 20 44
21 1 41
12 15 29
3 6 22
9 12 43
5 10 4
0 2 22
21 23 45
13 16 18
23 3 2
4 7 6
23 3 32
13 15 18
20 23 38
2 6 8
7 11 26
3 7 29
10 15 36
11 14 12
7 9 8
20 23 22
19 22 42
3 5 45
6 9 44
10 13 3
5 8 41
19 20 14
22 1 9
11 15 25
7 8 27
18 22 15
11 17 27
4 6 20
18 22 42
0 3 15
17 18 44
2 5 42
11 12 9
0 3 15
17 21 16
2 6 16
4 6 27
6 9 42
20 0 43
12 15 6
5 8 36
10 13 33
4 7 14
12 16 24
21 1 40
3 7 35
3 6 15
22 5 5
20 23 41
18 22 22
4 6 39
23 4 3
2 6 28
18 21 44
4 5 39
7 8 13
22 2 23
13 16 31
22 0 10
3 8 29
3 6 33
0 1 2
22 1 44
10 11 31
8 10 44
4 7 12
4 7 42
23 2 24
9 11 17
21 1 1
14 16 34
8 11 23
2 5 3
20 23 45
17 21 3
16 17 10
23 2 13
11 15 25
1 4 13
8 9 35
2 6 46
18 21 7
11 14 27
17 18 5
19 23 26
15 17 23
4 8 6
5 9 46
18 21 28
22 3 5
11 13 38
14 17 3
8 9 19
10 14 17
5 10 33
15 17 10
6 8 5
11 16 10
4 7 18
12 16 29
3 7 27
6 7 11
8 12 29
10 13 31
16 19 12
23 0 32
19 22 19
18 21 24
0 4 3
0 2 14
20 0 25
7 10 38
13 16 37
14 18 30
20 0 17
4 6 5
20 23 30
2 4 30
16 19 27
21 1 43
1 4 18
10 14 35
3 6 34
6 10 1
14 17 42
2 6 41
6 9 43
6 9 45
6 9 36
7 10 23
21 1 25
7 10 23
6 8 45
18 22 26
23 5 13
12 14 37
14 18 15
18 21 36
2 6 30
18 21 15
3 5 37
17 19 17
16 19 30
12 15 16
13 16 36
19 22 28
5 9 46
19 22 4
14 17 15
5 10 20
2 5 6
9 11 10
2 5 41
19 23 13
0 3 22
3 6 24
11 15 39
15 19 22
23 3 40
15 17 31
18 21 35
3 6 4
2 5 30
9 13 28
7 11 36
3 6 3
3 6 26
21 1 29
6 8 15
1 3 8
6 9 26
19 21 15
9 12 18
7 10 44
13 18 14
19 0 20
0 3 4
20 23 40
21 1 3
0 5 17
11 14 29
22 23 2
1 4 9
10 12 19
11 12 39
2 5 34
7 10 18
4 8 38
7 10 8
1 3 22
14 18 44
0 2 20
16 18 7
8 11 2
3 4 29
21 0 30
14 16 36
13 14 37
23 3 33
8 11 16
18 22 42
13 16 16
19 23 13
6 11 20
12 15 13
14 17 3
0 3 6
17 20 21
20 23 11
22 2 43
7 11 41
4 8 28
0 3 46
21 21 22
0 4 22
12 14 12
12 16 5
19 21 38
3 6 13
16 19 7
4 6 5
5 9 15
1 6 35
5 9 37
5 9 5
22 0 45
19 22 3
18 21 15
2 5 13
15 17 32
20 23 26
20 23 35
16 18 29
5 8 29
3 6 32
13 15 6
22 1 25
5 8 28
19 23 16
13 18 15
19 21 10
1 5 19
8 12 46
22 0 2
5 7 31
22 1 38
19 21 26
2 6 16
23 2 12
19 23 5
18 20 45
4 7 32
0 3 9
23 2 36
21 0 23
8 10 17
8 12 17
8 12 25
11 14 42
12 15 20
3 5 19
0 3 39
14 17 13
7 9 13
18 20 28
20 23 23
4 7 19
5 7 3
8 11 33
19 22 39
9 12 10
2 5 31
13 16 19
8 11 3
4 5 21
6 10 42
15 19 5
10 14 44
21 1 14
13 17 30
12 15 4
8 13 14
14 18 4
16 19 16
19 21 10
17 20 24
21 0 20
9 12 11
6 7 29
11 13 30
0 3 8
7 10 43
18 21 28
1 4 31
14 16 22
4 6 41
0 3 11
19 22 7
23 1 11
23 2 18
23 3 17
17 18 10
23 3 17
6 9 19
6 9 6
2 7 38
9 13 2
23 1 24
18 23 28
9 12 31
2 5 17
1 4 8
14 17 44
15 16 22
16 18 22
22 1 8
17 20 39
2 5 17
3 6 27
5 7 31
19 23 22
16 18 2
22 2 1
5 8 42
8 11 18
4 6 46
22 2 35
14 17 32
2 5 12
23 0 37
15 17 5
10 12 27
16 21 26
15 18 23
4 7 42
2 4 7
10 13 39
0 1 33
7 10 29
12 15 24
6 9 40
21 23 18
5 10 16
5 10 39
21 1 21
2 4 14
10 14 1
6 6 32
22 1 7
6 10 10
20 0 34
0 4 20
8 12 9
5 7 23
10 13 46
16 20 34
16 19 15
22 1 33
1 4 10
7 11 14
22 3 27
17 19 7
12 15 14
4 7 13
9 11 20
4 5 36
13 16 16
20 0 27
12 17 20
12 15 34
1 6 29
23 2 31
11 14 43
22 1 41
0 1 6
0 4 43
15 17 24
15 17 28
0 3 25
6 11 14
6 10 4
16 18 31
3 5 27
6 8 16
19 22 20
5 9 17
6 9 16
20 23 6
7 11 24
10 13 14
4 6 1
17 18 32
3 4 37
0 2 22
7 9 14
18 21 39
16 19 31
22 2 46
9 14 25
23 2 6
17 20 28
23 3 38
18 20 2
3 4 38
14 18 30
2 6 37
19 22 30
5 8 26
12 15 45
2 4 1
16 19 31
2 5 37
0 4 37
5 9 13
2 6 25
6 8 34
15 19 19
10 12 41
9 12 35
19 23 26
5 8 30
9 11 15
20 23 6
14 17 40
1 3 21
12 16 10
0 3 14
19 21 16
3 5 3
17 18 6
19 23 2
14 17 21
12 15 17
5 9 32
2 7 34
3 5 28
18 21 21
7 10 39
5 8 1
11 14 15
13 15 33
23 2 1
16 18 15
0 2 15
6 9 46
23 3 39
22 2 26
4 7 14
3 7 5
3 5 8
6 8 8
15 19 20
10 14 10
14 17 2
9 11 37
19 23 25
17 20 12
11 14 14
8 10 13
11 14 8
21 0 12
4 7 39
8 11 45
23 1 43
21 1 17
8 12 19
13 16 20
22 1 2
8 12 5
6 11 20
19 21 19
4 6 21
3 6 6
14 16 41
20 23 28
18 21 29
19 22 7
16 21 42
12 15 5
8 10 24
5 8 25
0 4 45
5 10 11
18 20 3
16 18 14
2 5 1
21 23 41
22 1 44
5 6 26
23 0 8
20 0 12
19 22 40
4 5 24
21 23 23
20 23 13
15 18 21
23 3 29
3 5 39
3 6 27
7 12 20
10 14 16
5 8 7
10 13 33
16 20 41
12 16 19
10 15 31
17 20 38
6 9 10
21 23 35
9 13 13
9 13 13
3 5 28
21 1 25
20 0 32
10 14 42
12 14 5
13 15 23
1 4 31
10 12 14
20 1 41
10 12 18
22 2 8
4 7 18
5 9 26
4 6 24
6 9 43
16 18 29
19 23 16
14 15 10
13 15 4
5 9 6
0 4 12
9 14 41
19 22 23
10 13 20
16 18 32
23 2 21
20 23 5
9 13 15
1 4 44
18 20 6
10 13 9
2 5 41
11 15 22
8 9 24
9 13 37
10 14 7
4 5 14
22 1 36
14 18 7
22 2 14
19 21 41
14 18 23
16 18 28
5 7 4
10 14 34
15 16 31
1 5 17
4 8 25
13 15 33
8 12 40
2 4 9
4 7 11
0 2 7
18 20 9
10 14 4
6 9 29
18 20 16
22 1 3
8 11 15
8 11 28
20 22 2
4 8 24
16 20 42
22 2 4
21 0 4
13 17 14
12 14 32
14 17 42
3 5 6
3 6 29
12 15 11
4 7 43
9 12 43
7 11 10
0 3 23
7 10 2
2 5 26
18 20 17
23 1 26
9 12 17
10 13 21
2 5 12
6 10 16
17 19 37
1 4 13
9 12 2
17 21 29
1 4 30
15 19 2
10 15 46
8 10 16
5 8 44
10 13 5
12 14 28
13 17 27
12 15 33
12 15 30
9 11 32
0 2 7
19 21 23
9 12 36
6 9 4
9 11 22
4 7 16
1 2 13
9 12 7
19 22 40
5 8 13
18 21 15
11 15 25
17 20 24
11 16 15
3 6 31
5 10 44
9 11 29
7 8 32
20 22 33
20 2 19
23 2 26
2 5 24
6 9 37
14 16 35
23 1 36
9 12 1
10 14 35
9 10 22
13 15 33
0 3 1
20 23 14
8 9 3
7 10 46
18 22 43
11 14 16
15 19 4
22 2 11
6 9 40
12 16 24
13 15 21
16 20 13
1 3 8
5 8 17
19 22 27
4 7 1
3 7 29
4 7 9
10 11 13
11 15 41
18 22 4
9 13 23
8 9 9
14 17 29
1 4 23
12 15 42
5 8 14
0 2 10
16 18 16
23 2 32
23 2 14
14 17 21
11 16 9
19 22 2
21 1 46
11 14 1
18 21 26
10 13 1
14 17 26
15 18 32
20 23 28
0 3 14
22 2 12
19 22 21
13 16 32
9 11 42
5 10 39
11 13 39
18 20 7
8 13 3
15 18 4
4 7 1
3 6 31
3 5 31
12 13 3
3 6 29
0 1 32
18 20 8
5 7 5
8 11 43
15 18 42
1 4 30
3 6 6
10 14 27
11 15 2
18 21 13
4 6 18
3 7 22
19 0 19
22 1 27
4 7 21
11 14 32
10 12 15
17 18 30
0 2 7
0 3 5
6 9 39
15 18 43
4 8 29
17 21 39
13 17 2
8 12 4
22 1 15
19 0 19
3 6 38
18 22 23
13 16 20
8 10 40
20 22 31
12 16 10
7 10 18
4 5 1
11 15 11
16 19 5
21 0 40
8 11 32
3 5 42
4 8 15
3 5 43
11 16 32
23 1 2
12 17 11
7 9 39
4 8 26
3 6 24
18 22 24
1 5 13
17 19 24
7 11 12
20 0 7
14 17 8
22 2 3
1 4 37
4 7 34
5 7 9
20 23 18
20 22 5
10 14 8
2 5 12
15 18 8
23 2 22
2 5 21
23 2 39
7 10 16
14 16 1
5 8 16
17 19 27
3 6 16
8 12 43
9 11 20
21 23 15
0 4 23
11 14 39
21 1 16
0 3 15
12 15 31
1 5 6
20 23 36
0 4 22
10 15 46
19 0 30
4 6 23
1 6 9
11 14 37
8 13 45
0 3 14
0 1 25
1 5 12
9 10 29
4 7 44
13 18 5
22 0 43
17 20 46
7 9 18
18 20 27
1 4 23
6 10 28
21 0 24
8 12 40
13 17 2
0 4 2
2 4 5
10 12 46
3 4 20
15 17 42
4 8 27
5 10 3
4 10 13
21 0 29
13 14 41
0 2 19
18 21 29
11 15 33
9 11 26
23 1 38
1 3 8
20 0 39
0 3 14
23 1 6
2 6 38
16 19 18
5 9 11
23 2 37
22 0 10
8 11 6
20 22 5
5 8 45
18 21 20
16 18 16
14 16 4
19 22 24
20 23 27
22 0 32
6 8 27
7 10 45
8 11 8
16 19 34
18 21 17
16 20 37
3 6 30
16 18 26
21 0 9
4 7 31
7 9 14
23 1 16
22 0 37
10 14 21
3 6 29
20 0 8
13 14 13
17 20 41
18 21 3
8 10 46
20 23 32
3 6 37
9 13 4
18 21 12
1 5 42
15 19 20
20 23 36
20 22 3
6 9 14
4 6 19
22 1 40
3 4 9
20 1 7
8 10 13
7 10 39
15 18 25
22 2 11
12 14 36
11 14 2
17 20 31
12 14 37
9 8 7
8 12 28
12 14 43
8 10 28
11 15 14
11 14 29
9 12 25
12 15 16
9 13 31
5 8 42
10 12 38
9 12 23
23 23 35
13 17 2
18 20 7
12 15 2
14 17 11
10 14 44
22 2 28
10 12 43
11 15 40
14 15 28
2 6 37
7 9 32
10 13 2
9 11 19
23 2 5
14 17 46
16 20 8
8 11 31
1 5 36
19 0 2
15 20 4
4 7 31
13 17 19
15 17 8
18 21 22
9 14 25
16 18 27
19 21 15
22 2 24
14 18 37
12 14 24
8 11 44
10 12 20
19 22 36
19 23 12
4 6 1
11 13 46
0 3 32
11 14 2
17 20 35
23 4 14
10 11 34
1 3 41
6 10 38
21 1 13
8 12 43
10 12 27
15 19 3
17 20 11
2 5 39
0 1 7
0 3 2
10 14 15
4 6 19
7 9 42
10 13 35
10 12 33
20 22 18
23 3 6
15 18 1
6 10 32
21 23 5
9 13 28
2 4 44
13 16 6
7 10 27
6 8 21
1 6 9
17 20 27
13 18 21
22 2 39
16 18 18
2 6 30
20 22 22
11 15 9
10 15 1
6 9 18
13 17 44
12 15 5
3 7 16
18 21 1
3 5 10
15 20 4
17 21 27
3 6 18
5 9 42
1 5 7
11 14 25
14 16 28
6 9 7
20 23 45
3 5 36
0 2 26
1 4 3
0 4 34
12 16 38
7 10 7
19 22 1
22 0 14
23 1 19
0 3 18
23 2 44
0 4 2
21 0 12
8 11 17
21 0 31
0 5 10
12 16 32
6 8 35
10 14 6
10 12 3
11 12 10
17 21 13
0 1 43
10 13 4
0 2 37
21 1 46
14 17 18
21 23 7
23 2 1
5 8 20
12 13 1
11 14 20
12 14 24
12 13 13
15 17 26
17 23 33
1 3 8
7 11 33
12 15 30
2 5 45
14 17 8
2 4 23
12 15 31
11 14 5
16 19 37
6 10 28
9 12 21
10 15 32
1 2 12
22 2 21
8 11 13
1 4 44
3 6 3
16 20 38
15 17 7
9 13 19
9 12 22
5 7 4
14 17 2
14 16 44
21 0 2
22 1 2
18 22 7
10 13 20
21 2 16
16 19 16
14 17 40
16 19 14
0 4 13
4 8 29
15 17 41
20 22 12
20 22 30
13 16 41
18 21 22
4 7 26
9 11 25
12 14 10
23 3 46
3 5 12
3 6 3
0 2 39
0 3 35
22 0 43
8 12 17
0 3 8
23 3 6
12 15 33
4 7 41
8 10 34
16 19 2
4 7 16
20 22 23
3 5 7
8 10 10
8 12 9
5 8 11
14 17 17
5 8 26
17 20 14
6 8 18
19 23 34
19 0 25
21 1 21
15 19 9
7 9 45
10 14 12
0 4 28
10 13 24
11 15 46
7 10 18
22 1 37
14 19 45
16 18 30
0 4 26
21 2 33
3 4 8
21 23 36
9 13 26
5 8 40
22 0 1
16 17 43
14 18 29
1 5 14
22 1 18
3 6 20
22 0 14
5 7 31
10 12 38
1 4 37
22 0 21
20 22 13
20 0 4
13 15 30
7 11 5
13 17 7
12 15 3
23 3 33
9 12 2
8 10 4
12 16 19
11 14 9
0 4 21
21 1 37
0 3 26
1 4 34
20 22 38
3 6 37
16 20 40
21 1 6
13 14 35
14 18 42
7 10 16
13 15 20
19 22 35
20 22 42
19 23 31
19 20 36
0 1 23
1 3 21
8 14 44
2 4 27
8 12 2
13 17 15
13 15 36
1 3 4
4 6 24
20 22 25
2 4 44
13 15 6
22 0 4
14 15 29
21 2 2
22 1 22
4 7 10
14 17 37
12 15 36
7 9 30
1 4 14
4 7 16
1 4 18
10 12 12
6 9 16
7 10 11
3 8 29
0 6 24
16 19 9
19 21 36
17 20 28
0 3 20
5 6 35
8 12 24
1 5 44
11 15 22
1 4 45
17 21 16
1 5 13
13 16 37
1 3 14
17 19 31
1 2 37
1 5 35
15 16 21
1 4 46
11 13 3
5 8 16
19 22 35
23 2 27
21 22 42
6 11 31
6 9 31
10 13 32
18 21 11
5 9 35
0 3 30
5 9 25
7 9 18
18 21 5
22 1 20
18 21 24
5 6 11
4 6 20
4 7 40
22 1 31
17 21 2
23 3 12
2 7 45
23 3 2
5 7 36
19 23 39
20 23 32
20 23 10
13 16 45
20 0 39
23 2 36
23 2 35
21 0 9
6 9 36
2 4 43
3 6 26
11 13 17
10 13 33
22 23 12
13 17 22
14 17 46
20 0 38
6 8 14
13 16 42
3 6 5
13 17 40
14 16 45
7 10 18
7 9 39
13 18 37
6 8 11
3 5 40
20 22 42
20 23 1
7 10 39
17 19 32
9 12 42
15 18 40
2 6 13
14 17 1
16 18 18
7 9 13
21 0 7
11 13 32
3 8 26
7 9 15
9 12 2
7 8 25
0 4 14
3 6 32
0 2 17
10 12 41
9 11 42
19 23 42
0 4 29
7 10 20
7 10 21
12 16 41
14 18 45
21 23 21
13 16 44
10 13 2
14 16 25
4 6 23
15 17 28
23 1 46
4 6 46
9 13 21
17 20 46
21 23 40
19 22 42
2 5 42
8 13 30
11 16 1
17 21 38
8 12 2
11 14 37
22 1 37
4 7 7
7 11 27
15 19 26
12 14 2
10 14 44
8 10 40
17 20 44
15 19 23
18 22 32
2 6 15
4 6 1
19 22 11
14 18 31
0 2 10
20 23 32
13 17 28
2 5 9
2 5 24
5 8 43
19 21 33
20 0 39
8 12 30
15 17 22
22 1 22
11 13 18
3 6 30
23 0 37
10 13 25
19 0 41
4 6 20
23 2 39
8 12 42
18 20 15
8 10 46
10 12 41
1 3 37
1 4 20
20 22 30
16 20 26
9 11 10
7 11 11
20 0 34
21 0 34
17 21 5
8 10 10
6 8 16
0 2 3
0 6 7
19 23 41
14 17 33
10 14 38
6 10 45
7 9 6
5 8 19
7 10 40
16 18 11
4 6 33
22 2 6
0 2 9
21 1 17
7 10 25
15 19 24
17 20 2
21 23 25
18 20 6
4 8 35
3 7 23
21 0 6
7 10 8
9 13 30
17 21 16
2 5 10
9 13 10
22 1 9
7 9 43
0 2 2
0 3 11
4 7 32
12 16 17
17 20 25
7 11 2
15 18 6
23 2 25
20 23 25
16 18 46
23 1 42
14 18 36
7 9 9
21 23 6
19 23 26
4 8 1
5 7 40
5 11 11
19 23 35
18 20 6
15 18 39
19 0 13
10 13 4
23 2 27
12 16 14
14 17 20
21 0 9
14 17 16
17 19 12
18 22 11
0 4 8
9 14 39
12 15 40
13 16 20
12 14 35
23 4 24
6 9 8
22 2 46
7 11 38
23 1 14
20 23 39
7 12 31
6 8 31
21 0 46
6 8 14
4 6 1
22 2 33
7 10 28
18 20 46
9 10 42
23 2 16
13 17 21
9 13 2
14 17 29
8 13 12
13 18 1
5 8 25
12 16 43
9 13 16
10 12 12
0 2 12
12 15 22
13 16 21
11 15 2
11 13 23
10 14 16
7 10 19
7 9 20
8 11 41
22 1 12
17 19 20
4 8 8
20 0 46
20 0 15
5 10 31
3 6 24
14 16 14
21 23 8
0 2 14
6 10 1
1 4 40
15 20 33
18 21 45
2 5 5
22 23 29
8 11 4
5 8 13
4 7 3
20 23 25
14 17 24
10 14 22
14 18 42
9 12 20
12 16 11
6 8 43
23 2 18
8 10 38
5 7 9
0 5 45
2 4 15
21 1 25
17 20 42
16 19 4
1 5 1
18 22 9
17 19 39
6 11 1
16 19 4
19 22 18
17 19 23
22 0 23
22 1 25
7 9 36
16 20 2
3 5 7
6 8 2
18 23 41
4 6 10
12 15 5
17 20 38
7 9 24
20 1 44
15 18 41
13 17 40
19 22 23
9 12 45
22 2 3
21 23 15
3 5 38
21 23 7
9 13 46
1 5 37
19 21 5
12 15 45
3 6 2
21 3 26
2 3 24
9 11 1
18 20 17
0 2 43
8 11 28
21 23 3
0 2 39
15 18 19
6 9 1
19 23 13
9 13 31
0 2 11
1 5 41
0 3 45
9 10 18
6 8 46
23 2 29
2 4 43
16 19 1
5 7 9
20 1 12
8 12 15
12 15 5
4 8 5
1 4 32
1 3 23
3 5 31
7 10 40
5 8 32
11 13 43
22 1 2
21 22 26
2 4 46
12 14 37
21 0 22
18 21 42
10 11 36
9 11 21
19 22 18
13 15 9
0 2 38
4 6 46
22 1 38
10 14 15
20 0 8
2 6 29
11 15 24
0 4 32
4 6 11
9 14 3
14 15 21
7 10 17
11 13 19
1 3 6
8 10 19
11 15 11
13 16 4
19 23 28
7 10 2
6 9 16
15 18 27
12 14 9
18 20 11
21 0 26
18 23 24
20 23 25
21 23 37
9 11 45
2 3 46
0 1 42
3 6 18
11 12 8
12 13 29
17 22 16
7 10 36
12 15 9
12 16 22
7 9 1
13 16 8
12 15 5
20 0 13
18 21 13
16 19 3
0 3 10
7 8 34
5 8 24
10 12 18
7 11 33
8 11 33
20 0 11
9 11 42
11 15 6
7 9 2
0 3 2
19 21 20
14 16 30
23 3 34
23 2 25
15 18 38
20 22 26
5 8 42
11 14 7
5 7 10
18 21 24
21 0 34
23 2 33
0 2 33
15 18 22
0 2 12
9 12 5
18 20 7
1 4 19
12 15 29
9 13 14
4 6 13
20 22 36
23 4 38
22 23 16
21 1 16
5 7 36
12 14 31
23 2 18
2 4 32
19 23 30
15 18 40
14 16 6
10 12 45
3 6 33
20 22 7
23 3 14
22 1 41
9 13 29
13 15 29
2 5 44
0 2 11
21 1 16
5 9 11
3 6 15
14 16 37
16 18 5
8 11 18
8 11 20
16 19 35
21 2 6
0 2 40
23 1 45
16 20 28
19 0 40
7 11 7
20 22 17
19 22 20
4 7 37
23 4 18
9 11 35
22 3 10
10 12 40
1 6 8
9 9 30
16 20 4
15 16 39
15 18 35
4 6 7
16 19 33
1 4 45
7 10 36
11 15 12
10 14 4
19 23 13
18 20 39
3 5 23
3 7 34
5 8 20
5 7 15
8 12 31
18 20 8
15 17 7
21 23 38
1 4 29
13 15 39
15 18 46
2 5 21
19 21 43
8 11 28
7 7 19
10 12 32
21 23 31
4 7 38
13 17 6
20 22 2
17 19 23
22 0 21
21 22 38
15 16 43
14 16 4
12 15 11
19 22 8
19 23 19
18 22 41
10 13 18
2 3 14
6 9 25
13 17 22
2 4 32
17 21 4
7 11 29
22 2 44
6 10 19
11 14 37
0 3 27
23 1 46
14 18 21
21 0 5
13 15 38
4 6 13
14 18 24
5 7 42
18 21 11
7 10 38
2 5 4
6 7 3
8 13 14
8 13 36
6 9 46
21 23 15
16 18 22
2 4 33
11 14 38
12 16 37
10 13 22
16 20 41
9 14 45
8 10 10
18 22 19
6 8 8
5 7 3
12 14 40
14 18 10
22 2 22
19 23 12
17 20 34
11 13 16
14 17 46
4 6 24
8 12 35
4 8 14
14 17 25
18 20 41
13 16 37
18 20 6
14 18 22
17 20 39
0 2 11
22 1 44
17 17 35
5 9 15
6 7 18
5 9 2
12 14 36
22 2 42
1 4 33
14 17 3
16 17 33
0 4 9
2 4 37
7 11 12
6 9 12
22 0 39
6 9 25
2 6 1
11 13 25
7 9 25
15 17 34
8 11 41
6 10 26
18 21 16
18 20 16
16 19 14
10 12 40
8 11 31
7 9 22
9 13 10
18 20 21
11 15 23
13 16 14
16 20 6
23 2 40
12 13 7
7 10 8
11 15 45
4 6 28
21 23 34
3 7 30
9 11 4
13 16 2
10 13 15
12 14 3
7 10 8
8 10 19
0 6 20
5 7 8
8 11 21
13 14 11
15 17 8
22 1 22
3 5 5
18 22 23
19 0 43
20 0 33
16 20 13
16 21 25
1 3 28
23 1 8
8 12 9
19 22 12
18 21 22
16 21 41
20 22 34
1 5 32
0 2 9
5 8 46
10 14 27
15 17 23
8 11 29
10 12 4
2 3 4
18 20 15
7 9 24
14 17 3
16 20 8
9 10 42
11 14 45
9 14 27
18 23 2
16 19 34
3 5 10
9 13 33
7 10 22
0 2 13
5 7 14
4 6 22
15 17 26
21 23 34
12 14 1
2 5 36
22 1 26
6 11 22
16 21 36
18 22 31
12 14 11
15 19 35
10 14 27
12 15 13
23 2 36
1 4 25
5 8 43
22 1 37
23 3 39
17 20 23
22 1 6
2 8 34
3 7 45
14 16 26
7 10 46
9 14 22
13 16 26
9 11 26
22 0 46
15 18 39
20 21 14
2 5 21
4 7 9
20 22 37
11 14 44
2 4 35
3 5 15
13 16 19
7 11 28
6 12 5
1 1 15
16 19 2
15 19 23
15 18 33
15 16 46
21 1 11
4 6 4
2 3 5
17 20 17
6 10 24
21 22 21
1 5 25
22 1 36
12 16 46
12 17 3
23 2 19
0 1 25
18 22 16
14 16 36
6 10 14
0 3 16
22 0 2
5 9 17
3 5 13
18 21 20
21 2 38
18 21 19
12 16 9
9 12 42
13 16 4
10 12 25
7 9 39
0 3 14
8 13 3
11 14 1
21 22 23
11 15 35
7 10 19
17 22 14
6 9 20
10 15 41
14 17 31
20 21 10
5 7 13
0 1 41
14 16 11
8 11 23
11 15 27
15 18 45
3 6 32
9 13 8
0 4 13
15 17 33
3 7 6
11 14 35
1 5 27
17 20 22
17 19 15
8 11 25
4 9 5
15 18 12
19 21 9
21 0 33
13 17 37
7 11 42
7 9 27
1 4 12
8 12 23
11 14 28
23 1 8
7 9 37
20 0 23
18 19 40
0 4 14
21 0 1
14 16 9
14 14 34
1 4 7
5 7 33
10 14 14
15 18 37
0 4 9
16 19 42
3 6 35
6 10 12
6 6 10
13 18 6
9 11 26
18 21 25
6 8 10
7 11 39
5 8 8
22 2 33
11 14 5
6 9 34
22 0 19
21 1 15
1 2 8
9 12 28
15 21 18
1 3 39
14 15 6
20 0 23
3 6 27
9 11 24
18 21 18
23 2 25
21 22 45
4 7 4
4 8 29
10 13 9
13 17 35
17 20 24
20 23 15
20 22 18
10 12 25
8 11 36
16 18 40
18 21 31
4 8 25
8 12 31
18 22 23
7 10 33
5 10 9
3 5 41
18 21 29
10 10 40
2 5 28
9 11 8
13 15 43
0 3 38
12 16 36
23 1 20
19 22 23
0 2 27
21 22 42
20 21 35
5 7 36
8 10 5
19 23 12
8 11 31
20 22 41
3 6 27
20 0 29
19 23 2
2 6 45
14 18 17
14 15 11
23 1 24
0 2 32
0 2 42
8 11 31
4 9 1
9 13 3
17 19 12
12 15 23
8 11 30
18 21 7
21 0 22
10 14 35
15 17 40
17 20 2
17 19 34
0 3 38
7 10 41
14 16 46
21 23 8
5 6 23
14 16 1
12 15 10
9 12 31
0 4 28
22 2 46
15 17 21
12 15 23
2 4 3
17 20 12
1 3 41
18 21 26
6 8 38
17 20 12
12 15 17
20 22 15
23 2 29
11 15 6
17 20 11
14 14 32
6 10 33
0 5 18
7 11 3
8 11 46
3 6 6
14 17 3
18 20 7
23 2 16
2 3 30
18 20 26
7 10 23
20 22 39
15 18 26
20 23 13
13 15 39
8 13 19
12 15 8
17 20 23
7 10 8
0 2 37
10 13 44
23 2 35
22 1 25
1 4 7
5 8 39
20 0 12
18 20 33
18 20 15
9 13 46
18 22 43
20 23 46
19 0 37
13 16 39
11 14 29
0 5 6
12 15 28
9 12 22
2 7 44
17 21 44
0 1 41
18 22 1
9 13 44
9 12 45
0 2 22
20 23 32
11 13 9
17 20 17
3 6 7
7 10 33
22 2 1
4 9 6
11 14 42
3 5 7
23 2 5
7 8 3
0 3 40
4 7 21
4 7 20
17 22 13
14 18 1
18 20 43
13 17 23
22 1 23
9 10 10
4 7 38
19 22 46
5 8 38
23 1 8
22 1 22
19 22 21
12 12 35
20 22 2
15 17 11
4 6 18
19 21 8
3 7 45
10 12 36
20 23 35
21 1 29
13 14 40
4 8 5
11 12 31
2 6 22
1 3 16
7 11 9
12 16 41
5 9 29
3 6 36
1 6 39
4 6 11
14 17 10
18 22 21
12 15 22
2 6 29
17 19 46
5 9 32
10 11 33
2 6 42
11 14 30
16 19 44
1 4 5
22 1 5
12 16 16
16 19 2
5 8 14
9 13 14
12 15 14
19 21 5
12 14 5
4 6 4
20 23 13
21 0 18
5 9 36
17 20 14
20 22 36
2 5 3
16 19 37
9 12 25
6 10 4
15 17 37
17 19 13
6 9 16
21 22 36
9 11 25
1 5 38
16 19 9
12 14 46
13 15 38
17 20 23
21 23 5
22 0 3
20 22 45
13 17 39
4 6 38
1 2 10
21 0 30
7 9 29
23 3 4
13 16 11
1 3 44
0 3 42
1 4 16
7 10 4
12 14 38
5 9 24
22 1 26
23 2 27
6 8 3
20 23 42
8 11 3
7 11 31
18 21 45
8 13 17
2 6 11
7 11 38
13 16 40
2 5 44
19 23 6
17 20 20
21 1 39
21 0 27
20 23 28
11 14 40
23 1 32
5 9 23
6 10 39
18 21 26
1 2 23
9 12 14
18 22 44
16 18 11
7 11 14
2 5 32
0 2 20
3 8 24
10 12 18
11 14 12
22 2 32
10 13 33
17 19 33
1 5 32
11 14 21
4 8 13
7 9 6
19 23 46
17 20 39
21 1 28
5 7 5
4 7 23
5 8 11
6 11 42
14 20 41
21 0 1
15 19 22
13 15 24
5 7 40
23 2 38
14 17 15
20 23 45
5 7 10
5 8 1
9 12 44
1 4 35
23 2 6
12 17 27
1 6 40
21 0 40
6 10 1
5 7 16
11 14 28
3 7 45
3 6 16
21 22 36
12 14 2
6 10 43
17 21 45
13 16 27
5 9 31
22 0 21
18 21 5
9 10 16
14 16 28
17 20 8
15 17 3
16 19 33
3 7 33
15 20 45
5 7 13
3 7 37
20 23 35
15 18 21
15 19 2
11 13 44
20 22 8
11 14 26
21 23 19
13 17 23
9 12 34
11 13 7
8 11 41
5 9 29
9 11 46
6 9 37
14 18 15
17 20 22
6 8 28
6 8 26
17 18 7
11 15 5
2 4 22
18 22 6
0 3 40
10 12 42
14 15 45
17 19 37
8 10 20
4 8 41
19 0 5
20 0 44
15 19 12
20 23 37
15 19 35
17 19 15
0 3 38
23 2 39
14 18 18
4 6 22
11 14 46
0 4 43
7 10 33
6 8 11
14 18 2
3 6 4
3 7 33
12 16 33
14 17 14
21 0 29
17 20 1
9 11 3
20 0 22
10 13 39
19 0 11
11 14 46
0 3 24
16 17 29
14 16 43
6 9 43
7 10 37
15 19 38
23 2 28
9 12 39
12 16 16
23 3 15
8 11 26
6 9 32
0 1 1
17 20 22
11 14 20
17 21 26
8 12 27
23 3 28
12 15 14
14 17 39
9 10 21
3 7 13
0 2 19
8 12 17
18 21 45
9 13 4
7 10 14
14 17 34
15 16 37
6 10 14
0 4 29
12 14 10
14 17 9
18 22 30
21 1 38
1 3 38
15 17 17
5 8 29
4 7 29
5 9 33
22 23 30
11 14 28
18 21 10
5 6 46
12 15 4
6 8 5
6 9 23
9 12 21
21 1 15
17 19 36
23 1 7
12 15 7
6 8 15
21 1 22
19 23 15
14 17 30
10 13 37
1 3 5
16 19 40
12 15 11
3 7 44
19 22 4
17 20 41
18 20 20
18 0 19
21 0 5
23 3 20
7 10 20
5 10 16
0 2 19
1 4 46
14 18 25
3 6 11
1 4 31
5 6 25
13 14 18
13 15 30
10 12 31
3 6 7
0 3 42
7 10 15
23 2 24
3 7 1
2 5 35
3 5 21
6 7 27
9 12 9
9 11 45
10 12 40
13 15 24
4 6 26
23 1 1
22 3 6
16 20 40
12 13 30
17 20 23
18 21 10
13 18 46
1 4 13
3 7 29
9 12 31
23 5 15
18 21 42
23 2 37
6 8 32
17 19 41
14 17 26
15 19 15
9 12 21
14 18 21
8 10 14
1 4 31
15 19 4
15 17 31
5 8 11
8 12 8
7 8 16
0 3 41
5 10 41
12 14 34
23 1 17
11 12 42
14 16 22
23 1 39
21 23 3
22 2 44
9 11 20
1 4 34
23 2 19
4 6 40
13 16 42
20 23 16
0 4 2
21 2 12
13 16 15
19 21 23
0 3 1
7 12 31
23 3 33
11 16 23
21 2 40
5 8 8
19 23 38
16 19 28
18 20 30
11 14 45
13 16 39
0 2 42
13 17 29
10 14 15
6 11 4
19 21 4
15 20 5
1 3 25
23 0 45
20 22 43
11 15 26
13 13 40
12 17 15
16 18 20
23 1 13
21 23 40
20 0 4
16 20 44
6 7 26
3 7 18
7 10 46
0 2 35
1 3 37
10 12 32
10 13 16
22 1 37
11 15 30
23 2 16
16 19 27
0 2 31
18 21 34
18 22 20
6 9 27
17 20 42
12 14 32
0 5 30
15 19 15
5 9 13
0 4 21
2 3 40
11 14 8
7 11 40
9 11 36
22 1 25
4 8 27
15 17 45
20 23 9
6 10 15
15 17 42
14 18 38
19 22 3
12 15 29
21 1 39
20 23 14
13 15 14
9 10 39
16 17 26
19 22 24
1 2 9
0 3 41
10 13 27
19 22 39
14 16 20
19 20 8
4 7 40
6 9 2
17 19 16
4 8 26
19 22 22
11 14 22
0 3 34
18 22 42
20 22 14
8 11 21
23 2 36
20 0 27
11 14 45
1 4 12
23 1 45
9 11 24
16 20 40
19 21 7
5 9 35
4 9 15
3 6 16
0 4 26
6 10 21
10 14 11
8 11 41
12 15 11
0 3 10
17 19 27
3 6 18
22 1 36
17 21 5
5 9 46
14 16 6
16 19 42
14 17 43
21 23 8
23 3 36
1 3 44
13 16 4
16 20 26
19 23 46
15 18 44
0 3 23
3 6 29
16 19 35
9 13 26
4 7 6
0 3 14
19 21 13
1 3 30
4 5 4
4 7 15
14 17 24
20 23 15
14 16 42
16 20 18
1 4 9
16 19 7
3 7 19
17 21 11
20 0 37
8 11 16
0 3 35
10 14 8
4 6 41
6 8 46
16 20 43
8 11 45
4 8 32
7 10 46
1 4 41
16 18 31
14 16 11
18 22 14
8 11 37
18 20 20
22 1 18
15 19 35
3 5 30
19 21 34
9 11 29
11 13 1
6 10 20
5 7 31
8 12 23
19 23 41
8 11 11
19 22 44
8 12 28
21 1 6
7 10 16
10 12 38
13 16 35
10 14 12
11 15 24
2 5 5
4 6 15
19 22 38
5 8 15
4 7 1
9 13 21
11 14 29
17 21 4
7 10 7
14 18 38
18 22 25
15 18 41
4 7 38
6 9 37
12 15 16
7 10 9
11 14 26
22 0 3
17 20 46
16 19 4
5 7 20
16 19 40
11 14 19
6 9 10
8 10 8
4 7 42
12 14 24
5 6 19
6 10 21
11 13 35
9 15 29
15 17 32
1 5 28
12 15 18
20 0 35
23 3 36
16 20 1
6 10 13
9 10 30
9 10 27
17 18 42
9 14 16
17 21 10
17 19 31
10 14 20
16 19 36
5 8 38
4 6 1
8 12 12
18 21 41
3 6 6
7 10 40
9 12 33
13 15 15
21 0 44
10 12 17
17 19 3
22 2 2
21 23 10
15 19 36
3 6 34
14 17 38
9 12 12
12 15 23
18 20 37
7 10 10
20 22 21
8 10 11
5 9 12
20 0 2
8 12 30
9 12 22
21 0 36
7 12 37
16 19 36
7 9 30
22 0 35
11 11 43
14 17 42
16 19 35
19 22 14
20 0 15
20 23 7
2 6 7
21 1 20
16 18 35
8 12 32
6 8 27
9 11 33
20 23 31
3 4 21
22 0 30
0 4 44
0 3 10
8 10 36
5 8 29
4 8 28
2 3 30
2 6 35
6 8 25
4 9 24
1 2 12
13 15 2
5 10 45
0 5 43
12 15 41
9 11 39
0 0 46
11 14 11
7 9 20
9 13 40
19 22 19
10 11 40
8 12 25
12 14 42
11 14 45
12 14 13
19 23 18
5 8 16
5 8 11
20 1 27
2 5 10
20 23 12
10 12 33
23 1 14
22 1 8
6 11 11
5 8 15
21 23 7
20 0 19
13 19 39
3 7 45
9 12 10
23 0 2
5 7 45
0 3 40
3 6 34
3 8 19
1 5 8
20 23 41
16 19 28
15 18 27
4 8 15
23 2 38
3 8 5
1 3 6
14 19 7
1 5 27
16 18 33
23 3 45
18 22 20
4 7 43
0 4 39
1 5 13
14 18 23
16 17 35
13 15 42
0 2 36
0 3 5
8 11 35
23 1 40
2 5 46
7 11 9
14 19 33
3 7 28
20 23 14
19 22 41
7 10 5
3 8 20
13 16 23
12 15 43
5 8 19
10 14 35
22 1 19
4 7 30
13 18 37
19 0 33
23 2 22
17 22 40
20 23 26
17 20 11
15 17 44
10 15 19
23 4 5
12 15 7
14 17 18
5 7 22
14 17 11
2 7 33
12 14 13
22 0 16
8 10 30
19 22 17
17 21 19
17 19 17
13 16 30
13 15 33
9 12 46
22 1 35
11 14 22
18 22 19
6 10 7
11 15 2
12 13 19
19 22 7
4 5 12
2 7 33
14 18 28
22 0 20
15 19 10
5 6 26
19 22 14
1 2 19
10 14 33
5 9 2
23 2 21
20 22 31
2 5 24
8 11 16
22 0 17
16 18 40
13 18 39
1 2 23
10 13 19
12 17 21
22 0 14
20 22 35
1 4 39
5 7 13
10 12 44
6 10 36
6 8 25
6 10 21
11 13 43
7 11 17
15 18 34
17 20 41
9 12 24
9 13 34
20 0 20
4 7 25
19 23 17
12 14 21
21 23 4
8 10 17
9 12 20
13 17 17
6 8 29
12 15 20
10 12 5
10 13 31
1 4 12
9 13 24
16 20 5
4 6 22
4 7 23
0 4 13
14 19 41
14 16 24
17 21 9
13 16 33
10 14 11
14 17 35
9 11 44
20 22 20
22 1 31
22 2 30
8 10 13
22 0 42
17 20 39
6 10 20
21 23 23
1 4 19
3 6 35
17 19 4
17 19 46
20 23 23
1 5 16
13 17 45
20 23 1
20 23 1
21 23 24
20 0 25
17 20 3
3 4 21
11 13 37
13 16 12
21 23 30
12 15 15
20 0 23
4 6 32
16 19 14
22 2 27
7 9 7
4 6 25
6 9 5
7 11 20
12 15 21
5 7 26
1 5 22
22 1 41
1 5 12
4 8 40
19 21 42
13 15 28
13 17 7
15 19 15
6 8 23
15 19 23
16 21 43
3 6 44
3 6 19
0 2 29
7 10 21
6 10 24
18 21 23
20 1 29
21 2 34
11 15 27
16 20 18
9 12 31
4 6 43
8 9 17
2 6 38
0 3 2
3 6 32
10 14 12
11 12 40
11 14 21
23 1 30
23 3 29
3 7 20
7 10 19
7 10 23
17 19 10
5 8 6
17 20 13
15 18 43
15 18 13
18 20 9
7 8 25
0 2 16
12 15 46
4 10 34
7 10 26
3 6 1
17 18 3
21 0 25
13 16 25
16 20 26
8 11 5
7 10 19
15 17 43
15 18 23
6 9 23
14 17 23
14 17 9
4 5 9
14 17 24
16 19 8
15 17 3
15 18 8
16 18 41
10 14 35
0 4 23
16 18 12
21 1 18
11 14 44
13 16 32
15 17 15
3 7 3
18 22 39
11 15 30
19 0 2
10 14 32
7 10 14
17 20 33
11 14 39
18 21 35
7 11 24
8 12 8
20 23 19
7 10 13
8 10 37
8 11 31
9 13 20
18 20 14
11 15 30
10 14 9
6 7 14
0 3 38
0 3 2
22 2 41
9 14 35
6 9 26
16 19 46
3 7 42
10 13 17
18 21 4
17 21 2
1 4 44
4 5 1
23 1 4
16 19 16
15 16 2
4 5 36
14 17 12
15 19 28
7 10 45
23 2 30
18 21 30
13 15 33
17 20 33
14 17 8
18 22 19
19 22 2
12 15 42
19 22 3
16 20 46
22 2 29
8 10 1
20 0 6
4 9 18
7 10 5
13 16 36
9 13 7
11 15 1
23 2 33
2 5 43
12 13 23
17 21 7
6 9 24
5 8 39
2 6 4
17 19 33
19 23 40
21 1 17
8 13 14
2 5 25
13 17 16
1 3 6
1 4 5
22 2 36
15 18 13
23 2 11
12 14 36
19 23 8
2 4 14
8 11 16
6 9 19
1 4 4
12 16 22
20 23 32
20 23 45
10 13 21
18 20 2
16 21 26
0 3 15
19 22 45
3 8 7
3 8 20
20 1 20
0 3 22
8 9 34
11 14 18
23 2 20
10 12 29
22 2 14
0 2 43
14 17 37
11 16 8
12 16 25
21 22 10
0 3 23
17 20 30
15 17 16
12 14 29
3 6 39
18 22 29
15 18 34
18 21 30
12 16 7
3 3 44
5 8 46
9 14 17
6 7 40
11 13 8
12 13 33
20 23 19
6 9 8
6 7 5
5 8 1
18 20 1
14 15 9
23 0 16
15 17 11
21 2 28
12 15 41
19 22 46
17 22 7
10 14 19
8 12 13
22 1 14
5 8 28
6 11 2
13 18 36
13 17 31
19 20 28
22 1 20
21 23 45
23 2 41
19 22 41
4 7 7
2 5 22
4 6 20
14 18 14
8 11 34
14 18 38
5 10 18
23 1 2
23 2 13
16 20 35
14 15 20
10 13 20
4 7 37
13 16 44
23 2 42
17 19 18
6 9 34
16 20 17
13 14 42
13 16 27
22 1 16
2 5 12
15 18 30
7 12 2
18 21 46
2 8 8
0 2 36
21 22 8
21 2 12
13 16 10
11 16 12
2 4 31
10 12 5
14 18 15
23 0 1
18 19 36
9 13 41
15 19 6
10 14 3
8 13 18
9 11 20
12 15 32
23 4 36
2 6 45
4 7 29
23 1 13
20 0 12
17 20 26
5 8 16
17 21 38
22 2 23
14 18 13
15 18 29
23 4 16
10 13 22
6 8 14
3 6 18
11 15 5
18 20 5
10 12 41
22 1 14
7 11 6
11 14 12
8 10 6
22 0 12
5 9 24
12 15 14
18 19 7
12 15 39
0 4 30
15 17 12
15 18 38
14 17 34
16 20 6
1 3 39
1 6 26
20 23 5
9 13 36
7 8 27
9 12 38
20 23 46
20 0 9
2 5 34
0 1 18
14 17 4
7 10 46
20 22 27
2 7 45
1 4 8
10 12 41
2 5 24
4 7 21
12 15 2
23 2 36
3 7 1
6 10 40
18 20 44
8 9 10
5 8 14
17 20 8
17 19 16
18 20 17
6 9 15
18 22 8
2 7 46
0 4 5
18 21 25
6 11 16
11 14 10
22 4 35
7 12 12
7 10 28
1 4 21
9 11 18
23 1 30
15 17 22
0 3 24
13 19 44
14 17 13
13 14 2
1 7 17
15 19 2
3 6 1
2 5 42
19 22 43
16 20 26
14 15 7
0 3 26
16 19 33
18 20 8
21 0 35
21 1 4
14 18 10
4 9 37
0 5 13
6 8 26
1 5 4
23 1 39
13 16 16
7 10 40
10 14 10
5 7 34
15 19 39
10 13 41
16 20 35
15 17 25
9 12 41
13 16 1
9 12 21
6 8 20
23 2 29
22 2 12
7 11 14
23 1 11
23 2 42
10 14 18
17 20 36
22 2 34
4 7 9
10 13 3
15 18 4
22 3 14
13 15 17
22 1 19
9 12 22
6 9 7
8 13 29
23 1 22
15 18 20
17 20 16
12 15 3
1 4 34
20 0 14
8 10 23
10 13 41
20 23 3
9 12 16
15 18 25
15 18 46
15 18 37
19 21 37
20 0 34
5 10 23
14 18 35
23 2 20
5 9 44
17 19 13
14 16 10
10 13 2
0 3 18
21 1 39
22 1 6
22 3 24
16 18 3
7 11 18
2 5 21
15 19 23
7 12 46
3 5 6
11 14 36
7 10 19
23 1 14
21 0 2
9 10 35
18 22 43
5 7 41
4 6 16
9 12 30
17 22 4
8 11 44
14 19 8
22 1 38
18 21 26
14 16 23
5 9 21
21 1 8
18 21 1
12 16 7
0 2 17
2 5 9
13 16 37
11 14 11
16 19 35
19 22 34
5 7 42
17 22 23
18 22 45
9 12 32
3 5 27
7 8 44
17 20 20
7 9 37
22 2 3
23 3 45
18 23 33
18 22 4
16 19 13
20 0 38
8 12 46
1 5 31
14 15 21
2 6 26
15 20 12
20 0 20
13 14 29
7 12 30
21 23 44
5 9 11
16 19 22
8 11 41
10 14 2
4 7 13
15 19 20
18 21 40
23 2 41
13 15 25
5 8 42
0 1 17
13 15 22
1 4 12
1 4 4
1 2 26
5 9 29
1 3 38
1 3 33
1 5 11
18 20 10
7 10 16
17 20 30
21 0 40
6 11 29
14 18 12
6 10 36
12 15 40
4 8 19
17 19 11
20 23 7
21 0 5
7 11 8
15 19 39
10 12 42
8 10 27
0 3 23
13 16 15
21 23 44
5 9 26
0 5 32
0 3 30
3 6 17
21 1 10
17 19 43
15 19 14
7 12 2
8 11 5
9 13 25
10 15 12
15 18 4
13 16 36
7 8 6
21 22 36
22 3 40
11 15 5
7 9 20
22 3 40
11 13 16
16 19 7
6 8 8
18 20 7
10 13 13
22 0 25
5 9 39
15 18 11
14 18 28
18 21 18
1 5 33
14 16 7
9 13 41
19 21 19
5 7 28
15 18 46
4 7 40
0 2 29
6 10 4
22 23 46
9 12 41
22 2 40
11 15 44
1 5 8
7 10 44
10 14 15
12 14 12
22 23 18
3 5 17
11 14 29
1 4 1
8 10 8
6 11 5
2 4 11
3 8 41
3 6 38
5 8 25
20 0 18
20 21 41
23 2 16
4 9 19
20 0 42
7 11 41
9 10 17
0 5 42
2 5 45
5 8 3
15 17 5
11 12 7
4 7 31
22 1 4
16 19 21
6 9 30
4 6 35
3 5 18
0 2 12
22 4 46
4 9 39
16 19 5
20 0 39
23 4 27
22 23 36
18 22 19
11 14 42
19 22 14
18 21 21
3 7 26
12 16 45
23 3 17
23 2 30
9 12 33
13 17 33
22 2 14
5 5 28
19 23 7
16 19 21
17 20 26
14 16 34
14 17 5
20 21 6
21 1 34
19 22 3
14 15 43
0 4 18
21 0 29
6 11 41
8 10 5
19 22 4
11 13 19
23 1 44
4 9 27
19 22 9
16 19 37
9 12 31
4 8 35
15 19 23
6 10 35
19 22 22
4 8 41
2 6 1
6 8 42
17 19 19
16 19 34
15 19 27
8 11 36
16 18 26
15 18 45
1 3 30
4 5 42
18 20 39
13 15 9
0 4 41
22 3 26
22 1 39
23 0 12
23 3 31
8 10 15
10 13 42
12 15 24
2 6 31
19 22 39
0 4 29
0 4 11
23 2 1
2 7 2
0 3 39
1 4 27
18 21 22
14 18 26
15 19 9
5 7 18
19 22 11
5 9 18
16 20 38
14 16 46
6 10 30
0 3 27
4 8 20
16 19 33
12 15 9
0 3 39
22 0 17
18 19 16
23 2 11
20 0 37
10 13 20
4 7 33
12 17 45
5 8 8
23 2 11
14 17 21
3 9 35
1 4 39
14 16 30
20 21 32
0 3 18
8 10 25
11 14 19
10 13 45
1 5 29
14 18 14
3 4 21
3 4 43
20 23 32
1 4 44
11 15 37
10 13 24
2 6 41
20 23 11
0 3 34
18 23 10
1 3 21
15 20 26
23 2 29
20 0 36
19 0 38
12 16 38
0 5 5
13 16 17
12 16 10
5 6 7
7 9 13
4 9 28
12 13 24
11 15 29
21 0 9
18 22 18
18 22 12
0 5 2
3 6 5
8 11 34
6 8 9
8 11 2
1 5 2
20 22 25
14 18 12
22 1 35
22 1 18
0 4 36
5 8 1
6 10 31
2 5 2
21 1 3
10 13 38
5 9 40
11 14 9
16 19 42
18 19 23
17 22 34
7 11 23
11 12 15
18 23 12
11 16 15
14 16 31
2 2 3
16 19 21
10 11 34
20 23 1
22 0 35
22 2 2
10 11 46
12 16 40
10 13 36
22 1 30
10 14 45
4 7 19
2 5 25
23 3 26
7 10 19
17 20 29
12 16 16
6 9 40
2 6 15
7 9 29
7 8 27
21 0 8
13 17 2
3 5 15
22 0 35
4 6 3
12 15 38
14 17 38
18 22 29
21 2 32
11 12 32
17 21 25
14 19 16
23 4 42
11 15 41
18 22 7
9 11 38
10 15 36
19 21 2
13 15 17
16 19 38
19 22 25
13 17 33
16 19 30
5 7 20
9 12 45
10 13 6
19 22 1
0 2 14
14 19 16
11 14 3
9 12 30
7 9 41
12 16 37
17 20 3
4 6 1
1 4 15
19 21 14
11 15 25
17 19 24
11 14 7
4 6 30
14 15 13
8 10 45
16 17 27
20 0 24
20 23 2
20 22 28
9 11 15
0 5 45
19 20 6
6 9 1
15 17 26
16 21 8
14 18 16
5 8 6
12 13 7
15 19 14
3 6 4
22 1 43
4 5 30
8 11 42
4 8 37
11 14 38
11 12 28
9 12 8
7 9 37
20 1 4
5 8 6
4 10 24
0 3 11
23 1 30
18 0 1
10 13 45
16 20 24
15 19 37
21 2 7
14 16 36
18 21 6
17 20 13
19 20 22
13 16 6
22 1 43
16 17 31
8 12 43
20 22 13
2 5 11
7 11 35
17 20 30
23 1 30
15 19 6
13 16 36
16 19 24
23 3 40
18 20 15
0 4 11
11 14 13
10 13 10
21 1 41
8 12 36
11 15 44
14 17 2
15 17 39
22 2 17
2 5 33
23 2 42
23 1 16
4 8 44
22 23 40
15 16 12
3 5 42
17 21 15
12 16 18
3 6 18
9 12 46
16 18 35
0 3 27
19 22 43
16 20 23
4 6 25
8 12 35
17 20 43
19 22 9
2 5 25
11 13 39
19 21 45
14 18 8
1 3 35
7 10 38
3 7 23
5 9 11
12 15 40
18 19 38
20 22 1
4 6 14
16 20 18
5 6 27
5 7 30
12 16 25
7 8 25
0 3 42
16 17 19
10 13 22
21 23 15
16 19 45
22 0 3
21 0 37
15 17 15
23 1 45
16 18 27
5 8 22
4 8 16
2 6 4
13 16 35
10 12 2
10 14 12
14 18 4
17 21 29
10 11 46
20 23 16
8 12 28
11 14 15
15 18 2
8 10 13
1 4 37
21 22 16
5 8 2
8 12 42
15 17 40
14 17 15
15 17 5
6 8 32
4 7 16
9 10 25
9 13 35
16 20 40
12 17 10
16 19 11
3 6 6
11 14 40
11 14 46
22 2 46
22 1 18
7 10 22
6 9 9
9 11 1
6 8 14
7 11 5
12 15 30
5 11 37
15 18 31
0 4 4
20 0 15
9 12 26
5 8 22
11 14 7
12 13 22
22 3 45
12 16 18
7 10 45
7 11 34
12 16 38
11 15 17
21 22 1
6 10 1
19 22 6
2 4 29
23 3 42
11 16 34
22 1 33
10 13 25
20 0 4
7 11 32
2 5 45
0 4 24
8 10 33
19 22 37
22 1 29
9 10 9
16 20 46
22 0 45
1 5 20
23 3 8
2 5 19
21 0 22
20 23 37
4 9 4
5 8 41
2 6 42
12 16 13
4 6 22
12 14 26
20 22 41
5 9 35
19 22 34
21 1 29
12 14 42
11 13 43
9 13 39
3 5 5
9 12 33
12 15 11
16 18 36
8 13 33
14 17 45
23 2 12
2 5 39
0 3 29
3 7 43
13 15 46
7 11 27
5 8 1
7 9 13
4 7 4
21 23 14
18 21 29
5 6 37
14 17 18
20 21 43
19 21 15
15 18 39
10 13 36
22 1 40
0 2 7
22 1 46
4 6 23
11 15 4
15 19 1
18 20 1
17 22 3
11 13 26
15 19 4
14 18 36
20 23 35
21 0 12
4 8 19
1 4 23
18 22 23
19 21 39
20 0 32
6 9 1
16 20 11
6 9 27
12 15 10
3 6 43
8 11 43
5 8 16
0 4 27
20 23 12
9 12 2
22 23 3
18 21 34
4 8 28
22 0 38
10 15 28
6 9 22
13 15 43
1 4 46
17 21 7
23 3 25
6 10 7
21 2 44
21 23 18
8 11 15
7 8 8
7 11 37
12 14 41
17 21 14
20 22 46
18 20 11
2 6 30
0 3 20
1 5 32
20 21 38
6 8 23
19 21 14
18 21 9
6 9 4
0 3 42
6 9 32
3 5 5
21 1 3
16 18 7
14 18 15
16 19 31
13 16 1
1 4 24
11 15 42
