2000 40
11 21 21 32 9 37 30 36 37 10 35 23 25 15 22 21 36 17 19 10 40 38 14 38 7 16 31 8 39 35 10 16 39 3 12 33 31 1 8 18 
9 12 2
7 10 21
1 2 19
9 12 29
20 22 27
2 3 22
14 18 4
10 14 28
20 22 12
22 1 37
14 17 5
19 21 12
14 17 39
14 18 3
14 18 22
16 18 8
7 10 8
4 7 38
20 0 21
15 20 5
23 2 6
6 9 4
7 10 18
18 21 22
1 4 4
2 4 25
19 23 39
13 15 27
6 9 39
21 1 34
13 16 32
17 21 35
15 19 14
17 19 31
5 8 22
2 5 31
1 4 37
12 14 39
22 2 14
10 12 22
0 2 11
15 19 3
2 5 21
3 6 13
23 1 26
23 1 20
17 20 27
22 0 30
15 19 13
9 12 8
21 23 38
12 15 24
10 13 39
6 10 4
22 1 11
13 16 27
2 5 11
19 22 34
5 10 20
4 5 14
2 4 2
5 7 33
1 4 32
6 8 36
7 11 16
23 2 38
13 16 8
18 19 39
16 19 27
23 2 12
9 13 2
15 19 5
17 21 19
1 4 29
4 7 29
9 12 2
17 21 22
10 13 5
7 9 1
12 14 27
8 11 37
18 22 15
5 9 28
3 5 20
3 7 19
8 12 34
8 11 14
19 23 6
21 23 24
6 9 17
3 5 7
5 7 35
23 1 12
7 11 39
15 18 22
2 7 39
13 15 7
21 0 20
5 9 9
7 10 22
1 4 32
16 20 29
14 18 23
9 13 31
19 21 32
18 21 19
21 0 9
9 14 39
15 18 35
22 2 23
17 22 28
19 21 18
16 19 14
8 11 11
20 22 33
18 19 6
16 19 24
14 16 35
6 9 15
4 6 3
2 5 12
3 6 1
12 14 18
15 18 30
21 1 5
21 2 23
20 23 8
8 9 19
15 18 5
17 19 4
12 13 7
10 14 19
15 15 35
22 0 22
13 16 11
18 23 4
5 8 39
18 23 38
20 22 24
23 3 2
0 2 28
12 15 31
13 16 37
3 6 19
23 3 35
20 22 22
11 14 16
21 0 23
2 4 16
18 22 32
2 5 11
0 2 23
22 2 9
4 6 35
18 20 17
1 5 7
1 3 4
19 22 12
23 1 16
11 14 11
1 5 6
13 17 34
17 20 29
0 4 9
10 11 30
0 4 2
15 17 14
5 10 11
22 1 40
10 13 6
6 9 32
8 12 34
18 20 33
22 3 24
21 0 5
19 22 5
9 13 30
13 15 39
16 20 13
9 12 3
18 21 22
13 16 40
22 2 22
17 21 32
17 21 2
22 23 6
15 18 29
15 20 31
9 11 25
1 3 20
22 0 12
23 2 29
3 7 16
4 7 10
9 11 11
0 1 37
1 2 7
4 6 3
17 21 16
9 12 32
14 19 24
7 10 31
20 0 38
14 17 34
6 9 27
19 23 32
21 23 31
15 17 3
6 8 18
7 9 36
18 21 22
14 17 16
22 0 31
12 16 18
1 4 35
15 17 22
9 14 30
1 3 21
6 7 18
7 11 23
22 0 3
5 7 11
2 5 15
11 14 24
9 11 31
8 12 6
17 21 15
22 1 37
19 22 12
4 7 19
20 22 29
0 2 22
16 20 34
15 17 37
10 13 40
22 2 18
23 1 36
13 15 34
22 0 25
11 14 1
7 9 25
17 19 3
14 18 36
12 14 17
13 17 18
2 3 8
0 1 13
2 4 10
5 9 19
19 22 5
2 5 14
13 15 15
9 13 9
23 4 7
10 12 3
5 6 35
0 3 14
19 22 30
2 4 11
11 15 13
4 7 31
15 20 25
1 4 10
10 11 40
22 1 17
22 0 39
15 17 1
10 13 5
2 4 35
0 4 15
22 0 18
3 5 5
2 6 18
11 14 23
0 4 21
13 16 13
18 20 34
3 7 4
1 5 4
2 5 23
9 13 5
17 20 6
4 7 3
16 20 16
18 20 34
20 0 21
17 19 9
4 7 29
4 6 34
17 20 33
13 17 28
19 22 19
9 11 10
20 21 18
19 22 4
2 5 9
8 10 1
10 14 8
13 17 25
20 23 30
10 13 39
21 0 21
16 20 14
2 6 13
22 2 24
22 1 38
19 22 40
11 13 18
8 12 14
10 13 36
8 11 24
7 10 39
13 16 15
21 1 5
23 1 31
19 21 1
7 10 33
18 22 21
22 2 39
14 18 22
3 4 10
7 10 39
20 22 1
12 15 25
19 21 33
3 4 40
8 12 4
23 2 37
13 16 6
0 2 13
19 23 34
0 1 26
23 2 31
17 20 10
15 17 31
15 19 35
12 13 7
17 20 7
12 17 39
17 18 21
16 20 24
21 1 5
20 0 35
18 21 32
21 0 30
11 13 12
8 11 9
19 0 23
23 0 7
6 8 39
7 10 31
11 15 34
3 5 32
18 20 15
20 22 30
10 13 3
16 19 32
12 16 36
22 3 25
3 6 40
10 12 10
17 21 40
15 17 17
7 10 30
7 11 36
23 4 12
22 2 40
21 1 3
0 7 1
13 18 8
7 12 5
1 4 28
0 1 39
20 23 25
14 17 35
5 8 29
6 7 16
15 17 38
2 7 19
4 6 8
6 9 33
19 21 18
11 14 2
0 3 17
21 0 30
2 5 5
3 4 2
7 9 36
2 5 22
8 11 8
13 16 25
17 19 7
3 7 28
19 23 9
6 9 27
15 19 20
9 12 26
8 12 32
4 7 4
1 5 1
13 17 4
4 9 1
0 2 33
14 17 34
19 21 37
14 17 30
15 19 8
23 1 39
3 7 11
20 1 7
17 20 13
6 9 13
17 22 4
18 19 37
12 15 26
1 3 20
20 0 33
23 3 40
2 4 18
21 0 32
16 18 7
22 1 26
11 13 40
13 15 24
0 4 40
13 18 29
9 12 38
21 0 21
22 2 26
11 16 6
5 9 3
16 20 27
21 0 20
20 0 13
3 5 11
21 23 14
15 20 32
9 12 39
22 1 4
11 14 25
22 3 20
23 3 14
9 12 26
8 11 4
11 13 38
13 17 9
5 9 4
22 0 40
22 2 35
0 4 27
3 5 4
2 6 9
12 15 13
5 9 15
0 4 24
21 0 10
12 16 6
11 15 9
20 0 28
1 4 15
11 12 12
1 3 40
21 1 28
20 0 6
0 3 31
9 12 21
5 7 4
16 18 26
21 1 30
22 1 27
10 13 33
2 6 20
9 11 5
17 20 12
11 14 33
4 7 33
13 18 22
7 10 14
10 12 30
18 21 25
20 23 21
10 13 7
21 23 15
20 22 24
22 2 9
15 18 18
22 3 26
5 9 21
11 14 16
14 18 33
7 12 34
10 14 25
12 14 31
6 8 30
22 1 17
12 15 19
14 15 6
23 0 20
20 22 7
14 17 13
4 7 9
10 14 13
17 21 17
11 15 7
1 4 34
14 16 3
12 15 17
15 17 18
19 23 9
0 0 28
2 3 36
0 3 35
20 0 3
8 9 7
21 1 40
10 13 10
2 5 33
10 12 21
11 15 39
14 16 32
8 10 5
21 1 17
12 14 35
3 8 9
5 9 19
1 3 25
6 10 8
20 0 15
22 2 14
0 1 3
6 11 13
7 10 33
6 8 40
20 23 5
6 9 15
16 21 9
19 22 32
14 16 22
4 7 31
8 11 33
11 14 16
22 2 27
8 10 16
0 2 40
3 6 2
23 2 22
1 5 16
6 10 28
20 22 19
9 12 26
8 11 6
11 14 5
16 18 35
15 17 18
6 10 1
19 0 6
4 8 10
8 10 30
7 11 33
21 23 2
11 14 5
5 9 39
2 6 30
11 13 22
21 23 15
12 13 35
1 3 28
3 8 23
15 18 15
15 18 5
12 16 22
6 9 37
13 15 22
23 3 36
12 16 8
6 8 3
23 2 29
13 18 21
12 15 33
3 7 16
15 18 4
3 6 37
13 15 14
7 9 15
22 0 12
12 15 11
14 18 10
0 4 35
5 9 34
13 17 37
3 7 25
1 5 26
3 4 13
18 18 32
22 2 38
5 8 36
1 4 10
5 7 29
5 9 37
8 11 5
11 16 39
13 14 39
8 10 6
22 2 17
4 7 27
18 21 39
19 20 25
22 2 10
21 23 14
22 1 1
21 23 34
10 13 38
0 2 25
0 3 37
3 7 29
2 4 21
16 19 22
2 5 3
16 19 16
4 8 1
12 16 17
15 19 26
8 11 36
2 4 16
14 18 24
6 8 5
23 2 33
20 23 19
11 13 40
9 12 19
21 1 5
12 15 33
2 5 19
22 2 32
9 13 7
13 16 18
20 0 24
1 5 34
7 9 4
0 2 40
11 15 7
3 6 15
16 18 1
6 9 17
0 4 19
7 9 16
6 10 17
18 22 30
13 17 20
16 18 28
5 7 15
21 23 12
20 23 35
9 12 33
14 18 12
20 0 15
0 3 19
17 20 36
17 21 14
2 4 10
6 12 25
8 11 7
6 10 26
20 1 35
3 6 13
16 19 3
14 17 10
0 4 33
6 8 25
21 23 14
2 5 31
7 10 40
23 2 27
8 11 9
23 0 12
9 12 20
12 16 9
4 6 22
11 13 36
21 2 6
19 22 16
14 17 6
10 14 10
21 23 18
15 18 24
17 20 12
22 0 16
13 16 1
22 0 36
20 23 10
18 20 33
0 3 20
16 19 38
14 17 27
22 1 28
11 14 2
8 11 12
12 15 21
10 12 36
0 3 19
23 2 38
10 13 25
21 1 35
21 0 33
22 23 25
16 18 25
13 17 25
21 0 6
20 22 18
11 15 15
21 0 38
22 1 29
3 6 22
16 22 36
21 0 7
22 1 32
10 12 37
14 17 15
2 5 9
22 1 23
17 22 15
10 14 4
9 15 33
14 18 19
18 22 3
2 5 13
3 6 4
5 9 31
8 11 5
11 15 20
11 14 33
21 23 6
12 14 4
7 10 3
3 4 2
14 17 3
10 13 37
0 3 24
23 2 12
0 1 3
20 22 19
10 13 11
17 20 34
17 21 21
2 4 7
20 23 34
13 15 23
3 6 2
12 15 13
21 1 21
20 22 35
9 12 30
4 7 20
10 13 8
6 9 24
22 0 7
0 3 33
1 3 9
6 8 35
18 21 19
5 9 22
23 2 35
18 20 37
20 23 3
22 2 36
11 15 17
11 15 2
4 8 34
11 13 31
2 6 25
8 11 14
3 7 3
7 10 11
8 11 28
16 18 4
23 1 2
13 15 35
5 5 35
22 2 29
12 16 17
23 0 37
14 15 18
5 7 21
7 9 13
17 20 10
2 5 26
2 5 40
21 0 22
2 5 25
23 1 2
2 4 13
5 8 21
13 16 5
3 7 18
0 2 2
8 11 20
19 1 14
5 10 32
3 8 32
20 23 13
20 0 20
11 14 36
13 17 27
11 14 37
5 8 37
2 5 31
2 5 23
1 4 38
17 19 10
0 7 17
7 9 32
2 6 6
6 9 11
19 22 30
4 7 35
0 3 12
13 17 18
15 18 18
8 12 3
15 17 10
18 23 16
22 1 24
16 17 24
1 5 19
14 18 35
22 2 6
16 18 9
3 5 20
14 18 17
1 3 16
2 5 36
12 14 38
10 13 38
21 2 17
23 2 28
9 12 37
22 1 38
14 17 31
11 15 37
19 21 1
2 5 26
8 12 10
14 15 15
23 3 19
2 5 4
8 12 25
14 17 10
0 3 15
14 17 22
4 6 39
3 5 19
20 0 2
22 1 18
5 8 24
16 20 23
23 0 12
2 5 14
4 5 6
18 20 2
5 7 38
16 20 38
14 19 18
3 5 39
4 7 22
18 20 32
21 1 2
16 19 35
10 13 12
17 21 24
4 8 12
5 10 7
3 7 29
0 5 25
20 23 5
22 0 33
6 11 4
0 4 38
7 10 37
18 21 25
22 1 17
17 20 18
21 1 40
21 0 5
13 16 34
2 4 40
7 10 28
15 18 10
8 10 36
20 0 32
23 1 7
12 15 21
22 0 24
7 8 21
17 20 34
19 20 34
2 7 7
12 15 34
10 14 30
11 13 1
1 3 24
0 3 28
8 11 2
9 10 15
15 18 2
8 12 8
5 9 20
6 10 28
6 11 36
6 9 5
9 13 29
15 18 25
22 1 25
7 10 8
8 11 11
18 21 14
19 21 26
12 16 7
1 5 5
12 16 9
15 18 30
11 14 25
2 5 23
9 14 8
22 0 8
4 7 12
14 17 9
12 17 37
7 10 2
19 22 24
5 8 38
11 11 8
2 6 36
13 16 30
8 12 27
17 21 4
11 14 6
3 6 19
19 22 32
1 5 5
8 12 20
8 10 4
12 13 25
20 1 17
6 11 13
12 13 20
2 5 21
3 6 8
7 10 36
1 3 10
7 12 11
3 6 16
21 23 33
23 2 2
3 5 13
6 9 40
14 16 31
8 9 20
14 17 29
9 12 40
4 8 39
9 12 16
16 20 4
12 15 15
23 1 32
0 3 27
20 23 12
10 14 39
10 14 25
5 9 23
5 7 15
4 7 38
19 22 16
22 0 22
0 2 11
22 2 33
13 17 18
16 19 3
0 1 32
22 0 3
14 16 27
16 20 3
8 12 11
6 9 10
0 4 3
15 18 33
5 7 24
22 1 39
23 3 24
8 12 2
0 3 17
18 21 32
8 11 37
2 3 29
2 6 36
0 4 27
17 20 33
23 2 18
12 14 26
16 18 24
3 7 21
6 10 40
13 15 28
17 21 3
7 9 9
9 12 6
1 4 38
10 13 4
18 21 3
1 3 7
3 5 38
15 20 25
4 7 24
9 13 35
15 19 27
23 2 1
19 23 8
6 8 21
17 20 31
15 20 11
3 6 40
5 8 18
21 23 13
16 19 1
16 19 32
23 2 8
12 14 27
18 20 4
9 12 25
9 12 12
4 7 3
0 3 29
13 17 32
17 21 25
3 6 29
5 8 40
9 13 19
15 19 30
23 1 23
4 7 13
16 19 18
0 3 14
17 19 29
5 8 37
12 16 30
18 22 12
21 23 12
14 18 11
22 1 16
16 19 24
13 17 27
21 0 14
15 18 22
20 22 7
22 0 5
22 0 31
14 18 18
5 11 2
17 0 22
17 20 33
5 8 23
23 2 38
1 5 14
16 18 7
15 18 11
1 3 9
6 9 22
11 13 17
11 13 31
18 22 36
22 1 4
20 23 38
14 18 26
10 13 35
21 2 25
15 18 34
7 10 24
22 0 17
2 6 28
21 1 28
11 15 40
11 14 31
10 13 38
1 5 23
7 10 7
5 9 33
12 15 19
1 4 4
17 21 21
20 23 12
10 13 28
19 20 16
16 20 20
15 18 25
15 18 40
2 6 8
5 7 19
22 0 17
16 19 19
18 20 37
1 3 5
8 11 22
5 8 1
10 12 12
6 8 22
0 4 12
0 3 35
20 1 23
20 0 7
10 13 26
2 6 26
23 3 23
17 20 31
5 9 34
12 16 15
11 15 27
12 15 29
3 5 21
20 23 32
16 19 24
18 21 14
18 20 2
22 1 15
17 19 32
15 19 3
22 1 32
4 7 13
18 21 37
15 17 5
0 2 24
18 22 40
8 10 24
18 20 38
5 9 10
12 14 23
14 17 27
8 11 23
16 20 5
1 4 6
15 18 26
1 6 36
5 6 12
21 2 4
3 5 30
15 17 10
16 19 26
15 18 36
16 20 3
1 4 15
6 8 25
12 16 4
1 4 10
10 12 31
7 7 9
8 11 32
21 23 40
4 8 39
12 17 38
13 17 36
4 7 29
8 11 37
22 0 17
14 18 9
2 3 4
20 0 12
17 20 5
1 6 18
3 7 28
18 22 19
12 14 13
2 4 27
15 18 1
15 17 6
5 8 22
15 17 20
14 15 1
18 20 27
22 2 2
16 19 26
22 23 6
18 23 7
1 4 21
17 20 21
1 6 2
0 3 7
19 22 23
10 13 14
9 13 21
3 6 33
1 4 2
23 1 2
7 10 5
23 3 24
8 12 34
5 8 31
3 5 25
3 6 16
9 12 15
19 23 26
11 13 28
5 8 2
11 14 22
19 0 40
18 20 19
4 8 31
19 23 11
8 12 31
1 5 25
8 12 26
20 23 30
7 9 20
20 23 25
4 8 29
4 7 7
11 13 1
12 14 5
2 5 38
11 13 37
5 7 34
22 1 18
8 13 30
19 22 34
0 3 3
1 5 37
20 21 11
15 18 35
3 4 29
4 8 29
20 23 11
21 22 30
0 4 8
8 10 32
13 15 4
8 10 8
11 14 21
13 18 35
7 9 15
18 20 36
13 16 24
18 21 24
5 8 29
8 10 22
12 14 18
20 0 4
14 17 1
20 23 13
22 1 16
4 7 13
7 10 17
12 15 13
9 13 4
19 23 27
8 11 13
19 23 11
21 0 15
4 6 23
22 2 14
21 23 26
10 12 28
7 12 21
5 9 31
19 22 39
2 5 12
1 1 33
3 9 36
13 14 3
9 10 40
15 19 33
11 13 40
0 3 6
12 14 9
0 2 24
5 7 20
4 7 38
4 5 38
11 14 10
10 13 13
7 10 26
20 22 22
7 9 7
23 2 7
19 21 24
14 18 25
1 5 22
3 5 8
6 10 23
10 12 22
22 23 31
23 4 32
5 7 14
1 6 28
3 6 1
5 8 9
8 10 36
1 5 27
22 1 2
0 4 38
12 15 31
6 9 23
15 17 2
3 5 11
0 3 15
10 15 14
16 20 34
16 17 6
12 17 13
0 3 40
11 13 29
3 6 19
17 20 21
20 2 1
4 6 40
21 1 25
2 5 31
11 15 12
7 11 11
9 11 3
5 7 8
14 16 13
18 20 39
6 9 37
18 21 5
16 20 20
9 13 12
23 1 10
17 20 21
5 8 18
4 6 22
8 11 8
10 13 26
7 10 8
19 23 8
14 17 30
18 22 20
16 20 37
21 0 19
10 12 7
22 0 29
9 11 2
20 22 36
19 21 7
1 4 30
2 5 32
15 19 9
17 21 28
11 15 21
11 14 14
5 8 3
11 14 22
15 19 14
8 12 25
5 8 7
14 17 37
2 6 33
20 23 36
13 20 37
4 6 1
17 20 37
2 5 4
1 5 36
11 14 35
11 14 33
14 16 5
6 9 31
8 11 2
9 12 23
3 5 2
19 22 1
10 12 16
2 5 24
23 2 5
16 18 5
14 17 20
21 0 9
13 16 11
16 21 25
10 14 28
11 12 32
14 16 39
14 18 21
1 3 35
13 16 21
22 2 14
2 6 31
3 5 18
1 5 40
23 3 15
5 8 20
6 8 14
13 16 14
16 17 28
18 22 1
14 18 38
5 7 39
8 10 2
13 15 18
5 7 25
21 1 29
16 18 30
23 4 15
7 11 8
22 0 4
7 10 3
17 20 7
6 8 22
12 16 2
8 11 10
15 17 32
1 5 2
23 0 9
1 3 23
5 6 35
1 5 19
21 0 9
5 7 35
15 19 11
11 14 6
22 1 17
10 12 11
18 21 5
14 17 15
18 21 18
23 2 30
0 1 38
0 2 1
17 20 26
22 2 25
16 20 29
14 16 13
20 22 1
7 10 1
21 22 5
7 9 19
0 3 2
12 14 25
9 12 32
16 20 40
9 11 14
10 12 4
6 8 4
8 11 31
18 20 3
19 23 24
3 5 8
19 22 5
23 23 31
16 19 9
9 12 33
7 10 21
12 14 1
12 17 16
17 18 27
23 4 27
3 8 2
14 18 14
3 6 21
15 19 9
3 6 14
18 20 12
18 21 18
4 6 38
2 7 26
6 9 2
21 1 22
9 13 3
20 0 13
0 3 13
11 14 37
15 19 31
21 2 11
3 6 2
8 11 31
17 21 16
9 11 24
7 9 14
19 21 33
4 9 37
16 17 14
0 2 24
8 9 6
21 2 5
3 7 10
16 18 10
13 16 20
9 12 15
11 13 1
13 14 30
23 2 12
0 3 27
19 0 31
18 22 25
14 17 24
11 15 38
11 15 24
6 11 27
4 7 23
10 15 3
4 7 39
13 17 28
6 7 31
11 13 25
6 8 2
13 14 13
13 17 13
18 22 19
8 10 6
7 10 18
22 1 38
11 14 13
3 5 5
13 16 7
13 17 24
11 14 36
13 16 14
15 19 10
11 13 15
5 10 39
2 4 28
13 16 4
1 6 26
17 21 13
10 13 22
19 23 21
22 0 13
13 17 2
4 5 24
0 4 38
7 10 34
7 13 28
6 9 31
14 16 39
18 21 9
19 23 34
11 15 33
16 19 3
17 20 1
1 4 2
21 23 6
8 10 31
20 23 2
23 2 35
14 18 4
23 2 28
14 16 22
18 22 22
3 7 15
17 18 16
7 10 28
7 12 1
8 11 2
11 14 10
10 13 24
13 15 3
10 14 14
4 7 7
11 13 29
3 6 22
23 4 10
9 12 33
14 17 8
10 12 40
10 12 20
10 12 14
9 10 15
11 13 27
11 14 29
5 9 18
15 19 16
1 5 15
23 2 6
23 2 3
15 19 11
12 16 14
10 14 7
9 14 4
5 9 1
20 0 4
12 15 12
3 7 12
17 21 39
8 11 17
15 18 33
11 15 36
5 8 39
21 2 29
13 14 7
5 10 16
12 15 31
6 8 8
19 23 11
2 5 29
5 7 33
8 12 35
0 2 7
17 18 22
19 22 6
21 1 11
11 14 5
14 19 27
1 4 2
2 6 10
17 19 25
6 8 27
22 1 13
21 23 17
1 3 38
23 2 37
8 12 4
1 4 3
21 23 5
18 19 3
20 1 34
23 3 19
1 2 14
10 15 36
8 11 5
2 5 17
10 15 14
9 13 7
20 21 14
19 21 4
18 22 33
18 21 39
7 11 19
21 23 12
12 16 40
16 20 31
2 4 13
4 7 29
22 2 33
21 0 7
3 7 38
4 7 25
23 2 14
17 20 27
6 7 11
8 11 7
0 3 10
10 13 16
0 2 27
0 3 5
21 0 34
1 3 23
14 15 23
7 11 28
2 5 23
16 21 13
20 22 35
15 18 17
1 5 17
20 22 37
20 23 7
2 7 7
5 7 7
17 21 19
19 22 36
1 3 38
1 5 34
23 3 18
8 10 27
6 9 24
8 11 10
14 16 19
10 13 7
5 9 4
21 0 28
15 20 10
0 2 21
22 2 21
20 23 6
14 17 24
9 11 20
3 9 3
22 2 11
0 2 1
22 1 24
12 16 27
9 13 36
10 13 16
17 20 37
23 3 36
21 23 7
16 18 33
18 21 5
10 11 24
3 6 7
13 17 23
23 2 14
21 1 2
16 20 3
9 13 39
3 6 20
11 13 33
1 3 9
1 4 18
2 5 8
20 0 31
17 20 37
16 18 7
20 0 20
7 11 26
15 19 21
21 23 18
13 17 4
8 11 36
7 10 18
13 16 14
19 22 12
1 5 13
8 11 9
20 23 32
18 22 32
12 14 39
21 0 34
14 19 13
21 1 30
7 10 4
1 5 31
2 4 32
9 13 6
22 23 33
22 0 2
2 6 24
0 4 23
12 13 20
7 10 38
19 23 9
0 5 24
19 23 21
12 16 19
14 16 17
20 0 2
23 4 33
11 13 11
18 21 11
23 1 20
12 15 28
4 9 13
11 13 18
3 6 8
15 19 9
20 21 31
9 11 23
21 23 38
23 3 19
19 22 35
7 10 17
16 18 20
1 2 22
23 3 8
5 7 29
15 18 27
19 20 2
19 21 21
16 18 4
8 10 34
2 6 9
22 3 25
1 4 17
22 1 21
7 11 4
10 13 2
4 5 15
10 11 17
16 19 24
18 22 6
6 10 37
7 11 25
14 16 19
6 9 28
4 7 26
15 18 37
3 6 33
4 6 25
5 8 16
9 13 39
19 21 9
11 12 4
12 16 24
7 11 11
11 14 5
2 4 34
0 3 35
8 11 21
15 17 36
22 3 19
22 1 27
12 16 10
16 19 16
9 13 1
22 1 17
20 0 32
5 9 16
18 22 1
23 2 3
5 6 33
17 19 9
2 6 33
16 19 6
9 12 21
15 17 39
18 22 33
6 9 10
3 6 37
15 19 12
13 16 7
16 19 15
17 20 11
19 21 11
15 18 22
12 13 16
0 6 8
1 3 17
7 9 21
6 9 2
22 1 33
8 11 29
17 21 17
5 10 1
10 14 14
13 16 33
21 0 17
0 2 18
14 19 38
15 18 21
16 20 34
23 1 20
14 14 5
19 23 17
5 7 9
3 6 32
4 8 19
19 21 1
11 13 21
10 13 40
15 19 25
18 21 12
20 23 31
13 16 5
6 11 29
0 2 21
8 12 22
0 1 12
18 21 31
12 15 16
7 11 25
2 7 24
2 5 7
7 10 16
20 23 24
19 23 6
3 7 27
21 0 17
14 17 33
17 22 19
18 18 28
15 17 12
20 22 15
16 18 25
5 8 37
21 0 21
22 2 12
1 5 18
13 17 30
2 4 22
9 12 17
8 11 27
1 3 40
4 9 37
21 23 1
14 17 37
2 5 32
20 23 30
9 10 30
1 7 6
10 15 17
15 17 8
7 12 16
2 4 16
22 3 7
9 11 5
14 18 31
10 14 40
15 19 15
7 10 17
13 17 29
3 7 1
8 11 19
16 19 32
10 14 14
9 11 13
3 5 3
14 16 20
12 14 18
16 17 8
9 11 14
10 14 28
3 6 22
16 19 15
14 15 30
5 8 36
0 4 38
16 21 35
12 16 35
18 20 1
13 16 1
23 0 39
2 4 16
7 11 29
4 7 21
23 1 27
6 9 3
3 7 5
18 21 17
17 19 35
7 9 37
9 13 21
17 21 2
21 0 36
22 1 4
9 13 8
13 17 24
22 0 22
7 11 10
8 11 2
9 12 27
20 0 31
6 8 2
4 7 31
0 2 30
3 5 24
0 5 8
11 14 34
18 23 32
13 15 2
11 14 37
13 17 36
23 2 14
11 14 11
7 11 33
3 6 37
3 5 4
3 7 18
3 7 12
17 21 30
10 14 16
17 19 35
21 23 24
20 1 40
22 0 21
18 22 26
17 20 20
19 22 25
0 5 26
13 15 23
11 13 34
18 20 12
5 7 25
22 0 37
14 17 17
12 14 2
16 19 15
11 13 13
13 18 1
15 20 22
0 4 37
13 17 30
20 0 22
9 11 6
0 4 3
3 6 34
22 0 11
22 2 28
18 21 25
7 11 2
21 0 17
15 19 32
12 15 30
4 7 38
17 19 19
21 23 7
12 16 37
1 3 14
8 9 39
14 17 33
0 1 3
23 1 29
15 17 39
3 8 11
13 15 17
14 17 7
16 19 31
10 13 26
4 7 17
13 16 34
15 16 32
17 21 20
0 4 3
13 14 21
4 8 32
0 3 9
