1000 24
5 11 4 23 20 7 22 6 24 8 13 10 2 15 10 4 22 9 9 12 17 15 18 5 
15 19 14
14 17 16
18 19 14
10 13 17
15 18 12
16 19 15
19 21 17
0 3 22
20 22 16
7 9 13
23 4 12
10 12 8
22 1 19
16 18 6
2 5 2
11 14 11
9 13 23
17 23 18
15 18 17
0 2 9
15 18 10
11 14 14
18 21 22
12 14 14
23 2 4
6 9 18
16 19 2
16 20 21
15 19 1
1 4 22
23 2 20
18 21 23
0 3 5
20 22 3
0 2 18
11 13 12
2 5 18
18 22 22
2 7 8
18 20 18
6 8 1
9 12 1
10 14 24
17 18 20
2 5 1
11 14 9
21 0 19
17 19 5
12 14 18
20 23 3
9 11 1
20 0 4
7 9 18
15 19 16
3 5 20
6 10 7
4 7 8
15 17 24
12 15 24
23 1 12
21 23 10
19 22 9
20 0 8
10 13 19
18 21 5
9 13 6
4 5 7
3 6 6
20 1 2
19 22 18
10 14 23
6 10 4
18 20 12
21 0 8
13 16 17
22 2 19
5 9 14
5 6 8
12 15 1
10 14 17
3 6 8
6 9 3
1 4 18
10 14 12
22 1 22
23 2 6
5 7 16
7 11 8
12 14 3
20 23 21
7 10 11
16 20 18
5 9 21
19 22 21
0 3 7
6 10 21
22 0 19
11 14 13
13 16 3
20 22 19
15 19 7
8 10 14
17 20 5
11 14 21
1 5 17
13 16 8
7 11 24
17 19 23
20 0 16
11 14 5
10 13 17
5 8 20
18 21 3
19 22 6
7 10 22
7 8 7
14 18 19
6 9 3
10 14 17
22 1 10
3 5 1
21 22 16
17 20 6
19 0 8
5 8 5
4 8 15
10 13 24
21 0 5
1 4 13
1 4 17
5 8 23
19 22 17
14 15 12
21 0 21
17 20 14
17 21 17
14 16 3
16 20 15
7 11 11
18 20 23
11 13 7
21 2 10
14 17 13
17 18 21
1 2 16
6 10 2
3 7 20
9 13 14
2 5 17
11 14 1
2 5 6
21 23 12
14 18 4
12 14 18
19 23 18
11 14 3
11 15 2
23 1 18
5 7 20
20 23 11
19 22 14
0 5 1
19 21 14
15 20 9
8 10 9
17 19 5
14 16 20
7 10 7
11 15 14
14 18 21
3 5 11
13 16 5
23 1 23
15 19 3
6 9 22
9 12 11
8 10 14
13 16 4
2 4 1
23 1 1
0 4 5
15 19 23
17 19 5
2 5 20
9 13 22
13 16 2
11 13 13
20 23 1
18 19 12
6 8 14
20 23 4
12 16 18
17 19 17
23 1 24
0 2 15
11 13 18
17 19 8
7 9 23
6 8 13
16 19 5
15 17 16
17 21 18
18 19 7
0 4 21
11 13 2
1 5 11
7 10 11
7 10 18
9 12 14
14 17 7
14 17 21
5 10 3
10 15 15
21 1 2
16 17 5
7 11 12
8 12 14
16 18 7
11 14 12
20 22 8
2 5 6
19 21 6
10 10 18
23 2 9
22 2 17
22 1 11
2 5 14
4 9 19
8 10 7
11 13 14
1 4 10
16 20 16
0 2 18
21 0 23
10 15 13
9 13 6
5 8 11
21 1 12
14 17 13
3 6 2
3 4 3
5 6 4
0 3 22
17 19 6
5 6 16
20 23 19
15 20 17
0 4 1
0 3 13
22 1 19
4 7 5
7 10 18
6 10 22
4 8 9
17 19 2
17 20 23
4 6 22
17 20 1
2 7 2
13 16 1
22 0 14
2 4 13
5 8 21
21 0 1
15 17 10
22 2 1
4 6 14
1 3 23
11 14 23
12 16 18
8 11 11
0 1 7
0 3 21
11 15 5
22 2 16
17 19 4
7 9 8
1 6 24
5 7 2
20 22 14
21 0 22
5 8 1
9 11 9
23 2 12
0 4 4
7 10 11
4 7 23
18 19 15
0 2 9
6 9 20
22 1 11
3 5 11
12 16 19
6 11 9
15 17 3
23 2 18
20 23 3
4 7 21
18 21 1
11 16 20
20 23 17
9 12 7
3 7 17
23 0 19
16 18 21
14 16 10
3 6 17
10 14 23
19 21 15
0 4 23
18 23 7
8 13 17
4 7 14
22 1 3
6 8 12
0 3 13
11 15 24
8 12 13
21 0 5
15 18 22
4 7 10
20 21 2
22 1 19
9 14 23
10 14 24
17 19 20
8 11 15
19 22 11
13 18 13
7 11 2
3 6 21
17 20 23
2 6 24
4 8 21
20 23 3
20 22 23
4 7 15
9 13 6
7 9 1
15 19 6
6 8 20
12 14 22
12 16 7
6 9 21
16 19 15
0 1 6
10 12 15
4 4 24
0 2 2
14 19 18
17 20 7
4 8 12
22 1 7
4 6 15
16 19 3
21 23 3
21 0 1
6 8 9
18 23 3
15 18 17
23 1 14
22 2 20
11 13 23
6 8 4
13 16 20
20 22 10
14 17 12
15 17 16
15 17 21
19 23 22
22 2 10
11 15 11
12 14 3
9 12 7
10 12 7
14 17 8
14 16 5
7 10 4
7 12 20
6 10 6
19 23 17
5 7 1
0 2 20
20 23 23
7 9 20
1 4 14
8 11 11
17 20 4
10 13 15
17 20 8
18 21 11
2 5 13
0 4 23
22 3 15
4 8 22
12 14 5
2 4 23
21 2 9
23 2 17
23 2 11
23 2 3
9 12 14
6 9 11
10 13 12
16 21 16
21 21 21
2 4 10
2 5 16
13 18 8
7 10 24
23 1 20
9 12 7
4 7 4
16 21 14
4 7 16
13 16 17
0 1 19
1 4 4
3 6 19
17 19 23
9 12 9
4 8 14
16 18 2
15 18 5
15 18 21
14 16 15
0 2 18
22 0 5
11 15 4
3 4 13
21 23 2
6 10 24
19 21 20
12 15 14
11 16 21
18 20 13
23 1 2
3 6 14
22 2 12
8 9 13
15 19 18
21 1 2
19 20 23
0 3 2
4 10 22
17 20 7
8 10 17
16 17 24
12 16 1
6 8 20
16 20 23
15 16 12
0 3 5
15 18 14
13 14 12
2 5 15
21 22 23
3 7 2
2 6 16
16 19 18
17 20 16
22 23 6
15 17 18
12 17 6
20 0 13
5 7 16
13 16 19
15 18 2
9 13 10
18 20 19
6 8 5
0 2 2
10 12 11
3 6 14
13 16 14
3 5 11
1 4 22
15 19 21
17 20 13
13 15 12
22 1 11
7 10 21
19 22 24
16 18 24
1 5 7
22 1 13
6 8 1
0 2 3
13 15 7
4 7 19
15 18 1
6 8 13
17 20 22
19 22 16
14 17 19
5 8 18
15 18 3
14 17 15
18 20 24
12 17 14
2 5 4
0 3 16
22 2 2
22 1 23
2 5 6
9 10 21
3 7 23
18 22 12
6 10 12
16 20 10
8 10 6
6 7 9
22 0 5
16 19 12
4 8 19
11 16 1
9 13 7
8 10 20
0 2 12
22 2 12
12 15 22
23 1 13
16 17 16
8 10 21
14 17 5
17 19 20
6 9 18
11 15 14
22 1 17
0 3 23
16 18 9
21 22 9
16 19 10
1 4 14
11 12 12
21 0 4
11 14 12
2 5 10
17 21 19
23 2 8
13 14 22
22 1 22
3 6 19
14 17 15
9 13 18
0 4 21
6 10 4
16 20 5
4 7 17
18 23 1
13 16 14
14 17 23
2 5 8
14 17 5
7 9 21
22 2 16
16 19 16
5 8 21
18 21 21
16 17 15
6 9 2
19 22 24
21 0 22
19 20 5
9 12 8
15 17 9
0 2 10
1 6 4
16 19 20
7 11 19
4 7 16
1 6 13
3 6 23
20 23 23
4 8 23
11 15 15
20 0 4
9 14 12
18 20 3
11 13 21
23 4 8
1 3 12
21 1 17
4 9 24
22 2 12
21 0 13
6 8 14
17 20 19
3 6 13
10 14 17
11 14 17
19 21 14
5 10 7
8 12 21
20 0 7
5 8 3
16 20 5
12 15 12
9 11 4
2 4 12
20 22 9
3 7 16
11 14 22
7 10 23
16 20 12
1 5 4
19 21 4
12 16 8
6 9 2
7 10 13
13 16 24
7 9 16
23 3 23
12 16 6
0 5 13
8 13 15
16 19 5
11 14 20
12 15 4
12 14 10
16 18 7
17 18 7
11 14 15
8 12 18
4 7 5
2 5 6
6 10 12
20 23 16
2 7 20
8 10 22
4 7 17
0 4 10
5 6 24
18 22 1
13 17 24
14 18 2
7 9 1
0 4 23
2 4 21
3 8 22
16 20 6
14 18 2
8 11 5
5 8 10
23 3 12
18 21 9
7 9 1
2 5 7
21 0 10
1 5 21
5 8 12
9 11 8
13 17 7
5 8 3
10 14 14
7 10 18
13 16 14
6 9 21
16 18 21
7 7 4
12 15 17
21 1 11
11 12 5
22 2 23
20 0 11
6 8 5
7 10 23
17 20 16
12 14 5
4 7 10
20 0 9
2 5 9
19 21 7
17 19 11
3 5 1
12 15 18
1 5 19
6 8 17
17 20 2
6 10 6
22 0 16
3 6 22
7 12 15
18 21 6
11 13 18
0 2 6
19 0 1
12 15 16
12 15 1
22 1 10
16 18 21
4 7 3
16 19 16
19 23 6
5 8 10
22 1 19
11 15 12
22 2 23
23 2 16
12 16 7
1 4 12
12 14 4
4 7 20
13 16 24
12 16 3
13 17 12
16 18 2
15 17 16
7 10 15
3 7 7
19 22 12
17 20 7
21 0 19
6 9 18
6 8 8
14 17 12
6 9 17
7 11 18
20 0 23
20 21 7
1 3 19
15 18 18
6 11 23
0 3 1
20 23 18
0 2 5
0 2 14
0 3 8
1 3 9
5 10 4
19 23 4
22 2 5
7 10 8
20 22 8
0 2 5
17 22 14
4 8 23
4 7 2
7 11 4
22 2 22
6 9 23
17 20 3
8 9 12
10 13 21
2 7 14
1 3 14
4 7 11
5 8 22
20 2 16
15 18 10
13 17 12
10 13 22
6 7 10
3 6 24
3 5 9
2 3 8
5 7 11
20 23 12
22 23 16
3 6 16
21 23 3
3 7 4
0 1 4
7 10 15
9 13 16
21 0 8
16 19 3
10 13 18
7 10 12
5 10 16
1 5 13
2 5 2
3 7 18
0 3 24
5 8 18
19 21 4
3 7 13
9 14 6
14 17 18
12 15 23
12 14 4
3 5 17
23 3 20
10 13 10
7 10 9
1 4 24
5 8 10
0 2 20
17 20 18
3 5 9
19 21 5
10 14 15
14 18 10
20 23 17
23 2 13
15 17 22
13 18 13
18 21 10
11 15 12
14 15 17
0 3 18
11 14 2
18 21 6
17 20 11
18 20 16
22 0 15
7 11 6
6 10 21
19 23 19
22 23 3
14 17 14
15 18 7
14 17 8
14 18 1
20 23 19
14 18 13
18 0 17
15 17 15
13 16 1
8 12 23
22 1 2
4 8 15
12 17 24
4 8 12
8 12 8
23 3 12
17 22 4
10 14 16
0 2 3
22 1 24
12 15 18
14 17 12
6 8 21
16 20 24
21 0 12
18 20 11
13 16 11
12 15 23
4 9 15
20 23 17
16 20 17
23 0 6
10 13 2
19 22 1
9 12 9
23 3 6
15 18 2
14 18 6
5 8 8
23 2 3
0 2 5
14 16 9
18 20 16
4 7 19
5 8 23
5 8 14
14 18 16
6 9 4
2 7 24
7 11 12
0 4 19
17 21 24
10 14 20
1 6 19
21 0 8
19 0 18
13 17 7
16 20 5
22 23 18
18 19 15
15 18 5
7 10 8
18 21 10
12 15 23
10 13 19
2 3 15
13 16 11
6 9 12
3 6 8
11 15 18
21 23 11
18 20 5
13 17 8
23 1 23
13 16 2
18 19 2
5 6 5
12 16 11
7 11 15
8 11 9
13 15 23
14 18 1
23 1 1
18 19 3
17 20 19
1 5 3
5 6 6
12 15 11
4 8 21
2 5 14
8 11 11
15 17 14
10 13 22
22 0 15
2 6 12
15 19 10
16 18 2
16 19 15
6 9 17
19 22 12
4 6 22
19 22 18
18 20 15
2 4 4
12 14 11
7 10 18
15 19 21
5 9 19
12 15 12
5 7 14
23 2 9
18 20 7
19 21 1
17 19 9
18 21 2
6 9 10
12 15 9
9 13 14
0 3 1
14 16 3
8 10 23
0 3 1
7 9 9
6 9 14
2 6 8
1 6 10
7 10 10
15 17 7
15 18 8
19 21 6
11 16 3
23 2 5
0 2 23
23 0 9
9 13 8
18 23 11
10 14 15
21 23 23
14 16 22
5 8 22
5 8 23
10 13 8
11 17 21
7 11 2
2 6 2
12 17 1
1 5 9
2 5 13
19 22 8
3 4 20
12 14 13
21 0 19
10 13 15
2 5 22
22 0 8
23 2 24
16 19 24
7 9 17
18 23 17
0 5 4
14 16 6
7 9 18
23 3 3
8 12 3
13 15 20
19 22 9
12 15 7
20 22 17
12 14 6
4 5 23
8 12 9
21 23 22
13 18 12
18 21 24
4 7 24
0 2 9
15 18 9
19 23 24
12 13 1
2 4 2
22 2 11
8 10 18
2 4 19
6 10 13
5 8 16
6 10 20
23 2 14
23 1 5
14 17 14
4 5 2
