12000 44
18 9 9 21 42 17 20 22 40 12 41 7 31 16 19 38 28 31 30 41 30 39 42 38 29 37 5 42 37 1 25 42 8 2 3 13 38 14 8 1 38 18 9 5 
12 14 19
19 22 24
17 20 24
11 14 19
11 14 37
18 22 33
22 0 38
17 20 31
9 11 29
14 17 21
21 1 35
3 7 27
15 18 19
21 22 11
20 0 37
18 21 1
8 11 28
18 21 39
0 4 39
17 20 10
10 13 41
19 22 31
19 22 15
21 23 24
19 23 31
3 5 14
12 14 31
12 16 30
4 6 16
9 12 32
0 3 31
1 4 32
5 7 7
18 23 4
2 5 9
13 16 18
0 4 12
5 8 37
17 22 36
10 12 7
23 2 23
16 21 7
6 10 40
10 14 25
11 14 17
12 15 34
1 2 28
1 3 40
11 15 39
16 18 18
19 21 18
1 4 22
0 3 40
5 8 25
14 17 5
23 1 36
20 22 19
16 19 43
19 23 36
6 8 7
15 19 38
16 18 18
3 6 7
21 1 15
8 11 31
23 3 14
23 1 7
22 0 40
4 7 33
8 10 39
9 13 17
3 6 15
16 19 38
20 22 22
17 22 12
20 23 2
5 7 3
12 15 14
11 14 24
9 12 38
12 16 28
2 6 15
8 9 16
7 10 1
18 23 36
5 9 31
16 19 38
12 17 40
13 17 36
23 2 1
0 4 39
13 16 14
3 6 18
9 12 17
15 16 34
18 21 3
12 15 10
0 3 7
15 18 43
17 18 38
0 2 21
8 11 25
16 18 20
14 18 40
8 11 2
18 21 19
6 8 12
15 19 26
22 1 43
3 6 37
18 21 36
6 10 18
1 4 41
5 8 38
18 21 41
16 19 23
19 21 31
0 4 36
17 20 7
9 10 30
14 17 10
7 10 17
22 0 40
11 15 5
22 1 18
10 11 17
20 22 14
1 4 25
7 8 13
21 0 25
13 16 1
20 23 33
15 17 29
7 11 27
2 4 25
1 5 17
7 10 4
18 22 5
13 16 39
7 11 27
3 8 18
16 17 30
11 13 26
23 3 19
10 13 37
17 18 27
3 6 34
20 23 19
23 2 35
11 13 43
2 5 2
5 9 38
16 20 36
19 21 35
4 6 10
2 5 8
0 4 43
13 17 24
12 16 17
17 20 17
1 1 21
7 10 35
7 12 18
23 3 30
3 5 23
5 9 39
4 8 11
20 23 36
13 17 8
6 8 21
1 3 43
4 7 22
13 15 34
1 4 37
3 7 24
4 7 13
16 17 28
11 14 29
21 1 40
17 21 5
16 20 1
20 1 37
3 7 31
3 7 39
1 5 8
0 3 41
9 13 21
19 23 44
18 21 28
7 10 3
5 9 31
14 17 1
1 3 26
6 7 44
9 13 19
21 1 7
7 10 38
7 9 1
10 14 9
4 8 11
12 15 37
17 19 29
10 12 12
2 4 21
13 17 29
10 13 38
18 22 13
0 4 3
23 2 30
7 11 9
18 20 29
8 12 19
20 23 29
8 9 17
14 16 12
1 4 40
8 11 18
21 23 30
20 22 7
6 8 15
12 16 24
10 12 23
7 11 20
18 23 37
18 22 18
7 10 30
19 23 11
13 14 11
15 19 3
9 12 17
16 19 24
23 2 37
20 23 27
18 21 43
0 1 16
15 17 19
23 4 23
22 2 12
1 3 6
6 9 6
3 5 35
17 18 31
15 18 11
14 17 4
15 18 22
18 21 13
5 8 43
12 15 35
5 9 14
16 19 32
19 22 39
3 6 18
17 18 43
5 8 18
11 14 8
5 7 24
10 14 34
12 16 26
4 8 34
11 14 22
14 18 34
20 23 25
13 15 43
23 3 26
1 5 2
5 8 1
11 13 25
0 2 35
21 0 2
8 12 7
3 6 32
7 10 35
11 15 2
4 7 21
8 10 5
8 11 32
21 0 30
23 2 23
21 1 38
22 2 27
22 0 20
2 7 39
12 16 27
1 3 30
21 23 27
23 3 30
4 7 40
21 0 31
6 9 30
4 7 33
16 18 28
8 10 18
5 9 10
20 23 1
4 5 13
7 11 23
1 4 13
17 21 15
17 21 9
17 19 25
7 9 17
9 13 35
14 17 23
18 21 4
0 2 17
23 2 7
7 10 7
20 23 23
20 0 28
19 23 24
7 12 30
10 14 22
17 19 43
6 8 23
22 2 4
16 18 22
19 22 22
18 22 40
9 11 10
4 6 23
13 16 4
17 20 14
12 15 1
9 12 21
19 22 18
14 17 25
6 9 15
6 8 40
22 2 36
12 17 37
9 11 16
11 14 13
13 16 20
8 12 5
15 16 15
5 8 3
15 17 22
7 9 16
22 1 35
15 19 28
11 12 15
11 13 37
10 14 3
14 18 27
1 4 22
2 5 10
3 6 14
22 0 10
0 3 26
23 3 34
14 17 42
16 20 32
20 23 4
10 13 8
4 9 28
14 17 3
6 9 27
21 1 16
1 4 10
17 21 26
7 10 43
11 13 11
20 22 14
15 19 44
14 17 40
14 17 31
1 6 8
12 15 32
7 11 39
16 19 12
20 22 36
0 2 22
8 11 18
20 0 10
4 6 30
16 19 31
9 15 5
15 17 17
10 13 22
18 22 36
7 12 18
18 20 27
21 0 10
13 17 18
11 14 5
22 2 28
20 0 1
8 11 35
17 20 17
4 7 1
4 7 31
4 8 40
2 4 22
1 4 21
20 0 30
21 23 29
19 22 7
11 18 3
22 2 30
23 0 30
11 16 31
4 5 33
4 7 41
4 8 35
10 12 38
3 6 17
15 18 41
4 7 19
6 9 17
11 14 2
5 8 41
21 0 30
3 6 43
9 14 36
18 22 30
14 18 1
23 3 28
8 10 40
16 19 16
13 17 3
15 19 7
4 7 37
20 23 42
5 8 42
13 17 28
9 12 8
16 18 17
17 22 44
23 2 12
10 12 32
11 14 23
21 3 41
15 18 26
14 16 14
6 7 29
22 2 8
4 6 25
3 4 25
13 14 35
9 11 23
9 12 17
21 1 10
12 14 26
3 8 23
18 21 10
21 23 43
5 9 2
20 23 9
14 17 7
7 11 25
15 19 23
13 16 39
19 21 21
11 13 15
4 7 41
9 13 13
22 23 29
0 4 11
4 7 4
7 11 13
17 20 10
14 18 30
7 12 8
12 15 28
8 9 15
14 18 19
3 5 39
9 11 40
12 15 25
8 11 5
12 16 12
13 16 7
17 18 24
2 4 18
16 18 23
2 4 2
3 6 4
14 16 1
11 13 19
17 20 28
22 1 18
21 23 2
9 12 27
0 4 21
15 18 26
8 13 15
22 0 30
9 13 31
14 14 44
16 21 4
8 11 43
17 20 39
16 19 43
8 11 24
18 22 44
20 21 31
21 0 1
0 4 40
3 8 6
20 0 11
2 6 37
7 10 14
1 4 23
1 5 3
0 2 17
8 11 10
21 1 30
11 13 24
19 21 19
11 15 25
17 20 4
14 16 29
19 23 28
12 14 7
9 12 17
13 16 18
5 8 12
7 9 4
17 20 3
7 10 20
17 18 42
23 2 24
15 18 4
16 18 13
20 22 2
16 19 32
5 9 25
1 5 15
20 23 2
18 21 26
21 22 3
3 6 7
6 10 42
12 15 2
13 15 14
14 16 31
5 7 6
22 3 8
11 13 25
19 21 1
9 12 5
10 13 32
9 11 39
0 4 7
4 7 4
1 4 18
10 13 35
4 7 23
0 3 17
0 5 15
20 20 27
3 7 22
5 8 35
3 7 38
11 14 8
6 10 43
2 6 36
0 3 32
10 14 4
3 6 6
1 3 36
6 9 1
6 9 15
0 3 4
20 23 22
18 21 40
12 15 41
6 9 6
10 12 35
21 0 40
15 17 13
8 10 18
19 21 1
16 18 1
15 18 20
19 21 13
5 9 33
6 8 36
23 4 30
10 11 34
10 15 22
22 1 16
10 15 35
4 5 30
6 10 31
16 20 19
3 9 40
15 18 19
12 15 43
18 23 36
15 19 8
23 2 28
7 10 24
20 23 19
10 13 2
12 17 32
3 8 7
23 1 39
3 8 32
14 20 18
10 14 41
21 1 8
5 8 6
20 22 43
21 22 33
17 20 16
5 8 10
8 13 29
11 13 11
19 22 40
3 7 14
4 6 37
18 22 18
13 17 33
6 10 43
22 1 11
14 16 16
2 5 14
22 0 32
5 9 36
0 4 38
7 10 19
9 13 19
3 6 29
17 19 10
10 14 26
13 16 30
16 18 38
6 9 17
17 19 29
6 9 8
12 15 24
3 4 31
22 1 44
11 14 41
4 7 18
14 18 33
18 20 28
15 19 29
4 6 30
19 22 44
8 11 18
5 8 43
13 17 3
10 13 17
20 23 14
10 12 8
7 9 28
20 0 33
14 16 4
10 13 20
7 8 11
8 11 34
7 11 19
22 0 31
7 10 24
17 19 39
23 4 24
23 1 31
5 7 35
5 9 20
15 18 37
10 13 15
20 0 1
11 12 35
15 20 18
12 14 12
17 21 42
3 6 1
1 4 22
11 15 3
11 16 21
6 9 16
13 17 22
17 21 27
20 23 9
4 6 20
22 2 39
15 20 38
17 19 6
4 7 9
22 1 42
11 16 14
5 9 37
11 13 19
7 11 19
9 11 17
21 23 8
16 17 41
9 12 11
3 6 21
15 18 37
18 21 15
15 17 39
12 15 16
7 8 44
20 1 11
8 11 2
21 0 41
11 15 11
20 22 44
1 3 31
16 19 16
12 15 44
17 19 15
8 11 43
11 15 14
12 16 5
14 16 12
15 17 28
10 12 15
2 6 25
14 16 8
0 2 15
18 20 35
13 15 1
9 12 21
19 23 19
16 18 1
2 4 30
2 3 31
19 22 24
11 15 5
13 18 42
16 20 9
22 0 21
18 19 39
19 0 9
19 22 35
19 21 36
9 10 22
23 1 27
11 15 17
9 14 10
0 3 44
4 7 42
16 18 10
6 9 8
2 6 10
23 4 12
17 19 7
19 22 41
15 18 11
1 3 29
11 13 18
20 23 30
2 5 17
20 0 27
15 18 27
4 7 34
12 16 6
23 3 42
12 16 2
11 14 2
23 3 9
19 20 24
3 5 27
10 17 12
10 12 13
11 14 18
1 3 21
15 18 39
3 7 5
18 22 33
10 13 22
16 19 17
16 19 25
19 22 38
3 6 26
10 14 34
14 17 33
4 8 20
7 9 2
2 4 4
18 22 42
18 23 27
18 21 12
17 18 24
10 14 2
17 19 43
0 3 34
22 23 24
14 19 31
15 18 9
21 23 22
15 17 42
1 2 9
14 17 20
12 13 43
14 18 38
16 18 10
12 14 28
10 14 40
1 4 40
10 13 40
20 23 35
15 17 36
4 8 4
8 9 44
13 14 36
18 21 22
11 12 21
12 16 11
12 15 8
10 15 5
3 7 26
21 0 29
0 3 36
6 9 31
14 16 21
10 14 6
5 9 36
4 7 44
11 14 42
11 15 26
17 20 26
15 18 5
2 3 32
17 19 40
3 7 24
16 17 17
14 18 20
2 5 27
8 11 1
19 23 12
0 4 8
20 22 38
7 10 20
10 12 18
6 9 14
5 6 28
20 23 15
10 12 2
4 6 25
6 9 4
8 9 33
15 19 26
22 2 43
12 14 1
7 10 23
2 4 20
13 17 21
1 5 7
7 8 12
2 6 15
12 16 23
6 9 44
15 17 22
22 3 34
17 21 36
9 12 28
10 13 38
6 10 36
10 14 4
19 21 1
4 7 14
12 13 3
17 21 21
17 21 37
17 20 23
14 17 13
4 7 30
13 17 27
5 7 20
3 6 31
5 8 24
0 2 24
21 22 15
15 18 38
5 9 2
18 21 11
4 7 30
6 8 30
4 6 33
15 15 6
2 4 12
0 4 22
18 22 40
11 13 3
3 6 10
11 14 6
7 9 23
15 17 29
12 15 44
6 11 1
16 19 38
17 20 31
12 16 41
17 18 40
10 13 6
1 4 38
19 22 14
7 10 12
11 13 4
21 1 32
21 1 31
15 19 10
16 19 8
9 12 3
17 21 28
0 4 40
9 13 8
19 20 1
23 3 41
13 18 3
4 6 32
7 10 42
8 11 16
12 16 28
0 3 24
0 2 42
15 17 28
23 3 12
7 11 34
5 9 9
3 5 29
18 20 23
9 12 5
21 1 22
20 0 33
1 4 28
5 8 15
12 15 43
6 7 9
20 22 23
8 12 29
1 4 34
13 17 25
10 14 42
1 7 29
19 21 21
19 22 26
20 22 24
4 8 12
2 5 10
5 8 18
13 17 36
8 11 25
0 2 35
22 2 33
16 17 3
15 19 14
8 11 17
5 7 41
21 22 24
18 21 44
23 3 37
4 6 40
11 14 16
20 23 8
15 18 4
17 19 37
18 20 31
17 19 21
15 19 10
21 2 20
22 23 41
20 23 30
20 21 11
1 3 14
18 21 19
16 19 24
9 13 6
9 12 34
21 22 16
6 8 32
11 14 34
6 10 41
20 0 1
14 15 20
6 7 37
9 12 31
17 21 41
16 20 30
16 20 15
22 2 2
1 4 14
21 0 41
5 9 43
3 5 32
21 1 15
5 6 1
18 20 27
5 8 22
1 3 32
0 2 33
15 18 26
3 6 7
23 0 20
22 1 5
23 3 12
16 18 11
8 12 30
20 23 40
21 22 8
21 0 18
14 17 43
15 18 39
15 15 33
17 19 5
6 7 6
17 19 11
13 17 16
17 21 11
16 19 38
8 12 30
16 19 32
15 17 43
11 13 33
7 10 29
23 4 23
1 5 14
9 13 36
17 20 9
22 0 20
22 23 28
16 20 38
23 0 26
17 20 20
5 8 3
2 4 3
23 3 31
15 20 2
6 9 3
0 3 27
8 10 11
7 9 18
23 1 38
16 21 38
19 22 16
20 23 15
22 2 43
3 5 43
9 13 41
6 9 22
20 23 35
14 17 1
7 10 11
22 1 11
2 5 42
18 21 3
10 11 3
23 2 9
7 11 11
23 2 19
18 19 24
8 10 26
7 11 37
5 9 32
23 1 23
6 10 31
13 16 16
23 1 43
19 23 31
23 4 32
7 10 3
20 23 2
15 18 15
4 5 22
2 5 24
21 0 7
11 13 15
14 17 16
12 13 26
12 15 21
17 19 36
6 11 32
22 1 20
18 21 14
22 1 27
0 5 37
9 11 28
14 19 6
2 5 15
2 6 44
16 19 32
13 15 17
14 19 15
11 12 19
17 19 5
9 13 23
4 8 13
12 14 36
6 8 33
20 0 34
1 3 3
2 3 34
15 17 17
19 22 40
13 15 5
4 6 23
7 10 41
4 8 26
0 3 31
10 13 11
13 17 9
23 1 19
6 9 40
21 0 25
3 7 13
7 9 13
11 15 9
16 18 8
23 3 36
6 9 40
20 21 3
21 0 3
17 20 8
2 5 31
18 21 21
6 8 36
12 17 16
11 14 3
1 6 31
16 20 5
11 15 31
19 22 39
3 5 32
16 17 33
1 4 19
3 8 9
19 20 26
20 22 29
10 13 30
17 19 11
12 16 3
7 12 8
3 7 29
22 2 10
6 9 37
18 20 25
0 2 31
20 22 39
21 1 16
21 0 30
3 6 33
6 9 22
10 11 30
0 2 16
1 4 5
5 8 14
23 1 11
3 7 11
16 19 16
14 17 29
3 5 31
15 17 27
2 6 32
6 9 12
8 13 33
19 22 38
15 19 36
23 2 6
23 3 1
4 6 41
11 15 40
1 6 43
11 14 17
15 15 20
1 4 27
10 13 21
14 17 18
2 7 35
9 13 21
8 11 17
14 16 17
13 16 20
17 19 36
4 7 8
20 0 14
6 9 26
15 19 19
17 20 15
10 11 33
7 10 34
6 10 24
19 22 31
17 21 3
15 18 42
0 2 40
7 12 9
10 11 39
1 2 1
8 11 28
0 4 1
7 10 25
23 3 2
7 10 9
4 7 23
12 16 6
10 13 1
12 14 14
23 0 29
22 1 21
5 7 38
19 21 4
9 12 43
11 15 2
1 5 31
23 0 41
11 13 41
17 19 14
2 5 21
23 3 24
23 3 21
13 16 6
9 12 43
23 3 8
22 2 22
8 11 37
2 6 23
4 6 20
8 11 21
19 23 19
12 16 23
20 0 6
7 9 3
9 13 18
1 5 2
8 10 30
14 17 27
23 2 35
22 1 27
11 13 39
23 2 36
6 7 26
3 6 21
16 18 40
18 21 21
3 6 20
10 14 40
18 21 26
17 21 21
13 15 23
12 14 19
10 15 9
12 14 4
6 9 32
22 23 21
12 15 4
2 5 28
15 18 19
10 13 21
2 6 4
17 20 39
15 19 38
16 19 21
7 11 37
17 21 18
17 19 1
23 3 4
21 0 12
10 13 16
7 10 33
21 23 39
17 21 31
3 5 31
20 23 34
22 3 11
8 11 17
17 19 32
5 9 6
11 12 3
23 3 20
22 1 7
14 16 41
8 11 20
6 8 25
7 8 21
17 21 44
1 6 16
3 5 21
18 21 3
12 13 9
4 7 22
0 3 32
3 7 19
2 5 6
6 8 44
1 6 27
3 5 4
16 20 5
9 14 21
15 17 29
0 3 23
1 5 2
18 21 3
19 20 12
4 7 23
18 21 4
4 6 19
14 18 16
8 13 36
10 12 15
12 16 11
18 21 30
15 17 2
4 8 27
13 15 25
12 15 25
13 16 28
6 8 44
7 10 23
18 23 10
13 17 36
8 10 34
16 19 9
6 10 36
14 18 8
9 13 36
16 19 23
20 0 7
0 2 1
0 3 33
22 3 36
17 19 18
12 16 33
20 0 44
17 21 36
9 12 27
22 1 1
0 2 44
20 22 43
16 19 5
5 8 25
4 8 16
13 17 31
7 9 42
14 18 31
5 7 29
2 6 32
17 20 14
17 19 27
7 9 18
10 13 2
1 4 10
15 18 27
23 0 36
16 19 43
20 23 10
16 20 1
16 21 21
11 13 22
23 2 38
4 7 22
18 22 3
4 8 31
21 0 43
15 16 8
6 8 24
8 11 17
8 11 4
11 12 33
20 22 14
21 0 11
9 12 32
13 17 1
10 13 10
10 13 27
8 10 24
8 9 32
13 15 41
4 6 6
23 2 22
6 8 11
0 3 33
8 11 3
7 10 25
2 5 5
19 21 19
21 1 1
22 2 42
21 0 39
7 9 28
3 7 7
8 12 29
21 1 15
16 19 42
3 6 26
3 7 30
3 6 24
4 5 16
20 22 32
18 20 23
20 0 34
5 8 26
0 4 3
3 5 4
17 21 24
4 5 19
16 20 28
20 1 12
6 10 38
12 15 23
16 19 30
9 12 26
15 18 25
15 19 14
10 12 40
12 16 6
12 14 36
22 3 40
9 12 44
22 23 7
3 8 25
11 13 4
14 17 42
15 19 38
12 14 18
12 16 33
16 18 32
14 17 14
15 18 13
20 21 36
18 20 19
13 16 34
3 7 41
5 8 36
11 14 42
11 15 15
21 0 40
14 15 26
4 8 44
7 10 33
14 17 18
10 13 39
16 18 8
10 15 38
22 1 12
0 2 2
0 2 15
10 15 31
6 9 39
17 21 29
23 2 44
3 7 34
3 5 24
14 16 9
1 5 34
3 7 8
19 22 14
21 0 7
8 11 22
8 11 14
13 16 16
12 14 42
18 20 41
13 16 21
12 16 19
2 4 35
21 23 21
2 4 38
16 21 15
12 16 16
9 11 39
9 12 27
20 23 9
16 18 17
10 13 27
12 14 36
8 11 44
20 23 9
17 20 22
16 19 23
22 2 33
6 7 35
8 11 36
11 14 39
22 1 18
12 17 30
3 9 34
14 17 35
17 22 28
13 18 28
10 13 2
9 13 10
4 7 35
14 18 35
6 10 7
16 19 11
1 5 31
7 10 43
16 20 26
15 18 12
11 14 40
13 15 32
16 20 39
14 18 15
4 7 15
17 20 21
17 18 24
0 2 27
14 16 26
16 19 22
5 7 11
3 7 44
2 5 23
21 0 21
5 8 29
2 4 16
1 5 26
8 10 11
10 14 16
3 7 3
8 12 24
7 10 40
22 1 21
21 1 31
18 23 1
7 12 32
22 1 33
3 6 38
15 18 40
1 5 36
2 6 1
5 8 15
6 10 11
11 14 35
17 18 21
20 0 32
15 17 7
12 14 8
3 6 23
20 1 22
1 2 23
21 23 10
4 5 10
8 10 27
7 10 13
0 3 42
3 6 33
4 7 44
4 6 27
15 18 29
4 8 26
10 13 10
18 23 22
5 8 10
17 21 22
17 20 25
19 23 31
8 9 24
6 9 34
14 18 40
8 11 20
14 18 10
9 11 36
16 18 1
7 10 24
4 6 38
14 17 30
1 4 1
10 12 29
7 8 35
9 13 32
22 2 10
20 23 33
22 1 18
19 21 29
23 2 37
23 1 2
16 19 14
6 11 10
1 3 42
7 9 9
10 12 41
0 2 2
19 0 7
19 21 19
8 9 17
6 8 22
23 2 2
17 20 25
10 13 44
5 8 5
23 3 17
7 9 3
14 17 20
18 21 23
22 2 42
6 9 21
6 9 36
2 6 29
9 11 37
16 19 9
12 15 40
12 16 5
19 23 35
15 18 27
4 6 36
2 5 38
14 16 21
20 0 26
14 17 5
7 12 42
17 21 10
11 14 28
4 7 19
12 15 13
3 6 30
8 9 31
21 23 42
23 1 8
23 0 8
21 0 12
23 4 8
9 12 25
19 23 11
5 9 25
3 6 29
15 17 10
7 10 3
20 23 35
5 9 40
8 10 2
16 19 10
12 14 15
19 21 23
2 6 21
20 23 37
18 21 28
14 17 34
18 22 35
12 14 16
9 12 33
6 9 32
20 23 37
4 6 26
20 23 3
10 11 42
23 2 3
14 17 41
1 3 7
0 5 34
6 9 13
18 19 19
22 1 29
18 20 5
11 15 14
9 13 23
10 14 9
2 4 3
17 19 38
5 8 2
20 0 14
20 0 20
7 10 42
20 22 32
0 3 3
12 17 2
4 6 43
2 3 22
11 14 28
17 20 44
22 3 23
5 7 7
17 20 41
10 13 4
15 18 6
2 3 33
9 11 37
4 6 43
9 12 34
12 15 17
3 5 27
3 4 28
12 15 42
5 6 17
9 14 12
22 1 24
1 4 12
11 14 30
20 23 19
9 13 17
20 22 32
12 16 29
20 23 30
6 10 23
20 23 42
16 18 44
13 16 36
17 21 33
0 2 22
0 3 14
12 16 37
15 18 38
13 16 32
6 9 22
7 10 36
4 6 9
14 17 7
0 3 3
15 17 44
14 17 21
10 13 33
0 3 1
1 5 36
2 4 30
20 21 16
21 0 15
8 12 17
8 11 12
22 1 11
20 22 33
11 14 43
22 1 28
11 13 6
14 17 34
12 13 11
23 3 26
1 4 35
10 12 12
15 19 26
15 18 20
20 23 5
2 4 22
22 3 14
6 8 18
19 0 26
12 14 28
16 20 26
9 13 5
5 9 16
15 19 10
17 19 9
10 14 9
9 12 24
20 22 6
5 8 28
22 2 6
1 5 37
18 19 17
10 13 7
9 14 24
0 3 44
14 19 44
18 22 8
14 18 15
1 5 31
20 23 24
0 4 7
0 4 10
9 10 36
5 8 7
4 9 43
23 1 40
5 7 2
16 19 13
11 13 38
17 21 34
18 22 42
3 6 31
14 17 38
5 8 27
12 15 14
6 12 44
16 20 16
19 23 37
9 12 40
10 14 2
17 21 15
6 8 29
15 19 32
10 12 13
13 16 3
22 1 2
6 8 43
16 19 41
23 1 30
8 12 36
16 19 13
2 4 26
17 20 38
1 3 37
2 5 12
19 22 43
14 19 34
7 8 22
8 9 40
19 22 7
1 4 10
2 6 13
23 2 38
11 15 16
22 2 23
10 12 18
3 6 4
5 9 41
13 14 40
10 12 21
23 2 34
18 22 10
4 6 9
5 7 39
23 2 18
23 1 35
2 4 13
21 1 12
2 4 20
11 15 19
19 21 20
13 14 23
19 21 44
19 22 43
15 17 23
22 2 40
5 6 8
19 22 17
3 6 30
15 19 28
0 3 3
16 19 14
5 8 23
9 13 20
16 21 21
3 6 29
14 17 25
11 13 38
0 5 4
7 10 12
18 20 12
21 0 1
17 18 8
5 8 38
14 17 32
10 10 5
16 20 29
18 20 3
17 18 26
16 20 10
6 10 39
22 1 28
19 22 27
6 9 39
23 2 37
20 22 44
21 0 24
4 6 23
16 20 17
8 12 43
8 11 16
19 0 30
4 7 26
12 15 4
8 12 18
1 4 22
1 5 8
18 21 26
5 8 7
12 16 35
21 23 28
15 18 9
7 10 38
2 4 31
10 12 12
2 5 18
22 1 12
3 6 11
12 15 13
16 18 11
16 20 25
21 1 4
20 22 43
11 16 7
9 12 44
8 11 17
1 5 31
16 19 37
12 16 27
13 16 42
3 4 3
21 23 38
23 2 23
3 7 5
16 20 29
4 6 31
4 7 21
2 6 8
12 16 24
21 0 31
19 22 26
15 18 38
8 10 7
23 0 26
11 16 23
14 18 41
2 6 24
12 16 42
23 2 37
20 23 3
16 19 7
23 2 5
4 7 20
23 1 22
12 16 26
17 21 25
1 2 5
8 13 39
19 22 10
13 17 12
16 20 32
6 8 6
21 23 20
16 19 33
16 19 32
2 4 22
20 0 7
14 18 25
7 11 41
2 5 33
23 2 33
18 22 17
18 19 10
10 13 11
23 1 25
22 2 5
3 7 29
22 1 2
1 3 19
5 8 8
22 1 17
13 16 14
15 16 6
0 1 27
11 13 28
10 11 4
13 16 6
7 11 39
8 10 22
16 20 4
1 4 44
6 8 25
2 5 5
5 8 35
12 16 15
9 11 8
12 14 34
15 18 22
15 19 40
1 4 2
14 16 41
19 23 34
0 3 35
21 1 19
14 17 35
0 5 1
20 23 27
0 3 39
20 23 36
9 12 29
8 11 31
5 7 38
13 15 29
21 23 36
15 18 5
14 17 5
11 15 24
10 14 14
15 19 21
11 14 32
2 6 27
4 6 30
6 9 26
4 5 20
19 22 25
18 20 8
12 17 21
14 17 25
1 6 22
23 1 21
21 0 28
11 14 7
14 15 11
16 19 16
4 6 24
5 8 27
7 11 26
15 18 2
18 21 28
7 10 26
11 14 11
16 20 3
16 19 2
19 21 15
16 19 2
2 6 36
8 11 14
8 11 15
22 1 17
8 11 21
9 11 1
4 8 39
6 8 22
17 20 26
19 22 28
9 11 21
21 0 15
3 6 19
12 15 10
13 15 9
11 13 2
1 4 5
2 4 26
23 3 8
20 0 38
12 14 3
17 19 26
12 15 33
18 22 7
2 4 12
14 18 44
11 14 23
12 16 35
5 10 16
2 4 2
0 3 20
12 15 7
14 16 18
5 8 27
3 6 30
18 22 13
0 2 22
12 15 32
7 11 42
17 20 21
4 7 15
3 5 28
14 15 23
16 19 21
3 6 36
10 12 12
15 19 11
20 0 1
8 11 40
14 18 31
6 10 24
11 13 22
16 19 30
22 2 10
21 1 40
9 12 37
19 22 40
6 9 29
21 2 9
17 19 11
8 11 9
1 6 25
9 12 34
10 13 24
20 23 21
21 23 19
3 5 29
6 10 35
6 9 25
5 6 19
6 9 12
13 16 42
17 20 31
12 16 32
20 0 32
19 21 9
9 11 44
22 1 1
21 0 7
7 9 3
6 9 38
4 7 8
10 11 21
10 13 18
18 22 11
5 8 2
12 14 13
14 16 33
5 8 3
2 3 38
6 10 27
17 19 12
19 23 30
7 9 15
13 17 2
11 15 27
5 6 17
22 2 10
10 14 14
13 15 34
16 19 16
10 13 31
1 5 8
8 11 14
16 18 31
5 7 43
17 21 28
1 3 39
6 10 39
20 23 7
13 16 41
18 20 8
3 7 30
1 4 23
18 21 2
15 19 9
8 12 7
10 14 9
0 3 29
6 9 16
16 18 10
20 0 44
21 2 3
3 6 29
4 8 32
1 4 3
20 1 21
10 13 36
5 7 35
20 0 41
21 0 38
23 1 44
15 18 44
16 20 22
18 19 10
17 22 4
4 8 12
11 16 37
4 5 41
14 17 17
0 2 14
1 4 20
21 0 1
10 14 44
22 23 43
7 12 5
5 8 32
17 20 37
17 20 20
4 6 13
9 14 11
15 18 42
20 0 12
3 5 31
10 13 15
20 1 18
8 11 30
15 19 1
21 23 9
1 5 37
18 23 11
23 4 27
2 5 34
23 2 37
18 22 8
1 4 37
21 23 19
16 19 4
3 6 8
14 17 19
21 23 24
20 23 32
0 5 7
17 20 3
4 7 40
8 11 13
6 9 6
16 19 11
3 6 17
19 22 39
9 12 5
5 8 17
0 3 19
2 5 13
19 22 1
15 19 11
4 8 5
9 12 13
18 22 42
12 14 24
12 13 6
3 6 25
7 12 28
2 5 23
5 9 34
22 2 1
9 14 36
22 1 7
12 14 21
15 19 42
3 6 10
7 11 24
12 16 9
21 23 17
12 15 35
3 7 41
10 12 16
5 9 19
23 2 5
0 5 39
18 21 26
9 10 30
19 21 44
7 12 5
4 8 15
5 9 42
17 20 30
17 21 41
6 8 22
16 19 26
13 14 30
7 11 21
11 13 19
0 4 37
1 5 44
13 17 26
20 23 25
23 2 37
4 7 1
11 14 32
5 7 26
8 10 44
4 7 31
6 7 14
17 20 5
6 11 23
1 4 8
20 23 32
0 4 11
11 15 17
20 23 9
22 1 17
7 10 26
20 1 27
2 4 27
13 15 13
18 19 13
7 9 13
21 1 32
9 12 44
16 21 36
16 19 22
5 7 9
5 8 28
5 8 4
18 21 29
20 23 7
8 11 6
8 10 6
1 3 9
7 11 43
22 1 15
22 0 31
22 2 2
16 20 42
4 8 16
23 3 15
20 0 42
17 19 30
4 7 12
6 7 10
0 3 38
21 22 42
12 16 32
21 1 1
19 22 25
1 4 34
16 19 17
12 17 27
9 13 37
22 2 35
11 16 12
18 19 2
11 13 38
8 11 41
9 13 32
16 19 38
21 0 29
23 3 31
5 9 12
20 23 14
19 22 36
17 20 29
7 11 3
4 8 17
18 21 20
4 7 39
6 9 30
14 17 7
2 6 24
1 5 42
12 15 10
3 6 23
3 8 5
13 16 34
2 5 9
10 13 36
1 2 26
3 6 25
17 20 10
4 6 27
11 13 15
18 20 17
10 12 32
16 19 41
11 15 28
17 19 18
4 8 15
14 16 11
10 13 41
14 17 20
18 0 2
4 6 1
5 9 12
20 23 23
12 16 3
14 19 3
10 13 8
20 0 43
17 19 8
12 15 15
14 19 17
11 15 9
20 0 29
21 0 34
8 12 25
4 5 21
15 18 38
4 6 41
0 2 11
5 8 43
18 19 25
11 13 30
11 12 39
22 2 20
19 20 11
1 4 39
21 1 24
10 13 25
2 4 15
13 15 5
16 20 43
17 19 29
19 21 6
17 20 9
10 12 5
4 8 5
15 18 27
12 15 27
1 4 43
12 15 29
19 23 17
17 19 14
20 23 6
7 9 43
2 6 35
3 5 24
14 18 3
19 23 16
12 15 20
5 7 44
8 10 4
12 14 3
22 23 29
15 19 11
1 4 8
7 9 12
13 18 18
16 20 36
10 15 1
15 18 5
16 19 44
11 13 39
11 13 11
21 1 43
8 10 34
14 19 15
4 7 20
21 0 41
16 20 31
9 12 29
6 8 9
5 8 5
15 17 13
3 5 35
19 0 41
9 13 18
3 6 8
12 15 37
12 17 25
22 2 18
23 1 32
13 17 10
15 20 14
10 12 41
3 6 10
0 4 7
2 4 5
22 1 28
15 17 21
10 12 24
8 12 14
19 22 9
3 7 11
7 9 3
23 1 26
15 18 14
13 15 42
8 10 20
6 8 6
16 19 3
9 12 42
16 19 35
6 10 9
3 5 7
11 13 41
19 22 44
22 1 27
9 10 10
23 2 31
12 16 44
6 12 12
16 21 12
21 1 9
21 0 31
21 0 36
4 7 14
2 5 7
7 10 32
22 1 13
21 0 19
19 21 41
5 8 8
8 11 8
9 13 29
3 6 16
11 14 42
23 0 28
22 0 5
18 21 27
8 11 21
21 0 9
21 23 37
4 6 5
21 0 42
6 8 14
18 21 36
12 15 34
21 1 14
1 5 7
9 12 43
7 9 37
9 12 1
10 12 39
14 17 35
23 2 38
21 1 39
1 3 44
22 4 7
3 5 42
19 22 4
20 23 39
5 6 1
7 9 16
1 5 18
15 18 23
2 6 36
3 6 4
20 22 36
6 9 2
14 18 11
7 9 13
20 22 36
1 6 3
1 4 27
13 16 40
5 8 21
22 1 5
5 8 6
22 1 9
19 22 7
9 13 21
20 0 44
2 5 40
9 12 8
21 0 21
1 4 18
5 10 10
15 17 21
13 17 32
20 22 20
8 11 38
5 8 25
7 11 36
14 19 25
9 10 29
23 0 41
3 5 30
23 2 39
1 2 23
13 15 43
5 10 37
3 4 29
3 5 20
23 0 14
20 21 35
13 14 32
20 23 3
23 3 43
18 21 6
22 1 17
21 1 9
1 3 21
6 8 3
20 22 16
18 20 1
11 14 29
3 5 14
9 11 35
12 14 36
6 8 23
2 5 3
2 5 1
20 23 8
23 3 25
18 21 15
17 20 35
14 16 4
18 20 35
3 7 40
15 19 17
11 15 19
22 0 7
2 6 20
15 18 18
3 6 14
9 13 32
20 23 42
22 1 11
7 10 29
17 19 43
0 2 42
15 17 31
1 4 28
5 9 19
0 3 34
17 19 41
13 13 7
7 12 22
6 8 43
20 22 7
21 23 29
14 19 42
21 23 31
17 21 13
5 9 1
11 15 44
6 9 28
16 19 9
23 0 32
9 12 38
7 9 8
2 5 9
20 1 17
3 6 44
19 22 16
20 22 32
0 2 40
0 3 10
2 5 29
6 9 5
9 11 10
0 5 26
19 21 1
5 6 19
14 17 38
4 7 16
3 9 21
12 14 30
1 5 10
7 10 26
8 12 33
22 1 24
2 5 14
22 2 44
23 1 25
18 21 24
21 0 44
18 21 31
17 21 41
0 3 40
22 2 7
4 8 32
9 12 19
17 20 10
16 18 14
2 6 23
6 9 17
4 7 8
15 18 23
22 0 42
11 13 8
20 1 27
7 9 27
10 14 43
8 11 41
7 11 28
20 23 36
3 5 27
20 23 35
9 13 22
2 5 20
22 0 23
3 7 34
11 17 4
17 19 8
20 0 35
21 23 29
3 6 8
9 13 32
18 20 27
16 19 44
7 9 41
1 4 44
6 9 32
19 21 42
8 10 16
11 14 37
11 14 19
18 21 32
16 17 15
17 18 25
13 16 1
19 23 38
17 21 36
14 17 26
2 5 24
7 10 36
18 23 44
6 8 40
2 5 44
12 14 10
17 19 12
7 8 11
4 5 41
19 21 6
16 18 38
14 17 15
20 23 18
19 23 25
20 23 32
2 7 20
17 18 39
1 4 10
13 17 40
17 19 42
16 21 15
1 5 19
14 17 5
20 22 36
16 20 16
17 23 28
9 13 21
9 12 3
14 17 7
23 3 35
5 7 35
8 10 22
21 23 20
0 4 5
10 12 36
15 16 33
5 10 35
16 21 42
1 4 3
14 17 1
9 11 10
19 22 8
5 10 44
2 7 30
8 10 28
11 14 39
17 20 30
15 19 18
13 17 22
7 10 6
7 11 16
21 1 15
1 4 27
15 18 38
21 0 5
15 18 43
19 20 15
4 8 7
18 20 40
18 22 31
0 3 2
5 7 30
11 14 34
17 20 5
18 19 44
9 10 22
10 13 40
3 7 44
4 7 10
15 18 42
7 11 16
15 19 23
3 7 1
0 1 11
2 4 38
21 0 10
17 21 40
21 1 37
14 16 18
14 14 30
19 22 2
11 13 28
7 11 18
6 8 41
1 4 37
15 19 43
9 11 12
15 18 14
12 15 27
12 15 10
1 4 27
0 3 22
19 21 2
7 10 41
0 4 23
10 13 16
3 7 31
0 4 21
0 3 2
22 1 20
15 18 15
4 7 39
8 12 19
19 23 24
2 3 22
13 15 17
13 17 1
4 6 41
20 23 43
11 13 4
10 14 17
10 13 4
8 9 15
5 7 12
21 23 35
10 12 4
2 6 2
14 14 15
5 9 43
14 17 8
19 0 20
20 22 17
7 11 26
0 3 29
10 13 37
22 23 33
5 9 32
23 2 7
1 5 40
20 23 18
5 9 1
1 3 18
2 6 30
21 1 17
1 3 7
23 2 19
5 8 5
14 18 29
1 4 36
16 19 22
3 7 10
0 4 8
23 2 31
4 7 28
23 2 2
17 21 18
6 9 17
16 20 31
1 5 20
22 0 26
9 10 23
5 8 19
9 13 37
17 21 10
7 9 43
20 23 38
20 23 35
16 19 25
10 14 29
15 16 15
11 14 24
6 10 15
23 3 43
5 8 28
22 0 11
21 23 15
18 20 27
17 22 24
11 15 22
10 13 16
0 2 5
23 2 24
10 12 25
20 23 18
6 8 34
22 0 17
2 5 36
8 11 22
12 16 31
17 19 40
18 22 36
9 11 1
19 23 6
2 4 1
17 20 43
22 2 6
23 1 23
1 3 43
4 6 1
4 5 43
0 4 36
10 12 31
8 11 5
0 3 10
19 23 16
2 5 28
13 16 38
0 3 7
13 17 22
19 23 31
15 16 27
17 18 32
20 0 40
0 3 38
7 9 6
22 1 36
6 9 10
22 2 41
15 17 1
12 15 27
20 23 40
12 14 28
20 23 1
8 12 20
15 18 21
3 6 9
6 10 1
12 14 36
6 10 14
15 17 33
0 4 18
3 5 10
12 15 1
18 21 39
8 13 35
13 15 24
19 22 34
23 4 26
21 0 30
10 13 2
11 15 26
3 6 4
2 3 43
16 19 24
15 19 9
3 7 28
12 15 2
12 16 40
15 17 16
14 16 36
11 14 5
11 13 36
23 3 34
3 7 4
4 8 15
0 3 38
4 7 39
2 4 33
10 14 15
14 16 33
5 6 16
22 1 13
6 9 42
22 2 29
14 16 34
19 22 19
10 12 13
23 3 19
20 22 1
11 14 33
7 10 14
17 19 35
9 13 6
13 15 33
0 3 12
13 15 8
1 5 13
19 21 43
0 3 33
19 20 39
6 10 10
9 14 19
4 7 14
17 18 22
17 20 28
22 0 26
14 18 38
15 17 10
22 2 11
13 17 33
11 15 37
12 16 13
18 21 33
4 9 2
19 23 6
1 3 26
14 17 37
11 14 18
21 0 31
5 10 29
2 6 4
16 19 22
5 8 11
14 16 11
10 13 23
14 17 27
20 21 6
3 7 3
5 8 37
10 13 10
6 10 36
21 22 42
18 22 4
16 20 29
3 7 28
16 16 12
1 3 29
4 6 44
18 20 8
20 1 7
6 10 10
10 12 12
5 8 43
0 2 6
3 6 4
4 6 17
21 0 22
5 9 1
15 18 21
14 17 18
10 12 22
19 23 36
16 19 4
5 8 44
1 4 16
6 9 19
3 6 28
0 4 1
5 11 3
0 2 3
7 10 41
18 21 17
2 6 33
8 10 38
6 9 1
1 3 27
14 17 29
17 21 8
10 14 36
1 4 34
6 9 31
9 13 8
23 2 33
15 19 41
20 23 11
2 4 16
15 17 28
22 0 27
19 22 17
12 15 41
8 11 11
9 10 7
23 2 26
20 1 1
18 21 21
0 3 36
23 2 1
20 23 15
5 8 29
11 14 24
20 23 11
17 21 16
8 10 29
4 7 4
6 9 39
10 12 29
12 13 16
14 17 35
14 16 40
10 14 30
20 0 9
2 6 26
9 12 30
9 11 5
5 9 21
5 7 2
2 5 22
22 1 4
0 2 11
5 8 44
6 8 30
22 1 4
18 20 18
10 14 17
5 8 22
21 1 5
2 4 40
21 2 36
13 16 37
1 4 34
15 19 27
8 11 19
4 7 22
15 19 24
17 20 31
8 10 14
13 16 10
13 16 27
6 11 37
8 11 27
11 16 9
6 9 24
18 21 13
19 23 3
11 14 17
13 14 37
14 19 9
20 22 41
9 11 18
20 0 7
3 4 11
5 8 11
2 3 21
1 6 16
3 7 10
21 1 39
20 0 3
3 7 35
21 0 27
4 7 2
9 13 8
16 20 21
5 9 39
3 7 5
14 17 3
8 10 36
17 20 12
1 5 27
10 14 27
17 19 2
16 18 7
19 0 28
8 13 32
3 4 19
4 7 41
17 20 26
7 11 5
3 6 25
8 10 28
12 16 12
13 15 3
11 15 18
23 3 20
23 4 23
7 10 13
7 10 40
22 2 24
15 20 39
18 21 14
15 19 40
18 22 24
15 19 30
9 13 19
22 1 28
14 15 27
21 0 15
19 21 34
9 13 41
21 0 43
6 9 5
20 1 28
4 8 12
18 22 22
22 2 28
7 9 31
14 16 35
14 17 33
6 9 14
19 21 39
17 20 29
20 22 38
16 17 19
22 0 17
9 12 17
12 17 34
16 20 22
12 16 39
20 22 7
12 15 2
4 8 35
3 7 35
15 18 2
4 7 38
12 15 7
22 3 3
2 4 21
0 5 27
17 20 7
5 7 35
16 19 44
19 21 41
19 20 22
20 23 42
16 18 1
14 16 18
6 9 35
23 1 27
19 23 5
8 11 21
12 15 38
12 17 6
2 5 17
20 23 22
3 5 17
20 23 40
20 23 26
4 7 42
6 9 29
21 0 37
4 7 22
21 1 13
3 6 27
14 15 11
20 20 7
7 11 27
20 0 43
10 14 40
4 7 12
22 1 21
3 5 16
16 19 19
12 14 30
7 10 6
16 16 17
23 2 10
22 1 4
2 6 35
19 21 10
10 14 43
2 5 25
3 5 39
11 15 37
11 14 39
15 18 31
11 15 11
21 2 44
1 4 14
8 10 14
2 4 24
17 19 44
6 8 12
19 23 8
9 12 42
12 16 36
5 9 21
13 16 38
1 4 5
22 1 40
16 19 15
19 21 21
13 18 20
7 10 16
17 21 27
19 21 12
6 8 40
5 7 43
13 16 26
16 18 3
17 20 38
5 8 34
21 0 18
17 22 42
23 2 2
7 11 14
3 6 24
14 16 18
10 13 16
7 10 32
4 7 26
0 2 40
5 9 11
14 17 31
1 5 34
7 10 29
6 9 9
1 5 37
8 11 1
0 3 28
22 2 39
7 12 7
22 1 44
13 18 28
4 7 12
3 6 41
8 9 40
19 22 31
2 5 24
12 17 2
3 7 6
0 4 6
6 8 18
10 13 18
10 13 42
1 4 26
18 20 44
19 22 27
15 18 16
10 13 5
14 16 42
16 17 13
21 2 32
16 20 37
9 12 4
11 16 36
20 1 21
19 21 7
15 18 10
4 5 25
8 12 30
13 15 12
16 18 1
7 9 8
0 4 36
9 13 6
19 23 34
11 13 31
10 13 1
0 3 15
1 6 4
2 6 9
15 18 31
12 15 39
21 1 20
22 1 20
8 12 4
6 10 40
21 0 19
16 19 18
8 11 21
14 15 16
13 17 43
21 0 6
5 9 36
15 16 5
17 18 7
6 10 3
9 11 32
13 17 4
20 1 16
19 22 33
6 10 13
13 16 2
9 13 32
7 10 17
20 23 30
17 19 31
4 8 24
10 14 23
1 4 27
6 9 16
20 22 4
7 10 28
19 23 25
11 13 14
11 13 42
21 23 31
5 10 9
6 10 36
13 17 34
11 15 12
21 2 10
7 9 17
9 13 39
21 1 21
0 3 16
12 14 23
22 2 24
14 18 40
17 20 22
9 11 37
4 7 19
0 2 15
22 1 17
20 22 12
9 12 29
0 2 14
17 22 35
3 7 26
22 2 44
13 16 12
7 10 23
9 14 30
10 12 24
11 14 38
20 23 7
10 13 12
1 4 8
18 21 22
9 13 34
1 3 34
9 12 1
4 7 39
16 17 29
19 22 2
9 11 10
12 14 15
22 23 7
5 8 3
22 1 35
7 10 15
15 17 35
21 0 18
18 21 18
4 8 6
21 23 2
2 5 43
4 7 21
23 0 41
20 22 1
23 2 38
21 1 25
17 20 15
22 0 29
23 3 10
22 1 33
4 6 32
13 14 44
16 20 19
15 18 36
3 3 16
12 14 35
0 3 15
6 9 23
5 7 41
19 20 4
3 7 24
12 16 1
22 2 1
21 0 30
20 0 28
5 8 4
0 3 34
9 13 19
14 16 17
4 8 16
5 10 29
22 23 41
3 5 11
17 19 6
2 3 15
14 18 13
10 15 27
18 20 10
9 12 5
2 6 27
4 6 23
5 8 15
3 5 44
22 1 34
5 10 7
23 2 16
13 16 7
1 2 2
13 16 10
9 11 12
13 18 13
6 9 35
10 13 35
4 6 35
18 20 39
19 22 24
4 7 11
18 21 44
15 16 14
23 0 18
14 17 34
22 1 16
14 16 27
9 11 16
18 20 44
16 19 34
10 12 30
2 5 41
17 19 15
13 15 3
14 19 24
20 0 3
14 17 25
3 7 21
11 15 29
0 4 18
9 12 27
11 14 1
4 6 23
7 10 44
17 19 28
11 15 9
7 9 25
4 7 4
10 12 18
13 14 6
12 15 23
7 10 29
19 21 35
3 6 2
0 6 36
15 19 28
7 10 8
7 9 28
17 21 22
22 1 38
2 6 16
16 17 42
5 6 28
19 23 10
20 23 18
5 7 37
10 12 1
22 1 25
1 4 42
4 8 6
14 18 30
19 23 29
1 5 29
16 18 12
17 20 11
13 16 22
3 5 14
23 3 4
8 10 39
20 22 41
4 9 27
1 4 3
9 12 21
19 22 26
2 4 29
14 16 5
3 6 26
13 18 36
21 0 5
17 19 29
23 2 15
9 12 21
0 4 16
11 15 37
5 10 26
22 2 16
19 23 11
18 22 29
0 2 41
7 10 18
8 11 37
11 14 3
19 22 11
7 11 17
12 14 17
1 3 12
14 18 18
14 19 1
2 4 21
10 12 25
1 2 1
16 18 36
3 8 22
8 11 2
12 14 37
17 20 2
18 22 15
11 15 8
1 5 15
13 15 27
6 7 36
12 14 35
14 19 38
12 16 21
7 8 24
7 10 34
5 7 12
7 10 24
6 8 25
20 22 42
5 8 10
13 16 19
14 19 10
23 3 44
8 11 2
1 3 42
10 14 32
13 17 14
2 6 39
3 6 25
0 3 7
20 23 41
4 6 31
12 15 15
11 15 6
18 22 13
6 8 40
7 9 40
1 4 1
0 2 38
3 6 43
10 12 3
8 11 2
8 11 22
21 1 31
6 8 12
20 22 21
11 14 12
13 17 11
16 18 26
23 3 38
23 3 14
17 18 20
3 6 10
10 14 11
4 8 4
16 19 10
18 20 11
18 19 10
20 23 11
20 23 26
17 21 23
11 13 5
8 11 10
3 6 34
23 1 9
15 18 16
22 2 16
0 4 11
1 5 42
6 8 22
20 0 37
14 18 43
22 2 19
22 2 23
12 15 21
8 11 6
7 11 3
22 2 6
20 0 34
5 8 11
6 9 43
14 17 14
9 11 24
18 20 30
0 2 7
14 18 12
12 15 40
5 9 10
19 21 26
15 17 1
13 16 17
7 9 19
18 22 32
0 3 22
18 21 40
11 14 3
23 3 11
2 5 34
17 21 39
6 10 36
19 22 7
20 22 8
13 16 43
12 15 24
13 16 10
19 22 8
5 8 30
12 14 11
3 7 28
3 7 34
1 3 10
23 2 24
11 14 33
2 5 43
2 4 35
5 9 10
16 19 20
0 2 37
13 15 4
7 9 15
9 13 7
23 3 7
10 13 15
12 16 31
15 17 40
0 3 23
15 18 16
8 11 12
20 23 44
4 7 9
8 10 32
14 19 43
8 13 4
4 8 14
9 13 33
13 15 35
12 16 38
2 5 32
7 10 5
10 14 36
22 0 23
12 15 10
0 3 28
13 16 44
19 23 18
10 15 8
8 10 23
3 6 43
0 3 40
10 13 10
14 17 43
3 5 21
20 1 33
16 19 14
13 16 9
18 20 16
12 16 24
2 4 8
16 20 8
20 0 38
6 8 22
18 21 20
2 4 44
9 12 21
7 8 35
4 7 23
21 23 40
14 17 11
4 8 2
14 15 31
5 8 34
9 12 4
3 6 24
13 15 35
22 1 42
0 1 15
5 7 3
7 11 1
18 20 10
12 16 15
1 4 31
17 21 29
1 4 11
1 5 5
23 2 32
12 15 15
2 4 31
17 20 16
15 18 36
15 20 28
17 19 21
11 14 43
4 6 14
19 21 32
14 17 27
23 1 10
12 15 28
7 10 32
1 5 40
14 16 44
8 12 20
1 4 16
20 0 13
12 14 20
6 9 20
17 19 26
12 14 31
9 12 29
6 10 3
4 8 43
17 21 42
13 16 16
23 1 17
14 19 12
20 22 27
21 0 29
0 4 38
18 19 24
17 19 5
10 14 35
10 14 30
10 14 18
4 7 43
10 12 41
14 16 38
19 22 13
11 13 37
9 11 15
6 7 3
1 4 7
21 0 34
6 7 24
4 7 17
22 1 29
11 15 21
13 16 12
10 15 14
4 6 35
19 21 23
0 5 27
23 2 21
8 11 14
14 16 27
6 10 11
3 5 27
1 4 7
20 22 16
8 11 12
11 13 14
14 17 15
1 4 13
15 17 4
18 20 39
0 2 35
3 8 31
20 21 13
0 2 13
7 9 43
5 7 20
1 5 10
6 10 9
10 13 31
20 23 37
7 11 18
5 8 33
17 20 24
21 23 21
23 3 44
15 19 21
9 11 16
18 22 44
22 3 27
16 19 26
11 12 43
3 5 4
12 17 39
4 7 8
12 12 19
4 8 19
6 9 40
13 16 44
4 7 12
8 10 21
11 14 32
7 9 38
2 6 19
19 21 26
4 8 36
15 17 13
14 18 7
2 2 27
17 20 43
17 20 18
17 20 2
3 6 32
14 16 20
8 11 25
4 7 15
4 6 13
21 1 32
1 5 25
6 9 42
18 20 40
3 7 18
11 14 3
6 9 38
6 7 9
17 21 1
11 12 29
12 14 21
10 13 44
9 12 31
18 20 27
18 22 16
2 4 15
19 21 44
15 19 1
14 15 25
23 1 4
7 8 8
14 17 30
17 20 24
19 23 23
5 8 40
8 10 16
11 13 23
11 16 13
9 14 37
4 8 35
1 3 36
21 0 12
17 22 42
17 21 37
19 23 39
21 1 1
16 17 31
17 20 25
15 19 16
14 17 32
8 10 38
20 23 7
2 6 13
1 2 31
17 23 2
0 4 24
11 14 23
14 15 3
10 13 27
22 2 16
23 2 30
15 18 29
7 10 35
11 13 5
3 7 13
1 4 37
10 13 3
1 5 13
11 14 25
20 23 38
3 6 21
11 16 7
5 7 14
18 22 30
14 18 1
8 10 41
18 20 36
21 0 39
9 10 19
2 5 3
6 9 43
9 13 25
19 0 43
15 19 27
13 15 10
2 5 13
10 13 3
16 19 41
10 13 41
23 1 37
19 22 39
14 18 18
18 21 42
10 12 36
23 2 41
1 2 9
21 0 29
19 22 20
11 13 29
5 9 34
8 10 36
5 10 15
5 6 17
20 23 3
4 7 41
3 4 32
8 11 25
0 2 37
17 18 31
1 3 14
1 4 5
12 18 43
2 4 24
8 10 16
17 19 38
4 7 17
16 19 31
23 2 21
20 23 32
10 14 13
17 21 9
18 20 32
8 11 15
23 2 27
14 15 18
8 12 33
13 17 1
4 8 36
19 21 3
14 18 25
14 16 43
22 2 40
4 7 31
22 3 33
19 23 33
20 23 9
7 10 10
2 5 19
2 4 25
16 18 11
9 11 3
23 0 28
2 5 16
10 13 11
17 21 15
17 21 10
21 23 17
6 9 30
3 5 8
3 6 35
18 22 23
16 18 21
17 20 17
9 11 18
8 10 24
1 2 11
11 14 36
17 21 26
1 4 22
6 8 30
0 4 41
15 17 15
7 9 19
9 12 22
22 1 39
16 20 39
22 0 13
10 12 12
19 21 33
3 8 9
18 20 5
8 11 40
1 3 5
13 17 2
6 10 28
7 9 35
4 7 42
6 8 33
17 19 44
19 21 26
17 19 25
5 8 5
0 3 38
18 20 12
16 20 3
1 0 10
6 8 28
7 9 40
11 14 35
9 11 31
8 11 14
18 21 35
19 23 23
3 6 30
16 18 30
0 1 26
20 23 10
22 0 35
4 5 16
11 13 29
2 5 29
20 1 44
15 18 1
19 23 30
22 1 9
2 6 18
18 21 10
16 17 42
8 11 17
4 7 20
6 11 16
19 21 27
5 7 28
23 1 9
22 0 4
2 6 11
17 19 7
10 12 12
5 7 33
11 14 23
22 1 27
11 14 8
11 14 27
9 12 25
8 11 23
8 10 16
0 2 41
17 20 25
9 10 3
17 20 21
15 20 43
23 3 42
21 0 11
19 21 36
14 19 19
9 13 12
9 11 38
14 16 29
9 11 32
0 3 8
3 4 19
4 7 18
22 0 12
16 18 23
14 17 36
7 9 9
7 10 16
6 8 3
12 16 5
10 14 42
22 1 36
11 17 42
20 22 6
19 22 8
18 22 8
13 17 27
0 2 31
20 23 10
18 22 2
13 14 5
10 15 1
5 8 37
19 22 11
14 17 6
12 16 33
9 12 9
18 21 42
13 17 37
10 12 33
23 3 23
17 17 1
11 13 13
7 9 16
6 8 43
6 10 10
6 8 5
9 12 20
18 22 13
15 17 2
5 8 33
16 20 40
1 5 5
18 21 23
9 12 33
3 7 7
22 0 27
11 13 41
4 7 9
6 8 4
19 20 28
21 3 39
5 8 1
19 20 3
12 14 23
10 12 3
2 5 36
23 3 10
9 12 21
5 9 14
23 1 22
12 16 24
2 5 40
14 15 4
11 15 36
20 22 20
5 8 30
7 9 33
12 16 38
9 13 20
0 2 41
2 5 32
6 8 13
10 14 1
21 0 35
1 5 14
16 19 4
5 6 18
11 15 20
18 22 13
18 22 22
14 16 44
11 14 30
16 18 26
22 1 7
22 0 8
13 16 29
9 12 32
3 7 7
8 10 8
4 5 18
15 18 43
1 4 9
8 11 1
1 3 37
4 8 2
12 16 35
4 7 44
1 4 34
8 10 34
1 4 26
4 8 5
23 2 40
20 23 14
23 3 24
3 6 41
5 10 19
13 16 14
15 18 21
9 11 13
14 17 19
8 11 7
13 17 20
0 5 3
4 7 5
4 6 28
6 9 16
17 20 17
11 15 30
13 16 13
20 0 23
9 12 1
1 1 23
8 11 34
2 4 28
22 0 9
7 10 17
17 19 19
8 10 10
22 23 28
14 17 6
0 1 29
10 13 42
1 5 44
13 16 33
0 3 25
18 20 11
7 11 15
13 16 20
12 15 36
3 5 6
15 18 14
8 13 40
10 13 19
20 22 27
16 19 43
15 19 26
2 4 22
4 7 31
17 19 41
15 17 43
22 0 10
6 9 4
2 4 22
1 6 17
22 1 38
11 16 39
18 22 1
20 0 21
4 8 2
5 8 34
12 15 3
6 10 6
12 15 20
20 21 29
10 11 33
10 13 14
8 11 32
15 16 11
15 17 3
6 10 32
22 3 27
23 0 3
1 5 35
9 12 42
11 14 37
9 12 8
0 4 17
10 14 1
19 22 31
7 9 8
5 8 26
23 3 22
1 5 16
4 8 41
20 22 4
14 17 28
19 0 17
13 17 38
8 10 12
18 21 9
2 5 42
19 21 13
11 15 1
13 14 10
8 11 39
3 6 2
1 5 18
2 4 20
19 0 21
9 13 16
11 14 41
6 8 13
14 18 20
14 16 43
1 4 17
12 14 23
12 14 36
15 18 18
3 5 11
0 2 15
8 12 43
4 6 3
23 4 16
3 7 39
14 17 40
20 0 30
5 9 42
2 5 30
18 20 39
5 9 28
7 10 42
22 1 37
16 18 33
12 17 43
10 13 17
15 18 36
2 5 11
20 23 33
4 8 29
11 15 5
14 16 3
0 2 30
19 23 28
0 3 3
14 17 44
12 16 41
18 21 7
3 5 25
23 2 5
3 6 9
6 10 3
3 6 3
6 11 2
23 4 44
22 1 15
13 15 10
14 18 13
20 22 39
4 6 40
0 4 19
16 16 34
3 4 27
21 1 34
1 2 22
22 23 5
4 9 16
3 7 30
20 23 15
1 4 6
8 9 25
11 15 17
10 13 19
11 14 40
21 1 24
16 18 13
16 20 28
15 16 32
19 23 24
9 13 14
2 5 37
13 17 30
6 8 22
1 6 32
2 4 11
13 15 6
16 18 4
0 3 1
10 13 38
12 17 39
0 3 33
6 8 32
7 8 37
15 19 33
4 7 6
16 19 3
21 0 8
2 5 25
15 18 44
7 10 29
20 23 35
16 19 7
10 14 6
3 7 24
11 15 3
22 0 16
17 21 30
23 2 2
16 19 13
10 12 38
7 10 3
5 8 23
23 2 37
6 9 11
8 11 25
23 2 17
19 23 37
9 11 27
0 2 28
10 13 30
3 5 4
9 12 38
12 14 9
22 2 44
13 18 6
19 23 1
19 21 32
11 13 14
6 7 20
7 9 24
23 1 16
4 7 33
17 19 31
2 5 7
22 2 17
17 19 8
11 14 18
20 1 22
2 4 9
23 4 26
10 15 33
11 12 31
19 21 28
0 2 40
8 11 4
9 13 37
13 17 39
10 12 11
19 23 15
6 8 6
12 16 39
11 14 37
0 2 25
7 10 23
14 17 16
0 4 13
13 15 36
13 17 13
7 11 24
7 11 43
16 20 23
5 9 18
4 7 11
14 16 19
15 17 4
18 20 8
13 15 44
4 6 5
18 21 6
8 10 19
23 1 5
19 22 14
13 15 38
7 10 1
9 11 44
22 1 26
2 6 9
10 13 41
3 6 36
14 17 24
14 17 44
6 9 40
3 6 38
0 3 6
4 6 43
13 15 40
11 12 19
23 2 6
2 5 1
16 18 8
22 23 44
6 9 12
19 21 12
14 17 3
15 18 39
18 20 30
19 23 23
5 9 44
5 7 29
6 8 24
12 14 21
1 4 2
15 18 14
17 21 2
15 17 12
6 10 41
14 17 21
8 11 33
4 6 43
11 15 26
14 17 28
17 20 6
19 22 40
11 15 24
5 6 22
8 12 39
20 21 13
5 8 5
19 21 7
14 17 21
12 16 34
13 17 30
15 17 36
9 12 35
1 3 39
17 20 43
7 11 26
22 1 21
12 14 13
5 9 37
16 18 23
21 0 26
15 17 2
17 19 36
8 12 36
5 10 17
3 6 34
7 11 25
1 4 13
16 20 33
17 20 30
9 12 20
14 19 21
17 19 26
17 20 15
1 5 39
10 15 26
15 17 20
20 22 12
6 10 3
5 8 38
21 23 3
19 0 2
10 13 40
23 2 7
22 1 4
23 3 10
0 3 29
7 10 6
14 17 36
15 20 30
6 11 31
19 23 30
21 0 14
16 19 4
14 17 43
13 16 28
22 2 20
5 8 12
5 8 34
10 13 12
7 10 43
12 14 26
2 6 38
19 23 41
10 14 39
17 20 25
21 23 7
7 10 11
4 9 30
8 9 29
5 8 25
6 8 14
23 2 23
11 15 9
8 13 25
17 22 34
0 2 37
23 2 19
19 22 17
1 3 5
9 12 38
13 17 27
22 0 17
19 0 4
10 12 34
8 11 30
5 7 32
10 14 25
13 15 12
18 23 18
18 21 10
13 17 6
3 5 20
11 14 42
5 9 14
19 20 42
22 1 21
4 7 17
20 23 29
5 7 41
1 3 42
18 22 18
23 0 30
19 20 44
15 18 25
18 21 18
5 8 36
9 13 27
18 21 36
12 15 41
9 13 8
16 18 18
19 22 8
11 15 24
21 1 29
11 14 19
18 21 43
12 15 4
0 4 37
18 20 9
11 15 21
13 16 32
17 21 15
19 22 37
8 10 36
12 15 38
16 19 37
15 17 44
7 9 22
1 5 28
21 23 42
14 16 29
19 21 14
6 8 7
1 5 17
15 17 12
23 2 44
1 5 38
4 7 44
0 3 7
22 3 28
1 4 11
2 5 25
10 16 37
19 21 13
1 3 29
12 15 30
1 4 20
21 0 2
18 19 16
10 14 37
4 7 10
14 17 21
6 9 10
21 1 23
15 19 12
8 11 13
2 6 10
1 4 12
19 22 7
22 1 18
16 20 32
22 2 40
11 15 26
12 14 43
0 2 4
23 1 25
19 22 2
23 1 15
10 13 23
15 17 12
13 16 12
3 7 23
21 0 19
13 16 14
17 19 27
12 14 9
16 20 17
19 22 40
12 15 19
22 1 19
18 20 4
23 3 20
18 21 37
15 19 13
8 11 34
13 16 42
7 10 42
4 7 31
19 23 1
8 9 6
6 10 30
12 14 39
2 6 38
8 11 15
2 5 33
17 19 29
8 10 31
3 4 26
10 12 36
10 12 31
0 3 11
5 7 33
5 9 31
1 5 38
10 13 33
4 8 42
7 9 13
16 20 8
11 12 12
3 6 31
17 20 38
20 22 28
12 16 34
9 13 11
4 8 38
21 1 21
8 10 24
23 2 22
22 2 33
18 20 35
2 4 4
14 16 18
15 18 19
0 2 5
18 20 24
8 12 11
18 23 5
3 7 12
15 16 27
17 20 18
18 21 37
4 5 22
11 14 26
20 23 18
9 13 33
18 18 38
16 20 25
8 11 6
17 20 38
14 17 30
21 0 21
4 7 32
7 9 12
11 12 37
15 18 44
4 7 2
14 16 7
23 2 10
12 15 25
2 5 12
12 13 13
22 1 36
5 9 39
7 9 1
23 2 3
22 0 27
8 12 38
4 6 20
0 3 14
12 15 11
6 10 35
23 3 40
6 9 13
10 14 32
14 17 27
8 10 42
16 20 30
14 18 9
15 17 1
4 7 33
9 10 20
12 15 44
23 1 20
0 2 39
8 10 3
16 19 2
10 13 7
23 3 12
17 20 11
18 22 5
20 22 38
13 16 30
5 8 8
10 12 34
5 8 3
9 13 40
8 10 37
13 15 21
19 23 27
5 7 11
22 1 3
18 22 8
6 10 25
18 21 40
16 20 33
21 0 42
20 23 34
22 1 5
4 8 10
7 9 4
20 22 34
20 23 41
23 1 22
11 12 18
13 14 22
12 15 23
0 3 1
6 9 16
12 17 11
2 5 29
19 23 25
7 10 34
7 9 15
11 13 39
3 7 37
21 22 31
3 6 22
3 5 18
19 22 20
21 23 3
8 11 25
20 23 2
7 10 40
0 2 4
4 7 4
3 6 35
3 6 37
17 20 42
13 17 21
8 11 20
12 16 1
20 0 19
12 16 2
23 2 43
14 16 23
17 21 36
5 9 17
8 11 44
3 4 5
22 1 2
3 6 39
2 5 30
13 16 24
4 5 22
20 22 7
5 8 1
18 22 18
0 3 35
7 10 13
2 5 33
20 2 3
1 3 4
22 0 33
1 3 3
1 4 24
15 18 5
8 10 24
19 22 19
23 3 9
6 9 21
8 12 11
8 11 17
5 10 14
8 11 16
0 3 42
6 10 44
13 15 33
12 14 12
7 11 24
2 6 4
12 16 3
19 22 7
22 1 11
14 17 8
6 10 26
12 14 15
4 6 42
0 1 20
5 8 22
19 23 5
21 23 5
23 3 39
23 1 35
5 5 36
0 3 41
0 4 1
15 17 20
16 20 1
14 17 28
10 12 14
12 15 11
15 18 41
21 0 3
10 13 8
15 18 9
10 14 35
7 12 17
10 12 5
14 17 25
7 9 23
7 10 30
9 12 23
7 8 4
21 1 20
1 5 33
2 4 24
8 11 18
9 13 2
15 18 42
15 18 33
20 1 38
9 13 38
17 20 30
13 15 15
0 2 14
11 14 27
21 22 14
22 2 16
1 4 17
16 19 35
20 0 28
15 18 5
4 9 37
23 2 23
18 23 29
23 3 16
18 21 3
4 6 8
10 13 33
23 2 29
18 21 20
17 19 40
6 12 32
2 5 34
21 23 9
16 18 7
12 15 11
20 20 28
14 17 1
10 15 11
5 9 13
23 2 1
4 9 7
4 10 26
12 16 1
3 5 38
8 9 29
14 18 19
10 13 7
20 0 35
5 8 32
15 18 27
8 12 12
17 22 35
22 0 23
18 22 19
9 12 39
15 18 44
6 10 25
0 3 42
8 11 8
4 6 42
5 8 11
16 20 32
19 23 21
17 19 31
4 7 29
1 4 2
21 2 43
23 1 8
5 8 3
15 18 5
0 1 40
21 3 10
1 5 5
10 14 16
17 18 4
19 19 19
10 12 33
20 23 25
6 10 28
12 14 42
14 17 9
14 17 44
8 11 18
11 13 18
15 16 31
10 13 40
4 7 26
0 4 19
14 18 41
0 4 9
23 2 9
11 16 26
19 23 36
7 9 29
14 17 39
17 21 8
11 15 16
23 3 22
19 23 3
10 14 44
18 20 16
21 0 42
22 2 1
7 10 11
19 20 2
20 22 32
14 17 25
20 0 8
12 15 22
5 8 27
12 14 34
6 7 18
0 3 34
7 9 15
16 18 26
20 23 31
16 18 10
3 5 42
12 16 42
11 14 10
23 1 25
3 6 35
2 6 5
22 2 8
17 19 38
15 16 19
22 0 6
8 10 24
13 16 15
17 21 15
17 19 10
2 6 38
19 21 28
21 23 30
9 13 30
23 2 35
16 19 42
23 2 26
17 19 10
11 14 31
14 16 28
12 17 16
10 13 22
16 17 21
12 16 11
2 4 10
9 11 43
5 8 5
8 9 27
13 15 41
13 17 31
15 18 44
2 6 44
1 3 10
6 9 33
16 20 20
3 7 19
9 12 25
6 8 23
3 7 6
0 2 25
10 12 32
13 14 30
20 23 17
20 0 3
19 23 8
18 22 21
21 23 13
0 3 34
16 18 36
2 4 4
8 9 3
2 5 40
23 3 23
0 3 10
12 15 16
3 5 13
7 10 37
6 8 11
21 0 6
15 18 44
7 8 5
21 0 20
23 3 42
4 5 34
5 9 38
3 7 43
10 12 18
12 16 44
20 23 28
18 20 15
7 11 2
17 20 43
18 22 16
23 1 4
14 16 15
20 22 36
19 20 20
20 22 29
14 18 31
16 18 14
7 10 6
12 14 22
3 5 18
23 3 40
15 17 28
6 10 6
21 1 32
16 18 38
17 20 15
16 21 33
9 14 35
17 19 10
0 4 3
10 12 22
15 19 4
5 9 12
0 1 9
3 5 19
22 1 21
19 19 3
2 4 25
20 22 42
11 15 7
12 15 19
16 17 20
2 4 12
21 23 24
23 23 19
22 2 19
3 6 30
6 9 19
10 13 21
15 18 34
14 17 12
18 22 17
23 4 19
0 2 23
15 19 35
12 16 43
13 17 43
5 7 29
14 17 5
21 23 37
0 3 31
18 22 13
0 4 25
7 11 31
23 3 35
11 14 8
23 1 3
20 1 26
19 22 2
6 8 15
10 15 36
15 20 1
7 10 20
10 12 32
18 20 2
10 12 18
2 4 6
16 20 9
4 5 43
6 9 22
16 19 40
6 11 33
13 15 1
22 23 21
9 10 35
23 0 4
7 10 21
1 4 31
17 20 11
21 1 21
18 23 2
12 16 35
16 19 43
0 3 42
9 12 11
22 1 37
13 16 37
8 10 5
17 20 14
1 3 27
21 0 30
2 5 29
19 23 14
4 7 29
22 0 26
19 21 28
4 5 2
7 11 35
11 15 44
21 22 23
10 12 28
22 1 23
22 0 42
15 18 43
7 9 35
11 14 31
17 20 9
23 3 17
20 1 2
21 1 10
18 19 3
22 0 44
5 8 33
12 16 21
12 14 19
9 14 44
0 5 13
19 22 14
18 21 42
10 14 18
1 3 32
15 19 30
8 12 26
11 13 28
4 6 37
23 1 41
2 6 37
17 19 26
14 16 4
14 19 35
13 16 5
16 19 3
15 20 33
22 2 26
11 14 1
7 11 19
9 12 36
5 8 33
10 13 14
0 3 40
15 17 9
20 23 3
14 18 10
1 5 31
14 18 20
6 10 23
9 12 15
23 1 6
9 11 44
5 8 28
10 13 31
4 8 5
4 7 32
8 14 12
17 20 27
1 5 2
23 2 26
0 3 6
18 21 35
14 15 29
10 13 31
12 14 17
18 20 35
12 16 34
22 22 24
19 0 40
17 21 5
8 11 27
7 11 41
3 5 32
1 4 23
0 2 32
21 0 21
1 5 26
22 1 22
13 17 33
21 0 42
17 21 41
11 14 11
8 11 44
14 17 11
21 23 4
15 17 30
4 5 11
16 20 6
8 12 43
15 18 16
8 11 16
0 2 42
23 1 1
0 2 9
1 3 43
21 23 38
1 5 37
21 22 33
2 5 44
19 20 40
14 17 41
5 7 17
7 10 26
7 12 7
21 1 24
3 7 33
21 23 39
20 0 40
11 15 36
12 14 40
21 0 18
9 12 33
6 8 18
17 20 18
13 16 32
3 6 22
11 13 39
16 19 22
21 23 11
5 9 23
23 2 14
16 20 20
22 2 26
8 14 13
10 12 15
22 0 17
15 16 24
13 18 20
12 13 39
14 18 15
0 2 25
3 6 26
20 22 28
19 23 26
18 20 7
6 8 22
14 17 34
0 3 5
21 22 10
3 7 37
12 14 41
2 4 29
7 10 27
5 8 26
9 11 36
3 6 32
16 19 32
1 4 18
19 22 15
7 11 8
13 15 30
21 1 19
8 12 14
9 11 20
10 13 5
5 6 37
22 2 2
14 18 3
6 9 31
18 20 41
22 1 28
22 1 15
9 14 22
12 16 4
10 13 11
3 5 1
3 7 31
5 10 8
21 1 20
4 6 28
5 9 26
11 14 28
19 23 33
17 21 33
7 11 27
14 16 18
3 8 13
10 11 30
12 15 21
10 15 34
10 14 43
16 18 10
9 13 16
19 21 12
23 3 42
9 12 43
8 10 43
23 2 23
19 21 35
21 23 33
12 15 22
3 5 35
21 23 32
15 17 30
17 20 37
1 6 37
22 0 11
12 15 14
12 16 14
0 2 2
13 14 8
3 5 36
18 20 43
11 13 1
1 4 2
12 15 27
3 6 15
5 9 7
7 11 18
1 1 42
18 21 31
18 21 4
21 0 27
19 22 8
17 21 10
10 14 34
16 20 35
11 13 21
9 12 16
13 16 3
6 8 9
3 6 39
11 15 4
19 22 40
5 8 35
7 10 25
17 20 3
20 23 44
19 20 22
6 7 39
8 11 31
1 4 13
2 6 16
0 4 4
23 2 1
22 23 28
16 19 20
7 10 25
22 23 17
10 12 32
23 2 2
16 18 32
5 9 25
9 10 43
19 21 42
5 8 11
6 8 30
3 8 44
23 2 26
18 21 7
0 3 10
18 22 25
13 15 35
2 6 34
14 18 27
10 12 28
13 16 16
14 17 28
11 14 35
22 23 39
23 2 28
3 6 29
20 23 38
11 14 39
14 17 8
1 5 40
11 13 26
1 4 12
4 7 24
22 1 31
21 0 16
15 17 39
16 18 35
3 6 23
20 23 39
1 3 42
4 6 1
8 10 7
21 23 15
11 14 32
20 23 26
5 6 21
15 18 8
11 14 20
6 9 9
19 23 16
22 1 26
3 7 20
3 5 14
20 22 32
0 2 12
6 11 20
10 13 22
1 4 15
1 5 3
8 10 10
21 2 2
10 13 19
1 3 20
9 12 15
19 22 12
11 14 35
14 17 20
12 13 9
14 17 39
13 18 15
23 3 38
2 6 22
15 17 6
5 9 8
19 22 39
2 4 35
5 9 13
19 21 42
18 20 16
5 7 22
1 6 34
4 7 43
11 13 11
2 4 5
15 18 14
14 17 5
21 1 24
12 16 2
3 7 15
9 12 12
15 20 24
12 15 2
18 19 18
7 10 24
18 23 2
3 5 2
7 11 41
14 18 23
8 10 29
5 8 44
12 14 12
12 13 24
15 20 40
9 12 10
3 4 28
12 15 11
6 9 1
11 13 40
21 23 13
18 20 44
17 20 22
18 21 8
13 16 41
19 20 6
3 4 34
0 3 20
5 8 35
14 16 40
23 3 38
12 14 14
3 7 6
20 23 14
0 2 22
14 17 28
19 22 31
6 8 16
6 9 20
6 9 32
0 2 43
3 5 44
11 14 26
19 22 8
6 8 23
15 19 31
5 8 38
10 14 17
12 14 8
0 3 15
16 19 19
21 1 40
21 1 19
22 0 28
15 18 10
18 20 31
14 18 8
17 20 16
20 0 36
23 2 30
12 15 31
23 2 27
0 3 15
2 4 28
23 2 27
4 7 11
20 2 38
11 13 44
16 18 19
15 17 9
10 16 37
23 4 43
14 15 22
19 22 42
13 16 12
1 3 4
19 23 29
8 9 13
12 14 7
9 13 23
10 14 31
0 2 39
1 3 43
19 22 9
16 18 16
5 7 43
12 16 5
12 16 19
6 10 25
19 22 23
23 4 33
0 2 26
10 14 31
0 2 15
3 6 12
11 13 39
9 9 44
17 19 16
9 14 9
2 5 18
11 14 10
11 14 8
5 10 19
13 17 40
21 23 3
7 9 6
15 17 28
10 14 41
7 11 8
21 1 13
23 2 34
3 7 43
21 23 13
12 17 7
18 21 43
9 12 22
2 5 28
9 12 9
0 3 20
20 23 8
15 17 23
0 3 39
6 8 23
2 5 23
23 2 26
19 0 34
0 4 38
4 6 36
15 20 28
14 16 43
0 2 40
11 15 27
18 0 28
20 23 28
20 23 42
15 20 38
12 14 1
5 9 29
23 3 42
7 11 22
4 8 16
18 20 38
17 19 27
21 2 20
23 0 30
10 12 27
19 23 8
10 12 35
8 12 24
22 0 38
12 16 24
13 15 32
13 18 27
18 21 32
19 21 20
2 4 7
23 2 12
17 19 29
11 17 1
8 12 14
9 11 17
1 4 32
3 6 34
2 6 32
6 10 5
20 23 6
23 1 19
0 4 31
21 0 20
5 10 39
18 20 15
20 22 23
10 12 26
9 11 32
3 6 43
1 4 33
20 1 21
10 12 42
5 7 35
6 9 17
11 13 41
21 3 44
15 17 17
10 13 27
7 8 35
5 7 31
18 23 38
23 2 32
14 19 6
12 14 17
23 2 30
16 19 22
13 17 3
14 18 1
4 8 4
13 15 39
0 2 33
2 8 16
9 12 23
23 2 13
6 9 37
18 22 10
7 12 16
7 11 11
9 12 6
9 12 1
21 0 24
5 7 11
7 9 18
11 14 8
8 9 32
17 20 21
4 6 14
0 2 26
16 20 31
6 10 12
21 23 27
2 4 2
2 3 4
6 8 35
23 2 41
11 13 42
5 9 15
8 11 32
11 15 29
18 22 32
8 10 10
18 21 34
0 4 33
23 3 28
0 3 19
11 15 41
9 11 8
11 14 16
20 23 26
23 2 36
18 22 23
12 15 20
21 1 35
1 5 28
22 0 40
8 11 15
5 9 12
0 5 30
23 3 3
15 17 9
19 0 11
15 17 4
15 18 26
12 15 37
11 15 10
6 10 42
6 9 25
12 14 40
3 7 37
18 22 20
14 18 20
21 1 3
23 3 38
17 20 10
16 19 19
13 17 4
7 9 24
4 7 14
2 5 8
12 14 1
7 12 2
13 15 4
4 8 10
6 9 17
22 1 41
8 9 42
6 9 35
13 16 24
4 7 32
4 7 32
22 0 32
12 15 17
15 19 19
4 8 15
12 16 8
1 4 12
11 14 23
2 5 26
17 21 39
4 5 38
12 16 1
1 4 35
9 11 26
7 10 32
21 0 30
11 12 11
6 9 35
7 9 43
4 9 35
3 5 30
18 21 16
5 9 36
6 9 8
22 1 20
13 16 18
3 7 23
21 1 43
1 5 44
5 9 18
20 23 34
18 21 6
22 4 2
14 18 35
12 14 11
6 9 8
10 12 23
7 11 44
5 8 38
9 14 28
22 0 15
0 3 12
21 0 11
13 16 3
9 11 9
15 18 30
7 11 40
19 23 13
14 19 42
19 22 29
20 0 36
17 22 41
0 3 44
4 7 3
13 16 14
0 4 13
22 1 32
5 9 19
21 22 22
16 19 13
13 16 23
23 1 41
6 9 4
21 23 31
18 22 16
0 3 12
12 15 37
18 20 30
11 14 16
22 0 14
4 7 31
23 3 36
22 2 37
17 22 19
12 12 41
0 3 43
7 10 13
4 5 21
23 1 8
12 13 6
19 21 9
23 1 4
10 12 3
23 1 12
7 12 37
22 2 20
19 22 29
15 16 42
22 0 20
15 19 14
18 22 23
7 10 37
7 11 22
3 7 39
10 13 7
9 11 18
8 11 34
11 13 33
1 3 27
0 3 13
7 12 7
19 22 25
7 9 9
16 18 15
16 18 26
3 7 23
22 23 4
23 3 25
22 1 36
15 16 24
3 5 21
5 7 16
15 20 44
20 0 38
1 3 28
13 15 33
7 11 15
21 2 12
13 15 6
23 3 5
21 1 2
2 7 8
11 14 7
21 22 14
17 20 37
14 17 21
0 3 24
4 8 19
4 10 33
11 14 42
18 19 7
12 14 26
22 1 20
20 0 37
0 4 14
20 22 1
11 14 39
17 21 37
10 13 33
8 12 24
15 19 27
5 8 31
6 8 23
20 0 18
0 1 40
2 5 5
7 11 14
20 22 13
4 7 39
17 18 2
3 4 9
6 10 19
0 2 16
8 10 41
22 1 37
1 3 31
16 21 12
11 14 35
13 18 20
20 0 17
17 19 37
12 15 1
1 3 32
6 8 35
17 19 39
1 4 37
17 20 41
4 9 30
20 0 7
2 7 37
13 17 38
1 5 7
20 0 4
2 5 13
11 15 34
12 14 35
7 10 19
13 15 12
23 2 27
20 22 17
6 9 18
3 7 15
20 0 40
3 6 6
8 11 29
20 0 8
6 10 9
21 0 7
1 4 32
5 8 33
21 23 14
11 15 24
19 23 22
20 22 1
1 3 32
12 14 33
17 20 16
8 10 15
9 13 31
10 13 26
15 17 8
22 0 42
9 13 33
1 3 26
11 14 35
2 7 35
14 17 23
8 12 13
8 10 22
19 22 24
8 10 37
21 0 15
7 10 27
4 7 19
21 0 17
7 12 27
18 21 6
4 8 22
13 15 28
13 16 44
2 5 38
1 6 20
4 6 2
6 9 4
16 18 38
14 17 40
17 19 30
21 1 34
18 21 13
14 17 21
18 20 16
8 10 29
14 18 14
5 8 41
11 14 5
4 7 9
12 14 10
18 21 26
8 11 15
19 22 17
6 9 19
2 5 1
21 0 28
10 15 40
0 3 2
18 22 27
12 14 24
22 2 31
15 18 43
7 9 39
7 9 17
11 13 8
17 21 41
9 12 20
4 7 43
21 0 21
2 4 32
20 23 36
12 16 30
12 15 32
0 2 36
11 15 40
7 11 17
20 0 36
18 22 43
18 22 43
23 3 43
9 14 33
0 4 16
4 7 34
3 6 14
7 10 38
15 17 10
10 13 7
16 19 30
4 8 8
18 20 11
15 18 35
4 6 11
0 3 39
5 9 23
21 0 11
15 17 15
8 11 14
19 23 8
13 15 23
21 0 7
21 23 29
16 18 18
14 16 29
21 1 3
1 4 8
16 19 20
14 17 31
17 21 15
23 4 42
23 3 22
10 15 39
6 8 7
14 17 36
21 1 39
9 13 43
18 21 5
3 6 37
4 7 5
18 21 43
10 12 23
3 6 31
9 13 38
18 21 34
9 11 22
8 11 28
22 1 7
21 0 44
6 9 41
11 14 37
11 14 5
21 0 18
4 6 3
11 15 24
11 14 39
10 14 44
23 4 37
16 17 8
15 18 34
21 23 35
2 7 6
15 18 23
2 5 29
6 10 28
0 5 29
13 16 10
19 22 6
14 16 30
6 10 26
23 1 35
12 14 36
1 5 10
10 15 27
9 12 7
20 23 38
6 9 10
19 22 21
16 21 6
18 20 38
19 22 43
21 0 20
12 16 9
21 0 12
16 17 37
3 6 42
2 5 3
22 2 17
10 13 25
19 21 18
12 14 18
12 15 18
10 12 38
20 22 5
5 8 22
21 0 37
18 20 17
6 11 27
11 16 12
22 1 22
13 16 35
3 7 31
19 23 41
6 9 37
0 3 39
10 13 2
14 19 44
10 15 7
20 23 4
20 22 40
9 14 28
18 21 4
23 2 13
20 0 6
10 11 13
6 10 9
15 21 8
23 2 23
3 6 34
9 12 32
4 7 17
23 2 30
13 15 39
1 3 35
12 14 1
17 20 38
0 2 2
2 5 7
16 20 30
17 19 13
1 4 17
16 19 8
20 0 7
17 20 31
11 14 8
3 5 44
20 0 18
6 9 1
19 22 41
17 21 31
19 20 28
9 10 39
8 10 4
4 7 7
12 17 10
23 2 44
8 9 4
13 17 3
19 22 21
7 10 4
21 0 27
17 21 5
2 5 4
3 5 19
2 5 38
6 8 41
6 9 38
16 18 29
5 8 36
2 4 5
18 20 19
4 7 36
17 20 31
21 23 14
2 4 35
18 21 35
9 13 38
16 18 38
18 22 39
16 18 1
9 12 29
12 15 38
1 5 36
12 15 7
12 16 14
13 17 9
16 21 43
15 17 6
6 7 6
8 11 43
7 9 27
3 6 39
23 2 12
3 7 24
0 5 9
0 3 6
14 16 27
4 7 16
19 22 5
1 4 18
4 6 9
10 14 19
9 12 3
23 1 2
10 13 18
1 5 18
11 14 5
9 10 20
22 2 33
22 0 30
4 7 39
6 8 40
6 8 28
21 23 9
0 2 31
7 10 4
14 17 28
14 17 14
13 15 24
17 20 17
16 20 14
10 13 5
23 1 19
9 13 14
13 16 25
22 23 32
7 8 42
16 18 32
21 0 1
21 23 36
14 17 28
21 0 32
22 0 28
6 9 15
12 16 35
1 3 43
14 18 11
9 13 30
2 6 27
9 11 32
23 3 21
11 14 14
20 23 36
3 8 32
13 17 25
21 1 44
11 14 32
19 22 9
22 1 31
20 21 9
17 20 3
10 11 27
6 8 8
15 17 3
2 6 15
6 8 32
12 16 44
22 3 38
23 0 39
21 0 29
16 18 36
17 21 42
2 5 6
13 16 5
9 10 34
0 2 34
7 12 16
12 16 9
1 5 30
10 13 10
9 13 7
4 7 30
9 13 23
15 17 2
19 22 16
22 1 8
14 16 22
18 21 8
19 22 14
10 13 42
11 13 41
1 4 17
12 14 33
5 7 28
10 13 8
1 6 34
23 0 19
6 8 26
6 9 22
13 16 10
3 7 3
2 5 42
18 21 20
8 11 10
13 15 5
20 23 21
16 18 40
19 22 9
16 16 38
18 21 23
0 5 39
16 18 22
22 1 37
12 14 28
9 12 41
13 17 12
0 4 32
17 22 32
6 8 28
10 14 34
6 11 7
2 5 1
9 14 40
2 7 7
11 13 12
0 5 23
5 8 4
20 22 44
7 11 29
14 16 25
9 13 30
5 7 42
8 11 15
18 22 33
0 4 6
19 23 41
23 1 18
22 2 3
3 7 14
15 18 44
17 22 18
16 21 4
23 1 33
5 7 42
5 9 37
12 16 21
6 12 40
2 5 3
14 18 38
10 13 30
9 13 44
9 11 30
11 14 2
11 15 17
20 22 36
21 0 11
4 7 15
11 13 11
21 0 11
18 20 21
21 1 10
0 4 27
8 13 3
8 10 27
6 8 32
13 15 14
3 6 22
19 20 6
12 15 19
9 11 9
5 8 11
14 17 10
7 11 17
3 6 28
13 15 16
2 6 15
10 11 15
14 15 7
14 17 20
12 14 5
13 16 17
4 8 24
19 23 3
22 0 22
16 18 16
1 3 33
5 7 13
2 6 24
6 9 7
23 1 29
13 15 5
13 17 24
19 23 31
6 9 28
9 12 8
10 14 32
5 7 18
13 17 37
20 22 17
4 7 2
16 20 32
4 7 33
23 2 28
13 15 38
6 8 23
8 11 20
7 10 44
5 7 26
23 3 27
9 12 9
16 19 29
3 6 27
23 3 38
1 4 44
6 9 34
22 2 29
0 3 3
14 16 38
17 20 11
2 4 3
20 23 35
5 7 23
6 9 7
16 19 4
8 13 23
6 9 5
23 4 23
16 19 24
18 21 11
8 9 16
23 1 11
13 16 37
14 15 13
21 0 33
2 4 5
3 6 39
13 16 37
22 1 4
23 0 13
5 7 42
0 4 28
16 19 5
8 13 40
14 17 23
3 7 19
5 7 42
0 4 26
11 15 3
7 11 20
20 0 40
16 18 13
11 15 35
9 10 33
14 17 26
20 23 41
16 20 23
4 7 42
13 15 26
22 2 28
8 10 17
3 6 18
15 19 10
9 13 33
5 8 38
19 23 7
1 5 28
19 22 20
19 22 36
16 20 3
7 10 10
20 23 16
6 11 27
10 13 30
10 13 26
23 3 33
13 16 10
21 22 31
1 4 22
18 21 29
17 22 32
2 6 17
4 7 11
12 14 9
8 11 7
5 6 1
23 3 21
23 1 11
18 23 43
12 15 9
18 19 2
18 20 3
0 5 9
6 9 13
19 21 11
23 2 33
3 8 39
21 0 37
17 22 7
9 12 2
10 12 44
3 7 1
12 15 10
9 12 13
19 0 28
18 22 27
4 7 22
0 2 17
18 20 2
1 2 17
14 16 31
7 10 7
10 13 8
14 18 1
14 17 30
0 2 44
23 3 4
3 5 43
0 3 10
4 9 26
11 15 34
9 12 32
7 11 26
2 4 5
0 4 44
19 22 7
17 19 2
15 18 15
20 0 23
15 18 39
8 11 26
7 12 40
20 1 28
10 13 11
12 15 5
11 13 40
3 7 36
7 10 32
9 12 33
12 16 42
1 3 14
6 8 16
17 21 24
3 7 31
17 20 16
3 7 40
7 10 21
6 8 35
5 8 26
0 2 32
6 10 20
13 16 35
19 21 22
14 15 27
10 13 15
3 6 4
9 13 29
16 18 36
5 9 3
5 9 12
4 8 25
1 4 17
6 10 42
11 14 41
23 4 27
3 5 11
21 0 6
0 4 22
19 23 15
20 23 3
21 0 34
8 11 13
7 10 27
17 20 20
15 18 3
1 3 7
2 4 16
0 4 3
6 9 14
23 1 29
16 21 1
23 1 9
22 2 23
5 8 27
8 8 19
6 9 6
0 4 27
5 7 4
19 19 19
22 2 42
16 19 42
7 11 18
13 16 10
10 14 7
22 22 13
22 2 25
16 18 23
19 22 39
0 5 21
17 21 43
4 5 37
6 10 15
10 13 10
5 8 33
9 13 24
15 17 37
14 17 24
15 17 15
9 14 2
13 16 31
15 18 34
12 16 5
21 1 25
20 22 22
1 4 15
0 2 23
21 1 17
15 16 22
2 5 34
4 8 18
17 19 42
8 12 5
15 18 35
19 22 40
7 12 4
11 14 8
12 15 27
1 5 44
12 15 10
6 10 3
14 19 35
21 23 27
12 15 7
6 9 30
0 4 16
21 0 29
3 7 7
10 13 27
17 20 16
10 13 44
1 3 10
20 23 19
17 19 26
2 5 6
15 18 10
11 14 32
8 12 43
14 18 28
19 21 14
2 6 3
18 21 8
19 23 5
5 8 11
14 17 29
10 15 23
12 13 30
8 11 14
5 8 6
8 12 26
23 1 35
2 7 15
11 14 32
14 16 6
3 4 44
18 20 8
10 12 23
10 14 18
2 5 11
2 4 21
18 20 39
7 10 30
7 10 19
13 16 18
2 6 12
6 8 36
5 8 28
21 2 32
14 15 13
4 6 34
10 13 38
22 1 30
5 9 11
15 18 2
15 19 8
4 8 32
6 9 38
17 18 35
12 16 21
3 6 44
12 14 11
6 9 35
3 7 32
23 1 13
13 16 27
19 22 37
9 13 33
23 2 3
22 1 32
5 10 7
0 3 17
8 10 27
7 11 7
20 23 42
20 23 21
15 19 39
7 10 15
14 17 28
9 12 28
15 19 20
20 22 16
11 14 32
6 10 1
13 14 21
10 13 12
8 9 26
15 19 23
2 4 43
15 18 40
18 21 37
12 16 7
2 4 39
10 12 22
17 19 17
9 11 39
18 22 29
15 20 36
18 21 35
20 23 4
13 16 31
15 19 26
12 15 29
1 4 31
1 3 9
16 19 28
9 11 4
9 13 43
7 9 32
22 1 41
12 13 21
1 4 44
11 14 13
0 3 43
23 2 7
23 1 4
0 2 44
18 20 27
7 11 30
12 15 43
15 18 36
15 17 5
6 8 12
15 17 33
3 6 18
6 9 39
0 3 1
7 11 28
13 18 26
16 19 37
15 18 14
16 19 24
23 0 12
13 16 13
19 22 35
12 17 36
14 16 22
12 15 33
17 18 3
23 2 5
23 1 36
7 11 36
1 4 8
11 16 40
10 14 2
0 2 8
15 19 24
12 15 23
23 2 38
22 1 22
6 9 4
19 22 43
20 1 14
3 6 16
15 18 32
1 4 19
13 16 19
18 22 10
13 16 22
8 12 3
18 23 41
0 3 33
13 17 5
13 17 11
22 2 41
11 14 15
20 22 19
3 5 42
2 5 21
9 10 23
15 17 36
15 17 18
17 20 19
5 9 18
7 11 23
7 10 28
13 16 35
0 2 27
16 19 20
20 0 6
6 9 18
5 8 41
5 9 7
8 12 34
12 16 23
15 16 42
17 20 15
4 7 7
4 7 31
7 10 29
17 20 8
14 18 12
11 14 26
2 5 22
0 1 37
7 10 38
4 7 40
20 22 35
2 4 25
7 11 10
18 20 31
8 12 15
18 19 24
3 6 27
10 13 33
19 22 21
2 5 25
12 16 25
17 20 34
4 7 9
0 2 43
9 13 34
8 10 18
17 20 30
16 20 11
16 19 11
4 8 35
15 18 8
4 7 2
11 13 34
22 2 36
14 17 28
20 21 30
17 21 35
9 12 10
1 6 44
5 7 7
6 9 34
22 1 31
3 5 40
14 17 6
12 15 26
12 14 34
18 21 35
21 0 4
15 18 8
5 8 6
14 19 44
12 14 31
2 3 41
3 4 19
10 12 38
2 7 15
15 18 11
12 14 23
22 1 23
16 21 7
0 4 38
12 14 8
15 17 16
8 11 13
17 21 1
1 4 18
15 18 10
0 3 42
1 5 5
7 11 28
16 17 37
9 11 24
16 19 12
15 17 36
8 10 29
8 8 1
5 9 35
10 15 13
11 13 43
10 13 11
11 12 43
15 20 14
11 13 36
19 22 8
1 5 16
6 9 37
23 3 10
13 17 32
2 5 25
6 10 44
10 15 41
2 5 17
9 11 4
3 7 38
0 1 43
5 8 20
9 13 42
21 0 42
14 18 27
0 3 29
11 13 17
3 6 30
15 17 34
1 4 12
21 0 26
10 11 7
5 7 19
23 2 16
8 12 28
7 10 11
7 13 14
22 0 8
16 20 34
3 8 28
14 17 19
17 18 35
15 18 3
2 4 25
22 23 7
15 18 8
15 18 16
13 15 37
11 13 44
20 0 12
23 1 25
11 14 34
4 9 11
16 18 9
0 4 8
12 14 15
17 19 41
22 1 27
17 20 18
4 6 21
19 22 29
17 19 34
4 7 15
19 23 38
13 17 6
5 7 27
14 17 3
4 6 34
7 9 29
3 7 27
12 16 26
17 19 23
5 8 25
20 23 2
0 1 31
15 18 36
18 21 17
5 7 24
15 18 18
5 7 27
14 19 37
4 7 5
18 21 27
16 18 14
1 5 6
18 21 21
15 18 40
20 22 3
6 9 19
18 21 44
3 6 22
9 12 42
20 23 14
7 9 2
18 20 3
12 16 19
4 7 44
6 8 39
11 13 23
11 13 34
16 19 37
10 13 28
9 11 42
11 14 40
21 23 33
16 19 12
14 16 35
20 23 33
7 11 41
2 4 38
3 6 38
0 4 13
11 13 15
11 15 24
14 16 6
10 15 4
1 5 11
3 8 34
23 4 25
13 17 31
11 15 36
18 20 14
20 1 39
14 19 37
17 21 16
12 15 22
15 17 40
21 23 21
1 3 17
13 16 6
16 19 31
14 16 28
16 19 19
22 2 25
2 4 28
19 22 11
14 17 9
11 15 40
12 15 41
14 17 25
2 5 33
21 22 14
9 12 11
11 15 28
20 0 44
5 8 25
13 17 9
5 8 17
12 15 41
13 16 44
23 2 17
3 8 18
0 4 38
6 9 44
3 6 15
13 16 10
6 7 26
18 21 34
13 16 36
12 15 37
15 18 5
10 12 36
22 0 41
3 4 24
19 23 43
5 7 33
11 13 15
8 11 11
20 0 20
16 19 44
3 9 23
19 22 6
14 16 8
15 19 12
8 11 29
19 0 1
9 13 40
17 21 6
8 10 10
2 7 17
16 18 28
22 3 27
6 8 22
9 12 29
21 0 12
5 9 34
13 15 21
23 2 2
15 17 10
10 15 41
22 0 30
14 16 12
2 4 11
10 12 34
12 17 21
19 21 27
14 17 18
22 2 23
7 10 12
14 18 22
10 12 7
5 7 26
16 20 17
0 2 2
11 14 31
2 4 5
16 18 26
6 10 23
15 18 36
22 2 30
11 16 2
16 18 32
2 6 40
23 3 44
0 4 5
5 9 7
0 4 34
19 22 43
22 3 26
11 15 30
9 11 41
2 5 37
13 14 27
3 6 10
3 7 35
9 13 32
23 2 13
18 22 37
23 3 5
9 12 25
5 8 14
1 3 36
19 21 28
0 2 37
18 21 10
10 12 16
15 20 26
1 4 33
8 11 20
4 8 16
12 15 22
6 7 33
14 17 5
23 1 24
11 14 22
0 3 17
22 1 5
1 6 4
5 9 8
11 14 29
3 6 2
19 21 22
12 16 21
13 16 17
14 18 36
4 6 2
1 3 28
8 11 10
2 6 2
8 12 22
20 22 15
5 9 35
15 19 6
14 17 29
7 9 8
23 1 7
11 14 9
14 16 32
17 20 34
3 6 5
14 18 10
19 20 11
7 10 5
10 13 22
23 3 21
14 19 15
19 22 24
22 1 34
5 9 9
19 23 8
7 10 11
11 14 44
3 5 11
22 22 21
16 17 28
20 22 13
13 16 6
2 3 25
11 13 43
1 3 6
5 9 35
21 1 5
14 16 20
5 7 35
13 14 44
13 16 6
2 3 6
17 19 10
13 15 35
16 18 21
4 8 30
19 23 38
7 11 24
1 4 35
5 9 19
13 14 41
9 12 6
2 5 4
17 20 12
23 1 40
8 11 43
11 13 36
10 15 4
7 10 14
14 17 15
0 2 28
23 2 19
11 14 26
10 13 41
20 23 7
16 17 19
23 0 6
4 6 2
18 19 42
6 8 29
15 16 33
1 3 6
11 15 32
2 3 40
5 8 13
21 1 43
16 20 18
8 10 32
1 1 11
16 19 37
23 2 17
2 4 19
13 15 44
4 8 14
2 3 41
20 23 7
21 1 31
23 2 8
0 2 2
14 15 4
0 3 25
7 10 25
7 10 22
13 16 28
11 12 20
23 1 9
23 2 21
16 20 5
9 13 27
16 19 17
19 23 44
22 1 36
4 6 30
5 9 34
3 7 8
2 5 6
1 5 1
14 17 39
8 12 8
6 9 43
13 15 5
0 4 3
11 14 25
15 17 24
7 10 19
7 10 43
0 4 13
8 11 41
8 11 20
13 16 15
18 21 36
2 5 17
19 22 33
10 13 44
22 2 32
0 3 44
4 7 30
11 13 14
18 22 34
16 18 20
19 22 17
0 4 39
9 12 42
15 18 8
20 20 11
22 2 39
8 12 34
19 22 41
10 13 34
4 6 12
18 20 43
22 1 43
13 15 9
0 2 34
8 11 29
4 7 13
4 8 40
22 1 11
6 10 15
18 19 40
4 6 15
8 11 30
17 22 9
7 10 27
2 5 24
15 18 34
11 14 38
16 19 36
0 3 24
12 14 7
20 22 22
14 18 13
21 0 10
22 2 33
2 4 7
4 7 21
7 9 20
17 21 21
3 7 22
14 17 10
21 23 34
5 9 17
20 23 41
5 8 36
7 11 44
0 3 4
0 2 7
6 10 21
22 2 18
21 0 2
8 9 42
3 5 25
15 17 16
15 17 22
21 0 12
0 3 27
20 0 41
19 0 31
4 7 36
11 14 7
17 21 11
10 13 43
22 1 20
13 17 35
3 6 17
12 16 3
7 10 36
6 8 12
8 10 44
8 12 10
18 19 12
12 12 36
21 22 8
15 17 40
15 17 16
20 22 40
8 11 31
10 12 5
17 21 21
11 14 10
22 23 15
16 19 17
21 0 23
21 0 34
12 16 42
10 13 42
3 5 22
18 20 32
10 12 24
13 16 41
23 2 38
12 16 18
6 8 3
9 12 6
22 1 33
16 17 35
11 11 38
23 2 35
7 11 40
15 18 9
2 5 36
19 22 27
12 15 8
11 13 23
10 14 42
8 12 39
9 12 30
23 0 25
9 13 33
2 6 18
23 2 14
23 3 30
5 7 34
5 8 31
11 14 22
4 9 27
15 18 14
18 19 30
22 2 39
17 20 1
7 9 22
7 9 42
14 16 16
19 20 23
19 23 1
9 13 28
9 14 43
0 3 37
9 12 6
1 3 36
9 12 5
13 16 29
1 5 19
14 18 44
15 18 2
14 19 41
19 23 6
13 17 33
19 22 21
10 13 19
6 10 40
12 13 19
9 11 17
11 13 20
15 19 13
23 1 31
15 19 7
11 14 30
7 9 40
1 5 22
15 17 18
18 22 16
14 16 11
22 0 17
15 16 38
13 16 43
4 6 7
17 19 10
12 16 1
18 21 2
10 14 2
3 6 28
22 23 43
9 13 40
20 22 23
21 22 5
16 18 4
1 3 35
2 6 35
8 12 30
16 17 1
10 13 21
22 1 18
5 8 39
10 12 35
6 9 42
0 3 36
19 21 5
23 2 5
19 22 13
0 2 23
4 7 38
20 22 44
0 1 6
15 15 42
7 10 9
7 10 37
10 12 42
1 5 26
17 19 44
5 7 16
17 22 7
14 17 20
3 6 38
5 10 38
2 5 39
22 0 34
7 10 2
14 18 12
2 6 40
6 9 22
23 1 2
19 23 13
18 21 34
10 13 19
3 4 5
17 21 42
15 19 39
23 1 34
6 10 24
15 17 33
17 19 29
22 2 32
18 20 35
3 7 16
0 4 4
22 2 44
11 16 1
17 20 42
4 7 23
13 16 16
8 11 30
4 9 27
7 10 40
3 7 33
12 14 39
8 11 27
10 12 5
9 11 18
14 18 20
15 17 38
5 7 16
22 0 25
23 1 10
3 7 44
13 16 1
0 3 35
16 19 26
20 23 11
5 10 43
4 8 1
14 15 28
15 19 26
19 22 11
17 20 6
19 23 34
12 15 10
17 20 7
18 21 1
20 1 35
3 6 23
22 0 38
9 13 1
9 13 18
18 21 15
0 1 35
18 23 9
16 18 31
17 18 29
1 4 19
1 3 37
18 21 42
3 8 30
4 6 43
15 19 13
18 21 11
7 9 26
20 23 5
6 7 27
13 17 34
15 19 3
8 11 27
21 1 8
12 15 42
8 11 37
3 7 10
6 11 12
10 12 3
4 6 34
8 10 7
14 16 38
21 1 26
8 10 1
1 4 29
22 23 30
1 4 7
0 5 18
7 11 24
22 0 12
11 13 27
10 14 24
18 21 10
9 14 1
3 7 26
0 2 4
9 12 25
22 2 27
10 12 18
6 7 27
8 11 22
21 22 36
1 4 4
1 4 15
18 21 6
10 13 42
16 19 4
21 1 41
22 1 44
5 7 28
18 20 7
21 0 31
13 15 12
6 8 28
7 10 30
18 20 21
10 15 29
11 14 3
17 20 40
21 0 43
9 10 35
7 11 14
19 23 12
21 22 40
17 21 15
1 3 17
21 23 7
5 9 38
7 10 41
18 21 39
10 12 24
22 0 6
4 6 2
9 13 38
4 7 37
12 15 15
13 16 29
23 2 43
4 8 4
1 4 22
3 6 1
15 16 12
3 5 38
16 20 29
18 22 44
12 16 40
12 13 16
18 20 18
11 14 37
5 7 27
6 8 35
17 20 2
0 4 38
8 10 38
8 11 27
5 9 26
13 16 34
17 22 14
18 21 44
1 4 6
11 14 2
19 21 22
18 22 34
9 12 44
3 4 6
11 14 42
8 11 15
22 1 8
10 11 43
21 22 36
10 14 1
5 8 15
19 21 19
4 7 5
0 4 41
2 4 1
13 15 17
0 2 14
5 6 4
15 18 18
2 5 15
6 10 30
9 13 42
13 16 18
13 17 40
12 15 17
12 15 37
14 16 44
14 15 32
16 18 13
22 2 12
7 10 9
9 10 11
13 16 24
0 3 36
13 16 34
9 14 24
10 14 26
17 18 41
23 1 3
14 17 35
3 6 37
10 12 7
5 9 40
9 13 12
22 0 41
11 15 4
17 20 39
12 14 34
22 2 31
0 2 27
6 9 38
21 0 16
21 23 23
3 5 44
22 0 7
10 14 13
2 5 24
18 22 2
12 16 13
20 0 36
3 6 13
13 15 20
23 3 4
1 2 11
21 1 37
7 9 17
17 20 23
4 7 9
14 18 21
17 22 29
3 6 5
20 0 44
1 5 8
2 5 28
2 4 21
12 15 20
23 1 16
8 9 15
5 8 35
8 11 2
16 18 28
19 21 8
16 20 39
19 22 19
22 2 42
13 17 27
22 0 44
11 13 11
0 3 23
1 4 3
21 1 41
14 17 11
3 6 39
19 0 17
13 15 4
21 2 17
5 10 39
13 15 5
17 19 40
18 22 36
2 4 2
12 17 44
23 2 27
8 12 35
10 15 19
2 4 21
2 4 37
13 15 38
17 20 6
7 11 41
5 9 6
8 11 36
18 21 39
19 21 12
3 8 19
22 3 42
5 8 11
14 18 2
19 22 39
18 20 20
10 13 40
12 15 7
19 23 30
8 10 33
8 12 1
20 22 25
19 21 26
1 4 18
0 3 27
15 18 36
7 10 26
23 2 15
6 9 41
23 2 36
11 14 22
20 1 15
9 11 43
9 12 28
22 2 43
1 3 5
22 2 43
15 18 37
4 8 24
4 7 30
9 11 17
12 14 14
9 12 25
22 1 22
1 4 26
16 17 42
19 22 41
17 20 42
0 3 44
18 20 32
19 23 43
10 14 10
10 14 40
23 2 21
9 12 30
1 5 3
15 19 15
23 3 4
14 18 9
19 23 15
19 22 17
18 20 41
8 12 43
14 17 44
18 22 13
15 17 13
21 23 5
16 16 15
9 12 6
8 12 2
21 23 44
6 9 25
13 16 6
18 21 42
11 13 21
21 23 28
21 1 28
0 4 15
9 13 25
18 21 21
1 6 7
1 4 34
16 19 30
0 2 8
5 7 28
5 6 7
1 5 13
6 10 35
23 2 3
3 6 30
4 6 10
12 15 14
6 8 29
0 4 4
22 0 4
16 18 21
5 8 41
17 20 38
13 20 30
11 14 1
21 0 34
13 15 39
3 6 44
19 22 32
17 19 34
8 10 7
18 20 36
3 5 38
19 21 43
4 7 42
12 15 28
6 10 24
14 15 10
23 3 16
15 19 7
5 8 4
11 14 9
2 6 33
21 22 18
13 16 14
19 22 15
10 12 17
8 11 22
10 15 33
9 12 20
2 6 24
8 12 13
15 19 32
11 14 14
11 13 4
10 13 43
7 9 40
7 9 38
15 17 33
8 11 34
12 16 35
6 9 23
21 1 28
21 0 24
22 2 16
1 5 19
7 9 36
15 18 34
15 17 12
14 17 22
21 0 17
3 5 21
11 15 30
11 14 21
14 17 32
2 5 1
21 0 22
12 15 31
5 10 2
7 12 2
6 8 11
7 9 37
23 0 3
13 17 6
18 22 29
6 6 36
0 3 4
3 7 37
12 14 36
1 2 19
2 5 5
12 16 18
10 12 33
7 10 43
10 13 38
8 11 32
23 3 15
4 5 25
9 11 41
20 0 17
20 23 31
19 21 19
3 5 22
16 19 43
22 0 36
21 23 36
22 1 7
23 2 38
15 18 14
0 3 39
11 15 33
1 4 1
13 17 39
0 4 12
2 6 33
2 6 4
14 16 7
17 18 38
11 14 38
19 23 11
19 19 41
22 0 18
6 8 2
13 16 14
7 11 39
20 22 15
10 11 10
13 15 18
15 19 22
5 8 22
4 6 24
4 7 42
6 8 9
12 16 38
3 5 15
15 18 7
19 22 2
5 7 27
9 12 19
10 13 39
20 22 43
12 13 41
4 9 33
11 14 26
6 9 21
1 6 14
2 6 24
15 19 8
23 1 42
12 15 38
16 17 15
20 0 14
11 12 30
3 8 4
18 21 28
9 12 38
20 22 26
20 22 39
23 2 24
4 9 39
15 20 41
13 15 26
4 7 15
13 17 18
17 19 26
22 23 5
15 18 17
16 19 12
17 21 30
21 0 15
13 17 30
17 19 9
6 10 33
0 2 37
17 21 29
8 11 41
15 20 39
17 20 28
11 15 16
9 13 9
10 12 34
7 10 34
10 14 35
18 20 43
18 22 15
23 1 38
11 15 18
16 18 16
4 7 41
15 17 40
11 16 27
2 5 5
14 16 30
13 15 34
11 14 18
17 22 28
20 23 26
4 6 19
22 2 18
6 10 32
17 20 14
18 20 37
22 0 2
3 5 42
4 5 19
5 8 22
0 4 42
10 13 26
13 16 20
7 11 44
11 13 37
21 1 18
23 2 9
1 5 25
13 15 12
16 20 11
23 1 29
12 16 44
11 15 41
10 12 16
6 7 44
22 0 27
17 21 31
10 13 13
3 7 37
15 17 23
16 19 7
18 19 41
14 17 4
0 3 2
12 15 32
4 7 21
0 2 11
1 1 6
3 6 32
6 10 39
18 21 6
10 13 9
15 18 7
0 2 2
8 13 43
0 4 24
15 17 42
18 21 15
17 18 16
12 14 15
3 6 12
1 5 17
19 0 15
11 14 42
21 0 27
17 19 37
21 0 22
7 11 35
22 1 5
23 2 34
2 6 30
8 11 31
0 5 7
6 12 10
5 7 14
18 21 3
18 19 36
16 18 16
23 1 37
5 7 6
9 11 28
11 14 39
1 3 8
11 15 13
20 22 3
18 22 23
10 13 44
23 3 34
5 9 29
8 10 12
10 14 5
20 0 31
16 21 13
19 23 44
13 18 15
7 10 31
17 21 35
6 9 11
13 16 28
16 18 10
2 4 8
7 11 44
20 1 26
4 9 20
5 8 3
22 2 5
12 15 22
4 6 10
5 7 27
19 22 8
5 8 21
9 11 1
20 23 7
9 12 12
18 20 12
1 4 38
18 20 5
8 10 14
22 3 17
17 21 38
5 7 34
22 0 28
5 9 28
0 3 4
23 2 42
10 14 11
11 12 16
0 3 43
16 19 16
18 19 19
17 21 7
1 4 32
0 0 6
2 3 29
21 0 19
10 13 16
15 19 8
22 0 32
2 5 25
22 0 17
11 14 39
16 19 44
18 20 9
5 7 9
14 17 11
4 6 4
15 17 35
9 13 19
23 3 27
21 0 22
8 10 4
1 4 19
1 4 7
4 5 17
4 8 39
13 16 21
4 6 20
14 20 36
12 16 18
16 19 32
9 10 40
18 20 2
22 2 7
14 17 17
12 16 40
19 22 11
1 4 23
16 20 11
14 17 4
20 22 5
18 20 7
22 2 42
22 1 36
6 8 32
8 12 5
4 6 19
6 10 16
22 1 21
23 3 27
3 5 26
9 11 17
2 4 31
23 3 30
2 6 38
7 10 10
21 0 34
8 11 27
8 11 2
15 18 42
13 16 42
2 5 12
23 3 38
7 10 7
2 6 38
17 22 13
12 14 3
14 15 42
21 2 18
1 4 33
22 0 44
13 16 1
7 12 12
9 11 42
20 22 26
0 2 18
14 18 36
20 21 3
10 14 17
22 1 3
16 19 34
22 0 18
1 5 41
14 18 34
2 6 40
0 3 41
13 18 15
21 0 40
14 17 11
9 12 19
8 11 34
10 12 38
22 23 21
7 9 23
5 8 24
22 4 44
2 7 21
1 5 20
20 23 25
8 9 35
19 23 36
0 2 16
9 13 38
8 12 16
16 16 25
23 4 42
12 16 22
12 14 3
20 22 30
6 11 37
18 21 4
9 12 32
13 19 34
7 11 13
15 18 2
8 11 44
9 12 29
23 2 31
4 7 1
9 12 27
10 13 21
18 21 31
14 18 39
15 19 28
9 12 18
2 4 11
22 1 19
3 7 13
22 2 33
5 8 44
8 10 2
20 23 12
6 10 44
12 14 14
0 2 24
8 13 25
13 16 12
21 1 32
8 10 17
12 14 18
21 1 19
4 9 32
6 10 33
20 21 44
21 0 2
10 15 9
15 18 7
23 2 11
13 16 32
23 2 2
17 19 8
2 6 39
2 4 32
4 8 41
18 23 28
0 2 2
16 18 33
6 8 39
9 11 35
12 15 18
5 9 11
5 9 39
6 8 3
5 8 2
15 19 30
18 20 29
21 0 2
8 11 34
9 12 25
21 0 28
16 18 30
18 21 28
7 10 26
13 16 24
12 15 26
16 19 32
0 3 15
10 14 39
3 5 1
9 11 18
4 7 36
14 15 32
3 5 30
8 11 14
5 8 24
20 1 23
20 0 30
10 12 9
13 15 19
0 4 31
9 10 16
23 2 12
12 14 36
10 13 26
4 7 20
21 0 40
12 16 8
22 1 21
10 12 8
9 11 38
7 11 42
9 10 19
7 11 23
2 4 14
18 19 42
17 19 12
9 12 5
16 19 3
20 0 27
18 21 41
9 13 34
23 2 27
13 17 28
5 8 8
12 13 30
17 19 34
12 15 34
11 14 2
10 12 43
22 1 25
18 19 41
9 12 31
21 0 11
13 17 17
4 9 10
17 21 23
3 7 32
17 19 29
15 20 2
14 16 32
17 20 33
19 22 21
18 22 29
7 10 10
23 2 1
8 11 22
16 19 43
2 5 31
17 21 36
3 5 18
6 10 35
16 20 31
22 0 24
9 11 21
6 8 11
20 22 13
18 20 7
5 9 17
10 12 35
7 9 9
12 16 19
7 10 11
17 20 16
3 6 8
6 8 11
5 8 33
15 15 5
10 12 35
5 9 17
19 23 27
3 7 24
18 21 16
17 21 28
9 11 31
10 15 3
5 10 43
11 12 38
3 5 20
14 19 6
17 19 41
6 9 7
16 20 21
8 11 12
3 6 43
10 13 25
1 5 18
10 13 20
23 3 3
0 3 43
14 16 10
12 14 9
10 11 35
1 3 23
7 11 30
23 2 11
10 13 16
0 4 4
7 11 42
22 0 18
12 17 38
5 5 24
19 19 3
6 9 15
23 1 5
3 4 20
20 23 20
16 19 3
15 19 13
15 19 29
7 10 16
8 11 36
1 5 39
0 4 43
13 17 30
1 4 16
17 20 9
15 16 39
8 12 24
1 3 8
5 6 21
11 14 17
9 13 33
9 12 38
18 23 36
1 5 44
12 15 4
20 21 29
19 21 16
13 15 18
10 14 32
14 16 10
9 11 29
14 16 2
21 0 44
19 21 36
11 15 25
11 15 35
13 16 3
2 5 19
3 5 22
9 11 22
6 7 30
5 8 24
14 17 9
23 2 28
5 7 38
0 2 22
0 3 8
11 17 21
5 9 11
17 18 32
18 21 41
21 23 29
12 15 24
6 10 17
2 7 2
15 18 24
21 23 20
23 0 44
19 22 21
0 3 37
4 7 39
19 23 30
22 2 25
20 23 23
12 17 32
21 1 2
9 11 1
2 4 5
7 8 44
6 9 11
0 3 20
17 21 10
0 4 8
7 12 40
22 0 42
23 1 42
11 15 6
14 17 12
0 1 16
20 0 27
7 10 9
16 17 6
7 9 3
6 11 31
15 19 31
0 4 35
21 0 23
5 7 12
2 5 4
12 13 24
9 12 42
8 11 6
16 20 39
6 9 23
17 21 30
22 0 28
7 11 15
11 14 31
14 17 10
11 14 32
18 23 31
20 22 33
2 5 23
8 10 20
17 21 8
19 22 15
15 19 41
3 5 18
7 9 1
10 14 42
5 7 36
5 7 8
21 0 37
1 4 2
10 13 24
16 19 2
20 0 5
18 18 26
14 17 12
12 15 30
10 12 32
23 3 4
1 5 7
9 13 32
14 17 43
18 21 1
16 19 7
11 14 24
0 3 34
4 6 7
20 0 8
1 5 23
13 16 22
20 23 11
0 3 13
7 8 39
20 21 36
12 15 7
10 11 22
13 17 32
8 12 41
16 21 6
12 15 10
9 11 15
17 18 44
14 17 30
0 3 22
4 8 24
6 8 24
17 21 32
18 21 19
8 11 17
14 16 15
19 22 20
7 10 12
5 7 22
18 21 28
20 23 38
23 2 22
3 6 39
18 20 31
5 9 4
14 16 17
23 3 21
17 19 39
12 14 24
22 2 42
4 7 17
9 13 44
14 17 6
7 10 17
8 12 23
1 5 23
9 11 2
14 18 5
21 23 11
21 0 37
18 21 22
1 5 43
3 7 35
18 21 41
7 10 36
14 18 5
9 14 7
14 17 10
3 7 39
2 6 3
15 17 35
15 18 28
5 9 34
12 15 34
4 7 41
23 2 43
15 18 38
2 6 23
7 9 16
16 20 15
21 0 6
12 13 13
23 2 14
3 5 8
18 20 20
20 23 25
12 15 42
2 5 23
23 3 31
12 13 31
23 1 42
21 1 24
19 0 35
6 9 26
5 8 38
6 8 24
20 0 10
0 2 26
20 22 25
5 9 8
7 7 14
7 11 1
2 5 35
18 20 4
22 0 27
19 21 42
10 13 30
5 6 8
23 2 29
21 1 16
17 21 2
20 23 36
13 16 43
19 21 31
20 0 3
13 15 40
6 10 9
10 12 15
13 15 26
20 22 1
13 15 35
19 22 8
7 10 12
13 16 14
3 7 33
0 3 11
0 4 24
18 21 16
13 16 22
13 14 29
23 1 15
19 21 41
3 7 44
17 19 33
9 11 37
13 18 15
11 13 40
4 8 33
1 4 10
23 2 37
2 7 37
9 10 7
3 4 38
6 9 16
20 22 20
4 5 28
8 9 15
19 0 26
1 6 5
7 9 23
21 0 41
21 23 15
20 23 15
19 23 3
8 10 27
6 8 14
22 2 12
14 16 5
12 15 30
9 11 20
19 23 17
1 4 34
9 14 17
8 12 36
11 14 39
7 8 35
18 22 31
13 15 17
12 14 10
3 7 1
16 18 12
7 9 20
12 16 18
0 2 16
13 16 31
15 18 40
19 22 42
9 11 39
19 21 15
16 19 24
5 5 36
19 21 30
22 3 21
14 18 3
13 13 41
0 4 26
13 14 18
22 1 27
22 22 18
13 15 32
7 9 31
16 17 17
2 5 27
9 11 36
4 8 2
3 4 30
4 6 26
20 22 22
17 22 35
3 8 20
18 21 36
17 21 14
3 8 23
8 10 2
16 22 5
9 12 18
20 22 8
20 22 5
14 16 19
8 11 12
17 19 34
5 9 24
18 20 37
14 17 23
19 22 25
23 1 8
12 15 24
19 21 22
18 21 43
8 11 38
2 5 22
23 1 43
17 21 2
13 17 43
8 12 24
12 14 17
5 8 18
3 6 12
13 16 22
7 10 20
5 8 9
17 21 38
15 19 8
11 15 18
15 17 33
10 13 30
2 4 12
9 11 10
10 12 40
7 10 34
8 12 21
10 14 14
17 18 29
12 13 4
5 7 38
22 1 8
5 10 19
7 10 38
7 10 3
18 21 9
4 9 31
13 15 41
6 9 22
8 13 26
12 16 8
17 21 32
23 1 30
8 13 28
12 14 2
9 12 40
11 14 21
12 16 32
15 19 34
0 5 10
12 15 3
20 23 36
13 18 40
14 18 35
0 3 43
2 6 21
11 16 34
5 8 3
21 1 22
10 12 24
23 2 12
23 4 16
7 9 18
11 14 25
21 2 10
1 4 11
16 19 6
19 21 44
1 4 13
12 16 24
18 21 39
3 6 30
3 6 16
16 19 17
13 16 38
4 5 38
8 10 35
15 17 43
8 12 37
15 17 7
15 18 2
13 16 42
10 13 5
20 23 30
2 6 21
4 9 39
1 4 40
22 1 42
19 21 26
15 18 34
23 1 8
8 11 19
6 9 35
21 23 34
14 17 33
0 3 26
18 21 23
4 7 43
6 10 22
23 2 10
3 5 38
14 15 2
22 1 44
4 7 28
20 23 44
8 11 1
1 3 28
16 17 1
0 3 31
16 19 27
14 17 25
17 20 5
3 7 24
13 16 41
18 20 27
6 10 33
5 8 38
3 8 8
12 14 39
22 2 15
2 6 44
15 19 13
1 6 14
21 0 29
22 23 2
16 19 4
10 12 17
6 9 41
5 9 3
7 10 12
2 5 42
1 5 33
9 13 32
17 20 15
18 22 19
0 2 26
2 5 14
17 20 9
8 10 31
18 21 30
16 19 14
10 14 40
12 14 32
7 9 13
15 18 20
20 0 30
20 23 36
8 10 34
23 2 1
19 21 16
14 17 5
0 4 29
11 15 25
17 20 29
16 20 29
14 16 11
8 11 10
9 12 29
0 4 6
11 13 2
15 19 39
23 2 29
12 15 17
2 3 43
5 8 11
22 2 13
23 3 23
15 19 20
3 5 4
12 15 37
20 23 1
10 12 6
20 22 24
4 5 19
14 17 28
1 6 28
2 5 27
12 15 42
0 3 16
9 11 37
17 21 34
20 23 34
20 21 3
15 19 35
7 10 38
13 16 1
8 11 38
23 3 31
6 10 23
4 6 11
13 16 25
5 8 17
0 4 4
12 15 24
4 7 37
19 23 35
19 20 23
23 1 8
19 22 44
0 4 5
20 23 41
13 16 35
18 21 15
6 9 23
10 12 23
9 13 9
9 13 20
21 0 44
19 0 38
19 23 7
11 14 26
19 21 31
3 8 7
19 23 30
5 10 16
15 20 31
7 9 33
7 10 3
8 10 4
13 15 39
10 13 18
16 19 34
4 7 25
10 13 20
8 10 23
3 7 37
16 20 4
3 4 6
6 11 17
8 11 23
22 2 7
4 8 11
13 15 26
18 21 4
14 15 36
1 4 11
13 16 35
23 0 44
20 22 24
8 13 33
22 23 38
13 16 38
11 14 29
5 10 41
16 20 9
8 12 38
9 13 12
21 23 36
17 18 35
0 3 18
4 8 10
5 8 21
11 14 9
6 10 18
0 4 32
21 0 30
19 23 27
14 17 7
21 0 25
0 5 21
13 14 7
14 18 18
12 15 44
10 12 11
2 5 13
12 15 40
7 11 21
17 19 35
7 10 22
3 6 39
18 20 15
12 15 39
13 16 18
13 15 11
21 23 3
5 9 37
3 5 16
1 1 29
18 21 12
11 14 42
20 23 14
12 16 18
4 8 16
9 13 33
7 10 21
17 22 34
23 2 26
12 13 19
16 18 19
5 8 19
8 11 24
20 1 4
4 8 32
4 7 16
22 1 20
0 3 29
6 8 16
23 2 5
11 14 22
20 23 37
4 7 15
11 12 15
4 7 12
7 11 7
9 9 1
2 5 43
19 21 30
0 4 9
11 12 17
10 12 33
13 18 40
4 7 12
22 3 17
4 8 7
21 23 22
15 17 27
12 14 22
0 4 15
23 2 32
15 18 13
21 23 29
9 14 41
3 6 35
22 1 41
4 7 5
16 18 34
1 5 41
18 20 10
11 14 23
19 22 14
6 10 26
23 1 13
22 1 5
10 14 2
19 22 8
21 0 36
23 1 6
20 21 19
23 3 6
8 13 44
22 1 31
9 14 37
9 13 8
16 19 17
8 11 30
15 17 22
1 4 8
2 5 8
11 15 35
14 17 19
18 23 18
7 10 43
3 5 38
2 5 17
4 6 28
17 22 40
11 13 22
0 3 28
19 21 25
7 10 38
17 20 7
2 5 22
14 17 14
21 1 23
20 23 5
21 0 5
5 8 37
22 2 12
4 8 17
11 16 31
23 2 31
11 13 40
2 6 7
12 15 39
21 23 37
11 15 7
23 4 29
8 11 26
19 21 16
22 23 23
12 14 29
6 8 38
11 15 7
13 16 18
23 3 27
15 17 5
21 23 12
14 17 27
15 17 31
22 1 42
18 21 2
20 23 2
17 19 35
13 18 25
13 15 43
15 17 23
21 22 23
5 8 9
22 2 23
6 9 41
5 9 10
5 9 36
17 21 17
7 11 44
11 14 22
20 23 25
6 10 20
9 13 38
16 20 37
23 2 33
15 17 40
23 2 26
15 18 37
14 18 9
6 9 2
11 16 35
4 7 27
6 10 32
11 14 1
2 5 5
13 16 25
2 5 26
16 20 22
21 23 22
14 17 20
0 3 1
10 13 25
22 0 37
16 19 33
22 0 20
18 20 42
23 3 7
5 8 11
8 11 30
19 21 13
17 21 14
11 14 24
0 3 33
16 19 41
8 11 2
14 17 18
20 0 5
17 21 29
12 14 12
16 19 17
22 0 28
4 6 23
4 5 28
17 19 26
5 8 43
15 18 23
9 12 33
23 3 22
22 1 28
11 13 23
17 19 33
19 22 12
20 23 21
23 3 28
1 4 24
15 18 29
22 22 16
23 2 41
16 18 13
15 18 3
6 8 24
13 15 23
12 14 19
6 8 14
6 11 32
21 0 3
0 4 26
17 20 38
8 11 34
9 14 35
8 13 41
0 4 15
1 3 30
7 9 7
20 22 10
16 20 25
1 5 1
17 19 34
7 12 8
21 0 9
1 4 11
3 7 11
2 6 26
2 7 27
5 8 1
9 12 13
4 9 8
23 1 37
3 6 36
23 3 10
18 23 42
18 22 31
15 18 39
1 4 33
16 18 28
5 8 15
18 21 38
21 0 1
22 0 16
6 9 8
11 12 6
16 20 42
13 15 14
16 21 7
18 21 1
4 5 15
11 15 6
23 2 34
20 23 32
0 3 38
14 18 8
7 11 43
13 16 22
4 8 19
22 0 4
12 14 29
7 9 12
0 4 13
5 8 7
5 6 38
10 12 30
12 13 13
3 5 37
11 14 14
3 6 35
11 14 2
17 19 23
12 15 12
12 15 39
23 2 32
23 3 8
21 1 17
12 15 23
21 0 40
0 2 6
4 9 38
12 13 22
16 20 2
4 8 26
8 12 34
1 4 40
16 19 10
22 1 40
3 4 8
16 21 37
21 23 5
6 9 40
18 21 11
0 2 3
18 20 17
23 5 39
10 14 25
23 3 6
13 16 17
3 6 44
23 1 26
14 15 32
8 12 23
22 2 37
17 21 19
8 9 7
11 14 42
6 9 4
22 22 13
8 11 2
16 18 37
8 11 27
5 8 37
2 5 26
6 9 37
3 6 1
11 13 36
13 17 36
18 22 6
22 0 2
18 21 41
3 5 26
9 12 5
1 5 14
16 18 29
7 10 3
2 5 10
17 20 17
11 14 27
6 10 26
16 20 4
4 9 20
15 19 31
0 3 16
15 19 6
22 2 8
15 18 12
8 11 32
20 21 6
1 4 20
7 9 30
16 19 32
16 19 38
4 7 40
5 7 30
7 10 27
23 2 40
9 13 23
3 7 9
2 5 7
6 10 35
5 7 19
10 13 23
6 9 16
10 12 28
15 19 12
14 16 42
15 19 17
9 11 12
18 20 5
6 8 17
1 4 2
9 11 38
22 1 42
15 18 4
6 9 28
7 12 20
5 8 7
19 0 12
7 11 39
13 17 5
12 14 30
12 16 39
16 19 7
17 21 5
14 18 21
8 11 3
6 8 27
10 14 21
14 18 7
18 20 42
1 4 29
0 3 16
3 7 30
10 14 33
6 8 30
22 1 26
22 2 34
18 23 15
1 4 33
21 0 3
11 13 24
11 14 1
15 18 26
3 7 20
16 21 43
14 16 12
22 0 43
23 0 35
16 19 43
6 8 34
8 11 25
23 2 9
13 18 1
20 23 17
17 20 40
20 21 17
3 7 17
17 19 18
3 7 38
17 20 8
21 0 29
15 18 37
12 15 28
13 17 41
6 10 33
11 15 44
21 23 5
23 3 23
13 14 33
12 15 17
22 2 24
12 15 21
12 14 37
18 20 13
6 8 32
23 23 28
18 22 1
17 19 16
3 4 24
18 20 23
13 16 28
22 2 2
11 15 25
23 2 28
3 3 14
10 13 1
5 11 29
11 13 21
14 20 39
16 18 36
11 14 32
12 14 9
11 14 17
8 12 31
3 4 17
20 22 41
5 6 15
23 3 39
20 22 26
14 15 29
14 18 44
14 17 8
20 0 16
22 2 44
10 14 12
2 5 1
8 12 3
0 3 43
16 18 6
4 6 25
2 4 26
23 4 5
9 13 10
16 18 6
21 1 44
21 0 2
9 11 31
11 14 27
10 12 31
3 4 21
8 11 24
23 3 30
13 16 44
5 8 14
11 14 17
20 0 33
12 15 40
4 5 14
20 21 25
19 21 25
20 21 2
8 11 33
22 2 29
13 16 21
2 7 11
6 12 8
23 1 44
18 20 17
10 12 1
3 6 30
17 19 23
18 20 21
0 1 23
13 16 9
17 22 26
9 11 13
20 23 25
7 10 23
9 12 15
4 6 5
2 5 3
18 20 27
14 15 38
18 21 16
12 16 27
10 14 2
6 11 33
9 11 32
9 13 10
12 15 28
19 22 34
16 17 27
5 6 36
12 14 40
1 4 1
12 17 13
1 4 16
15 19 36
4 8 1
6 7 12
10 13 31
20 23 27
10 13 7
12 15 23
5 10 8
5 9 43
11 15 36
14 17 22
0 1 15
14 17 22
17 20 6
17 21 9
0 4 18
18 21 35
2 6 41
5 8 16
5 8 5
5 7 20
16 19 26
7 12 27
20 22 34
8 13 26
21 23 8
13 16 36
12 16 27
11 14 41
16 18 42
0 3 28
5 8 2
15 19 41
7 10 28
19 21 1
18 20 23
23 3 35
3 7 5
7 9 25
11 15 12
18 21 5
15 20 10
5 6 27
12 16 10
19 22 15
5 8 13
21 0 30
6 9 31
8 11 7
4 5 12
20 0 33
3 6 18
6 10 34
22 0 41
13 17 30
4 6 32
7 11 3
20 23 6
16 18 40
15 18 39
23 2 17
15 18 22
17 21 19
10 15 29
20 23 22
21 1 15
1 4 9
14 16 17
23 3 19
21 2 26
12 16 20
22 2 17
5 9 26
18 22 43
5 9 9
18 21 20
20 23 29
19 23 37
10 14 41
19 23 38
17 20 26
5 7 9
23 1 41
1 3 40
16 20 19
17 21 13
23 2 28
8 10 20
9 12 2
4 8 40
17 21 3
12 15 24
12 15 44
14 17 20
8 11 16
4 7 12
15 17 3
1 4 20
9 10 5
15 17 10
1 5 1
22 0 12
5 8 32
9 12 34
4 7 39
16 20 40
21 0 37
9 11 11
22 0 24
20 23 2
14 17 42
15 19 13
15 17 10
11 12 20
23 2 20
17 20 10
23 0 3
12 15 1
12 15 24
23 2 1
14 16 41
9 12 17
8 11 25
11 14 26
5 8 8
6 9 11
22 1 3
2 7 28
14 19 10
23 3 9
14 20 31
21 23 11
0 2 42
3 8 16
7 9 18
4 8 9
5 8 30
2 3 26
9 12 13
21 23 20
22 1 30
15 17 13
13 17 3
9 13 44
11 14 41
16 19 4
18 22 42
8 10 36
14 17 5
22 2 23
12 17 34
18 22 34
11 15 38
13 16 4
13 15 41
11 17 16
7 11 1
16 19 8
1 4 18
5 8 19
11 13 34
5 8 42
11 15 8
23 3 43
20 23 32
12 17 11
12 14 16
4 6 23
12 16 39
20 22 27
15 17 33
14 16 32
5 8 10
10 13 36
5 9 24
17 21 43
12 14 21
12 15 34
0 2 16
18 20 43
10 12 22
22 1 15
20 23 2
9 11 33
0 3 34
19 22 18
14 18 11
16 18 28
1 4 17
11 14 19
14 16 9
19 22 43
23 1 4
2 8 22
22 1 15
20 23 36
14 19 26
12 16 3
19 20 14
5 9 9
4 7 2
22 0 7
5 6 2
15 16 35
23 2 11
23 2 28
3 7 12
12 16 38
20 22 4
15 18 29
0 3 37
7 9 15
20 22 37
16 20 43
6 9 24
8 10 40
3 5 29
21 0 40
16 20 44
17 20 17
19 22 11
14 17 34
16 20 42
13 16 19
12 15 37
20 0 24
7 11 38
12 16 40
4 6 29
19 19 1
18 21 19
12 14 42
9 12 4
14 16 40
4 7 24
17 21 21
8 10 41
3 7 28
2 6 14
20 23 24
12 15 14
15 18 25
12 15 10
5 7 17
14 18 25
6 9 13
2 5 37
21 2 13
2 5 5
1 5 43
11 14 7
6 7 43
8 11 44
18 19 37
5 9 35
0 4 42
6 8 6
6 8 23
0 1 31
20 0 38
7 10 36
15 20 2
2 5 13
13 16 10
23 1 3
16 20 1
6 9 6
15 20 28
17 18 31
7 11 11
5 10 39
3 5 2
4 8 39
9 12 41
9 13 26
20 23 13
9 13 26
2 5 29
10 12 23
19 22 27
12 15 32
1 5 6
13 15 20
2 5 34
8 11 36
12 16 10
15 20 15
11 14 10
21 0 12
0 3 15
20 23 10
21 23 11
0 1 33
16 19 23
10 12 5
1 4 7
3 5 42
21 0 5
3 5 12
15 17 7
9 13 2
9 10 43
21 1 41
19 21 1
23 3 35
14 16 11
2 6 41
13 16 28
6 9 20
22 2 6
13 16 44
21 0 15
5 9 40
11 14 9
16 19 27
13 14 3
3 6 24
20 22 8
13 16 14
20 23 31
18 21 43
18 20 3
11 13 30
19 22 37
1 2 7
16 18 27
3 5 38
18 21 35
18 21 40
10 15 39
10 12 26
17 19 14
5 9 27
22 2 32
9 11 42
17 19 21
16 18 39
15 19 22
15 16 12
16 19 32
21 0 39
3 7 33
17 20 43
7 9 28
10 13 36
18 21 12
1 2 39
22 1 2
20 1 28
19 22 41
13 18 39
22 0 3
0 3 39
13 16 28
9 12 21
8 11 27
10 14 16
14 15 23
22 4 9
9 12 13
9 13 25
11 13 18
10 12 2
21 0 36
11 15 21
10 13 39
13 15 19
14 17 14
5 9 4
20 0 33
2 5 37
19 23 23
16 19 1
20 23 23
5 8 4
11 14 31
5 8 29
22 1 44
9 13 44
14 17 6
22 0 22
1 5 32
1 4 9
1 3 18
13 15 32
23 2 5
0 2 19
20 1 3
17 21 30
12 15 8
9 12 4
14 17 12
9 12 37
14 18 28
7 9 34
16 20 9
19 23 15
16 19 27
5 8 2
8 11 7
12 18 39
16 19 33
19 21 2
18 22 42
1 4 43
19 21 39
17 21 8
5 9 11
17 19 17
15 18 41
3 6 35
22 23 9
16 20 36
23 3 6
20 23 8
21 1 19
6 9 29
15 18 15
11 14 27
6 7 8
3 7 30
6 8 20
19 22 37
23 23 22
3 5 29
6 8 3
2 6 14
19 22 33
6 8 24
12 15 23
18 21 22
2 5 17
2 4 43
13 14 15
6 9 37
12 15 22
21 23 3
7 12 12
3 7 31
17 20 21
18 21 29
15 18 28
8 10 25
8 11 37
0 2 33
8 11 41
13 15 17
0 3 16
21 0 35
6 8 32
16 19 5
10 14 36
18 23 2
9 12 26
19 21 19
19 22 1
8 12 44
17 21 1
6 8 17
21 1 5
21 0 2
7 10 44
17 22 38
12 15 4
8 11 43
11 15 27
3 6 1
16 19 31
8 10 22
14 16 38
6 11 8
13 19 7
20 0 24
19 20 7
5 6 30
5 7 12
6 10 8
22 1 19
15 20 14
9 14 32
22 0 22
9 11 17
2 5 32
4 8 1
20 21 7
5 7 32
19 22 41
13 18 2
7 10 1
11 14 13
18 0 18
3 7 6
21 2 13
15 19 32
19 20 23
7 9 9
6 9 20
19 23 13
7 9 40
14 18 11
23 3 24
20 1 23
1 5 43
7 9 31
0 2 36
9 11 20
15 19 13
5 8 25
19 0 40
10 11 12
13 17 10
10 13 25
3 5 25
0 3 41
4 9 10
23 2 34
5 8 22
7 7 11
2 5 11
18 21 32
2 5 42
17 20 25
21 0 37
10 13 7
14 16 37
18 22 14
9 11 9
22 1 30
16 21 21
17 20 41
13 16 41
6 8 14
15 19 38
22 2 5
1 4 1
13 16 11
7 10 42
5 7 35
6 9 18
18 21 11
15 17 10
16 18 4
0 4 17
23 3 9
11 15 27
9 11 4
4 8 10
4 7 3
2 4 44
5 9 22
6 9 19
20 0 5
16 18 16
6 8 22
20 22 2
12 15 28
8 11 21
10 13 13
19 21 42
14 16 41
1 5 32
6 9 39
11 14 1
17 20 11
18 23 3
0 4 5
4 6 24
9 13 17
4 7 41
2 6 29
1 2 7
4 9 10
5 7 44
8 12 41
16 20 16
8 11 15
5 9 35
0 1 25
17 22 12
23 2 5
19 23 7
5 8 2
0 3 36
4 7 28
10 14 36
14 15 28
11 14 41
15 17 37
9 12 2
19 22 28
5 8 9
2 4 34
10 12 30
18 20 21
3 7 27
14 15 34
0 4 27
19 0 5
0 1 11
18 20 38
21 0 12
5 6 28
9 10 27
20 22 9
21 1 28
14 16 21
6 9 38
15 17 31
3 5 32
22 0 14
14 18 9
20 22 18
10 12 32
9 12 10
18 21 37
18 20 12
6 10 33
1 3 26
3 7 18
23 3 22
0 3 24
5 7 18
22 0 26
20 0 20
7 9 1
4 6 36
0 5 43
7 10 32
19 20 14
10 11 13
12 15 39
12 14 9
21 1 13
2 5 36
18 22 34
8 12 13
11 13 13
3 5 23
8 13 20
15 16 30
21 23 7
12 16 43
22 0 17
5 9 23
22 1 12
10 14 9
11 15 20
15 20 42
4 7 24
2 5 43
6 8 9
13 16 29
15 17 39
22 1 38
0 4 23
15 18 8
13 17 14
1 5 43
0 4 5
1 2 30
9 11 3
19 23 4
16 21 10
12 13 19
15 18 3
2 5 23
12 14 7
14 16 26
21 0 32
9 12 22
15 18 28
22 1 31
15 19 4
18 22 6
3 6 33
4 6 1
17 20 16
9 12 36
0 3 23
10 13 42
5 8 33
18 21 25
11 15 22
11 14 30
19 20 36
23 0 32
11 15 28
12 14 16
2 6 6
7 9 31
11 14 9
20 23 40
13 16 39
13 16 19
5 8 16
23 3 30
7 9 31
0 2 16
2 4 38
22 23 39
16 21 37
19 21 17
14 17 27
14 16 39
20 22 3
15 19 1
17 19 23
8 12 18
23 0 11
13 16 9
16 18 13
2 4 42
20 22 22
4 9 37
14 17 20
19 20 3
11 15 19
0 4 43
5 6 20
20 1 17
7 9 8
14 16 16
10 13 27
4 7 39
3 5 8
1 4 42
9 12 20
11 13 19
23 2 25
18 20 42
15 17 41
16 20 15
23 2 15
9 14 7
6 9 16
14 14 19
14 19 36
14 16 19
18 21 12
23 2 40
2 4 26
10 12 13
19 23 33
23 0 12
19 23 5
18 21 11
22 23 44
7 12 22
5 9 35
21 1 32
11 15 13
14 17 17
4 8 27
3 6 31
8 13 34
2 3 14
9 11 4
3 6 5
8 11 28
16 20 12
18 20 19
11 14 38
14 16 29
9 14 26
5 9 29
6 9 9
22 2 31
15 17 40
17 19 4
22 2 44
12 13 20
11 14 5
22 1 38
12 15 2
3 6 5
3 7 10
7 11 39
21 0 35
3 4 28
9 12 17
2 5 28
14 18 14
18 22 35
2 3 14
7 13 28
0 3 12
11 14 29
23 2 2
19 23 36
11 13 38
20 21 43
17 21 25
17 18 10
19 21 17
23 1 4
15 16 26
9 11 44
15 17 29
13 13 8
15 17 6
6 8 38
12 16 34
3 7 36
10 14 5
13 17 32
16 17 36
21 0 18
23 3 7
9 11 11
10 14 31
15 20 28
11 14 30
2 4 22
4 7 37
18 21 14
8 9 16
11 13 40
12 15 8
18 21 30
18 21 41
6 8 6
0 2 6
13 16 19
3 5 6
12 15 3
12 16 21
20 23 11
18 21 18
18 19 34
3 5 39
10 12 18
7 9 41
1 4 23
3 6 26
12 15 34
8 11 24
2 5 40
1 3 15
14 17 9
9 12 1
19 22 41
6 9 38
6 9 44
16 19 10
21 1 27
15 20 34
16 18 41
1 4 34
5 8 11
18 20 10
0 2 12
19 21 33
13 14 13
3 6 24
8 12 7
4 7 32
6 9 22
9 10 5
10 12 26
2 5 36
20 0 1
16 18 40
11 14 38
23 2 9
8 12 17
1 4 17
23 2 12
5 8 14
11 15 8
5 8 16
19 22 11
2 5 24
19 22 29
21 1 18
1 3 43
10 13 34
16 19 34
5 8 11
23 1 11
11 14 13
16 20 30
20 1 20
23 2 10
9 11 29
16 18 2
18 21 12
15 17 32
6 9 10
14 16 29
21 23 33
13 17 33
16 20 12
9 13 4
17 20 5
4 5 28
11 15 25
19 23 9
21 1 38
1 4 34
12 15 6
3 6 1
9 11 13
6 9 19
14 16 34
5 9 18
18 22 29
22 0 40
12 13 13
1 4 26
1 4 21
0 3 30
7 11 36
19 22 1
12 16 19
22 0 15
15 18 2
2 5 7
11 13 39
23 2 39
20 21 37
9 13 5
19 23 8
5 7 15
14 18 26
4 7 20
1 3 17
5 9 19
2 4 25
22 4 39
15 19 34
19 21 17
16 19 24
8 8 2
5 9 18
21 0 32
15 18 2
7 9 2
5 10 12
19 23 6
1 4 26
0 2 23
10 12 9
10 15 13
16 20 34
13 15 19
5 5 44
23 3 6
12 15 21
9 12 40
23 3 43
14 16 33
23 1 34
17 21 13
12 14 10
4 7 4
10 12 29
23 2 6
16 20 28
22 0 14
10 12 30
19 0 35
8 9 15
2 5 43
19 22 24
22 0 4
3 5 23
18 21 36
6 8 43
9 13 11
6 8 30
11 13 26
7 12 14
16 18 26
7 11 19
13 15 25
6 9 23
7 10 19
5 7 2
17 22 16
2 5 10
23 2 3
13 16 41
8 9 6
22 2 20
5 8 39
21 23 26
23 3 17
18 21 6
11 14 6
15 18 25
22 1 36
5 8 21
22 1 22
3 6 25
3 7 3
21 0 15
15 19 17
9 13 14
3 5 36
16 17 27
18 21 44
8 11 7
6 8 21
11 13 33
22 23 35
16 19 38
16 20 37
23 1 41
6 9 18
9 10 30
11 15 20
8 11 11
16 18 8
2 5 10
17 19 12
15 18 17
2 5 33
12 14 9
13 16 20
17 21 30
7 9 33
6 9 21
21 23 6
21 1 17
14 17 10
15 18 34
4 8 6
8 12 35
0 5 42
6 8 8
14 17 34
1 2 36
11 13 13
16 18 41
15 18 4
23 1 36
9 11 1
11 14 39
13 16 32
16 18 13
0 2 33
21 1 32
16 20 16
8 12 6
1 3 8
2 4 32
20 22 8
13 14 43
6 9 14
17 20 11
11 13 22
16 19 15
18 20 15
5 7 21
6 9 39
5 7 36
11 15 21
10 11 38
4 6 10
22 0 9
21 0 16
21 22 29
16 20 25
13 16 38
10 11 11
9 11 33
8 11 40
11 13 12
2 6 24
12 14 14
16 17 18
0 5 1
17 19 43
7 8 24
9 12 17
16 19 1
20 0 35
18 22 18
2 6 31
3 5 11
5 8 36
12 14 42
6 9 14
5 9 5
23 1 42
14 16 18
14 17 3
9 14 34
1 4 19
5 9 33
10 14 6
12 15 32
22 1 8
7 10 15
4 6 1
8 12 8
22 1 35
23 0 30
15 18 17
17 21 37
15 18 21
18 19 15
22 23 21
20 23 5
16 20 13
2 5 11
19 22 21
8 11 23
22 0 6
4 7 18
23 3 13
14 19 18
3 5 31
12 14 10
11 14 17
19 23 5
13 16 13
18 20 39
20 22 33
17 21 15
11 13 35
17 21 3
6 8 39
5 8 32
14 17 6
16 17 28
3 6 9
14 20 22
5 9 27
9 11 35
8 9 11
8 12 19
6 10 29
4 7 33
1 4 3
4 7 26
5 10 43
16 19 13
11 14 37
21 0 44
16 19 31
7 8 21
21 1 32
5 8 4
10 13 8
3 6 25
4 7 36
23 1 14
20 1 21
10 14 24
10 14 35
15 18 23
3 7 11
4 7 32
6 8 38
21 0 35
0 1 41
8 12 36
2 4 31
10 12 15
6 10 41
20 0 44
14 16 2
10 13 27
6 11 9
14 17 28
6 10 31
20 0 7
2 5 3
9 13 40
8 13 14
10 11 44
19 22 1
5 7 37
22 1 3
5 9 33
21 1 9
23 0 41
6 9 9
3 5 42
19 23 15
23 2 8
14 16 44
19 22 13
9 13 43
17 21 43
20 23 40
11 14 32
5 8 9
2 3 41
19 22 36
13 16 15
6 11 5
9 11 20
16 20 32
13 17 7
9 13 3
17 21 14
4 8 30
9 13 31
11 15 25
12 15 27
14 16 25
9 14 5
15 18 6
4 7 6
16 19 8
8 12 37
9 14 38
13 15 8
15 18 42
19 21 39
12 14 25
9 13 8
14 15 29
20 21 28
23 3 17
19 20 29
14 18 14
16 20 17
15 18 40
9 12 20
12 16 2
9 11 38
12 15 9
0 4 34
5 7 42
11 16 19
8 11 37
20 23 3
15 19 40
22 2 19
2 5 19
19 23 41
19 22 26
3 8 28
6 8 23
8 10 35
8 11 6
17 19 23
6 8 41
18 23 37
15 17 22
16 20 7
23 1 16
20 23 5
11 15 20
7 10 16
20 23 19
5 10 38
15 16 25
22 0 18
1 3 17
18 21 22
1 3 6
0 2 14
19 22 11
3 6 10
14 17 34
16 20 15
4 7 13
11 15 29
0 2 9
4 7 14
6 9 30
0 3 1
18 22 36
12 16 16
0 3 1
6 10 18
17 20 4
14 17 41
9 12 19
10 13 3
15 17 22
5 9 31
2 3 41
12 15 1
1 3 20
18 20 19
3 6 36
6 8 38
4 7 30
8 11 36
17 19 25
3 7 29
5 8 7
10 13 43
12 16 11
11 15 15
14 18 7
9 12 27
22 1 33
8 11 15
21 22 16
10 15 41
18 21 33
15 19 7
14 16 34
1 6 31
7 12 42
19 23 14
7 10 5
3 4 17
9 12 42
6 8 42
23 1 35
18 22 35
19 21 12
8 10 31
14 15 41
16 18 7
16 18 10
7 10 42
12 15 24
5 9 30
2 5 4
7 12 32
9 12 32
7 10 10
12 14 40
2 4 35
14 17 33
10 12 28
23 3 27
2 7 5
0 4 14
16 18 23
22 1 4
19 20 13
15 19 27
1 3 20
15 17 17
14 18 22
19 22 1
15 18 30
4 7 22
1 3 27
20 0 28
20 1 25
22 2 13
9 12 12
7 11 14
16 18 37
16 19 15
14 17 24
22 1 37
10 14 32
0 2 43
1 5 14
19 21 12
17 19 41
5 8 13
2 5 7
16 19 20
4 8 18
19 21 27
4 8 25
6 9 10
20 23 33
1 4 8
4 5 11
3 7 28
6 9 43
8 12 44
23 2 41
21 23 42
12 15 43
23 1 23
4 5 2
19 1 3
4 7 29
8 13 38
7 10 27
9 15 38
5 7 41
13 18 32
3 6 7
17 21 13
21 23 38
11 14 29
20 0 44
19 21 30
12 14 24
7 10 37
3 7 39
10 13 44
9 13 2
22 1 11
16 18 30
4 9 26
2 5 1
3 6 6
15 19 11
15 19 34
10 13 13
15 17 21
3 7 14
3 4 9
19 23 12
10 12 43
0 2 44
6 7 6
21 0 36
9 13 12
12 16 3
11 14 43
20 22 13
13 17 27
19 23 16
6 9 31
1 3 15
8 13 29
18 20 27
1 4 31
16 18 10
3 5 22
15 19 20
1 4 34
22 1 1
8 10 34
4 8 27
12 14 25
0 3 40
10 13 34
5 9 8
7 10 42
21 0 43
3 9 27
4 7 30
0 4 2
12 16 36
20 23 23
20 23 35
20 22 9
5 7 4
4 7 35
17 21 41
2 4 21
2 6 6
5 9 19
19 23 27
3 6 19
16 17 9
2 6 44
0 2 37
8 13 34
6 9 22
19 21 27
14 16 41
6 9 28
13 16 8
5 7 43
9 11 32
19 22 14
11 14 4
9 12 39
3 7 31
11 15 38
16 21 10
1 2 34
9 13 14
9 13 44
5 10 23
13 17 37
13 16 6
1 4 17
14 16 21
13 17 41
0 5 36
23 0 7
7 10 28
16 18 25
13 16 21
7 9 16
21 0 22
16 18 41
23 1 37
14 18 31
5 9 17
7 10 19
13 17 44
8 9 36
3 7 12
6 11 9
20 23 8
2 5 17
5 7 26
12 16 28
3 4 41
13 15 8
19 22 36
8 11 16
18 20 6
10 14 7
4 8 12
11 15 18
1 4 12
15 16 22
19 0 13
20 0 43
9 12 4
20 0 40
11 15 36
10 14 30
1 3 8
10 12 9
23 2 23
23 3 43
1 4 36
13 18 32
21 23 33
11 15 30
8 11 4
19 23 31
7 11 16
2 5 25
19 23 12
8 11 29
3 6 2
12 15 44
10 14 9
15 19 23
2 4 44
10 15 33
17 19 3
17 19 7
1 5 27
13 16 32
7 11 36
3 6 27
14 18 28
15 17 37
14 17 13
11 14 21
22 0 7
19 21 1
0 4 33
6 8 4
7 10 43
4 7 29
5 7 41
4 8 38
5 8 24
20 0 39
6 9 11
0 1 39
20 0 8
4 7 8
1 4 40
3 6 32
6 13 13
6 9 27
11 14 19
5 8 32
13 14 34
6 10 34
15 19 40
17 21 37
2 4 19
2 5 18
16 19 16
6 11 31
13 15 40
11 14 9
9 12 2
23 1 43
6 10 26
20 1 28
11 14 6
9 13 12
5 8 31
20 22 11
22 1 4
21 23 16
5 8 43
7 9 20
8 12 17
10 13 30
3 5 20
8 11 29
20 23 12
20 23 43
4 6 14
14 16 37
5 7 4
10 11 13
5 9 34
22 0 29
3 6 7
2 5 29
20 0 2
20 0 33
4 8 1
19 20 21
6 10 26
3 5 32
5 9 1
1 4 22
11 14 5
9 12 13
22 2 27
4 7 26
18 22 13
19 22 1
15 19 16
15 18 3
17 19 11
0 4 29
12 16 4
23 1 5
15 19 19
17 20 8
18 21 23
10 13 17
16 20 30
5 8 7
3 6 24
16 19 5
6 9 43
8 11 43
3 6 3
0 2 1
9 12 2
5 9 2
23 2 13
7 11 14
23 1 21
16 19 43
19 23 24
21 23 41
6 9 10
19 0 42
4 7 8
17 20 7
23 0 2
8 11 41
20 0 23
17 20 2
10 13 11
5 8 16
10 12 23
0 3 6
21 1 1
12 15 31
12 16 26
11 14 34
23 2 24
6 10 11
7 11 13
18 22 16
18 22 25
22 1 4
12 15 40
20 23 7
10 13 44
21 0 8
17 19 20
2 5 27
11 14 33
16 19 1
1 4 27
11 13 39
8 10 11
5 8 36
6 9 22
7 10 35
8 10 2
13 16 24
15 17 37
19 23 3
2 3 28
13 15 22
1 3 31
2 7 36
13 17 24
18 20 11
16 20 29
15 19 27
22 0 13
18 23 27
22 1 18
11 15 27
21 1 44
2 6 20
19 22 4
5 8 30
5 8 9
13 17 36
4 6 42
19 22 5
21 0 19
8 11 21
18 21 35
11 16 31
22 0 14
10 12 9
20 23 35
6 10 29
18 20 21
20 0 31
10 13 11
6 10 9
14 18 1
11 12 27
17 20 17
0 3 8
16 18 16
10 14 12
20 23 25
5 8 30
15 18 8
7 11 13
7 10 40
11 16 4
3 6 23
8 11 9
4 8 32
15 16 12
17 21 35
9 11 1
1 5 42
14 17 43
18 20 32
5 8 27
19 22 39
9 11 33
19 22 9
20 23 31
17 18 44
8 10 13
3 6 28
14 18 38
2 5 10
23 2 32
18 21 37
15 18 2
21 0 29
23 2 37
4 7 25
12 16 34
17 20 38
12 12 41
17 21 40
4 7 19
10 11 31
4 4 10
18 22 20
20 23 30
5 7 27
12 15 2
7 13 34
4 6 23
14 19 24
14 15 1
6 11 29
16 19 38
10 13 4
4 7 30
15 17 28
9 12 23
16 20 13
23 0 3
20 1 10
8 13 30
16 18 5
22 1 24
20 23 8
12 13 10
19 23 17
6 8 7
19 22 14
0 3 19
22 1 5
11 16 9
15 19 25
2 5 41
0 4 32
17 20 24
12 16 30
22 1 36
19 23 29
17 19 11
21 0 4
9 12 23
1 5 34
6 11 24
11 15 36
22 0 31
9 11 4
18 20 40
16 19 8
21 23 43
2 5 35
7 9 44
11 14 21
21 0 11
8 14 33
10 13 16
12 14 44
17 21 27
2 2 22
10 13 43
18 23 39
23 3 25
0 3 13
3 6 37
23 1 2
11 14 14
11 13 43
23 4 32
5 8 21
19 21 26
4 8 14
8 10 29
2 5 16
1 4 43
12 14 28
5 8 28
16 18 41
17 19 3
18 21 3
4 5 1
3 6 14
4 7 8
17 22 14
21 23 31
9 15 4
2 5 12
0 3 3
12 15 38
23 2 4
21 23 1
6 11 20
22 23 40
2 6 9
15 20 34
23 0 4
15 17 20
12 14 41
1 4 24
10 14 40
3 6 6
5 8 22
5 9 25
6 8 25
6 8 8
10 12 35
19 23 9
23 0 27
1 4 29
16 18 23
11 15 23
15 18 27
0 3 18
13 18 44
3 6 9
19 23 10
0 3 34
12 15 12
14 16 34
9 13 34
14 18 12
4 7 1
20 0 8
7 9 3
18 20 2
10 13 5
0 3 25
13 16 20
16 18 18
9 12 5
12 14 44
14 17 27
11 12 37
11 15 20
3 6 24
7 9 7
15 19 39
1 4 25
16 18 37
17 19 30
17 20 41
5 7 35
20 23 20
16 20 4
1 2 40
13 16 30
3 4 43
19 21 4
8 13 19
0 1 15
2 6 3
11 15 44
3 6 1
14 16 2
23 2 29
21 0 8
0 2 29
20 22 20
15 18 26
18 20 19
7 12 37
9 12 8
13 16 21
5 9 14
4 7 37
18 20 22
15 18 44
3 5 21
18 22 10
6 8 10
2 6 32
3 7 13
18 22 9
9 11 38
22 1 14
15 17 17
22 23 12
9 14 31
19 23 18
11 14 37
17 21 27
9 12 25
8 10 33
2 6 9
15 18 25
14 15 23
9 11 33
20 22 29
16 18 35
10 13 15
5 7 38
20 22 13
1 5 7
19 22 41
0 3 35
9 12 9
20 23 16
21 1 7
3 6 6
17 20 5
21 23 31
19 21 17
10 12 7
7 9 43
22 1 38
11 14 33
1 4 41
20 23 4
3 6 11
20 23 43
17 19 5
3 6 33
2 4 22
2 6 24
12 15 11
2 5 35
20 1 9
5 8 19
10 15 37
1 4 25
16 18 41
21 1 42
7 12 32
13 16 5
12 14 32
19 21 42
9 11 32
7 10 16
20 0 21
0 2 14
11 15 22
14 16 4
18 21 22
19 22 12
23 3 38
4 7 20
4 6 9
7 8 5
7 10 3
18 20 34
17 21 40
8 11 5
23 3 16
10 12 1
11 15 9
14 19 7
12 16 39
1 4 42
10 12 28
20 23 3
2 5 8
5 7 38
22 0 44
9 13 9
18 21 10
9 12 20
12 15 8
15 18 41
23 3 35
2 5 15
20 0 43
21 0 22
5 7 43
5 11 19
22 23 6
19 21 9
12 16 8
19 22 29
4 8 34
6 11 44
8 10 5
3 7 33
5 7 41
21 1 23
12 15 16
12 16 5
4 6 39
16 20 28
12 14 5
13 16 33
23 0 36
20 0 11
0 4 13
4 6 30
3 6 42
8 10 39
12 14 9
16 20 26
11 15 10
1 4 23
17 19 43
0 3 43
23 3 15
21 0 20
0 5 38
6 9 37
14 16 17
23 1 16
17 18 1
10 13 24
10 10 27
12 15 42
4 6 9
6 8 16
7 11 12
10 14 5
8 13 44
2 4 44
12 16 11
8 10 16
2 7 18
2 7 44
1 2 9
18 20 42
12 14 44
3 8 40
1 4 6
21 1 15
7 11 5
12 15 36
21 1 39
10 14 42
10 11 33
21 1 20
7 10 26
8 11 2
13 16 1
1 4 29
3 6 21
11 14 38
17 21 18
11 14 44
3 5 44
10 15 34
9 14 6
22 1 8
13 15 21
21 23 1
1 4 9
19 22 44
12 16 28
1 2 34
10 15 19
12 16 23
5 10 18
16 20 33
17 21 4
14 17 38
18 21 2
10 12 29
6 10 12
2 6 27
4 6 43
12 16 37
1 5 20
0 4 43
22 2 35
15 15 29
19 0 21
1 3 7
16 19 34
5 9 14
2 5 15
23 2 30
14 18 11
5 8 29
22 2 16
16 20 32
11 16 36
3 6 43
23 1 27
23 3 11
11 13 6
21 23 19
16 20 34
21 23 42
12 16 19
8 13 3
2 5 12
3 6 39
6 10 13
9 14 36
8 12 8
6 9 24
16 19 32
3 5 30
8 10 9
4 7 1
1 6 12
20 22 32
21 0 12
23 4 1
20 1 18
12 15 2
19 22 8
18 0 9
13 19 1
11 13 32
8 10 10
22 2 7
8 11 20
16 18 4
6 12 26
22 2 4
3 6 9
5 7 34
19 22 25
11 13 42
12 15 5
20 23 5
17 19 44
22 0 15
2 6 6
21 2 22
5 9 20
10 12 27
2 4 37
20 0 23
6 8 44
13 18 29
5 8 39
8 12 4
8 10 10
2 4 22
23 3 14
10 14 32
21 2 27
20 23 24
3 6 5
1 3 7
8 9 19
19 23 26
10 13 5
1 5 29
16 19 14
3 5 9
19 21 35
22 3 20
17 21 44
8 11 12
3 7 27
15 19 20
23 2 27
17 20 6
10 12 32
5 8 1
19 22 27
7 11 6
21 22 28
19 22 31
20 23 20
16 20 8
12 15 20
17 19 15
21 23 23
16 20 6
14 17 1
13 17 33
2 5 19
7 10 40
12 14 34
7 10 30
21 0 15
3 8 14
5 7 15
14 18 25
23 1 18
18 21 29
14 18 17
9 12 41
10 11 40
17 19 42
20 0 2
0 3 3
8 10 15
1 2 27
23 2 1
12 15 19
17 21 44
2 7 20
6 9 18
21 0 43
21 2 38
11 15 6
12 14 41
16 18 30
6 8 10
7 10 28
12 15 40
12 15 44
1 3 4
7 10 13
11 12 18
3 5 12
8 13 27
7 10 42
4 6 12
22 1 31
2 6 39
14 18 40
4 7 17
7 11 19
15 16 5
0 -1 34
6 8 37
21 23 43
20 1 26
22 2 13
17 21 34
4 6 16
16 19 38
12 15 33
6 8 43
17 19 40
20 1 4
22 1 33
21 23 4
12 17 10
5 7 23
0 3 30
5 6 24
20 1 25
9 11 25
2 4 24
5 7 2
18 22 22
5 8 32
0 3 29
20 22 27
7 10 34
1 4 17
7 9 25
14 18 2
17 19 43
13 16 5
19 23 2
6 9 6
14 17 36
21 0 3
15 19 36
7 8 40
1 5 19
0 3 9
7 11 22
4 7 11
5 9 23
19 21 10
13 17 29
4 9 23
7 8 23
13 16 14
3 7 20
22 1 27
23 3 13
8 12 12
17 22 10
19 23 34
1 4 9
5 8 21
6 9 38
7 9 4
12 14 6
18 22 9
0 2 37
15 20 31
22 1 17
8 10 13
17 22 30
22 23 10
0 2 7
2 6 41
6 8 14
6 10 17
15 18 14
19 21 11
3 6 17
18 20 42
8 9 14
13 16 30
6 10 16
13 15 9
15 18 11
17 20 15
2 4 23
20 22 31
18 21 44
21 23 37
13 16 33
11 14 28
22 2 34
15 18 29
18 21 3
23 2 25
6 10 3
2 6 37
13 16 8
15 18 30
14 18 19
18 20 38
8 13 39
14 19 15
20 1 39
4 8 2
6 9 7
17 20 43
15 18 24
1 4 19
12 14 9
4 6 30
19 22 30
20 1 29
16 18 11
15 18 40
0 4 26
18 22 44
4 7 18
11 14 26
11 14 36
15 16 1
12 14 43
12 16 28
14 15 34
14 16 16
8 12 14
22 0 10
5 7 41
20 0 29
17 18 8
2 4 3
7 9 32
18 22 8
10 14 5
8 11 41
19 22 27
20 23 17
3 6 22
0 3 40
20 0 4
8 13 20
9 13 36
9 13 14
7 11 4
2 5 17
19 0 37
1 4 24
20 23 24
9 12 13
16 19 26
4 8 27
10 13 33
3 6 13
5 8 11
14 16 30
19 22 10
8 11 4
21 1 20
23 3 30
23 4 16
19 21 10
21 0 7
3 6 16
12 18 9
11 14 6
21 0 2
16 18 18
2 5 24
7 8 5
17 18 37
21 0 11
17 20 6
3 6 27
22 2 1
14 18 44
11 14 30
19 22 43
12 15 15
19 23 1
5 8 31
7 11 31
7 8 35
10 15 43
5 8 20
0 2 34
19 21 44
4 6 12
11 15 8
20 0 23
8 10 43
13 15 42
11 14 40
18 22 39
8 11 21
3 6 26
10 12 37
4 7 4
11 15 27
23 1 44
22 0 8
2 6 19
7 9 44
0 3 15
22 23 43
10 14 34
13 17 37
2 4 3
15 17 10
8 11 31
17 19 26
23 0 19
9 13 13
2 5 24
14 18 29
8 12 20
5 9 20
9 12 21
2 7 14
22 1 7
14 18 33
8 9 38
5 8 12
19 21 10
11 15 18
22 3 11
19 21 28
8 12 37
7 9 12
5 9 9
23 2 42
18 21 12
5 9 21
2 6 26
6 9 38
4 7 40
20 23 5
22 3 34
7 10 32
7 11 12
16 18 19
11 13 39
14 18 39
2 5 26
2 5 19
12 16 15
12 14 9
12 14 43
16 20 3
3 7 17
23 3 23
16 20 17
5 8 34
17 18 1
18 21 37
9 12 36
20 23 25
1 5 4
8 9 43
18 20 31
23 3 18
2 7 15
22 23 27
8 10 7
18 20 41
23 4 37
19 23 10
15 18 12
9 12 4
0 2 39
18 21 30
3 6 42
0 4 6
0 1 44
17 22 21
19 21 32
1 2 4
8 10 1
19 22 17
18 21 40
19 22 34
2 4 39
5 8 32
1 4 28
