1000 17
1 1 1 4 6 7 10 17 13 1 8 3 16 10 5 9 5 
15 18 12
12 14 3
17 19 13
20 0 3
8 11 15
3 6 3
5 7 3
20 23 11
5 6 11
20 21 5
5 7 14
7 10 6
10 12 14
4 6 12
21 0 6
1 5 6
21 23 15
11 12 1
6 11 16
6 9 4
15 19 13
20 1 3
17 22 15
7 10 8
14 16 8
13 17 12
18 21 5
13 18 9
0 4 11
5 10 5
0 4 1
23 1 3
18 21 8
0 4 14
23 3 2
14 16 11
3 6 6
19 21 5
17 20 12
11 15 2
14 18 16
18 21 12
11 15 9
10 13 16
12 15 9
12 15 3
21 23 10
15 17 14
9 11 11
22 1 12
8 10 14
21 0 12
23 3 16
22 1 14
3 5 3
5 9 11
22 1 4
3 6 7
10 14 14
5 9 14
13 17 2
1 5 15
2 6 7
1 4 13
20 23 14
23 2 6
22 1 6
2 5 5
14 17 6
9 11 5
19 20 1
19 20 3
19 21 6
17 19 12
9 12 1
6 9 14
5 9 12
16 20 15
7 10 3
15 19 15
10 13 11
23 2 1
7 10 11
23 2 12
0 4 16
10 14 10
18 22 7
23 2 17
3 6 12
18 22 6
5 9 12
19 22 9
23 2 1
22 1 8
10 14 17
2 3 14
22 3 16
1 3 13
11 15 5
15 18 4
9 11 2
13 16 8
10 13 16
20 23 17
22 0 3
3 5 9
12 14 12
7 10 10
22 1 16
15 17 5
7 10 13
22 0 2
2 4 1
21 0 9
18 21 3
1 4 13
9 10 14
5 8 6
2 6 4
22 0 14
11 13 12
4 8 6
22 23 8
4 8 16
19 0 15
21 2 2
14 18 3
20 23 12
11 16 5
5 9 15
7 11 8
0 3 1
2 4 12
6 8 10
10 13 16
10 13 7
5 5 7
5 9 16
17 19 15
14 17 13
3 6 2
1 5 5
14 16 4
15 16 10
17 19 15
11 13 1
8 13 16
21 0 1
1 4 2
1 5 13
6 10 3
11 13 16
23 3 10
23 2 8
18 20 4
18 21 9
13 14 7
13 18 6
14 15 7
3 6 17
13 14 17
17 20 13
20 23 10
13 16 14
10 13 13
14 17 9
20 0 12
4 7 7
15 19 17
12 13 16
11 15 16
3 5 16
19 23 11
8 10 8
17 21 9
23 1 14
18 21 17
10 13 4
23 3 2
16 18 3
19 21 13
11 15 3
18 21 4
17 19 5
1 5 9
5 10 3
9 12 6
9 13 2
0 2 17
19 22 5
21 23 1
22 3 7
8 10 17
4 6 8
1 3 9
16 19 3
4 8 8
23 3 17
7 12 16
11 13 12
15 17 9
0 4 7
9 12 3
23 3 13
22 2 12
6 9 11
0 2 9
9 13 16
17 21 15
4 6 8
23 2 16
19 1 10
17 20 5
0 2 9
0 4 11
1 3 6
19 22 2
9 12 15
22 2 7
14 17 15
11 14 4
0 4 11
21 23 2
9 11 7
17 20 4
10 12 2
15 18 13
15 18 1
0 5 6
8 11 8
22 0 9
0 2 3
9 15 3
4 7 14
11 13 4
7 11 7
3 6 6
17 21 16
5 7 1
13 15 10
14 16 14
11 13 13
9 13 10
15 20 17
23 2 14
17 19 15
22 2 5
19 23 14
22 1 5
19 22 17
22 2 17
16 19 4
19 21 17
9 13 1
15 18 14
5 9 8
20 0 14
5 8 5
1 5 12
22 3 10
19 23 11
4 6 17
23 2 3
17 20 10
17 19 15
13 15 10
13 15 14
17 19 15
6 8 7
6 8 1
0 5 13
23 4 7
6 10 1
11 13 5
22 2 16
0 1 5
13 17 12
20 0 2
15 18 11
13 17 14
3 5 15
6 9 5
6 9 6
12 15 6
12 16 14
10 13 10
14 16 12
10 12 1
1 4 15
17 17 10
23 1 15
13 18 14
14 18 3
23 1 2
23 3 5
14 18 12
0 4 1
7 11 8
13 18 8
16 18 8
12 15 7
11 13 11
23 2 3
4 7 10
12 15 2
17 19 17
22 1 4
12 15 5
10 15 4
17 21 16
21 0 9
21 0 12
10 13 16
5 7 17
12 15 3
7 10 14
5 8 3
17 19 12
3 7 1
11 15 11
19 21 12
21 23 15
20 23 12
0 2 14
18 20 14
6 9 3
11 14 2
10 13 6
2 5 16
2 5 9
3 7 15
12 15 15
18 23 1
11 16 16
20 22 11
6 10 3
9 12 7
16 19 17
16 18 3
21 0 12
2 4 4
15 18 17
14 16 7
22 0 11
14 18 6
10 13 4
8 11 5
6 10 15
18 19 3
4 8 6
9 12 13
0 1 4
11 13 1
2 6 8
15 19 11
19 23 3
18 22 3
5 7 14
1 4 1
5 9 12
2 4 5
22 0 2
9 11 8
3 7 15
13 16 5
16 19 7
22 1 16
22 0 4
9 12 4
8 11 3
13 14 3
0 3 3
7 11 11
14 16 14
11 14 11
21 1 16
13 17 11
17 19 13
8 10 9
17 20 4
0 3 7
5 7 14
19 21 9
20 23 14
8 11 7
11 15 4
20 23 3
5 8 1
17 20 14
5 8 9
9 11 15
18 20 11
15 18 8
23 3 3
8 11 5
10 12 13
20 22 17
20 1 2
5 7 7
22 3 16
15 17 3
12 15 17
15 19 8
6 10 11
17 19 4
14 18 8
21 23 1
19 23 8
0 3 7
9 11 4
2 5 13
19 23 10
4 8 7
12 15 7
17 19 11
14 18 3
18 21 6
14 17 16
22 0 1
22 0 1
10 14 1
10 11 3
6 9 11
18 21 9
2 6 1
10 14 2
4 7 12
11 13 12
2 6 8
0 4 17
22 2 7
6 9 17
4 7 2
9 12 8
15 16 2
7 11 15
19 21 6
5 8 14
6 10 17
15 19 2
6 8 10
9 11 13
1 4 5
4 6 16
12 14 6
23 3 17
18 20 14
7 10 14
1 6 13
6 7 11
21 0 12
3 5 14
15 18 2
10 13 13
5 8 9
7 10 14
19 23 10
20 1 12
20 0 2
20 23 8
20 23 1
0 4 4
4 7 5
9 12 16
19 22 13
14 16 6
8 10 5
8 11 1
4 6 6
8 11 16
6 10 7
1 5 17
4 6 9
13 16 7
21 22 8
1 6 12
12 15 9
15 18 4
11 14 16
5 8 1
18 20 12
4 7 11
13 15 13
12 15 4
16 19 17
13 15 8
5 8 8
5 8 4
10 14 7
18 21 13
0 3 17
5 8 14
17 19 9
4 7 6
11 14 4
11 14 9
14 20 5
5 8 15
18 22 2
14 18 2
21 21 9
19 23 14
18 22 12
7 12 5
11 15 11
3 9 10
13 16 3
1 4 12
20 22 8
18 21 16
18 22 4
6 10 5
6 9 6
7 10 10
17 22 9
7 9 3
11 15 14
5 8 4
18 21 16
18 21 17
10 14 2
12 16 13
5 8 17
22 1 1
21 0 12
9 12 11
11 12 17
14 19 5
7 11 13
12 15 15
3 7 8
17 19 5
18 21 5
12 16 1
18 19 10
19 0 8
7 10 17
10 13 1
11 12 7
1 4 2
0 3 1
20 0 2
10 12 6
7 10 15
11 18 8
8 11 5
12 16 9
18 19 11
23 1 3
3 5 14
3 8 6
18 21 7
2 6 10
22 0 12
22 0 17
22 1 3
12 14 6
21 0 13
10 12 1
14 17 13
5 8 5
14 18 11
21 0 6
8 10 1
4 6 12
6 8 2
1 4 16
19 22 9
13 15 5
13 15 2
0 2 16
5 8 17
0 3 7
6 9 8
16 19 10
7 10 6
6 7 9
7 9 5
12 16 16
12 15 15
2 6 7
18 19 16
12 16 2
5 8 8
0 4 11
17 20 1
2 7 7
2 5 10
23 3 14
12 16 17
16 19 1
15 16 6
0 2 5
9 12 8
16 17 4
3 8 12
23 2 14
21 2 5
20 0 2
8 12 12
11 13 11
20 22 15
1 3 2
7 10 12
16 20 7
13 17 4
22 1 12
13 15 5
7 9 16
2 6 4
14 17 15
0 4 9
7 11 9
0 5 4
4 8 12
20 21 2
13 16 14
13 16 8
12 14 11
23 2 12
6 9 9
7 9 8
17 19 8
0 1 12
9 13 16
14 19 4
1 4 9
6 10 13
4 6 14
21 2 15
5 8 2
3 6 6
22 3 17
1 3 9
18 21 7
3 6 10
14 16 16
20 23 4
19 23 12
1 3 16
14 18 2
22 23 11
7 10 13
5 8 16
15 18 5
17 20 11
22 0 2
17 19 13
17 18 16
21 23 1
16 18 7
3 5 4
10 12 15
2 5 16
9 12 9
9 13 3
9 12 14
12 14 4
6 10 5
0 5 2
17 21 14
17 20 3
22 0 16
1 3 3
3 6 17
10 14 17
18 19 7
20 0 15
6 8 7
6 9 17
14 16 17
2 4 13
16 18 12
0 2 12
5 8 15
9 13 6
18 23 13
22 2 16
8 11 6
6 9 3
21 1 17
14 17 16
0 3 2
3 7 9
5 8 2
11 13 13
10 12 15
16 18 12
12 14 15
12 15 4
6 11 16
18 22 13
19 20 15
7 9 15
2 6 11
23 3 9
15 17 13
22 1 17
22 0 10
9 11 6
8 11 11
9 11 13
8 11 7
4 9 14
19 23 12
18 22 7
13 15 2
1 6 6
9 13 7
16 19 1
7 10 10
5 8 3
2 4 12
22 1 8
5 7 17
19 21 15
12 15 7
14 15 9
21 0 14
5 7 1
22 2 10
0 3 14
15 17 1
0 3 17
22 1 14
8 12 13
12 15 14
10 14 1
12 14 7
16 19 2
11 14 1
8 10 4
15 17 14
22 3 10
0 3 12
14 17 11
11 14 7
12 15 2
3 6 12
11 15 9
16 19 16
4 7 17
3 6 13
9 13 14
6 9 4
2 4 14
17 20 7
10 15 12
18 22 6
12 16 6
6 11 11
21 22 6
19 21 6
22 2 15
4 8 6
11 13 4
17 20 7
14 18 8
19 0 1
21 0 17
5 8 12
8 10 10
10 13 3
2 5 3
4 6 6
7 7 6
18 20 17
23 3 17
5 6 12
17 21 10
21 2 5
10 12 13
6 8 14
21 0 5
8 11 3
6 8 5
20 0 10
7 9 12
7 10 4
22 3 1
2 6 6
3 5 1
11 14 17
7 11 3
9 13 16
9 13 11
4 8 14
18 20 12
21 23 16
18 20 2
15 18 7
12 15 5
13 16 16
4 6 16
10 13 17
13 16 3
20 23 9
10 11 12
14 18 8
7 9 3
7 10 13
8 11 3
20 0 16
0 2 15
17 20 8
14 19 4
16 21 8
21 22 15
8 11 11
7 11 7
0 4 13
7 9 14
15 18 5
2 5 16
4 8 8
15 19 2
9 12 15
1 5 11
18 20 13
2 6 8
13 16 6
23 3 5
8 10 3
13 16 12
4 5 12
8 12 11
5 8 8
3 7 15
10 13 3
7 10 4
4 7 15
11 14 13
10 11 1
10 13 12
1 2 17
5 8 12
22 1 6
9 12 8
23 3 16
6 9 4
16 19 10
16 19 16
9 11 1
5 10 8
1 3 1
20 22 9
18 20 9
17 21 4
5 8 4
17 21 3
5 9 2
1 5 10
18 19 2
19 22 8
0 4 6
13 17 9
14 18 10
16 18 10
19 21 6
11 12 3
8 10 17
8 11 9
0 4 4
11 15 12
10 13 6
0 3 16
14 17 7
4 7 6
23 3 3
17 20 5
6 9 7
5 7 14
14 17 5
19 19 8
12 14 2
20 22 16
18 21 7
4 8 2
15 17 9
12 15 3
15 19 10
23 2 10
3 5 11
7 12 8
8 12 3
1 3 2
6 8 9
7 10 16
16 18 11
6 9 7
10 13 2
3 8 16
23 2 9
13 17 13
8 12 16
23 1 2
8 10 8
19 0 7
8 10 10
10 12 2
6 9 5
5 9 9
18 21 5
22 1 3
18 22 14
8 13 6
8 12 9
1 5 12
18 20 12
15 18 11
14 17 8
12 15 8
17 20 1
19 22 5
4 6 11
22 0 9
18 22 4
5 7 16
11 14 17
16 18 13
10 12 10
15 19 16
5 7 2
3 6 14
13 15 17
22 3 2
23 3 11
15 18 5
0 1 15
22 2 15
3 5 11
9 11 14
9 13 12
0 4 14
3 6 6
15 16 6
6 9 9
9 13 7
6 9 3
2 5 4
4 8 4
18 20 15
9 11 2
12 15 4
17 21 11
9 13 8
3 7 16
18 22 13
13 17 10
18 22 1
10 15 16
7 9 9
11 15 11
8 12 4
6 8 12
7 9 6
16 18 1
11 14 2
21 0 6
15 16 12
13 17 3
19 22 7
21 1 16
21 23 2
17 20 12
14 18 2
18 23 9
10 12 7
17 19 13
8 10 2
12 17 14
7 10 15
16 21 11
12 13 11
11 14 10
11 14 5
10 13 1
4 6 15
20 23 10
1 5 2
22 3 9
12 14 7
16 19 14
20 22 11
12 13 11
22 1 7
15 18 3
22 1 9
1 3 3
10 13 12
18 22 7
18 21 12
18 0 5
9 12 16
20 23 6
22 0 11
2 5 11
9 14 8
15 18 15
1 4 9
