3000 49
10 10 8 37 45 43 47 32 21 38 9 21 16 14 27 24 45 45 15 47 43 45 17 10 49 40 37 42 21 20 40 43 31 7 15 43 49 6 36 28 42 3 37 19 9 42 16 38 17 
22 0 43
15 19 16
11 13 49
17 20 46
17 21 21
14 18 3
8 11 40
5 7 20
2 5 40
11 15 14
1 5 19
8 8 14
10 13 8
7 10 15
8 12 17
13 16 34
18 22 17
6 10 27
22 2 12
11 15 15
1 3 40
3 4 10
6 10 21
11 14 22
22 2 27
17 20 1
3 6 49
22 0 6
21 0 38
19 21 21
16 17 17
0 3 40
19 22 17
13 16 5
6 10 20
19 21 44
21 23 18
17 21 34
5 9 38
1 4 15
6 8 38
8 10 20
20 0 35
9 14 14
19 0 49
5 7 39
19 21 18
23 3 14
23 2 37
15 19 19
10 12 4
15 17 39
2 5 34
15 17 4
3 7 41
15 19 39
13 14 34
21 0 30
22 2 13
20 22 3
20 23 2
6 8 5
14 17 42
4 7 47
19 22 49
8 13 27
3 6 34
17 19 6
15 18 26
9 12 6
9 11 29
12 15 10
14 16 38
20 22 8
22 1 31
22 3 47
18 21 26
17 20 39
23 1 34
7 10 44
22 1 40
6 11 18
14 18 23
10 12 27
21 0 38
19 23 17
17 19 15
14 17 12
16 19 28
0 3 4
22 2 20
18 22 22
10 12 1
9 12 11
17 20 8
8 12 31
19 0 21
11 16 15
3 6 41
7 10 15
7 7 16
5 8 9
16 21 40
19 22 26
14 17 45
2 5 38
7 10 48
8 10 37
3 7 38
12 15 47
11 14 25
14 18 48
3 8 29
14 17 19
12 14 19
5 7 19
10 12 29
23 2 35
0 4 1
8 13 15
1 5 18
22 0 31
2 6 46
19 22 12
21 1 38
9 11 37
7 9 13
14 19 18
12 16 8
2 5 45
5 10 48
4 8 26
15 18 20
9 10 39
23 2 41
0 2 3
11 13 3
18 23 8
5 8 5
0 3 41
14 18 16
13 16 29
3 6 10
20 22 11
7 11 15
6 8 10
1 2 42
16 18 5
2 4 30
11 13 8
1 3 43
22 1 6
7 8 23
15 17 21
11 14 39
23 2 11
16 19 29
2 6 43
1 2 9
7 9 10
12 16 43
22 0 24
6 8 49
7 10 31
21 23 16
9 10 45
12 14 34
15 18 20
1 4 34
21 22 38
19 23 4
19 23 40
22 1 30
12 15 49
4 8 32
12 14 17
4 6 4
22 2 41
3 8 45
6 11 10
18 21 4
7 12 42
3 5 1
7 10 14
1 5 48
12 16 46
3 6 10
6 9 40
0 4 46
2 5 32
4 8 5
11 13 2
5 8 8
16 20 16
14 17 33
2 4 49
8 12 11
7 9 6
9 11 37
2 2 23
3 6 17
0 1 35
19 21 41
10 12 30
9 12 40
10 13 4
4 7 7
14 17 35
13 16 30
9 10 47
7 9 10
13 13 37
10 12 29
4 8 37
8 11 33
6 9 9
15 17 4
0 3 1
2 6 33
3 6 29
8 10 27
10 11 25
15 18 30
7 11 48
17 20 19
0 3 46
23 1 34
18 20 39
11 16 6
12 14 24
1 3 22
18 22 13
13 16 23
10 12 48
16 19 2
0 3 45
14 18 14
14 20 13
10 13 35
7 9 19
16 19 33
5 7 24
18 21 31
9 13 47
10 13 22
0 3 3
22 0 3
19 1 17
14 16 15
1 5 3
4 6 34
21 23 41
6 9 4
18 22 27
23 3 46
6 9 2
13 13 1
16 18 18
15 19 19
7 9 45
0 4 14
21 23 5
3 7 20
0 3 4
3 6 26
23 2 35
0 2 36
8 12 5
2 7 43
7 11 49
15 19 26
1 4 7
2 7 26
2 5 7
22 23 43
7 10 47
8 11 24
14 15 17
14 15 17
11 15 33
22 0 30
14 18 1
6 10 10
8 11 26
9 12 19
7 11 18
12 15 34
2 5 29
5 8 29
2 6 12
7 9 18
0 2 43
10 12 22
13 14 32
14 18 40
3 5 27
8 10 14
9 13 22
17 19 22
7 11 28
2 4 8
17 21 49
9 11 43
13 16 19
12 15 15
6 10 24
19 22 29
7 11 28
1 5 44
18 21 20
13 17 20
11 16 19
16 18 26
16 19 27
3 7 19
0 1 45
6 9 2
11 13 8
10 13 24
11 14 20
4 7 49
7 10 22
16 19 44
8 12 26
3 5 28
13 15 49
10 12 14
0 3 48
4 9 24
13 15 14
18 21 23
20 22 36
0 3 45
7 11 26
20 23 10
8 11 16
6 8 19
0 3 30
6 8 31
10 13 18
1 1 23
9 12 40
4 5 43
3 5 7
17 19 47
2 6 43
16 19 37
1 5 3
9 12 5
1 3 25
21 0 10
19 22 49
15 20 16
15 18 49
6 9 21
13 15 32
5 9 46
11 14 1
20 22 35
0 2 37
20 23 10
15 18 41
19 23 19
22 1 13
15 19 12
19 22 27
14 19 42
15 20 22
0 2 3
5 9 26
19 20 40
6 10 29
6 9 23
3 4 36
3 7 2
17 20 6
3 8 6
13 16 11
14 18 9
1 3 5
11 14 21
3 5 19
7 11 25
12 16 10
3 5 42
13 18 28
23 0 36
3 5 7
8 9 15
0 2 33
7 9 30
8 10 21
8 11 41
10 13 2
23 1 5
23 3 2
6 9 26
0 4 42
22 0 25
19 0 15
17 20 6
5 7 22
3 5 24
16 20 17
21 1 23
7 9 24
22 23 23
9 15 49
11 16 30
8 11 6
12 14 2
19 23 6
6 10 26
14 18 17
7 8 11
3 8 27
0 2 15
14 16 27
14 15 28
23 3 9
10 13 40
17 21 24
20 21 4
7 11 39
20 23 21
5 9 16
6 9 9
13 16 23
19 22 18
7 7 8
7 9 47
2 4 25
3 6 35
16 19 10
12 13 6
12 15 5
23 1 19
8 11 20
3 7 38
20 23 31
22 2 22
0 3 44
4 8 26
15 18 49
20 23 35
16 20 39
9 12 12
20 1 11
17 19 14
14 19 42
14 16 22
0 4 9
6 10 32
9 12 23
7 10 5
15 17 39
22 1 45
23 2 21
18 20 36
7 10 25
2 5 40
4 7 27
4 7 21
12 16 46
8 11 35
12 16 43
18 19 37
2 4 28
21 1 43
13 16 32
22 0 16
7 9 43
1 3 27
23 4 14
3 6 17
16 17 38
12 14 12
21 23 39
1 4 16
8 11 7
9 13 24
2 5 9
17 19 36
12 15 4
12 16 20
18 21 27
23 1 16
6 8 14
0 2 38
15 20 2
6 11 47
22 1 7
16 19 21
0 4 48
7 8 32
14 17 4
21 1 18
1 4 49
11 13 32
16 19 9
13 14 9
23 1 12
0 4 22
3 5 31
8 11 13
22 2 40
15 17 36
19 22 21
21 23 44
9 12 34
9 13 45
22 2 40
3 6 7
20 22 49
23 2 30
8 9 49
23 3 32
13 15 27
19 20 30
5 9 1
12 17 21
11 13 18
3 7 33
3 4 6
23 2 17
6 8 42
11 13 34
18 21 13
7 11 41
10 12 37
10 14 42
3 7 25
19 23 22
10 14 28
8 13 41
0 4 9
21 1 46
23 3 7
23 3 8
5 9 34
1 4 44
13 16 22
13 15 46
4 6 44
7 11 20
15 16 37
6 9 6
1 5 10
9 11 30
22 2 36
1 4 39
6 8 17
1 5 1
21 23 48
18 22 27
19 23 22
5 9 15
14 16 48
0 1 18
18 22 35
3 7 43
8 10 17
16 19 32
3 6 43
18 22 23
7 11 27
14 18 22
2 3 26
20 22 36
16 20 46
21 0 35
5 8 14
8 12 3
19 22 25
14 16 36
12 14 42
22 1 38
10 14 2
20 1 8
8 11 36
12 15 21
2 5 48
23 2 13
4 8 22
14 19 1
10 13 41
1 2 33
5 8 39
7 11 36
5 7 29
22 1 9
14 16 39
23 3 18
12 15 40
12 15 24
5 8 26
0 2 21
16 19 34
6 9 42
14 18 29
5 8 26
14 18 20
21 1 7
4 8 38
15 17 41
23 2 43
21 23 25
0 2 48
1 6 40
4 7 2
21 22 44
3 6 17
17 21 18
16 19 5
7 9 6
14 18 19
0 1 20
2 6 43
15 16 8
3 5 35
4 7 8
17 22 45
2 6 48
10 13 5
3 7 31
21 1 21
19 22 41
16 19 23
0 5 36
22 2 32
1 3 40
0 3 18
14 19 9
7 10 25
13 16 30
15 18 28
20 23 5
7 8 8
10 14 41
6 9 6
6 9 48
10 13 33
17 20 2
16 18 17
20 0 43
1 4 13
16 18 35
10 14 21
23 3 25
0 2 30
15 20 45
7 11 38
20 23 33
7 11 37
7 9 2
8 10 23
12 14 9
4 8 16
22 2 23
21 1 31
21 2 34
6 9 32
10 14 23
18 20 31
6 9 45
16 20 29
3 7 49
8 8 30
14 17 23
11 15 7
9 12 30
11 17 27
14 17 27
20 22 34
17 20 9
16 19 30
2 4 4
7 9 5
1 4 27
4 6 1
2 3 27
20 1 35
0 2 19
18 19 38
20 23 31
4 7 10
23 2 45
8 10 11
7 10 49
6 7 11
19 23 29
16 19 19
14 16 23
19 23 6
3 6 18
20 22 32
19 23 13
13 15 29
23 1 46
6 8 46
11 14 46
15 17 12
1 5 41
4 6 38
21 1 22
18 19 2
8 10 44
15 20 14
7 9 36
16 21 19
6 8 13
21 0 1
5 7 31
23 2 6
6 10 37
15 17 47
1 5 27
3 5 38
5 8 47
12 15 10
15 17 11
0 3 22
15 18 18
16 19 17
14 18 5
12 15 16
7 10 23
23 2 24
14 17 41
5 7 16
14 17 21
23 2 47
12 15 24
3 7 48
11 14 45
19 22 22
0 2 16
15 17 5
17 20 2
5 9 33
11 14 24
21 1 18
13 16 11
9 10 21
11 14 26
21 0 11
6 9 34
23 2 39
4 7 2
0 3 41
10 14 41
18 20 29
23 0 41
2 5 11
15 18 37
8 10 37
1 4 22
18 21 27
12 16 13
2 6 40
5 6 21
16 20 5
8 13 21
14 17 10
23 2 26
20 23 20
1 5 22
5 9 28
22 0 28
10 12 34
17 22 41
9 12 28
20 22 24
16 18 3
6 8 35
14 18 35
0 3 15
18 22 31
18 22 41
0 1 31
9 11 14
22 1 48
20 0 35
2 5 21
14 17 15
10 14 31
20 0 40
16 19 32
11 14 27
8 11 1
22 2 49
21 23 45
21 0 1
15 17 49
23 1 6
11 16 33
8 12 46
22 3 45
13 15 16
2 5 45
22 0 45
10 14 14
3 6 22
23 2 9
2 3 4
0 2 13
21 23 41
7 11 14
12 16 16
8 12 4
7 9 38
5 9 10
14 19 25
6 7 41
7 9 2
11 15 15
3 7 47
10 14 37
7 10 43
11 14 23
9 12 37
19 22 26
4 8 5
14 18 42
10 12 1
0 4 22
0 3 10
14 17 29
1 4 8
14 16 35
6 10 9
18 22 37
23 2 6
7 10 24
13 15 21
16 19 38
1 4 15
20 22 37
3 5 7
20 23 23
10 12 15
13 16 43
6 11 37
12 15 6
8 12 21
18 21 9
7 8 34
21 0 25
11 15 2
8 12 40
1 4 17
22 0 13
18 21 7
1 3 18
10 13 23
22 2 28
1 3 42
2 7 43
20 22 35
8 12 1
19 21 49
22 0 41
11 14 30
2 5 35
3 6 19
0 2 13
11 14 35
14 17 10
15 19 34
21 23 48
4 6 4
18 21 15
11 16 36
17 20 33
1 4 7
5 8 5
14 16 2
11 14 17
20 22 44
19 21 23
7 11 35
14 15 24
8 11 41
10 13 49
0 3 40
19 21 7
15 17 32
22 1 8
7 10 27
14 17 5
9 14 38
23 2 8
1 4 39
15 17 39
5 6 7
22 1 35
1 5 45
8 10 4
17 20 11
4 9 13
8 10 7
6 8 10
2 6 28
7 11 47
6 10 39
12 15 49
14 16 1
15 16 7
21 0 2
19 22 21
11 14 31
18 22 28
18 20 3
12 15 1
2 5 29
0 3 18
13 14 2
18 23 25
3 3 31
18 21 3
4 7 46
1 3 7
1 4 30
6 10 4
14 17 24
6 10 29
10 12 23
17 19 28
12 16 4
0 3 48
16 17 2
13 15 38
21 23 24
19 23 25
18 20 41
0 3 3
1 6 31
21 23 16
21 1 27
2 5 4
0 2 9
4 7 2
4 7 16
22 23 47
5 7 44
7 10 42
21 23 6
12 14 28
7 9 12
21 1 19
14 18 43
15 18 32
0 4 44
14 16 36
14 18 35
5 8 25
11 13 41
7 9 20
2 4 26
10 14 49
11 13 16
3 6 34
0 2 12
2 5 20
18 22 15
6 9 10
2 6 41
0 3 34
4 8 4
14 18 32
23 2 33
12 16 27
20 22 7
14 18 29
21 0 33
22 23 5
7 10 39
2 3 24
3 6 39
11 15 47
16 18 6
19 0 38
13 16 24
11 15 27
10 13 12
16 18 23
18 21 9
11 14 3
13 16 43
5 9 5
18 20 7
14 17 1
3 5 38
20 23 25
12 14 20
23 2 41
5 7 26
21 0 2
23 3 21
6 9 49
22 1 42
6 7 29
8 12 25
12 14 25
14 16 21
0 4 5
1 5 2
19 23 20
23 2 6
11 15 23
1 5 32
14 17 22
2 6 49
2 4 31
1 4 17
11 15 31
3 6 29
16 21 22
0 2 46
13 16 17
5 9 32
11 12 49
8 12 48
3 7 28
13 16 33
16 19 40
14 17 36
16 21 38
7 12 40
2 4 30
14 15 24
19 23 15
7 11 6
4 8 20
22 1 41
7 9 31
4 7 17
3 6 14
0 4 8
22 2 13
16 20 45
6 9 28
21 22 24
12 14 28
0 3 44
8 11 16
4 9 17
15 16 43
18 21 46
15 18 39
9 12 45
16 20 14
14 17 45
21 0 44
12 17 28
23 1 1
8 10 35
15 18 18
21 1 39
11 15 5
1 5 20
15 18 35
4 7 33
16 17 23
20 23 31
11 14 38
11 15 24
17 20 18
9 13 7
9 11 10
23 1 5
18 21 39
0 2 33
7 12 38
18 21 2
7 10 8
3 6 30
7 9 39
22 1 17
20 23 29
5 6 49
13 14 35
2 4 37
22 3 45
5 8 29
2 5 27
20 22 43
4 7 23
9 12 23
6 9 25
18 20 21
16 19 47
8 13 2
11 14 40
19 21 39
3 3 42
15 18 11
5 7 19
7 10 22
16 18 20
8 12 21
11 14 47
5 7 31
2 7 25
11 11 26
18 22 22
21 0 9
23 1 29
18 22 13
4 7 6
17 19 11
21 2 29
2 5 11
14 18 42
3 5 24
23 1 2
19 22 8
1 4 26
10 14 46
9 11 22
15 18 42
21 0 1
1 3 47
23 2 35
8 12 1
1 4 1
18 21 15
20 23 23
8 10 3
6 10 43
6 9 34
10 12 37
19 23 30
20 23 16
13 16 49
14 17 13
19 22 21
2 4 30
3 7 36
20 21 12
20 22 27
13 16 36
20 0 5
9 12 31
8 11 10
21 1 40
19 22 49
11 15 2
9 10 11
21 23 37
0 4 24
14 16 39
19 19 21
11 12 9
3 6 28
13 15 4
20 23 28
23 5 41
15 18 14
4 7 2
19 23 32
19 21 31
0 4 8
2 6 46
9 13 18
14 15 9
23 2 30
9 11 41
5 10 5
0 3 12
7 9 24
12 13 30
15 18 9
9 13 1
8 11 18
5 8 25
18 21 2
16 17 20
22 2 25
19 0 12
21 1 11
11 15 36
17 21 18
9 10 29
13 18 40
5 7 8
8 12 29
14 18 9
22 2 4
16 20 28
12 14 16
11 15 6
4 7 29
4 7 15
6 10 22
1 2 40
21 0 22
19 23 34
15 20 19
23 1 38
19 0 12
17 21 30
0 3 27
13 15 26
20 23 37
16 20 48
2 5 19
1 3 23
8 9 27
3 6 31
18 20 40
4 8 33
19 21 47
1 4 34
14 18 37
3 5 23
15 19 9
1 4 33
22 1 11
5 7 12
10 13 40
6 9 45
6 10 1
17 21 32
2 5 48
23 2 33
21 0 4
4 8 41
6 10 43
23 2 1
13 16 38
11 14 7
23 2 13
11 14 45
5 8 45
15 18 18
5 8 46
15 16 1
11 12 2
15 19 35
5 7 46
20 0 26
23 0 30
10 13 45
21 23 22
0 3 35
4 7 21
7 11 44
2 4 18
8 12 42
23 4 42
1 4 49
0 3 26
1 5 31
18 23 38
20 1 28
1 4 15
13 16 2
20 21 29
11 14 37
15 17 12
2 5 3
21 22 35
12 14 41
18 21 9
20 23 10
20 21 1
16 20 28
17 21 38
1 6 27
17 20 44
20 22 33
10 13 48
10 13 28
8 13 25
22 1 37
4 6 38
10 12 23
7 11 32
8 10 40
3 8 20
17 22 4
21 23 11
23 2 36
14 16 16
0 0 34
5 7 24
23 0 17
22 22 42
10 13 9
19 22 30
19 23 31
11 12 28
20 0 15
8 9 31
14 17 20
3 6 35
11 15 10
21 0 15
5 9 27
2 4 33
6 8 47
21 0 37
4 7 31
8 12 36
7 10 6
23 1 12
8 11 20
23 1 29
19 22 32
1 4 14
1 3 45
4 7 45
5 9 13
8 12 4
16 19 12
2 4 25
4 7 45
10 16 30
14 18 32
19 22 19
15 18 31
13 15 7
10 14 48
23 3 46
0 5 11
8 12 30
9 11 6
21 0 11
19 21 13
4 7 3
22 1 46
20 0 17
10 11 2
20 23 6
3 5 36
2 5 21
17 19 34
4 6 42
3 7 2
22 0 46
7 11 35
7 10 3
16 20 19
14 17 8
21 1 33
21 0 29
1 4 20
16 17 9
11 17 45
19 22 1
15 17 25
6 8 47
5 9 41
21 1 36
3 5 25
4 7 33
9 11 27
12 14 10
7 9 11
16 19 34
4 7 18
9 13 13
7 11 34
10 13 24
17 21 37
18 23 23
19 23 11
9 12 4
22 0 21
11 13 17
4 7 5
8 11 40
14 16 29
16 19 43
6 9 35
21 23 26
17 19 46
4 8 40
12 16 18
14 16 4
14 17 34
9 12 27
9 10 49
6 8 18
18 21 12
0 4 12
17 21 34
13 15 49
13 15 21
4 7 10
17 21 9
23 4 37
19 22 1
18 21 35
3 4 39
23 2 14
5 8 39
2 6 27
5 8 40
7 10 24
8 13 24
9 12 33
11 15 21
10 12 31
21 1 30
17 20 42
17 20 16
2 4 44
18 23 48
7 10 42
8 11 26
6 9 6
10 14 15
13 16 33
16 18 39
20 23 27
2 1 19
14 17 4
11 16 22
18 20 38
22 2 41
4 8 38
23 2 40
20 22 9
12 16 42
0 3 37
7 11 38
21 1 8
16 20 1
22 1 30
21 0 45
21 0 16
3 5 23
12 16 19
0 1 6
18 22 24
13 14 25
15 19 26
4 9 30
1 3 28
23 2 41
4 6 13
3 5 26
12 14 21
23 3 2
15 17 11
2 3 45
2 5 1
18 22 4
18 21 32
8 11 44
9 12 14
21 1 25
17 20 12
11 13 42
1 5 5
14 17 5
22 1 41
17 20 45
5 8 29
15 17 37
3 7 13
13 15 14
22 1 5
6 9 17
20 0 8
21 0 17
8 10 25
19 21 33
4 7 42
11 13 44
5 8 40
3 7 31
10 12 11
18 20 18
10 13 31
19 21 16
3 6 36
0 3 33
4 8 22
0 4 44
15 18 1
1 6 29
14 17 31
22 2 27
8 13 43
2 6 1
11 13 21
8 11 49
10 13 42
4 6 19
3 6 9
20 0 2
21 0 27
23 1 15
9 12 27
9 12 29
17 20 3
17 21 32
11 15 21
12 15 29
4 5 6
21 0 41
20 0 42
8 11 25
2 5 2
4 8 34
2 6 43
6 10 33
14 17 31
2 5 15
8 11 19
6 9 45
6 9 15
8 13 18
1 3 10
5 10 47
20 1 23
19 23 6
23 2 7
22 2 41
19 23 11
3 7 5
2 5 8
1 3 35
13 15 16
11 12 17
5 8 32
14 19 5
20 22 18
2 4 46
16 20 26
23 2 38
4 7 19
21 22 31
17 19 21
21 22 37
11 13 3
2 6 5
3 5 48
13 16 8
7 11 20
12 13 34
16 21 20
12 16 12
12 15 17
23 2 37
17 20 25
2 3 16
9 13 3
22 1 36
10 12 23
23 2 32
22 2 3
18 20 21
16 20 13
17 21 42
3 7 37
20 22 27
22 0 5
5 7 16
21 0 45
3 5 8
10 14 20
10 14 9
11 15 28
3 5 25
11 14 13
10 12 49
16 18 48
10 14 5
5 8 40
9 11 20
1 4 38
11 14 1
23 1 5
16 18 19
18 20 22
17 21 10
13 16 16
10 12 35
9 13 15
23 2 42
12 14 32
4 7 48
8 11 42
7 10 8
8 9 4
5 7 45
10 14 44
8 9 21
2 6 34
18 22 31
9 12 1
2 5 32
9 12 15
21 23 10
22 0 47
10 13 26
21 0 9
16 19 13
19 22 26
2 6 22
17 20 46
6 10 15
4 7 15
12 16 43
22 2 28
15 18 36
8 12 19
12 15 21
2 6 23
14 17 41
22 1 12
16 19 13
19 20 11
13 17 7
21 0 37
8 10 17
12 16 7
8 12 15
14 17 30
3 6 13
19 21 21
8 10 21
19 22 9
7 10 33
13 17 31
6 9 41
20 23 6
21 0 23
16 18 46
13 16 8
16 19 29
3 5 29
16 18 9
12 16 26
0 3 41
15 18 39
4 6 21
18 22 21
7 8 1
4 8 30
6 8 46
23 2 23
3 6 48
20 23 40
9 12 26
22 0 47
15 18 17
6 9 30
6 8 42
15 19 30
6 10 21
14 16 44
6 9 8
13 16 38
9 13 12
23 3 14
18 21 13
8 11 49
18 21 7
20 21 30
10 13 19
6 8 9
5 8 26
5 9 19
9 12 8
21 0 39
9 12 3
19 21 25
2 5 26
5 8 18
14 15 3
5 7 44
9 12 44
18 22 22
0 4 7
10 15 14
21 0 13
14 18 2
16 19 21
20 21 44
2 4 33
1 4 2
17 20 9
3 5 19
20 22 44
19 23 20
3 5 36
10 12 26
5 8 22
14 17 26
23 2 46
15 18 33
16 20 37
9 11 37
2 5 23
12 15 33
14 18 37
22 0 44
7 10 19
0 2 11
14 19 49
17 20 31
4 5 7
4 8 39
14 16 44
14 18 11
0 2 19
3 6 34
1 3 23
22 2 45
7 11 28
18 22 44
0 3 27
17 21 23
12 15 43
0 3 30
15 16 20
9 13 36
9 13 31
11 13 19
9 11 16
17 19 22
21 2 6
0 2 41
0 1 24
22 4 45
15 19 36
6 9 6
4 8 23
6 8 4
8 12 30
13 16 23
22 1 18
20 21 14
5 8 9
9 13 19
16 18 22
7 11 24
3 6 27
18 19 24
4 6 36
13 15 4
14 16 11
11 14 13
10 12 40
5 8 16
1 4 46
18 20 16
20 23 20
17 18 3
16 18 33
22 1 4
11 14 22
6 9 34
5 8 28
5 9 17
3 7 7
7 10 17
19 0 38
2 5 1
8 11 30
3 5 45
14 18 12
10 13 8
4 8 6
14 16 27
6 6 8
18 22 6
14 17 34
8 11 10
17 20 7
19 22 11
23 1 8
18 21 1
15 18 32
13 16 33
8 10 47
17 22 32
19 23 1
10 12 41
22 0 48
8 11 5
14 18 1
8 11 21
16 19 21
18 18 44
6 8 46
5 9 34
19 22 38
5 7 34
21 0 34
15 19 38
7 10 49
3 6 33
5 7 3
15 19 19
9 12 18
9 13 47
3 4 16
2 4 42
9 12 18
13 16 40
16 19 35
16 19 20
13 15 41
0 2 37
23 2 40
4 6 5
5 7 31
6 9 2
4 7 49
17 20 30
14 17 36
1 3 36
7 9 8
8 10 38
17 20 3
17 21 45
18 19 45
17 19 18
9 12 32
1 5 17
13 17 13
16 20 1
14 17 16
20 0 9
3 5 39
14 18 8
13 16 7
20 2 15
0 3 12
18 20 32
0 2 32
5 9 21
2 5 4
2 4 42
12 16 14
14 16 49
18 20 13
17 19 42
5 8 35
8 10 39
22 1 8
12 16 34
1 5 47
11 15 10
15 18 18
2 3 3
22 2 36
17 20 14
0 2 31
5 9 36
2 5 18
13 15 16
4 5 34
22 1 17
22 1 1
21 23 5
16 20 29
23 1 26
7 11 32
23 2 10
22 2 11
2 4 49
18 20 37
16 20 18
4 8 24
3 5 40
15 19 20
2 5 14
3 8 17
8 11 3
6 8 13
2 4 4
10 14 21
15 18 45
4 6 48
16 20 4
18 23 47
3 6 14
8 9 7
9 13 41
0 3 33
5 10 18
6 9 16
13 17 27
2 5 17
0 2 38
19 23 40
19 21 14
0 1 29
10 13 35
13 16 21
8 11 41
18 19 33
0 2 7
0 3 12
16 19 7
17 20 34
21 1 16
10 13 7
17 21 1
21 0 42
1 6 33
11 14 9
20 23 6
4 7 30
16 18 21
19 22 29
16 19 7
2 5 48
9 12 21
2 6 12
16 19 37
5 7 36
22 2 36
18 21 4
2 5 9
7 10 44
20 23 37
2 5 18
20 21 46
19 22 26
1 5 20
4 7 38
2 5 32
22 2 33
16 19 19
1 4 14
4 8 47
11 16 40
9 11 3
22 23 11
19 22 4
12 16 36
5 8 12
14 17 47
6 8 9
2 5 48
16 21 31
1 4 38
18 20 41
21 0 44
14 16 37
0 4 24
16 17 47
13 14 9
20 22 42
8 12 42
20 23 1
11 14 32
12 13 9
10 12 18
12 16 41
0 4 29
13 16 12
9 11 18
13 17 1
10 12 19
12 15 37
18 21 5
10 15 43
12 14 35
2 4 40
7 9 46
16 20 14
2 6 19
19 22 18
14 16 7
16 18 24
19 22 6
1 4 20
15 17 47
6 9 48
13 17 22
18 22 33
23 3 7
11 13 17
21 0 12
2 6 20
22 0 3
21 23 11
9 14 44
20 0 37
17 20 16
17 19 37
6 9 39
22 2 28
1 3 44
2 5 43
16 20 21
16 17 6
6 8 37
1 4 29
13 16 29
21 23 4
0 3 41
19 23 12
12 16 4
0 2 19
9 11 31
12 17 31
20 0 44
21 23 15
5 9 11
18 23 35
4 5 44
17 20 34
4 7 11
10 14 40
15 18 2
9 12 18
13 15 26
22 0 33
9 13 37
20 23 49
18 21 18
7 9 36
18 22 16
8 11 8
10 13 29
10 11 41
14 19 3
0 3 4
7 10 16
2 4 8
5 9 42
4 8 34
6 9 6
16 20 8
9 13 47
10 12 17
10 13 46
0 2 38
23 2 37
12 16 11
11 14 4
0 4 31
4 7 6
3 6 7
11 14 29
18 22 39
9 12 1
6 10 21
18 20 38
5 8 18
16 18 38
9 11 24
10 13 4
14 17 32
15 19 31
14 17 26
12 15 33
4 8 47
7 9 12
22 22 37
16 21 38
6 9 15
21 0 48
16 19 46
21 0 49
9 11 32
9 14 33
11 12 2
3 6 5
7 9 16
9 12 12
12 15 22
10 13 4
5 9 3
18 21 48
22 0 37
5 9 19
21 23 37
20 22 45
5 9 31
1 5 37
12 16 18
8 11 30
22 2 30
8 10 20
22 1 1
8 10 25
14 17 20
15 19 28
17 22 25
12 16 23
22 1 25
0 4 49
11 14 4
0 1 14
18 21 30
13 16 49
23 1 33
0 3 23
2 4 22
17 21 4
1 4 1
8 12 48
5 7 37
6 9 7
12 16 36
13 17 12
23 1 29
23 2 21
3 6 49
5 8 37
19 23 22
14 17 24
0 3 7
7 11 33
3 5 15
3 6 26
14 18 24
4 6 23
17 20 7
9 11 32
9 12 13
23 3 38
0 2 9
11 14 6
22 0 13
19 23 39
10 16 45
14 17 22
3 4 45
14 16 7
0 4 26
8 11 10
22 0 6
2 5 15
15 19 9
20 21 1
7 11 39
13 16 15
9 13 40
14 18 33
13 16 35
12 16 49
3 6 23
19 22 36
23 2 35
2 4 8
2 4 47
15 18 11
1 3 11
23 0 49
6 9 36
20 23 45
23 3 40
14 17 32
15 18 32
5 6 43
19 23 10
4 6 14
4 7 5
21 23 20
10 14 47
15 18 30
7 9 8
0 2 26
21 2 49
3 4 20
16 20 40
0 2 30
5 9 6
7 10 38
18 21 8
14 18 16
1 3 22
21 1 46
7 9 16
21 0 27
20 22 9
8 10 25
16 19 5
20 0 33
13 16 14
7 10 32
22 2 12
12 17 19
16 19 17
3 7 48
8 11 8
17 21 17
17 20 11
10 13 8
8 12 39
1 6 43
23 2 30
6 9 32
20 1 38
10 13 18
16 20 15
20 23 37
4 6 27
23 1 32
3 8 23
14 17 41
22 1 13
4 7 32
4 6 29
5 9 46
18 21 37
15 17 38
16 20 21
4 7 20
16 20 30
6 10 30
7 11 21
9 12 47
13 17 2
23 1 7
2 4 12
20 23 12
12 15 2
8 11 8
8 12 2
20 0 18
17 20 8
19 23 37
19 22 13
13 15 44
22 0 26
2 5 23
12 17 25
22 1 36
5 8 40
5 8 41
6 10 3
13 13 8
14 17 30
14 18 24
0 3 13
8 12 15
2 6 30
13 14 33
12 14 1
9 13 27
0 3 47
1 3 40
10 14 9
14 17 17
19 0 24
7 11 14
12 17 34
13 15 35
11 14 25
16 19 11
3 6 12
14 15 36
18 22 8
12 14 29
11 14 23
21 0 42
5 8 36
19 22 34
1 4 3
21 23 49
10 12 34
22 1 8
12 15 3
12 14 2
7 10 10
10 12 5
18 21 28
11 16 45
18 20 1
14 17 34
2 5 27
1 4 9
5 8 2
23 2 33
7 11 25
1 4 46
19 23 35
5 9 14
18 0 40
18 20 5
0 3 11
1 2 13
7 11 26
9 11 11
13 16 13
22 0 27
9 14 37
22 23 34
11 14 28
1 4 46
15 18 42
10 13 8
7 12 48
14 18 26
17 21 2
0 1 21
5 8 38
9 12 29
4 7 10
14 17 20
21 23 43
8 11 41
13 16 8
5 6 25
8 12 10
14 16 4
15 17 16
3 5 7
19 21 49
11 14 14
19 22 24
2 5 33
23 0 17
19 22 2
3 6 2
5 9 36
18 21 2
3 7 12
4 9 34
20 23 6
11 13 21
3 3 12
16 20 8
17 21 33
17 20 44
15 18 12
2 6 4
6 9 41
13 15 11
2 4 31
23 1 14
16 19 32
7 9 39
2 3 43
2 7 27
12 14 23
2 5 17
23 1 8
13 16 10
8 10 6
17 21 21
2 5 23
1 3 23
8 13 8
19 22 3
23 1 6
6 9 5
1 4 33
13 15 7
3 8 5
13 18 34
14 17 9
19 20 28
16 17 12
12 15 39
5 7 5
2 6 1
3 7 33
14 17 43
19 22 45
21 1 5
19 23 8
3 6 30
16 19 21
0 1 42
11 13 40
6 8 24
23 1 19
1 5 11
19 23 2
20 0 18
0 2 13
20 23 49
15 18 27
18 20 28
11 15 24
6 8 48
17 18 37
21 3 40
22 0 31
10 12 37
8 11 21
6 8 22
12 16 40
19 21 16
20 21 32
22 2 37
4 7 36
5 8 47
9 11 8
7 11 25
1 6 9
6 9 33
5 7 31
17 21 31
10 13 43
0 2 36
11 15 27
17 21 6
0 3 24
14 16 3
22 1 1
9 11 9
17 19 43
3 6 22
2 5 42
23 4 6
9 12 36
9 12 18
13 17 1
4 6 22
15 19 4
23 0 1
17 20 25
5 6 36
14 18 32
20 0 35
0 4 5
14 18 36
23 1 43
2 4 3
6 10 16
11 16 23
8 11 10
17 20 48
20 22 23
18 21 22
19 22 25
2 7 45
7 8 17
21 1 17
8 9 49
5 8 13
14 17 40
8 12 24
2 4 29
9 12 37
4 7 17
13 17 40
19 0 33
8 10 24
14 17 34
0 3 34
9 13 36
16 17 13
10 13 45
9 11 44
22 0 5
18 22 19
14 16 32
16 18 20
21 22 24
16 20 34
3 7 37
20 23 11
21 0 20
13 15 39
6 9 44
6 11 11
15 20 31
18 20 22
22 1 10
10 12 18
1 3 36
1 3 39
12 13 40
13 17 37
21 1 13
13 16 34
21 1 5
5 8 1
11 13 37
7 11 18
14 17 24
13 16 31
12 14 23
16 18 38
21 23 22
19 17 43
0 4 4
8 11 29
9 10 47
2 6 24
6 7 35
19 21 24
1 4 30
16 19 5
17 21 33
21 0 30
18 22 5
16 18 15
8 11 32
10 12 6
5 8 44
22 0 18
13 15 17
8 13 28
3 7 9
11 14 9
23 3 10
3 6 38
4 7 2
10 15 4
17 21 1
8 8 34
20 0 38
15 19 39
0 1 30
7 11 35
16 20 36
21 1 13
21 3 28
10 12 35
1 3 7
15 18 37
7 10 34
8 11 35
19 22 4
22 1 9
8 11 8
10 15 26
2 4 27
21 0 31
22 22 24
10 13 38
21 0 14
14 20 34
12 14 1
4 5 16
7 9 10
9 12 5
14 18 10
6 9 39
21 23 39
7 10 17
18 22 4
20 1 38
23 1 1
17 19 10
6 7 35
19 19 38
1 4 46
11 13 7
23 3 34
21 1 40
12 16 18
21 1 38
16 20 16
8 11 16
7 9 36
16 18 27
1 3 4
19 23 11
22 23 8
17 21 45
7 8 9
21 0 10
0 3 35
3 6 11
4 6 29
14 17 11
4 8 20
18 20 23
21 23 15
18 22 3
13 15 41
9 13 21
5 8 10
16 18 11
0 3 42
5 8 44
22 2 21
15 19 39
15 18 13
6 10 48
12 15 45
22 0 35
1 3 2
19 21 41
22 0 39
12 15 43
23 1 12
23 2 11
7 11 30
21 1 43
10 14 28
12 16 24
12 16 25
14 18 14
19 22 33
0 2 33
16 18 40
15 18 24
15 17 25
14 16 12
20 22 33
9 12 3
1 5 30
13 14 11
11 14 12
15 18 14
22 1 41
1 2 19
7 11 32
6 10 41
8 13 46
13 16 47
20 22 5
4 7 18
11 13 12
10 14 38
3 7 26
0 3 31
11 15 12
12 17 23
6 10 7
5 8 28
22 23 38
9 12 11
20 22 7
13 17 40
3 6 31
13 15 20
13 14 7
11 14 47
15 17 3
22 3 26
12 16 27
7 12 37
17 22 24
5 8 46
17 20 36
0 5 46
8 9 7
5 7 19
19 22 19
19 21 18
1 5 45
18 21 4
7 10 25
0 3 48
2 5 4
14 16 9
5 8 23
16 21 22
11 13 35
2 4 17
1 4 37
15 19 48
20 23 10
2 4 36
4 7 24
5 7 1
22 0 12
14 16 20
9 10 39
4 8 4
21 22 4
10 14 19
14 17 25
2 5 13
16 19 6
9 11 2
20 21 44
3 6 49
17 19 47
6 9 11
17 21 40
20 23 5
6 8 43
7 11 27
12 15 7
14 17 27
13 14 7
0 2 17
0 2 4
7 9 34
7 10 30
8 10 29
21 0 29
5 9 36
3 7 37
8 10 10
20 23 38
4 6 14
16 19 36
19 20 3
5 8 45
16 19 17
8 9 22
10 13 27
1 6 48
21 0 14
16 19 39
17 21 43
3 6 20
18 22 28
2 5 10
22 0 25
16 20 18
21 1 32
13 16 26
8 12 23
21 1 47
18 22 43
12 16 37
8 12 17
4 5 32
5 7 29
9 11 43
9 12 24
11 15 39
16 20 42
0 3 45
8 11 1
6 10 49
22 0 4
7 9 33
23 3 38
18 22 29
14 17 21
18 22 4
11 15 11
12 14 2
15 18 2
15 18 38
7 10 46
2 3 3
7 11 48
1 4 33
3 4 45
14 16 23
9 12 48
21 0 26
5 9 32
21 0 24
20 21 21
5 8 23
2 6 43
1 3 26
7 11 10
23 1 2
6 9 16
8 10 29
11 12 47
6 9 49
21 23 45
23 3 8
6 9 16
3 5 25
22 2 13
8 12 48
19 22 27
12 13 42
21 23 5
22 1 43
10 14 49
7 10 37
0 2 37
6 8 49
22 22 49
11 13 43
10 11 26
10 13 23
13 18 14
4 7 3
18 22 33
15 18 30
18 20 6
23 3 25
21 0 44
6 9 10
22 2 48
13 16 45
11 15 3
16 18 31
1 3 39
11 15 5
20 23 23
7 10 25
18 23 39
4 7 4
19 21 35
11 15 5
1 5 7
1 4 25
16 18 44
2 3 16
13 18 23
20 23 5
7 10 7
14 17 45
0 1 23
2 4 33
16 19 36
20 1 17
15 19 10
15 19 37
19 22 25
9 12 28
3 6 32
11 14 35
21 0 5
18 21 8
23 1 11
22 2 39
9 12 31
19 21 15
11 13 34
18 21 6
0 2 46
16 19 47
22 1 17
9 11 13
15 18 36
22 3 17
4 5 36
6 9 25
10 15 19
18 21 27
10 12 32
20 22 20
12 15 14
5 8 14
19 22 4
13 15 12
6 7 19
8 12 2
18 21 11
14 16 33
17 20 28
6 10 10
11 13 24
21 1 40
9 12 39
21 0 24
9 12 32
17 19 6
1 4 6
18 22 25
10 11 2
3 6 33
17 22 47
17 19 9
21 23 15
11 15 46
6 8 10
0 4 30
10 12 35
22 1 10
0 3 1
18 21 36
10 14 27
12 15 36
5 8 29
21 1 1
2 4 24
5 9 9
11 14 1
5 9 39
23 2 33
2 5 41
13 16 39
18 21 3
11 13 37
14 16 1
2 4 10
7 9 44
0 3 41
8 11 31
3 8 14
23 2 1
17 20 16
2 5 13
11 15 44
13 16 36
11 15 33
5 7 39
4 7 25
9 11 42
11 12 6
20 1 22
4 7 44
12 13 32
14 16 26
22 3 12
15 18 48
21 23 7
19 22 4
18 20 23
11 14 24
17 19 36
3 6 44
1 5 16
8 12 12
0 2 5
1 5 17
11 14 40
13 17 48
5 7 28
5 7 36
6 10 17
15 19 32
13 16 15
11 14 7
23 1 37
9 11 10
2 4 1
3 5 39
22 0 44
7 11 21
6 7 35
12 16 2
18 20 11
8 10 8
20 23 5
21 0 33
17 19 37
11 14 10
22 1 1
4 7 43
20 22 1
21 0 8
14 16 42
2 4 4
10 14 46
15 17 41
17 20 12
19 0 20
12 16 35
22 1 6
8 13 19
14 17 33
6 10 32
13 15 37
20 22 34
10 12 25
4 7 47
1 5 16
23 3 20
5 8 36
4 7 38
1 4 41
21 2 15
4 7 32
12 16 38
4 5 16
8 10 32
19 22 6
23 1 18
14 16 44
15 18 7
22 3 25
10 14 25
18 21 41
17 19 7
2 6 22
1 4 22
17 22 2
17 20 37
23 3 6
16 18 35
18 22 3
7 8 38
6 8 9
8 12 15
14 16 45
4 8 16
3 7 33
8 12 29
1 1 19
12 15 5
2 6 29
10 14 41
3 6 42
15 18 3
19 21 4
7 9 33
23 3 31
7 11 29
0 4 48
0 3 1
19 22 34
23 1 10
10 13 18
23 2 3
20 0 11
12 13 22
3 6 30
12 16 29
6 9 42
3 6 24
20 0 23
9 12 19
23 3 23
11 14 2
2 5 49
