3000 44
10 20 6 1 9 13 34 19 26 4 17 22 33 10 30 27 14 21 27 5 7 11 9 4 6 2 22 39 2 2 12 15 6 24 36 19 37 43 23 25 10 15 42 27 
0 2 39
4 7 9
13 16 34
5 8 6
2 6 14
14 15 13
11 16 15
23 2 41
10 12 8
7 9 43
13 17 6
13 16 3
6 8 1
2 5 21
13 16 18
20 23 27
15 17 19
0 4 32
9 13 34
6 7 19
5 8 12
13 16 31
2 5 4
5 8 16
7 11 3
14 17 25
6 10 29
0 1 41
5 7 39
22 1 9
7 9 38
20 1 33
21 0 27
19 22 13
6 11 15
5 9 23
4 7 8
14 16 4
20 23 21
5 8 40
12 16 22
5 7 31
15 18 31
9 13 24
3 7 16
4 6 14
20 23 30
4 6 23
22 1 42
0 2 30
2 4 36
20 23 23
6 9 43
21 23 21
14 17 1
21 1 27
1 2 4
14 16 32
2 4 11
16 18 30
12 14 42
14 18 36
4 8 7
19 22 27
20 0 44
15 18 1
0 1 9
17 20 11
1 4 24
13 17 11
22 1 33
19 21 4
17 22 13
7 10 15
2 5 11
9 12 33
23 1 17
3 5 8
19 22 35
3 7 7
6 10 3
7 13 15
12 16 22
22 1 25
5 7 41
10 13 25
9 13 1
17 20 35
10 13 10
4 7 8
0 4 12
8 13 27
22 2 2
22 2 11
4 7 41
11 14 22
15 18 5
9 12 28
1 3 35
15 18 19
3 8 7
7 9 3
0 2 35
3 6 17
1 1 5
8 12 27
4 8 42
20 23 6
18 21 24
15 17 29
11 15 16
13 16 6
12 16 24
2 6 2
18 20 20
9 11 23
5 8 26
17 19 21
11 15 16
4 8 26
3 5 1
17 20 6
1 3 12
14 17 7
9 12 9
3 6 31
18 20 23
9 11 10
2 4 9
1 3 16
10 14 12
18 22 21
21 2 34
7 9 32
8 11 14
4 7 44
15 18 17
17 20 15
12 16 4
15 17 42
16 19 27
4 6 37
15 18 22
19 22 43
16 18 39
3 6 29
21 0 1
15 20 28
7 9 17
22 2 2
9 12 23
4 6 4
3 6 6
22 1 27
8 12 23
20 23 13
10 12 43
16 17 23
22 1 16
7 9 21
1 4 42
19 21 5
8 11 36
0 3 22
14 17 30
1 7 2
20 23 2
10 13 38
14 16 36
9 13 34
2 6 21
9 12 32
13 17 7
21 0 5
0 2 19
19 22 40
1 6 20
1 5 27
5 8 20
0 3 34
1 3 10
10 13 4
6 11 6
2 5 17
6 9 20
6 8 27
19 23 41
3 5 41
17 21 36
2 6 17
19 22 10
1 4 14
16 20 38
5 7 15
16 17 25
10 12 21
13 16 30
19 22 36
2 3 8
15 18 25
16 17 27
12 14 32
2 7 24
12 13 23
16 19 1
4 6 15
1 5 7
12 16 14
20 0 5
20 23 15
15 18 42
18 20 3
17 19 26
9 11 6
6 9 14
20 23 30
10 15 5
15 18 36
2 4 40
10 14 37
20 23 9
14 18 7
19 21 11
6 9 14
22 0 9
11 14 13
16 17 9
20 23 35
1 5 40
12 14 38
0 4 29
16 21 24
19 20 35
2 5 33
20 23 13
19 23 33
2 3 32
13 16 34
15 19 12
20 23 9
6 8 38
11 15 1
18 21 13
5 9 42
6 9 9
15 18 27
22 0 18
11 14 12
22 1 25
3 5 3
9 13 40
3 5 33
15 18 8
18 23 38
8 11 14
0 4 17
20 0 6
8 11 23
7 9 1
6 10 43
11 15 21
23 3 32
8 13 23
5 7 16
17 19 40
3 6 42
18 20 12
14 18 27
16 19 14
2 5 7
20 22 7
11 15 42
13 16 31
7 11 17
8 11 16
23 2 38
23 3 20
18 22 41
13 16 12
14 17 39
10 12 33
15 19 15
16 19 37
14 17 34
0 4 7
19 21 38
18 21 25
14 18 6
4 8 30
13 16 14
5 8 25
5 8 29
18 19 27
12 15 42
22 0 20
1 2 18
12 17 37
22 1 17
15 20 3
8 10 4
14 19 22
18 22 11
5 8 4
20 1 21
1 4 37
20 1 16
8 12 28
0 5 19
15 16 36
22 1 43
20 0 19
22 0 10
10 11 30
23 3 25
21 0 16
12 14 16
7 9 3
5 7 35
1 4 3
4 5 41
15 19 8
16 19 23
3 5 36
8 11 23
16 20 13
4 9 28
14 17 15
6 8 40
18 21 19
0 4 40
6 8 38
16 19 44
18 21 6
3 6 15
9 10 37
16 20 29
1 5 12
3 4 35
10 11 38
22 0 22
1 4 24
8 11 20
22 0 20
16 19 9
2 6 20
18 20 13
8 12 7
10 14 7
22 1 11
19 23 3
12 16 5
21 1 44
3 5 43
10 12 23
23 3 17
23 2 27
4 6 8
22 22 36
17 20 24
7 11 9
12 14 43
12 13 35
4 7 25
19 22 25
18 21 1
10 13 31
13 16 14
7 9 18
22 2 16
15 18 44
14 16 27
14 18 25
12 14 1
17 21 20
18 21 2
10 13 37
0 2 18
19 22 4
12 16 36
6 10 2
0 3 9
16 19 9
12 15 43
16 20 26
0 4 42
0 4 19
18 21 16
0 4 25
3 5 14
16 19 26
3 6 44
2 5 23
19 21 22
23 1 6
12 16 32
20 0 17
2 4 27
6 9 5
4 7 4
15 19 35
18 20 17
20 0 20
4 8 4
13 16 12
4 6 36
12 16 7
19 0 18
16 20 5
7 9 19
8 12 21
13 16 9
18 22 27
22 0 37
14 18 4
23 2 41
12 16 15
20 23 6
18 20 23
5 9 20
20 23 26
15 19 27
1 4 12
2 5 17
9 10 36
15 17 34
11 13 25
10 13 26
23 3 31
1 5 9
6 10 25
2 7 24
2 4 34
13 16 39
15 18 27
5 7 19
15 19 43
16 18 35
13 17 10
15 20 4
17 21 33
21 0 16
1 4 14
12 14 18
1 4 20
23 2 40
1 5 29
0 3 24
10 13 14
18 20 16
0 4 14
5 7 29
2 5 20
14 17 5
23 4 3
4 7 9
4 8 29
5 9 36
0 4 9
3 6 23
7 11 9
4 7 18
17 19 17
23 1 32
1 5 5
10 14 5
12 15 2
0 3 42
1 5 34
6 9 8
0 3 14
7 10 34
1 6 44
22 1 32
9 12 20
8 11 17
5 8 9
2 5 20
5 8 19
8 11 28
12 15 41
10 14 30
15 18 33
14 17 4
14 18 17
21 1 24
17 20 15
8 12 4
12 14 32
5 5 33
16 20 31
4 5 23
12 14 11
3 4 42
0 3 13
18 21 43
3 6 43
13 18 31
0 2 9
21 0 33
14 17 24
11 15 10
14 18 1
17 20 6
16 20 34
20 22 11
0 4 5
17 20 25
20 22 19
22 2 5
0 4 44
18 21 28
14 17 25
1 5 5
0 3 43
19 20 16
0 3 3
11 13 31
13 17 22
10 13 31
6 8 5
11 12 42
17 19 2
13 16 39
20 23 30
14 17 20
15 17 34
16 18 16
12 13 38
8 12 44
15 18 8
2 5 19
4 7 31
18 22 25
1 5 32
4 7 31
5 9 10
16 20 18
12 16 42
13 17 8
20 0 38
18 20 43
7 7 5
0 3 28
14 15 9
22 2 25
19 23 6
3 6 19
18 22 17
14 16 32
14 17 24
19 21 38
12 14 19
9 11 17
5 6 15
0 3 26
11 15 12
0 2 18
19 22 6
6 7 6
1 4 17
15 18 8
23 3 16
13 17 14
12 14 11
2 5 8
14 18 28
19 22 14
5 8 9
16 20 17
10 13 20
2 4 19
11 14 32
14 16 4
17 19 44
19 22 10
14 17 8
10 14 33
12 15 5
16 18 15
21 0 8
10 14 35
20 22 19
20 23 19
19 0 37
7 12 2
8 10 14
3 4 5
15 19 38
12 15 25
20 22 43
12 14 1
1 4 9
1 6 31
4 6 35
16 19 37
18 21 44
7 9 9
8 10 42
15 18 7
13 16 10
22 23 36
12 15 40
12 17 42
0 2 22
7 8 22
21 23 31
11 15 7
4 7 36
22 0 12
3 6 21
9 10 22
19 22 39
9 11 20
5 8 37
17 19 34
14 17 33
13 16 19
19 21 11
4 8 5
12 16 44
8 12 21
14 17 7
23 3 29
2 7 34
21 1 43
5 11 14
23 3 34
21 0 16
17 19 34
15 18 9
12 14 28
0 3 26
2 7 30
8 13 21
10 12 36
3 5 31
16 18 20
9 11 18
14 16 38
17 20 14
18 20 10
4 8 23
15 17 10
13 17 36
23 3 43
8 12 27
10 13 18
8 11 35
17 19 15
19 21 13
9 13 40
1 4 23
16 17 34
11 15 14
4 6 1
11 13 43
17 20 20
16 19 23
22 2 5
10 15 24
17 19 25
1 4 2
11 15 40
10 11 10
7 10 21
19 21 15
0 2 19
12 15 10
7 9 21
18 22 41
17 20 13
0 3 20
6 8 8
17 20 18
5 9 1
0 5 22
7 11 6
17 19 27
21 3 5
10 12 16
2 6 3
0 5 31
19 21 2
11 15 10
7 10 31
7 10 29
9 12 10
19 21 26
6 9 35
15 18 13
0 3 39
18 19 36
17 21 5
13 15 18
13 16 25
5 8 17
3 5 42
9 12 23
8 11 1
2 5 7
16 18 36
9 9 8
10 11 36
6 9 35
8 9 9
5 7 3
4 6 44
1 5 28
20 23 7
0 2 1
15 18 31
21 0 15
2 5 44
1 5 11
10 10 9
18 21 5
0 4 26
13 18 3
20 22 39
11 14 27
20 1 26
16 18 19
20 22 32
10 14 32
11 13 24
7 11 43
19 20 27
5 9 41
14 16 26
15 18 22
20 22 23
10 11 6
0 4 7
1 5 18
4 6 24
0 2 5
2 5 44
0 4 44
1 4 20
10 13 26
23 2 10
3 6 32
10 14 14
8 11 3
2 5 22
17 20 10
5 9 27
15 19 5
0 4 19
14 17 8
4 8 22
18 21 2
23 2 44
14 16 33
8 11 39
23 2 23
18 22 17
2 6 17
7 10 15
20 0 24
14 18 40
19 0 18
16 17 25
5 8 41
7 9 15
18 21 41
22 0 24
13 17 23
12 15 34
17 19 2
0 4 40
12 14 37
10 15 36
0 3 44
21 0 1
3 8 3
10 13 8
19 22 28
16 19 33
9 12 24
23 3 6
8 10 13
23 1 1
20 23 6
9 13 16
15 17 38
19 22 22
10 12 35
5 7 26
16 19 33
18 21 15
1 3 41
10 13 20
21 1 14
3 7 31
5 9 14
12 15 36
14 19 30
14 17 43
10 12 42
11 14 26
22 1 44
2 5 20
3 5 15
8 13 42
2 4 13
5 8 10
13 16 25
5 9 26
21 0 36
5 10 21
11 16 2
8 11 13
8 12 3
7 10 38
5 8 40
5 8 38
23 1 28
7 10 13
14 18 29
2 4 37
13 15 26
16 19 5
11 13 31
7 11 33
19 23 29
22 0 31
0 2 28
9 13 29
7 9 17
19 21 37
20 0 33
9 12 8
16 20 42
10 14 2
16 19 9
22 1 14
20 0 9
1 4 8
18 20 39
18 19 42
5 7 21
17 20 13
10 15 42
14 18 40
16 18 5
22 1 29
4 6 15
8 11 24
5 7 18
2 5 25
20 0 19
22 2 39
15 20 24
23 1 31
9 11 3
17 20 3
21 0 23
9 11 25
6 11 9
19 23 21
17 19 44
3 6 35
20 1 18
4 8 3
9 13 8
0 3 3
11 14 41
9 12 38
1 6 29
15 19 30
8 9 39
16 17 30
12 16 43
8 9 9
4 7 38
20 22 10
6 8 17
13 16 4
22 1 2
12 15 33
21 0 42
17 20 34
7 10 20
13 17 15
18 21 44
23 2 42
18 23 6
23 1 26
18 22 30
10 14 11
13 16 25
21 0 39
5 7 32
11 14 32
8 12 3
20 0 28
23 2 4
23 1 34
15 17 34
2 6 11
5 8 7
4 7 21
16 20 6
11 14 6
13 14 10
1 4 35
2 5 24
21 23 18
21 23 38
21 22 29
13 15 3
6 8 8
5 8 23
12 14 2
9 12 20
20 22 44
10 14 25
9 13 31
9 13 11
0 2 43
8 11 6
6 8 28
16 20 7
2 5 17
10 12 26
0 2 27
20 2 30
23 4 4
17 20 18
13 15 6
10 12 6
15 18 5
15 16 33
18 22 20
20 21 4
14 18 5
8 12 2
17 21 29
5 8 7
14 16 16
2 5 24
7 9 34
18 22 36
8 12 21
8 9 31
4 5 38
18 23 8
18 21 44
0 2 41
3 6 24
3 8 23
3 6 10
15 18 43
14 16 12
0 2 1
19 22 15
3 6 15
6 10 31
20 0 6
10 12 14
13 17 19
12 15 18
0 3 32
3 5 4
18 20 7
0 2 23
13 16 40
20 23 23
4 7 5
21 23 25
0 3 26
13 16 1
19 22 5
23 3 3
18 20 40
9 12 14
5 9 39
15 18 28
7 8 15
3 6 39
0 2 30
6 8 21
12 14 2
18 20 23
6 9 24
23 3 12
23 1 17
17 21 15
21 23 33
8 10 44
19 22 14
4 5 16
6 8 8
16 18 23
5 8 6
16 21 22
14 17 13
13 16 2
4 8 40
8 11 12
21 0 3
13 16 39
6 10 14
15 17 27
20 23 37
12 14 8
7 10 13
7 9 21
17 19 29
22 1 10
4 7 29
3 6 28
10 13 8
19 22 35
0 3 38
7 9 2
15 19 16
20 22 30
18 22 33
3 6 29
6 7 39
2 6 8
23 4 18
17 21 39
12 15 43
12 14 23
2 5 4
11 13 27
11 14 37
6 8 17
12 15 11
18 18 32
23 0 38
18 20 26
21 1 24
5 8 31
11 15 31
14 16 22
21 22 37
2 4 30
12 13 26
10 14 39
16 17 20
1 3 31
3 5 38
5 8 32
13 17 10
18 21 44
11 14 40
5 10 18
1 3 28
13 14 33
2 3 22
16 19 38
10 14 33
6 9 9
16 19 29
14 18 10
5 11 6
7 10 14
8 10 37
17 20 14
13 16 19
23 3 40
6 10 33
5 8 25
11 15 20
10 14 32
1 5 42
16 18 36
23 1 4
14 18 33
11 13 4
22 1 24
18 19 26
13 17 8
5 9 2
10 14 10
0 2 27
10 13 20
6 7 36
16 18 18
22 0 31
12 16 7
18 22 28
19 23 33
8 11 9
13 14 4
8 12 2
5 9 28
15 18 42
17 20 38
9 12 37
4 8 34
18 21 11
9 14 2
5 8 7
22 2 24
18 21 21
10 12 42
16 20 26
5 9 2
4 5 5
5 9 22
14 16 18
23 2 11
21 22 39
7 11 9
11 15 9
15 18 22
11 15 43
23 1 10
6 8 22
19 23 36
1 6 11
23 2 29
4 5 40
1 3 12
13 16 31
11 14 34
11 14 8
19 19 44
13 17 19
15 16 39
20 22 21
5 9 4
0 1 7
9 12 33
9 12 41
21 2 19
10 13 22
17 20 6
9 12 22
21 0 26
9 11 20
16 18 35
2 3 17
1 5 8
18 21 3
20 23 25
7 9 34
21 0 23
9 11 15
11 15 8
17 21 33
12 16 8
6 9 1
10 13 23
21 0 4
3 7 14
11 14 11
9 12 1
2 5 33
3 7 34
18 23 42
18 19 8
17 21 17
20 21 28
14 17 40
23 1 17
12 15 13
15 19 44
6 8 40
15 18 20
14 16 1
6 8 5
1 6 8
10 14 37
7 11 22
23 2 13
23 1 20
0 2 31
14 18 4
14 17 3
4 6 26
20 0 17
11 13 20
17 21 12
0 3 9
2 4 44
11 15 33
20 0 18
2 4 24
11 14 21
22 1 36
17 21 5
6 9 30
12 15 40
9 12 17
6 9 44
19 21 20
12 16 2
1 2 7
16 19 20
10 13 21
4 7 37
10 14 36
2 6 35
19 22 44
18 22 1
15 19 33
21 1 17
3 6 37
11 13 17
18 20 15
5 9 23
23 2 36
20 23 4
18 19 44
16 18 9
20 22 2
8 11 8
21 23 13
0 3 21
12 15 44
8 12 29
19 22 42
13 15 24
18 22 37
22 2 12
17 20 41
8 12 10
0 3 44
13 17 39
10 13 39
16 19 8
20 0 12
1 5 44
21 23 7
22 0 36
3 6 1
1 2 40
1 4 33
1 3 9
6 9 40
2 5 26
21 23 41
3 6 34
19 22 36
3 6 40
14 18 23
1 5 14
10 12 18
17 20 9
7 11 17
4 8 1
8 11 30
3 7 31
17 21 3
3 6 34
0 3 3
3 4 5
21 1 5
0 5 11
19 22 12
4 6 16
7 11 37
5 8 43
17 21 18
9 13 7
11 13 30
10 14 29
5 9 16
21 1 18
12 15 7
6 8 14
11 15 43
3 6 16
9 13 30
10 13 18
15 17 15
8 10 34
15 18 3
19 23 23
7 10 22
9 13 28
5 9 28
20 22 23
1 3 17
10 14 2
17 22 38
22 1 28
20 1 35
14 18 41
12 14 43
1 3 22
2 3 44
2 5 37
13 16 26
0 3 21
16 19 42
15 18 1
7 9 35
14 16 4
5 8 24
11 14 31
8 10 20
12 16 38
1 3 43
1 4 37
18 22 43
23 2 26
17 19 7
3 6 13
2 6 7
19 22 32
7 9 21
15 19 14
22 1 24
15 15 42
10 13 37
16 19 28
6 8 14
22 0 16
17 19 28
0 2 15
12 15 20
23 1 21
3 4 35
17 20 8
19 22 6
4 6 9
22 2 32
2 6 2
8 10 35
8 11 44
7 11 42
5 8 30
1 5 17
17 19 21
2 6 42
4 7 34
14 16 41
18 21 31
18 21 16
13 17 25
7 11 31
13 16 31
9 11 33
15 19 13
18 21 18
22 2 44
6 10 11
15 20 42
5 8 42
9 11 1
8 10 32
13 18 38
4 8 12
7 10 21
15 19 35
16 18 2
5 7 36
9 11 15
13 15 5
15 19 32
21 0 24
14 15 30
23 3 27
7 10 14
0 4 31
0 5 21
12 17 11
2 5 32
0 3 12
12 16 37
12 18 10
3 6 16
5 6 42
10 12 44
15 19 26
20 23 3
6 9 8
20 22 1
11 14 2
6 10 10
2 5 30
13 15 18
22 2 36
2 5 14
22 1 15
16 18 11
3 6 17
12 15 6
12 15 42
8 14 7
9 12 38
15 18 1
13 17 22
14 16 23
6 8 16
12 13 26
14 19 3
12 14 20
23 2 33
15 18 34
4 5 35
2 7 24
11 14 34
7 9 35
9 13 10
19 23 31
0 4 40
19 22 24
4 5 7
11 14 23
8 11 33
17 21 13
20 22 2
8 12 13
4 9 10
22 0 20
16 20 44
2 6 22
8 11 3
22 0 38
5 9 27
7 10 15
1 5 17
17 19 17
14 17 20
0 3 17
5 8 12
8 10 29
21 23 36
20 23 25
15 15 24
18 20 28
8 11 41
3 3 30
14 16 28
0 3 38
6 9 40
7 10 30
19 22 39
20 23 35
4 6 34
1 3 19
2 4 34
0 3 26
0 1 39
20 0 23
10 13 23
18 21 17
8 13 20
2 4 31
19 22 38
6 8 29
17 21 37
12 14 43
9 13 38
21 23 7
2 7 33
9 13 12
1 4 11
7 11 12
12 14 23
1 5 20
11 14 35
0 4 17
20 22 2
5 7 43
13 15 29
5 8 30
15 19 38
19 20 5
18 19 24
12 16 10
22 0 33
14 18 44
1 2 5
20 0 6
20 23 39
20 22 17
12 15 19
16 20 34
18 21 11
14 19 5
4 5 19
15 17 36
1 4 21
22 0 16
23 3 14
1 5 38
17 20 18
0 3 41
15 17 11
6 11 17
14 16 31
0 4 40
8 10 9
21 23 1
2 3 31
20 23 29
12 14 17
1 5 16
15 18 9
22 1 22
14 15 29
12 14 27
1 5 7
11 14 28
4 6 16
12 15 26
8 10 29
11 14 37
18 21 6
13 18 22
6 9 2
1 5 42
3 6 25
23 2 20
16 20 4
14 15 16
9 11 26
22 1 44
18 21 34
20 22 38
18 22 19
6 10 11
4 7 31
11 14 18
21 1 37
18 22 27
7 10 10
22 2 38
19 23 34
10 14 32
2 5 15
14 16 14
22 1 43
11 14 21
2 7 31
14 17 37
5 8 17
12 16 7
8 9 15
20 1 3
9 12 17
14 20 6
20 23 27
1 4 44
14 16 11
7 9 10
7 10 35
2 6 28
2 5 38
6 8 44
6 8 10
19 23 32
19 21 39
10 12 41
1 4 35
12 14 16
19 23 15
7 9 30
4 6 43
21 23 8
23 3 1
0 3 23
20 0 39
20 22 29
5 10 27
4 7 13
19 21 2
2 5 13
3 5 16
5 8 22
12 15 13
21 0 19
22 3 36
13 15 10
1 3 37
3 6 18
5 7 30
23 1 30
4 6 26
19 22 10
16 19 1
19 22 33
16 20 30
9 12 28
22 0 21
2 4 17
20 22 34
9 12 13
10 11 18
13 16 29
21 1 5
13 16 11
12 15 41
0 2 15
0 2 18
14 18 22
18 21 31
20 23 12
20 0 40
13 16 41
8 11 10
23 3 30
20 23 10
19 22 24
7 11 9
10 14 23
3 5 30
7 10 21
11 16 29
8 11 28
17 20 31
4 7 2
3 6 44
22 1 41
21 1 44
22 1 5
15 19 32
8 11 36
21 2 31
8 10 26
2 5 20
19 21 42
14 18 17
11 13 9
3 6 33
14 17 35
7 11 4
7 8 39
6 7 26
6 8 17
3 8 29
13 17 35
17 19 26
19 22 12
6 9 33
13 17 21
14 17 16
6 9 43
3 8 3
1 5 38
8 10 38
15 16 43
8 10 42
20 0 38
20 22 29
22 1 26
23 3 11
5 8 20
2 4 44
16 19 29
20 23 11
12 16 25
23 1 17
16 20 40
12 16 21
5 7 8
0 4 38
20 22 23
14 16 33
14 16 37
21 1 37
11 15 9
5 7 1
0 3 1
19 22 36
20 23 9
10 13 35
0 4 35
0 3 37
19 22 34
15 17 3
8 12 11
23 2 11
12 15 20
16 19 37
7 10 38
19 19 15
22 1 24
14 16 12
8 11 34
9 11 2
1 3 20
23 1 13
10 14 3
17 22 9
11 15 16
16 21 1
17 20 34
18 20 31
14 19 5
20 22 20
19 22 28
19 21 21
4 6 34
4 9 10
21 0 27
10 12 12
14 17 30
1 4 12
16 20 16
19 21 1
19 21 28
18 21 26
2 6 27
3 6 11
4 9 6
18 22 32
4 6 3
13 15 29
22 1 21
19 21 1
15 19 44
13 17 35
12 15 19
22 1 32
13 15 9
21 0 33
9 11 7
18 23 36
0 3 24
8 11 38
0 2 29
3 4 21
9 11 8
13 16 37
1 4 21
15 20 37
21 1 41
20 0 22
5 8 31
18 22 15
6 9 15
3 5 17
13 16 42
7 10 15
22 2 12
12 14 11
6 10 37
12 15 10
10 14 14
23 1 37
18 21 42
2 4 42
22 1 7
19 20 31
21 23 35
15 17 5
1 4 8
22 0 5
20 0 8
6 9 9
21 23 33
10 15 23
11 15 3
20 22 16
2 4 44
17 20 25
16 19 3
12 16 37
3 7 12
9 13 23
17 21 39
20 22 11
8 12 20
11 15 20
5 7 36
21 23 42
14 17 39
10 13 31
22 1 14
7 10 31
4 6 33
1 3 28
11 14 38
12 15 24
3 6 26
7 10 42
4 7 35
11 15 9
13 17 11
5 10 2
17 20 1
15 18 6
1 4 6
14 15 26
22 0 16
14 17 35
12 14 39
3 6 33
20 23 20
19 21 1
15 18 13
18 22 14
0 3 11
9 12 13
23 1 39
19 21 15
19 23 29
2 5 8
23 2 16
1 5 44
22 0 35
15 19 23
22 0 4
5 9 18
4 8 25
23 3 34
6 8 41
16 19 42
15 18 18
21 0 14
11 15 43
18 22 17
4 5 44
22 23 24
7 10 34
22 2 3
11 15 6
21 1 25
5 8 16
21 23 12
12 16 13
22 0 20
6 8 28
22 23 15
18 20 24
14 17 15
5 7 36
13 17 13
1 2 11
3 5 43
9 12 4
9 11 12
12 16 32
7 10 5
20 23 2
22 0 22
16 19 6
4 8 8
21 0 29
3 4 11
9 12 35
16 20 36
10 12 18
21 1 2
0 3 17
0 4 13
16 19 30
8 11 14
23 2 16
5 8 23
14 16 24
14 18 30
12 17 9
15 17 39
2 7 14
9 14 43
14 16 28
19 22 44
11 15 4
6 9 19
12 15 27
18 23 7
5 8 28
1 5 13
11 13 34
12 17 32
21 0 9
4 7 5
15 17 43
23 2 9
16 19 26
19 23 2
18 21 31
17 21 23
12 15 28
18 21 22
10 12 11
10 12 6
19 23 42
13 18 15
5 8 8
5 9 22
3 7 4
3 6 42
23 3 18
0 3 40
12 16 30
6 9 41
23 1 28
17 22 14
11 14 13
4 6 2
9 11 13
3 5 20
10 13 35
11 15 39
7 9 42
17 20 17
13 15 29
3 5 40
3 7 5
17 20 32
17 20 26
10 13 40
18 21 30
21 23 32
14 18 12
17 20 25
2 5 11
3 7 11
9 12 11
17 20 27
0 3 7
5 7 16
8 11 19
4 8 3
16 20 10
4 8 10
1 5 4
4 9 34
22 1 17
0 3 22
16 18 37
4 7 2
15 17 2
6 9 15
14 17 31
21 0 11
22 23 16
0 2 10
20 0 13
5 7 36
15 16 35
18 20 23
18 21 14
9 10 25
11 15 16
3 5 41
16 20 2
0 3 44
19 0 5
14 18 20
10 12 20
23 1 38
14 17 8
5 7 36
23 2 36
17 21 19
9 13 26
22 2 14
18 21 44
13 15 30
1 4 21
2 6 10
5 6 2
22 1 39
21 2 29
4 8 10
8 10 3
19 23 24
20 23 26
2 6 23
10 13 11
13 16 1
1 4 40
19 23 4
21 23 11
19 23 23
2 6 5
16 21 1
4 7 31
19 21 12
20 23 42
7 10 18
8 11 29
2 5 2
18 20 16
12 13 43
20 23 32
21 0 39
7 11 39
15 19 26
10 14 38
8 10 14
11 13 12
3 7 44
21 23 27
18 21 44
12 14 9
9 12 16
12 16 30
4 8 30
20 23 32
8 12 43
3 5 22
0 4 38
21 23 24
22 1 16
20 23 28
13 17 5
8 12 19
6 8 18
17 20 25
5 10 23
15 17 11
2 7 7
6 9 44
1 4 7
5 7 27
13 16 30
5 8 14
6 10 4
3 7 9
11 13 7
22 2 4
6 9 16
4 8 19
4 5 8
13 16 18
2 5 6
3 6 25
11 15 6
12 14 35
4 8 18
7 9 3
21 1 6
8 10 12
5 8 9
2 5 25
2 6 5
10 12 18
20 23 13
22 1 33
12 15 10
7 10 29
12 15 11
4 7 37
15 19 23
20 22 42
11 15 43
4 7 36
5 8 11
5 7 34
1 5 35
15 19 42
1 4 39
2 6 32
6 8 22
3 7 3
1 5 9
5 8 11
22 1 11
8 10 39
14 17 42
10 14 6
5 8 20
10 13 19
16 17 4
15 19 29
4 7 36
9 12 44
12 16 15
8 11 2
21 23 32
5 10 16
22 1 25
0 3 23
15 18 27
8 11 33
12 15 2
13 14 35
4 9 32
23 2 36
6 8 26
19 23 4
11 14 5
9 11 18
7 11 1
23 3 41
11 16 16
3 4 35
10 13 23
22 1 27
9 11 21
6 9 32
7 11 40
21 0 17
3 5 11
23 1 20
23 3 30
5 7 34
0 2 18
3 5 34
20 22 16
5 10 16
10 14 41
5 7 25
13 18 11
15 17 24
8 11 21
3 5 7
21 0 4
23 1 24
16 19 41
8 10 44
16 22 4
10 13 20
19 20 6
7 9 16
16 18 41
9 11 32
1 4 21
8 11 11
22 3 6
0 4 27
19 22 30
13 17 30
13 17 31
21 0 36
16 20 12
18 19 29
23 1 35
19 23 18
13 16 44
10 14 33
19 22 21
16 19 32
14 17 20
18 21 16
12 15 13
23 2 14
7 11 42
10 11 37
13 17 21
16 20 28
18 21 30
12 16 37
1 4 19
14 17 7
18 20 29
14 17 41
5 9 29
9 11 43
20 1 25
11 14 24
0 4 41
11 13 30
19 0 19
8 10 30
19 0 40
7 10 44
18 20 9
6 9 8
18 21 35
23 1 13
18 21 8
17 19 8
4 9 41
21 1 33
23 1 9
14 17 32
9 12 2
15 16 14
13 16 6
2 5 42
14 16 28
6 9 44
6 9 23
11 15 42
19 21 39
21 23 4
13 15 18
15 18 3
20 23 20
7 12 34
18 21 31
2 6 33
21 23 14
17 20 43
4 7 11
7 9 23
1 5 4
0 2 21
10 13 24
14 18 5
8 11 1
0 2 26
15 20 8
3 6 38
22 0 17
15 16 16
23 3 44
16 18 12
17 19 44
14 17 10
4 7 5
9 12 41
1 6 20
4 7 20
19 20 44
23 3 4
8 11 22
4 6 6
10 12 38
10 11 8
16 18 6
2 6 9
3 5 32
22 0 13
7 7 13
1 2 15
21 0 13
7 8 15
15 19 7
0 2 28
23 1 11
23 3 16
8 11 6
6 9 21
1 3 6
8 10 30
8 11 35
7 11 44
9 12 41
17 21 6
2 4 27
10 14 12
1 4 27
1 3 22
0 3 6
12 17 36
8 10 21
11 14 42
18 21 35
6 9 13
2 5 5
9 13 26
1 3 15
17 20 41
0 4 1
20 21 6
23 2 43
2 5 20
3 9 11
22 0 21
13 16 29
10 11 12
7 10 19
14 17 9
19 22 36
17 20 37
15 18 25
12 16 33
11 15 38
21 23 25
0 2 39
3 7 20
5 9 31
19 20 16
23 1 32
7 10 20
18 21 34
23 1 19
15 18 26
0 4 31
16 17 18
5 9 3
8 12 33
14 17 26
23 1 11
2 4 26
19 22 27
15 18 42
13 15 23
22 0 20
15 16 1
18 19 37
13 16 15
3 5 31
3 6 30
7 9 17
0 4 14
5 9 29
19 1 27
23 3 14
0 1 32
15 17 15
10 13 30
19 22 35
3 6 19
10 11 21
17 20 1
12 13 23
1 4 4
2 7 28
17 19 18
14 17 13
5 9 23
15 19 23
22 0 35
8 11 27
2 5 1
12 17 35
13 16 7
22 1 37
12 16 43
14 17 3
16 20 17
2 3 10
20 23 4
14 16 39
19 21 11
1 3 11
10 14 10
15 19 35
2 5 18
10 11 38
9 12 20
12 14 11
1 7 14
20 23 25
9 11 20
8 12 2
17 21 4
12 15 21
20 22 26
4 7 44
14 18 38
22 0 12
23 3 1
9 12 7
0 4 36
15 17 33
4 7 15
8 11 11
6 10 29
1 2 37
7 10 44
17 19 5
14 16 23
0 3 30
4 7 40
23 0 11
1 4 9
15 17 37
13 19 42
11 13 44
3 4 10
7 9 19
22 1 43
19 22 28
19 23 16
12 14 26
14 17 33
10 13 11
19 23 43
4 8 4
14 17 33
13 17 15
17 21 1
4 7 40
6 9 39
20 1 17
16 18 15
12 16 9
23 2 28
20 0 42
10 12 33
6 8 38
16 20 31
17 20 28
13 16 42
8 10 26
21 0 20
13 13 41
10 13 44
20 23 32
11 14 31
11 15 23
10 14 4
19 23 25
2 4 1
21 1 29
10 12 27
2 6 37
3 6 19
23 3 7
2 6 6
9 13 37
5 8 29
7 9 13
3 8 36
10 12 36
23 2 41
14 17 20
0 4 26
19 21 17
1 3 15
23 1 24
0 3 37
19 23 3
21 23 29
14 17 22
22 1 34
8 13 9
14 17 28
11 14 1
1 3 4
0 2 27
20 23 33
17 18 36
8 9 9
5 8 18
16 21 37
18 20 32
8 11 31
11 14 36
12 15 1
16 18 3
11 14 36
20 22 36
22 0 30
20 22 27
7 11 28
23 2 24
11 15 17
17 20 15
7 10 29
21 0 14
13 17 30
11 13 36
4 6 12
6 9 30
2 5 29
2 5 39
4 7 2
11 15 30
8 11 38
5 7 42
6 9 39
16 20 38
19 21 34
23 1 44
7 11 17
21 23 14
2 6 29
14 17 1
16 19 34
16 19 32
18 21 34
10 14 42
0 1 37
22 2 2
14 17 4
15 18 18
20 0 40
1 5 39
8 11 36
11 14 12
17 19 37
16 19 10
17 18 17
7 8 25
19 22 2
11 15 42
15 20 28
4 7 11
17 21 34
11 14 7
2 5 41
17 19 20
1 4 8
20 23 10
9 11 14
9 12 3
5 8 8
13 16 42
13 17 24
17 20 8
3 7 12
0 2 42
17 21 37
12 16 41
14 18 10
11 16 26
16 18 4
17 20 2
18 21 29
16 20 43
5 7 31
6 7 31
18 21 23
19 21 35
0 3 25
22 1 17
2 6 43
19 21 40
5 7 2
9 12 21
17 21 14
0 2 2
15 17 44
16 21 19
5 8 19
3 6 17
15 18 34
23 3 18
7 8 38
18 20 19
7 9 1
19 20 44
11 13 12
17 19 42
3 8 18
18 22 1
3 7 37
6 8 21
11 14 22
14 18 31
5 8 37
2 6 17
3 5 4
19 22 23
9 13 41
13 15 27
4 4 31
0 3 26
9 12 17
21 1 31
22 23 11
5 7 14
7 8 35
11 12 8
12 15 31
10 13 33
22 0 42
4 6 24
20 21 2
8 10 4
0 4 17
7 10 23
14 17 40
5 7 41
2 5 18
21 1 39
8 10 9
14 16 26
3 6 16
19 21 33
8 10 20
14 17 14
15 19 1
4 8 3
22 2 41
7 10 15
10 13 39
19 22 28
13 15 10
15 19 33
16 19 23
2 5 24
9 12 22
10 13 29
4 7 17
9 13 35
16 18 23
17 19 37
12 15 10
11 13 41
7 9 40
12 14 40
23 0 8
22 23 31
16 20 16
1 3 8
0 3 6
5 9 13
7 8 39
3 5 24
8 10 3
7 11 12
6 8 10
10 12 22
23 1 7
4 7 6
14 16 22
1 5 35
19 23 25
4 8 37
11 14 24
15 19 21
8 11 21
14 17 39
12 16 21
14 17 21
14 18 6
17 20 5
21 2 8
15 18 18
10 11 43
1 4 40
1 5 1
0 4 7
17 20 1
10 13 22
11 14 2
11 15 8
5 10 4
11 13 15
6 9 10
5 7 44
7 10 27
13 16 41
4 7 30
13 17 4
3 6 8
22 1 4
15 18 41
10 13 33
23 3 10
20 0 35
21 0 15
1 4 43
9 13 19
11 14 11
15 19 21
9 12 23
22 2 15
2 3 43
6 9 41
3 6 18
0 2 32
9 12 42
9 12 22
10 12 15
15 19 43
13 18 13
0 2 29
9 13 22
17 21 20
9 11 32
8 11 19
9 12 11
7 9 23
5 5 27
14 17 5
0 3 42
19 22 44
22 2 8
14 16 17
10 14 28
18 22 28
21 1 12
1 2 21
20 2 7
8 10 33
11 13 34
22 2 17
10 12 25
17 20 4
12 16 7
5 10 20
17 19 30
15 19 37
1 5 29
18 23 1
10 14 34
14 17 8
20 22 39
11 14 21
4 8 25
1 6 24
11 13 24
7 10 42
23 2 43
9 11 42
21 1 11
10 13 2
5 7 28
14 19 3
17 19 16
4 6 9
8 12 14
20 22 18
11 13 15
20 22 5
10 13 26
22 3 41
10 14 1
20 23 5
4 6 42
7 11 41
19 22 38
1 4 26
4 5 17
19 23 9
21 1 40
22 1 13
0 1 9
17 19 10
11 13 22
16 16 35
2 4 24
23 1 37
6 8 41
19 23 40
2 6 39
21 0 35
9 12 10
7 9 44
21 0 5
10 16 16
0 4 2
13 15 18
4 7 4
20 22 36
9 12 35
22 1 13
8 11 26
13 15 36
9 13 40
21 0 39
18 23 15
0 3 36
19 1 26
12 14 24
5 8 28
14 17 35
3 7 28
12 16 26
16 19 42
19 22 6
2 5 30
16 18 44
9 13 16
17 20 44
2 5 20
12 15 10
15 17 42
3 7 25
14 16 18
1 3 8
5 7 35
0 4 34
13 14 20
12 13 6
3 5 28
0 3 14
16 18 10
22 1 17
21 1 32
13 16 4
9 11 17
13 16 43
23 3 42
19 21 38
12 16 26
2 4 15
12 16 37
6 11 32
23 3 41
11 13 22
15 19 3
5 8 6
1 2 3
0 3 44
22 1 6
0 3 29
1 2 30
11 14 25
23 3 36
14 17 6
3 5 33
23 3 21
7 10 26
3 6 3
22 3 9
10 14 22
2 6 41
12 16 15
12 14 40
23 3 14
8 10 9
3 8 13
19 21 39
2 5 37
15 18 21
4 7 34
18 20 25
8 12 36
2 6 21
9 12 3
22 1 13
11 12 38
8 12 20
0 2 40
22 0 44
2 5 17
11 14 31
9 10 23
12 16 42
15 18 35
2 3 13
20 0 9
13 16 33
17 20 4
23 2 13
19 21 28
17 19 38
11 16 34
19 22 2
23 2 10
13 17 27
4 6 22
22 1 1
13 16 21
13 15 19
21 0 42
3 5 43
18 20 9
10 14 28
2 6 43
5 10 7
4 8 3
19 22 10
23 3 37
11 14 5
12 15 4
17 18 5
8 10 10
13 17 40
20 21 29
10 12 44
16 19 39
10 13 36
20 0 41
20 23 9
1 4 29
18 20 20
2 3 25
9 13 36
22 1 17
11 14 14
15 18 16
23 0 24
14 19 16
5 8 17
8 11 11
0 2 26
15 18 30
16 20 25
16 18 42
21 22 10
13 14 35
11 15 30
12 15 40
16 21 24
22 23 35
4 7 5
7 11 27
12 16 13
7 10 16
6 10 16
16 19 33
8 12 23
8 11 14
20 22 32
11 13 32
16 19 27
2 5 18
18 21 16
4 7 19
16 20 36
23 2 10
16 19 42
12 15 35
14 16 15
14 18 23
5 6 37
9 11 22
5 9 13
18 20 39
0 2 17
10 12 38
2 5 5
0 2 31
9 12 10
12 15 21
5 8 34
21 0 25
1 4 1
23 3 16
9 13 24
2 4 20
19 23 5
16 19 27
13 17 17
19 21 16
17 21 20
1 4 9
1 5 25
17 19 36
18 23 37
16 19 36
3 6 11
18 22 12
8 10 37
15 18 21
10 11 10
10 13 24
21 0 10
8 10 40
15 17 14
1 3 9
9 10 15
21 0 40
4 8 38
12 15 2
18 21 23
13 15 30
13 17 6
19 21 23
3 7 5
12 16 32
18 20 20
6 9 36
7 9 18
2 4 38
9 13 24
3 6 36
23 2 29
12 14 10
0 3 3
21 0 19
21 23 28
2 5 39
7 10 6
10 13 31
16 18 35
5 8 31
17 20 11
11 15 42
11 13 32
12 14 30
2 5 34
4 6 39
7 10 2
0 4 33
20 22 6
10 11 23
14 19 25
18 21 33
10 12 1
22 1 38
19 22 6
1 6 28
23 4 17
13 15 14
18 21 7
7 9 24
10 16 28
20 23 7
9 11 24
15 18 11
18 20 9
8 9 32
10 12 38
11 15 31
21 1 26
12 14 18
12 15 35
18 21 14
2 5 24
7 11 1
14 17 44
0 4 28
23 1 7
4 7 23
22 0 35
2 5 6
19 23 15
4 5 10
6 8 19
3 4 35
18 21 21
23 2 25
0 3 43
10 15 28
14 18 7
13 16 21
8 9 34
0 4 17
2 3 38
23 2 23
16 18 19
13 17 37
2 5 44
18 21 10
13 15 27
17 19 41
