11000 35
34 9 18 13 31 15 19 21 7 12 6 21 32 9 8 1 31 28 30 4 34 14 19 29 15 11 7 6 4 11 20 30 10 2 13 
3 7 5
1 3 22
2 5 24
7 11 34
10 13 32
10 13 8
10 12 27
22 23 11
23 0 1
18 22 18
2 6 28
10 13 15
0 5 35
21 23 9
1 4 10
2 4 5
18 23 33
11 13 29
14 17 19
13 16 6
0 3 12
14 17 14
8 11 13
20 23 28
10 12 2
22 0 12
0 3 1
23 3 16
12 15 25
2 4 32
19 20 7
18 22 25
10 12 32
3 6 34
17 20 15
21 23 23
23 2 5
12 15 16
16 20 20
0 4 1
9 13 30
5 8 10
14 17 5
13 18 16
0 3 17
14 16 11
12 15 8
23 3 4
10 14 31
18 21 11
2 6 32
6 8 7
18 20 3
16 18 18
2 5 7
12 16 13
2 6 27
0 3 12
18 21 27
14 15 31
21 22 4
17 21 18
3 7 3
7 9 30
14 17 11
8 12 7
5 8 22
5 9 26
5 7 27
12 15 10
1 5 24
12 16 9
17 20 24
17 21 25
6 9 11
6 8 14
22 0 20
16 19 22
22 2 25
18 20 22
12 15 17
19 22 26
1 4 24
16 18 33
9 11 6
18 21 20
4 9 8
13 16 23
0 4 11
11 15 3
17 21 34
1 3 11
15 17 15
17 20 1
16 19 11
19 22 7
13 16 33
4 6 3
18 21 1
19 22 30
8 11 31
17 21 12
14 18 19
8 11 1
0 3 23
20 22 32
16 18 21
14 17 35
1 5 4
9 12 11
3 7 5
12 15 20
6 7 8
13 14 30
15 19 27
8 9 19
5 8 16
4 6 31
10 13 17
23 2 28
21 0 17
8 11 13
3 6 13
21 0 32
7 11 6
11 13 24
23 1 4
16 17 17
19 23 4
12 17 19
20 23 10
18 22 9
3 8 33
4 7 23
16 19 4
1 4 19
11 14 1
7 10 13
23 2 14
12 14 23
14 18 1
15 17 28
20 23 3
21 1 17
6 10 6
19 22 20
21 2 10
13 16 23
20 22 20
3 7 25
9 13 5
9 11 12
3 8 27
18 21 8
15 17 6
16 18 35
6 9 23
19 0 15
16 19 17
4 7 1
22 3 25
14 17 1
6 8 14
12 15 21
2 5 12
20 23 19
1 5 6
12 16 9
16 19 3
3 6 28
18 20 6
20 23 10
12 15 31
19 21 35
19 22 29
6 10 7
13 15 9
9 13 23
7 8 7
2 6 22
2 5 24
6 8 27
5 8 5
6 10 29
2 6 25
11 13 28
13 18 26
3 7 15
3 5 4
6 9 25
9 11 9
22 23 30
19 20 10
14 18 6
14 14 21
11 12 15
10 13 33
4 7 12
11 13 20
6 9 35
13 16 23
8 12 21
14 16 28
7 11 32
17 21 23
20 0 26
7 10 6
14 17 14
13 14 8
12 15 4
7 10 9
3 7 33
2 6 28
6 10 4
22 2 4
4 7 26
14 18 20
9 12 20
4 6 10
19 22 34
4 8 1
10 12 18
19 22 27
8 10 8
20 0 34
3 6 28
8 11 30
17 20 34
4 9 32
20 23 24
23 1 14
12 15 19
16 20 23
18 21 31
14 19 35
7 11 3
6 10 31
8 11 29
20 23 7
8 11 34
1 2 21
5 8 11
8 12 19
19 22 12
20 1 19
12 15 12
8 11 13
8 10 29
13 15 3
18 23 15
18 20 34
9 12 28
8 13 34
20 1 31
19 22 16
9 11 14
10 13 5
3 6 10
23 2 10
5 7 4
20 23 8
0 2 13
12 15 4
9 12 5
7 11 30
7 9 14
17 19 1
10 12 5
14 18 18
12 16 23
18 23 35
18 21 14
21 1 16
16 20 27
10 12 35
7 10 12
6 11 26
14 18 1
11 14 34
18 21 17
9 12 12
9 12 15
7 10 9
6 8 22
23 2 21
6 8 20
16 19 6
15 17 14
6 9 28
23 1 26
12 15 18
14 17 32
5 9 32
14 17 18
2 6 28
8 12 31
16 20 30
12 15 7
3 7 25
7 10 22
2 5 14
18 19 31
18 22 10
1 3 26
13 16 20
10 14 7
17 21 21
3 5 23
0 4 35
17 21 4
16 20 12
10 14 17
0 2 14
22 1 8
2 6 34
0 3 29
7 9 11
19 23 8
16 21 17
0 4 28
14 16 34
8 10 28
16 19 17
6 9 35
22 23 31
7 10 18
15 18 26
9 14 9
20 1 6
4 7 16
21 0 28
13 18 27
21 1 16
16 20 6
16 18 14
2 6 30
2 6 7
11 15 7
11 14 28
14 18 22
3 7 27
15 19 20
23 0 15
1 4 16
14 17 21
22 2 17
8 11 29
17 19 26
11 13 24
23 4 10
21 23 7
2 6 6
23 2 3
5 9 28
11 14 2
19 22 10
2 5 11
4 6 31
10 13 3
5 7 1
15 17 20
15 19 17
12 14 4
16 18 16
22 0 17
18 22 17
17 20 30
20 0 32
3 6 20
23 2 20
9 12 9
16 19 19
2 7 18
6 9 35
17 21 31
20 23 22
5 8 21
22 1 28
11 16 33
23 2 5
21 23 9
21 2 6
11 14 29
3 6 17
7 10 27
17 21 17
19 23 5
1 4 9
17 22 7
3 5 25
23 2 11
2 6 6
7 11 13
15 16 19
15 18 11
14 16 5
7 11 15
11 14 24
22 2 6
9 12 16
10 12 35
1 4 19
6 8 16
23 0 7
10 12 30
17 20 34
8 8 5
12 15 21
12 16 17
6 8 13
0 4 14
0 2 5
19 21 4
14 16 29
4 5 22
6 9 5
5 8 19
21 23 10
17 19 21
23 1 13
1 5 28
12 14 31
22 1 18
0 3 31
12 15 29
14 17 24
19 23 2
15 19 13
19 21 23
11 14 25
12 14 20
21 23 32
8 10 33
0 4 21
17 20 19
2 5 2
9 11 22
18 22 18
5 9 6
19 21 21
17 20 25
4 6 2
13 15 26
15 17 25
5 8 26
2 4 19
16 20 9
2 7 3
0 2 24
5 6 2
3 5 17
12 17 7
20 21 25
8 12 16
11 16 15
13 16 12
7 11 6
22 1 23
4 8 28
7 11 21
2 6 30
1 4 24
14 18 34
1 5 16
10 13 8
12 14 31
4 8 10
17 22 1
3 6 25
14 18 26
15 18 20
11 16 28
15 20 12
23 1 25
12 14 5
14 17 6
0 5 16
20 0 2
17 21 23
13 15 26
3 5 23
5 7 11
17 19 33
20 0 9
12 16 30
9 9 23
8 11 13
13 18 16
23 1 1
21 0 29
12 15 10
0 2 30
6 7 6
9 12 17
4 9 29
7 11 9
6 8 13
2 6 15
12 15 5
0 3 8
15 18 19
12 16 7
17 20 26
10 13 3
21 22 6
5 9 7
3 6 13
3 7 9
9 12 16
20 23 33
5 10 12
7 10 1
13 16 17
6 9 22
21 23 33
21 0 31
18 22 23
12 17 16
18 21 28
17 18 21
22 2 33
3 7 22
9 14 28
2 6 28
12 15 33
8 10 33
11 14 21
17 21 31
16 19 22
16 19 2
22 23 22
5 6 19
20 22 32
22 1 17
23 4 32
18 20 28
21 0 23
4 7 3
15 18 9
8 13 8
11 13 3
11 15 18
22 3 16
19 21 19
19 21 26
21 0 6
16 19 17
23 2 9
17 22 29
3 6 11
0 4 7
22 0 27
8 12 24
7 10 5
10 12 32
2 4 27
15 16 16
20 22 16
16 20 6
18 23 13
7 9 35
5 7 27
17 21 11
23 2 10
17 20 21
21 22 1
14 17 15
19 22 35
0 3 2
7 9 9
3 8 26
12 15 2
5 7 3
19 22 19
18 22 12
10 13 12
5 8 17
15 18 22
3 6 7
10 12 15
5 7 4
0 2 22
9 12 33
13 17 16
20 22 7
20 22 31
16 20 18
20 1 10
8 12 6
5 6 24
21 0 7
11 14 31
19 22 1
17 19 23
16 18 30
13 15 7
19 0 8
3 5 11
13 15 26
21 0 32
14 16 28
13 16 12
9 13 23
12 15 19
23 2 22
16 18 29
16 19 13
1 3 2
22 1 10
3 4 15
16 22 10
11 13 25
2 3 8
23 3 28
6 10 1
0 3 17
22 0 16
13 15 16
10 12 13
15 18 26
1 3 18
16 20 33
12 15 8
21 23 15
12 15 1
9 12 9
11 13 19
3 5 12
2 5 26
9 14 7
23 3 3
6 12 18
2 3 4
7 11 28
11 14 33
18 23 20
17 20 8
12 15 2
4 6 10
21 1 22
12 15 23
8 11 31
15 17 8
20 23 13
23 1 21
21 23 10
19 22 33
7 10 8
8 11 28
21 23 35
13 15 30
13 15 26
6 10 3
9 12 25
4 5 18
5 5 16
15 19 23
14 17 23
10 13 6
8 12 4
2 5 14
15 19 29
11 13 20
7 9 20
2 5 24
6 10 5
0 2 33
16 18 19
1 4 12
3 6 14
18 20 32
14 18 32
6 8 29
0 2 12
19 21 6
4 5 3
1 3 11
13 16 33
9 12 30
23 2 33
10 13 18
17 20 2
19 22 18
6 10 21
2 5 8
6 8 2
0 4 23
23 3 23
8 13 7
23 1 9
20 0 27
10 14 33
21 23 27
5 7 24
2 4 26
23 2 23
14 19 23
10 13 10
17 22 8
5 6 30
1 5 30
19 21 23
10 15 34
23 4 15
6 10 20
15 17 25
4 6 18
11 13 23
14 17 33
3 6 10
16 17 13
6 9 28
6 9 12
21 23 23
14 17 13
20 22 33
12 16 24
18 23 34
11 13 21
22 1 17
11 15 5
17 20 28
11 12 26
15 17 29
3 5 31
12 14 1
13 14 23
0 1 21
8 12 13
21 23 5
5 8 1
5 8 34
8 12 30
8 12 35
19 21 14
23 2 13
0 4 19
23 4 13
4 6 32
7 11 26
21 1 27
2 5 4
8 8 2
16 18 33
14 17 16
22 2 29
1 3 23
16 18 10
13 19 3
5 6 35
15 17 4
14 17 28
3 6 33
4 7 13
18 21 1
4 6 32
18 20 34
18 22 3
21 1 18
3 6 23
3 5 35
20 22 32
21 23 21
11 14 26
10 13 17
6 8 3
5 8 1
11 14 28
15 18 13
18 20 17
10 14 19
21 23 9
14 17 34
2 4 4
1 3 21
1 4 4
2 6 1
4 9 14
15 17 16
20 20 5
15 19 20
18 22 24
17 19 12
11 15 1
9 10 22
18 22 32
20 23 7
19 22 31
22 0 16
2 4 2
16 20 20
10 12 5
11 12 13
21 23 21
2 3 22
11 14 23
20 2 26
2 3 15
0 3 33
16 20 35
12 16 3
7 12 31
3 6 13
13 17 20
10 11 21
15 18 25
11 13 6
21 23 7
13 19 32
4 6 24
21 2 14
5 9 25
2 5 16
12 16 7
14 17 34
2 6 17
21 23 8
13 17 5
22 2 30
19 23 10
20 0 6
11 14 9
16 20 9
5 8 34
11 14 13
19 22 21
6 7 33
12 15 14
1 3 9
17 22 29
20 21 19
9 12 21
4 8 21
15 20 28
21 23 8
21 1 24
4 7 7
16 18 25
13 14 28
17 20 23
18 21 11
13 16 11
7 8 1
20 22 26
4 8 5
20 23 17
21 23 21
12 14 5
6 11 2
23 3 6
22 0 19
2 5 13
20 22 23
5 9 32
2 3 18
18 21 6
16 18 19
8 12 20
23 3 4
6 6 32
8 9 25
7 11 16
16 19 24
19 21 8
17 22 20
6 8 32
2 5 11
19 22 20
3 7 2
6 9 12
22 1 11
2 7 34
8 10 19
12 15 34
1 4 12
19 22 27
22 0 16
0 4 11
18 22 29
17 20 29
11 15 4
20 0 21
7 9 24
8 10 24
4 5 3
9 12 31
18 21 29
16 18 19
7 10 4
19 21 12
13 16 5
6 10 10
11 14 6
6 9 14
14 17 5
10 14 26
17 22 24
15 18 21
13 15 17
1 4 3
2 5 15
11 13 24
23 2 4
16 18 17
10 14 25
23 0 13
19 22 24
6 9 24
7 10 8
2 6 10
17 19 35
13 17 11
14 19 15
6 8 34
16 19 6
1 5 1
16 20 14
2 4 9
8 13 17
8 11 19
3 7 11
0 2 29
4 7 10
16 19 22
11 15 19
21 22 15
16 19 10
5 8 29
23 3 9
23 2 23
1 3 26
23 2 14
23 3 26
23 4 1
2 5 25
2 5 13
7 11 7
1 4 14
1 5 20
15 20 13
19 22 35
17 21 6
16 18 24
23 0 25
4 9 24
23 2 33
3 7 10
23 1 7
4 8 35
15 17 8
5 9 23
19 21 9
7 10 9
5 8 34
12 15 26
15 17 12
12 14 15
9 12 26
16 19 34
4 7 30
4 8 7
18 23 3
13 17 28
21 0 19
17 21 24
10 13 32
2 5 20
8 11 16
15 18 3
20 20 19
7 12 9
14 17 14
0 4 17
22 0 27
7 9 4
14 17 16
6 7 31
6 8 21
18 22 24
17 20 11
3 6 29
8 9 25
17 20 33
20 1 16
8 11 21
15 17 3
17 20 2
15 18 26
19 21 17
7 10 23
8 13 30
4 9 29
13 16 27
13 15 27
20 22 6
7 10 29
19 22 5
4 7 9
13 16 11
12 14 17
8 12 24
23 2 17
10 14 35
17 19 18
14 18 27
10 13 21
16 19 16
10 12 18
3 5 32
17 20 7
3 5 4
11 15 26
4 8 31
17 21 28
6 7 19
23 1 34
1 4 30
19 23 23
1 4 9
15 19 4
2 5 10
11 14 19
12 17 6
14 16 20
8 10 34
7 11 19
15 18 27
23 2 4
4 7 14
9 12 5
14 16 18
15 19 30
1 2 25
12 14 1
10 12 32
10 14 4
22 4 17
8 10 14
5 7 28
16 19 25
20 23 12
14 17 24
11 14 22
0 2 2
11 13 5
16 20 30
0 4 25
4 7 27
12 15 1
18 20 13
17 20 20
15 18 1
18 22 30
22 0 29
16 21 4
17 21 23
9 11 5
22 1 18
13 17 31
2 5 5
23 0 4
0 2 20
23 2 25
6 8 13
3 7 8
0 3 1
8 11 33
21 0 27
7 11 19
12 16 21
10 14 12
11 13 4
5 9 30
19 22 29
19 23 15
14 18 10
13 15 10
22 0 34
15 20 34
4 8 27
22 0 34
10 13 10
3 5 29
1 5 17
2 5 2
0 2 2
7 10 34
22 1 14
10 11 30
2 6 20
7 11 21
18 22 7
11 14 21
6 10 14
0 4 31
4 8 21
12 16 19
5 7 4
3 5 20
9 12 24
8 12 35
16 20 11
3 6 19
16 18 15
13 15 6
11 13 33
10 14 7
3 6 1
22 1 4
8 11 20
13 16 10
20 0 16
10 14 31
19 23 14
17 22 33
19 22 17
16 20 16
12 14 16
14 18 22
19 21 18
2 6 22
2 4 28
10 12 34
16 19 18
1 5 12
9 12 16
0 3 21
6 9 34
13 16 5
21 23 5
18 21 23
17 20 18
13 17 22
10 14 15
6 9 19
4 7 26
15 18 16
20 21 11
14 16 13
17 18 4
16 20 7
11 13 14
9 11 7
4 8 28
7 8 30
19 22 5
16 18 20
10 15 4
22 1 32
21 0 17
10 13 9
9 12 17
8 11 18
11 14 24
19 21 9
9 11 5
4 7 18
17 20 20
9 12 14
9 13 15
4 6 30
3 7 5
0 4 28
23 2 17
18 21 1
10 11 4
17 20 8
8 8 6
10 13 35
4 7 26
18 21 5
18 23 14
0 3 35
1 4 11
2 5 16
14 15 17
4 7 26
10 13 13
11 15 6
23 2 6
12 15 25
21 23 9
8 11 29
2 5 21
22 1 12
4 6 1
10 12 25
19 22 23
13 17 18
6 10 12
0 4 30
7 11 18
19 20 31
15 16 3
2 4 35
8 12 9
14 19 34
5 8 33
3 6 29
19 21 24
12 15 2
17 21 26
1 4 3
11 13 12
1 5 29
12 16 9
19 21 33
13 16 34
4 7 1
6 10 25
15 19 21
23 2 35
9 11 16
8 11 17
7 9 25
20 0 17
15 17 11
23 1 3
15 17 30
13 15 2
17 22 12
0 2 18
1 5 7
0 3 26
0 1 14
13 16 15
6 9 4
14 18 22
5 9 33
1 4 34
2 6 10
3 5 2
19 23 31
16 19 30
15 18 21
10 13 17
23 2 16
20 23 24
19 0 7
13 17 15
19 21 21
18 20 4
23 2 16
12 15 8
3 7 23
5 8 17
8 10 15
17 20 30
4 8 29
0 4 5
20 23 10
0 3 22
7 9 24
15 18 28
2 4 28
5 8 21
21 1 16
5 5 7
10 13 24
13 17 9
13 17 11
19 23 16
6 7 24
3 8 31
14 16 10
5 5 15
9 12 12
14 17 2
3 7 9
12 16 29
16 19 9
20 23 8
20 1 30
19 21 3
0 3 16
13 16 18
3 6 15
0 3 17
11 14 12
15 18 32
8 9 16
19 22 23
21 1 12
13 16 20
21 0 21
20 23 13
5 9 22
23 2 33
2 7 24
21 1 8
12 15 35
22 0 1
1 4 24
6 9 5
19 23 18
4 8 15
18 21 33
7 10 34
13 17 25
21 1 17
8 10 30
9 11 17
15 18 26
14 18 34
3 5 3
13 15 21
20 23 35
19 22 17
7 8 25
1 4 35
7 10 26
12 15 32
6 9 25
9 13 19
0 3 12
11 14 2
22 1 4
11 15 29
2 5 20
2 6 25
22 0 35
14 17 33
14 16 17
23 2 16
11 14 10
0 3 28
6 9 23
3 7 23
15 18 21
6 10 25
8 12 24
6 10 20
5 7 29
12 15 15
9 11 5
11 14 9
4 7 8
20 23 27
6 9 30
9 12 26
9 13 6
12 16 16
17 21 32
11 15 2
11 12 30
12 13 15
19 23 19
4 8 31
14 17 12
1 5 24
18 22 8
22 3 12
21 23 20
0 3 25
18 21 20
9 13 22
19 22 34
7 10 15
18 22 18
0 3 15
19 22 5
5 9 27
12 15 27
7 11 14
5 7 31
20 21 11
10 15 1
20 23 25
2 6 1
9 11 31
17 21 33
20 22 31
8 12 35
21 2 24
9 11 6
14 17 9
6 9 21
10 11 13
9 11 8
21 23 24
4 7 34
8 10 8
2 5 21
12 16 3
16 19 4
3 6 9
15 18 30
15 18 10
11 12 16
18 21 22
7 9 28
23 2 33
20 1 20
23 2 11
21 2 24
9 13 9
12 16 33
4 6 32
13 17 35
15 17 2
1 3 23
21 0 20
12 17 14
10 13 25
19 20 11
8 11 1
18 21 10
1 4 10
20 23 33
9 12 16
17 20 17
19 21 1
15 19 29
22 2 30
4 9 19
8 13 16
17 22 15
5 7 7
13 16 9
15 18 13
12 14 13
19 22 19
15 18 22
6 9 27
12 13 12
11 15 27
15 15 27
22 1 6
4 8 24
21 23 24
16 19 28
3 6 2
7 11 8
16 19 17
23 2 33
6 10 23
15 19 16
1 3 13
20 23 26
8 10 3
0 6 2
17 20 17
2 3 33
6 8 9
14 17 33
17 19 1
1 3 11
18 20 16
14 17 22
22 2 33
20 21 34
20 23 35
9 11 15
5 10 11
1 4 6
7 10 20
11 14 15
15 18 11
23 4 34
20 22 10
3 6 26
15 17 14
22 0 25
21 1 4
22 0 29
5 8 12
1 4 22
4 7 19
14 15 13
16 21 7
22 0 29
18 22 31
13 16 10
20 0 19
1 3 23
22 1 24
17 19 11
12 15 17
15 19 16
17 20 6
14 17 12
6 9 1
15 18 15
14 16 23
14 18 7
20 22 11
1 5 15
12 13 16
21 0 18
14 17 32
7 11 17
1 3 16
3 6 10
1 4 8
10 13 27
7 9 13
18 19 2
7 8 2
18 21 2
13 17 22
23 3 1
0 2 15
9 13 6
0 3 13
17 20 29
10 13 22
2 6 1
15 17 30
12 16 16
7 10 28
0 3 12
0 5 34
8 9 2
3 5 28
22 0 25
7 10 5
16 19 26
10 13 28
8 9 27
12 14 10
10 14 24
8 10 17
19 21 13
14 19 17
0 5 2
10 14 30
11 13 14
20 22 7
15 18 10
3 8 5
14 18 22
14 17 34
9 11 18
18 19 12
2 4 19
12 15 27
18 22 26
19 22 14
7 9 18
10 12 33
15 18 35
0 3 2
10 13 17
21 0 33
18 19 23
18 20 16
5 9 19
3 6 8
19 23 16
21 23 31
15 17 2
13 18 1
3 6 1
8 11 13
22 2 27
10 13 6
21 0 17
20 0 26
19 23 1
20 1 10
20 0 27
1 3 27
7 10 5
18 19 4
1 4 12
14 18 3
12 14 31
13 17 23
3 7 8
11 13 26
10 13 23
10 12 20
18 21 28
1 4 31
18 19 31
1 4 29
14 18 18
19 21 31
11 14 23
8 12 25
21 2 15
14 17 18
18 20 24
7 10 34
18 22 30
23 2 22
0 4 16
17 21 8
22 0 23
3 7 15
8 10 5
17 19 6
6 8 27
15 18 10
21 0 2
8 11 8
9 11 33
23 0 33
0 4 30
23 3 14
18 20 9
9 10 12
9 11 14
19 20 6
4 6 33
3 6 31
23 2 14
18 20 18
14 17 34
18 21 28
3 8 15
19 21 13
6 10 18
4 7 13
20 23 18
0 4 10
2 5 19
14 17 22
20 22 27
18 21 8
11 17 21
10 14 21
22 2 19
11 13 5
16 18 8
9 11 11
12 15 18
16 20 25
7 9 32
21 0 12
18 20 17
22 2 14
9 14 22
11 14 26
0 4 17
10 11 31
12 14 20
7 10 17
19 22 4
9 10 34
18 20 17
12 15 18
17 21 8
19 22 10
7 10 5
9 12 15
6 9 3
10 12 12
10 14 12
17 22 18
23 1 3
9 13 23
23 3 25
3 6 30
10 11 4
0 3 29
23 1 3
5 10 16
12 15 17
8 13 19
11 14 16
16 18 28
15 20 15
11 15 26
13 15 9
23 1 15
22 0 5
21 22 25
4 7 25
6 8 12
22 0 15
16 20 27
14 16 9
20 1 30
8 11 13
11 14 8
17 19 24
22 0 18
18 20 30
10 12 28
15 18 20
23 2 20
5 9 21
7 9 25
8 13 4
14 15 6
8 11 32
9 13 33
12 14 31
21 1 21
15 19 7
18 21 15
11 12 17
20 22 27
16 19 5
6 9 26
9 14 17
22 1 29
13 17 34
3 6 25
4 7 15
5 7 16
8 11 28
18 23 23
22 0 15
10 13 17
2 5 10
8 10 34
12 16 29
5 7 7
3 7 23
4 6 28
2 7 20
5 6 20
9 13 28
1 3 16
14 17 21
7 10 26
20 2 35
7 10 35
18 20 3
11 13 23
13 13 8
4 5 25
21 0 32
19 21 3
2 5 18
6 10 30
22 2 27
12 16 15
14 16 34
16 20 34
21 23 17
22 1 18
18 21 29
3 5 1
12 16 17
11 15 35
10 14 26
3 5 30
20 23 34
18 21 34
19 22 12
11 12 3
8 12 9
4 7 33
23 2 15
2 6 14
2 6 24
14 17 32
22 2 9
8 13 9
17 20 26
2 5 21
20 23 10
7 10 34
17 20 19
4 7 14
19 22 14
15 18 28
22 1 13
3 7 30
8 11 7
5 9 33
5 8 29
14 18 10
4 5 28
15 19 2
9 12 30
17 19 6
0 4 14
9 14 35
16 18 27
6 9 33
20 22 4
17 19 14
23 2 2
5 8 21
15 18 25
19 22 25
3 5 3
10 13 6
0 4 28
4 7 15
13 17 31
22 1 28
6 9 6
22 1 29
7 8 29
7 9 17
21 23 35
2 4 24
4 8 5
17 19 7
8 12 1
22 1 13
6 11 25
3 6 16
5 6 32
20 0 12
4 7 34
23 1 1
11 15 17
10 13 31
9 14 28
8 10 4
8 12 4
9 13 29
20 0 28
20 0 17
3 5 33
15 19 24
1 4 13
6 10 31
12 16 22
13 17 4
19 23 12
7 10 25
4 6 23
21 0 25
16 19 28
6 9 26
12 14 30
18 21 12
13 12 21
7 11 21
6 7 20
2 4 15
1 3 14
8 12 26
14 17 27
8 11 13
6 10 5
13 18 24
10 14 17
4 6 29
17 20 19
12 16 12
3 7 16
14 16 3
13 14 26
19 23 33
13 14 21
20 23 9
12 17 2
22 0 31
2 6 6
1 2 5
14 16 33
20 22 5
11 14 9
10 12 21
0 2 2
19 20 23
18 22 6
22 1 4
1 6 8
14 16 15
20 23 21
7 11 23
19 23 25
14 17 29
0 3 34
9 13 23
4 9 28
13 16 26
17 21 25
14 17 25
22 2 8
3 7 31
17 19 23
0 2 23
14 18 3
2 4 17
11 12 22
7 11 16
12 15 21
6 8 35
1 3 2
18 23 35
13 18 15
22 3 29
17 20 4
4 5 17
20 23 10
12 15 2
0 3 23
21 0 35
8 11 33
4 7 5
19 20 25
2 6 35
20 23 3
23 3 14
14 16 19
11 12 29
4 7 18
22 3 7
18 22 32
22 1 6
19 20 19
1 5 24
4 8 35
10 15 20
21 1 31
13 15 22
0 3 19
13 16 16
2 5 4
9 12 35
18 20 13
17 19 6
12 15 17
10 14 4
12 14 22
4 6 17
1 4 20
15 18 6
6 9 15
21 0 6
21 1 10
3 6 24
21 22 29
10 15 3
9 10 4
2 4 9
2 5 17
15 17 20
12 16 23
11 13 6
19 23 22
10 13 16
10 14 18
14 17 12
14 16 11
8 12 22
3 6 30
17 19 17
4 6 13
3 7 30
22 1 19
21 0 25
8 10 18
0 3 28
5 9 5
14 16 6
4 8 29
7 11 35
19 23 29
1 4 22
1 4 14
17 19 1
3 5 31
20 0 19
3 7 17
1 5 6
9 11 25
8 11 18
14 17 20
22 1 4
5 7 4
18 22 32
17 21 7
11 15 29
8 9 19
3 5 22
3 4 22
1 3 9
20 0 12
21 23 27
4 8 29
1 4 6
11 16 33
19 22 18
1 3 29
22 1 11
16 18 24
10 13 1
22 2 18
5 6 16
0 2 26
1 5 7
23 0 22
6 10 34
14 17 15
16 19 3
15 19 2
17 19 5
9 12 20
20 22 23
7 8 24
23 3 26
2 4 8
10 14 26
9 12 22
23 2 20
20 23 24
1 4 12
1 3 6
19 23 3
22 0 32
21 0 5
2 5 34
23 3 22
17 21 11
9 12 29
19 0 32
7 10 6
2 5 15
4 6 23
5 9 12
6 10 25
0 4 18
22 2 7
7 10 17
19 21 15
21 23 30
7 10 15
13 16 17
11 13 25
19 23 8
21 0 26
2 4 28
7 11 27
3 5 31
14 15 27
10 13 25
13 15 9
8 11 29
15 17 28
19 23 30
17 20 10
10 13 4
10 14 15
4 5 8
17 20 27
13 17 2
21 0 31
3 6 34
8 11 21
9 12 30
11 13 8
16 19 11
1 5 1
0 3 19
6 9 34
14 18 14
12 13 24
20 0 15
20 22 7
15 18 25
5 9 18
1 4 2
19 23 4
11 15 31
13 18 18
10 11 19
17 21 21
12 16 15
10 13 19
1 2 31
13 17 31
15 17 5
3 7 15
7 11 16
7 10 15
16 21 33
22 3 32
21 1 29
12 15 8
19 22 12
0 0 4
2 6 30
17 19 8
8 11 19
15 19 17
13 18 10
7 12 20
16 19 35
11 14 12
15 17 5
13 16 24
20 0 20
15 17 15
12 14 35
17 18 32
23 2 5
11 14 6
2 6 8
2 4 33
7 13 27
16 18 1
8 9 18
0 3 15
8 12 3
4 7 4
21 23 35
5 9 3
6 8 30
17 20 24
20 22 22
12 14 20
7 11 25
20 21 34
18 21 9
6 10 35
0 2 11
2 5 3
22 2 14
8 10 29
7 10 13
21 23 16
10 15 19
18 20 7
5 9 19
2 5 18
6 10 9
21 23 16
6 9 32
4 7 26
5 8 23
5 7 15
12 16 5
21 1 26
20 23 34
7 11 25
10 13 27
11 13 21
1 4 26
17 19 8
14 16 1
4 8 19
17 20 34
21 23 24
18 22 11
11 14 8
3 6 21
5 6 33
12 16 28
21 23 31
20 22 20
6 8 32
7 9 27
16 20 28
9 11 24
13 17 8
15 17 30
9 12 15
9 11 6
7 11 14
1 6 28
23 1 1
12 15 24
21 0 20
14 17 4
21 0 14
22 2 1
6 8 16
21 23 23
12 16 2
15 19 10
23 3 5
11 14 8
0 2 18
0 3 2
23 2 14
13 15 25
12 14 24
1 5 29
12 14 7
0 4 2
14 17 3
1 2 33
22 2 34
0 3 11
9 11 9
10 13 4
14 18 21
15 19 15
0 2 3
8 12 34
17 19 24
17 21 3
13 15 5
18 19 6
6 8 19
23 1 34
8 11 26
7 10 8
14 17 3
21 0 12
13 16 4
10 12 2
1 5 20
5 8 12
0 4 33
22 0 22
1 4 27
15 16 28
21 0 6
15 17 5
23 3 35
5 7 18
3 6 31
14 17 34
16 20 12
8 11 21
14 17 4
18 21 10
13 16 26
4 8 24
20 1 30
11 14 7
22 0 35
9 13 26
23 1 23
17 20 30
21 0 29
9 13 17
17 20 16
23 0 6
11 15 17
0 2 29
0 4 9
23 1 35
7 10 20
12 15 13
19 22 8
17 22 14
9 11 34
17 17 6
1 4 25
15 18 14
16 20 23
14 19 2
13 16 6
14 18 3
2 6 17
8 11 34
13 17 9
2 3 13
7 9 30
11 14 20
17 20 13
11 14 28
19 23 4
12 14 1
19 22 21
9 12 20
12 15 11
20 23 30
5 7 23
8 11 6
5 8 32
7 10 14
14 16 18
15 16 20
2 4 21
11 13 21
13 15 19
0 3 11
20 0 34
8 12 17
15 18 35
3 5 13
19 22 22
21 0 1
7 9 3
8 8 2
1 4 21
10 14 22
14 16 9
13 15 17
1 6 24
12 15 17
14 15 31
20 0 35
13 15 17
4 6 16
9 14 18
12 18 17
13 17 15
4 8 17
9 13 16
7 10 2
19 23 2
11 15 14
21 1 19
7 9 1
18 21 13
12 16 15
10 14 12
10 14 14
20 0 28
15 16 17
18 20 19
9 11 34
16 21 17
11 13 12
20 1 12
13 17 6
6 7 12
15 18 24
16 20 34
15 17 25
7 11 31
23 3 13
7 9 11
12 15 17
17 18 35
6 9 35
20 23 7
19 21 20
22 1 16
19 22 15
1 6 18
21 1 16
6 7 6
18 22 20
11 14 24
13 15 31
21 1 17
16 18 13
17 20 24
14 18 9
13 17 18
5 6 5
4 8 10
10 13 29
13 15 23
22 0 8
23 2 5
7 12 6
3 6 19
15 19 24
18 19 11
9 14 18
13 16 27
7 11 24
5 9 11
20 22 25
22 0 26
11 13 19
5 8 9
17 20 30
7 10 6
9 13 15
8 12 32
20 0 28
5 7 17
8 11 17
23 2 9
9 13 30
18 20 16
10 10 29
10 12 13
1 4 6
13 16 35
16 19 35
7 11 18
2 5 26
11 16 24
23 3 31
10 13 28
5 8 19
10 13 20
6 11 12
10 13 33
14 16 1
22 0 27
16 21 4
18 20 4
23 3 2
13 14 8
21 0 4
11 14 7
8 10 10
13 16 25
15 18 11
0 3 17
19 21 18
1 3 23
19 22 19
8 11 31
0 1 32
9 13 22
17 20 8
11 13 11
19 0 27
9 12 34
8 9 14
9 12 35
12 16 20
21 23 4
11 13 5
0 4 29
16 19 9
14 16 27
3 6 30
1 6 1
5 8 25
21 23 24
12 15 2
16 17 5
2 4 3
23 2 9
4 6 6
13 15 29
14 17 3
17 20 17
3 6 11
14 18 26
3 6 9
19 22 34
22 1 3
6 10 6
16 19 21
1 4 34
20 23 24
18 21 31
5 9 24
17 18 19
13 16 27
14 18 28
5 7 23
8 12 29
22 2 26
11 14 22
22 1 31
21 23 34
0 3 6
22 0 2
1 5 1
12 14 24
7 12 35
10 11 2
16 20 24
22 3 14
15 17 34
22 1 14
14 18 3
10 14 5
21 0 22
12 15 30
21 1 6
18 21 17
16 20 35
9 12 22
10 13 31
2 3 11
9 13 28
12 16 28
0 5 8
11 15 1
4 6 6
5 10 28
16 19 27
13 17 28
6 10 34
13 16 16
15 18 16
8 10 13
6 9 20
14 18 26
15 20 31
13 14 25
4 8 15
15 18 29
12 15 25
14 18 5
18 20 14
21 1 21
15 16 20
12 15 25
1 3 7
21 0 13
12 15 21
22 0 8
9 11 32
0 5 29
8 11 22
4 7 27
7 11 5
4 9 31
12 14 21
17 20 22
10 14 29
3 7 12
4 8 19
21 0 16
20 23 24
14 20 31
8 11 18
1 5 34
9 14 17
4 8 26
14 18 32
14 16 22
10 14 21
9 10 31
21 0 13
23 3 11
8 11 26
17 20 2
19 22 34
0 1 1
15 18 12
18 22 8
21 1 16
17 18 11
12 16 26
22 3 4
12 16 14
6 9 7
7 9 33
9 11 12
15 18 32
0 4 12
7 11 32
17 21 23
2 6 26
19 21 8
10 14 16
7 11 11
7 11 31
11 15 3
14 17 33
6 6 25
9 12 17
0 2 24
8 11 21
6 8 33
13 15 31
17 20 3
21 1 28
7 10 22
0 2 25
3 6 32
1 4 28
10 15 14
14 16 13
14 17 21
8 10 12
21 23 5
6 8 35
16 17 7
8 13 1
4 8 22
14 17 22
5 8 29
14 17 2
11 15 9
4 6 5
6 9 8
8 11 3
7 11 32
6 9 33
21 1 4
16 17 13
3 5 8
3 4 34
1 3 32
8 10 27
6 9 11
15 21 22
15 18 11
8 10 21
10 13 33
12 15 26
0 2 10
21 0 35
3 7 13
23 4 12
18 20 9
21 23 1
7 9 1
3 7 21
1 5 19
12 14 31
14 16 14
1 5 11
18 21 16
12 15 4
18 20 8
13 16 10
7 10 35
19 21 11
21 23 12
16 17 29
9 11 11
7 10 1
16 20 9
22 0 24
11 15 9
17 22 25
22 1 32
9 11 21
2 4 31
1 3 15
7 10 13
1 5 11
10 15 29
0 4 5
2 4 27
20 0 19
4 6 33
22 1 20
0 5 11
11 15 7
16 21 23
4 8 4
13 15 17
13 17 33
7 11 32
1 4 4
11 13 27
9 12 19
10 13 32
3 6 5
11 14 30
13 15 2
14 16 19
12 15 20
18 21 12
11 13 28
2 4 11
0 2 10
3 7 13
11 12 16
3 7 22
18 21 30
19 22 2
18 21 3
4 7 31
0 2 19
7 9 8
4 5 35
20 21 5
9 12 23
15 18 1
14 18 3
1 4 17
12 17 21
20 22 18
20 23 30
2 6 9
23 2 2
8 10 29
4 8 15
23 1 9
12 14 1
21 23 25
22 1 4
6 9 30
15 18 18
20 22 20
13 16 24
16 20 24
22 2 14
22 0 23
6 8 17
11 13 24
17 19 18
16 19 19
4 7 4
11 16 10
8 12 25
17 19 26
21 23 29
17 20 22
5 10 34
10 12 13
5 8 32
6 9 35
13 16 2
1 4 9
14 16 18
21 0 9
20 22 6
7 10 12
10 15 5
21 23 7
6 9 30
4 7 27
21 0 13
23 3 27
21 2 6
22 0 24
11 12 5
17 20 32
0 3 3
3 8 29
9 14 6
19 23 22
14 17 13
16 20 22
9 12 18
9 12 22
5 8 11
12 14 2
23 1 4
23 1 16
19 0 14
17 21 12
20 21 3
16 19 26
20 23 31
7 11 19
18 21 8
23 2 7
18 20 20
12 19 7
10 13 9
11 16 11
3 7 28
11 14 1
19 20 33
14 16 3
3 6 33
6 10 25
7 10 14
7 8 11
0 3 4
6 9 33
20 22 33
22 1 34
23 3 25
10 13 19
18 22 34
10 13 22
13 18 28
20 23 24
0 2 28
4 8 23
9 12 1
3 5 4
2 4 35
18 21 6
0 4 3
1 2 23
4 5 13
15 16 18
6 10 22
16 19 32
0 3 22
4 8 13
3 7 3
13 16 17
6 9 5
5 8 27
19 23 23
12 16 22
17 21 34
5 7 1
10 12 33
17 21 22
7 9 17
2 4 14
20 23 29
23 2 31
3 5 10
8 10 16
5 8 17
17 20 14
14 20 15
20 0 25
21 1 34
6 8 17
21 1 27
6 9 32
3 6 2
12 16 7
0 2 20
5 7 14
6 10 25
23 1 23
13 15 2
2 5 6
12 14 22
6 8 12
19 21 9
17 20 20
0 2 25
23 2 15
21 0 32
12 15 4
3 5 7
7 9 15
13 15 29
12 14 35
7 10 6
0 3 34
11 14 15
14 15 27
14 17 35
19 20 5
1 5 13
7 8 10
0 2 16
16 20 6
20 22 4
20 0 14
0 2 4
20 0 28
7 11 17
9 10 15
13 17 15
23 2 11
10 15 32
13 15 4
4 7 8
0 5 10
15 17 2
17 19 35
5 6 23
19 21 19
8 10 3
9 12 10
15 18 33
19 21 11
0 2 26
8 9 6
16 18 30
2 5 33
14 16 13
3 6 8
3 7 24
2 5 13
23 3 19
12 15 6
20 0 15
19 0 1
8 12 23
2 4 10
3 6 26
12 15 25
23 2 25
3 6 22
10 14 28
2 5 17
9 11 29
19 22 15
17 19 17
18 21 30
10 13 28
7 9 20
7 8 4
7 12 9
9 10 32
0 2 14
21 22 14
5 8 7
8 11 9
4 9 4
16 19 11
19 22 5
13 15 35
21 23 34
17 18 4
15 17 26
11 14 4
23 3 15
16 20 1
0 2 3
16 19 33
10 13 12
8 11 24
6 8 23
8 11 10
23 3 30
12 16 23
6 9 24
6 10 3
19 21 11
7 10 17
14 17 20
12 16 24
13 15 10
3 7 17
6 9 5
14 17 12
1 4 29
14 17 19
12 16 13
17 20 26
14 16 28
4 7 33
19 21 26
22 2 10
6 8 35
18 20 32
8 12 6
20 1 30
6 9 1
21 23 34
4 8 31
4 7 16
8 10 11
9 12 7
15 19 4
5 8 7
1 4 2
6 9 1
7 11 30
23 3 32
14 16 23
21 0 11
21 0 12
1 4 2
2 5 34
15 19 7
10 14 17
10 14 9
12 15 10
11 13 33
23 3 6
6 8 24
1 5 25
9 12 30
17 20 25
16 19 14
17 20 23
8 9 30
19 22 10
8 12 9
8 12 19
10 14 22
5 8 29
21 23 4
9 11 34
22 2 12
15 16 7
13 16 24
7 11 8
15 17 14
4 8 35
8 10 2
13 17 16
2 6 1
21 22 3
15 17 19
3 7 30
12 18 12
7 9 8
18 21 7
9 13 4
17 20 7
4 6 5
6 8 26
14 17 8
20 1 1
11 12 19
19 23 1
7 10 27
0 2 20
7 9 2
19 22 5
4 6 17
0 0 3
2 4 26
6 10 5
15 18 9
21 1 26
5 6 26
4 8 17
23 2 19
4 6 26
8 9 7
23 1 30
14 18 26
23 3 33
7 10 5
21 0 17
19 1 5
21 0 20
7 9 10
22 1 10
16 19 9
5 8 4
8 10 6
0 1 1
2 5 22
1 4 24
4 6 14
5 9 27
8 12 2
20 23 2
19 21 29
5 7 22
4 9 27
2 6 21
14 16 31
15 18 31
3 5 8
2 5 12
16 19 4
3 6 17
19 21 17
3 6 16
12 16 24
20 23 6
0 3 25
12 16 12
16 20 26
19 22 11
22 2 26
15 17 28
22 1 28
19 0 11
1 1 34
18 23 27
22 23 27
5 6 34
20 0 34
2 5 16
16 18 34
3 6 6
20 0 25
12 14 20
21 0 7
1 3 14
18 21 11
8 10 26
20 23 13
7 11 16
4 6 9
7 11 29
7 11 2
12 15 4
0 2 27
11 14 1
8 10 34
5 8 30
15 18 17
13 15 12
12 14 15
12 16 21
16 21 34
3 7 30
21 23 3
20 23 5
15 17 3
12 16 15
18 21 2
17 18 2
8 10 17
21 1 10
0 4 20
20 23 35
21 2 23
2 5 7
16 20 29
22 2 31
15 18 8
13 16 26
1 3 11
5 9 33
20 22 21
22 0 31
1 4 34
22 1 32
14 16 12
11 14 27
19 21 33
1 3 25
7 10 9
21 1 24
4 8 31
14 16 2
7 10 35
0 4 10
6 8 30
2 5 16
5 7 3
8 12 25
6 10 7
2 6 15
11 14 25
21 0 4
6 9 5
11 16 22
19 23 27
14 17 24
4 8 27
14 17 21
19 22 19
17 20 27
19 23 27
4 7 29
20 0 20
19 21 19
13 18 28
5 8 28
1 2 11
1 3 29
0 5 23
7 11 8
13 18 28
21 0 25
19 22 9
1 4 26
13 15 21
12 15 3
20 23 14
3 7 8
17 19 5
9 11 32
0 3 25
5 8 31
13 16 14
5 7 10
23 2 25
23 3 9
12 14 1
3 5 20
16 20 26
18 20 13
11 15 23
3 6 17
4 7 31
22 0 4
22 3 14
16 18 7
13 15 19
9 13 23
12 15 24
23 1 20
14 15 14
22 0 30
14 16 17
19 22 12
4 9 30
23 3 14
16 21 8
10 13 18
17 17 21
23 0 3
7 9 17
12 14 35
6 7 24
18 19 4
9 12 9
20 21 25
13 14 17
14 17 26
4 7 21
7 11 5
21 1 11
17 21 34
23 2 31
8 12 7
17 18 18
17 19 34
6 9 3
7 11 27
4 6 29
22 22 24
23 1 7
4 7 31
23 4 26
6 10 24
21 2 25
21 1 31
7 11 19
11 16 10
6 7 34
21 0 13
22 1 7
5 8 30
1 3 3
3 4 22
9 11 25
5 9 5
23 3 33
17 21 3
6 10 12
3 4 18
7 11 34
2 6 10
12 15 5
15 19 18
9 13 13
10 12 11
8 12 18
4 7 1
13 16 14
19 22 15
16 19 31
15 19 11
19 22 32
14 16 16
23 23 32
12 15 20
20 23 30
6 9 35
21 22 23
12 16 20
17 19 4
19 21 20
18 21 13
5 10 35
16 18 7
11 14 13
7 11 6
9 12 29
12 15 13
19 21 17
0 1 7
14 17 11
21 1 4
0 3 12
4 9 19
4 9 27
20 23 34
16 19 33
17 19 20
8 11 16
13 18 7
12 13 27
15 18 33
21 0 15
22 2 19
18 20 7
13 15 6
3 5 22
11 12 32
2 6 9
12 14 28
14 18 12
10 13 31
19 21 15
16 20 34
22 2 11
22 1 9
19 22 11
13 16 34
20 23 15
19 22 6
1 2 35
11 13 2
8 10 32
7 10 20
0 3 8
11 14 7
19 22 13
2 6 10
8 13 31
23 2 31
23 1 30
7 8 21
12 16 29
22 0 22
2 6 3
3 6 21
5 7 5
3 5 14
18 19 14
2 6 11
2 5 1
16 18 9
18 19 7
14 16 9
11 15 5
4 5 30
10 13 22
5 9 14
12 13 17
22 2 2
13 16 33
3 8 20
19 22 4
20 23 19
20 1 22
16 19 4
19 22 35
22 0 3
10 13 2
18 21 25
3 6 16
9 11 24
19 21 16
7 10 12
2 2 8
1 5 20
3 7 32
8 12 31
2 6 28
0 4 9
17 19 33
11 14 18
21 0 3
6 9 35
10 13 35
1 3 20
9 12 21
6 10 14
5 7 13
21 2 19
6 10 12
9 12 7
2 5 7
2 6 28
10 12 32
7 11 31
22 1 35
22 0 26
4 7 4
2 6 15
3 5 5
3 6 16
20 22 18
8 10 20
23 1 24
17 19 34
20 22 5
2 4 33
13 15 4
3 7 12
6 9 2
14 17 7
0 6 23
11 14 7
22 0 10
11 14 30
3 5 15
4 8 19
0 2 20
18 19 4
16 20 15
13 16 7
7 11 35
19 0 11
13 16 3
17 19 5
2 5 9
2 6 29
14 17 27
0 3 16
8 11 12
20 23 31
1 6 3
8 13 18
21 0 32
3 6 21
19 0 25
0 3 17
17 19 27
18 22 30
12 16 19
23 3 9
6 9 20
1 4 17
4 7 10
4 8 13
1 2 4
22 2 25
1 4 8
21 2 1
3 4 9
1 5 4
9 13 22
2 6 2
6 8 28
1 3 30
14 19 14
9 13 34
15 17 7
8 12 10
3 6 10
12 16 33
17 19 31
6 9 23
16 19 12
17 21 17
18 20 30
5 8 22
0 3 31
7 10 2
1 3 29
0 4 5
23 3 3
14 17 2
5 9 29
17 20 25
12 14 27
14 18 12
8 12 21
20 0 1
13 14 4
17 20 1
15 17 21
4 6 9
14 15 2
14 16 12
14 16 33
13 17 24
2 5 24
5 9 7
22 2 28
14 16 34
23 2 2
10 13 34
21 1 17
3 9 8
1 3 35
20 22 26
15 18 8
14 16 24
5 8 22
6 8 9
17 21 10
10 13 20
5 9 24
8 12 11
12 14 29
21 1 22
12 15 33
2 5 33
9 14 27
6 8 15
15 18 24
0 4 1
14 17 1
3 5 18
4 6 8
12 14 30
19 22 19
23 4 26
21 21 31
3 5 6
6 10 26
4 7 5
4 8 7
3 6 29
16 18 19
2 4 28
22 0 28
3 6 2
21 2 2
15 18 21
11 15 33
10 15 29
9 11 2
6 9 27
10 12 28
1 4 1
12 14 22
9 13 20
15 16 23
10 14 30
7 9 31
23 2 25
0 3 18
8 13 6
4 8 8
4 6 19
22 1 20
4 7 10
23 4 34
20 0 34
4 9 10
7 9 16
12 16 13
21 1 12
10 13 18
4 5 35
15 18 24
14 17 19
18 21 35
22 2 7
13 16 28
2 4 7
13 15 3
10 14 9
5 6 19
4 5 18
3 6 25
4 7 28
13 16 24
1 5 27
2 4 25
7 10 29
20 1 3
1 3 7
18 21 8
12 14 27
4 8 28
14 17 9
19 22 21
9 13 24
23 2 20
20 22 15
9 13 5
19 21 30
9 12 5
23 2 9
6 9 30
9 12 10
23 1 27
5 6 19
5 10 24
7 8 27
14 17 10
12 15 4
14 16 8
2 8 13
2 6 17
20 22 32
1 5 34
5 9 2
21 23 14
16 18 13
10 14 30
17 21 5
14 18 14
8 11 14
21 1 31
16 19 21
14 15 26
12 14 20
12 14 14
0 3 14
1 4 31
15 18 29
7 9 24
11 16 6
0 3 14
7 10 1
2 6 31
9 13 27
14 16 24
7 10 29
14 15 20
5 8 9
1 3 5
23 5 13
5 9 26
11 15 16
17 21 28
0 2 10
23 3 2
10 14 30
8 12 31
1 5 15
9 11 31
19 23 32
3 6 19
16 20 22
6 8 8
9 12 21
19 21 27
15 17 24
22 1 6
21 0 5
10 12 11
16 20 28
19 21 8
1 5 35
8 10 10
8 10 5
8 12 23
9 10 30
3 8 16
1 4 34
1 3 25
13 14 35
13 14 23
21 0 18
23 2 25
14 18 9
0 6 29
17 20 24
9 13 12
14 19 34
23 3 9
10 14 18
14 16 4
20 22 7
16 19 31
23 0 22
3 7 9
4 5 2
10 13 8
5 8 5
21 0 17
22 0 16
0 3 7
11 14 34
22 2 10
7 9 7
3 6 3
15 19 14
21 0 22
13 15 31
7 10 15
19 0 5
13 16 20
17 19 11
10 13 30
1 4 30
12 14 11
1 4 32
22 23 29
22 0 25
13 15 9
2 5 11
4 7 34
0 3 12
14 18 32
8 11 31
16 19 24
1 4 10
16 18 13
15 19 14
23 3 21
20 1 21
9 12 15
21 0 18
19 22 24
3 7 6
12 15 18
0 3 9
16 19 8
8 11 28
3 6 3
8 10 14
7 11 30
3 4 35
0 4 13
5 8 12
16 18 22
14 16 32
2 4 19
3 6 26
13 16 32
15 18 9
16 19 22
22 1 26
19 21 19
1 4 7
20 23 28
16 20 9
4 6 3
0 3 23
1 3 3
12 14 8
9 13 8
22 0 30
15 18 2
9 12 26
12 16 3
17 21 5
16 20 9
11 15 22
3 7 22
19 23 13
6 10 5
10 13 11
6 8 17
6 8 18
6 10 20
18 20 22
23 1 17
23 4 11
22 3 12
19 20 30
6 9 19
22 1 5
20 0 28
3 5 7
18 19 29
19 21 21
4 8 8
17 22 4
10 13 21
13 17 21
0 3 26
14 17 17
9 11 26
9 13 33
9 14 30
12 15 34
6 9 10
1 5 19
9 14 29
8 12 35
13 16 21
1 4 23
6 9 28
3 6 13
2 5 15
20 23 18
4 6 32
10 13 23
9 12 13
19 22 21
9 13 9
15 17 35
4 8 16
15 17 26
1 4 21
10 12 7
15 18 33
20 0 8
15 18 29
22 2 16
22 0 16
13 16 8
5 6 33
9 11 15
6 9 25
0 4 19
14 17 26
7 9 8
2 6 14
6 9 10
19 0 20
18 21 30
4 7 12
2 5 7
1 4 9
0 4 28
11 12 24
22 0 25
20 22 17
5 9 19
0 2 7
18 21 13
16 17 1
16 19 21
14 17 13
12 16 4
16 20 21
10 12 18
23 2 14
19 22 12
9 12 9
12 13 23
21 0 35
20 23 33
20 1 28
22 22 10
17 18 10
21 0 33
18 20 5
4 8 30
17 19 6
8 11 6
15 19 31
1 5 3
10 13 28
4 7 2
17 20 32
22 3 29
22 1 27
6 8 4
15 17 27
10 13 8
12 14 16
17 19 8
6 9 25
4 7 8
16 19 2
10 12 10
9 12 21
19 23 16
6 10 10
11 12 17
8 10 4
3 6 2
16 20 19
13 18 5
7 9 5
22 1 25
6 9 16
12 14 1
11 14 13
19 22 35
1 4 23
21 1 22
23 1 23
3 7 31
11 14 5
10 13 25
11 14 3
4 7 19
23 1 34
11 13 22
19 22 4
9 13 17
18 21 34
23 3 25
10 14 26
19 23 20
2 5 11
23 2 1
21 1 1
10 14 2
5 6 5
0 2 4
11 12 31
19 0 16
5 7 13
14 18 15
3 6 4
4 7 4
20 0 34
10 11 2
9 11 11
2 6 32
0 3 25
6 7 5
13 16 2
4 8 12
22 3 5
1 4 26
1 4 23
5 7 17
23 1 35
7 11 3
19 23 10
12 15 33
3 7 3
4 7 5
2 5 21
7 10 32
11 14 1
18 20 23
9 13 20
6 7 33
18 20 7
9 13 3
22 0 4
19 22 32
16 17 33
0 3 8
3 5 8
8 12 31
1 6 6
0 3 9
3 6 8
20 22 31
16 20 20
17 20 31
19 22 18
12 17 23
22 2 14
18 22 19
19 0 34
18 22 5
3 7 24
11 13 27
14 18 22
13 16 18
16 17 14
20 23 6
12 14 14
5 8 9
4 5 15
6 8 19
23 2 30
9 13 20
13 18 9
2 6 22
16 19 13
21 23 11
15 18 4
19 21 21
21 1 26
23 3 5
19 21 27
15 19 7
20 0 9
8 9 31
16 18 12
23 2 17
14 17 8
19 21 34
21 0 16
14 17 28
4 7 31
16 18 19
5 8 33
17 20 27
0 1 16
2 4 1
17 19 8
15 17 14
16 19 6
3 7 32
17 19 19
12 16 34
13 18 35
12 14 6
18 19 8
15 18 16
19 22 23
13 15 14
15 18 20
10 12 3
12 16 13
5 9 6
7 9 25
18 22 24
11 14 28
4 8 26
19 22 15
4 6 35
10 13 26
1 2 26
8 12 16
11 16 32
17 20 24
7 9 27
8 10 25
15 18 32
4 5 32
21 1 9
15 19 18
12 15 33
1 4 1
9 11 16
19 21 14
11 14 21
4 6 13
9 11 5
1 6 2
13 16 21
5 7 4
1 4 11
6 10 5
21 1 7
9 12 15
5 10 32
22 23 19
10 14 24
2 4 11
19 22 29
8 11 1
16 19 12
9 13 6
5 8 13
17 21 2
7 10 27
14 15 2
4 6 4
8 11 29
7 8 29
9 11 5
2 5 3
1 4 23
14 17 22
21 0 16
15 18 24
10 12 12
8 9 18
7 10 2
21 22 28
9 14 12
11 15 18
23 3 4
14 18 8
17 20 17
3 7 32
18 22 35
17 21 17
19 22 7
0 4 28
17 20 23
11 14 7
9 11 33
7 11 21
23 4 8
18 22 28
22 0 19
22 1 4
21 23 23
16 20 19
7 9 8
15 19 22
6 8 3
20 21 18
4 6 2
11 15 20
14 19 24
3 5 7
2 5 13
10 13 32
2 5 21
21 0 17
14 17 15
6 9 9
16 20 18
13 15 15
19 21 2
17 20 1
19 20 21
21 0 26
3 6 32
3 5 7
7 10 32
2 4 17
4 7 23
4 5 10
12 14 17
17 20 22
11 12 12
0 3 32
20 23 10
12 15 5
16 19 25
19 23 15
13 14 33
6 7 16
20 23 17
9 12 18
13 15 3
11 12 15
7 12 10
5 9 27
9 12 34
2 5 5
15 18 10
19 23 33
5 8 20
4 5 20
6 8 32
3 4 13
0 4 15
22 0 27
21 23 24
8 13 11
0 3 6
20 23 23
15 18 16
6 8 9
5 7 7
23 1 21
0 2 26
7 9 2
2 6 9
8 10 8
18 23 33
16 18 9
8 12 10
13 16 29
7 11 30
16 18 25
20 0 24
18 22 27
7 10 19
0 3 25
11 16 6
5 7 14
14 19 11
21 23 20
15 18 11
2 5 11
20 21 2
20 22 27
21 0 16
2 5 25
22 0 14
2 5 13
23 1 8
17 19 28
5 8 29
19 22 32
0 3 20
6 9 31
21 0 35
20 22 19
16 20 15
14 17 26
7 9 31
18 20 4
23 1 13
8 9 29
22 2 34
7 11 30
9 12 34
20 21 17
22 4 32
7 11 17
12 15 25
2 6 20
21 1 14
14 17 31
20 22 35
23 1 29
20 0 35
19 22 35
11 14 22
11 12 20
16 18 24
4 6 30
15 17 11
18 21 17
10 12 23
14 18 30
0 3 10
13 16 27
18 21 1
13 14 20
12 17 31
12 15 5
10 13 22
13 16 1
16 18 25
19 22 33
22 1 32
4 6 26
3 6 3
22 0 6
17 19 21
6 8 19
16 21 25
6 8 25
23 2 11
5 8 20
4 8 18
8 11 27
18 21 23
13 16 8
11 13 5
19 20 33
3 5 34
3 6 20
4 7 13
20 22 25
8 11 22
5 9 17
18 21 11
16 20 28
12 16 25
2 4 29
17 21 20
19 21 34
6 9 14
16 19 11
18 20 2
17 19 12
7 10 3
4 8 20
1 3 25
10 13 1
22 1 33
4 7 9
0 2 23
5 7 28
2 5 10
21 2 35
2 5 20
18 22 22
21 0 27
3 6 17
7 10 23
7 8 14
9 13 19
11 13 1
20 0 9
22 2 10
13 16 24
5 7 12
6 9 19
2 5 35
15 19 22
7 11 3
4 5 6
14 18 15
20 23 21
8 10 11
4 8 2
9 12 16
20 0 10
6 10 4
9 12 7
12 15 31
19 23 11
3 6 35
19 22 5
9 10 6
4 8 19
11 15 33
12 15 16
1 6 32
21 23 35
20 23 29
14 17 4
14 18 24
20 23 32
12 15 4
4 6 10
13 17 18
3 4 29
23 2 2
8 13 4
11 13 4
0 4 22
1 2 6
2 6 24
7 10 31
2 4 6
13 14 22
21 1 23
2 4 27
22 1 19
17 18 18
6 10 12
1 2 35
14 17 21
16 18 23
10 13 18
14 17 23
22 1 30
22 0 35
23 3 23
22 1 8
1 2 30
8 12 4
2 4 22
0 2 23
22 1 16
15 17 35
22 0 14
14 17 21
14 16 31
7 10 12
20 22 30
14 18 6
3 5 11
6 11 18
16 19 6
15 18 22
12 15 33
19 23 13
8 8 14
16 20 6
15 18 3
21 1 8
21 0 4
6 8 29
13 16 3
9 13 32
22 1 3
11 13 33
12 14 10
19 22 4
6 9 22
8 11 17
0 3 24
14 16 27
13 15 13
20 1 18
0 2 3
23 5 30
5 7 22
9 12 20
2 5 19
10 14 5
11 14 11
10 12 29
18 20 28
1 5 31
19 23 29
15 18 24
1 4 6
23 2 12
10 14 30
19 0 13
15 18 33
11 14 19
11 13 16
22 0 24
18 21 26
4 7 12
5 8 33
2 4 33
3 4 23
7 10 18
0 4 19
1 3 31
15 18 25
22 1 13
7 10 32
0 4 20
20 1 29
1 4 10
16 18 30
14 17 2
1 4 25
11 13 4
22 23 34
17 21 19
20 0 17
16 20 23
14 17 11
21 1 17
16 19 25
3 6 13
13 17 10
14 16 11
3 5 10
22 0 16
10 12 25
12 14 30
4 6 21
19 0 8
10 13 28
18 22 35
16 19 12
18 20 24
8 11 11
20 23 1
13 17 33
4 7 19
23 0 8
18 21 31
1 4 15
11 14 25
8 11 18
23 1 13
10 11 11
23 2 35
7 12 22
21 23 14
3 6 18
5 8 25
5 7 26
3 4 28
19 23 25
13 16 34
22 2 3
12 14 23
10 13 14
1 4 8
21 23 9
16 19 19
4 5 13
11 15 35
3 5 17
11 14 15
19 23 1
3 5 22
3 7 22
4 6 4
7 11 1
18 21 28
12 14 31
3 5 6
18 21 22
3 5 2
11 13 5
0 1 2
7 10 23
13 15 19
2 5 18
18 20 34
22 23 1
9 13 10
9 10 6
16 17 4
6 10 31
20 22 24
19 21 3
8 10 25
18 22 21
2 5 1
21 23 29
6 9 4
8 12 7
10 14 29
21 0 4
2 4 29
12 15 35
16 19 17
23 2 12
19 23 4
20 23 23
7 10 24
8 10 32
20 23 27
23 2 12
16 18 29
11 14 14
12 14 25
18 21 11
16 19 33
19 22 1
16 20 29
1 4 24
8 12 29
11 12 30
17 20 1
19 22 29
10 14 33
12 16 25
19 21 11
19 22 18
16 18 25
22 3 18
18 22 29
8 10 21
18 20 11
8 11 15
6 7 7
20 23 24
13 16 5
12 15 19
2 6 5
16 20 15
2 4 14
19 23 33
21 1 25
1 3 24
4 8 20
12 15 2
4 6 11
8 10 12
6 10 13
21 23 17
15 18 4
20 0 9
3 6 6
2 4 3
20 23 21
16 18 20
22 2 14
0 4 16
22 1 17
20 23 2
2 5 34
11 15 26
13 17 1
13 16 35
22 2 18
17 17 26
0 2 11
1 5 3
0 3 24
1 5 27
6 10 2
12 13 13
15 20 20
18 20 35
6 8 11
9 13 16
2 5 31
9 12 18
3 5 23
17 21 21
1 4 5
18 19 30
20 0 2
23 1 6
1 4 10
20 23 21
3 6 13
1 3 22
14 17 4
8 11 4
17 19 26
19 20 23
9 12 17
19 22 2
4 8 2
1 4 30
1 6 34
8 9 33
5 7 18
1 4 12
16 21 21
4 7 4
12 14 5
0 3 5
14 16 7
22 1 10
6 9 21
5 9 29
11 12 34
3 6 16
23 2 34
11 16 12
17 18 26
22 1 21
21 1 5
21 23 31
4 8 19
0 4 32
8 11 31
14 16 31
3 5 30
19 22 17
20 23 10
8 11 20
11 13 7
18 21 35
22 0 14
0 3 5
4 6 23
9 11 31
2 5 20
7 11 1
14 17 25
4 7 26
23 1 5
6 8 16
1 4 21
23 3 23
12 15 12
18 20 5
17 21 11
3 7 6
7 10 7
23 1 26
11 13 20
6 8 24
22 1 4
20 0 34
5 9 19
4 7 11
20 22 16
5 7 31
14 15 19
3 5 30
5 9 19
16 18 8
8 12 34
13 15 28
0 2 2
22 1 25
17 20 9
23 3 31
21 23 16
12 16 11
14 17 12
11 14 31
22 1 18
21 0 28
9 14 12
0 1 35
18 21 19
15 20 35
23 2 32
9 12 35
0 2 25
19 0 21
8 10 11
4 8 18
5 10 24
11 13 5
7 10 31
9 12 13
12 15 22
5 10 1
22 22 35
16 18 28
10 13 27
4 8 25
14 18 26
14 17 11
5 9 32
20 22 31
18 20 27
22 2 15
8 11 31
12 17 9
6 9 11
12 13 21
16 20 25
10 12 10
17 21 3
1 3 24
15 19 32
6 9 28
21 0 2
5 8 33
11 14 3
9 13 13
20 22 6
9 10 18
17 20 31
22 1 15
14 17 8
14 18 13
15 17 35
17 23 26
6 8 29
12 15 25
10 13 26
13 16 16
1 5 27
23 2 17
10 13 1
6 8 30
16 19 16
2 4 18
23 2 7
7 11 11
14 19 22
3 7 12
4 7 19
22 3 25
20 23 7
16 19 22
21 23 14
8 9 24
9 12 5
1 5 30
23 2 6
6 8 2
23 2 14
5 8 12
0 3 2
17 20 16
8 12 23
22 23 23
4 5 6
15 17 16
5 9 17
2 5 34
11 13 23
7 10 24
10 12 8
4 5 10
19 20 21
9 12 32
3 7 14
14 16 17
5 11 4
0 3 8
13 16 26
18 22 24
9 12 29
21 23 14
18 22 15
3 6 11
8 10 10
23 4 13
17 19 25
2 6 20
7 8 28
5 9 16
1 5 7
17 19 33
3 6 19
21 1 17
17 20 31
10 13 20
10 13 12
23 2 27
7 10 31
22 1 6
23 0 34
7 11 29
4 8 4
5 9 30
7 11 14
22 2 1
8 12 16
2 6 30
22 1 24
21 0 34
20 23 29
9 13 25
15 17 18
6 9 31
10 12 16
0 3 14
18 20 9
19 22 3
22 1 25
9 12 3
6 7 6
11 14 7
13 18 13
3 4 22
20 0 25
17 20 18
7 12 30
8 9 23
6 9 4
10 13 4
21 0 12
4 8 11
7 11 8
9 11 12
16 18 12
9 13 31
0 5 35
18 21 13
19 22 18
8 12 32
4 7 7
5 7 12
12 15 21
22 2 16
2 4 10
3 7 6
17 19 3
2 4 24
19 23 20
23 2 2
22 2 14
15 18 17
8 10 4
12 16 7
14 19 13
0 4 11
10 12 20
7 9 19
5 6 26
19 22 29
0 3 15
9 13 33
17 20 21
16 19 26
16 18 9
21 0 14
13 16 3
23 2 20
13 16 15
23 0 16
13 16 9
21 0 31
0 4 33
0 4 19
0 3 5
12 16 21
4 8 30
3 5 1
16 18 11
3 7 24
22 1 1
0 3 1
9 12 31
14 17 27
22 0 23
20 0 24
5 7 30
19 23 7
19 22 19
20 23 1
14 16 4
23 3 21
21 0 4
23 3 31
4 8 33
12 15 35
2 4 8
21 0 12
2 4 7
12 17 14
10 13 6
14 17 28
13 18 32
21 23 12
7 9 17
6 9 12
13 18 10
17 19 19
20 22 15
18 20 15
0 3 10
11 11 31
18 23 3
12 15 32
8 10 9
10 12 16
4 9 13
1 4 30
7 11 13
20 23 21
21 0 29
3 7 13
17 20 23
0 4 31
14 18 35
8 10 31
20 23 10
9 12 28
2 5 9
8 12 30
10 13 31
10 12 25
7 12 20
9 13 6
23 2 20
13 17 31
8 11 9
14 16 11
12 16 35
4 7 30
4 7 5
14 17 6
18 23 25
11 15 18
17 19 31
12 16 27
8 12 11
12 16 15
4 5 28
4 9 5
12 16 17
22 1 22
17 19 19
5 8 2
18 21 26
7 10 22
10 13 20
7 9 1
18 19 1
18 22 10
10 13 4
21 22 22
10 15 1
20 22 9
19 23 23
15 18 16
14 16 30
8 11 22
3 7 15
6 9 27
7 11 27
5 7 23
6 10 13
3 6 29
22 0 9
19 23 7
8 11 22
18 20 28
2 5 11
15 16 25
16 18 26
5 8 28
17 19 6
14 16 6
21 0 15
4 8 20
18 22 27
17 20 8
15 18 19
15 18 21
17 21 30
20 23 30
19 22 16
10 13 4
19 23 30
19 22 8
22 2 22
6 10 15
11 14 4
8 12 1
2 5 29
4 6 25
18 20 20
20 0 16
9 11 19
6 9 28
16 19 32
14 18 31
22 2 18
12 15 32
23 3 32
2 3 8
11 14 7
18 19 30
18 22 12
17 18 9
2 5 26
22 1 6
5 7 30
16 19 1
7 9 25
0 5 24
21 1 2
9 14 19
3 4 12
20 22 29
3 5 14
2 5 15
9 13 31
17 21 19
22 0 9
1 3 24
23 2 29
15 19 9
23 2 33
22 0 3
11 14 22
0 3 25
8 11 20
6 9 15
16 21 10
14 15 32
16 19 7
18 20 9
3 6 29
6 10 7
12 16 33
19 23 35
12 15 4
12 15 9
23 4 27
8 12 26
4 5 30
8 11 31
1 2 2
11 12 5
5 7 9
0 2 12
7 10 11
12 12 1
13 16 34
21 1 1
17 21 10
9 11 23
1 3 28
8 12 31
17 22 35
20 0 11
11 16 13
11 12 17
22 1 23
18 22 16
19 21 26
8 9 10
11 15 15
7 11 32
4 6 7
9 11 35
1 4 27
9 11 13
14 17 22
12 16 23
9 12 6
19 23 19
13 17 27
10 15 33
18 20 23
9 12 6
3 4 11
11 14 5
12 15 34
23 1 15
11 13 29
22 1 13
2 7 20
6 8 22
16 20 25
15 17 2
20 0 5
3 7 13
6 10 29
3 5 13
5 9 25
18 22 11
17 22 32
14 17 14
10 13 21
8 12 7
0 3 32
2 5 1
5 8 22
18 20 24
8 11 2
2 4 24
13 16 21
8 10 18
9 14 21
6 9 10
5 7 27
16 19 5
10 11 17
8 11 20
13 17 31
4 7 21
6 8 20
19 21 26
4 7 13
4 7 33
19 22 2
14 17 17
13 16 9
16 20 12
21 0 4
14 18 16
1 4 22
19 22 12
1 4 23
9 12 34
0 3 29
14 17 18
9 12 20
4 6 1
8 14 29
20 0 20
7 10 5
7 11 6
14 16 35
10 12 9
4 7 14
13 16 30
11 14 24
7 12 9
16 20 19
4 7 2
21 2 32
8 12 15
0 4 21
21 0 10
21 0 2
7 10 30
11 13 4
3 6 12
11 15 20
19 23 12
20 22 5
7 8 3
2 4 6
21 2 17
12 16 35
8 10 2
13 16 14
19 21 2
9 11 1
23 3 24
23 1 13
17 22 5
12 14 20
14 20 22
1 5 12
19 23 31
0 2 17
21 0 24
19 0 33
12 13 14
22 2 13
15 16 19
14 16 4
3 8 30
2 5 13
12 15 7
14 19 21
19 21 28
15 18 5
16 21 26
2 5 25
8 11 2
20 22 23
10 13 19
1 2 2
6 9 28
12 15 7
13 17 12
15 17 22
17 21 17
20 23 29
18 21 20
15 18 18
1 4 22
7 10 35
15 18 13
14 17 31
14 17 23
2 5 21
18 22 18
5 7 19
16 18 16
8 10 4
5 8 31
23 1 21
16 19 25
12 14 2
3 8 35
21 1 5
15 18 6
20 0 15
4 7 26
3 5 1
16 21 11
5 8 25
10 14 28
13 16 23
21 23 18
14 16 28
14 19 10
20 0 12
22 1 7
5 7 8
1 6 19
3 7 24
5 11 19
23 2 20
14 16 25
17 20 3
5 9 31
21 0 28
8 11 8
16 17 5
4 7 7
10 14 18
4 7 33
22 0 34
5 8 3
2 6 32
17 20 25
21 1 8
10 13 19
23 3 6
13 16 26
9 11 1
9 12 8
2 5 24
5 9 23
15 19 5
15 17 16
23 2 10
21 1 28
11 15 14
23 3 32
20 0 32
7 11 15
7 12 18
0 3 8
10 13 26
8 12 1
23 2 7
2 5 12
8 11 7
21 1 11
4 7 14
22 0 30
11 13 6
21 23 9
4 7 19
13 16 4
21 22 9
0 4 3
21 23 20
3 5 19
16 20 17
17 21 34
16 19 22
13 16 6
10 12 29
8 10 17
22 1 3
0 2 5
0 4 17
9 13 3
0 3 34
20 23 28
22 0 10
23 2 13
14 18 2
21 23 30
9 12 28
20 23 5
7 10 1
15 17 28
6 10 13
7 9 18
9 13 3
15 19 2
13 19 19
23 1 4
5 9 34
0 3 25
6 9 34
2 4 20
13 15 13
5 9 11
12 14 30
12 15 21
13 16 33
8 12 14
6 9 19
16 18 6
8 12 33
17 20 19
3 6 7
1 5 24
21 2 28
1 4 4
19 21 21
13 15 22
14 17 27
3 4 10
10 13 22
7 10 20
19 22 19
12 15 2
23 2 12
12 17 17
4 7 23
21 23 7
22 1 11
3 7 1
9 12 5
17 17 27
3 6 27
16 16 15
13 17 25
7 10 30
0 4 7
21 1 34
14 17 4
0 3 9
4 5 5
7 9 24
4 6 17
9 12 1
6 10 12
9 12 12
10 14 9
11 13 8
21 0 18
22 1 8
3 6 26
11 14 5
9 13 34
2 4 6
4 7 10
0 1 11
20 0 11
23 2 2
1 3 16
23 2 19
20 21 20
9 12 27
18 20 30
14 16 11
3 8 2
9 12 28
12 15 2
7 8 27
5 8 26
15 17 12
6 9 2
1 5 34
7 10 4
10 14 31
6 9 13
19 23 16
0 2 15
22 0 2
14 18 12
4 7 10
16 20 25
2 5 24
14 16 2
17 19 31
4 7 20
2 3 30
14 17 1
22 4 16
0 1 21
6 9 25
1 4 24
3 6 21
23 5 15
1 4 2
15 19 19
8 9 19
2 4 26
17 21 22
10 11 19
21 23 27
9 12 32
16 20 34
19 22 13
4 7 3
16 19 5
5 9 1
5 8 28
8 9 23
7 10 21
3 7 27
10 13 17
12 14 29
3 6 31
1 5 19
22 0 34
18 22 2
14 17 4
20 22 32
20 23 21
1 4 9
23 1 17
11 13 5
5 9 33
7 10 28
14 18 29
6 8 28
20 21 33
12 17 6
7 10 5
4 10 16
18 22 20
2 5 28
21 23 9
20 22 17
10 12 22
13 17 16
20 22 10
4 8 28
5 6 7
4 6 8
18 21 12
20 23 15
0 4 21
6 9 25
18 20 17
0 3 33
23 1 12
10 12 23
6 7 28
0 3 25
23 2 4
19 22 33
10 14 21
0 3 15
9 12 5
15 19 21
13 15 32
9 12 22
21 23 7
19 21 18
1 4 1
18 19 11
4 6 8
10 14 9
0 4 16
10 13 34
18 22 27
16 18 10
14 18 28
4 8 8
16 19 16
10 13 9
20 0 21
0 4 35
20 0 25
20 23 7
4 5 33
14 18 27
19 20 28
18 20 3
4 6 20
11 14 30
8 11 32
21 0 12
17 21 23
1 5 10
20 23 11
3 8 10
16 18 33
20 21 4
8 12 12
14 16 2
16 18 34
9 13 1
9 11 13
5 7 29
0 5 22
22 1 18
2 5 17
23 1 29
1 5 29
15 19 2
11 14 24
3 8 29
18 20 13
8 13 12
19 21 24
15 19 27
6 9 10
0 3 1
12 14 34
4 8 18
3 6 8
15 20 12
7 9 4
22 0 34
8 11 18
10 11 17
21 0 18
23 0 27
16 20 31
4 6 6
3 6 27
10 12 4
15 18 11
22 23 7
22 2 10
21 22 35
9 12 30
12 16 16
13 13 25
1 5 12
8 11 4
9 11 28
21 23 30
10 13 14
22 0 11
18 21 12
9 11 3
9 12 13
1 5 11
9 10 1
16 20 10
4 7 27
14 16 16
13 17 9
16 20 17
12 15 28
8 13 18
1 4 13
17 19 29
17 19 25
22 3 6
2 5 1
16 18 35
20 23 18
5 8 25
14 17 8
17 21 12
20 0 26
4 7 31
9 11 26
3 3 35
20 23 33
9 12 24
11 14 19
5 9 26
23 3 20
8 9 12
19 22 3
1 4 18
18 21 8
14 17 26
1 4 21
23 2 11
23 3 23
8 12 30
15 17 29
9 12 5
11 14 35
3 8 1
5 8 26
2 4 8
6 10 17
18 22 32
14 17 34
0 4 26
22 2 12
17 20 32
18 22 1
4 5 35
7 9 20
10 12 33
7 12 24
14 16 29
18 20 29
14 19 5
23 2 23
3 7 11
4 8 17
18 22 34
13 16 28
17 20 15
22 1 6
6 8 15
4 9 35
2 5 10
11 15 13
4 6 15
19 22 33
17 20 16
12 15 22
6 9 1
20 1 5
7 9 28
20 22 30
15 19 24
18 21 8
21 23 16
8 10 10
4 6 29
10 12 11
2 5 35
18 20 9
18 19 32
19 23 19
15 19 1
3 6 31
14 15 32
17 17 32
17 19 5
7 10 3
16 18 17
17 19 17
17 20 13
6 9 27
11 13 4
15 18 18
23 1 6
4 9 31
14 17 11
11 13 5
7 10 15
5 8 7
13 17 30
14 16 12
7 9 3
15 19 1
16 19 35
5 8 9
7 12 32
9 11 27
6 10 23
0 2 16
18 22 19
2 5 31
8 13 27
12 16 4
17 19 24
13 18 10
11 14 23
12 15 13
11 15 20
1 5 23
7 11 21
16 19 19
8 10 1
9 12 6
11 15 35
19 21 17
22 1 4
14 18 14
19 21 33
3 6 7
16 20 30
10 13 34
21 1 32
11 16 31
8 12 22
18 21 5
23 4 14
23 2 35
10 14 30
6 11 2
11 15 30
1 4 33
18 22 10
21 0 34
14 19 29
18 21 16
22 4 19
5 8 10
0 4 10
18 20 33
15 19 10
13 15 32
18 21 10
4 6 14
1 5 27
14 19 12
12 14 26
23 1 13
10 14 16
8 11 24
11 14 2
3 5 12
20 22 2
7 10 15
14 18 34
19 21 17
14 18 18
8 10 6
14 18 24
9 13 8
10 12 34
15 19 19
20 23 19
3 7 3
21 2 13
10 13 30
3 7 16
3 6 12
9 12 25
23 1 7
23 1 22
9 11 28
18 20 28
6 8 27
20 22 34
22 0 1
23 2 11
21 1 32
16 20 1
12 16 5
6 10 12
8 13 28
17 22 30
17 21 1
21 23 16
14 17 24
13 17 1
12 16 26
18 23 26
18 20 20
0 4 30
23 2 9
9 11 3
4 7 7
5 8 8
21 2 31
21 2 30
9 12 7
2 3 4
2 6 11
5 8 22
16 22 35
17 20 9
20 0 5
5 7 34
15 19 19
21 23 29
16 20 23
20 0 19
2 6 33
13 16 6
9 11 34
23 2 22
18 20 14
0 3 9
21 0 22
5 9 28
10 12 16
6 7 14
3 7 4
5 10 5
9 13 16
19 22 19
23 2 16
20 22 20
20 22 15
5 9 31
16 19 27
9 14 9
7 11 17
3 6 11
12 14 4
19 21 30
17 19 22
19 23 18
11 15 13
0 3 21
8 12 20
12 14 19
20 0 13
4 8 13
15 19 34
9 11 14
15 17 9
7 9 17
17 20 6
0 3 32
11 14 1
16 20 14
15 20 26
20 23 25
4 7 17
16 20 26
3 7 8
4 8 33
12 14 20
9 12 26
17 21 10
3 6 34
16 17 16
18 22 29
8 11 28
4 7 23
9 12 3
7 10 15
19 22 11
21 23 24
11 13 34
20 22 10
2 5 19
0 3 18
9 13 35
19 22 6
18 19 17
2 4 6
12 14 19
17 20 24
21 0 24
7 11 8
21 23 8
4 7 27
15 18 29
17 20 22
0 4 28
5 7 21
2 5 9
8 10 35
2 6 21
5 11 16
12 14 4
14 16 34
19 22 16
21 0 12
15 18 32
8 12 28
8 13 34
11 15 3
23 1 34
1 6 7
16 19 18
19 22 11
13 16 35
12 17 14
16 20 27
16 19 19
5 10 15
18 20 35
17 22 23
0 3 1
16 19 17
8 11 35
10 12 33
7 10 29
11 13 15
10 13 11
20 21 10
6 9 34
21 23 9
15 18 13
12 15 16
18 21 15
2 4 13
5 8 10
17 21 8
18 22 28
0 4 19
0 2 5
6 10 34
9 12 1
15 18 26
13 17 5
3 7 25
9 12 5
20 21 31
11 13 17
10 13 14
3 5 4
6 7 10
13 16 1
19 23 15
0 3 29
17 20 24
15 17 8
11 15 14
5 9 32
11 16 29
19 0 34
19 22 5
16 18 19
23 1 25
12 14 16
9 12 1
19 23 21
10 14 14
2 6 21
21 0 31
13 17 24
12 14 26
11 14 8
21 1 9
16 18 28
14 15 12
0 2 6
10 12 12
16 20 11
23 1 4
0 4 2
9 12 16
7 9 7
17 20 7
22 3 3
8 12 12
8 12 1
14 16 12
8 11 6
14 17 15
11 13 35
19 21 22
2 5 19
2 6 12
17 21 2
20 23 11
21 0 18
13 17 25
22 1 28
7 11 23
2 4 25
11 13 6
14 16 4
9 11 24
9 11 25
19 23 10
9 11 11
1 5 31
17 19 23
8 11 14
17 20 12
2 5 25
2 4 22
6 10 26
2 5 31
18 21 28
5 8 20
20 22 27
16 19 23
17 21 31
9 12 20
11 15 7
18 22 20
1 3 4
7 10 21
15 18 16
4 8 11
11 14 7
12 14 1
2 6 12
7 10 10
20 0 14
9 10 21
5 9 3
4 7 26
6 8 3
7 10 27
19 22 23
7 11 13
13 16 4
3 5 35
12 15 31
8 12 2
21 1 21
23 2 5
12 15 9
15 19 22
22 1 24
16 19 20
13 15 6
21 23 4
23 4 13
2 4 34
23 2 29
2 5 6
20 23 25
21 0 34
14 18 35
16 19 27
6 9 8
7 9 17
21 1 2
13 15 2
5 9 4
18 21 28
17 20 11
9 12 26
0 3 6
15 17 13
15 18 9
13 14 33
12 15 28
11 13 26
22 2 27
1 4 1
18 22 24
20 22 26
5 7 18
22 2 23
10 13 18
1 5 25
4 8 18
4 7 32
19 20 24
20 0 30
0 2 4
20 23 11
23 1 29
0 2 6
21 23 4
22 23 16
0 4 24
13 16 13
19 21 24
10 12 30
2 5 16
5 8 12
9 12 8
18 21 35
15 17 16
21 1 3
6 9 32
12 15 34
4 7 20
15 19 27
7 9 16
15 18 9
4 6 18
10 13 6
21 1 7
19 21 12
6 10 14
12 15 15
20 23 12
8 11 24
19 23 22
12 15 19
20 23 2
6 8 22
9 10 2
12 15 34
6 8 1
10 14 10
7 10 16
1 4 6
14 18 9
11 12 32
8 11 4
12 17 10
6 10 30
2 4 4
13 16 6
10 12 3
14 16 16
20 23 12
0 3 1
20 22 25
23 2 4
8 13 32
7 11 7
17 18 29
14 17 22
0 3 5
8 12 18
11 14 2
11 14 11
8 10 31
6 9 35
15 17 27
12 17 9
23 2 22
8 11 5
5 9 10
20 23 35
22 0 25
14 18 35
22 2 20
6 11 16
13 17 33
5 10 7
20 23 28
9 12 18
10 14 33
9 12 3
20 21 1
1 5 16
21 23 19
9 11 14
20 0 20
17 20 5
19 20 8
14 18 23
13 17 9
13 15 14
18 21 19
10 15 10
15 19 27
11 16 34
19 21 28
2 4 30
21 1 16
10 12 28
1 4 30
10 12 17
10 13 25
22 0 3
15 17 25
15 19 31
21 23 35
23 3 10
0 6 8
22 3 22
14 17 35
3 6 20
12 15 27
3 7 22
0 3 15
10 11 2
20 23 28
11 13 9
5 8 27
13 14 32
7 11 4
22 1 6
8 12 30
13 16 6
17 20 24
12 15 30
21 1 33
16 17 9
20 23 26
12 13 19
14 17 12
6 10 6
20 23 13
17 18 27
15 19 27
8 11 9
4 8 31
12 14 14
5 9 26
13 15 11
11 14 15
10 13 6
1 4 9
13 16 30
12 14 6
11 13 12
14 18 23
20 23 28
13 16 13
18 20 18
10 11 21
0 3 19
13 15 26
19 21 24
7 10 34
18 20 9
22 2 16
16 17 14
21 22 24
3 6 18
2 3 9
0 3 18
17 20 34
6 8 2
4 7 8
11 12 31
11 14 4
4 7 15
16 18 27
21 0 29
6 9 9
4 8 6
21 1 28
0 1 33
21 23 34
21 1 27
18 21 4
18 20 25
5 9 18
5 9 7
18 22 15
3 5 10
4 8 24
12 14 1
5 7 1
21 1 18
11 14 15
4 9 18
9 11 30
3 4 15
12 13 33
2 3 17
8 11 27
21 0 1
8 13 30
22 1 35
15 19 28
15 18 1
10 12 21
3 6 6
10 12 2
7 10 27
9 13 9
3 6 22
19 22 6
2 6 13
9 12 14
5 9 2
1 3 22
18 22 11
12 15 12
6 8 26
5 7 22
20 22 3
12 15 11
0 4 28
13 16 29
12 15 22
14 16 20
2 5 2
9 12 33
20 23 6
1 4 19
20 23 29
10 13 31
8 10 29
4 7 30
4 8 10
22 1 1
9 11 29
18 21 10
20 0 11
17 19 13
3 6 18
7 10 35
7 10 25
16 18 1
6 11 29
10 14 8
6 9 10
9 14 22
20 0 33
8 11 21
0 2 30
12 15 35
9 12 30
8 11 15
16 20 22
11 15 23
4 6 23
3 6 4
13 15 28
20 1 32
16 19 34
7 10 25
11 12 4
13 15 19
3 6 22
8 11 21
8 11 27
12 18 20
21 23 10
20 23 17
14 18 6
8 13 9
0 1 14
5 7 26
17 19 8
1 3 14
8 11 1
7 10 21
14 18 25
17 20 20
10 12 24
18 21 27
3 8 4
11 14 8
7 9 29
15 18 29
7 9 4
10 13 23
10 13 26
22 1 15
22 1 6
6 10 31
21 0 32
21 1 5
12 15 25
17 20 18
10 13 30
13 15 21
7 9 32
23 4 23
8 12 2
19 23 26
2 4 8
19 20 6
7 10 1
20 1 12
15 17 29
17 21 21
9 12 10
9 14 9
14 16 9
9 10 1
20 23 6
21 23 33
14 19 23
6 11 27
23 5 29
8 11 6
23 2 4
7 10 24
2 4 26
11 17 22
22 3 22
6 8 16
19 23 31
11 16 12
12 17 2
15 18 1
1 5 2
7 11 32
17 21 29
17 19 24
23 3 2
7 11 28
17 19 15
15 20 21
17 20 29
13 17 34
21 0 22
9 11 15
18 22 8
11 15 22
9 10 19
3 6 27
0 2 10
17 18 3
23 2 17
7 11 13
18 21 14
21 1 27
20 23 15
19 23 18
20 0 30
13 17 26
2 6 18
7 10 4
7 11 30
7 10 27
23 0 1
20 22 15
2 5 18
2 5 28
19 0 11
18 22 14
2 7 24
5 8 26
18 22 29
9 12 7
22 2 32
2 3 1
12 15 16
18 21 24
10 13 30
10 12 3
20 23 31
5 8 22
4 7 24
19 21 28
10 12 4
10 12 24
19 23 29
1 3 2
23 1 20
3 5 21
9 12 30
4 7 32
10 11 20
3 7 11
16 18 34
13 16 4
3 6 16
0 3 32
17 19 29
3 3 9
14 17 22
10 14 20
21 0 7
10 13 5
10 13 24
20 0 34
15 17 12
22 23 31
16 19 5
6 11 7
2 5 21
4 8 15
5 8 13
4 6 12
9 11 27
1 2 21
5 7 2
2 4 33
2 6 21
21 0 35
0 4 5
12 15 11
23 1 31
4 7 28
10 12 4
10 12 17
12 13 4
18 20 14
13 18 33
0 2 16
3 5 7
14 18 19
15 18 29
3 5 19
13 16 1
12 17 20
14 17 19
4 7 24
11 15 34
18 22 29
23 1 19
23 2 19
3 8 12
1 5 6
23 2 31
0 4 15
23 1 2
5 10 31
21 1 32
1 2 13
8 10 11
20 23 25
0 2 14
15 18 31
7 10 12
3 5 7
20 22 6
4 7 12
16 20 35
16 19 20
10 11 20
22 3 31
3 6 33
0 2 18
15 18 34
11 14 12
5 7 24
21 0 7
11 13 9
18 21 13
8 11 24
23 1 35
11 12 10
11 14 22
21 0 29
19 22 31
19 20 7
5 8 15
12 15 17
13 17 4
1 3 3
7 12 5
19 0 15
15 19 20
22 0 33
2 5 24
14 17 2
17 19 28
9 12 30
6 9 35
14 19 14
5 8 29
3 6 27
22 0 16
18 19 21
9 11 31
22 1 27
20 23 22
18 21 13
8 10 22
9 12 3
6 8 2
8 12 4
10 13 14
23 3 1
20 23 10
18 20 16
4 8 21
15 19 9
21 0 14
4 9 32
21 0 18
10 11 17
23 2 14
7 10 26
3 5 20
21 23 19
15 19 33
19 20 27
9 13 9
12 13 17
14 19 14
22 2 21
0 3 10
15 19 21
4 8 7
11 13 24
19 21 3
6 8 18
23 3 28
14 16 17
17 22 17
5 7 11
2 5 30
4 8 10
18 20 35
8 11 21
7 10 30
10 14 24
6 9 7
2 4 17
15 17 28
8 12 24
15 19 21
20 22 8
22 1 24
19 21 18
23 0 28
17 21 4
7 12 29
5 7 26
16 18 34
7 11 19
9 11 5
5 7 31
20 22 1
7 10 22
19 21 29
11 15 24
1 4 11
4 7 24
4 6 8
15 18 35
20 21 10
7 10 5
21 23 17
11 12 3
7 10 33
20 23 16
13 16 27
21 0 21
7 12 7
1 3 29
10 12 3
7 9 33
13 16 24
7 10 25
5 8 29
18 22 9
18 20 6
14 19 30
10 13 3
4 7 26
11 14 29
6 9 10
0 2 16
16 19 13
20 22 24
1 5 30
17 21 27
13 15 9
14 16 11
3 7 29
1 5 5
8 11 26
1 4 7
5 9 30
2 5 15
5 8 16
20 0 21
12 16 29
15 18 27
13 16 20
19 20 23
23 0 32
2 7 3
1 5 16
12 14 4
14 17 24
11 13 26
23 3 22
10 14 20
18 21 23
8 11 7
15 19 29
20 23 29
23 2 9
3 4 2
11 14 28
3 7 28
1 3 11
3 5 27
3 7 7
14 15 8
14 17 13
8 11 10
6 10 25
14 17 21
16 19 28
17 19 34
0 3 26
9 11 4
15 17 21
11 13 26
9 12 7
7 11 17
21 1 9
22 2 1
12 15 9
13 17 11
12 16 25
17 21 4
7 10 4
2 6 3
14 16 13
13 16 12
2 5 27
4 6 16
2 5 21
20 22 6
20 0 12
20 22 7
4 6 23
12 14 5
9 12 4
23 3 21
5 7 19
2 6 32
10 14 35
10 12 25
23 4 3
15 17 8
0 2 15
16 16 25
2 6 26
23 1 25
14 16 19
4 8 8
6 8 6
19 21 11
14 18 8
21 0 22
7 10 14
0 3 11
1 4 29
4 6 28
14 17 35
0 4 29
12 16 33
5 7 28
19 0 15
3 5 18
19 22 7
15 18 33
13 15 16
18 23 31
6 9 14
9 12 31
13 15 30
18 19 24
3 5 27
21 0 7
9 12 24
15 19 22
17 21 24
18 21 10
13 15 13
11 15 15
4 7 25
10 14 5
3 6 28
15 16 33
16 20 31
11 13 13
21 23 9
13 15 18
16 19 23
4 6 19
20 1 2
3 6 25
5 10 4
8 9 13
10 13 28
5 9 19
21 0 27
8 11 5
15 17 29
10 12 14
8 11 11
15 18 6
1 4 33
19 22 33
16 18 32
1 4 17
16 19 17
14 18 18
8 11 18
1 3 30
23 2 5
20 0 1
10 12 6
21 0 3
6 10 34
18 21 4
1 3 16
6 9 8
4 7 7
18 20 13
1 4 10
16 18 30
3 6 24
15 18 16
6 9 3
17 20 3
2 4 32
20 23 8
14 17 35
5 7 2
23 1 35
18 21 30
7 10 11
19 0 20
17 21 15
19 22 8
11 12 25
8 10 14
11 15 9
8 11 12
15 18 12
19 22 16
3 8 20
9 13 13
4 8 20
2 5 2
5 8 30
3 6 29
12 15 13
23 2 1
5 7 17
20 21 11
4 7 7
23 2 34
8 10 33
4 7 35
17 18 4
18 21 14
1 4 2
21 1 22
12 14 28
21 23 31
10 13 10
19 23 15
8 10 29
15 18 27
6 8 32
10 14 29
19 21 35
6 10 5
16 19 29
7 10 30
19 23 24
6 9 35
10 13 10
5 8 31
14 18 26
10 13 27
16 19 23
21 23 2
4 6 31
18 20 35
2 6 8
12 15 8
4 8 17
19 20 18
11 15 1
18 20 29
0 4 16
22 2 12
3 7 1
21 1 32
5 7 25
1 4 31
3 4 8
4 8 9
11 14 35
17 20 16
6 10 29
12 15 23
4 8 16
16 20 34
12 14 9
12 15 31
19 22 28
9 13 13
20 21 23
13 15 8
19 23 27
16 19 10
12 15 2
6 10 4
16 20 29
5 8 19
2 5 28
18 21 28
7 10 1
23 1 28
12 15 34
4 7 21
13 16 24
18 20 19
14 18 34
7 10 24
16 18 28
16 21 34
21 0 35
17 22 1
23 3 23
8 10 23
21 1 26
18 22 18
2 4 33
2 6 30
11 14 18
21 1 9
0 3 15
11 14 15
0 4 23
0 4 15
10 14 35
7 10 35
4 8 2
5 10 14
20 0 27
2 5 6
6 9 30
13 17 21
3 4 14
8 12 10
15 20 4
9 12 26
7 10 30
20 0 25
7 9 16
21 2 15
13 15 28
15 17 17
8 11 35
4 7 23
15 17 6
14 16 13
2 6 27
5 8 28
16 21 29
16 19 29
17 20 20
0 5 27
17 19 5
6 9 6
4 8 30
6 9 10
5 9 12
16 18 4
21 2 18
12 15 17
14 19 8
0 2 34
11 15 2
15 18 3
4 7 22
23 2 3
16 21 17
13 15 34
20 22 24
6 9 31
0 2 22
21 23 16
10 13 33
23 0 28
15 18 31
12 14 24
3 6 9
14 17 29
7 8 8
14 17 31
9 12 14
14 19 5
16 18 13
17 22 23
11 14 17
0 3 27
0 2 3
5 7 31
15 17 21
3 4 7
2 4 28
7 10 1
17 20 8
7 10 9
9 12 17
11 13 25
23 0 29
20 23 2
15 18 22
10 13 31
6 10 30
15 18 31
9 12 29
11 15 2
20 23 7
8 9 4
7 11 22
15 18 27
3 6 32
0 3 8
14 18 26
9 14 33
17 21 30
1 6 3
14 17 2
2 5 3
10 14 19
1 4 1
2 7 9
13 15 30
7 12 3
1 3 9
0 4 10
17 20 24
19 23 9
0 2 8
6 10 28
6 11 10
13 15 14
21 23 17
19 23 9
14 17 7
13 15 29
6 8 25
1 3 4
12 15 14
3 8 20
14 17 18
7 12 22
4 7 31
10 12 2
4 7 15
7 10 15
16 19 6
18 21 6
13 18 31
23 3 7
21 23 35
19 22 10
3 7 1
5 11 24
2 5 24
2 4 2
14 18 30
23 3 10
14 16 9
15 18 24
8 11 28
7 10 35
6 8 16
9 11 25
2 8 3
9 12 24
20 23 13
4 5 11
18 21 7
16 21 26
2 4 30
2 4 30
11 13 35
21 0 20
19 20 29
22 2 24
10 13 18
22 1 23
2 4 17
20 23 18
10 12 30
14 16 28
23 2 5
1 3 18
2 2 18
6 8 11
7 10 23
4 9 34
23 3 25
22 1 18
0 2 33
0 4 3
11 13 14
22 2 31
18 21 30
21 0 21
11 14 7
16 18 24
5 7 23
0 2 9
9 12 18
12 15 33
18 22 13
1 4 12
19 22 31
8 12 35
19 21 28
0 5 21
15 17 19
14 17 30
7 10 24
12 15 30
23 3 25
2 4 25
8 12 35
3 6 13
0 2 22
16 19 22
13 15 13
5 7 15
3 8 9
15 18 23
11 15 32
3 8 23
22 2 18
4 6 6
19 22 20
8 12 12
10 13 15
5 8 6
14 16 32
0 3 25
16 18 28
18 18 18
23 2 14
17 18 34
14 17 27
13 15 27
9 11 33
18 21 22
17 20 22
13 17 24
15 18 12
2 3 34
2 5 35
7 10 32
13 15 25
22 1 23
12 13 30
18 21 32
21 21 30
16 20 5
11 15 30
15 16 24
4 8 22
8 12 17
13 16 6
22 2 7
15 16 30
2 4 28
21 0 25
1 3 20
5 9 34
3 5 4
5 8 35
15 18 22
15 19 31
18 21 10
16 21 7
11 16 3
10 13 3
17 19 23
2 5 33
20 0 35
11 14 3
2 3 30
16 19 27
19 22 33
13 15 16
0 4 34
3 5 6
23 3 8
9 11 1
12 14 8
14 17 34
7 9 9
14 16 29
8 14 1
18 20 25
12 13 5
22 1 20
1 5 6
14 17 33
3 7 13
11 14 20
4 8 13
4 6 31
2 5 19
13 16 24
6 9 2
20 22 5
0 6 15
3 6 5
3 6 24
7 11 17
0 3 4
3 6 19
10 14 3
3 7 25
0 4 22
7 10 9
4 6 24
21 0 35
19 23 14
12 14 14
0 4 4
14 17 18
4 7 6
18 22 35
0 5 13
10 11 27
3 7 7
2 5 27
6 9 5
10 12 24
4 6 12
7 11 14
11 15 29
22 1 8
23 2 6
2 5 26
21 1 22
7 10 30
21 3 24
8 11 4
12 15 9
2 5 30
12 16 17
1 4 25
6 9 25
0 4 24
11 14 15
13 15 30
13 16 15
20 23 16
14 18 2
1 3 11
1 3 14
3 6 3
9 12 13
22 1 24
2 4 10
17 20 5
11 15 21
11 13 14
8 12 6
16 18 15
0 1 9
14 16 5
13 16 24
2 4 25
16 19 34
7 9 27
4 9 17
20 20 24
3 7 23
21 0 31
11 14 34
19 0 13
21 23 6
11 15 9
11 13 23
5 9 28
6 10 1
23 2 3
0 3 33
3 7 14
8 10 22
5 9 6
21 0 31
14 16 7
9 13 27
3 4 33
22 1 31
22 0 27
12 13 16
4 7 14
22 1 23
17 22 18
7 11 12
7 10 15
9 12 29
13 17 21
0 3 34
19 22 30
17 19 32
12 15 25
22 1 9
17 20 5
23 3 20
17 19 13
0 3 15
10 13 35
12 15 1
22 0 5
21 23 26
19 23 29
12 16 32
6 7 15
3 6 9
15 17 26
3 8 16
17 19 6
22 1 16
1 5 8
10 13 20
15 19 19
22 1 3
1 3 7
12 15 25
19 22 20
23 1 1
5 11 26
0 3 31
21 22 16
6 9 22
12 15 34
0 3 15
5 7 7
21 0 13
2 6 21
11 16 22
18 22 34
16 20 9
15 18 26
17 20 15
3 7 18
22 1 12
4 6 12
3 7 11
10 13 17
3 7 26
21 0 18
15 18 18
13 14 19
15 17 33
17 20 23
21 0 31
21 23 32
6 8 24
2 5 8
5 7 35
2 7 34
16 19 25
14 16 9
16 20 20
6 9 10
23 3 34
17 21 23
0 4 20
13 15 10
9 12 17
18 21 30
10 14 13
20 22 13
15 18 33
4 9 34
12 17 19
17 20 14
2 4 9
6 9 18
1 3 16
17 21 9
11 12 9
1 4 7
5 6 16
22 2 22
5 8 19
0 2 1
9 12 13
2 5 5
23 3 20
23 2 15
21 0 18
16 20 31
6 11 31
22 2 16
18 0 19
2 4 32
6 10 18
10 13 7
6 8 27
10 14 2
15 18 17
6 10 19
20 22 24
5 8 24
10 13 25
10 12 27
5 7 35
19 22 10
18 22 18
17 21 9
6 8 28
8 10 3
4 7 28
3 6 11
18 22 9
7 11 9
17 18 35
4 8 6
20 23 2
2 6 19
19 22 6
9 12 31
11 15 29
14 16 1
21 0 28
13 17 13
1 4 11
3 5 15
21 23 4
10 13 25
12 14 16
16 18 2
9 12 2
10 14 15
23 1 20
19 21 35
18 22 31
23 4 16
17 20 29
8 10 30
15 18 26
7 12 1
9 13 9
19 23 35
13 15 10
7 10 30
7 9 14
6 11 4
5 10 21
14 17 3
12 14 17
15 18 23
6 7 29
13 15 21
8 14 12
12 15 30
12 14 12
18 22 2
6 10 33
21 22 30
16 20 5
16 19 27
5 8 19
13 18 3
14 17 22
1 4 21
22 1 29
22 3 2
8 11 17
5 8 10
22 1 9
11 14 21
3 5 31
20 22 3
5 7 23
17 18 6
14 16 15
19 23 20
19 21 4
6 8 35
16 21 24
22 2 20
7 10 26
10 13 1
6 9 22
16 19 16
6 8 31
18 21 16
5 7 22
14 17 18
19 22 35
3 6 5
16 19 8
21 23 27
23 2 35
1 3 29
0 1 3
10 13 12
18 22 20
8 12 4
17 17 23
13 17 22
20 23 17
18 21 32
22 1 4
14 17 3
23 2 33
8 9 18
3 6 5
13 16 3
18 21 7
13 16 12
18 23 27
11 13 33
7 12 18
5 7 11
16 18 32
15 19 6
0 4 28
15 16 32
6 10 35
2 4 34
15 20 9
17 19 23
8 10 17
16 17 27
15 18 33
7 9 11
21 0 13
10 15 1
22 2 33
21 23 27
6 8 15
3 6 30
1 5 32
21 0 22
23 3 7
4 6 25
16 18 24
15 19 2
15 17 1
12 16 25
17 20 10
7 10 32
20 22 27
9 13 30
0 3 13
4 7 9
19 23 25
12 15 34
3 4 17
1 4 28
18 19 28
11 15 32
16 18 20
20 23 4
22 0 22
16 18 29
22 2 25
0 3 24
19 22 12
1 4 29
23 4 15
19 21 9
10 13 14
19 21 8
8 10 16
20 23 4
23 2 19
5 10 17
14 16 6
9 12 11
7 9 1
10 13 31
3 5 22
4 5 32
20 0 5
1 3 7
0 3 2
3 5 11
10 13 33
9 12 31
9 12 7
6 10 16
20 0 8
22 0 29
14 17 15
7 10 11
18 20 1
20 1 29
11 15 6
19 21 3
2 5 20
7 10 6
19 22 16
3 4 16
6 9 23
10 13 16
21 0 16
1 4 18
4 7 2
21 23 6
0 3 34
14 16 5
19 21 3
15 17 27
14 17 9
11 16 7
5 9 30
22 1 31
13 16 5
22 23 35
1 2 17
16 20 13
0 0 33
13 18 30
2 2 20
23 2 15
11 12 31
21 23 2
4 9 29
0 3 18
23 4 14
1 2 16
2 5 22
19 23 8
14 17 28
23 3 3
7 11 7
12 15 28
19 23 21
15 19 8
8 11 1
10 12 1
18 22 30
18 20 23
21 1 6
20 22 12
20 23 15
10 12 1
10 11 7
14 18 26
17 21 30
0 4 12
16 20 31
8 9 8
9 12 1
22 2 16
11 16 2
16 18 33
3 5 21
9 12 27
9 12 33
22 1 18
2 5 29
15 19 25
3 7 8
10 13 6
19 0 13
8 11 20
2 5 12
6 7 13
21 0 16
16 19 35
14 18 32
22 1 35
6 9 7
14 17 2
4 8 20
16 18 5
18 20 30
23 3 17
6 9 18
12 17 21
5 9 30
21 22 1
18 21 23
20 0 12
17 19 17
5 8 15
3 6 12
10 13 11
23 3 12
9 11 32
23 3 35
21 23 30
2 6 7
21 1 5
6 9 30
23 2 13
7 10 13
13 18 15
14 17 13
2 5 23
8 10 28
17 23 16
17 21 14
19 21 32
10 13 15
2 4 12
12 16 6
11 14 17
11 14 17
1 6 15
1 3 11
12 14 17
8 13 30
22 1 8
1 3 10
0 4 19
22 2 5
17 21 34
1 3 13
19 23 27
14 16 6
22 2 35
9 11 4
19 22 12
9 12 7
2 4 19
11 14 19
3 7 35
18 21 32
0 4 25
10 15 19
23 1 26
3 5 21
8 12 2
7 10 11
13 16 22
12 14 13
3 6 21
21 23 1
15 18 16
22 2 33
18 22 9
21 1 15
15 18 10
3 7 21
20 21 7
8 10 5
19 22 3
19 22 8
13 17 12
4 7 29
20 21 7
22 3 21
3 6 16
13 14 18
2 6 29
17 20 27
1 4 35
1 5 25
7 11 21
5 8 8
7 11 29
8 10 3
2 5 5
5 8 3
20 23 34
13 16 35
21 0 11
3 6 9
13 16 22
7 10 9
14 17 4
4 8 33
22 23 11
14 17 30
0 3 20
0 5 12
0 2 11
20 22 24
21 22 22
22 0 32
13 16 4
15 19 10
2 5 20
19 22 11
3 6 21
5 8 12
13 15 27
20 1 3
4 9 31
0 3 20
4 8 9
23 3 32
11 15 18
4 5 14
13 17 7
1 6 28
15 18 26
11 13 1
5 8 17
9 14 25
22 23 2
3 5 32
18 19 9
10 13 16
14 18 32
8 10 24
0 3 32
22 0 15
23 3 4
16 20 13
1 4 29
12 15 28
1 3 35
18 20 10
19 23 28
20 0 6
17 20 9
9 12 29
5 8 2
12 14 23
23 3 23
21 0 28
4 8 22
13 16 1
18 21 2
21 23 1
7 7 14
17 20 32
10 13 25
14 16 26
16 20 12
0 3 26
20 23 2
11 13 9
10 13 32
21 0 4
16 19 8
5 9 33
19 0 8
9 11 2
5 8 15
23 0 5
7 10 17
20 23 31
23 2 26
0 4 4
11 15 13
23 22 17
2 5 30
3 4 26
0 4 10
21 1 17
20 23 12
15 19 6
7 11 2
10 13 31
1 4 3
5 9 22
1 4 21
4 7 8
21 1 2
9 12 27
14 16 26
9 12 1
13 16 5
7 12 30
21 1 2
1 6 28
6 7 17
11 14 4
19 22 20
20 21 15
1 4 23
2 4 11
8 10 19
13 14 7
5 8 7
12 14 4
17 20 18
7 9 33
23 1 6
3 4 25
4 6 11
8 12 26
9 12 3
3 6 23
3 7 34
9 12 4
0 3 26
20 0 23
0 2 27
8 11 26
23 1 16
17 21 5
13 17 30
5 8 11
4 6 29
10 13 18
2 4 32
4 6 5
20 22 9
15 19 20
5 7 34
19 21 28
17 19 11
3 4 9
0 1 26
2 6 29
4 7 2
15 18 30
6 9 30
19 22 19
21 0 4
9 13 35
1 5 11
23 4 11
19 22 22
1 4 25
5 9 4
2 6 2
1 7 4
7 10 30
6 10 10
17 18 23
18 22 18
14 15 3
9 12 32
12 17 23
9 11 22
13 15 2
23 1 32
14 18 7
18 22 27
2 4 5
14 16 2
10 14 24
15 18 14
18 20 29
10 12 30
17 20 5
2 6 35
1 4 26
11 15 5
11 15 5
7 9 15
3 7 17
1 5 17
3 5 20
9 11 27
12 15 32
3 7 6
22 1 31
12 16 7
12 15 12
5 7 5
3 7 19
3 5 7
1 6 31
16 18 28
5 7 10
6 9 24
11 12 8
16 17 22
8 12 33
8 10 5
20 22 27
6 10 6
3 7 27
8 11 24
17 21 6
13 16 9
15 18 6
3 6 15
10 12 35
20 23 15
4 9 5
17 21 16
3 4 11
3 5 34
13 16 12
11 16 31
2 5 10
20 22 13
16 19 12
9 12 10
21 0 28
21 0 20
9 10 13
9 12 10
3 7 8
6 9 10
1 4 30
11 16 4
1 4 35
20 23 23
9 13 17
12 15 9
14 17 18
2 5 7
22 2 31
8 11 16
10 13 20
16 20 1
20 23 17
18 22 11
19 22 5
13 17 26
0 3 12
6 9 6
18 22 13
3 6 13
2 5 22
22 1 8
1 2 10
23 1 34
15 17 14
22 2 4
14 17 13
3 5 33
13 16 26
16 18 12
21 0 13
8 11 6
1 4 28
1 3 17
23 2 13
23 4 13
15 19 25
8 11 11
4 7 1
8 12 15
2 5 8
8 9 27
20 22 14
2 5 14
4 5 23
9 8 17
18 22 21
5 9 33
17 20 9
1 5 30
9 13 8
16 19 28
12 13 34
13 16 29
0 4 1
3 6 27
3 6 19
2 5 25
11 15 28
20 21 27
9 12 34
16 19 26
10 12 1
5 9 10
16 19 7
9 14 29
21 1 16
6 11 22
17 21 25
5 10 1
4 6 21
4 6 14
4 8 30
18 22 6
17 21 8
6 9 22
5 8 12
14 19 25
22 1 12
10 12 32
1 5 33
20 23 10
10 12 16
17 21 4
2 3 25
0 3 16
23 1 17
23 3 4
9 12 20
17 21 4
19 22 20
21 1 35
17 21 13
12 14 24
17 19 29
3 5 19
9 13 7
10 12 10
4 6 35
6 9 13
16 18 31
22 23 28
2 6 13
16 19 30
0 3 2
18 20 23
21 23 22
6 9 11
19 22 14
22 2 11
8 11 18
5 9 1
23 3 6
10 13 26
7 9 32
11 14 24
14 14 8
18 20 8
11 15 31
1 5 24
19 23 18
9 9 18
12 15 26
2 4 1
1 5 2
8 11 4
13 15 2
15 17 31
5 8 24
8 9 13
2 3 14
9 12 9
1 5 18
12 13 6
15 17 34
9 12 24
1 3 33
7 11 20
7 11 3
8 12 20
21 1 8
22 3 16
23 3 2
0 2 24
13 18 1
11 14 28
19 21 16
21 1 15
3 6 21
22 0 6
23 1 34
13 18 20
4 9 2
10 13 29
4 7 6
9 11 14
22 1 26
21 1 28
16 18 7
20 22 6
13 16 30
19 22 8
1 6 18
14 16 7
0 4 14
14 19 21
15 17 8
11 14 24
8 14 20
17 20 1
22 2 21
3 5 29
0 2 35
10 14 15
7 11 34
5 9 2
5 9 10
2 4 12
21 1 30
13 16 21
5 6 15
14 15 23
5 9 4
22 2 14
9 13 8
0 3 32
2 5 7
9 11 8
3 7 20
7 11 5
0 3 33
21 0 31
16 20 20
4 8 34
21 23 6
18 22 25
2 5 6
19 22 1
10 13 35
6 9 5
16 20 35
2 5 26
2 5 12
19 23 28
20 23 3
7 10 23
9 11 32
12 14 2
10 12 16
19 0 14
3 6 15
16 19 25
4 7 15
12 16 6
11 15 27
16 19 12
10 13 15
16 17 19
23 2 10
13 16 33
14 19 6
22 1 30
12 15 21
12 15 25
21 1 8
14 17 23
10 12 34
4 8 1
16 18 22
2 4 18
16 17 32
9 11 5
3 7 5
3 6 24
0 5 1
22 23 20
18 22 26
5 7 12
20 23 3
18 20 10
23 0 11
19 21 11
7 8 34
3 7 34
15 17 7
0 5 8
8 11 8
0 5 13
6 10 13
6 10 11
10 14 31
1 4 28
7 10 14
0 3 5
10 13 31
17 20 3
4 7 3
9 13 23
6 9 1
23 2 19
4 7 20
2 7 4
5 9 29
7 11 3
22 1 25
0 1 26
18 20 5
9 13 19
9 12 7
8 9 11
4 8 9
11 15 24
10 12 30
9 13 21
20 23 9
9 12 22
15 17 4
0 4 23
14 15 28
3 6 33
3 6 10
19 20 1
9 12 16
19 22 1
8 11 27
22 1 31
19 23 13
20 22 32
20 1 9
14 17 18
22 1 30
6 7 26
13 15 27
20 22 27
14 18 11
12 17 14
9 11 16
15 19 1
17 22 18
12 13 9
20 23 26
1 4 3
19 23 7
6 9 9
0 4 33
8 13 17
20 23 7
17 22 34
15 16 22
20 22 22
17 20 1
13 15 28
15 18 34
11 12 15
11 13 31
19 22 25
17 20 26
23 1 19
5 8 30
6 9 33
15 17 22
2 4 32
17 19 5
20 23 33
20 22 28
6 9 29
6 8 18
0 4 26
9 12 10
0 4 4
5 9 21
11 15 10
11 15 9
18 21 8
12 16 22
12 15 27
3 6 35
4 8 18
20 23 9
16 19 5
4 7 19
17 19 7
10 14 18
7 9 5
8 10 7
22 1 16
10 12 15
1 3 20
9 10 6
21 0 25
4 6 9
15 19 17
5 8 4
5 8 31
22 0 33
4 5 17
13 15 21
5 8 19
15 17 1
12 16 12
14 17 23
18 22 26
12 16 28
17 21 13
19 21 23
21 23 23
14 19 10
18 20 23
14 16 1
21 1 13
7 9 33
4 6 29
18 22 3
2 3 16
13 17 32
15 18 34
9 10 7
11 15 6
12 15 28
9 12 18
17 21 32
19 21 8
10 10 3
18 21 4
13 15 3
2 6 8
19 23 19
4 7 11
9 14 5
23 3 13
1 6 8
18 22 22
19 20 17
9 14 12
4 8 28
19 21 16
12 16 25
18 21 18
4 5 16
12 13 18
20 22 5
7 10 28
0 4 20
4 7 3
15 17 19
12 15 28
4 8 8
2 5 3
8 9 13
23 2 25
3 9 5
15 19 22
21 0 22
17 20 3
22 2 9
0 2 23
3 5 14
7 11 16
23 3 1
11 14 3
7 11 31
0 4 24
14 18 6
1 4 30
2 6 24
19 21 18
15 17 20
23 2 30
5 9 33
18 20 22
9 12 12
6 8 22
10 12 34
7 9 35
23 2 20
20 22 11
4 7 6
9 10 26
0 2 16
14 17 19
8 12 23
22 23 15
1 5 11
19 21 1
9 10 29
14 18 21
8 10 18
23 1 19
16 17 35
23 2 1
1 4 28
16 20 15
2 4 16
7 9 34
6 9 9
18 22 1
4 9 29
0 4 7
13 16 33
8 13 14
0 3 27
4 7 18
3 5 16
13 16 35
21 22 16
2 6 27
16 19 21
23 1 17
13 16 35
4 6 8
17 20 20
22 3 19
18 21 7
22 1 14
23 2 2
11 13 22
2 5 28
1 4 28
8 11 11
4 8 33
10 11 1
10 13 13
11 13 13
7 11 34
2 6 31
12 16 7
2 5 8
5 8 5
6 9 6
17 20 34
20 23 3
8 12 31
16 18 32
7 10 26
7 10 7
10 12 2
5 8 5
11 14 3
17 20 35
17 20 1
3 5 28
7 9 1
10 15 5
2 6 1
12 16 17
15 17 5
19 22 9
0 4 9
9 10 32
21 0 16
1 4 34
2 5 16
18 20 34
18 21 21
10 12 32
15 18 23
1 5 4
15 19 23
21 2 4
4 7 35
7 10 14
20 22 14
9 11 27
9 13 5
1 3 17
19 21 11
13 17 35
3 4 20
12 16 25
10 13 1
19 23 3
12 17 25
7 10 26
10 12 29
5 9 17
6 9 30
23 3 17
11 14 3
18 21 22
22 1 12
14 18 7
3 6 16
12 16 22
2 4 35
5 8 6
15 17 28
16 19 19
15 18 1
1 5 11
4 7 17
4 8 27
17 19 18
3 7 3
16 20 4
8 9 6
22 23 16
12 16 1
12 12 19
19 22 10
0 1 12
21 0 19
12 17 6
17 21 1
4 7 14
4 6 21
17 17 18
9 11 35
12 16 30
15 20 34
19 22 31
11 15 33
23 3 17
9 11 20
2 5 31
15 19 31
8 11 17
17 20 18
20 0 30
7 10 16
0 2 35
1 3 19
1 4 34
8 11 8
16 20 16
1 5 9
0 4 8
4 8 18
11 14 35
9 11 18
5 9 10
20 22 25
5 8 29
18 19 34
11 13 6
10 13 28
16 19 3
12 15 30
6 10 18
10 14 23
13 14 25
16 19 2
10 11 32
6 11 24
16 18 25
21 23 3
1 4 13
14 16 30
1 4 1
14 16 28
22 0 9
17 20 28
2 4 23
16 20 29
9 12 6
16 20 1
1 3 30
16 19 10
15 18 15
15 18 19
19 0 6
22 1 28
12 19 12
1 6 15
0 1 19
5 6 21
20 23 22
10 14 6
19 22 18
3 6 35
13 16 16
19 23 13
9 12 4
6 7 14
21 23 17
17 20 35
4 8 31
15 19 18
3 4 14
18 21 5
2 4 32
21 0 4
3 7 21
15 19 30
17 22 20
19 22 32
15 19 10
6 9 2
19 21 5
2 5 29
18 21 16
17 21 2
8 11 34
5 7 9
19 0 31
16 19 20
8 13 31
3 6 34
16 20 30
21 23 31
13 17 18
4 7 18
9 12 2
2 5 16
3 6 9
11 15 21
16 18 15
0 3 8
5 7 8
7 10 6
20 23 20
21 0 26
1 2 22
23 1 34
13 17 8
3 6 34
15 16 19
4 5 34
9 12 21
19 22 8
0 4 21
23 4 12
11 14 27
19 22 6
10 12 32
22 0 22
21 1 35
8 11 6
22 0 29
15 19 16
12 16 6
14 15 14
4 7 28
13 17 25
14 16 28
1 4 3
3 7 26
22 2 11
17 20 32
19 21 6
11 14 32
16 20 34
15 18 25
21 1 9
19 22 9
0 4 24
5 8 32
23 2 9
12 16 7
2 5 30
18 22 31
11 14 24
17 22 1
5 9 33
16 18 3
15 16 11
22 1 15
17 20 33
20 0 32
10 12 18
12 15 33
13 15 8
10 13 5
8 11 26
6 8 7
0 3 31
22 1 28
17 20 7
1 4 24
22 2 6
20 22 8
18 22 12
14 19 35
15 18 21
2 2 4
19 23 12
6 10 17
10 14 23
10 13 18
14 17 23
17 20 32
13 17 16
0 3 33
0 2 14
9 13 17
16 18 9
22 0 35
5 8 17
13 17 7
19 22 35
12 15 18
6 7 13
21 0 27
0 2 3
11 13 5
2 6 18
19 22 7
7 9 32
5 7 2
13 17 9
4 6 8
23 3 16
9 10 25
23 1 8
4 7 26
14 19 31
12 15 14
10 12 15
4 7 23
1 4 32
4 7 15
12 16 6
16 19 14
22 23 16
6 8 3
19 22 8
2 3 34
13 16 15
10 15 18
17 20 27
20 20 1
23 2 6
17 20 4
2 6 2
16 18 5
23 2 10
22 2 26
12 15 27
18 20 33
7 8 15
17 20 10
23 2 9
11 14 22
17 21 35
22 0 33
15 16 9
3 8 5
14 16 9
19 22 2
20 0 25
11 13 10
8 11 3
19 22 4
5 6 6
23 4 35
20 22 6
12 14 3
9 11 2
6 10 23
7 8 13
11 14 13
13 16 4
16 20 13
9 13 30
22 0 28
1 5 11
15 18 26
15 16 27
2 5 25
9 10 8
14 18 10
0 3 31
22 23 33
0 5 24
2 4 10
12 14 14
6 9 26
1 2 34
15 18 22
18 22 13
16 19 5
8 10 28
16 19 8
0 3 26
5 8 17
18 20 25
19 22 18
5 8 21
11 14 1
19 22 13
20 23 33
7 11 31
23 1 4
22 1 7
12 16 29
6 9 9
13 17 30
15 18 8
3 6 26
1 3 17
18 21 19
7 11 28
18 22 35
7 10 12
18 20 4
6 8 35
22 0 15
18 22 9
14 15 30
2 6 26
14 16 31
20 1 21
7 12 4
22 0 24
8 12 12
2 5 14
0 3 10
18 22 8
21 0 22
3 6 9
0 4 33
4 7 25
21 23 13
23 2 5
2 6 25
1 5 20
12 16 2
13 16 33
21 0 27
1 5 6
22 1 11
9 13 13
22 1 24
19 0 18
22 2 13
1 4 5
22 0 24
10 12 7
9 12 14
8 10 13
0 3 15
3 7 5
7 10 8
1 6 21
0 3 7
11 14 28
19 23 1
5 9 4
10 13 18
20 22 25
22 1 8
2 6 32
17 19 25
19 22 34
6 10 33
7 10 20
16 20 6
16 18 31
14 16 1
15 17 21
21 23 28
4 9 33
19 22 9
10 13 23
19 22 28
15 19 14
22 1 13
12 15 26
5 6 8
13 17 23
9 13 35
10 12 34
22 1 2
22 0 34
22 2 4
17 19 17
0 2 17
6 9 26
21 23 12
11 14 25
20 1 23
17 19 29
8 11 25
16 21 21
16 19 34
16 20 8
1 3 8
12 15 10
19 22 33
14 18 16
16 20 26
11 13 6
3 6 19
3 5 1
13 16 16
11 12 4
19 22 1
6 7 23
9 12 5
6 10 23
15 18 34
10 13 9
0 4 26
23 1 6
8 9 7
1 4 20
6 9 32
17 20 9
7 12 20
9 11 31
0 4 21
15 21 11
2 7 8
4 8 3
0 3 29
7 11 20
0 4 12
3 7 5
6 9 6
20 22 20
1 2 5
22 1 11
17 20 18
6 9 17
22 2 8
0 1 3
6 9 35
14 18 6
7 10 27
5 7 17
11 15 33
20 23 29
5 9 5
0 5 8
20 0 8
3 5 3
12 15 23
16 19 2
4 7 18
6 10 12
14 18 27
15 17 1
16 20 21
7 11 11
9 12 23
23 1 12
9 12 24
13 15 7
2 3 6
23 2 10
12 16 4
21 0 11
1 4 31
11 13 29
0 2 21
3 5 32
9 12 15
17 20 17
21 1 3
15 18 24
7 9 20
20 23 18
8 10 2
11 12 12
9 14 17
22 1 1
7 12 33
16 19 20
20 0 26
17 21 31
15 18 33
6 9 24
16 18 8
18 20 26
4 7 11
18 21 5
2 7 15
5 7 30
18 21 23
4 7 8
21 1 11
12 16 32
1 3 10
21 1 11
23 2 19
2 5 6
3 6 29
10 14 4
19 23 34
22 1 12
16 20 4
11 13 10
9 15 22
19 21 9
2 5 24
2 6 15
7 9 32
11 13 16
2 6 18
3 9 4
22 3 4
9 11 22
13 16 34
14 17 23
4 7 13
18 21 3
17 18 1
23 0 16
8 10 14
23 2 28
4 5 34
22 23 34
3 5 21
14 17 15
7 9 34
5 7 11
7 9 15
3 6 14
16 19 3
16 20 15
3 7 21
22 1 9
0 3 29
22 0 28
9 11 24
0 2 30
5 9 10
13 16 20
4 7 17
19 21 17
13 15 25
10 13 5
9 13 25
22 2 22
15 17 33
10 12 5
12 16 25
18 21 14
6 9 1
18 21 10
20 22 9
22 1 34
3 3 24
0 3 26
21 23 30
2 5 32
9 12 16
19 0 20
15 19 31
3 8 10
15 18 5
23 3 13
2 6 33
9 14 27
4 7 9
20 0 15
6 9 9
5 7 14
21 23 11
9 11 21
6 10 14
19 22 11
2 4 4
17 21 17
17 20 33
17 20 4
16 18 23
20 0 14
23 3 20
2 5 16
23 1 1
6 10 3
19 22 12
6 7 12
21 0 8
3 5 18
20 0 26
21 0 26
14 17 18
21 0 6
19 21 1
23 1 12
4 9 10
5 7 32
0 3 25
21 2 32
11 13 20
7 11 27
19 22 24
20 22 2
19 21 4
20 23 5
19 22 1
17 20 17
20 1 9
2 5 24
20 22 2
4 6 7
17 21 27
15 18 6
2 8 2
13 16 25
16 19 33
20 23 9
22 1 20
3 6 20
22 2 3
14 17 24
2 6 7
19 21 12
4 6 19
3 5 33
22 23 24
0 4 9
2 5 31
16 18 8
17 20 21
18 22 29
4 8 13
0 3 4
13 14 31
2 6 4
11 14 33
6 8 22
11 15 10
6 12 1
11 14 25
14 19 5
21 0 34
13 17 26
5 8 31
14 18 4
5 8 21
10 13 14
12 15 4
8 13 25
4 8 17
13 17 17
20 23 33
15 17 31
8 12 22
6 9 30
3 7 26
13 16 9
4 7 27
6 9 23
14 16 6
23 0 19
5 8 2
6 9 12
19 23 11
22 3 25
18 20 30
23 2 11
20 23 32
21 23 11
10 14 3
16 18 24
11 15 23
4 5 28
19 22 32
17 20 8
12 15 5
17 20 12
20 1 1
1 2 35
15 19 19
21 2 8
7 8 33
1 3 11
13 15 23
21 23 27
19 20 22
0 2 31
1 3 31
4 6 4
17 19 8
11 15 1
0 5 11
2 5 6
16 19 32
15 19 9
11 14 29
12 15 21
8 9 1
10 14 29
22 1 6
5 8 19
9 12 15
17 19 12
14 17 35
19 22 10
17 19 28
10 12 9
21 1 14
22 0 30
7 12 21
18 21 2
20 0 8
21 22 35
12 15 16
3 5 25
20 22 9
9 12 17
22 1 33
6 9 20
2 3 31
20 23 11
1 6 19
8 12 5
6 9 19
8 11 7
5 8 30
11 12 33
8 11 29
18 22 8
14 16 6
2 4 1
14 16 10
17 22 7
22 2 12
7 10 7
0 2 29
4 7 17
1 4 15
22 0 33
8 11 30
4 7 3
7 11 35
17 19 30
9 13 17
13 17 25
10 13 6
11 14 18
4 8 12
19 23 14
18 21 10
4 5 34
21 23 11
16 18 21
17 22 14
3 5 9
22 0 14
22 23 6
6 9 31
15 15 15
14 18 35
12 14 34
3 4 30
16 18 20
22 0 34
3 5 14
6 10 5
1 3 23
16 20 10
14 16 17
8 13 8
0 2 15
22 2 13
18 21 22
22 1 7
13 17 34
16 18 35
1 2 19
6 9 12
22 23 14
13 16 9
8 12 34
20 0 9
2 5 3
12 15 5
21 23 8
18 20 10
13 15 2
9 13 30
1 3 2
12 14 15
11 16 6
23 1 1
10 13 3
19 0 3
21 1 10
12 15 26
22 1 27
12 13 18
2 3 26
8 11 34
19 22 7
23 2 12
19 23 12
13 16 3
15 19 13
11 15 31
0 3 14
11 15 7
18 21 11
22 1 18
21 23 32
0 3 34
11 13 24
22 2 8
1 3 8
9 11 18
20 22 15
0 3 14
23 1 2
16 19 26
11 14 15
23 2 16
20 23 3
0 2 22
11 15 14
23 2 18
13 15 24
7 9 13
9 13 8
0 3 20
21 2 19
21 23 31
14 18 34
3 6 20
7 10 25
11 14 33
11 13 28
2 6 28
12 16 29
19 0 21
9 12 10
6 9 21
15 18 25
11 13 24
13 17 18
12 16 16
0 2 5
18 21 10
3 6 7
12 17 32
4 7 13
3 7 6
9 12 1
15 17 28
16 20 2
8 10 27
1 3 14
22 0 16
13 18 6
4 7 18
1 3 14
17 21 22
23 2 1
13 15 23
15 19 3
20 0 26
7 12 26
19 22 19
10 13 11
17 20 12
21 23 5
20 0 16
10 13 25
6 9 15
0 3 1
0 3 10
10 14 33
12 15 28
12 15 6
2 5 5
15 17 25
2 5 30
1 3 32
20 23 15
20 23 15
0 3 29
18 20 22
7 10 33
19 23 8
5 8 9
10 12 8
15 19 16
9 14 33
13 17 9
4 8 35
12 15 7
5 9 5
18 21 26
20 0 11
4 8 23
12 14 22
17 20 3
20 23 29
17 20 20
20 22 8
14 18 26
16 19 8
5 8 9
14 15 20
14 20 8
18 20 25
16 18 21
13 15 35
23 1 31
6 9 13
16 19 3
20 22 25
4 7 25
5 8 4
19 23 22
12 15 7
0 5 31
0 4 30
19 22 7
15 20 11
14 17 1
20 23 4
18 21 34
12 14 20
23 2 14
12 14 12
0 3 17
7 11 19
0 1 8
2 5 28
14 18 15
20 0 15
5 9 30
14 17 6
10 11 26
11 14 12
5 8 34
23 2 22
12 15 6
8 12 23
19 23 35
7 10 34
18 19 21
12 15 6
0 3 5
2 6 15
12 16 10
23 0 2
10 13 34
5 10 5
8 11 5
10 14 21
23 1 35
17 20 17
9 12 7
22 0 14
20 0 19
21 0 25
7 10 13
8 12 2
5 9 24
17 21 33
16 19 34
19 22 12
11 15 29
0 3 11
3 6 35
5 9 1
3 7 21
9 13 33
18 20 10
14 18 24
1 4 31
18 21 24
23 1 24
18 22 32
2 4 33
14 17 27
1 4 2
4 8 32
14 19 20
3 7 3
9 12 30
19 23 33
15 19 13
8 12 3
16 20 8
17 21 34
14 17 35
20 23 29
22 2 15
3 7 2
18 21 35
19 23 5
7 9 7
4 8 23
7 9 10
3 7 14
7 10 11
0 3 13
12 15 30
3 8 33
9 12 22
10 13 16
20 23 10
11 14 28
11 15 33
22 2 4
5 8 9
11 15 1
0 4 20
1 3 24
17 20 6
6 9 5
13 16 12
0 4 3
14 19 7
19 22 33
14 16 3
19 23 15
15 18 14
17 19 11
15 19 20
0 3 14
17 21 2
20 0 31
5 9 6
10 13 25
18 20 14
16 18 33
10 13 30
21 0 9
23 3 1
3 3 23
2 4 29
17 19 13
22 3 25
17 20 1
19 21 27
7 10 17
4 9 12
21 0 8
12 15 26
17 20 10
7 9 20
19 23 22
22 23 18
18 21 33
5 7 5
10 14 5
20 21 30
5 9 30
18 22 7
6 8 35
8 11 5
16 19 7
16 19 14
5 7 5
15 16 11
3 7 31
20 22 15
15 18 12
21 0 7
16 19 15
1 2 29
11 14 14
19 20 4
23 2 8
1 3 19
21 22 11
10 14 26
20 22 5
12 14 25
14 16 20
22 1 28
11 14 9
8 11 10
9 13 15
22 3 27
1 2 2
20 0 5
20 23 29
11 14 30
3 7 5
16 19 1
21 0 17
11 15 2
23 3 23
8 10 4
17 20 24
5 9 30
22 1 3
14 19 35
2 5 4
16 19 19
15 19 7
19 21 3
22 2 26
8 11 6
13 15 18
2 5 22
6 9 11
6 9 7
12 13 20
3 6 23
6 10 23
1 3 30
20 22 32
2 4 25
18 20 22
9 11 24
17 20 1
14 17 18
5 8 1
13 16 3
5 9 28
9 14 8
22 2 10
1 4 29
2 3 28
15 18 24
3 6 35
18 20 12
12 16 1
21 0 15
10 13 15
5 11 20
12 14 26
4 7 2
0 2 18
11 14 33
20 21 4
4 8 17
5 9 1
19 22 8
16 19 31
18 23 12
14 16 2
18 20 1
1 3 25
16 20 9
11 12 26
21 23 4
19 21 29
1 2 23
5 7 26
0 0 13
13 16 10
22 2 13
21 23 17
18 23 8
20 23 18
18 21 19
0 1 27
5 6 2
3 5 4
4 7 26
18 22 10
15 17 17
12 14 8
20 22 33
23 3 12
6 11 16
12 16 2
7 10 18
3 7 6
0 2 3
22 0 10
8 13 9
21 0 25
2 5 15
13 16 29
15 18 27
11 14 29
3 6 22
4 6 27
4 8 6
0 3 24
16 20 21
8 11 20
22 2 6
5 8 20
21 23 35
11 13 17
10 12 29
8 11 7
18 22 1
8 10 31
22 2 19
7 8 15
5 8 15
21 23 26
1 6 4
20 23 11
21 2 16
23 3 15
10 13 21
13 15 4
5 7 16
11 11 22
4 8 25
4 7 4
3 4 3
1 3 5
11 13 3
0 4 10
20 22 21
18 20 25
2 6 16
7 12 23
21 22 29
18 22 30
14 15 32
14 16 3
10 13 6
0 6 12
10 12 27
21 23 31
1 4 24
7 9 34
14 17 28
19 20 27
15 20 33
10 12 1
6 10 13
2 6 5
13 15 25
13 16 17
4 6 27
11 13 11
9 12 26
12 15 9
23 2 33
14 17 22
5 9 30
6 9 2
20 23 12
9 13 32
19 23 15
21 0 31
5 7 25
22 3 21
5 8 25
1 4 29
10 13 6
18 22 33
4 7 35
10 14 22
10 12 6
5 8 7
0 4 16
18 20 9
9 12 30
18 21 24
19 20 1
3 5 4
15 18 35
10 14 6
11 14 15
22 1 10
8 12 30
10 14 34
2 5 2
20 23 27
13 17 5
5 10 15
9 12 34
20 0 33
13 16 21
17 21 31
5 8 3
12 14 7
18 20 33
6 9 13
0 3 20
17 21 28
18 21 35
21 23 26
0 2 19
1 5 7
18 0 1
1 5 2
22 0 25
4 7 8
1 4 16
17 21 9
8 11 28
4 7 29
4 5 5
23 1 35
22 3 29
13 15 12
17 20 13
2 4 28
13 17 24
3 7 12
19 22 10
22 0 22
2 6 13
7 10 2
8 10 17
3 6 30
5 9 10
8 12 9
5 8 14
14 16 22
6 9 18
6 9 35
18 22 14
5 6 33
7 9 35
7 11 32
3 8 11
16 19 7
21 1 4
7 8 35
18 20 28
23 0 28
19 0 32
15 19 2
18 21 24
5 7 23
20 23 32
6 8 6
13 18 34
14 18 13
19 22 33
19 22 35
7 10 32
21 23 2
21 0 25
12 16 23
13 16 3
20 23 13
9 12 8
6 10 16
8 10 6
17 21 18
3 5 15
12 15 23
11 13 33
0 3 12
10 13 2
0 3 22
14 16 13
21 1 29
13 16 32
8 12 14
12 14 15
7 10 9
8 11 23
22 2 2
9 12 21
2 4 21
12 14 28
4 7 17
8 12 8
2 4 35
12 14 2
13 16 28
18 22 5
13 15 14
12 14 1
16 19 12
19 0 17
23 3 27
15 18 31
18 21 28
19 22 14
8 11 17
15 18 15
8 9 35
10 11 2
12 16 32
14 17 24
9 12 32
6 9 35
15 19 26
10 12 27
2 6 1
18 20 33
23 0 25
2 7 18
20 23 23
3 6 11
3 7 5
21 0 4
7 11 18
12 15 29
11 14 3
0 3 15
12 14 31
18 23 23
7 11 22
9 13 11
12 15 16
14 18 24
5 9 6
4 7 32
19 23 16
4 7 9
23 2 22
6 8 4
6 10 6
5 8 20
11 15 6
3 6 15
9 11 5
5 7 30
11 13 12
1 3 28
16 18 4
0 3 10
9 12 12
5 9 17
21 1 17
15 20 10
23 1 18
0 4 5
18 20 6
17 21 5
1 4 25
12 14 1
5 7 29
18 20 24
19 23 19
22 1 7
4 6 25
14 20 25
22 1 7
3 6 14
23 3 2
21 22 33
16 19 25
3 7 23
16 18 11
20 0 12
2 5 31
5 7 28
21 23 12
19 22 17
6 8 30
5 9 26
19 22 19
8 11 34
23 1 29
4 7 26
11 14 28
16 20 25
14 17 18
3 5 13
13 16 4
13 15 28
12 15 31
13 16 2
6 9 27
22 1 32
19 22 32
21 0 25
11 15 7
0 2 35
14 17 34
7 7 14
10 12 22
0 3 17
2 5 34
22 3 11
9 11 7
16 17 12
0 2 13
4 7 3
7 11 1
4 7 1
3 7 13
22 2 10
14 18 18
6 9 12
8 10 2
2 6 12
19 22 33
1 5 28
19 23 15
8 9 10
4 6 25
9 10 12
4 8 34
22 1 5
5 8 23
12 15 29
13 17 18
3 6 9
9 14 9
12 15 35
22 2 3
1 4 15
15 18 12
10 12 25
14 17 23
11 15 25
16 18 35
21 1 33
23 4 34
18 20 9
14 16 19
8 10 17
7 11 12
9 13 27
13 17 21
0 2 34
19 22 2
9 14 30
13 16 3
19 22 8
16 19 5
13 17 7
3 7 30
10 12 26
15 17 17
12 15 17
0 2 12
7 8 8
18 20 11
4 8 14
1 4 17
7 10 14
2 4 14
9 11 15
7 12 25
3 6 3
1 4 22
15 19 9
2 7 13
2 5 3
18 20 29
16 21 34
18 20 28
13 15 30
16 20 34
0 3 6
9 10 20
23 0 16
9 12 23
1 4 7
13 16 13
3 6 8
22 2 27
23 4 28
5 9 5
4 9 19
9 11 34
11 14 32
6 10 2
12 15 26
9 11 8
3 7 34
11 14 18
7 9 34
16 19 17
15 19 19
9 9 16
17 20 35
18 21 29
23 0 27
16 19 28
20 23 4
18 20 17
3 6 12
22 1 32
19 20 27
23 4 26
21 0 4
8 12 9
3 6 35
12 15 26
5 7 3
5 8 6
11 15 7
17 19 8
0 1 12
11 12 11
23 3 22
22 2 18
12 15 4
7 10 32
17 19 35
22 1 27
8 9 34
20 0 15
17 21 10
20 0 28
20 0 4
16 19 21
19 22 31
22 2 32
21 22 27
2 4 18
6 9 3
11 15 17
10 13 15
18 20 32
20 0 31
10 13 21
5 8 17
4 6 8
0 2 11
17 20 3
18 20 7
1 4 9
0 2 23
12 15 32
8 11 25
8 11 3
11 14 25
11 15 32
11 14 30
6 9 22
11 16 25
7 10 11
1 3 23
1 5 21
5 7 14
12 16 32
17 21 35
21 1 34
1 4 12
20 22 26
18 19 14
0 4 31
4 6 27
5 9 4
7 9 25
3 6 24
0 1 14
4 7 30
10 15 30
10 13 7
5 9 28
18 22 32
19 20 8
13 15 3
12 14 29
23 1 33
13 17 35
15 16 21
6 9 4
9 12 28
22 0 21
15 18 13
5 8 18
20 22 34
12 14 23
12 15 25
8 13 20
4 7 34
1 4 3
23 4 25
6 8 9
19 22 29
2 7 20
7 11 27
8 11 5
9 12 27
3 6 8
17 19 21
8 12 33
12 15 28
20 0 1
4 8 28
14 15 11
22 1 13
18 21 22
15 17 27
16 18 4
17 21 15
8 12 23
3 7 14
5 7 26
20 23 6
18 22 13
4 7 22
18 21 35
18 20 10
18 21 19
17 22 5
12 15 19
20 22 22
2 5 30
0 2 15
21 0 33
9 12 30
21 0 27
0 4 3
7 12 1
10 13 18
5 8 20
1 4 18
20 23 17
9 12 26
6 9 13
22 3 17
19 22 14
5 7 20
20 23 21
5 8 28
10 14 1
2 5 11
15 17 30
13 15 12
20 22 3
19 22 1
21 2 7
1 3 26
12 15 32
11 13 34
12 16 12
11 14 26
2 6 7
9 13 30
4 6 1
14 15 34
7 10 7
17 20 9
12 14 30
8 12 13
21 1 31
0 3 27
1 5 9
5 10 4
3 5 13
10 12 10
13 16 17
14 16 16
23 3 10
14 17 20
16 19 3
5 9 8
19 22 16
3 6 18
4 7 4
22 0 12
23 2 28
6 8 35
22 23 10
17 20 33
1 3 3
22 23 7
21 0 26
8 12 25
0 2 13
15 20 13
7 11 26
23 3 11
1 3 11
3 5 30
15 18 9
9 13 25
23 4 5
1 4 3
18 22 28
6 8 2
20 23 35
13 15 32
7 10 23
0 3 3
19 22 27
18 22 20
4 7 13
2 6 22
17 19 16
4 7 5
9 11 6
4 8 29
18 20 12
10 12 3
12 16 19
11 14 31
12 13 29
5 9 21
17 21 35
5 8 25
19 21 9
20 23 31
5 8 3
15 18 7
4 7 19
12 15 24
15 18 15
1 4 33
2 3 28
6 8 29
16 19 24
23 1 6
1 5 14
22 3 12
18 21 34
14 16 20
11 13 13
8 10 25
21 0 35
3 6 5
16 18 30
18 21 22
4 7 10
17 21 1
2 6 9
0 4 25
23 3 33
7 11 25
22 1 17
10 14 11
0 4 18
3 6 32
19 22 31
7 8 19
3 5 3
21 0 10
6 9 18
12 16 19
12 14 20
4 8 18
8 12 22
6 8 26
17 19 23
8 11 3
4 8 17
15 18 21
14 19 23
2 5 17
21 23 17
8 9 11
23 0 14
17 21 32
16 20 18
0 5 1
16 20 29
20 23 27
8 12 20
20 0 8
4 6 24
1 5 31
12 15 8
5 8 22
23 4 2
17 20 8
20 23 8
4 10 17
2 6 34
19 0 26
3 7 11
1 5 34
14 18 15
0 4 34
20 1 31
21 2 31
15 19 29
10 12 6
17 20 3
21 0 28
18 23 5
10 13 32
0 6 25
1 4 6
11 14 20
12 15 29
5 8 31
10 13 13
20 23 29
2 5 31
5 8 17
22 2 10
10 13 22
21 0 3
23 0 17
3 7 25
15 18 17
15 16 14
14 16 12
0 2 27
11 13 18
3 7 9
17 19 2
9 12 11
20 0 11
22 2 26
11 12 21
23 4 28
9 12 1
20 20 22
12 14 19
13 18 4
8 9 20
8 12 1
14 17 7
6 8 24
11 13 21
5 7 2
18 22 14
19 22 33
4 6 33
18 21 14
15 19 1
2 7 1
16 18 16
17 20 15
12 17 21
10 14 11
16 18 26
9 11 15
7 10 22
5 7 20
15 18 3
23 2 22
11 13 27
22 1 12
4 9 21
10 13 14
7 10 32
17 20 17
9 11 20
4 7 11
6 8 29
14 17 17
16 19 3
7 10 33
4 6 8
1 3 8
21 1 13
7 12 21
18 20 16
4 7 8
15 20 4
13 15 28
4 8 30
2 3 24
11 15 13
9 13 14
16 21 33
17 21 12
2 4 16
8 11 29
10 13 31
9 12 33
13 16 3
22 1 9
8 12 10
15 19 22
0 2 24
10 14 6
18 22 30
17 20 26
22 2 9
13 16 2
17 19 35
18 20 2
9 13 25
9 13 29
11 13 7
8 10 27
6 9 1
17 20 13
2 4 16
18 22 3
12 15 20
8 9 2
16 19 7
21 23 26
21 2 22
1 4 17
14 17 24
1 5 10
7 9 21
19 23 24
16 20 2
19 23 13
15 16 27
17 20 30
17 20 8
17 19 33
3 5 32
7 12 34
23 3 31
22 23 5
16 19 17
5 10 12
15 17 32
11 14 7
16 20 16
18 21 28
10 13 29
6 10 3
7 8 11
22 0 4
22 1 17
18 19 30
13 15 7
2 6 17
4 8 19
18 21 17
12 18 27
6 9 13
14 15 18
0 4 15
4 8 5
5 11 34
0 3 12
23 1 33
10 12 10
9 12 26
10 13 22
15 21 19
6 9 15
9 13 11
16 19 28
11 14 32
2 4 2
8 11 35
4 6 20
8 11 31
11 14 15
14 18 7
0 5 28
11 14 24
8 10 8
3 7 31
15 18 35
7 10 7
6 10 32
17 20 32
17 19 15
5 7 15
21 23 10
21 0 11
5 7 6
17 19 17
1 5 5
0 2 1
23 2 7
0 2 26
11 14 35
4 7 1
23 4 28
9 12 29
16 21 16
19 22 8
0 3 28
11 15 32
18 22 32
23 1 13
2 4 10
4 6 31
8 11 15
12 15 12
7 10 25
5 8 27
2 5 6
14 18 7
2 7 15
22 0 33
9 14 12
12 15 11
21 0 16
8 10 14
18 20 13
12 14 21
0 4 11
5 9 17
8 10 4
11 14 10
8 11 27
20 0 28
7 10 28
6 7 20
15 19 13
0 3 15
7 10 6
10 14 4
16 20 23
21 0 25
9 13 29
2 4 11
0 3 2
13 16 20
0 4 34
21 0 9
5 6 30
23 1 29
9 13 26
19 21 4
9 12 25
19 23 23
0 3 14
11 16 30
0 1 20
10 12 11
21 1 29
4 6 4
7 8 35
11 13 24
23 3 15
8 12 14
7 9 21
2 6 13
14 16 1
6 8 18
17 19 25
11 14 9
0 4 3
13 18 18
15 16 22
16 19 11
20 21 25
2 6 8
1 4 7
15 17 33
4 8 23
22 0 31
13 18 24
3 5 18
7 11 20
19 21 31
1 4 6
22 2 8
9 10 10
13 18 28
1 3 16
14 18 34
2 5 22
11 15 30
10 12 2
21 1 2
10 14 2
4 7 9
11 14 18
7 10 1
1 4 29
7 9 35
6 7 8
8 11 10
19 22 13
19 22 35
1 5 23
5 9 30
15 19 17
23 2 13
2 4 12
1 4 26
4 8 33
23 2 20
11 15 3
10 11 32
7 9 26
6 10 21
15 17 3
8 10 6
1 5 20
4 7 32
8 13 32
10 10 33
10 15 6
20 0 31
23 1 15
2 4 11
21 0 7
23 1 32
19 22 25
1 6 23
16 19 35
22 1 29
16 18 4
6 9 19
5 6 32
14 19 11
2 5 2
11 12 21
5 7 26
17 20 17
11 15 34
14 19 14
11 14 30
5 9 31
10 15 28
5 8 23
10 14 32
7 11 29
10 15 2
14 16 14
5 8 28
5 7 13
20 0 7
9 13 33
11 16 22
18 21 10
8 12 28
20 0 15
9 13 30
16 19 25
21 1 28
11 15 26
20 23 29
13 16 27
22 2 9
14 16 30
5 8 30
6 8 11
14 17 24
14 18 4
21 1 32
18 20 30
6 8 12
4 8 34
18 22 6
21 1 6
12 14 35
6 8 29
22 1 31
0 4 25
10 13 31
15 17 30
19 20 29
16 19 25
9 12 15
15 17 1
15 19 12
17 20 32
18 22 28
13 17 22
7 10 29
16 19 25
7 12 20
11 13 5
6 10 21
12 16 23
13 17 8
19 23 21
14 20 1
13 15 12
19 23 28
11 14 7
13 17 22
23 3 3
22 1 20
12 14 34
16 20 3
17 21 33
0 4 24
6 8 4
17 20 12
2 5 22
4 5 22
11 14 6
10 13 14
2 5 25
11 13 24
0 4 15
13 18 17
0 4 26
21 23 29
15 19 27
10 13 31
9 14 25
21 0 14
10 14 35
6 10 13
4 7 17
5 8 13
11 16 20
10 14 31
10 13 34
22 1 5
1 4 13
16 18 11
8 12 30
1 3 10
0 5 26
3 7 14
8 9 27
7 9 14
7 9 12
7 10 2
16 20 29
12 14 19
19 20 12
16 19 20
22 23 8
8 11 28
19 21 21
23 2 32
9 12 10
5 8 33
11 13 4
17 21 13
9 13 33
19 23 34
8 9 18
6 8 15
10 13 11
9 13 31
1 4 26
3 6 6
5 7 29
15 19 4
18 20 16
16 20 35
23 3 30
1 5 19
23 3 21
5 9 3
9 13 29
0 3 27
2 6 23
14 19 26
9 12 25
13 17 8
15 20 25
10 13 16
17 20 6
10 13 11
0 2 32
8 13 29
12 14 15
21 0 8
5 7 24
23 1 1
0 4 35
12 16 12
19 20 27
21 23 14
10 13 28
18 20 33
15 20 22
12 18 22
9 13 11
22 1 20
9 13 8
15 18 23
1 4 33
8 10 2
23 1 2
16 18 23
13 16 34
9 12 17
3 7 35
17 21 7
16 19 10
6 12 33
7 10 35
14 18 18
23 3 8
1 4 8
20 22 21
1 3 5
2 4 29
21 0 33
13 17 13
7 11 33
5 10 18
8 12 10
7 10 5
0 4 11
15 19 33
19 21 19
12 17 10
14 15 11
20 22 30
16 19 24
4 8 27
14 15 14
15 17 9
20 23 21
8 11 18
12 16 11
3 5 23
22 2 25
3 4 13
18 21 9
22 1 16
14 16 9
0 3 26
14 18 32
19 21 26
21 0 3
18 22 35
13 17 24
12 14 17
4 9 33
17 19 1
19 23 19
9 12 26
13 16 18
10 12 32
12 16 21
23 4 6
20 23 10
11 14 27
15 19 19
13 16 25
7 9 26
23 2 27
9 12 2
7 10 32
15 18 16
23 3 21
19 21 16
12 14 35
12 16 27
14 15 20
10 13 30
19 21 23
23 3 24
2 4 8
0 3 7
19 22 9
5 10 5
15 18 10
16 18 26
3 5 33
9 12 14
12 15 29
1 4 18
2 4 4
4 6 31
6 9 25
13 16 7
9 11 32
17 19 19
23 2 27
0 3 12
11 14 6
11 14 2
4 5 14
2 6 5
0 3 33
20 0 16
6 9 10
16 20 3
21 1 16
11 14 2
9 13 32
14 17 8
23 1 17
20 23 28
16 19 23
18 22 5
22 1 34
17 21 28
13 17 12
15 17 34
20 0 24
22 1 19
21 0 29
2 5 12
21 0 26
1 4 15
4 7 6
6 8 10
18 20 14
4 7 34
23 1 8
9 11 14
0 4 29
0 3 32
6 11 20
20 22 10
2 3 29
10 14 35
0 2 5
4 6 7
0 4 4
12 16 11
4 7 6
18 23 32
14 20 30
0 2 24
9 12 11
16 19 34
21 23 25
18 19 35
22 1 17
13 15 8
5 8 18
16 20 3
9 11 26
5 8 31
3 5 23
7 11 29
1 5 3
4 6 5
8 12 1
1 4 9
4 6 35
10 13 20
17 21 13
10 15 3
10 13 22
8 11 15
1 5 17
23 1 3
0 3 6
14 16 2
15 20 19
11 14 21
9 14 29
3 5 35
18 22 31
9 12 35
19 21 13
22 2 21
3 6 8
19 0 11
17 22 4
17 21 18
22 3 32
12 13 16
4 8 28
6 9 15
7 10 17
23 1 7
3 7 22
0 4 11
0 4 19
19 21 13
7 11 7
21 2 2
19 21 11
7 10 18
13 16 32
18 21 25
3 5 24
4 7 32
12 16 14
22 3 33
6 11 35
16 20 16
22 0 5
9 13 26
15 17 7
0 3 15
9 11 32
20 0 23
17 21 19
14 17 5
7 12 8
4 7 28
1 5 14
2 6 23
20 22 25
12 15 8
15 18 7
9 11 34
2 5 3
7 10 22
5 7 7
18 22 31
12 16 16
22 1 19
18 20 34
14 18 28
20 23 22
17 20 33
7 9 28
11 15 14
23 1 4
9 11 6
10 12 9
20 22 30
19 22 16
6 11 2
2 5 4
16 19 1
2 5 24
19 21 13
3 6 8
12 16 28
9 11 16
5 7 2
22 1 16
21 22 27
9 14 24
16 20 3
11 13 27
7 10 7
11 13 23
21 1 22
11 14 28
9 12 35
23 3 31
9 13 24
2 4 27
9 11 8
2 5 31
19 21 24
0 4 13
22 1 6
13 18 26
9 10 2
22 23 21
2 5 16
11 13 22
3 7 25
18 0 10
21 0 16
3 7 10
13 16 29
11 15 1
5 8 27
8 11 25
20 0 32
22 2 25
8 11 21
8 12 9
7 9 20
2 4 7
4 6 5
12 15 23
22 1 14
12 14 8
16 20 28
10 12 29
13 17 13
11 14 24
5 9 10
13 18 7
23 3 24
17 20 24
17 19 1
15 19 35
20 0 5
17 21 34
0 4 19
1 5 25
13 19 4
1 4 20
10 13 32
2 4 20
2 7 24
7 10 6
11 13 8
12 14 31
11 14 24
15 20 11
18 22 26
15 16 1
11 15 3
15 19 19
10 14 20
8 11 7
3 6 5
7 9 19
1 4 29
11 14 35
2 5 3
8 11 15
21 23 13
0 2 4
21 23 11
12 14 26
10 13 29
11 12 25
6 10 20
0 1 13
5 9 16
1 5 7
17 21 34
4 8 32
22 1 3
20 0 26
1 4 1
8 11 10
19 22 2
4 8 2
7 10 18
