10000 39
1 18 20 2 34 12 21 30 30 4 34 15 29 35 19 10 4 24 2 15 20 36 37 32 34 18 1 18 11 27 14 1 29 37 11 37 16 21 22 
17 19 34
12 16 18
13 16 14
9 12 36
21 0 31
21 0 7
19 22 20
20 22 4
8 10 17
10 13 17
10 14 2
8 14 34
9 9 37
9 12 14
19 22 9
23 3 11
5 9 16
3 6 5
14 17 23
1 3 24
2 4 38
4 7 28
12 15 18
21 0 5
23 2 20
13 16 31
12 15 10
12 15 5
9 12 12
19 22 38
0 1 32
23 2 27
10 14 13
5 9 30
19 21 14
12 16 15
14 19 32
2 6 1
7 10 17
9 12 20
14 17 5
3 6 4
8 12 9
4 6 10
16 19 27
19 23 37
3 5 32
14 18 20
21 0 34
17 20 27
11 12 25
2 7 39
12 15 37
23 2 1
22 2 4
9 12 7
8 13 14
5 7 30
10 13 10
21 0 26
14 17 1
23 3 31
17 20 13
15 16 19
11 13 18
21 23 21
21 0 33
12 15 28
6 9 35
21 2 20
22 23 10
15 19 8
2 6 11
16 19 19
7 8 13
22 2 18
13 14 38
12 15 18
15 18 14
7 10 9
13 14 22
10 13 35
12 14 7
17 20 16
21 21 36
20 22 35
5 8 12
22 0 11
9 11 37
6 10 39
3 6 14
9 11 31
23 2 24
1 4 7
7 9 13
1 4 7
5 8 18
0 3 1
15 19 15
17 20 2
22 1 8
6 8 13
16 19 8
22 0 33
5 6 28
10 12 28
21 0 25
16 19 26
3 7 33
16 18 21
18 21 14
19 22 10
7 8 33
21 1 14
7 9 24
12 16 21
22 2 32
8 11 17
7 10 19
13 15 31
0 2 7
15 19 19
9 12 3
8 11 24
20 22 21
11 14 12
19 22 30
5 7 25
8 12 28
23 2 36
4 8 22
8 10 18
6 9 35
13 16 28
23 3 23
18 20 11
20 23 35
5 6 18
15 17 32
3 6 33
9 12 22
14 17 31
16 20 17
14 19 30
5 8 25
11 13 20
11 14 22
20 0 5
8 11 19
8 11 3
6 9 12
3 7 6
2 6 2
16 20 7
14 18 3
19 0 12
7 10 26
9 12 39
9 12 22
0 3 37
5 8 20
16 19 1
1 5 12
10 15 9
6 9 29
11 16 21
17 20 6
19 21 16
13 17 32
13 15 36
13 17 4
22 1 11
9 13 39
1 3 32
21 0 26
19 21 32
21 0 10
18 22 31
18 20 32
10 13 29
12 15 33
1 5 13
12 14 26
10 12 11
19 22 28
18 21 21
12 15 32
5 9 26
4 8 2
23 2 23
5 9 12
4 6 14
23 3 11
21 23 16
14 19 29
8 10 36
13 15 14
1 4 26
3 6 10
17 21 1
19 22 28
22 1 29
0 3 22
5 7 19
5 8 17
14 17 38
5 8 13
13 15 17
4 7 19
8 13 19
23 0 23
20 22 13
19 22 12
13 15 7
1 3 6
22 1 35
7 10 33
11 15 2
4 5 30
2 6 8
7 10 1
20 22 3
16 18 28
16 20 33
18 21 18
18 23 6
15 19 8
7 11 20
5 8 38
6 10 37
10 12 18
19 21 16
12 16 27
17 19 25
17 20 19
3 6 6
19 23 25
23 2 8
6 9 3
7 9 12
11 15 12
2 4 18
10 13 39
9 12 4
11 17 7
16 18 13
22 1 30
3 6 24
19 21 14
9 12 18
23 2 34
19 23 26
7 8 25
17 19 3
11 13 34
4 7 34
17 17 33
21 0 16
1 5 29
15 17 22
17 19 31
8 12 1
2 5 5
20 23 13
6 9 28
7 10 11
21 3 23
1 3 18
23 2 22
5 7 18
17 20 23
23 3 21
3 7 27
22 3 35
18 21 6
6 9 22
11 13 8
0 3 25
3 4 9
19 23 7
0 2 31
15 18 35
17 21 32
6 8 34
14 16 1
18 20 6
11 15 27
1 5 7
20 22 2
14 16 30
5 7 16
9 12 25
22 1 8
15 18 24
9 13 33
8 10 10
4 6 38
9 11 21
16 19 18
13 17 8
8 12 27
18 23 10
13 16 28
13 16 3
22 23 27
13 16 33
1 4 5
14 17 36
19 21 16
8 11 37
15 19 9
15 18 36
0 1 26
6 8 22
6 9 1
1 3 27
5 8 15
16 17 30
15 19 37
20 23 16
0 2 25
21 23 10
6 9 37
2 6 33
15 16 6
23 2 9
1 3 16
7 11 24
13 15 26
9 12 8
10 12 12
21 22 8
23 3 22
19 22 4
16 20 14
23 1 17
10 14 4
4 6 33
20 0 23
12 18 14
7 10 27
13 14 24
20 23 21
4 7 9
2 5 16
19 22 19
12 13 38
4 5 15
18 21 7
16 20 25
21 1 38
6 9 27
3 5 5
6 11 22
6 10 28
4 7 36
16 19 23
18 21 39
14 17 36
20 23 4
21 22 18
16 21 37
6 8 3
16 20 39
10 13 17
22 0 26
14 18 2
8 11 33
1 4 25
20 23 39
17 22 14
18 20 17
18 21 27
14 16 24
8 12 4
0 1 4
9 12 20
2 5 9
0 2 29
19 20 8
20 0 2
18 20 5
1 3 32
8 12 29
18 21 18
14 17 31
8 11 39
1 5 1
20 23 8
6 8 2
12 15 3
1 2 34
23 3 38
16 20 12
23 3 14
16 18 1
7 10 22
6 10 39
6 8 10
9 13 3
2 4 28
10 12 27
18 20 32
13 15 39
6 8 29
0 2 17
7 10 30
10 13 5
14 18 16
13 17 12
17 18 7
4 6 21
23 3 20
5 8 5
13 15 3
10 12 39
13 15 19
6 10 17
19 22 23
21 1 33
12 15 30
19 1 21
19 23 19
23 5 24
17 21 24
14 18 25
18 21 4
0 3 31
13 15 4
19 0 20
8 12 9
3 6 4
8 9 16
16 19 39
8 8 18
20 0 23
23 3 8
7 11 26
21 0 2
2 6 35
12 15 24
10 13 34
20 0 38
6 10 16
9 13 8
16 20 18
4 7 8
21 0 11
19 20 10
5 8 32
22 4 3
23 2 24
4 7 6
11 15 35
0 3 1
21 2 35
4 7 30
22 1 24
3 6 1
16 22 23
11 14 15
23 2 1
8 10 19
8 12 2
17 23 20
10 14 28
16 18 36
9 13 8
10 14 27
20 22 21
11 13 7
0 1 3
23 2 39
2 6 28
16 19 13
17 21 17
20 22 9
19 23 36
6 9 10
6 11 12
14 17 14
2 6 12
13 16 23
6 8 31
9 12 13
1 3 10
2 6 25
13 18 26
4 8 13
4 5 5
17 20 13
15 18 35
21 0 32
19 18 34
6 10 21
0 1 9
6 10 28
15 19 19
22 2 34
20 23 33
1 3 34
17 21 4
0 3 35
4 5 26
14 17 33
23 2 32
8 11 7
10 14 10
10 13 23
16 17 14
1 5 39
14 19 16
15 17 28
19 21 6
3 5 7
11 15 20
14 17 28
7 10 29
2 4 33
2 5 14
8 10 11
23 3 9
3 5 36
19 23 1
15 19 12
5 9 11
14 17 39
23 0 30
20 23 3
22 2 17
4 7 8
4 7 35
5 10 3
14 16 18
3 7 26
19 22 4
11 14 23
8 11 16
1 3 27
14 17 22
21 23 24
14 18 22
17 21 1
9 11 2
11 14 9
4 8 29
7 9 24
15 19 36
15 19 30
4 6 9
4 7 10
0 4 36
4 7 37
1 4 25
18 20 35
23 2 16
22 1 22
22 0 10
17 21 26
6 8 20
6 8 22
17 20 8
16 20 36
18 21 4
22 1 24
10 14 25
14 18 3
9 14 30
3 6 34
12 14 1
7 9 30
5 10 11
22 2 10
22 2 26
11 14 11
17 20 16
10 11 25
5 8 14
1 3 15
4 7 4
0 2 38
21 0 17
21 1 28
11 13 34
18 18 39
23 2 14
5 6 12
1 5 26
11 14 2
17 22 10
21 0 18
22 0 9
1 7 24
6 12 1
10 12 30
18 21 15
21 1 9
1 0 18
20 23 10
9 13 11
9 12 37
6 8 17
0 2 20
12 16 17
9 12 22
5 10 6
16 17 9
14 16 2
17 18 29
11 14 23
19 23 39
14 17 26
11 14 1
17 19 37
8 10 35
6 8 31
3 7 15
12 14 10
8 12 39
2 6 9
23 1 13
15 17 13
18 22 1
14 16 6
7 10 31
18 22 33
12 16 37
15 18 9
15 17 33
8 11 32
9 12 25
1 5 2
14 19 31
15 17 21
20 23 31
10 13 19
3 7 24
12 15 11
0 3 32
6 8 38
23 2 24
5 6 4
12 15 17
9 11 24
4 6 11
3 6 1
19 20 18
19 22 35
23 2 24
8 12 37
7 11 21
12 15 27
20 23 7
9 12 1
18 23 34
22 1 15
19 23 28
5 9 8
21 1 20
15 18 31
22 1 13
8 11 9
6 8 6
0 3 12
6 10 18
10 14 34
9 13 29
3 6 28
4 8 32
2 5 32
8 12 38
23 3 5
0 2 36
8 12 5
3 8 30
8 11 20
10 12 22
9 13 29
3 5 2
10 13 20
18 21 31
5 8 29
2 4 35
1 3 8
11 14 35
12 17 4
16 20 15
8 11 19
14 18 27
22 2 14
11 15 25
14 16 36
0 2 11
2 5 26
23 1 21
19 1 33
3 6 30
4 6 16
4 10 17
16 21 26
4 8 26
6 9 2
19 22 22
19 22 15
16 19 19
18 20 17
16 19 13
1 2 2
15 19 4
9 12 10
10 14 14
8 15 37
4 7 27
15 17 4
6 8 36
9 13 15
1 3 34
3 6 17
5 8 2
14 19 6
17 19 6
12 15 8
0 2 27
4 7 24
16 20 2
5 8 5
15 17 7
13 18 9
17 22 17
8 10 5
13 16 35
14 19 16
9 12 9
10 12 28
14 17 33
10 13 20
10 12 14
0 4 35
20 23 5
0 2 35
4 7 34
17 21 35
10 13 18
4 5 3
2 5 39
1 4 24
2 4 38
11 14 32
12 13 25
23 3 11
4 9 10
8 9 26
0 4 8
22 2 39
8 12 35
7 10 16
5 7 19
23 1 39
14 17 27
1 2 7
22 0 28
17 20 27
16 20 12
13 16 27
14 16 8
10 13 1
9 14 11
2 7 4
11 14 33
15 20 30
2 4 19
10 12 19
7 9 21
4 4 35
11 13 7
20 22 3
20 1 31
11 14 4
4 7 32
7 11 35
5 7 1
3 6 2
21 1 30
22 0 4
23 2 26
19 21 1
14 16 17
9 12 18
19 22 39
21 23 18
22 1 11
4 7 37
3 5 32
22 23 7
6 10 2
6 10 34
12 16 26
18 22 7
16 19 12
15 18 21
14 17 12
1 3 3
18 22 20
1 4 9
6 9 6
13 17 28
14 17 7
22 1 6
22 1 5
8 10 18
3 5 14
12 15 7
10 13 31
7 11 19
21 0 2
20 23 33
10 11 27
3 6 32
1 4 37
3 7 5
14 17 23
3 6 24
12 16 9
22 2 28
11 15 8
13 16 2
14 17 14
20 23 20
14 17 6
0 2 32
10 12 12
15 17 6
11 13 18
15 19 8
4 6 15
22 3 9
23 1 15
1 3 4
17 21 3
9 13 36
0 4 31
20 23 2
8 13 18
5 7 17
2 5 24
8 9 15
12 15 28
1 4 39
21 23 7
8 11 22
18 21 30
13 17 34
10 12 5
4 8 34
16 18 37
1 4 33
5 6 30
23 2 6
6 10 1
15 20 20
21 23 38
13 17 21
22 0 30
20 23 29
3 5 12
7 9 31
4 8 33
16 19 36
17 18 9
3 5 11
3 7 4
13 16 27
6 8 21
6 8 30
12 16 9
9 12 9
21 23 10
16 18 20
8 9 35
1 4 29
13 15 14
13 15 26
13 17 9
23 1 18
1 5 11
17 20 38
10 14 8
15 18 36
3 6 34
13 17 33
13 15 11
17 20 6
10 13 30
2 4 24
15 18 25
17 19 14
7 10 14
5 8 30
20 23 35
14 17 13
3 7 2
9 13 6
9 12 28
19 22 25
20 0 28
23 3 36
3 7 21
16 19 10
0 4 34
16 21 27
20 23 18
1 6 34
20 22 37
17 20 22
19 20 30
8 11 4
2 4 23
21 1 6
6 9 15
22 0 5
15 19 2
14 17 23
18 20 19
23 2 20
10 13 22
11 14 29
1 4 3
0 3 11
18 21 18
5 7 36
6 9 25
20 22 38
0 4 11
18 21 8
16 20 39
21 23 37
12 14 28
15 15 3
6 8 18
18 22 39
2 6 24
6 8 33
5 7 28
12 16 27
23 2 13
11 14 1
6 9 25
3 5 11
11 14 18
16 19 37
13 16 7
13 17 33
15 18 30
14 18 35
1 3 35
2 7 22
20 23 28
7 9 27
8 11 10
9 11 4
12 15 36
22 0 13
3 7 34
19 22 14
11 14 27
21 23 29
5 10 35
5 7 19
15 18 6
5 8 24
4 6 19
13 15 29
2 5 4
19 22 16
9 13 31
3 7 25
21 1 22
10 13 3
7 11 37
4 8 19
17 20 29
23 1 23
17 19 25
16 17 9
10 13 29
0 4 12
1 6 9
1 5 15
20 0 33
19 22 19
10 12 5
19 22 9
21 0 8
6 9 4
5 9 38
4 7 20
3 6 38
9 11 19
10 14 8
10 13 8
22 2 22
3 7 11
20 0 26
6 9 27
8 11 4
13 15 25
20 23 22
18 20 34
9 11 17
6 9 26
23 1 25
19 0 13
9 11 34
9 10 30
2 4 22
2 6 20
8 10 21
22 0 3
3 6 18
3 7 36
17 18 23
9 10 21
13 16 2
12 15 4
0 5 21
9 10 35
23 1 29
9 13 11
3 6 9
12 15 12
22 22 25
4 7 10
13 17 22
14 19 28
23 2 39
23 1 39
17 20 9
16 20 37
17 20 27
22 2 14
12 15 16
19 22 29
1 5 37
9 12 27
3 4 35
3 6 10
19 23 27
21 1 32
12 13 3
13 16 39
6 10 21
21 1 21
21 0 21
15 17 8
22 2 18
23 2 16
7 10 26
9 13 29
4 8 31
16 17 27
5 8 4
19 23 14
3 7 13
9 11 19
23 2 38
13 16 32
21 23 32
15 17 14
16 18 38
19 23 22
5 8 27
7 10 2
18 22 5
18 23 15
23 2 18
9 12 37
18 20 25
14 18 33
7 10 10
8 10 6
22 0 15
0 3 39
11 15 32
10 13 31
22 1 26
23 4 15
10 14 10
7 10 4
1 4 13
11 16 37
18 21 6
15 18 2
9 13 13
7 11 32
4 7 19
5 9 25
5 8 5
12 14 21
8 12 27
15 17 28
13 16 34
7 10 25
0 3 4
5 8 22
21 0 14
2 4 13
3 6 37
5 6 7
17 21 15
21 1 3
0 2 20
1 3 24
6 9 13
9 13 17
7 9 23
15 20 29
16 18 30
23 4 22
9 14 13
9 13 15
1 5 9
13 16 34
19 21 34
9 11 3
12 15 39
6 8 2
19 22 37
14 16 20
10 12 6
5 10 12
15 17 28
8 11 35
4 5 21
23 2 9
0 3 12
3 7 3
17 21 39
9 12 14
12 16 19
6 9 25
23 3 2
15 15 12
20 23 17
3 4 22
9 11 23
7 9 23
23 2 3
22 1 10
3 7 6
14 19 23
18 20 34
10 15 27
16 20 29
12 15 19
21 1 29
9 12 32
7 8 1
6 9 8
8 11 31
13 16 22
0 2 10
8 9 26
12 13 11
15 18 22
12 13 9
18 21 36
18 21 4
9 12 34
2 5 21
3 6 10
21 23 5
2 5 35
22 23 21
1 5 9
12 15 22
12 16 36
11 15 22
17 21 12
23 1 34
4 8 21
23 1 26
23 1 29
15 19 9
13 17 14
6 9 31
15 18 9
11 17 26
16 20 13
11 14 26
2 4 6
4 7 7
3 5 5
6 9 5
17 22 1
1 6 3
23 1 10
8 11 21
7 11 13
7 8 35
19 22 26
22 1 28
16 21 24
2 7 18
6 8 12
10 13 13
10 14 33
10 12 21
14 17 13
4 7 21
20 0 35
12 16 11
22 0 37
1 2 26
17 21 28
22 1 2
13 16 39
6 8 6
2 4 35
8 12 27
21 23 17
18 20 24
18 20 15
8 13 22
13 17 10
4 7 20
9 11 6
22 2 22
23 3 14
5 8 19
5 9 37
8 12 38
23 2 28
13 16 18
9 12 4
1 4 3
0 4 30
6 9 20
19 23 35
23 1 32
23 2 16
17 20 37
5 7 27
9 11 19
0 4 11
4 5 16
21 0 20
10 14 11
6 10 22
4 7 19
8 12 8
3 6 18
6 10 38
23 3 21
5 7 15
17 21 39
16 21 37
13 16 24
19 22 7
13 15 24
0 5 33
19 0 26
9 13 3
12 15 3
5 9 8
18 21 11
10 14 4
20 21 24
0 3 18
12 15 17
2 5 37
12 14 12
6 9 22
4 8 4
3 8 39
13 14 20
9 12 13
5 10 36
1 6 9
13 17 16
2 5 39
0 2 26
17 19 22
12 15 32
3 5 25
22 1 38
22 0 9
3 6 35
16 17 23
18 21 1
17 20 3
19 23 38
15 20 5
2 5 29
10 13 31
10 13 34
1 3 8
9 13 18
21 0 33
8 9 8
18 20 32
5 9 18
1 3 14
14 18 24
11 14 5
14 16 1
1 4 35
1 5 39
11 13 39
12 14 30
8 10 33
3 6 14
10 12 20
2 6 1
5 8 1
3 5 11
0 3 4
10 13 14
19 22 17
19 22 26
12 15 32
8 11 12
16 20 20
15 18 34
1 4 6
20 21 19
4 8 25
21 1 22
20 22 2
14 17 25
20 0 5
16 19 3
3 7 20
8 11 20
2 5 12
23 3 13
6 9 20
8 11 30
9 12 26
11 13 21
17 19 37
13 17 10
5 8 29
17 19 38
22 1 16
9 10 31
18 21 30
18 21 24
7 11 35
14 18 1
18 21 20
21 2 38
8 11 14
13 16 18
15 19 22
8 12 19
3 6 29
15 17 23
6 10 1
3 7 10
5 7 34
3 7 1
14 17 29
13 16 28
5 7 39
9 11 24
2 4 4
20 22 39
23 4 37
12 15 19
19 22 25
17 20 4
14 15 16
11 13 15
18 22 9
3 5 15
2 6 8
12 14 19
13 15 17
6 9 28
15 19 4
10 13 22
21 2 8
5 8 37
13 16 30
12 16 17
10 14 19
3 6 37
7 11 3
0 3 36
14 18 23
13 14 35
17 21 11
5 8 18
7 12 35
14 17 10
14 16 37
8 11 23
18 21 25
15 17 6
5 8 2
7 10 32
0 1 27
8 12 21
11 15 4
20 0 7
5 9 16
17 18 5
20 0 36
16 21 22
13 16 21
18 19 12
20 22 29
3 5 16
12 15 17
6 9 11
23 2 21
16 20 23
1 6 6
23 3 6
21 23 27
21 0 29
21 0 11
2 7 37
1 3 5
8 11 12
7 9 21
8 12 5
18 22 2
10 15 24
15 20 11
11 13 18
16 19 21
18 20 10
6 8 35
19 22 32
4 8 9
3 8 24
12 14 34
13 14 30
9 11 8
6 10 39
20 23 3
12 16 39
19 22 28
4 7 34
16 19 9
20 0 2
19 22 25
1 4 16
4 8 6
13 15 5
1 4 8
9 10 23
5 9 13
13 14 8
9 11 15
4 10 8
12 16 20
7 10 36
15 18 23
17 21 10
1 4 2
17 22 30
4 7 21
0 5 22
8 11 9
7 9 16
2 3 11
0 3 10
6 9 37
22 3 12
9 13 2
2 6 5
21 23 33
17 20 19
16 20 9
0 3 38
2 6 9
5 10 14
4 7 31
11 15 27
15 17 5
16 19 22
10 12 17
5 7 3
7 11 6
4 5 4
23 2 2
21 1 22
13 16 31
5 8 20
12 17 19
23 2 38
8 10 26
4 6 8
1 7 21
20 23 23
22 0 25
7 10 24
4 6 9
4 8 30
16 21 25
18 20 6
23 3 37
0 4 28
4 7 4
9 13 10
6 7 10
23 0 2
11 14 29
2 3 37
3 7 29
11 15 8
5 8 18
18 22 15
16 20 38
5 8 22
5 6 24
13 16 19
19 23 3
17 21 12
14 17 39
14 17 6
16 19 39
12 15 6
19 21 38
4 6 25
2 5 23
7 11 32
21 22 13
15 18 29
14 17 6
18 21 20
21 0 5
12 15 4
17 19 26
14 17 18
10 13 12
11 15 5
19 21 13
0 4 24
8 9 22
7 10 6
19 22 34
19 23 23
10 13 15
20 22 32
13 16 39
16 19 17
14 16 27
8 12 11
1 3 36
21 23 35
22 2 13
3 6 16
16 19 8
3 7 27
21 3 27
9 12 4
0 3 23
14 18 39
13 18 8
13 14 19
12 14 6
20 0 19
20 21 18
10 12 8
6 8 31
22 2 2
19 22 17
2 5 36
10 14 32
2 4 26
10 13 13
6 8 6
12 15 6
15 16 32
13 17 26
9 13 29
1 5 23
16 19 36
3 5 23
4 7 9
20 22 9
1 5 24
14 18 6
23 2 27
12 15 14
13 16 6
4 6 39
8 12 22
19 22 14
12 14 30
0 4 26
13 16 17
19 23 14
16 20 39
0 4 7
22 0 7
21 23 11
21 23 21
1 3 17
6 9 38
9 11 37
1 4 13
0 2 24
2 7 2
14 18 17
14 17 39
20 22 17
9 13 21
12 15 6
8 12 36
6 8 5
17 20 22
2 4 26
7 10 31
12 14 5
12 13 28
15 19 37
10 15 21
4 9 27
17 20 20
14 14 3
19 22 15
12 14 10
16 20 39
6 11 23
5 8 35
1 6 7
6 10 8
19 19 35
8 11 37
8 11 32
5 10 5
13 15 36
5 6 8
23 2 5
23 4 16
10 13 35
20 22 30
6 9 14
19 22 33
5 7 37
16 19 22
8 9 20
9 13 28
11 13 34
14 16 26
19 22 3
21 0 4
6 8 13
7 11 31
16 20 29
20 22 1
13 17 3
13 17 8
0 3 37
4 8 38
19 21 37
20 22 10
3 5 14
1 2 5
12 16 12
14 15 27
20 23 29
22 1 27
5 6 27
21 0 10
8 10 38
6 10 16
13 16 11
18 21 38
4 6 33
18 21 10
23 4 34
22 1 10
12 16 11
3 7 24
8 11 15
18 20 28
22 1 10
6 9 30
1 5 16
23 2 38
16 19 39
16 21 11
0 2 8
19 23 3
19 22 8
10 13 27
0 3 21
1 4 16
19 22 17
20 22 18
19 23 33
8 12 39
15 18 2
5 9 34
2 5 11
12 14 27
3 5 28
12 16 10
1 4 36
13 15 2
1 3 22
18 23 22
16 19 26
22 23 8
5 9 27
17 20 37
22 1 14
0 2 27
17 21 34
10 14 25
15 18 1
2 5 13
16 21 18
18 20 15
10 13 21
5 8 37
9 12 8
2 4 36
22 1 28
9 14 29
23 1 3
10 13 7
18 22 22
21 0 21
12 15 17
12 17 21
19 22 4
23 1 24
9 13 27
9 13 6
15 20 28
1 6 34
20 0 24
0 2 32
1 3 38
2 5 11
3 5 25
23 0 2
9 10 28
21 0 9
12 17 27
2 7 31
0 4 10
16 18 38
0 4 8
23 1 24
10 13 22
19 23 16
15 19 12
9 12 21
17 19 13
5 9 11
17 22 25
18 21 17
11 14 32
14 16 38
11 12 31
15 17 8
18 21 29
23 2 32
14 15 18
1 4 11
21 23 33
23 1 26
4 6 1
22 1 18
13 16 23
4 8 31
15 19 23
22 23 15
20 22 30
5 8 30
13 17 2
13 15 5
3 6 35
11 14 1
17 22 32
11 14 1
2 4 13
16 20 39
6 8 9
17 19 26
4 6 7
10 13 9
12 15 29
18 22 12
5 7 4
20 23 33
4 10 28
6 8 28
17 19 29
12 15 38
15 18 28
10 13 22
3 7 33
17 18 29
20 23 24
17 21 3
14 18 36
9 13 2
8 11 39
22 0 2
5 7 22
15 17 11
18 22 37
17 19 28
15 17 9
11 16 24
12 14 2
16 18 31
15 18 16
18 21 29
4 7 33
1 4 19
14 19 27
22 1 20
13 18 39
21 1 12
12 15 35
10 13 29
19 22 11
14 16 11
21 23 21
20 22 8
2 3 37
12 16 27
8 10 27
15 18 31
5 6 7
3 6 39
9 12 32
23 1 18
7 9 33
8 12 4
19 21 38
23 2 14
11 15 29
19 21 24
7 11 8
22 2 28
9 13 2
5 7 1
11 15 14
20 22 2
17 20 33
16 18 11
5 9 39
11 15 31
19 22 16
13 17 9
15 17 11
18 20 37
5 8 2
4 5 1
5 8 37
7 10 1
3 6 20
19 22 8
16 20 31
14 16 22
18 22 24
17 20 30
11 17 39
2 5 33
19 22 33
8 10 27
7 9 22
15 16 6
21 22 7
22 1 29
21 0 39
17 19 26
0 5 35
5 8 38
20 22 5
17 21 32
18 20 17
14 17 5
17 20 22
12 14 18
4 7 28
10 13 15
22 1 28
21 1 9
6 9 22
4 7 28
13 15 36
8 11 36
8 12 22
4 7 11
0 6 27
6 9 35
20 23 1
7 10 26
16 20 38
6 9 20
20 1 38
10 13 33
3 6 34
4 9 13
0 2 27
17 21 30
11 14 18
1 5 7
17 19 11
19 22 14
4 6 33
9 11 39
2 4 9
4 8 25
14 16 20
18 22 8
4 8 8
14 15 31
14 17 10
7 8 6
18 21 2
3 7 30
14 17 5
12 16 5
17 22 37
8 11 36
0 4 5
13 18 28
9 11 32
15 18 2
16 20 14
7 10 37
6 9 15
20 23 33
15 19 32
5 8 17
0 4 18
12 14 31
0 4 3
4 4 35
5 8 8
1 4 22
9 14 32
7 10 25
0 1 11
14 17 31
11 16 30
23 1 15
22 1 3
18 22 29
22 23 24
4 7 21
5 8 31
11 15 35
0 4 25
12 16 38
0 3 25
0 2 4
16 19 4
13 17 21
10 13 36
23 0 24
20 23 10
22 2 11
22 0 12
12 15 5
9 9 14
9 13 6
18 21 7
21 0 19
22 2 9
22 2 29
15 17 15
23 3 24
18 21 21
22 1 10
5 8 16
16 19 15
19 0 23
20 23 5
12 15 11
13 16 19
22 1 15
19 21 35
9 13 14
3 7 14
21 3 11
16 19 11
0 2 25
7 11 34
15 18 4
10 12 24
21 22 31
0 3 22
2 5 36
3 6 17
12 16 23
0 5 24
19 23 24
7 10 30
14 17 9
1 4 3
15 18 6
23 4 26
13 16 30
15 20 38
12 15 17
1 3 1
6 8 9
17 20 39
23 2 34
12 14 8
16 18 22
3 6 17
1 4 37
23 1 23
3 5 18
12 14 2
4 8 31
17 21 38
19 22 20
2 5 9
7 11 2
3 6 22
18 21 32
9 12 33
2 7 7
16 18 18
15 16 20
21 23 23
16 21 5
13 16 19
18 20 24
21 23 24
13 17 22
11 14 28
21 1 37
0 3 23
0 2 31
5 7 31
20 21 12
19 22 25
6 8 15
1 4 9
15 16 33
8 10 9
8 10 15
20 0 39
16 19 28
1 6 25
20 0 5
8 11 21
3 8 20
13 15 3
6 10 21
7 10 11
23 1 10
20 0 27
20 22 36
4 6 14
2 5 2
12 15 16
14 16 16
0 1 9
11 14 8
12 15 32
2 4 30
12 14 4
9 11 36
8 11 18
4 6 36
3 6 32
7 12 20
4 9 15
8 13 7
22 23 38
6 10 23
17 20 31
7 10 1
17 20 32
13 17 4
2 5 36
3 6 18
9 11 28
23 1 36
11 15 9
7 11 34
13 16 26
23 3 34
3 5 23
13 14 8
19 23 34
3 4 16
0 3 35
10 13 7
16 18 18
11 12 6
11 12 29
15 16 25
3 5 4
8 10 25
14 17 12
11 13 6
6 8 26
23 3 37
14 18 38
2 4 36
17 21 14
2 5 24
1 5 37
18 20 15
6 9 2
13 16 10
18 22 15
1 3 39
8 11 12
9 12 15
11 15 5
3 6 11
3 5 34
23 3 28
17 21 14
0 2 29
14 18 25
8 10 2
22 4 14
23 4 2
23 0 2
5 9 18
23 1 33
3 5 31
18 22 35
18 20 15
4 6 38
10 13 11
10 15 5
7 10 35
5 8 16
3 7 21
11 14 37
22 1 22
7 11 33
16 19 11
9 12 38
13 17 11
14 17 5
11 14 1
9 11 28
9 12 27
11 15 23
5 8 16
6 8 33
18 23 10
8 11 13
5 7 25
22 0 35
11 15 16
10 11 19
1 5 8
6 10 17
6 8 10
3 5 21
15 19 24
16 18 11
22 0 11
19 22 26
11 12 32
1 4 34
11 15 15
18 21 20
12 16 31
23 2 14
17 20 11
16 21 16
18 21 13
18 21 16
11 16 33
17 21 7
0 3 2
4 7 24
7 9 9
21 23 8
4 6 31
13 17 37
21 1 19
20 0 13
17 20 29
10 13 18
21 1 22
17 18 36
6 10 19
13 17 26
5 8 25
4 5 20
16 19 1
5 8 34
21 0 13
12 15 22
1 4 6
3 6 5
0 4 5
7 7 9
7 9 1
23 2 14
7 9 11
2 6 30
5 8 9
13 14 24
15 18 38
23 1 15
21 0 12
13 16 27
15 18 32
13 14 23
12 15 25
11 14 6
5 7 13
21 23 9
14 18 33
21 0 22
15 19 16
13 16 38
11 14 34
8 10 7
5 8 11
7 9 26
5 7 7
13 16 33
20 23 33
13 16 24
9 11 13
22 1 2
15 19 32
3 7 30
18 20 30
6 11 8
9 12 3
17 21 25
14 17 36
6 11 34
10 14 20
17 20 33
2 6 17
9 12 38
19 22 24
18 23 34
9 13 17
6 9 16
7 9 33
17 21 14
6 10 23
8 11 1
19 22 14
16 20 17
12 14 38
3 7 25
16 19 25
9 12 14
9 11 17
0 2 14
8 11 38
19 22 19
5 9 16
4 7 12
4 6 3
11 13 16
21 2 37
2 4 37
15 18 16
21 23 6
23 1 24
8 11 14
4 5 34
16 17 22
22 2 31
7 12 32
0 2 36
2 7 39
16 19 39
20 23 2
4 8 4
10 11 13
8 10 36
4 8 17
16 21 39
4 8 5
10 12 37
5 6 20
4 7 27
18 22 7
17 20 24
16 20 5
22 0 30
2 7 1
14 16 6
1 5 2
7 9 8
15 17 28
21 0 18
11 15 25
1 3 2
3 5 37
15 20 18
6 9 22
2 5 26
12 15 30
19 21 36
0 1 5
7 9 39
13 16 2
1 5 8
11 15 5
9 11 34
23 2 34
1 3 27
9 13 39
13 17 14
7 10 38
0 4 32
20 23 14
13 16 37
7 11 3
14 17 9
13 15 11
19 21 26
8 11 16
22 1 8
18 21 14
11 15 18
17 20 4
4 8 36
21 22 23
16 16 27
11 13 27
3 6 38
22 1 11
22 1 12
7 9 18
5 9 17
22 1 8
8 12 38
21 22 37
11 13 10
20 22 31
22 1 3
1 4 18
5 9 6
21 1 34
22 1 36
2 5 35
19 21 32
6 11 22
19 22 35
15 17 23
5 8 2
11 14 7
10 14 27
22 2 10
6 8 24
22 2 3
4 7 37
18 21 19
0 3 5
10 12 25
15 19 29
1 4 12
15 19 14
13 17 8
2 5 6
3 5 7
16 20 12
3 6 38
1 3 27
17 19 6
16 19 25
6 9 32
20 22 30
22 2 31
22 3 14
13 19 17
22 2 2
10 11 36
1 5 5
11 16 14
0 5 2
11 13 37
11 14 8
16 20 1
1 5 38
18 22 8
19 21 18
23 3 29
21 0 1
14 15 13
5 7 18
18 21 13
1 5 26
14 19 25
1 3 19
12 16 27
23 0 25
8 11 23
0 3 34
15 19 36
8 10 31
10 14 14
12 14 6
14 18 39
6 9 33
22 1 6
16 19 8
6 10 27
11 14 2
15 20 5
2 4 25
6 10 18
12 16 37
20 0 11
6 10 26
16 19 29
20 0 20
4 7 19
21 23 24
11 15 27
7 11 24
22 1 20
2 4 25
20 22 6
13 16 22
9 10 6
22 1 27
13 14 12
5 9 11
15 17 4
4 6 35
16 20 36
13 15 28
6 10 12
20 20 1
23 1 26
22 23 13
9 13 15
19 23 4
4 8 11
9 14 14
9 12 34
16 19 30
0 3 19
22 1 26
6 11 9
15 19 21
12 14 31
22 3 37
1 5 2
0 1 14
21 2 22
1 4 31
11 12 38
18 22 8
15 16 26
5 9 26
6 9 15
6 8 22
2 5 35
10 13 32
20 1 15
11 13 4
10 14 38
2 6 5
20 22 33
20 23 8
23 3 28
23 4 3
18 20 36
7 10 18
17 21 21
10 14 2
22 2 19
18 20 12
22 2 32
7 11 34
14 16 26
1 3 17
22 1 35
19 22 4
22 23 8
19 23 1
8 9 32
22 0 30
9 12 12
15 16 12
5 9 2
17 22 23
11 13 19
10 12 14
5 8 19
13 16 5
14 18 8
9 12 5
5 8 1
22 2 27
20 23 37
22 0 37
7 8 27
12 16 9
17 19 23
19 23 4
23 1 38
8 9 27
11 15 10
10 12 36
15 16 12
11 14 36
7 11 3
16 19 33
22 0 20
2 4 12
9 11 6
16 18 39
17 20 39
21 1 9
18 20 5
8 14 30
2 7 17
7 11 28
7 10 34
17 22 17
13 17 17
5 10 18
17 19 24
7 10 17
3 6 29
22 1 36
18 21 18
2 6 12
2 3 9
4 7 17
13 17 24
9 11 13
23 1 37
0 2 18
6 8 9
6 9 36
13 16 20
5 9 8
16 19 24
9 15 12
4 6 13
6 6 38
19 22 22
9 13 7
0 2 36
21 0 4
12 16 36
8 11 34
6 8 34
17 19 36
2 5 6
1 6 16
18 21 2
5 10 8
11 13 30
0 5 15
10 14 6
0 4 29
12 12 23
1 4 13
7 10 21
17 21 24
19 20 6
8 10 35
3 4 30
18 21 4
4 6 35
20 23 31
1 2 16
5 9 14
23 3 39
17 19 10
2 4 28
7 9 1
11 14 35
13 17 18
10 14 27
20 0 24
4 7 27
15 18 26
1 5 8
0 2 13
8 10 29
11 14 12
6 8 30
0 5 4
18 21 18
4 8 10
9 11 13
7 10 13
4 9 27
21 1 5
8 10 31
19 23 10
7 11 11
7 8 31
4 6 27
16 18 22
16 19 29
4 6 39
20 22 31
2 7 7
17 20 20
17 20 22
20 22 29
22 2 6
6 11 37
22 1 6
3 7 29
23 4 37
15 20 29
14 17 10
6 9 31
21 0 12
11 13 22
14 18 24
8 10 4
1 4 5
6 8 34
10 12 31
16 18 26
22 0 1
4 7 36
14 18 26
14 17 30
2 6 22
20 22 5
21 0 17
18 20 35
20 23 1
2 3 32
16 17 6
11 15 39
9 12 38
22 2 24
22 1 14
18 22 31
22 23 26
21 1 28
19 23 14
23 3 32
21 2 8
19 22 22
22 0 24
19 23 8
15 17 2
16 17 15
7 10 3
12 15 33
4 5 4
12 18 34
1 3 7
21 0 7
13 14 19
15 16 7
22 0 4
13 16 22
20 23 36
15 18 22
15 18 10
7 10 2
12 16 37
13 15 16
4 6 33
6 9 15
14 17 24
9 13 11
5 9 23
0 5 15
17 20 2
11 14 5
7 10 7
10 14 25
17 20 20
9 10 4
9 14 31
23 0 13
21 23 10
12 15 15
17 19 34
11 13 14
23 1 8
13 16 27
22 23 1
16 18 24
3 3 5
21 1 8
17 20 3
1 1 23
16 20 3
5 9 32
11 13 23
20 22 32
4 8 10
19 22 6
4 7 7
17 21 31
16 20 34
4 7 17
19 21 6
4 8 22
10 13 14
18 19 26
21 1 33
13 16 25
1 4 24
4 8 26
10 13 12
20 2 38
11 15 37
20 23 29
13 16 6
3 6 32
15 18 15
9 12 4
20 23 39
4 7 9
12 15 34
7 10 26
12 14 3
22 1 7
1 4 7
21 0 4
19 19 28
9 12 14
20 23 36
18 20 23
2 5 8
2 6 34
6 9 2
1 1 3
6 8 29
20 0 21
4 5 23
20 0 17
18 21 1
2 5 1
17 20 1
20 0 13
17 22 17
17 18 24
22 23 35
14 17 25
11 14 16
15 18 13
9 11 5
22 0 21
4 4 29
7 11 25
18 19 6
2 5 28
16 19 4
5 6 1
13 18 16
8 12 33
16 20 8
7 10 9
10 15 19
6 11 25
11 13 32
15 18 22
9 12 10
19 22 7
14 18 35
2 6 7
8 13 23
23 2 8
12 14 9
16 19 34
23 1 26
19 21 11
18 21 14
6 11 13
20 23 18
14 18 38
8 10 17
11 15 28
4 8 13
16 19 2
13 16 5
7 10 15
1 4 7
7 10 1
9 10 5
3 6 3
2 4 2
3 6 23
11 15 38
12 15 37
8 11 38
12 14 25
7 10 36
14 17 9
4 7 25
15 20 29
1 5 28
9 14 19
17 20 24
9 12 13
0 4 32
14 18 31
3 5 26
10 14 10
1 4 17
3 6 27
16 18 5
15 18 12
2 3 18
22 1 35
19 22 37
12 14 32
7 10 7
11 14 28
20 22 20
13 17 34
1 4 18
18 22 29
17 20 39
5 8 17
2 7 31
0 3 25
2 5 26
11 14 20
17 19 17
0 1 10
22 1 3
22 1 38
2 4 4
9 10 9
4 5 19
14 17 35
22 0 23
17 19 19
1 4 6
16 20 20
7 9 36
6 11 10
18 21 31
14 17 30
22 2 21
19 22 21
1 6 5
5 8 35
15 18 12
11 13 22
2 5 33
20 23 35
12 16 19
5 9 22
1 4 3
10 11 33
8 14 34
1 3 12
19 23 25
9 11 35
9 11 39
0 3 32
23 4 7
4 5 24
11 13 31
15 17 32
12 16 37
8 11 1
0 4 31
17 20 24
9 13 32
16 19 37
3 6 30
7 9 8
5 10 10
1 3 25
16 18 35
2 5 11
23 2 30
15 19 35
22 2 23
2 5 17
16 19 30
9 13 4
6 9 20
18 20 3
6 8 28
8 12 1
12 15 21
4 7 32
19 21 22
9 12 22
6 9 7
16 19 6
1 4 20
6 9 15
0 3 12
8 11 37
21 0 39
10 14 25
5 7 24
7 11 22
12 14 19
5 8 23
10 14 9
21 2 9
15 19 8
6 10 13
19 22 27
21 1 4
2 6 38
15 18 28
1 3 32
23 2 26
20 22 13
10 12 22
0 4 31
21 1 13
19 23 8
14 17 6
21 1 19
15 16 26
4 7 13
7 9 8
1 4 39
20 23 3
6 9 13
5 10 17
19 21 37
3 5 27
4 7 13
5 7 35
18 20 20
17 18 11
10 13 16
4 6 4
18 20 16
13 16 8
12 13 30
1 4 24
17 20 31
8 12 5
12 17 23
6 9 37
18 21 30
22 0 37
15 20 21
10 13 26
8 10 13
8 11 38
8 10 5
14 15 2
1 4 2
6 10 33
11 14 10
19 21 17
20 21 6
15 20 6
3 5 4
14 20 11
22 2 9
4 5 15
12 15 16
12 14 20
12 15 7
8 10 8
21 1 7
22 1 8
9 14 12
21 0 16
23 3 13
5 9 15
8 11 24
3 6 32
9 14 20
10 13 12
20 0 3
13 16 17
2 5 4
18 22 24
6 9 13
21 0 32
13 16 12
17 20 25
8 12 31
1 1 25
14 18 14
1 5 1
9 12 29
3 6 35
5 8 25
15 19 2
9 11 13
6 10 22
10 12 26
21 23 37
21 1 22
10 14 21
23 3 31
22 2 31
14 16 24
6 10 37
7 9 23
11 15 33
2 7 17
16 17 25
6 12 15
4 7 10
4 6 1
16 20 19
5 6 37
9 10 17
13 18 19
9 12 5
7 10 9
13 15 30
9 12 15
3 5 33
7 10 1
10 14 24
8 11 18
9 12 35
18 21 10
23 2 38
13 16 2
7 11 32
22 0 14
13 14 32
18 20 16
19 21 29
15 18 27
1 2 26
15 20 15
3 6 15
13 15 12
13 17 13
8 11 2
16 19 30
16 19 3
11 15 32
6 10 4
14 17 39
9 12 2
20 0 21
13 16 11
16 18 15
19 21 13
20 22 34
14 16 20
0 4 29
19 23 24
7 11 14
7 10 26
7 12 18
3 6 38
22 22 7
12 14 37
10 12 9
20 21 30
4 7 7
20 0 1
6 9 29
15 19 3
18 21 17
19 22 27
1 2 31
2 4 11
0 3 6
12 13 12
22 1 25
10 14 3
6 10 26
22 1 21
15 19 34
3 4 19
20 23 28
0 3 21
10 15 2
8 10 21
10 14 35
7 9 5
0 4 25
14 18 7
22 1 32
7 10 20
16 21 21
22 1 39
12 16 37
15 18 23
8 11 2
4 7 36
4 8 6
16 18 21
10 11 1
5 7 31
11 13 35
1 3 5
16 19 17
0 3 17
14 17 2
18 19 31
0 2 7
4 7 1
3 6 12
10 14 30
22 2 26
3 4 11
4 7 28
9 12 20
20 23 20
17 21 27
20 1 5
14 16 10
6 8 32
0 4 12
18 21 23
4 7 28
17 20 4
2 5 19
8 10 29
9 11 14
18 22 6
4 8 34
10 13 28
23 1 4
17 19 34
11 13 8
5 9 37
8 11 13
19 23 20
22 2 35
18 20 21
22 0 3
3 6 10
16 19 37
9 11 33
6 9 16
14 16 15
1 5 26
22 2 13
4 8 8
2 4 2
0 3 31
18 20 7
22 1 20
20 23 16
10 12 39
21 1 23
12 14 35
21 1 21
7 10 2
6 10 39
3 6 39
10 15 25
23 23 28
19 23 14
6 10 29
22 1 4
23 2 13
8 8 33
10 11 23
17 20 37
14 17 32
15 17 8
21 1 29
21 0 3
14 16 19
5 8 13
0 3 28
12 16 8
4 9 28
12 15 39
1 4 12
17 20 11
19 22 38
11 13 15
17 19 34
9 11 1
6 10 8
11 14 17
18 20 9
1 2 25
1 4 37
21 1 27
8 10 2
6 8 33
13 15 4
10 14 21
6 8 3
8 9 9
5 9 35
3 6 34
8 12 25
17 22 5
16 21 9
6 9 36
6 8 3
9 13 7
16 19 36
6 9 12
15 17 3
5 7 36
23 2 6
4 7 15
23 1 11
3 6 22
17 20 29
9 11 9
15 19 28
18 23 4
19 22 13
16 20 32
3 6 12
8 11 7
5 9 33
22 0 9
9 12 12
23 2 20
13 15 9
7 9 3
21 23 7
6 9 1
8 9 25
13 15 2
20 23 29
10 12 16
4 7 32
15 18 14
1 5 20
16 18 29
18 19 35
19 22 24
13 16 28
16 20 34
12 14 25
3 5 26
23 2 9
21 22 12
22 23 6
21 1 24
15 18 20
8 11 13
13 17 32
14 16 35
23 2 33
17 20 23
14 18 34
12 15 11
1 5 21
16 20 22
13 16 5
16 19 35
4 7 5
2 5 29
9 12 20
1 3 35
13 16 3
21 1 17
11 12 7
6 9 3
6 8 21
17 21 39
11 14 30
7 11 16
10 14 14
8 10 18
0 3 26
2 4 37
15 18 16
19 0 37
16 20 32
5 8 14
13 16 32
19 23 36
2 4 36
18 22 29
5 8 11
8 11 14
6 12 3
16 19 3
1 5 29
1 4 35
5 9 17
16 20 1
7 11 17
8 11 11
9 12 9
17 18 36
13 17 6
22 1 26
8 12 36
16 19 22
10 12 28
4 6 5
7 8 28
19 21 12
9 12 22
6 9 24
22 2 27
2 6 22
3 7 8
16 19 26
6 9 34
12 16 17
16 19 32
20 22 26
3 7 11
7 9 16
1 3 20
19 23 12
10 13 24
14 16 34
19 22 22
13 18 9
15 18 7
21 0 3
2 5 32
21 0 13
16 21 20
8 12 32
5 8 8
23 2 8
6 8 13
15 17 35
0 4 18
13 13 30
9 12 19
11 16 17
11 14 17
17 21 29
17 21 34
19 22 8
7 12 34
2 5 13
13 15 1
22 2 5
15 19 6
8 10 16
21 1 21
20 22 31
19 22 36
21 1 31
17 20 36
23 2 3
6 9 33
3 5 30
15 18 38
8 12 7
16 17 33
4 7 36
4 6 4
18 22 2
1 4 25
20 22 20
19 22 32
13 15 3
3 6 22
0 2 19
2 4 17
9 14 26
15 19 12
19 21 37
10 10 20
17 19 30
5 6 12
7 10 38
4 7 21
3 5 14
21 0 16
5 9 11
3 7 2
22 1 8
11 15 7
20 23 14
4 7 11
1 3 35
14 17 3
18 21 33
14 17 3
14 17 37
11 16 34
4 6 27
4 7 26
19 21 1
7 10 38
13 18 32
10 15 11
14 16 23
14 15 28
20 23 30
2 4 21
4 8 27
3 6 19
19 21 23
13 16 22
23 2 31
14 17 27
7 11 10
12 13 21
7 9 29
16 18 14
19 22 15
12 14 5
11 14 6
2 3 23
20 22 29
18 20 26
3 6 19
21 23 29
23 3 3
4 6 15
10 12 25
13 16 6
15 18 34
10 13 31
2 5 33
1 2 7
6 6 13
19 23 37
3 7 32
11 12 1
15 18 28
19 22 37
16 18 22
5 7 22
4 8 15
22 0 30
20 0 34
15 18 8
13 16 37
17 22 11
15 18 12
11 14 8
19 22 10
22 0 34
12 17 1
18 21 11
15 19 28
3 7 7
4 9 2
17 21 38
17 19 10
22 1 33
20 0 26
12 17 5
0 1 36
19 20 1
8 13 11
21 21 22
0 4 8
16 17 5
9 12 28
15 17 38
4 7 17
16 20 6
2 5 30
23 3 15
9 13 23
11 13 17
23 3 28
7 9 38
22 1 27
20 0 7
17 20 23
1 6 2
8 11 6
3 6 15
20 0 17
14 16 14
4 5 32
16 20 7
15 16 24
19 22 1
14 14 35
1 4 37
9 13 7
21 23 39
21 0 8
2 6 19
5 6 8
22 2 28
17 19 12
23 2 38
1 4 10
2 4 12
22 1 37
21 0 33
13 15 10
20 1 27
2 2 38
13 14 20
6 9 11
22 2 30
9 13 2
5 9 8
8 10 22
23 2 29
23 1 7
5 9 2
20 21 37
10 12 12
14 16 26
14 17 37
18 23 37
20 0 20
9 12 26
9 12 23
1 3 7
1 5 22
23 2 27
15 20 18
6 8 22
5 9 28
9 12 28
20 0 37
0 3 31
5 8 23
0 4 38
23 0 21
19 22 14
3 6 5
1 6 27
23 3 20
15 18 8
13 16 17
1 4 34
12 14 37
23 1 2
14 17 15
15 18 39
6 9 39
23 2 9
21 1 34
15 18 36
23 1 15
18 20 7
4 7 30
13 14 8
4 7 1
2 5 2
3 5 19
17 19 14
16 20 14
11 13 14
1 4 18
15 18 5
10 13 29
6 8 1
9 14 28
15 19 18
15 19 14
10 14 6
3 6 1
0 3 38
9 12 35
12 15 9
8 10 1
19 22 8
19 23 30
14 16 15
3 6 23
5 9 26
20 22 15
19 23 1
20 23 24
23 2 3
2 4 8
22 0 25
18 22 31
9 13 34
0 3 39
19 22 7
22 2 35
5 8 32
3 7 5
21 0 18
5 8 1
1 4 39
4 6 17
21 2 16
1 5 24
3 5 12
17 20 33
10 13 6
8 11 15
16 19 39
11 14 13
18 22 9
9 13 23
20 23 34
9 12 24
19 21 35
23 1 1
19 21 3
2 6 2
9 11 2
4 7 21
6 9 6
21 23 26
12 15 30
3 5 28
12 15 34
12 14 35
2 4 9
3 6 21
19 23 19
22 1 10
7 9 29
1 3 32
1 4 9
15 17 5
4 7 16
12 15 1
23 2 3
11 15 26
12 15 25
14 17 19
16 19 32
15 18 1
15 17 20
10 14 37
20 0 36
18 22 35
14 18 4
20 0 16
4 6 8
14 17 21
10 12 9
18 20 19
5 9 19
8 11 35
5 9 1
21 23 30
5 7 22
20 0 3
0 2 3
20 22 31
13 16 34
18 19 11
4 6 28
10 12 5
8 12 22
20 22 6
6 9 34
17 20 19
19 21 39
3 6 12
10 14 11
8 11 16
4 6 4
5 8 39
17 19 3
10 12 36
22 1 15
9 10 3
16 21 38
8 10 27
23 2 4
10 14 6
2 5 30
18 21 6
19 22 10
4 6 22
6 11 12
6 10 4
14 18 2
19 19 3
17 19 5
22 2 21
1 4 22
16 20 10
23 2 8
3 5 26
18 21 25
14 16 5
9 14 6
17 20 32
21 1 36
3 5 33
15 17 7
13 15 34
14 18 36
12 16 9
6 9 15
22 23 28
23 0 1
13 16 10
22 1 14
13 15 22
13 17 28
22 0 32
7 10 35
7 10 10
15 18 30
23 2 21
1 3 10
1 3 31
7 11 29
16 20 12
19 21 6
17 19 16
21 22 4
3 5 22
12 16 38
13 18 25
5 7 11
20 23 17
1 5 34
19 21 12
15 18 25
3 6 34
1 3 32
3 7 30
5 7 1
18 23 33
21 23 19
3 7 10
10 13 8
14 17 16
20 0 36
6 8 24
0 3 21
19 23 4
19 22 28
14 18 5
0 2 11
14 17 29
9 12 35
3 6 37
16 20 3
15 19 20
4 6 30
23 2 18
16 18 5
2 4 19
0 2 20
3 5 10
22 2 28
17 19 1
15 19 5
17 20 3
22 2 1
22 3 12
23 1 3
14 17 2
3 7 27
6 10 17
0 3 15
10 12 32
21 0 27
11 15 12
5 9 24
3 6 21
3 5 21
23 4 26
9 12 8
1 4 5
7 9 24
16 20 35
7 9 33
5 9 23
9 12 34
16 19 20
3 6 23
16 19 18
17 19 13
17 20 38
15 17 11
22 2 17
13 15 17
2 6 8
9 12 24
7 10 35
20 22 20
8 13 22
11 13 2
9 13 16
1 5 36
21 0 3
12 15 17
14 15 9
2 5 8
3 6 25
5 9 30
15 18 34
15 17 14
18 22 34
18 21 28
21 1 20
9 12 12
12 14 7
15 18 32
5 10 26
22 23 32
3 7 24
9 12 37
13 17 17
1 4 6
6 9 15
2 5 38
10 13 12
10 11 12
19 21 2
4 7 26
2 5 18
18 22 14
20 22 12
15 20 39
13 16 7
19 23 38
4 8 24
6 11 14
17 20 32
8 10 36
14 17 8
20 22 1
22 1 21
17 20 12
5 9 12
1 3 38
12 14 38
11 15 27
0 3 10
10 12 21
16 19 18
4 8 4
22 0 38
23 1 5
5 11 21
3 6 21
3 4 30
22 3 1
17 21 21
1 4 26
11 13 19
18 20 30
3 7 4
14 17 27
16 19 8
2 4 4
7 9 23
0 2 17
19 22 35
5 7 24
12 15 24
14 17 37
8 9 35
15 17 7
4 5 10
23 3 36
19 0 7
13 15 27
4 6 2
5 6 39
7 10 15
10 13 30
9 12 31
15 18 25
0 5 15
0 2 37
16 20 4
17 19 18
12 16 17
8 12 8
17 19 18
16 19 35
23 2 8
16 19 24
12 14 39
11 15 37
15 16 2
12 15 35
13 16 35
3 6 34
6 8 12
10 12 32
8 12 20
7 12 33
22 2 2
16 19 33
16 18 25
11 14 26
23 1 19
2 5 39
22 1 10
7 10 24
3 6 4
3 7 35
23 1 18
3 7 39
21 1 13
18 20 7
16 20 31
10 13 36
3 3 36
2 5 24
1 5 6
15 18 29
14 16 31
20 22 38
4 8 21
21 2 25
14 18 27
6 9 3
7 9 31
16 18 22
13 16 21
1 4 37
16 19 18
1 5 32
9 10 29
20 23 31
1 2 34
17 20 11
10 13 24
12 15 28
9 12 19
19 20 17
7 9 11
10 14 34
12 13 24
17 21 7
5 8 3
9 14 16
16 18 37
17 20 10
20 22 7
17 21 7
12 14 31
5 8 23
11 14 5
10 13 6
19 21 19
22 1 36
15 17 16
0 2 9
19 21 3
8 12 19
12 16 30
0 6 2
0 3 6
9 12 25
22 1 3
5 7 24
9 11 29
15 17 10
5 9 20
8 9 12
17 20 17
18 23 1
8 11 20
5 7 6
1 5 27
18 22 11
9 10 32
4 5 5
5 8 37
1 5 7
21 23 30
17 19 22
13 16 35
2 5 10
21 0 13
10 10 28
3 7 8
5 8 37
0 3 7
13 15 35
18 22 10
20 22 4
2 5 9
0 3 3
4 8 10
5 7 3
21 1 33
18 19 1
17 20 26
9 12 33
1 4 37
13 18 23
5 8 27
14 17 1
7 10 19
22 0 6
6 10 21
2 6 32
17 19 32
0 3 34
2 7 8
16 21 36
4 7 18
13 17 35
18 22 19
16 18 32
20 23 3
12 14 11
7 10 12
2 6 34
13 16 8
0 2 6
3 6 33
21 1 20
13 17 11
10 14 22
15 18 33
11 15 36
14 16 28
4 7 5
19 22 3
18 20 5
12 14 11
1 3 38
11 13 30
5 9 34
21 23 33
6 8 13
20 0 6
5 8 9
10 12 19
9 12 23
1 5 18
12 15 16
0 3 21
9 11 14
13 14 4
19 23 17
21 0 1
6 9 19
21 1 32
17 19 7
9 13 30
9 13 35
4 6 2
18 20 24
8 12 4
1 4 9
11 15 27
18 22 14
13 15 24
4 8 31
10 14 5
8 12 18
7 11 25
16 17 34
22 2 20
10 13 26
3 5 33
12 14 20
12 15 34
19 22 4
21 0 33
12 16 26
4 7 39
16 19 9
13 18 6
18 21 9
19 21 20
1 3 36
10 13 16
21 0 26
9 13 26
5 8 29
11 16 26
15 17 1
18 22 31
10 14 21
23 2 10
1 4 30
11 14 33
9 13 14
16 19 18
4 6 18
6 9 33
8 10 23
7 10 16
21 1 29
19 21 16
17 21 1
5 6 14
20 23 36
4 6 18
11 14 4
1 3 37
15 18 23
2 4 18
4 7 14
16 19 26
11 15 38
15 18 38
20 23 37
7 11 39
17 20 19
12 15 20
12 14 7
21 0 25
21 23 38
19 21 37
12 14 39
18 20 17
4 7 1
5 9 11
15 17 35
16 20 24
9 12 33
17 20 19
8 10 4
11 15 19
23 3 27
22 0 13
0 1 39
12 13 14
9 12 4
16 19 2
21 0 39
2 4 5
22 1 19
13 16 28
21 23 15
10 12 11
12 16 6
2 4 37
3 5 11
7 12 33
22 3 27
12 14 25
16 19 21
8 10 38
13 17 35
15 19 3
7 11 10
0 4 9
22 1 4
10 12 19
0 3 14
15 18 39
7 8 7
10 12 35
5 9 11
5 9 26
21 23 10
12 15 2
21 22 39
5 8 32
10 12 16
22 1 39
11 14 19
14 15 12
1 4 36
21 22 20
11 15 30
13 15 30
5 8 18
22 2 17
14 18 2
10 13 12
2 5 6
12 13 16
19 21 35
18 22 11
16 20 20
12 14 8
15 19 5
2 6 30
9 12 24
18 19 12
2 5 38
5 8 37
11 15 3
4 7 26
4 8 28
1 5 31
23 4 33
21 0 39
12 15 15
20 23 16
14 17 3
12 15 12
13 15 5
14 18 5
18 20 17
21 1 9
17 19 3
2 5 31
9 12 24
20 23 21
2 5 20
14 15 19
16 20 35
21 23 30
19 21 21
0 5 32
21 22 14
2 4 30
22 2 27
6 7 33
2 4 3
18 19 31
14 16 12
20 21 30
2 5 24
5 10 15
6 6 29
16 21 11
17 20 4
19 23 15
18 20 15
6 11 5
3 7 35
23 1 7
11 13 20
14 17 7
14 17 37
10 12 28
15 18 27
8 11 37
20 23 39
10 15 18
2 4 29
1 3 39
10 13 3
21 0 11
1 5 13
4 6 39
11 16 19
11 16 29
9 12 27
4 8 29
19 23 13
0 2 13
7 10 1
9 11 20
20 0 7
6 8 1
20 23 34
4 8 6
3 8 8
9 12 11
23 3 8
16 19 13
12 15 24
20 22 1
14 16 36
0 4 5
8 11 13
21 23 12
12 14 3
14 17 12
18 22 3
1 4 3
18 20 38
18 21 7
16 19 3
6 7 29
12 15 33
18 21 7
8 11 32
13 16 1
22 3 33
11 13 34
6 11 10
19 23 28
17 20 24
21 1 14
4 6 27
21 2 10
16 18 23
6 9 28
18 21 28
3 6 12
23 3 4
16 19 30
14 19 1
21 23 34
4 8 12
23 0 21
16 19 15
18 20 16
17 20 37
5 8 10
8 11 18
2 7 29
23 3 25
17 19 37
21 0 36
10 14 4
18 21 17
17 19 7
4 8 5
2 6 35
3 7 29
15 17 22
3 7 10
23 1 31
22 3 30
12 14 23
12 14 29
6 10 25
23 2 31
6 7 6
13 15 6
23 2 4
4 7 34
20 1 11
9 12 13
15 18 29
3 7 16
13 16 38
16 18 18
3 5 4
12 16 2
17 21 31
9 12 16
2 5 2
19 22 24
15 19 39
12 17 26
6 9 26
2 5 34
16 19 31
12 16 39
9 14 20
5 8 14
15 18 23
6 8 4
14 18 3
0 3 10
18 21 35
21 0 6
8 12 35
23 3 10
21 0 15
8 12 13
18 21 33
8 11 30
6 10 16
8 11 11
11 15 22
12 14 39
13 16 31
0 3 21
4 6 19
1 4 26
7 11 10
0 2 39
4 7 38
10 13 38
0 2 8
8 12 38
15 17 27
18 23 8
19 22 39
17 22 29
12 16 3
11 16 7
6 8 26
20 21 33
13 15 22
1 4 1
6 10 9
8 12 20
13 15 21
10 12 3
0 3 7
19 21 34
23 2 30
2 5 23
12 15 12
21 2 38
22 1 21
6 9 28
0 2 9
10 14 35
21 23 35
10 12 32
18 0 16
16 19 5
19 21 23
2 5 34
8 10 9
1 4 13
4 7 32
12 14 24
22 2 11
16 20 25
21 23 39
2 7 15
20 22 4
6 9 16
15 18 19
0 3 13
11 15 19
9 11 6
12 15 20
18 21 19
4 6 38
8 11 21
3 8 39
3 5 19
21 0 32
19 21 24
9 10 18
21 22 39
9 11 35
22 23 29
3 7 14
14 16 2
6 11 39
13 16 13
13 16 33
4 8 31
6 7 20
13 18 5
6 11 29
21 0 15
19 22 39
22 2 16
11 13 16
10 11 35
15 17 23
16 18 7
2 6 27
13 17 21
16 20 18
20 0 31
11 15 32
20 23 8
12 16 10
15 18 18
13 16 17
1 3 35
19 22 39
23 1 9
12 15 27
18 23 7
14 17 38
21 23 37
16 19 8
6 10 6
6 9 24
2 4 28
1 5 13
16 17 28
16 19 26
19 21 4
14 16 30
0 0 13
15 18 9
9 11 36
7 12 6
7 9 30
16 20 33
17 22 17
6 9 30
6 8 5
22 1 28
8 9 17
22 0 37
22 1 7
2 3 20
6 10 11
18 20 33
22 1 35
4 7 24
21 22 21
3 6 9
4 8 27
4 6 12
10 13 29
18 21 18
7 12 32
16 19 17
18 19 6
19 22 25
14 19 12
10 13 15
14 16 13
19 23 14
16 19 6
4 7 1
17 20 21
10 15 22
1 4 10
18 23 3
20 22 8
15 18 33
1 5 6
17 21 11
4 8 28
2 5 8
3 7 13
0 4 23
3 7 7
17 19 25
23 3 31
23 2 19
18 22 14
12 15 30
7 11 20
20 23 34
12 15 7
7 9 21
20 22 5
14 17 36
12 15 2
5 7 1
21 0 21
0 3 15
5 9 18
12 16 27
9 9 4
4 8 32
5 8 4
16 18 29
18 20 17
20 0 27
1 4 37
6 10 38
4 7 18
1 2 32
18 20 6
21 23 38
15 18 11
15 18 31
8 13 22
16 19 34
7 11 10
11 16 39
16 19 37
12 15 8
10 13 18
14 16 36
9 12 39
8 11 1
16 20 38
23 2 23
21 23 9
22 2 2
8 10 39
22 2 15
13 16 28
7 11 8
0 4 36
0 3 23
22 3 2
10 13 26
17 20 13
4 6 37
16 19 22
9 13 24
15 18 39
3 6 30
19 23 39
16 21 36
5 8 19
6 8 12
23 2 5
7 11 16
4 8 15
14 18 14
18 23 35
6 10 29
12 15 7
21 23 19
21 0 14
7 12 28
21 1 6
18 21 25
23 2 30
4 8 5
19 22 3
20 23 6
14 19 19
17 20 9
15 18 20
19 21 26
16 21 4
10 14 8
1 3 32
2 5 11
17 19 37
19 23 1
23 2 11
7 9 29
17 20 35
4 8 26
12 15 31
3 5 28
13 16 7
5 7 34
4 8 21
19 0 3
19 23 11
13 14 33
6 11 33
6 9 21
20 0 28
5 9 7
14 15 36
14 17 39
18 21 4
17 20 27
4 7 2
21 22 8
18 21 20
9 11 13
15 18 22
5 8 39
1 3 4
15 16 5
18 22 23
6 10 15
15 18 26
4 6 10
4 7 13
21 1 33
17 21 3
14 18 26
3 7 23
4 6 23
0 3 21
2 3 22
7 10 23
9 12 19
8 12 9
22 0 13
10 13 12
3 6 11
0 3 28
23 1 12
8 10 18
20 22 11
5 9 13
8 10 22
13 16 20
6 10 14
2 3 24
19 21 20
17 19 1
23 3 23
19 21 37
2 5 18
14 18 4
6 9 7
15 17 2
13 17 39
15 17 2
3 7 22
22 1 39
5 8 26
12 16 24
10 12 6
7 10 28
16 17 8
8 9 22
3 5 5
1 3 36
0 1 37
8 11 15
4 8 22
23 3 18
5 8 11
11 13 35
21 1 31
15 18 3
6 9 22
4 8 30
4 8 16
18 22 37
3 6 6
21 0 6
6 9 26
6 9 3
2 5 9
20 22 3
14 18 18
1 5 12
1 4 18
6 7 24
1 3 13
3 7 29
16 19 24
14 17 3
18 20 36
22 0 4
11 15 22
23 2 13
12 15 1
23 2 12
9 12 27
19 23 5
7 10 34
19 0 26
23 3 2
7 8 38
10 11 38
16 20 2
13 16 25
17 19 21
17 20 4
23 2 17
12 16 4
2 4 35
20 23 19
2 4 28
15 19 17
7 9 33
1 4 39
18 21 9
1 5 12
16 18 7
16 20 26
12 16 1
2 5 34
10 16 29
15 16 29
5 9 16
15 19 15
13 16 35
20 0 23
11 13 17
0 4 11
4 6 22
10 13 8
16 18 12
18 20 7
13 16 11
16 19 10
1 4 14
6 10 33
11 13 26
18 19 23
12 14 10
0 5 35
0 4 19
21 0 23
4 7 18
3 7 9
2 5 30
17 20 15
21 1 4
12 16 10
2 3 25
5 8 32
15 17 36
6 8 30
0 0 29
12 14 38
19 23 21
15 17 2
19 21 30
18 22 10
7 11 13
21 0 8
16 19 37
23 2 26
1 5 11
7 11 9
9 10 12
1 5 9
2 5 29
6 9 4
16 19 18
6 10 22
12 16 18
14 17 23
7 10 27
23 2 14
8 12 27
12 13 2
8 11 15
20 23 39
2 5 5
9 11 1
1 3 24
21 23 11
5 8 13
8 11 35
10 13 5
20 22 2
11 15 13
4 5 34
9 11 25
13 16 2
19 0 32
23 3 36
22 2 21
10 12 36
18 20 3
10 12 25
20 22 6
19 22 24
20 23 18
5 9 20
22 1 29
18 22 32
12 16 39
19 23 18
6 9 33
0 2 32
20 23 12
9 11 5
19 20 39
13 16 24
21 0 5
6 9 20
22 1 13
23 2 32
2 3 38
9 11 35
16 17 36
8 10 7
15 17 3
12 14 3
13 16 23
5 8 32
7 10 14
12 13 27
19 22 36
14 18 22
5 8 26
2 6 2
10 15 37
3 5 15
9 13 33
23 2 11
18 22 2
8 13 7
14 17 15
2 6 17
23 2 7
17 18 6
11 13 3
1 2 13
4 7 7
21 23 20
12 14 3
14 18 21
17 21 20
9 13 20
23 2 19
1 3 29
14 18 3
12 16 16
20 22 20
7 10 25
2 5 16
16 19 39
13 16 37
16 17 18
3 7 22
20 23 26
17 20 17
1 4 18
12 15 38
17 21 30
10 13 5
22 2 36
0 2 28
5 8 15
1 2 10
18 21 26
14 20 3
2 5 31
8 12 35
15 17 5
11 13 32
15 18 5
7 9 37
6 9 20
16 21 18
10 13 19
20 23 13
2 3 3
1 3 26
23 3 13
21 2 12
23 3 11
2 5 7
19 22 23
6 7 8
10 14 11
9 13 33
18 23 6
0 3 25
7 10 20
13 17 34
1 3 10
5 8 7
23 3 18
1 2 23
14 18 19
18 22 25
12 16 39
19 22 3
17 20 32
17 21 25
21 1 38
16 19 25
11 14 11
3 6 22
6 10 29
18 22 5
23 1 15
1 4 12
13 17 2
14 18 26
0 3 29
22 0 6
21 0 29
22 23 20
22 1 33
14 17 17
17 21 29
19 22 18
7 10 33
10 12 23
23 2 5
18 23 33
19 22 32
4 7 37
22 1 28
13 19 18
8 11 4
8 11 36
1 4 29
16 19 14
1 4 29
18 22 38
6 9 34
0 3 10
5 7 27
22 2 36
19 22 1
0 5 14
16 18 38
9 10 39
1 5 22
5 6 27
2 4 28
13 18 2
15 18 34
3 6 22
18 20 37
12 14 7
5 7 38
8 11 20
2 7 9
14 17 25
5 9 17
20 2 31
15 20 17
12 15 34
19 22 36
8 10 16
14 19 14
8 11 3
23 2 22
18 22 13
18 22 8
23 1 10
7 9 38
21 0 28
3 6 3
12 15 25
18 22 13
13 17 38
11 13 30
1 4 25
13 13 5
2 5 23
23 1 17
1 3 31
15 19 6
3 5 12
8 12 11
22 2 30
19 22 36
4 6 9
3 5 12
21 23 4
0 6 3
16 19 27
14 18 27
10 12 36
9 11 19
17 21 35
20 23 31
14 16 5
20 0 36
7 11 20
18 21 18
15 17 39
2 4 5
8 10 38
16 20 19
15 18 30
13 17 2
16 18 30
1 2 23
1 3 30
9 12 5
11 13 39
13 16 14
9 11 37
13 16 4
5 7 3
18 22 20
23 2 16
3 6 14
10 12 24
9 12 32
5 7 2
9 11 3
1 3 7
13 17 8
14 16 12
11 14 19
16 19 2
11 14 36
18 19 20
4 8 39
11 14 2
7 10 18
4 5 24
7 9 1
16 17 14
15 19 19
10 13 28
23 0 34
5 9 33
16 18 35
17 20 2
19 21 20
11 13 7
9 12 5
20 23 35
20 22 13
1 4 14
18 21 7
19 22 29
12 15 32
16 18 6
21 1 25
8 10 32
8 10 27
8 12 18
21 1 27
17 20 17
18 22 18
8 11 23
8 12 22
0 4 35
4 8 4
17 22 14
0 5 19
8 11 5
20 23 26
8 10 9
12 16 23
21 0 34
19 22 28
8 11 22
2 4 15
19 23 2
9 13 9
6 10 24
14 15 13
9 12 34
9 10 7
17 18 16
19 22 27
8 10 33
2 7 2
3 5 32
3 4 23
1 5 39
2 3 14
20 23 19
12 15 16
18 21 32
10 11 17
19 21 7
10 13 17
23 0 33
20 23 31
13 17 31
5 7 36
4 8 2
6 9 6
8 11 35
21 22 11
0 3 6
21 0 1
14 18 39
19 23 32
19 21 26
1 3 13
0 3 9
16 19 14
13 17 22
0 2 30
1 3 9
19 22 32
20 0 1
6 9 26
21 23 34
13 15 8
10 11 19
2 6 38
23 3 38
3 5 34
20 23 18
17 19 7
10 14 3
17 19 37
19 22 37
17 20 1
6 8 31
23 1 28
0 3 4
1 4 37
20 0 8
4 8 9
13 17 14
3 5 36
17 20 22
5 10 16
10 12 13
23 2 38
11 13 15
4 7 36
10 13 1
1 4 30
4 5 32
9 12 39
21 0 27
17 22 17
10 14 33
10 14 4
22 2 26
18 20 14
16 18 10
21 0 17
1 5 11
14 17 31
5 8 20
12 15 38
2 5 1
17 19 15
2 3 34
14 17 24
5 8 4
0 4 12
15 17 4
20 23 31
22 23 27
19 22 37
0 4 36
14 16 31
10 13 4
11 14 26
14 16 30
22 0 30
4 6 6
5 7 26
0 4 18
5 8 17
3 6 20
10 13 27
17 21 25
5 8 35
23 6 2
10 14 2
3 5 27
11 14 31
13 15 17
4 8 23
20 23 25
21 1 28
22 1 27
19 20 36
4 9 14
11 11 1
3 6 1
14 17 8
8 11 23
10 12 11
19 19 6
11 14 33
21 2 36
20 0 30
19 22 15
5 8 11
3 6 34
10 15 16
9 11 14
11 14 22
16 18 10
17 19 37
7 11 24
21 1 35
15 16 10
10 14 30
21 0 17
4 6 14
19 0 35
12 15 34
8 9 32
19 22 33
15 19 16
16 17 19
5 8 3
17 22 7
3 7 25
17 20 26
17 22 27
6 10 29
1 4 29
8 10 22
5 8 34
2 5 35
13 16 13
15 19 2
7 9 30
6 10 39
7 9 10
15 19 25
21 0 12
16 21 9
3 5 32
1 4 3
22 1 4
18 19 19
17 20 24
18 22 12
19 23 24
16 19 1
15 18 19
23 0 35
3 6 39
15 19 6
22 1 19
19 22 5
9 12 24
17 21 27
22 1 39
0 2 12
21 0 11
23 2 10
19 23 13
18 20 38
11 13 31
16 18 27
12 15 23
15 18 3
21 23 25
8 10 26
16 21 10
5 9 16
23 2 13
15 16 18
18 21 1
19 20 1
1 4 14
21 23 37
6 9 5
5 7 5
10 13 13
7 11 39
18 21 33
7 11 28
16 20 34
15 17 9
18 21 5
15 20 9
18 20 28
19 22 29
5 7 35
17 20 6
7 9 16
16 20 10
13 15 6
9 10 22
16 18 20
20 0 33
21 23 6
0 4 20
12 14 6
1 4 34
17 19 14
16 18 4
8 11 32
4 7 11
17 20 9
9 13 35
10 15 14
4 7 26
8 11 33
20 22 4
4 7 16
2 5 7
2 5 1
9 12 9
12 16 34
0 4 17
3 4 4
8 12 5
6 10 15
6 11 34
7 10 8
12 16 33
14 16 10
10 13 9
11 13 19
5 8 20
20 22 8
9 11 22
4 8 19
18 22 36
7 9 23
22 1 11
12 14 33
23 1 15
11 15 13
16 20 22
10 13 37
13 15 21
4 7 17
4 6 20
12 14 27
10 14 1
0 3 1
6 10 16
11 14 20
9 11 16
13 16 18
14 17 20
21 1 12
18 21 12
17 18 29
7 10 15
8 11 8
3 6 1
14 17 5
23 2 10
9 12 21
16 18 16
8 10 34
7 11 1
22 1 34
16 19 17
5 8 29
5 8 23
1 4 29
5 9 6
0 2 8
23 3 22
3 6 17
23 1 3
16 19 12
2 5 9
6 8 32
5 8 6
21 1 30
18 20 22
17 20 11
2 6 37
10 12 4
19 20 38
9 13 38
20 21 8
2 4 17
22 1 3
1 5 18
9 11 9
1 4 33
1 5 9
19 21 39
5 8 32
7 9 31
8 12 9
20 23 37
14 17 32
0 2 37
7 11 36
22 1 7
13 16 35
8 10 28
17 20 30
7 11 35
9 12 7
16 20 34
15 17 39
1 4 8
20 21 1
19 0 1
6 10 34
17 21 25
16 20 21
5 8 39
23 3 23
22 1 1
16 19 8
0 2 6
16 18 12
7 10 9
5 7 8
12 15 28
22 1 27
0 2 16
2 5 35
18 22 10
10 13 1
15 20 19
20 22 2
11 14 37
6 8 37
19 21 18
5 8 17
4 7 19
3 5 1
22 2 19
1 4 29
21 0 20
23 1 8
13 17 21
12 15 1
18 22 16
19 21 9
2 7 1
6 8 37
7 11 4
3 5 33
21 23 1
2 4 4
8 12 33
22 1 10
5 11 3
17 19 36
18 21 34
15 18 27
0 4 7
13 15 37
19 22 18
15 18 3
17 19 7
13 17 16
10 13 16
15 17 1
4 6 30
3 5 19
20 23 20
4 7 11
19 20 37
14 15 20
0 3 7
14 17 9
3 4 25
22 1 19
5 8 29
17 18 1
9 13 16
19 1 1
14 17 16
22 0 14
2 5 11
20 22 23
21 0 38
1 3 28
16 19 35
5 7 24
5 8 38
8 11 20
0 1 25
20 22 31
22 0 34
13 16 8
17 20 27
21 0 31
1 5 39
19 23 11
21 2 10
3 6 27
15 16 3
10 13 30
9 12 36
19 22 7
0 3 35
0 3 22
15 17 3
4 8 1
16 18 32
13 16 26
3 5 16
17 18 33
14 18 5
23 4 6
17 19 33
16 20 38
2 6 38
18 22 22
14 18 3
6 7 7
17 21 17
7 11 11
4 6 1
5 8 19
17 20 25
8 12 12
11 13 11
15 17 8
6 9 17
8 10 22
6 10 33
4 7 16
19 22 1
3 4 2
17 21 35
18 22 23
0 4 31
0 1 7
5 8 15
9 12 27
11 13 36
6 9 2
8 10 9
18 23 18
22 2 31
4 8 14
22 2 36
2 6 38
6 11 27
13 17 9
8 9 28
12 17 11
13 16 23
20 21 33
20 22 22
2 7 29
22 0 37
11 13 34
19 21 8
4 8 38
19 1 31
3 6 12
16 20 32
17 22 11
21 22 33
8 10 21
17 21 27
11 15 15
0 3 36
3 7 29
8 13 14
9 13 26
10 14 11
10 13 35
16 20 31
1 3 20
3 7 16
10 15 33
6 11 20
23 1 22
20 22 14
10 13 28
6 9 14
1 3 34
16 19 21
17 19 25
10 13 24
20 22 37
2 5 14
23 1 27
16 20 39
12 13 5
0 2 30
7 10 9
20 23 31
3 5 32
12 14 31
6 8 29
7 10 37
1 3 32
4 8 26
3 7 1
9 11 35
9 13 35
0 1 30
11 15 17
14 18 24
23 1 9
4 7 17
20 23 19
18 21 19
6 10 22
20 21 4
2 6 29
3 6 29
3 6 14
4 6 14
0 3 19
19 22 11
12 15 4
15 18 22
19 22 19
1 3 17
21 23 39
21 2 4
1 6 39
7 9 36
6 9 14
5 9 8
21 0 7
13 16 13
21 23 8
7 10 21
7 10 30
5 7 33
13 16 15
16 19 19
16 19 26
19 22 23
13 15 8
3 6 5
12 15 9
23 1 14
17 21 1
1 4 14
18 21 2
12 16 23
16 20 14
3 6 2
17 20 22
3 4 24
5 7 38
21 1 13
18 21 10
4 6 33
11 12 23
10 14 5
17 21 4
11 14 21
6 9 16
5 8 20
3 6 3
6 10 35
14 18 5
11 14 10
3 5 7
9 10 24
12 16 4
23 1 14
4 7 8
15 17 34
13 16 32
1 3 18
11 15 35
22 0 12
20 22 31
10 13 17
20 23 37
0 2 37
5 6 28
19 21 18
13 17 32
21 0 20
18 22 1
3 6 10
16 19 1
17 20 1
6 11 25
15 18 25
0 3 39
17 19 5
13 19 18
20 22 34
8 12 31
12 12 31
19 22 23
1 6 1
15 16 23
12 16 21
6 9 8
15 19 26
19 22 18
8 10 23
1 4 7
1 3 16
4 7 20
14 15 4
12 14 14
17 20 39
3 7 11
12 15 34
20 23 29
3 6 35
18 21 4
6 10 12
6 9 38
13 15 1
5 9 22
7 9 35
8 10 31
13 15 26
15 19 2
6 8 13
16 20 25
14 16 13
1 5 8
23 2 22
23 1 14
22 0 1
19 21 4
8 11 8
0 2 22
22 0 10
18 20 34
12 15 7
4 6 35
6 6 26
19 21 33
22 1 7
21 2 18
3 5 23
9 12 9
12 14 3
18 20 24
10 14 37
6 9 32
12 14 20
11 15 34
7 10 27
3 5 32
15 19 24
21 23 18
8 10 11
7 11 32
9 12 6
7 10 7
19 20 4
15 20 14
13 16 35
16 19 30
17 19 20
12 15 12
1 5 1
13 17 10
4 8 34
11 12 3
19 22 14
11 13 26
0 3 16
20 22 26
6 10 18
8 11 16
11 13 38
22 0 18
20 0 31
15 18 19
10 14 30
21 2 4
19 22 19
1 5 32
15 18 13
20 22 9
22 1 37
7 10 22
12 15 28
3 6 3
5 7 25
0 2 33
18 22 18
10 13 21
1 4 15
22 2 12
1 4 29
14 17 25
17 18 22
21 0 30
15 20 21
15 17 27
0 1 13
6 9 34
16 17 28
5 8 15
8 10 34
5 10 13
23 2 17
23 1 18
2 4 19
15 18 38
20 0 39
19 22 31
16 19 6
13 16 12
15 17 10
8 11 29
23 4 36
20 0 36
1 4 23
5 9 12
14 18 7
14 17 27
0 1 32
4 8 8
12 14 32
15 17 15
22 23 17
3 6 37
9 11 24
15 17 17
4 6 6
19 23 12
17 22 4
23 1 21
16 18 28
9 10 26
19 23 33
11 14 19
4 5 29
0 4 36
4 6 30
3 5 22
10 14 4
16 20 6
21 3 13
13 17 1
12 17 28
3 6 35
21 0 6
0 4 24
0 3 15
21 23 30
16 19 5
19 23 6
21 23 12
3 4 19
5 8 24
7 13 11
18 21 28
17 21 13
10 12 7
14 17 30
18 23 5
9 12 10
3 7 31
17 21 8
1 5 8
20 0 19
4 6 15
5 9 16
22 2 23
4 7 12
21 0 24
2 6 30
17 20 30
1 4 17
15 18 23
7 10 21
6 8 28
11 14 13
20 23 11
7 10 9
14 17 6
12 14 5
6 8 20
21 0 17
18 22 28
20 23 6
16 19 10
17 22 29
12 15 32
21 23 20
3 4 16
8 10 26
4 6 22
20 22 7
10 13 11
8 11 23
12 16 8
13 16 21
6 9 39
5 7 18
0 3 26
16 18 20
11 13 18
20 22 11
7 8 5
5 7 4
23 2 16
9 13 23
23 1 5
13 16 25
19 22 19
16 17 37
9 12 36
3 5 3
9 11 1
7 10 20
3 6 28
5 8 33
23 1 25
1 3 20
11 14 18
2 5 31
4 6 14
0 3 1
6 9 31
11 15 2
10 13 34
22 1 18
12 16 30
0 3 6
10 15 22
12 14 20
0 2 29
10 12 1
20 23 30
18 21 10
6 9 21
22 0 16
17 21 24
9 12 39
13 16 39
5 7 9
21 22 31
19 20 25
3 5 14
10 13 18
12 13 11
6 9 39
4 7 12
12 15 12
7 10 24
5 8 36
13 15 20
17 20 10
0 2 28
14 17 39
21 1 23
18 21 3
22 2 32
3 6 31
22 0 4
11 12 38
19 22 31
11 13 33
11 15 20
22 0 39
21 2 35
13 16 18
17 19 3
9 13 27
12 13 32
11 14 9
20 23 16
10 14 34
6 8 9
7 9 14
1 4 8
17 21 22
18 20 22
21 23 15
4 6 31
4 7 22
4 7 19
9 11 21
19 22 19
7 10 14
4 8 39
9 11 19
2 5 13
19 21 3
5 7 8
21 23 18
16 19 16
13 15 35
17 20 39
15 17 23
18 22 14
21 0 30
5 8 18
9 13 33
12 17 35
0 4 8
7 10 28
21 0 21
19 23 28
1 2 28
13 17 19
6 7 27
10 13 30
17 20 11
19 21 34
15 18 12
7 10 33
4 6 30
10 14 32
7 8 3
4 8 5
1 3 34
6 10 3
9 12 20
9 12 37
12 14 3
19 21 33
2 4 8
12 16 26
9 12 32
10 13 25
13 16 22
0 3 9
13 15 20
15 16 33
12 14 5
19 22 22
6 9 34
14 16 22
7 11 33
2 6 12
9 12 4
0 4 25
2 4 29
2 6 39
14 17 37
8 12 28
7 9 8
7 9 19
5 6 24
20 23 16
2 4 14
19 23 27
9 13 35
21 23 39
22 0 27
21 23 15
0 4 12
3 5 29
3 6 39
14 18 32
15 18 37
14 18 36
23 3 16
14 18 37
10 14 25
22 2 27
16 22 37
6 8 6
10 13 34
11 14 29
6 8 13
2 5 11
21 23 20
15 18 35
8 12 9
16 18 9
8 10 27
14 16 5
8 11 6
15 19 29
20 22 37
3 7 32
8 11 17
17 19 27
11 14 39
23 2 21
7 9 32
20 23 25
20 22 21
9 11 19
16 17 32
2 5 33
3 6 36
21 0 12
21 0 25
23 2 1
14 16 30
17 20 27
9 14 18
5 8 34
4 8 23
17 22 33
13 15 36
3 6 25
5 10 3
23 2 34
18 21 12
7 12 14
12 14 12
11 15 13
10 14 2
10 13 11
15 19 33
0 3 23
6 8 35
8 11 14
23 2 7
22 0 33
22 0 17
10 14 33
23 1 3
20 22 8
0 3 14
19 23 6
18 23 2
8 11 8
16 18 38
6 8 16
9 10 15
6 8 19
5 6 20
5 7 2
21 23 6
11 13 2
15 18 33
12 16 17
18 22 10
2 5 8
3 7 24
9 12 11
4 8 3
0 2 29
20 23 33
14 17 7
11 15 23
23 0 9
18 20 18
7 9 2
14 15 22
1 3 34
7 10 3
17 19 31
3 6 1
17 20 19
18 22 16
2 6 38
11 14 11
5 7 18
17 20 26
11 14 7
8 10 15
7 10 17
6 10 22
18 21 11
19 22 37
1 3 21
5 8 33
12 15 36
0 3 27
2 5 37
4 7 34
21 0 35
3 5 26
11 15 29
9 13 20
4 7 17
14 15 35
15 16 10
19 23 26
23 2 13
16 21 32
9 13 23
8 10 6
15 19 23
0 1 8
4 6 11
9 12 28
4 8 16
20 23 35
8 12 28
16 20 10
22 2 32
6 10 39
11 12 37
5 7 38
21 23 19
3 6 2
5 9 38
3 5 9
5 8 11
9 13 28
20 23 18
0 2 37
15 16 12
2 4 37
12 15 10
20 22 12
21 22 15
1 3 34
14 16 38
20 23 7
8 11 27
21 0 4
15 18 11
23 2 3
20 22 33
18 21 35
18 21 2
15 17 23
5 8 24
1 4 22
3 7 6
15 18 36
13 19 32
11 14 34
9 13 7
4 7 7
13 13 34
13 16 19
22 0 27
11 15 11
7 13 4
6 8 15
0 4 22
7 10 36
8 11 33
23 0 14
20 22 17
16 19 8
13 16 14
15 18 38
13 16 2
3 6 17
23 3 2
22 0 17
4 6 1
21 0 32
0 3 36
3 6 9
13 16 32
23 1 12
22 2 1
23 3 3
22 0 28
14 18 23
1 5 7
16 20 8
20 22 17
20 22 27
11 15 8
17 21 32
19 22 5
2 4 20
15 18 19
4 8 3
12 16 1
23 2 38
15 19 37
7 10 24
1 5 36
13 16 31
12 14 32
4 8 28
13 14 36
8 12 6
9 13 6
18 20 8
21 23 12
6 9 3
18 20 15
4 7 27
12 17 11
2 5 22
11 15 38
9 12 31
6 8 37
13 16 27
13 17 34
13 16 24
15 19 25
4 6 8
13 16 13
16 19 19
0 3 31
15 17 30
8 10 12
18 20 21
12 15 29
22 1 21
22 1 7
22 2 13
23 2 31
6 10 36
19 20 6
9 10 17
11 14 1
15 19 21
14 17 1
17 19 17
16 20 22
8 9 22
13 16 37
7 9 14
21 1 26
3 5 39
2 4 9
5 8 16
23 1 21
6 9 37
12 13 20
14 17 22
18 22 5
8 11 23
21 0 32
3 5 21
21 23 38
5 9 27
14 20 33
4 7 25
19 23 18
20 0 36
22 0 36
14 15 8
15 18 8
12 15 12
14 19 12
13 18 23
22 2 22
15 18 3
16 18 10
10 13 19
5 6 24
4 6 21
5 6 33
14 19 32
11 16 37
21 2 20
10 12 31
5 9 35
16 20 7
22 1 7
23 2 38
12 14 1
9 12 30
23 1 39
13 15 30
12 14 37
22 0 11
16 18 36
14 18 13
1 2 17
13 17 6
19 21 31
22 1 23
4 6 26
5 8 36
14 16 11
8 11 26
22 2 30
6 10 15
17 21 15
19 21 35
20 1 21
3 4 4
9 14 14
14 18 30
21 1 26
17 20 15
15 16 9
21 0 37
6 8 36
21 2 8
21 1 37
20 23 10
23 3 21
6 9 17
10 13 30
23 2 3
7 9 14
6 10 2
10 13 10
5 10 23
16 20 25
8 11 7
10 11 17
2 7 13
10 13 38
4 6 8
12 15 1
0 4 19
22 1 7
18 20 11
5 7 30
19 22 15
8 9 26
8 12 36
0 2 3
6 11 29
20 23 37
23 4 14
19 21 28
20 23 36
7 11 26
2 6 17
6 9 34
7 11 36
19 20 24
18 22 9
19 23 19
9 14 21
3 6 24
7 10 9
16 19 16
11 14 25
3 7 12
6 9 1
4 7 29
14 16 10
11 15 22
23 0 14
7 10 28
22 0 16
1 4 3
13 15 39
12 15 6
20 1 25
8 11 29
19 20 33
16 17 27
5 8 36
3 6 20
12 15 27
21 23 37
13 15 1
0 3 9
2 6 36
14 18 5
18 21 19
9 12 15
16 19 27
14 18 22
3 7 8
4 6 24
0 3 31
2 4 22
9 13 20
4 7 9
2 5 15
23 3 9
10 12 4
17 20 5
19 23 35
15 17 35
12 15 37
16 19 19
6 8 22
13 14 12
0 1 11
10 12 34
0 2 17
1 6 36
15 18 32
18 20 34
16 21 8
4 7 9
5 7 19
13 16 26
5 8 34
14 15 32
3 6 33
8 11 6
20 0 4
8 10 2
4 7 2
12 15 37
12 16 28
19 23 34
9 11 4
17 18 1
8 9 9
7 10 8
7 11 25
15 18 9
8 10 4
23 2 8
21 22 10
13 16 15
11 16 32
20 23 20
4 7 35
5 5 12
0 3 2
21 2 5
19 21 1
14 17 29
3 6 29
4 7 26
17 20 17
6 9 39
5 9 26
0 4 32
16 19 13
12 15 19
19 22 33
5 7 39
7 10 1
9 14 25
18 21 20
19 23 19
12 16 31
0 2 11
2 4 25
16 18 10
20 23 23
22 1 25
6 8 36
23 2 27
2 6 37
6 8 10
7 12 28
17 19 39
16 19 18
8 11 14
18 21 5
15 18 2
4 8 11
9 12 6
21 1 3
20 23 3
20 23 1
1 3 21
13 16 4
16 19 9
4 7 37
10 13 28
19 0 27
1 3 18
3 6 5
1 5 32
2 3 11
14 18 1
16 19 10
20 1 32
6 6 25
9 11 35
5 7 10
21 23 12
19 22 32
7 11 9
2 6 3
4 7 32
7 10 17
9 11 26
18 20 16
10 13 4
14 20 32
23 0 16
5 8 34
3 6 17
17 20 33
14 19 18
2 5 3
15 18 28
22 1 21
19 22 15
0 3 29
2 7 12
5 7 4
21 1 17
3 8 18
14 16 26
6 8 35
3 5 1
10 13 23
10 11 27
6 9 11
7 9 28
4 8 15
13 16 3
4 6 18
22 0 26
4 7 13
17 19 10
5 8 3
20 0 1
12 15 1
9 14 10
3 5 1
19 23 23
1 4 5
11 12 39
2 5 5
10 13 36
8 12 3
9 13 14
13 18 37
17 18 20
11 12 10
16 20 38
15 19 20
8 11 31
6 11 11
14 18 10
3 6 7
6 9 8
5 7 15
14 18 4
15 17 1
10 14 39
3 6 2
8 12 1
22 3 13
9 12 8
15 19 10
2 4 10
17 20 23
5 9 23
14 17 26
21 1 34
5 7 9
22 1 22
10 15 39
16 19 28
9 12 9
10 11 6
1 4 39
0 5 34
21 23 21
13 15 25
14 16 22
14 18 9
10 11 30
23 2 33
13 16 26
4 9 25
10 12 36
12 15 19
14 16 30
0 3 22
20 22 29
12 16 7
8 12 39
19 22 5
22 23 31
6 9 26
4 6 36
19 21 24
21 0 36
21 0 31
6 9 27
20 23 11
18 19 10
9 10 5
2 4 37
7 12 12
1 5 36
22 3 39
23 1 29
0 3 38
3 6 3
19 22 11
23 1 29
5 9 39
15 17 31
7 12 8
12 17 27
14 17 33
16 19 23
7 10 18
15 19 26
23 4 29
19 22 1
17 21 39
11 14 38
0 3 4
22 1 7
11 14 5
4 5 10
12 15 1
13 16 11
12 15 35
6 8 12
6 10 4
21 2 9
9 13 13
8 11 26
14 17 9
0 3 3
7 11 12
23 2 30
7 9 4
15 20 34
5 7 34
15 18 18
16 20 10
17 20 16
4 9 4
3 7 21
13 16 7
5 8 33
8 11 23
20 22 17
19 22 2
20 0 22
11 14 21
1 4 30
2 5 31
4 9 12
7 9 20
22 2 3
15 19 15
3 5 25
9 14 30
20 23 9
22 2 29
9 10 3
8 11 18
9 11 33
16 20 5
7 11 37
10 14 31
22 1 15
15 18 36
18 20 34
12 14 8
4 8 6
14 17 18
11 17 29
21 0 9
20 0 8
17 20 35
0 2 18
21 0 27
14 18 12
20 23 21
3 7 29
11 15 36
21 1 18
18 22 32
2 5 13
8 11 2
9 12 18
13 17 8
21 23 9
4 6 23
10 14 6
8 11 2
20 22 1
16 20 24
18 21 4
13 16 16
12 15 33
18 21 21
22 0 34
3 8 15
16 18 23
13 17 26
6 9 10
19 23 13
3 8 8
17 19 39
13 13 32
17 20 21
20 0 30
4 6 1
10 14 13
19 22 26
17 19 1
17 21 13
16 19 39
3 5 39
3 5 38
1 4 7
7 10 9
15 17 17
22 0 27
22 1 22
16 19 6
21 0 20
9 14 19
6 8 34
12 15 27
8 10 19
17 20 4
11 15 26
3 5 21
3 5 20
5 8 38
14 17 25
10 11 39
3 7 36
8 12 36
6 9 18
11 15 10
21 0 16
8 10 9
10 12 2
7 10 22
20 22 39
9 12 6
9 12 4
4 8 31
21 22 6
11 15 9
7 11 13
16 20 28
19 0 22
23 4 16
15 17 5
1 4 36
22 2 26
2 6 31
8 11 28
20 0 9
21 23 3
1 3 9
18 21 26
13 16 7
12 15 6
21 0 15
8 11 18
13 17 5
6 8 32
12 14 18
3 7 18
17 19 6
7 10 20
16 20 36
11 15 3
16 19 34
2 3 3
21 23 20
22 23 10
12 14 9
1 3 34
14 18 6
8 9 25
2 6 34
5 7 31
23 4 14
17 20 23
14 16 18
1 4 1
21 0 39
15 19 39
19 22 25
15 20 22
11 14 18
9 12 36
6 8 38
3 6 1
2 6 8
13 16 23
14 17 15
11 16 22
13 16 16
0 1 13
6 8 38
1 3 32
14 17 7
7 9 19
4 8 10
21 0 28
3 9 10
8 11 30
20 23 1
17 20 16
1 4 5
16 19 31
5 9 38
10 12 2
5 7 3
9 11 12
18 22 11
13 16 12
12 14 37
19 23 36
6 9 6
20 23 32
7 12 15
15 19 17
3 5 33
21 0 32
17 20 28
19 20 2
3 7 11
2 3 4
11 14 28
10 14 34
21 0 10
4 8 39
0 3 20
21 22 13
16 19 8
13 16 18
21 0 27
4 7 38
4 6 9
4 6 4
16 19 37
11 13 27
17 19 19
22 0 28
0 4 19
18 21 30
9 12 11
2 4 32
23 4 3
15 16 10
19 22 18
23 1 34
13 17 9
12 15 2
4 7 20
7 10 25
5 8 3
4 6 37
16 19 24
23 2 16
6 10 2
8 10 11
9 13 22
20 1 22
20 22 31
17 19 15
9 13 8
10 12 15
15 18 32
23 2 9
9 12 7
1 3 38
23 1 7
6 9 33
17 20 39
2 4 38
2 4 11
20 23 37
2 4 4
16 19 17
22 3 4
23 2 13
11 14 32
19 22 20
8 12 14
6 7 36
4 8 24
11 14 33
5 8 17
21 23 24
8 11 30
1 3 18
13 14 27
17 20 33
19 21 19
9 12 13
3 7 19
7 11 7
21 23 17
8 12 5
4 7 12
14 18 16
6 10 22
9 12 29
0 0 15
15 18 7
3 7 27
9 11 37
5 8 10
18 21 9
13 17 9
14 18 7
15 17 30
16 18 35
5 9 12
8 10 8
6 10 32
1 5 3
4 8 31
15 19 33
1 2 20
4 8 18
3 5 33
2 6 23
17 20 10
21 0 17
23 2 35
10 12 21
7 11 17
21 23 5
21 1 8
19 22 26
13 15 27
10 14 2
22 1 32
10 14 36
4 8 14
22 2 6
17 20 37
1 3 1
12 14 26
13 15 13
8 11 24
22 2 28
15 18 4
7 9 22
16 18 20
4 8 5
5 7 10
20 0 28
23 1 32
20 22 19
2 4 21
0 3 22
11 14 34
4 9 36
6 9 30
14 17 13
22 2 18
23 2 21
11 14 7
19 21 25
15 19 4
3 4 31
17 19 9
6 9 8
4 5 15
2 5 39
0 2 6
9 13 21
16 19 1
22 0 23
5 8 16
16 20 14
15 17 2
9 11 9
1 4 2
1 6 11
16 18 8
19 21 17
19 23 23
0 3 18
1 4 25
23 3 14
22 1 9
21 0 9
23 2 22
6 10 22
23 4 15
21 2 30
8 10 4
7 9 2
13 17 37
14 18 4
12 16 15
10 14 6
12 13 2
22 1 16
10 14 34
14 16 13
18 22 8
1 5 7
16 18 31
0 3 22
13 18 28
8 12 16
9 12 24
11 12 22
13 18 14
3 5 5
23 0 32
4 7 16
18 21 8
4 8 31
2 5 23
4 7 30
0 2 16
16 17 25
20 0 36
19 21 5
6 9 13
10 13 17
22 1 22
5 6 17
19 0 38
3 5 3
5 9 6
14 18 24
22 1 25
11 12 3
7 10 23
19 22 12
2 5 26
23 23 13
16 18 20
16 20 18
7 11 33
19 22 32
10 14 24
10 14 18
13 16 1
14 16 5
19 20 36
21 0 37
16 19 39
12 16 27
12 14 14
1 3 6
12 14 20
15 18 33
11 13 36
3 6 17
17 20 25
5 7 24
3 8 29
4 7 16
0 4 29
1 4 3
11 13 25
13 17 34
9 13 29
7 9 34
9 12 6
19 21 30
1 5 16
21 23 23
14 19 15
12 15 35
9 13 29
22 2 13
5 8 25
5 6 37
2 5 28
0 5 32
10 14 6
18 21 2
11 13 32
18 20 29
5 9 19
2 5 29
4 7 32
9 12 29
5 10 7
1 6 3
14 17 17
20 23 4
19 22 14
23 4 29
7 9 18
17 20 6
2 6 28
5 7 28
4 8 17
3 5 2
23 2 6
22 0 8
14 16 19
17 22 38
0 2 5
18 21 14
23 1 1
8 13 8
18 23 36
9 11 16
10 11 4
17 20 20
8 12 30
3 6 27
21 23 14
10 12 7
0 1 18
2 5 31
2 5 9
15 17 19
6 9 21
16 20 18
13 17 15
5 8 16
9 10 39
21 22 31
13 15 17
1 6 17
0 0 7
15 18 21
11 15 38
20 0 37
4 8 36
19 22 33
17 19 20
20 22 16
2 5 30
19 23 12
13 16 23
0 3 36
6 11 13
18 21 1
0 2 26
16 18 18
21 0 18
17 20 15
8 12 39
18 23 1
16 18 1
9 13 11
10 14 20
14 17 17
21 0 11
4 7 22
11 14 9
23 1 16
8 11 24
7 11 2
4 7 25
20 22 20
23 3 22
4 6 38
17 21 19
13 16 24
13 15 24
0 2 10
3 6 24
7 11 2
12 14 35
19 21 4
5 6 22
0 1 5
10 11 38
13 17 11
2 6 1
2 5 5
0 2 23
2 3 3
6 9 6
2 6 39
6 8 8
14 17 38
5 9 13
11 14 18
18 22 26
13 15 8
16 20 4
8 11 9
0 4 38
0 5 12
8 11 2
22 0 26
16 19 4
17 21 29
12 16 33
13 16 25
13 17 1
15 17 26
6 10 12
17 20 20
23 0 36
6 10 26
11 16 14
11 12 35
3 5 30
5 7 24
12 14 28
19 21 2
2 6 25
13 16 20
3 6 29
0 2 5
23 1 2
11 14 11
6 11 16
9 11 21
8 12 22
19 22 36
10 14 15
22 1 31
16 20 14
10 13 33
4 7 29
10 13 3
15 18 1
0 3 33
8 13 37
3 5 22
12 15 1
1 5 18
9 11 16
7 10 3
13 16 16
10 13 22
10 13 36
22 0 22
1 5 9
22 0 35
8 10 20
23 2 20
17 20 5
9 13 26
0 4 24
14 18 26
14 17 27
1 4 26
23 2 14
21 1 22
19 22 32
12 15 37
22 0 35
7 11 36
21 1 3
1 5 3
0 2 29
17 21 31
20 1 7
3 6 30
22 3 34
13 13 25
11 16 36
18 22 31
12 15 27
7 10 15
4 7 28
23 1 9
3 5 1
18 21 19
2 5 8
7 10 33
10 13 14
8 11 27
6 9 39
4 7 22
12 15 36
20 22 7
13 15 14
23 2 28
2 4 37
6 9 11
19 20 14
19 22 4
0 3 16
6 8 18
9 11 5
11 13 35
17 19 26
12 14 4
5 8 19
4 8 32
6 7 32
1 4 20
21 1 30
18 21 12
19 22 33
23 1 18
20 21 34
8 13 18
21 23 13
13 16 13
19 22 10
2 4 33
17 21 13
22 0 14
22 0 15
2 6 6
5 8 36
23 1 13
19 21 29
11 13 3
1 4 10
7 11 35
14 16 16
13 16 30
18 23 31
12 15 31
10 12 18
16 19 22
11 14 14
8 12 9
14 17 39
17 21 5
11 15 15
12 16 7
20 23 25
2 4 9
17 19 39
9 11 39
10 13 30
22 1 35
15 17 18
17 19 36
15 17 29
0 4 23
9 11 26
14 16 21
19 20 25
10 11 27
4 6 3
12 16 33
15 20 17
19 22 10
5 9 36
10 13 5
15 17 24
23 2 5
1 2 14
9 13 16
16 19 11
5 9 12
5 7 20
5 8 25
22 0 30
13 17 6
4 5 22
23 2 1
11 14 14
4 7 3
14 17 34
23 2 13
6 9 29
8 11 15
8 11 33
5 7 37
1 3 37
17 20 30
14 19 17
15 19 20
21 0 13
7 8 8
19 21 5
20 22 35
1 3 12
16 21 23
7 11 31
21 0 7
12 14 31
1 5 31
12 14 32
16 18 7
5 10 36
15 18 29
19 20 39
2 4 18
4 8 9
4 6 10
20 0 31
23 0 30
12 15 4
19 22 10
14 17 24
11 14 10
17 21 4
23 0 8
21 0 14
12 14 29
23 4 17
23 0 39
16 19 17
4 7 19
17 19 39
22 0 1
19 23 33
10 13 37
5 7 11
3 5 37
11 15 29
7 11 28
6 8 3
1 3 25
12 15 8
4 9 16
7 9 5
13 15 4
10 13 7
22 1 21
22 23 24
2 4 34
18 22 23
11 13 14
12 16 14
17 20 10
18 19 31
3 6 24
15 18 5
17 20 23
22 23 5
19 22 7
2 4 35
22 1 25
10 14 26
17 19 8
20 0 34
16 18 1
1 6 28
6 8 5
16 18 13
16 19 10
8 10 11
6 10 14
17 19 25
19 22 20
16 21 36
14 16 3
7 10 38
14 17 15
11 15 34
5 8 26
8 11 30
19 22 24
12 16 2
4 8 23
6 9 39
22 2 10
6 11 20
4 8 27
2 4 8
4 7 14
0 3 21
1 4 34
14 15 28
20 0 15
18 21 30
17 23 39
14 16 24
9 13 15
5 8 1
12 15 17
12 13 13
16 21 35
16 19 36
11 14 7
1 3 7
22 2 32
4 8 26
11 13 24
15 18 23
20 23 26
1 3 33
6 9 23
5 8 36
14 16 11
7 9 35
1 4 16
18 20 31
12 15 27
20 0 19
9 12 11
1 4 18
17 19 17
1 5 26
20 23 6
10 12 21
2 5 23
3 6 19
7 11 34
15 19 32
16 22 5
15 17 15
8 9 11
11 14 8
15 18 5
22 0 24
18 21 34
23 2 23
17 20 4
5 9 4
5 8 23
19 22 20
19 20 18
23 3 5
22 1 25
9 13 1
12 16 13
23 1 36
7 10 27
20 0 11
8 9 24
14 15 29
23 3 17
21 23 37
2 5 32
0 0 33
17 19 37
13 14 19
12 16 32
16 19 26
7 10 18
1 6 16
1 3 33
3 6 9
7 10 7
8 10 36
6 9 25
15 19 24
20 22 3
0 4 2
14 16 6
4 7 35
4 8 26
7 9 37
22 1 3
8 12 31
21 0 5
20 21 11
6 8 19
21 23 26
22 2 26
10 11 23
1 4 25
23 4 8
0 3 23
3 5 27
17 18 20
5 7 34
21 0 5
15 19 39
3 6 21
5 7 16
15 18 11
13 15 16
20 23 13
2 5 10
6 11 9
6 9 11
8 11 2
13 15 8
9 12 21
4 6 10
1 4 1
4 7 28
1 3 8
15 16 20
16 17 31
5 7 16
18 22 34
14 15 36
3 6 35
11 15 39
13 17 25
7 9 11
22 0 23
20 21 24
9 12 28
20 0 33
23 1 32
16 20 38
14 19 23
6 9 11
10 13 30
15 16 19
5 9 14
1 5 17
11 12 3
8 11 9
3 5 27
9 13 24
17 20 28
2 6 20
9 11 19
1 4 4
6 8 23
7 9 9
15 17 1
16 20 30
14 17 10
15 18 36
11 13 36
15 18 18
14 17 33
11 14 33
15 19 31
22 0 29
22 1 12
14 17 39
23 2 9
1 6 36
21 1 29
12 16 1
12 16 28
5 9 1
17 18 14
11 13 9
20 23 22
12 16 9
8 11 29
9 12 1
13 15 22
17 21 33
18 20 16
11 13 7
23 1 4
17 19 21
4 8 27
19 22 16
3 7 13
5 7 36
11 14 9
9 14 25
16 17 26
23 2 3
14 17 35
16 19 26
3 6 33
18 20 1
19 22 12
6 9 39
5 8 1
21 0 28
2 6 8
3 7 16
10 12 22
14 17 26
12 15 27
20 0 34
0 2 24
14 16 11
7 11 5
9 11 14
7 10 37
23 1 24
0 2 29
14 17 21
3 5 33
16 19 1
12 15 31
11 13 31
10 13 24
4 8 9
9 13 28
1 4 15
1 4 23
22 1 24
4 6 20
0 5 21
2 6 36
11 12 17
1 4 24
22 1 36
5 7 13
7 11 13
1 6 34
13 16 11
3 5 3
14 17 5
14 16 27
5 9 13
20 23 17
15 18 31
7 11 32
17 19 13
4 5 4
8 11 11
13 16 4
12 14 32
15 18 25
22 2 4
19 22 37
3 5 15
14 16 5
17 20 26
22 1 29
20 23 11
19 20 9
4 9 9
5 8 13
10 14 5
17 21 17
22 0 4
8 10 12
19 21 2
20 0 2
14 16 29
2 4 12
7 10 37
10 13 29
19 23 31
6 9 24
8 12 35
7 11 5
3 6 23
20 22 21
8 12 35
9 14 29
5 9 37
8 9 19
3 6 19
3 5 5
17 20 13
22 0 28
16 18 7
7 12 6
12 17 12
14 18 6
0 4 19
20 22 13
6 9 19
1 4 1
10 12 6
2 4 6
6 8 8
5 8 30
16 19 2
11 14 16
13 15 9
21 0 2
16 20 27
5 6 19
1 4 12
22 0 27
10 13 28
22 2 5
16 20 17
17 19 34
14 18 22
15 19 26
9 12 23
7 8 2
23 1 12
18 23 33
14 18 23
17 21 34
20 1 25
13 18 3
12 12 39
11 15 31
20 23 25
4 8 20
3 6 30
7 12 36
12 15 34
20 23 2
4 5 14
13 15 23
16 21 12
4 8 7
5 8 11
18 21 9
12 15 22
5 6 15
14 17 9
14 17 26
3 5 25
20 0 21
13 15 31
10 11 13
21 1 11
14 16 7
20 22 32
2 5 8
5 10 32
12 16 20
18 20 9
6 10 6
18 22 22
10 12 12
18 21 32
10 14 22
11 12 11
19 22 35
13 16 27
8 12 28
3 6 33
8 11 11
10 13 35
19 23 13
10 12 38
6 9 3
19 22 32
3 7 23
0 4 10
20 23 39
17 21 2
0 2 27
3 8 15
9 13 24
10 13 26
22 23 11
20 0 28
12 16 7
6 9 19
19 22 1
7 11 31
18 22 25
21 23 28
0 3 19
19 21 5
2 4 6
5 9 17
19 22 19
22 2 24
15 17 35
7 9 39
1 3 15
13 17 20
11 14 4
17 21 15
11 13 10
18 21 31
23 2 24
16 19 12
10 15 31
6 9 24
0 3 29
0 1 14
14 17 29
0 2 35
23 2 28
8 11 34
21 1 20
0 3 27
19 22 33
21 23 1
22 0 27
7 11 2
20 21 33
9 12 5
6 7 1
11 12 28
16 19 9
7 9 25
7 10 12
21 1 29
15 17 8
22 0 3
11 15 36
0 2 38
21 0 13
23 1 25
22 1 7
20 23 26
8 11 29
1 5 27
17 19 22
15 17 22
22 2 38
21 23 17
22 1 14
18 20 23
14 18 3
22 2 33
23 3 31
11 14 29
5 7 1
0 4 28
10 13 25
8 8 25
19 0 38
1 4 18
17 20 6
12 15 19
14 17 35
17 20 1
6 8 19
4 8 16
23 4 16
20 0 17
2 3 8
12 15 38
5 9 22
17 19 2
22 1 21
18 21 34
3 4 6
3 5 5
13 15 23
6 8 3
10 11 29
15 18 34
5 8 11
15 19 5
9 12 8
12 15 2
23 2 19
10 14 26
20 23 18
4 7 11
11 15 4
2 5 20
5 9 4
20 23 8
22 23 39
17 20 9
6 9 20
9 12 18
9 11 11
11 14 14
21 0 20
8 11 22
0 3 26
17 19 15
13 16 39
19 0 32
16 19 22
5 7 29
4 9 22
14 17 9
8 10 2
5 8 19
10 13 28
20 23 27
11 16 35
8 12 7
9 13 8
22 0 28
6 8 32
20 0 22
8 12 22
10 11 39
12 16 12
18 20 30
1 5 12
17 19 3
23 1 8
21 0 22
19 21 9
0 3 19
4 7 34
3 6 11
5 6 14
17 19 38
0 3 23
5 7 20
7 10 5
11 15 18
16 21 14
20 21 31
12 14 9
5 7 35
6 9 34
21 2 16
0 3 27
17 20 14
0 3 39
5 6 12
16 20 8
11 12 35
10 13 32
16 20 12
6 7 15
11 14 22
3 5 1
3 6 13
22 23 13
8 11 36
7 11 35
16 17 36
11 14 18
3 6 8
18 21 12
14 16 32
5 8 7
6 10 7
15 17 34
17 22 16
3 7 30
8 12 20
10 14 16
18 19 3
13 17 15
23 2 30
21 23 30
0 2 3
17 21 4
14 17 24
18 21 37
21 2 7
8 12 10
4 6 35
16 20 21
20 21 39
6 10 1
22 2 5
6 8 23
2 6 6
5 8 14
20 23 35
12 16 34
18 21 9
8 11 1
17 19 11
9 11 1
17 21 9
2 4 14
19 22 35
13 15 16
0 3 28
14 18 10
2 4 28
17 19 27
17 21 2
10 12 11
4 5 18
17 21 1
1 6 34
22 2 9
13 16 11
7 12 29
6 8 9
9 12 22
1 4 16
19 23 16
18 22 3
21 0 10
22 0 5
1 5 25
17 21 35
8 11 22
5 7 37
20 23 20
14 16 8
9 11 29
4 7 9
23 0 16
13 18 19
22 0 9
5 7 17
11 14 7
15 19 25
9 12 25
18 21 13
6 9 25
7 9 28
7 11 26
8 10 5
3 5 9
23 1 17
5 8 28
4 6 21
11 13 27
6 8 15
12 15 20
0 5 6
22 2 3
5 7 37
9 12 4
22 1 35
19 23 36
17 20 9
22 0 12
2 6 11
13 15 6
5 9 24
12 15 7
22 0 39
16 18 4
21 0 16
4 9 7
13 15 5
23 1 14
23 1 10
2 5 28
22 1 24
2 4 8
6 9 17
17 19 7
8 11 18
13 18 12
19 21 8
23 3 29
21 0 20
3 6 18
18 20 6
19 21 38
23 1 13
3 4 22
11 14 16
13 17 16
15 18 30
11 13 25
12 15 20
6 10 37
11 15 7
13 14 39
3 7 13
20 23 7
13 16 25
5 7 13
17 19 20
22 23 26
15 19 20
6 9 31
19 21 33
5 8 13
15 19 5
20 21 4
5 8 24
3 6 21
12 16 23
4 8 16
8 9 8
21 22 39
2 4 29
16 21 36
10 16 28
6 10 33
22 2 17
15 18 16
21 23 17
13 16 20
19 0 4
11 14 35
17 20 20
8 9 11
2 3 6
6 9 33
5 9 31
5 8 37
0 4 20
2 7 2
23 2 35
14 17 22
16 21 20
23 2 34
11 16 33
18 20 29
10 11 36
4 7 3
0 4 28
15 17 32
8 13 23
15 18 6
14 18 13
23 4 27
17 20 34
0 3 14
19 23 7
7 10 17
11 14 25
7 9 11
3 7 6
1 4 39
9 11 11
20 0 23
13 16 30
4 6 33
5 10 15
0 2 10
17 20 15
4 7 26
12 14 24
14 17 15
1 6 3
13 16 11
19 22 19
4 6 15
5 9 1
0 3 5
12 15 23
12 15 29
4 7 9
12 15 39
9 11 1
22 1 1
7 10 16
7 8 21
23 1 11
1 4 1
13 17 14
22 2 29
21 0 30
19 22 5
10 14 3
12 15 22
10 14 6
10 13 36
6 9 3
12 16 33
3 5 10
3 6 26
2 6 30
12 14 30
10 13 37
6 10 8
8 12 13
15 19 28
18 21 14
12 16 7
16 20 34
2 5 3
21 2 30
9 12 33
4 8 28
6 10 15
19 21 25
10 13 2
22 0 24
9 13 4
2 5 25
14 18 36
23 0 21
10 13 2
12 16 8
17 21 30
19 22 23
21 23 6
14 16 19
15 18 26
22 1 27
2 6 14
3 6 16
23 3 36
6 11 29
6 8 25
0 3 35
13 14 11
10 12 28
19 23 21
6 8 28
12 15 13
22 0 26
21 0 25
22 2 34
0 3 19
22 0 34
1 5 23
9 14 25
16 17 1
16 19 38
13 15 27
3 7 18
4 8 28
21 22 38
15 16 20
21 1 18
4 6 14
13 15 29
22 1 9
8 10 7
21 23 25
8 11 23
5 8 19
11 12 18
18 21 32
2 5 38
19 21 31
22 2 15
23 1 34
4 8 34
11 13 21
4 7 31
16 18 38
1 5 6
16 20 23
16 19 35
9 11 37
2 7 14
9 13 36
13 14 9
4 7 33
12 15 25
8 10 39
14 16 6
3 8 25
20 21 7
18 21 24
18 20 27
17 18 2
9 12 31
10 13 10
21 23 39
22 1 3
11 13 8
22 0 34
23 1 2
7 9 26
13 16 17
1 3 3
3 8 1
23 4 15
10 12 1
10 13 13
19 0 15
20 23 9
20 0 36
5 9 15
21 1 31
0 3 19
17 20 4
11 13 34
2 6 36
1 5 16
2 6 10
0 3 37
15 17 2
17 20 24
22 0 10
20 0 15
9 11 23
17 21 12
23 1 13
9 12 28
19 20 3
12 14 2
10 13 2
8 11 12
7 10 21
23 1 3
16 19 16
23 2 31
14 16 13
7 9 1
9 12 18
2 7 9
16 18 32
1 4 38
2 4 17
15 18 37
8 12 37
8 10 18
4 9 20
18 0 31
19 21 4
8 10 10
11 15 19
21 1 25
2 3 11
2 7 39
6 10 11
4 7 30
9 11 22
21 23 19
0 3 37
22 2 26
10 12 26
5 9 18
12 14 8
10 13 19
20 0 16
14 18 37
15 18 26
14 17 16
14 16 20
5 10 18
13 14 17
6 8 3
6 9 6
1 4 19
11 14 6
9 12 23
23 3 38
23 2 21
10 13 10
5 7 22
17 22 4
13 15 11
11 15 33
22 2 20
20 22 32
22 2 29
1 4 7
22 1 4
11 14 12
3 7 33
10 14 3
0 2 15
1 4 26
0 2 37
5 8 9
9 13 5
10 12 7
22 2 13
12 14 25
7 10 15
17 17 10
6 11 30
17 20 10
23 2 1
15 16 30
9 12 31
1 4 21
19 21 9
7 10 24
17 21 27
18 20 8
21 23 1
17 20 16
3 4 9
6 9 7
8 13 1
21 0 37
10 13 2
9 13 3
7 12 19
6 11 26
21 23 12
18 19 2
20 0 24
12 15 13
14 18 27
21 0 25
3 5 7
1 6 14
3 5 37
4 6 7
6 8 19
5 7 13
13 16 7
1 5 11
16 17 25
1 4 35
5 8 8
13 15 17
22 1 26
10 14 34
17 20 18
15 19 15
11 14 16
16 18 8
23 0 16
20 22 3
11 14 1
6 8 21
10 12 19
11 13 20
6 9 24
8 12 32
9 12 22
3 5 15
11 13 21
17 21 36
5 7 8
16 20 23
11 13 18
5 9 9
1 5 6
1 5 24
19 23 1
9 11 6
8 11 23
23 2 5
16 19 37
12 15 29
8 10 30
22 3 23
10 13 32
7 9 14
4 8 20
11 14 34
18 20 7
15 18 24
5 9 3
22 1 19
9 12 38
8 11 25
2 7 8
2 3 26
17 19 4
21 1 19
21 0 24
19 22 2
11 14 23
13 17 35
2 5 24
15 18 33
18 21 17
23 3 16
20 1 9
13 17 28
6 10 12
8 12 23
7 11 2
7 9 17
15 17 14
7 12 23
0 4 11
22 2 15
14 18 11
0 3 37
16 19 35
2 4 18
6 8 33
21 23 23
16 20 10
8 11 1
0 4 1
16 20 30
16 19 16
8 11 6
13 18 4
8 10 22
7 9 32
17 22 11
14 18 30
4 7 6
22 0 19
16 18 31
1 3 13
20 23 24
7 10 24
22 0 29
13 16 12
2 4 31
14 17 21
3 7 29
18 22 29
10 11 14
21 23 21
6 8 30
10 12 24
4 8 29
14 15 27
23 3 39
4 7 37
6 9 23
19 23 2
15 17 33
11 14 23
18 20 28
21 0 23
16 20 5
9 12 22
4 6 5
14 17 12
10 12 11
8 11 15
19 22 2
22 1 15
13 15 13
7 9 7
5 7 17
9 14 15
1 4 32
2 6 16
17 21 29
4 9 35
18 21 38
0 3 38
1 4 9
22 1 21
15 17 26
7 12 16
7 10 38
10 12 32
22 23 34
3 5 30
23 2 11
8 11 2
21 23 4
11 14 38
12 14 1
16 19 21
8 14 21
0 0 16
22 0 35
21 23 19
4 6 17
10 13 27
2 6 5
6 8 16
22 3 23
11 14 25
16 18 17
8 11 14
13 16 15
5 9 6
6 10 17
4 7 24
7 9 12
15 18 31
0 3 8
20 0 29
14 16 18
8 12 20
1 4 4
11 16 11
23 1 27
17 21 18
2 5 3
2 5 15
3 4 16
17 20 29
1 5 31
11 14 17
18 23 20
19 21 25
4 7 16
19 23 34
0 3 34
13 17 8
1 4 26
9 12 26
8 9 19
5 8 29
18 20 18
8 11 7
19 22 28
20 23 21
15 19 25
9 12 25
10 13 21
18 21 9
18 21 14
23 4 19
4 6 38
16 19 17
15 17 19
20 23 4
13 15 3
21 23 22
22 1 22
19 22 6
4 7 33
9 13 6
7 9 37
10 13 10
1 4 27
23 4 14
9 12 25
16 19 32
3 6 16
3 7 27
12 16 26
4 7 33
23 3 18
10 13 17
15 18 38
17 21 6
12 14 8
16 19 9
14 18 18
11 15 10
16 18 36
8 10 32
8 12 2
23 2 3
9 12 38
12 15 19
17 21 16
17 20 36
11 14 33
6 10 25
0 3 15
7 9 25
11 15 26
12 14 4
23 1 23
4 8 30
2 5 19
4 7 1
0 3 9
13 16 31
16 20 23
8 10 14
17 21 33
20 22 15
12 14 34
4 7 21
15 17 14
6 9 33
18 21 15
8 12 18
3 6 34
18 23 17
10 13 36
5 7 12
8 12 9
1 4 16
2 6 6
2 8 16
3 4 21
1 5 3
10 13 29
23 2 36
7 10 12
2 4 39
17 20 5
13 18 35
4 8 31
2 6 24
18 23 36
18 21 36
3 6 2
15 19 39
13 16 39
4 10 34
18 21 13
6 10 5
12 16 18
0 1 37
21 1 19
11 13 31
7 8 38
0 3 2
7 9 19
13 16 9
11 14 9
1 4 29
23 2 37
9 13 29
9 14 30
21 2 3
8 10 32
7 9 24
0 4 16
17 19 27
8 12 30
23 2 37
20 22 12
2 4 36
15 18 33
16 21 20
12 14 38
17 20 17
15 17 19
11 14 9
19 21 6
0 4 6
8 12 1
4 8 19
7 9 24
21 0 11
8 9 19
19 22 7
6 9 19
18 22 4
12 14 13
10 13 6
22 2 27
5 9 1
15 19 17
17 18 30
2 7 36
5 8 36
18 22 38
18 19 21
19 23 20
7 10 35
14 17 26
19 22 37
11 15 35
19 23 30
11 14 1
3 7 10
21 0 21
13 16 1
17 20 26
8 11 27
15 19 12
17 21 18
8 10 17
3 5 22
13 16 7
12 16 21
4 8 30
15 19 21
2 5 2
19 21 23
4 7 2
14 18 21
16 20 9
23 2 13
22 1 37
19 22 30
3 8 9
3 6 11
9 11 14
1 4 24
5 8 4
7 11 8
6 10 15
6 9 8
20 23 36
6 9 10
13 17 13
13 16 1
1 4 30
1 4 15
9 12 24
4 8 6
9 13 39
21 1 33
7 10 20
2 6 24
23 2 26
15 18 34
8 12 13
16 18 29
19 23 34
15 18 5
5 8 16
3 7 12
18 22 23
11 15 23
1 5 39
19 22 3
13 17 22
19 21 12
18 20 2
1 5 27
5 7 10
9 12 8
12 14 4
5 9 33
19 23 38
11 15 4
11 16 15
0 2 25
23 3 1
12 16 17
8 12 17
4 6 24
23 2 33
7 10 33
6 9 3
0 3 28
21 2 5
21 0 12
19 21 12
6 9 17
17 20 33
6 10 33
15 18 6
6 10 34
7 9 24
1 4 18
7 10 13
19 23 24
20 22 38
10 13 8
20 0 2
4 8 7
17 17 14
18 23 1
6 10 3
17 21 33
11 15 2
7 10 19
11 14 7
21 1 39
20 23 4
8 11 36
4 5 37
15 19 8
11 13 8
9 12 10
22 0 9
18 22 10
4 8 37
4 7 36
15 19 23
18 22 10
17 20 1
10 14 23
15 17 37
2 6 20
20 23 6
20 0 9
16 18 8
16 20 18
20 23 36
14 18 27
5 7 15
9 12 5
17 21 21
11 14 8
1 4 34
16 20 17
6 10 37
7 10 14
10 13 18
16 20 16
12 15 30
15 20 24
17 20 16
13 19 12
10 14 4
14 18 17
16 20 35
8 11 29
17 19 38
7 10 2
2 4 39
22 1 37
4 5 5
9 12 36
11 14 16
23 0 20
15 18 21
7 11 11
23 3 26
8 12 12
5 8 2
16 19 17
22 1 28
8 9 34
8 11 18
0 3 28
12 15 20
17 21 28
19 23 28
7 10 16
9 12 4
13 16 29
11 13 27
14 18 8
22 1 22
17 20 6
16 19 8
16 19 27
14 18 2
0 3 34
14 18 38
13 17 27
21 23 25
21 1 37
9 12 27
16 20 32
15 18 7
13 13 8
2 5 36
12 15 6
20 0 27
22 0 9
6 11 3
15 18 19
15 17 14
11 14 22
8 11 12
4 7 18
21 21 18
5 9 18
12 16 35
4 7 26
0 3 22
10 14 32
0 4 34
11 13 22
5 7 1
23 2 29
22 1 36
12 14 12
19 20 23
7 11 7
6 9 3
15 19 4
8 11 6
4 7 25
11 15 29
9 11 16
19 22 18
2 7 5
16 19 16
7 10 27
9 14 28
14 15 25
21 2 9
6 10 25
7 11 14
21 23 37
15 19 35
6 9 38
11 15 37
14 18 38
5 8 9
17 19 7
8 10 38
17 20 25
4 7 19
2 5 38
19 22 37
20 23 4
20 23 18
0 3 23
1 6 23
3 6 22
16 19 19
19 22 22
16 19 25
23 1 10
16 20 28
18 21 2
8 9 4
11 15 28
3 5 34
5 9 32
2 4 1
21 23 17
2 5 12
17 20 24
6 9 27
18 21 2
8 10 8
22 0 7
19 21 39
13 13 20
5 7 32
6 9 12
14 17 22
20 1 14
2 6 21
13 18 39
20 21 20
6 9 6
22 1 19
18 21 30
21 0 2
4 7 21
9 12 14
20 23 32
1 4 35
18 20 32
3 6 19
21 23 23
6 8 28
5 9 3
10 13 36
10 12 12
23 2 4
15 18 1
15 18 30
21 1 35
0 5 37
14 18 24
6 8 23
23 3 18
5 7 21
16 19 5
18 23 1
19 21 1
11 14 1
2 5 10
2 4 26
13 14 22
3 6 13
23 2 26
19 20 3
10 13 32
7 10 31
7 10 19
23 2 22
5 8 34
12 16 5
6 10 37
11 13 19
8 12 33
1 3 39
19 23 27
19 22 27
19 0 38
3 5 14
10 13 27
16 18 15
17 19 24
13 16 1
5 9 1
10 12 4
6 8 6
19 21 28
22 23 19
15 19 7
4 7 1
14 18 37
9 13 32
3 5 26
13 18 3
2 6 15
1 4 38
21 1 29
4 8 13
15 19 12
21 1 10
15 18 8
0 4 37
19 23 25
12 16 29
3 6 16
2 5 1
13 16 37
13 16 7
22 2 27
20 0 18
13 15 21
5 8 1
15 16 30
0 4 15
12 17 24
7 10 33
13 17 34
16 19 9
17 20 18
13 18 38
1 6 31
0 5 10
14 17 36
9 12 28
1 5 26
4 7 19
3 7 9
11 14 7
19 23 36
0 1 7
1 5 18
8 12 28
9 13 26
7 9 33
15 20 29
13 17 25
0 4 9
12 16 19
11 13 16
20 0 36
12 15 14
2 4 34
18 20 16
13 16 18
5 8 8
9 10 30
1 4 34
23 3 33
20 23 31
18 20 6
4 7 9
11 14 8
2 7 5
5 8 14
20 23 30
14 18 4
17 20 10
0 2 3
3 6 33
8 12 13
22 1 21
0 3 9
10 13 16
14 17 25
14 17 39
3 8 17
9 12 24
23 2 30
18 21 22
17 19 35
16 19 3
0 3 38
21 0 24
18 22 3
17 19 8
12 16 10
13 16 32
16 19 8
17 21 8
2 6 1
11 13 35
20 0 1
4 9 18
16 20 6
0 4 39
14 16 8
5 8 13
19 23 5
5 8 6
20 0 36
0 3 33
10 13 14
16 19 21
0 3 4
23 1 27
14 17 3
16 18 27
16 19 32
11 13 4
14 18 25
0 4 9
18 22 30
6 8 3
12 15 16
1 3 20
19 22 15
13 17 21
19 22 30
0 2 21
4 8 8
21 0 20
13 17 19
4 7 6
8 12 19
14 15 39
2 6 32
11 12 23
15 17 24
1 5 26
0 4 38
16 19 12
15 18 23
0 2 23
6 9 7
16 18 38
6 9 35
4 8 31
9 12 5
0 2 10
21 0 16
4 7 35
18 21 21
11 14 35
9 13 21
16 20 27
15 21 21
13 16 23
4 9 26
8 10 34
12 15 2
6 9 15
4 6 4
8 13 30
10 13 28
5 7 33
7 11 34
4 5 15
7 11 11
10 12 16
8 12 20
22 2 12
20 21 33
19 21 21
12 15 15
18 20 10
19 0 10
16 20 27
5 9 31
19 22 25
18 21 26
7 11 23
16 19 7
3 6 28
16 18 14
13 16 11
0 3 9
1 3 1
11 13 5
1 4 18
23 2 16
16 19 17
13 16 28
19 22 7
22 0 26
20 22 18
0 4 37
20 0 20
4 7 22
15 18 11
18 21 15
18 20 12
6 9 10
20 22 30
4 6 5
5 9 28
13 17 18
6 9 21
9 11 17
4 6 34
5 9 12
18 19 6
15 17 24
1 5 15
5 8 12
14 18 4
19 21 24
7 9 13
15 19 15
0 3 38
4 9 4
13 15 4
4 5 20
13 16 19
1 3 21
10 12 3
8 13 9
17 22 23
11 14 27
10 14 26
12 15 33
14 16 26
23 2 5
12 16 16
2 5 35
20 23 4
17 19 19
4 6 33
3 5 21
0 3 24
9 12 35
23 3 13
7 8 6
17 20 13
15 19 22
7 10 24
13 16 19
4 7 31
8 12 39
13 17 11
22 0 21
8 10 25
3 8 2
3 6 22
23 3 10
19 22 13
2 5 29
15 19 1
23 0 27
19 21 24
11 15 2
3 7 29
17 21 34
15 18 14
22 3 16
16 17 27
5 8 25
9 10 3
10 12 6
23 1 19
2 4 20
22 0 5
4 7 26
10 13 13
23 2 14
18 20 15
8 10 30
13 16 36
1 3 12
12 16 29
7 9 39
23 3 34
23 2 18
18 21 30
15 18 27
0 3 12
19 22 9
10 14 12
7 11 28
13 15 37
2 5 15
14 16 35
0 2 36
0 3 4
11 13 38
7 10 11
11 13 2
1 5 7
12 16 32
0 3 24
7 9 10
5 6 6
18 21 14
10 12 13
0 3 18
2 6 14
19 23 26
9 11 13
5 8 35
5 8 30
7 12 7
13 15 16
23 2 9
20 22 4
4 5 29
21 0 19
15 18 2
0 3 20
4 6 20
8 12 36
21 0 7
21 0 28
1 5 38
18 21 11
5 10 19
9 12 38
9 13 6
8 12 23
19 22 22
20 0 35
0 2 9
20 23 36
10 13 28
17 19 24
14 18 39
7 10 23
15 18 33
6 11 4
22 1 39
13 18 18
0 4 15
15 18 27
0 2 11
19 21 4
10 12 29
13 15 34
20 23 10
11 14 29
12 13 11
0 4 13
23 3 25
11 13 34
13 16 19
16 20 17
15 19 33
10 12 1
20 23 14
5 9 10
3 6 7
19 23 6
8 12 33
15 18 31
10 13 31
1 2 38
5 7 20
5 10 2
3 6 13
11 14 5
5 7 26
15 17 2
19 0 32
16 18 1
20 22 31
9 11 16
2 5 14
7 12 31
11 16 37
5 8 9
8 11 34
13 16 11
1 4 23
2 4 24
0 4 15
8 12 27
13 16 27
10 11 30
4 6 26
6 8 2
6 10 30
23 2 26
19 21 3
20 22 5
13 17 3
20 0 11
18 21 25
10 14 11
22 2 13
21 1 19
1 3 30
12 17 29
13 15 4
4 8 32
13 15 16
1 3 2
21 23 24
10 13 24
13 16 35
16 20 5
15 18 23
22 0 15
10 14 35
19 23 39
4 7 6
20 0 19
16 17 32
14 16 27
5 7 22
4 7 28
13 16 27
16 18 26
16 19 33
17 20 2
4 7 27
7 9 6
20 0 9
22 23 2
4 8 35
18 23 12
17 19 3
21 1 8
21 1 4
7 9 31
13 17 33
6 8 4
19 23 3
7 9 17
21 23 4
21 23 6
22 2 15
16 18 17
5 8 19
22 1 35
0 3 17
11 14 14
4 6 34
6 10 19
3 6 31
13 15 33
12 14 16
15 17 23
16 17 5
13 16 12
13 17 8
5 8 39
2 4 32
6 10 12
19 0 26
20 0 34
5 7 7
22 1 12
19 22 29
0 3 1
15 17 5
13 19 30
17 19 38
14 16 35
11 15 37
6 7 18
12 16 34
21 1 28
3 7 18
13 17 22
6 9 12
14 18 29
16 19 34
7 9 32
0 1 4
12 15 10
18 20 38
20 0 34
12 15 36
20 1 26
8 10 16
13 15 19
5 8 18
15 17 7
6 8 24
4 9 29
6 9 7
15 18 39
18 20 38
20 0 38
5 8 35
16 19 2
8 11 30
15 18 5
12 15 5
10 12 22
18 20 2
3 6 3
11 15 20
2 4 4
2 4 18
19 23 16
4 8 8
11 13 7
22 2 1
5 9 23
2 5 3
4 9 33
16 20 16
18 22 38
7 9 8
17 21 31
9 11 1
13 16 5
9 12 25
3 6 25
16 18 9
0 5 5
0 3 24
16 18 36
13 16 13
2 4 21
1 5 15
21 23 13
9 13 13
22 2 10
16 19 35
21 0 21
8 11 30
8 10 21
12 14 12
0 4 20
11 14 25
16 20 28
20 22 39
13 16 11
0 3 19
19 22 3
17 21 29
3 6 2
20 22 4
16 19 32
5 6 21
17 21 30
10 14 33
5 7 34
1 4 1
6 10 12
11 15 10
14 17 33
3 5 38
22 3 23
5 10 33
10 13 24
11 14 2
7 10 16
16 21 28
17 21 19
7 9 38
10 14 18
3 3 3
4 7 24
11 14 22
11 13 30
23 1 37
12 17 37
14 17 15
7 10 15
13 17 4
12 15 33
10 13 18
20 21 15
21 1 3
13 17 5
5 8 11
1 4 25
15 20 16
19 0 29
2 5 13
9 12 1
19 22 18
15 18 24
11 13 1
1 4 16
14 17 6
11 15 19
12 16 23
7 11 4
8 11 6
13 16 28
15 18 32
5 9 22
1 5 33
7 10 37
9 12 12
14 18 38
1 3 14
13 16 16
9 12 18
5 8 29
8 12 25
7 10 13
10 13 14
22 23 33
14 17 28
5 8 24
11 14 37
12 14 18
23 2 26
17 21 2
16 21 24
11 14 17
5 7 7
22 1 14
20 23 10
8 12 8
16 21 2
3 6 39
23 4 39
1 3 23
22 3 8
4 8 26
18 22 25
4 7 14
7 10 30
21 23 25
5 6 9
10 13 13
22 2 31
23 3 3
0 2 20
11 14 8
21 0 32
3 6 5
19 23 17
2 5 39
18 21 27
4 7 22
16 19 19
9 11 11
1 4 27
1 3 23
0 3 15
9 13 32
6 9 6
2 3 36
17 21 9
12 16 7
9 13 39
21 1 20
10 13 37
20 22 12
7 11 12
0 5 13
11 12 31
21 0 23
19 21 19
0 3 20
11 14 21
12 15 30
11 13 4
21 1 32
4 5 15
9 11 33
9 11 20
18 20 9
12 16 22
10 11 26
5 8 8
6 9 13
13 16 17
19 23 36
5 9 1
2 5 5
2 5 16
1 3 16
4 7 1
8 11 12
23 2 32
23 1 17
18 21 26
3 6 14
21 0 26
14 17 4
15 19 22
22 0 22
23 2 11
3 6 38
13 17 14
11 12 31
11 14 30
12 16 30
18 21 3
17 20 15
19 22 6
4 6 20
21 23 6
11 13 3
4 6 36
11 14 35
6 8 8
10 13 18
21 2 13
17 19 19
23 1 1
23 1 8
7 10 7
8 12 20
18 21 22
17 19 20
12 16 8
11 14 10
2 5 19
12 17 32
8 12 14
15 18 23
19 23 20
4 8 18
19 22 30
23 4 6
6 9 19
21 1 31
6 9 6
23 1 38
7 10 5
3 7 38
1 4 23
23 3 31
17 20 14
1 4 1
3 5 18
3 6 6
1 5 31
21 0 30
23 1 16
17 21 23
2 4 16
2 5 31
1 5 23
13 15 6
20 22 17
20 22 3
23 1 15
9 12 14
18 21 15
3 5 11
6 9 29
12 14 22
14 18 27
12 15 33
7 10 33
18 20 27
0 3 2
14 19 38
23 3 30
2 4 18
0 5 33
5 7 34
6 9 24
6 9 13
0 4 18
0 4 21
3 5 28
2 6 17
19 20 10
8 11 39
16 18 20
3 7 18
17 19 1
10 14 36
10 13 19
5 7 27
2 6 14
10 13 38
20 23 26
20 22 29
21 23 20
7 10 13
22 1 16
10 14 20
3 5 37
12 15 6
17 21 22
18 22 22
5 7 25
2 4 35
20 0 8
2 4 29
23 3 37
2 6 17
5 7 34
13 15 10
5 9 12
15 17 5
14 17 21
19 23 14
17 19 30
9 12 35
20 1 22
20 23 37
7 10 14
3 6 15
2 7 3
3 5 21
14 16 39
21 2 17
8 10 5
13 17 32
16 18 10
19 23 32
23 1 24
19 22 37
1 3 10
10 12 26
21 1 27
4 8 14
13 15 12
16 18 30
14 15 17
17 19 4
18 22 23
23 3 14
7 12 11
23 2 21
9 12 19
11 14 15
17 20 9
20 22 34
2 5 9
20 22 7
19 22 20
17 19 8
7 10 22
16 18 5
19 22 35
4 6 33
8 12 7
14 18 9
8 12 17
6 9 33
17 21 8
5 9 26
5 10 7
22 0 13
3 6 31
20 22 37
0 4 34
8 10 22
11 14 31
2 6 13
16 18 4
11 13 6
8 10 38
1 5 1
1 3 29
0 2 28
17 20 27
4 6 27
4 7 1
16 21 29
8 13 22
17 21 6
7 10 3
0 2 17
6 9 37
9 12 29
15 18 2
20 22 4
9 13 26
22 3 17
3 7 1
