2000 29
11 18 29 22 16 20 7 22 6 7 23 10 19 13 1 2 17 10 5 19 27 2 27 18 1 4 14 15 9 
15 17 6
20 23 17
17 21 23
16 19 14
19 23 6
10 12 17
4 8 29
0 4 6
7 10 24
21 1 10
3 5 2
20 22 19
14 17 17
12 16 1
21 2 13
3 5 10
22 0 6
20 21 11
16 18 29
9 11 17
0 2 13
5 8 3
9 11 25
5 7 6
9 13 19
17 20 3
6 8 27
22 0 13
19 23 4
9 13 28
7 8 2
8 12 9
20 22 29
18 21 23
1 5 14
14 16 9
6 9 12
8 11 13
19 21 2
5 9 12
18 19 2
10 11 26
16 17 21
5 7 27
20 22 2
10 13 24
5 7 27
22 0 25
17 19 11
23 3 6
2 6 20
17 20 3
7 10 18
2 5 4
22 0 8
1 4 8
1 3 1
10 13 15
3 6 10
8 11 13
23 5 9
13 15 17
23 2 24
8 11 9
16 19 2
18 0 20
5 8 12
17 21 4
19 22 29
19 22 7
13 17 12
2 6 11
12 14 6
3 7 4
7 11 24
11 13 17
19 22 26
20 0 5
9 13 23
23 2 10
23 0 24
9 13 12
5 8 11
1 2 16
1 4 11
9 13 18
3 6 17
23 1 28
2 4 14
23 3 1
18 21 9
22 1 8
18 21 17
6 10 27
17 19 1
18 20 5
18 21 7
15 20 1
10 13 21
11 15 16
2 7 14
0 4 19
10 13 5
12 15 18
22 3 4
20 22 18
4 8 4
4 5 6
18 21 9
9 11 20
14 17 11
15 19 12
2 4 23
15 17 26
13 16 8
3 6 28
7 8 5
19 21 6
19 21 15
6 8 10
8 9 13
11 17 27
16 21 24
0 2 23
22 3 17
7 8 15
4 8 24
12 15 12
4 7 18
6 9 29
13 15 1
15 17 20
21 1 5
8 10 11
14 16 17
20 23 17
13 17 11
9 13 24
6 9 28
14 16 1
6 8 7
19 20 22
2 5 18
2 7 9
4 7 8
12 14 22
3 5 7
6 9 4
19 19 3
22 1 28
0 3 25
20 0 20
10 13 12
14 17 23
16 18 29
15 19 27
7 11 16
23 3 27
2 3 1
3 7 7
8 11 15
7 10 24
14 17 11
22 0 8
1 2 29
10 11 23
8 11 22
12 15 14
17 20 23
7 10 17
9 14 15
20 0 18
4 7 19
18 20 23
8 9 11
23 3 7
3 6 12
0 2 6
6 10 19
16 19 10
21 1 24
14 16 3
6 9 8
21 2 14
16 18 25
9 12 24
2 4 1
8 10 7
11 14 27
7 10 17
6 10 6
7 11 7
14 16 13
23 3 14
6 9 4
2 5 1
21 23 11
14 17 21
23 1 14
12 15 2
6 8 28
0 2 22
8 12 29
18 19 28
12 16 7
0 4 6
6 10 5
1 4 15
16 20 14
6 9 15
6 9 7
4 6 15
21 1 10
2 6 13
4 8 26
2 4 17
11 13 21
18 20 20
7 10 8
13 18 11
19 0 17
23 0 13
21 0 10
10 14 1
11 14 13
10 14 24
5 9 12
2 6 7
8 12 15
9 13 8
0 4 28
17 22 5
0 2 28
23 3 29
17 22 2
8 10 7
0 2 14
22 1 13
4 8 5
0 3 16
9 10 18
10 13 24
13 17 19
18 23 23
15 18 10
8 13 1
16 20 14
2 4 24
3 7 8
16 20 3
11 15 20
3 6 26
7 9 8
1 4 25
5 8 27
16 17 15
3 8 12
21 0 15
4 6 28
22 1 24
1 4 17
0 1 11
17 21 6
22 23 9
8 11 29
17 21 22
1 5 15
18 22 28
17 18 24
2 4 28
18 21 25
23 1 4
1 3 3
9 12 19
13 16 2
7 10 12
2 5 9
18 21 20
1 4 26
6 9 24
10 13 12
15 17 19
20 0 11
22 0 17
9 13 9
11 14 27
23 1 10
9 12 12
0 4 21
18 22 3
7 10 5
16 21 6
6 10 27
11 14 12
23 2 3
6 10 10
10 12 8
9 10 28
15 19 1
21 22 11
15 19 7
16 18 23
4 8 10
14 18 4
23 2 20
6 8 23
5 8 6
3 6 25
15 19 20
15 18 27
9 12 29
0 2 4
21 0 1
21 1 27
7 11 13
13 16 22
10 13 26
14 17 7
15 17 27
6 10 13
11 16 6
19 22 12
2 5 20
16 20 23
19 23 16
4 7 27
15 20 7
19 23 3
6 10 11
20 23 16
20 0 9
17 21 26
17 22 19
11 13 8
13 16 17
21 23 25
15 18 7
10 14 2
22 1 13
0 1 19
4 6 18
12 15 7
16 17 5
3 6 18
20 22 24
2 6 19
21 1 4
5 7 6
14 17 14
16 18 8
7 10 12
10 13 23
14 18 6
11 13 12
22 1 8
22 1 19
2 4 17
15 17 25
23 4 4
22 2 20
2 5 17
17 20 4
12 15 19
3 6 19
10 15 12
6 8 4
21 1 9
7 9 9
4 6 25
18 22 21
6 9 20
2 6 10
6 8 10
12 14 27
6 10 24
4 4 23
10 12 23
0 4 7
17 20 20
6 7 12
11 15 10
18 21 16
14 18 23
16 19 7
5 9 12
22 2 12
1 3 2
8 10 14
5 7 23
14 16 15
23 1 17
6 10 4
9 11 3
17 20 29
6 7 20
15 18 2
2 7 15
14 16 25
5 8 4
0 3 27
3 6 28
6 8 8
17 20 5
11 15 10
21 2 23
1 2 26
9 11 21
15 18 10
10 13 25
20 22 11
19 22 11
2 7 22
18 20 22
1 4 3
18 21 3
11 12 13
11 13 22
2 4 10
11 14 10
21 1 1
6 11 18
18 22 11
14 16 29
21 23 5
14 19 4
9 12 12
9 12 9
18 21 27
16 20 8
16 19 2
16 19 6
19 22 6
22 0 13
23 2 6
10 13 1
1 3 10
19 22 25
0 1 2
8 12 7
2 6 13
7 9 5
10 12 1
14 18 18
7 8 7
0 3 16
11 13 20
13 16 1
10 15 27
4 8 14
14 17 25
2 7 14
12 14 11
10 13 6
23 2 22
18 22 2
19 22 7
16 19 2
8 11 17
6 10 9
22 0 7
7 11 14
9 12 14
21 0 8
0 2 19
2 2 14
22 2 23
3 6 8
14 18 10
22 1 6
9 12 2
16 19 15
3 5 24
16 18 21
3 5 27
2 3 9
22 1 28
8 12 24
18 22 23
5 8 20
12 16 19
19 0 18
21 0 5
8 12 20
14 18 6
2 5 25
11 15 2
23 2 21
17 20 9
11 15 10
22 1 9
20 23 24
1 3 15
14 18 28
0 3 9
21 23 18
6 9 25
2 7 13
22 2 8
19 21 6
15 19 2
10 12 8
5 10 18
2 5 7
21 0 24
10 13 21
1 4 12
14 17 29
3 6 16
18 22 17
13 16 19
6 9 24
11 14 29
19 22 27
10 13 6
14 17 9
4 8 3
2 5 24
18 22 17
17 19 19
12 14 2
17 20 16
16 19 2
6 9 21
12 15 28
16 21 14
6 9 25
1 3 2
8 11 25
10 13 4
22 0 15
4 7 26
14 16 8
0 5 10
13 16 1
7 11 20
20 0 17
4 7 3
14 18 14
19 21 6
23 1 18
0 3 6
20 22 18
10 13 27
22 2 24
17 19 5
21 23 17
21 23 14
1 3 14
22 2 17
19 21 7
7 7 7
10 13 21
10 14 8
8 11 16
5 8 28
7 11 2
19 23 12
9 13 10
5 7 5
1 3 7
9 12 3
5 8 23
5 8 27
13 16 4
0 3 22
0 3 13
16 19 5
4 8 23
21 23 9
22 1 12
1 4 16
2 5 6
23 2 27
17 20 8
0 2 17
13 15 18
17 19 25
2 6 13
10 13 21
6 9 1
16 21 2
11 14 9
19 21 2
0 4 15
19 21 7
0 4 2
23 2 18
6 10 21
4 8 23
7 8 19
19 20 27
5 8 11
4 6 9
4 7 27
6 10 20
16 16 8
4 6 19
1 3 23
17 18 11
10 14 18
14 16 4
1 5 11
22 0 14
19 21 18
6 8 2
11 13 9
23 3 21
16 19 10
3 6 12
7 10 28
21 0 23
22 2 9
5 9 24
0 2 21
15 17 26
7 10 16
12 15 20
10 14 1
7 10 5
11 12 8
19 23 10
9 12 25
5 8 5
17 20 22
11 14 3
7 9 6
2 5 19
4 7 28
14 16 12
2 6 9
8 12 7
18 21 19
6 8 17
10 14 18
14 17 2
19 22 20
6 10 7
11 14 28
8 10 15
12 15 2
4 6 26
6 10 8
10 12 22
11 14 14
3 6 28
4 7 13
6 9 25
15 19 5
11 15 24
9 12 27
3 5 17
19 21 14
21 1 1
12 15 10
11 14 29
15 18 1
16 18 15
10 11 21
15 17 8
2 4 29
4 7 15
0 0 22
9 11 28
5 9 18
14 15 24
20 0 24
13 16 26
15 19 25
17 21 6
14 17 9
9 12 20
1 4 3
18 22 2
2 7 20
8 12 8
6 9 21
3 6 13
10 14 25
23 2 20
18 21 22
18 21 26
4 7 2
11 15 15
3 6 29
22 2 7
1 4 7
9 11 25
22 2 17
18 22 15
3 5 3
3 6 25
10 13 4
16 20 17
7 11 4
19 21 2
16 18 20
12 14 1
5 9 12
21 1 11
11 13 10
10 13 24
6 9 20
15 17 7
21 23 27
22 0 5
4 8 1
3 5 28
20 23 4
17 21 23
4 9 23
5 8 16
18 21 12
21 0 16
15 20 26
9 12 4
15 17 24
4 7 8
15 18 4
19 21 11
10 12 8
6 9 3
20 2 18
14 17 4
0 4 18
7 11 23
14 18 14
18 20 13
7 11 14
7 11 3
6 7 24
19 22 15
2 6 12
12 15 1
6 8 8
11 12 21
3 7 18
15 20 28
19 22 19
7 9 27
3 6 3
13 14 8
11 14 28
10 15 26
0 3 16
2 4 16
22 1 25
17 21 10
8 12 3
17 20 14
4 7 17
3 4 9
9 12 1
2 3 8
5 7 18
12 13 24
19 23 17
5 7 19
3 7 24
10 13 20
18 22 27
16 19 16
21 0 19
16 20 20
11 13 24
23 2 5
2 6 11
23 1 4
0 4 26
16 20 2
4 8 21
3 7 16
3 5 17
20 1 6
0 2 4
2 4 17
23 4 8
9 13 7
21 1 17
14 17 17
14 16 3
9 12 16
10 15 20
18 21 15
8 13 3
4 8 1
0 4 8
17 22 11
23 3 18
3 6 24
12 14 8
18 21 23
11 15 4
9 11 17
14 16 15
17 19 22
1 4 12
16 19 9
15 17 21
7 11 6
7 9 21
23 1 6
10 15 11
0 2 16
3 5 27
9 11 3
18 22 16
12 14 28
13 15 10
13 16 18
20 2 26
3 6 18
6 9 28
17 19 19
20 21 23
2 6 6
13 15 26
15 17 18
7 10 14
18 19 1
17 18 20
20 22 20
17 21 28
10 12 2
23 4 9
4 6 18
18 22 28
21 0 25
5 8 15
16 19 9
10 12 8
0 3 20
0 4 15
14 17 13
9 11 16
2 6 2
18 21 24
6 8 14
13 16 13
3 6 9
5 8 10
7 11 8
23 2 10
1 5 8
8 12 9
0 2 14
23 1 27
17 21 1
19 22 28
5 7 5
13 18 3
13 16 17
21 0 7
2 5 1
1 3 18
13 17 27
17 20 5
20 23 22
23 0 23
3 4 21
17 20 4
12 14 12
18 22 6
22 2 4
19 21 15
5 8 19
12 15 4
11 14 28
13 16 12
0 3 3
20 21 7
5 8 19
16 19 27
22 1 3
3 7 17
18 19 9
0 4 6
7 8 9
21 23 13
1 4 17
19 23 24
11 15 2
11 13 8
21 1 10
9 12 6
4 7 22
22 1 21
9 11 23
1 3 14
0 4 21
2 5 8
23 3 9
16 20 18
3 6 27
13 16 15
6 8 19
16 18 8
5 9 11
13 17 4
1 5 10
19 22 9
7 8 21
3 7 8
19 23 6
22 1 17
16 19 10
16 20 4
11 14 11
10 13 10
17 21 6
1 3 16
0 3 24
17 21 2
10 12 8
9 12 12
14 16 9
15 18 27
17 22 12
4 9 14
10 14 6
18 20 20
0 3 10
23 2 8
15 18 23
6 9 27
3 8 22
5 9 26
0 4 27
22 0 22
17 19 16
18 22 17
11 16 7
17 20 26
7 10 10
10 12 4
12 16 19
12 14 13
20 22 27
11 14 9
4 7 3
20 0 18
22 0 8
0 4 17
20 23 28
13 16 11
19 23 12
9 12 1
17 19 1
8 11 10
17 19 8
8 10 24
20 22 15
5 7 7
9 12 18
18 21 24
9 13 12
4 8 9
5 9 23
4 8 19
4 6 21
9 12 11
9 11 18
7 11 16
3 7 16
2 6 7
5 8 12
12 16 21
16 19 10
0 4 11
12 16 23
6 9 18
12 15 2
9 11 4
14 16 18
7 10 20
9 15 11
10 14 20
20 22 23
4 7 8
13 15 21
11 14 20
17 18 10
14 19 6
19 22 3
16 19 12
7 10 9
9 13 14
8 10 24
7 9 2
1 3 19
4 6 16
17 21 24
23 2 3
11 15 5
14 16 18
18 20 22
10 11 3
12 15 23
18 21 24
19 22 4
16 18 11
10 13 8
11 14 7
9 12 10
20 23 12
2 5 21
22 1 1
12 16 3
16 19 17
22 0 10
21 0 10
18 22 6
12 15 13
19 22 8
12 16 3
6 7 10
12 15 26
23 3 18
22 1 11
23 2 10
2 5 26
4 8 12
22 0 22
15 19 19
20 0 1
20 23 17
12 15 10
17 20 13
6 12 20
23 2 16
10 13 4
13 16 21
13 16 16
23 1 18
15 19 3
3 7 15
0 4 7
4 6 1
17 20 13
3 5 7
6 9 3
10 12 17
10 14 4
8 11 28
11 15 3
12 17 22
22 2 22
5 9 9
5 7 15
18 20 3
14 15 4
11 14 24
18 20 24
9 12 18
8 10 3
3 6 9
9 11 17
8 11 23
18 21 1
1 3 17
20 22 29
16 19 13
1 4 10
11 14 18
6 8 12
10 13 11
8 13 25
21 0 24
3 4 7
20 21 11
11 14 7
13 15 26
22 0 6
2 6 5
12 13 3
16 19 8
6 9 7
1 5 12
15 17 8
1 5 19
12 15 5
5 8 18
12 15 16
9 11 14
21 0 1
20 0 10
11 14 16
20 23 8
2 4 6
6 10 7
14 18 21
4 7 9
3 6 23
6 7 5
15 18 17
23 2 5
4 5 12
6 9 29
17 20 25
16 20 20
6 8 14
13 16 3
19 22 13
5 7 26
21 0 23
19 22 22
11 13 23
14 18 17
6 8 2
15 17 29
5 8 11
18 20 25
3 5 22
12 16 2
6 10 24
2 4 3
7 10 20
2 7 5
8 11 1
1 5 12
12 14 25
3 6 22
7 10 19
0 4 9
15 16 11
6 9 2
3 6 26
19 23 12
12 14 12
20 22 24
5 7 8
14 19 5
18 22 2
12 17 25
13 17 4
23 0 29
11 14 20
3 6 22
10 13 20
6 9 25
19 22 24
6 9 9
11 14 16
23 2 6
6 8 12
11 13 28
22 1 5
17 19 3
17 19 4
11 15 25
14 18 8
5 7 28
20 22 7
21 23 28
5 8 22
3 5 23
0 3 2
12 15 8
3 9 13
23 4 6
1 4 16
13 15 19
18 21 3
4 7 16
8 10 5
10 13 27
1 6 5
19 22 23
12 15 7
0 3 18
22 0 5
3 4 13
12 13 23
0 3 8
1 4 19
21 2 3
18 20 28
23 3 23
14 16 26
5 8 25
0 3 4
5 9 25
0 2 27
20 0 12
5 6 27
1 3 7
9 12 18
0 2 26
3 6 27
19 0 27
17 19 10
3 6 9
15 18 25
22 1 3
16 20 20
22 1 9
16 21 18
20 0 28
9 12 20
3 6 21
13 14 11
23 2 17
3 5 12
14 19 5
3 7 23
0 3 6
2 5 27
4 6 14
1 5 26
11 13 21
11 12 18
14 16 13
3 7 13
2 5 19
23 2 15
3 6 23
4 6 20
7 10 18
2 4 5
16 18 17
13 16 10
7 11 13
20 22 28
2 5 15
23 3 20
20 0 23
18 22 10
1 5 23
5 8 6
2 5 13
9 12 5
8 12 16
8 8 26
1 4 26
16 19 8
17 22 4
11 13 4
4 7 13
13 17 22
18 20 23
0 5 25
17 20 24
11 14 2
19 22 20
16 21 19
14 17 23
20 23 17
6 9 22
2 5 22
2 5 26
13 16 19
12 16 18
3 6 17
23 2 27
9 12 6
16 20 22
16 19 4
2 6 26
4 8 16
4 8 3
20 22 19
6 9 6
5 9 7
3 6 9
19 22 11
9 12 16
15 19 7
23 1 8
11 13 8
2 4 12
23 2 22
20 0 3
22 23 16
10 14 20
5 8 10
1 4 19
9 12 18
14 17 5
22 3 21
15 18 7
21 2 19
19 21 3
14 17 17
10 15 4
1 4 20
11 14 20
10 14 23
22 1 19
2 7 15
21 22 29
17 18 28
15 20 11
17 20 27
13 16 1
6 10 1
7 10 22
16 19 15
21 22 1
1 3 7
13 16 9
22 0 14
5 8 9
5 6 3
19 0 5
8 12 9
16 18 10
7 11 11
13 18 1
2 4 26
18 20 18
23 2 14
21 23 17
11 15 17
22 0 26
10 14 12
19 23 23
0 3 27
16 18 3
13 16 13
16 19 17
3 5 13
23 1 27
6 9 2
11 14 10
3 7 29
1 5 24
12 15 7
0 2 20
22 3 28
3 6 13
11 14 7
17 21 11
16 18 19
1 3 27
8 12 27
0 3 9
17 20 13
13 15 20
1 3 22
3 7 5
19 20 4
22 1 18
6 8 16
21 0 15
7 9 22
18 20 5
15 19 10
12 15 7
12 13 20
22 1 9
15 19 27
13 16 1
2 6 25
0 3 18
13 16 24
3 7 22
15 16 16
0 4 27
21 0 23
17 20 3
20 0 10
5 9 25
16 20 6
12 13 18
6 11 1
8 11 18
0 3 1
9 12 3
22 1 11
19 22 4
3 6 28
4 7 3
4 5 12
15 19 29
17 19 29
7 9 29
4 8 14
18 23 4
3 7 15
22 1 27
6 10 13
1 4 27
17 21 9
15 18 12
5 9 25
15 20 3
21 23 29
16 18 27
12 17 21
14 18 22
21 0 23
12 16 11
7 10 14
4 7 23
21 1 19
17 20 18
9 11 6
2 6 12
21 0 28
14 18 22
16 20 25
11 13 16
12 14 8
8 11 14
7 8 15
3 5 11
15 18 2
15 18 27
23 0 25
11 14 22
17 20 17
9 13 13
5 8 7
4 10 16
21 23 4
23 2 7
13 17 1
1 4 14
1 3 28
5 7 13
0 4 20
1 3 25
12 16 28
20 22 21
14 17 3
3 5 22
2 6 6
1 4 4
7 10 23
12 13 28
1 4 4
19 22 11
4 9 1
2 6 27
2 4 1
8 12 27
15 16 28
9 11 16
7 9 26
20 23 14
0 3 1
18 20 28
10 11 15
0 3 19
4 6 3
18 21 25
8 11 28
0 5 20
3 6 13
15 20 11
6 11 20
9 11 13
8 9 5
15 18 24
13 18 10
16 19 6
8 11 27
3 6 8
17 20 16
9 13 17
6 8 18
18 21 21
20 0 10
10 11 17
23 3 20
12 17 26
13 16 22
12 14 28
10 14 16
13 13 4
9 13 24
7 11 26
23 1 9
21 1 3
4 6 1
4 7 14
4 6 5
21 0 11
8 11 16
14 17 2
16 20 20
21 1 25
0 3 7
1 4 22
17 20 21
21 0 23
16 17 2
22 3 4
13 16 22
19 0 1
23 2 8
23 1 5
9 11 26
15 18 18
18 21 18
22 3 22
0 5 4
13 17 20
9 11 16
19 22 10
7 9 19
12 15 9
10 14 22
3 7 25
3 6 13
22 0 21
2 4 24
20 23 18
6 9 9
0 3 25
7 9 24
12 14 10
0 2 5
11 14 26
19 22 18
15 16 28
5 7 15
4 6 9
23 2 22
19 21 28
17 21 15
0 3 24
7 10 3
15 18 12
17 21 11
11 15 10
17 20 8
8 9 23
20 23 21
12 14 23
2 4 27
14 15 20
4 8 8
16 20 7
0 3 19
18 22 27
19 23 23
20 0 23
23 1 15
18 21 17
15 18 29
10 12 3
14 16 25
1 5 12
6 10 20
20 23 8
8 8 3
4 7 8
1 5 26
15 17 18
16 19 9
19 22 19
11 15 5
8 11 1
12 15 6
17 20 18
10 13 27
10 15 29
1 5 28
9 12 29
23 2 8
11 14 6
2 5 15
14 16 12
11 13 14
10 13 15
10 13 5
4 8 26
7 9 21
18 22 25
21 1 18
2 6 9
2 6 15
13 16 14
16 19 20
8 11 8
18 20 18
17 20 28
10 14 6
23 1 11
14 16 23
13 15 10
10 12 19
22 3 15
20 23 25
23 2 27
7 9 13
23 3 2
19 23 13
13 16 21
5 9 25
0 3 25
1 4 26
6 8 3
23 2 5
1 3 15
10 12 23
22 0 22
21 1 19
8 11 28
11 14 10
7 11 22
18 21 3
11 15 8
6 10 24
12 16 27
13 14 14
12 16 27
12 15 7
3 6 1
19 20 11
14 17 20
5 8 18
2 6 5
3 5 5
1 5 12
19 23 14
7 9 26
22 1 26
13 16 23
1 4 12
9 13 6
15 17 5
0 2 8
12 14 7
12 15 8
20 22 13
13 16 17
13 18 14
15 17 19
20 22 12
4 9 19
8 12 8
1 4 28
20 2 27
14 19 20
20 23 4
11 15 6
14 17 7
18 21 5
21 2 3
8 11 13
5 8 27
5 7 17
18 21 9
17 19 4
6 10 6
10 13 24
17 21 3
5 7 14
2 5 14
10 12 16
17 19 7
9 11 20
16 17 15
12 14 28
18 21 7
14 19 21
4 9 19
19 21 14
0 4 16
7 9 4
11 13 17
22 1 20
23 4 2
13 15 15
9 12 22
14 17 17
8 11 27
6 9 8
5 7 22
20 23 12
0 5 24
3 6 6
7 9 20
5 6 24
19 23 22
1 2 25
17 21 25
10 14 17
17 20 20
16 20 26
21 2 16
7 10 17
21 0 25
12 15 23
14 17 26
14 18 16
14 15 24
12 15 5
12 15 8
7 9 7
1 6 29
1 2 8
15 18 12
23 2 3
7 9 20
18 22 7
18 21 11
20 23 21
5 8 5
8 9 2
4 8 7
5 9 12
13 16 9
21 1 1
13 17 19
0 3 4
16 19 26
13 16 4
14 16 23
2 6 20
10 13 27
16 20 27
18 21 16
7 11 10
13 16 28
6 9 7
21 0 10
0 3 1
6 9 4
20 23 16
20 22 27
4 7 25
16 19 15
14 16 9
18 21 23
18 21 23
0 3 14
6 11 22
16 20 9
3 6 19
23 2 11
18 22 3
21 23 24
10 14 26
20 22 9
23 0 16
9 12 15
12 16 10
17 19 21
17 20 16
20 2 7
19 21 24
20 0 12
21 23 2
16 18 9
21 0 7
22 2 13
12 15 29
16 18 9
19 22 4
21 0 24
3 5 23
14 16 4
2 6 13
18 22 5
17 20 13
11 14 28
22 0 6
2 5 10
4 8 25
20 0 19
22 1 22
6 8 12
8 12 28
9 13 29
18 22 1
3 5 5
4 7 1
13 15 13
17 20 21
18 19 17
12 14 16
7 10 15
6 8 9
12 15 21
4 8 26
20 0 23
14 18 20
4 6 20
6 9 19
22 2 29
11 15 28
5 7 12
0 4 8
11 16 19
17 19 25
21 1 11
1 4 7
13 14 20
15 19 29
6 11 6
3 7 15
8 9 16
5 8 16
16 19 29
4 7 5
14 17 5
7 10 8
2 6 20
15 18 25
0 3 7
12 15 4
20 0 11
9 12 2
18 1 16
17 21 29
2 4 9
2 4 19
0 3 3
22 0 9
7 10 12
2 7 16
5 9 3
12 16 8
0 3 4
15 19 11
16 18 7
19 22 22
0 3 17
12 14 12
13 17 11
4 7 16
21 2 25
19 22 12
0 4 21
18 22 19
14 17 28
7 9 17
1 4 24
2 6 24
11 13 10
2 6 18
14 17 10
20 22 17
7 9 12
18 21 2
19 22 4
7 9 7
4 6 5
17 17 7
17 20 27
12 17 7
19 23 5
7 10 20
7 9 13
16 20 28
9 12 8
23 2 5
7 12 17
15 19 12
7 10 29
14 18 7
5 8 25
22 2 13
10 13 23
0 1 25
23 2 14
17 22 7
6 10 13
12 14 13
9 13 26
10 13 8
13 15 28
17 19 7
19 23 15
12 15 14
18 20 21
20 23 19
17 19 13
3 7 1
19 19 15
10 14 16
8 9 26
3 8 4
6 10 13
7 10 2
18 20 13
14 17 17
0 3 22
14 17 11
18 21 19
14 16 25
19 22 19
22 0 6
14 17 21
14 17 15
14 17 6
6 9 8
7 10 11
22 3 10
22 3 28
16 19 5
1 5 29
14 16 14
15 18 19
17 18 25
5 8 13
21 0 28
2 6 26
8 9 7
21 23 21
12 14 23
1 5 22
14 17 25
23 2 29
17 19 23
16 19 15
6 9 17
14 17 20
21 0 29
11 13 9
17 19 21
0 3 3
7 10 13
22 23 13
0 4 1
22 1 9
6 10 22
23 1 25
9 12 7
8 10 27
7 9 18
19 21 9
13 16 28
10 11 25
13 16 15
17 18 14
4 7 4
3 8 13
19 23 23
22 3 10
3 5 10
17 21 2
4 9 15
13 16 11
12 14 15
20 0 7
12 14 15
13 14 2
20 0 12
1 6 8
15 20 23
22 1 21
18 22 14
11 13 23
15 18 5
7 10 19
6 11 12
18 21 26
3 5 23
4 9 26
15 19 26
12 15 13
10 13 9
3 6 9
21 1 28
3 7 3
23 3 7
9 12 4
7 11 9
14 17 27
2 6 9
11 12 23
2 6 27
6 9 1
20 23 15
10 14 4
23 2 18
22 23 12
0 3 27
0 3 18
15 20 6
23 3 12
17 20 16
11 14 27
13 15 9
2 6 28
20 22 7
8 10 14
18 21 12
3 6 8
22 1 20
16 17 26
10 13 21
11 15 10
0 2 28
21 23 25
9 12 3
19 20 7
20 23 14
0 3 14
21 1 6
18 20 11
7 10 1
5 7 11
17 19 9
0 4 2
17 20 7
4 7 10
