6000 47
33 46 16 23 35 18 11 8 7 44 36 33 47 12 36 20 36 39 23 47 44 17 41 21 25 34 38 21 22 17 5 8 44 43 33 41 30 23 39 40 24 26 33 8 32 22 42 
18 19 10
6 8 40
4 8 24
15 19 22
0 5 5
11 16 36
14 18 25
22 1 41
15 19 21
3 4 10
3 8 19
9 12 39
11 13 10
9 13 17
1 4 23
7 10 8
18 21 10
16 19 22
16 18 17
16 18 42
2 6 31
3 6 22
8 10 18
20 23 18
1 5 22
15 19 1
5 10 2
15 19 30
7 11 6
15 19 23
3 7 39
17 20 17
21 0 33
4 7 31
6 9 12
8 13 13
4 8 36
0 3 11
9 13 40
13 14 38
4 6 19
23 1 3
4 7 24
12 15 31
1 2 35
18 23 4
18 21 28
16 21 27
6 9 38
21 0 18
17 20 23
12 16 14
4 8 10
4 6 6
9 11 46
16 18 19
19 22 37
14 18 25
14 17 41
2 5 46
20 22 22
0 3 5
18 21 36
0 4 39
2 5 37
4 8 17
23 2 29
9 12 1
20 0 43
22 0 37
16 18 11
13 16 35
14 17 30
16 19 24
22 1 18
19 21 33
9 12 6
12 16 2
8 13 28
3 8 18
4 7 46
16 20 20
2 5 26
0 3 32
14 19 38
1 4 27
11 14 35
22 0 29
12 15 26
3 7 9
19 22 37
12 15 1
6 11 46
18 20 29
10 12 27
13 16 2
0 3 20
0 4 9
18 22 41
2 6 14
21 23 41
23 1 38
6 11 24
17 20 27
9 10 34
15 19 23
17 21 17
16 19 9
5 8 46
16 17 10
22 2 24
21 1 20
11 14 41
20 0 36
1 4 3
0 4 38
23 2 20
3 6 44
0 2 5
14 16 23
19 23 24
12 15 33
15 18 41
1 4 42
18 21 14
21 0 24
3 5 29
23 2 10
9 12 32
2 4 37
11 15 37
15 18 38
4 7 23
23 1 11
16 20 17
2 6 33
3 6 29
18 23 23
3 5 7
19 22 17
12 16 15
22 1 1
6 9 35
11 15 18
13 15 17
17 21 25
17 20 44
3 6 13
13 18 4
12 16 24
12 16 22
6 9 21
7 9 17
20 21 15
19 23 30
5 8 5
1 4 47
20 23 45
10 12 18
18 18 14
3 6 23
20 23 16
9 14 42
0 2 42
5 8 19
0 3 9
4 9 22
7 9 18
1 4 29
1 5 23
5 9 47
1 4 19
22 23 46
5 7 2
23 1 9
18 21 32
17 21 43
0 2 3
22 1 37
22 0 27
22 2 30
11 15 3
12 14 30
15 17 18
20 21 6
12 15 20
8 12 11
0 2 37
11 14 37
23 1 11
6 10 40
13 16 6
3 5 20
13 14 15
17 21 36
2 7 43
2 5 45
8 11 9
5 8 26
6 8 4
0 3 20
13 15 17
1 2 45
20 0 23
20 22 43
8 12 10
19 23 44
12 16 9
6 10 20
9 11 28
5 8 39
9 13 42
19 21 42
18 21 3
5 8 47
23 3 4
0 2 33
11 14 18
23 3 31
19 21 16
10 12 12
11 14 13
0 4 14
16 19 18
19 23 41
10 14 18
15 18 9
1 2 12
16 19 45
8 11 21
6 9 21
9 12 23
16 18 21
11 16 45
20 23 2
1 3 31
17 20 18
16 20 26
0 1 13
23 1 5
21 22 46
19 21 28
2 4 23
0 3 42
19 22 30
11 13 12
18 21 43
6 9 25
9 12 31
23 3 24
14 17 6
14 16 20
21 2 20
14 18 25
6 11 36
1 4 44
22 0 3
17 20 39
19 23 28
10 11 36
17 20 20
4 7 5
15 18 18
21 0 31
14 17 36
11 14 21
20 23 12
3 7 43
9 13 16
20 23 13
19 22 46
22 1 10
12 14 3
16 19 37
0 4 9
0 5 6
8 11 17
2 7 32
4 7 44
19 21 4
3 7 33
10 14 16
15 18 9
19 22 39
13 16 33
5 8 3
7 12 43
16 20 32
5 8 47
3 5 10
17 20 33
20 23 28
1 2 36
5 6 22
23 4 23
9 13 15
21 0 4
13 17 34
17 19 13
6 8 33
8 11 10
22 0 46
7 9 38
0 5 10
22 2 23
22 23 18
6 8 24
7 10 8
9 12 34
5 8 34
3 6 10
3 7 39
14 18 3
20 1 38
21 1 32
14 17 28
13 17 5
12 14 6
23 23 1
6 9 42
10 15 17
5 7 42
9 12 27
6 8 26
5 7 31
6 9 8
2 6 34
9 12 31
13 16 13
20 23 20
14 18 31
17 20 32
14 16 31
1 5 4
7 10 19
13 18 32
8 11 15
22 1 22
13 13 13
21 0 24
6 9 19
21 23 38
16 19 15
11 15 6
9 12 4
21 23 41
12 14 16
1 4 1
1 6 45
8 11 29
4 9 17
11 14 1
23 2 3
23 2 47
0 4 5
11 14 25
20 0 21
22 0 12
4 9 4
16 20 5
13 14 38
1 4 27
8 11 3
19 21 2
15 19 31
6 9 3
3 5 39
2 5 45
7 10 32
12 17 41
13 16 43
8 12 33
3 7 35
15 19 42
20 0 29
0 3 39
20 23 17
20 23 28
17 20 11
17 19 4
22 1 15
5 7 34
21 1 14
4 7 6
13 16 2
17 22 21
10 13 10
13 17 26
15 17 10
2 4 28
13 15 6
23 3 21
4 5 36
3 5 5
17 20 40
2 5 1
9 11 27
21 23 4
1 3 8
23 1 12
20 22 46
13 16 19
14 18 36
17 19 14
22 2 47
9 11 25
15 19 7
22 2 9
18 0 5
2 6 34
20 22 12
19 23 43
17 19 24
16 17 17
16 20 38
8 10 15
2 6 43
14 16 4
20 0 35
8 11 39
6 8 10
17 19 30
0 3 35
23 2 24
21 23 32
9 13 26
20 23 8
16 21 46
8 11 10
9 12 10
13 17 27
0 3 14
19 21 20
15 16 31
11 14 16
12 16 16
6 10 21
19 20 29
1 3 1
22 1 23
9 14 44
7 10 33
20 0 25
20 23 31
20 23 17
22 1 37
6 9 14
21 1 37
22 0 34
7 10 1
19 22 8
15 20 13
4 6 10
17 20 8
17 19 34
2 5 30
1 2 2
6 8 42
5 6 1
6 9 37
7 9 39
4 8 47
12 16 6
3 5 40
7 11 24
6 9 11
8 10 28
14 18 32
9 12 34
9 12 30
17 20 41
1 6 33
17 20 20
22 0 5
2 6 32
17 19 14
22 0 31
18 21 32
8 10 1
6 9 5
13 17 2
8 10 1
1 4 12
8 11 24
1 1 39
3 6 8
23 2 25
12 15 2
0 4 12
4 7 44
4 8 40
7 10 1
18 20 41
6 9 17
18 23 35
8 11 32
20 22 27
20 22 32
2 5 24
10 11 1
9 13 44
14 17 32
5 7 34
6 9 19
18 22 16
9 13 28
4 6 11
21 1 11
5 8 5
18 21 35
16 19 28
18 21 20
4 5 1
14 18 10
7 8 2
6 10 9
7 10 18
7 10 25
12 17 45
15 21 7
7 11 33
6 11 7
17 20 19
23 1 19
21 1 44
6 9 43
11 15 17
8 13 1
18 21 31
17 19 8
17 20 40
12 15 41
2 5 10
13 17 32
1 3 25
20 1 23
2 5 35
7 10 2
23 1 17
23 1 3
14 17 17
15 20 26
0 2 34
3 4 43
13 16 39
23 3 46
16 19 17
13 17 43
13 17 44
17 20 40
20 22 27
15 18 47
4 7 34
16 18 22
17 20 40
3 8 39
11 13 47
10 14 35
1 3 3
2 4 22
5 7 5
8 11 4
6 9 29
22 1 8
2 5 31
11 15 17
8 11 23
10 11 33
9 11 7
15 17 37
7 11 11
10 13 21
22 1 9
8 11 17
22 0 28
19 22 7
0 3 23
3 6 36
0 5 47
12 15 14
13 16 47
1 3 31
2 4 6
22 3 17
15 17 38
8 11 6
10 13 26
12 16 18
2 5 30
14 19 43
1 3 45
8 13 34
7 8 23
3 9 10
16 19 24
17 20 19
20 0 22
17 20 45
20 0 23
17 20 10
6 9 9
5 9 30
15 19 46
10 13 23
5 8 43
4 8 3
14 18 24
17 22 30
12 14 45
15 19 40
9 12 41
12 16 46
8 10 45
7 10 12
2 4 37
4 8 14
11 14 45
20 22 47
18 21 5
18 19 20
20 23 15
2 6 29
2 6 4
7 10 39
8 12 45
21 1 33
18 22 13
19 21 32
22 0 25
19 21 22
0 4 23
12 14 18
9 13 19
5 8 12
18 23 21
20 0 11
10 13 40
7 11 6
4 5 32
14 16 6
15 17 22
17 19 47
23 1 26
19 21 44
15 18 4
16 19 33
1 3 7
10 11 5
18 22 7
21 1 35
23 1 41
13 16 32
9 12 43
5 7 25
23 3 38
23 1 2
18 21 28
21 0 32
20 23 33
17 20 42
22 2 42
19 22 30
0 5 20
1 3 45
6 8 37
9 11 27
11 15 33
13 16 40
1 3 42
16 20 35
14 18 23
11 15 14
17 20 42
13 18 47
6 8 12
14 18 42
19 23 39
22 1 29
16 20 3
23 2 15
14 17 30
7 10 31
12 16 12
23 3 17
8 11 34
0 4 29
22 1 24
5 9 35
4 8 5
6 8 38
8 11 21
22 0 2
14 16 45
2 5 25
16 20 3
3 6 6
2 5 19
15 18 46
15 18 46
12 16 29
5 10 45
21 0 29
13 16 23
11 15 3
18 22 45
10 12 43
0 1 8
21 0 19
23 0 39
12 16 24
0 3 7
9 13 8
5 8 33
20 23 11
11 13 4
17 23 1
23 2 37
20 23 4
14 17 23
2 7 26
17 20 12
11 15 45
21 0 25
23 3 41
20 0 17
12 14 17
11 14 28
3 7 2
12 15 41
5 9 25
3 6 29
22 2 13
12 15 45
16 19 45
22 1 11
0 2 13
12 15 30
8 10 44
17 20 11
9 13 12
4 7 15
11 13 6
3 7 25
15 16 8
23 1 2
7 10 41
19 22 20
23 1 1
0 4 31
9 12 27
3 7 1
7 11 15
3 6 14
0 2 37
10 14 39
4 7 7
2 4 38
10 13 38
20 0 13
13 18 28
1 5 42
21 1 45
5 10 34
9 11 18
1 5 24
2 6 36
9 12 31
13 18 32
12 15 29
5 9 44
23 1 9
4 7 7
5 8 37
21 23 41
11 15 32
1 5 21
21 1 17
22 2 14
10 13 16
22 0 15
5 8 10
3 7 36
17 21 30
16 19 20
13 16 33
23 1 44
1 3 35
13 17 40
1 4 9
18 22 40
12 17 39
8 11 35
22 3 2
23 3 33
9 12 10
5 7 39
0 1 9
23 3 2
1 5 25
19 23 22
7 9 31
11 12 29
22 2 6
12 14 33
9 12 5
23 3 47
2 6 37
19 23 36
19 23 26
6 8 37
19 22 35
3 7 40
17 21 15
13 16 29
1 5 12
17 21 1
10 13 22
7 9 11
11 14 1
7 11 42
17 21 37
11 14 38
0 5 16
13 15 41
5 6 4
11 14 1
14 17 26
17 18 34
18 21 24
10 12 46
22 1 24
5 7 11
10 15 20
8 10 14
4 8 19
16 19 30
12 16 25
14 17 43
6 12 4
18 20 40
21 0 9
20 23 31
1 4 18
15 18 17
15 17 18
3 6 24
0 2 22
9 11 18
22 0 4
17 20 21
20 1 15
22 2 40
10 12 42
10 12 25
18 21 35
23 1 41
12 16 29
19 22 10
5 6 3
8 11 39
18 21 17
11 14 17
0 4 5
1 3 26
7 10 2
2 4 28
16 18 16
5 8 2
0 3 46
16 19 36
12 13 47
15 17 12
16 18 12
12 15 19
4 7 43
3 6 35
11 15 25
3 5 16
23 3 37
7 10 10
0 2 38
2 5 4
23 1 9
14 17 43
13 14 42
13 16 3
16 19 35
2 4 6
5 9 16
11 14 37
14 16 38
13 15 30
22 2 20
17 21 24
17 19 17
8 12 10
2 5 6
6 8 4
17 21 3
17 19 46
7 10 10
4 7 32
21 23 31
0 3 46
12 13 45
11 14 23
22 0 16
20 22 3
9 12 31
8 12 31
2 5 8
2 5 42
10 13 40
12 16 22
13 16 9
3 7 16
15 15 37
14 16 24
14 18 34
1 4 39
19 22 25
3 6 27
23 1 32
7 11 13
9 12 40
6 9 4
10 12 11
11 13 27
7 9 25
15 18 9
10 13 5
6 8 16
3 6 20
16 19 19
0 2 43
8 10 18
9 13 31
3 5 34
22 1 37
15 18 23
15 17 45
18 20 1
15 20 2
5 9 34
8 11 39
10 14 23
14 18 17
18 20 12
21 0 29
8 12 38
21 0 35
3 6 28
6 10 42
15 17 18
17 20 5
12 16 47
21 23 8
16 19 29
16 20 4
17 19 42
20 0 12
9 12 7
11 12 18
19 23 44
17 21 41
11 14 34
15 19 2
3 5 37
21 0 27
13 16 35
4 7 3
10 13 37
14 16 44
2 5 38
17 20 23
0 4 13
14 17 28
19 23 18
9 12 42
22 0 10
17 21 29
12 16 34
2 6 40
13 16 23
20 23 38
7 10 20
10 15 17
12 16 31
18 22 35
14 16 32
3 7 29
7 10 18
12 13 28
8 12 25
10 12 45
17 20 37
12 14 7
17 20 39
13 16 40
16 20 38
10 12 25
14 17 40
4 7 9
22 2 34
8 10 25
20 21 10
5 7 31
0 4 15
22 2 44
8 11 44
0 3 35
15 19 23
1 4 20
13 16 18
13 15 42
5 8 24
15 20 23
11 14 35
6 10 34
18 21 36
19 22 35
1 3 18
23 3 47
7 10 8
0 2 22
7 7 9
19 22 18
16 20 31
7 11 30
1 6 11
13 15 34
10 13 22
4 8 34
15 18 24
21 1 24
5 8 27
7 11 28
20 21 33
16 19 9
19 20 42
13 14 13
19 22 47
5 6 34
6 10 8
2 5 17
12 15 47
21 1 14
16 19 29
9 13 43
2 3 35
11 15 14
6 10 40
3 8 38
16 20 8
10 14 26
13 14 27
3 6 28
3 6 21
13 17 17
0 3 36
21 23 5
10 12 34
4 7 30
8 11 32
17 21 11
17 20 33
19 20 4
2 5 28
18 20 7
18 20 16
1 6 34
21 1 13
3 5 20
19 22 28
19 23 29
23 3 38
8 11 47
0 3 42
19 23 8
16 18 30
14 18 3
13 17 47
10 12 8
23 2 31
2 6 10
4 6 28
3 6 39
12 15 23
18 22 10
22 2 34
13 17 1
20 23 31
1 4 47
10 12 21
20 0 32
15 18 14
12 15 9
6 10 30
13 18 46
4 7 1
13 17 20
15 17 46
21 0 24
11 14 23
3 5 37
10 13 8
13 16 6
22 23 40
8 11 47
4 7 40
18 23 29
20 23 3
13 15 19
6 10 5
17 21 28
3 6 15
21 0 30
11 13 38
3 4 8
20 0 17
18 23 21
16 20 16
20 0 28
12 15 40
23 2 16
11 13 17
7 10 29
16 20 5
7 8 24
9 13 9
17 20 10
4 7 36
3 6 37
11 13 46
11 15 24
0 4 18
18 20 39
1 3 9
21 1 15
18 22 37
18 22 28
13 17 45
10 13 10
7 10 36
19 21 23
23 2 10
22 1 31
13 17 46
4 8 44
16 18 8
14 19 7
4 8 2
5 7 34
9 12 16
16 20 24
23 2 34
21 0 44
22 1 24
16 20 37
4 9 39
11 13 8
1 4 39
19 22 34
7 10 44
10 15 16
22 0 23
1 3 44
20 23 12
4 8 8
14 16 14
20 0 21
14 16 40
21 0 38
19 23 15
21 0 33
3 6 14
3 5 18
8 10 2
17 20 36
5 8 6
0 2 16
20 0 44
10 14 45
2 4 37
18 21 6
11 13 38
1 4 46
1 5 26
0 2 37
5 7 5
19 22 4
4 8 32
4 8 27
16 19 7
23 3 4
14 19 9
1 5 31
17 21 18
4 7 17
13 16 9
2 6 13
14 17 33
3 5 6
1 4 38
10 12 37
20 0 32
11 12 39
1 4 47
0 3 36
15 18 42
6 10 3
9 12 4
17 21 5
7 11 16
22 2 28
11 14 34
13 18 18
13 17 35
6 10 22
0 3 41
15 17 29
14 17 11
22 2 41
5 9 36
11 15 16
13 17 38
8 10 45
18 20 45
14 16 5
13 16 4
13 15 46
21 23 34
18 22 14
17 21 19
20 23 8
17 21 23
17 19 10
4 6 46
20 22 20
13 16 38
19 23 12
1 2 39
6 8 5
1 5 28
0 3 18
8 12 39
1 4 18
13 16 39
3 8 29
13 15 39
10 12 15
11 15 4
11 15 28
17 19 39
7 11 35
17 19 17
13 19 35
4 8 30
4 7 21
1 4 26
8 14 18
4 8 26
15 16 10
1 4 8
5 9 17
22 1 47
2 4 27
2 4 23
6 11 5
11 14 32
17 19 40
3 6 19
5 9 11
23 3 24
22 1 47
4 8 12
23 2 17
14 16 14
4 8 18
15 17 4
13 16 21
12 14 44
11 13 12
16 20 31
14 17 43
16 20 2
3 6 37
0 4 43
20 22 47
8 12 35
12 14 30
15 18 5
10 12 26
11 13 15
11 13 27
16 19 21
1 6 19
7 9 42
1 4 19
17 21 4
10 13 1
17 20 38
0 2 8
20 22 5
18 21 20
13 17 2
20 0 24
5 8 25
19 21 43
15 18 24
1 4 10
18 22 10
22 3 41
9 12 15
23 1 20
13 17 33
6 10 28
23 2 8
15 18 20
14 17 8
11 13 20
19 22 40
11 13 12
11 14 16
14 17 7
5 8 42
7 11 22
1 4 14
12 16 11
14 16 47
1 3 43
11 14 12
5 9 6
19 22 36
5 8 14
21 2 41
23 0 25
15 17 34
22 1 21
7 11 45
14 18 28
3 6 18
16 19 35
19 20 9
18 21 38
19 23 22
4 7 14
20 0 9
10 11 32
9 10 2
12 16 29
15 17 24
13 15 36
15 18 42
1 4 17
8 13 8
7 9 8
1 3 44
13 15 34
14 18 4
10 11 15
4 8 47
0 3 46
15 18 33
10 12 13
8 9 20
19 22 26
9 13 30
12 15 18
8 11 31
18 22 4
21 0 45
8 11 1
14 18 6
1 3 9
11 14 19
18 21 5
9 11 40
11 14 15
6 10 22
23 2 4
3 5 20
9 14 27
19 23 4
15 17 20
23 2 40
4 7 46
16 17 29
6 11 33
2 5 27
2 5 23
1 4 26
18 21 8
15 18 32
7 11 39
12 14 22
22 0 35
19 22 10
23 1 47
21 23 21
9 12 22
7 11 35
22 1 15
17 19 47
9 12 7
20 23 37
8 12 43
5 9 19
15 20 13
3 6 17
22 1 37
4 6 25
12 15 21
14 16 18
10 14 14
20 0 14
11 15 33
16 19 15
11 14 30
21 23 7
16 17 9
14 16 7
0 4 29
3 5 30
5 8 2
8 12 11
12 15 27
22 2 47
18 22 17
16 17 33
23 1 47
8 10 10
21 0 22
21 0 4
12 16 12
3 6 45
5 8 5
3 3 13
15 18 41
18 22 20
15 19 44
14 18 42
20 23 33
21 23 28
21 1 47
8 12 1
17 21 18
23 2 8
7 10 46
5 8 11
10 13 23
12 16 11
2 5 31
6 9 13
8 12 7
13 17 8
11 13 46
11 14 14
20 23 4
11 13 24
9 10 23
5 8 45
20 23 47
6 10 16
19 21 36
9 11 15
11 16 45
6 9 1
4 7 21
2 5 29
23 2 45
7 10 22
14 17 29
19 22 6
22 2 6
8 11 1
9 13 10
21 0 23
23 3 43
5 9 23
5 9 47
6 8 17
0 3 1
1 5 9
6 10 31
20 23 14
20 22 31
4 8 4
20 22 18
9 11 23
14 18 23
3 7 6
5 8 21
5 8 20
17 21 46
14 16 31
10 14 12
14 17 45
19 21 8
1 5 16
20 21 46
0 3 44
22 1 2
18 21 11
17 21 10
12 13 2
21 23 14
20 22 13
3 6 38
6 7 28
6 9 16
3 7 16
4 7 39
2 4 45
7 9 6
9 11 37
22 1 22
13 17 29
4 9 2
13 15 42
7 11 20
3 4 6
23 1 29
22 0 20
13 18 25
22 0 46
11 12 30
14 20 19
21 0 12
3 5 7
17 20 23
21 0 39
22 2 24
22 2 47
1 4 17
4 7 13
4 8 37
6 9 22
3 7 25
5 7 21
23 4 21
0 3 35
16 18 32
21 23 30
14 17 28
0 3 19
11 13 20
4 8 28
3 6 43
0 3 12
10 12 19
16 19 6
13 18 26
15 18 29
16 19 45
22 2 28
20 0 42
22 3 30
6 9 26
17 18 27
14 17 41
3 7 4
12 17 28
18 21 5
13 18 16
18 21 22
19 22 27
0 4 36
1 4 37
8 9 43
9 11 21
23 3 39
3 6 44
21 23 32
21 23 2
13 17 11
3 6 3
8 13 6
7 10 3
12 14 17
11 14 46
22 0 29
14 18 34
15 20 20
14 17 17
23 4 28
15 17 46
11 12 12
16 18 6
15 19 9
22 0 38
16 20 36
23 1 4
2 4 14
12 16 35
23 3 9
19 0 11
18 21 45
0 2 10
18 22 27
20 0 45
16 20 20
15 19 11
8 12 39
20 23 9
1 5 30
4 9 20
20 23 10
23 1 14
2 6 25
14 17 21
9 14 24
10 13 5
8 12 3
8 11 40
10 12 45
15 18 41
8 12 26
21 1 23
21 0 10
13 17 33
5 8 46
17 21 37
11 14 8
12 16 7
6 8 27
20 0 47
20 22 27
5 6 43
11 14 31
12 15 33
2 6 36
17 20 11
9 13 18
5 5 4
19 23 1
21 23 21
20 23 22
6 10 1
0 3 44
9 11 26
12 15 3
13 14 35
12 15 27
13 16 18
7 10 17
19 22 47
15 19 17
15 18 11
0 3 31
4 7 29
9 12 35
8 11 37
7 11 6
11 16 36
21 1 17
10 15 6
19 22 6
23 1 9
5 8 5
12 14 24
11 15 17
17 21 44
0 4 22
13 17 36
8 12 24
8 10 31
17 20 44
20 0 26
15 18 20
9 10 32
20 23 19
23 3 47
14 18 12
1 5 16
21 23 15
5 9 44
4 6 44
3 7 26
22 1 27
0 3 9
9 10 10
19 22 7
17 19 37
20 22 16
7 11 44
8 12 40
17 20 8
6 11 13
16 17 8
1 3 16
7 10 19
10 13 23
7 12 11
18 22 2
0 5 28
23 1 9
17 20 44
16 19 40
23 1 34
8 12 1
8 10 9
1 4 11
16 19 14
21 23 31
14 17 10
15 19 39
8 10 41
4 6 18
5 6 11
22 1 23
18 20 38
9 13 33
10 13 42
18 21 41
15 18 41
1 4 39
3 6 30
22 2 40
3 7 7
22 1 39
22 2 29
14 18 41
15 18 39
15 18 36
8 11 30
20 22 39
22 0 47
14 15 10
2 5 10
10 11 3
14 16 47
2 6 44
3 7 2
13 16 39
15 17 45
5 8 12
22 0 11
11 14 4
13 16 44
14 17 44
23 3 46
23 0 18
5 9 45
3 6 29
11 14 24
19 23 37
3 7 8
20 1 14
1 3 22
22 1 12
12 15 5
12 15 20
7 10 3
5 8 16
16 20 13
6 8 17
6 11 37
10 11 41
21 1 23
17 20 32
5 8 9
22 0 29
8 10 12
2 4 47
11 15 44
0 3 13
22 1 9
18 22 23
10 13 33
12 16 7
15 18 11
10 13 20
20 0 2
13 17 17
5 8 43
15 18 19
22 1 36
8 11 33
23 4 43
10 15 15
4 8 46
5 7 18
7 11 12
12 15 13
8 11 24
23 3 2
1 4 42
11 14 36
19 22 11
9 13 4
21 1 43
18 20 32
10 13 46
15 19 20
4 7 46
3 8 10
11 15 5
20 23 34
3 7 21
10 12 38
6 9 16
17 19 46
21 1 16
13 15 6
12 13 33
22 1 14
0 1 13
5 8 16
4 8 18
16 20 31
9 12 19
5 8 7
18 20 17
0 4 21
15 17 4
22 1 6
12 13 29
17 21 8
16 19 17
13 17 31
22 3 37
14 15 29
20 23 43
14 18 23
8 12 31
14 16 14
22 0 17
15 19 33
1 3 17
2 5 9
19 20 2
11 14 33
22 0 32
19 22 12
8 10 41
9 13 5
6 10 39
6 9 43
3 3 34
16 18 18
1 6 25
3 7 11
1 3 5
23 2 32
11 14 10
19 22 31
4 6 37
4 8 36
16 19 16
21 0 29
3 6 9
22 0 43
17 19 40
21 0 11
15 17 6
1 5 13
3 7 19
13 17 4
13 15 27
21 0 26
2 6 2
17 21 44
6 9 20
3 7 22
13 17 25
0 2 5
4 8 9
16 18 44
5 7 43
22 1 1
0 3 46
0 4 38
3 5 1
14 17 2
13 15 17
17 19 6
5 6 44
13 15 3
23 3 29
14 18 11
5 9 33
6 6 10
4 7 42
10 11 21
5 6 18
6 9 42
13 15 10
9 14 32
18 21 33
9 12 28
23 2 10
19 20 40
3 6 8
20 23 32
11 13 43
5 7 20
14 15 31
6 9 9
15 19 24
4 6 2
12 15 10
21 23 11
10 14 2
19 22 37
7 11 38
16 18 5
12 14 46
15 17 28
9 12 12
21 0 10
23 1 39
17 18 41
19 22 17
19 23 3
20 22 11
5 7 34
2 6 28
13 15 37
20 23 6
7 8 24
16 20 6
9 11 40
4 7 18
9 12 25
11 13 2
10 13 9
8 9 15
2 6 21
17 20 37
15 16 23
21 23 31
16 17 39
19 22 22
19 21 15
5 7 20
4 6 8
18 19 33
1 2 20
15 19 19
19 23 22
10 14 12
15 17 34
11 14 35
1 4 32
11 13 7
10 15 19
4 5 44
1 3 30
17 20 38
6 7 7
22 23 39
16 19 38
21 0 39
13 15 40
15 17 40
17 20 43
22 23 11
14 19 8
0 3 26
18 22 27
5 8 37
6 8 35
0 3 5
21 23 6
3 7 45
21 0 13
1 4 16
22 1 18
4 6 20
19 21 43
19 21 4
7 10 14
0 2 41
17 21 36
10 13 25
7 11 8
20 0 17
23 2 43
6 8 26
17 19 3
21 0 8
8 11 46
10 13 6
11 14 35
11 13 42
9 13 33
3 5 40
8 11 23
20 0 25
1 2 36
4 7 46
11 15 29
15 16 43
1 3 25
10 14 20
17 21 12
2 3 42
19 22 35
15 19 25
6 8 9
13 17 47
15 17 12
16 18 3
21 0 19
19 23 22
18 21 26
19 22 4
21 22 36
0 2 3
19 22 11
20 23 37
14 16 19
7 11 10
14 17 11
19 22 16
5 8 13
22 1 21
2 5 10
16 18 2
3 7 18
5 7 23
17 20 44
2 4 28
19 21 29
6 9 5
23 1 43
20 22 15
13 15 43
5 9 27
0 4 5
5 7 30
2 6 6
19 22 32
16 19 47
9 12 13
0 1 9
11 15 41
23 1 45
12 16 43
1 4 34
0 4 6
1 5 17
12 15 38
14 16 3
20 0 23
13 17 25
16 18 21
2 6 35
7 12 26
20 22 35
0 4 16
16 17 8
1 6 24
4 7 47
5 8 42
13 17 38
9 13 14
7 9 16
17 22 37
18 22 36
3 7 28
19 22 1
19 22 2
21 1 33
19 23 21
2 6 45
4 8 45
7 9 6
22 1 33
6 11 19
4 7 9
19 20 19
20 22 43
15 18 32
11 13 6
5 7 31
17 19 41
21 1 16
4 7 17
11 15 24
1 4 32
5 8 1
9 13 2
23 2 7
19 22 37
10 13 3
22 1 14
7 10 18
16 21 9
7 11 17
7 9 14
8 10 22
15 18 13
22 0 47
15 18 37
10 14 12
1 4 46
21 23 26
16 19 16
10 14 6
21 0 25
8 11 41
15 18 6
7 12 9
11 14 34
23 3 26
2 5 18
22 2 29
0 5 37
9 11 12
15 18 21
19 22 14
17 19 27
20 22 42
5 8 45
22 1 21
0 4 23
10 12 37
9 13 37
3 5 30
6 7 26
5 10 22
11 13 1
6 8 12
14 18 6
3 5 5
9 13 29
4 7 17
4 7 9
18 21 39
23 2 24
0 3 29
13 17 19
14 15 42
21 0 32
22 23 33
22 0 2
2 5 36
10 14 22
10 14 6
1 5 24
9 11 30
5 8 22
4 9 31
5 10 37
16 18 34
8 11 31
17 20 22
7 9 10
15 19 34
4 6 47
22 0 18
17 20 9
14 18 38
15 17 10
3 6 42
15 18 20
16 19 41
17 21 22
11 15 26
3 6 6
22 2 6
6 8 22
19 23 25
16 21 15
13 17 26
12 13 44
1 5 7
13 16 38
6 9 28
23 1 47
15 17 37
22 1 17
23 1 19
15 18 31
0 3 44
17 22 9
15 18 21
19 22 11
0 3 12
22 2 32
5 10 8
8 11 8
9 13 1
23 2 26
13 14 32
6 8 32
13 16 1
19 23 1
19 22 21
18 20 34
3 4 27
20 23 29
8 12 5
14 16 4
0 3 27
11 15 34
17 20 30
3 5 45
8 10 29
10 13 40
3 7 43
14 16 7
23 0 29
22 0 44
0 3 13
3 5 13
18 22 39
5 9 17
23 0 19
13 17 17
8 11 41
7 10 41
20 23 35
20 23 38
0 2 28
0 4 11
3 6 24
11 13 35
18 19 33
0 4 12
16 20 25
8 12 3
18 20 10
22 23 37
6 9 4
7 10 11
4 6 35
1 3 29
16 19 16
20 23 32
7 10 15
3 6 44
18 22 37
16 19 11
8 11 19
23 3 6
16 19 44
0 3 19
0 5 19
3 6 17
4 7 17
7 10 22
5 8 12
15 18 10
17 20 36
21 2 16
13 14 15
4 8 21
18 19 7
8 10 46
19 21 31
17 21 8
19 20 26
9 13 16
10 15 37
23 1 18
17 20 29
5 10 25
3 5 16
23 3 33
15 17 10
17 21 7
20 22 26
20 0 46
2 6 2
13 16 11
7 10 39
0 4 33
19 21 22
15 18 44
0 3 25
0 5 25
20 23 1
18 21 38
22 23 37
2 5 1
5 7 43
12 16 7
6 10 18
17 20 31
6 11 31
10 12 33
11 13 1
10 14 10
23 2 5
1 3 3
2 4 47
0 3 23
7 11 2
14 16 44
20 22 17
15 17 31
23 2 19
7 9 39
12 15 22
12 15 10
3 6 33
8 10 13
17 20 13
7 9 40
14 18 21
2 5 42
18 22 35
13 15 33
2 5 39
11 15 1
1 4 4
13 14 12
4 8 7
7 11 5
14 15 30
16 20 43
22 0 32
8 12 40
1 3 20
17 20 6
14 17 3
16 17 26
11 13 21
5 6 33
15 18 26
23 1 28
7 10 15
5 8 46
11 12 46
1 4 29
0 2 28
14 17 44
6 8 42
20 23 44
17 21 16
0 3 39
18 21 10
12 16 33
16 18 6
6 8 13
12 14 3
2 6 32
22 1 16
4 7 37
11 15 18
2 5 17
14 16 19
21 0 2
8 11 6
7 9 46
17 20 20
17 19 4
6 10 29
5 8 2
18 22 6
16 19 34
19 21 28
12 15 17
6 8 18
12 15 40
23 2 3
5 8 46
16 22 24
14 18 1
12 15 20
21 2 41
6 11 3
9 13 16
21 0 34
12 14 13
1 3 47
2 5 20
19 22 43
3 8 44
14 16 14
22 2 44
1 3 2
17 20 28
1 6 21
16 19 26
11 14 18
10 16 12
21 1 27
11 14 46
8 11 14
9 13 4
22 1 8
15 17 12
0 3 37
15 18 18
5 10 1
18 20 35
21 23 39
14 19 43
6 9 47
12 16 38
8 13 12
0 3 7
20 23 16
13 16 16
5 7 10
8 11 38
0 5 10
3 6 43
17 21 38
2 4 21
20 23 9
17 20 25
23 2 47
23 2 12
10 14 13
8 10 42
5 8 11
0 3 7
9 13 22
0 4 38
4 7 27
16 18 19
21 0 5
0 3 3
5 7 35
19 23 35
2 3 20
8 12 34
4 7 25
8 11 14
11 14 12
2 4 13
16 18 36
18 22 18
2 4 44
13 15 13
2 4 38
19 21 2
12 17 15
4 8 4
19 22 36
3 5 42
9 11 22
9 13 25
6 8 21
2 3 46
4 7 14
17 21 17
7 11 18
12 16 16
21 2 36
14 15 29
1 3 39
17 19 42
17 21 17
9 12 32
7 10 38
21 23 2
13 18 28
11 14 41
16 18 4
1 4 25
2 3 9
6 8 22
0 3 3
15 18 10
11 13 43
20 23 28
9 12 23
20 0 13
1 5 40
10 12 22
2 6 37
10 13 9
23 1 43
22 0 7
3 6 9
2 5 29
1 4 11
2 4 9
9 14 4
5 8 32
7 8 46
5 7 37
22 1 24
19 22 4
21 1 15
18 21 15
5 7 23
5 8 19
1 4 1
12 15 45
18 22 11
1 4 29
5 7 16
13 17 15
12 14 22
11 16 42
9 11 24
7 10 40
21 1 25
9 13 16
13 16 12
10 13 42
17 20 19
16 19 37
18 20 18
13 15 37
6 10 19
23 1 11
21 1 41
7 12 19
3 6 40
5 9 9
4 5 43
10 13 13
23 2 40
22 2 4
5 8 37
13 17 11
10 12 8
5 9 9
22 2 28
3 7 39
21 1 45
20 0 24
9 12 17
21 2 9
10 15 33
1 4 7
1 4 29
19 23 34
12 16 39
13 16 41
2 4 22
9 12 45
17 21 36
1 4 40
5 9 3
19 22 24
6 8 7
17 19 19
9 11 40
3 6 38
17 21 23
17 19 28
2 4 20
20 0 6
15 18 36
12 15 19
19 23 24
3 6 25
19 21 44
21 0 18
12 14 39
16 20 15
3 6 11
4 8 42
1 5 35
10 13 17
17 19 22
10 13 25
18 22 37
3 6 20
11 14 2
7 10 20
19 22 30
16 18 8
21 23 38
3 6 27
8 11 17
16 19 32
2 5 29
0 3 33
0 4 7
9 10 39
2 5 35
9 15 12
7 10 44
12 14 9
12 15 5
23 0 11
7 9 14
19 23 8
2 6 36
11 15 47
5 6 29
6 10 19
23 2 43
14 16 46
4 7 17
3 7 3
19 23 6
15 18 15
15 18 13
14 16 37
19 20 11
6 9 6
21 1 44
15 17 3
22 1 25
19 22 13
4 8 33
14 19 29
11 13 8
14 18 34
10 12 30
23 3 41
7 11 19
11 12 47
10 13 7
13 16 43
18 22 24
11 15 5
21 0 45
22 1 42
16 20 41
5 6 47
5 8 1
16 21 19
6 10 8
8 11 22
20 23 28
10 14 46
15 17 18
23 1 31
10 14 16
18 18 21
1 4 41
19 23 23
18 19 45
18 21 24
7 10 36
21 23 40
11 13 34
21 23 37
0 3 10
13 16 30
7 11 33
4 9 23
10 12 6
4 8 41
13 15 32
8 10 3
6 10 25
20 23 32
16 18 7
6 9 17
7 9 20
23 1 45
20 22 10
2 4 9
15 18 34
6 10 3
20 23 18
8 11 20
17 20 47
16 18 20
6 11 15
20 23 13
11 13 39
2 3 2
10 14 45
12 13 20
13 16 14
0 3 13
21 1 15
9 14 18
1 4 14
18 22 11
21 0 18
23 4 38
8 12 15
21 1 13
9 12 40
11 14 19
9 13 24
10 14 18
15 17 4
10 14 20
0 2 37
19 23 1
1 3 39
10 13 7
3 6 2
16 19 11
4 5 46
9 13 3
15 20 40
21 23 27
2 5 26
16 18 9
0 3 7
8 11 3
14 15 32
14 18 15
20 0 32
4 8 19
7 9 26
6 10 17
11 12 2
4 6 47
7 12 26
4 9 44
0 2 16
21 0 41
4 7 2
8 11 3
22 0 10
21 23 14
22 2 7
20 23 24
19 22 22
1 4 14
1 4 36
3 6 39
2 5 43
18 22 20
7 10 1
2 3 5
12 14 42
2 5 19
3 6 24
0 4 45
16 20 46
13 17 27
4 8 9
2 6 39
21 0 10
15 18 23
19 22 28
1 2 39
9 12 30
3 7 41
10 14 3
22 1 11
18 21 27
6 9 26
3 5 20
11 14 29
1 5 2
7 11 3
16 18 10
21 0 35
3 5 46
5 7 21
4 7 17
21 0 46
9 12 29
19 23 11
18 22 46
22 0 21
6 10 21
5 7 23
14 18 36
2 5 9
0 4 19
17 21 47
0 2 17
10 12 30
23 1 23
11 14 18
20 22 26
16 20 5
19 0 31
6 10 14
0 3 35
2 5 11
16 20 1
16 20 10
8 10 5
12 14 30
20 23 20
15 18 25
22 0 13
10 15 29
20 21 28
4 9 7
15 18 9
8 9 16
8 12 39
22 1 38
15 17 6
3 4 36
0 3 44
11 13 23
0 4 42
17 20 39
3 6 43
11 14 39
22 1 35
8 11 43
12 15 20
4 8 33
19 23 38
23 0 17
13 16 17
12 15 22
9 11 17
16 19 37
9 11 29
0 2 29
17 20 36
8 11 28
6 8 6
19 21 40
8 12 47
1 6 23
23 4 18
22 1 37
18 21 37
12 14 21
10 14 46
0 2 36
17 21 33
6 9 45
20 0 29
3 6 34
6 8 17
11 15 34
12 14 32
1 3 25
20 23 47
1 5 7
18 21 4
4 6 20
21 0 26
12 16 33
10 12 29
3 6 9
20 22 47
9 12 46
3 5 40
8 10 25
10 14 1
10 13 24
1 5 17
22 1 26
14 17 20
14 16 21
21 0 24
6 9 17
23 1 1
1 3 2
13 15 21
19 21 12
4 7 26
10 12 38
5 7 27
21 0 19
4 8 38
8 11 23
16 18 25
21 0 30
2 6 5
1 3 12
4 7 15
4 6 3
14 17 25
21 23 3
2 4 14
13 16 32
22 1 33
3 5 4
18 21 47
10 13 27
6 9 28
12 17 29
6 9 4
12 14 39
9 13 42
1 5 9
19 21 20
17 20 22
18 22 2
13 16 26
18 22 42
6 8 42
19 22 46
8 12 45
21 1 11
12 16 22
17 19 7
9 11 10
11 13 38
4 8 46
0 4 46
3 5 5
4 7 42
2 5 44
10 13 7
15 18 38
13 15 23
8 13 41
20 23 47
23 2 5
11 12 10
11 14 12
18 21 15
0 3 20
19 21 14
16 19 11
22 3 1
4 8 19
18 21 35
19 21 11
1 5 37
9 12 4
6 8 47
19 20 27
18 21 37
0 4 18
5 8 46
12 17 22
14 18 18
3 6 24
1 5 4
22 0 16
11 14 2
12 15 5
21 0 41
9 11 28
11 14 42
21 23 21
21 1 27
10 13 21
20 21 2
20 0 26
22 2 30
11 15 4
18 22 37
15 19 7
12 16 11
19 21 12
17 20 25
15 18 41
10 11 14
3 7 17
11 14 20
18 20 33
18 23 6
14 17 34
10 12 9
11 13 35
14 15 35
21 0 2
22 23 46
4 7 14
9 12 24
22 2 29
15 18 43
14 17 17
6 9 42
12 15 41
1 5 17
16 18 39
7 8 36
15 18 40
2 4 33
13 17 7
19 1 29
7 10 8
2 5 10
6 9 38
0 4 16
6 8 19
8 11 25
20 23 24
9 11 36
16 19 7
6 9 17
16 19 32
5 7 26
17 20 7
4 7 2
13 16 36
7 9 3
14 17 25
15 17 27
5 7 8
21 0 34
0 4 39
16 19 4
1 3 21
6 10 19
21 23 38
7 10 12
18 21 19
17 20 16
8 11 47
1 5 21
10 13 36
17 20 25
19 23 20
1 4 10
4 6 45
15 18 24
12 14 22
5 8 36
14 17 47
9 12 41
4 7 4
11 11 21
13 16 2
1 4 13
2 6 5
3 7 29
7 10 19
19 22 15
22 1 18
23 3 46
0 3 21
9 11 26
18 21 17
7 10 15
9 13 36
5 8 39
18 22 4
16 20 45
2 4 27
2 6 30
15 16 32
6 9 11
16 21 12
11 17 34
4 6 29
22 2 38
9 11 19
8 11 2
16 19 21
7 10 45
22 1 21
8 12 14
4 6 34
0 2 31
10 12 8
5 8 9
18 21 36
12 15 32
19 23 16
0 3 43
7 10 32
15 18 39
23 3 45
5 6 32
2 4 19
18 21 29
7 10 40
2 4 12
10 13 21
2 5 32
2 6 9
6 10 45
18 21 3
11 15 35
13 16 33
9 11 31
16 21 33
7 10 12
1 5 33
21 0 9
9 12 34
1 5 21
22 0 11
19 21 7
16 20 27
4 8 16
8 11 15
0 3 20
22 1 26
10 13 1
19 22 25
9 13 31
22 2 43
22 0 37
9 13 10
13 15 27
22 23 44
8 11 39
12 15 20
12 13 10
15 18 7
13 16 34
2 4 32
5 7 19
7 10 5
10 13 7
14 18 16
0 4 2
8 12 17
20 1 30
12 17 8
13 15 35
12 16 29
18 20 32
20 22 47
9 12 23
7 10 45
19 21 16
5 8 24
2 6 46
5 8 44
20 22 43
6 8 14
14 17 12
9 11 43
21 1 29
6 9 37
14 16 34
0 4 45
8 10 40
5 10 25
12 15 10
16 20 29
15 18 12
7 8 3
19 22 41
5 9 18
15 18 31
11 13 28
20 23 26
21 1 26
23 1 36
21 0 1
7 8 5
22 1 42
15 19 3
4 7 1
23 3 21
10 13 17
14 17 46
3 5 20
4 7 25
7 10 4
2 5 9
12 16 44
2 5 22
9 12 21
10 13 13
1 3 43
0 1 40
7 12 6
17 20 39
6 9 22
2 4 43
11 13 23
12 14 10
2 3 19
22 1 27
16 19 4
11 15 45
2 6 33
6 11 3
9 12 28
19 22 22
7 10 14
12 14 38
11 12 28
10 13 12
2 5 28
16 20 14
8 12 19
2 7 12
0 3 6
16 19 25
8 11 6
5 7 21
0 4 2
3 6 12
18 21 12
17 20 36
17 20 2
12 16 21
2 5 8
2 6 14
7 10 24
19 22 9
3 5 44
22 3 25
10 12 7
13 15 18
17 20 38
7 12 33
17 20 47
22 0 44
7 10 23
14 18 14
23 2 7
7 9 46
1 3 18
18 20 15
5 9 2
21 0 46
0 2 44
4 9 23
21 23 10
6 8 9
22 2 21
9 12 47
0 4 23
8 11 47
3 6 2
21 0 35
15 18 11
10 12 1
4 10 46
5 6 28
12 15 33
17 19 31
2 4 45
3 8 7
0 3 16
7 9 39
7 10 21
9 11 45
3 6 2
1 4 23
14 16 21
20 0 15
17 22 14
9 11 1
19 22 18
18 20 29
20 23 24
11 15 22
6 10 42
5 7 14
17 19 47
0 3 19
8 12 34
4 8 1
22 2 39
17 20 35
21 0 25
4 8 43
2 4 29
18 19 22
15 19 34
19 23 29
20 0 21
3 5 1
17 19 2
11 12 25
1 4 26
6 8 44
9 12 38
23 2 30
8 12 11
17 19 18
23 3 22
16 18 1
1 3 35
11 12 37
11 12 2
19 20 16
19 22 5
12 15 3
0 5 30
1 3 14
1 4 24
1 6 33
9 14 28
19 22 7
18 22 12
7 10 25
9 12 22
22 1 2
4 8 43
5 9 43
23 1 26
11 15 29
5 9 11
15 17 12
23 2 32
19 22 44
22 1 29
4 10 10
2 6 34
23 2 13
10 11 13
3 6 12
21 23 45
15 17 23
11 13 32
0 3 33
6 10 42
1 4 32
2 5 41
21 1 7
4 7 27
5 7 9
20 22 32
6 10 5
9 13 8
23 3 32
23 1 44
22 0 16
21 1 37
5 8 37
3 7 11
17 19 5
13 16 25
10 15 27
8 11 17
21 1 28
20 0 45
7 10 18
15 17 17
6 9 21
1 4 12
19 22 42
10 12 46
3 4 14
4 6 23
13 17 26
2 5 14
15 18 3
21 0 32
22 1 6
8 12 15
2 4 41
22 2 32
10 13 35
7 10 13
1 6 37
20 23 46
12 16 10
9 11 23
18 21 36
16 16 27
8 11 17
4 6 8
8 10 42
5 6 8
11 14 17
12 13 24
15 18 33
9 13 2
1 4 17
22 1 1
4 8 42
15 17 35
4 6 34
23 0 36
3 5 33
11 14 43
6 8 15
6 10 37
23 2 12
10 12 39
22 1 16
23 2 44
3 6 17
6 10 26
3 6 8
3 6 40
23 3 20
5 9 12
15 18 3
20 0 27
15 19 20
0 1 17
6 10 3
14 17 42
17 20 33
20 2 32
6 9 3
16 19 25
19 22 9
21 0 38
6 10 38
20 22 19
15 19 25
20 23 35
18 22 43
5 9 35
17 20 30
4 8 18
12 15 6
17 22 22
18 21 12
18 22 11
9 12 34
7 11 38
10 13 27
10 12 34
4 8 5
19 21 45
23 3 37
2 4 32
12 16 31
21 0 14
3 6 35
13 15 37
3 6 46
20 22 43
14 18 42
7 9 44
22 2 37
11 12 7
18 20 12
18 19 32
14 16 37
10 13 24
23 4 3
3 5 28
6 10 19
14 16 47
22 2 35
18 19 12
7 11 26
14 17 28
3 5 24
15 19 14
2 5 10
21 1 27
13 16 38
20 22 11
14 17 39
7 9 3
5 7 22
16 18 37
8 11 28
14 17 38
4 7 33
14 17 15
23 2 37
22 2 39
0 3 10
21 0 32
6 7 7
22 1 33
14 17 43
7 10 12
20 0 23
17 19 35
13 13 43
0 4 39
18 21 43
12 15 20
12 14 40
11 14 44
3 6 26
12 13 11
12 14 38
22 2 12
4 6 14
20 0 6
13 17 31
15 18 40
3 6 3
2 6 2
6 10 26
13 15 24
14 17 25
23 2 42
20 23 8
2 5 36
21 22 44
7 9 29
16 19 28
14 16 22
3 5 23
4 6 7
3 6 10
18 21 23
13 17 2
4 8 27
11 13 30
5 8 38
9 14 38
2 5 31
17 20 5
11 15 15
13 17 39
1 5 38
22 2 3
10 12 27
8 9 16
1 4 20
4 6 25
19 23 36
14 20 16
23 3 23
17 20 44
22 3 38
14 17 33
11 13 22
14 17 18
15 17 3
18 22 36
3 7 33
11 13 39
11 15 18
13 17 16
15 17 39
13 15 39
17 21 35
21 23 47
4 6 23
19 22 2
13 15 20
15 16 3
14 18 23
6 9 35
23 2 18
18 20 35
19 22 43
1 4 20
11 13 30
12 15 40
5 8 35
11 15 41
8 12 15
0 4 38
9 13 20
6 10 32
9 13 12
6 11 29
6 8 22
16 18 6
0 2 27
4 8 7
18 21 39
7 10 12
13 18 39
2 5 39
8 9 35
1 4 31
8 10 42
23 3 3
0 2 4
17 20 21
11 15 10
10 13 3
9 13 21
14 17 4
20 21 45
13 16 8
4 7 12
12 16 46
1 4 31
19 22 46
9 13 34
21 1 41
12 16 12
18 19 11
21 1 5
22 3 18
7 10 1
8 10 18
15 19 32
1 2 47
9 10 2
18 22 28
8 11 1
12 16 5
16 18 20
16 19 23
15 16 34
2 4 29
22 3 44
5 10 33
2 4 44
21 0 2
15 19 13
21 1 42
14 15 44
12 16 5
1 5 5
13 17 45
11 15 9
20 23 17
7 10 24
13 16 16
1 3 41
20 22 30
5 8 1
17 21 45
23 1 45
9 10 47
14 17 32
7 10 5
17 20 17
7 8 28
16 21 6
10 13 14
6 9 16
4 6 17
1 4 14
14 16 40
3 7 6
15 19 29
11 14 2
0 3 3
6 9 15
2 4 18
13 15 36
17 20 16
8 13 27
17 20 9
10 13 32
11 12 29
0 4 47
9 13 1
1 4 8
11 12 46
16 20 6
12 14 42
1 5 7
5 7 47
6 9 7
0 3 20
17 19 29
18 20 1
12 14 46
2 5 37
13 16 12
23 2 7
9 12 47
21 1 12
14 18 1
0 4 11
22 2 3
20 22 35
21 0 28
16 20 6
20 22 40
11 13 29
7 11 20
17 21 8
17 20 26
8 12 39
5 9 46
9 10 32
4 5 45
22 2 35
19 23 34
13 17 9
12 16 22
12 15 10
9 13 46
17 20 23
8 10 9
2 6 25
13 14 8
19 22 37
19 20 19
7 10 16
1 6 46
6 9 26
21 0 34
22 1 33
17 18 42
3 6 3
23 2 15
16 19 31
11 15 12
2 3 22
14 17 29
13 15 22
13 16 3
22 0 2
21 1 4
21 0 45
13 16 41
6 10 13
4 7 20
14 17 19
11 13 13
17 20 32
8 12 45
17 20 33
23 3 15
19 23 12
18 21 29
1 4 43
2 4 17
6 10 42
21 0 3
0 3 11
17 21 38
12 15 14
4 6 27
17 22 27
21 22 8
13 17 20
1 3 17
6 10 37
8 11 30
10 14 26
1 4 25
5 10 9
13 15 8
0 2 23
23 3 41
22 2 27
8 9 6
11 15 32
21 23 34
22 1 27
8 9 47
0 4 40
2 5 41
4 3 46
22 23 41
7 9 28
13 17 6
7 9 16
7 10 23
18 23 44
5 7 1
19 21 12
9 12 19
13 16 19
3 7 17
1 4 44
11 15 27
20 22 31
6 9 43
8 9 1
14 18 24
12 14 37
1 3 42
22 0 29
17 20 23
17 20 43
5 7 6
1 3 40
23 1 7
22 1 41
11 14 17
17 21 46
8 10 40
4 7 24
18 22 12
8 11 27
4 6 45
5 8 8
14 17 15
3 8 45
12 12 46
22 0 32
21 1 36
17 19 45
12 15 32
18 21 21
17 19 17
23 2 19
15 18 37
1 3 22
1 2 2
2 6 21
10 15 6
4 8 10
20 0 18
4 9 6
8 11 1
3 8 23
4 7 38
18 20 37
19 20 26
1 3 3
7 11 27
3 5 14
9 11 10
17 21 5
20 22 43
20 23 32
8 11 46
1 5 26
9 10 43
10 12 17
7 9 17
6 9 25
9 14 39
11 15 30
15 19 8
23 2 37
8 12 19
19 23 8
4 7 37
14 17 39
6 9 3
4 8 39
12 14 14
19 21 39
14 18 30
17 21 22
23 1 30
6 11 16
22 0 17
7 10 5
7 10 24
14 17 46
16 18 30
22 2 22
11 14 18
17 22 13
17 22 18
16 20 36
1 2 44
16 18 9
13 16 24
3 6 42
14 17 23
8 9 23
10 13 42
18 23 42
23 4 7
23 2 24
17 21 16
20 23 47
23 1 40
21 23 23
4 6 26
19 21 30
14 17 14
9 11 39
14 17 29
17 21 23
2 6 24
18 20 5
8 11 8
4 5 29
6 8 25
5 6 17
8 9 20
14 15 26
2 5 42
11 15 20
17 18 25
21 2 37
20 22 11
19 21 31
7 10 43
20 22 41
6 9 12
1 3 13
20 0 26
0 4 43
22 1 26
15 17 20
19 22 41
2 5 6
18 22 2
11 12 3
4 6 14
13 16 39
5 7 1
9 12 1
22 1 3
7 11 41
4 7 17
5 9 39
15 17 18
18 21 1
5 7 7
22 1 26
8 10 43
13 14 47
13 16 42
12 14 19
7 11 33
1 3 34
23 2 24
0 3 3
2 6 1
15 17 7
4 7 6
0 2 38
15 19 7
10 12 45
2 6 2
11 14 15
5 8 1
6 9 23
13 17 44
21 23 17
21 23 5
12 17 29
14 17 2
6 9 9
1 4 22
15 19 4
12 14 2
17 21 46
5 8 18
19 22 19
22 2 1
10 12 47
16 18 19
0 3 43
15 17 24
12 15 21
5 7 21
19 20 39
3 6 17
14 17 10
1 5 13
21 1 41
9 11 19
10 13 42
3 6 3
10 13 5
13 16 36
17 21 28
6 7 34
7 13 11
6 11 32
21 23 26
1 4 6
18 21 43
14 17 20
16 19 23
11 14 47
1 4 32
19 0 30
23 1 44
2 4 8
7 10 12
15 18 7
15 18 38
12 14 38
19 22 8
17 18 9
1 4 28
11 12 7
17 22 17
5 9 43
6 7 34
17 20 4
10 14 24
22 0 35
13 17 23
1 3 47
22 2 46
0 4 39
16 19 34
7 9 15
0 4 45
10 13 33
1 4 34
13 16 6
15 19 23
14 18 37
2 4 27
3 5 42
15 17 32
2 7 46
23 2 29
19 22 41
5 9 8
4 7 13
15 19 4
2 5 24
11 12 8
22 2 19
0 4 14
21 1 33
3 6 13
14 18 34
10 13 14
5 8 24
14 17 33
22 1 44
15 18 38
15 20 44
5 6 41
14 16 24
8 10 2
20 0 6
7 12 33
11 15 46
20 22 5
6 8 18
17 21 35
7 8 42
11 15 4
20 0 43
20 23 7
18 21 9
20 23 22
0 3 29
15 18 17
20 0 46
2 5 7
15 19 47
9 13 3
8 11 5
16 18 37
14 19 43
20 23 23
12 15 28
9 13 45
5 7 8
16 19 30
11 14 31
2 5 42
2 7 18
4 6 46
0 2 47
7 11 29
21 23 29
12 15 7
3 5 32
9 11 35
17 20 30
20 21 37
7 10 40
16 19 2
19 23 40
15 18 3
18 21 19
21 23 12
8 12 12
10 14 7
15 19 37
4 7 5
2 5 21
2 5 19
16 19 39
19 23 39
22 1 18
11 14 8
9 12 29
1 3 22
2 4 3
17 21 31
7 10 40
14 17 39
16 19 29
19 22 22
16 18 14
3 7 43
2 6 1
12 15 40
20 0 10
2 6 2
10 14 47
22 0 14
6 10 5
2 5 44
20 23 4
18 22 33
12 14 18
1 4 6
21 1 30
20 23 1
22 2 17
4 6 35
8 11 17
0 3 40
6 9 37
11 15 8
22 2 18
13 16 17
2 5 43
18 22 11
18 22 36
6 10 3
23 1 43
14 18 36
0 5 31
7 10 20
11 14 33
4 7 14
1 4 4
3 5 18
17 20 6
6 10 38
11 15 14
12 16 29
11 13 2
17 21 26
3 7 47
20 21 44
14 17 10
13 18 14
16 21 12
1 5 8
23 3 34
22 1 44
4 9 39
2 5 3
1 3 44
8 13 35
18 20 38
13 16 38
6 7 13
9 11 42
10 13 39
17 21 16
12 15 33
14 17 1
12 16 11
2 5 17
20 0 47
13 16 23
4 8 21
17 19 7
6 11 46
10 13 7
9 13 27
19 21 32
8 9 11
10 12 14
7 10 43
15 17 44
23 3 37
19 21 31
14 18 30
20 0 17
17 19 46
2 7 32
1 4 26
19 20 31
16 18 47
6 9 38
22 1 31
6 9 30
21 0 30
12 15 10
14 17 16
12 13 24
19 20 9
22 0 29
23 0 44
10 15 43
11 15 3
4 7 38
17 22 24
5 7 36
20 23 4
9 12 12
19 21 6
21 2 8
1 5 19
17 20 31
4 8 36
6 9 11
0 3 42
13 15 23
3 5 43
2 5 13
12 16 36
21 23 29
23 3 23
8 12 26
14 16 25
12 15 31
20 23 47
17 21 40
15 18 11
4 7 11
5 7 40
1 5 10
5 7 7
12 14 18
14 17 40
18 21 41
11 14 10
11 14 36
19 22 21
7 9 26
12 13 46
19 22 28
7 11 43
8 11 29
1 5 16
20 21 4
18 20 17
0 4 7
1 5 14
7 11 5
22 1 16
9 13 22
23 3 11
14 17 31
8 10 28
1 4 34
13 17 39
20 23 38
6 9 39
20 23 13
6 10 9
21 1 28
7 11 20
19 22 24
20 22 1
23 2 21
18 21 18
17 21 33
20 23 21
13 18 1
14 17 23
6 8 17
20 0 23
4 10 33
17 20 7
2 5 17
10 13 5
3 5 27
7 10 17
23 2 14
23 3 34
3 5 35
9 12 11
6 9 22
23 0 28
19 23 47
18 19 3
22 1 11
20 23 15
16 19 32
16 17 12
11 14 10
5 8 3
7 9 42
8 11 9
3 5 12
4 7 23
21 1 7
13 14 28
2 4 44
11 12 24
8 11 9
4 7 3
8 11 16
18 21 22
5 7 31
15 19 17
8 12 38
11 13 1
0 3 12
2 3 12
11 15 20
23 2 39
8 12 26
23 3 9
18 21 37
14 17 30
12 15 22
22 2 34
18 19 13
9 12 24
13 16 23
11 14 31
5 10 36
9 13 34
23 2 35
16 19 42
0 3 45
22 2 32
19 22 12
3 7 1
4 8 10
1 3 40
13 15 40
6 9 28
2 6 7
18 21 37
20 23 39
0 3 10
14 18 28
11 14 8
13 16 39
2 6 44
6 10 42
2 5 18
21 0 13
2 5 36
9 11 18
23 2 37
11 13 36
0 2 24
15 19 44
6 9 5
18 21 20
0 4 19
7 11 33
11 12 37
21 23 32
6 9 38
0 1 46
11 13 34
23 3 19
16 19 9
18 22 13
21 0 23
6 10 1
12 15 24
22 2 47
17 20 40
0 5 38
11 15 10
15 17 18
7 10 7
14 17 33
18 21 32
13 16 18
1 4 36
12 17 25
15 19 36
20 22 20
16 21 37
2 4 11
15 19 17
10 14 40
23 3 1
16 18 17
1 6 47
2 4 13
23 2 17
17 20 8
3 6 47
0 5 39
4 7 24
2 5 47
13 16 3
14 18 10
0 2 37
0 5 40
14 16 16
10 12 33
1 5 7
21 2 25
21 0 16
17 18 12
10 13 6
14 17 32
17 19 4
4 6 15
10 13 3
10 14 37
4 6 23
13 13 29
4 6 46
8 11 39
10 13 28
1 5 11
4 8 32
9 12 21
20 1 43
1 3 7
0 2 32
20 23 13
4 8 45
13 16 28
4 7 1
19 21 31
16 19 43
1 4 37
19 22 47
20 21 27
12 14 21
17 19 15
12 15 21
3 6 2
1 4 38
3 6 44
5 7 43
12 17 36
8 10 16
17 18 3
20 22 6
13 16 10
13 16 35
22 1 3
23 2 20
3 7 47
23 0 25
21 0 13
11 14 41
11 13 44
23 2 2
11 13 32
0 5 15
6 7 11
3 6 4
20 23 18
12 14 2
9 13 8
5 8 8
3 6 46
23 1 1
10 12 20
15 17 21
17 20 24
7 10 17
11 12 36
11 14 25
1 5 13
11 15 25
14 17 38
9 12 1
19 21 10
2 4 18
7 12 23
1 4 33
16 20 21
16 17 25
11 14 26
1 4 17
22 2 12
10 11 26
19 21 38
9 11 18
7 10 28
18 19 37
4 8 12
23 2 5
0 1 13
17 22 30
16 20 5
23 3 38
16 19 39
18 21 10
4 8 39
17 22 33
10 12 29
8 12 40
4 7 32
4 7 10
16 20 13
17 20 22
21 0 6
8 10 19
7 10 8
8 12 19
12 15 37
2 5 33
1 4 31
16 19 39
15 19 33
19 22 14
4 6 29
4 6 24
12 14 13
9 11 40
9 13 2
3 7 21
20 23 17
23 3 41
13 17 17
10 13 11
0 4 6
18 21 5
13 16 6
0 4 22
4 7 13
19 23 30
12 16 35
9 14 33
22 2 46
17 20 33
18 19 21
1 6 37
21 23 11
5 9 18
20 23 17
21 1 15
19 22 28
0 5 30
4 8 25
3 5 42
2 6 45
4 6 33
8 10 13
21 0 4
3 5 43
1 3 19
8 11 6
19 20 14
23 3 4
9 12 27
11 15 42
10 12 1
18 19 11
0 3 31
18 22 15
14 17 15
12 15 32
5 9 28
6 9 1
4 5 47
20 22 8
15 16 34
23 3 17
6 8 46
7 8 38
0 3 38
16 18 9
20 0 9
10 13 24
22 0 27
10 13 12
1 4 19
22 0 14
0 1 17
2 5 22
10 13 10
5 7 19
21 0 34
4 8 31
3 6 10
1 4 5
21 0 17
21 2 17
8 11 44
3 5 22
19 23 18
9 11 39
19 21 28
10 12 39
18 22 44
7 11 21
0 2 39
22 1 41
5 7 41
11 14 27
22 1 2
23 0 18
1 3 36
22 2 14
0 4 12
10 15 21
8 10 13
11 16 17
18 20 20
20 21 6
18 18 3
18 21 44
4 8 22
6 9 3
16 18 7
5 9 39
20 23 7
7 9 36
12 13 10
21 22 9
8 11 36
8 11 34
2 6 28
4 8 22
19 0 13
7 9 14
11 13 46
11 13 6
23 2 46
17 20 16
7 9 47
5 8 41
1 4 7
19 22 25
14 17 43
15 17 35
13 16 40
18 21 44
3 5 22
15 18 18
20 22 33
23 2 12
10 13 30
8 11 1
11 15 1
11 13 22
8 11 23
23 2 31
11 14 5
23 1 28
5 8 13
21 1 39
20 0 44
18 20 17
16 18 20
23 1 9
18 22 40
16 18 34
0 3 42
15 17 22
22 0 21
13 17 41
6 9 45
18 23 17
5 7 34
22 0 40
0 2 6
21 0 9
3 6 35
8 13 17
15 19 11
11 13 40
19 20 31
11 12 13
7 9 21
14 18 22
15 16 13
21 0 4
17 21 41
17 20 19
0 4 20
16 17 26
22 0 6
18 21 33
0 4 18
13 15 41
5 8 27
19 22 42
3 5 13
2 5 41
11 13 27
18 0 18
6 8 14
0 2 7
17 20 35
16 19 37
15 18 25
16 17 21
3 6 17
20 23 17
8 11 9
7 11 42
6 10 39
13 15 18
1 4 27
16 19 10
5 8 17
3 4 45
10 14 47
6 9 19
0 1 1
23 3 5
0 1 40
8 11 9
22 23 1
19 23 16
16 19 12
0 3 22
14 17 35
1 3 21
21 23 2
4 6 28
8 10 7
13 16 29
12 13 40
23 2 39
9 13 1
7 9 20
16 19 42
19 23 26
19 22 11
8 8 1
9 11 3
0 3 8
2 6 24
12 15 37
20 23 5
16 19 11
18 22 19
18 21 18
12 15 17
7 10 35
19 23 40
16 20 21
5 8 43
1 4 13
15 17 20
4 6 13
8 12 11
2 5 3
17 20 38
10 13 2
10 14 37
13 17 45
22 2 22
18 20 16
11 14 29
15 18 19
20 22 24
20 22 46
11 16 38
3 6 14
6 8 10
12 16 13
18 20 20
4 7 15
5 8 16
8 12 42
15 19 1
18 20 10
16 18 34
12 15 39
18 20 34
17 20 22
15 19 29
12 16 34
11 16 21
23 1 23
18 20 33
15 18 17
7 10 23
6 8 2
17 19 24
16 19 19
15 16 6
20 0 15
17 19 22
4 8 36
23 2 20
21 23 17
18 19 4
13 16 19
1 2 29
19 23 28
8 12 10
2 4 9
19 22 4
5 7 41
20 23 15
19 22 17
3 6 4
20 0 22
4 5 19
14 17 29
0 4 9
10 13 7
12 15 10
23 1 32
18 22 14
9 10 14
3 6 11
11 14 6
20 23 36
12 15 27
22 23 26
14 17 15
4 7 39
20 23 36
1 4 28
17 22 22
22 1 21
20 0 28
2 5 28
3 6 38
4 8 40
4 7 36
7 9 47
8 10 46
2 6 42
20 22 13
22 1 5
3 7 6
4 8 11
23 1 17
16 19 41
19 20 18
3 6 46
4 8 46
5 10 22
3 6 16
0 3 24
23 4 18
16 18 34
13 14 28
17 21 9
23 2 45
17 21 35
12 15 28
3 6 4
8 11 14
12 16 41
23 2 2
23 1 24
7 8 33
18 21 42
13 16 28
22 1 7
0 1 6
16 20 31
2 6 20
3 6 30
1 5 41
9 14 15
10 14 29
13 16 29
3 7 34
1 2 28
0 5 42
23 2 41
3 6 6
13 14 32
20 23 23
16 19 38
23 4 41
6 9 25
11 12 41
14 17 15
0 3 6
19 22 33
17 20 20
0 3 1
12 16 3
1 3 41
14 18 27
14 17 10
2 6 4
8 12 7
5 7 13
5 7 42
5 8 45
19 23 23
19 22 7
20 0 23
15 18 36
2 3 16
15 18 21
14 18 37
19 22 34
16 20 22
18 21 4
23 2 16
14 17 31
8 10 27
4 7 25
22 0 43
14 14 36
15 18 19
11 12 7
9 12 42
7 9 3
11 15 45
7 10 5
6 11 17
18 22 11
21 1 1
16 19 38
15 18 3
18 23 19
23 2 45
0 2 30
7 9 20
13 18 7
14 17 24
11 13 38
3 5 31
23 1 41
14 18 10
12 14 19
22 0 15
11 15 40
20 0 4
10 12 39
0 2 18
13 17 15
4 7 7
1 3 47
4 7 16
18 21 36
3 7 40
16 20 43
23 3 1
20 21 9
1 4 18
12 14 45
14 18 40
20 1 27
18 21 6
12 16 5
19 21 4
9 11 17
14 17 44
0 2 25
7 10 21
23 2 46
21 22 28
11 15 45
10 14 46
4 7 34
14 16 1
9 11 27
11 13 24
15 18 2
19 22 2
12 16 29
3 6 19
23 0 41
22 1 18
21 2 17
23 2 34
20 0 7
3 5 45
22 0 14
12 16 12
23 3 7
19 23 7
13 17 44
7 9 5
8 12 32
18 22 10
2 5 18
12 17 28
9 10 14
23 4 47
10 14 39
21 1 25
19 22 7
16 19 25
5 8 26
2 7 36
23 2 11
6 9 38
23 2 27
19 22 41
15 17 24
21 1 31
16 20 19
6 8 21
5 9 31
20 23 20
5 8 42
8 13 36
10 15 33
14 17 45
8 14 22
21 23 20
4 8 28
7 10 33
23 3 9
9 14 1
15 17 43
17 21 15
3 7 8
6 10 27
10 13 9
11 13 13
1 5 16
15 19 27
23 2 33
20 0 39
18 20 22
22 0 41
17 20 2
8 13 26
21 0 3
16 19 40
1 4 10
8 12 31
14 18 38
23 1 11
20 21 46
23 2 26
3 5 2
17 19 47
2 5 25
1 3 16
11 15 30
8 9 38
14 18 5
15 21 40
3 6 17
7 9 14
20 22 16
3 5 11
21 22 18
17 20 25
10 13 35
0 4 25
23 2 20
18 23 18
20 23 30
13 17 43
17 20 13
23 1 36
17 19 22
15 17 36
1 5 1
0 3 13
18 21 17
10 14 27
2 7 15
13 16 24
3 6 38
16 19 1
13 15 43
3 6 37
0 3 33
2 5 32
19 23 19
23 2 30
3 7 28
4 6 40
4 7 27
23 2 43
15 17 41
8 13 41
8 11 35
3 6 17
5 8 30
0 2 22
11 15 35
5 8 24
11 15 10
6 9 28
8 13 28
16 19 24
20 22 6
9 14 6
18 21 39
8 10 2
12 14 42
23 1 29
5 8 46
5 8 13
18 22 13
2 5 18
9 13 26
16 19 11
12 15 20
3 6 38
16 19 24
14 16 18
20 22 16
16 18 18
8 12 19
23 1 10
16 19 25
0 4 37
6 8 4
22 1 25
12 13 16
22 1 33
14 18 23
19 22 18
1 4 26
10 13 5
10 10 35
8 13 41
1 4 31
1 4 24
9 12 17
7 11 1
4 7 29
16 20 21
18 21 33
19 23 2
8 12 19
1 5 34
16 18 13
8 10 42
5 9 37
5 8 27
14 17 10
17 21 22
13 16 35
3 7 16
9 12 20
8 11 26
16 19 18
19 22 18
19 21 30
21 1 36
1 3 26
8 11 33
7 10 6
8 9 20
3 6 10
21 23 26
5 9 25
8 9 37
23 3 24
11 14 31
2 6 31
15 17 9
4 7 38
9 11 35
10 12 6
19 21 13
11 14 31
7 10 12
2 3 8
21 0 37
8 11 3
8 10 12
13 15 34
3 7 11
22 1 14
21 22 24
22 0 6
2 6 11
21 23 35
16 20 9
13 18 27
14 18 3
19 23 34
4 6 35
17 19 38
15 17 4
11 13 12
16 18 30
19 0 40
19 22 41
21 0 26
21 1 40
21 1 24
18 22 25
6 9 29
17 20 46
14 18 25
6 9 43
9 12 1
22 23 7
9 13 23
5 9 16
13 16 6
6 8 21
13 14 17
8 9 20
7 9 2
5 6 41
9 11 46
15 18 20
4 7 42
11 14 19
19 21 29
15 19 12
4 8 20
3 8 9
8 10 22
8 10 42
6 10 41
14 16 42
3 6 34
3 6 1
17 22 1
7 11 14
7 10 17
10 13 20
17 19 11
3 6 34
9 11 15
19 0 6
16 20 27
12 15 35
0 6 21
23 1 8
12 15 32
12 15 30
1 6 27
14 17 4
6 10 14
12 15 31
15 17 11
17 18 13
18 22 26
5 7 31
11 14 11
2 4 28
13 15 32
0 4 4
14 17 33
13 16 11
16 17 5
10 12 39
8 10 3
9 10 36
3 7 29
11 14 2
4 8 37
0 3 5
19 21 14
1 5 37
0 2 32
23 2 1
1 4 15
14 18 38
2 4 34
5 9 34
10 14 29
10 13 30
18 21 21
11 13 47
13 15 36
11 15 6
1 4 44
12 15 5
11 16 7
20 23 30
0 2 23
11 15 34
4 8 25
4 5 39
17 19 3
6 10 22
15 17 45
22 3 26
21 23 40
1 4 17
21 0 18
16 19 42
21 0 46
0 3 11
0 3 11
5 9 34
3 6 22
22 1 11
7 10 30
7 11 26
18 22 5
20 23 2
3 5 4
8 10 24
6 10 12
9 13 26
23 3 39
14 15 12
21 23 11
5 8 16
22 0 31
19 22 12
18 20 29
14 17 14
22 1 41
5 7 41
23 2 47
0 4 18
15 19 17
22 2 15
19 22 47
7 11 19
14 18 40
0 2 3
18 20 32
3 3 43
20 22 19
1 5 25
18 21 46
21 1 30
4 7 42
10 14 32
11 14 12
7 11 3
5 10 1
3 4 41
0 3 18
10 15 15
13 16 19
15 18 35
17 20 41
7 11 11
12 14 24
2 3 13
7 9 41
19 22 24
4 8 11
17 19 28
9 14 22
5 7 24
1 4 22
15 18 41
20 22 25
18 20 21
21 2 14
1 4 7
0 3 31
5 9 37
11 13 32
13 17 32
12 15 10
16 18 19
9 13 15
13 17 31
3 7 8
0 3 37
15 18 22
17 21 31
19 23 11
1 4 18
8 12 30
11 14 5
1 4 21
3 5 39
23 3 8
1 5 24
5 8 5
5 7 11
3 8 47
11 15 20
22 2 34
13 15 15
20 0 38
22 1 47
23 3 12
0 2 29
16 21 41
23 2 5
3 6 47
2 7 23
4 8 28
9 14 37
4 7 2
2 4 27
2 7 22
7 10 11
5 8 14
0 3 41
1 4 27
4 8 1
0 1 2
13 16 28
9 13 6
5 8 32
14 17 47
17 22 34
23 4 32
21 1 17
3 6 44
17 21 28
12 14 3
15 17 4
20 0 34
19 22 36
22 1 45
12 14 5
1 4 25
7 11 27
12 14 27
10 14 20
10 14 31
20 21 33
14 16 44
12 17 17
18 21 17
23 1 5
17 21 32
16 18 39
9 12 13
14 17 35
4 6 47
23 1 19
2 3 35
4 8 34
18 21 21
22 1 17
11 14 17
18 23 45
20 0 41
10 12 36
0 5 31
16 19 8
7 10 41
16 19 19
11 15 13
15 17 5
20 23 20
16 17 13
3 6 18
9 12 14
5 11 19
1 3 22
22 2 1
9 12 13
1 6 35
4 7 40
0 3 10
2 5 29
16 20 39
17 22 5
23 0 47
13 16 29
1 2 1
1 4 25
6 9 40
5 6 24
16 20 33
18 22 10
5 10 43
2 6 11
12 16 22
1 4 16
13 16 20
1 5 47
0 3 13
14 19 42
21 0 4
4 8 24
12 14 20
3 7 22
5 8 41
1 4 8
20 23 37
19 21 10
6 9 8
22 0 11
4 8 3
13 16 16
11 12 2
18 19 39
3 5 11
16 19 7
17 21 1
8 11 40
21 0 41
21 0 26
7 11 28
22 2 21
1 3 7
15 18 1
18 23 10
11 12 26
17 21 8
22 2 34
5 9 40
12 16 40
11 14 34
2 3 45
16 21 40
12 16 36
13 16 33
22 1 26
7 10 37
2 5 28
11 13 32
1 3 40
12 15 25
10 12 20
2 5 25
4 6 12
6 8 36
11 15 18
20 0 29
21 0 11
17 19 18
6 9 37
13 16 6
14 16 42
11 14 38
4 6 24
12 15 16
15 17 19
5 8 4
16 19 31
22 1 20
4 6 9
8 10 42
13 17 9
11 12 44
9 13 42
3 6 16
20 0 3
7 10 8
23 3 19
4 9 34
13 15 1
18 21 3
10 15 30
1 4 15
5 8 42
15 19 46
5 7 27
20 0 12
5 7 28
15 17 42
18 20 32
4 7 35
8 11 5
12 15 32
9 11 17
4 8 3
6 8 38
2 5 29
21 0 44
22 1 21
22 1 40
13 15 11
13 15 18
11 15 13
13 16 14
16 18 47
8 10 26
10 12 14
5 8 2
22 2 38
10 12 14
21 1 43
1 3 3
9 11 16
22 1 42
0 2 44
18 20 40
3 7 36
6 8 3
21 0 40
13 15 42
3 6 2
4 6 45
10 13 16
11 15 12
15 17 10
18 20 40
4 6 45
18 21 30
6 9 6
1 4 2
2 4 47
1 3 36
16 19 30
13 14 9
20 23 45
1 3 43
10 13 46
6 10 3
7 9 3
20 23 8
4 8 13
17 21 11
9 11 10
12 15 19
1 5 40
19 23 24
18 22 34
4 7 17
18 20 25
20 22 6
9 12 5
14 16 2
9 11 42
8 9 13
22 2 23
1 4 8
10 13 3
6 10 1
17 19 38
22 1 30
15 19 24
14 18 32
8 11 35
14 17 2
19 22 11
8 12 4
4 7 45
16 20 43
23 3 3
15 19 17
14 18 19
23 1 34
21 23 30
0 3 25
23 2 29
13 18 5
7 9 41
13 15 21
17 18 26
1 5 16
22 1 35
9 14 17
4 7 23
16 18 30
22 1 22
16 21 35
6 9 36
22 0 45
21 0 10
10 12 27
18 20 39
22 3 39
18 21 42
12 14 19
11 14 37
6 10 19
13 16 27
17 21 37
10 13 33
14 16 36
14 16 37
7 11 26
8 12 23
21 1 39
1 4 21
16 22 30
15 19 3
6 9 45
12 14 30
19 21 26
14 18 46
13 15 11
22 2 39
7 11 24
2 4 17
15 17 37
23 0 7
5 8 1
11 14 31
12 13 42
6 8 7
9 12 6
20 0 40
3 7 14
22 2 24
9 12 2
17 20 5
12 15 18
20 23 1
11 14 20
19 22 1
22 1 41
23 2 46
16 18 3
8 11 32
16 19 8
8 11 14
14 19 37
19 21 30
9 11 46
22 2 10
9 11 7
12 15 12
6 9 5
17 19 29
5 7 47
18 20 16
13 17 5
7 12 13
6 8 12
1 4 45
21 23 11
23 2 12
10 13 29
5 8 36
4 7 6
0 4 24
5 10 20
12 15 15
22 23 21
10 14 13
5 7 7
21 1 25
2 5 18
11 13 31
6 7 11
9 10 45
6 10 40
15 17 35
21 1 26
3 7 8
20 0 9
0 2 42
13 16 29
15 17 13
1 3 37
4 8 7
18 21 46
10 13 13
8 11 16
6 9 17
4 8 7
10 15 31
22 0 3
13 15 8
16 19 5
1 4 2
14 17 13
15 18 20
0 3 20
13 15 12
16 19 32
1 6 17
4 6 47
18 20 5
3 7 47
3 6 45
20 22 40
8 11 18
16 21 27
3 6 7
17 18 37
8 11 15
15 20 40
17 21 2
2 6 30
1 3 30
23 1 29
2 5 46
18 21 26
21 23 1
22 0 28
4 8 40
14 16 28
22 23 30
13 15 34
21 23 27
13 16 34
16 21 22
7 10 35
15 18 47
7 10 40
11 14 12
16 20 47
23 1 3
19 21 21
15 17 17
12 15 13
4 6 4
21 23 12
10 14 14
10 13 26
11 13 23
5 10 38
20 23 44
16 21 19
17 20 43
23 1 22
15 19 21
10 12 23
11 14 22
18 18 32
3 6 42
7 9 26
20 23 7
3 6 32
21 1 3
9 12 37
11 14 26
0 3 44
23 2 2
12 16 15
21 0 5
13 16 45
9 11 39
13 15 12
0 4 4
8 12 22
20 1 45
20 23 34
19 22 11
15 18 16
17 20 35
9 11 21
19 20 13
3 6 39
21 0 24
19 21 13
7 10 28
14 17 7
20 1 4
20 0 21
21 0 36
2 4 16
8 11 35
15 19 47
19 20 37
4 6 33
23 5 5
20 22 22
0 3 21
23 1 24
4 6 30
21 0 42
22 2 33
9 12 36
0 3 6
15 16 29
16 18 13
10 13 26
3 5 16
22 1 34
8 10 24
12 16 20
19 22 41
23 3 7
5 8 43
8 12 29
17 19 27
13 17 44
2 6 34
9 12 11
20 22 39
5 9 8
10 12 4
19 23 1
16 20 46
21 23 36
9 12 44
17 22 26
7 11 24
3 6 28
15 19 17
20 23 13
3 7 10
19 21 12
17 20 12
16 19 42
13 16 2
21 23 2
7 11 28
17 21 28
14 17 6
3 7 13
16 19 12
6 8 6
12 14 8
18 20 22
6 10 30
11 14 1
0 3 46
5 8 22
17 20 35
2 6 3
7 9 19
3 7 5
15 18 32
18 20 16
20 0 21
20 22 33
11 13 44
6 9 20
19 23 37
9 11 13
1 3 35
5 9 28
4 7 8
18 21 31
16 20 42
16 19 47
19 22 2
0 4 38
13 16 21
18 20 17
2 5 36
18 20 16
12 16 7
13 17 33
6 10 6
5 8 14
9 13 15
9 12 31
8 11 10
4 6 47
7 10 28
16 20 30
2 4 35
21 0 20
19 22 43
23 2 9
15 19 6
0 2 7
14 17 21
12 15 32
5 9 46
16 20 41
23 3 18
7 10 22
20 23 21
1 5 9
1 5 35
11 13 20
1 2 43
12 15 18
5 9 27
4 5 11
2 6 27
11 15 27
4 6 9
0 3 28
2 4 25
14 17 35
10 13 10
0 3 32
3 8 32
1 4 38
4 8 40
10 12 24
8 11 41
20 23 37
3 6 9
23 2 31
5 8 23
18 22 23
5 8 8
4 7 14
0 0 40
23 2 13
5 9 17
10 13 47
18 20 42
10 13 29
17 19 1
3 6 23
12 14 3
15 18 35
9 11 44
23 1 31
8 12 26
12 16 31
17 21 15
4 7 17
15 17 46
13 15 29
0 3 11
23 23 38
6 9 38
21 22 3
7 11 7
19 22 25
18 22 19
7 9 47
19 22 8
20 0 45
12 14 30
4 7 43
4 6 8
8 12 22
8 11 2
13 17 16
22 0 38
2 5 44
16 19 5
16 19 12
10 14 43
11 14 29
8 12 31
14 18 4
9 12 8
8 12 26
3 8 17
23 1 30
2 5 18
9 11 19
10 13 39
16 19 14
16 20 20
16 18 31
21 1 36
10 14 41
5 9 25
8 10 16
22 2 46
3 7 10
14 17 20
18 22 4
2 5 43
8 11 32
5 8 23
23 1 39
4 7 17
13 15 42
10 14 19
18 21 4
7 11 29
1 4 31
2 6 2
13 16 29
3 6 6
0 2 16
4 6 13
7 9 44
19 22 23
22 2 29
4 7 16
14 18 42
20 23 30
11 14 34
8 11 15
4 7 16
6 10 46
0 3 25
0 3 27
0 3 36
16 20 20
14 16 12
1 3 9
6 9 42
16 18 11
16 20 7
8 11 31
0 4 31
17 21 2
10 13 31
23 2 21
9 11 10
4 7 7
20 23 42
12 15 43
1 5 41
16 19 21
8 10 7
3 6 27
16 20 32
0 3 47
15 17 39
10 13 34
23 5 24
23 3 3
21 0 3
13 15 29
2 7 47
3 5 36
7 10 1
7 8 21
13 15 4
8 11 15
3 8 40
16 21 9
20 23 22
9 13 45
2 3 23
