11000 48
48 4 20 5 21 11 3 38 22 3 21 34 18 17 8 25 44 31 16 43 36 35 32 35 48 6 6 32 20 13 30 31 38 9 24 8 48 37 26 41 27 12 37 28 26 7 45 6 
15 16 41
14 17 31
6 10 31
22 0 29
1 4 38
14 16 40
17 21 18
14 19 22
4 7 19
22 0 14
21 23 37
6 7 14
20 23 12
3 7 3
13 16 41
0 3 1
9 13 25
6 8 33
12 16 37
15 17 26
21 23 35
18 21 31
15 19 17
11 13 40
3 6 5
12 15 21
10 15 15
20 23 33
18 20 39
13 16 36
13 17 31
11 14 15
20 1 35
20 23 35
10 15 9
18 19 43
15 17 2
17 19 4
8 9 6
22 0 25
17 21 7
23 2 9
0 5 36
10 13 38
19 21 6
14 17 42
17 20 16
15 18 34
8 12 20
10 12 39
1 3 26
6 7 21
11 13 15
1 5 15
5 9 2
1 3 29
14 15 27
16 19 37
3 7 26
1 4 29
12 15 28
21 0 21
15 17 35
13 15 47
21 2 6
19 22 12
19 23 40
23 1 41
16 20 25
20 23 42
1 4 22
13 17 44
11 13 4
18 22 22
0 2 6
10 15 33
6 7 3
23 3 29
5 9 14
3 6 19
19 21 25
2 5 43
17 20 26
5 8 23
3 6 29
4 8 19
9 13 45
23 2 33
21 0 29
21 23 40
17 21 24
21 23 9
3 7 1
11 13 20
21 23 25
2 6 30
5 8 20
18 20 13
5 9 46
5 7 29
12 15 13
22 0 45
14 17 19
15 17 48
2 4 7
5 8 12
21 23 46
15 18 35
12 15 4
18 21 17
22 1 1
18 20 34
6 8 30
21 23 28
14 16 18
0 2 28
4 7 47
23 2 17
22 2 35
11 13 40
15 19 4
0 5 38
12 14 19
22 1 48
19 22 7
9 12 19
4 9 41
20 22 32
23 1 1
21 23 9
0 3 28
13 17 19
5 8 30
22 1 22
7 10 36
6 9 45
17 21 43
6 10 38
8 13 20
14 15 48
1 5 2
13 16 28
8 10 33
13 16 26
21 1 18
3 9 29
9 14 45
15 20 13
11 14 41
3 6 5
20 23 29
15 18 7
18 22 20
9 11 23
11 13 29
3 5 2
4 8 33
13 14 28
11 14 19
5 8 43
21 23 22
16 19 19
18 22 47
3 6 15
15 19 18
3 6 31
22 2 41
1 5 18
18 20 32
16 19 10
2 4 32
12 13 21
4 7 42
18 20 13
11 13 19
19 22 46
4 9 18
6 8 4
23 4 16
3 6 28
7 10 24
18 21 33
8 11 11
16 19 33
7 9 4
12 15 46
21 2 39
20 23 27
1 4 18
4 7 48
23 3 5
6 9 42
13 17 21
16 19 20
9 11 2
14 17 12
1 4 2
1 5 15
2 5 15
14 16 47
8 12 3
8 10 6
0 3 40
3 7 47
5 9 16
23 0 43
15 19 45
6 10 12
20 0 34
19 22 20
13 16 9
19 21 7
11 14 2
2 5 9
15 17 10
0 2 2
14 18 42
15 20 20
21 1 26
23 3 29
0 2 39
2 6 14
11 11 13
10 13 2
19 22 9
8 13 28
7 11 46
12 16 45
0 4 26
13 15 38
15 19 31
19 23 37
10 12 1
10 12 2
1 5 16
13 15 19
6 9 23
22 1 11
13 16 10
10 12 24
16 18 33
15 18 30
7 9 18
1 4 24
19 23 34
22 1 39
17 19 16
13 16 22
15 20 43
18 23 37
14 17 7
3 5 40
4 6 45
4 6 27
16 20 17
1 6 20
20 22 37
13 16 25
4 8 29
21 0 47
6 10 6
0 3 8
8 10 26
0 3 11
5 8 25
19 22 48
14 17 14
11 14 28
12 17 10
0 4 41
21 0 10
18 19 45
3 7 1
3 4 25
15 19 44
6 11 28
13 15 1
5 8 5
20 23 27
0 3 29
19 22 12
20 23 24
23 4 42
1 5 5
13 16 12
23 3 5
6 10 45
22 2 35
18 21 23
8 11 21
3 5 47
2 3 17
2 6 46
11 16 2
14 17 45
7 7 31
8 11 44
17 20 47
18 21 31
4 6 15
6 9 47
3 6 38
21 2 15
10 13 5
13 15 7
10 11 12
16 20 45
10 13 22
21 1 20
21 1 28
16 21 13
23 0 31
18 21 10
19 22 40
7 11 2
21 0 22
14 17 41
0 3 46
13 17 46
16 19 3
14 19 48
7 10 48
4 7 48
8 10 9
16 20 18
3 7 12
0 3 28
12 15 11
18 21 45
7 9 40
14 18 21
10 15 11
18 20 30
21 23 12
9 13 10
18 19 22
4 7 40
8 11 2
11 13 42
12 14 34
7 11 47
16 18 7
21 0 40
23 3 27
9 12 8
6 8 8
2 5 28
17 21 14
9 12 21
4 7 11
4 6 25
8 10 34
2 3 11
10 13 15
16 19 14
20 22 20
12 16 22
8 10 34
18 21 10
8 11 46
13 15 4
3 4 45
17 19 18
11 13 41
5 8 42
16 19 30
5 9 23
1 3 28
20 23 10
6 8 21
12 17 24
16 17 46
21 3 41
2 8 28
13 17 6
1 3 21
16 19 11
11 14 32
1 4 10
22 2 4
3 7 36
23 4 43
10 13 1
16 19 2
15 18 26
12 15 43
12 13 40
1 6 42
18 21 30
12 14 21
17 19 17
19 23 14
13 16 19
12 16 31
12 16 35
23 1 38
2 4 24
5 9 42
11 14 34
17 21 6
6 8 1
16 20 27
7 11 13
16 18 16
23 2 46
20 0 31
23 2 37
14 17 33
21 0 38
12 15 24
21 22 22
16 21 32
15 19 43
22 0 33
23 1 37
15 18 29
9 12 11
15 20 47
14 15 37
2 4 5
6 9 9
1 5 22
17 19 3
15 17 48
7 9 28
7 10 2
18 22 43
5 10 23
18 21 37
9 14 48
1 2 31
7 11 8
4 8 2
9 11 36
6 10 27
8 12 24
14 16 15
13 14 30
23 2 4
0 2 15
9 12 28
6 9 28
10 12 14
12 15 14
15 18 14
16 18 35
5 9 17
9 11 46
20 23 36
7 10 40
2 5 10
5 9 21
12 16 26
5 10 35
23 1 27
5 7 26
4 7 28
3 5 43
13 15 14
8 8 41
7 10 45
6 10 7
18 21 37
1 1 22
7 10 37
21 23 11
3 5 16
11 16 24
3 7 39
4 8 16
17 20 4
10 14 23
13 17 28
10 13 45
12 14 2
15 18 7
5 7 25
22 23 7
13 15 46
2 6 48
3 7 7
12 16 15
21 23 35
2 4 10
9 12 6
16 17 35
11 14 44
2 6 20
19 21 41
14 17 9
4 8 18
2 5 41
13 15 17
22 2 2
9 12 32
2 3 10
16 18 18
3 5 33
8 11 43
4 8 9
18 21 40
4 7 8
12 14 39
1 3 48
22 23 19
4 6 2
12 16 3
8 11 22
22 2 18
12 16 15
11 14 33
7 11 41
15 18 17
13 16 32
5 10 39
18 22 13
2 4 38
8 10 10
4 8 48
20 22 34
10 12 26
21 0 17
7 8 5
5 8 2
15 17 45
20 0 18
12 15 29
2 4 9
5 8 16
16 18 18
11 15 22
2 5 18
8 10 20
16 17 42
20 23 26
13 17 4
5 7 2
14 18 3
9 11 27
4 7 22
6 8 30
1 2 32
18 21 12
2 5 17
12 16 38
12 15 11
17 20 47
8 11 20
10 13 7
0 2 26
7 9 48
21 23 28
14 16 1
14 16 22
16 18 35
13 17 38
2 5 13
3 5 43
23 1 48
3 6 23
1 2 30
4 8 5
0 3 16
4 6 18
0 3 44
11 13 15
3 5 28
15 19 42
13 17 26
12 16 29
19 23 23
13 17 27
0 4 8
1 4 10
11 15 25
18 23 25
3 5 38
22 2 17
14 16 37
16 19 14
3 6 8
20 23 5
16 17 48
12 16 24
10 13 26
20 20 17
23 3 13
10 14 43
10 12 33
19 23 20
7 11 47
13 17 40
5 9 3
13 16 14
9 13 28
18 21 3
21 0 14
6 9 32
19 21 35
11 15 32
7 9 34
14 16 23
1 5 26
12 16 39
9 12 26
18 21 14
12 16 17
10 14 13
12 17 44
15 18 43
18 20 11
6 7 46
6 10 24
21 1 43
17 21 32
5 9 42
12 15 47
3 6 1
20 22 24
10 13 2
16 20 15
22 0 47
13 14 42
22 1 24
5 9 3
21 0 3
18 23 34
16 20 39
17 22 2
16 20 2
12 16 28
1 3 43
6 10 26
4 7 13
23 3 22
22 3 42
6 8 20
10 12 2
1 4 16
8 12 3
23 0 17
12 15 3
23 3 47
13 16 37
20 23 35
5 7 28
1 4 45
5 8 29
16 18 9
3 7 44
22 1 34
8 12 24
17 20 14
14 16 45
20 23 6
18 21 26
8 11 28
15 18 32
20 23 10
17 20 26
11 14 35
13 16 41
1 4 27
14 16 9
23 0 45
23 1 6
2 4 26
22 1 26
3 6 33
5 9 23
10 14 29
15 18 48
3 5 11
14 15 2
10 14 21
7 10 9
12 14 11
13 16 20
8 11 18
21 1 24
16 20 33
22 1 47
23 4 16
10 12 22
12 14 48
0 4 12
0 4 7
0 2 21
12 14 20
23 2 14
12 16 25
13 17 1
10 13 19
1 5 20
13 15 26
8 10 41
13 15 3
8 13 42
5 6 5
6 10 6
21 23 25
1 3 45
2 5 5
6 9 2
10 13 29
18 21 17
10 13 39
20 22 40
22 0 45
10 12 6
10 13 28
17 22 38
6 10 15
5 8 2
21 22 37
17 21 46
0 2 2
7 10 30
2 8 14
0 3 28
19 23 12
9 13 18
13 16 35
10 15 14
13 17 4
7 11 29
19 22 24
22 23 10
0 3 10
14 19 48
3 6 9
17 18 11
19 21 44
17 18 24
3 7 40
11 14 11
9 13 11
21 0 41
3 6 16
19 20 19
11 14 47
2 5 44
10 14 47
12 16 19
11 14 7
19 21 18
13 17 8
15 18 20
20 0 21
18 21 28
15 19 48
3 6 40
17 21 19
22 2 28
16 21 28
2 6 39
12 16 20
11 15 47
4 6 19
0 2 34
17 20 9
1 5 20
21 0 48
12 15 20
2 5 17
1 5 15
21 0 25
14 18 38
4 7 7
20 22 45
2 6 31
0 4 14
23 2 4
19 22 3
7 9 42
12 14 20
20 23 23
13 16 29
18 20 15
20 22 31
23 0 19
9 12 44
13 15 33
23 2 3
10 14 15
8 11 38
22 4 39
15 17 36
14 17 21
20 0 30
8 12 17
6 11 2
23 4 25
11 13 18
23 0 21
23 1 27
19 22 5
16 20 15
2 4 7
19 23 37
4 7 44
17 20 39
18 22 32
21 22 30
1 4 6
15 19 47
13 17 32
4 7 15
16 18 41
14 19 14
18 22 24
6 9 11
6 9 7
13 16 19
6 10 31
13 17 7
19 21 1
8 13 1
14 18 35
17 20 17
6 11 41
5 8 21
6 11 5
6 10 2
19 19 1
18 21 22
15 18 24
19 23 30
18 23 31
14 17 24
15 19 29
17 19 35
23 2 11
2 7 39
2 4 25
17 19 23
2 6 39
7 11 46
11 15 25
1 4 42
9 12 5
8 10 30
13 15 32
22 2 47
8 11 1
16 19 2
18 22 19
8 11 10
1 3 7
0 3 44
15 20 31
13 15 22
1 5 31
22 0 12
9 13 36
12 16 13
3 5 5
22 1 23
21 23 28
10 13 33
14 17 30
15 20 6
16 18 30
7 9 35
0 2 19
16 21 9
10 12 15
9 11 41
11 13 16
1 4 5
15 18 47
12 13 31
8 10 35
4 5 6
3 7 22
19 21 13
3 6 9
11 14 12
15 18 22
18 20 26
22 1 43
23 1 35
21 23 36
16 18 22
23 1 18
3 8 15
19 23 46
17 18 24
21 22 14
9 12 38
2 6 32
15 18 24
14 19 18
20 23 10
15 16 44
6 9 24
23 2 4
17 21 26
10 12 28
10 12 33
11 13 5
9 13 3
13 16 17
4 6 7
7 10 6
0 2 28
21 1 14
20 0 23
10 14 22
6 8 7
12 12 28
14 17 12
18 22 14
5 7 24
3 6 5
22 1 38
21 1 25
20 20 6
13 16 48
21 0 38
17 21 23
14 16 37
10 14 5
5 8 9
11 16 18
13 14 16
6 9 32
8 11 30
7 10 26
13 16 24
11 14 48
8 13 6
9 12 31
8 12 5
6 10 39
13 15 23
14 17 12
16 17 4
2 4 33
16 18 46
18 21 34
7 10 12
11 15 12
16 19 34
13 15 9
14 16 23
12 15 31
0 3 30
22 1 42
21 0 20
5 7 25
22 0 25
2 4 13
3 5 2
22 2 1
20 0 22
9 12 45
7 12 35
20 0 1
21 0 43
9 13 31
7 11 2
5 8 14
8 12 47
1 4 7
4 6 35
1 5 16
3 6 43
8 12 14
10 11 42
8 10 38
5 7 42
17 20 11
17 19 46
6 9 12
7 10 5
2 3 14
3 7 28
2 4 26
15 20 47
22 0 15
7 10 30
10 13 14
2 4 13
1 5 25
5 8 45
16 20 36
18 23 23
16 19 11
19 21 2
15 19 47
9 13 15
15 18 3
18 21 40
20 22 5
16 19 23
4 9 7
22 1 42
22 1 28
7 10 47
10 14 40
12 14 17
23 1 3
1 4 32
13 15 16
23 1 46
15 17 26
20 23 7
5 10 43
10 13 7
12 15 33
10 13 34
13 17 4
9 13 1
12 14 1
9 13 43
12 15 18
13 15 15
5 6 4
20 0 9
3 5 36
3 7 11
4 7 27
13 17 30
17 20 6
22 2 36
9 10 10
3 7 6
4 8 31
1 4 31
10 12 5
1 5 11
3 7 41
13 17 26
6 8 12
8 11 16
18 21 40
4 8 44
0 3 24
23 2 14
2 6 3
17 20 6
8 10 30
20 22 30
8 11 4
11 13 12
21 0 46
19 22 44
23 0 6
11 15 25
4 6 31
17 20 16
21 0 40
4 9 11
3 7 29
0 2 7
20 23 32
16 19 13
19 22 1
0 1 14
10 13 18
6 8 48
12 15 36
12 15 9
23 2 37
10 13 6
3 6 43
10 11 47
23 2 13
12 14 38
4 7 36
0 3 44
12 14 48
21 0 33
1 4 3
20 0 9
5 8 38
14 17 21
2 6 12
20 21 1
10 13 37
0 3 14
2 5 36
16 18 1
18 22 19
23 2 18
11 14 33
7 9 10
3 7 38
17 20 22
13 15 48
16 18 13
8 12 28
18 21 46
5 7 26
4 6 18
19 22 47
8 11 4
6 9 24
18 20 28
11 12 44
14 16 5
11 15 4
2 7 4
12 15 21
22 2 15
19 22 31
13 16 19
23 2 43
10 13 45
5 7 11
17 20 8
18 20 22
14 17 28
17 21 15
17 19 20
21 22 8
0 4 16
18 20 4
1 4 30
14 18 38
17 19 10
17 20 48
17 18 36
15 19 4
19 22 39
12 16 36
2 6 23
15 18 1
3 7 1
1 5 20
0 4 21
1 6 2
15 19 25
9 12 29
21 0 2
4 7 32
3 5 43
7 9 8
5 6 3
15 18 28
17 20 8
18 22 43
3 7 4
6 9 9
14 16 5
13 16 15
17 20 10
21 0 42
19 23 34
21 0 25
0 3 28
3 5 10
15 19 21
21 3 11
16 17 4
12 13 22
1 4 41
15 18 45
0 4 43
6 8 13
20 0 48
10 12 24
19 21 16
12 15 25
8 11 32
13 15 34
4 5 39
20 23 10
20 23 43
12 15 31
0 2 10
9 15 15
5 11 38
7 10 14
20 22 20
7 11 36
10 12 3
13 16 19
10 14 8
3 7 41
10 15 41
3 6 44
20 20 9
8 10 28
13 14 35
9 11 40
15 19 41
11 14 44
13 17 1
17 21 43
0 2 29
6 8 33
12 16 16
13 15 27
6 8 34
2 5 1
2 5 8
3 8 37
15 18 25
2 7 11
16 18 35
11 14 48
4 8 43
19 23 21
3 6 44
9 12 43
7 10 13
19 22 17
9 12 6
13 16 43
17 21 38
14 18 22
23 0 4
4 6 22
6 10 19
15 20 27
5 9 43
1 2 16
17 21 16
1 4 28
18 21 46
7 9 46
21 0 34
5 8 46
11 13 38
13 17 48
16 19 17
15 17 20
5 6 34
20 0 26
12 16 21
17 20 14
17 19 35
17 21 3
18 21 22
11 12 11
0 4 3
7 10 34
0 4 35
19 23 8
23 1 42
17 20 7
12 14 16
1 6 40
23 2 18
7 9 4
9 12 17
9 13 27
17 22 23
7 11 48
9 12 23
8 11 20
23 2 15
21 1 48
0 3 29
16 18 32
3 6 16
23 1 22
13 15 29
16 19 15
1 3 20
6 9 31
14 19 5
18 21 5
1 5 28
5 9 35
7 10 26
14 17 36
7 8 28
8 11 24
12 16 6
15 18 26
10 15 23
17 20 6
20 23 28
16 20 19
3 7 11
15 19 4
17 20 27
0 4 28
21 23 19
19 22 36
3 6 40
5 8 23
23 2 45
17 19 36
5 8 47
17 20 6
3 8 1
21 0 36
14 19 36
6 9 41
10 11 28
18 0 33
3 7 5
0 3 46
20 23 12
12 14 37
0 1 24
9 12 44
8 11 12
16 19 30
10 13 5
4 6 5
4 6 24
16 18 10
4 8 8
5 9 12
12 15 41
20 1 32
10 12 46
16 19 24
11 14 33
11 14 29
10 11 30
1 5 32
14 17 25
23 1 40
4 5 33
7 9 2
14 15 29
10 14 31
15 18 17
23 0 20
10 12 3
16 18 30
2 6 3
10 12 10
8 11 6
17 21 2
23 3 9
18 21 23
21 23 10
11 15 34
17 19 7
21 1 42
23 4 43
17 18 15
13 15 9
5 6 19
17 20 18
4 8 28
19 22 29
3 8 43
19 22 2
23 3 26
11 14 34
4 7 36
20 23 5
5 8 37
15 19 7
19 23 44
4 6 14
19 22 45
18 20 3
4 8 32
2 6 7
21 1 5
4 8 11
11 13 38
20 21 2
21 22 38
9 11 27
5 7 4
6 8 33
11 15 48
7 10 43
9 11 4
23 3 39
23 2 44
2 4 9
5 8 19
19 20 3
15 18 20
23 1 33
10 14 19
20 0 1
9 11 44
1 5 31
2 5 22
11 14 38
3 6 29
17 21 39
13 16 3
6 8 36
23 3 48
7 9 33
17 20 12
20 23 4
18 21 4
5 8 33
14 19 16
20 23 13
0 3 44
7 10 9
6 10 28
21 23 1
9 14 16
21 23 8
10 12 9
20 0 15
15 20 8
16 19 48
7 9 47
14 19 32
5 8 17
1 4 7
11 13 17
19 0 10
20 1 27
12 16 29
10 12 27
16 19 33
10 11 42
18 20 5
12 15 38
22 23 28
4 9 15
9 13 7
18 22 20
8 12 8
9 12 48
7 10 46
6 9 41
11 12 42
17 18 3
6 9 19
20 1 28
16 19 6
8 10 2
21 0 45
16 21 1
8 10 5
3 5 6
14 17 35
21 0 5
16 21 21
18 22 14
10 15 18
18 21 24
2 3 46
10 13 34
6 9 41
13 17 37
23 1 24
19 21 37
17 18 27
23 2 14
21 0 38
4 7 2
8 12 36
14 17 25
6 9 38
9 12 2
8 12 3
20 23 7
19 23 33
13 17 28
11 13 22
11 15 15
16 18 8
4 7 35
18 22 7
9 12 2
14 16 47
12 15 17
3 5 33
9 12 13
18 20 20
10 13 30
9 12 8
0 3 8
23 2 37
6 9 38
13 16 8
9 11 10
11 13 16
18 21 20
10 12 31
17 20 7
16 20 48
7 10 14
17 20 40
14 18 4
7 9 9
17 20 24
18 21 46
21 1 28
0 7 15
1 4 15
22 0 47
12 15 48
5 9 36
23 4 28
18 22 45
1 6 17
2 6 11
4 6 36
6 9 27
1 5 23
3 5 35
8 12 26
12 15 34
21 23 24
15 19 41
23 3 17
23 2 7
5 8 30
8 13 35
20 0 4
15 17 16
5 8 23
4 7 20
5 8 29
16 20 42
13 16 20
20 0 23
3 5 41
2 5 48
21 1 27
0 3 14
2 6 19
2 5 6
9 11 37
9 12 40
8 10 16
2 5 4
0 2 25
11 14 31
14 16 40
11 15 40
2 5 29
7 10 28
21 0 40
16 18 41
10 13 35
1 5 12
10 13 22
6 9 4
13 15 18
7 10 11
5 10 42
14 17 2
20 0 11
18 20 36
22 2 38
0 1 16
23 3 25
17 20 4
16 16 12
13 15 18
9 12 16
16 18 14
0 1 43
20 2 21
0 4 8
0 3 34
11 14 14
18 22 26
17 20 30
8 11 48
4 6 35
12 17 36
8 10 31
22 0 36
15 17 2
3 7 23
23 2 19
6 9 44
15 19 31
22 22 15
16 20 8
4 7 32
20 1 16
14 17 36
2 4 31
23 2 13
17 20 31
23 2 32
1 5 20
15 19 8
23 1 45
10 12 36
4 5 2
17 21 24
9 13 8
12 15 29
1 5 18
2 5 6
23 3 21
15 17 46
15 16 41
10 14 42
4 8 40
5 8 21
0 5 10
21 2 3
11 14 7
23 1 27
6 10 6
7 10 2
23 3 29
17 21 38
19 23 13
0 5 15
17 20 47
14 17 33
19 23 19
13 16 4
18 21 27
8 12 42
12 16 16
6 7 23
1 3 12
11 13 36
6 10 20
3 6 5
10 14 41
1 2 46
7 10 3
8 10 10
16 19 26
22 3 18
21 23 7
23 1 41
23 4 37
8 10 20
1 4 19
10 12 18
6 10 1
14 16 39
5 8 30
14 16 6
8 12 32
6 9 48
8 11 8
15 17 2
9 13 10
3 4 43
1 4 16
21 23 19
17 21 12
8 11 47
7 10 24
14 16 44
8 11 29
19 23 1
13 16 14
17 19 13
8 10 21
12 13 26
17 21 22
9 13 48
2 5 21
14 18 1
2 7 15
18 20 34
15 18 46
4 8 35
12 16 46
10 12 20
19 22 37
16 18 46
21 23 2
6 10 31
7 11 6
0 3 47
19 21 17
12 14 16
17 22 29
20 22 27
23 0 39
11 13 3
1 3 26
13 16 1
23 2 28
0 2 27
17 21 21
18 21 3
19 20 44
20 0 31
12 14 24
5 9 13
1 3 4
7 11 8
23 1 10
11 14 48
8 11 15
1 2 11
14 18 44
11 13 47
19 20 44
15 18 36
16 21 39
22 0 11
5 8 44
19 23 7
1 4 41
2 5 40
8 13 46
5 10 20
1 4 28
19 22 13
0 3 25
10 13 42
5 10 23
11 12 13
0 4 27
7 8 17
0 4 48
6 11 12
11 14 16
22 0 14
7 11 19
18 22 13
1 3 9
1 4 37
5 8 23
13 17 2
14 14 19
1 3 27
7 11 14
4 6 37
3 5 7
20 22 46
6 9 19
9 12 13
21 2 15
18 20 8
12 14 23
5 7 21
10 13 13
4 6 12
1 4 41
16 19 5
21 0 8
7 9 34
17 22 9
7 11 8
1 6 26
6 8 30
13 16 34
23 2 10
12 14 41
3 5 45
13 17 3
11 14 19
9 12 46
19 22 31
19 20 4
7 9 39
16 20 39
9 13 15
1 5 47
20 23 43
15 18 26
17 20 12
7 11 41
1 4 35
6 10 39
18 21 39
0 4 43
10 14 34
3 5 13
18 22 37
20 22 5
11 14 11
9 11 41
17 20 7
11 13 40
21 0 29
12 16 4
0 3 40
2 3 28
21 1 47
5 7 12
10 14 20
16 20 41
10 13 5
4 6 35
12 16 17
20 1 17
7 8 12
19 23 25
0 3 39
8 11 18
14 18 2
10 12 35
4 7 10
20 23 39
12 16 10
1 3 28
7 9 23
1 3 3
4 8 41
2 6 24
9 13 34
13 16 47
21 22 46
10 13 43
22 1 28
8 11 41
20 22 18
23 2 27
11 13 7
14 18 10
9 13 26
14 16 33
12 15 26
5 9 33
1 4 47
22 0 1
12 16 32
3 4 15
0 4 47
4 5 5
1 4 16
16 21 2
16 18 44
11 14 32
0 4 40
1 4 3
13 17 2
0 3 43
10 15 15
19 23 20
2 5 19
12 14 29
10 14 4
21 0 8
23 2 44
5 10 20
3 6 13
14 17 23
6 9 17
7 8 22
1 4 7
0 2 21
18 22 6
11 12 9
17 20 44
23 5 36
2 5 47
3 6 42
17 19 47
2 7 42
15 18 23
0 3 37
11 15 40
13 16 42
3 7 39
12 14 23
19 21 11
16 19 10
0 3 27
4 7 16
23 4 9
17 21 8
18 20 45
3 5 45
22 1 8
3 5 13
18 19 23
7 8 33
20 0 42
7 10 27
15 19 11
1 5 1
7 11 22
4 8 15
17 21 9
0 5 7
0 3 28
4 7 2
11 13 10
17 20 45
8 10 22
19 22 42
15 19 43
9 12 22
9 12 16
14 18 26
18 20 15
2 4 27
18 21 34
3 5 32
14 17 42
8 11 43
0 4 31
15 19 42
13 16 11
15 18 45
11 13 39
9 12 9
18 22 15
14 17 24
8 11 34
8 11 20
7 10 27
16 19 12
15 17 22
19 21 42
2 5 37
15 17 7
16 20 43
23 3 30
11 15 46
13 15 37
0 2 8
10 12 6
14 17 46
23 1 34
5 6 43
7 10 21
22 1 9
19 20 30
21 0 29
13 17 31
20 23 12
19 21 30
10 12 7
13 16 15
21 0 36
1 2 46
15 16 33
4 6 32
14 18 1
3 6 29
2 3 2
16 20 24
12 16 38
7 11 1
4 6 13
3 6 24
11 14 38
15 15 9
13 17 30
5 8 6
11 12 32
20 23 13
15 16 42
22 1 3
22 1 24
2 5 21
13 16 48
10 14 6
20 23 9
23 3 25
15 19 10
21 22 17
20 0 4
15 18 32
8 13 45
11 14 19
1 3 6
17 19 7
6 8 2
21 2 3
5 11 6
23 1 31
9 13 42
7 10 37
17 21 29
17 20 48
4 8 13
19 23 2
7 10 44
6 10 39
18 21 22
11 13 2
7 8 11
1 3 25
10 15 41
21 1 40
5 9 21
16 18 45
17 19 22
23 2 1
17 20 19
13 15 44
9 11 24
8 11 42
21 0 14
3 6 29
4 6 26
5 8 30
5 8 24
4 7 2
17 20 34
17 21 3
18 22 28
23 4 47
11 12 48
8 11 37
19 21 3
5 9 15
10 15 28
21 1 33
16 19 46
22 0 5
23 1 26
14 18 47
3 5 39
18 21 13
8 11 6
12 14 4
17 20 21
4 8 40
6 8 3
19 22 17
15 18 30
0 3 19
5 8 31
1 3 35
14 17 28
15 18 42
1 4 33
5 6 21
14 18 22
15 19 41
11 14 46
14 18 5
1 4 43
9 12 39
1 4 35
19 22 41
14 16 16
23 1 45
21 0 19
14 17 46
4 5 15
7 10 25
0 4 37
6 10 10
12 16 35
15 16 7
15 19 5
15 17 45
20 0 25
11 14 37
22 2 16
18 21 47
5 9 34
15 17 27
17 20 24
13 15 2
3 4 2
21 22 26
0 3 26
18 21 21
10 11 7
12 16 13
22 0 32
7 8 48
2 6 18
6 11 3
10 12 44
10 14 34
13 16 21
19 22 5
7 9 21
7 10 4
21 0 9
6 10 18
23 2 37
11 14 8
6 9 28
15 18 30
13 16 44
9 12 12
5 8 38
20 23 34
10 13 13
4 8 22
22 1 17
9 12 45
16 18 35
17 21 36
6 9 14
15 18 6
16 18 11
12 14 29
0 2 11
14 15 34
14 16 29
5 8 33
16 18 20
18 20 2
10 11 4
23 4 39
4 7 14
14 17 32
23 3 26
14 17 11
5 9 46
18 22 10
22 23 29
9 13 32
16 19 28
5 9 3
23 1 14
2 5 47
19 21 31
19 21 17
9 12 17
23 1 5
21 0 12
16 19 25
7 11 22
16 19 43
6 8 25
5 7 38
10 12 24
17 20 7
10 13 33
12 15 7
18 22 29
10 13 39
14 18 47
23 0 18
13 17 3
5 8 25
15 17 11
6 9 15
11 15 36
15 19 25
0 4 5
12 14 2
5 8 12
20 22 45
6 8 30
1 4 40
20 22 4
6 8 34
4 6 30
16 19 44
2 4 41
4 5 28
8 10 11
7 10 47
10 14 21
11 14 39
3 6 14
17 20 43
17 20 34
14 16 1
6 9 9
21 0 41
12 14 23
6 9 34
14 19 45
8 9 22
0 4 35
4 9 34
14 17 16
20 0 43
1 4 9
0 3 26
19 21 20
22 0 10
11 15 8
19 21 43
19 21 20
10 12 15
12 17 10
14 17 8
11 15 31
5 8 10
13 16 22
16 21 25
16 18 29
8 10 45
15 18 46
10 13 36
2 4 18
12 15 36
12 16 3
10 13 21
15 18 1
14 17 44
14 17 23
9 12 19
22 0 22
10 12 13
0 4 7
16 19 24
10 13 16
9 11 9
9 12 35
14 19 43
17 19 8
7 10 7
14 17 11
22 23 40
7 10 34
17 19 13
3 5 42
19 23 6
7 10 46
2 5 34
12 14 18
2 4 24
19 22 38
15 16 9
16 19 19
5 9 40
8 11 9
22 0 41
18 20 1
1 4 10
4 6 42
9 12 32
10 14 3
4 7 37
20 22 22
12 14 20
22 1 26
0 3 12
11 13 12
14 16 30
3 8 44
3 7 16
14 18 1
6 8 41
11 13 44
9 13 33
3 6 12
3 6 23
11 13 2
7 9 48
13 15 13
4 6 47
0 3 31
6 8 37
9 10 4
17 22 36
10 13 16
23 1 12
3 6 39
16 21 30
20 23 12
16 20 20
1 4 23
22 2 10
1 6 24
11 15 18
15 15 24
2 4 19
5 10 11
12 15 9
6 7 2
9 13 11
6 9 37
15 17 24
8 12 26
0 1 35
15 19 44
22 1 36
14 16 1
18 22 37
12 15 16
17 19 37
10 12 34
20 23 38
19 21 13
18 21 39
7 10 48
8 11 6
15 18 31
0 2 5
23 2 30
23 2 36
2 6 1
0 3 5
9 11 26
5 8 47
12 15 6
1 4 43
13 17 8
8 10 14
1 4 42
8 11 5
21 0 21
14 17 13
14 15 17
20 23 5
22 0 34
16 20 27
21 1 32
9 10 23
16 19 28
19 20 37
23 1 24
7 9 37
14 16 20
2 6 27
18 20 43
17 21 43
2 5 23
1 4 16
2 6 41
2 6 13
9 14 41
6 8 46
22 3 36
23 1 11
1 4 14
16 19 19
3 6 1
17 21 23
1 4 19
0 2 11
15 19 16
10 13 42
19 22 46
16 19 20
5 10 15
19 23 11
3 8 15
7 9 36
20 0 20
15 17 10
5 9 19
22 1 32
13 15 1
11 14 39
14 18 33
18 21 13
12 15 12
20 22 46
15 18 32
0 4 45
3 6 16
18 19 14
10 13 33
19 19 10
11 14 39
0 3 12
9 12 1
20 21 7
20 1 23
23 2 36
9 13 17
19 23 37
16 20 8
9 11 39
9 13 29
1 3 45
3 6 20
7 9 41
1 4 1
17 21 21
7 10 17
9 12 37
17 20 30
18 21 6
10 12 46
3 7 8
4 6 5
3 7 21
3 6 17
10 12 45
14 16 45
3 6 37
21 0 36
23 2 11
0 2 12
18 20 40
13 16 19
7 11 22
18 22 16
3 6 33
6 9 38
8 12 48
9 12 17
9 12 46
22 2 37
12 13 24
5 8 13
9 11 44
22 23 28
11 13 28
16 19 45
14 17 40
0 3 39
22 0 32
5 8 39
13 16 41
0 3 31
23 3 3
7 10 11
2 4 38
1 5 46
3 6 48
0 4 32
8 12 9
8 10 27
12 13 37
9 14 30
12 15 24
17 20 38
11 14 11
8 12 31
21 0 3
14 16 27
18 21 28
22 2 42
7 10 11
8 10 42
21 23 8
9 12 16
9 12 42
11 15 9
13 15 48
7 9 37
1 5 45
7 10 32
4 6 39
22 2 44
4 8 40
16 18 9
22 3 31
15 18 33
0 3 39
5 6 27
16 17 15
2 4 9
23 1 44
7 9 33
11 15 10
3 5 30
11 15 34
3 5 21
18 22 21
19 21 6
3 5 37
21 1 48
23 3 4
21 22 9
0 4 22
21 23 30
21 1 12
1 2 22
22 2 37
4 7 3
6 10 42
12 14 5
14 18 42
11 16 44
5 10 34
20 21 26
11 14 18
17 18 11
4 6 15
5 9 16
5 7 1
11 13 23
8 11 34
5 9 39
17 19 16
23 1 47
9 11 1
21 0 18
21 0 4
19 22 25
20 1 36
15 19 8
7 10 30
23 3 47
8 10 26
15 17 18
14 17 17
21 0 22
4 8 26
23 2 43
10 12 44
7 11 22
9 12 7
8 11 42
2 5 11
5 7 47
6 9 44
18 21 10
15 19 30
18 21 22
11 14 5
21 23 26
0 4 47
6 10 22
8 10 28
18 21 18
23 2 40
20 23 32
7 11 36
0 3 25
12 13 20
16 20 3
7 10 31
15 18 3
15 20 25
4 8 13
19 22 7
8 11 3
10 12 18
21 21 4
11 14 42
2 3 10
23 1 4
17 19 23
17 21 15
9 11 18
11 13 21
8 11 8
3 5 24
2 5 30
13 16 35
14 16 21
12 16 33
17 21 40
4 6 43
11 14 31
4 8 20
14 18 15
17 21 11
11 11 10
23 2 40
2 4 3
7 9 42
14 17 15
14 17 10
6 7 39
6 10 33
15 17 13
22 0 37
16 19 12
14 18 31
23 2 3
4 7 29
20 23 4
11 13 37
10 13 12
15 16 8
21 0 35
2 6 42
6 8 31
3 7 37
2 7 30
20 22 42
12 15 14
5 8 34
20 23 35
18 20 19
10 14 36
6 9 35
6 7 17
6 8 10
17 22 41
11 15 22
22 0 47
4 7 44
12 16 4
18 22 36
3 5 16
2 5 42
10 14 2
20 23 23
11 16 19
9 11 7
0 3 41
9 12 33
5 9 28
1 6 36
19 23 15
11 13 19
5 7 42
20 23 10
12 16 26
10 13 21
9 11 13
3 6 4
21 0 14
19 22 1
10 12 1
15 18 40
2 6 33
6 7 6
21 0 28
20 22 41
8 10 5
16 20 24
0 3 28
15 19 21
1 5 48
6 9 38
1 5 36
12 14 44
1 3 29
4 8 35
10 13 12
17 18 22
14 14 40
4 8 31
23 3 30
3 6 22
20 23 22
3 8 21
23 2 48
18 21 1
18 22 10
18 21 8
17 21 22
21 0 10
17 21 22
9 11 17
2 5 30
5 8 30
14 19 11
7 11 47
19 22 4
16 19 25
8 11 8
3 7 33
17 20 2
10 12 47
2 5 24
1 4 28
19 23 23
1 3 41
4 7 15
13 17 26
18 19 24
3 5 37
6 8 6
10 14 43
12 16 38
15 17 39
10 14 44
23 2 26
22 1 43
18 21 14
3 6 7
14 17 32
17 20 11
21 1 48
6 10 38
13 16 15
17 21 10
17 19 26
6 9 42
1 4 10
17 20 6
4 8 2
13 16 38
13 15 20
5 7 39
17 21 38
8 12 30
0 3 19
21 1 15
9 13 30
19 21 12
3 7 35
16 19 45
8 13 4
22 0 8
22 1 32
23 1 25
13 17 12
1 3 27
10 12 43
3 4 12
11 14 36
22 1 43
17 20 31
22 1 21
19 22 3
17 19 13
21 0 18
14 15 29
9 11 38
18 20 27
3 7 31
6 11 28
0 2 6
16 20 27
20 0 39
4 7 30
22 4 2
5 7 41
2 4 22
16 17 20
20 22 19
3 5 11
21 1 25
15 17 23
14 16 46
12 16 42
22 2 5
16 18 46
8 10 40
6 11 35
3 6 24
3 6 5
1 1 47
23 3 39
0 3 16
1 5 29
10 13 7
21 1 24
8 11 34
2 5 24
15 19 33
0 4 21
10 14 6
1 3 30
23 2 48
3 6 36
11 15 14
11 14 33
11 14 25
9 13 32
16 20 4
18 21 45
6 9 4
1 2 11
18 20 9
16 19 26
0 3 18
14 17 16
13 17 15
8 10 16
14 16 46
21 0 36
14 16 3
6 9 27
21 2 21
12 16 26
2 5 35
11 14 18
3 7 44
4 7 1
16 20 28
12 14 42
13 18 48
19 22 9
0 3 46
12 14 38
13 16 48
22 2 36
19 22 16
0 3 46
14 18 3
0 3 25
20 22 13
12 15 24
22 0 10
2 3 21
10 14 28
23 2 38
10 13 29
13 17 44
21 23 33
5 6 23
7 11 44
16 17 48
4 7 36
18 22 32
14 18 32
15 18 14
3 6 34
4 8 19
12 15 24
19 21 2
17 21 5
14 17 43
18 21 29
15 18 4
9 12 47
10 13 36
5 7 34
5 11 1
9 11 2
9 13 5
23 3 6
17 19 36
9 11 47
23 4 48
23 3 18
12 16 48
17 21 18
9 12 24
13 15 32
3 7 48
9 11 32
9 11 3
12 16 10
3 6 23
2 4 15
19 23 9
2 3 30
3 5 40
12 15 35
18 21 39
13 16 34
14 17 35
21 21 19
6 10 18
20 0 8
21 1 43
10 13 7
10 13 31
0 5 24
10 13 38
22 1 11
20 22 14
0 3 5
9 10 17
15 18 45
21 0 25
9 13 15
21 23 40
7 10 18
22 2 28
12 15 16
18 21 39
7 11 45
1 3 36
14 16 35
15 18 31
22 1 24
17 20 29
9 12 48
9 13 3
13 14 46
15 17 6
15 19 12
16 19 14
13 14 6
0 2 40
9 11 47
21 23 43
3 7 16
21 0 48
19 23 18
7 10 46
21 0 39
14 19 40
2 3 21
10 16 11
8 11 25
4 7 44
7 9 39
5 6 41
17 20 20
14 17 5
0 3 41
13 16 38
19 22 41
14 18 16
7 10 18
19 21 38
16 19 27
11 13 42
23 2 25
22 3 25
7 9 13
17 20 44
6 9 37
11 14 39
2 6 10
8 10 38
17 20 26
1 3 33
9 11 9
2 3 38
22 2 11
14 17 17
20 23 18
2 7 45
21 0 10
5 7 30
7 10 5
15 18 2
16 19 19
3 6 30
18 22 23
3 5 25
3 7 21
2 6 18
5 9 42
4 8 26
12 17 27
22 0 48
2 5 7
12 16 11
19 22 39
18 21 15
13 15 28
14 16 9
15 19 29
17 18 24
18 22 14
5 10 32
0 4 33
2 5 44
9 12 31
12 14 26
6 8 33
23 2 10
2 5 37
14 16 23
10 14 10
13 15 40
14 17 21
13 16 12
17 19 1
18 20 9
22 1 41
12 13 26
3 6 32
7 11 31
20 23 29
4 6 10
20 0 18
6 9 14
14 18 13
20 23 27
3 5 36
13 17 42
7 10 7
4 10 25
17 22 27
23 0 47
10 12 28
10 13 43
17 20 10
3 5 22
12 17 11
11 15 29
20 1 2
13 14 10
11 13 41
9 11 3
8 12 47
4 7 11
18 20 11
8 10 10
22 1 1
4 7 28
22 1 40
21 23 35
19 22 2
16 18 12
14 16 20
6 10 16
4 9 45
15 18 5
10 13 9
16 19 42
0 3 33
1 0 24
8 9 20
13 16 17
10 13 16
12 15 36
2 6 26
10 13 1
1 4 46
22 2 5
6 8 33
18 22 34
6 8 37
11 14 2
20 21 25
0 3 41
7 11 4
2 6 45
1 3 19
3 4 27
6 9 10
3 7 34
3 6 25
23 1 47
23 0 38
15 19 45
7 10 10
1 4 18
1 7 19
19 23 39
5 8 46
16 19 16
14 17 35
18 23 18
8 12 4
6 11 29
5 8 42
14 16 12
10 13 10
0 4 35
7 11 48
15 19 29
8 12 33
20 23 12
10 15 9
10 12 23
23 2 1
15 19 13
23 2 17
3 7 44
11 14 36
22 2 19
17 20 12
20 1 1
9 12 42
11 15 31
15 18 17
10 12 12
10 14 41
7 11 18
12 15 40
19 23 43
13 14 19
6 8 28
5 7 15
17 19 27
16 19 24
7 11 38
2 4 30
18 21 37
2 4 27
23 3 23
18 21 34
1 4 19
7 9 24
10 12 35
9 12 8
14 16 30
0 2 14
7 10 12
14 16 10
7 9 26
12 15 14
5 6 18
2 4 32
9 11 28
5 6 7
19 21 7
9 13 16
6 9 38
8 13 34
8 11 43
21 23 9
8 12 24
0 2 41
3 7 42
23 3 12
0 3 29
18 21 27
0 3 29
9 12 34
10 13 27
20 0 28
18 22 33
4 5 29
10 11 42
15 20 3
6 9 2
13 14 27
4 7 47
20 23 6
0 3 14
14 19 33
22 0 4
12 16 28
8 10 11
11 15 12
7 9 11
6 9 5
19 21 34
4 6 18
20 23 2
3 4 34
1 4 3
15 16 18
23 3 33
15 18 22
19 23 9
11 16 4
21 1 43
21 0 44
11 14 9
15 19 29
20 23 32
0 3 30
8 13 4
5 8 44
11 16 36
15 17 48
10 14 34
14 16 40
10 13 31
21 1 45
20 23 33
2 5 13
11 14 12
4 7 42
17 20 34
13 16 12
8 10 19
17 20 34
22 1 47
19 22 48
2 6 26
3 6 46
3 6 15
23 1 2
6 8 21
10 12 23
1 4 26
23 2 38
1 6 34
12 16 31
20 22 34
3 6 16
22 0 46
3 6 25
12 15 22
7 9 2
0 2 5
9 12 27
11 12 14
16 19 39
18 22 16
12 16 44
11 14 19
23 2 14
10 13 36
2 6 21
23 4 31
19 21 10
9 10 19
13 17 14
6 8 34
0 3 43
8 10 26
17 20 23
1 6 23
14 19 38
19 22 41
17 20 19
5 9 7
8 11 32
14 19 18
3 7 13
3 6 31
7 10 6
5 9 13
4 8 23
19 21 16
7 9 5
6 9 47
14 16 7
16 19 23
16 21 32
4 7 9
21 23 6
13 15 19
10 14 47
14 18 15
23 1 18
18 22 15
12 14 34
8 11 6
4 7 11
23 2 41
22 1 10
0 3 12
16 17 3
21 1 12
6 9 18
18 21 28
3 6 12
3 5 27
7 9 26
6 10 35
12 14 11
8 12 14
22 2 12
20 22 42
5 7 41
3 5 46
20 1 15
19 0 1
19 21 32
19 0 24
3 7 42
3 7 13
20 23 35
18 20 42
18 20 16
20 0 13
3 6 35
23 2 35
22 1 21
13 17 47
2 6 27
19 22 18
18 20 27
13 16 35
15 19 44
13 16 1
21 23 36
11 14 3
14 16 10
7 11 30
11 13 23
4 7 40
3 6 4
5 9 19
8 11 4
1 3 40
0 3 43
22 0 43
20 22 17
5 8 21
21 1 5
3 5 43
10 13 22
4 9 17
19 20 43
13 15 33
18 20 36
8 12 19
15 18 15
8 9 46
8 11 38
11 13 4
9 12 26
19 22 1
1 5 27
15 20 24
12 15 2
19 22 33
7 11 26
22 2 2
12 15 13
19 0 11
18 21 4
22 1 16
9 11 38
2 5 12
4 8 43
4 7 38
16 19 12
21 23 41
5 9 26
8 11 19
13 16 15
5 8 36
23 2 9
11 15 10
22 2 18
13 15 9
20 23 19
20 23 5
22 23 18
1 5 37
20 0 40
5 7 36
23 2 36
9 10 20
0 4 41
9 11 42
22 0 2
19 22 19
19 21 8
14 17 34
17 21 32
19 20 28
8 9 2
10 12 39
13 18 21
19 22 37
9 12 36
11 14 6
20 0 22
7 11 2
6 9 25
1 4 41
15 18 24
1 5 13
14 18 26
8 14 41
23 3 20
21 1 4
11 14 13
6 10 29
1 5 15
13 17 44
8 10 34
9 12 14
4 7 23
0 4 30
11 14 42
20 23 30
3 8 33
14 17 31
1 1 31
13 16 42
6 9 30
22 0 42
23 3 9
15 19 45
22 0 33
11 15 23
17 20 6
19 21 12
14 18 39
22 2 45
22 3 39
2 4 40
18 20 15
6 7 7
13 17 45
1 5 11
0 3 11
1 6 29
10 13 13
16 20 13
22 1 35
11 15 35
10 13 33
6 9 44
13 15 36
0 3 5
14 19 27
0 2 27
17 18 24
23 1 36
21 0 11
4 8 32
21 23 27
11 13 11
20 0 7
17 20 33
13 16 9
13 15 33
20 23 32
9 11 19
2 5 26
3 4 47
19 21 48
17 21 11
8 10 42
21 2 39
7 11 27
16 20 22
7 8 19
12 15 25
7 9 5
12 16 32
0 4 33
17 20 32
7 7 43
10 15 45
8 10 42
5 8 13
0 3 10
9 12 43
12 15 48
5 9 35
21 0 35
6 8 30
0 2 8
3 6 27
21 0 27
8 10 22
23 2 14
19 23 18
16 20 31
7 9 44
17 19 42
8 10 17
21 0 13
9 13 45
22 0 39
11 15 45
14 15 31
11 13 40
6 10 19
10 13 19
8 10 17
23 1 14
19 22 39
16 18 41
18 21 25
9 13 44
0 2 37
7 11 19
19 22 46
9 13 18
21 2 35
1 5 6
12 14 26
23 3 1
1 4 34
4 9 36
5 10 35
2 4 47
6 9 30
12 16 5
17 20 38
16 18 17
5 9 31
13 15 13
10 14 24
1 4 32
6 9 36
5 10 41
17 19 43
23 1 21
13 16 13
2 5 32
22 1 40
8 12 46
14 18 20
6 11 25
21 0 17
5 7 39
17 21 32
4 7 19
16 18 9
21 0 46
13 16 9
6 9 5
22 1 11
3 5 19
4 5 35
21 0 35
17 19 30
16 18 33
9 12 42
15 16 3
0 5 43
18 21 48
6 9 4
22 2 20
2 6 7
18 22 32
11 15 11
22 1 32
17 21 40
19 22 45
20 22 40
4 8 14
14 17 18
11 15 20
1 6 48
1 4 36
13 17 33
9 13 34
12 14 4
23 2 31
14 18 28
14 16 4
11 13 3
11 13 31
4 7 12
16 17 14
18 21 40
8 10 39
0 3 30
6 10 3
16 19 37
15 17 5
3 5 39
8 12 2
19 21 27
2 6 8
3 6 45
3 6 21
12 16 2
10 13 43
12 15 29
14 19 2
16 19 12
22 23 16
9 12 36
18 21 19
15 16 2
2 4 20
12 14 35
22 0 5
16 18 16
4 7 24
19 23 46
20 23 38
2 5 25
7 9 9
20 22 47
5 7 34
0 2 5
18 20 30
23 3 19
20 22 33
17 18 14
11 13 39
3 6 30
12 16 20
13 17 23
16 19 17
10 15 30
12 15 12
20 23 10
7 11 31
22 3 38
12 17 26
5 6 28
20 0 7
3 5 32
7 11 40
18 22 22
5 8 15
18 22 45
20 0 28
3 6 7
8 12 13
13 14 44
12 15 21
20 23 16
6 8 22
17 21 32
8 13 25
11 14 22
15 17 39
2 5 24
3 6 2
10 14 27
7 10 32
7 10 12
22 1 38
10 14 26
14 16 4
6 9 12
23 3 7
16 18 40
16 21 33
22 2 33
12 15 17
16 17 34
23 1 46
23 2 38
3 6 4
18 19 32
0 4 29
9 12 16
14 15 16
9 13 40
22 2 33
19 23 2
22 23 43
0 3 39
23 2 43
0 3 5
17 20 44
23 2 1
14 17 4
21 0 41
11 14 48
18 21 25
18 20 12
23 2 48
0 2 10
8 10 32
13 15 24
15 18 39
15 17 26
3 6 43
23 2 21
21 1 16
6 10 17
14 16 28
11 13 4
19 20 25
9 13 36
13 15 23
20 23 19
5 10 14
13 16 7
21 1 15
2 5 6
1 6 22
5 9 18
3 7 45
7 10 17
9 10 20
5 7 34
12 14 36
9 13 45
0 3 41
11 14 34
22 0 19
10 13 13
22 1 22
12 14 10
20 21 2
20 23 30
7 8 22
2 4 5
15 17 34
19 23 4
20 23 10
7 11 26
2 4 1
15 17 29
8 13 44
2 6 46
10 12 42
1 4 23
4 8 32
8 11 15
20 0 29
5 8 11
17 19 21
3 6 48
15 18 4
6 11 26
2 5 28
19 21 21
8 10 28
12 15 32
4 7 32
8 12 12
1 5 4
9 12 40
12 16 29
6 9 43
13 16 30
18 22 23
5 7 11
9 11 20
17 21 9
5 7 19
20 22 27
21 0 6
11 13 34
2 4 21
9 14 20
11 14 2
21 1 23
21 2 17
3 4 26
11 14 20
2 6 36
6 9 20
3 8 37
5 9 11
8 10 42
17 21 5
11 13 19
12 13 29
15 17 27
16 20 10
6 9 19
17 21 35
17 20 30
3 8 47
21 1 37
12 15 7
19 23 32
22 1 26
18 22 7
23 1 45
14 15 46
8 10 34
10 12 14
1 3 42
4 8 29
4 8 20
8 11 18
1 4 27
16 20 3
19 22 16
23 2 13
18 20 10
16 19 21
21 0 20
9 12 48
1 6 5
0 4 32
14 18 22
9 12 31
9 11 22
1 5 29
2 6 10
2 3 7
23 2 46
10 11 17
8 10 7
15 17 19
16 19 10
11 14 33
3 5 44
8 11 27
2 5 44
11 14 14
20 22 46
23 3 27
20 23 16
7 10 11
5 8 39
5 7 38
11 15 20
4 9 45
19 22 36
21 1 37
3 7 17
10 14 29
1 5 2
8 10 10
18 22 46
2 5 26
12 15 15
6 7 33
13 15 9
15 17 29
6 9 1
9 11 37
20 23 29
14 17 48
23 3 20
1 4 38
11 15 16
2 7 42
19 23 48
7 10 43
4 8 19
23 2 39
11 13 16
8 12 45
14 15 18
15 18 24
23 2 38
21 2 1
7 11 24
12 15 47
0 3 38
19 22 28
11 12 18
8 13 27
23 2 2
11 13 17
10 14 30
3 6 16
17 19 41
9 11 40
2 5 20
6 9 5
15 17 14
22 0 10
19 21 35
19 22 38
13 16 15
19 22 11
19 21 39
14 15 2
19 0 35
1 5 27
5 8 16
22 1 43
4 7 18
6 8 36
15 19 6
14 16 19
12 16 15
7 12 1
22 1 4
3 6 21
7 10 11
6 10 30
7 9 43
2 4 19
6 7 47
6 9 45
10 14 5
5 9 23
2 4 17
20 23 48
7 11 29
10 11 33
7 11 9
9 12 8
19 21 4
9 11 20
4 6 47
5 8 40
20 21 19
19 21 36
23 0 24
9 13 39
0 3 33
18 22 22
2 4 36
1 5 28
20 23 48
10 10 14
1 3 27
4 7 30
23 3 16
22 0 35
15 18 8
6 10 34
16 18 30
8 11 31
11 15 12
11 14 32
14 17 10
22 2 9
7 10 27
10 14 2
10 11 28
11 15 39
16 17 16
5 8 34
1 3 17
22 23 1
6 9 22
6 7 20
19 21 44
7 11 3
7 12 21
13 15 32
16 20 26
22 1 35
12 13 32
0 4 3
21 23 33
3 6 38
9 11 48
22 0 33
16 19 26
9 12 37
4 8 29
21 1 22
23 2 48
7 10 35
3 5 47
4 7 1
14 17 6
23 2 46
6 9 6
18 21 35
18 23 46
16 19 15
14 17 7
22 1 42
10 14 7
17 21 48
21 23 17
18 22 39
13 16 11
6 8 5
3 8 11
1 5 9
5 8 24
13 15 2
4 6 17
9 11 6
16 18 38
11 13 33
2 7 11
9 11 48
10 13 17
18 20 25
19 0 2
13 15 14
6 9 34
20 0 36
15 17 31
14 17 16
17 21 8
6 11 31
13 17 14
18 22 35
23 1 12
9 13 2
6 8 36
15 17 20
10 14 48
15 18 35
0 4 19
4 4 22
1 3 31
17 20 18
8 10 38
18 21 36
10 15 6
10 13 31
4 7 19
15 18 26
19 22 24
1 4 24
10 11 39
13 17 24
21 23 43
20 0 8
7 10 2
7 9 42
21 1 47
0 4 44
3 7 13
8 11 48
10 13 22
10 13 44
16 19 35
20 23 19
2 6 3
22 23 1
7 10 35
11 12 24
11 16 34
5 7 35
23 3 27
15 19 9
0 5 41
3 6 38
17 19 37
3 6 39
16 18 45
5 6 26
5 7 8
12 15 43
22 4 41
12 16 37
6 10 6
23 5 33
5 8 32
4 9 12
13 15 14
12 16 6
6 9 30
23 2 11
20 0 28
8 11 20
19 0 43
9 11 16
19 21 35
5 9 13
20 23 43
11 15 16
17 20 48
23 0 5
4 7 27
20 0 3
11 14 41
10 12 47
4 6 32
6 8 30
6 9 24
12 16 14
15 18 16
1 3 6
7 12 10
10 12 10
11 13 34
0 2 18
2 4 25
19 22 19
20 22 7
14 16 39
11 13 13
17 22 47
12 15 3
3 5 44
6 7 24
6 9 43
7 10 48
17 20 1
3 7 48
7 10 44
4 7 9
16 19 12
7 9 2
21 0 28
19 21 47
3 6 20
1 5 9
19 23 42
0 2 19
13 16 16
19 21 14
12 16 32
6 9 44
1 4 12
10 13 33
19 23 21
22 23 18
3 7 38
13 16 29
11 14 34
2 5 33
17 20 25
8 10 45
6 10 30
14 17 32
14 18 17
1 5 25
3 6 17
16 19 45
13 16 37
20 23 10
17 20 5
20 23 10
16 19 21
22 0 20
4 8 35
19 22 46
19 23 14
0 4 17
17 20 33
18 21 35
7 10 46
2 5 41
12 15 40
1 3 6
16 19 23
4 6 13
19 20 16
19 21 6
0 3 44
1 3 29
16 21 5
22 1 22
21 23 43
21 0 44
7 11 40
13 16 8
12 15 48
15 19 17
13 16 40
5 8 48
21 0 22
10 12 32
14 17 42
0 4 13
2 3 46
1 5 5
10 12 29
5 8 46
23 2 30
20 23 13
3 5 24
5 7 17
23 0 7
22 1 44
3 7 15
22 0 12
6 10 29
1 5 26
3 7 37
8 11 19
2 6 23
21 0 10
15 18 28
3 7 18
13 16 48
16 18 41
16 19 1
0 2 46
16 19 48
11 16 7
9 12 6
23 2 34
10 13 22
11 15 30
22 2 27
15 17 39
5 8 46
22 1 42
11 15 3
23 2 25
15 19 7
2 4 3
9 11 8
7 9 1
9 10 5
17 18 17
2 5 3
8 10 36
18 20 2
11 14 21
17 20 40
19 22 6
3 5 24
14 18 4
7 10 16
15 17 32
20 23 8
20 21 1
14 17 34
11 14 13
0 3 9
1 4 9
6 9 1
18 20 43
18 21 24
16 19 33
0 3 38
5 6 33
10 13 19
13 13 8
8 11 41
9 12 23
13 16 30
11 12 24
3 6 21
4 6 5
8 11 1
13 17 10
14 16 22
10 11 20
8 10 23
21 1 35
17 19 8
15 17 16
19 22 9
21 0 40
18 23 39
22 0 8
2 5 41
22 2 15
11 14 19
20 22 23
2 5 4
21 0 37
13 15 30
13 16 48
22 2 47
4 7 25
2 5 19
11 13 11
1 4 32
15 18 18
12 17 43
8 12 5
10 13 27
10 12 5
10 13 1
14 17 15
11 13 23
19 23 44
4 7 24
8 12 8
2 4 44
18 22 3
9 13 29
16 17 6
6 9 15
2 3 24
14 18 19
2 6 32
5 8 13
1 3 35
20 1 34
2 5 5
12 15 39
16 18 43
0 3 5
12 15 6
23 2 27
15 17 22
22 0 11
15 20 38
0 4 24
23 2 19
13 15 47
15 19 42
11 17 20
22 2 36
23 3 25
16 19 13
21 23 1
12 16 24
15 17 4
14 17 40
2 6 12
14 19 1
14 18 4
21 23 7
21 1 41
1 3 38
18 20 17
10 13 40
5 9 17
21 0 34
5 8 18
18 22 1
20 23 14
5 8 12
2 4 21
8 12 40
9 12 47
15 18 42
21 23 11
0 4 11
17 20 10
6 10 12
6 8 42
21 2 2
5 8 40
19 23 19
5 8 38
4 8 2
20 23 18
22 0 18
13 15 24
11 16 43
4 8 9
20 23 22
5 9 32
15 18 18
12 13 46
2 6 36
18 22 44
7 9 43
10 14 45
13 14 20
17 19 13
10 13 28
16 18 24
15 17 36
11 16 20
16 19 48
1 5 2
3 6 12
6 7 46
6 12 15
10 12 3
20 23 33
11 13 9
6 10 2
6 10 2
7 11 27
3 5 27
18 21 10
21 1 39
22 0 7
20 0 34
14 18 5
18 22 15
22 3 41
20 0 14
2 5 14
14 19 45
6 6 8
10 12 2
20 22 15
19 0 23
23 2 38
14 16 46
12 16 20
20 1 48
22 0 19
14 16 35
23 3 9
5 10 37
21 23 2
18 21 32
23 3 35
20 1 1
12 16 27
11 13 19
23 3 40
22 0 19
7 12 9
15 19 1
2 5 23
21 23 36
10 13 32
11 14 39
5 6 36
2 5 40
8 11 6
0 4 1
9 11 40
15 18 48
19 21 38
15 17 31
13 16 13
0 5 7
0 3 31
22 2 38
11 14 3
16 17 46
15 18 5
6 10 20
18 22 17
7 12 46
19 22 5
14 18 1
3 6 28
15 21 48
22 0 42
15 18 34
15 17 6
8 11 48
4 7 28
15 18 29
17 21 15
19 23 4
4 9 26
1 5 25
13 17 10
18 21 24
4 4 18
14 15 27
4 7 28
23 2 48
8 12 7
9 13 36
8 12 15
2 5 46
16 19 42
22 2 17
2 7 31
9 12 27
13 16 8
0 2 10
19 0 40
11 15 20
11 15 23
22 1 48
13 16 29
3 5 20
5 9 41
14 17 12
2 5 47
15 17 25
0 3 26
9 12 4
1 4 29
14 17 5
12 15 20
5 8 39
19 21 9
7 9 4
9 11 13
6 10 18
14 17 23
5 8 48
2 5 33
6 9 20
6 11 42
10 13 4
2 6 41
16 19 8
4 7 1
4 9 29
18 20 13
15 17 33
20 23 46
8 11 14
2 4 39
21 2 37
18 21 37
12 16 8
3 5 20
19 20 12
22 0 39
5 9 48
16 20 22
19 22 7
4 8 36
14 17 10
10 12 16
14 18 38
11 14 27
21 23 45
16 19 17
13 17 1
13 17 29
1 5 17
23 2 33
12 16 17
3 4 25
6 10 21
18 21 14
9 11 41
14 16 2
6 8 19
23 1 44
8 11 32
2 5 35
1 2 4
11 14 19
13 16 24
2 4 37
17 20 2
23 2 7
5 6 37
13 17 30
2 4 48
15 16 4
16 18 47
11 14 38
1 3 12
10 14 13
12 15 21
5 10 2
1 4 23
20 0 1
11 13 10
12 15 43
0 3 12
21 0 6
9 13 29
10 12 27
20 0 38
14 18 42
23 2 31
20 23 9
11 13 9
2 5 20
13 16 9
13 16 38
1 5 16
7 9 13
10 13 41
18 21 33
11 14 41
0 3 15
20 22 14
14 15 1
5 8 19
21 1 35
15 18 2
22 0 35
20 0 42
23 2 20
2 5 42
21 22 44
3 5 17
4 6 33
13 13 2
12 15 8
0 2 8
19 23 40
18 19 6
3 6 5
20 0 11
2 6 38
6 10 21
0 3 6
6 10 7
19 21 5
22 1 22
18 19 29
21 0 5
19 20 40
22 2 17
10 14 3
20 22 6
19 22 46
22 0 15
8 11 6
16 18 43
15 18 11
1 4 42
8 12 25
14 17 8
13 15 10
11 14 12
0 4 48
12 15 21
8 11 47
4 6 40
3 7 8
9 12 23
21 1 26
4 8 28
12 14 25
19 23 30
13 15 5
9 12 10
10 13 1
8 13 24
13 17 43
10 15 46
11 14 41
14 17 5
21 23 46
22 1 26
7 11 41
13 17 36
18 22 23
3 7 29
21 23 34
21 0 36
17 19 45
23 0 12
11 14 9
2 5 22
17 20 2
13 16 9
23 2 30
17 21 47
18 23 23
10 14 18
1 4 4
5 9 39
12 17 17
2 5 27
22 2 8
18 20 41
23 2 31
22 0 36
17 19 1
5 10 7
21 1 46
21 2 41
23 3 44
19 22 15
2 5 9
5 8 16
20 0 34
9 13 30
10 13 29
12 14 5
13 16 43
0 1 6
15 18 26
16 17 9
5 8 31
10 12 15
16 19 9
16 19 29
15 16 24
0 4 25
16 19 14
8 9 45
12 15 2
10 13 38
21 2 20
3 7 36
0 3 42
12 13 45
23 1 22
13 18 1
7 10 38
9 14 40
2 5 32
8 10 25
14 19 11
10 13 11
1 4 46
13 15 38
16 20 15
22 0 7
23 1 35
19 21 39
23 2 3
5 9 42
6 8 20
10 13 47
22 0 47
21 2 38
9 11 22
5 9 42
9 11 6
18 19 45
9 13 45
9 11 18
1 3 47
22 1 31
9 9 19
15 19 44
11 14 29
8 11 44
12 15 32
11 12 30
12 15 2
15 18 38
5 8 34
22 0 22
13 15 29
16 20 47
6 8 9
23 1 22
22 0 36
7 11 40
14 19 40
3 6 41
2 5 22
5 9 20
17 20 45
11 14 36
20 0 45
13 17 31
16 19 3
13 16 10
9 11 9
8 10 6
16 18 48
12 14 22
20 23 19
4 8 29
1 6 42
22 1 7
15 19 10
5 6 37
16 18 1
16 19 42
17 21 29
23 2 48
19 22 10
18 23 44
19 22 20
21 1 12
16 18 37
16 19 41
15 19 40
13 16 38
18 23 43
14 16 19
16 20 32
12 14 46
12 15 33
1 3 19
12 15 23
10 12 33
12 14 24
13 16 4
0 2 28
5 7 19
21 23 25
20 23 40
20 22 48
19 21 22
1 4 25
12 15 29
12 16 7
23 2 32
19 22 28
10 13 11
9 14 33
4 6 14
3 6 11
17 20 23
0 5 34
13 16 37
15 18 17
12 16 45
18 19 20
18 20 47
14 16 40
15 19 42
2 5 40
23 4 28
12 15 6
4 6 20
6 10 32
17 20 2
2 6 46
4 6 10
10 13 34
8 11 35
17 21 22
19 23 15
14 18 23
6 8 36
19 22 25
11 14 34
6 10 7
7 10 17
6 9 47
19 21 16
20 0 20
15 18 47
18 21 35
2 5 41
10 12 11
7 8 28
10 13 37
20 23 38
23 0 21
17 19 17
9 13 17
12 14 31
1 4 35
9 9 36
2 4 22
15 19 14
16 19 14
2 6 46
1 4 22
3 6 26
11 14 16
7 10 19
11 14 10
2 5 18
1 4 19
13 17 27
0 2 1
10 13 35
15 17 5
3 5 30
15 18 29
10 13 27
10 12 1
5 9 41
2 5 2
10 13 3
20 22 8
8 13 22
18 22 2
2 4 41
0 3 13
21 1 5
21 0 48
18 20 2
13 15 26
22 0 17
18 21 19
23 0 13
4 6 13
22 2 1
8 10 15
15 17 27
6 7 38
18 22 45
15 17 12
21 0 35
20 21 4
13 17 5
23 3 41
14 16 17
2 5 11
9 13 36
10 13 27
22 2 29
1 4 24
18 21 27
18 20 34
14 17 23
23 3 48
8 9 42
4 7 15
21 23 29
13 16 42
18 22 48
6 9 3
15 18 5
10 11 9
3 5 14
2 7 6
13 17 38
11 15 26
21 22 21
3 9 28
2 5 35
2 4 8
20 23 8
15 16 23
14 17 17
14 18 37
11 13 40
22 1 44
21 0 47
10 14 26
4 7 16
3 5 11
23 2 46
1 4 36
16 19 31
17 20 15
13 14 32
11 14 29
5 8 12
23 3 40
11 15 38
17 19 15
7 8 48
10 14 2
2 5 47
12 13 29
11 12 44
15 17 5
23 2 9
7 9 21
7 10 22
22 1 36
5 7 45
0 3 4
1 3 3
11 15 31
4 7 27
23 1 2
11 15 42
6 9 13
2 5 32
1 4 28
5 8 24
3 6 25
6 7 3
7 11 13
5 9 36
16 20 30
19 23 32
10 12 41
21 1 27
8 12 43
13 17 28
12 14 30
8 13 5
16 20 36
7 10 45
20 22 24
10 11 20
13 14 30
4 8 46
15 18 32
21 0 6
8 13 25
20 23 15
4 7 14
21 0 17
20 23 33
3 6 47
17 21 17
6 8 42
22 1 20
1 3 11
23 1 17
14 16 16
21 2 36
13 17 18
15 17 18
1 4 26
11 14 24
12 14 48
2 6 43
5 8 35
9 14 1
1 5 10
20 21 33
18 20 40
3 5 2
16 18 13
10 12 11
2 5 31
7 10 40
3 3 4
8 9 47
9 11 44
17 20 5
7 10 42
14 16 22
11 15 44
8 11 41
14 16 38
3 6 31
0 2 45
13 14 47
17 21 35
3 7 44
22 1 20
10 11 19
18 21 38
9 12 43
4 6 40
18 21 46
23 2 12
3 5 36
15 18 18
1 3 27
10 12 18
13 15 30
7 10 29
10 12 26
17 22 39
19 22 31
19 23 4
3 5 2
18 20 36
14 17 31
13 16 45
13 18 24
9 13 17
0 2 11
0 2 27
13 15 48
4 7 9
21 0 39
23 2 7
1 5 45
20 23 17
13 16 32
19 21 11
22 1 4
8 11 34
18 21 7
13 16 29
14 17 14
15 19 15
1 5 28
22 23 6
23 0 44
17 19 24
21 1 2
12 15 12
18 20 47
5 8 14
9 12 24
1 4 38
15 20 37
6 9 20
9 12 7
0 2 6
23 4 7
22 2 22
21 0 6
4 6 32
10 14 32
15 18 37
6 9 46
6 7 42
12 15 37
11 16 13
18 22 43
4 6 18
15 17 3
4 8 17
9 14 31
9 12 38
18 23 15
6 9 4
13 16 14
17 20 13
9 14 25
4 8 35
16 20 5
10 12 46
23 3 2
8 10 47
18 22 9
8 11 21
17 19 16
23 3 11
3 5 43
12 15 48
16 18 41
1 4 41
17 21 29
16 19 24
0 3 26
0 3 7
23 0 9
22 1 7
0 4 36
22 1 24
4 6 4
17 21 22
22 1 5
17 21 34
14 15 25
10 11 1
13 16 43
23 1 14
6 9 14
5 7 9
7 10 25
7 11 39
14 16 34
14 17 21
17 19 40
21 1 10
5 9 17
21 23 45
12 16 47
13 16 13
6 11 16
19 22 26
20 0 39
5 8 24
18 22 32
8 13 18
2 4 18
19 23 44
12 15 26
2 4 42
20 0 42
4 7 17
0 2 35
17 19 20
14 15 19
11 14 4
21 0 28
0 4 13
20 22 1
5 7 32
23 0 13
12 15 6
12 15 34
16 19 42
12 15 33
6 9 22
20 0 19
13 16 3
6 9 33
20 0 46
18 23 48
8 12 6
8 12 41
23 3 15
0 4 22
12 14 14
4 5 37
22 0 22
15 18 23
7 8 32
6 8 30
15 19 15
10 13 30
8 12 32
13 16 5
11 15 29
11 13 10
8 10 31
22 1 34
4 7 23
19 0 38
6 10 31
13 18 42
6 6 39
8 10 33
19 21 2
22 1 39
17 21 6
19 22 35
6 8 30
21 0 19
18 22 47
18 22 34
8 11 22
18 22 30
14 17 2
17 21 4
23 1 1
16 19 29
12 15 27
8 12 16
21 0 40
17 22 18
2 4 36
7 9 44
14 16 24
18 20 48
21 0 36
2 7 15
6 10 26
9 12 19
22 0 43
0 3 28
15 17 41
16 18 9
22 2 36
13 17 30
16 19 21
13 14 38
11 12 31
4 7 45
8 11 17
0 3 1
17 21 22
2 5 8
10 13 30
1 2 42
3 5 34
0 2 33
0 3 17
20 23 38
21 0 31
0 3 31
22 3 12
8 12 46
10 12 39
0 2 27
7 11 19
21 0 14
9 12 21
18 19 23
20 0 2
21 0 37
4 7 22
20 22 36
8 11 34
9 12 34
1 4 14
18 21 33
4 7 26
14 17 16
12 14 39
3 7 41
8 12 35
11 13 20
18 20 4
18 22 34
1 4 26
12 15 7
22 2 12
7 9 43
18 19 44
19 23 18
14 17 35
9 11 40
13 15 41
9 14 30
13 14 29
22 1 23
0 2 1
7 10 11
1 4 37
23 2 7
11 15 18
22 0 19
5 7 23
8 12 7
10 15 36
17 20 42
0 4 23
21 23 4
0 3 36
7 10 15
19 0 43
10 12 42
15 19 9
20 0 29
2 6 35
23 1 43
10 12 22
0 3 21
2 5 8
20 22 42
4 8 31
11 13 2
7 9 27
3 5 39
11 15 10
1 3 13
8 11 5
23 4 20
1 2 20
21 1 16
12 15 1
22 2 37
19 21 34
11 15 20
15 18 11
8 11 9
6 9 26
9 13 12
3 8 36
2 7 10
20 22 4
21 0 9
22 1 26
2 5 8
7 9 5
9 11 39
4 6 23
22 0 44
9 11 47
6 10 13
23 2 42
18 21 13
2 6 8
15 19 1
16 19 6
1 5 8
20 0 23
9 12 12
5 8 9
2 5 24
15 19 17
17 20 36
14 17 9
11 14 15
9 10 22
3 7 1
9 12 47
20 0 37
3 5 32
10 13 40
22 1 19
23 2 14
5 9 23
10 14 40
14 17 13
22 1 32
19 23 47
20 23 21
18 23 23
6 10 41
20 21 1
23 1 24
6 9 46
5 7 44
6 9 13
11 14 26
23 2 36
2 4 15
13 17 26
18 22 44
22 2 41
4 8 34
13 16 12
9 12 45
5 8 42
12 14 14
8 11 2
5 10 29
22 1 17
14 18 3
11 13 2
1 4 48
12 16 20
9 12 20
13 16 1
19 21 5
2 5 38
9 10 33
20 22 3
23 4 48
12 14 23
6 9 35
17 19 29
9 13 28
3 7 20
17 21 26
21 1 44
18 21 5
12 15 36
20 22 7
1 2 33
19 23 11
6 10 21
0 2 20
23 2 26
7 11 7
12 15 38
0 2 33
16 19 12
16 17 25
11 14 9
13 18 44
3 7 6
13 17 29
11 14 22
15 18 36
17 18 30
15 18 31
8 12 7
19 22 36
19 22 13
3 6 34
10 12 18
14 15 15
11 13 25
9 10 6
20 23 36
8 11 22
23 0 44
17 20 45
12 13 27
15 17 43
7 11 4
12 16 22
1 4 28
23 3 47
14 16 13
7 10 27
1 4 10
23 3 23
11 15 31
11 14 27
18 22 48
19 22 29
23 4 26
18 22 8
13 17 34
8 11 5
3 5 44
1 4 34
8 10 1
7 11 2
7 10 38
0 3 35
10 13 27
11 13 15
10 14 35
20 22 46
7 11 44
1 3 34
17 20 18
9 12 26
8 10 45
17 20 2
4 6 30
20 1 23
0 4 5
1 2 37
3 6 43
9 12 17
6 9 28
22 1 16
9 11 16
11 13 11
22 1 3
18 21 34
19 19 16
14 17 28
1 5 37
14 17 9
22 1 7
10 14 28
13 17 31
5 8 47
13 17 15
18 20 47
18 20 4
6 9 24
4 6 23
0 3 13
19 21 46
14 17 33
22 1 9
19 23 42
9 11 23
10 12 9
2 5 31
6 8 28
17 22 27
18 20 48
15 18 22
23 3 39
12 15 12
2 4 5
13 17 26
6 8 8
10 13 35
10 11 38
0 5 21
9 13 1
10 14 7
11 14 40
4 7 14
4 9 15
5 10 40
19 23 10
8 11 5
7 9 28
3 5 12
6 10 20
5 9 1
1 5 29
9 11 3
15 18 3
6 8 8
4 8 26
20 23 24
11 13 36
16 19 48
5 5 27
16 20 45
17 18 12
19 22 29
23 2 47
4 5 16
16 19 19
5 9 3
11 15 13
5 7 6
19 21 24
4 5 6
3 7 10
18 21 43
15 17 32
22 1 27
4 8 25
12 15 37
20 1 15
11 12 5
22 2 39
13 15 15
6 9 44
7 10 20
14 18 47
2 5 32
22 0 3
13 17 11
8 11 33
21 23 15
10 14 5
12 16 37
5 8 40
15 18 6
23 1 10
20 22 4
11 16 5
8 11 16
21 1 23
22 0 20
5 8 21
18 23 42
18 21 10
9 14 16
15 19 17
4 8 35
8 10 18
9 11 26
13 16 35
4 7 17
6 8 8
18 22 33
12 15 10
20 0 41
14 15 31
23 2 17
3 5 8
13 14 45
2 4 24
23 1 5
23 1 20
9 14 24
17 18 18
13 13 23
3 9 44
4 7 9
6 9 34
21 23 15
2 6 32
13 16 32
5 7 42
6 11 17
19 22 23
8 10 19
15 18 45
2 6 5
9 13 14
15 18 46
16 17 18
7 8 24
22 0 25
3 6 17
19 21 34
22 1 48
12 15 39
21 1 25
21 23 18
5 9 8
16 20 29
6 10 22
6 9 48
15 19 33
14 17 40
13 17 36
4 7 9
7 9 41
18 21 12
14 18 4
23 3 21
22 0 35
3 6 36
18 20 41
1 3 40
14 17 8
6 8 7
18 21 18
19 22 17
14 17 10
19 22 2
19 23 7
10 13 40
10 14 27
22 2 42
5 9 22
19 22 28
23 2 35
10 12 4
6 7 44
20 23 21
0 4 42
10 13 37
12 16 11
6 8 13
22 23 39
18 22 8
2 6 7
6 9 29
11 15 41
23 1 28
3 5 28
23 2 40
2 5 27
12 15 9
0 4 31
8 11 33
1 4 4
23 3 15
18 20 43
16 18 27
9 11 36
22 2 10
2 5 34
8 9 20
12 15 23
17 21 2
1 1 45
3 5 25
6 8 43
0 2 2
19 22 4
11 15 48
9 13 36
20 23 37
3 9 28
5 9 20
22 0 23
12 16 21
4 7 18
13 17 11
16 19 7
15 16 22
19 22 9
18 20 47
12 16 18
10 12 25
15 17 11
9 11 21
4 6 17
22 1 27
12 14 8
2 4 47
3 7 17
16 18 18
4 6 7
0 3 23
9 12 26
17 21 39
11 13 31
3 6 34
14 17 11
23 3 8
7 9 39
15 17 13
3 7 36
14 17 33
16 20 41
7 11 37
12 15 4
0 1 5
22 1 19
22 0 17
12 16 24
12 15 41
5 9 47
4 6 27
12 14 1
14 19 26
10 12 11
22 1 48
7 10 13
19 22 19
7 11 10
9 12 6
5 7 10
16 17 25
4 7 44
22 2 6
21 0 42
15 17 38
19 23 2
4 6 1
13 16 26
0 4 37
17 19 20
20 1 31
6 9 16
15 18 45
11 13 13
16 20 12
22 0 45
17 19 13
23 2 33
3 5 23
18 19 40
7 9 20
14 17 28
5 8 33
14 17 24
19 21 48
22 0 24
14 17 7
8 10 42
1 3 29
15 17 48
22 2 40
5 8 41
21 3 26
22 1 36
5 9 17
16 18 26
5 10 32
19 22 45
18 22 44
20 1 33
7 10 44
17 18 48
18 22 9
3 7 34
23 2 11
22 0 7
7 9 6
4 7 33
5 8 19
12 17 29
14 18 26
1 3 29
14 18 23
11 15 9
14 17 16
21 0 45
7 11 17
13 15 36
4 5 13
2 6 26
14 18 37
19 22 9
2 5 2
22 1 3
19 0 6
7 11 29
3 7 14
20 23 43
21 2 10
23 2 19
10 14 13
12 16 36
21 2 13
22 2 4
5 8 35
0 5 17
17 21 39
11 13 18
4 7 27
13 16 47
19 22 22
2 4 26
5 9 9
14 17 44
13 16 9
20 0 39
22 0 5
17 18 30
6 11 24
21 1 15
1 4 26
0 0 20
23 2 41
21 1 29
9 10 16
3 5 31
21 23 31
23 1 43
8 10 32
20 0 44
18 20 13
22 0 1
15 18 48
17 19 19
21 22 4
22 1 1
21 2 13
2 5 30
11 13 33
20 23 45
22 0 32
23 3 35
15 18 46
23 1 9
16 20 25
11 15 48
19 0 43
2 5 7
6 7 39
19 0 34
23 4 24
8 11 9
19 21 16
6 9 28
19 23 17
3 7 41
15 19 19
5 8 16
14 17 29
17 19 47
10 13 45
14 18 23
2 5 7
16 20 28
8 12 27
14 17 46
17 19 7
10 12 15
23 2 33
8 10 12
6 10 29
7 10 11
1 3 16
0 2 47
7 10 34
22 1 19
9 11 34
23 3 4
20 1 34
6 9 29
12 15 10
18 20 44
9 11 15
23 2 15
13 17 7
22 0 3
2 4 32
3 6 19
20 22 33
7 10 29
5 8 47
6 10 2
11 13 37
1 3 19
13 17 9
17 19 38
8 10 22
14 17 10
18 21 15
19 21 45
12 13 38
19 22 19
2 5 37
10 14 48
11 15 8
19 21 12
18 21 20
23 2 16
15 19 10
12 14 5
2 4 23
12 15 46
4 6 5
17 23 11
16 20 8
19 21 23
3 5 28
23 4 37
3 6 47
1 2 46
9 14 2
21 0 32
16 17 11
16 20 1
1 3 4
4 8 34
4 5 6
9 11 19
3 7 34
23 3 23
17 21 45
21 1 7
1 4 38
9 12 21
12 15 26
12 13 48
20 0 37
21 0 47
20 23 29
12 16 21
15 19 23
9 13 32
2 5 34
22 1 43
15 19 16
14 17 43
23 2 2
7 11 37
18 22 32
7 11 30
16 19 37
2 3 34
4 8 2
4 8 19
15 18 25
20 23 41
5 8 27
19 21 7
16 17 12
3 4 36
21 0 47
18 19 42
3 6 30
3 5 2
16 19 17
6 9 33
12 17 12
3 7 8
8 13 31
10 13 1
7 11 21
6 7 22
23 1 1
20 22 37
5 8 26
0 2 16
4 5 8
10 14 45
9 10 16
21 0 6
1 4 17
10 13 17
4 5 40
12 15 38
11 13 47
1 5 9
9 12 24
18 20 37
22 1 46
16 20 5
1 1 1
17 18 4
11 15 44
5 9 26
7 10 8
8 11 11
13 16 8
17 22 17
23 2 23
1 5 27
1 2 6
19 23 6
7 10 25
13 16 10
14 18 4
3 5 25
21 1 2
18 20 12
10 13 12
3 4 11
1 5 36
14 16 45
13 16 41
22 1 15
5 10 18
5 7 39
16 21 6
20 23 21
1 5 48
1 4 6
11 14 31
16 20 5
19 21 24
3 7 15
13 16 43
3 7 36
6 8 10
12 16 38
14 17 28
8 11 16
2 5 6
7 10 37
4 7 47
16 19 11
11 13 46
3 7 27
17 21 2
0 1 24
15 17 3
1 4 46
3 6 19
16 21 23
18 20 11
4 7 1
14 16 4
15 18 11
22 1 8
2 7 29
14 18 31
12 16 5
13 18 27
5 7 17
18 20 6
15 18 40
10 13 1
14 17 32
23 1 17
22 1 40
11 14 46
8 9 34
20 23 12
17 20 37
20 23 36
12 12 38
2 3 27
22 1 12
13 16 1
4 7 13
8 11 45
4 6 45
4 6 30
11 15 42
12 14 16
6 9 8
19 22 26
17 18 18
16 20 24
21 0 22
22 0 3
2 5 40
16 20 9
10 13 31
5 9 21
16 19 46
7 9 20
2 4 47
2 7 45
7 8 32
7 12 33
10 13 41
5 7 28
0 1 32
1 4 42
5 8 43
23 2 32
10 13 25
7 9 22
14 16 33
20 21 33
15 19 28
5 9 46
16 18 35
21 1 11
0 5 12
13 16 40
19 21 45
2 7 42
7 12 33
9 12 36
12 14 14
21 23 22
14 18 24
11 15 13
9 13 31
20 23 20
1 5 27
22 3 24
8 12 27
3 6 21
10 14 5
21 23 21
6 9 36
23 3 23
21 0 3
19 23 37
7 10 25
3 6 23
8 11 2
11 13 36
5 8 38
2 6 14
3 5 47
1 4 11
16 19 43
20 1 3
10 12 23
13 16 42
3 5 19
22 1 27
15 16 33
18 21 42
3 6 34
1 4 4
23 2 48
19 23 25
7 10 13
11 15 18
17 21 7
22 1 35
18 18 27
5 10 15
16 19 18
16 19 31
17 19 7
6 9 2
1 4 8
22 2 35
5 8 15
0 2 38
2 6 19
13 15 44
20 23 43
13 16 24
20 1 14
4 6 32
16 19 32
14 18 44
9 10 44
17 21 29
17 20 5
23 3 8
4 6 5
3 7 38
12 16 13
6 9 33
22 4 15
6 9 38
6 11 23
11 14 47
23 2 13
8 10 48
6 10 16
12 14 31
6 11 42
5 9 18
19 21 36
13 17 45
14 19 23
10 12 10
8 11 26
1 3 29
20 0 39
11 14 45
16 18 21
18 20 36
19 22 48
6 8 10
6 11 44
4 6 44
21 1 3
1 3 11
14 17 42
19 23 2
17 20 13
13 15 21
11 15 41
11 15 32
5 11 39
3 5 48
9 14 13
0 4 46
20 1 41
22 1 42
21 0 40
3 7 10
12 14 23
20 23 9
7 10 14
8 11 30
7 10 48
10 13 47
2 5 42
15 17 13
23 2 39
2 4 7
7 12 33
9 12 29
19 21 48
9 11 18
1 5 8
8 12 25
17 18 14
12 15 38
9 12 6
4 8 46
2 4 13
15 16 39
17 19 21
12 14 13
18 21 31
0 3 30
16 18 29
4 7 24
9 12 11
18 21 47
22 1 46
1 3 9
7 9 35
17 20 13
14 16 18
10 14 16
3 7 46
1 5 41
20 23 5
13 17 29
22 3 40
23 3 5
14 17 3
10 13 5
18 20 19
14 18 3
10 13 2
12 15 33
19 22 40
9 12 34
9 13 11
12 15 44
0 4 18
0 2 35
22 2 25
1 4 22
15 19 48
20 22 30
14 16 15
18 20 38
3 7 24
2 5 7
19 22 28
8 12 2
16 19 46
22 2 36
3 8 46
21 1 25
1 3 17
7 11 27
15 19 10
0 2 19
2 5 31
6 9 40
15 17 33
13 15 28
3 6 8
4 6 45
7 10 31
4 6 47
7 11 13
23 4 1
0 2 34
7 10 38
4 9 11
13 17 40
18 20 15
19 23 31
3 7 5
20 22 40
6 10 45
20 21 25
18 23 29
9 11 5
16 20 33
9 11 12
15 16 20
11 15 46
10 16 42
17 21 24
18 21 31
23 1 4
22 23 16
7 8 48
15 17 35
11 15 30
0 2 28
15 18 40
1 4 34
10 14 29
19 22 27
8 10 34
20 23 34
4 6 37
17 19 16
8 12 23
21 0 26
9 11 45
8 11 37
0 5 8
22 0 19
20 22 32
15 17 13
23 2 28
19 23 10
16 17 41
0 2 40
10 12 12
4 6 24
20 23 32
20 22 25
8 10 12
12 16 8
8 11 23
16 18 38
13 17 32
12 17 22
16 21 32
0 2 23
1 4 37
22 1 27
21 1 10
4 7 25
18 21 10
21 23 23
13 18 39
21 23 40
14 17 43
6 11 32
16 19 18
23 3 16
7 10 37
17 20 36
1 3 15
23 1 36
15 20 29
20 22 37
1 4 44
5 6 13
15 18 17
7 9 12
20 0 29
12 15 9
6 9 25
20 21 14
17 20 27
19 21 42
23 1 48
14 18 7
4 7 48
21 22 22
12 15 16
19 22 18
21 2 43
20 23 17
16 18 43
16 17 22
0 1 8
4 8 41
1 4 16
16 20 17
14 16 26
17 20 9
8 12 6
14 17 16
0 2 32
0 5 12
16 18 16
14 16 1
19 22 42
14 18 35
1 3 1
2 5 2
1 3 19
7 10 33
18 21 31
22 0 39
16 18 28
3 8 34
18 21 15
5 9 36
11 15 4
14 17 46
15 20 23
17 20 33
10 13 40
12 16 23
18 21 5
4 9 44
7 10 33
13 17 7
5 10 37
12 15 31
21 1 24
0 5 46
3 6 45
21 1 7
6 9 15
6 10 31
12 17 7
20 22 40
22 2 20
11 14 13
21 0 26
12 15 26
21 22 20
2 5 5
3 7 45
20 23 16
14 18 28
2 7 42
18 23 22
11 14 16
3 5 36
12 15 8
11 15 41
2 5 37
23 4 46
9 14 31
0 5 25
20 0 33
0 3 3
0 4 9
4 7 33
15 17 9
11 15 1
17 20 42
6 9 39
18 20 5
17 18 9
20 0 11
9 11 37
0 4 46
19 22 22
6 8 32
13 17 42
1 7 2
8 11 11
12 15 20
20 0 33
6 8 25
14 17 2
5 10 23
22 2 36
10 14 36
7 10 16
1 3 16
6 11 48
11 14 18
1 4 18
0 2 14
4 7 30
2 4 38
10 12 29
1 2 11
21 23 20
19 22 30
19 22 4
4 6 12
18 22 8
13 15 37
1 4 1
16 19 6
22 3 15
15 18 41
6 10 21
4 5 38
7 11 13
6 9 28
22 2 16
11 14 34
18 21 45
15 17 40
1 5 12
12 16 8
8 10 6
4 7 9
23 1 24
18 23 25
23 1 1
10 13 20
15 18 32
20 22 32
4 7 17
8 12 31
18 19 45
15 19 22
9 13 9
15 19 41
11 12 31
18 21 27
22 1 47
21 1 42
19 21 24
15 17 3
23 1 47
15 17 13
0 3 20
1 3 41
6 10 11
13 15 33
20 22 45
22 1 27
1 6 39
9 11 36
17 21 15
15 17 5
10 14 11
7 11 33
19 23 16
21 0 5
16 17 26
19 23 16
1 4 41
13 16 47
10 13 12
19 22 25
4 6 5
17 19 43
4 7 13
19 22 41
4 8 18
17 18 22
6 10 2
16 17 37
4 7 15
17 19 17
13 16 2
6 8 25
15 19 4
12 14 24
13 17 8
15 19 37
1 4 36
19 23 4
0 2 18
9 12 44
12 16 23
0 2 47
19 22 42
0 3 1
20 0 18
17 21 11
10 16 46
4 6 29
10 12 2
6 8 1
15 17 17
3 7 9
0 3 11
8 12 34
13 15 6
11 15 6
0 2 45
0 2 13
16 19 17
22 2 12
13 16 11
18 20 10
19 21 9
9 13 45
19 23 13
22 3 7
0 2 22
19 21 37
7 10 14
15 19 48
14 17 5
13 15 3
9 12 4
23 1 14
21 23 42
21 1 27
2 5 30
21 0 4
7 9 19
3 6 37
15 18 46
2 4 14
15 19 5
6 9 14
19 23 35
16 19 10
6 10 43
20 22 15
12 15 25
11 13 43
5 9 8
7 8 45
22 2 28
20 22 38
10 13 36
16 19 14
12 17 44
20 1 31
19 22 4
19 22 39
5 9 32
9 12 24
5 7 48
13 15 3
14 18 40
18 21 20
8 13 26
4 6 42
15 16 2
15 18 34
2 6 43
1 4 47
21 23 33
15 19 8
7 11 13
3 7 37
4 6 38
17 20 39
2 5 20
13 16 18
7 10 9
19 23 19
14 18 8
15 19 44
10 13 48
9 12 10
13 15 4
12 14 42
14 16 2
4 7 15
17 20 5
9 11 21
10 13 2
12 15 1
19 23 8
5 8 3
9 12 9
21 0 45
12 16 17
6 9 23
15 18 1
19 22 5
21 23 48
5 10 46
8 10 36
4 6 37
2 5 42
17 19 4
4 7 31
9 12 22
5 9 7
16 20 14
17 19 12
3 5 16
7 10 31
15 17 5
11 13 12
9 12 27
20 1 28
1 2 43
15 17 21
7 9 7
3 6 3
2 5 24
6 9 30
2 5 3
19 0 34
10 13 26
19 23 15
2 4 12
10 14 44
7 8 36
3 5 15
1 4 15
13 16 39
10 13 2
1 5 15
16 20 35
7 10 6
20 23 6
13 17 22
13 16 25
2 7 40
14 17 31
20 23 17
4 7 18
3 7 24
9 11 24
0 4 8
16 18 26
6 9 29
8 11 33
3 7 9
9 12 5
16 19 44
16 19 36
18 20 41
21 23 29
9 11 27
17 20 48
14 16 48
6 9 41
9 15 18
2 4 2
23 2 16
21 23 12
13 15 34
10 13 33
21 0 21
23 0 19
12 15 44
2 6 25
8 11 5
5 9 38
3 7 1
10 14 22
19 23 27
15 18 15
18 22 19
3 4 3
1 4 4
4 7 1
10 12 34
19 23 39
3 7 12
23 4 45
22 2 25
1 4 25
23 1 24
4 8 37
10 13 15
9 12 35
3 6 18
5 8 34
18 21 38
19 0 38
0 4 31
9 14 1
23 1 6
8 11 19
11 12 11
17 20 14
1 3 33
0 4 34
6 8 39
0 5 15
7 10 44
15 18 6
8 9 16
1 3 2
8 11 30
19 21 21
2 6 17
3 5 21
10 14 15
21 22 38
15 17 10
13 16 43
11 16 11
4 7 4
10 13 20
5 8 13
8 12 27
21 2 31
11 17 8
12 14 41
2 6 14
8 10 41
16 20 40
11 13 2
17 21 46
17 21 31
19 22 28
16 20 1
8 11 20
11 13 13
17 20 27
5 7 30
15 17 26
14 16 43
3 7 28
5 7 1
2 4 47
7 11 32
4 6 5
8 12 29
22 1 6
5 8 2
13 17 45
19 23 5
0 1 37
12 16 15
12 15 27
9 12 14
1 3 5
6 8 33
2 5 43
9 11 6
3 5 4
17 20 39
14 16 2
14 19 12
22 1 34
12 15 47
8 14 25
6 8 22
3 6 6
14 17 17
17 20 8
13 14 37
0 3 39
17 22 37
17 19 4
10 12 28
4 6 22
14 18 48
6 9 23
12 16 31
5 9 11
17 19 9
4 7 19
18 18 19
21 0 14
11 13 36
22 3 37
9 9 16
15 19 41
9 14 5
20 22 11
23 2 31
4 7 25
12 13 17
16 20 20
6 8 41
1 5 16
17 21 14
17 20 38
11 15 19
7 9 39
14 16 12
12 16 41
10 13 8
22 1 18
7 9 24
2 6 40
0 3 35
14 17 35
20 0 14
16 20 18
5 8 39
3 6 17
18 19 19
18 20 15
8 9 42
20 23 19
14 16 8
20 23 30
4 9 48
0 2 12
18 22 5
9 14 45
12 15 42
12 14 5
8 10 29
2 4 13
7 10 47
8 10 20
9 11 27
7 9 6
11 13 19
3 8 48
22 0 6
8 13 30
11 15 11
16 20 4
3 6 31
12 16 1
7 10 3
0 3 36
8 13 9
5 9 24
18 22 33
18 22 36
12 16 46
14 19 35
23 3 3
16 18 9
20 22 4
17 20 8
17 21 15
9 11 19
13 16 39
17 23 16
6 9 45
14 16 36
15 19 11
17 19 44
17 22 2
17 20 14
14 18 21
11 14 15
19 22 28
19 22 44
18 20 25
15 17 5
1 3 23
2 6 12
23 3 3
9 13 3
19 23 45
0 4 30
13 17 8
4 7 12
14 18 2
23 3 13
16 18 46
16 20 18
3 5 40
1 3 43
14 18 42
5 9 36
23 2 31
8 11 40
15 18 34
10 12 41
5 7 33
9 12 47
13 16 38
1 5 30
17 18 5
0 3 12
16 19 30
6 9 7
0 3 12
0 4 31
4 8 33
14 17 30
20 22 12
8 11 35
13 16 38
16 18 41
9 12 11
0 2 32
12 12 36
7 11 22
17 18 48
14 17 34
9 12 7
10 13 23
15 18 10
0 4 48
21 22 16
2 5 47
2 5 41
21 0 46
18 21 14
4 5 35
16 19 29
10 13 25
4 6 27
4 8 5
21 0 11
1 3 14
18 21 45
22 1 29
23 2 13
20 0 25
5 8 39
4 7 9
21 0 38
5 7 13
19 0 5
4 8 5
15 19 13
4 6 2
22 2 44
14 18 8
23 2 43
2 3 28
11 13 1
17 20 20
7 11 41
20 22 6
11 14 34
10 13 32
23 2 30
7 9 37
21 23 39
5 9 29
18 22 7
6 8 10
8 10 15
14 18 9
23 2 7
6 9 8
3 5 14
1 4 14
0 0 30
17 22 33
23 0 1
5 8 28
15 20 29
18 21 24
6 9 23
2 3 35
0 3 26
2 6 43
5 7 20
15 20 34
16 18 43
7 10 13
9 13 10
16 20 15
4 7 10
8 11 33
5 8 38
15 17 11
16 20 45
17 22 13
8 12 4
9 12 21
1 5 32
7 11 24
2 4 14
12 16 35
9 11 11
19 22 4
12 14 47
9 15 39
14 17 8
10 13 13
5 6 46
18 20 11
5 6 40
11 13 44
23 2 8
23 1 38
7 10 24
20 23 4
10 15 42
18 21 7
7 10 43
17 19 39
10 13 14
7 10 27
16 20 39
7 8 47
4 7 9
21 22 10
13 17 21
9 14 32
16 20 13
4 8 46
12 15 13
1 4 40
14 19 18
20 1 10
15 20 46
4 7 26
8 12 35
20 23 26
23 3 35
3 7 39
18 21 39
6 9 5
13 16 32
20 22 6
6 10 27
7 9 17
18 20 33
3 5 37
7 10 10
4 7 31
2 5 13
0 3 4
23 3 2
11 14 17
20 23 10
4 7 45
10 12 48
22 2 15
9 12 36
13 15 16
10 13 40
14 17 25
9 12 18
19 22 45
17 20 13
4 6 37
14 19 36
13 15 42
1 4 5
6 9 23
15 17 39
5 6 21
7 12 16
0 2 47
14 17 2
14 18 25
1 5 18
7 9 33
10 14 31
15 18 15
10 13 10
20 22 47
12 14 10
23 0 17
6 9 12
23 1 17
10 14 9
21 23 18
21 0 18
3 6 28
18 21 8
21 2 19
14 17 46
21 0 43
15 17 40
0 2 9
7 10 9
17 19 44
9 12 4
13 17 18
4 6 24
3 6 10
13 17 39
18 22 20
1 6 37
15 18 12
13 16 26
5 6 27
6 9 13
18 21 31
8 8 16
20 23 44
9 14 13
22 0 26
13 17 48
1 4 2
7 9 22
3 6 20
23 1 11
1 4 36
15 19 33
10 12 24
7 11 1
8 12 30
5 9 41
16 19 22
14 18 16
4 5 10
23 3 2
2 6 3
18 21 23
14 16 13
11 15 23
9 12 46
22 2 11
20 23 38
4 8 39
15 19 27
3 7 26
13 17 47
1 5 16
7 11 17
18 21 35
6 9 15
11 12 17
20 23 42
21 0 28
22 3 19
15 18 45
1 4 35
13 14 45
7 10 34
11 15 41
1 3 21
11 14 4
20 0 14
14 17 4
2 6 12
4 6 47
16 22 9
13 16 44
14 16 25
16 17 9
12 16 26
8 11 5
13 16 24
14 17 9
19 22 20
17 21 21
15 18 15
15 17 42
21 1 12
2 5 11
20 0 25
17 20 8
8 11 25
13 17 31
13 16 16
18 21 42
23 2 46
4 5 29
3 7 25
22 1 24
1 2 17
13 15 7
6 10 26
18 20 5
17 20 39
7 10 22
0 3 31
8 13 17
17 22 23
23 3 36
16 19 41
14 17 43
13 15 3
12 14 3
10 12 18
21 0 26
16 20 6
23 1 29
23 4 39
22 1 20
0 5 32
15 18 3
2 6 1
1 2 22
18 21 29
21 2 30
7 10 32
23 2 47
0 3 15
15 17 1
12 17 45
21 23 36
9 10 2
20 21 32
1 5 12
2 5 14
17 21 17
3 6 15
6 8 19
17 20 34
11 14 33
8 12 42
15 16 4
11 13 40
6 8 20
12 14 48
23 4 41
1 3 24
12 15 3
1 4 43
12 15 8
12 16 31
5 7 22
9 12 20
17 19 21
11 14 8
14 17 14
13 17 14
23 2 34
20 22 11
7 10 31
7 11 3
0 2 12
10 14 21
15 19 38
15 18 36
18 22 46
20 23 42
15 18 15
11 14 39
15 17 1
20 23 39
17 21 9
9 12 30
23 2 36
18 21 47
22 0 18
6 10 42
1 5 44
19 22 5
18 20 36
8 11 22
11 14 27
5 9 20
8 11 18
0 4 31
3 5 7
13 15 1
14 18 17
9 13 5
3 5 45
10 13 9
4 7 21
17 21 10
4 7 4
17 21 43
23 3 15
3 4 28
19 21 3
7 11 42
22 1 28
17 19 4
15 17 18
6 12 4
10 14 2
13 16 2
4 7 45
6 9 1
17 20 40
3 6 17
22 2 12
6 10 34
13 16 24
15 17 18
0 3 14
3 6 20
12 14 37
15 18 1
19 0 5
20 0 16
6 7 40
17 20 20
5 9 33
9 12 24
3 6 2
8 11 41
11 15 41
16 20 4
21 1 38
12 16 39
5 7 27
12 15 8
21 22 7
17 20 2
2 6 43
15 16 25
18 21 35
4 5 19
8 12 15
6 9 30
15 19 26
2 5 30
8 10 2
9 13 17
17 20 26
3 6 21
7 8 36
1 3 29
5 6 12
7 11 27
14 18 8
10 12 3
12 16 12
0 3 23
22 1 15
5 8 6
11 14 28
3 7 27
13 15 28
7 9 21
20 0 35
22 0 43
15 18 19
14 20 14
15 17 38
23 1 13
16 21 44
18 21 14
6 9 21
0 2 9
2 3 14
9 12 19
21 1 21
2 6 6
0 3 13
1 5 20
17 21 3
7 10 41
4 7 43
19 21 25
14 18 33
20 0 5
15 15 28
15 20 16
1 6 33
12 15 10
6 11 40
23 1 23
3 5 32
23 2 15
9 12 47
5 10 25
19 23 41
2 6 35
6 10 47
0 2 22
10 15 6
16 21 40
6 9 29
22 1 36
19 0 12
19 23 38
19 21 6
0 2 1
6 10 2
2 4 7
12 15 16
15 19 22
3 6 23
8 11 29
16 19 24
3 7 18
23 1 7
20 0 7
9 13 30
18 21 27
13 16 20
21 1 47
9 13 4
3 7 38
18 20 43
12 15 40
20 0 19
2 5 40
12 16 6
16 19 32
12 15 25
10 15 2
21 0 13
10 15 5
21 0 24
18 19 45
9 13 39
15 17 31
0 2 38
14 16 9
12 15 22
9 13 4
19 21 4
11 15 27
0 3 33
11 15 26
23 3 11
21 0 22
21 0 38
21 1 45
20 22 36
9 11 26
3 7 17
13 16 36
21 0 26
0 4 14
20 0 32
4 7 45
8 12 18
15 17 17
13 16 29
7 10 1
23 1 32
20 0 20
0 3 21
0 3 3
18 18 23
17 21 13
7 9 36
14 18 44
20 23 27
7 10 36
6 11 26
9 12 17
13 18 10
5 7 38
7 11 26
17 20 1
17 20 26
7 11 28
1 3 4
11 16 10
0 1 10
22 1 33
21 2 24
23 3 45
10 14 24
12 15 20
20 23 10
7 10 11
16 19 25
11 15 31
19 1 48
12 16 8
6 9 14
15 19 7
3 6 21
10 14 46
2 5 16
13 16 42
19 21 9
10 12 26
12 16 38
3 6 11
19 21 17
1 4 38
21 0 45
18 22 12
16 20 5
13 16 3
11 14 4
2 3 40
6 8 16
4 7 25
23 4 12
19 23 32
20 0 48
21 0 24
6 9 6
7 10 32
11 14 40
7 12 23
3 5 40
8 12 18
6 8 30
5 8 34
1 3 22
8 10 7
8 12 19
19 21 6
21 0 15
8 11 26
3 6 16
11 13 7
14 18 33
7 12 12
21 1 27
14 19 24
4 8 17
14 17 29
0 4 39
3 7 19
8 12 3
15 18 48
9 11 32
11 14 24
5 8 19
5 7 14
21 0 15
18 20 2
12 15 41
8 9 47
16 18 38
18 21 26
17 20 12
17 20 14
21 0 39
18 22 7
2 4 5
1 4 30
12 15 1
16 17 6
20 23 30
21 23 41
2 7 13
13 15 38
18 22 20
12 13 30
14 17 23
9 12 25
13 14 22
6 9 13
17 21 44
23 2 17
11 14 34
4 6 23
9 11 20
15 18 37
15 19 9
22 3 15
8 11 3
15 18 2
3 4 4
17 20 26
16 19 18
22 1 40
11 12 1
5 10 12
7 10 29
0 4 47
5 7 17
1 4 17
18 22 11
15 20 45
10 13 24
13 14 48
22 2 23
4 5 23
10 13 35
19 0 42
12 13 29
1 4 29
18 20 15
2 5 33
9 13 30
5 8 39
22 2 36
17 19 14
7 11 47
18 21 17
1 4 3
6 8 28
0 1 36
0 4 27
11 14 19
17 19 8
20 23 11
16 20 14
8 9 26
5 7 39
7 10 27
18 20 4
11 14 44
16 19 45
13 15 4
6 10 12
15 19 32
8 10 17
21 23 43
16 20 37
1 5 21
0 3 4
13 16 36
3 5 11
19 22 43
15 17 39
3 4 39
1 5 20
1 6 15
9 12 38
0 2 39
22 0 16
8 11 35
23 2 21
13 17 1
6 10 17
2 4 16
12 15 7
9 11 25
7 9 29
12 14 25
13 16 32
9 11 26
7 10 8
22 2 14
14 18 24
22 1 44
11 16 46
20 0 10
7 12 23
21 0 47
23 2 1
7 11 7
8 10 6
23 2 4
15 17 17
21 0 4
10 13 2
19 23 13
12 14 43
15 18 11
19 22 25
6 10 44
19 22 2
3 8 10
23 2 42
16 19 34
1 4 29
0 4 31
1 7 5
10 13 17
17 20 24
23 2 46
20 23 2
9 13 1
10 13 22
5 9 18
14 16 26
23 1 35
19 21 11
5 9 17
12 16 38
19 22 18
10 13 18
13 18 11
1 3 20
15 17 10
22 2 38
0 4 25
15 18 30
3 5 16
11 14 3
1 3 33
22 2 18
22 0 29
3 8 26
4 6 27
2 4 19
5 6 40
9 10 8
18 20 20
14 17 8
15 18 36
1 4 46
7 12 42
23 2 8
12 15 7
5 7 19
3 7 3
0 5 17
16 18 42
10 12 24
5 8 41
4 6 18
4 6 12
13 16 19
1 6 41
13 15 13
22 1 37
13 16 20
7 9 23
15 18 45
15 16 26
7 11 28
8 10 42
8 12 17
12 15 18
0 5 7
17 21 7
4 5 28
20 1 3
5 6 1
13 15 4
4 10 29
14 16 6
15 19 29
23 2 48
19 23 47
22 2 19
4 5 19
6 9 48
6 10 18
15 18 15
13 16 40
16 20 38
12 14 36
3 7 44
11 16 32
20 0 3
10 13 20
20 0 6
20 22 2
18 21 43
22 1 41
8 12 44
8 11 18
2 4 47
2 3 40
9 14 13
2 7 1
10 13 48
15 18 48
20 23 18
10 14 40
12 15 40
14 17 35
9 13 34
7 10 15
13 17 23
20 23 38
22 1 48
10 12 16
17 19 37
1 3 3
14 17 39
4 5 15
13 17 5
12 15 37
1 3 19
18 21 10
5 8 32
18 21 3
3 6 34
1 2 19
3 5 44
3 6 7
21 23 41
13 15 33
2 6 18
17 20 48
9 13 42
12 14 39
10 13 25
6 9 21
6 7 44
13 17 44
4 6 44
17 21 2
1 4 39
19 21 44
10 13 29
8 10 3
10 14 20
9 12 11
9 14 45
21 0 36
23 1 25
17 20 15
16 21 36
3 6 1
12 14 6
2 7 12
5 10 20
2 4 46
10 13 37
1 2 9
16 18 33
2 4 47
16 20 29
3 7 1
17 22 29
21 22 31
0 4 24
2 5 7
1 6 31
6 8 34
8 12 11
19 22 10
5 8 29
20 22 9
4 8 2
14 18 38
8 11 41
0 2 33
11 13 14
2 7 25
8 10 40
1 2 12
0 2 24
16 18 21
6 11 35
0 3 25
23 1 20
7 10 23
6 9 26
0 3 42
18 22 19
12 17 37
18 21 30
7 10 9
6 11 38
6 8 5
20 23 39
1 6 36
23 1 1
13 15 22
10 13 46
7 8 25
21 23 1
20 20 26
11 15 45
4 7 15
8 9 9
14 16 9
6 9 12
17 19 25
12 17 20
19 22 2
4 9 32
10 12 8
8 11 19
11 14 28
18 19 1
8 10 23
2 4 2
15 19 26
5 9 46
13 16 45
18 19 30
18 21 9
5 7 48
4 7 8
16 20 10
9 10 34
8 11 10
18 21 13
1 4 32
3 4 7
5 7 31
10 13 39
17 22 37
17 19 29
5 9 25
7 11 9
0 2 14
17 22 10
19 22 9
7 10 24
21 23 44
17 19 46
3 9 39
6 10 15
5 6 31
23 3 2
1 4 13
9 12 34
0 6 11
16 18 30
2 6 48
11 13 39
6 9 21
15 19 13
10 13 9
5 9 23
4 8 20
11 15 27
5 9 38
12 13 15
16 20 30
10 13 44
19 22 10
10 15 40
15 19 34
0 3 17
19 23 22
18 20 12
12 15 3
14 17 35
16 19 20
18 19 16
2 6 38
17 20 2
23 4 29
17 22 8
7 9 17
1 2 16
8 12 36
7 10 3
10 13 6
7 10 30
4 9 10
21 23 44
2 5 31
12 17 33
23 1 1
2 5 14
8 10 20
7 11 5
8 11 2
23 2 10
18 20 21
8 12 32
10 12 3
1 4 43
21 1 39
16 19 13
8 11 10
10 12 14
15 17 16
11 14 21
1 6 14
18 20 1
22 1 40
4 6 17
0 4 4
3 5 9
8 11 46
3 6 48
17 20 27
12 14 9
16 20 2
10 13 13
22 1 38
11 15 15
18 22 43
15 17 2
22 1 14
11 15 30
19 21 32
6 10 48
15 19 30
14 16 1
0 3 23
5 9 38
4 6 13
21 0 31
8 10 29
11 14 12
13 16 46
8 12 46
12 15 27
7 11 19
10 13 47
1 4 35
0 4 13
6 9 16
5 8 31
3 7 33
10 13 3
5 7 1
0 4 17
20 0 6
0 4 26
1 4 22
1 3 40
21 1 2
18 22 28
12 15 23
8 10 8
3 7 2
9 11 32
2 5 28
16 17 39
19 21 40
23 2 9
9 11 21
4 7 10
12 15 42
2 7 10
7 9 18
4 9 20
21 0 48
0 3 5
13 15 40
20 0 13
22 0 30
0 2 34
7 10 44
5 9 15
12 16 30
17 20 40
19 23 17
0 2 26
22 1 42
6 11 11
23 4 21
16 18 37
20 0 42
14 17 23
12 15 32
12 15 31
22 1 31
17 22 19
9 10 35
19 22 24
7 10 13
16 20 35
3 7 43
9 13 16
7 9 9
19 2 31
6 10 2
11 13 46
13 15 11
20 23 38
18 20 48
17 19 15
2 3 12
11 12 21
1 2 43
15 19 15
20 0 12
1 3 46
19 22 17
10 13 11
0 3 24
9 12 2
7 11 24
14 18 28
13 16 33
6 10 21
17 21 13
19 22 33
8 9 18
10 14 46
11 13 3
16 19 43
10 14 35
18 22 4
19 22 25
1 4 41
16 20 22
16 21 35
17 19 17
12 15 4
9 12 41
14 16 26
6 8 27
17 19 16
0 2 8
15 19 32
6 9 23
6 9 24
19 0 47
6 9 28
22 1 1
23 3 20
20 1 12
1 5 3
18 20 6
5 8 7
23 1 48
14 18 4
19 0 25
0 4 24
10 13 5
9 13 18
12 14 43
7 11 13
17 20 16
1 6 39
5 8 22
6 11 23
2 6 37
14 17 34
1 4 36
3 7 15
20 22 39
12 15 14
19 21 6
23 1 30
20 23 7
19 22 5
12 16 34
14 16 48
20 22 43
23 4 26
3 6 3
13 18 11
5 7 17
2 4 40
2 5 35
0 3 8
17 19 27
19 22 48
11 13 17
11 14 23
12 16 47
8 12 19
6 8 7
20 23 42
23 1 19
5 8 13
18 20 41
14 16 25
2 5 26
0 4 39
9 13 44
23 1 24
10 11 12
19 22 8
18 20 1
14 17 35
19 21 25
1 4 29
5 9 15
0 2 23
21 1 15
22 23 6
18 20 44
19 23 35
17 20 22
21 0 42
7 10 24
14 17 9
6 7 47
21 0 4
9 12 26
11 13 32
3 6 37
23 2 22
18 20 37
20 23 38
4 7 36
20 23 36
23 3 20
16 19 16
2 3 48
2 7 18
23 2 6
7 11 37
3 5 29
10 14 26
5 8 14
9 11 22
14 17 29
16 19 35
20 0 46
2 4 14
11 14 14
19 0 44
17 22 36
3 6 2
20 22 2
7 8 35
12 13 42
7 11 8
20 22 38
20 23 24
21 1 10
6 9 34
15 19 44
13 15 22
12 15 9
13 16 2
22 23 46
6 9 5
0 3 19
10 13 34
17 20 30
0 6 36
23 2 5
16 19 27
22 1 44
11 12 31
3 7 13
15 19 39
15 16 36
8 12 45
11 15 48
2 5 19
18 22 14
5 8 45
9 12 1
4 8 24
21 23 43
9 12 37
4 7 32
9 15 38
7 9 12
21 0 43
12 15 14
16 19 15
20 22 43
21 1 23
0 2 26
21 0 24
12 15 22
7 11 9
4 7 4
11 16 22
20 21 9
16 18 2
8 10 4
5 6 48
1 5 23
10 14 41
4 7 31
11 13 44
16 18 26
0 2 20
8 11 9
3 6 10
7 10 33
16 18 4
6 10 26
16 20 47
9 11 25
6 9 10
4 7 5
18 21 3
6 9 22
18 21 8
14 17 33
21 0 1
15 19 40
6 10 25
6 8 45
12 16 6
8 10 39
5 8 1
6 9 41
20 23 30
17 21 13
6 10 4
12 15 1
5 10 38
13 17 5
11 15 24
20 23 28
20 23 39
3 7 1
4 8 12
5 8 28
3 5 2
9 11 38
7 11 30
18 22 2
17 20 6
23 2 8
14 15 34
9 11 43
16 17 23
4 7 17
22 2 42
1 3 18
17 20 4
12 15 21
8 10 14
14 18 23
20 0 31
23 3 29
7 11 40
3 5 44
1 5 8
4 9 18
3 7 28
2 6 48
18 20 2
23 4 4
6 9 10
2 6 31
12 16 16
23 0 38
11 14 19
3 6 16
20 23 14
20 23 9
6 8 43
5 8 12
6 8 28
23 3 17
13 17 22
22 1 2
12 16 26
23 1 2
3 8 19
4 8 39
7 9 48
7 10 26
19 21 4
5 8 41
7 10 17
15 18 6
10 13 41
10 12 15
12 14 42
15 18 14
0 2 48
17 19 1
2 5 25
6 8 45
18 22 16
1 5 37
22 1 17
1 5 29
3 5 41
7 11 11
20 23 26
6 8 32
7 11 35
21 23 36
15 18 27
11 13 33
13 15 16
21 1 16
5 8 44
18 21 1
3 5 27
13 15 17
14 17 28
2 4 47
8 12 38
4 6 33
0 3 7
21 23 39
23 2 17
12 14 44
5 8 5
4 9 36
22 2 8
8 10 31
19 22 2
4 6 43
2 5 11
13 15 39
8 11 39
20 22 47
2 6 17
9 12 1
20 1 11
7 10 12
12 15 44
5 7 13
23 3 43
4 7 41
6 9 38
0 3 39
14 20 18
18 22 11
21 22 37
14 15 4
22 3 20
1 4 18
18 20 35
4 7 31
14 17 41
21 1 5
10 12 7
13 18 27
1 6 30
21 0 4
21 1 34
9 12 41
5 7 42
6 10 5
2 5 13
15 19 45
18 21 45
0 3 27
3 5 11
13 17 18
5 8 14
3 7 6
11 13 3
19 21 2
18 19 1
9 11 37
19 1 31
14 19 3
8 9 7
16 20 8
17 21 19
17 19 13
16 20 37
21 23 45
3 6 24
14 17 42
18 21 19
18 21 35
22 1 39
11 14 35
1 2 1
0 2 5
5 10 8
0 3 8
7 9 28
5 9 5
18 20 21
20 21 4
20 23 43
2 6 35
5 8 44
8 12 19
11 14 38
5 9 40
20 0 12
12 17 9
5 8 43
7 11 42
10 13 6
22 2 46
8 12 5
19 21 23
20 22 10
15 18 35
15 19 44
0 3 18
9 11 28
1 3 31
0 2 18
3 5 12
8 12 38
0 5 14
14 17 41
10 14 1
20 21 18
0 4 18
19 21 41
3 5 43
4 5 12
0 3 18
3 6 40
12 16 35
6 9 36
21 0 18
14 18 35
11 15 44
9 11 1
9 12 5
10 13 22
12 15 38
11 12 32
19 21 35
1 4 35
14 14 7
10 14 26
11 15 13
17 20 46
2 6 44
9 11 5
16 17 41
2 5 42
18 20 33
14 16 9
1 5 28
4 7 16
2 4 42
3 6 44
4 5 41
23 3 18
13 14 33
9 12 15
7 10 36
22 0 46
15 18 4
21 2 42
3 6 7
2 3 20
7 10 27
13 16 17
13 17 9
18 22 26
9 12 3
8 11 30
3 7 10
15 18 9
14 16 24
8 11 33
7 9 32
16 20 34
16 19 5
14 16 3
8 10 38
1 2 30
9 11 30
18 20 39
21 0 44
3 9 42
2 4 38
13 15 26
0 3 5
1 5 33
11 12 12
10 14 44
20 23 25
11 15 40
1 6 12
22 1 10
4 5 29
13 16 34
20 23 3
17 21 31
19 22 26
10 14 33
22 2 32
20 23 39
22 3 12
7 11 24
16 17 36
7 8 29
23 0 42
3 7 35
11 13 6
3 5 35
2 6 48
19 21 25
5 7 23
14 16 24
19 22 31
11 15 6
3 5 14
19 21 39
21 0 44
1 4 6
12 15 41
8 11 15
19 22 23
7 11 4
10 14 14
0 3 6
9 11 4
11 13 29
1 6 29
8 11 23
9 12 42
15 19 5
15 19 31
20 1 16
0 2 8
0 3 48
0 4 23
2 6 35
20 1 31
11 14 11
7 9 13
14 18 22
22 1 16
8 10 30
17 21 42
20 0 29
18 19 24
19 21 23
12 15 45
8 9 10
0 2 27
14 15 8
8 10 29
7 10 7
16 18 36
20 0 38
15 19 29
23 1 5
3 7 8
2 7 9
21 0 40
17 20 21
23 4 4
16 20 14
2 3 31
23 4 48
7 10 2
12 16 37
22 23 37
8 10 35
15 19 43
16 19 10
11 15 43
8 11 12
13 14 42
18 22 28
2 6 28
19 21 39
12 13 14
15 17 28
14 17 23
4 8 26
18 21 41
0 3 12
12 14 43
6 9 32
10 11 41
11 14 33
2 4 2
23 3 7
19 21 11
8 9 1
19 21 5
1 4 39
14 17 12
20 23 9
15 18 45
18 23 42
16 18 2
1 5 12
2 6 5
19 22 6
11 13 45
19 21 8
6 10 5
21 0 30
10 12 4
7 11 46
16 18 19
19 22 42
18 21 28
5 9 37
10 14 43
8 11 27
17 20 48
16 18 3
9 11 15
13 17 37
12 15 28
22 0 38
13 15 22
13 16 17
3 5 42
13 14 36
18 20 11
4 9 5
22 23 21
11 13 32
20 23 2
11 13 14
15 18 28
1 3 20
15 19 1
22 2 36
7 10 9
1 4 15
23 2 33
5 9 34
10 12 7
10 14 35
6 9 34
8 11 3
4 6 18
9 12 36
23 1 46
17 20 32
2 7 9
20 0 21
11 13 8
11 13 6
21 1 7
2 3 32
5 9 9
20 23 30
22 2 11
22 1 42
0 4 40
8 12 11
3 7 30
17 20 5
20 23 3
4 6 1
13 16 21
8 12 9
19 23 4
13 14 38
8 10 15
4 6 31
10 15 3
20 23 4
17 20 46
16 21 17
8 10 47
15 19 22
14 17 36
17 20 12
2 4 38
18 21 12
3 5 24
1 5 1
12 14 7
17 19 8
19 23 25
12 14 14
20 23 34
13 16 9
8 11 26
3 6 4
6 9 13
17 19 8
13 17 5
5 8 18
17 21 43
10 13 5
23 2 24
3 7 30
21 0 15
5 8 48
7 10 44
17 20 23
6 12 41
5 7 10
22 1 29
9 13 26
13 17 3
19 22 7
8 11 9
4 6 10
14 17 5
5 6 9
3 8 33
16 18 37
19 23 15
1 3 20
13 16 16
3 7 20
15 19 21
8 10 18
17 22 20
14 18 38
21 22 34
2 4 43
17 20 40
4 7 11
4 6 42
3 4 19
3 6 35
22 3 32
22 1 39
0 4 16
12 14 23
16 19 40
15 19 17
3 6 20
3 7 31
5 7 3
7 10 19
12 14 41
15 18 3
16 20 12
7 10 15
17 20 35
23 2 20
6 9 10
3 6 21
9 15 4
10 13 41
2 6 34
7 10 32
13 17 21
3 5 35
18 20 30
4 6 4
16 19 8
19 23 40
22 2 23
4 7 25
14 17 45
16 19 18
6 10 19
17 21 48
1 3 25
11 15 5
4 6 15
12 13 33
16 19 41
21 2 17
19 21 24
4 6 15
14 16 14
19 23 12
1 5 11
18 23 27
12 16 32
3 7 11
16 20 41
3 6 42
19 22 15
8 10 24
13 17 47
20 22 24
17 21 3
13 16 26
18 23 35
14 19 13
22 1 18
5 8 2
17 20 45
1 4 44
13 15 25
23 3 39
5 9 1
10 13 35
7 11 8
5 10 11
23 1 32
22 2 33
13 16 48
2 5 16
14 18 18
11 14 48
1 2 33
1 3 10
9 12 28
22 0 12
19 22 7
14 18 21
20 22 41
10 14 25
6 10 7
7 10 35
19 22 35
2 7 46
18 21 35
21 0 26
6 8 19
3 7 48
3 6 48
0 1 47
2 6 7
23 1 39
3 5 45
19 21 48
15 18 4
9 12 1
12 15 25
20 22 48
18 21 11
23 2 37
17 22 45
19 23 42
23 2 41
10 12 29
23 0 14
8 12 21
5 9 47
1 5 7
11 14 42
4 7 14
10 15 24
4 7 16
7 11 28
9 14 36
20 22 27
18 21 20
3 6 10
14 15 32
16 19 16
0 2 20
13 18 25
22 2 18
8 10 24
21 1 25
10 13 31
4 7 19
4 8 10
11 15 27
8 12 9
11 14 42
9 10 20
6 8 4
14 15 35
7 10 23
8 11 17
18 20 34
17 17 39
19 22 10
14 17 25
20 23 17
10 14 40
10 12 17
18 20 42
11 12 36
9 11 9
23 2 36
4 7 32
13 14 4
4 8 26
11 13 19
10 12 4
13 16 38
5 7 6
3 6 38
18 21 3
9 13 43
10 14 12
6 10 29
16 20 24
20 0 16
14 17 20
6 9 24
23 4 40
11 13 6
16 19 46
9 11 5
9 13 8
20 0 12
20 23 47
7 9 35
14 18 9
22 23 29
19 22 41
0 3 18
10 13 38
20 1 32
0 3 16
17 20 29
15 17 34
20 21 37
4 8 45
16 19 32
13 17 6
16 18 14
16 18 31
8 12 12
13 15 24
15 16 48
6 10 3
12 15 34
9 12 26
22 1 46
15 18 46
1 4 41
20 22 31
3 5 13
2 3 35
19 22 22
14 17 7
21 23 45
7 8 3
5 7 15
5 8 18
20 21 44
9 11 14
7 10 25
6 10 37
9 11 6
21 1 33
6 9 27
9 11 32
3 6 19
2 5 43
2 5 5
23 3 7
21 0 9
12 14 45
22 0 29
0 4 44
14 16 37
17 18 17
16 19 15
20 21 29
9 12 12
19 22 30
6 8 35
8 12 24
10 14 34
15 19 27
2 4 16
12 13 3
5 8 45
13 17 14
22 0 32
8 11 10
21 1 31
1 4 24
16 19 16
12 15 30
22 0 48
11 12 2
23 1 31
12 15 16
7 10 10
13 16 22
3 6 11
12 18 7
23 4 39
23 2 22
18 23 32
6 8 27
2 6 19
7 11 1
4 5 17
14 16 37
15 18 47
17 19 37
15 18 4
15 16 11
17 19 38
22 1 14
3 7 15
7 11 25
0 3 14
15 16 18
7 10 30
3 8 19
11 14 28
12 15 2
22 3 26
14 17 4
5 10 27
6 10 24
16 19 12
16 21 22
17 21 14
5 8 43
23 0 21
12 15 10
17 19 42
10 12 32
14 16 27
19 22 40
10 12 46
14 18 48
23 1 15
18 21 3
19 22 45
6 9 13
11 15 10
22 1 34
4 7 9
8 12 6
6 7 13
10 12 7
16 18 13
18 20 24
0 2 30
18 19 34
21 0 23
5 7 16
13 15 45
7 10 42
11 15 39
21 2 14
17 20 46
0 3 29
17 20 7
20 22 30
2 6 11
0 3 7
2 5 8
4 8 22
15 18 32
9 13 14
3 6 36
18 22 23
21 0 9
10 13 24
11 14 35
4 6 12
5 8 11
17 20 27
12 17 35
17 19 19
6 9 44
15 18 12
4 6 37
12 15 29
13 16 31
3 6 19
11 15 2
17 18 3
7 11 48
19 22 29
23 3 37
6 9 38
13 16 10
0 4 12
21 0 3
2 6 44
5 9 48
22 0 25
3 5 46
16 19 4
14 17 20
13 16 46
17 20 14
11 15 5
8 10 37
13 17 20
10 13 40
16 18 47
7 10 10
19 23 45
6 9 19
3 6 36
10 14 37
9 9 22
8 12 4
0 5 22
3 5 6
9 11 17
18 20 25
17 20 32
23 3 7
2 6 10
13 16 6
8 11 26
17 19 42
12 15 43
4 7 19
10 14 9
16 20 34
9 12 46
14 16 29
9 13 29
0 3 30
0 3 11
18 21 39
19 22 19
1 4 25
9 11 48
15 17 23
1 4 34
2 4 42
11 13 32
18 19 14
5 8 42
14 18 31
9 11 25
22 2 7
23 1 24
2 5 10
13 16 48
16 19 23
15 17 45
18 22 18
16 19 7
14 14 28
15 16 35
21 2 27
5 7 11
20 0 34
7 10 48
2 5 28
6 9 12
0 3 24
23 2 18
0 2 34
15 20 16
20 0 21
8 11 31
22 23 10
6 8 44
17 20 39
17 20 14
5 8 42
9 12 23
11 14 3
11 14 35
0 2 22
2 5 23
13 18 32
17 21 13
22 0 34
20 0 47
11 12 32
3 9 12
21 22 22
7 12 15
17 20 48
0 3 3
7 11 10
23 0 8
8 11 5
19 21 32
17 19 16
23 4 2
1 3 41
9 12 36
13 16 13
9 13 14
7 10 47
7 8 45
9 12 45
16 19 9
19 22 30
22 23 17
9 12 26
8 11 19
11 15 32
5 8 38
15 19 36
11 13 2
22 2 27
10 13 32
21 0 17
11 16 24
22 2 19
6 9 23
17 19 21
23 2 15
13 18 43
18 21 25
22 0 40
17 21 43
0 4 36
0 2 22
3 4 29
3 6 10
15 19 18
12 17 39
10 12 43
20 22 11
20 23 38
0 3 27
6 10 5
14 17 34
17 19 31
4 6 10
1 4 3
14 18 29
16 20 31
14 19 5
9 12 16
11 15 35
5 9 25
20 0 43
5 10 34
5 8 43
15 18 35
9 11 31
18 21 44
2 5 8
13 14 31
18 22 19
8 12 15
0 4 14
11 15 15
2 5 25
0 3 45
8 9 32
20 0 11
12 16 10
14 17 7
22 0 12
21 22 17
18 22 8
20 21 18
20 22 27
4 6 45
14 18 7
5 8 20
13 16 12
23 0 46
8 10 17
10 11 14
9 11 48
16 18 3
19 21 11
7 12 48
21 23 19
5 8 26
13 14 47
3 5 11
16 18 24
2 5 18
19 23 45
4 7 22
15 17 32
19 22 22
4 9 26
22 0 4
3 6 35
12 16 9
15 18 45
10 13 28
2 5 14
4 6 39
12 15 7
13 15 10
20 0 44
6 8 5
13 17 38
1 5 22
10 12 15
21 0 30
6 9 17
5 8 43
6 10 12
21 2 9
21 0 34
3 4 18
6 12 15
17 21 21
4 7 46
15 19 26
17 17 11
19 22 39
14 17 35
16 19 30
14 18 22
21 0 32
10 13 8
15 18 23
3 7 28
12 15 48
23 3 48
15 17 34
17 20 36
17 19 25
1 4 12
17 20 24
19 22 10
5 9 46
21 0 6
3 5 25
20 0 35
9 12 44
22 2 14
7 9 7
7 11 43
8 12 12
21 1 3
4 6 22
16 20 32
12 15 38
2 6 26
11 14 9
14 18 32
14 15 26
17 21 40
19 23 36
18 22 48
4 5 13
4 7 38
7 8 44
17 18 28
21 1 33
11 12 6
18 22 23
4 7 28
20 23 3
4 9 36
1 4 27
0 2 17
12 15 35
11 15 36
11 15 29
18 21 5
0 1 33
21 0 10
7 9 3
9 12 31
8 11 13
21 0 17
1 6 42
19 23 45
7 9 47
21 23 33
11 15 42
14 17 43
3 7 35
1 4 44
20 23 34
13 15 10
10 12 48
10 15 24
12 16 35
2 3 33
1 2 43
22 1 16
13 16 47
3 7 39
17 20 8
12 15 39
11 14 24
17 20 10
5 8 4
7 12 45
22 2 41
7 10 29
0 4 40
11 12 24
6 10 22
22 3 48
22 2 9
16 18 18
19 21 26
17 21 30
2 6 21
22 1 21
11 15 36
1 6 4
14 16 14
0 2 42
13 16 16
20 23 6
12 15 2
7 10 16
16 19 29
3 7 9
15 16 21
1 5 24
21 1 31
11 14 21
21 0 20
21 23 16
12 15 46
6 10 29
0 3 48
14 16 8
10 14 27
11 15 12
2 5 6
13 18 8
19 23 9
22 1 35
8 9 23
1 3 16
17 20 28
21 0 47
7 11 45
13 16 24
1 4 32
12 13 30
10 14 18
20 22 26
2 5 32
7 9 46
12 15 34
4 7 45
2 5 40
21 0 5
9 12 45
19 22 18
7 12 22
23 2 42
12 14 36
19 22 35
0 4 25
3 7 40
8 12 7
0 2 43
0 3 28
20 22 22
12 16 45
23 0 32
0 4 43
19 22 16
16 18 31
1 3 46
11 14 35
21 1 17
5 8 13
11 16 27
15 17 22
13 16 12
6 7 38
12 15 40
22 1 45
9 12 16
1 4 27
7 10 13
15 19 34
5 9 3
21 1 46
20 22 32
4 7 44
4 8 29
14 18 20
21 0 11
22 1 6
1 3 29
5 9 33
10 12 16
19 22 1
9 9 21
5 9 7
1 3 5
16 19 10
5 9 13
9 10 34
15 17 39
22 2 15
2 5 6
4 7 10
4 8 24
5 7 28
2 6 11
8 10 13
9 12 26
21 23 32
5 5 34
23 2 11
13 17 14
17 21 32
19 22 12
16 20 13
19 23 12
5 8 27
11 14 26
1 4 13
16 18 33
23 1 10
3 6 4
4 7 35
17 20 18
6 9 11
14 16 3
17 18 15
7 9 45
21 1 5
13 15 26
4 7 46
4 7 37
15 16 6
1 4 25
12 15 7
14 16 30
2 6 22
2 5 26
14 18 23
10 14 31
21 0 22
0 5 45
21 23 5
12 15 34
2 6 48
13 15 38
12 14 4
1 4 10
15 20 25
5 8 25
20 23 28
15 18 42
23 3 45
19 21 7
22 0 19
3 7 37
11 13 44
0 3 34
5 9 32
17 20 24
7 11 9
4 8 23
9 12 33
16 18 35
23 1 34
22 2 8
8 11 32
10 12 40
0 2 41
14 15 47
15 18 46
3 7 10
4 7 45
2 3 34
19 22 39
11 14 9
19 23 34
18 22 8
19 19 12
14 15 1
23 2 13
12 14 2
0 4 33
2 5 25
9 15 42
2 4 32
5 8 15
1 3 48
16 20 32
1 5 20
8 13 4
19 22 5
6 8 26
18 21 46
7 9 26
21 0 10
12 13 18
2 6 33
20 22 20
19 22 23
12 16 31
21 1 38
18 22 12
2 5 27
5 9 48
21 0 34
20 0 28
19 23 35
6 10 35
12 14 27
20 0 15
17 21 7
15 19 14
14 17 21
13 16 38
17 21 23
8 10 15
17 19 41
6 10 22
8 11 16
2 4 11
8 12 42
8 11 46
6 9 13
6 11 41
1 4 4
15 18 30
18 20 24
5 8 28
6 11 40
11 15 2
9 13 47
2 5 25
3 4 5
6 8 47
11 12 28
11 14 22
4 7 18
21 0 28
5 8 13
21 0 14
18 22 13
15 19 13
0 3 34
20 23 2
3 7 19
17 20 47
13 16 10
15 17 13
17 19 36
22 2 28
7 11 34
14 17 25
8 10 33
17 20 35
8 12 33
9 12 17
17 19 11
16 18 30
17 21 11
9 13 7
19 21 16
19 0 37
8 10 33
22 1 44
19 22 42
17 19 12
2 4 35
23 4 31
14 17 44
12 14 16
15 17 42
12 16 34
5 7 37
5 8 17
5 9 4
13 15 47
9 13 17
11 13 10
21 23 29
0 3 40
16 19 4
19 23 1
7 8 24
14 18 7
22 2 23
17 21 21
22 1 16
2 4 40
0 3 34
10 12 30
17 19 15
2 7 25
4 8 13
21 0 2
15 17 4
20 23 12
13 15 40
0 3 41
11 15 10
19 23 18
18 21 8
17 20 26
5 8 32
7 10 32
5 7 45
14 18 24
16 18 2
17 21 46
11 15 20
22 2 18
21 0 11
8 11 25
15 18 27
19 23 43
7 10 31
9 11 2
6 10 27
9 13 23
11 15 39
9 11 29
22 1 19
4 7 36
22 1 25
22 1 8
0 2 44
3 6 44
10 14 40
13 15 37
12 14 29
3 6 42
2 6 42
6 9 42
6 8 3
15 17 28
10 14 46
23 1 46
12 15 26
11 14 24
17 19 3
5 7 31
15 19 45
13 16 16
4 8 21
3 5 39
17 21 34
20 22 17
15 17 4
16 18 13
20 22 47
17 21 1
17 20 46
0 2 16
7 10 34
14 17 34
13 15 15
15 17 12
1 4 35
14 17 6
10 14 11
23 1 15
22 2 3
14 16 9
17 21 18
7 10 12
12 13 15
17 22 36
5 6 34
2 7 38
10 12 37
19 23 34
18 20 6
21 1 13
23 2 31
18 20 39
14 17 11
10 14 33
15 19 33
17 19 22
3 4 46
18 20 21
11 14 10
21 0 24
12 13 27
8 11 38
3 9 45
14 16 44
17 20 24
14 17 16
21 0 17
3 5 39
5 8 36
7 11 35
8 11 34
12 14 8
2 4 35
5 9 28
4 7 37
23 1 42
15 18 4
6 11 8
0 5 41
4 8 47
23 2 9
16 19 15
15 19 42
15 17 36
12 13 9
18 22 8
0 5 42
1 5 17
9 12 39
0 4 14
3 6 25
8 10 17
8 11 44
20 23 15
20 22 32
10 14 1
1 5 11
3 6 27
6 10 15
2 4 23
14 15 19
1 3 44
14 19 30
6 10 16
4 6 4
3 5 6
10 14 27
0 2 7
3 7 11
23 3 44
4 6 27
23 3 38
2 4 19
9 10 9
14 19 28
19 21 5
11 14 21
16 20 30
9 12 34
16 17 2
6 9 38
21 0 19
9 13 12
8 11 18
4 7 39
11 14 1
12 15 41
3 5 47
16 17 47
7 9 40
8 11 15
14 18 25
0 4 27
20 22 12
17 19 26
4 8 43
21 0 24
7 11 45
23 2 24
19 23 25
13 15 6
14 16 7
23 3 13
6 11 2
3 5 9
4 7 21
9 12 5
13 15 48
22 2 43
1 3 25
2 5 9
11 14 1
9 12 36
20 22 44
11 14 29
23 1 48
14 19 13
8 14 15
12 15 21
8 10 31
21 1 33
21 0 47
9 11 23
8 12 23
23 0 28
8 10 3
1 3 3
9 10 12
18 20 25
1 5 21
3 6 46
18 21 3
12 14 4
20 0 3
21 1 23
20 23 22
8 11 15
10 11 12
11 13 42
3 7 41
15 18 27
18 23 37
17 21 7
5 10 2
15 19 13
4 6 16
3 6 12
1 4 45
11 15 38
19 23 44
15 19 33
20 0 8
0 3 23
6 9 16
20 23 44
20 22 30
19 22 23
12 16 4
10 12 16
21 0 45
16 19 42
6 9 34
4 8 3
21 1 46
5 9 26
22 2 40
1 2 1
4 6 36
21 1 17
11 14 2
2 6 4
15 19 18
20 23 42
21 0 35
7 10 10
11 15 10
8 10 40
20 2 25
11 13 45
13 15 19
13 17 23
19 22 1
5 6 25
6 8 31
16 18 6
21 1 36
0 2 25
21 0 11
12 15 42
23 2 44
19 22 27
20 22 16
16 19 14
18 21 32
20 22 40
21 2 34
18 21 11
13 18 42
1 3 21
1 4 40
8 11 9
19 22 7
8 10 46
0 2 29
10 14 6
11 15 24
14 16 41
12 15 22
3 5 23
3 7 45
15 19 48
12 14 43
22 1 38
20 21 16
23 3 22
0 4 39
9 10 24
5 8 27
12 14 6
3 6 43
23 2 37
15 19 44
11 13 2
8 9 27
8 12 14
14 15 14
7 8 46
8 12 31
11 13 32
2 6 42
11 13 19
20 23 4
11 14 4
18 22 43
9 11 3
12 16 16
2 5 46
13 15 30
15 19 45
11 15 29
14 16 48
23 2 38
22 0 2
5 8 25
14 18 41
5 9 10
13 16 38
23 4 20
8 11 19
12 15 41
11 12 42
8 12 39
13 16 7
10 12 5
16 20 16
0 2 22
9 11 21
12 14 32
12 16 47
14 16 27
3 6 14
13 16 26
10 13 34
5 8 2
10 13 48
19 21 24
23 3 34
9 13 7
13 16 2
1 4 1
21 22 36
18 20 40
8 12 29
8 11 25
15 18 32
10 14 7
10 11 22
18 21 44
3 6 6
8 12 18
21 23 44
11 12 37
14 18 28
13 13 42
7 10 23
20 23 5
10 12 45
1 4 21
23 1 10
10 11 16
7 12 37
20 23 24
3 5 41
2 5 18
8 11 13
17 21 31
12 15 38
23 1 1
1 5 6
19 23 43
15 19 42
15 18 17
10 13 39
19 23 45
9 13 5
23 1 47
2 6 33
2 4 33
10 13 24
4 9 18
8 13 7
12 13 31
8 12 1
6 9 16
22 0 13
15 18 13
13 15 19
9 12 20
10 13 28
7 8 45
17 21 40
23 2 7
12 14 32
19 23 12
11 15 24
23 1 10
0 3 31
18 22 26
20 1 28
21 22 44
22 1 45
0 4 20
13 16 27
17 21 38
21 23 23
21 23 39
13 17 29
22 2 7
2 6 3
15 18 16
21 0 21
0 5 35
0 3 13
19 22 25
4 8 17
12 14 29
22 0 33
11 12 22
21 0 7
3 6 43
6 10 25
20 23 1
22 1 47
15 15 10
5 8 23
14 16 29
9 12 27
20 1 15
2 6 1
13 16 42
16 18 47
21 2 48
22 2 22
6 9 43
1 6 24
14 19 27
0 3 47
12 16 29
0 5 34
19 20 32
8 9 48
20 22 2
9 13 26
1 4 22
11 15 2
9 12 44
9 10 42
0 4 6
3 6 46
12 13 31
5 8 14
22 2 33
10 13 17
9 13 34
2 4 25
20 23 3
16 18 9
2 4 38
3 9 35
9 11 9
3 5 7
11 15 6
12 14 7
23 1 10
13 17 8
19 22 19
13 16 36
19 22 44
20 22 46
18 21 48
11 14 2
15 18 46
8 11 9
19 0 45
10 14 30
16 17 38
6 10 45
13 15 13
2 5 42
7 10 27
7 9 15
14 17 4
3 4 36
3 7 41
17 18 3
7 12 2
0 4 48
18 23 43
23 0 5
17 21 2
7 12 29
8 11 20
15 18 8
7 10 28
15 20 36
3 6 18
21 1 33
17 20 36
10 11 30
21 1 15
21 1 9
13 14 22
21 23 24
0 4 39
0 3 15
21 1 7
20 23 37
11 14 40
6 9 47
3 5 47
16 20 35
14 18 48
11 14 42
20 0 9
19 0 2
4 7 47
12 15 3
19 23 40
3 7 39
15 18 33
0 3 20
3 5 39
4 6 5
17 18 9
6 8 39
12 15 2
16 19 20
6 10 33
7 10 19
8 11 9
1 4 19
13 15 16
21 0 24
13 16 11
15 18 38
19 21 22
15 16 23
22 2 8
16 18 23
5 10 18
0 6 23
17 20 39
22 0 38
3 7 46
12 16 19
7 9 1
15 18 7
8 11 9
8 11 29
10 14 29
2 5 45
13 17 41
17 20 26
19 23 4
0 3 33
13 17 11
18 21 47
18 20 7
6 9 33
16 19 2
8 12 19
18 20 48
8 13 35
16 18 29
9 11 9
22 2 6
15 18 37
23 2 29
5 6 13
21 0 46
20 23 22
18 21 25
3 5 44
5 8 22
4 7 48
15 18 28
20 0 9
2 5 5
16 18 31
8 12 27
15 19 18
21 0 22
14 16 25
18 22 2
23 2 47
20 21 32
15 19 13
2 6 33
2 4 39
4 7 31
16 20 26
11 14 34
10 15 5
3 5 44
3 5 39
22 1 36
2 4 40
13 15 41
1 5 31
20 21 35
16 20 4
12 13 32
20 22 21
14 18 26
10 10 9
4 9 3
2 4 26
23 2 19
21 0 34
13 18 17
8 12 47
12 16 12
8 12 9
7 10 15
4 7 34
19 0 17
21 0 12
14 16 42
11 15 23
5 9 11
15 18 45
19 20 19
11 13 2
19 23 43
5 8 21
14 18 1
9 12 41
19 22 16
14 18 20
3 6 26
0 4 18
7 12 8
10 13 13
12 14 30
15 17 18
21 23 1
8 12 4
21 23 2
6 8 37
12 14 24
23 2 44
18 21 12
5 8 41
11 14 8
19 21 22
0 3 40
3 7 9
8 11 39
13 17 36
10 13 30
19 23 31
18 23 10
11 15 44
20 0 4
6 9 10
17 22 23
3 7 34
16 19 2
20 22 44
15 19 47
16 19 22
4 8 20
23 1 25
9 12 29
1 4 7
2 3 12
12 16 15
17 18 22
21 1 8
10 13 45
23 2 17
21 3 34
2 5 26
20 22 46
11 14 47
18 23 1
12 16 19
8 12 41
18 20 25
17 18 8
22 2 24
2 5 7
10 14 41
0 4 38
15 18 21
10 14 29
17 20 39
21 0 38
11 13 38
11 15 46
18 21 5
2 3 11
19 21 17
21 0 21
5 7 41
9 12 5
1 3 35
14 17 21
6 10 31
13 15 25
0 4 3
18 22 37
6 9 36
22 1 9
13 16 38
11 13 20
0 2 26
7 12 7
20 23 1
23 1 42
6 9 45
6 8 11
20 1 44
1 4 33
2 5 39
17 20 24
19 21 39
9 13 12
4 7 28
11 13 38
9 13 32
10 13 48
16 19 24
2 6 34
14 17 2
12 15 26
1 5 28
2 6 17
19 20 28
20 22 26
21 23 2
21 22 42
4 4 25
2 5 15
2 4 36
20 23 46
8 9 47
14 17 37
15 19 40
0 2 27
5 7 18
17 20 18
14 17 5
21 0 21
5 7 11
15 16 16
2 5 43
14 17 6
15 17 9
5 8 22
16 19 19
12 15 38
17 22 8
5 10 9
6 12 35
16 20 22
13 15 4
6 9 47
23 2 35
18 22 40
11 13 46
14 16 18
1 5 15
10 13 14
14 16 37
4 7 44
21 1 24
22 0 46
7 10 10
12 15 37
8 11 31
23 2 37
1 3 8
18 20 44
1 5 7
18 20 22
3 5 18
3 3 30
5 7 43
4 7 34
12 16 25
17 20 33
23 3 45
18 20 6
16 19 18
17 18 18
19 21 10
17 20 4
20 22 22
15 19 3
0 3 1
12 15 39
18 21 9
2 7 21
11 15 33
17 18 14
1 2 19
21 23 36
3 7 12
8 11 48
6 7 35
19 22 3
19 21 48
12 15 33
4 6 32
22 1 23
14 18 12
9 12 28
4 6 45
17 20 4
16 20 41
17 21 41
2 3 3
7 9 37
1 5 1
20 23 34
3 6 21
11 14 5
1 3 30
18 20 27
21 0 4
12 16 44
16 20 27
14 16 43
1 3 37
5 7 10
12 14 14
3 5 18
4 5 22
22 1 23
2 5 9
12 15 29
1 2 37
17 19 48
9 11 1
13 17 42
10 13 32
15 18 39
7 10 4
8 12 16
14 18 23
8 13 40
6 10 24
8 11 9
20 21 29
2 6 22
16 21 4
15 18 29
10 12 2
13 17 8
20 23 11
16 17 40
15 20 1
3 7 22
17 20 3
14 18 33
17 20 2
2 5 45
3 7 7
8 10 48
13 16 8
18 21 33
5 8 28
17 19 33
3 5 20
11 15 24
22 22 39
14 16 23
22 4 43
4 7 7
8 11 10
16 20 32
7 9 4
7 11 38
7 10 16
8 11 5
14 17 10
13 14 11
9 11 44
21 0 47
10 13 48
1 3 22
19 22 37
9 12 17
9 11 27
6 10 30
3 6 10
16 18 20
20 22 9
10 14 36
17 20 29
8 10 38
23 1 7
6 8 14
22 0 20
2 5 35
7 11 7
5 7 29
7 8 19
14 17 39
14 17 41
15 17 18
5 8 34
3 5 18
11 14 27
9 12 23
20 21 3
2 5 31
3 8 22
21 0 13
16 18 30
5 7 43
18 21 5
3 7 30
2 6 45
7 10 5
17 19 20
14 16 27
21 1 13
20 23 43
18 22 3
10 13 43
7 10 39
14 17 24
14 16 16
11 14 36
20 23 22
23 2 9
1 4 20
10 11 19
5 6 21
3 6 1
6 9 37
14 18 21
12 15 26
2 6 46
8 10 43
2 4 1
7 10 46
6 8 42
12 14 42
3 6 9
7 9 4
11 14 19
17 21 18
12 15 28
2 4 21
16 18 46
15 19 23
8 12 41
19 22 24
10 12 45
5 8 40
15 16 18
20 23 19
7 10 10
0 5 13
12 15 2
12 14 45
22 0 27
23 1 11
5 10 39
9 12 21
9 12 6
6 8 23
0 3 24
7 10 32
16 17 13
15 17 16
11 13 48
9 11 35
7 10 10
10 10 6
18 19 13
1 4 8
1 4 23
7 10 26
21 1 24
6 10 9
3 7 23
4 6 10
11 14 28
14 15 1
8 11 30
15 17 47
7 11 25
1 5 19
16 18 17
18 21 21
0 2 4
8 12 46
2 7 20
11 16 41
13 15 29
5 8 18
21 0 37
21 1 15
15 18 38
12 15 44
14 15 8
12 16 23
5 8 12
14 16 39
22 0 24
14 15 34
1 4 28
20 1 7
17 19 29
12 16 46
9 10 34
20 23 8
3 6 24
14 16 30
7 11 24
9 13 39
20 0 12
12 14 22
10 13 39
0 4 36
2 6 10
5 9 29
2 5 6
0 3 41
17 20 18
5 8 20
6 8 9
22 2 19
8 12 45
1 3 17
7 10 9
6 9 37
13 17 16
1 4 9
5 8 9
19 22 8
10 14 4
4 6 21
12 17 44
23 3 12
22 22 42
19 22 15
13 16 40
3 6 38
5 7 44
20 23 32
9 14 28
11 16 46
2 6 24
0 4 20
15 19 26
18 21 24
22 1 15
8 12 4
11 16 24
0 3 38
11 15 11
0 2 3
7 11 3
23 0 41
16 19 28
11 13 14
9 11 27
12 14 8
16 18 27
11 14 14
18 23 43
11 15 21
1 5 32
0 3 1
14 16 26
19 21 32
3 6 42
17 20 6
19 21 42
9 12 12
3 6 34
13 17 13
7 9 41
1 3 5
11 14 12
2 6 47
10 13 32
16 18 40
20 0 21
12 13 40
5 10 38
18 21 23
10 11 45
20 23 10
23 1 45
16 20 45
23 3 47
10 12 27
12 17 39
22 1 48
5 8 4
17 20 34
12 14 10
13 17 34
21 0 44
6 9 39
8 10 3
7 9 30
4 8 42
5 8 42
22 2 4
4 5 38
13 15 32
17 20 29
19 21 31
7 12 47
1 4 2
5 8 23
9 13 14
14 17 47
1 4 9
5 8 23
9 10 29
16 19 40
10 13 24
12 16 19
19 21 39
0 4 47
20 22 30
8 12 26
5 6 7
8 11 1
1 4 22
19 21 23
22 1 23
6 10 44
18 22 19
15 19 42
15 16 46
11 15 11
3 7 37
5 8 8
3 6 38
6 9 12
16 18 17
1 3 43
19 0 1
15 20 46
22 2 45
12 18 22
23 1 11
21 23 13
6 8 37
13 14 24
4 8 5
20 23 35
18 21 24
6 9 42
20 22 11
3 5 6
14 16 8
1 4 16
15 19 15
22 1 6
15 18 26
0 3 47
5 7 19
9 12 36
10 13 34
13 15 27
22 1 41
20 21 40
3 6 43
3 6 18
7 9 46
16 20 21
15 18 26
4 8 25
23 0 44
14 17 14
1 6 39
23 1 25
21 23 41
15 17 42
4 7 3
19 22 3
4 7 5
15 18 40
16 17 42
6 10 10
3 5 31
12 13 8
18 19 20
1 3 9
21 1 46
19 23 27
3 7 10
5 7 44
4 7 16
15 16 6
20 22 11
0 1 4
17 20 12
14 18 9
7 11 41
9 11 25
8 8 8
4 6 40
4 8 41
19 21 37
4 7 48
16 20 6
2 6 6
14 15 1
4 7 26
2 5 33
19 21 10
22 2 30
7 9 15
10 15 34
7 9 7
22 3 15
15 16 39
18 21 36
7 9 30
1 3 29
10 13 43
0 2 14
10 12 12
15 19 43
19 23 37
7 8 33
9 11 40
7 12 40
7 8 17
20 1 19
15 18 35
9 12 8
19 20 32
8 12 2
14 16 22
21 1 5
8 11 45
11 12 23
16 18 4
21 0 1
11 13 30
15 17 13
15 19 12
9 11 28
8 11 47
10 14 4
12 14 28
21 1 19
21 23 7
12 17 26
1 4 44
11 15 44
4 7 10
6 7 42
9 12 45
14 17 26
8 12 33
2 4 28
1 4 40
4 5 18
23 3 30
2 5 22
0 3 42
16 20 27
18 20 32
17 20 27
18 22 13
17 21 27
19 23 5
12 13 31
18 20 21
22 2 40
18 21 8
19 21 24
21 23 38
11 14 5
11 14 25
4 9 7
4 6 2
4 7 15
2 6 9
11 16 39
2 6 48
21 1 14
9 11 29
3 8 48
9 11 43
7 11 43
4 7 42
22 0 28
3 7 12
0 3 24
10 13 47
20 21 41
20 22 28
20 1 42
3 6 18
15 17 2
0 2 2
0 4 41
20 22 33
10 14 13
8 8 14
0 3 33
19 22 11
0 2 31
22 2 14
12 15 25
6 8 14
18 19 32
17 21 47
9 11 47
6 10 24
11 15 13
4 7 47
23 2 27
18 20 7
7 11 10
20 21 24
14 17 31
20 23 33
21 22 35
20 0 30
21 23 45
21 23 13
3 6 36
7 8 48
22 1 17
5 8 44
14 15 19
8 12 36
14 17 12
17 21 24
12 15 40
8 10 7
22 0 45
13 15 35
7 10 43
11 14 20
18 23 38
16 18 46
22 0 47
7 11 23
17 18 36
2 4 2
2 5 29
11 14 18
0 5 48
14 15 12
21 0 35
10 12 19
2 3 45
7 10 32
1 5 10
9 12 22
10 14 42
1 3 20
23 2 30
14 16 33
16 20 25
22 0 43
10 13 5
9 12 3
12 13 11
23 1 13
20 22 13
2 5 6
16 18 46
12 15 35
23 0 48
16 17 5
2 6 17
21 0 31
10 13 13
9 11 8
23 1 29
22 2 41
8 12 17
10 13 19
16 20 27
20 22 24
23 2 45
15 17 1
23 2 11
16 20 43
13 15 1
14 17 43
5 9 1
15 17 35
23 0 44
2 6 4
1 4 26
17 20 44
0 4 28
23 0 41
6 9 21
