3000 32
19 2 27 7 12 10 23 5 24 7 32 16 15 28 7 24 1 25 16 12 19 20 9 1 3 6 23 9 27 10 12 31 
7 10 17
7 10 15
16 19 18
16 18 16
13 15 29
13 17 3
16 19 19
10 13 2
14 17 21
23 1 22
6 9 14
19 21 18
13 17 26
16 19 26
0 1 3
6 9 16
0 1 2
13 17 22
11 15 16
7 11 2
9 13 10
9 13 22
7 9 27
11 14 2
5 9 31
22 0 32
0 3 27
2 6 23
17 21 28
18 21 14
13 16 20
0 2 20
20 23 29
4 7 15
2 5 17
10 13 22
21 0 24
6 9 15
13 16 31
23 1 1
6 9 18
22 2 7
12 16 28
3 5 29
7 10 19
3 5 16
15 19 12
13 18 11
21 1 17
2 5 32
3 6 21
11 15 21
11 14 24
16 19 14
8 11 5
10 13 3
21 0 9
16 17 10
14 15 30
5 8 12
8 12 10
15 19 29
3 8 17
12 14 10
13 17 16
12 15 5
5 8 22
21 0 9
23 3 9
6 9 10
5 9 26
10 13 7
11 15 28
5 7 23
10 11 29
15 17 19
0 2 12
21 23 23
23 3 19
0 3 1
17 20 19
11 14 25
10 12 30
10 13 21
6 9 14
20 0 12
0 3 13
8 11 15
7 10 17
16 21 7
5 7 5
5 7 22
5 8 31
9 12 14
21 23 32
23 3 12
1 2 21
8 9 12
18 21 23
21 0 30
14 17 32
10 12 21
8 10 24
12 15 8
0 3 15
17 23 26
3 5 20
12 15 27
4 6 16
22 1 31
13 17 5
7 11 23
12 15 21
21 23 12
14 17 27
8 12 31
17 21 13
20 22 8
7 9 17
2 3 1
23 3 21
7 9 21
11 14 23
21 0 13
13 14 6
16 20 21
11 13 29
2 5 18
3 8 26
5 10 6
3 5 21
7 10 4
1 3 22
14 17 4
7 12 30
6 7 19
7 10 20
17 20 10
16 19 29
10 12 10
19 23 28
15 20 22
8 11 7
22 23 10
19 21 15
15 18 17
16 17 10
5 8 19
20 1 5
17 20 4
8 9 15
16 18 9
20 23 4
11 14 24
0 2 20
19 22 24
16 16 10
12 14 22
4 7 6
23 3 2
0 2 1
12 17 14
23 1 3
23 1 16
6 8 14
22 0 15
9 11 8
4 9 4
15 17 2
4 6 17
22 1 10
17 19 21
5 8 17
2 5 21
6 9 23
22 1 25
4 6 20
3 6 16
21 2 3
15 17 26
16 18 21
4 8 32
19 0 8
12 15 16
17 21 18
7 8 24
1 4 19
6 9 3
16 21 18
13 14 30
11 13 9
23 2 2
9 11 3
22 0 32
13 17 2
8 10 16
22 0 22
16 17 3
9 13 5
8 13 3
0 4 31
0 4 24
20 21 29
2 6 4
23 1 4
3 7 22
9 13 22
10 13 3
1 4 11
0 3 27
16 20 23
2 4 19
16 18 18
7 9 9
13 17 31
5 8 4
19 23 20
8 10 14
2 5 11
3 6 29
15 18 21
4 7 5
18 20 9
12 17 18
12 15 31
12 14 31
16 20 12
1 3 14
22 2 22
20 22 7
14 17 3
20 23 3
18 19 25
6 10 8
14 16 23
10 13 18
3 6 29
17 20 10
11 13 2
22 2 17
19 22 30
13 14 30
23 2 18
13 15 4
10 12 31
22 1 32
20 22 19
17 21 28
14 19 19
6 8 21
21 0 19
23 2 21
23 2 2
16 18 30
23 2 2
11 15 6
22 3 23
4 7 19
20 2 22
1 3 20
8 11 4
21 0 13
4 6 11
0 3 20
11 14 7
12 15 25
21 0 27
16 20 21
22 2 26
12 15 19
23 3 32
10 13 12
18 20 16
4 7 17
19 22 32
9 13 29
12 15 29
14 17 23
14 17 11
0 2 1
10 12 13
4 7 22
7 9 21
12 16 22
2 6 26
20 22 29
18 22 25
3 6 14
1 4 14
1 5 16
21 0 23
1 4 17
4 9 9
14 17 10
7 10 24
9 13 29
5 8 21
5 8 19
20 23 20
20 23 9
8 12 32
15 20 19
18 19 3
14 19 28
13 17 7
13 14 27
3 5 5
3 5 18
9 13 7
1 3 26
3 7 27
22 1 18
14 19 28
10 13 24
0 3 30
3 7 16
2 5 26
23 2 5
2 5 28
5 10 31
19 23 8
3 6 27
9 12 28
0 2 8
12 15 3
18 23 20
6 9 28
13 14 12
16 19 27
8 10 31
4 8 11
21 23 11
4 6 12
20 0 24
12 15 20
7 9 9
21 1 28
13 16 25
20 21 20
11 14 31
17 20 3
22 1 1
16 18 20
19 21 22
1 5 23
15 19 18
1 5 8
8 13 28
21 1 6
13 15 6
12 15 8
16 17 6
11 14 17
14 18 6
7 10 13
15 17 25
18 20 26
20 0 6
5 7 25
18 22 5
23 2 27
18 20 12
23 1 29
21 1 31
1 4 15
10 16 29
13 17 19
19 22 22
4 7 1
16 18 3
7 11 23
10 14 27
5 8 20
21 1 31
12 14 9
22 1 7
16 19 10
18 21 5
18 21 25
3 5 1
3 5 7
15 19 7
10 14 15
12 15 2
16 18 12
17 21 6
14 18 19
2 4 24
9 13 25
15 17 21
17 22 18
14 18 6
14 16 31
6 10 15
11 14 26
14 18 20
4 7 4
11 15 9
21 1 20
9 12 22
12 13 13
3 7 12
20 23 8
20 2 11
1 4 18
8 11 13
14 15 31
17 20 2
4 7 20
16 19 5
23 2 5
17 22 11
13 17 27
17 21 3
1 4 22
19 22 5
12 17 15
6 10 15
0 5 3
16 19 11
5 9 22
7 11 30
12 14 20
21 22 15
21 0 25
19 21 11
4 8 18
17 20 5
6 9 20
4 5 5
12 15 11
1 5 22
23 0 4
21 0 21
13 17 31
17 20 29
20 23 4
18 21 22
7 11 4
23 1 1
3 6 6
0 3 22
10 15 4
18 20 21
15 16 16
11 14 1
11 13 11
6 10 2
1 4 11
11 14 2
0 4 27
12 15 15
23 3 8
6 8 10
1 4 9
12 15 28
14 15 4
10 13 21
13 15 2
3 8 13
10 12 12
5 8 24
0 3 5
15 19 32
15 18 13
3 5 30
14 16 14
6 9 25
3 4 14
10 13 1
16 18 10
21 23 20
16 19 19
18 20 23
16 19 31
18 21 4
2 5 29
6 10 21
2 4 30
0 3 15
3 4 8
12 14 2
18 21 18
3 7 23
3 7 25
17 21 16
9 12 19
1 4 4
18 22 24
8 12 7
20 0 7
9 11 26
22 2 19
13 17 2
16 19 9
1 3 7
21 2 18
22 0 8
2 5 16
0 2 24
18 20 30
17 21 7
5 9 24
11 13 11
23 3 12
0 3 16
17 21 14
13 16 20
10 14 8
13 16 16
5 6 2
0 2 10
18 21 4
19 22 22
18 21 29
9 14 14
0 4 27
4 8 21
13 16 20
10 10 26
23 2 26
19 22 8
10 11 30
2 5 22
12 14 32
3 6 17
18 21 25
5 7 11
17 19 19
1 4 30
8 12 13
16 17 13
11 15 27
18 22 8
20 0 31
3 6 9
21 22 4
0 2 21
3 7 9
22 1 1
18 20 4
21 23 22
12 16 24
15 17 19
20 0 10
15 17 2
3 5 25
16 18 12
10 15 13
4 6 24
1 3 19
15 17 8
17 22 17
16 18 12
18 21 19
11 14 7
18 21 11
17 20 5
18 21 9
16 19 4
19 0 18
6 8 24
12 15 20
14 18 19
13 15 11
22 1 30
11 14 15
17 20 7
17 20 11
0 3 26
8 11 23
17 20 32
23 0 9
23 3 20
9 13 27
23 2 5
23 3 11
16 19 8
22 2 1
11 15 4
1 3 17
7 10 21
14 17 12
19 22 21
16 19 3
17 20 21
15 18 24
18 21 27
15 18 13
15 17 23
3 6 15
3 5 4
17 19 24
22 1 3
9 12 2
1 5 23
3 7 4
13 16 1
15 19 6
13 16 20
7 11 22
0 5 30
13 17 10
9 11 10
20 23 2
7 11 12
2 5 17
1 3 25
16 21 4
15 18 29
16 19 15
12 12 26
2 5 7
8 12 20
8 10 29
17 20 26
15 19 20
5 8 2
12 15 6
9 13 25
20 23 29
17 20 10
19 20 31
21 22 21
21 0 23
22 2 4
11 15 1
4 9 25
20 22 15
20 23 24
6 10 17
5 9 13
16 19 32
22 0 16
7 10 29
18 21 10
9 11 14
14 16 6
10 11 22
12 16 32
2 5 3
4 6 8
18 18 20
20 0 3
16 19 25
14 16 9
23 2 5
19 22 16
3 7 3
9 11 15
8 11 25
18 20 10
7 9 10
22 2 10
19 23 18
16 20 15
15 19 24
2 4 4
20 22 7
9 11 26
8 8 14
4 7 4
9 13 20
19 23 6
4 8 4
12 15 6
17 19 17
16 18 23
0 3 9
3 7 6
4 6 26
16 19 7
4 6 19
11 13 20
3 6 31
7 10 20
1 5 13
15 16 16
20 23 4
8 8 32
14 19 4
0 4 15
20 22 14
12 14 27
16 19 27
1 5 15
23 1 19
19 21 21
13 16 6
8 11 15
10 13 9
10 15 29
7 9 32
3 6 12
21 2 11
5 7 3
2 5 19
10 14 8
1 5 27
14 17 6
20 0 1
15 17 26
23 2 6
2 7 11
0 5 26
10 11 14
3 6 11
18 22 13
6 9 20
7 11 15
18 20 7
15 19 31
11 13 2
5 7 13
9 11 30
0 4 20
6 8 21
16 19 30
21 0 13
0 2 32
8 10 16
8 11 29
22 1 12
3 6 19
16 19 23
17 21 13
6 9 7
8 10 8
9 12 31
15 17 24
16 18 5
3 4 7
23 1 24
8 13 25
6 9 3
2 5 10
13 15 10
22 0 21
13 17 22
10 12 5
18 21 7
16 19 19
1 3 21
5 8 28
20 0 2
4 7 13
16 17 3
10 12 28
4 9 13
16 18 15
23 3 14
4 6 31
20 23 8
2 5 27
9 11 23
3 5 24
17 19 8
10 14 15
9 12 2
3 6 20
7 9 26
13 16 11
11 16 12
13 17 32
12 15 6
2 3 7
1 4 16
17 20 21
2 5 14
23 1 11
15 18 11
10 13 2
10 14 12
5 8 18
18 23 14
7 11 6
2 3 7
10 14 1
5 9 20
5 8 3
11 15 7
21 23 23
19 22 1
8 11 30
22 2 10
1 5 31
4 6 12
20 22 1
4 8 28
3 7 16
13 16 5
18 19 5
22 1 28
4 6 13
15 18 1
17 21 1
22 1 17
18 22 4
23 2 18
6 9 24
9 12 22
16 21 2
4 9 14
21 1 16
12 14 6
23 2 17
15 18 17
11 14 1
16 19 15
22 1 17
21 0 23
23 2 26
3 5 4
23 1 13
9 12 14
19 22 17
10 12 11
10 14 8
15 17 5
9 12 27
5 8 10
20 23 8
6 11 22
9 12 6
9 10 5
6 9 6
17 20 31
0 3 11
14 18 27
19 22 25
1 5 5
7 11 18
18 21 20
22 1 13
15 19 29
11 16 25
7 11 3
9 13 28
12 13 21
0 3 4
1 4 13
4 7 29
23 1 17
2 5 16
6 9 16
17 21 9
1 4 1
23 2 17
15 18 31
20 23 22
11 14 12
4 8 11
8 11 5
22 0 6
18 22 17
6 10 24
18 21 28
5 8 14
5 9 11
0 4 17
0 4 11
22 0 28
7 9 32
1 5 22
11 15 3
16 19 24
11 14 28
0 3 28
1 2 32
20 21 32
14 17 21
0 2 19
23 3 14
21 0 2
18 21 20
8 12 32
20 23 9
16 18 9
3 6 23
5 7 12
4 6 10
8 11 30
21 1 32
15 18 29
7 11 26
0 2 25
10 14 24
12 15 3
21 23 27
8 9 4
8 12 6
3 5 26
7 9 2
7 9 4
1 5 4
1 5 29
3 5 20
2 6 20
4 6 32
4 8 29
17 20 14
6 8 25
3 7 19
23 2 9
1 3 15
13 16 11
1 5 2
12 16 29
21 0 31
10 11 17
0 4 32
1 3 28
19 22 27
12 15 5
18 21 27
18 20 1
5 8 24
12 14 29
0 3 6
16 20 2
21 0 4
17 21 19
12 15 28
3 5 24
21 23 26
20 22 21
15 18 14
14 18 5
4 7 3
10 14 26
16 18 4
11 15 9
0 2 6
16 19 15
23 0 20
13 18 3
10 14 30
7 11 19
10 12 13
12 15 3
2 5 20
11 15 17
6 10 10
11 13 25
7 9 32
11 15 25
20 22 2
23 2 6
11 15 19
1 4 30
0 3 26
20 22 22
14 19 26
23 2 23
1 5 4
20 23 12
17 19 15
21 0 7
10 13 12
15 18 9
15 19 18
20 23 21
4 8 31
9 14 7
20 23 10
11 14 21
4 7 2
16 20 28
23 2 22
3 4 29
20 23 9
10 15 17
14 17 23
17 19 21
16 20 8
21 0 5
14 16 1
4 7 29
14 16 18
23 2 21
20 23 19
13 14 1
8 10 20
12 15 24
11 14 30
4 6 29
20 2 8
5 9 22
9 11 19
13 16 19
14 17 20
12 16 17
15 17 22
22 23 13
4 6 3
2 5 5
5 8 5
3 8 23
1 3 20
17 19 15
2 7 9
20 2 3
4 6 4
11 14 26
21 1 9
22 1 32
4 7 5
20 23 15
8 11 5
13 16 14
21 0 20
4 8 18
12 16 13
10 12 11
18 19 16
14 17 7
15 19 10
17 19 1
4 7 27
17 20 11
13 16 14
5 9 5
3 4 27
11 15 9
20 23 7
23 2 12
11 14 3
3 6 5
20 0 3
18 21 8
23 2 27
23 1 23
2 5 14
8 9 10
10 14 24
4 6 26
19 22 29
6 9 8
22 0 15
3 6 2
3 6 24
7 10 8
10 13 12
4 8 31
17 18 27
22 1 11
2 5 8
10 13 7
8 11 17
20 0 6
4 7 13
19 22 8
10 13 7
22 3 27
8 12 17
4 7 10
14 18 5
4 7 7
2 5 11
6 8 20
2 3 22
10 12 11
18 21 6
19 23 5
13 16 24
12 15 32
11 14 7
15 18 12
16 18 1
16 18 8
14 16 8
1 4 29
2 5 19
15 18 6
9 13 14
20 1 7
1 6 32
23 1 4
5 8 32
3 6 10
12 14 32
16 21 16
10 12 26
1 4 10
23 2 26
22 1 17
14 16 9
3 6 29
10 12 31
3 8 24
15 18 10
23 2 13
0 4 12
1 4 11
18 20 18
5 10 31
14 16 9
12 15 29
0 4 17
2 6 31
17 20 19
19 23 6
14 18 17
1 4 25
16 19 4
18 22 1
13 18 21
13 17 23
18 22 13
11 14 2
21 0 23
6 9 9
8 11 8
18 20 20
15 17 5
5 7 8
15 17 2
13 16 17
22 0 9
6 9 18
18 21 10
6 10 5
8 11 19
17 21 16
19 22 23
20 0 25
17 20 7
18 21 31
14 19 17
23 2 29
8 11 19
9 11 27
15 19 25
11 15 9
21 1 24
10 14 8
21 1 31
23 2 1
11 15 28
3 6 9
17 20 25
20 21 14
18 22 28
9 13 23
11 12 30
0 3 18
0 3 31
11 13 12
6 9 32
1 4 23
6 10 4
15 17 13
22 23 5
2 6 21
15 19 19
22 2 22
20 22 29
6 9 29
10 15 10
14 18 21
23 3 24
7 12 9
1 6 12
7 9 15
19 20 27
14 17 2
12 14 20
1 5 12
2 6 18
13 16 11
23 2 14
0 3 15
3 6 13
13 14 9
22 1 5
23 3 2
2 5 17
10 11 7
21 23 8
7 11 18
0 3 28
0 2 25
3 7 20
18 19 32
22 1 24
15 18 13
9 11 26
14 18 14
13 16 8
4 7 17
3 6 5
10 12 6
23 4 17
23 2 1
2 4 17
16 19 11
2 6 1
12 15 12
0 2 1
15 18 32
8 12 19
13 17 4
3 7 31
13 16 10
4 6 26
7 10 1
9 13 12
0 3 10
14 17 28
18 19 23
0 2 27
15 18 11
16 19 12
18 20 15
19 23 11
22 0 8
15 19 9
15 18 4
8 11 16
8 11 29
21 23 31
1 2 31
14 17 23
5 9 32
9 11 10
18 20 9
23 1 7
4 6 18
10 12 15
6 8 13
23 3 4
16 20 28
12 14 20
20 21 12
13 17 21
21 0 4
13 16 5
22 0 24
6 8 22
2 6 9
2 6 5
3 5 4
0 3 19
2 6 10
6 9 11
17 18 13
0 4 22
8 10 15
19 20 22
4 5 26
9 11 18
18 21 19
10 13 15
11 16 16
21 2 13
14 17 16
5 9 12
21 0 17
12 16 29
5 9 18
5 9 2
14 17 26
0 3 9
18 22 6
10 14 28
5 8 2
22 1 6
11 15 17
10 13 17
0 2 19
14 17 20
9 12 18
16 19 1
13 16 13
6 9 11
16 18 6
16 18 6
11 13 18
12 14 27
12 14 21
16 19 27
15 19 10
17 20 18
20 0 21
11 13 8
20 22 7
17 20 28
7 10 6
0 3 27
22 2 10
19 23 22
20 0 12
22 23 28
12 16 31
15 17 31
9 10 13
14 17 6
1 5 4
2 5 24
17 21 32
12 17 27
8 11 10
17 21 14
4 6 29
14 17 32
19 23 5
6 10 1
18 21 2
5 5 11
7 10 7
15 17 20
1 3 3
15 17 32
17 19 7
11 14 10
7 11 19
1 3 7
17 19 2
3 6 20
5 8 24
18 21 23
7 11 17
3 5 4
15 19 13
16 17 12
8 10 18
4 10 10
22 1 32
23 3 32
7 11 22
15 18 7
21 1 2
23 0 2
11 14 1
9 13 1
10 13 21
15 17 5
11 14 15
22 2 1
18 21 21
2 5 9
1 4 28
3 4 5
21 0 32
18 21 18
12 14 30
20 22 16
6 10 18
21 1 25
8 9 7
19 21 6
9 14 11
6 10 28
23 2 19
3 5 21
16 17 22
5 8 21
17 21 32
0 4 18
4 8 28
1 4 16
12 15 25
18 21 18
6 10 10
13 16 20
9 13 27
7 9 15
10 13 15
5 8 1
10 13 2
6 9 13
14 17 25
22 2 8
3 4 17
10 13 12
21 1 22
9 11 3
15 18 6
15 17 7
23 3 29
15 17 2
9 11 27
14 18 20
0 3 17
13 16 25
14 17 8
7 10 10
17 20 15
5 7 31
14 18 26
14 16 6
19 21 27
22 1 6
11 15 6
10 13 17
12 16 7
5 9 20
23 3 5
2 4 31
2 4 27
20 1 15
10 15 29
10 12 32
22 1 2
11 14 31
8 10 11
8 11 25
0 1 12
8 12 15
13 16 9
1 4 30
16 21 17
9 12 30
11 15 2
18 20 4
12 15 20
0 5 17
0 3 32
17 21 16
19 22 28
19 23 31
5 8 28
14 16 15
20 22 17
17 19 30
15 19 29
11 15 10
18 22 25
13 17 1
23 2 24
8 10 12
23 2 30
8 11 28
10 11 24
20 23 10
3 6 21
18 20 9
19 23 19
16 20 8
18 21 2
18 22 13
0 3 7
19 22 20
1 4 28
13 17 29
15 19 25
18 22 11
23 2 19
3 7 14
15 19 2
9 10 25
4 7 11
3 7 2
5 8 23
23 3 24
12 14 26
9 12 25
1 4 3
15 19 11
19 22 22
20 1 2
23 2 9
9 12 5
9 12 11
6 7 13
12 15 27
9 12 19
7 9 19
14 17 26
19 21 19
5 7 28
3 7 9
0 4 29
6 9 28
10 11 27
17 22 11
18 19 28
14 18 3
11 16 17
19 23 1
13 15 15
7 10 29
1 3 22
23 1 19
4 8 9
11 16 3
8 10 5
22 0 10
20 1 8
13 16 23
6 7 18
5 10 14
13 16 22
2 3 6
11 13 25
5 8 22
18 23 12
21 0 4
14 18 21
0 2 24
4 7 30
14 17 7
19 20 5
3 6 30
2 6 11
21 0 12
15 18 11
12 14 13
23 2 14
14 18 16
9 13 4
16 19 1
12 14 7
16 21 30
15 19 10
0 5 2
20 1 6
13 14 8
3 5 6
14 16 11
14 18 26
13 16 16
18 21 7
7 9 8
14 18 15
2 4 20
6 10 31
14 17 6
19 21 28
11 15 26
0 4 5
12 14 18
8 12 13
17 20 6
22 1 11
0 3 21
10 13 13
12 15 14
21 0 12
21 2 32
23 3 24
14 18 26
6 10 4
0 4 17
15 20 13
12 16 32
11 15 19
11 14 31
7 10 31
17 20 14
18 19 23
2 4 31
16 18 21
14 17 23
16 19 4
7 10 8
21 2 15
19 21 4
5 6 1
21 0 32
9 14 20
12 14 2
12 17 21
9 12 31
23 2 28
3 7 11
22 0 12
7 8 1
14 17 17
2 5 31
10 11 9
21 0 17
0 3 17
12 13 17
10 13 15
16 20 18
21 0 2
10 14 21
11 14 25
2 5 6
4 8 2
23 1 4
4 7 17
5 8 19
1 4 18
7 11 12
5 8 6
21 0 27
14 17 21
19 20 7
14 16 10
17 19 22
23 1 2
10 12 15
15 17 17
16 18 1
20 23 19
12 15 20
20 23 21
3 5 18
3 6 25
5 7 3
0 3 9
17 20 29
13 17 8
7 9 13
5 9 13
3 5 31
18 21 32
14 18 28
13 16 32
17 19 7
2 7 7
5 9 27
15 17 27
17 21 5
6 9 27
3 7 19
5 8 30
18 23 12
3 6 13
4 7 1
18 20 4
2 6 32
22 0 32
13 17 24
10 13 27
11 14 16
22 1 10
6 10 18
5 9 14
20 22 21
17 18 21
23 1 22
23 3 4
9 11 23
1 4 14
14 18 12
18 21 12
2 5 25
3 8 18
17 21 30
22 2 24
14 16 3
17 18 13
0 3 32
19 22 24
6 9 9
11 16 14
21 22 11
21 23 23
4 6 24
2 4 8
9 14 22
17 20 16
3 5 9
4 8 30
15 18 3
15 18 30
6 10 29
11 13 25
13 15 2
20 22 16
7 8 30
4 6 2
9 12 21
15 19 20
22 1 27
8 12 1
0 5 19
6 8 1
2 5 19
18 21 2
5 8 22
22 1 2
21 2 8
6 8 4
18 20 3
17 21 24
4 8 24
10 14 14
4 7 24
22 0 22
1 4 2
13 18 17
0 2 5
22 1 29
10 13 2
12 15 29
2 4 31
15 20 10
14 18 24
14 15 11
16 19 27
15 19 23
10 13 1
12 15 30
6 9 2
22 1 8
6 8 19
12 14 7
5 6 23
10 14 21
21 1 2
1 3 27
5 9 27
9 11 15
9 12 18
4 6 12
17 19 7
15 18 20
20 0 9
23 0 26
18 21 32
13 17 10
10 12 1
12 15 1
9 11 4
13 17 9
5 9 19
11 14 8
17 21 18
23 1 3
9 12 12
18 21 26
10 14 28
8 12 19
4 7 19
9 12 29
20 22 30
1 4 12
22 0 32
7 8 30
21 1 22
0 3 2
23 2 17
9 12 16
21 23 12
13 16 16
22 3 31
11 14 24
23 3 9
14 16 13
17 21 21
21 1 7
15 18 8
14 17 8
19 23 4
4 8 27
4 4 14
23 1 1
19 21 28
23 2 21
1 4 21
7 7 17
1 4 25
2 5 10
0 3 32
15 19 18
10 13 9
9 13 8
2 4 25
17 20 6
3 5 10
10 14 13
5 8 18
12 14 11
3 6 4
23 2 15
4 6 10
15 17 17
15 18 19
13 16 29
12 14 25
22 1 31
20 23 24
8 10 22
3 5 10
7 10 8
17 19 3
8 12 16
9 12 7
3 7 7
6 10 2
8 11 4
8 10 3
10 12 21
2 4 22
3 5 22
10 13 28
1 5 29
3 7 2
9 11 25
7 11 29
6 10 4
19 23 1
7 11 16
14 19 7
23 3 13
1 5 6
20 21 25
10 11 15
3 5 32
23 0 23
0 4 11
8 13 13
22 2 6
23 3 19
10 11 22
4 9 4
1 5 10
22 0 9
0 3 30
9 11 26
9 11 26
17 20 2
17 21 23
12 15 22
6 8 26
11 15 27
11 14 28
0 4 25
15 18 11
0 2 4
19 23 6
6 9 19
18 22 28
18 21 32
0 4 8
11 14 30
3 5 13
20 23 31
16 17 17
12 15 23
10 13 9
6 10 23
4 9 23
20 0 20
23 2 4
14 19 30
10 13 32
9 11 8
3 6 26
12 14 26
20 23 17
10 12 3
21 1 28
12 15 32
19 20 31
23 2 29
21 0 22
1 4 25
21 22 22
5 9 6
8 11 10
4 8 3
13 17 25
23 2 1
21 23 1
2 3 15
8 11 26
15 19 9
15 19 28
23 2 23
0 2 9
17 19 4
17 20 15
10 12 11
6 11 14
8 11 19
12 16 25
13 16 14
13 15 8
15 18 7
17 20 32
22 2 5
5 10 9
7 10 25
11 15 29
7 11 11
4 8 14
8 12 16
20 0 21
6 8 19
2 6 1
22 1 19
13 16 18
21 2 11
23 1 7
17 20 14
16 18 20
1 4 4
15 18 5
17 19 6
12 14 8
17 21 16
23 2 10
9 12 8
9 12 17
18 22 24
9 11 5
21 1 30
7 10 7
1 2 2
18 22 5
4 8 22
4 9 23
5 8 5
23 2 29
1 3 15
3 5 5
23 0 23
14 17 9
16 20 25
13 16 3
9 12 6
13 17 24
3 6 22
15 19 19
8 11 3
13 16 3
15 20 29
0 4 18
22 2 14
3 7 18
1 5 18
16 20 5
18 22 32
4 6 13
1 3 26
11 14 8
22 2 2
16 21 28
15 19 26
7 12 13
20 0 14
18 20 6
8 11 1
0 3 24
23 4 17
11 15 16
0 3 8
18 21 13
19 22 8
7 8 22
12 17 2
10 13 30
22 3 24
16 20 4
12 16 3
1 3 24
12 16 9
8 12 22
14 15 22
21 0 24
14 17 14
4 7 17
1 5 20
13 17 20
17 21 17
9 11 6
15 17 22
18 22 3
11 13 20
5 8 9
19 23 8
12 16 16
4 6 18
6 10 15
8 10 13
1 5 16
1 4 28
23 2 22
13 14 6
7 11 11
22 1 10
12 14 8
15 18 19
12 15 12
2 5 5
6 9 22
4 9 6
16 19 18
7 12 31
1 5 12
9 11 22
3 6 15
22 23 26
23 3 6
18 21 27
8 12 3
16 17 18
9 12 22
0 2 27
22 0 11
1 5 4
8 10 8
20 23 26
21 0 10
7 10 27
0 2 24
5 7 26
6 9 17
8 9 15
18 21 1
3 7 14
6 10 3
17 20 6
7 10 9
22 1 20
15 16 18
13 16 3
18 22 18
23 2 3
7 9 6
12 14 9
21 1 28
0 2 32
11 13 27
11 15 20
5 7 29
5 8 2
11 14 32
7 9 28
7 9 21
10 11 25
18 21 1
1 5 16
18 21 10
22 0 16
2 3 17
20 1 17
18 20 28
15 19 7
22 2 22
3 5 10
16 20 16
18 21 9
18 21 32
14 16 10
0 3 29
5 9 16
13 16 11
17 22 20
21 1 8
15 18 30
11 13 30
11 13 31
12 16 13
21 0 7
11 12 31
4 8 11
21 1 22
21 1 23
12 16 10
11 13 7
7 10 29
6 10 14
7 8 16
13 14 17
12 16 26
1 4 8
13 16 29
5 8 24
23 3 13
22 1 12
8 11 4
18 21 6
8 11 12
22 1 30
16 20 23
14 16 5
1 4 5
16 19 8
10 13 28
21 1 18
7 9 6
14 18 30
14 16 23
4 8 16
3 6 31
11 12 13
19 0 16
19 20 17
15 17 25
11 15 26
19 21 9
15 18 6
0 3 19
3 5 6
5 9 2
6 9 4
17 19 25
19 23 12
9 13 29
17 19 16
2 4 8
23 2 26
9 11 10
9 14 13
7 9 26
14 19 6
9 12 26
22 2 32
12 14 11
13 18 15
19 23 12
22 2 3
12 17 28
7 9 23
11 14 25
18 22 32
21 1 31
17 20 28
2 5 24
21 0 32
20 0 25
2 5 30
18 21 26
20 22 19
21 23 5
1 3 19
7 11 16
14 17 2
17 19 12
23 2 29
15 17 10
16 18 5
7 9 24
3 6 17
11 14 20
20 1 5
9 11 28
12 15 19
5 9 4
4 8 14
6 9 13
8 11 30
23 2 4
19 23 32
5 8 20
6 9 13
15 18 26
10 13 17
8 12 16
10 13 16
13 17 21
10 14 20
17 21 15
13 17 4
23 3 7
7 11 4
6 10 28
10 13 17
14 17 28
15 19 7
10 11 10
0 4 23
9 12 6
11 13 30
2 6 31
9 13 21
21 23 3
14 18 28
23 4 14
9 12 21
15 18 29
8 11 15
7 11 15
9 14 10
16 21 15
6 8 20
3 5 11
12 14 18
3 7 20
1 6 31
3 8 19
5 5 8
14 17 24
2 6 3
2 5 32
8 12 31
17 21 32
5 9 10
9 13 14
14 15 31
20 0 11
9 12 25
3 7 12
3 6 12
10 13 22
14 19 9
17 20 13
15 18 15
14 16 15
16 19 23
6 8 10
10 14 32
3 7 4
15 19 6
7 10 28
13 16 2
11 14 2
19 22 29
23 1 11
13 16 3
4 7 29
11 14 13
20 23 15
12 15 27
9 12 28
18 22 4
3 8 25
13 17 23
20 23 25
21 0 9
19 22 14
10 13 16
6 10 15
2 5 12
9 12 9
6 10 4
15 18 3
16 18 28
13 15 26
19 0 7
23 4 1
12 15 25
15 18 29
2 5 2
1 4 1
15 19 11
11 14 7
11 15 9
11 14 27
14 17 1
13 18 15
14 18 20
15 18 5
19 23 22
5 8 18
3 7 19
18 22 21
3 5 17
8 10 12
20 0 12
16 17 13
14 17 20
14 17 22
15 18 7
3 7 6
12 15 32
10 13 14
6 9 24
3 6 9
2 6 32
22 1 3
7 9 9
7 11 4
12 16 5
21 0 7
5 10 23
17 19 21
8 13 18
22 1 7
2 5 24
23 3 15
8 10 21
1 4 32
23 4 17
3 5 3
16 19 14
6 9 17
3 7 10
13 16 7
7 11 1
21 0 12
5 7 19
17 18 4
8 11 26
19 23 31
22 1 29
6 7 10
1 5 11
4 6 1
17 20 2
3 5 6
19 22 1
18 22 9
20 1 25
9 12 19
20 23 17
8 11 31
11 13 28
6 10 19
20 23 2
15 17 20
19 22 16
15 19 9
9 12 15
12 17 18
3 6 22
6 10 27
14 15 31
4 7 27
17 20 5
7 10 15
11 15 6
3 6 27
17 18 26
7 11 19
23 3 21
10 13 29
19 21 22
13 15 21
14 16 13
5 7 5
6 10 24
19 23 5
11 13 13
16 19 10
18 19 14
3 5 20
15 18 1
17 18 21
19 23 15
11 16 4
7 11 11
9 12 32
2 8 27
3 6 31
2 4 19
8 10 31
5 9 3
9 12 28
22 1 10
2 3 21
4 6 6
9 12 31
14 17 9
20 22 24
13 18 4
5 8 28
9 11 1
11 14 11
15 18 17
11 15 17
10 13 23
14 17 27
18 22 24
12 13 19
15 17 11
2 5 10
15 18 28
19 21 3
0 3 4
3 7 13
17 20 22
10 14 12
21 0 7
15 17 5
17 20 32
0 4 28
6 9 23
8 11 6
6 10 5
22 2 16
12 16 10
3 6 26
17 21 5
4 8 14
0 4 25
11 17 11
14 17 18
22 0 28
13 16 20
11 14 6
20 23 6
8 12 13
18 21 9
21 0 22
16 19 16
11 13 15
17 20 15
22 0 16
19 22 30
3 8 16
21 0 22
1 4 20
4 7 20
4 8 30
6 9 25
23 3 17
20 23 7
17 19 15
8 9 7
19 21 5
5 6 2
9 12 20
16 18 18
16 19 15
10 12 22
22 0 11
23 2 18
5 8 5
17 17 11
5 7 25
17 21 21
11 14 24
10 14 32
5 8 32
20 0 18
1 4 23
14 14 31
17 21 29
5 7 2
20 23 25
2 6 26
10 14 11
7 11 30
22 1 5
17 21 19
8 10 1
0 2 28
11 14 16
10 14 24
6 8 7
1 5 20
11 15 4
14 17 10
8 11 18
5 8 29
19 21 5
1 3 2
22 2 4
13 16 18
19 0 27
20 0 22
4 8 16
18 21 13
13 15 32
17 18 32
9 14 16
16 20 31
19 20 8
19 22 32
12 15 2
12 14 28
20 22 15
9 12 9
2 5 6
23 3 12
13 17 2
3 5 14
14 17 3
3 8 14
17 17 3
7 10 16
23 2 14
23 2 20
6 10 7
15 18 11
9 13 13
2 3 1
20 23 18
11 12 1
15 18 9
12 15 13
2 5 23
7 11 16
1 6 21
12 16 20
20 21 30
7 11 7
14 18 8
7 10 27
0 2 12
5 6 32
18 22 19
6 8 23
6 8 7
20 0 12
6 10 19
15 18 15
11 14 7
23 2 23
0 4 15
7 11 13
2 5 20
18 21 29
4 7 16
23 2 27
14 18 8
20 21 2
17 19 18
14 17 15
21 23 20
17 22 9
0 3 32
2 5 28
2 4 3
17 19 6
5 8 18
1 4 29
15 19 2
14 16 31
1 5 31
8 12 16
20 23 9
14 17 29
1 4 5
10 13 5
2 7 8
3 6 16
16 18 16
4 7 28
0 3 28
7 9 10
23 3 22
1 3 11
20 23 18
2 5 22
12 16 22
20 23 12
11 15 28
7 9 3
15 16 21
10 14 5
19 23 26
3 7 20
6 10 20
22 2 15
16 19 23
19 22 13
17 20 6
10 13 16
10 11 15
21 23 3
22 2 3
19 23 3
8 13 2
12 14 20
11 14 3
9 12 8
20 0 7
16 20 27
2 4 24
13 16 20
12 15 16
14 18 6
22 1 6
15 18 20
9 13 19
8 11 11
16 18 9
8 11 25
0 3 11
20 23 31
20 23 19
13 16 14
15 16 5
3 5 4
6 8 15
0 3 13
15 18 14
5 8 23
5 7 24
7 10 26
10 13 26
18 19 16
0 2 7
6 8 30
3 5 23
13 17 26
12 15 24
6 9 1
9 10 3
13 13 27
22 0 20
22 0 10
4 7 32
16 19 17
2 6 7
10 13 21
14 17 9
7 11 16
4 6 1
1 1 5
14 18 3
3 8 19
18 19 12
23 2 16
15 18 32
3 6 15
6 9 31
20 23 20
23 1 19
0 3 7
12 15 6
8 11 23
0 3 27
1 5 25
8 10 6
0 4 26
14 18 32
16 19 8
6 8 2
5 7 1
0 5 24
15 18 29
4 7 1
14 16 6
0 2 32
16 19 18
11 15 10
4 7 24
1 3 5
17 20 18
0 3 28
21 0 1
5 8 27
2 4 23
7 10 7
8 10 20
19 22 16
22 2 3
11 12 22
18 21 3
7 9 9
15 18 30
15 18 23
13 15 8
15 17 20
15 18 7
12 14 19
0 2 12
13 15 29
11 12 31
0 3 6
5 7 12
14 16 30
20 0 19
12 14 7
15 16 20
10 13 20
20 1 20
9 13 8
19 22 12
2 6 19
20 1 7
13 15 24
4 6 5
2 6 7
2 7 6
16 19 8
4 7 7
10 12 17
13 17 27
21 0 21
16 20 10
16 18 17
8 11 8
0 5 19
12 15 26
2 6 8
16 19 5
6 9 12
19 23 12
3 7 23
9 12 12
2 5 17
0 4 25
0 4 28
3 6 11
13 15 7
10 14 6
21 23 18
13 16 14
6 10 29
2 5 5
16 18 8
3 5 7
3 6 30
11 13 11
5 7 29
9 13 19
0 2 13
23 1 26
16 18 8
16 18 9
4 8 5
12 15 19
11 14 4
3 5 9
3 7 17
3 6 20
23 3 25
0 3 9
15 18 5
20 22 29
13 15 17
15 18 11
7 8 13
2 5 11
7 8 24
10 13 24
16 20 12
3 6 30
23 3 7
8 11 25
18 20 8
16 18 22
10 14 17
5 8 18
5 10 32
4 7 20
1 4 15
12 16 30
11 14 32
7 11 3
4 7 3
23 3 29
9 12 19
1 3 22
3 5 29
14 17 15
4 7 14
12 15 10
7 12 29
22 1 2
3 5 23
16 20 9
4 8 13
23 2 21
15 18 29
9 11 30
7 11 2
18 22 26
2 7 8
6 10 4
3 5 24
13 15 4
17 19 24
15 19 6
15 18 18
16 17 14
21 0 17
17 19 29
12 15 20
2 7 1
7 10 30
20 22 26
0 4 9
18 22 16
2 5 20
12 16 21
13 17 6
13 17 20
15 18 26
1 2 27
23 2 3
3 8 9
12 13 12
11 16 8
21 0 8
20 21 25
0 1 8
1 4 20
1 5 6
4 9 27
7 11 5
17 20 19
0 2 12
15 17 32
2 6 7
19 20 21
22 0 12
22 1 28
5 8 18
1 3 28
4 7 23
17 19 23
4 7 26
1 4 10
17 20 8
16 19 27
1 3 31
9 12 24
4 7 2
6 12 17
6 10 18
5 7 24
2 5 30
13 17 29
1 4 31
4 7 4
10 13 23
1 4 12
1 3 13
11 15 5
6 7 18
21 0 32
5 9 1
18 21 3
18 20 19
22 0 21
3 7 2
16 19 30
23 1 4
18 21 11
6 9 10
7 10 8
19 22 15
16 19 14
16 18 29
14 16 32
10 13 10
12 14 28
9 12 22
4 8 7
21 23 27
15 18 13
5 6 17
22 0 11
7 10 15
2 3 8
15 18 32
15 18 9
4 7 14
11 14 10
11 15 11
11 15 11
7 8 19
14 16 2
14 16 3
15 17 30
13 17 30
4 6 31
21 1 14
10 14 17
2 4 32
10 13 27
23 2 5
15 18 32
0 3 7
1 4 5
20 21 15
3 3 18
14 18 8
10 12 1
7 13 14
5 7 7
19 23 10
16 18 15
2 5 19
23 1 19
13 14 2
11 13 25
18 22 4
1 3 14
15 18 30
23 2 6
1 2 24
13 17 25
19 20 24
3 7 22
21 1 12
3 6 17
18 20 9
12 15 32
4 8 27
4 7 17
4 5 13
12 15 9
2 3 5
12 15 31
21 0 13
19 23 27
5 8 28
3 6 29
6 9 5
9 14 29
4 6 7
12 14 25
7 11 20
13 15 18
4 6 16
8 11 31
15 18 7
7 8 11
2 4 14
21 0 12
18 22 21
21 23 12
12 14 17
15 19 10
16 19 3
11 16 20
7 8 28
17 19 15
0 2 22
9 11 29
23 5 21
0 2 15
4 6 6
7 11 1
23 2 21
22 0 5
2 6 32
9 13 28
16 18 31
16 20 26
7 11 8
0 1 14
23 3 2
23 3 24
2 5 21
4 7 19
13 16 7
16 18 17
15 20 29
4 5 22
20 23 20
14 18 27
11 15 14
19 21 12
16 21 15
10 14 30
3 5 26
4 6 27
22 2 7
22 3 17
13 15 6
2 6 2
19 22 4
22 2 16
23 4 16
19 22 8
19 23 6
0 3 28
2 6 15
19 22 8
8 12 12
5 9 3
18 22 6
5 7 23
16 18 32
21 0 17
3 4 3
3 7 13
14 16 5
17 18 3
8 11 21
23 1 13
18 22 26
14 18 23
0 4 23
7 11 28
2 5 21
22 3 5
0 5 7
1 3 6
8 11 16
15 16 29
3 6 16
2 5 3
1 6 17
22 23 12
18 20 22
1 4 10
14 17 4
16 18 1
5 7 32
9 11 31
14 17 31
21 23 15
6 11 13
12 15 22
18 21 21
20 23 3
7 12 3
10 14 19
19 23 14
11 14 29
9 12 21
17 20 30
2 4 1
15 17 8
19 21 10
13 15 30
1 4 29
11 15 14
21 0 12
11 14 16
15 19 24
23 3 23
19 21 15
3 5 20
19 21 29
6 10 28
