2000 48
21 1 25 33 36 11 43 19 45 8 8 37 27 46 42 41 4 28 36 17 17 32 16 44 3 1 1 35 1 30 2 44 40 44 36 25 1 35 32 7 34 1 21 38 38 9 6 8 
4 6 17
1 4 6
16 18 18
12 14 25
19 21 37
21 23 5
10 14 25
5 8 1
16 17 18
11 14 14
22 2 43
5 9 24
16 19 15
9 11 4
8 11 39
12 14 43
17 21 21
17 20 12
10 13 27
2 4 44
16 19 30
20 22 30
8 10 22
21 1 2
10 12 15
17 20 3
16 20 42
15 18 8
11 13 46
2 5 35
4 8 42
14 18 27
4 8 7
15 17 1
5 9 18
17 19 45
3 6 46
18 20 35
22 1 23
0 1 15
12 15 39
6 10 47
1 3 2
23 1 14
22 1 21
19 0 12
0 4 16
13 16 12
6 8 38
1 3 47
11 15 24
15 17 40
3 4 15
5 9 42
16 19 35
13 16 26
21 0 12
19 21 11
8 12 30
21 23 44
13 16 44
12 16 8
18 21 44
0 4 10
21 1 8
3 6 46
6 9 26
1 5 26
2 6 8
16 19 7
5 7 38
11 14 37
10 15 24
3 6 40
9 12 44
4 6 42
15 18 25
10 14 27
18 21 18
21 0 5
20 23 31
19 22 31
19 22 20
0 2 24
14 18 23
9 13 39
5 8 4
20 20 26
12 15 18
11 14 19
22 0 7
13 15 6
7 10 40
2 6 40
23 3 20
17 20 43
20 22 43
8 10 6
13 14 17
22 23 45
0 3 2
4 7 31
9 12 13
7 11 37
8 11 12
15 18 7
4 7 27
10 13 5
7 12 46
11 13 11
20 22 14
5 8 21
19 22 40
17 18 23
17 21 47
17 20 9
0 4 10
17 20 41
16 19 10
1 2 13
20 22 13
19 23 16
19 23 15
12 15 33
1 3 17
20 0 3
11 14 46
5 9 8
12 14 30
21 23 28
15 18 45
21 23 25
16 17 43
6 9 11
17 20 6
8 10 21
14 18 22
14 18 30
18 21 39
3 4 5
19 23 13
0 3 35
7 7 46
8 11 17
18 21 43
13 16 9
7 11 6
6 9 22
20 22 23
16 18 13
18 19 28
8 11 40
9 12 37
19 21 28
21 23 2
20 22 47
20 22 15
1 2 19
8 10 2
22 1 45
5 6 29
22 1 26
20 23 25
3 6 17
6 9 41
21 23 7
11 13 45
22 2 35
21 2 37
4 7 25
4 6 22
2 7 13
14 17 15
0 2 42
16 18 12
1 4 40
2 3 19
5 7 10
3 7 39
12 16 18
19 23 2
22 1 34
4 9 44
6 10 6
3 5 31
1 4 42
3 5 41
2 5 32
12 15 17
17 17 31
14 18 45
20 0 5
22 0 48
9 13 45
23 2 13
11 12 33
14 17 30
8 13 27
14 15 36
11 15 16
20 20 35
3 5 43
11 14 43
14 17 24
10 13 32
3 7 20
2 5 21
8 12 45
5 8 26
19 22 25
12 15 21
4 6 47
10 12 36
23 2 32
17 20 32
16 20 18
2 6 48
7 9 24
14 17 21
6 9 24
13 16 30
23 1 46
12 17 16
2 4 19
5 8 42
1 5 43
2 5 46
20 1 27
21 23 5
17 18 47
13 16 25
10 14 39
22 2 17
12 15 25
21 1 17
12 15 45
22 1 13
8 11 34
19 20 3
12 15 30
22 0 27
16 18 22
20 23 43
21 23 2
1 3 4
20 22 31
15 18 19
3 5 18
19 21 36
14 17 42
10 11 1
0 4 48
19 21 18
0 3 21
6 8 22
23 3 20
19 22 33
17 19 41
11 16 45
5 9 47
10 14 9
4 7 15
21 0 43
2 5 39
7 11 44
23 2 17
20 23 35
23 1 17
17 19 6
5 8 47
14 17 2
16 19 5
7 11 8
13 18 38
19 22 33
10 14 46
10 14 26
3 6 33
12 16 24
19 0 15
22 1 45
5 8 7
4 7 32
21 23 15
14 16 33
22 23 4
23 2 15
14 17 20
2 5 48
7 10 3
11 15 43
2 4 43
22 3 31
11 14 1
9 10 19
21 1 30
20 23 1
17 20 20
6 9 7
1 5 3
7 10 38
2 4 43
16 19 12
17 20 7
21 21 32
14 18 21
18 21 41
14 17 14
11 13 41
3 7 25
4 6 12
3 5 31
22 1 16
1 4 28
20 23 21
19 23 46
4 7 20
7 11 16
20 0 34
18 20 47
19 23 46
7 8 47
17 19 25
4 7 5
15 18 43
21 0 5
22 0 38
23 3 48
13 16 7
21 23 29
14 17 15
14 19 14
7 11 47
19 22 45
15 16 5
3 5 34
4 7 9
1 3 32
10 13 10
11 14 33
20 23 16
5 8 7
9 11 44
8 12 34
0 3 48
19 22 9
11 15 48
10 13 25
11 12 23
16 19 30
16 19 39
8 12 42
7 10 30
6 8 25
17 20 11
14 17 27
0 3 25
8 11 15
0 1 6
8 12 38
15 20 34
2 6 8
15 17 36
21 23 43
22 1 20
16 18 26
8 13 19
1 3 26
15 18 11
5 9 24
13 16 14
1 4 17
20 22 19
7 10 19
4 9 33
16 18 1
21 23 14
10 12 6
2 4 40
3 9 33
5 8 39
18 20 48
3 5 4
12 13 9
4 7 28
3 6 29
5 8 27
4 7 19
9 13 4
11 15 30
17 20 21
13 15 41
3 3 28
3 8 3
21 1 29
14 16 19
15 18 40
5 9 9
2 5 31
13 16 43
21 1 45
10 15 6
12 17 37
2 5 26
1 4 25
10 13 48
0 2 4
12 15 35
6 9 6
13 16 18
0 3 6
4 7 35
23 1 15
16 19 31
23 3 46
5 8 25
12 16 32
12 14 41
3 6 43
2 5 32
18 22 44
16 20 20
2 5 39
12 16 2
0 4 2
4 7 27
20 22 38
12 16 42
0 4 48
8 12 32
21 23 43
3 6 39
8 12 35
6 10 23
21 1 34
3 6 30
22 1 19
21 22 47
7 10 23
10 12 27
7 8 20
5 8 12
22 0 41
9 12 27
15 17 24
17 21 38
15 17 14
18 21 46
10 11 46
4 5 1
22 3 40
10 13 14
2 4 3
12 16 28
10 13 35
4 7 30
15 18 34
5 7 35
0 5 26
23 1 41
17 20 24
22 0 19
7 10 8
1 0 44
21 0 11
7 10 1
17 20 29
4 7 14
9 11 42
14 18 38
22 1 32
4 7 2
7 11 46
18 21 17
18 20 12
15 18 17
7 9 28
10 14 43
6 11 25
13 16 20
2 6 28
20 0 16
23 2 26
14 16 20
23 3 8
18 22 5
3 5 11
2 4 2
20 23 22
0 3 35
8 11 36
13 17 22
7 9 45
2 7 1
16 18 14
5 8 20
4 7 25
20 23 38
22 0 21
6 9 2
10 11 18
0 2 5
21 0 5
9 11 3
2 6 25
22 2 32
2 5 38
13 16 14
7 8 10
18 23 39
8 11 14
16 18 42
22 2 16
20 23 26
18 22 29
8 11 30
11 14 43
22 0 31
15 19 16
5 9 24
21 0 32
14 17 34
15 20 3
10 15 25
18 21 15
13 15 45
12 16 1
10 14 2
11 15 7
14 19 7
1 4 33
13 17 3
5 7 37
3 6 24
22 0 22
21 2 13
11 14 31
12 16 6
23 2 26
7 10 23
12 14 31
13 16 15
16 17 39
5 8 3
5 7 5
17 20 43
9 11 45
17 19 39
0 4 25
8 10 32
3 8 9
3 5 14
19 22 29
17 20 46
0 2 17
14 18 11
14 18 40
10 13 2
6 9 33
3 5 4
9 12 29
1 3 23
19 20 17
9 12 25
17 20 33
23 2 22
4 5 42
16 17 26
18 21 7
1 4 39
7 10 44
0 3 18
22 0 48
4 7 40
8 10 1
15 18 20
5 6 48
17 22 2
14 17 3
5 7 2
20 23 44
11 15 47
2 5 25
21 22 13
19 22 43
23 2 9
17 20 34
15 19 9
20 23 28
20 0 6
13 15 3
14 15 43
4 7 7
3 6 48
21 0 5
14 16 37
17 21 15
18 20 40
16 20 17
7 12 17
12 14 47
6 8 25
8 13 28
12 14 7
15 19 39
21 23 43
9 12 38
23 2 7
14 17 35
21 0 15
18 21 19
16 19 4
6 8 43
7 9 39
14 18 46
18 21 25
14 18 44
10 14 12
1 6 46
5 9 6
7 11 43
14 16 39
21 23 5
15 18 27
0 3 30
14 16 46
10 15 37
15 18 48
11 15 38
23 3 34
21 23 30
0 3 14
20 0 46
23 3 18
1 5 10
9 11 26
22 1 20
6 9 25
12 15 27
15 20 3
7 12 36
3 5 42
7 10 14
3 7 27
13 17 19
16 18 20
16 21 10
16 20 34
13 14 20
18 23 16
22 0 7
10 12 38
14 18 46
11 15 34
12 15 33
11 14 38
20 23 6
13 17 4
5 9 46
5 11 6
19 23 44
23 2 1
12 15 47
22 1 3
5 8 22
10 14 44
18 21 27
19 20 27
18 20 4
5 8 13
18 21 39
23 1 34
9 11 15
22 0 38
22 2 13
7 10 2
15 19 45
11 13 25
23 1 28
13 14 43
9 13 30
0 4 19
5 9 43
15 18 44
2 6 10
3 8 22
10 14 43
10 13 26
3 7 28
5 7 7
11 15 2
20 23 39
16 20 19
7 10 12
17 19 35
22 2 5
13 16 4
0 4 47
23 1 31
21 1 1
17 20 42
7 10 8
4 9 34
6 10 17
10 14 43
11 14 19
13 16 29
10 11 46
12 16 12
0 3 25
4 8 37
21 0 44
23 2 33
15 17 15
2 4 38
3 6 5
20 21 35
18 20 13
4 8 44
18 21 39
2 5 9
16 18 23
23 2 22
3 6 7
10 12 24
8 11 7
22 1 45
10 12 32
16 17 42
23 1 47
14 16 8
19 20 23
4 8 45
23 2 48
7 10 15
1 2 8
5 8 1
14 17 44
9 13 1
11 13 45
21 23 38
5 7 20
21 23 14
1 5 35
7 11 44
23 3 1
22 3 7
1 6 26
6 9 26
9 13 43
22 1 13
0 3 13
14 19 20
13 16 24
23 2 17
13 14 11
21 0 5
0 0 21
12 14 18
17 20 43
20 22 17
3 6 45
1 3 20
3 7 2
19 23 44
7 10 14
14 16 41
11 14 38
16 18 23
20 21 10
7 9 44
16 19 19
19 22 14
5 10 31
15 16 21
12 16 35
8 10 11
3 6 1
13 17 25
0 2 35
22 1 3
22 2 13
10 12 37
12 15 15
17 22 34
11 14 7
0 4 13
0 5 46
8 9 45
16 20 40
1 5 2
21 1 20
7 9 46
11 15 43
22 1 31
13 17 25
0 3 41
5 8 42
12 15 48
2 5 7
12 16 45
10 13 40
14 15 39
4 7 46
3 5 9
18 20 37
18 21 31
12 15 48
3 5 43
18 20 11
0 1 24
6 8 40
19 22 43
17 20 4
11 15 38
2 6 25
17 19 26
2 4 10
0 1 31
19 20 9
6 10 3
9 10 29
18 20 28
0 3 40
9 12 23
7 9 35
23 3 19
21 0 47
7 11 47
1 4 39
18 19 27
19 22 13
14 17 23
21 2 6
13 17 38
11 14 7
11 14 17
2 4 45
22 1 5
21 22 18
11 14 47
19 23 35
10 14 37
3 4 29
19 22 15
22 1 8
18 23 18
8 12 10
6 8 29
6 9 19
7 11 21
7 9 10
4 9 23
7 11 1
9 10 23
12 15 5
5 9 18
7 9 14
20 0 25
21 23 41
16 19 23
13 16 28
15 17 48
2 6 13
23 3 33
22 1 8
10 13 21
8 11 12
3 6 15
10 13 26
19 22 6
4 6 20
9 11 13
10 14 2
10 13 36
7 10 11
6 8 29
4 7 44
13 17 43
5 9 40
19 21 24
23 2 27
10 14 23
7 11 32
19 22 5
14 18 20
9 12 6
8 12 47
9 12 32
21 1 36
22 1 29
19 22 47
16 19 43
9 11 43
17 20 47
3 6 17
11 15 4
5 9 23
1 3 40
10 13 32
17 20 6
18 22 11
12 15 38
0 4 13
3 6 47
0 4 38
6 6 19
20 22 24
23 1 26
6 8 4
1 3 31
21 0 32
7 9 19
3 5 40
0 4 19
5 9 11
12 15 22
10 11 38
9 14 26
23 2 25
1 4 15
10 14 30
17 19 30
13 16 37
11 16 44
8 10 36
21 1 24
12 15 30
23 3 26
16 19 19
0 3 31
16 18 26
21 0 23
6 10 5
16 18 2
15 18 37
4 6 48
1 4 16
4 7 26
6 9 46
7 11 24
0 2 5
20 22 1
15 21 28
23 2 1
16 18 38
10 14 27
1 4 10
7 11 30
10 14 42
0 3 26
21 0 22
15 18 11
19 22 39
18 21 14
21 22 21
2 6 28
23 2 34
12 16 47
10 12 17
17 21 38
21 0 27
3 5 18
10 11 11
3 6 5
4 6 25
14 17 43
2 4 23
18 22 30
4 8 13
2 6 42
14 16 17
19 19 15
21 0 28
18 22 20
4 9 34
19 23 23
14 17 2
15 19 45
12 15 15
14 16 34
3 8 3
8 12 12
18 22 18
10 13 9
21 1 35
19 23 35
5 7 40
12 17 25
2 4 48
19 23 19
2 7 21
6 9 4
22 0 25
12 14 39
12 14 5
9 12 38
2 5 29
12 14 26
7 9 17
5 9 21
13 15 37
17 19 2
20 2 33
14 16 18
6 10 20
16 20 13
20 22 1
9 12 14
2 3 38
10 13 25
1 5 34
22 2 42
8 10 5
23 1 24
10 11 35
0 2 34
0 3 15
5 9 11
18 23 3
16 19 48
15 18 6
21 1 36
0 2 37
7 11 39
23 2 47
4 7 48
15 20 19
18 21 44
1 4 46
1 5 45
22 0 22
6 8 28
10 12 40
11 17 34
20 23 20
11 13 42
17 22 38
15 20 4
5 8 26
10 13 19
11 16 40
11 13 43
14 16 46
16 18 24
19 21 16
15 16 19
0 3 37
10 14 38
20 0 31
8 11 10
21 22 25
11 14 22
11 14 19
5 7 20
22 0 7
20 23 41
5 7 37
13 16 42
11 14 9
11 12 47
8 10 13
5 6 5
15 17 8
4 7 48
8 11 27
6 8 31
17 21 41
11 14 25
23 1 27
13 16 18
5 8 31
5 8 23
0 4 18
2 5 11
21 0 33
23 3 30
15 17 15
11 16 5
16 18 22
17 20 40
18 22 12
14 17 14
22 2 25
17 21 9
14 15 11
14 16 16
23 3 25
5 8 11
6 10 25
1 5 23
2 5 5
21 2 47
23 1 38
6 10 6
7 11 39
13 17 23
5 8 22
0 4 21
10 13 35
9 11 23
11 14 9
15 18 28
19 20 43
2 6 6
13 17 32
11 15 7
8 12 25
7 8 2
20 23 14
18 22 31
16 18 1
0 2 7
11 14 10
12 14 26
3 5 8
2 4 30
12 16 46
8 11 41
8 12 15
19 23 6
9 13 20
19 23 3
10 12 2
4 7 4
13 16 12
14 16 13
22 23 13
0 4 24
5 8 20
13 15 35
0 2 44
19 22 4
9 12 30
23 3 21
4 7 21
18 23 12
20 23 28
10 14 20
18 21 30
9 13 12
21 23 40
22 0 46
3 5 34
2 5 47
2 6 44
2 5 17
20 23 27
2 6 38
14 17 28
2 6 1
10 13 15
9 10 24
12 15 41
13 16 9
22 1 28
8 13 41
4 8 25
1 4 19
3 6 27
10 14 10
8 13 17
9 12 6
23 3 8
2 5 24
1 4 39
20 21 26
10 13 13
23 2 27
16 17 25
16 19 35
1 3 12
1 5 47
20 0 43
0 4 40
2 4 36
9 11 39
21 0 11
12 16 44
2 5 25
9 12 26
0 2 25
4 7 46
4 6 43
18 21 14
18 20 33
11 16 47
17 19 37
22 2 33
13 14 33
1 2 14
7 10 35
8 11 8
14 17 3
18 22 47
10 13 5
7 10 5
8 11 42
13 16 7
16 18 5
22 1 31
6 10 3
5 8 35
20 0 25
17 20 47
11 12 41
23 2 23
6 10 47
14 20 48
2 4 15
6 8 33
13 15 32
1 4 40
12 18 48
21 0 38
13 16 27
2 4 6
23 3 22
20 22 43
17 20 20
13 16 27
10 13 24
9 12 5
17 18 15
17 22 37
6 8 46
1 2 40
15 18 48
19 22 17
19 22 30
5 8 37
14 19 3
12 16 6
15 16 24
4 9 16
1 3 2
15 17 46
17 20 7
9 12 26
14 19 28
18 22 32
16 18 24
0 3 24
1 6 48
0 2 2
11 13 37
4 9 26
5 8 31
2 2 8
16 19 44
15 19 29
23 3 14
13 18 18
11 13 43
15 18 23
15 18 47
22 1 4
5 9 15
7 10 1
5 9 11
0 5 46
16 19 46
0 1 19
9 12 44
18 0 3
5 9 2
12 17 32
16 20 14
23 2 37
0 2 39
5 7 4
23 2 6
13 15 48
22 0 41
2 6 40
1 4 42
23 2 18
17 20 40
16 19 45
18 20 41
0 3 43
7 8 36
13 16 40
15 17 17
0 2 38
3 8 45
10 13 6
15 19 47
9 13 12
4 7 40
4 7 10
7 9 30
16 18 4
18 22 4
13 16 42
21 1 23
8 11 26
23 3 11
4 7 24
9 10 48
0 3 37
13 17 47
10 13 24
20 2 3
5 9 19
6 10 29
16 17 45
6 9 27
8 12 22
15 18 21
12 15 13
23 3 44
3 6 11
10 13 6
9 11 33
15 19 34
7 9 38
3 5 32
15 17 21
17 21 12
8 12 23
12 17 25
4 6 17
5 9 31
2 6 6
22 0 6
18 22 25
23 1 20
21 23 35
13 15 48
20 0 29
7 8 14
18 21 13
7 9 12
13 16 6
16 18 14
23 1 22
17 21 25
6 9 15
18 22 9
14 18 29
11 15 21
6 8 16
0 2 46
10 12 34
2 3 12
4 7 33
19 23 32
8 13 40
23 2 10
5 9 35
15 17 43
12 16 16
13 16 33
23 3 23
22 2 8
17 20 1
4 7 4
3 6 13
17 20 44
22 1 48
18 21 7
22 2 41
19 22 14
16 20 42
20 23 30
12 14 20
16 19 1
0 3 34
20 0 4
2 6 47
23 1 36
18 19 30
21 1 47
10 14 33
19 23 27
13 16 35
19 23 10
16 18 13
18 20 33
23 5 25
21 1 11
17 20 10
14 17 14
18 20 9
12 14 30
8 10 46
22 1 8
19 22 25
23 3 27
11 15 43
5 8 3
3 5 22
9 13 14
10 13 44
1 5 40
18 21 3
2 6 46
9 13 19
6 12 37
3 6 15
3 6 19
15 17 41
18 22 42
23 4 29
7 11 43
1 3 27
6 11 14
23 4 5
11 15 28
4 9 33
18 21 37
22 1 47
19 23 44
2 5 27
13 16 46
16 21 41
1 4 18
15 18 35
9 12 9
23 4 11
12 15 30
1 5 16
10 14 38
8 12 5
12 18 22
16 19 4
15 16 42
17 22 42
1 4 41
5 8 13
20 0 10
4 8 21
9 13 3
4 6 35
1 3 5
10 11 38
12 15 19
12 17 28
17 20 12
22 0 29
19 23 32
2 5 32
4 8 20
17 19 47
17 20 17
16 17 21
5 8 21
21 0 16
4 8 22
23 2 32
3 5 22
23 2 22
16 20 10
8 9 12
10 14 31
1 4 27
18 21 27
1 4 22
17 19 40
11 14 42
16 17 42
19 22 6
7 11 30
8 11 4
15 17 6
18 21 37
23 1 40
14 19 40
20 23 7
20 23 31
6 9 12
17 21 48
6 10 39
10 13 5
1 5 8
10 14 4
3 6 41
9 13 47
11 15 44
7 9 24
23 2 3
5 8 3
5 9 38
22 2 8
8 11 11
12 14 20
19 0 13
23 1 6
2 7 16
10 13 16
21 1 11
14 17 47
15 18 39
13 16 20
0 6 15
5 8 7
10 15 47
16 19 40
13 15 48
20 23 43
14 17 29
1 5 13
20 21 48
8 9 29
12 14 42
4 8 22
21 1 18
22 2 35
4 7 28
12 15 48
21 0 21
23 2 34
6 7 3
15 18 41
18 20 8
9 12 32
23 0 22
14 16 47
18 22 1
21 0 23
16 20 2
2 5 18
17 18 3
3 5 45
12 15 19
17 19 18
7 9 36
1 4 13
5 8 48
17 18 1
8 10 25
6 8 44
4 9 2
1 3 32
4 7 9
8 10 4
12 16 14
3 5 46
20 0 29
4 7 24
16 19 39
22 2 14
13 15 17
20 23 40
15 19 20
10 15 29
1 6 10
5 9 26
3 5 36
20 0 32
6 9 29
12 16 10
13 15 22
23 1 13
0 2 34
22 1 31
20 22 10
22 23 44
17 21 1
19 22 20
7 10 32
21 0 33
13 17 26
7 12 13
6 9 34
4 7 2
18 21 42
0 3 30
2 4 15
11 13 8
19 23 48
22 0 28
12 15 36
3 6 8
8 11 13
16 18 40
21 22 44
1 3 27
17 18 28
21 0 31
11 15 41
16 19 30
20 0 25
15 17 48
22 1 14
0 4 48
11 14 25
6 9 24
23 2 13
8 11 2
15 18 18
12 14 7
3 5 28
3 6 33
6 9 27
22 0 22
15 19 26
5 9 36
2 4 31
16 19 46
20 23 10
9 12 26
20 0 13
19 0 43
19 22 13
17 23 25
20 23 42
6 9 19
18 21 46
1 3 42
1 4 7
7 10 20
3 6 47
19 23 38
19 19 1
9 11 10
20 22 39
7 9 31
1 5 5
10 13 38
20 23 40
2 6 10
22 23 16
16 18 30
22 2 27
2 6 18
5 10 18
23 3 45
11 15 23
16 18 18
23 2 7
20 23 11
2 5 9
12 15 1
23 2 15
11 15 1
10 13 12
5 7 45
16 20 33
6 10 20
0 4 41
17 18 18
12 17 31
4 8 43
19 23 45
2 7 26
22 0 23
16 19 10
7 11 2
10 12 16
20 0 35
23 1 2
8 11 33
18 21 12
7 9 38
5 7 27
11 13 24
7 12 12
15 17 38
23 2 4
15 18 40
7 9 9
5 10 20
5 8 12
16 20 3
21 0 43
6 9 2
6 8 25
14 17 15
21 0 27
13 15 17
2 6 9
21 0 17
12 15 12
19 23 40
20 1 9
15 20 23
9 12 35
17 19 22
7 11 7
0 3 18
19 22 28
4 6 44
16 19 20
5 8 20
6 8 4
15 18 19
8 12 46
6 8 25
2 6 25
23 2 9
7 10 35
15 19 33
20 21 32
8 9 26
19 20 17
23 3 16
6 9 4
14 20 27
21 1 20
7 10 23
12 13 15
0 3 19
7 10 4
11 13 34
21 0 41
17 21 39
12 17 48
0 3 31
1 5 27
7 10 21
14 18 20
16 19 20
17 19 12
12 13 2
21 2 4
0 2 41
20 23 11
10 11 28
8 11 6
10 15 15
14 18 15
20 23 23
20 23 12
14 17 26
6 10 34
13 15 20
15 20 15
22 0 15
3 7 17
19 0 46
7 11 16
15 18 39
21 1 33
20 23 13
9 11 46
21 22 32
3 6 46
9 11 7
19 22 32
4 7 3
10 13 4
14 18 46
8 12 28
8 9 2
4 6 12
14 18 32
8 11 2
11 13 11
10 14 39
17 20 17
5 9 32
8 11 22
23 1 1
10 12 7
1 3 31
19 22 21
20 23 41
22 2 32
8 8 25
10 12 27
8 11 38
7 8 38
1 2 4
20 22 5
21 1 48
5 8 38
14 19 10
12 14 17
18 20 8
7 10 6
14 17 19
2 5 33
15 17 4
5 6 29
2 4 24
16 20 27
16 19 21
15 18 48
11 12 11
5 7 22
5 8 24
19 21 36
9 11 32
7 10 6
6 7 39
10 13 32
16 18 26
7 11 39
14 18 40
13 17 7
14 18 36
20 22 2
6 10 5
3 5 19
21 23 17
22 1 24
23 1 48
18 21 5
1 3 12
23 0 2
6 8 27
7 8 25
15 18 10
16 19 11
9 12 39
4 7 37
17 20 28
6 10 2
18 20 36
11 15 8
16 20 26
0 4 38
9 13 5
10 13 12
15 17 33
0 3 20
21 0 6
13 15 46
22 0 24
23 1 20
13 17 31
20 23 43
7 11 28
2 7 9
9 12 41
9 13 13
5 9 18
22 0 1
7 12 9
10 14 36
1 4 21
1 5 45
9 12 2
23 1 43
9 11 30
7 10 43
12 15 7
4 8 22
22 0 44
16 18 22
23 2 20
2 6 30
6 9 44
16 20 17
5 7 30
19 0 1
17 21 19
10 13 17
13 15 47
4 6 46
5 8 21
8 12 32
8 11 2
14 17 30
18 21 12
13 16 12
17 21 48
15 17 14
20 23 34
9 11 43
11 13 27
9 11 31
19 21 1
12 16 1
3 6 15
11 14 21
13 15 33
2 5 4
4 7 28
14 16 26
11 13 15
18 20 14
17 19 40
16 19 45
21 23 4
11 14 34
11 15 5
13 14 47
9 11 6
5 6 4
12 15 36
1 5 17
16 19 19
0 2 32
23 1 10
16 19 19
1 5 32
16 21 47
15 18 44
7 10 46
3 6 27
10 13 30
2 6 3
22 1 47
20 23 3
23 1 5
1 6 22
23 3 38
4 7 20
5 7 41
16 20 24
20 23 11
2 4 45
6 10 23
18 20 36
20 21 26
22 0 12
20 22 29
4 5 32
9 12 33
5 7 12
20 0 34
18 20 34
12 15 40
7 9 14
0 3 30
5 10 45
4 7 8
14 18 6
5 9 18
22 0 9
8 12 47
22 2 41
21 0 6
1 4 43
5 7 28
20 22 18
7 9 8
2 5 21
4 7 15
18 22 42
1 3 38
22 3 17
8 11 47
19 22 21
11 15 38
13 15 34
10 11 40
1 5 40
12 14 6
22 1 16
21 0 30
16 19 46
18 21 21
3 8 4
12 16 3
8 12 11
5 8 3
3 5 23
19 20 26
2 7 29
7 10 22
19 21 39
7 10 48
17 20 39
5 7 28
3 5 20
22 3 35
16 18 18
5 8 29
20 23 48
18 22 39
12 14 3
14 17 16
12 14 40
18 22 37
18 20 24
13 17 22
1 3 2
7 9 30
23 2 8
20 23 22
11 15 14
13 16 2
0 3 28
9 12 24
10 13 8
6 9 5
8 11 18
8 11 16
13 16 26
23 3 26
10 12 32
16 18 20
14 18 20
21 23 36
14 16 34
3 7 10
2 6 18
15 18 17
17 20 36
21 0 43
20 0 43
4 7 42
7 10 35
23 3 29
2 6 22
18 21 22
