3000 45
18 15 26 30 22 25 30 22 45 33 25 12 43 36 22 16 29 11 1 1 10 42 9 9 22 18 12 45 24 9 38 30 38 34 26 35 24 8 21 4 2 25 30 37 1 
13 14 39
18 22 18
10 13 2
23 1 2
17 21 20
16 19 29
23 1 30
17 20 7
0 4 45
10 13 6
3 7 36
20 23 5
7 10 11
21 1 36
17 21 38
21 23 31
20 23 45
7 9 33
23 3 28
16 19 1
14 18 17
21 2 41
12 15 16
7 9 27
12 14 43
5 9 36
5 7 4
5 9 35
5 7 41
8 11 25
21 1 15
3 6 35
1 4 33
18 21 2
3 5 5
18 23 41
2 6 3
10 13 33
7 10 5
22 1 30
8 12 19
13 15 24
22 0 21
8 12 29
21 1 4
23 3 20
14 17 11
10 13 25
15 18 38
8 12 37
3 8 39
23 4 14
15 16 23
20 1 29
20 23 45
21 2 38
18 20 7
15 17 17
20 0 30
7 9 36
22 0 34
10 12 33
23 0 32
12 13 3
7 11 2
3 6 6
16 19 44
21 0 10
11 14 37
12 15 34
3 6 2
6 10 28
21 0 35
12 14 32
21 1 24
6 8 17
4 9 1
2 4 11
0 1 3
16 19 18
5 8 2
15 18 42
22 2 34
8 12 39
11 16 30
15 18 25
6 10 23
8 9 31
1 2 27
3 6 45
20 22 37
8 10 24
5 7 22
5 9 32
14 17 26
4 7 40
11 12 3
16 19 7
4 6 37
17 20 10
10 14 16
20 0 23
19 22 37
17 20 26
5 7 4
14 19 5
4 7 19
16 19 13
15 17 20
7 10 14
14 15 29
16 20 1
13 18 6
7 11 28
0 3 25
1 4 7
9 11 25
17 20 8
18 20 31
12 14 28
10 14 43
9 10 17
23 1 17
0 3 11
3 6 19
5 7 26
7 11 34
18 21 25
22 3 35
23 3 31
16 19 1
22 3 3
4 7 38
19 21 30
10 15 14
9 12 30
14 18 9
13 17 15
4 5 26
18 22 27
12 15 17
18 22 33
21 22 16
20 22 39
16 19 39
7 10 5
11 13 26
4 7 17
21 23 45
1 4 41
5 8 22
19 22 23
22 2 38
9 11 23
14 18 40
19 23 25
12 14 2
5 10 33
9 13 25
0 4 21
22 2 1
4 6 38
2 5 11
8 13 8
3 5 3
18 21 13
12 13 17
11 15 11
12 15 19
20 1 32
20 22 18
15 19 44
18 21 2
9 11 37
1 4 14
5 7 4
0 3 40
7 10 11
15 17 38
5 8 44
2 6 5
5 9 17
0 3 36
2 5 14
23 3 32
13 16 24
9 13 42
6 10 42
8 12 44
11 13 39
12 17 18
6 8 23
7 11 20
4 9 28
19 21 42
12 17 16
2 5 17
5 7 38
15 18 8
5 8 1
21 23 12
17 20 18
21 1 20
14 18 43
17 20 31
11 15 19
13 17 33
2 6 25
20 23 21
16 19 38
18 20 17
23 2 34
7 9 34
20 0 22
22 2 39
8 12 25
21 0 24
0 2 12
7 10 15
13 16 42
9 11 27
21 0 15
1 4 22
4 7 3
18 21 24
2 7 25
22 0 24
17 20 15
19 20 24
2 5 44
23 3 13
17 19 38
17 18 22
23 2 38
1 4 30
14 18 16
18 22 34
8 12 24
7 12 38
16 18 24
2 4 6
6 11 38
1 4 18
5 8 34
15 18 9
13 16 34
4 7 23
3 5 32
15 18 4
12 13 10
9 14 26
10 14 31
23 2 43
17 22 36
0 3 9
13 15 34
21 22 7
20 23 29
10 14 26
21 0 23
5 10 30
8 12 21
16 17 30
3 5 18
0 2 5
19 22 43
22 0 22
15 17 34
15 18 13
11 15 40
5 9 40
6 9 29
5 8 23
21 23 43
5 8 8
0 4 7
20 0 40
22 1 24
0 3 34
10 13 12
12 14 39
18 21 30
15 16 11
17 19 20
3 7 6
20 23 20
1 3 25
2 6 38
1 6 8
7 11 22
16 20 36
5 8 18
17 20 8
7 11 25
7 9 44
12 15 31
18 20 8
11 13 14
10 13 27
3 6 22
17 21 26
16 17 15
7 10 28
5 8 45
14 17 30
5 7 8
10 12 36
20 21 20
18 20 30
19 21 19
4 9 23
13 17 8
19 22 33
20 23 33
5 8 45
8 10 32
6 8 8
21 0 26
18 19 31
5 8 45
9 12 7
16 19 28
2 6 27
6 10 20
23 3 43
4 6 25
13 14 32
8 11 7
22 2 43
22 3 11
20 0 21
5 9 1
12 15 43
6 8 21
14 16 43
6 9 45
11 15 21
5 8 19
15 19 10
8 11 19
22 1 19
23 3 39
17 20 31
1 6 28
4 7 33
18 21 41
15 19 6
10 13 12
13 16 9
12 16 37
13 16 12
5 7 8
4 7 12
23 3 35
14 16 1
10 14 16
9 13 32
3 5 40
7 10 8
23 4 6
11 14 40
14 17 6
18 20 12
12 14 2
15 19 4
5 8 8
20 23 20
5 7 30
16 18 17
11 14 31
21 22 7
4 6 40
22 0 6
10 14 31
10 13 29
9 13 10
20 0 6
16 18 28
15 18 31
7 11 11
5 9 40
20 23 30
13 16 6
0 3 41
7 12 42
14 17 16
2 4 23
23 2 27
10 16 34
16 20 36
15 19 42
0 4 43
17 21 43
4 7 8
2 5 31
11 12 16
21 23 38
15 18 4
14 16 22
3 6 34
15 18 45
4 7 11
14 17 17
3 5 35
9 12 8
20 0 45
16 22 18
18 21 15
19 0 11
2 5 30
15 18 41
16 18 28
12 15 26
4 4 31
13 18 8
15 19 45
22 2 15
19 22 9
21 0 7
8 12 37
19 21 29
17 19 9
0 2 35
8 12 32
8 11 29
11 13 16
17 19 2
17 20 9
13 17 44
20 23 5
21 0 20
7 10 44
23 2 3
2 6 45
14 17 42
7 11 40
13 16 15
14 17 9
7 10 5
4 8 31
18 21 20
11 12 26
3 8 17
19 21 16
10 15 23
14 16 37
6 9 16
23 1 2
12 14 13
17 20 35
5 8 42
4 7 35
18 21 16
8 11 26
1 3 21
8 10 30
23 3 34
4 8 25
1 4 24
1 5 33
11 14 14
3 6 28
2 5 8
18 20 4
6 8 11
22 0 21
4 6 33
23 2 5
18 22 43
6 9 31
9 12 23
12 15 21
8 10 37
5 8 3
7 11 4
15 19 4
11 13 26
22 0 17
23 0 34
18 20 10
1 4 18
13 17 37
21 23 16
20 22 27
0 3 23
15 18 27
20 0 20
23 3 45
1 4 15
1 6 30
2 4 30
2 6 39
3 5 17
19 23 12
4 8 9
23 3 33
15 18 25
16 21 28
17 19 1
8 11 15
12 15 12
22 2 31
8 10 44
5 8 23
10 12 31
20 22 19
14 15 5
7 10 18
20 0 25
20 23 43
21 0 8
11 12 8
20 23 8
8 11 2
7 11 15
20 23 44
1 5 2
4 9 7
10 14 35
8 11 4
23 2 38
15 19 7
19 21 25
10 13 33
1 2 16
19 22 34
14 17 44
14 17 34
1 3 19
21 0 20
1 5 3
20 23 21
15 18 39
18 21 44
4 9 10
3 7 23
12 14 32
21 22 23
20 23 27
17 19 14
15 18 42
2 5 20
3 5 6
19 23 36
10 13 23
5 7 26
17 18 38
15 18 6
18 22 35
5 8 26
9 11 6
1 4 22
19 21 41
6 9 39
12 16 44
4 4 35
15 17 18
12 14 39
0 5 43
22 2 40
17 18 19
9 12 26
10 13 20
18 20 33
11 13 15
20 0 7
1 4 2
8 11 37
16 19 37
4 7 20
7 10 42
3 5 28
6 10 41
12 14 20
12 15 40
4 9 25
1 3 43
13 17 25
17 19 21
10 12 33
8 13 27
2 7 22
22 1 1
12 19 14
17 19 13
23 3 39
23 2 33
6 8 19
4 8 26
2 5 25
17 21 32
2 4 14
4 7 8
18 21 1
0 3 2
23 2 9
21 23 22
13 17 36
0 2 12
11 15 37
19 21 13
3 7 13
11 12 43
11 16 11
6 8 31
7 11 25
8 11 39
12 15 13
23 2 22
19 20 25
19 20 24
16 18 39
16 18 19
8 10 31
7 11 6
10 13 2
23 3 12
19 21 41
2 5 28
16 18 14
8 12 7
0 2 1
12 15 8
0 2 34
13 18 27
23 3 16
6 9 10
8 12 39
8 10 17
4 8 34
12 14 6
5 7 12
23 2 3
2 4 41
1 3 34
19 0 26
21 1 32
16 20 26
5 7 31
12 15 42
12 14 15
20 22 23
3 7 26
13 17 20
14 17 18
15 19 7
7 9 17
15 19 37
4 7 28
12 15 45
23 1 43
9 12 36
20 23 13
15 19 26
3 7 18
18 21 6
14 17 3
15 18 29
8 10 6
8 12 5
8 10 27
21 0 24
1 5 39
17 20 14
13 15 44
19 23 32
19 22 8
19 20 10
4 8 33
22 1 2
21 0 39
10 14 39
14 15 42
19 22 1
18 21 37
21 0 30
17 20 43
7 11 42
20 23 25
19 21 42
4 8 3
18 21 34
6 6 3
5 8 27
1 4 31
5 9 12
22 0 36
4 5 42
22 0 33
17 23 17
11 14 12
17 20 1
20 21 37
18 21 7
15 18 29
23 2 2
9 11 44
21 1 5
7 10 41
1 4 4
2 3 7
10 12 6
1 4 20
6 9 6
3 6 15
16 20 8
18 20 38
14 18 12
0 4 33
23 2 8
18 22 14
17 20 8
14 18 15
15 16 15
10 14 15
15 18 29
8 10 30
12 15 22
1 5 20
3 6 33
12 16 29
21 2 10
17 21 20
21 0 4
22 0 30
22 0 15
5 7 34
23 1 23
1 3 43
2 5 18
0 1 24
11 14 23
16 20 8
23 3 17
22 2 44
7 10 6
15 17 6
20 23 24
11 15 4
4 5 8
23 2 36
23 0 28
21 2 13
9 12 22
5 6 13
12 16 32
3 6 20
1 4 17
9 11 45
21 1 31
16 19 38
5 6 8
7 9 33
3 6 19
13 17 21
6 8 11
8 11 10
12 14 34
9 12 32
15 18 26
19 22 3
18 21 17
23 3 1
19 0 7
20 0 6
10 12 18
6 9 26
17 20 40
20 22 45
2 6 15
13 17 8
16 20 38
14 17 43
5 7 3
23 2 15
18 21 41
4 6 34
7 11 38
5 8 10
14 17 26
10 14 16
21 23 14
23 2 25
10 13 14
2 5 32
7 11 14
10 13 40
13 17 22
21 2 17
14 17 42
19 23 4
2 4 32
2 5 31
20 22 9
6 9 29
8 12 26
21 0 25
7 10 43
22 1 21
17 22 19
10 13 11
19 20 22
15 17 9
13 17 43
22 1 4
0 3 9
10 12 32
5 9 6
0 2 22
9 12 7
19 22 27
11 13 12
4 6 39
5 8 7
4 6 28
18 22 35
3 6 8
8 12 33
20 21 26
21 0 12
14 20 45
18 21 33
3 5 2
13 17 23
5 7 29
2 5 13
6 10 41
15 19 39
4 5 23
17 21 40
23 2 22
16 19 29
8 9 20
0 4 20
2 4 43
8 10 42
12 16 36
7 10 27
5 8 4
9 14 9
20 23 40
19 23 31
17 21 9
7 9 27
15 17 37
19 22 13
12 14 14
2 4 2
0 3 18
12 15 1
13 15 30
10 13 30
20 0 36
0 3 23
7 11 18
21 1 8
4 8 33
13 16 39
11 14 39
17 19 45
0 5 35
12 14 1
8 12 31
15 18 3
18 22 43
21 0 44
8 10 2
17 20 5
20 23 42
6 9 3
17 21 38
11 12 2
0 2 40
21 22 20
16 18 38
19 23 26
18 20 5
3 4 2
22 0 20
4 6 18
20 23 16
9 12 11
8 11 11
6 8 14
12 15 40
4 6 27
17 21 31
4 6 2
1 2 4
18 21 37
15 19 38
16 20 10
13 17 38
19 23 29
20 0 24
18 20 23
22 1 9
16 17 16
7 11 9
8 11 30
16 18 45
4 8 20
18 21 20
4 8 3
8 12 40
15 19 39
5 7 37
18 21 8
7 9 5
6 10 15
17 19 25
5 9 42
19 20 40
8 11 21
23 3 39
20 23 40
12 14 43
11 15 41
19 22 45
14 18 8
13 17 11
19 21 29
7 10 4
8 9 2
22 0 19
12 14 41
14 17 19
5 9 3
23 2 13
23 2 7
5 8 1
15 18 27
16 19 21
5 6 10
5 8 18
3 6 37
6 9 33
3 4 28
15 17 26
6 8 28
8 12 37
10 14 9
22 3 45
23 1 4
1 2 3
3 5 27
11 15 3
20 23 40
18 21 32
16 19 9
9 12 2
18 21 23
2 5 35
21 0 5
3 9 43
4 6 12
20 23 42
17 21 38
11 15 18
16 19 27
10 13 34
14 18 34
1 3 25
21 1 37
3 6 2
19 20 29
23 3 7
8 11 13
14 18 37
11 16 27
6 8 2
11 13 2
22 1 32
11 15 34
16 18 24
4 8 39
5 9 17
2 4 9
4 9 31
19 23 27
13 16 29
19 23 41
8 11 38
23 2 19
10 13 21
15 19 39
13 16 44
11 15 30
11 14 7
12 17 9
13 16 3
21 1 31
1 3 43
20 1 8
11 15 18
5 7 37
16 18 41
0 1 20
2 4 42
4 9 33
4 6 4
8 11 12
21 1 35
16 18 7
9 13 10
21 1 8
3 4 18
1 3 22
8 13 40
22 23 25
15 18 14
19 21 29
18 22 33
2 6 7
16 18 4
7 9 20
4 7 36
22 1 21
3 6 32
17 20 33
11 14 40
15 19 38
16 18 23
6 11 1
1 5 34
14 18 8
1 3 24
14 16 36
20 1 11
23 2 26
20 22 36
14 16 44
3 5 7
15 18 39
14 19 1
8 12 29
10 13 10
19 21 13
16 19 4
15 19 42
23 3 7
15 20 33
21 23 15
12 15 24
22 3 34
22 2 18
17 21 42
6 8 22
6 9 22
2 5 26
7 10 4
16 18 44
10 13 4
4 8 17
4 6 32
0 3 28
18 23 4
4 7 43
14 16 30
11 14 43
23 2 40
16 20 31
17 19 43
20 23 28
17 20 35
15 17 21
7 10 4
18 22 16
13 17 2
4 6 5
0 5 6
16 20 6
23 3 44
13 17 43
11 13 7
14 16 19
23 1 14
7 11 39
15 17 15
6 10 6
13 16 32
11 13 43
16 20 40
7 8 38
21 0 11
22 1 10
11 15 9
2 5 19
14 18 37
8 11 37
13 17 34
22 1 33
15 17 27
2 5 37
8 11 4
3 8 44
18 22 3
6 8 33
17 20 23
20 23 21
11 14 18
2 5 44
3 5 7
4 6 13
15 19 10
5 7 39
11 14 24
10 13 35
9 11 30
8 13 18
3 5 35
15 17 2
0 3 26
18 22 8
0 3 15
15 17 34
14 17 34
13 16 42
4 6 13
18 21 19
15 18 32
0 0 31
13 16 26
8 12 3
6 10 17
12 14 40
15 18 3
21 1 43
23 2 43
15 18 30
21 0 37
0 3 37
22 1 2
19 23 15
7 11 6
16 18 42
21 0 31
0 4 22
17 20 1
22 23 29
22 2 37
22 0 37
5 9 2
21 0 16
18 20 1
13 16 36
9 13 44
3 6 14
4 8 41
23 2 37
23 1 38
18 20 43
23 2 32
6 9 16
8 12 35
11 14 1
8 10 6
8 13 34
2 5 33
20 23 18
20 22 30
13 17 30
13 15 26
14 17 40
20 0 34
4 9 36
0 3 21
23 0 16
2 6 30
17 21 27
2 3 9
22 1 11
6 11 7
22 1 17
20 23 18
13 17 24
10 13 26
4 5 2
19 22 36
6 9 35
1 3 45
17 20 1
6 8 9
0 3 45
22 1 2
15 18 15
1 4 32
17 19 9
14 16 45
9 11 38
5 6 22
5 8 45
8 12 26
8 11 1
13 17 4
23 4 21
7 10 24
15 19 1
22 0 3
9 12 16
2 4 26
18 21 14
14 18 2
16 19 40
18 20 1
19 21 23
0 2 4
15 17 31
8 11 6
6 8 17
6 8 24
8 11 14
22 0 27
9 13 37
22 0 43
2 4 30
3 5 18
23 2 27
18 21 30
15 18 18
6 9 17
9 11 15
12 15 28
6 9 9
19 22 44
23 1 15
13 17 45
15 17 39
22 2 16
23 2 30
10 14 29
2 6 34
11 15 39
9 12 19
10 14 16
5 9 14
5 7 43
5 8 23
5 8 6
19 23 44
0 1 26
6 9 10
3 6 41
3 5 3
17 21 10
6 8 25
19 21 5
5 8 31
14 18 23
17 20 33
2 4 12
1 3 7
12 16 1
16 17 33
2 4 30
14 16 5
8 11 12
3 7 31
15 17 31
7 11 37
4 7 29
10 12 33
0 3 38
16 17 35
15 18 3
5 9 41
14 18 34
17 20 29
2 5 5
9 13 16
19 22 1
3 8 13
16 18 23
12 15 29
18 21 6
17 21 26
2 5 29
10 13 20
16 19 4
22 1 37
11 13 19
5 7 43
19 23 28
19 21 11
10 12 13
6 8 38
10 13 41
8 11 28
0 2 1
23 2 5
19 22 42
8 11 40
0 4 13
17 23 7
1 3 4
18 23 32
21 0 30
1 5 22
19 22 29
19 23 18
20 22 33
0 3 1
17 21 5
21 0 35
14 16 34
6 10 30
14 18 14
13 16 12
10 14 16
17 19 5
15 18 31
9 13 4
0 2 32
20 22 29
14 18 23
22 1 22
8 11 30
13 16 28
3 7 9
16 17 18
22 1 14
13 18 7
22 0 29
13 17 30
3 7 27
8 12 25
3 7 7
17 21 32
21 1 6
7 10 31
3 5 2
7 10 14
5 7 38
13 15 19
23 2 42
9 13 20
14 17 33
15 17 9
17 20 19
21 23 28
18 20 25
1 3 20
14 17 11
21 1 27
11 15 10
21 0 35
10 12 5
9 11 24
16 18 8
1 5 18
16 18 33
11 14 11
8 12 10
6 9 43
19 23 34
6 9 35
16 19 29
2 5 9
17 19 45
10 13 5
17 22 38
7 8 38
2 4 43
13 14 27
6 9 43
21 1 34
1 3 33
0 4 6
10 13 44
21 22 7
5 7 27
7 11 11
0 4 4
23 2 8
23 2 22
20 22 43
6 10 22
12 15 5
4 7 15
5 7 33
9 13 9
18 21 7
20 23 39
22 0 23
4 5 40
8 11 25
8 11 16
3 6 6
14 17 14
9 12 14
23 1 35
8 12 27
12 14 29
10 13 5
21 2 6
15 19 17
2 5 42
2 6 42
14 18 20
23 2 31
23 2 29
16 19 25
16 19 45
0 3 28
13 16 34
0 4 10
10 12 37
18 19 25
19 20 36
6 9 4
1 4 22
13 14 22
16 20 9
3 6 20
11 15 32
7 9 29
9 13 10
16 18 13
23 3 36
9 11 43
8 11 21
2 4 22
1 4 9
16 21 2
22 0 2
9 11 26
10 13 24
18 21 1
19 20 27
6 9 11
5 11 19
19 22 42
0 4 5
17 18 4
7 9 32
20 21 13
18 21 3
8 11 4
16 19 2
5 9 9
0 5 38
10 14 44
8 10 1
13 16 28
0 1 22
2 5 24
5 9 33
0 3 2
22 0 45
2 5 44
9 12 25
19 0 34
20 22 24
13 16 38
22 0 35
10 14 25
12 15 6
18 21 16
20 0 8
22 0 29
21 2 3
21 1 21
4 8 30
3 7 44
20 23 41
3 5 21
4 8 28
3 6 44
8 11 36
17 20 39
3 6 28
9 15 20
9 13 1
13 16 15
14 17 37
16 19 8
7 8 42
23 3 41
10 11 15
3 5 25
10 12 28
2 4 21
16 21 7
21 0 35
3 8 24
12 14 24
2 5 6
5 6 7
9 11 24
3 5 13
7 11 42
7 11 27
17 20 32
18 21 4
16 19 33
20 21 35
12 15 18
8 11 19
14 19 19
4 8 20
22 2 44
2 6 9
0 3 31
16 17 42
5 5 9
6 8 43
17 21 11
4 5 23
20 1 31
5 8 9
16 19 44
1 4 32
17 19 26
18 20 2
18 22 31
1 4 20
1 5 5
12 15 43
19 21 11
10 14 17
5 8 35
15 17 11
14 18 7
11 14 33
22 2 6
13 15 5
8 10 35
19 20 33
22 3 29
19 1 4
5 8 16
18 21 9
23 0 34
14 18 33
3 8 10
4 9 36
7 12 16
8 11 38
1 5 22
22 1 1
16 21 12
11 15 4
6 8 31
18 21 3
4 7 44
7 9 37
6 9 27
6 9 21
4 8 36
15 19 17
12 15 39
3 6 15
7 10 5
23 1 29
8 12 37
17 19 44
12 15 11
18 20 20
18 22 31
13 16 39
12 16 34
15 20 16
21 0 13
13 16 30
6 10 14
11 13 35
1 4 22
5 8 3
4 8 23
19 23 43
10 15 40
9 12 32
8 12 19
22 1 19
9 12 11
15 17 28
15 19 40
22 1 30
8 10 39
20 23 13
8 12 24
9 12 15
5 7 38
13 16 42
1 3 18
19 22 35
6 8 26
3 5 1
0 1 5
20 23 9
6 9 24
11 15 30
0 3 2
15 17 30
22 1 28
14 18 15
22 2 17
3 7 13
9 13 26
12 16 32
3 5 7
0 3 1
10 13 31
10 14 45
22 1 13
7 11 18
4 8 42
12 15 11
20 23 44
1 5 14
18 20 45
17 20 44
23 1 24
20 23 10
4 7 17
15 17 22
5 9 1
8 11 35
6 10 39
7 8 10
19 20 6
4 7 11
8 12 11
7 10 1
19 23 32
1 3 28
7 11 34
16 21 23
14 17 9
18 20 6
14 18 32
14 16 21
1 5 28
4 9 19
10 14 23
2 4 19
8 10 27
12 14 15
9 12 45
16 18 7
1 2 37
14 18 44
23 2 4
18 20 6
8 11 38
3 5 11
21 0 11
22 2 40
16 19 32
6 9 25
20 22 9
10 14 42
23 3 19
1 5 25
22 0 40
21 23 45
21 23 40
20 22 37
7 11 15
15 17 31
6 9 13
17 20 16
1 4 44
0 4 4
9 14 25
7 11 42
17 21 5
15 18 36
14 17 18
23 2 41
20 22 4
9 12 7
9 13 8
23 2 37
22 2 41
6 9 9
4 6 4
4 8 13
0 5 37
4 5 39
21 0 24
5 8 22
19 23 28
3 4 44
16 20 18
4 8 36
16 19 39
9 12 18
17 19 4
13 16 30
2 5 29
9 12 10
11 15 5
11 13 1
22 0 25
3 6 2
19 23 30
2 5 7
14 15 5
6 10 16
20 0 1
15 16 11
3 5 35
12 14 6
16 20 8
1 2 27
6 9 35
14 17 15
23 3 2
15 19 45
14 17 32
5 9 34
20 22 7
20 22 12
17 22 11
12 14 36
3 6 41
15 18 37
6 8 17
14 17 41
23 1 44
10 12 10
11 12 42
17 19 45
9 12 24
4 6 19
0 2 35
19 22 22
8 12 24
23 3 10
11 15 16
20 22 31
5 7 8
18 22 26
20 23 27
6 9 26
21 1 40
9 13 12
18 0 44
10 12 11
9 12 27
18 19 45
3 5 25
16 19 6
6 9 5
0 3 33
20 22 10
13 14 18
0 3 34
9 13 5
7 10 35
16 19 36
11 13 20
3 7 42
3 6 21
22 1 8
14 16 19
21 0 41
8 12 45
1 4 40
7 8 4
11 13 17
12 14 15
14 17 33
16 19 24
12 16 45
9 12 22
11 14 36
7 11 2
19 21 43
7 9 20
8 10 27
21 23 39
14 17 16
15 20 43
18 22 39
11 13 33
3 6 25
1 3 7
20 23 39
10 14 14
16 19 27
16 19 20
14 17 37
7 11 31
4 9 37
5 8 38
16 19 2
8 12 11
19 23 7
5 8 38
6 9 16
13 16 18
20 21 2
19 22 30
23 2 18
17 19 27
14 18 33
17 19 43
22 1 14
9 12 34
23 1 34
2 6 21
18 20 23
22 0 2
5 7 43
13 17 36
2 6 2
21 0 23
2 5 13
1 4 25
15 17 42
18 22 37
6 9 15
4 6 42
12 14 43
9 11 11
21 1 8
12 14 16
22 1 27
20 22 22
8 11 42
4 6 4
0 4 45
0 4 16
0 3 30
11 12 10
2 5 20
11 15 5
19 21 7
9 14 21
5 7 41
18 20 43
17 22 10
14 16 4
17 20 36
16 19 41
1 4 38
11 14 44
9 14 38
2 6 11
14 17 32
20 22 20
5 7 25
1 3 6
13 17 2
11 13 13
20 23 14
6 11 20
7 10 37
18 22 5
11 14 41
4 9 25
14 16 21
10 10 21
7 10 42
5 10 19
14 18 9
9 11 5
18 22 20
23 1 39
18 21 27
12 15 7
17 20 39
23 2 25
6 9 45
6 10 34
9 11 44
10 13 23
4 5 34
4 7 23
5 9 10
2 5 32
5 8 33
10 13 32
16 21 21
3 6 25
3 6 14
13 15 25
8 12 27
8 12 33
16 18 40
22 1 39
2 6 13
2 3 24
15 16 24
7 12 40
22 1 13
22 1 24
13 16 10
3 5 28
19 1 17
3 6 7
20 22 6
19 21 19
12 15 27
20 23 29
11 13 24
23 3 19
2 4 44
12 15 5
0 3 10
17 22 6
11 14 20
0 3 32
1 3 7
15 18 1
21 1 27
11 12 26
7 10 14
18 21 1
23 1 2
6 9 18
1 4 44
23 3 12
21 21 31
14 17 45
20 0 4
16 19 29
23 1 17
11 15 18
7 11 40
12 15 27
10 13 31
9 13 7
22 1 44
7 10 24
5 7 45
0 5 6
13 15 28
1 2 32
6 9 29
9 13 31
17 20 4
22 1 31
15 18 39
15 19 32
5 8 38
12 15 19
22 1 13
13 16 34
0 3 19
14 17 3
16 18 39
22 2 39
11 12 29
23 2 34
1 4 11
4 6 43
4 7 28
21 23 28
4 6 24
10 11 39
17 19 14
14 17 39
13 16 39
14 16 22
22 2 31
10 16 13
5 8 31
21 23 28
13 16 41
22 2 43
1 3 32
3 5 39
6 7 3
12 14 43
23 2 16
16 18 32
19 22 14
3 6 21
5 8 40
22 1 14
17 19 25
13 15 35
0 1 17
2 5 20
6 9 21
23 2 43
9 11 9
9 12 13
5 7 14
5 9 14
2 5 27
2 4 32
11 14 16
12 15 44
14 17 33
21 23 31
16 21 5
16 20 11
10 12 20
11 13 30
22 1 8
7 9 38
16 17 15
1 4 43
5 8 16
1 2 13
12 16 6
2 5 42
22 0 19
12 17 40
18 20 19
21 0 40
9 13 10
22 3 4
6 9 11
4 7 36
3 6 6
8 12 12
22 1 38
19 22 20
10 14 16
10 13 33
13 17 31
23 1 12
11 15 32
17 21 29
15 20 40
5 8 6
13 17 21
6 9 19
23 3 37
13 17 11
20 23 4
6 8 19
16 18 4
10 14 27
23 2 14
1 5 1
20 22 5
12 14 21
18 22 34
1 3 23
17 20 36
4 9 26
4 7 43
23 3 2
22 23 45
0 2 1
18 21 31
19 22 37
4 8 33
12 13 11
16 21 41
12 13 36
5 8 30
9 12 34
10 11 14
17 21 35
18 21 30
5 8 31
1 3 32
20 23 34
0 4 19
7 10 18
8 13 17
20 23 40
5 10 33
23 2 32
7 10 24
13 16 24
17 19 15
17 19 41
13 16 40
1 4 9
22 1 37
7 9 7
5 9 9
9 11 4
2 6 1
20 23 11
13 17 28
15 18 43
21 0 35
18 23 14
16 20 17
13 14 23
4 8 3
12 14 24
21 1 3
5 9 32
3 5 10
15 16 12
5 7 35
5 7 22
2 4 33
4 7 28
3 7 7
6 9 6
7 10 8
0 3 26
12 15 44
18 0 35
7 10 6
19 21 8
17 20 40
4 8 45
13 16 37
19 22 10
1 5 34
4 7 23
15 17 3
17 22 19
22 2 23
8 10 5
13 17 45
19 23 30
8 12 36
1 3 3
12 16 42
8 10 4
0 4 36
13 17 34
23 0 33
13 16 42
20 23 19
21 23 3
0 3 13
14 17 19
22 1 44
22 1 27
14 15 18
17 18 25
5 6 38
8 12 18
21 0 5
18 21 18
21 1 29
14 17 43
16 20 24
23 4 19
14 17 6
5 7 4
18 22 28
2 5 6
18 20 9
14 19 39
0 4 42
11 14 36
4 7 28
13 16 24
15 19 7
19 22 5
8 9 32
22 2 3
12 15 1
16 20 7
9 11 40
14 18 16
6 10 37
12 16 9
3 5 29
15 20 26
16 20 13
20 22 39
8 12 6
20 1 42
11 15 31
18 18 5
20 0 26
17 19 6
8 10 32
11 14 30
18 21 26
16 18 40
17 20 24
7 10 23
18 21 17
18 21 44
20 22 31
6 9 8
7 11 38
3 5 1
21 2 18
12 14 37
23 3 35
18 21 3
13 16 25
16 19 23
16 18 23
11 14 16
15 17 32
3 3 27
23 4 17
14 18 14
4 5 33
10 13 20
21 0 17
5 7 31
15 17 22
9 12 40
23 1 16
19 21 38
3 5 23
3 3 8
8 12 3
8 11 1
17 21 44
7 10 21
13 17 38
19 23 18
16 17 39
14 19 45
11 14 29
20 22 17
20 22 17
21 23 35
10 13 42
21 23 23
13 17 7
22 0 38
22 0 7
15 20 29
17 20 37
10 11 35
21 1 19
6 11 43
20 22 15
14 18 10
11 14 10
10 14 42
20 22 30
10 13 1
14 16 39
20 0 12
8 10 41
18 21 3
10 13 17
12 15 37
10 12 10
14 17 34
17 19 1
22 0 45
3 7 27
16 20 13
18 20 37
2 5 5
23 3 34
15 17 28
1 5 29
21 1 17
20 21 7
12 16 8
15 19 24
15 17 36
13 16 19
8 12 10
8 12 26
0 4 17
4 7 5
17 19 5
8 12 4
0 1 11
6 8 27
2 5 18
14 16 3
3 7 30
14 19 30
12 15 16
14 18 19
0 2 17
12 17 28
20 22 19
4 8 10
19 22 4
1 5 33
18 19 38
16 19 8
3 6 33
14 17 32
23 1 5
8 12 14
16 17 23
17 21 4
14 17 11
8 10 1
13 16 29
18 20 23
16 19 38
8 9 1
14 17 33
3 7 24
6 9 37
11 14 22
9 10 22
5 8 24
22 2 18
5 9 37
6 8 3
15 17 30
15 19 38
2 5 37
18 20 27
3 5 42
19 21 7
22 1 5
4 6 34
3 6 40
0 2 12
16 19 1
5 5 13
9 11 1
2 6 15
13 17 42
5 9 23
0 1 15
10 13 3
8 12 20
3 8 34
3 5 33
14 18 39
19 18 27
19 0 34
20 0 17
14 17 19
18 22 41
20 22 29
10 13 14
6 10 45
13 16 11
17 20 34
20 22 18
9 13 39
10 14 38
12 13 38
6 11 4
7 12 26
16 19 4
22 1 29
10 13 1
23 1 8
13 16 27
14 18 31
18 20 45
7 9 18
18 21 35
15 18 3
14 17 30
23 3 40
3 6 16
2 6 31
3 5 32
10 13 31
13 16 42
1 4 22
18 20 19
12 14 36
20 23 3
1 6 31
7 10 13
8 12 42
8 13 1
21 2 17
10 12 42
19 21 44
10 12 14
12 15 17
10 14 35
11 14 10
18 21 45
18 21 15
6 9 36
6 9 14
22 1 29
21 22 33
7 8 8
13 17 37
16 20 14
3 6 36
17 19 2
18 21 32
9 12 16
20 23 29
8 10 13
6 11 34
17 19 44
6 8 34
19 22 40
1 3 18
0 2 6
4 8 15
22 1 13
21 0 39
12 15 29
2 4 8
17 19 41
12 15 6
1 3 1
18 23 5
1 3 1
22 3 45
6 10 17
4 8 28
10 14 32
21 22 19
3 6 43
0 3 6
13 16 10
14 17 3
0 4 18
23 2 4
22 2 7
16 19 35
6 9 2
10 12 37
9 14 1
7 8 7
17 20 2
21 2 36
7 10 37
8 11 15
1 4 30
12 16 41
4 9 15
22 0 17
12 15 38
1 4 9
8 11 12
11 13 10
16 19 28
12 14 30
16 20 34
21 23 34
9 11 17
14 17 43
10 13 44
10 14 1
20 0 26
10 13 15
4 7 41
22 2 34
7 9 32
16 19 18
8 11 8
22 1 3
12 15 29
18 20 17
6 8 39
6 9 41
12 14 9
3 7 7
7 10 43
4 9 10
14 17 5
3 6 21
9 13 27
4 7 21
2 5 14
16 19 45
9 12 43
6 8 18
19 23 17
20 0 43
22 0 40
20 21 18
20 21 7
13 16 39
17 20 7
13 15 34
2 5 18
21 0 5
17 22 17
13 15 14
4 7 44
13 16 5
1 3 39
21 2 44
17 21 35
23 3 44
21 23 26
5 9 22
0 3 6
19 22 38
11 14 40
20 23 16
21 1 26
18 20 4
7 11 25
7 10 38
1 6 20
23 3 4
16 17 22
22 2 10
17 20 26
15 18 44
12 16 33
10 12 3
3 6 34
7 9 6
3 6 30
6 11 39
21 0 36
18 19 45
4 8 24
7 11 43
7 10 3
13 16 25
8 11 2
21 0 42
11 14 40
7 10 29
13 16 15
16 20 40
8 11 16
15 16 12
16 19 38
1 4 5
5 9 7
3 6 26
10 14 37
20 23 10
20 22 15
19 22 20
5 8 23
22 2 34
19 22 35
1 3 7
19 23 21
15 18 30
3 6 45
9 13 12
16 19 41
7 10 20
12 17 25
13 16 25
2 5 4
11 16 16
1 5 19
8 12 7
18 21 22
3 7 41
4 6 41
11 15 6
9 11 39
13 16 26
3 5 7
3 7 20
3 6 21
6 8 24
6 8 21
11 14 27
2 6 29
8 10 4
23 2 20
7 12 31
22 0 40
3 6 16
17 19 37
17 21 24
1 5 41
10 13 10
23 2 29
7 11 6
2 4 8
22 0 39
16 19 19
9 14 42
21 23 18
8 11 31
10 13 23
11 14 11
19 22 8
11 15 25
2 5 36
12 14 22
14 18 33
1 6 5
9 13 38
14 16 26
1 3 8
11 15 37
23 0 33
21 23 21
14 18 28
12 14 23
11 14 21
7 11 28
5 10 31
7 11 31
3 6 37
5 8 34
21 22 3
15 17 33
4 7 9
8 10 39
14 18 21
14 17 24
0 3 8
8 12 41
20 23 19
9 12 12
22 2 45
5 9 27
3 6 36
14 19 20
16 19 19
13 17 44
4 7 24
5 9 15
8 11 26
19 23 41
4 8 22
16 17 38
10 13 1
1 3 17
3 6 7
6 9 36
13 17 37
21 0 21
12 15 43
11 16 24
19 22 10
0 1 26
16 20 27
12 15 5
18 21 35
16 19 31
20 23 23
18 21 35
12 14 20
18 23 10
0 3 34
7 12 34
18 21 4
3 5 26
17 19 25
23 1 26
12 16 33
14 16 38
13 16 11
9 12 5
15 18 33
12 16 38
4 7 21
12 14 26
22 2 37
10 14 9
9 12 12
12 15 4
1 4 25
16 19 8
10 13 33
18 21 10
13 16 9
1 4 43
19 22 24
10 15 34
21 0 22
20 0 39
19 22 26
11 15 22
16 19 6
17 20 32
8 10 27
11 14 15
14 16 18
21 0 38
0 4 4
16 20 45
1 2 38
16 16 28
11 15 37
19 21 25
22 3 30
0 5 44
1 3 22
18 23 10
17 20 34
1 5 15
6 11 45
17 21 38
3 6 9
18 20 23
8 12 29
16 19 40
10 14 29
21 0 10
18 22 1
15 19 36
11 13 38
14 17 45
20 22 22
5 7 11
8 12 28
10 13 24
5 6 1
11 13 39
17 20 39
14 17 31
21 0 43
21 23 25
12 14 25
1 3 16
21 0 45
0 4 45
14 18 10
20 0 13
13 16 32
19 20 11
22 1 20
14 18 27
12 15 32
2 6 32
22 0 26
2 7 28
21 0 13
22 3 36
4 6 21
20 0 24
15 19 30
9 12 28
4 7 22
19 22 26
16 20 36
11 15 36
18 21 26
5 7 23
7 9 3
1 5 1
0 3 35
18 21 24
7 11 34
0 3 45
20 0 26
22 1 4
7 8 18
2 5 45
16 20 32
15 18 7
9 11 39
12 12 24
3 7 11
3 4 42
3 4 9
20 23 35
13 14 41
19 20 23
18 22 27
11 14 17
0 4 15
15 18 30
20 1 3
9 12 26
1 4 27
0 5 13
5 8 18
2 6 27
21 22 29
12 16 20
1 3 41
5 8 27
18 21 32
5 7 33
10 13 17
22 2 42
3 5 41
5 8 13
21 1 42
10 14 12
7 10 32
8 11 30
18 20 40
16 19 35
5 8 43
5 7 23
15 19 34
16 18 5
10 12 18
9 12 45
9 13 34
11 14 11
22 1 4
7 10 23
1 5 10
23 1 14
5 7 9
20 0 18
6 8 33
5 7 22
5 6 13
9 12 22
2 6 1
9 11 15
5 8 35
4 6 21
21 0 13
13 16 29
10 12 2
0 3 3
4 6 18
17 20 37
13 16 38
12 14 30
1 5 22
22 1 23
0 2 18
11 15 37
6 8 33
12 14 11
3 6 43
23 4 31
2 6 43
16 18 45
7 10 1
19 21 9
12 14 17
20 22 14
1 2 11
23 3 36
2 6 2
0 3 40
12 15 27
20 23 13
3 5 30
11 12 22
3 5 33
16 19 24
9 10 13
6 9 7
6 9 15
7 9 36
9 12 25
17 20 11
13 16 41
6 7 5
22 2 8
3 7 29
8 11 38
5 7 6
6 9 16
21 0 39
9 12 32
21 23 34
12 15 27
14 19 11
21 0 38
5 8 13
11 15 24
7 11 27
3 7 21
15 17 9
22 0 3
11 14 28
16 20 19
22 0 20
19 0 11
22 2 21
10 12 32
2 4 20
0 4 31
10 13 14
13 14 45
16 20 19
16 19 28
3 6 8
21 0 32
14 16 11
16 18 41
18 18 15
9 12 39
17 19 21
8 8 9
17 17 22
12 15 40
11 14 37
5 8 12
14 18 25
13 15 2
10 13 25
21 23 13
11 13 30
12 16 37
2 5 23
6 8 8
15 19 45
18 22 28
7 11 32
16 18 10
22 1 43
8 10 8
17 20 3
9 12 9
17 19 2
5 9 27
20 23 32
11 13 13
19 22 5
17 19 37
3 4 1
14 16 35
16 20 17
23 2 18
22 1 41
18 20 22
11 14 45
10 13 11
13 15 16
5 11 1
0 5 13
1 4 28
5 9 11
4 8 11
20 0 31
6 10 9
1 6 21
10 13 38
23 2 15
12 15 41
6 8 43
6 9 13
21 23 21
0 5 29
15 17 36
10 14 33
3 5 27
18 21 7
23 3 10
7 11 23
22 0 23
16 20 6
13 17 13
16 19 45
20 0 14
10 13 42
19 22 17
21 0 29
12 16 37
19 23 40
18 22 41
10 14 1
23 3 15
13 15 24
17 21 7
23 1 19
12 15 41
4 7 43
13 19 22
21 0 3
6 10 16
5 7 2
18 21 24
0 5 3
14 18 5
19 0 8
9 11 3
17 20 15
20 22 40
1 4 44
11 14 39
21 0 12
15 19 35
1 2 41
21 22 6
3 5 1
18 21 17
20 2 12
21 2 45
12 14 8
18 21 25
10 11 31
3 6 31
5 8 18
22 1 37
6 8 8
20 21 28
12 14 32
17 20 20
3 6 9
15 18 11
18 20 25
13 16 24
13 17 8
6 9 31
5 8 33
8 12 39
1 5 36
15 19 3
10 14 8
1 4 39
14 17 5
2 5 18
5 8 16
22 1 17
8 12 23
8 11 17
23 2 26
6 9 28
19 21 24
23 1 36
8 11 6
17 19 9
21 0 40
10 14 30
23 1 33
13 17 36
5 8 33
5 9 8
14 17 45
