3000 20
4 12 1 3 17 17 15 4 12 15 10 14 19 7 15 17 1 7 11 13 
11 21 3
8 18 2
19 6 19
0 10 1
5 15 1
1 9 4
10 22 8
14 23 11
15 1 7
11 20 19
6 17 1
12 23 20
6 15 7
15 0 9
9 18 14
7 15 4
7 17 12
9 18 17
9 19 10
15 1 10
11 20 20
8 18 8
19 4 6
14 22 6
3 13 4
1 10 7
10 20 8
7 18 17
17 4 2
15 2 18
0 11 1
10 19 8
9 19 19
13 2 7
2 11 14
4 15 6
0 10 12
11 22 11
14 1 17
15 1 10
10 20 12
22 9 20
19 7 7
22 8 11
15 0 15
12 23 10
23 8 9
10 20 11
15 1 1
15 23 12
10 19 12
18 3 20
20 7 10
11 21 8
6 16 20
23 9 5
9 19 12
10 19 20
5 12 7
21 9 9
21 5 16
16 0 6
4 14 10
2 12 14
3 12 7
15 1 6
9 18 9
23 11 8
7 17 18
9 19 13
9 20 10
19 5 19
8 16 3
9 18 11
6 14 11
22 8 7
5 15 12
20 6 8
22 8 15
17 3 10
3 15 16
12 22 1
14 23 5
16 2 20
1 11 3
2 11 5
2 11 18
1 10 3
22 8 14
15 0 15
21 8 8
17 4 1
10 22 2
1 11 1
13 0 8
12 21 18
19 7 7
5 15 10
2 12 12
23 9 6
6 17 5
9 20 12
6 16 12
3 13 5
5 13 3
23 10 14
18 4 10
22 9 13
4 16 13
12 22 1
18 6 1
7 15 12
21 7 5
3 12 18
7 17 15
0 10 5
6 16 4
11 21 13
7 18 1
20 5 14
11 21 13
19 4 15
13 22 15
15 0 12
0 10 7
17 4 19
20 7 3
22 10 8
18 6 17
18 5 8
2 10 1
11 22 12
10 19 19
11 21 18
13 0 2
11 23 7
17 3 18
21 7 15
23 9 6
9 20 12
21 8 2
1 10 4
20 6 20
20 5 16
4 15 16
20 6 12
16 3 9
23 8 13
21 6 9
4 14 12
7 17 8
16 2 20
12 22 7
16 2 3
4 16 4
18 4 9
14 1 14
19 6 6
22 8 14
23 9 9
20 6 17
6 17 3
17 2 9
5 15 8
14 0 7
3 14 13
23 6 2
0 11 11
20 5 10
4 14 16
10 21 16
8 18 11
20 6 18
4 14 10
21 7 2
15 3 8
15 1 2
10 19 1
21 7 6
8 17 13
18 6 13
20 7 8
15 2 4
23 6 5
15 2 9
14 2 18
1 10 13
12 22 20
23 9 7
8 18 2
7 17 7
21 7 18
2 10 6
19 5 18
22 8 16
15 1 8
3 15 10
4 15 5
1 13 10
8 18 17
14 1 8
21 8 13
15 1 16
9 18 20
22 7 12
11 20 3
9 20 18
12 23 7
3 12 16
21 6 18
13 1 17
20 6 8
10 21 16
1 12 5
8 18 13
12 0 14
18 4 11
19 6 6
9 19 19
1 10 11
9 18 14
17 3 9
3 14 20
16 3 13
9 19 3
19 6 6
23 9 11
5 17 2
5 14 9
13 23 6
18 5 2
5 14 6
18 5 10
3 13 6
10 20 7
7 16 3
9 19 20
2 11 19
4 15 18
21 7 14
4 14 1
19 6 6
4 14 16
10 20 16
10 20 8
18 6 5
8 20 3
13 23 15
5 15 15
8 19 1
15 0 12
20 6 1
23 10 12
17 2 2
9 19 2
6 16 11
13 23 1
13 23 19
10 20 7
16 2 2
8 19 13
21 6 3
9 18 19
10 20 1
11 22 13
19 4 17
8 18 10
10 18 15
20 6 10
3 12 5
22 8 19
10 19 5
22 8 11
11 20 17
11 22 19
20 5 1
3 13 7
13 22 11
7 18 9
7 17 18
10 20 20
1 12 12
2 11 15
7 16 10
3 14 6
19 4 19
11 23 9
21 8 3
10 20 10
18 4 6
0 11 7
3 14 11
15 2 4
19 6 5
2 13 3
8 20 16
19 5 18
10 20 1
13 23 18
5 15 12
19 6 10
10 18 16
20 7 18
13 23 14
19 4 3
11 19 16
5 17 14
17 2 16
4 15 10
12 21 9
12 21 10
12 23 8
7 16 16
6 15 20
22 8 7
16 2 18
18 2 1
0 10 8
11 20 10
14 22 11
19 6 8
4 13 14
3 13 19
9 18 11
1 11 6
14 2 9
19 4 2
11 23 1
18 5 3
22 7 10
20 6 16
16 4 20
13 1 4
4 14 2
9 20 8
0 10 10
14 1 20
21 7 12
14 1 17
22 8 18
10 19 1
2 13 12
10 21 19
12 21 17
1 12 19
0 10 18
18 3 8
3 14 13
8 17 2
21 5 1
9 18 12
9 18 18
6 15 17
0 10 3
12 1 19
11 22 7
5 15 20
20 6 15
9 19 7
15 0 3
17 3 18
2 12 6
13 23 14
4 15 15
3 13 16
14 0 8
7 18 6
17 2 16
15 1 15
21 7 10
8 18 9
6 18 19
21 7 5
6 15 9
19 4 5
10 20 2
0 11 18
1 9 2
13 23 2
15 0 20
4 13 1
14 0 6
2 11 19
5 13 9
19 5 8
6 17 16
13 23 2
10 20 4
6 15 14
12 22 5
11 21 13
5 13 16
8 18 18
3 14 7
11 21 3
15 1 15
9 20 16
6 17 19
11 18 4
15 1 14
0 10 17
9 19 13
23 9 18
14 0 6
19 5 15
14 1 4
20 5 19
7 17 5
17 5 8
9 18 12
13 0 18
10 21 1
22 7 11
2 13 15
23 10 12
20 7 9
8 18 3
4 15 13
11 23 4
16 3 11
1 14 19
5 16 2
20 7 12
15 1 16
1 10 11
1 10 16
21 8 14
11 21 2
2 13 4
22 8 8
6 17 7
0 10 12
11 21 4
11 20 10
7 17 2
5 13 2
22 7 8
13 1 19
23 11 8
12 23 9
10 20 16
3 14 13
20 5 17
21 9 10
13 23 18
21 7 3
14 1 1
14 0 7
22 9 5
18 4 19
13 0 14
3 13 12
11 21 20
1 11 5
19 4 14
10 19 7
5 13 15
14 1 18
18 4 14
5 16 19
22 8 13
21 9 3
21 6 5
7 16 16
13 22 12
15 2 4
0 9 2
20 6 2
1 10 4
4 16 13
14 0 3
9 19 1
14 1 16
13 23 15
19 5 4
7 17 12
20 7 7
2 14 19
9 20 10
11 20 18
14 0 5
0 11 5
3 14 4
13 22 7
19 5 13
23 9 1
21 7 9
16 2 20
4 14 11
18 3 19
15 2 19
3 13 6
5 16 20
11 21 5
18 5 7
2 10 8
6 16 4
11 20 14
11 22 12
9 20 1
14 23 15
19 4 19
9 19 10
4 16 2
14 0 13
3 15 7
20 7 18
6 16 10
21 7 7
14 0 12
13 23 7
11 21 18
21 7 11
18 4 14
16 2 14
3 12 13
19 5 5
16 1 9
14 23 20
18 3 5
8 19 10
18 1 19
19 4 8
22 8 8
1 11 17
11 22 12
7 17 9
16 2 19
12 21 5
1 10 4
15 2 11
7 17 6
13 23 16
11 22 13
13 0 6
12 20 9
21 6 11
16 2 4
12 20 10
23 9 1
9 19 4
3 13 13
6 17 4
20 7 4
21 7 10
1 11 20
4 15 6
17 4 16
20 8 2
18 4 17
3 14 7
13 22 18
22 8 7
1 11 2
15 2 4
20 5 2
9 18 15
2 12 5
23 8 18
10 21 20
1 11 3
13 22 19
15 0 7
3 12 20
22 9 18
12 22 13
2 11 17
19 4 11
0 10 19
0 11 20
3 14 5
20 7 19
9 19 11
5 15 2
10 19 14
14 23 5
21 8 20
15 1 10
21 8 7
9 18 15
1 11 5
23 9 16
13 0 20
6 17 11
0 9 18
1 11 16
1 11 8
5 15 2
2 13 6
8 18 6
8 17 4
8 18 10
22 9 18
8 20 9
1 12 3
20 6 1
9 20 12
23 9 3
7 17 5
1 13 12
8 20 17
23 9 19
13 23 15
8 20 1
3 13 6
0 11 17
11 21 6
18 2 3
17 3 3
1 11 12
11 20 17
22 8 19
6 15 8
2 9 2
22 7 13
16 2 18
5 16 8
17 4 16
20 6 7
19 7 14
22 9 8
7 17 8
3 13 8
18 4 19
13 23 19
10 20 20
3 13 2
20 6 19
17 2 6
7 17 15
21 7 1
0 10 18
11 21 7
6 15 10
8 19 16
5 14 17
20 6 12
6 15 12
1 11 15
9 20 16
8 19 19
14 22 8
10 19 13
11 21 3
4 15 17
1 9 13
17 4 4
9 20 13
14 0 7
10 19 10
21 6 17
5 13 17
7 17 12
14 1 16
21 7 18
12 23 3
12 21 12
0 9 6
13 0 20
14 0 16
21 7 4
0 11 14
17 2 10
14 23 15
21 8 16
13 0 17
12 22 17
6 17 15
18 4 18
19 3 15
21 7 11
11 20 3
5 13 7
6 15 10
19 6 6
16 2 6
8 16 13
16 2 3
13 23 2
19 5 1
9 20 13
15 0 15
20 5 2
7 15 13
14 23 4
4 12 4
17 1 4
13 0 4
23 8 5
18 2 10
9 19 15
6 16 2
23 7 5
4 13 1
8 18 18
10 21 10
11 22 17
4 14 10
3 13 16
23 10 10
0 10 10
22 8 5
4 14 8
22 8 4
1 11 8
23 8 4
20 7 7
8 18 16
2 12 20
23 10 15
7 19 8
5 16 8
4 14 11
0 10 17
9 20 3
1 10 14
19 6 6
2 11 1
23 10 6
5 15 9
12 21 20
20 5 16
1 13 14
13 23 17
3 13 1
10 20 8
9 19 4
14 1 11
5 13 5
3 13 8
12 20 19
10 21 12
19 6 13
10 20 8
12 22 10
23 8 7
2 11 13
13 23 19
19 5 8
10 18 13
6 16 6
4 13 17
17 3 3
8 18 7
0 11 2
7 19 6
15 1 9
21 6 8
3 14 14
6 17 16
4 15 6
3 14 9
21 6 11
3 13 18
0 9 9
13 1 7
20 4 3
8 17 17
7 18 4
4 15 17
18 5 9
13 0 7
1 10 18
8 18 13
20 5 3
22 7 1
21 7 14
9 19 10
17 3 11
23 10 2
3 11 9
17 3 16
8 16 9
9 17 5
17 3 1
13 1 16
16 1 2
13 22 2
14 1 8
20 6 11
7 16 18
20 8 14
9 18 9
19 6 15
4 13 6
17 3 12
15 2 14
19 6 14
21 5 7
7 16 2
12 22 8
19 6 19
5 15 1
21 7 10
15 0 6
9 19 15
0 11 14
21 6 17
17 3 19
12 21 1
15 2 1
21 7 1
0 8 13
15 23 8
2 11 10
5 15 12
1 13 4
13 23 10
5 14 10
19 5 9
9 19 17
4 12 20
23 9 5
16 2 14
10 20 20
12 0 11
16 0 4
23 9 9
5 15 7
7 16 16
5 14 4
23 9 9
20 4 9
15 2 19
2 12 1
6 16 5
16 2 19
14 23 13
10 19 10
18 3 1
19 5 7
3 12 19
1 12 4
22 8 16
21 7 2
22 9 4
12 21 16
8 17 19
12 20 19
4 16 5
21 7 20
17 3 18
10 20 5
11 22 7
20 7 20
7 16 14
6 16 7
17 5 18
10 21 4
10 21 14
12 22 17
5 13 20
6 16 18
7 19 8
14 1 14
23 8 11
7 17 4
22 7 8
22 8 7
4 12 2
16 3 11
1 12 14
11 21 16
22 8 12
2 11 19
17 2 13
3 14 10
20 6 5
4 13 10
6 16 18
4 15 20
8 19 9
21 7 18
4 14 13
14 23 20
14 2 18
3 12 8
23 8 20
18 6 8
6 17 17
5 13 17
23 9 1
0 11 19
11 21 5
2 11 3
23 10 12
12 21 6
23 9 11
17 3 11
8 18 10
4 14 1
17 2 10
3 14 3
16 1 3
15 4 17
1 9 19
1 13 3
1 10 8
12 20 9
22 9 11
19 5 1
11 22 1
3 13 10
11 22 1
4 14 19
8 18 14
12 22 7
9 21 18
9 19 6
16 2 7
21 7 6
15 2 7
12 21 11
0 10 15
22 10 20
12 22 11
13 23 1
17 2 5
6 15 1
15 2 7
6 16 7
16 3 9
4 14 10
1 9 3
16 1 2
11 21 7
12 21 3
0 10 16
17 3 9
18 4 6
19 5 15
16 3 8
22 10 9
13 23 3
5 15 4
1 12 7
3 12 6
18 2 5
12 22 6
15 2 19
3 15 5
17 2 9
0 10 9
2 10 17
6 17 16
11 20 13
7 17 6
21 9 8
11 23 3
4 15 4
13 23 4
21 7 18
13 22 16
16 1 17
0 11 5
6 17 13
2 12 8
16 2 10
14 0 12
6 17 18
22 7 12
21 8 11
11 21 8
14 0 11
0 11 14
4 14 9
1 9 15
13 22 12
21 7 7
21 7 10
18 4 17
9 18 5
5 15 10
19 3 4
20 6 12
4 15 13
9 20 14
8 17 16
23 9 5
21 8 20
20 7 6
13 0 5
17 0 8
15 2 11
23 10 2
17 3 4
4 12 11
17 5 17
4 15 4
18 2 14
3 13 5
4 13 10
1 9 15
13 0 2
8 18 18
5 17 19
3 12 15
9 17 1
12 21 4
21 7 6
16 1 15
1 10 11
9 20 4
11 21 13
13 0 17
23 9 14
3 13 11
13 23 19
10 21 14
1 12 2
16 1 10
2 11 19
8 17 15
18 4 14
16 0 12
8 18 3
17 4 9
5 15 8
22 6 10
14 23 4
20 6 14
2 12 6
14 0 16
4 13 4
1 11 7
15 0 7
11 20 13
11 20 11
5 16 20
0 9 13
19 7 17
13 23 8
6 18 10
19 5 19
1 10 20
0 10 16
9 19 1
2 13 15
16 3 12
0 11 8
1 12 19
21 7 8
6 15 11
15 2 6
19 4 7
21 9 9
10 19 19
1 11 13
9 21 11
14 0 6
23 8 5
14 22 7
1 12 7
2 13 6
10 20 20
2 12 17
17 2 10
14 1 8
10 20 3
21 5 6
7 16 18
6 14 1
12 21 6
5 14 3
2 12 9
19 5 14
20 7 5
23 8 10
13 21 20
8 19 1
11 21 4
16 3 15
9 19 4
8 17 15
2 11 3
8 17 19
0 11 3
19 4 2
13 23 15
21 6 18
4 15 1
13 1 1
8 18 19
10 20 5
2 12 7
2 12 12
11 20 3
22 8 14
6 15 2
15 1 15
2 11 14
17 3 19
13 23 1
7 17 11
9 20 7
20 6 20
18 4 2
2 12 3
21 5 10
0 9 13
19 3 6
14 23 13
5 15 4
11 22 20
12 22 16
18 4 1
5 15 4
18 4 8
17 2 16
1 10 17
3 13 3
14 23 13
16 5 19
18 5 17
4 14 14
13 22 15
15 0 14
9 19 1
19 5 4
12 22 5
7 17 8
19 5 10
3 13 17
2 13 19
5 15 9
20 6 6
5 14 1
16 2 6
5 13 3
5 16 7
8 19 11
7 16 7
2 12 11
11 20 18
7 19 2
21 8 15
22 7 6
4 14 15
18 5 11
4 15 20
12 21 11
14 1 2
1 11 12
21 7 11
19 5 8
12 21 20
4 14 10
7 18 18
18 4 2
2 11 1
11 21 7
11 21 15
20 5 16
20 4 5
23 7 4
19 5 4
2 11 6
13 22 4
16 1 1
4 12 2
20 7 5
10 19 2
18 5 12
14 23 12
20 5 20
23 8 2
8 17 6
6 15 3
0 11 14
16 4 14
5 17 17
13 23 20
23 9 8
10 22 6
13 23 4
23 8 16
18 6 1
23 7 5
13 0 2
2 11 6
7 18 6
20 5 15
3 13 11
16 0 3
8 18 9
8 18 20
5 16 6
5 15 12
7 18 7
9 19 15
17 2 2
20 7 16
5 14 9
20 5 10
18 5 10
20 7 2
2 12 10
10 20 6
20 5 19
12 22 17
23 9 6
1 10 9
13 0 16
16 2 2
14 23 12
23 8 13
12 22 16
2 12 9
6 18 9
18 4 7
9 19 8
8 19 13
18 4 13
7 17 18
20 6 5
12 22 4
4 17 13
3 13 8
3 12 3
14 22 6
7 15 20
11 21 13
9 19 14
0 10 13
22 9 11
13 22 4
6 15 20
23 10 8
12 23 20
23 8 13
2 12 17
21 7 19
10 20 2
15 1 19
15 0 18
22 6 20
8 19 7
2 12 20
12 22 13
17 2 9
23 9 3
15 2 2
7 17 12
16 3 1
3 13 8
0 10 6
4 16 10
0 10 9
23 9 13
11 20 15
7 18 14
10 20 3
20 6 18
12 1 20
11 22 7
17 4 5
15 23 3
23 9 13
4 14 11
1 10 17
10 19 15
4 13 16
7 18 16
4 15 9
11 20 10
16 3 10
12 22 19
4 16 16
17 2 1
22 9 12
0 9 17
20 5 3
0 12 17
19 5 19
21 7 8
13 23 15
0 10 1
12 22 18
2 11 18
18 6 18
12 22 2
8 18 5
7 17 13
11 20 13
13 23 11
0 9 13
0 10 11
4 13 19
11 21 20
6 17 12
17 3 14
17 2 14
2 11 8
10 20 19
5 13 17
2 12 12
22 6 17
22 8 9
13 23 7
16 3 10
10 21 15
15 1 2
1 13 1
16 3 3
0 9 18
20 5 14
17 2 18
2 11 19
2 11 8
16 2 4
16 23 16
2 11 5
3 14 7
4 14 4
21 7 8
3 13 19
5 15 18
11 21 15
19 3 20
16 1 14
20 6 7
20 6 5
6 17 15
7 17 13
12 22 13
3 13 15
18 4 12
18 2 14
18 5 10
6 16 8
15 23 12
19 5 18
3 12 17
1 10 17
20 6 5
7 16 12
16 2 13
6 15 3
7 18 7
0 10 16
1 9 9
18 6 12
16 2 3
0 11 15
14 0 13
10 20 18
5 16 5
11 21 15
1 10 15
0 10 4
4 13 14
0 10 4
19 6 3
22 9 15
15 3 10
0 10 5
8 18 1
8 18 17
2 14 2
22 8 12
9 20 2
5 17 15
10 20 9
18 4 2
2 12 4
0 11 3
0 10 8
0 9 9
18 4 20
4 16 7
4 12 12
0 10 1
3 13 12
21 6 11
6 17 20
21 9 19
14 0 9
19 7 3
22 7 6
21 8 13
0 10 15
3 14 9
9 18 19
19 5 1
23 9 16
21 6 4
3 12 5
4 16 10
19 5 14
4 14 6
7 18 17
18 3 3
16 3 11
13 23 3
2 12 2
1 11 18
17 5 16
11 22 1
7 16 15
1 10 1
5 14 9
15 0 15
6 16 16
17 2 20
10 20 2
23 8 12
11 21 18
22 7 13
19 5 19
2 11 4
1 11 8
22 7 8
6 18 20
11 20 6
5 15 15
8 18 20
6 16 18
0 10 3
16 4 16
3 13 2
6 17 14
4 15 6
16 1 8
13 21 4
5 16 13
14 0 13
23 11 5
0 11 13
19 5 12
13 23 1
20 6 6
18 3 18
14 23 14
23 7 4
7 16 1
8 17 3
12 21 1
2 13 16
15 2 1
20 6 6
4 13 5
8 18 13
16 3 2
22 9 12
17 2 11
2 11 14
8 18 15
21 7 5
15 2 12
10 18 13
23 8 20
9 17 5
12 22 12
6 16 8
9 19 20
5 15 2
17 3 5
15 0 18
4 12 14
0 10 8
5 15 11
20 6 5
7 17 15
7 17 2
5 15 17
9 20 18
19 5 9
21 8 10
1 11 15
4 16 8
12 22 6
1 12 3
11 20 12
5 16 9
23 9 7
13 23 6
20 7 6
10 20 12
7 18 20
6 15 4
15 1 7
13 22 11
20 6 19
2 12 13
4 16 20
0 10 19
8 17 9
10 19 9
7 17 2
4 13 19
19 6 15
9 19 11
12 22 1
17 3 18
2 12 17
6 15 12
21 8 2
9 21 13
5 16 8
8 19 14
13 22 12
17 3 3
3 11 5
9 17 2
1 11 5
14 1 19
7 17 20
3 14 12
14 23 1
15 23 17
10 21 1
15 0 13
14 0 19
18 4 3
22 9 3
12 21 4
16 2 16
8 16 15
10 20 3
12 20 10
23 9 19
14 0 11
8 17 11
10 20 11
10 20 16
13 0 5
13 22 18
10 21 15
6 14 7
19 5 11
8 16 15
12 22 3
6 15 9
3 13 18
3 13 7
8 18 14
16 0 12
10 20 4
12 0 9
14 0 5
8 18 12
8 19 3
11 22 4
3 13 19
23 8 9
8 18 17
9 20 20
5 14 6
1 11 9
4 14 8
6 17 18
0 9 17
22 9 16
4 14 1
10 19 5
2 12 3
15 1 14
11 23 5
6 17 17
6 16 3
22 9 8
13 23 1
2 12 1
19 5 2
3 14 17
17 2 3
7 16 18
7 16 15
5 15 12
18 5 9
19 6 1
7 16 15
14 0 1
6 16 8
13 23 19
5 14 17
3 14 7
5 15 18
16 4 16
0 8 13
17 3 7
17 3 10
16 0 3
5 15 15
23 9 13
20 5 1
6 15 4
9 19 8
11 21 20
7 17 9
16 2 9
14 1 1
20 7 11
4 14 14
23 9 20
11 20 15
18 3 8
4 13 2
9 16 1
17 2 11
15 2 14
4 13 14
19 6 11
13 0 11
19 5 18
18 2 19
13 23 10
10 22 8
4 14 14
8 18 17
8 19 6
17 2 19
2 12 14
15 1 18
4 14 13
4 15 3
1 11 9
16 1 10
23 10 11
8 18 1
19 5 16
23 9 18
21 7 15
3 12 20
20 5 11
10 19 5
23 7 3
17 3 15
13 21 2
13 21 14
2 12 19
11 0 5
0 11 13
18 4 19
4 12 1
2 10 10
5 13 16
3 12 13
11 21 15
14 1 10
9 18 14
8 19 20
2 11 8
6 16 7
21 6 2
10 18 20
20 5 20
6 17 12
6 16 6
5 14 19
6 17 16
14 1 8
3 14 4
13 22 14
8 17 18
3 13 16
17 2 10
8 17 14
21 8 16
19 6 16
9 20 2
2 12 3
18 4 9
13 1 6
15 0 8
16 1 11
11 20 5
3 13 3
18 3 4
5 13 7
21 7 11
20 5 14
21 7 3
6 14 10
10 21 6
0 12 9
12 23 5
0 9 9
5 15 19
7 17 18
2 12 10
16 2 16
1 12 3
1 11 20
6 16 14
9 19 15
12 22 12
7 17 3
10 20 5
6 18 2
2 11 8
15 1 18
6 18 15
17 2 10
19 7 7
1 12 5
6 16 3
20 7 3
22 7 3
2 13 11
12 21 7
2 12 3
15 0 8
20 4 6
11 20 3
9 20 20
18 5 20
18 3 20
19 5 6
4 15 5
7 17 15
4 12 8
13 0 10
3 13 15
10 21 18
2 13 11
7 16 7
23 9 12
19 5 11
17 3 11
2 10 20
22 8 8
18 3 16
7 17 3
9 20 14
7 16 10
19 5 2
18 4 18
7 16 4
18 3 10
8 18 12
21 7 8
20 7 20
16 1 20
23 8 5
8 16 5
16 1 17
9 19 17
3 13 6
23 9 20
5 15 19
4 14 3
14 0 15
22 7 19
13 0 9
11 20 5
7 18 5
8 18 7
23 9 13
7 16 16
18 5 3
2 13 14
5 15 18
15 2 15
11 20 9
0 9 19
11 20 16
4 15 9
9 19 14
21 6 17
19 5 18
8 17 17
3 15 2
10 17 2
10 21 20
18 6 4
1 10 17
17 3 13
15 2 4
14 22 7
8 18 1
10 21 3
20 7 7
16 0 10
6 17 5
14 0 17
23 9 19
21 8 13
0 11 17
13 22 2
21 8 3
15 1 9
23 8 14
21 8 2
17 3 6
2 12 17
5 17 10
11 22 7
20 6 3
0 11 11
17 3 19
19 7 16
19 4 14
16 1 17
13 21 11
2 13 17
17 3 14
8 17 18
18 5 9
8 17 1
17 3 17
15 1 14
5 16 18
3 12 1
14 1 7
21 6 18
17 3 17
13 23 4
1 14 16
1 11 8
5 15 8
12 23 18
17 3 15
2 14 6
6 16 3
1 11 11
6 16 14
7 15 8
13 23 2
22 9 18
6 16 20
6 15 6
16 2 11
6 15 7
12 22 7
14 0 7
7 17 20
8 19 18
5 16 7
9 19 3
8 19 17
23 9 19
0 11 2
21 8 8
12 22 1
15 3 2
3 15 20
1 11 18
23 9 20
13 23 19
16 3 13
10 21 16
13 23 19
20 4 2
12 21 10
11 20 9
19 4 1
16 2 13
22 8 8
2 13 6
2 12 5
15 1 16
10 20 9
22 6 11
21 8 5
2 13 20
19 4 6
21 9 20
1 13 14
13 0 7
18 5 19
10 20 16
20 6 15
12 22 9
11 20 2
14 23 15
1 9 17
20 6 15
18 5 15
5 15 4
4 13 12
18 3 6
8 19 20
21 7 19
2 12 5
6 15 5
8 18 4
17 2 18
14 0 3
7 16 2
3 13 8
7 16 8
17 3 4
4 15 11
17 3 2
18 3 16
19 6 7
14 23 19
4 14 6
14 0 3
9 20 10
2 11 12
11 21 10
9 19 20
15 0 18
12 22 14
3 14 16
13 23 18
23 7 4
9 19 16
7 16 2
21 8 4
0 10 8
10 19 15
7 17 10
13 23 13
6 17 7
22 8 11
14 23 7
16 2 2
15 23 14
6 16 12
14 1 1
15 1 1
3 14 15
8 19 13
11 21 12
5 15 5
1 12 8
14 23 18
12 21 4
19 6 8
19 6 11
3 13 14
5 16 14
10 19 16
23 10 4
20 5 2
1 11 11
21 9 10
0 9 13
18 4 19
13 23 7
11 20 1
20 6 18
1 11 9
23 8 11
18 4 16
6 16 18
10 20 15
16 3 13
8 16 6
19 5 2
4 15 18
4 15 11
9 22 15
18 4 15
4 14 16
11 20 4
12 21 15
6 17 11
13 21 8
15 2 10
13 22 18
19 7 5
6 16 9
17 2 5
0 9 5
11 20 15
12 22 15
23 9 3
14 0 20
6 16 8
16 2 9
0 10 2
9 19 11
22 10 16
15 2 17
1 11 8
16 2 3
19 4 14
21 7 10
12 23 7
4 13 20
21 6 6
10 21 9
18 5 16
7 17 9
9 21 8
10 20 18
21 5 4
3 13 9
12 22 14
8 17 20
12 21 5
21 8 5
23 9 11
13 21 10
0 9 20
20 6 1
7 19 13
2 12 19
22 9 3
15 1 18
2 12 15
21 8 6
6 17 12
6 16 8
11 21 13
19 5 17
18 3 11
3 12 16
5 15 10
18 6 16
5 15 5
22 10 8
18 3 11
0 12 11
5 14 15
21 6 12
11 21 7
11 21 12
17 3 16
8 17 12
5 16 14
18 5 16
17 3 6
7 16 19
18 3 13
10 19 3
8 18 19
6 17 3
12 22 4
3 12 3
4 14 20
19 6 16
11 22 3
10 18 20
5 16 14
3 14 15
2 11 10
6 15 14
19 8 3
2 12 11
0 10 12
20 6 19
15 0 5
0 11 11
17 3 9
0 10 6
12 21 11
21 7 14
7 19 1
23 11 16
15 0 4
9 21 15
2 11 14
8 18 5
18 5 10
22 7 4
12 22 17
6 14 12
13 22 15
10 21 16
4 13 2
23 9 1
5 17 13
2 12 12
15 1 17
11 21 16
19 5 7
14 23 11
10 21 1
9 18 8
5 15 19
7 18 9
22 10 16
11 20 19
19 6 10
15 2 12
19 4 13
13 2 3
18 3 13
10 20 10
16 2 6
13 23 10
11 22 12
21 7 7
16 2 3
8 18 16
5 15 8
11 22 19
8 18 4
20 7 12
22 9 13
8 19 18
7 15 13
3 13 4
16 23 14
8 19 4
11 20 15
16 2 10
10 21 20
21 7 15
11 21 3
23 9 16
23 10 11
17 4 7
23 8 18
7 17 10
9 19 11
15 0 13
10 21 9
23 8 9
14 0 15
12 22 20
20 6 12
17 2 11
17 2 4
1 12 19
10 19 20
20 4 1
9 22 2
6 13 13
13 22 1
0 12 11
22 9 8
8 18 15
18 3 13
7 15 5
5 14 9
20 5 17
23 9 20
13 22 12
11 22 15
11 21 11
5 16 10
0 10 3
21 7 6
17 2 20
11 21 10
5 14 9
3 12 4
18 3 5
7 18 4
20 7 12
17 2 6
17 3 20
11 21 5
7 18 15
14 22 20
3 12 3
5 16 2
9 20 4
14 2 9
15 23 12
0 10 4
1 12 10
15 1 14
11 21 19
3 16 9
22 9 4
18 5 6
22 7 5
6 15 18
2 14 18
16 0 8
14 1 13
8 18 18
14 23 16
3 13 8
4 15 18
17 3 5
15 23 2
0 11 6
7 16 8
2 12 4
9 17 1
3 13 2
2 13 4
3 12 18
1 11 7
17 5 12
5 14 17
6 15 6
18 3 14
9 20 3
10 20 6
22 8 5
16 1 4
1 11 1
3 15 10
20 4 19
4 13 7
9 20 18
22 8 13
8 17 19
15 1 20
18 5 14
8 18 13
13 0 20
23 9 3
0 8 19
6 16 1
22 8 5
0 10 13
7 18 15
13 0 17
0 11 14
11 21 17
5 14 2
23 10 14
5 14 18
5 16 17
1 11 13
6 16 15
13 23 8
12 22 3
8 18 14
7 16 7
23 9 3
10 20 10
6 17 20
22 8 11
9 19 11
11 19 11
22 7 7
18 5 4
15 23 20
4 14 6
10 20 20
13 0 10
5 15 20
5 16 15
0 11 2
19 4 5
3 12 3
11 22 2
16 3 4
11 20 4
4 14 20
23 8 19
14 1 14
23 9 4
18 4 8
9 17 15
18 4 20
7 16 19
2 11 7
13 0 4
10 19 17
2 12 19
14 1 13
9 19 4
4 12 13
18 4 1
22 8 16
12 20 5
12 22 4
19 5 12
2 12 6
8 17 4
9 19 5
11 21 8
21 7 16
8 17 11
22 6 13
17 3 17
5 16 1
19 5 13
1 10 19
9 18 5
1 11 7
15 0 8
5 15 3
4 17 18
3 12 19
2 12 8
18 4 8
15 1 4
16 2 8
2 13 6
2 10 14
12 22 8
14 23 15
17 3 5
9 20 13
8 18 17
11 21 6
1 12 20
3 13 16
10 21 8
14 0 8
17 3 1
6 14 10
6 16 19
14 0 16
3 14 7
3 13 4
14 23 20
22 8 10
17 2 12
11 21 8
12 21 3
17 3 11
5 17 19
0 11 12
18 5 2
8 18 7
20 6 11
19 6 14
8 20 6
2 10 17
8 20 8
23 9 13
9 19 5
10 19 6
14 2 6
19 5 15
8 19 18
16 2 8
8 19 6
22 8 1
10 20 6
4 13 2
8 18 11
12 22 7
18 5 7
8 18 17
23 9 19
2 13 2
3 12 17
18 6 7
17 3 6
10 21 18
4 16 16
1 10 10
19 8 11
23 8 7
19 4 18
4 13 7
6 17 5
1 11 18
11 23 20
6 16 13
23 11 1
14 21 12
3 11 3
6 17 14
5 16 2
10 19 2
21 8 8
8 18 10
18 4 15
12 22 16
18 4 14
22 9 12
5 15 7
17 3 5
10 20 10
0 9 16
23 9 15
14 0 3
0 10 20
6 18 4
6 16 3
22 9 4
2 14 3
3 14 8
7 15 12
21 6 5
9 18 16
18 4 15
11 22 10
18 4 5
18 4 15
11 20 7
1 11 1
2 11 3
6 16 2
0 10 15
7 16 14
20 8 10
11 22 12
18 3 6
21 10 12
22 10 20
18 5 18
9 19 9
23 10 18
10 19 9
4 16 13
11 21 14
19 5 2
4 15 4
18 5 15
5 14 10
5 16 15
2 13 16
16 1 9
18 5 2
16 2 17
3 13 11
7 17 20
16 2 18
10 20 19
3 15 18
13 23 7
0 9 9
9 21 7
13 23 20
1 10 20
23 10 6
8 19 3
19 6 5
13 23 3
16 1 13
15 0 2
17 2 11
6 15 5
15 0 1
8 18 18
2 12 17
17 2 1
1 10 14
16 1 11
6 16 8
11 19 5
13 0 19
3 13 13
16 2 5
4 14 9
9 20 19
23 9 3
14 23 2
8 19 4
4 13 10
9 19 5
10 19 10
23 9 7
16 0 15
18 4 12
3 14 7
13 1 8
10 22 13
6 15 17
3 13 3
10 19 13
17 3 7
15 1 17
8 18 9
9 18 15
1 11 12
20 5 5
21 7 3
19 5 5
7 18 15
6 18 18
15 23 2
23 10 1
3 14 15
10 18 14
9 19 5
3 14 9
16 3 10
15 2 7
12 23 7
20 6 14
8 17 19
23 9 12
11 21 2
1 13 18
16 3 4
19 6 4
19 5 18
22 8 19
20 4 20
7 16 8
19 4 5
8 18 17
10 22 10
8 18 17
4 13 2
11 22 11
7 16 13
4 13 15
14 1 20
19 4 1
13 23 1
6 17 17
19 6 2
15 0 19
3 11 15
14 23 12
18 5 18
10 21 16
5 15 7
5 14 14
17 4 1
2 12 8
1 11 9
21 9 3
16 3 9
0 10 13
15 1 7
20 7 8
2 11 3
20 6 15
21 8 12
12 21 18
18 5 11
5 17 9
18 4 11
3 11 12
15 1 15
2 12 15
17 3 8
5 13 9
21 6 5
3 13 15
7 18 17
14 1 8
9 19 12
0 11 12
1 12 2
10 20 5
1 11 14
15 1 16
21 6 13
7 17 4
19 5 5
22 7 7
14 22 10
9 19 3
22 10 15
17 3 9
18 3 13
12 22 5
6 16 14
9 18 13
22 9 1
17 4 2
23 10 4
21 6 15
20 5 1
1 11 17
3 12 12
21 8 13
4 13 2
10 20 19
12 22 2
17 1 13
8 20 8
18 3 17
10 19 2
18 4 16
12 21 7
6 16 3
7 17 18
9 21 4
18 5 17
11 20 20
21 6 1
15 0 11
23 11 12
14 0 16
6 16 14
21 8 5
0 12 19
23 9 2
6 16 7
17 2 2
21 7 10
9 18 15
4 14 15
0 11 7
2 12 2
3 13 20
12 21 6
3 15 11
2 13 2
0 11 5
8 18 7
16 1 16
22 8 7
6 17 11
7 18 6
18 5 2
16 1 9
22 8 1
11 21 1
3 12 12
18 4 11
4 15 4
7 18 9
22 6 20
23 10 15
8 19 16
21 8 11
5 15 19
20 5 8
15 1 4
17 4 4
17 2 12
18 2 5
19 5 8
12 22 3
22 9 4
0 11 9
6 17 11
7 16 18
10 20 11
10 18 14
10 22 18
2 14 15
0 9 12
1 10 3
22 8 12
4 13 11
18 4 2
15 1 13
6 15 13
3 13 3
23 10 17
1 10 6
22 7 19
19 6 14
19 6 18
8 18 10
11 20 5
13 23 18
4 13 20
14 0 12
11 21 6
15 0 6
9 19 14
0 10 6
6 17 2
11 22 12
15 1 9
19 5 14
16 1 11
18 4 11
14 1 11
18 5 6
1 11 6
12 21 13
8 20 17
2 13 20
1 12 8
18 3 14
22 7 6
15 0 4
8 18 19
23 9 17
13 0 8
4 12 10
11 22 15
2 11 13
21 6 10
11 21 1
15 1 7
4 14 19
15 2 3
23 8 11
15 0 12
17 4 6
2 13 1
2 13 10
4 14 17
12 22 12
1 12 3
0 11 6
8 18 2
17 4 14
7 15 11
2 13 8
22 5 16
15 0 14
21 7 12
19 5 1
22 9 11
6 15 6
15 3 20
3 13 7
21 7 18
12 22 12
22 8 13
3 13 13
22 7 9
22 8 2
19 4 5
18 2 13
12 21 2
1 12 15
9 20 15
3 13 2
5 15 19
2 13 8
22 8 18
11 20 5
19 4 19
1 12 14
16 2 20
16 3 11
8 18 6
1 11 8
16 2 18
7 18 19
1 10 4
20 7 10
16 1 20
13 21 3
17 3 7
2 12 1
2 12 18
10 20 4
1 12 3
6 15 8
5 16 5
11 22 4
9 19 11
0 9 9
19 5 17
16 3 10
7 18 6
1 11 20
10 21 18
18 3 5
9 19 20
12 23 1
5 15 12
13 23 13
6 18 5
17 4 12
8 18 18
15 2 4
8 17 7
0 10 2
2 12 11
16 2 18
6 15 17
20 8 15
10 22 12
18 4 11
14 23 6
11 21 6
18 6 1
17 3 17
7 17 19
4 13 9
0 8 16
23 7 5
1 11 16
1 11 16
13 23 11
13 2 20
20 6 5
19 4 18
3 13 5
18 4 11
14 23 7
7 18 2
11 21 16
16 2 19
13 0 2
23 9 19
8 17 7
9 18 14
9 18 16
6 16 12
8 18 11
5 16 15
6 15 9
2 12 9
15 2 10
11 20 11
15 1 7
14 0 17
13 22 10
1 10 12
6 15 13
18 4 18
5 16 11
19 3 7
0 11 19
9 20 10
0 11 19
6 15 7
21 7 15
0 11 13
21 7 6
21 9 12
8 16 3
8 17 20
11 21 5
10 22 3
5 16 5
19 5 12
19 4 20
8 18 13
6 16 5
6 14 5
4 13 8
5 14 4
7 16 7
2 13 19
19 4 4
16 1 9
13 22 6
9 18 12
22 8 16
20 5 6
3 14 3
13 23 8
4 14 19
14 0 10
13 0 19
12 23 11
8 19 5
12 22 10
13 0 16
14 0 20
3 12 8
16 2 4
19 4 13
10 19 6
17 1 12
14 23 11
16 3 9
4 15 10
14 23 6
13 23 8
23 7 16
22 7 10
7 17 13
19 5 20
16 1 4
6 17 14
12 23 18
11 21 6
23 8 10
13 22 7
6 16 1
19 6 10
10 20 4
0 11 12
18 3 20
10 21 10
6 15 15
14 0 7
6 16 15
23 10 8
9 19 15
3 11 7
10 20 17
7 18 8
13 1 12
20 7 3
14 23 3
9 18 11
18 3 1
8 17 5
19 5 18
9 20 3
14 23 20
9 19 16
10 21 17
5 15 12
18 4 7
4 14 14
9 20 5
4 16 11
8 17 17
21 8 18
15 1 4
15 3 19
23 11 9
14 0 8
16 2 1
4 15 10
5 14 1
7 17 6
9 18 8
5 15 6
2 12 13
19 5 5
2 11 20
7 17 16
3 14 9
11 20 8
12 23 4
1 11 18
4 14 2
10 21 9
15 2 2
15 1 19
2 12 16
20 7 10
10 19 8
18 5 10
14 0 20
6 16 19
0 10 19
20 6 1
10 19 7
2 12 19
17 3 2
21 6 12
3 14 7
21 8 6
9 19 2
3 12 18
1 10 3
13 1 1
5 14 2
15 0 12
1 11 2
3 14 1
11 22 8
8 18 16
19 6 20
6 15 16
17 3 5
3 14 8
15 0 11
16 3 20
12 22 18
5 15 1
13 23 12
2 12 10
5 16 7
4 13 8
17 1 4
14 23 7
23 8 14
23 11 15
6 15 16
4 12 12
16 1 19
8 18 14
4 14 7
20 6 16
5 15 18
10 21 16
6 16 12
10 20 14
22 7 4
11 20 7
6 15 20
19 6 14
7 15 4
3 13 16
12 22 17
0 10 19
12 23 8
9 19 2
1 12 16
19 6 4
2 12 19
21 7 3
22 8 17
21 7 11
0 10 6
23 9 7
7 16 7
23 9 6
12 22 2
0 9 20
5 15 5
8 20 10
3 13 6
9 20 20
5 15 8
17 3 5
2 11 4
6 16 11
7 18 5
17 2 6
19 4 11
2 12 6
11 22 1
17 3 16
14 0 9
10 21 16
17 2 12
6 17 9
0 9 17
9 20 12
18 4 12
8 19 7
6 15 15
12 0 2
16 1 7
3 12 7
22 8 10
19 5 6
20 6 6
12 21 11
8 18 14
2 10 18
19 5 10
20 5 1
11 20 3
6 15 6
17 3 2
16 1 18
9 18 7
3 14 1
7 16 19
