2000 20
11 2 8 1 18 18 4 14 6 6 19 13 6 16 11 2 3 8 12 18 
18 6 18
12 1 2
3 14 14
5 17 10
7 18 1
3 16 11
23 11 6
16 5 8
16 6 15
23 14 19
0 12 16
8 20 10
13 1 17
23 10 6
2 12 19
16 5 17
19 8 5
22 10 7
17 5 14
23 9 9
4 15 8
3 15 11
1 13 6
5 19 17
7 20 20
6 18 19
1 12 8
11 0 6
19 6 17
15 3 9
15 3 10
4 14 2
9 21 9
6 20 20
11 21 8
5 18 15
1 13 3
1 13 16
15 2 8
13 2 17
18 7 10
9 22 5
0 10 12
7 18 6
7 19 20
13 1 7
10 22 6
1 14 3
1 13 7
11 23 3
0 12 14
13 0 17
17 7 11
17 4 2
11 22 6
18 5 11
13 0 2
9 20 14
20 8 9
10 22 14
17 3 14
6 18 15
19 7 4
14 3 7
9 21 5
8 19 14
7 18 5
5 15 11
3 16 9
14 2 10
11 21 20
23 10 10
9 21 11
7 19 9
21 8 10
9 20 1
1 14 12
7 20 12
3 15 19
12 23 19
18 5 14
15 4 17
6 17 5
12 1 18
1 13 16
14 4 20
9 21 11
5 16 6
9 21 18
12 2 5
7 18 8
3 15 15
3 15 7
21 12 4
4 16 2
14 2 12
20 6 2
12 23 1
4 18 13
7 21 20
14 3 19
23 10 20
16 5 5
1 14 2
12 1 7
7 20 18
17 5 4
8 21 10
19 7 5
21 10 3
14 3 12
1 13 10
5 16 20
23 11 16
6 19 20
1 13 3
14 1 16
5 18 8
23 11 12
22 11 9
10 22 19
3 14 19
10 22 8
19 7 15
19 9 1
16 3 19
4 17 6
19 7 13
8 22 13
16 5 16
13 0 13
22 9 12
13 1 12
9 21 3
16 4 4
17 4 16
12 23 15
13 1 14
6 19 2
10 21 20
18 7 20
21 9 17
11 23 5
2 13 4
14 2 3
3 15 14
14 3 19
1 14 14
11 22 14
4 16 12
6 17 8
10 20 19
22 9 13
14 5 18
12 0 17
10 22 20
1 15 4
11 23 1
12 2 3
18 6 11
15 3 3
19 6 17
5 16 9
20 8 1
14 3 3
19 6 3
4 18 18
16 4 19
21 8 2
7 18 15
5 17 3
22 11 7
3 16 10
8 20 12
21 10 10
20 9 4
8 21 8
14 3 19
0 11 2
9 20 17
16 1 20
20 7 1
5 17 10
19 7 13
4 14 10
21 8 10
6 18 16
10 22 15
7 21 5
23 10 6
21 8 13
15 2 10
16 5 7
2 14 4
1 15 5
19 6 10
7 20 17
21 9 12
15 5 8
13 2 3
15 5 16
2 14 17
20 7 20
18 6 19
14 2 11
4 16 12
23 11 13
3 13 18
23 9 19
11 22 11
22 9 11
12 0 4
2 15 8
22 11 20
15 3 15
12 23 16
19 6 14
11 23 2
22 10 2
23 11 2
1 14 10
21 10 7
4 16 19
12 0 19
19 7 3
20 10 19
16 6 11
13 1 9
0 12 17
13 0 20
8 21 13
19 9 10
3 14 13
14 3 6
6 17 17
11 0 2
5 18 1
5 17 16
19 9 7
11 23 20
2 14 10
4 16 8
17 6 6
1 14 13
5 16 17
22 10 7
7 19 13
4 16 20
20 7 16
12 23 11
3 16 5
4 17 3
13 0 16
5 17 1
15 3 19
5 17 19
12 1 20
19 7 4
1 13 18
4 15 6
22 10 18
23 12 7
15 4 12
5 17 8
20 9 3
11 23 17
23 11 3
16 4 2
22 9 6
14 1 11
14 2 16
20 8 17
9 22 6
4 18 17
22 9 17
22 10 6
2 15 7
15 3 18
1 14 6
12 0 16
15 2 12
14 1 3
18 6 1
6 18 2
8 21 19
12 1 18
1 13 16
15 2 4
11 2 5
4 17 20
21 10 1
12 23 15
22 11 13
11 23 12
0 12 7
22 10 4
22 11 10
19 9 12
9 22 3
16 4 15
20 9 18
18 8 11
22 10 1
16 6 5
10 23 1
12 0 20
20 10 14
23 12 10
6 16 10
9 22 3
11 23 20
9 20 8
2 14 19
11 22 7
15 1 15
12 22 14
20 7 7
18 6 6
18 6 14
4 16 14
20 10 5
21 10 18
14 3 14
21 10 11
22 12 10
21 9 16
18 7 2
23 11 3
5 16 6
2 13 17
21 10 11
4 18 20
14 0 14
10 22 10
17 7 5
2 13 19
3 15 14
11 23 15
9 21 2
17 5 8
17 4 7
15 3 18
16 4 18
7 17 9
20 10 5
8 21 19
2 15 7
2 15 10
11 0 8
21 8 16
18 7 18
21 9 1
15 3 5
10 1 3
1 14 3
7 19 18
6 19 8
8 20 17
14 4 17
15 2 12
6 17 2
13 1 9
2 14 17
16 5 4
3 14 4
6 19 17
5 17 14
13 23 13
15 4 2
21 9 11
19 7 8
19 7 6
7 19 13
3 16 3
13 0 20
22 12 7
22 10 19
13 0 8
8 20 9
22 11 11
3 17 13
17 5 3
8 21 2
13 2 20
7 18 14
6 19 11
8 20 20
23 11 16
8 21 2
18 7 16
8 21 9
11 23 3
17 4 19
15 3 3
16 2 17
8 20 7
2 15 6
16 4 18
9 21 8
20 9 19
4 17 6
6 16 14
15 2 9
6 17 15
23 10 10
16 3 14
15 2 8
5 16 17
0 15 3
7 18 11
6 18 9
17 4 9
22 12 6
6 19 7
2 15 12
22 9 15
19 8 18
3 15 6
0 11 5
2 14 9
12 23 4
5 17 10
11 0 19
22 11 11
3 14 15
22 10 13
19 5 18
0 12 11
14 1 12
12 1 6
0 12 7
19 7 3
19 7 12
0 14 17
9 22 7
9 20 9
22 11 11
13 0 20
16 3 8
5 17 3
5 16 18
0 12 15
7 18 1
6 20 18
17 5 17
7 18 12
22 10 8
14 3 5
0 12 20
15 1 1
5 17 18
11 23 16
15 3 13
0 14 14
7 17 2
6 19 1
14 1 19
13 0 4
2 14 13
2 15 18
7 19 14
14 3 13
6 19 7
15 4 4
7 19 19
2 14 18
1 12 1
8 21 1
5 16 13
23 9 8
3 14 4
2 14 13
17 3 14
20 9 5
1 13 6
16 4 14
16 4 2
0 11 12
1 14 5
4 17 7
18 6 15
18 7 12
20 7 2
17 5 13
21 10 20
21 10 12
18 4 7
13 3 11
11 0 17
8 19 17
9 22 20
15 2 9
15 2 18
14 1 5
20 9 5
13 0 6
21 9 9
5 17 17
4 15 8
3 14 5
12 0 3
11 22 12
17 6 6
2 13 14
14 2 9
4 17 16
5 17 11
1 12 17
23 11 11
23 10 17
3 16 6
16 5 19
1 13 15
4 16 14
14 23 3
11 22 20
12 23 11
3 12 18
10 0 4
17 4 2
3 14 16
19 7 14
15 4 10
9 21 9
4 16 13
4 15 18
14 2 11
0 10 4
14 2 10
16 3 6
9 20 4
8 21 7
1 11 10
0 11 6
1 12 19
18 7 3
13 2 2
14 1 4
21 6 17
5 18 18
2 15 5
22 10 5
23 11 10
0 13 5
13 2 6
1 13 8
21 8 13
5 17 11
20 8 16
4 17 12
2 14 7
4 18 10
11 22 17
2 13 3
1 13 13
6 18 18
8 19 14
18 6 15
9 20 16
0 11 13
8 19 8
11 23 12
17 5 11
22 9 17
7 18 16
12 2 15
9 22 7
4 17 17
18 6 17
19 7 7
13 0 20
6 20 19
19 7 15
16 4 7
14 2 4
20 9 16
4 14 12
5 17 19
16 3 10
22 8 12
5 16 19
16 3 9
17 5 19
5 18 17
8 20 16
19 7 10
17 5 17
21 9 15
20 8 2
14 2 11
4 16 2
17 5 17
6 19 3
11 22 6
15 3 6
10 20 13
10 22 5
3 15 8
17 5 4
13 2 19
12 0 5
11 0 13
10 0 10
23 11 19
12 0 2
9 22 5
9 21 3
18 6 13
2 14 17
15 0 11
12 23 3
19 7 7
13 2 3
2 14 19
21 9 6
1 14 20
16 5 15
21 10 18
19 7 4
18 6 13
0 12 11
11 23 20
10 21 2
15 4 3
4 16 1
3 15 1
4 16 1
2 14 13
4 17 19
18 5 11
20 7 4
17 4 11
20 8 11
2 14 14
5 16 5
10 23 7
19 7 15
5 16 17
16 5 18
6 18 17
8 21 10
22 10 10
18 6 15
10 22 8
18 6 6
2 14 1
1 12 6
17 6 2
5 18 4
0 13 5
17 5 16
15 5 19
6 19 16
7 18 19
15 2 14
20 9 7
22 10 9
12 1 7
19 6 20
17 7 18
6 18 10
7 20 12
1 12 5
4 15 10
21 8 14
4 17 14
12 0 4
9 20 12
21 10 1
10 22 12
18 6 19
9 21 10
4 15 4
2 15 16
22 11 19
6 19 16
4 18 11
15 1 10
23 11 7
0 13 13
17 5 2
16 6 19
17 5 18
5 16 6
14 0 8
21 9 7
18 5 14
16 3 14
12 0 3
15 3 3
4 16 3
13 3 17
9 20 5
2 15 14
11 23 2
6 19 20
3 14 16
11 23 7
10 21 16
2 13 2
21 10 4
4 15 1
11 0 2
18 4 4
14 1 11
2 15 20
20 8 11
12 0 15
20 9 12
13 1 18
18 5 19
15 4 2
15 3 15
14 3 20
2 14 10
3 15 4
9 21 15
0 10 14
15 3 3
22 10 12
22 12 9
11 0 17
13 1 5
23 10 3
0 12 1
18 6 11
22 8 1
18 5 17
10 21 10
4 16 11
12 1 18
21 12 12
8 19 20
15 2 19
1 14 5
7 20 4
15 4 13
5 17 18
20 7 7
7 20 19
20 6 20
13 2 4
14 1 11
2 15 4
20 8 10
22 11 17
22 12 5
1 12 20
5 15 4
11 0 14
1 13 15
13 2 20
18 2 1
11 23 1
14 2 18
0 13 18
3 15 9
7 20 13
21 9 16
19 7 2
9 19 7
14 3 18
19 9 18
1 11 1
21 9 12
0 13 4
14 3 11
11 0 1
14 3 5
4 17 12
20 9 20
18 6 3
22 11 13
14 3 10
14 3 15
2 13 12
13 0 4
1 13 1
4 19 12
23 11 10
13 2 17
12 0 13
10 22 4
0 11 8
21 8 20
17 5 5
15 4 19
16 3 15
19 8 2
2 13 12
16 4 4
5 17 19
0 12 1
11 23 8
9 21 9
11 23 11
21 11 4
4 16 20
3 15 3
17 4 17
6 18 17
9 20 14
9 19 18
10 23 18
19 8 2
11 22 19
12 23 14
11 23 20
7 20 19
11 0 3
20 7 6
4 15 19
12 0 19
14 3 17
9 20 4
6 17 14
9 21 14
4 16 13
20 8 2
11 23 12
18 8 15
5 17 17
1 11 2
15 5 12
18 7 2
5 17 1
15 1 8
0 13 16
6 16 3
14 3 5
1 13 3
17 4 9
8 20 15
18 6 14
9 0 1
19 7 10
10 22 19
7 18 4
18 7 9
2 15 5
12 1 3
7 18 1
10 22 4
23 11 18
17 5 3
0 12 3
16 3 8
15 2 9
0 12 13
16 4 14
15 3 17
19 6 8
11 22 17
23 11 3
10 0 10
19 4 4
5 17 18
13 0 16
20 10 16
16 4 9
19 4 4
8 19 19
21 10 8
14 1 18
17 5 18
20 9 5
19 6 17
1 13 3
18 6 6
8 22 20
13 0 17
8 20 15
15 3 20
0 12 19
19 8 1
10 21 14
11 2 5
18 6 11
8 20 20
6 17 1
9 21 20
8 20 15
8 19 7
12 0 6
7 20 20
4 15 11
15 3 20
7 18 10
16 4 17
6 20 12
18 6 6
1 13 9
16 3 3
5 17 2
8 20 13
5 17 1
15 4 4
8 19 9
0 13 13
4 15 8
17 6 11
12 0 8
14 1 18
14 1 20
18 6 9
14 2 17
22 12 5
10 23 4
10 23 2
9 22 16
6 18 10
10 21 14
18 5 1
18 6 11
3 13 15
11 0 3
21 8 6
18 8 19
13 1 19
17 5 20
20 9 1
4 14 5
3 14 3
6 18 11
23 12 6
14 2 3
7 21 18
18 5 9
5 17 6
20 7 17
6 18 14
10 22 9
11 0 2
9 20 11
18 4 4
0 11 19
22 9 20
4 17 6
18 4 1
16 5 12
23 10 12
18 7 2
12 0 15
21 8 13
3 15 5
11 23 10
16 5 20
19 7 2
16 4 10
13 1 3
21 10 18
18 6 20
9 21 20
7 18 10
15 3 7
10 23 19
7 20 5
6 18 16
1 12 1
11 0 1
10 22 8
3 15 5
20 7 19
11 0 4
13 2 9
10 23 19
20 7 19
19 6 16
16 5 4
18 7 14
21 8 19
13 2 6
7 17 17
11 0 11
1 11 4
7 19 1
23 12 16
0 12 20
19 7 20
0 13 18
19 7 11
5 18 9
17 5 9
22 11 3
13 0 17
5 15 9
17 5 1
23 12 14
23 11 5
16 5 1
17 5 11
16 3 1
18 7 6
11 22 12
10 22 8
15 2 20
12 2 15
20 8 17
1 13 19
16 6 11
18 4 2
19 7 15
20 8 18
23 9 18
11 23 5
1 12 13
20 8 8
19 7 2
13 0 15
2 14 1
21 9 13
19 6 14
5 18 18
5 18 14
14 3 12
4 16 1
6 21 1
17 5 14
0 13 19
0 12 16
22 11 8
10 0 16
3 16 18
5 17 6
3 14 13
20 6 2
13 1 9
13 0 3
19 7 16
9 21 5
4 14 2
18 6 15
10 20 12
17 4 17
7 19 8
12 1 18
8 19 20
1 13 1
19 7 16
19 6 11
20 7 11
16 5 12
17 5 7
5 17 7
5 18 5
15 3 11
0 13 4
9 22 16
15 2 9
12 2 7
19 6 20
21 10 20
23 10 16
20 9 4
19 7 16
17 3 10
17 5 8
19 7 15
11 22 4
11 23 5
7 20 5
7 20 20
11 22 6
12 1 9
20 8 14
12 22 16
13 1 16
19 9 13
20 7 15
15 1 5
20 8 12
16 3 12
23 12 14
8 21 9
0 12 14
13 23 18
22 9 17
14 2 7
9 20 2
8 21 5
8 19 18
15 2 17
10 21 19
4 16 5
9 21 19
11 23 9
2 14 3
1 12 1
13 1 5
13 1 5
1 14 19
1 13 12
4 15 18
1 12 8
20 8 5
0 14 8
17 4 20
6 18 2
9 19 8
22 10 18
10 22 4
15 1 11
5 18 8
17 5 9
8 20 3
22 11 16
7 19 4
22 9 1
10 23 20
22 8 4
7 18 3
14 2 7
6 17 9
20 9 12
22 9 20
15 3 6
12 23 18
8 20 15
13 0 7
13 0 9
18 8 2
1 12 5
18 6 1
9 21 3
2 13 19
7 20 20
22 10 6
15 3 17
21 9 3
14 2 20
23 12 14
14 3 20
9 20 12
8 21 18
17 4 3
13 2 1
0 11 4
9 20 1
16 4 8
6 19 7
16 3 4
8 20 1
17 6 5
16 4 8
20 8 15
14 1 3
10 22 8
11 0 10
19 7 11
3 14 3
3 15 8
17 4 17
1 11 13
17 4 8
11 22 10
3 17 20
14 2 1
14 1 10
2 14 12
14 1 20
1 14 13
6 17 2
11 1 7
17 5 8
0 13 13
12 0 16
1 11 1
10 21 8
9 20 11
10 23 8
12 0 1
3 14 17
21 10 19
19 7 8
16 6 19
14 2 16
8 22 19
11 23 5
19 6 11
13 1 19
2 15 18
11 0 7
5 15 7
22 10 2
20 9 3
17 5 13
22 8 12
17 5 17
1 13 4
14 2 4
6 19 6
0 12 20
23 12 10
3 15 7
15 4 3
21 9 3
0 13 13
5 16 19
17 5 14
18 4 6
18 8 5
21 9 11
14 3 18
4 15 19
11 0 11
19 6 16
5 17 11
6 20 11
10 0 1
2 14 1
19 7 4
6 18 17
5 17 20
2 14 11
2 15 10
3 14 11
10 23 3
5 17 1
17 5 3
13 2 1
11 23 2
8 20 15
23 12 1
19 6 20
14 0 6
7 20 8
21 9 10
13 1 13
6 19 19
7 19 5
23 11 12
23 11 12
20 9 20
4 15 19
14 2 11
21 9 6
16 5 9
22 9 9
5 16 18
5 16 8
7 17 20
5 17 17
18 8 9
10 22 16
16 2 10
1 14 19
19 8 7
9 22 18
21 8 18
21 9 12
16 3 10
18 6 20
18 5 17
18 6 9
14 1 7
11 0 16
4 16 13
11 23 13
20 8 6
0 12 1
14 3 14
5 16 4
17 4 15
13 0 5
20 10 5
9 0 6
14 4 11
12 23 17
1 11 13
0 11 19
17 7 2
5 17 18
3 17 18
4 15 17
22 10 4
15 4 1
11 22 15
10 23 12
7 20 19
20 8 18
2 14 8
18 7 15
0 10 16
18 6 13
3 14 20
1 14 6
11 23 12
3 16 19
3 16 4
8 19 9
18 5 15
22 10 17
19 8 1
12 2 11
21 9 4
18 7 5
18 6 6
3 14 18
23 11 16
23 12 3
0 11 18
0 12 2
10 23 5
10 22 8
3 15 20
2 13 15
10 21 2
5 16 3
19 6 2
13 1 2
18 6 10
12 1 16
17 6 12
17 5 10
0 12 1
21 8 12
0 13 4
0 13 15
20 10 3
6 19 5
2 13 18
16 4 12
18 6 9
2 14 7
0 11 1
8 20 5
8 21 3
13 1 1
22 9 6
10 21 17
6 18 13
23 10 16
13 0 15
17 6 15
5 19 5
20 8 20
22 9 3
4 15 20
7 18 14
17 5 7
5 16 4
5 19 19
4 17 4
19 8 7
20 7 7
2 15 11
20 7 1
7 21 12
10 22 20
0 11 12
14 3 16
14 3 16
21 9 18
13 1 16
17 5 12
13 1 2
15 3 7
23 12 5
20 8 16
0 10 12
4 17 9
16 4 13
1 13 13
21 7 4
19 8 16
4 17 2
20 9 1
12 0 1
3 12 14
19 6 4
1 13 12
21 8 1
3 14 17
18 5 2
20 7 6
20 8 7
1 12 6
15 4 8
7 19 10
12 22 7
21 10 5
2 13 18
20 8 20
9 22 7
2 13 7
5 16 2
11 1 8
0 12 9
5 19 14
8 19 10
21 9 3
0 14 16
22 10 3
0 11 6
19 6 2
0 13 19
18 7 14
23 11 7
1 13 1
12 0 15
11 23 11
14 1 15
15 3 12
12 1 1
6 18 7
13 0 4
13 23 1
2 15 7
1 11 19
3 13 10
3 15 11
3 16 18
18 6 8
2 13 14
19 6 18
17 6 14
23 10 16
22 9 9
15 4 4
20 9 16
21 8 1
7 19 7
6 18 19
8 20 6
3 15 13
23 11 17
23 13 2
3 18 17
0 11 18
19 6 4
18 5 11
6 19 11
15 2 1
22 11 9
12 0 5
6 16 19
22 9 4
14 2 15
10 23 5
8 21 17
4 15 10
4 17 4
8 19 8
18 7 11
3 15 13
13 2 14
9 20 16
19 8 1
17 4 3
4 17 16
16 3 2
18 5 2
0 14 13
22 11 19
21 9 8
5 18 9
4 17 10
20 9 1
12 23 20
17 5 9
21 8 10
22 8 17
1 13 19
10 22 5
7 19 15
18 6 15
12 23 1
22 11 16
8 21 9
19 7 14
3 15 16
0 14 15
9 21 20
11 23 9
23 11 16
22 11 13
13 2 7
12 0 9
12 1 9
15 4 16
11 23 10
3 15 8
6 16 1
1 14 11
14 4 7
3 15 8
6 17 8
9 21 14
12 22 12
11 23 4
15 4 4
5 17 9
22 9 9
23 12 19
10 23 3
12 23 20
2 14 7
21 7 13
3 16 7
23 10 7
17 5 18
3 14 19
23 13 15
14 3 19
19 6 3
15 1 17
11 23 10
14 2 20
14 3 16
16 4 5
8 18 14
0 11 6
6 18 17
13 0 11
19 8 1
18 7 14
1 12 16
5 17 8
3 14 4
6 20 1
0 11 14
7 21 15
13 2 6
20 7 15
2 16 4
22 7 20
0 13 8
15 3 9
4 15 8
20 8 20
0 11 5
11 0 17
13 4 17
6 18 9
7 20 12
7 20 7
21 9 15
6 17 17
6 18 3
21 10 14
22 9 15
3 15 19
9 21 20
8 19 20
11 0 1
6 16 19
14 2 20
21 8 7
12 0 17
1 14 20
3 13 12
13 0 3
1 13 19
21 9 19
23 12 20
6 18 18
4 16 14
17 6 16
17 4 19
12 22 17
8 19 8
17 5 1
7 20 18
10 22 18
3 15 17
7 19 13
10 21 9
17 6 15
12 1 16
6 19 17
7 20 11
22 10 20
20 6 8
23 11 5
10 23 9
18 5 9
6 17 5
23 12 7
16 3 15
22 12 6
10 21 12
12 1 11
19 7 3
23 12 3
2 12 3
13 1 14
20 8 14
12 0 11
20 9 1
8 22 20
10 0 8
18 4 18
7 19 3
19 7 6
12 0 3
17 5 20
10 22 19
6 18 4
7 21 17
23 12 11
8 19 5
4 15 10
3 13 15
9 20 7
6 16 4
16 4 14
21 9 5
14 3 18
16 4 18
13 1 17
17 4 13
15 2 5
2 14 7
23 11 15
23 11 12
22 11 3
16 4 12
7 19 20
4 16 10
4 16 15
12 1 17
18 6 13
19 7 19
5 17 16
2 16 3
21 10 18
10 21 8
14 3 1
19 4 20
21 8 14
18 7 13
16 4 6
5 17 10
23 11 11
10 22 2
12 22 1
23 12 10
12 23 9
8 21 3
18 7 2
7 21 10
15 3 12
7 19 2
7 18 8
10 23 14
23 11 7
5 17 16
23 10 6
15 2 2
4 18 8
9 21 8
4 15 10
19 7 13
20 6 17
15 3 4
2 14 12
21 8 17
6 18 20
0 12 18
8 19 9
4 16 14
4 14 8
6 16 19
8 21 20
18 7 2
22 8 1
10 22 3
10 22 3
6 19 15
20 9 8
16 5 7
3 15 19
0 10 13
21 9 10
6 16 2
11 22 15
15 3 18
1 13 6
3 15 15
13 2 8
5 15 14
7 19 7
0 13 2
10 21 18
6 19 4
19 8 4
10 21 18
6 17 16
10 22 15
18 5 7
10 23 19
17 3 13
23 12 13
2 15 8
6 16 12
22 9 13
9 22 19
21 8 9
10 22 1
0 13 1
21 8 3
8 21 20
9 20 16
16 5 1
7 19 1
2 14 13
8 20 1
8 18 2
20 9 12
3 17 2
13 23 8
23 10 9
16 4 2
21 7 10
23 11 13
21 8 18
16 4 20
22 10 2
4 16 9
22 11 10
8 18 5
20 7 10
2 14 7
4 15 2
2 15 12
17 5 5
1 13 3
16 4 16
7 17 5
21 11 10
1 14 7
5 18 15
0 12 20
23 11 10
8 20 17
8 21 3
22 11 12
0 12 12
1 14 3
17 5 17
11 23 2
2 14 19
19 8 9
3 14 10
19 7 6
6 19 2
16 3 3
5 20 3
15 4 14
2 13 2
3 13 13
13 2 16
19 8 2
18 6 3
19 6 19
11 23 7
15 3 20
20 7 6
17 3 6
20 7 10
9 21 8
17 7 2
15 2 13
11 1 2
18 6 8
16 6 5
15 4 7
11 23 11
7 20 9
6 19 11
9 21 10
19 7 15
1 13 20
7 20 5
20 6 4
21 9 1
11 0 4
19 7 10
21 8 15
18 5 13
23 10 11
7 19 15
20 9 18
0 14 17
11 23 14
2 14 15
5 16 16
10 1 13
22 9 12
13 23 5
6 19 17
10 23 5
5 18 2
2 16 19
0 12 17
9 22 7
13 2 10
20 8 9
23 12 19
7 19 18
11 22 20
20 8 15
4 14 6
10 21 3
18 5 8
12 1 13
10 22 5
15 3 13
12 22 12
4 18 1
1 13 5
7 18 13
20 8 16
7 21 12
9 22 17
23 11 11
6 19 15
21 10 12
17 4 15
11 22 19
6 18 12
0 12 8
4 15 4
7 19 16
5 18 17
23 12 11
18 6 19
4 16 12
1 15 18
3 15 3
1 14 7
16 5 9
9 20 2
2 15 10
3 16 11
7 21 17
12 23 3
6 18 13
2 13 3
10 0 17
19 7 2
13 1 11
15 3 7
19 9 17
23 9 15
7 19 8
10 23 8
9 21 6
11 0 19
22 11 19
10 22 10
13 0 8
21 7 16
8 19 1
23 10 12
17 7 19
22 10 10
11 22 2
14 2 14
5 18 7
10 21 16
4 16 17
23 11 6
15 4 16
5 16 7
12 23 5
7 20 14
0 11 11
9 23 1
21 9 19
10 22 19
0 13 18
22 9 11
16 3 8
2 14 13
5 18 20
23 10 3
14 4 10
16 4 15
14 2 12
5 17 2
11 23 8
3 16 14
10 22 19
21 9 10
5 17 9
21 9 6
7 20 6
8 21 11
13 3 7
9 21 13
8 19 10
16 4 1
20 8 19
4 15 3
6 17 13
19 7 3
17 7 19
17 7 8
9 20 3
12 0 3
10 22 10
7 17 5
18 7 7
9 20 8
10 23 9
6 19 17
7 19 17
17 5 6
2 14 11
16 3 2
20 7 12
3 16 12
7 19 8
12 23 6
3 16 18
20 7 4
16 4 7
0 14 5
7 21 11
12 0 6
12 0 14
12 1 2
2 14 20
23 11 14
23 9 9
23 11 7
1 14 13
13 1 6
20 9 15
21 10 16
7 18 18
1 14 17
10 22 8
23 11 18
18 7 16
9 21 2
15 4 16
21 10 20
20 8 16
16 5 14
13 2 14
7 19 14
0 12 1
0 12 10
11 23 12
6 20 19
2 13 2
9 21 2
5 18 13
9 21 13
22 9 2
14 2 6
7 20 8
12 23 19
13 0 13
4 18 6
22 11 10
21 8 4
4 15 9
20 7 9
6 17 4
3 15 7
8 19 7
11 22 5
8 19 19
9 21 6
23 11 9
0 11 2
16 5 6
14 1 17
18 6 10
15 5 18
2 13 18
2 15 6
9 19 16
6 19 15
20 8 1
22 10 19
9 21 13
16 4 20
11 22 4
19 7 2
6 16 4
8 20 7
14 2 4
9 21 4
11 23 9
19 9 16
22 9 20
8 20 16
17 6 1
23 11 16
15 4 17
13 1 3
23 12 11
3 15 10
0 12 17
15 2 12
18 5 3
