1000 20
5 14 5 14 18 13 6 16 19 5 10 20 19 7 19 18 17 10 10 1 
11 17 1
23 7 16
1 9 8
14 21 5
13 19 16
19 2 7
16 23 5
4 11 20
15 20 5
11 17 2
0 8 15
18 1 19
20 2 2
17 23 17
11 18 18
13 21 4
2 10 13
1 11 2
12 20 5
21 4 19
6 14 18
7 15 4
9 16 9
1 8 2
4 12 19
10 16 1
6 12 15
22 5 8
4 11 14
13 20 19
0 7 2
7 14 19
18 2 2
17 1 7
23 7 9
10 17 4
17 2 16
10 18 4
11 16 10
3 11 2
19 1 5
11 17 6
13 21 6
13 21 10
9 18 7
7 14 14
4 11 19
0 6 2
0 7 7
18 0 9
23 5 8
5 12 4
9 16 20
1 8 2
16 23 18
14 20 2
13 20 19
22 5 3
0 8 17
10 16 1
0 9 2
0 7 11
6 12 17
4 11 6
1 9 20
17 0 4
15 0 7
20 3 20
12 21 18
10 16 15
22 5 9
10 16 11
0 7 11
13 20 1
12 17 6
19 2 3
8 15 16
13 20 16
21 3 11
20 2 3
11 18 6
14 20 5
23 6 12
16 23 20
15 23 8
9 17 3
4 11 8
1 7 19
19 3 9
13 18 2
14 22 17
1 9 8
2 10 6
7 14 16
19 1 1
4 11 15
9 17 18
12 19 20
16 23 16
20 3 20
23 5 4
14 21 13
7 14 18
4 11 3
9 16 5
21 4 19
6 11 13
9 18 9
18 3 9
1 7 6
8 16 6
14 23 19
9 16 20
2 10 10
22 4 12
3 10 16
10 17 10
15 21 13
5 10 9
10 17 4
9 14 7
1 7 6
13 20 16
9 17 2
9 16 12
11 17 19
0 6 7
8 15 11
5 12 4
1 8 9
23 5 5
12 20 17
5 12 20
21 3 7
20 4 6
11 19 1
16 22 6
13 19 7
12 19 14
6 11 7
5 11 13
18 2 20
9 16 11
20 3 12
12 19 3
17 1 7
17 22 13
23 6 20
18 1 19
23 7 16
19 2 5
2 9 8
3 9 1
9 15 15
8 14 5
1 8 18
4 11 8
10 18 10
1 8 19
10 16 9
23 5 1
13 22 8
19 3 6
13 22 1
19 2 7
17 0 6
17 1 17
6 13 18
20 3 14
0 7 6
14 22 2
22 5 1
22 3 7
9 15 2
22 5 3
8 16 4
8 15 15
18 2 12
18 2 1
21 5 9
12 18 13
11 16 20
6 13 12
17 22 2
19 2 17
21 3 12
5 11 3
6 14 16
15 0 14
13 20 20
15 22 2
20 3 18
7 14 12
18 23 15
3 8 15
7 15 7
0 8 10
22 4 4
22 7 18
2 8 11
19 4 11
0 8 3
3 9 4
13 20 14
1 9 9
20 2 17
20 4 14
17 0 8
8 15 19
3 9 8
4 13 1
18 0 9
8 16 19
18 2 1
0 7 7
10 18 3
9 17 9
17 23 6
9 15 15
11 18 20
12 19 2
0 8 20
4 13 19
6 14 19
1 9 19
11 18 19
13 20 5
5 13 19
0 7 12
20 4 6
15 21 3
10 14 6
17 1 2
8 16 5
1 7 4
22 5 3
16 23 18
19 1 4
4 11 15
14 22 1
22 6 9
3 13 12
20 3 17
8 13 11
7 15 19
0 5 2
2 11 15
14 22 1
6 13 8
22 6 20
21 2 4
7 14 2
1 8 11
10 17 8
5 14 4
13 19 6
8 16 8
0 7 15
20 1 4
0 5 16
19 0 5
17 23 9
19 1 10
17 1 17
4 12 14
23 7 5
18 1 10
6 13 4
2 11 6
0 6 1
9 17 11
15 22 7
15 22 8
13 20 17
18 1 7
9 16 2
4 10 1
15 22 8
5 12 11
7 14 12
18 1 8
11 16 19
2 8 3
5 13 2
4 11 4
3 11 14
23 5 9
7 14 1
19 1 8
6 14 11
4 11 5
7 15 8
17 1 13
23 7 14
18 0 18
19 1 18
14 20 12
3 10 19
19 2 9
3 10 18
14 22 6
6 14 3
9 15 9
9 17 9
1 10 8
13 21 10
5 10 19
16 23 15
17 22 4
19 3 3
2 11 18
0 7 3
20 3 1
8 16 1
3 10 2
11 17 14
22 6 15
18 1 11
12 19 17
14 22 11
6 11 6
3 9 18
5 12 7
8 15 16
9 16 15
23 7 8
13 20 1
17 23 1
23 4 15
3 10 20
3 9 16
13 20 7
6 14 5
2 8 8
15 22 13
1 6 14
23 7 10
0 6 17
18 0 16
13 19 18
1 8 6
16 0 6
18 1 8
10 16 18
17 0 20
14 21 9
8 14 16
8 16 1
22 6 6
4 10 16
18 1 13
8 16 20
2 10 12
22 7 18
3 12 13
11 17 5
3 9 4
11 18 2
8 14 19
7 14 3
23 5 4
4 9 7
3 10 18
16 23 20
17 1 1
17 0 18
4 11 20
13 20 16
2 9 4
14 21 6
3 9 12
1 8 11
21 3 5
0 7 20
22 5 14
11 18 3
13 21 6
9 17 10
22 6 19
9 16 9
1 7 5
6 14 10
9 15 7
3 10 13
10 17 4
16 23 3
10 16 3
4 11 20
14 20 20
19 3 7
3 11 18
8 14 2
3 9 16
9 17 11
1 6 3
22 4 7
20 3 8
6 12 18
17 1 9
3 10 5
4 13 6
9 17 2
9 17 13
0 8 9
14 19 2
10 18 11
21 4 8
11 18 17
5 12 12
13 22 2
13 20 1
20 4 3
14 19 3
3 10 19
19 1 3
13 20 18
9 18 5
10 17 2
11 18 3
6 14 17
3 11 6
8 13 17
11 18 19
18 2 14
19 4 12
22 4 4
6 12 1
12 20 5
20 2 11
8 16 14
0 7 6
19 4 3
14 22 6
17 0 16
0 9 8
23 7 18
1 9 18
3 10 2
4 12 19
18 2 11
16 22 8
11 16 1
19 2 10
4 11 17
4 11 7
4 12 16
11 18 12
23 8 19
23 7 9
1 8 9
0 8 3
22 6 12
10 18 14
19 2 12
9 16 16
20 2 15
17 1 16
8 14 3
7 14 15
22 6 1
19 2 8
2 8 3
6 13 11
8 14 10
10 19 15
14 21 6
15 22 15
23 5 3
21 4 1
5 12 3
18 1 5
8 15 1
19 4 16
4 11 2
1 7 10
22 4 3
8 16 9
1 7 12
8 14 11
4 11 17
4 11 20
0 7 1
22 6 5
9 15 9
22 5 1
14 19 5
17 23 9
8 15 12
8 16 20
18 1 9
10 18 6
1 9 12
22 4 18
4 11 14
23 6 18
14 20 3
8 15 7
3 10 19
2 10 19
15 21 1
12 19 6
10 17 3
11 19 12
7 16 19
4 11 3
22 5 13
18 1 5
3 9 3
3 10 13
23 7 1
2 9 16
5 11 9
23 3 5
7 14 14
5 12 19
1 7 17
5 14 3
10 19 15
13 20 10
21 5 18
17 23 13
17 23 2
6 14 11
2 9 9
9 16 13
13 20 15
3 9 16
1 7 7
7 13 13
5 12 9
7 12 20
17 23 17
12 20 12
1 9 12
8 17 4
11 19 20
10 15 1
7 16 19
23 8 17
8 15 8
6 12 9
15 20 16
22 5 4
17 22 20
2 11 4
18 2 1
14 22 7
0 8 5
17 0 8
0 5 18
10 16 5
9 15 7
20 2 11
7 14 12
20 3 16
18 1 14
14 21 6
1 6 13
23 6 6
11 17 5
1 8 14
8 16 9
20 4 10
15 22 14
21 4 9
21 4 6
10 19 17
0 5 10
12 18 14
14 22 9
3 10 2
14 23 19
12 18 11
13 20 6
23 6 18
5 12 12
6 12 1
11 17 11
16 23 13
21 5 20
1 6 5
10 15 8
0 7 20
13 19 11
2 10 11
4 11 9
0 7 20
13 21 10
19 2 14
0 7 2
20 4 18
6 13 5
13 18 20
16 0 3
9 16 5
13 18 16
3 11 17
4 12 13
0 7 14
16 22 10
10 19 12
9 17 18
12 21 3
2 7 11
11 17 14
8 17 10
20 5 2
21 4 15
18 2 18
4 9 15
19 3 9
8 14 12
12 16 10
4 11 9
17 23 16
16 23 4
12 20 2
2 9 13
4 11 2
22 5 12
19 1 2
17 23 14
9 15 9
20 2 20
2 10 2
16 21 8
5 13 2
10 17 13
11 18 15
23 4 13
14 22 20
18 1 9
14 22 8
13 19 9
14 20 3
4 11 13
10 18 4
13 18 4
4 12 18
8 14 13
6 12 20
8 14 17
19 2 9
23 6 12
2 9 6
2 9 6
18 2 3
4 11 12
18 1 19
6 13 11
4 10 17
5 11 17
12 18 2
2 7 19
4 10 3
18 1 16
21 4 18
7 14 6
16 23 5
2 8 11
20 3 16
10 16 20
20 2 3
20 2 3
23 7 9
6 14 18
21 3 14
5 13 4
0 8 6
12 19 10
19 1 15
5 13 3
22 4 19
11 19 2
12 20 5
10 19 2
14 23 14
1 9 19
8 14 12
3 10 11
6 14 9
3 10 5
13 21 10
14 21 18
4 11 19
16 0 17
11 17 5
0 6 9
13 22 3
17 22 18
18 0 20
16 0 4
9 16 1
11 18 9
22 4 10
15 21 16
16 22 12
9 15 3
17 1 9
0 7 4
0 8 14
17 23 2
9 15 6
0 8 18
19 1 2
1 9 8
17 1 4
1 9 20
1 8 6
20 4 20
22 4 6
1 6 3
11 17 11
8 15 4
3 10 5
7 13 19
16 21 9
0 6 13
14 23 20
10 18 14
8 15 17
11 17 10
15 0 3
10 15 17
5 13 19
8 15 7
18 1 18
12 19 4
12 19 6
17 23 10
3 9 16
15 22 9
10 17 12
16 22 8
1 7 17
2 5 20
7 14 3
9 16 3
4 10 9
3 10 8
8 14 11
0 7 19
23 5 7
9 16 7
12 18 3
13 21 4
23 4 17
8 15 8
6 14 19
21 4 7
7 14 12
16 23 18
16 22 19
10 17 7
6 12 14
16 23 11
4 11 7
23 5 16
4 12 15
10 17 7
11 20 2
13 21 20
23 8 17
19 2 16
16 0 10
23 5 13
6 12 14
18 0 10
4 10 9
7 13 4
8 16 19
3 10 7
0 7 10
15 22 19
20 4 7
13 20 5
5 11 8
7 14 18
0 6 12
17 0 20
12 19 5
8 13 10
19 1 5
7 14 18
20 2 4
7 14 16
4 11 11
12 19 1
23 5 10
19 0 17
6 13 18
8 15 7
13 19 9
19 1 9
9 16 7
23 7 5
19 2 6
10 16 9
15 21 11
17 0 11
7 13 8
13 20 17
11 18 18
8 16 3
1 9 10
4 11 3
8 15 16
17 23 3
7 15 18
23 7 12
15 23 9
21 4 2
1 9 6
20 3 6
19 3 20
4 11 6
18 2 13
14 21 16
20 4 17
7 15 13
7 14 13
16 22 1
15 20 5
4 11 15
10 16 11
8 15 4
20 4 5
3 10 20
14 21 2
12 18 1
20 2 1
13 20 6
19 2 15
1 7 8
8 16 2
4 11 7
10 16 8
19 0 16
6 13 2
23 7 18
6 13 1
11 19 1
13 19 16
1 9 18
21 5 1
2 9 4
14 20 8
16 0 11
9 16 5
21 3 1
14 20 14
6 14 12
11 19 13
12 20 10
6 12 4
11 17 20
5 13 12
2 9 13
20 3 16
4 12 10
21 3 6
16 22 15
21 2 10
7 13 15
10 18 18
1 7 8
6 12 16
9 17 14
7 15 19
0 7 12
9 17 10
18 0 10
8 14 20
7 14 10
6 12 4
13 21 16
22 4 13
1 10 13
16 22 12
8 15 3
0 6 11
14 20 1
1 8 5
19 2 7
4 12 2
4 11 14
4 12 16
21 3 6
12 20 13
12 18 19
5 13 4
2 11 17
19 3 12
11 19 14
0 8 9
19 2 3
8 15 14
14 20 18
22 4 3
12 20 7
13 20 11
12 19 19
10 17 12
21 5 15
0 7 1
17 1 7
19 1 17
22 5 7
12 21 8
22 5 5
20 3 20
5 11 3
5 14 15
18 3 20
2 9 4
18 3 9
11 18 16
12 19 11
18 2 7
9 15 17
4 11 16
18 2 8
15 23 20
1 8 17
10 18 7
15 22 2
3 11 4
13 20 8
9 17 15
7 15 9
8 16 7
5 12 7
14 20 5
14 23 10
8 16 3
19 3 19
1 8 17
20 3 18
5 11 3
20 1 15
11 20 11
15 22 7
7 15 4
8 13 11
13 20 1
8 16 1
18 0 19
15 21 8
9 15 16
23 6 10
8 13 20
2 9 8
17 0 12
13 19 5
12 18 1
21 4 19
19 3 8
12 18 4
4 12 15
12 18 10
4 11 2
8 13 8
2 10 18
17 0 15
9 15 2
1 8 2
10 17 8
15 23 15
3 9 18
21 3 19
22 7 3
11 18 7
11 19 6
17 1 5
21 5 11
7 14 7
12 21 20
20 4 7
0 5 20
23 8 9
23 6 13
23 6 11
2 9 3
1 9 15
16 23 17
13 19 19
8 16 17
4 9 11
0 8 17
22 5 17
5 12 19
5 11 15
4 12 16
7 14 15
7 14 15
10 17 16
3 10 12
19 23 5
0 7 16
12 19 12
