3000 20
8 3 20 8 8 9 3 10 9 2 17 16 7 16 16 12 3 7 8 9 
2 7 13
2 5 3
17 21 1
22 4 16
10 14 7
14 20 3
15 21 7
17 22 18
4 8 4
9 16 6
1 6 7
22 2 13
4 9 14
16 21 6
14 20 9
10 14 11
17 21 1
8 15 11
6 9 10
11 15 17
3 7 14
20 1 11
9 15 1
22 2 15
23 4 13
23 7 19
10 14 3
18 23 17
22 2 2
7 11 12
6 10 7
7 11 19
17 21 5
20 23 3
22 2 20
15 20 3
7 12 15
10 15 6
14 20 2
20 2 19
7 13 18
1 5 8
22 2 5
13 18 20
14 18 6
18 0 7
22 3 17
19 23 4
2 8 16
23 3 14
19 23 10
3 7 7
19 23 20
2 7 3
23 4 18
7 13 15
14 18 8
2 6 12
18 1 5
7 13 12
22 4 9
5 11 8
13 17 5
23 4 1
6 9 3
10 15 9
13 17 16
23 4 14
18 0 19
8 14 10
7 11 11
19 0 12
10 16 12
6 11 3
19 0 8
3 7 2
2 8 19
1 5 8
6 10 17
9 15 20
2 6 10
17 21 4
8 13 12
17 21 17
10 16 19
4 8 12
2 4 6
8 15 5
5 10 18
21 2 2
22 4 14
18 23 11
1 5 16
12 17 2
3 8 17
15 19 15
5 10 12
0 6 15
9 16 11
23 2 14
8 13 15
4 9 2
2 6 14
13 18 16
14 19 2
15 21 7
17 22 7
5 11 20
8 13 19
16 21 20
11 15 6
15 22 6
5 11 14
16 21 18
1 4 6
15 20 6
16 21 18
13 17 16
7 13 5
21 1 11
13 18 12
17 21 9
8 14 14
21 3 19
6 13 9
20 0 1
7 13 3
17 22 3
22 3 18
17 23 17
22 1 17
16 19 6
12 17 7
14 19 17
21 1 5
5 10 18
5 10 15
12 17 19
7 11 12
9 12 11
20 0 2
11 17 16
23 5 10
3 6 19
14 21 1
17 22 3
4 8 15
0 5 12
10 14 19
14 19 20
12 16 11
18 23 11
4 9 17
5 9 4
17 21 5
5 9 10
5 11 3
8 12 1
19 23 10
8 13 10
13 17 14
14 20 4
18 23 10
23 4 11
18 0 1
4 9 1
4 8 8
2 8 9
20 2 11
10 17 20
19 23 10
15 19 10
10 17 19
19 0 9
18 0 1
15 20 5
3 8 17
18 0 20
20 1 11
22 4 12
14 18 15
5 10 5
21 3 7
22 1 1
5 10 1
14 20 8
16 20 19
20 1 2
16 21 11
18 21 16
8 14 1
0 4 20
11 16 11
1 5 11
8 11 3
3 9 18
11 16 5
11 16 17
11 15 11
14 18 15
9 14 10
19 1 13
14 20 8
23 4 16
2 5 6
0 6 5
16 19 19
12 18 2
12 17 5
3 8 11
18 23 10
4 10 12
19 23 3
11 17 16
22 3 19
14 16 10
4 10 15
16 20 5
11 16 14
14 20 14
12 17 4
17 23 9
22 1 16
16 21 17
6 10 8
2 8 4
9 15 14
11 15 13
4 10 16
9 12 14
1 8 20
17 22 5
3 8 6
9 13 10
22 3 5
12 17 7
0 6 8
7 13 1
2 6 17
2 6 5
8 13 8
23 6 2
7 12 13
14 17 17
17 22 18
12 17 6
3 9 13
22 4 9
19 1 2
15 21 1
15 19 13
14 19 1
9 13 19
9 13 1
8 11 12
19 23 5
4 8 17
19 0 18
15 20 9
4 9 8
9 14 14
9 13 18
19 0 8
13 20 1
13 15 11
16 23 19
14 20 20
9 13 12
5 10 6
12 18 10
22 3 14
5 10 12
18 23 10
1 5 12
16 22 9
4 10 3
8 13 7
3 6 20
17 21 12
9 14 10
1 7 1
19 2 2
14 20 20
18 1 3
4 10 2
18 23 7
20 0 14
9 12 14
13 19 6
12 18 13
15 20 11
19 23 12
18 22 6
10 15 9
15 21 10
10 15 2
2 7 2
13 18 10
2 6 20
20 0 9
23 2 15
7 15 1
14 20 17
21 4 10
13 16 20
15 20 13
7 11 1
0 4 1
21 3 12
22 3 3
14 21 18
22 5 9
17 22 3
3 9 10
15 20 9
0 4 15
23 3 18
23 4 9
5 9 5
12 16 11
7 13 5
20 1 2
5 10 18
18 23 9
14 18 12
19 1 3
23 4 7
13 18 16
13 18 4
14 20 5
17 22 13
18 23 19
8 13 20
18 23 18
8 13 7
18 23 8
9 14 16
14 21 13
23 3 10
16 21 1
1 8 3
17 0 9
14 18 6
23 4 16
16 22 4
12 17 14
22 5 11
17 21 17
18 23 15
5 10 14
22 1 9
16 22 12
17 22 12
7 12 20
5 10 9
2 8 2
21 1 20
11 16 17
12 20 2
3 10 4
10 15 3
5 12 6
15 20 9
20 0 5
17 23 10
6 12 10
0 3 13
20 0 20
23 2 1
10 15 18
3 8 5
7 13 16
2 7 9
20 1 5
9 14 6
6 12 11
21 3 20
12 17 8
19 0 7
14 19 5
2 8 17
2 8 8
1 6 18
10 15 6
8 13 16
20 1 14
18 23 3
2 7 16
4 10 16
9 14 18
23 4 6
18 23 1
1 5 8
18 21 3
0 3 11
3 9 10
5 11 8
15 20 7
4 9 5
15 19 15
4 8 8
4 9 15
13 18 9
17 22 12
11 14 9
17 23 11
1 5 5
19 1 18
13 19 12
21 2 16
17 22 8
11 17 5
3 8 3
14 19 9
15 22 10
13 16 6
1 7 17
7 13 17
20 0 1
2 5 13
11 16 3
2 5 16
4 9 3
3 8 14
18 0 7
6 11 10
7 10 1
17 23 15
4 8 2
8 12 18
17 20 9
18 23 18
3 7 19
11 17 8
5 10 10
23 4 11
10 15 16
1 5 9
17 20 9
7 13 4
22 4 16
10 17 7
2 7 13
1 7 1
4 10 3
10 15 8
20 2 14
17 22 18
21 2 12
14 19 8
10 17 19
22 5 16
2 7 14
3 9 13
9 15 14
23 3 4
8 13 14
9 14 10
4 8 8
14 19 20
18 23 18
21 3 16
5 10 5
20 2 20
0 5 9
16 19 17
4 8 4
2 8 4
21 2 15
23 3 19
14 19 20
14 20 15
21 1 11
1 6 8
22 2 1
13 19 19
6 12 5
20 1 13
15 21 6
5 10 18
7 11 2
12 16 5
18 22 19
8 13 2
13 17 11
19 0 19
23 3 4
7 12 18
9 15 5
20 0 8
20 1 20
4 9 4
13 18 13
13 18 10
12 18 14
11 16 5
14 19 20
20 1 11
9 14 2
10 15 11
20 1 14
12 16 7
19 0 12
15 21 11
3 9 15
20 1 10
6 11 2
15 18 16
1 7 12
23 3 11
21 2 9
5 11 12
4 8 2
17 0 15
19 23 13
23 4 12
8 14 17
19 1 1
10 14 2
1 6 14
16 22 6
8 14 4
5 10 13
8 13 5
10 15 14
17 21 5
18 1 3
7 13 2
9 14 11
15 20 6
10 15 6
7 13 15
5 11 3
1 6 10
11 16 13
7 11 12
20 1 9
23 5 7
0 4 16
10 13 17
17 23 15
11 15 7
3 6 16
21 1 3
22 5 12
6 11 18
23 6 9
5 11 18
14 21 8
4 9 8
13 19 19
1 6 13
21 2 5
0 6 9
5 9 11
1 7 13
0 6 13
17 22 19
6 12 9
14 19 15
3 9 3
20 4 1
3 9 15
18 0 18
23 4 9
20 1 9
1 7 16
7 12 18
4 9 8
1 7 6
18 23 2
15 18 2
4 9 3
19 23 15
5 11 12
7 13 3
7 12 17
19 2 15
1 5 17
23 6 20
10 16 15
19 23 8
21 2 5
19 0 1
12 17 20
22 4 16
12 17 13
2 7 16
5 10 15
19 0 20
23 5 15
20 1 16
7 11 10
4 8 18
10 16 15
12 18 5
16 21 5
5 9 19
5 10 17
18 22 4
4 9 9
15 20 18
9 14 1
1 6 1
14 19 14
13 18 4
11 16 4
3 8 18
14 18 3
3 7 11
19 23 3
13 18 17
4 9 19
11 14 18
11 17 7
5 11 4
10 14 2
17 21 16
8 13 4
17 23 13
23 5 12
22 4 16
14 19 3
0 6 20
19 1 11
1 6 4
14 18 4
7 11 18
15 20 3
6 12 17
2 6 17
21 2 14
17 23 12
12 18 19
8 13 8
13 16 7
23 4 18
1 5 6
22 4 1
15 19 8
21 1 17
23 3 14
6 11 5
3 8 20
20 2 6
1 4 5
22 3 10
16 21 18
11 15 5
22 1 8
19 1 1
18 1 6
5 11 11
4 10 16
22 3 9
21 3 16
17 21 12
2 6 20
1 7 3
15 19 11
15 20 11
22 4 19
0 5 15
14 20 7
7 13 19
23 4 15
11 16 14
13 20 18
7 13 20
3 9 10
2 6 1
8 13 5
14 18 19
19 0 5
20 0 6
12 16 2
2 6 17
18 23 20
4 10 10
4 8 8
11 16 1
10 16 6
19 0 7
1 6 4
13 19 5
3 6 9
11 16 2
0 4 17
9 13 5
1 5 16
2 7 15
18 0 19
11 15 10
5 10 17
16 20 19
6 11 2
6 12 3
11 15 10
19 0 6
20 1 20
18 22 13
6 11 1
23 5 10
17 23 5
4 8 15
7 12 7
21 0 6
5 10 13
17 23 10
6 11 15
10 15 9
3 9 5
10 15 9
13 17 11
14 20 7
17 22 15
4 10 2
11 15 15
7 10 16
3 10 5
5 10 1
7 12 9
16 20 16
11 16 2
7 12 10
23 4 20
9 14 19
12 18 19
14 18 8
20 0 14
18 22 12
0 7 8
11 15 5
1 6 15
23 4 17
0 3 20
2 8 20
23 4 10
11 16 18
5 11 15
18 0 18
12 16 2
5 10 4
9 15 4
5 10 1
11 17 3
5 11 19
15 19 15
22 3 13
16 22 11
9 14 13
19 1 9
1 7 20
2 7 19
13 19 5
20 2 20
12 15 13
8 13 19
10 14 2
20 2 20
22 1 13
3 8 7
20 23 1
19 23 15
15 20 5
22 4 8
1 6 8
14 22 11
20 2 6
6 12 16
3 9 10
18 22 10
18 23 15
4 10 18
11 16 9
20 1 9
2 6 11
12 16 9
1 6 6
16 21 17
15 19 19
8 12 11
19 2 13
3 8 15
19 1 12
7 12 2
1 6 14
19 0 3
9 15 17
0 3 14
0 5 19
13 18 3
10 17 19
15 18 13
13 18 11
21 2 1
5 9 10
1 7 17
6 10 12
18 23 3
23 2 20
14 18 7
17 22 12
8 13 2
12 18 17
21 1 6
3 7 2
10 15 10
19 23 20
22 3 11
20 2 13
20 1 12
21 2 15
14 18 15
2 8 3
20 1 9
2 8 4
23 5 17
17 21 15
19 22 5
7 13 5
20 1 19
9 13 7
6 10 8
20 2 6
21 2 9
3 8 17
11 17 19
17 22 5
6 9 11
12 17 12
9 15 1
8 11 17
12 18 11
2 5 12
10 15 6
5 10 11
4 8 7
12 17 11
18 22 1
7 12 6
19 1 16
17 22 12
14 20 1
14 20 5
0 5 18
3 8 7
0 6 3
0 6 1
21 2 4
14 20 11
8 13 17
13 19 18
8 13 11
10 15 8
14 21 19
3 9 5
8 13 8
21 1 7
14 19 10
11 15 10
5 11 5
14 20 9
20 2 11
8 12 1
23 4 7
2 7 5
0 4 19
17 0 9
18 22 6
11 15 19
16 22 4
19 23 14
4 11 6
5 10 7
12 16 20
19 23 5
21 2 7
11 17 15
10 15 1
15 20 7
14 20 9
10 15 19
12 18 11
20 1 20
13 17 1
12 16 16
15 21 15
7 11 11
13 19 13
0 3 20
0 4 12
5 9 12
0 5 3
18 22 5
10 15 9
3 7 8
8 12 14
20 0 7
1 5 10
14 19 10
13 17 6
6 10 14
21 1 14
2 8 10
3 8 2
6 11 10
4 11 15
8 14 13
5 9 12
2 7 14
14 18 15
18 23 3
15 20 4
17 0 11
13 17 5
9 14 5
17 21 18
12 18 14
6 11 20
17 23 6
22 4 11
9 14 16
0 3 12
14 19 12
15 20 6
16 21 14
23 4 16
0 5 19
20 1 19
5 10 19
10 16 3
4 9 18
22 2 3
12 16 8
4 8 15
20 1 13
13 17 17
0 5 9
15 20 9
14 19 8
5 10 13
14 19 2
12 17 17
8 13 9
20 2 4
21 1 17
13 19 12
10 16 16
17 23 16
15 20 9
10 15 16
9 14 10
14 17 16
12 16 20
5 9 19
16 21 13
8 13 7
23 4 12
4 8 19
20 2 14
0 4 7
21 23 3
21 4 16
7 13 4
14 20 11
19 23 18
20 1 11
22 3 18
6 10 9
9 15 3
14 19 18
6 11 13
19 23 14
5 10 16
11 17 4
10 15 7
10 15 18
18 23 11
9 15 12
3 8 20
16 19 11
4 10 8
19 21 18
9 15 6
13 16 13
13 19 17
10 14 7
11 16 20
20 1 13
15 18 11
21 2 19
16 21 19
12 18 11
11 15 13
7 12 18
22 3 12
21 3 8
10 15 14
7 12 20
3 7 12
22 4 20
2 8 19
6 11 19
22 4 3
1 6 20
5 9 6
11 17 1
14 18 14
15 20 19
21 1 19
9 13 7
5 10 8
2 6 6
14 20 2
10 16 8
18 22 11
0 5 2
17 23 6
0 4 5
6 10 11
14 18 13
12 17 12
2 8 10
3 9 19
15 21 13
20 1 12
8 12 5
0 4 8
3 8 17
19 2 11
6 10 16
6 11 20
12 17 19
0 6 18
5 10 6
15 21 8
18 21 1
17 21 6
1 8 6
4 10 4
1 5 2
2 6 11
10 14 10
18 0 20
12 18 12
4 8 17
3 7 17
2 8 4
15 21 9
2 8 1
10 14 6
6 10 3
18 2 12
10 14 20
13 19 11
16 19 4
22 4 18
9 14 20
19 0 1
15 18 20
13 17 13
15 20 18
8 13 14
9 14 5
21 1 20
21 3 14
19 0 14
17 22 1
5 9 13
10 14 16
18 23 2
20 1 19
20 0 4
12 18 19
13 17 18
14 19 12
13 19 11
3 7 14
4 9 18
11 17 16
23 4 19
16 21 11
15 22 11
3 8 18
13 18 10
21 4 2
15 19 8
7 11 4
2 8 13
13 18 7
0 6 19
20 2 15
11 15 9
1 5 3
5 13 17
8 11 9
11 14 13
15 20 3
21 2 13
21 4 13
11 17 13
18 23 3
16 20 2
5 9 2
15 20 8
20 23 11
15 21 3
4 7 11
16 21 12
3 7 4
12 17 10
14 19 11
8 13 7
7 11 8
17 0 6
21 1 11
3 8 3
22 3 15
0 3 16
10 13 17
18 0 10
22 2 1
6 11 5
16 20 19
13 18 16
12 17 18
15 19 11
23 5 11
7 12 19
7 11 3
13 18 15
20 0 14
6 12 9
8 12 5
14 18 5
19 22 5
13 17 5
18 23 19
9 13 4
19 0 8
23 3 17
1 6 12
10 15 1
19 1 19
22 1 1
13 16 10
14 19 7
15 20 17
12 17 1
18 23 20
15 22 7
14 19 7
9 14 16
2 6 18
10 16 17
10 17 16
12 18 1
21 4 9
14 19 20
18 22 16
22 3 6
14 17 19
12 16 5
12 18 7
10 14 6
6 10 4
18 23 12
6 10 20
16 23 9
23 4 15
19 0 15
4 10 14
7 13 15
22 5 15
8 13 1
12 18 5
23 3 19
2 6 19
11 15 4
13 18 14
13 18 13
22 0 1
8 14 12
13 19 4
22 2 3
12 19 17
23 4 15
13 18 15
18 23 18
3 8 5
14 19 6
19 23 12
4 10 8
10 13 3
0 6 4
4 10 12
0 5 2
4 8 11
4 9 2
21 1 8
7 12 5
14 19 14
9 15 8
1 6 7
21 2 5
8 13 17
13 19 20
20 0 6
9 13 9
5 10 15
7 12 12
4 10 20
21 1 12
22 2 6
14 18 19
6 12 2
19 0 15
11 16 1
22 3 7
10 15 13
18 21 11
19 23 18
21 1 13
21 2 5
18 0 4
13 18 4
7 14 12
23 4 15
4 9 7
1 6 7
15 18 10
13 16 19
14 21 8
19 23 6
7 12 2
5 10 9
19 0 20
5 10 14
6 11 18
10 14 3
22 4 9
16 22 4
10 15 17
1 7 19
6 11 20
0 5 16
11 15 20
14 20 9
23 4 14
14 19 4
15 20 13
2 5 1
23 4 16
9 14 10
19 22 16
15 20 18
22 3 2
1 4 17
23 2 12
16 21 10
11 17 2
20 0 8
0 4 1
13 18 16
2 6 19
7 11 20
20 0 19
3 7 12
14 18 4
1 7 8
1 6 8
16 20 7
6 10 11
14 18 19
11 16 3
16 22 17
12 16 8
11 17 15
4 8 3
18 23 12
22 3 2
2 7 17
13 18 5
6 10 1
13 17 15
21 2 2
7 12 16
3 8 5
10 15 9
13 17 2
18 0 12
4 8 20
0 5 3
19 0 6
16 21 2
22 3 8
19 0 17
6 11 18
2 5 14
15 22 2
1 6 5
8 14 11
1 5 7
6 11 13
16 21 5
21 3 12
19 1 2
19 0 17
7 13 16
8 14 19
23 2 13
6 11 20
16 23 2
18 23 2
15 18 15
11 16 12
8 13 16
15 20 3
14 20 7
20 1 16
0 5 7
15 20 20
16 21 1
13 17 4
12 16 13
18 23 17
23 4 20
23 7 20
0 6 13
8 14 16
20 0 17
10 16 11
8 12 10
10 17 12
2 7 14
6 12 19
3 9 9
14 20 6
12 18 5
3 8 6
13 16 1
8 13 9
13 17 13
13 17 16
12 18 20
6 11 3
20 2 19
6 11 14
11 15 9
21 2 17
4 10 14
16 21 4
16 23 1
2 7 16
23 1 11
3 8 4
23 6 2
13 16 3
4 9 3
5 11 13
19 23 4
6 11 5
4 11 14
15 20 14
21 1 14
6 11 19
3 8 12
2 7 10
14 20 4
14 18 8
4 9 18
5 9 12
16 20 5
0 6 10
3 8 1
10 15 20
21 2 2
2 7 18
3 8 9
6 10 11
7 11 17
20 23 20
17 22 15
9 14 5
3 7 17
8 13 20
9 12 9
22 6 16
8 15 20
21 3 12
1 5 3
22 3 8
16 21 18
15 19 13
18 23 10
20 2 17
12 16 5
18 23 5
4 8 15
12 17 14
18 0 4
22 4 18
11 16 12
2 8 19
11 15 5
17 22 1
9 14 13
8 13 6
5 9 14
3 8 18
1 7 8
11 16 11
6 10 16
12 16 4
14 17 9
12 17 7
3 8 8
13 19 13
19 0 14
1 6 9
2 7 13
3 8 16
12 18 1
6 11 18
4 9 8
3 7 7
13 16 20
16 21 5
14 20 15
7 12 6
11 16 2
0 3 8
14 20 1
7 12 7
10 16 13
2 9 11
2 6 14
12 15 1
18 22 4
1 7 20
10 16 15
16 22 17
12 17 1
1 6 8
5 11 10
15 21 5
23 3 10
16 20 11
2 6 18
15 21 14
6 10 1
13 19 11
23 4 10
7 12 3
12 17 3
7 12 1
19 23 9
16 22 2
17 23 17
13 18 11
21 3 5
0 4 19
3 10 4
3 9 16
12 14 9
20 1 10
18 0 19
19 1 4
23 4 10
11 16 17
14 18 1
9 13 9
19 22 15
15 20 8
11 17 11
5 11 1
23 5 16
0 6 10
22 4 5
3 8 12
18 22 14
15 20 13
3 8 14
6 12 16
23 5 1
16 21 11
1 7 5
13 17 15
20 1 6
19 1 1
9 12 4
2 8 18
10 13 19
23 4 11
7 11 2
5 9 6
14 19 11
11 16 5
1 4 13
18 0 7
9 13 13
13 18 15
20 2 16
3 10 20
16 20 7
1 7 14
5 10 10
1 5 19
13 20 20
20 0 20
6 11 11
17 22 5
19 0 2
16 21 12
20 3 2
9 14 2
2 6 10
4 9 16
8 12 4
23 6 18
6 11 6
22 3 10
2 9 2
12 17 6
23 6 4
12 16 4
17 0 2
15 21 17
12 17 10
2 6 9
17 22 2
13 18 4
10 13 19
22 3 18
12 17 9
12 18 16
6 11 18
22 2 16
17 21 3
15 21 19
8 12 9
7 13 7
0 6 16
17 21 18
6 12 1
23 2 2
18 23 5
22 1 11
0 5 2
7 14 9
16 19 18
11 16 7
23 4 4
7 12 1
17 21 17
3 8 2
16 20 4
8 14 3
13 19 7
18 21 17
3 8 3
12 18 2
8 13 12
4 10 3
20 23 5
17 22 5
21 0 10
22 3 15
6 11 6
13 18 10
10 12 6
5 9 12
16 20 16
7 14 10
2 8 18
8 13 9
5 11 14
10 16 19
6 10 9
11 16 3
5 12 12
17 23 2
15 20 14
16 21 2
12 18 15
19 1 7
1 6 6
13 17 10
18 0 20
16 23 3
7 11 19
14 18 20
10 15 17
5 9 4
20 2 3
13 18 6
3 6 3
19 1 6
17 22 10
9 13 8
8 13 1
21 2 2
12 18 19
2 8 19
1 5 16
17 22 12
19 1 13
17 22 15
2 6 19
22 4 3
23 3 6
23 4 6
6 10 17
21 3 19
12 18 13
17 21 2
21 1 20
14 19 6
15 20 12
3 7 17
19 23 1
23 5 9
12 16 7
17 23 5
23 4 15
15 21 15
7 11 1
9 15 12
7 12 4
6 11 9
20 2 17
4 8 14
19 23 16
11 16 17
23 5 10
3 9 6
19 0 3
10 14 18
2 8 10
1 5 4
11 15 4
8 12 1
20 2 1
18 23 12
16 21 6
14 18 17
6 12 6
9 14 16
7 12 16
5 10 6
22 3 15
8 15 9
11 17 15
10 16 20
1 7 18
14 19 11
10 16 5
6 12 12
6 9 20
13 19 1
13 18 14
19 23 17
10 14 14
19 1 14
22 2 16
10 16 2
1 5 1
21 2 8
9 15 6
5 10 16
3 7 3
21 1 7
3 7 8
23 5 10
2 6 13
7 12 14
9 13 14
3 8 13
14 19 2
7 13 10
6 13 1
11 18 2
15 19 13
12 17 15
22 2 4
15 21 3
2 5 5
14 20 16
6 11 19
19 0 19
8 12 19
13 18 13
13 17 9
23 4 14
19 0 4
14 18 7
10 15 10
10 15 14
6 11 5
10 15 18
19 0 6
12 16 9
5 11 12
5 10 14
9 14 10
4 9 17
19 0 20
18 23 14
12 17 2
12 18 2
9 14 10
7 11 15
6 12 17
22 2 3
8 13 13
11 17 14
19 1 18
18 21 16
17 22 11
20 1 19
19 0 5
2 8 16
20 0 8
0 3 10
23 1 3
5 9 19
23 5 1
6 12 6
1 7 16
18 0 4
3 7 20
6 10 2
18 0 14
12 18 18
8 12 15
19 1 5
23 3 20
23 4 13
22 4 4
16 22 15
22 3 19
8 12 4
3 8 13
20 22 7
23 3 10
17 20 7
11 17 14
6 11 6
23 6 12
10 15 13
9 13 10
10 15 3
14 19 19
12 18 2
10 16 14
4 7 1
7 10 3
7 12 10
23 5 2
14 19 10
9 13 3
10 16 16
4 11 15
5 10 7
12 17 1
8 13 1
16 20 19
0 5 19
7 10 17
22 2 2
15 20 12
12 16 16
20 2 5
11 17 3
17 21 14
3 7 16
6 11 18
8 14 18
4 8 3
19 0 7
13 19 3
8 13 18
15 22 6
18 1 20
7 11 17
4 8 17
18 23 9
10 16 12
16 20 11
12 19 18
8 12 15
20 1 5
21 2 6
3 8 7
3 8 16
4 8 5
11 16 11
5 11 1
3 8 16
5 9 12
2 8 7
7 13 20
13 18 14
3 7 12
14 20 19
8 13 16
1 5 10
5 10 15
2 6 2
17 22 1
2 6 6
12 17 17
8 13 7
16 21 14
11 14 18
16 22 10
0 6 4
3 8 17
4 10 17
1 6 11
11 16 10
20 2 13
10 16 16
6 12 13
5 12 16
19 0 17
20 2 6
8 12 7
5 10 12
15 20 14
4 9 3
23 3 18
18 23 19
0 4 1
3 8 14
21 1 19
23 2 5
20 0 12
11 16 15
7 13 5
16 22 3
2 8 20
0 4 11
14 17 19
13 18 1
3 8 3
8 12 14
20 1 19
4 9 14
21 2 14
8 12 10
13 20 19
21 3 8
5 10 17
0 6 16
10 15 4
19 0 13
16 22 1
15 21 15
7 13 3
12 17 20
15 21 17
5 11 16
12 17 13
12 18 4
14 20 12
6 10 14
16 21 15
0 3 10
6 10 9
9 13 15
0 5 5
13 20 15
19 1 20
18 23 20
1 5 19
9 13 7
0 5 20
12 17 5
3 9 20
17 0 5
4 9 1
23 4 8
13 18 3
0 5 6
5 10 20
12 15 18
6 11 5
23 3 15
6 10 15
9 15 19
4 9 15
2 7 7
6 12 12
13 19 4
11 16 12
4 9 19
10 16 8
12 17 9
19 21 16
11 15 9
18 0 12
15 20 12
5 10 11
22 2 10
6 11 4
21 1 19
3 7 1
4 8 10
7 13 13
20 23 16
21 2 19
16 21 19
0 5 8
20 2 18
15 21 3
12 15 15
23 4 8
5 11 19
3 8 12
22 2 5
17 23 17
4 10 6
0 5 19
2 7 17
14 18 2
19 0 16
5 9 2
1 5 2
2 5 14
3 8 18
13 20 15
16 20 4
6 10 12
7 11 8
16 21 15
1 6 15
20 0 16
2 7 13
22 3 20
15 19 15
8 12 11
23 3 17
8 12 1
21 1 14
14 18 8
7 11 2
8 13 9
4 8 6
6 11 17
21 2 16
4 10 17
5 10 14
10 13 6
18 0 5
13 19 14
12 16 19
3 8 18
17 22 2
16 22 12
6 9 8
15 18 19
19 1 5
16 18 18
23 2 19
20 1 18
3 8 1
18 23 4
3 7 10
3 8 11
10 15 2
5 9 5
12 17 8
5 11 14
19 0 14
1 6 20
20 23 13
15 21 7
17 22 12
19 23 3
17 23 20
8 12 4
17 22 1
14 19 7
8 12 10
12 17 2
5 9 9
5 10 9
6 10 16
0 4 16
13 18 13
17 23 18
22 3 17
13 18 15
23 4 10
2 6 20
19 1 2
0 5 8
10 16 14
14 20 4
23 2 9
10 15 2
17 22 14
17 20 6
16 21 16
14 19 19
10 17 11
7 12 6
14 20 3
22 3 9
19 23 6
4 9 1
15 21 13
10 15 16
20 1 7
7 13 12
5 9 2
17 22 10
17 23 13
4 8 13
8 13 3
13 18 10
21 1 15
10 15 1
22 4 18
9 12 15
20 1 2
15 21 13
1 7 20
22 3 18
2 8 9
2 6 12
14 20 3
9 13 19
19 0 12
11 15 18
20 23 13
1 8 20
23 4 3
5 10 15
17 0 16
5 10 13
6 12 15
0 5 16
12 17 6
22 4 16
19 23 11
11 17 3
21 0 14
19 1 11
0 4 7
5 9 1
10 16 19
13 17 20
2 6 17
23 2 20
8 15 19
18 23 14
9 14 18
11 16 14
0 5 5
17 23 13
0 6 3
8 13 9
22 4 7
0 7 3
7 10 5
4 9 19
5 10 12
10 16 18
7 11 12
3 9 15
12 17 20
18 0 16
19 23 17
22 5 16
4 9 8
11 17 13
1 6 6
23 6 10
13 18 6
5 10 14
3 9 6
5 11 19
23 4 14
15 19 11
0 5 17
15 21 7
13 19 11
1 5 15
12 19 6
11 16 19
5 10 1
18 23 6
22 2 6
1 6 16
14 20 4
22 4 9
23 3 18
10 15 16
5 8 18
11 17 11
21 1 1
14 18 5
21 1 5
12 16 6
23 3 2
11 16 20
8 15 12
2 8 13
4 10 20
0 4 16
6 10 18
11 15 19
2 8 3
14 20 12
7 13 1
6 11 2
12 17 6
15 20 6
7 13 2
3 9 14
14 21 7
15 21 18
7 12 9
12 17 15
5 10 18
9 14 10
7 13 6
20 2 19
1 6 8
10 14 9
14 20 9
12 17 11
17 21 6
0 7 1
9 15 3
13 19 4
8 13 12
0 6 14
2 6 17
6 11 6
14 19 18
2 7 2
12 20 20
1 5 5
2 8 8
4 8 11
15 20 14
6 11 20
17 23 12
5 9 8
21 3 12
1 8 19
3 7 10
20 0 16
20 3 20
5 11 8
6 11 15
17 22 7
12 16 1
7 13 14
3 9 12
6 11 13
21 2 2
18 22 19
7 11 11
14 20 10
15 19 18
1 8 16
15 19 10
21 1 19
15 19 17
2 7 12
5 10 5
7 12 16
5 11 17
10 15 4
18 0 3
22 2 12
13 19 17
19 0 8
21 2 7
23 5 5
17 22 11
23 4 5
18 23 20
6 11 10
19 1 3
0 5 16
1 7 3
15 19 10
22 3 7
20 2 9
5 9 5
5 8 18
20 0 20
11 16 12
7 12 15
23 5 15
17 22 8
15 19 5
14 19 13
16 22 18
21 4 4
3 10 2
4 9 11
17 22 5
17 0 13
14 18 8
20 0 10
6 11 4
18 0 7
9 15 3
4 9 1
23 4 19
15 19 16
9 13 16
9 13 8
6 12 6
15 20 10
10 15 11
0 6 15
22 3 17
1 6 11
2 8 8
11 17 2
13 18 9
7 12 10
19 1 7
0 6 17
14 19 12
6 10 18
1 5 5
13 20 12
8 13 4
23 4 3
18 0 4
0 5 4
22 2 19
20 1 7
18 23 8
15 20 9
12 17 8
13 18 16
23 4 19
2 6 2
1 6 13
8 13 19
23 3 20
10 17 18
8 12 9
18 0 1
19 2 16
8 13 10
12 19 3
1 6 19
5 10 17
4 9 16
16 21 6
19 0 18
17 23 14
2 7 10
0 5 4
14 19 14
17 22 8
13 18 6
15 23 7
8 12 10
0 4 17
9 13 8
9 13 16
3 9 12
14 19 5
7 13 6
18 0 2
13 17 19
12 16 11
15 19 2
7 13 14
8 15 16
17 22 4
17 21 15
2 7 2
14 19 4
5 11 13
2 6 17
18 0 19
7 14 14
21 4 6
9 13 9
6 11 5
4 8 8
11 16 19
15 19 12
4 8 10
6 13 7
17 22 3
5 12 5
10 15 14
17 23 8
14 19 16
18 23 16
15 20 12
20 0 15
3 9 1
16 20 11
15 19 17
17 22 13
18 21 2
15 20 11
3 8 8
7 12 10
22 2 5
8 14 15
3 8 7
19 0 8
10 15 8
8 14 19
7 12 3
23 4 15
5 10 2
21 2 20
21 3 6
11 15 20
20 1 4
21 1 20
20 3 11
2 5 16
17 22 9
6 8 1
23 6 14
19 0 3
14 20 10
17 20 17
20 0 5
13 17 12
8 11 14
15 20 19
17 23 3
6 10 13
20 0 18
7 15 11
6 10 17
9 14 1
13 17 2
18 22 10
3 8 7
14 19 18
4 9 4
2 5 8
20 23 13
19 0 6
2 6 16
10 14 16
2 7 14
23 4 15
9 14 18
18 0 20
19 23 4
9 15 6
23 2 15
22 3 16
21 1 7
13 18 18
3 9 5
9 13 17
12 18 6
1 7 5
3 7 20
19 3 9
10 15 6
5 10 6
15 19 13
9 13 19
20 1 11
1 8 1
5 9 2
22 3 13
9 15 17
0 4 2
19 0 3
20 0 13
11 15 3
15 20 15
18 21 14
15 18 15
20 2 18
2 5 11
17 21 12
3 8 1
0 6 13
10 16 16
14 20 7
16 21 2
6 11 7
22 3 16
15 19 20
8 13 5
11 15 12
2 7 2
18 23 5
1 7 4
21 4 13
16 19 8
22 4 16
10 15 2
6 10 1
16 20 4
15 21 15
14 19 14
19 0 12
12 16 4
23 5 10
12 15 10
11 16 2
3 8 10
13 18 3
3 7 4
9 14 18
13 16 1
3 7 4
5 10 9
21 2 8
20 1 1
4 9 11
14 20 20
1 7 16
17 23 2
6 11 7
7 11 8
10 14 4
20 2 15
17 22 17
15 22 1
21 3 7
13 18 16
20 1 16
11 17 10
12 18 15
6 12 6
15 21 13
10 15 18
17 23 19
12 19 20
5 10 11
13 18 2
19 0 5
17 22 19
5 9 7
19 1 17
3 9 4
1 7 17
9 14 6
0 6 14
18 23 9
18 23 20
11 16 5
20 1 19
6 10 2
4 10 4
14 17 8
23 4 13
3 6 6
10 16 11
23 4 14
4 8 4
11 16 14
23 6 8
22 3 15
4 9 18
9 13 17
19 2 3
11 16 9
7 13 15
14 17 12
14 19 19
1 5 6
18 23 1
3 7 4
8 12 20
2 6 14
16 21 19
21 4 19
14 20 19
23 4 10
2 7 15
4 8 15
20 2 18
13 18 16
16 19 15
19 1 16
6 13 10
3 8 3
3 7 16
10 14 6
17 23 10
12 18 2
22 4 19
18 23 5
12 17 19
20 1 8
8 13 19
0 4 5
22 4 16
21 1 5
20 0 11
3 9 11
19 0 5
17 23 11
23 4 10
8 14 7
2 7 10
19 0 6
14 19 9
2 6 10
16 21 17
8 11 12
1 8 16
23 3 20
4 9 5
17 23 11
21 3 20
15 19 3
20 0 18
20 2 9
5 9 2
1 7 4
4 11 6
14 20 12
10 16 1
22 3 15
18 23 6
5 12 4
20 3 12
19 1 5
8 14 19
22 2 18
17 0 12
4 7 11
1 7 7
7 12 1
21 4 3
6 12 3
18 23 20
13 17 3
14 19 6
0 5 6
2 6 1
4 9 10
4 8 8
2 7 13
17 22 2
11 16 2
2 7 19
22 3 15
2 7 8
1 8 2
12 17 12
8 11 10
14 17 15
22 3 7
10 15 9
17 22 3
11 13 4
0 4 9
0 6 11
16 22 2
19 0 13
12 16 4
18 0 3
3 8 6
18 23 19
16 22 1
19 1 16
18 0 18
6 10 9
5 8 20
12 17 9
20 1 11
9 12 1
6 11 10
6 12 16
18 23 19
13 17 10
11 14 7
1 6 7
9 13 12
5 11 16
13 20 10
14 18 11
0 6 19
13 17 9
4 8 4
18 1 7
9 14 14
20 1 9
0 6 9
16 20 13
15 19 20
14 20 1
22 4 9
23 5 9
2 8 16
11 18 8
22 4 4
8 13 13
18 22 19
8 13 16
17 21 16
9 15 6
3 7 10
12 15 20
18 1 20
12 19 7
7 12 5
9 15 4
19 23 9
0 6 9
11 16 19
19 1 7
13 18 1
9 15 11
7 11 19
11 16 4
12 16 11
19 22 4
20 1 18
0 4 3
13 19 7
20 2 15
18 0 6
9 15 7
10 13 20
22 3 13
4 9 13
0 5 14
16 21 15
5 9 7
22 5 2
21 3 6
11 15 16
6 11 10
22 5 7
0 6 9
14 20 19
4 8 5
22 4 8
17 21 5
0 5 5
17 22 7
7 12 7
7 13 18
4 10 10
17 0 15
17 22 15
22 4 9
10 13 19
21 1 8
12 16 3
7 11 7
20 4 20
6 11 5
6 10 7
14 20 17
6 10 14
6 12 17
23 3 14
22 1 7
0 6 10
19 2 14
17 0 6
5 9 1
4 9 19
5 9 9
16 20 9
5 9 19
2 6 6
17 21 18
20 1 2
16 21 7
19 0 1
13 18 5
22 0 18
9 14 10
23 2 6
14 19 3
1 4 15
4 10 16
6 14 8
8 14 12
3 8 7
1 8 14
11 18 6
20 1 2
18 21 16
5 11 20
14 18 9
15 21 7
4 11 7
23 3 9
23 4 6
8 13 5
6 11 20
16 22 12
12 17 16
12 15 20
20 2 17
19 0 12
17 21 4
7 13 20
16 18 7
7 13 7
21 2 18
23 3 13
5 9 12
14 19 13
18 23 19
15 20 14
10 17 7
23 4 12
16 21 12
22 3 14
16 22 1
7 12 16
7 12 1
1 6 12
21 4 19
3 8 15
18 22 18
8 14 17
18 23 12
14 20 11
22 3 18
20 2 9
16 22 12
1 8 8
14 18 9
3 10 12
21 2 10
7 12 14
7 11 16
1 7 19
2 9 8
22 3 12
11 16 14
1 7 7
22 3 11
7 12 12
6 11 13
7 12 10
10 15 11
2 7 1
21 1 18
20 0 12
16 21 5
11 18 8
18 23 1
4 9 8
17 22 12
12 17 3
10 15 19
1 6 17
3 7 20
0 4 3
2 7 16
9 13 11
17 21 7
0 4 12
3 7 4
17 21 3
8 15 5
9 13 12
3 7 20
13 18 17
9 14 19
5 9 15
17 0 10
19 0 1
21 3 12
8 14 1
3 7 15
3 9 4
12 17 18
22 3 17
5 9 18
10 14 15
5 10 17
23 5 13
16 20 16
10 14 7
3 7 15
23 5 6
7 13 13
4 9 16
5 9 16
9 13 14
19 1 10
21 1 13
5 10 8
1 6 4
4 11 13
10 15 10
19 23 13
3 9 2
19 2 7
2 6 15
23 3 15
11 15 16
22 1 17
11 16 11
8 13 4
11 15 18
0 5 1
17 0 2
6 10 4
1 6 12
5 9 3
18 0 8
19 1 12
5 10 18
9 13 1
1 8 10
21 2 13
11 15 13
10 15 11
21 2 19
4 7 1
4 9 10
5 9 9
0 3 10
12 16 5
23 2 2
4 9 15
8 12 18
2 6 5
3 7 6
20 23 6
7 11 3
18 23 18
4 8 7
5 10 16
13 19 6
2 7 16
17 21 16
19 23 2
17 0 14
22 4 12
10 14 9
16 21 11
11 16 20
13 19 15
14 18 20
9 15 3
0 5 16
8 12 4
4 9 1
7 13 6
18 0 1
17 23 14
0 5 9
7 11 8
13 18 5
23 2 3
3 9 12
2 8 11
12 16 11
10 16 5
10 15 2
19 1 14
15 21 16
19 0 17
13 18 9
10 16 17
6 12 5
17 22 7
19 22 19
0 5 1
10 15 3
12 17 10
18 21 17
18 23 14
2 5 8
11 15 12
13 18 17
7 13 3
13 20 9
21 3 18
8 12 6
1 5 18
22 3 7
5 9 11
7 11 15
4 10 6
4 9 20
13 19 3
8 11 16
7 13 11
14 19 6
12 16 5
0 6 5
21 3 13
23 5 6
8 13 8
19 1 11
21 3 6
12 16 11
15 19 8
1 6 2
14 20 12
14 20 19
22 1 12
13 18 14
19 1 6
8 12 11
3 8 8
2 6 10
5 10 8
8 13 18
8 14 12
17 21 9
16 21 12
6 11 17
16 23 3
14 20 5
23 4 10
2 7 5
12 17 6
18 0 8
6 12 9
6 11 6
1 7 3
10 14 13
10 16 2
19 23 10
10 16 3
1 5 4
7 13 18
22 3 8
8 13 15
11 16 18
1 6 10
6 12 10
4 10 1
15 19 7
5 12 8
9 13 18
0 5 1
3 8 1
1 5 14
19 1 7
0 2 5
6 12 10
2 5 15
8 12 1
19 1 19
0 6 13
18 0 7
17 22 16
11 16 13
19 23 13
16 20 5
22 1 14
13 18 4
8 14 8
8 12 4
1 7 13
3 11 3
3 10 18
13 18 6
4 10 12
12 18 13
15 21 1
18 0 19
2 8 8
11 16 6
1 7 10
8 13 16
23 5 11
10 14 12
15 21 19
3 7 8
0 6 5
6 11 5
6 10 6
7 11 10
19 22 11
14 19 6
13 18 2
8 14 18
11 15 11
10 15 11
17 21 8
2 5 9
18 0 11
5 9 3
13 18 7
5 10 15
18 21 20
