2000 20
6 7 10 16 3 4 18 5 13 12 3 6 13 18 1 18 10 3 20 14 
5 11 19
2 10 16
14 22 5
18 0 1
20 4 17
9 15 2
13 19 11
17 0 16
16 0 6
0 7 11
21 2 5
13 21 12
4 9 4
20 2 11
15 22 19
19 1 15
2 8 16
6 11 11
11 17 20
22 4 14
11 17 13
12 21 7
4 11 19
7 13 7
17 1 2
8 16 14
18 1 4
15 0 3
6 14 18
3 10 13
19 3 10
7 15 16
3 9 9
6 12 15
19 3 14
6 14 4
11 17 19
5 13 6
20 2 7
2 10 15
2 9 12
5 11 19
20 6 3
19 1 1
14 21 16
20 4 12
5 11 3
2 9 4
16 0 2
13 19 5
17 0 6
7 14 15
3 10 2
20 2 9
22 8 17
5 11 3
23 6 16
12 20 11
6 12 12
6 14 7
11 19 4
2 8 19
12 20 5
19 2 10
6 15 10
10 15 2
3 10 8
10 18 20
15 0 12
14 21 12
3 9 5
11 17 10
12 20 10
1 9 12
18 1 9
8 13 11
6 13 4
8 15 13
1 8 4
11 18 1
12 20 12
0 9 19
3 12 16
7 13 8
14 20 15
1 6 19
17 2 5
13 20 14
6 15 16
15 21 13
16 23 13
8 14 9
14 20 19
9 17 1
11 17 17
23 4 3
20 3 1
2 6 8
10 17 8
0 7 16
18 3 19
13 20 4
0 8 5
7 14 2
5 10 3
18 3 1
18 0 13
23 6 11
2 8 18
1 8 12
7 14 15
16 23 2
20 3 5
3 10 3
15 22 17
8 14 13
12 20 8
21 3 9
13 21 18
9 17 20
0 7 2
5 12 5
19 1 5
20 5 3
13 19 17
17 23 8
2 8 13
0 4 14
4 11 9
6 13 8
2 8 8
21 4 1
23 6 11
2 8 20
4 12 8
17 1 15
10 16 2
20 2 14
15 23 13
0 5 15
9 16 1
22 2 20
14 23 2
9 15 19
21 5 17
17 0 8
7 13 20
9 17 3
4 13 10
19 1 2
6 13 3
16 0 4
6 12 9
3 10 5
5 12 16
13 18 10
23 6 14
8 17 13
0 8 14
23 4 14
16 0 18
13 21 2
18 23 5
20 3 14
23 5 13
23 5 4
8 15 19
21 4 15
16 23 7
12 18 7
21 4 4
10 17 7
13 19 9
2 7 17
7 15 8
0 7 7
13 20 9
19 2 7
8 15 17
15 22 8
6 14 9
2 9 16
22 3 6
10 17 3
0 7 3
16 23 10
7 12 7
21 4 4
11 17 19
0 6 6
11 17 20
2 9 16
10 18 17
23 6 6
9 16 12
16 21 5
22 4 18
20 4 16
7 14 10
1 8 12
11 18 8
4 11 12
17 23 16
22 3 1
10 18 10
8 16 3
2 7 19
11 18 13
3 9 5
17 23 1
8 15 16
19 3 12
19 1 11
21 2 2
6 12 9
15 22 12
18 2 4
17 0 1
14 19 7
20 3 10
20 4 20
9 17 20
21 3 10
5 12 14
23 6 19
21 4 10
8 15 19
19 1 20
12 18 8
4 13 11
13 19 6
16 22 2
6 11 17
4 10 18
9 18 13
5 12 14
22 3 16
21 3 7
11 19 14
21 5 10
8 15 1
21 5 12
5 12 17
0 7 17
23 6 14
2 9 18
15 22 2
12 21 2
4 13 13
7 13 13
12 19 4
9 14 10
14 21 18
7 13 11
19 1 12
10 18 13
17 0 4
3 11 2
10 17 7
1 6 19
13 22 6
5 12 12
12 18 17
22 6 18
5 11 1
10 16 4
2 8 12
0 7 11
2 9 14
17 0 18
20 3 13
3 10 14
1 8 11
19 3 1
7 15 11
7 13 19
9 16 6
14 20 9
2 11 2
8 13 5
2 10 1
4 10 10
4 12 19
20 2 17
0 9 8
5 11 10
9 17 13
6 14 1
4 10 1
0 7 15
12 17 2
16 23 6
5 12 8
3 10 15
21 4 11
15 23 9
1 7 11
13 19 4
8 14 15
20 5 9
5 13 13
0 6 9
12 19 5
10 15 18
21 5 9
9 16 5
9 17 8
1 8 18
9 17 8
6 14 9
13 18 5
10 17 11
6 15 6
10 17 16
0 7 6
10 18 13
2 10 3
23 7 17
22 4 16
16 1 2
0 9 15
12 18 6
10 18 12
12 20 5
22 5 20
1 8 7
15 0 2
23 6 17
16 0 3
5 12 2
19 1 13
18 2 6
5 12 18
8 15 14
23 5 13
3 9 18
14 23 2
12 20 20
15 22 4
21 3 3
8 16 20
19 2 15
8 14 1
13 22 10
19 3 10
12 19 4
8 15 12
10 17 2
12 19 8
21 5 5
8 15 9
4 11 7
15 23 15
9 16 4
13 20 10
11 16 6
3 10 17
20 4 11
19 1 9
12 19 3
13 20 14
23 6 17
22 4 8
14 21 20
5 12 18
5 13 20
19 4 20
15 19 13
23 6 13
15 23 15
12 17 4
1 7 3
11 18 14
8 15 7
6 13 11
17 0 8
20 2 6
10 18 12
18 2 15
6 13 9
19 2 7
1 7 14
17 0 16
16 23 4
16 23 2
9 16 5
11 19 14
15 23 2
21 4 3
8 15 4
9 16 15
8 14 1
20 0 19
21 4 2
5 13 9
3 11 13
21 2 20
19 0 11
2 9 3
10 15 2
14 21 6
13 22 20
5 12 13
15 21 2
18 1 20
2 8 10
1 8 2
20 4 8
15 23 18
1 6 7
8 16 7
21 5 5
14 21 3
21 3 3
8 15 14
11 17 16
9 18 19
20 3 15
6 15 16
1 8 15
8 13 15
14 21 13
3 9 4
22 4 18
4 10 11
11 18 19
20 3 15
19 3 5
12 19 18
23 6 19
21 4 12
17 0 11
11 16 20
17 23 13
13 21 14
0 8 7
11 19 2
2 9 6
7 13 17
8 14 4
0 6 3
22 3 17
8 14 8
22 4 2
12 20 6
3 11 11
13 20 2
23 3 7
4 12 16
3 10 2
18 1 9
4 10 20
8 15 16
2 9 18
1 8 20
14 21 1
2 7 16
2 9 11
19 2 6
21 5 12
0 6 12
13 18 9
3 10 6
5 11 9
0 7 3
18 1 2
0 8 18
2 9 9
9 16 6
11 20 2
20 1 4
7 15 11
11 19 16
0 7 7
8 14 8
9 16 9
0 9 7
18 1 5
3 9 16
22 5 13
6 13 8
21 3 15
18 1 16
8 14 18
5 11 2
3 9 17
10 15 18
6 12 19
4 10 10
3 10 16
12 21 9
11 16 8
11 18 15
9 16 6
7 14 12
12 19 4
11 18 14
16 0 11
19 1 14
15 20 2
3 10 18
12 19 9
12 19 1
6 14 7
8 15 8
19 1 20
1 8 7
9 17 14
3 11 14
0 6 18
23 6 19
8 17 18
11 19 6
16 23 11
5 12 19
16 23 9
2 7 6
13 19 7
4 10 15
10 17 6
17 23 19
7 15 8
8 13 4
1 8 9
9 16 17
23 5 11
11 18 17
10 17 14
12 19 17
10 16 4
7 14 14
8 16 5
18 1 5
18 23 6
7 15 19
19 3 7
12 19 15
14 22 11
4 10 19
5 12 6
9 17 19
21 3 12
6 11 17
16 0 6
10 18 9
0 6 11
23 8 2
12 17 18
4 12 18
14 21 15
1 5 8
5 9 9
3 10 17
13 20 2
18 2 10
19 4 9
15 20 7
18 2 10
6 13 9
23 6 6
23 5 4
5 12 18
14 22 17
11 16 3
16 23 17
8 14 4
9 16 18
10 17 1
22 4 10
19 2 13
1 7 3
6 12 17
20 3 4
20 2 6
16 23 7
15 23 4
3 9 15
10 18 20
21 5 11
22 5 17
6 15 10
13 19 14
21 3 14
21 3 3
12 18 20
18 0 3
16 0 11
5 13 17
19 4 18
4 10 13
16 22 5
11 19 17
13 21 9
11 18 17
17 23 20
6 12 14
18 2 7
16 23 2
6 13 3
22 7 5
4 12 11
22 3 13
6 12 5
8 16 6
14 22 12
11 18 3
18 1 11
1 8 5
8 16 18
4 12 10
20 4 3
21 3 18
19 1 20
14 22 10
18 2 15
10 18 13
15 23 20
14 19 4
7 14 2
0 7 11
20 5 12
22 4 5
16 22 14
14 21 10
8 16 13
9 17 11
10 18 2
19 1 16
3 9 4
8 15 10
23 7 19
18 2 18
11 18 12
22 7 3
18 0 12
15 19 2
3 9 18
18 1 1
23 6 6
16 23 14
17 22 9
6 13 5
16 22 11
6 13 18
1 9 16
4 12 17
1 9 5
14 21 15
19 2 4
18 3 17
21 3 11
15 0 13
4 11 3
15 23 9
17 23 17
11 17 15
14 19 13
5 10 15
17 0 4
16 0 8
23 6 4
23 7 19
0 7 6
15 0 17
21 6 10
6 11 9
8 15 15
3 12 9
8 15 7
4 13 7
6 13 4
11 18 1
5 11 14
23 7 19
8 14 10
4 10 1
13 21 20
6 12 1
16 0 11
13 20 16
23 7 9
9 16 13
2 9 13
3 11 1
0 8 16
18 2 5
15 22 8
1 7 12
9 16 1
19 2 14
4 11 20
23 6 20
22 6 13
14 21 5
15 20 12
19 2 1
6 10 15
4 11 18
0 8 10
23 5 5
10 16 19
3 11 6
16 21 12
2 7 8
9 14 15
18 0 5
10 15 18
17 0 11
18 0 18
10 18 16
20 2 17
12 20 4
12 20 5
10 16 19
2 9 10
10 18 5
12 19 16
0 9 16
13 20 6
7 15 5
14 21 8
18 2 16
9 14 13
21 3 4
10 17 16
10 17 4
15 22 15
22 7 18
6 14 17
12 19 11
7 14 10
6 14 12
1 8 18
5 12 19
14 21 16
3 10 14
18 1 19
22 5 5
15 21 20
11 19 14
23 5 2
19 3 8
22 4 7
22 5 6
6 13 15
17 0 2
14 23 4
10 14 17
14 19 7
22 4 19
6 15 8
12 17 17
18 4 8
16 23 17
10 15 16
19 4 10
18 1 19
8 15 12
19 2 16
22 5 16
10 18 10
7 14 10
9 15 10
0 7 12
16 23 12
0 7 5
19 4 17
1 7 12
7 13 10
8 15 13
5 11 14
4 11 16
14 19 10
21 5 4
3 9 6
19 2 2
8 15 5
9 17 5
12 20 17
17 23 2
23 6 1
2 10 12
8 15 13
20 4 2
8 15 6
20 2 12
12 19 12
18 23 1
0 6 20
6 15 13
18 1 16
6 14 4
12 19 13
1 9 10
9 17 4
15 21 14
1 8 16
12 17 20
9 18 19
17 0 9
22 3 7
23 7 6
7 16 5
10 17 8
11 17 17
20 4 9
0 5 19
15 23 15
5 13 13
9 15 11
15 22 8
20 4 18
7 14 13
14 22 17
11 18 1
11 18 14
15 23 17
7 15 18
20 3 19
0 5 2
20 3 4
6 13 3
18 0 1
8 17 3
13 20 18
20 2 4
3 11 2
4 10 19
3 10 15
1 8 18
8 13 4
8 16 4
21 4 7
22 4 7
12 19 9
13 19 11
7 14 16
20 3 5
2 9 9
18 3 7
12 20 17
18 1 14
15 1 5
19 2 2
2 8 9
17 0 18
0 7 12
9 16 11
7 13 19
4 12 5
16 1 18
5 11 6
21 5 17
6 13 12
7 15 15
7 14 15
20 2 4
11 18 14
21 4 11
19 3 15
5 11 10
11 18 8
15 21 9
0 8 9
11 19 20
2 8 2
14 20 12
16 23 2
14 20 11
3 12 1
23 6 8
5 13 8
12 19 10
20 3 5
2 9 15
14 21 18
11 20 13
7 15 20
22 5 12
8 15 1
9 17 8
7 13 9
10 18 2
19 2 13
17 2 6
22 5 16
9 16 11
22 5 1
2 9 20
10 19 2
21 3 5
2 9 10
16 2 12
3 10 10
17 1 18
20 4 15
16 22 12
10 17 18
19 5 2
9 17 3
5 12 13
18 1 5
18 0 14
21 5 17
6 14 20
1 7 3
14 21 1
1 6 17
12 19 16
2 11 5
9 16 1
3 10 7
20 3 17
11 17 1
16 21 3
8 14 3
0 6 8
12 19 4
22 6 4
8 13 7
3 7 12
7 12 14
2 9 6
23 7 17
7 14 17
14 21 5
11 20 3
4 10 10
7 14 19
18 1 18
21 3 11
9 16 5
6 14 8
0 7 17
8 14 17
15 22 8
15 23 16
20 3 18
19 2 17
8 16 17
7 15 14
13 20 16
6 14 20
9 15 6
7 14 11
16 0 1
16 0 16
16 22 7
3 9 4
10 17 7
19 4 16
7 15 10
14 21 16
14 20 1
11 17 12
9 16 5
13 21 13
4 10 7
10 15 18
4 10 1
2 8 16
16 23 18
14 20 1
6 13 1
5 12 8
8 13 7
18 1 4
4 12 11
7 13 10
6 12 15
14 20 14
16 22 16
14 20 1
22 5 8
3 10 7
4 10 20
7 14 15
4 11 6
6 12 3
20 2 16
2 8 2
3 10 13
12 19 17
8 15 13
3 10 10
8 14 5
12 19 11
17 0 1
1 7 13
9 16 17
5 14 14
8 15 1
2 9 19
17 1 17
22 5 8
22 2 5
16 23 3
11 18 13
16 23 3
8 15 1
13 20 19
11 19 16
23 5 8
21 4 4
5 11 8
13 20 20
4 11 5
15 23 2
15 23 19
16 0 10
3 11 10
0 8 13
3 10 3
11 19 2
0 6 6
6 13 2
2 9 12
23 6 5
11 15 18
11 18 19
15 20 17
10 17 15
0 6 4
22 6 7
6 13 15
9 16 15
0 7 17
23 6 6
21 4 4
15 22 13
23 5 4
20 2 19
22 5 19
3 13 4
8 15 13
14 20 9
13 18 8
7 14 9
11 17 6
20 5 12
0 7 13
2 10 2
12 17 5
19 1 18
17 0 4
4 10 16
9 15 13
19 1 15
14 23 2
1 7 13
5 12 6
3 10 10
2 9 10
8 16 1
5 12 9
19 3 15
1 7 6
21 4 15
3 9 12
5 12 12
12 19 17
3 10 8
1 8 6
8 15 9
19 1 4
0 7 17
0 6 11
22 6 3
10 18 16
20 3 5
19 3 6
22 4 2
13 20 16
19 2 11
17 1 11
19 1 19
3 9 19
8 15 18
3 11 1
23 7 17
14 23 19
6 14 8
21 4 12
21 4 14
8 16 8
10 15 2
7 12 20
19 2 9
22 7 17
19 1 8
9 16 15
21 5 2
23 8 10
0 7 6
15 22 11
3 9 10
18 1 3
19 1 1
12 19 14
14 22 5
6 13 15
4 10 20
22 6 19
13 20 2
8 14 19
3 11 19
3 9 13
13 21 8
7 14 14
23 7 11
3 9 10
2 9 5
22 4 10
8 15 18
18 1 11
17 22 12
6 13 17
12 18 20
19 3 13
14 20 13
0 5 3
1 9 19
0 7 13
2 9 2
8 14 17
2 9 4
8 14 14
17 0 8
7 13 12
21 5 9
4 12 10
12 19 19
22 4 2
13 20 7
4 11 5
3 10 17
11 18 3
17 22 16
8 16 2
0 6 4
14 22 15
22 5 11
14 21 4
18 3 18
18 0 10
23 6 14
12 19 10
12 19 17
2 10 14
19 4 12
15 20 10
1 9 1
21 4 11
14 21 6
21 5 2
10 19 5
23 5 3
6 13 9
9 13 16
19 3 11
4 11 10
0 8 3
5 12 5
21 5 4
10 17 19
15 22 4
4 10 1
21 4 13
5 11 19
10 17 16
12 19 19
20 3 18
6 14 16
15 23 16
0 6 5
1 9 13
11 19 3
16 23 14
20 4 14
7 14 17
11 18 15
11 19 7
16 0 7
1 9 6
15 21 13
1 9 15
6 13 9
11 17 17
8 16 6
5 11 2
3 12 17
1 8 16
13 19 14
5 12 17
11 18 19
8 14 6
12 20 4
7 13 18
20 3 3
9 17 1
17 0 18
3 10 6
20 2 12
4 11 6
19 2 4
10 18 4
22 3 13
4 10 20
15 22 5
21 3 15
21 6 12
1 9 2
11 19 13
16 22 14
4 11 12
2 8 17
8 17 20
5 11 1
22 6 10
5 12 10
9 16 12
20 2 10
9 18 16
21 4 5
2 8 2
6 11 9
8 16 3
15 22 20
6 13 18
9 15 4
8 13 4
7 14 4
0 6 2
17 2 5
5 11 5
6 12 1
7 14 9
11 18 18
5 13 2
12 20 1
7 13 18
18 0 16
9 17 6
5 13 13
9 18 17
0 8 6
18 1 9
14 21 8
23 7 5
7 15 19
1 8 3
2 10 12
17 0 10
15 23 4
6 14 16
10 18 6
18 2 11
11 20 12
5 11 5
12 19 17
7 16 19
13 19 15
9 17 11
10 16 2
5 14 18
15 23 15
5 13 9
5 12 15
19 2 2
11 18 17
0 7 10
1 8 8
15 22 19
7 16 14
13 21 4
17 0 16
1 6 19
19 1 12
16 23 14
17 0 9
22 7 5
23 5 13
3 11 20
23 7 20
21 4 1
19 2 14
16 0 17
4 11 6
0 6 4
22 4 13
19 0 17
9 15 9
23 6 17
6 11 3
13 20 3
2 7 17
19 2 2
14 20 5
7 14 3
22 5 13
18 1 10
6 14 15
23 7 10
12 20 3
11 17 7
11 18 1
2 12 20
10 16 5
0 5 20
17 0 2
12 21 11
18 2 9
10 16 11
3 10 17
18 0 10
14 20 11
3 10 16
9 16 15
17 23 8
22 7 19
2 8 13
19 2 19
16 0 14
7 15 18
2 9 6
22 6 7
0 7 11
21 3 7
11 20 14
7 14 1
9 16 4
9 16 9
9 16 1
10 17 3
5 11 18
15 20 4
3 10 15
3 9 16
21 5 16
2 8 1
22 6 20
17 0 18
20 2 6
6 13 11
0 8 13
15 21 4
13 21 12
4 11 6
9 16 14
0 5 7
10 19 18
23 4 11
2 10 3
4 10 10
2 9 18
5 11 19
9 16 2
5 12 13
11 16 20
13 20 4
22 3 12
6 13 11
5 11 11
12 20 16
1 10 10
7 13 16
20 2 16
2 9 18
8 17 13
21 3 11
17 23 13
10 17 11
17 0 4
12 19 17
22 6 18
11 18 18
19 3 11
5 12 15
4 11 14
16 22 20
12 17 8
12 20 14
12 20 14
12 19 11
5 13 2
3 10 17
15 22 17
14 22 13
2 11 10
10 17 3
17 0 9
2 9 14
3 9 18
10 15 12
7 14 12
11 18 7
15 21 13
9 17 7
2 11 2
7 15 12
2 11 17
21 4 19
10 16 16
4 11 11
8 14 13
4 12 14
2 8 18
22 5 6
18 1 1
8 14 5
21 4 17
4 11 18
11 17 2
18 0 16
2 9 12
4 11 4
0 8 2
0 8 9
15 22 16
11 18 1
8 15 12
23 8 20
12 20 11
18 1 2
20 2 18
2 8 14
8 16 14
3 10 14
23 7 16
1 7 12
19 1 9
5 12 5
21 3 4
4 10 18
9 17 15
10 16 9
22 4 19
17 0 5
18 0 4
21 3 18
16 22 6
19 3 9
2 8 11
0 6 6
16 0 12
8 15 10
1 9 14
13 21 5
19 3 14
16 23 8
15 22 2
20 4 7
12 19 14
4 9 13
15 0 12
13 21 2
4 10 4
15 22 6
12 18 19
23 6 9
16 22 8
15 22 11
21 5 3
22 5 7
18 0 2
4 9 7
21 5 2
2 9 6
11 19 15
11 20 8
6 14 20
8 13 9
8 14 1
4 12 4
8 15 12
8 15 6
2 9 10
1 7 3
7 15 19
22 6 15
6 12 19
17 0 4
2 8 3
16 2 15
17 1 17
18 1 4
23 5 3
16 23 8
20 2 18
12 17 20
7 15 9
16 22 6
23 6 11
8 15 17
17 23 3
0 7 19
23 6 13
2 10 15
19 3 20
18 1 15
14 20 1
1 8 3
9 16 17
23 5 14
10 18 5
20 4 6
22 5 14
16 23 7
15 0 2
9 17 13
9 15 7
3 12 11
4 10 4
12 16 4
20 4 10
19 0 18
2 8 14
12 19 19
11 17 3
20 3 2
16 0 11
22 4 15
8 15 6
0 7 15
6 12 12
22 6 14
2 10 8
10 16 13
12 18 2
19 1 12
19 3 12
1 6 2
9 17 12
15 22 4
7 14 13
1 7 14
7 13 15
6 12 5
17 0 19
3 10 9
21 4 15
3 9 20
5 12 20
11 19 5
19 1 2
11 18 13
11 18 19
3 12 14
19 1 2
22 5 18
2 10 20
3 8 20
4 12 20
19 1 5
16 0 12
6 14 4
10 17 16
2 9 16
22 5 17
6 14 8
16 22 3
13 20 4
19 4 11
9 14 7
13 20 14
6 11 1
8 17 11
1 6 20
18 23 15
9 16 20
21 3 4
5 12 2
7 13 8
20 3 8
14 21 16
3 8 16
9 17 3
3 10 14
11 19 17
22 6 2
18 3 17
9 16 19
10 18 18
10 17 11
6 15 12
4 11 8
13 20 3
14 19 10
12 19 5
19 3 10
21 4 19
11 19 15
13 21 6
19 3 20
0 7 6
5 12 13
0 7 14
23 6 17
11 15 5
8 15 1
16 23 19
6 11 18
0 7 19
15 21 1
16 0 13
4 10 11
5 13 9
0 7 15
0 7 7
0 7 5
16 23 17
19 2 9
5 12 4
16 23 17
23 6 14
18 1 13
4 12 16
22 4 2
5 12 13
1 8 16
12 18 7
11 19 5
17 1 19
23 6 13
5 12 17
1 8 3
15 21 19
13 22 10
6 11 19
10 17 4
14 20 13
0 4 17
15 22 17
8 15 5
19 1 4
11 20 4
10 17 6
14 20 19
2 9 20
23 6 4
15 0 19
12 20 2
10 18 9
22 4 5
21 3 19
7 14 1
12 20 11
22 6 18
10 17 1
18 2 4
7 14 16
22 8 7
19 3 4
23 4 14
14 22 1
15 20 4
16 22 2
1 8 10
10 18 3
23 5 9
19 1 3
18 1 18
2 11 8
10 17 19
14 22 20
21 5 15
15 22 3
23 4 10
10 16 19
22 5 15
11 17 11
0 7 17
5 12 14
16 22 9
7 15 5
17 23 20
15 21 17
23 5 3
16 0 15
14 20 7
19 3 2
16 23 6
11 18 15
3 12 3
2 10 7
17 1 5
18 0 13
10 17 20
5 12 5
10 19 8
8 16 2
18 1 10
21 5 9
0 6 3
5 13 1
10 17 18
4 12 4
2 7 3
22 7 15
13 20 6
0 7 2
9 17 9
7 13 19
23 5 18
3 10 3
8 15 15
19 3 6
0 8 7
12 20 2
8 16 14
14 19 1
8 15 12
4 12 18
11 18 14
14 22 19
11 17 19
0 7 3
23 5 13
17 23 17
15 21 6
6 13 19
22 5 6
2 9 3
10 15 11
21 4 5
12 18 13
12 19 5
6 13 1
2 10 10
7 15 7
18 0 15
13 17 18
13 20 7
10 17 4
10 18 18
2 10 2
10 17 12
18 0 20
20 2 15
2 8 8
10 16 8
10 17 11
7 14 14
7 12 18
5 9 19
17 23 7
4 9 20
6 14 13
23 6 6
17 22 8
18 2 19
14 23 3
2 9 17
17 1 15
12 19 19
11 19 11
21 5 11
16 22 12
23 5 9
5 12 18
16 22 4
18 1 9
14 21 15
23 5 17
16 22 19
2 8 12
4 11 19
17 0 17
13 19 12
17 2 2
4 12 10
23 5 14
6 13 16
5 13 5
7 14 16
7 16 17
9 16 1
0 7 3
8 16 7
22 6 14
5 12 19
18 1 20
4 12 14
0 9 16
15 23 9
21 4 17
7 15 12
21 4 8
18 0 10
1 8 6
13 21 9
13 19 16
20 3 11
7 15 1
5 9 9
14 21 18
1 7 15
12 20 19
17 0 15
9 16 3
4 11 14
17 23 13
12 19 14
18 23 17
21 5 3
8 15 19
12 19 12
23 7 16
7 15 4
9 16 4
7 13 11
7 13 2
19 2 18
10 17 18
21 5 3
12 18 17
7 13 5
2 12 9
3 10 11
15 22 15
15 21 20
21 3 3
2 9 9
4 11 20
0 7 18
20 3 1
19 2 11
3 10 16
4 12 18
8 15 2
7 15 2
18 1 15
13 19 5
18 2 18
17 23 4
23 7 16
18 2 6
10 18 4
22 6 7
13 21 14
21 3 6
1 7 14
12 17 20
5 14 13
2 8 19
22 5 14
11 18 4
6 13 5
15 22 5
23 6 11
8 14 18
6 11 17
3 10 4
16 22 16
6 14 13
22 4 17
6 13 9
7 13 2
18 1 19
12 18 6
18 1 2
0 8 7
9 16 13
7 14 17
22 5 19
19 2 7
7 14 13
11 18 13
6 12 18
7 15 10
17 0 12
14 20 10
19 2 20
8 16 13
13 19 20
7 14 16
19 1 12
13 20 13
4 11 2
17 0 8
2 9 7
2 8 13
6 16 1
5 14 12
4 13 2
9 16 17
16 0 16
17 0 1
20 1 6
22 6 5
10 17 10
22 3 16
4 12 19
2 10 3
8 15 15
10 17 5
16 0 13
20 3 15
20 2 19
23 5 4
18 2 12
12 17 13
15 22 13
9 18 6
9 15 10
13 21 11
4 10 8
8 13 6
2 9 8
9 16 3
1 8 10
2 9 3
21 3 20
10 17 1
1 7 11
15 23 15
1 8 4
16 23 15
11 19 17
20 1 5
15 23 5
9 17 12
3 10 4
18 1 6
1 7 11
16 0 10
22 6 18
21 5 7
1 8 12
2 10 13
13 20 10
16 23 15
6 14 12
18 2 14
7 14 12
19 1 10
2 9 4
16 23 9
22 4 17
6 12 1
15 21 8
0 6 15
19 4 15
17 22 3
11 19 2
6 13 14
12 18 10
19 3 19
1 10 19
2 8 8
10 17 12
19 2 18
2 10 11
7 14 15
19 2 5
20 2 1
3 9 14
22 5 20
15 21 11
2 9 19
15 22 18
18 3 17
2 9 5
12 19 6
13 20 18
21 3 18
14 21 5
17 22 1
21 3 8
20 2 7
21 3 13
19 1 8
4 13 8
0 8 14
4 12 13
15 22 8
16 0 4
4 11 2
10 16 14
16 0 5
11 17 17
17 22 10
23 7 13
1 7 4
21 7 11
6 14 19
16 23 9
10 16 4
13 20 2
1 8 18
6 14 19
20 4 18
12 18 11
2 9 3
12 20 5
6 14 19
19 1 18
4 11 12
19 1 1
23 5 15
