2000 20
8 17 10 7 5 10 1 1 19 5 8 19 15 12 19 17 1 7 10 8 
13 0 7
20 7 9
2 13 16
5 17 10
22 9 7
10 21 3
16 4 17
13 0 16
23 10 2
2 14 14
18 3 20
15 0 12
3 12 12
5 14 9
6 15 6
9 19 9
5 15 19
11 21 7
3 12 3
6 17 8
6 18 8
23 9 4
17 3 17
13 23 11
12 23 18
18 4 7
11 21 9
21 8 16
1 11 3
10 21 18
22 7 2
15 1 17
20 6 13
4 15 16
0 10 4
20 7 15
20 7 1
10 20 19
11 22 1
5 16 1
13 0 20
6 15 14
3 13 10
1 11 7
10 22 8
15 1 12
13 0 5
6 17 3
14 1 12
23 11 8
9 18 6
2 12 16
2 12 13
8 18 7
18 4 17
1 14 16
9 20 2
0 12 16
23 12 2
10 20 3
15 3 13
19 6 17
11 23 8
22 10 19
5 15 7
17 5 4
17 4 17
15 2 18
12 22 12
15 2 7
13 0 6
12 0 1
21 7 17
22 7 14
12 0 2
4 14 5
18 5 2
18 5 14
14 0 2
17 3 4
12 20 7
15 2 14
23 10 12
0 11 15
6 15 5
4 16 3
16 4 7
19 6 6
12 0 5
18 4 9
10 22 20
13 3 7
0 11 6
10 0 2
6 19 2
13 0 14
18 4 2
5 14 12
18 5 12
4 17 18
11 0 3
16 4 18
4 14 19
23 10 2
4 14 1
13 0 13
8 17 5
1 13 13
7 19 14
23 9 11
1 12 10
14 0 20
0 10 10
0 11 15
12 0 12
15 4 2
0 11 11
15 1 16
23 10 11
5 15 16
2 13 13
19 6 16
19 4 6
22 8 10
0 10 7
12 1 11
12 0 15
16 4 4
2 14 10
19 7 8
19 5 20
5 17 14
1 12 18
2 13 20
11 23 18
18 4 13
7 16 3
22 9 1
1 12 18
9 20 14
21 6 15
0 11 4
3 16 13
18 6 5
17 3 8
16 4 11
22 9 6
2 12 18
4 15 15
17 4 9
20 8 15
23 11 4
8 18 11
10 20 16
7 17 15
17 4 15
19 7 15
10 21 6
19 7 14
15 2 11
19 6 4
20 8 10
6 17 8
5 15 18
16 4 6
7 19 20
2 13 5
22 8 18
17 4 8
20 7 11
0 11 15
23 8 10
6 15 12
16 2 12
9 21 5
3 12 2
16 1 9
19 6 8
1 12 3
15 2 15
4 16 20
3 13 1
21 9 19
23 11 2
8 19 15
1 10 2
16 3 19
11 22 9
10 20 10
14 23 19
5 18 18
11 23 6
8 18 11
4 15 4
12 1 16
5 15 14
22 9 9
18 5 4
18 5 5
6 17 2
21 8 3
22 7 1
10 20 4
14 1 11
20 6 13
21 7 12
1 12 15
16 5 18
17 2 14
10 21 19
18 7 5
19 7 6
7 18 9
0 10 11
13 1 9
19 6 7
2 12 2
9 18 16
21 8 18
15 3 14
18 5 10
7 17 4
20 8 3
12 21 3
17 5 10
13 23 16
6 17 6
12 23 11
12 0 4
13 1 7
14 0 1
17 5 12
18 4 16
12 22 16
22 10 1
15 3 14
0 11 19
3 13 4
12 23 5
23 11 12
13 22 7
10 19 5
15 1 4
15 2 12
0 10 3
10 20 11
1 10 16
13 1 17
22 9 15
7 17 2
10 20 16
16 3 7
4 15 11
3 15 11
6 15 5
2 13 18
16 2 10
0 12 19
21 8 11
12 22 19
10 21 6
11 21 11
6 18 14
5 16 16
17 4 2
22 9 2
3 14 7
9 19 4
0 11 6
23 10 15
20 4 16
5 17 10
9 19 9
3 15 4
13 1 11
2 14 4
0 12 17
14 23 16
3 14 1
13 1 12
1 12 11
21 8 9
22 8 9
21 7 5
18 7 17
22 8 8
6 16 15
9 21 11
1 11 11
10 23 6
19 7 3
9 20 5
11 22 9
1 11 1
2 15 8
18 4 5
21 8 2
7 16 11
20 7 1
19 4 20
11 22 16
5 15 14
3 15 5
22 8 20
14 0 20
21 8 4
7 18 3
18 6 8
20 7 2
12 23 16
11 22 9
18 5 19
23 10 4
13 2 2
10 22 1
14 1 7
18 3 9
13 0 9
19 8 6
0 13 4
15 2 16
16 3 4
23 10 19
23 11 12
10 22 13
4 15 3
16 3 13
22 9 18
1 11 11
16 3 11
21 9 4
3 12 20
2 14 9
8 19 20
16 4 1
9 20 12
12 1 9
4 13 3
18 6 9
1 11 3
12 0 14
15 2 14
20 6 3
1 13 10
10 21 14
15 2 6
1 12 3
4 13 14
1 11 11
15 3 13
1 11 6
16 3 3
19 6 13
19 6 7
3 12 5
19 6 5
2 13 3
13 22 20
16 3 13
15 2 12
13 22 10
21 8 13
17 5 20
2 13 17
23 10 4
15 0 5
22 8 7
16 3 14
10 22 11
23 12 2
1 13 8
11 0 15
20 10 2
2 13 12
3 14 19
17 2 20
9 19 7
21 9 14
23 10 18
11 21 2
1 14 7
4 16 1
16 5 3
19 6 2
1 13 13
0 11 17
20 8 18
0 10 2
17 4 6
1 11 3
4 16 1
21 8 19
4 15 4
23 11 5
5 17 4
4 17 18
3 13 16
1 12 10
11 22 13
12 23 12
18 7 8
2 13 20
22 10 3
9 21 13
3 14 15
9 19 3
11 21 7
18 5 10
2 13 1
7 17 8
23 11 17
19 7 2
9 17 14
18 3 7
18 6 3
18 6 4
1 13 5
9 20 13
20 6 14
21 6 17
11 23 1
5 17 4
8 20 4
16 3 6
12 1 20
12 22 11
14 1 3
15 1 3
0 12 18
9 18 1
1 11 12
1 11 18
5 15 14
22 7 12
18 4 15
16 2 5
23 10 18
14 1 3
23 10 7
3 14 16
12 23 18
18 4 12
15 0 14
23 13 7
0 10 6
14 0 10
19 6 2
16 2 10
4 15 12
10 19 1
21 8 18
1 11 3
10 20 18
5 16 14
1 12 15
9 20 6
22 9 20
7 15 1
16 2 10
13 0 10
20 7 16
7 20 14
15 2 15
13 22 7
4 14 11
11 22 1
3 13 4
4 13 7
17 4 11
3 15 20
12 20 7
4 15 3
8 19 8
19 5 12
7 18 8
6 16 14
6 17 17
17 6 7
17 3 2
19 7 12
2 14 2
16 3 15
0 12 3
20 6 20
12 23 20
12 0 9
14 2 19
17 1 20
10 22 2
19 8 16
15 1 8
14 2 13
19 6 6
7 18 11
9 20 7
7 19 17
21 6 18
21 8 8
19 6 4
11 22 6
22 7 16
10 21 9
20 7 9
11 22 3
1 13 16
14 0 19
0 11 3
16 1 3
19 5 18
19 7 14
10 21 19
18 5 7
10 22 20
1 10 8
0 10 6
16 2 17
21 7 17
16 3 9
9 18 5
17 5 8
22 9 17
2 12 6
22 8 18
2 14 9
9 20 13
10 20 4
14 2 8
22 9 15
15 0 7
13 23 9
3 13 10
20 6 1
15 2 2
11 23 16
0 10 6
17 6 12
0 9 6
16 3 15
17 3 14
21 8 13
23 10 18
23 11 19
5 16 18
11 20 13
22 9 17
18 4 15
10 21 19
16 4 15
11 21 11
14 1 4
7 19 15
15 3 9
3 14 19
23 11 6
15 4 11
15 3 10
14 1 13
1 12 16
12 23 6
4 15 18
12 0 19
3 13 7
11 21 15
2 14 8
19 7 2
7 18 13
15 2 5
3 13 11
15 1 14
12 0 7
10 20 1
8 18 5
0 11 10
15 0 19
16 2 3
9 18 18
0 11 6
19 6 9
1 10 16
13 23 12
19 6 7
17 3 4
14 2 16
9 21 5
2 13 11
11 22 5
9 21 16
1 11 14
5 16 10
8 18 2
22 11 2
11 21 19
22 10 11
9 22 11
10 22 6
17 4 5
17 3 7
20 7 18
16 3 5
4 15 13
3 13 18
13 23 18
20 6 16
21 9 11
4 15 4
0 11 20
6 16 1
6 18 12
4 13 9
19 6 1
13 23 1
15 2 17
7 16 7
13 23 9
11 23 11
5 16 10
19 6 3
18 5 8
17 4 3
1 14 1
12 0 1
22 8 5
17 4 19
21 6 11
22 9 7
5 16 9
19 6 8
5 16 5
15 1 12
12 21 8
2 12 16
4 15 19
3 13 15
2 14 1
2 13 5
13 1 10
5 17 17
0 11 16
18 5 7
16 2 14
12 0 15
6 17 6
22 8 19
13 1 2
10 22 11
12 23 4
5 14 19
23 12 7
2 13 14
5 16 3
11 22 4
15 2 18
5 16 17
1 12 8
1 13 5
7 18 17
5 16 19
3 15 3
8 21 19
5 19 18
13 0 15
15 3 20
3 15 17
16 5 1
14 2 6
3 15 15
11 21 11
14 1 19
11 22 19
13 1 17
23 11 8
5 17 8
7 18 19
22 9 6
13 0 9
19 6 16
16 4 9
4 17 20
5 18 17
15 2 6
2 12 13
17 5 5
7 20 13
18 5 2
5 15 4
1 13 12
1 11 18
9 21 6
6 15 3
23 10 10
2 12 2
12 23 1
8 19 18
9 21 10
3 13 5
18 4 5
4 14 6
17 4 12
23 10 6
15 1 10
15 2 15
8 19 7
9 21 15
9 22 7
8 19 12
10 21 6
9 22 5
17 3 20
14 3 20
19 7 19
5 16 10
20 7 19
13 23 6
3 15 18
15 3 2
21 8 3
14 0 18
12 23 15
16 3 17
3 15 18
17 5 5
4 15 14
1 12 7
2 12 7
6 16 14
15 2 19
22 10 1
1 12 8
23 9 1
14 1 4
10 20 18
10 21 2
9 20 13
22 9 3
6 18 15
1 12 14
23 10 2
18 6 10
15 4 12
2 12 12
18 4 14
18 5 9
17 5 10
7 17 7
0 9 6
6 17 6
15 0 17
8 19 14
22 9 2
4 15 19
3 14 14
3 14 18
0 12 3
18 3 17
18 6 15
21 10 20
13 0 7
7 17 11
19 6 11
15 1 14
14 2 5
13 0 20
20 6 16
17 4 20
17 4 13
3 16 12
6 18 15
23 11 4
19 6 4
22 10 16
14 23 15
1 13 8
22 9 8
10 18 19
20 9 18
17 3 7
2 13 12
7 17 10
16 3 7
11 20 3
0 11 1
4 15 3
5 14 3
1 14 18
13 1 5
21 8 1
19 5 14
14 1 17
22 9 7
22 7 5
22 9 1
1 14 13
20 6 7
11 22 7
19 7 18
11 21 10
10 21 2
17 4 13
14 2 13
20 8 12
8 18 11
0 12 15
15 1 12
7 18 18
4 15 18
8 20 18
19 5 20
6 17 12
3 15 11
8 19 15
22 9 18
0 9 9
8 18 1
18 3 4
23 12 18
22 8 13
16 6 2
7 19 3
10 22 6
15 1 18
3 14 18
23 11 20
19 4 7
21 8 8
18 5 9
22 9 5
12 23 15
9 20 15
16 3 11
20 8 16
22 9 6
7 20 16
10 21 5
9 19 3
9 20 6
20 7 1
23 10 5
12 0 2
0 11 1
10 22 14
20 8 14
4 15 3
19 5 2
8 17 10
21 7 6
21 6 9
0 10 2
13 23 15
19 5 3
1 12 5
16 3 7
0 9 1
3 13 15
5 16 13
10 21 10
2 14 10
13 2 1
13 0 13
8 20 20
6 18 2
17 5 7
20 8 12
22 10 18
23 11 13
23 10 9
18 5 16
15 2 3
19 8 1
2 13 17
12 22 10
7 19 15
22 10 2
21 8 17
5 16 20
11 22 12
9 22 20
1 12 13
17 4 8
16 2 14
7 19 18
11 23 6
6 16 3
19 7 9
11 21 5
6 17 15
10 19 3
17 4 11
4 15 11
3 13 3
10 21 2
15 2 8
7 19 11
13 23 20
12 23 20
21 6 3
17 4 16
15 2 2
4 11 12
16 2 6
18 4 17
17 4 11
1 12 2
6 16 18
8 18 14
13 23 3
9 19 3
20 7 14
6 18 5
11 23 2
9 20 3
18 5 7
11 23 12
20 8 16
1 11 7
20 7 8
22 9 14
15 3 19
5 16 15
18 4 5
22 9 20
12 23 14
23 10 6
19 6 5
4 14 15
7 18 9
2 14 18
5 14 18
12 23 14
9 19 8
22 10 19
23 11 4
5 14 3
1 11 15
3 13 11
23 10 12
4 17 5
7 20 4
12 0 9
11 20 13
22 11 16
13 0 3
10 21 6
18 5 18
16 1 13
21 7 16
13 0 12
4 17 6
2 11 7
23 9 12
14 0 19
3 14 8
2 12 7
17 3 14
12 23 13
4 15 6
18 5 4
0 13 8
20 7 19
8 18 9
18 6 7
1 12 1
19 6 16
2 13 4
15 3 3
20 6 17
5 15 13
1 12 10
3 13 18
13 23 6
7 18 5
3 13 16
22 8 3
8 21 16
2 11 7
18 4 20
12 0 10
19 3 12
1 13 3
23 9 4
16 3 1
8 20 14
7 18 17
2 13 18
20 8 5
0 12 15
19 5 5
18 3 12
12 0 4
6 19 10
5 16 6
16 5 5
12 23 11
2 12 16
4 14 13
16 4 12
6 17 14
19 7 10
18 5 4
21 9 11
11 23 18
18 5 8
10 21 18
6 16 17
23 9 6
0 11 10
0 11 5
7 19 11
1 14 9
8 18 14
11 22 8
22 9 13
6 17 11
3 14 4
23 10 7
14 0 3
13 23 16
11 21 16
13 1 8
0 11 20
21 9 11
8 22 3
16 2 20
18 6 5
1 12 15
3 13 10
4 16 5
9 21 10
6 18 8
5 16 9
1 11 11
8 19 6
22 9 16
5 17 15
8 20 18
11 23 1
15 3 3
2 14 5
11 22 20
13 0 14
16 3 2
18 5 19
16 3 16
17 5 1
16 2 8
14 0 4
8 20 1
8 18 12
3 14 12
18 5 19
6 16 12
4 15 15
4 16 4
6 17 10
10 19 14
21 9 8
22 8 7
9 19 14
18 6 2
18 6 18
1 12 10
10 20 16
14 0 11
10 21 17
2 13 3
8 21 3
9 20 18
14 2 3
16 4 16
13 1 13
19 7 14
10 21 16
21 10 14
21 9 4
22 9 18
19 7 20
21 9 17
3 14 3
19 7 14
5 15 3
0 11 18
2 12 5
17 4 18
21 7 4
2 13 17
5 17 17
18 7 17
12 0 11
0 10 10
0 13 6
9 21 13
5 16 16
20 7 3
3 13 1
13 0 17
0 13 13
23 9 19
17 3 11
18 6 15
21 8 6
17 3 16
16 3 17
14 1 7
19 5 7
15 1 9
2 12 13
7 19 19
0 12 11
19 5 7
12 22 10
5 15 11
12 1 1
12 23 6
15 3 15
15 2 15
23 11 3
4 15 1
1 13 9
18 3 13
12 23 8
8 18 9
23 9 5
13 0 2
0 11 15
4 16 6
17 4 6
8 18 17
16 4 7
10 0 19
8 20 13
15 2 14
14 2 16
15 1 4
5 18 6
0 11 1
0 11 10
20 9 15
16 3 7
6 17 3
7 19 1
15 4 2
11 23 3
20 7 3
22 9 1
8 19 1
10 20 13
12 22 5
16 2 7
19 6 20
21 7 18
11 0 20
11 21 15
14 0 4
4 14 20
6 16 15
18 6 7
23 12 9
22 8 10
6 17 10
22 9 5
7 18 4
0 13 14
5 16 13
13 0 19
5 16 7
16 3 17
20 6 17
8 18 3
6 17 12
17 4 5
7 18 10
5 16 19
5 16 10
7 17 12
18 5 16
9 20 8
14 3 9
0 10 1
21 8 6
0 13 12
14 1 4
16 3 20
5 17 19
21 7 8
15 2 15
16 3 17
20 6 2
0 11 6
9 20 14
16 3 3
8 19 10
11 23 3
17 4 5
2 13 8
6 18 9
23 11 11
11 23 1
15 2 11
11 0 7
2 13 3
21 7 6
14 2 17
12 23 7
10 21 11
10 22 9
18 6 10
17 3 6
6 17 11
4 15 5
11 21 14
14 1 16
18 7 20
10 22 5
2 14 3
0 11 15
0 11 13
15 1 17
18 5 19
9 22 15
15 3 15
0 11 18
6 17 20
4 14 14
4 13 13
2 13 4
3 14 12
15 3 2
15 4 15
12 23 17
16 3 20
1 13 3
4 14 19
21 7 18
17 4 19
23 11 10
14 0 19
16 2 17
7 19 19
6 16 14
19 7 10
19 7 20
22 10 15
17 6 13
22 11 12
21 7 15
5 16 2
0 10 20
0 11 15
5 18 18
11 22 2
0 11 8
23 11 12
10 21 3
10 22 4
7 16 17
15 1 1
2 13 13
0 11 8
1 10 19
3 14 6
11 22 15
8 19 14
9 20 18
21 9 4
18 6 19
2 16 20
6 17 20
12 23 6
3 13 12
1 11 17
23 10 1
17 3 7
15 2 15
1 13 11
12 22 8
8 18 10
19 5 8
9 20 6
0 12 18
0 12 18
0 12 6
20 7 18
5 15 14
19 7 6
22 10 12
2 14 16
6 18 1
9 20 20
22 7 18
12 23 7
0 11 6
7 17 11
2 14 1
13 1 11
12 23 17
2 12 13
9 21 3
19 6 4
15 3 4
13 0 17
10 19 7
9 21 1
19 5 11
0 11 9
17 3 16
12 23 3
19 5 3
0 11 15
17 3 9
4 15 14
4 15 16
15 3 2
18 6 13
11 22 7
19 6 9
22 10 11
13 0 3
6 17 2
11 22 7
2 13 18
12 22 2
4 14 16
1 14 18
6 17 6
2 11 6
4 15 14
19 7 3
6 17 9
8 18 5
10 21 4
0 12 1
0 10 15
13 1 18
16 4 15
3 16 14
8 18 2
6 17 8
13 0 1
19 6 2
17 2 14
4 15 10
18 5 16
10 22 7
5 16 3
1 11 4
5 16 3
14 1 19
21 10 5
9 19 3
16 2 6
16 3 8
10 21 1
13 0 8
20 8 17
18 5 6
18 5 14
23 9 20
18 6 13
20 6 8
23 9 2
21 8 19
17 4 8
5 16 2
16 4 7
20 7 5
21 6 19
22 10 16
1 11 18
4 16 15
20 8 10
14 3 12
18 5 13
11 21 9
10 21 7
19 4 4
14 2 8
5 17 5
18 6 8
9 22 3
18 5 2
12 0 17
19 6 18
17 3 20
15 1 6
10 20 12
21 8 9
22 8 9
21 9 14
19 6 20
10 22 16
20 9 8
5 16 10
10 21 3
18 5 2
17 4 8
2 14 18
20 8 5
19 7 16
16 2 11
10 20 6
6 17 1
6 17 2
2 13 18
1 13 11
7 17 2
3 13 9
1 11 6
6 15 12
23 9 6
0 11 8
12 23 12
9 19 6
21 7 5
16 5 17
11 0 9
9 21 18
22 8 8
4 16 13
4 16 6
23 8 17
10 21 3
9 21 2
11 22 6
16 3 6
1 13 5
13 23 16
16 3 10
18 4 6
13 0 14
23 11 16
23 10 15
12 0 6
11 21 8
1 12 1
2 13 18
14 2 17
11 22 13
1 13 15
20 7 14
17 3 7
1 12 7
9 18 20
17 4 4
14 23 6
7 18 12
18 7 19
22 10 12
5 15 12
1 13 13
23 11 15
16 2 3
18 3 16
7 18 6
21 9 15
2 12 16
23 12 3
15 3 12
22 8 14
23 9 3
5 17 11
22 8 16
19 5 1
5 15 13
0 11 2
13 0 18
11 21 10
4 14 20
10 22 13
6 17 18
2 14 6
0 10 19
3 14 6
21 7 12
15 1 15
21 6 1
11 21 7
21 10 3
18 4 19
12 0 3
9 21 10
15 3 14
6 17 11
2 13 5
0 11 1
20 9 10
23 10 2
1 11 6
16 1 10
3 15 18
1 12 6
7 19 15
7 18 15
3 14 5
14 1 13
20 7 17
19 5 7
20 8 20
20 9 20
4 14 2
11 22 2
21 8 11
5 18 1
4 15 6
10 21 8
19 5 8
11 23 6
16 3 17
17 6 19
12 23 4
17 2 15
1 11 18
23 10 19
10 21 6
1 10 17
7 17 8
21 7 12
5 16 5
19 6 11
17 2 1
20 6 6
13 1 16
9 18 15
17 5 10
13 1 5
16 4 8
15 3 10
13 23 2
11 22 5
4 15 17
21 7 19
0 10 5
10 19 1
21 8 9
15 1 19
8 18 6
20 7 10
5 17 19
17 3 2
16 2 20
11 19 14
0 10 13
3 14 8
16 3 16
10 22 18
16 2 13
21 8 6
8 20 15
12 22 18
5 17 20
9 19 1
5 15 17
11 19 18
8 19 16
21 7 16
4 14 12
22 11 19
10 22 17
0 11 2
22 9 10
1 11 16
6 16 10
22 9 5
8 19 7
9 20 5
10 22 12
21 6 4
9 22 4
5 17 4
0 10 19
7 18 5
23 11 13
11 22 16
19 4 12
12 23 8
10 20 17
8 19 13
9 20 5
15 2 16
10 20 7
8 19 10
9 21 12
21 8 8
15 4 11
3 15 11
22 8 15
8 20 13
13 0 20
9 22 9
15 2 11
18 6 6
21 9 2
19 5 4
15 3 12
12 22 15
16 4 12
2 12 7
5 16 13
7 17 8
22 11 8
5 17 7
23 8 2
4 15 19
13 0 6
15 1 3
13 0 3
3 15 17
5 16 12
21 7 18
11 22 12
20 6 16
0 10 9
16 4 12
5 15 5
12 23 18
18 6 6
3 14 20
11 21 19
6 18 8
12 22 4
12 1 9
10 21 9
18 3 2
14 2 19
12 22 20
7 19 10
4 13 11
22 9 3
17 4 13
4 15 13
13 23 11
7 18 3
6 16 3
23 10 16
17 3 17
8 18 4
23 10 13
19 5 2
22 9 4
22 8 8
22 7 11
6 17 19
19 5 18
7 19 17
5 17 20
16 2 3
8 19 8
3 15 9
8 20 19
5 17 4
13 0 20
19 4 13
12 2 9
21 8 14
23 10 9
15 3 3
18 3 13
2 12 10
8 19 3
20 6 7
8 19 7
15 3 7
7 18 11
12 21 9
18 5 14
16 4 15
11 22 14
7 18 17
14 1 5
1 12 8
19 5 1
20 6 8
9 20 19
1 12 2
18 6 1
16 3 14
6 18 11
6 17 18
9 21 5
12 1 13
9 20 8
1 13 10
3 13 1
7 19 20
20 7 10
19 6 9
1 12 9
10 21 16
15 4 5
9 20 1
22 8 5
19 8 16
12 0 16
13 0 20
6 17 7
5 17 3
6 18 6
18 5 2
6 17 13
11 21 8
5 15 4
12 23 19
12 0 19
5 17 19
16 4 6
6 18 11
6 18 2
4 15 12
6 16 8
5 14 11
11 22 18
3 13 18
13 23 16
21 6 11
0 11 20
1 12 8
1 13 18
17 1 10
19 4 3
1 13 12
5 15 18
13 22 8
15 3 7
7 18 11
23 10 19
18 5 15
14 0 14
10 23 2
5 15 16
14 1 9
12 0 13
0 10 2
5 18 19
21 8 7
9 22 17
22 8 17
20 9 1
15 2 8
23 11 14
22 7 20
15 2 5
2 13 10
23 8 16
11 21 5
13 23 7
3 15 10
20 7 12
19 6 6
8 18 1
7 20 7
9 19 16
13 1 4
11 22 9
7 18 9
21 7 5
23 9 18
17 4 16
7 18 20
14 2 9
6 17 3
22 9 13
22 10 1
2 16 17
6 16 5
18 4 17
6 16 6
4 14 13
0 12 10
11 23 18
18 5 2
4 15 15
1 11 4
21 8 5
2 13 16
5 17 20
15 2 6
0 11 14
17 5 1
14 2 10
12 23 10
6 15 3
12 0 15
5 15 18
22 10 1
16 5 17
1 12 19
0 11 7
23 9 12
16 3 7
8 20 3
11 23 8
10 22 10
14 2 6
11 22 10
4 15 2
1 13 14
2 13 18
11 22 18
16 2 11
11 21 20
23 10 5
13 1 13
18 4 11
6 17 4
16 4 17
14 2 14
17 5 14
16 0 15
6 16 1
15 3 4
23 10 14
12 21 8
22 8 5
10 22 18
1 12 12
15 2 15
23 10 6
5 16 12
0 12 5
22 10 6
22 9 2
13 23 19
9 20 15
4 14 17
4 15 4
8 19 20
12 1 9
18 6 18
13 0 18
6 17 15
6 18 14
12 21 14
21 9 7
22 9 17
23 9 13
8 20 12
13 2 14
15 2 15
7 17 6
7 19 20
19 8 16
2 13 6
5 16 9
14 1 7
1 14 5
13 0 11
1 12 1
8 20 18
13 23 12
23 10 3
23 10 15
3 15 6
12 23 18
4 15 4
19 4 14
16 3 1
9 22 5
8 19 3
22 6 20
6 16 3
10 22 17
22 9 13
23 10 16
17 5 3
16 5 19
22 10 13
14 2 9
16 2 13
17 2 14
17 4 1
5 16 5
9 20 9
7 19 1
17 3 3
13 2 2
16 2 13
20 6 20
10 21 4
15 2 5
1 12 2
23 11 13
20 6 7
17 4 1
21 8 19
16 4 9
16 2 18
0 11 13
22 9 16
13 23 9
9 20 4
1 12 2
4 16 5
13 2 10
20 7 7
7 16 12
22 10 6
13 0 12
16 3 12
8 19 9
11 22 9
18 4 17
3 14 2
8 19 1
7 16 2
1 12 15
20 6 5
13 23 20
3 13 1
22 8 19
20 6 14
15 2 16
4 14 20
10 20 19
4 14 7
6 15 18
16 5 7
15 3 16
2 13 18
4 16 13
22 9 7
13 0 14
5 16 12
5 16 15
3 13 17
20 6 7
6 18 10
4 16 15
14 1 3
13 23 15
8 18 11
4 17 16
0 11 15
6 17 3
10 21 4
19 9 19
11 22 16
9 20 10
4 15 11
13 0 1
10 21 1
6 16 18
13 23 12
7 18 11
2 14 4
20 8 16
17 3 4
21 7 10
12 0 5
2 11 12
22 10 3
18 6 7
8 19 1
22 10 6
14 2 18
7 17 16
2 14 3
21 7 6
23 8 3
18 6 6
6 17 20
8 18 20
15 2 17
20 6 14
6 19 11
14 1 1
9 19 12
1 12 10
3 12 17
16 2 2
21 8 2
7 18 17
16 2 5
23 9 10
5 16 5
12 22 20
23 10 16
1 12 8
18 7 9
12 23 11
11 19 5
11 22 11
12 0 12
17 3 4
9 19 3
12 22 3
7 18 5
6 17 9
23 9 20
10 21 1
21 10 19
22 9 9
7 18 15
18 4 6
9 20 8
1 12 10
17 4 18
12 0 3
21 8 9
18 4 1
20 7 10
7 17 10
17 4 10
