1000 20
11 9 6 18 19 16 14 11 12 18 6 19 3 6 17 8 17 12 13 10 
8 15 17
20 3 4
13 19 7
12 20 18
19 1 3
1 8 9
16 22 18
10 16 12
6 12 17
18 1 14
14 21 16
13 20 6
18 23 11
9 14 20
6 11 10
16 23 14
5 11 12
8 14 5
13 17 18
1 8 18
6 13 14
4 11 16
17 23 4
11 16 7
9 15 17
7 13 7
4 10 16
11 18 3
3 8 17
22 5 5
10 16 19
7 13 17
15 22 11
6 12 4
10 14 11
8 14 4
15 21 12
17 0 3
17 22 14
6 14 4
0 5 13
21 4 13
13 21 7
14 21 12
13 19 19
18 23 14
8 14 13
9 17 13
6 12 20
20 1 14
13 18 4
19 0 16
1 7 9
10 17 4
17 23 17
14 20 17
3 8 16
14 19 5
5 11 17
1 9 11
22 6 19
11 18 12
9 14 15
20 1 19
7 14 6
21 4 12
12 18 9
22 4 10
3 9 15
8 16 8
15 21 1
4 11 8
7 13 10
11 18 15
22 4 9
10 17 6
4 9 13
10 16 1
5 12 13
23 4 12
11 17 2
13 19 7
17 0 8
8 11 12
7 12 10
16 22 3
20 2 4
3 9 15
9 14 13
20 2 13
10 16 16
10 18 15
10 15 16
21 6 15
1 7 1
11 17 5
16 22 3
20 3 13
7 11 9
13 19 17
0 6 18
18 0 12
10 16 5
3 9 18
21 2 7
14 20 5
20 3 11
2 7 12
21 2 3
14 22 8
18 0 7
1 7 14
3 8 18
20 2 7
8 14 19
13 19 12
0 6 15
23 4 3
7 12 14
21 2 17
7 14 6
15 19 1
7 14 7
0 7 11
12 18 8
22 5 13
9 15 2
22 6 17
3 9 18
12 17 16
6 13 8
19 2 10
5 11 7
6 12 9
18 2 4
19 1 12
17 0 5
9 15 15
6 10 20
0 6 17
23 7 14
18 22 6
15 21 6
9 14 10
0 6 6
4 10 20
20 2 14
0 5 16
23 6 13
14 22 11
19 0 13
16 21 10
23 4 13
16 1 5
13 20 2
23 5 5
14 21 3
15 22 18
10 14 15
9 17 14
6 11 13
20 2 12
7 14 4
23 5 4
17 23 18
4 9 14
21 5 4
14 20 17
9 16 16
19 2 7
17 0 1
1 7 6
7 14 12
11 16 12
21 3 12
11 16 14
5 9 9
17 22 6
21 3 20
15 21 15
16 0 7
11 17 15
18 0 1
9 16 8
20 2 6
11 19 1
15 20 13
10 16 19
17 23 12
15 19 13
3 10 15
1 6 2
9 15 15
19 0 16
3 8 4
4 9 19
0 5 5
2 8 3
14 20 5
4 9 13
13 17 5
6 13 3
17 22 4
6 12 9
8 15 19
14 21 19
4 10 12
23 6 6
13 20 17
4 9 20
10 15 4
17 21 10
4 10 15
8 15 17
6 14 15
4 11 7
23 3 6
2 7 6
19 1 15
15 21 6
23 4 15
7 14 4
10 17 15
18 2 7
21 2 19
16 21 14
18 23 19
7 14 9
2 7 9
1 6 7
11 18 2
17 23 9
19 1 12
6 11 7
0 7 7
21 4 3
6 11 4
17 23 3
5 12 13
12 18 7
19 3 13
10 17 15
3 9 20
8 13 14
23 6 10
10 17 20
14 19 6
21 3 11
21 3 6
6 12 12
20 3 10
6 13 1
3 9 5
6 11 1
13 21 4
23 4 17
21 4 16
8 13 14
14 20 2
22 4 14
6 11 6
13 18 18
22 5 14
10 17 10
1 7 12
22 5 20
1 8 18
1 6 1
12 18 12
22 4 17
0 6 8
20 1 11
22 3 4
1 8 4
22 4 3
14 20 12
4 10 13
2 8 14
12 19 4
18 0 19
16 23 12
2 9 5
22 3 20
0 7 11
3 8 10
19 1 10
1 7 3
19 0 3
3 10 17
3 10 19
5 10 9
21 3 7
5 11 17
3 7 10
4 10 19
13 19 19
6 12 5
11 16 20
17 23 18
13 19 4
4 10 20
0 7 17
6 13 20
20 3 4
17 22 5
13 21 14
2 9 17
9 16 5
10 16 1
16 23 20
13 17 18
21 4 19
11 17 7
11 16 12
7 11 5
9 15 7
10 17 15
2 8 7
21 5 20
13 19 6
22 4 13
10 15 12
3 9 7
7 13 17
16 0 13
22 4 4
0 4 15
9 15 1
5 11 18
6 11 13
1 7 8
6 12 6
14 19 4
3 8 6
22 4 12
9 15 13
15 21 13
23 4 16
8 13 11
5 12 9
8 16 16
15 20 19
20 4 11
10 17 1
22 5 9
20 2 16
20 1 3
2 7 19
8 13 20
11 19 15
11 18 6
21 4 8
22 4 1
2 8 11
8 14 18
11 17 11
7 13 8
2 7 8
6 10 16
16 22 12
23 4 13
0 4 1
6 10 16
16 23 10
20 0 4
18 0 4
22 4 20
0 6 8
19 1 8
19 0 4
11 17 17
7 13 13
6 13 9
16 22 9
5 10 16
8 16 2
12 19 12
3 8 2
14 20 19
5 10 11
3 8 17
4 10 3
13 19 9
21 3 15
17 23 9
9 14 15
9 15 7
20 3 17
6 12 8
11 18 1
14 22 13
10 18 18
5 11 20
7 13 19
17 1 14
14 20 14
19 2 11
17 23 2
6 11 6
19 0 10
16 22 13
23 3 16
17 22 20
12 18 19
12 18 6
14 21 17
19 2 9
3 8 10
19 23 9
17 23 7
21 5 1
15 20 18
20 4 19
8 14 5
15 19 18
17 0 16
4 10 10
19 2 7
22 4 13
4 12 19
20 1 13
8 15 16
9 14 18
4 10 12
14 19 1
17 23 1
19 1 4
9 14 18
0 7 14
16 21 11
17 0 14
22 3 18
16 21 19
4 9 10
12 19 11
19 1 11
2 8 8
7 15 15
10 16 19
18 0 7
21 3 6
1 8 1
7 13 8
18 0 9
15 20 12
5 11 4
2 8 15
2 8 12
4 9 16
7 13 20
10 17 18
11 18 11
23 6 9
5 11 11
0 6 9
11 16 4
9 16 1
7 13 3
8 14 18
14 19 8
4 9 2
17 23 20
2 8 13
0 6 8
12 18 3
8 13 16
1 8 9
17 0 7
15 20 12
14 20 9
21 3 20
6 12 5
14 19 17
4 10 3
13 17 19
7 12 1
23 4 3
1 5 15
2 8 11
4 10 6
3 8 10
16 22 4
16 21 3
5 12 10
5 11 1
0 6 4
23 4 17
17 0 17
18 0 9
17 1 16
20 2 13
14 19 12
23 5 5
23 5 5
12 17 15
12 19 4
14 21 3
4 10 17
8 14 12
13 17 17
13 19 9
15 21 2
23 4 17
8 15 2
20 4 4
23 5 2
8 17 5
7 13 9
3 7 8
9 15 6
9 16 14
14 21 19
12 19 2
22 4 8
1 7 12
14 19 12
18 1 1
18 23 12
19 2 8
3 9 17
22 4 13
4 10 17
10 16 18
2 8 6
7 13 1
20 2 15
23 6 16
10 15 15
0 6 8
0 6 1
14 19 2
10 18 7
23 5 12
9 15 16
12 17 14
8 15 13
20 2 10
20 2 6
3 11 3
8 16 18
3 7 13
22 4 17
11 16 6
10 18 7
15 20 9
1 7 14
0 5 4
17 0 7
15 21 9
12 17 15
22 4 5
1 8 19
20 2 4
10 16 8
9 15 2
18 22 18
11 17 18
21 1 5
17 0 4
21 2 4
3 9 3
14 20 15
13 20 20
5 11 4
9 15 1
2 7 20
3 9 5
3 9 4
15 21 17
3 9 3
19 0 10
19 1 8
2 6 13
15 20 1
16 23 6
12 17 16
17 23 4
4 10 10
20 5 4
14 21 5
13 18 14
19 2 11
7 14 1
13 19 9
7 13 18
22 1 18
7 14 12
6 12 2
11 17 7
16 21 11
8 13 20
8 14 17
10 14 8
1 7 5
2 8 10
3 9 11
17 1 20
2 6 5
22 5 15
13 17 13
22 5 12
3 11 13
21 1 17
5 12 16
2 8 10
9 15 2
15 22 20
19 2 3
2 6 16
13 19 14
17 22 12
14 19 3
19 2 2
15 20 4
17 23 7
4 9 9
12 19 11
0 7 1
7 14 14
20 1 13
4 10 4
15 20 7
9 15 17
2 7 15
13 18 12
14 20 15
3 12 11
1 6 14
23 5 20
17 21 1
7 13 18
18 0 16
9 17 18
19 23 6
0 7 15
13 22 4
15 20 14
2 6 8
17 23 2
21 3 15
3 9 17
21 2 12
13 18 18
20 3 8
13 20 19
23 5 1
19 0 5
0 5 3
3 10 10
7 13 4
1 7 20
2 7 14
15 20 18
5 12 3
18 0 5
23 5 11
7 13 20
5 12 1
3 9 12
4 10 10
12 18 15
22 3 8
6 13 16
13 19 12
12 17 3
10 16 6
14 20 12
18 22 10
7 13 18
3 9 19
22 3 2
1 6 11
0 6 8
23 5 13
6 11 17
17 22 17
18 1 1
12 19 3
20 2 19
4 10 13
17 23 14
2 9 7
2 8 12
23 6 5
19 1 13
10 17 20
9 16 1
5 11 2
19 0 10
16 22 17
5 11 9
3 9 12
14 19 8
21 4 20
18 22 18
4 11 4
17 1 18
1 7 1
0 3 5
10 15 14
6 9 1
20 3 4
1 7 9
0 5 13
15 23 20
10 16 17
13 19 8
21 3 5
18 23 16
22 4 9
19 0 6
15 21 18
8 13 18
23 4 19
14 18 2
5 12 14
15 22 14
15 21 4
5 8 4
16 22 19
8 15 17
19 2 18
4 8 4
1 6 16
18 1 1
7 14 6
22 4 10
9 15 10
20 3 17
2 9 1
8 15 7
12 16 4
11 19 10
6 12 15
9 16 18
4 9 18
18 23 11
13 20 12
4 9 5
14 20 18
14 19 2
21 2 15
10 17 14
8 13 19
13 19 18
10 16 17
9 14 7
3 11 16
22 2 19
13 18 11
6 13 18
11 18 17
14 19 7
16 21 20
1 8 20
0 5 18
13 19 14
12 18 16
1 6 7
7 14 17
19 1 10
12 18 2
16 23 20
16 22 8
2 9 8
13 18 10
13 18 9
13 19 17
9 16 3
7 12 13
5 12 12
12 17 5
6 11 5
19 0 14
21 3 5
23 5 4
9 14 20
21 2 16
10 15 18
20 1 12
19 1 9
19 2 19
16 21 1
15 21 2
23 6 8
6 12 17
3 10 10
19 2 6
17 23 1
9 16 20
3 8 11
9 16 10
2 7 18
15 21 6
19 1 11
15 22 8
14 19 10
5 10 1
8 14 8
9 16 15
20 0 4
6 14 8
15 20 11
0 5 13
7 13 3
5 11 2
15 20 10
3 9 17
4 10 5
23 7 3
3 9 20
18 22 13
8 13 17
1 6 19
14 20 2
11 17 4
12 18 14
10 16 15
19 2 7
5 11 4
2 8 4
12 18 8
3 9 7
1 5 1
12 18 4
5 12 11
23 5 1
23 4 7
16 23 19
3 11 16
6 12 7
15 21 3
12 18 8
20 1 6
19 3 19
10 17 19
9 15 20
3 8 16
4 8 12
2 10 18
12 20 6
7 12 2
14 19 12
10 16 6
19 1 14
0 6 20
11 18 1
14 22 14
11 17 3
12 18 5
3 8 17
10 17 20
11 18 18
23 6 2
20 1 19
18 23 13
15 21 1
13 20 1
12 19 20
7 13 5
11 16 8
10 16 7
19 0 11
2 9 9
13 20 20
1 8 8
21 2 20
8 15 13
21 4 14
7 14 3
3 8 12
9 16 20
22 4 16
5 10 7
11 17 19
4 9 14
4 9 6
9 14 2
3 9 15
18 2 8
11 18 11
16 21 9
6 12 20
9 13 3
7 13 14
12 18 12
7 13 16
3 9 2
7 13 9
3 10 14
5 11 20
23 6 6
13 20 3
11 16 6
20 1 4
16 22 9
4 10 13
1 8 11
21 2 16
6 11 5
15 21 7
2 6 1
4 11 2
2 7 19
8 14 17
12 19 6
1 8 11
8 15 20
0 6 8
15 22 18
20 2 7
14 19 15
19 1 10
12 18 17
15 21 19
16 21 1
12 16 20
19 23 16
23 7 19
9 14 17
2 5 1
2 8 16
13 18 1
3 9 14
9 14 14
15 21 14
2 9 4
22 3 2
6 12 20
4 10 14
4 12 6
19 2 10
22 3 10
1 5 15
15 22 7
16 22 8
2 8 10
3 10 19
17 23 4
15 22 19
15 20 3
12 17 11
10 16 8
9 13 5
21 1 4
12 19 18
14 20 19
10 17 11
8 14 17
23 4 18
9 14 10
9 15 16
9 15 12
5 12 13
17 23 17
8 15 19
12 14 6
16 23 11
7 13 18
14 22 5
6 13 14
18 1 9
16 21 8
11 18 20
19 1 3
19 2 18
11 17 16
15 19 6
20 1 12
1 7 4
10 17 9
8 15 15
10 16 15
17 0 7
16 0 16
23 4 14
6 13 8
19 0 15
9 15 7
15 20 12
0 6 2
15 22 16
21 3 19
3 9 18
1 6 3
18 23 16
11 17 6
22 4 13
7 15 9
22 4 20
6 12 10
1 7 13
18 22 2
3 7 18
13 18 2
4 11 15
18 0 11
11 19 17
18 1 6
17 22 4
