1000 20
6 4 6 19 14 6 14 6 4 1 1 13 4 2 7 19 11 10 18 17 
21 7 10
17 2 16
4 12 13
9 18 9
0 9 5
12 23 19
0 9 14
5 14 20
16 1 11
7 16 7
16 1 20
5 14 20
13 0 6
2 11 8
12 20 3
0 9 17
21 6 6
7 15 13
16 0 5
21 6 7
4 14 10
2 11 19
20 5 2
8 17 7
13 22 3
14 22 1
10 18 2
18 3 19
22 7 3
21 5 10
18 4 7
16 2 4
6 14 11
13 21 16
5 15 10
7 17 1
19 5 3
2 11 8
20 4 8
20 5 3
4 10 5
10 18 4
21 5 20
6 12 3
10 20 20
9 18 15
12 19 17
17 3 13
18 3 8
15 0 20
13 20 19
10 19 20
9 18 6
18 3 19
15 23 4
1 11 13
19 5 3
11 19 2
12 20 5
18 4 18
18 2 14
22 5 17
17 3 20
4 13 3
17 1 7
14 0 12
22 8 18
13 22 13
3 12 15
10 16 15
11 20 8
0 8 20
0 10 14
3 13 13
1 9 15
21 5 11
3 10 19
18 4 15
17 1 6
17 3 6
11 20 19
6 15 10
19 4 15
3 10 14
2 12 15
7 16 11
8 16 3
0 9 17
14 21 12
20 5 17
6 17 18
21 7 16
22 7 6
18 2 16
8 17 19
9 19 11
6 14 8
17 3 15
23 10 18
14 0 16
8 18 4
11 20 15
4 13 13
19 4 11
20 4 8
6 15 7
3 11 17
22 7 18
11 19 17
12 23 11
8 18 10
17 3 6
17 4 17
21 6 8
8 18 20
12 21 15
15 1 8
10 18 9
16 1 2
3 11 8
23 9 11
22 8 10
3 11 11
17 4 6
15 0 16
0 9 10
22 7 20
12 21 13
6 15 12
14 23 1
2 12 2
8 17 14
11 20 16
23 8 18
23 6 5
9 18 8
1 10 16
17 1 3
6 15 6
0 11 7
4 14 5
0 8 10
20 5 18
4 13 3
8 17 3
0 8 15
18 2 12
4 13 9
4 14 20
1 9 3
11 19 15
17 1 13
2 9 11
9 16 11
15 23 6
13 21 5
10 19 13
22 6 14
20 4 14
11 21 6
5 13 7
23 7 8
12 21 10
23 8 5
8 15 3
21 6 9
11 19 16
12 22 14
12 22 5
22 6 13
20 5 1
12 20 1
5 14 13
10 20 5
23 7 9
10 19 10
20 3 1
7 15 14
23 8 15
0 8 8
13 0 1
11 19 9
20 6 13
6 15 19
14 23 20
7 15 1
5 15 9
21 7 18
9 18 9
13 22 16
21 3 13
10 19 1
1 9 4
12 20 18
0 10 16
23 8 16
19 5 3
3 12 10
6 14 19
4 12 18
11 20 9
21 7 20
19 5 19
2 12 7
18 4 15
21 5 4
15 0 2
19 4 5
12 22 12
0 9 1
12 21 10
0 11 20
5 15 4
16 0 19
9 18 5
21 7 4
20 6 9
20 5 1
14 0 5
14 23 16
0 10 18
1 10 14
5 14 14
14 23 15
8 17 15
17 3 9
15 0 9
10 17 18
0 10 15
11 20 3
2 9 15
10 19 10
16 2 17
15 23 17
5 13 1
10 19 18
20 5 18
11 19 20
14 0 20
8 18 18
9 17 5
23 9 11
13 21 8
19 4 5
16 0 4
7 15 8
20 6 1
21 5 16
18 3 2
18 4 16
10 19 13
22 8 6
16 2 13
21 7 3
6 16 15
4 13 1
2 11 1
6 16 4
14 23 3
7 16 14
13 22 15
13 21 6
5 13 6
8 17 20
21 5 2
17 3 4
4 13 16
19 5 5
18 3 20
21 6 18
20 4 12
3 11 18
20 5 5
15 1 4
7 16 17
3 10 14
23 8 6
0 7 13
4 12 14
0 10 13
1 10 18
1 12 15
22 7 7
7 16 11
22 8 14
21 6 4
17 1 9
13 22 17
20 6 4
11 19 2
2 11 15
7 15 10
2 12 5
23 8 11
22 7 13
12 22 18
4 12 6
4 14 18
22 6 8
5 16 11
4 14 11
15 0 7
21 5 15
4 12 7
14 0 6
1 9 19
13 22 10
9 16 5
20 5 1
6 15 4
4 14 6
16 2 14
19 3 8
12 21 10
21 6 16
7 16 1
5 14 10
11 19 2
21 5 12
23 8 9
11 20 18
13 23 18
12 20 15
23 7 14
9 18 5
23 6 19
4 12 2
12 21 1
17 1 9
13 22 15
16 2 3
11 21 7
17 2 18
7 16 2
19 3 3
4 13 9
21 7 19
3 12 15
23 10 7
14 23 5
7 18 9
22 5 2
16 23 3
18 3 5
1 9 16
8 18 18
20 4 2
17 2 5
15 23 17
19 5 15
0 8 12
5 14 2
5 14 17
12 22 5
16 1 1
1 12 6
19 6 12
4 12 8
23 9 4
7 16 13
21 6 5
0 10 13
1 8 14
7 15 9
1 12 3
23 9 16
6 15 2
4 13 9
15 23 7
15 23 3
7 16 4
15 1 9
13 20 18
12 22 2
16 23 20
5 15 7
9 18 5
22 9 12
6 15 11
21 7 12
3 12 8
11 20 17
1 12 11
3 12 12
5 14 16
19 4 17
6 16 5
7 14 12
12 22 1
18 2 2
16 3 2
12 20 5
22 6 11
10 18 2
5 13 18
21 4 14
20 5 9
11 20 8
0 10 10
15 22 17
15 23 10
10 19 2
23 9 9
6 15 20
2 9 3
23 7 9
0 8 3
10 19 12
17 1 14
5 12 19
1 8 1
11 20 9
20 6 7
10 20 1
22 7 2
15 0 19
6 15 10
13 23 1
6 16 9
15 0 8
11 20 12
7 15 6
15 0 17
5 13 12
21 5 19
2 10 17
14 1 2
20 5 9
3 9 14
10 18 3
0 8 2
19 5 6
16 1 16
0 7 9
10 18 3
17 0 12
6 15 7
16 2 17
20 4 6
7 16 1
20 6 12
17 3 12
4 13 9
16 3 3
3 12 19
9 18 11
21 4 3
10 19 8
20 5 8
23 8 1
20 5 17
22 7 9
0 9 20
0 8 17
2 11 16
11 20 17
10 19 1
10 19 2
12 22 2
17 1 12
13 21 2
13 21 13
6 16 12
6 13 20
14 23 19
11 22 17
10 19 20
12 19 7
5 13 6
22 8 20
22 7 3
5 16 11
13 22 13
22 6 9
23 8 13
17 2 20
4 13 17
18 2 11
23 8 10
11 19 1
7 15 1
1 12 19
18 5 4
17 4 16
0 10 17
10 18 13
5 13 5
20 5 16
4 13 6
2 13 1
10 18 5
11 20 19
21 5 18
1 10 2
13 22 10
6 16 7
17 4 6
4 14 13
23 7 5
13 23 19
2 10 12
2 11 18
22 8 8
23 8 12
14 23 13
22 9 15
16 2 19
15 22 16
14 23 2
10 19 10
18 2 7
20 7 3
14 22 2
11 20 3
3 12 9
13 22 19
3 13 1
8 15 4
11 19 16
16 0 3
17 3 12
12 21 7
23 7 6
6 16 15
13 21 12
16 2 11
2 10 3
18 3 3
13 22 9
8 18 15
6 16 20
16 2 20
15 1 7
3 12 6
12 22 13
14 23 16
19 4 7
3 12 9
18 2 3
21 5 12
19 4 3
0 9 14
17 1 2
15 0 3
10 18 18
8 16 19
0 6 3
13 22 12
10 18 18
15 0 9
21 6 17
12 21 19
5 14 4
15 0 16
11 19 4
10 19 14
3 13 11
17 3 18
10 18 17
9 18 6
7 17 4
17 3 11
13 23 17
7 17 6
8 15 12
3 13 17
23 8 10
1 10 12
7 17 13
9 18 20
1 10 2
13 23 8
22 8 18
0 8 11
5 13 7
19 2 3
9 18 8
15 0 2
11 21 3
23 7 9
19 3 6
6 15 2
0 10 9
16 0 8
12 21 11
0 8 5
3 10 9
19 4 2
4 12 14
7 16 16
14 2 15
22 8 17
8 17 9
22 8 12
5 14 8
18 3 9
19 3 12
2 11 11
21 7 4
7 16 17
21 7 5
21 8 3
12 22 15
12 22 14
4 12 3
11 19 2
3 12 13
1 8 18
14 22 19
9 19 2
4 13 12
15 2 8
21 5 1
10 19 13
20 7 5
1 12 11
13 23 15
13 23 18
20 4 3
19 3 5
4 13 18
5 14 17
1 10 8
13 22 10
13 23 12
11 19 16
19 3 19
0 8 18
20 5 18
15 1 1
12 21 6
6 16 11
9 19 9
12 21 9
4 14 11
17 1 17
13 19 4
10 19 9
15 1 8
13 22 5
14 23 18
7 16 9
5 15 17
8 15 4
18 1 11
7 17 3
16 2 18
16 0 5
3 13 20
4 13 1
7 17 1
12 21 19
16 2 13
11 20 18
10 19 13
0 7 1
6 16 9
2 10 11
10 19 5
8 18 1
3 12 10
11 20 12
22 10 3
20 5 3
2 12 17
17 3 11
13 22 16
20 6 8
4 12 20
10 18 8
23 7 15
19 4 1
21 6 20
2 11 15
8 17 15
16 3 10
6 14 14
22 8 9
20 7 11
5 13 18
10 20 3
5 14 5
12 21 6
8 16 11
5 12 8
10 19 6
7 15 12
12 22 3
19 4 20
3 12 19
3 11 15
20 4 4
18 3 19
16 1 16
16 2 5
9 18 6
10 20 18
21 7 12
4 14 8
7 15 14
23 7 14
22 6 13
11 19 19
13 22 14
10 19 15
14 23 7
2 10 10
19 4 10
21 6 17
10 19 11
12 21 5
1 11 19
9 18 11
13 22 1
9 19 15
7 15 17
9 17 15
14 0 7
15 0 10
10 19 11
17 3 7
5 16 3
8 17 18
0 8 1
21 6 6
1 11 14
1 8 3
3 12 15
20 6 17
3 11 10
18 2 3
21 5 6
7 16 4
19 4 9
4 14 13
7 15 18
18 3 8
17 2 2
16 23 15
8 18 1
2 10 2
19 4 7
5 13 15
9 18 15
8 16 11
5 15 4
18 4 13
20 6 5
21 7 19
5 14 9
21 6 16
16 1 14
0 9 14
11 20 19
22 7 16
4 13 6
22 8 7
3 14 17
9 18 15
19 4 14
5 14 11
2 11 2
3 10 9
5 15 2
17 1 5
21 6 5
13 0 10
3 13 4
2 12 4
7 14 6
3 13 14
21 6 9
19 3 13
13 21 17
3 12 8
10 20 10
2 10 20
19 4 11
19 4 12
7 17 1
18 2 9
14 23 11
3 12 4
16 2 8
8 15 5
16 1 17
14 23 1
21 6 3
7 14 10
8 19 4
13 22 19
14 21 18
7 17 17
0 7 15
16 1 19
18 2 8
18 2 8
10 20 18
2 10 12
18 2 15
14 0 11
0 7 19
13 23 19
15 23 8
6 16 20
19 4 6
16 1 18
23 7 15
4 14 3
23 6 5
3 13 12
2 11 3
6 15 5
22 7 17
6 14 19
16 0 16
5 14 3
10 18 9
16 2 8
20 5 18
11 19 7
19 3 4
2 10 18
23 8 5
13 22 1
7 16 17
23 7 14
4 14 12
18 1 5
1 12 8
16 2 15
15 1 4
21 6 4
14 22 13
11 19 2
2 11 20
5 14 8
15 1 6
21 5 7
19 4 14
5 14 20
3 11 15
7 15 12
18 2 9
21 7 13
2 11 18
18 4 2
23 8 12
23 8 1
2 10 10
16 0 6
23 7 16
14 22 18
6 16 15
16 1 18
1 10 10
16 0 20
21 6 12
11 21 15
8 16 15
8 17 19
13 21 19
18 3 2
2 12 8
3 12 7
9 16 19
12 22 20
1 11 8
19 3 19
14 22 17
6 16 19
17 2 8
10 19 20
11 21 3
7 17 15
7 15 7
6 14 14
16 1 2
0 9 20
16 1 1
6 16 16
7 16 7
17 1 15
14 0 2
21 7 11
0 9 12
22 7 1
8 18 20
16 23 9
21 5 7
11 19 19
15 23 7
6 14 11
2 12 19
2 11 17
15 0 3
8 18 20
12 21 13
3 13 20
1 11 16
9 19 2
0 9 15
11 20 10
15 0 15
20 3 14
19 4 11
16 1 15
2 10 11
1 11 9
19 3 12
17 2 11
5 14 14
3 12 12
18 2 1
9 16 11
13 22 7
21 6 1
17 2 9
14 23 19
5 13 7
22 8 13
2 11 14
17 4 7
20 5 15
11 20 5
13 21 2
5 15 5
13 1 3
13 21 8
20 3 8
19 6 15
20 4 3
20 4 11
15 1 20
20 6 20
19 4 19
21 6 8
5 16 7
19 3 5
20 6 4
15 23 9
13 22 9
10 18 5
7 15 1
4 13 10
6 15 1
2 11 5
17 1 10
7 16 13
12 21 2
14 23 18
18 2 13
18 4 14
23 9 19
12 21 11
5 14 3
9 17 12
18 3 6
23 7 9
12 19 1
21 7 19
1 10 12
3 10 6
17 1 1
11 21 6
23 8 4
11 21 9
1 10 5
4 14 14
18 2 8
7 17 5
7 16 1
12 23 4
22 7 18
4 12 13
20 7 4
2 12 20
3 12 10
3 10 13
18 4 16
15 3 14
21 8 14
23 8 9
12 21 3
21 6 13
1 12 10
8 17 10
22 7 15
20 6 18
18 3 15
13 22 6
0 10 18
16 1 7
4 14 20
19 4 17
8 17 5
22 8 3
11 20 17
0 9 17
12 20 17
