1000 20
2 13 13 4 16 20 4 11 18 18 9 20 4 3 15 15 7 19 9 17 
0 3 13
23 1 16
16 19 5
3 6 18
8 10 7
6 9 10
21 23 5
2 5 6
1 4 2
21 23 15
18 20 18
16 17 11
18 20 11
5 4 17
5 7 10
1 3 18
6 8 9
4 7 19
11 13 11
1 4 14
19 21 18
20 23 16
17 19 3
17 20 9
8 10 18
6 9 13
17 18 6
1 3 3
7 9 5
4 5 20
18 20 8
21 22 16
20 22 3
7 9 17
12 14 6
13 16 14
12 15 2
1 2 1
11 13 15
5 6 7
4 5 15
18 20 9
16 17 17
17 19 3
13 14 17
21 0 16
6 8 15
11 12 1
14 18 15
9 11 13
9 11 5
10 13 16
9 12 3
9 11 18
13 16 9
12 15 9
15 17 16
16 19 19
15 18 20
16 18 15
6 8 6
4 6 1
10 13 12
6 6 3
23 23 4
16 18 17
22 0 16
22 23 8
4 6 1
16 17 1
10 10 20
22 22 15
9 10 16
14 15 3
17 19 17
13 16 6
7 9 18
6 7 12
11 12 12
0 1 10
9 12 14
13 15 9
15 18 7
2 4 2
18 20 3
23 1 9
12 15 7
22 22 17
17 20 2
4 6 11
10 12 10
12 13 15
5 8 15
16 18 13
20 22 9
18 20 1
11 15 5
23 2 13
22 0 3
16 18 1
15 18 8
21 0 20
17 19 3
19 18 1
5 7 11
16 17 13
16 18 7
22 1 9
16 18 20
15 18 5
9 11 8
21 23 14
8 10 7
23 0 6
15 16 2
6 6 17
4 5 4
18 20 5
17 21 6
10 13 12
19 22 20
11 14 8
13 14 9
4 5 12
14 15 11
4 6 17
0 3 13
0 2 16
8 11 6
21 22 13
7 8 15
18 21 16
1 3 5
21 23 7
11 13 4
17 21 20
15 17 10
19 20 14
22 0 10
20 23 14
0 2 4
4 5 7
13 15 6
17 20 1
13 15 10
18 19 6
0 1 9
6 10 19
15 18 16
21 22 11
6 8 10
12 15 8
13 14 15
18 20 3
3 5 5
21 0 11
8 8 3
3 6 13
14 14 13
15 18 18
8 9 3
16 17 13
22 23 6
12 14 1
14 16 18
2 5 2
17 18 11
1 0 12
16 18 16
17 19 9
1 4 7
0 3 18
17 18 2
16 19 18
0 3 2
15 17 16
10 12 1
14 14 12
3 3 18
22 2 8
16 17 13
19 21 16
17 20 7
12 14 20
12 13 12
14 17 5
5 6 16
18 21 13
14 15 18
7 10 12
7 9 8
4 6 11
1 3 3
20 21 15
9 12 11
6 10 8
22 22 9
12 14 16
20 21 2
15 17 12
16 19 20
16 18 19
8 10 19
18 19 5
4 6 9
21 22 9
3 5 11
5 8 18
20 23 10
1 4 1
15 18 14
21 23 2
15 17 20
17 20 5
3 5 8
5 8 5
23 1 11
9 11 5
20 23 4
12 14 10
21 23 20
16 18 4
7 6 7
5 9 6
12 14 13
19 20 8
0 2 18
14 15 17
18 18 11
12 13 18
3 3 17
22 1 11
23 0 17
23 22 7
8 9 5
11 12 11
9 11 15
11 15 18
6 8 18
13 14 1
2 5 2
1 2 4
14 17 19
1 3 19
1 3 18
4 5 19
11 13 1
17 20 12
17 20 11
8 8 15
12 13 13
17 20 13
6 6 1
4 6 14
14 16 17
8 7 8
10 12 16
14 16 11
19 20 8
2 3 13
8 10 15
8 10 9
4 6 17
19 22 7
14 16 4
17 18 18
0 4 7
21 0 18
8 10 4
7 9 17
20 23 14
12 13 7
16 17 1
4 6 15
19 21 6
6 9 16
16 19 20
4 5 9
14 16 15
13 15 4
5 8 4
0 3 18
3 4 19
4 6 12
10 13 17
22 0 9
2 4 19
8 11 6
14 17 13
0 4 17
5 8 3
7 9 1
13 15 15
3 7 9
2 4 3
17 20 10
1 2 2
3 5 11
22 0 4
8 9 9
7 8 7
23 0 16
18 21 3
19 22 19
19 19 11
1 0 7
0 1 6
16 18 2
21 0 4
6 9 16
16 19 6
20 22 18
16 19 3
17 21 7
23 1 5
2 4 4
8 11 4
21 0 15
18 20 1
6 7 13
9 10 4
22 23 8
8 10 18
4 6 10
5 8 5
20 0 15
3 5 3
5 6 7
20 22 3
6 8 11
20 21 3
13 13 12
17 19 4
2 4 1
18 18 12
1 2 8
8 9 15
15 16 19
22 23 6
2 4 4
23 0 14
0 2 17
7 7 19
15 17 8
3 5 10
18 20 14
3 4 15
17 18 6
18 20 3
6 7 13
18 21 6
18 18 12
6 10 2
10 12 4
17 20 11
13 16 11
13 16 13
7 10 15
11 14 3
7 9 12
16 19 4
21 22 8
20 21 10
22 1 4
3 4 1
16 17 2
11 13 8
14 16 20
9 12 6
3 8 20
15 16 7
2 3 8
6 7 3
17 18 13
1 2 16
5 7 15
8 11 18
19 20 7
20 21 18
12 14 1
19 23 5
1 2 14
18 21 20
8 10 12
10 12 1
3 5 12
12 15 7
20 22 6
7 8 18
6 9 8
14 16 18
4 6 20
5 7 3
2 5 1
23 1 7
23 3 10
5 7 2
23 1 7
1 2 17
10 10 7
6 8 11
14 15 3
2 5 6
17 19 18
19 21 10
16 17 6
9 11 6
22 22 12
9 13 16
5 8 17
19 20 9
9 10 17
14 15 2
0 3 15
22 0 4
13 15 2
1 3 10
20 21 11
20 22 6
2 4 11
17 19 3
9 11 16
7 9 13
4 5 17
10 13 6
8 9 9
9 10 12
11 13 20
13 14 7
0 2 7
23 0 8
7 8 2
0 1 12
0 4 17
14 14 5
21 21 8
0 3 6
4 6 2
20 22 17
23 0 18
5 7 8
9 9 1
0 2 8
3 5 2
9 10 4
15 17 3
21 0 13
6 9 1
1 3 20
10 13 12
7 9 17
7 10 6
1 3 20
19 20 7
7 8 7
11 14 12
9 12 13
7 8 12
3 5 9
9 12 20
22 1 9
3 5 20
13 14 15
20 23 19
12 15 20
11 13 17
5 8 5
5 7 7
22 23 6
23 1 11
9 11 3
21 22 7
7 9 8
12 13 7
19 20 2
8 10 1
20 0 12
14 15 11
10 12 15
20 22 13
14 16 15
5 6 20
22 0 12
2 3 16
5 6 12
16 20 18
20 23 9
20 22 6
5 9 6
16 19 1
6 8 9
21 22 15
21 23 19
10 11 19
15 16 13
13 15 4
9 11 8
2 3 13
10 12 2
16 19 8
5 8 17
17 17 9
21 0 8
13 16 2
2 3 11
2 5 9
14 17 10
0 2 1
4 6 5
22 1 3
21 22 1
22 0 1
8 10 19
12 13 13
9 12 7
4 6 19
3 6 8
0 1 6
9 10 8
14 16 17
15 17 19
14 16 3
18 20 19
15 16 2
23 1 2
19 21 20
13 14 15
21 0 12
22 1 9
23 1 11
18 21 15
10 12 7
7 8 17
14 15 1
10 12 19
8 11 7
1 4 19
23 23 3
21 22 16
12 14 9
23 1 16
13 15 17
14 17 20
4 8 8
17 20 2
9 11 4
10 11 16
22 1 12
7 10 10
6 7 8
9 10 17
11 13 4
21 22 12
17 19 12
12 14 3
5 5 18
1 4 6
20 20 2
12 11 14
20 23 20
13 15 1
10 11 7
15 17 3
1 4 6
21 23 2
4 7 14
11 12 16
2 3 1
3 5 8
14 17 12
1 2 13
3 6 11
17 18 3
9 9 11
18 21 13
23 0 4
17 19 11
16 18 5
2 5 10
3 5 2
12 12 18
19 20 20
0 1 5
8 11 13
23 0 6
6 8 15
6 8 13
21 23 4
17 18 20
19 22 6
6 10 13
13 15 9
9 10 10
5 8 16
9 11 15
23 3 14
11 14 19
14 18 4
1 2 4
19 22 18
4 7 18
13 14 3
9 9 15
23 2 15
7 10 13
17 19 5
4 6 4
13 17 9
17 20 4
5 8 2
2 2 19
1 3 7
9 12 18
17 19 17
15 18 1
12 13 3
13 16 13
14 16 11
2 4 9
4 7 8
10 11 18
2 5 4
7 10 10
12 14 18
14 16 6
22 0 18
9 9 2
12 14 20
13 14 8
11 14 16
2 4 8
12 16 19
23 2 15
12 14 14
4 5 9
3 5 13
16 19 13
13 16 4
2 3 14
23 23 7
5 8 8
17 18 7
22 0 18
3 5 16
9 11 12
8 10 9
0 1 10
12 13 20
23 1 6
2 3 3
21 1 3
6 8 15
16 17 17
0 3 20
12 15 18
20 21 6
18 18 8
17 18 18
18 21 15
14 17 13
15 15 19
12 14 14
23 2 8
10 11 14
17 19 14
19 22 1
22 23 10
8 9 19
17 19 2
10 10 5
4 8 1
0 2 12
13 18 5
11 12 10
10 11 19
3 6 16
2 5 7
6 8 8
20 22 6
22 1 4
12 16 12
6 8 3
4 6 2
19 21 3
14 16 17
15 17 17
10 12 11
6 8 14
14 16 10
3 6 14
2 4 13
18 20 10
11 13 11
4 6 19
11 13 6
13 15 1
23 2 16
4 5 13
19 20 1
6 7 3
18 20 14
6 7 16
20 23 5
11 13 15
2 7 10
5 7 18
5 7 3
13 15 17
23 23 14
0 2 9
4 7 10
17 20 9
12 13 18
23 1 14
7 8 19
6 9 4
21 23 16
13 16 2
5 7 10
2 4 8
12 12 13
16 18 16
5 6 18
22 0 10
14 16 5
12 15 12
10 12 13
23 1 5
8 10 17
0 1 18
6 9 20
14 16 8
22 0 3
2 6 14
7 10 5
15 19 7
20 23 11
10 12 11
17 22 19
13 14 10
17 18 20
17 20 19
1 2 7
21 22 14
0 3 20
19 21 11
9 11 20
12 15 15
6 8 5
6 7 19
11 14 7
4 6 18
1 2 20
19 20 13
18 20 7
8 11 2
6 9 4
7 8 5
23 3 1
12 14 19
22 23 16
17 19 7
2 3 8
18 19 17
0 2 20
22 0 3
10 13 11
23 3 18
18 20 18
16 17 11
18 20 9
13 15 2
23 0 20
23 0 17
19 21 16
13 15 11
10 13 7
6 6 9
13 15 9
20 23 20
20 0 4
0 3 4
22 0 5
6 9 15
10 12 16
0 2 6
22 0 3
18 19 5
22 23 6
4 8 18
18 19 17
20 22 2
17 20 4
15 17 15
22 1 5
6 6 1
18 19 12
4 6 9
13 16 9
22 0 6
7 9 9
5 6 12
9 11 12
6 7 20
0 4 10
20 20 1
3 4 8
2 4 7
7 7 8
5 8 4
19 21 16
16 18 11
11 13 16
9 11 19
3 4 4
9 10 8
9 10 16
19 21 12
9 12 11
13 14 18
19 20 12
15 18 12
1 4 11
19 22 20
20 23 9
3 4 1
23 1 3
2 4 15
18 21 5
20 21 20
2 5 6
11 15 7
19 21 2
14 15 6
2 4 12
15 18 16
8 9 16
9 12 5
0 2 17
0 4 12
19 21 7
3 7 3
1 4 7
12 14 12
11 13 6
20 22 1
12 12 20
22 0 9
4 6 16
1 3 2
14 19 11
6 9 4
5 7 5
16 18 18
16 18 17
6 9 10
11 14 3
9 11 3
16 19 3
13 17 12
15 16 2
1 4 11
9 10 20
22 0 6
21 22 11
1 5 2
6 9 2
13 15 15
3 4 8
20 23 9
8 12 4
16 17 2
4 6 9
18 19 7
8 9 13
20 22 9
5 7 15
13 16 18
7 10 3
22 0 4
19 21 20
21 23 1
7 8 7
16 19 12
19 21 1
19 20 19
11 13 16
18 20 1
11 12 8
5 7 14
21 0 10
7 10 14
14 16 8
2 1 7
2 4 4
4 6 15
6 9 3
22 0 4
10 13 20
22 23 18
6 9 8
4 5 12
11 13 3
22 23 8
23 1 12
12 13 9
20 23 9
12 14 18
13 15 12
0 1 6
18 20 6
3 4 9
12 14 9
3 5 5
1 2 9
11 15 1
14 15 17
17 19 17
16 18 18
18 19 5
14 15 18
19 21 20
8 8 17
3 4 19
17 18 16
12 15 19
6 7 3
23 0 10
7 7 11
0 3 18
20 22 8
11 11 1
16 21 16
15 17 2
19 22 7
21 0 4
0 2 4
9 11 4
22 22 5
12 15 2
5 7 3
5 7 19
4 5 1
8 8 7
23 23 6
15 17 19
20 21 4
23 1 1
21 22 6
19 20 16
3 6 18
16 18 1
0 1 1
23 23 17
2 3 11
8 11 15
9 10 18
1 5 12
10 10 3
2 4 19
15 20 5
6 9 20
3 4 4
12 13 3
9 14 5
2 2 2
0 4 9
2 4 18
6 7 17
18 21 15
2 3 5
0 2 1
14 15 11
2 5 4
3 4 1
1 4 10
21 0 5
6 6 9
22 23 10
13 14 15
6 9 10
14 15 5
11 13 14
23 1 20
4 5 7
6 8 12
7 9 9
18 20 20
0 3 5
6 7 13
17 19 3
1 5 8
17 18 2
9 10 17
8 9 2
7 8 1
5 8 1
14 14 7
6 8 8
22 0 17
