1000 20
16 17 16 17 20 8 11 3 18 9 6 2 14 17 6 13 10 10 13 7 
1 14 3
22 9 18
18 5 7
7 20 6
19 9 5
6 18 1
0 12 4
4 15 17
1 12 18
18 6 10
11 23 19
8 20 9
20 8 3
11 21 14
0 10 12
22 10 5
12 23 15
0 12 15
9 22 9
21 8 11
15 3 5
18 7 18
0 11 8
18 6 5
5 16 11
21 10 17
5 19 2
4 16 16
23 12 1
15 2 5
16 3 16
17 5 10
7 20 15
16 4 19
4 15 1
0 14 16
13 23 4
11 22 2
0 12 9
9 22 10
4 16 18
1 12 15
19 7 12
4 18 10
19 7 2
17 6 15
22 9 20
0 12 16
12 1 4
6 19 6
9 21 2
16 3 9
14 2 9
18 9 7
15 1 15
13 2 14
5 19 9
5 17 16
16 3 3
4 17 3
9 21 8
13 2 5
19 7 12
23 10 14
18 7 13
5 19 11
23 11 8
5 16 11
4 18 10
22 10 20
17 6 11
13 1 5
20 8 16
7 19 7
12 23 7
23 12 8
22 10 15
18 4 12
3 16 11
13 1 16
18 6 6
8 21 13
15 2 2
3 15 8
4 16 18
12 0 13
9 22 18
14 3 5
9 22 16
19 7 4
18 8 6
4 17 4
17 6 13
12 23 1
12 2 13
7 19 20
3 15 7
0 11 14
17 5 7
14 2 11
5 16 18
9 21 2
3 15 1
4 15 11
4 16 13
10 23 12
5 18 9
23 14 17
14 1 5
1 14 5
11 22 2
13 2 4
14 2 4
9 20 17
11 0 16
19 8 6
3 15 5
1 12 9
10 22 5
13 0 2
9 20 4
21 10 16
12 2 17
13 0 9
19 8 13
19 6 1
1 12 10
22 12 13
18 6 6
21 10 15
4 15 13
4 15 5
0 12 19
0 13 11
20 8 9
22 11 3
16 5 1
4 17 10
15 3 4
1 12 10
10 21 4
13 1 19
4 17 1
14 2 20
21 7 8
18 5 10
3 16 4
2 14 6
9 19 19
15 4 1
11 23 14
17 5 12
11 22 19
15 2 12
11 23 20
20 8 13
7 17 11
16 6 12
10 22 12
14 4 18
10 21 12
5 17 2
17 4 10
12 1 5
0 13 7
9 22 14
23 11 16
17 6 11
2 15 10
12 22 16
8 19 3
20 7 12
2 14 9
2 15 18
4 16 14
10 21 5
20 10 11
11 0 18
19 7 12
5 17 8
7 17 8
1 15 4
18 6 12
23 14 7
22 11 3
22 10 12
4 16 7
7 19 20
1 13 20
22 9 15
19 7 10
3 13 14
9 21 6
20 8 12
3 14 8
13 1 20
15 2 9
8 21 13
17 6 19
5 18 20
21 9 19
23 8 17
10 20 15
4 16 19
18 7 16
19 7 5
11 0 3
12 0 9
19 9 18
13 1 3
23 12 6
15 3 2
2 13 17
0 13 20
15 5 14
10 22 2
17 5 20
8 19 3
21 11 15
17 4 6
19 7 14
11 22 2
22 10 7
16 3 8
1 13 18
18 9 11
13 23 1
20 9 14
6 17 16
4 15 6
6 17 13
21 8 14
8 20 8
14 1 15
10 22 7
18 5 3
21 9 2
19 8 1
19 8 7
19 5 1
22 10 15
3 15 2
21 11 2
19 7 10
7 18 9
7 16 8
20 7 1
5 16 2
13 2 9
5 18 4
8 21 1
14 1 7
9 21 7
20 9 17
10 22 1
23 10 2
19 8 5
12 23 8
23 10 20
6 19 14
3 15 4
10 0 6
10 21 20
19 7 16
4 16 12
11 21 15
21 9 19
0 12 19
21 9 2
9 19 3
1 13 3
11 23 13
0 11 20
5 17 13
20 9 17
21 8 3
3 16 8
13 1 5
2 13 13
6 20 17
13 2 16
8 20 18
23 12 16
0 13 17
5 18 9
15 4 9
16 3 10
6 16 9
23 14 16
2 15 15
10 23 11
12 0 6
19 5 6
11 21 16
18 5 17
16 4 4
9 20 14
15 3 17
11 0 3
3 13 6
9 20 15
20 10 9
11 23 10
22 12 3
6 20 1
7 18 8
22 10 10
16 3 12
17 4 15
3 16 1
23 13 14
14 1 4
6 18 7
9 20 15
0 11 11
21 10 6
16 4 20
14 1 7
12 0 8
17 4 12
18 4 10
4 17 20
5 18 11
15 2 19
8 20 13
20 9 13
7 17 16
23 10 13
22 10 17
5 18 20
19 7 2
0 13 15
19 7 7
21 9 14
0 11 16
22 10 17
12 0 16
22 9 17
16 4 17
1 13 6
8 22 14
20 7 13
15 4 18
11 23 9
23 10 10
12 1 18
9 21 18
21 8 16
8 22 3
10 22 13
6 17 8
3 14 2
4 17 1
10 21 17
12 23 4
20 8 6
6 18 13
9 20 3
4 17 7
13 0 6
15 3 8
16 6 16
23 9 18
5 18 14
15 2 10
15 4 4
22 10 10
22 11 16
7 19 3
15 3 10
19 7 6
7 19 17
12 0 1
4 16 5
14 2 19
3 15 14
18 7 16
23 11 17
5 17 10
2 14 17
21 9 9
9 21 7
15 4 3
12 0 3
16 4 2
20 8 2
7 18 7
18 5 3
4 15 16
15 3 4
12 0 2
20 7 3
8 19 2
4 15 20
5 18 19
4 16 9
15 4 2
17 5 15
6 18 5
6 18 10
20 7 3
11 23 3
13 23 7
23 11 15
16 3 10
13 1 20
0 14 13
16 4 15
12 0 6
5 15 9
20 7 11
10 22 16
0 13 5
5 18 3
21 9 13
23 11 15
18 5 9
6 18 4
12 23 20
3 15 3
13 0 5
18 5 20
14 0 3
16 2 15
21 8 15
5 16 13
22 10 14
7 20 11
11 0 19
3 17 1
22 9 14
21 9 5
3 15 4
18 6 9
10 20 2
13 2 8
17 5 15
18 6 6
17 5 8
4 16 5
22 12 9
14 3 10
18 5 1
23 12 10
18 8 11
23 12 12
1 13 19
23 9 9
5 18 10
23 10 5
20 7 17
10 21 3
9 20 5
7 17 17
13 2 6
18 6 13
12 1 13
22 9 13
12 0 15
23 11 8
2 14 12
3 16 5
12 2 7
21 9 17
4 17 14
5 17 2
16 5 18
0 12 4
13 2 2
20 7 10
2 14 4
8 21 13
1 12 17
7 20 15
17 7 16
9 21 11
3 15 19
0 12 18
7 19 20
3 14 1
6 17 13
4 17 14
23 11 17
8 21 16
15 3 11
5 20 9
15 4 19
22 10 12
16 4 16
6 18 20
12 0 5
10 22 10
7 18 10
11 22 9
7 19 17
20 8 6
18 7 17
5 19 13
5 18 5
11 0 8
6 17 5
14 3 14
1 14 7
1 12 10
2 12 6
15 4 4
0 11 4
18 7 13
17 6 13
11 1 7
10 21 6
3 14 14
5 16 15
8 20 15
18 4 4
5 16 16
10 22 15
5 16 4
2 14 8
4 16 7
16 5 3
4 16 20
7 20 18
19 4 19
1 13 11
11 0 6
4 15 18
15 3 12
19 7 3
21 8 4
21 8 1
6 20 15
12 2 8
10 20 1
5 17 18
15 3 9
13 1 9
1 12 18
14 1 17
22 10 11
3 16 8
18 7 5
2 14 17
16 5 10
16 4 19
17 5 8
0 13 13
11 23 3
18 6 9
21 9 15
9 19 8
6 18 18
4 15 12
7 19 14
20 8 12
9 20 19
0 13 19
21 10 3
11 22 14
2 13 15
1 14 15
12 0 12
6 19 16
14 2 19
15 3 16
19 7 9
10 23 20
4 17 19
16 4 7
6 18 20
12 1 11
2 14 5
19 6 20
3 13 8
7 17 16
6 19 9
9 21 10
8 19 5
20 8 3
10 22 10
11 0 4
17 5 8
7 18 16
9 20 8
12 0 11
0 13 20
17 5 4
21 11 4
4 15 1
13 0 19
0 13 10
8 22 11
5 17 10
8 20 12
15 3 17
11 23 19
16 4 13
3 14 7
16 3 10
9 23 16
14 3 2
18 6 3
1 13 15
14 2 7
22 9 10
16 3 1
14 1 10
20 7 7
13 1 9
10 22 19
0 13 1
20 7 10
7 20 16
3 16 15
5 19 17
6 17 7
18 6 6
6 16 4
20 7 11
14 3 19
0 12 14
7 19 8
10 22 14
22 10 8
15 3 10
5 16 18
7 18 16
18 7 2
8 18 5
15 3 14
9 20 11
9 20 6
16 5 1
23 10 9
1 12 18
19 7 12
7 18 18
18 4 14
13 23 16
9 21 14
18 6 20
13 1 10
15 3 5
17 7 3
16 4 5
3 16 11
16 3 3
8 19 1
14 3 5
21 9 9
11 23 19
10 23 1
23 11 4
18 7 2
8 21 2
20 8 11
1 12 3
19 6 19
14 3 7
23 11 12
19 6 11
22 10 17
10 21 9
3 14 16
10 23 18
3 14 14
23 13 19
4 17 15
5 19 3
5 17 20
15 3 5
18 3 9
23 11 6
21 11 10
6 17 6
11 22 16
10 23 8
17 6 15
15 2 14
16 4 8
19 7 7
4 17 20
22 11 5
3 14 5
3 13 4
5 18 10
18 5 6
4 15 15
3 16 19
19 8 18
14 0 8
6 18 14
17 5 20
1 14 17
23 9 3
15 5 12
20 8 5
2 13 16
3 14 4
22 8 10
3 15 2
13 0 6
1 13 14
10 22 6
11 0 17
21 9 13
2 13 1
18 8 14
14 1 4
16 5 3
22 9 5
3 15 5
17 3 5
13 1 14
14 3 5
23 12 10
22 10 15
16 3 20
22 10 7
22 12 3
15 4 10
18 5 11
11 22 18
13 2 12
15 2 14
10 22 9
22 9 5
21 9 19
7 19 11
15 3 4
12 0 3
16 2 7
8 22 17
13 0 5
6 18 6
5 17 19
23 12 12
14 1 1
19 7 4
12 1 8
8 22 18
8 21 15
2 14 1
3 15 5
23 11 7
22 11 5
10 21 4
12 1 10
19 6 19
9 21 18
12 1 1
7 18 5
0 12 20
0 12 7
17 4 18
11 0 7
2 13 19
13 1 15
2 14 12
6 18 5
23 10 10
1 14 2
12 0 20
12 0 9
8 18 5
18 6 4
10 0 11
8 19 11
12 23 11
7 18 4
0 12 20
16 4 18
0 11 13
1 12 5
15 3 16
14 3 1
20 8 16
16 3 8
6 15 18
6 18 4
8 22 12
23 13 6
22 11 12
15 4 11
16 5 5
16 4 11
23 10 4
6 17 15
12 23 13
0 10 8
2 13 2
8 22 7
17 7 7
23 12 15
21 11 3
21 8 3
7 19 20
22 10 6
13 0 11
6 20 7
22 11 1
3 15 20
6 18 12
5 17 13
10 0 4
10 23 3
13 1 14
14 2 18
20 8 3
9 22 20
0 11 17
18 6 12
3 16 11
8 22 17
22 11 11
11 23 4
5 20 15
15 5 17
7 18 7
21 11 6
2 13 16
3 15 1
0 13 19
11 0 3
3 16 1
10 21 11
15 3 20
18 6 15
17 6 6
7 20 19
21 10 3
0 12 10
11 22 16
9 22 3
8 21 10
11 21 4
2 14 19
13 1 11
13 2 14
16 3 11
2 14 7
6 18 18
16 3 16
8 21 16
19 7 9
22 10 14
14 2 2
15 2 1
10 22 3
21 9 3
15 3 1
15 4 8
21 7 1
6 21 14
23 11 6
8 21 3
5 17 8
0 12 8
16 6 6
17 5 15
11 22 18
9 19 1
2 13 7
11 23 6
3 17 14
8 21 10
12 0 15
21 8 13
23 9 2
4 17 8
19 8 11
23 11 2
10 22 15
12 0 7
18 7 10
3 16 7
9 20 18
19 5 8
21 9 19
14 2 14
23 12 3
11 23 12
8 20 20
13 0 11
9 21 5
12 0 15
15 2 2
11 22 16
6 16 20
22 10 5
14 1 6
11 23 13
5 18 5
5 17 8
21 11 17
1 14 10
2 14 10
1 13 3
19 8 5
0 13 14
0 12 12
15 3 20
12 2 3
3 16 9
12 0 15
19 6 11
6 18 5
11 23 8
19 6 19
3 14 6
5 16 2
3 15 4
6 18 10
0 12 16
23 10 13
23 11 19
12 23 11
8 21 3
18 6 19
23 9 18
3 15 4
11 1 8
15 3 14
3 13 16
17 6 11
8 20 15
1 14 12
21 8 19
0 11 14
2 16 9
19 6 8
15 3 12
22 11 3
13 2 6
20 9 15
5 18 10
9 0 3
7 20 5
5 17 5
4 14 9
10 23 3
15 4 9
2 14 12
23 11 18
5 17 13
5 17 4
17 6 6
12 1 19
4 17 2
7 20 9
1 12 4
23 12 9
11 22 7
13 0 3
10 22 19
16 5 7
0 11 10
3 17 19
15 3 17
7 20 16
16 3 11
11 22 3
4 16 14
22 9 17
9 21 12
5 17 16
15 4 11
10 20 18
22 10 15
7 18 4
1 14 5
7 18 10
12 23 2
14 2 16
5 17 19
6 20 16
17 6 1
13 2 16
8 21 11
19 7 18
14 1 13
5 16 17
12 0 3
4 15 1
9 22 2
20 7 5
23 12 1
17 7 14
13 1 5
23 11 18
10 21 15
6 18 13
9 21 4
18 5 13
3 16 20
0 10 11
11 0 7
18 6 16
9 22 2
23 10 20
