2000 20
7 15 18 20 11 20 13 13 19 7 8 18 7 18 13 18 15 17 6 2 
14 17 8
0 4 18
9 11 15
22 3 19
23 2 11
11 13 16
1 4 1
20 0 14
19 22 4
10 14 1
19 21 13
12 17 4
5 7 18
2 4 18
2 6 9
16 19 8
7 10 11
19 22 10
14 17 6
8 12 8
20 23 2
23 2 4
2 5 12
2 6 1
14 18 3
17 20 20
20 22 9
20 0 2
10 14 4
9 13 12
12 18 8
17 21 3
23 0 16
12 15 13
5 10 5
14 16 19
17 20 3
14 16 12
22 2 4
10 13 11
3 6 19
14 17 10
21 2 14
1 6 12
23 3 14
10 11 12
13 17 16
3 6 12
14 17 8
2 7 17
17 21 3
12 13 7
19 22 11
4 7 2
15 19 10
10 11 16
22 2 11
20 23 6
17 20 14
17 20 18
11 14 2
19 22 2
8 10 7
16 20 9
9 13 11
22 0 7
19 22 5
11 14 15
5 6 18
8 9 10
13 15 16
22 1 19
0 3 17
1 4 12
16 21 11
5 8 15
10 12 8
14 16 7
9 13 5
15 17 8
4 6 9
7 9 5
17 22 2
15 16 8
23 1 18
7 11 16
23 0 6
3 7 10
7 10 14
22 23 7
23 1 5
2 7 7
7 7 13
12 16 15
11 13 9
13 16 7
11 13 10
10 16 18
10 13 2
2 4 14
16 18 6
9 12 17
0 2 6
6 10 16
11 15 13
14 18 5
18 21 2
5 8 13
2 3 7
14 19 16
10 13 9
0 2 11
1 5 18
4 6 4
12 16 2
14 18 17
4 7 15
10 14 2
5 9 2
17 18 7
22 1 11
20 1 3
18 21 12
8 12 2
6 8 10
14 18 2
10 14 13
0 3 9
5 8 1
20 23 16
20 1 12
9 12 18
0 3 12
21 23 10
21 0 7
15 19 4
21 0 9
18 23 18
5 7 8
15 18 10
12 14 20
21 1 13
12 16 14
0 5 12
14 17 4
4 7 20
10 15 10
15 19 9
5 10 3
14 19 19
7 10 13
3 7 3
22 1 5
17 20 13
10 15 14
7 10 5
0 3 20
4 9 9
19 22 10
22 0 12
14 16 19
2 6 8
1 5 2
21 0 15
8 11 20
12 16 16
23 4 9
21 22 2
6 9 11
11 13 8
19 22 4
21 1 19
1 3 1
18 21 7
15 19 19
19 20 3
22 2 15
14 17 19
8 12 7
22 1 14
4 9 6
3 5 8
9 12 18
7 8 6
6 11 10
14 18 4
1 5 11
18 20 6
0 2 20
9 13 8
15 19 9
19 23 7
23 2 17
23 2 4
21 23 7
9 13 19
12 13 12
2 6 9
12 14 1
8 13 14
22 0 2
15 18 16
11 13 20
10 15 12
20 23 13
21 1 15
10 13 18
5 9 20
13 15 20
1 6 10
4 6 17
17 21 16
6 7 14
11 14 8
4 7 6
22 2 3
15 16 17
1 6 15
8 9 13
15 19 8
8 11 8
3 7 6
8 12 9
4 8 19
14 18 17
21 0 16
13 15 3
22 0 5
5 10 1
21 1 17
11 13 14
4 6 16
1 3 16
5 8 3
13 15 8
17 21 6
13 16 20
21 0 16
17 20 20
18 22 3
3 4 15
23 1 14
4 9 10
5 6 13
16 18 15
10 12 7
1 4 20
20 21 6
18 22 14
9 13 8
3 4 11
8 13 9
1 3 3
19 23 2
14 17 12
0 1 5
14 17 17
11 13 20
15 19 5
1 3 2
3 6 11
12 15 5
1 4 7
20 22 16
12 15 3
20 23 14
19 22 7
1 3 20
7 9 18
21 23 17
11 13 6
16 19 11
20 0 20
18 21 10
0 4 3
14 16 15
5 8 11
16 16 15
22 2 4
13 15 11
16 19 2
8 11 1
14 17 7
21 1 10
8 11 3
13 14 6
3 6 3
17 21 18
5 8 15
14 17 16
0 4 11
3 7 8
15 19 11
22 1 14
1 4 15
10 13 8
8 9 2
16 19 2
9 11 7
13 15 17
16 18 9
10 13 20
1 4 20
11 14 7
14 16 16
5 7 6
7 10 5
19 22 1
10 12 8
18 21 1
22 2 13
13 15 2
2 5 3
2 5 5
17 20 18
16 18 18
0 4 12
2 5 14
8 9 17
14 16 1
4 6 12
22 0 1
13 16 15
15 18 7
0 4 10
7 12 19
20 21 4
14 15 7
6 11 2
17 18 7
18 21 12
14 15 6
5 8 14
5 7 6
13 17 6
14 17 18
14 18 10
22 2 3
17 20 8
21 1 7
8 12 8
11 16 6
13 14 2
7 9 10
19 22 1
18 22 1
2 3 16
20 23 11
20 23 2
19 21 1
15 20 12
2 5 7
13 16 2
9 10 12
9 12 13
22 0 18
0 4 20
6 8 16
20 23 4
1 4 4
11 14 16
18 20 12
17 20 17
13 16 9
17 19 20
9 12 2
17 21 6
15 18 5
4 7 4
15 18 14
6 10 4
5 8 19
20 23 4
21 1 17
12 15 12
13 15 8
0 3 4
4 6 16
2 5 1
16 18 13
6 8 5
9 12 9
11 15 12
19 0 3
21 0 13
17 19 4
17 20 19
7 10 18
18 20 20
6 9 19
8 10 10
9 13 8
7 10 5
9 13 7
13 14 13
23 2 11
8 11 14
18 20 15
3 7 3
9 12 2
14 17 17
5 7 7
21 1 12
12 15 9
20 0 3
17 18 19
18 20 5
22 1 5
12 15 13
14 16 18
16 18 16
6 6 4
0 2 18
22 2 11
0 4 15
22 1 3
4 7 20
4 9 1
0 2 14
22 3 6
6 9 3
9 12 5
21 1 3
6 9 17
21 23 4
23 2 9
6 11 7
13 15 6
19 23 18
4 7 3
13 16 8
13 16 2
10 13 3
7 10 19
6 10 12
1 2 6
5 9 17
12 15 8
6 10 9
9 14 7
14 17 8
10 14 20
4 7 16
3 5 12
0 2 14
5 7 6
9 12 7
11 15 18
23 2 10
9 13 12
5 8 3
6 9 11
2 5 14
7 12 9
12 16 20
19 22 14
2 6 4
13 16 17
6 7 18
12 14 2
15 18 4
15 19 17
3 7 15
18 21 18
23 1 16
11 14 6
5 9 20
20 21 14
3 4 12
4 8 19
12 15 3
1 4 19
9 12 15
22 1 3
20 22 1
12 15 5
15 18 12
5 8 18
1 5 13
8 11 2
21 0 20
0 4 16
20 23 6
19 21 17
8 10 6
8 10 5
6 9 5
3 8 14
21 1 13
16 17 19
9 12 7
8 10 3
0 6 18
17 19 15
11 17 4
19 22 4
1 5 1
1 4 3
7 9 16
14 18 13
4 6 14
14 17 6
3 6 8
9 11 16
21 0 14
8 12 10
6 9 17
5 7 20
6 10 20
7 10 18
14 15 4
17 19 1
5 9 9
4 9 18
4 6 7
1 3 8
22 23 4
20 23 9
9 12 12
13 16 8
17 21 10
14 17 11
20 23 14
16 19 18
22 0 12
12 15 13
19 23 2
15 18 2
22 1 6
21 1 10
0 3 9
20 0 5
16 19 16
14 17 10
10 12 8
2 7 12
19 21 17
4 8 11
18 20 3
3 6 2
12 15 13
15 20 15
15 17 10
16 18 5
22 3 1
22 23 20
23 2 16
1 3 3
4 8 9
4 8 3
13 15 20
16 17 15
5 8 15
5 8 15
12 16 7
16 20 7
5 7 9
5 10 9
0 2 5
21 0 9
21 22 18
8 11 14
17 20 8
10 13 19
7 9 4
8 11 17
22 1 7
0 3 9
1 5 13
10 13 3
6 8 14
12 15 11
4 9 2
23 3 9
4 6 11
17 20 16
7 11 13
10 12 12
8 11 16
1 2 10
0 2 6
13 17 5
17 19 5
6 7 20
19 23 13
12 15 18
18 19 1
4 7 12
8 11 20
20 23 8
16 19 1
21 1 18
12 14 1
15 18 1
2 5 9
13 16 5
2 5 7
22 23 15
10 14 11
23 2 5
13 15 19
16 19 2
0 4 11
7 11 7
18 21 2
21 23 1
20 23 20
23 2 7
10 13 6
16 19 6
1 2 15
3 5 9
14 17 2
14 17 3
20 0 20
17 21 8
11 15 2
18 20 4
16 19 19
6 9 4
16 18 9
4 7 7
12 16 2
21 0 8
13 16 14
10 13 8
19 22 8
17 18 11
7 10 3
10 14 16
23 1 12
21 0 6
21 23 19
5 8 1
2 5 18
3 4 7
5 9 9
7 10 1
5 8 8
0 5 6
23 1 18
8 11 19
2 6 8
16 19 8
14 16 19
21 22 9
10 12 11
10 13 9
8 9 2
9 11 18
9 12 7
5 9 13
3 6 13
20 22 8
9 13 9
10 14 5
16 20 18
14 16 3
11 13 14
20 23 10
16 19 18
1 3 8
12 14 14
22 1 14
5 9 11
9 12 16
7 11 8
14 17 13
3 5 19
1 3 7
22 0 8
21 0 12
5 8 14
23 2 17
10 12 1
14 16 1
22 2 12
2 5 7
19 23 3
7 9 5
21 22 12
21 0 17
0 5 19
12 15 17
7 11 11
14 17 19
16 18 1
20 22 7
10 13 3
20 22 11
11 15 8
3 7 10
0 2 9
10 13 7
6 11 20
3 7 10
8 11 16
22 2 12
11 13 8
16 20 5
8 10 18
5 9 8
0 3 10
21 1 15
19 21 4
15 18 18
1 3 6
10 15 18
10 13 1
11 12 6
17 19 6
21 0 4
11 11 9
15 19 10
7 10 10
12 15 8
22 0 20
18 22 15
0 2 6
17 21 13
9 14 5
13 16 7
4 6 6
2 6 3
11 13 6
17 19 2
21 23 5
15 18 6
0 4 10
15 17 1
15 19 4
4 7 14
8 11 11
19 22 5
2 6 10
9 13 5
19 21 17
16 18 16
15 17 2
15 18 17
20 22 2
19 22 17
18 22 15
8 9 17
9 12 20
18 20 14
3 6 18
10 13 17
19 22 6
5 7 1
0 2 3
13 16 6
7 8 5
0 3 6
4 8 19
3 7 1
13 17 16
3 6 11
7 12 18
17 21 14
10 12 8
20 21 9
9 12 12
22 1 5
20 23 13
16 19 16
12 16 10
14 17 17
18 21 2
22 3 13
6 8 13
4 7 2
22 1 6
2 5 12
19 21 11
3 5 3
7 9 6
14 16 20
15 19 12
21 0 5
21 1 2
23 1 17
14 17 7
11 12 19
2 6 5
13 16 16
5 8 20
23 2 17
7 10 3
2 3 18
17 21 19
23 3 9
10 14 10
20 22 1
0 2 19
10 13 6
21 22 3
21 0 18
16 18 19
3 6 16
2 5 2
23 1 12
16 18 18
14 17 3
10 11 4
21 23 20
0 5 9
12 16 18
6 9 3
9 13 19
4 7 10
3 6 4
6 9 6
13 16 9
19 23 13
20 22 4
18 21 20
18 21 14
17 19 10
21 23 16
17 20 5
19 23 6
19 22 4
2 4 12
8 11 7
16 20 1
21 0 14
16 19 17
6 8 1
15 17 6
23 2 10
8 10 17
15 18 4
19 21 9
20 23 18
3 6 4
7 11 18
8 10 19
7 10 12
9 14 1
11 14 12
16 18 6
3 6 17
4 6 16
9 11 20
23 0 2
5 7 18
14 17 4
15 18 14
18 22 8
14 18 1
6 9 19
3 4 11
3 4 12
13 17 12
13 16 2
8 10 20
12 15 8
1 3 5
5 8 19
18 21 19
15 18 7
17 18 10
20 23 16
9 14 13
19 21 16
5 9 11
23 2 3
19 23 15
23 4 8
22 1 1
15 17 13
23 2 6
18 21 14
14 17 11
2 4 9
0 3 2
16 18 6
2 4 10
19 23 5
15 18 8
1 6 10
8 12 1
14 17 4
6 8 15
18 19 19
9 13 13
2 6 18
8 12 12
1 5 13
13 17 3
20 2 7
13 15 2
11 14 5
10 12 2
5 8 18
11 14 7
17 21 14
22 4 10
19 22 10
13 16 9
22 0 15
22 0 7
22 1 9
5 9 19
5 7 19
16 21 5
13 16 6
15 17 9
3 7 15
12 15 15
14 17 7
12 16 1
19 21 2
13 15 19
18 21 8
22 1 14
3 7 6
16 20 20
23 2 9
10 14 15
5 7 18
20 23 14
9 12 20
6 10 4
0 3 9
4 6 4
1 3 9
14 17 18
17 20 20
12 16 4
3 4 19
22 0 20
13 16 11
16 20 6
23 3 7
7 11 16
21 1 1
14 18 3
13 17 3
21 23 7
0 4 16
16 18 17
17 22 13
5 6 12
22 1 19
19 21 14
16 17 8
5 5 12
20 23 5
5 8 4
20 1 4
10 12 5
6 9 1
12 15 14
1 5 18
17 20 7
4 8 15
16 17 12
8 11 2
10 13 1
4 6 10
7 10 10
6 9 15
6 8 5
20 0 8
2 3 13
22 2 6
13 16 2
22 1 17
9 11 4
18 21 6
19 21 2
15 18 5
2 6 12
22 1 20
4 8 4
22 1 17
13 18 8
9 12 9
16 18 10
5 5 10
9 13 8
0 2 18
18 21 1
18 19 16
19 21 2
12 14 8
20 23 16
20 0 14
2 6 3
0 1 12
23 1 19
23 2 10
21 0 16
2 4 10
2 6 17
15 18 9
9 12 9
19 23 17
17 20 19
2 6 14
14 18 8
19 21 18
11 14 10
21 0 7
2 4 9
14 16 8
4 7 12
18 22 10
10 14 16
8 8 5
6 7 8
14 17 10
22 1 9
4 7 15
7 11 12
15 16 15
23 2 16
9 14 14
7 10 7
12 14 9
13 15 7
19 21 3
14 17 16
5 7 7
13 17 2
18 21 17
8 10 16
2 4 19
13 17 15
19 22 17
20 23 9
12 15 10
20 21 11
0 2 6
8 10 9
0 2 4
15 20 5
22 3 8
5 8 8
20 0 11
0 4 3
3 5 10
17 20 1
2 3 2
6 9 19
18 20 9
19 23 15
3 8 12
18 21 19
23 2 12
15 18 19
18 22 18
3 6 9
5 7 7
20 0 2
6 11 5
20 23 10
2 6 7
3 4 3
17 20 3
21 0 12
21 0 16
7 11 17
9 12 8
17 20 16
10 13 10
10 13 9
16 20 8
7 11 2
13 16 19
23 1 20
17 19 5
9 12 19
19 21 16
1 4 12
12 14 3
12 15 3
14 18 9
22 1 2
12 16 19
22 23 8
21 0 3
9 11 5
4 8 14
5 9 5
2 5 8
14 18 2
11 15 12
14 16 17
19 22 10
19 23 11
17 20 5
20 23 3
20 23 19
15 19 2
3 5 4
18 22 19
8 12 9
20 23 7
21 0 19
22 0 8
19 0 1
14 16 8
15 17 15
18 20 6
21 0 20
19 23 11
11 14 1
19 22 19
18 21 4
15 19 20
23 3 5
19 20 13
20 0 8
14 18 18
8 12 8
16 18 9
0 3 9
0 3 15
8 11 20
14 18 17
6 10 20
17 21 13
7 8 11
17 21 16
18 21 3
7 11 17
19 23 6
1 4 9
20 22 3
16 19 13
23 2 3
7 11 9
3 7 8
2 5 6
11 15 17
10 13 18
12 15 16
1 2 7
1 4 9
21 0 7
20 22 16
7 8 10
13 14 11
8 12 5
12 16 10
22 3 20
18 20 14
10 13 12
5 7 19
2 6 3
0 2 5
14 18 2
5 8 3
8 11 5
0 4 10
0 2 16
6 10 14
6 9 10
23 3 3
9 13 20
15 17 18
21 1 3
23 1 3
23 2 4
22 0 16
13 17 3
4 8 20
4 6 16
7 10 11
21 0 2
11 14 19
5 9 12
17 20 19
19 23 5
17 21 8
21 0 2
20 23 5
5 6 17
7 12 20
3 6 16
8 12 8
7 10 10
22 23 10
1 3 17
16 19 8
20 0 10
20 0 7
9 13 9
18 22 6
18 21 15
14 16 11
10 13 4
14 18 15
2 5 3
9 14 1
9 11 5
17 19 11
18 20 18
6 9 1
3 6 1
20 22 2
17 21 6
7 11 19
15 17 10
19 23 10
20 23 7
18 20 19
0 3 15
8 11 17
2 6 14
6 9 17
16 20 15
21 0 7
1 4 11
13 18 6
2 5 13
23 2 14
6 8 20
7 11 16
9 12 9
5 9 9
10 13 11
16 19 7
13 16 18
23 2 18
23 2 13
4 7 10
22 1 11
23 3 11
9 12 16
21 23 11
0 4 13
8 12 2
13 16 13
16 19 8
7 10 6
2 4 17
15 18 7
2 5 20
6 9 20
6 10 4
6 8 3
10 13 4
3 6 8
11 15 12
17 19 12
1 4 5
3 5 15
9 12 4
17 20 14
14 17 11
18 19 18
3 7 9
10 14 16
22 23 5
11 14 10
7 9 16
8 11 4
2 4 1
6 9 14
22 0 13
13 16 5
15 17 16
16 18 14
8 11 16
12 13 10
0 2 16
1 3 18
6 10 19
20 22 4
2 7 1
14 18 15
10 12 7
17 21 19
0 4 15
16 18 8
1 5 1
18 20 13
22 2 10
2 5 2
6 9 3
11 14 5
15 19 18
22 1 1
17 20 14
8 12 2
15 17 16
19 21 4
18 20 15
9 11 1
13 15 1
8 12 13
8 12 6
16 20 5
22 2 14
23 2 17
5 9 4
1 4 3
5 8 10
18 22 20
13 17 15
19 22 1
8 10 5
13 16 16
19 22 7
9 13 14
7 11 20
21 1 10
17 19 1
19 0 16
19 20 5
13 17 12
1 4 11
14 18 13
5 9 14
14 14 10
5 7 17
12 16 20
8 10 17
16 20 16
19 0 20
11 13 15
4 7 20
6 9 14
4 6 16
21 0 7
20 23 2
22 0 20
5 9 19
23 2 19
17 22 6
9 12 16
19 22 1
2 6 19
15 16 14
13 16 18
6 9 1
8 11 2
4 9 11
23 1 6
21 23 5
7 12 12
14 18 11
8 12 3
21 2 18
23 1 14
6 9 7
15 16 15
13 16 12
2 6 8
19 21 10
21 1 12
23 2 11
6 9 13
10 12 16
20 1 9
9 10 1
7 11 8
20 23 9
11 14 13
10 13 1
2 3 16
21 23 16
8 9 5
0 4 2
7 11 11
18 21 13
13 15 1
3 7 17
11 14 2
19 21 9
22 1 13
13 16 16
10 12 1
22 2 17
0 3 7
16 16 1
10 13 13
12 15 8
21 22 11
20 23 15
2 4 14
23 2 19
0 3 14
13 17 17
3 9 20
15 19 6
15 19 20
8 13 14
13 17 15
20 22 6
20 23 18
6 10 13
21 0 2
10 12 3
3 6 9
18 20 20
16 19 16
7 8 13
5 8 18
13 16 13
3 7 8
18 23 13
2 6 6
5 7 5
10 11 3
17 21 16
14 16 4
12 15 19
20 0 6
7 9 11
1 4 7
18 21 18
19 23 10
23 2 3
3 6 20
9 13 9
7 9 5
1 4 11
7 10 11
10 14 18
20 23 16
15 19 13
3 7 8
6 9 4
13 18 19
19 23 17
1 3 7
13 16 7
14 19 11
15 16 4
1 4 14
7 10 16
22 23 2
21 0 4
11 14 10
20 23 16
2 4 3
6 9 8
9 12 13
3 5 5
4 5 7
14 18 6
10 12 5
23 1 9
17 21 8
21 0 10
9 9 5
7 8 20
3 6 6
2 7 5
12 15 15
15 19 10
13 18 6
6 9 1
3 6 3
0 4 4
0 3 10
7 9 20
18 21 8
6 8 20
2 4 12
21 2 13
20 23 16
8 11 4
5 8 10
19 22 6
1 3 9
10 14 20
22 2 19
2 4 5
18 19 16
23 0 4
22 1 14
7 10 3
14 17 9
1 4 2
22 1 17
3 6 2
5 10 3
7 11 2
20 23 8
4 8 15
18 20 11
5 9 8
14 17 15
2 6 1
7 11 6
2 6 19
0 4 8
4 7 11
6 7 10
5 8 9
2 5 16
7 9 7
15 20 13
5 7 12
23 2 20
8 12 8
19 21 4
5 8 17
3 8 11
2 5 1
21 0 4
7 10 1
0 3 13
7 11 12
18 22 13
10 13 11
0 4 6
10 13 13
9 9 15
17 21 14
6 8 15
5 8 2
14 16 18
18 21 16
12 15 16
16 18 12
7 8 20
12 15 19
10 13 16
14 17 16
4 5 10
9 12 7
7 9 17
23 2 8
4 6 12
4 7 13
11 15 4
21 23 2
18 21 12
15 21 5
18 21 12
13 16 1
10 14 16
12 17 20
18 20 5
15 19 1
2 5 4
10 14 14
11 13 3
0 3 13
17 19 19
4 8 2
23 1 11
0 3 11
4 6 7
16 19 1
2 6 3
5 8 15
14 16 1
17 20 9
14 17 8
11 12 7
11 15 12
7 9 4
14 15 17
4 6 12
6 10 17
20 21 15
0 2 8
13 16 15
5 9 19
7 11 8
14 17 9
17 20 7
2 7 18
6 10 18
22 1 9
14 16 12
0 2 17
20 22 16
20 22 2
14 17 4
7 10 4
1 4 3
15 17 12
19 22 2
4 8 17
9 11 20
18 21 1
11 14 18
13 16 6
20 23 10
5 7 2
18 19 18
8 11 8
22 1 17
0 1 5
5 7 15
14 17 11
14 17 17
15 17 19
0 3 9
13 15 10
17 19 4
14 17 18
7 9 18
22 1 18
6 9 14
7 11 2
10 12 11
5 7 16
1 3 1
19 21 14
16 20 1
7 11 3
18 21 19
6 10 5
7 11 6
2 4 14
5 8 11
0 3 8
19 22 14
9 12 7
19 21 13
2 4 6
16 19 11
21 0 5
21 23 18
3 8 6
7 10 14
8 12 16
18 20 14
1 5 9
7 11 6
15 18 10
2 6 17
6 9 20
7 10 9
7 10 6
3 6 9
1 4 17
20 23 11
5 6 6
18 20 18
2 5 8
20 23 13
16 16 20
13 15 19
21 0 19
11 14 11
8 10 6
11 15 12
17 20 6
15 17 7
10 13 9
11 15 9
19 0 16
22 0 7
14 18 1
18 20 20
2 6 7
10 13 10
22 0 15
9 10 15
23 2 1
10 13 1
1 4 15
5 8 13
10 13 7
17 21 7
4 6 2
19 23 3
10 15 11
17 21 9
12 15 5
12 15 13
23 3 6
5 8 14
17 20 11
23 1 2
15 19 10
1 4 9
8 10 5
17 20 12
18 20 17
20 20 13
19 21 19
21 1 1
7 10 18
16 19 5
16 19 17
12 14 11
3 6 17
1 5 5
13 14 2
14 17 2
14 17 17
1 5 13
1 4 11
20 23 9
22 3 10
1 4 19
16 18 9
1 4 8
4 8 17
15 18 20
0 3 10
21 1 13
5 8 11
19 21 19
19 23 16
16 21 11
15 17 13
12 16 1
11 14 13
9 13 12
14 16 17
6 11 7
12 16 4
8 12 5
15 18 2
0 2 9
4 8 17
7 9 4
10 12 18
14 17 4
1 3 15
1 3 11
3 6 2
13 15 4
16 18 14
19 21 18
1 5 1
1 4 15
9 10 5
19 22 4
2 5 10
1 3 13
22 0 3
22 2 8
16 20 16
8 10 7
2 3 8
0 3 19
19 20 2
9 10 12
15 18 7
2 4 9
9 10 14
12 16 17
8 10 20
4 7 16
8 12 17
5 8 4
0 3 14
13 17 14
0 3 2
1 5 14
12 13 10
20 22 11
21 0 19
14 18 9
11 14 12
12 14 5
2 6 15
11 15 7
16 19 4
17 21 17
23 1 16
17 20 1
1 4 17
12 13 15
8 10 2
19 21 20
2 6 10
2 5 19
18 22 13
9 12 10
15 18 7
14 16 13
21 0 3
18 21 8
19 23 12
9 13 18
6 9 11
15 19 3
15 17 18
15 17 1
3 6 4
19 21 17
2 6 6
0 4 19
3 5 2
1 4 6
23 1 16
5 8 7
21 0 16
15 18 5
16 18 5
9 13 2
18 21 6
15 18 1
13 17 3
10 12 13
10 13 17
9 13 8
8 11 20
14 18 15
9 12 12
16 20 2
3 7 10
11 14 10
3 5 19
11 15 7
10 13 5
15 16 11
5 7 6
5 9 6
2 7 8
13 17 2
4 7 7
18 21 20
12 14 1
20 23 13
6 9 1
6 8 6
3 6 7
3 6 7
15 18 9
15 19 20
0 3 3
0 4 2
11 14 17
12 15 16
13 17 13
0 4 5
18 20 5
21 1 12
18 20 10
15 18 13
18 22 8
12 15 10
7 10 1
6 9 12
19 21 20
4 7 18
13 15 9
19 23 20
16 19 2
19 23 13
23 4 4
0 2 14
12 16 13
14 17 20
17 20 13
11 12 18
8 11 8
8 10 5
16 20 13
5 8 8
6 8 3
17 19 15
6 8 8
16 20 14
19 21 5
8 13 18
21 23 2
10 12 2
12 16 13
19 22 20
10 14 15
13 17 8
14 17 7
20 0 14
14 16 14
9 10 4
13 16 15
21 0 16
15 17 20
1 4 20
10 13 14
21 23 5
5 7 13
10 14 9
7 9 16
21 0 19
20 0 12
10 13 7
18 21 20
7 10 1
22 1 10
6 10 6
15 17 14
15 19 6
10 12 10
8 11 15
22 0 18
1 3 20
8 11 3
22 0 12
10 13 1
18 22 14
0 3 16
6 9 7
4 7 16
18 21 3
6 11 5
6 7 10
17 19 5
19 22 13
14 17 10
1 3 4
12 14 7
15 16 15
21 23 4
9 13 5
18 20 19
13 14 18
14 17 2
21 23 4
9 14 9
4 9 2
14 19 16
23 3 6
22 3 20
12 14 1
19 22 17
8 11 12
20 0 20
14 17 18
4 7 19
11 14 2
5 9 4
13 16 12
12 15 5
22 1 19
11 13 2
10 13 15
15 17 14
15 19 11
3 4 8
14 17 5
18 23 8
23 2 12
0 3 4
11 15 17
13 17 9
11 13 11
13 17 20
0 2 17
6 9 11
11 12 1
18 22 9
15 18 10
6 9 5
10 13 19
1 3 18
23 2 15
12 15 14
0 2 10
2 5 6
17 21 16
9 14 2
16 20 19
17 21 20
4 9 7
9 12 15
18 22 13
9 12 4
4 6 6
7 9 10
1 2 8
14 17 12
14 18 17
8 11 17
13 16 19
21 0 17
7 10 19
1 3 5
14 17 5
1 3 15
0 5 3
7 10 10
15 19 20
2 5 7
23 0 13
10 12 10
19 22 5
20 0 16
22 1 7
6 7 8
16 18 8
1 4 15
23 2 20
19 22 6
9 11 12
6 8 12
16 20 5
20 22 14
6 9 16
20 22 4
16 20 12
15 18 17
15 19 16
