3000 20
18 16 7 6 2 8 12 4 5 14 2 1 14 5 19 8 12 7 16 9 
18 5 15
19 8 16
6 18 2
6 16 4
11 23 9
14 2 19
16 4 7
22 9 4
6 17 18
14 2 18
4 16 8
7 20 12
15 3 17
18 4 9
6 18 16
1 15 1
2 14 6
20 7 19
0 13 17
5 19 10
3 15 18
22 10 18
10 22 7
15 2 10
21 10 14
16 5 20
11 22 19
6 19 3
22 11 18
2 14 17
0 11 20
20 9 12
23 10 15
3 16 19
12 2 13
3 15 19
14 4 6
5 17 7
22 11 1
13 2 2
10 0 4
1 14 19
10 21 9
13 2 11
23 11 4
14 4 8
9 22 9
10 21 4
8 21 5
21 9 5
23 10 9
23 11 5
11 22 15
7 20 7
20 9 9
7 19 13
7 19 15
18 7 7
13 2 20
3 15 14
21 9 2
5 17 7
9 21 14
1 13 14
17 5 12
2 15 12
11 0 16
22 10 1
14 3 10
15 0 2
0 11 12
2 15 11
2 14 2
1 13 12
11 23 2
9 21 16
7 18 11
5 18 16
16 3 20
23 13 12
15 3 7
13 2 10
16 4 6
19 7 16
9 21 18
11 22 2
16 5 10
12 1 10
23 12 15
6 18 15
8 22 3
3 15 14
20 7 2
2 13 1
9 21 13
2 14 6
12 0 14
17 6 9
20 7 8
16 4 3
13 2 1
8 19 14
17 6 5
17 4 18
11 22 19
17 4 12
20 6 9
19 6 8
22 9 20
2 12 8
11 22 3
4 18 10
6 17 4
5 19 16
4 16 4
16 4 6
8 19 4
22 10 9
7 18 6
18 4 11
5 16 1
12 2 10
10 22 15
1 13 19
21 8 11
8 21 16
16 4 15
8 20 3
22 10 8
7 19 9
7 21 19
13 1 2
20 9 9
9 23 19
13 1 4
21 11 9
22 9 7
11 0 17
23 11 17
4 17 16
0 12 6
9 22 11
8 20 20
15 2 3
9 21 11
1 12 6
7 20 10
6 16 16
10 22 7
21 8 2
21 9 20
0 12 10
12 0 10
17 4 11
21 8 2
9 21 18
10 22 5
12 23 1
1 13 12
5 17 13
23 10 7
1 12 16
6 16 14
9 21 14
12 21 19
13 2 10
18 8 7
13 1 1
18 6 1
23 11 17
12 22 5
10 22 19
3 16 5
4 17 5
5 17 5
22 10 8
14 2 5
15 3 3
2 13 3
16 1 3
21 11 8
0 10 16
12 1 18
11 23 19
19 8 5
3 14 15
5 16 17
12 23 19
2 15 15
3 16 16
4 16 9
16 4 7
7 18 12
13 0 7
5 17 12
7 19 19
16 4 3
7 19 15
23 11 10
21 10 3
12 2 16
17 6 8
20 7 3
16 4 6
16 3 16
10 21 17
4 16 16
13 2 20
4 14 11
13 1 10
8 20 15
15 3 13
21 9 19
17 4 4
19 9 5
2 14 13
16 4 9
16 5 2
4 14 12
0 14 16
13 23 12
12 23 10
21 9 20
19 6 7
23 9 18
14 2 7
1 12 7
19 6 18
20 7 18
10 22 10
8 20 16
0 13 5
20 9 16
10 23 15
13 1 17
12 1 8
0 12 16
22 9 15
8 19 15
22 11 20
11 22 9
17 4 20
13 23 20
22 11 19
11 0 3
6 19 1
21 8 18
15 3 10
4 17 11
19 7 4
18 7 12
14 2 3
12 0 16
7 20 14
5 17 1
0 12 9
3 14 20
2 14 20
8 19 17
2 14 11
5 17 20
19 6 16
2 13 10
2 14 11
13 1 16
17 3 2
16 3 4
3 14 18
1 12 15
10 22 6
7 18 17
12 23 16
4 15 12
23 11 16
15 2 15
21 9 2
6 18 5
7 19 10
10 22 13
12 23 9
2 15 11
17 5 18
4 17 3
13 0 6
9 20 14
11 0 19
19 8 9
12 1 8
15 5 4
6 18 1
0 13 9
8 21 7
21 8 14
22 11 13
17 6 14
3 15 18
20 7 2
16 4 13
8 18 19
20 9 14
14 1 19
22 10 3
9 21 8
2 14 11
13 1 19
7 19 6
2 14 3
11 0 13
4 16 6
3 14 13
0 11 17
4 15 7
14 2 20
6 19 7
5 17 8
9 20 9
18 5 7
11 0 6
10 22 20
10 21 20
10 22 4
12 0 7
18 5 20
12 1 16
3 15 20
20 7 13
9 19 20
4 18 14
11 23 10
0 13 9
12 1 17
16 5 17
16 5 19
10 21 3
9 20 19
3 12 10
9 21 19
17 5 8
7 19 13
9 20 7
12 23 6
22 10 7
18 6 13
6 19 5
21 9 12
4 15 1
4 16 5
12 2 20
15 3 1
6 19 2
13 23 19
11 23 16
7 18 2
4 16 9
17 5 10
1 13 9
7 20 17
2 14 8
13 1 4
7 18 7
6 17 5
14 2 16
9 21 8
13 3 2
16 4 6
23 10 5
22 11 16
18 6 4
7 21 7
6 17 5
1 13 18
1 14 13
12 23 16
1 14 16
5 16 10
4 14 11
3 14 8
15 4 18
20 9 13
14 1 11
3 14 14
1 12 15
1 13 8
1 15 18
19 8 16
1 13 5
23 11 10
16 4 8
17 5 8
23 12 2
16 4 19
9 21 6
1 11 11
18 7 18
0 12 10
4 15 2
8 20 11
17 4 12
11 22 4
9 23 14
14 2 14
6 20 16
17 5 14
4 16 6
6 18 4
21 10 17
10 21 12
6 18 9
0 12 18
13 2 12
2 13 2
13 0 5
4 17 2
10 22 12
14 1 15
13 1 2
5 17 9
14 3 5
23 12 20
3 15 7
22 9 3
19 8 3
8 21 19
2 14 5
16 4 11
0 12 3
5 17 6
11 0 18
20 8 16
23 13 16
15 1 1
16 5 19
19 8 10
17 5 8
20 7 4
14 2 12
14 1 2
2 15 11
16 6 18
14 2 10
18 7 14
11 22 8
3 14 19
6 19 9
12 0 9
5 17 17
17 5 11
20 9 14
18 6 18
9 20 4
14 23 3
14 1 4
21 9 10
2 15 11
16 4 17
5 16 19
9 22 17
23 10 3
10 21 12
20 8 18
23 11 15
2 14 4
3 14 3
0 13 1
22 9 20
19 8 14
12 0 2
22 11 6
22 10 13
1 13 17
3 15 11
19 7 18
10 22 10
14 2 6
9 20 20
13 1 2
17 7 7
7 17 5
18 7 14
2 15 1
3 16 14
17 5 1
0 12 10
23 13 5
17 4 11
21 9 4
14 1 8
7 18 5
3 16 9
20 8 9
12 22 7
20 7 18
22 9 12
22 11 14
20 8 3
17 6 5
12 23 12
15 4 20
1 13 18
17 4 14
13 3 5
18 8 15
8 20 2
18 7 6
16 4 8
11 23 6
20 8 16
4 17 16
16 5 12
0 13 14
0 14 14
16 3 20
19 5 19
6 18 20
12 1 6
19 8 11
14 1 10
8 22 5
13 1 10
17 4 16
14 2 10
5 18 12
19 7 17
15 2 19
10 22 9
2 15 15
10 21 7
2 15 11
1 12 9
0 13 8
4 15 1
19 8 1
2 15 12
12 0 3
0 11 4
1 11 11
5 17 4
12 2 1
10 23 4
23 11 3
19 9 17
16 4 1
21 8 14
12 1 20
21 9 9
17 6 6
5 17 2
15 3 20
5 16 14
7 20 16
12 1 8
18 5 5
21 8 7
3 14 6
5 18 14
16 2 11
17 5 20
19 5 19
22 10 14
9 21 1
5 17 17
5 16 2
22 11 20
20 9 15
8 19 16
17 4 18
16 4 7
8 21 10
8 20 11
23 11 20
17 4 12
2 14 19
15 3 12
2 12 19
10 22 4
9 23 8
21 10 18
5 16 9
7 20 9
22 9 3
3 17 19
20 8 3
2 16 17
12 0 20
2 14 7
8 20 16
11 0 18
12 23 15
2 14 19
7 21 6
11 23 6
2 16 17
21 8 6
21 8 10
1 13 15
5 18 20
17 6 14
5 18 14
16 5 3
19 7 2
0 12 11
18 7 5
2 15 11
22 10 17
4 16 10
19 6 12
11 23 14
12 0 19
6 19 10
17 5 12
7 20 10
13 23 3
12 0 18
0 13 2
9 19 16
16 4 18
21 8 1
22 11 3
1 13 12
11 23 2
4 18 8
12 0 7
20 7 5
13 2 18
11 22 8
3 14 17
12 0 12
11 0 19
21 8 10
4 16 17
18 6 3
6 18 1
13 23 1
20 9 10
11 0 11
7 18 2
7 19 20
23 12 19
21 9 19
3 15 18
16 3 2
3 15 14
0 13 5
20 9 9
16 4 8
14 2 17
4 15 7
6 18 1
1 15 8
14 0 12
15 4 13
4 15 3
17 6 15
10 23 17
9 21 13
2 14 12
8 21 1
12 1 8
23 13 18
21 8 13
13 2 19
3 14 13
5 17 20
17 5 4
2 15 1
2 13 13
20 8 19
20 7 2
2 15 5
10 21 9
10 22 3
8 20 7
3 16 16
23 12 18
4 15 16
22 10 15
0 13 17
14 2 11
2 15 10
22 10 9
4 17 6
0 12 6
23 12 2
2 14 18
0 13 7
5 16 16
18 6 12
9 20 3
9 21 20
1 12 1
15 2 12
20 7 20
11 0 5
6 19 10
21 9 2
19 7 10
20 9 1
13 1 16
22 11 3
17 5 20
17 5 19
10 23 8
1 14 19
11 23 13
12 23 19
18 6 5
12 0 9
16 3 9
23 11 13
19 6 11
6 19 1
16 4 15
3 15 12
12 2 18
7 19 5
11 1 1
23 10 10
18 8 7
4 15 5
9 22 20
18 7 1
11 21 20
0 11 12
15 5 13
3 16 6
10 22 6
18 6 13
13 2 13
6 18 6
12 23 20
6 18 5
15 3 6
21 8 10
21 7 7
3 14 4
8 19 6
15 3 13
0 12 19
21 8 15
18 6 18
16 4 4
9 21 12
21 10 17
15 5 6
16 4 16
17 6 6
18 6 11
10 21 20
1 15 15
21 10 12
8 22 1
3 16 11
19 8 16
2 15 3
15 2 6
13 2 14
3 16 20
9 21 11
5 19 8
7 18 6
16 4 8
10 22 12
16 5 5
22 8 1
3 14 18
13 1 12
11 23 17
9 21 17
1 15 5
10 23 15
11 23 13
8 20 10
4 16 16
5 16 2
10 21 18
18 6 5
6 18 3
21 9 4
8 19 5
4 17 16
19 8 5
2 16 19
0 13 12
6 18 3
19 6 15
13 22 3
23 11 20
13 0 5
5 16 13
17 5 2
14 3 6
4 17 2
20 7 17
19 8 15
23 10 7
0 12 9
2 13 10
11 23 19
20 9 18
8 20 16
22 9 14
21 8 5
1 15 4
19 6 13
16 6 20
7 19 1
1 12 7
20 9 16
13 1 15
6 18 15
18 5 3
20 10 14
4 16 20
18 6 11
0 11 8
9 21 10
3 16 5
23 12 12
18 6 1
3 14 19
15 3 17
21 9 20
13 0 3
20 9 12
17 7 8
20 6 5
4 16 19
4 16 6
12 23 7
4 16 1
2 16 16
17 6 16
15 2 10
8 20 7
7 18 15
19 6 1
2 13 2
6 18 10
10 23 8
5 17 17
23 11 16
0 14 16
14 3 7
12 1 3
16 3 7
17 6 17
5 16 14
10 22 11
3 14 18
22 10 3
21 7 18
6 18 4
6 18 2
7 20 9
2 12 5
6 20 12
10 23 16
15 3 20
12 2 19
4 15 15
14 1 8
17 6 1
8 20 18
18 6 2
18 4 13
4 16 14
14 3 18
15 3 9
22 11 7
2 14 19
2 14 12
9 19 8
5 16 15
14 1 18
6 18 15
12 23 16
19 6 11
21 10 19
19 6 16
3 15 7
20 8 4
13 0 9
13 0 8
1 13 18
23 12 18
8 19 13
8 22 20
23 11 10
13 23 6
2 14 6
8 19 3
18 6 16
18 6 5
14 1 8
8 20 19
2 14 4
23 9 3
9 20 6
23 12 4
9 22 9
15 4 17
8 22 2
6 15 3
23 11 1
3 14 3
13 0 4
12 21 3
21 9 14
18 7 3
14 1 19
2 15 5
1 13 5
3 14 12
14 1 11
12 23 14
9 20 16
4 16 8
23 11 18
15 3 2
2 14 10
15 6 6
10 22 2
19 9 7
16 5 8
18 6 9
5 17 17
7 20 20
13 1 19
11 1 12
22 10 18
3 14 20
10 22 10
17 4 1
16 4 3
6 18 15
23 12 6
1 13 2
14 3 4
7 20 16
3 15 12
11 23 8
0 13 16
14 2 20
13 3 9
13 2 8
17 6 8
21 7 1
23 11 18
21 7 6
4 16 20
7 19 9
20 9 13
7 21 6
19 7 1
8 21 6
23 11 10
12 0 14
1 13 3
19 7 19
13 2 20
10 21 5
21 11 4
8 20 10
15 3 11
16 4 10
18 6 16
8 21 20
0 12 17
23 12 19
10 22 3
17 5 3
16 5 18
21 8 8
4 16 6
12 0 18
8 20 13
7 18 2
17 7 1
14 2 9
17 6 4
7 20 5
18 7 4
10 22 3
2 15 8
15 3 9
8 20 10
8 21 6
19 8 11
6 21 17
9 20 2
22 9 20
6 18 13
2 14 7
0 13 2
14 3 3
13 0 15
16 2 7
0 12 19
1 13 7
6 16 2
12 0 17
21 9 5
21 7 18
20 8 1
0 14 1
22 10 19
0 12 2
22 9 6
17 6 12
6 19 2
1 14 19
18 5 14
9 20 1
4 19 11
21 8 7
7 20 20
9 20 18
22 10 11
21 11 1
21 12 5
15 3 10
21 8 7
23 11 12
2 14 7
23 11 17
15 3 6
2 13 15
11 23 4
13 2 20
20 7 11
11 22 20
7 20 2
4 18 15
11 22 15
18 7 2
18 5 11
3 14 7
1 12 5
18 7 20
16 5 9
19 8 14
17 5 8
22 9 14
5 17 7
4 17 18
23 11 16
15 4 5
12 1 2
2 14 13
19 8 19
8 20 5
7 20 2
21 10 19
5 18 19
5 16 3
16 4 15
23 12 9
1 13 11
16 5 10
21 9 13
18 6 4
19 5 20
0 13 18
6 19 13
23 11 1
4 18 5
4 16 5
22 11 4
20 9 3
14 2 14
14 3 18
11 1 4
6 17 5
18 7 19
21 10 16
17 5 12
3 15 16
0 12 18
10 21 19
0 12 2
4 17 16
8 19 14
1 13 8
11 23 19
16 4 10
11 23 16
5 16 8
0 12 12
1 13 2
18 6 13
10 23 6
9 20 11
12 0 20
11 23 10
10 23 13
21 9 15
9 20 13
7 18 13
6 18 6
17 5 17
21 9 17
3 15 16
8 20 16
19 8 12
2 15 20
22 8 13
19 7 6
11 23 5
21 7 9
6 18 19
15 4 14
4 18 4
15 3 3
1 13 11
1 14 7
18 7 18
5 17 20
9 22 16
10 22 11
15 2 19
4 16 6
3 16 20
9 22 6
18 5 4
22 10 6
14 4 14
4 15 11
9 20 16
18 7 2
12 1 10
0 11 16
10 23 18
10 20 20
7 20 10
1 12 14
8 20 7
7 18 11
12 1 17
4 13 19
21 8 3
14 4 2
19 8 20
1 12 12
15 2 4
12 0 10
19 8 10
0 12 15
5 18 7
19 7 2
11 22 20
3 14 18
15 3 8
2 16 16
7 22 3
19 8 6
17 6 6
10 20 9
23 10 2
11 21 6
12 1 8
8 20 17
20 9 18
15 3 14
11 1 16
9 21 19
7 19 4
0 13 5
2 14 2
18 4 17
10 22 20
16 5 11
11 22 9
5 17 19
17 5 2
5 17 3
17 5 18
4 15 17
3 16 17
4 16 9
9 22 13
2 14 8
14 1 3
13 1 14
14 1 6
2 16 17
1 12 10
7 19 12
1 13 7
19 6 12
22 9 8
3 14 16
3 14 9
16 3 19
14 3 7
2 15 15
3 15 7
15 3 18
18 7 10
6 17 5
8 20 1
17 5 6
3 15 13
6 18 11
15 2 9
7 18 18
18 5 7
6 16 13
11 0 13
17 3 11
15 1 11
19 7 13
12 0 7
3 17 6
11 23 1
16 5 2
2 14 1
18 4 2
10 22 3
11 23 13
7 18 9
10 21 6
16 4 4
3 14 15
20 8 7
1 13 4
8 18 15
20 8 9
14 3 12
4 15 12
8 19 8
10 21 9
3 14 6
0 11 18
3 14 2
1 12 19
19 6 5
2 14 2
16 3 6
11 22 19
12 23 4
6 19 9
7 20 12
18 5 12
2 14 12
0 13 13
15 2 15
18 7 20
15 3 1
7 20 16
20 9 15
21 9 10
11 23 6
14 1 16
17 3 12
4 17 18
0 12 13
19 7 2
9 21 14
19 8 14
21 9 20
7 19 11
3 15 9
1 12 7
13 2 4
18 5 20
21 10 2
15 3 13
9 19 5
2 13 17
15 3 15
14 2 5
5 17 18
22 12 15
23 12 18
1 11 16
4 15 9
10 22 4
17 6 15
15 3 1
9 21 17
18 6 13
11 23 12
2 12 19
9 21 17
4 15 18
23 11 11
3 14 7
18 6 19
7 20 2
0 12 16
15 3 1
9 21 17
21 9 15
1 12 20
18 4 19
23 9 1
1 12 5
22 11 17
1 10 13
9 20 3
12 23 4
1 15 2
12 1 3
20 8 20
8 21 2
13 2 5
3 17 4
1 12 7
20 8 5
22 10 10
21 9 17
21 10 1
15 5 2
0 12 9
0 9 10
10 23 7
21 10 19
17 4 19
14 4 4
10 22 19
23 12 12
3 13 1
14 1 1
4 15 15
6 20 17
6 19 10
8 21 7
6 18 8
20 8 13
19 8 1
10 23 13
10 21 9
5 17 6
15 5 9
8 21 13
3 15 1
19 8 11
23 10 13
8 21 20
7 18 17
8 19 18
14 0 6
22 9 4
5 16 7
22 9 11
17 4 8
9 20 18
21 9 20
21 9 19
12 0 11
4 17 4
8 19 2
0 11 15
19 7 8
4 16 1
15 3 7
1 13 2
20 8 1
2 13 20
4 16 20
11 22 19
16 4 1
23 10 2
17 6 12
3 15 18
14 2 18
15 3 17
4 16 6
6 17 16
21 9 20
19 6 12
5 17 3
23 11 2
5 15 12
12 22 8
21 9 12
10 22 16
10 21 9
0 11 10
14 2 2
21 10 6
9 21 14
9 21 13
4 15 3
15 1 13
12 23 1
16 5 12
2 15 16
15 2 6
20 8 5
0 11 10
0 12 19
0 11 13
6 18 9
11 1 12
20 9 6
4 16 9
10 23 7
11 23 5
5 17 9
2 14 12
1 14 15
7 18 10
14 2 9
16 5 2
18 5 18
22 13 16
0 13 3
21 7 4
15 4 1
17 8 12
1 14 13
6 17 20
6 17 14
10 22 11
21 9 18
3 15 8
2 14 1
1 13 5
19 8 16
16 3 7
15 2 11
4 17 6
0 11 11
10 20 3
4 16 20
22 11 13
3 15 11
11 1 7
16 3 18
1 14 20
9 21 3
22 10 6
11 22 2
7 20 9
1 12 14
21 11 7
11 23 14
8 21 18
8 22 10
2 14 6
23 10 8
9 20 11
4 15 10
3 16 15
9 20 4
22 10 7
22 11 12
3 16 11
5 18 14
23 10 8
12 1 6
20 8 17
8 22 10
14 1 7
18 5 6
15 3 7
20 8 3
0 12 17
12 1 1
8 19 15
18 5 17
13 0 6
22 9 1
10 0 16
7 19 15
18 5 9
6 18 9
16 6 16
12 2 12
5 16 2
16 4 10
2 13 10
6 18 19
15 4 4
7 19 8
1 12 13
21 8 11
18 5 19
12 2 14
1 12 10
15 3 4
0 12 9
5 17 18
12 1 3
13 2 11
19 7 13
9 21 13
21 9 17
14 2 19
15 4 18
17 4 10
9 20 14
5 17 4
19 6 15
3 15 17
23 12 5
9 23 9
19 7 12
18 8 10
8 20 1
2 14 12
15 4 10
2 12 16
1 12 15
15 3 8
19 9 20
0 11 11
22 9 2
15 2 3
7 20 3
7 19 19
20 9 4
10 23 7
19 8 6
16 7 19
18 6 5
11 1 1
6 17 11
15 5 1
19 10 10
7 18 11
10 22 11
2 14 13
4 16 16
9 22 5
10 22 19
23 9 9
17 5 6
4 16 4
16 5 20
15 3 8
6 18 10
3 17 2
9 22 18
12 0 17
23 11 8
5 18 11
15 5 1
7 18 16
16 4 11
23 11 5
21 12 1
6 17 8
2 15 19
7 20 7
1 14 14
0 11 12
13 1 11
4 16 9
15 3 2
4 16 15
13 2 2
15 3 10
8 22 9
10 21 18
6 19 8
22 11 18
1 13 18
19 7 18
3 15 1
9 21 6
0 11 10
11 23 16
21 8 1
2 14 19
20 9 2
22 10 10
22 9 19
20 7 16
19 7 15
0 11 4
21 11 14
21 8 5
4 17 8
22 10 1
8 19 1
21 9 18
14 2 5
4 16 20
8 19 19
18 7 4
2 14 15
9 21 12
10 23 2
11 0 12
7 20 6
14 2 12
11 23 5
23 12 15
2 14 19
0 10 16
11 0 3
21 7 11
20 9 16
5 16 8
18 8 12
22 11 18
10 23 8
6 18 14
10 21 16
20 8 3
11 22 6
14 1 12
20 9 9
17 6 4
18 6 18
18 5 17
5 19 9
6 18 3
17 7 20
19 8 9
7 20 14
13 23 9
16 5 17
22 10 5
16 3 8
1 14 7
4 18 11
4 16 5
2 13 13
22 9 1
17 5 14
13 2 6
7 18 12
1 13 9
20 8 4
9 20 8
22 10 19
9 22 12
20 8 9
22 10 11
1 13 6
22 9 18
3 14 16
10 22 13
4 15 11
21 10 17
17 4 19
15 2 5
14 2 17
4 15 17
11 22 18
22 8 11
4 17 11
2 13 10
0 12 7
6 17 12
2 15 20
7 19 4
11 22 3
0 12 3
18 8 15
18 5 15
22 10 6
19 7 1
1 12 7
12 0 10
21 8 2
20 7 10
3 13 3
13 0 19
4 16 5
1 13 6
8 20 20
3 14 18
6 16 16
6 19 14
18 6 10
21 9 18
2 15 20
4 15 9
23 12 3
5 18 5
13 2 11
14 2 2
10 22 7
21 9 6
7 18 7
18 7 6
0 12 7
10 21 16
0 12 14
4 14 16
23 13 17
6 19 8
13 2 14
15 2 16
16 3 17
8 21 6
7 18 9
17 4 17
0 12 17
10 23 5
1 13 1
13 23 14
2 15 20
4 15 20
2 13 13
6 20 9
17 5 1
21 10 8
22 10 3
15 2 20
1 14 14
15 5 18
8 19 14
7 19 6
11 23 3
11 23 1
7 21 14
3 14 3
18 4 17
23 11 13
6 18 18
4 16 3
20 8 14
20 9 7
22 11 20
12 0 18
22 10 6
14 1 20
18 5 9
5 16 16
9 21 20
0 12 20
10 21 15
6 19 10
15 4 9
6 17 6
10 23 13
16 5 16
3 14 10
3 15 17
5 16 6
16 5 10
11 0 20
2 13 2
2 15 3
17 5 15
11 0 11
12 0 17
19 6 14
15 4 8
9 21 19
22 10 17
23 11 9
4 16 19
21 11 4
4 18 13
12 0 8
1 15 1
15 0 11
9 19 20
2 13 9
21 9 10
10 21 5
18 5 11
15 1 8
9 22 16
6 18 8
1 13 17
14 2 10
5 18 19
16 4 19
7 20 13
17 4 11
14 2 2
5 17 2
1 14 4
1 14 19
15 4 5
5 16 15
16 4 9
10 23 18
20 6 12
11 22 9
12 23 10
14 2 3
15 1 15
2 14 8
7 19 10
9 21 4
8 19 12
5 17 20
14 3 2
22 10 11
11 23 14
22 11 9
11 0 12
21 9 8
19 7 13
12 2 15
20 9 12
10 21 3
13 0 17
21 10 10
17 4 5
19 9 16
14 3 2
14 2 17
20 8 20
14 2 17
8 21 6
20 10 3
4 16 2
1 13 18
15 5 3
17 5 17
0 11 16
14 2 18
1 13 15
16 6 13
1 15 6
1 13 16
3 15 11
15 3 5
23 11 6
0 11 16
6 19 1
13 1 17
18 5 10
15 4 13
10 21 6
11 0 17
11 22 4
1 14 2
19 9 18
23 11 14
20 7 16
2 14 11
17 6 20
19 8 5
22 11 14
0 12 14
14 4 3
19 8 20
12 23 16
0 13 17
1 13 7
20 8 8
0 12 20
13 0 20
6 17 13
16 5 14
2 14 4
15 2 2
23 10 16
19 8 4
12 1 10
1 13 15
22 11 4
20 6 17
13 1 15
0 13 1
21 8 8
2 14 2
6 16 5
20 8 6
19 6 1
23 12 13
15 4 13
12 1 1
6 17 7
19 7 8
9 20 2
14 3 7
11 23 14
10 22 17
1 14 17
4 15 17
1 14 3
0 10 2
7 19 16
6 19 14
20 9 16
16 4 11
13 1 17
19 8 14
4 14 6
2 15 2
20 8 15
11 22 6
15 2 3
11 23 16
22 9 2
6 18 7
3 12 3
13 2 11
20 8 4
8 19 8
19 9 4
22 9 7
22 10 4
0 11 13
9 23 4
19 7 12
19 7 3
23 11 13
13 0 1
12 0 9
11 0 16
20 7 4
9 21 17
2 15 4
0 13 14
12 0 11
7 19 5
22 8 2
0 12 18
10 22 12
15 3 19
15 2 7
15 3 16
5 17 9
21 9 2
19 6 17
9 20 16
12 23 18
7 20 16
3 16 2
23 11 14
15 3 10
14 1 14
4 16 13
2 12 20
22 11 10
15 3 14
6 17 16
14 2 5
21 10 4
4 15 1
7 19 7
13 1 18
12 23 9
4 14 5
19 6 13
8 20 12
13 0 17
22 10 14
17 6 6
15 4 1
23 12 6
10 21 12
10 22 8
7 19 16
11 22 11
11 22 13
21 9 20
2 15 6
13 1 9
4 16 9
20 7 9
6 19 11
7 18 18
16 3 20
10 23 2
7 19 13
19 9 7
14 1 19
0 12 7
9 21 17
16 3 1
0 14 11
17 4 15
9 20 7
9 22 10
6 19 20
12 22 20
13 2 16
7 19 1
12 0 19
17 7 13
4 16 15
2 13 3
6 19 8
3 15 9
6 19 20
7 20 11
17 5 9
16 3 13
4 17 7
5 18 9
0 13 3
4 16 5
15 5 3
3 13 6
23 12 3
22 10 6
0 10 10
10 21 5
18 7 14
1 12 11
11 23 16
14 1 2
19 7 7
20 9 18
14 0 14
7 20 17
2 16 16
21 9 14
2 13 10
2 13 20
16 3 11
20 7 1
0 13 12
22 11 16
1 14 12
5 16 4
16 3 19
22 12 12
2 12 15
14 1 2
9 21 12
20 7 1
19 7 4
7 20 20
11 21 3
16 4 16
6 19 2
15 3 11
10 22 2
23 10 5
18 6 7
23 12 2
6 19 15
5 16 20
13 23 6
11 22 9
4 15 2
11 22 8
18 4 10
10 22 18
14 2 14
3 16 18
4 16 10
20 9 9
19 8 20
12 23 4
13 1 12
1 11 14
17 5 18
8 19 7
10 21 15
3 14 10
17 5 5
0 11 14
17 4 12
23 11 17
14 2 1
17 3 20
3 15 4
20 7 3
21 11 13
1 13 12
14 1 4
8 19 5
1 14 11
21 9 2
19 7 10
22 11 6
4 17 14
15 1 4
17 5 14
16 5 5
0 13 1
20 8 18
16 4 1
9 20 18
3 15 1
18 5 18
17 6 18
18 7 5
19 7 19
4 17 3
17 5 7
18 6 10
9 22 2
9 20 15
21 9 7
10 20 3
5 19 1
1 12 2
17 6 16
5 17 18
6 17 18
17 4 5
7 19 16
20 7 17
16 3 3
3 15 7
12 0 16
23 11 2
9 22 20
4 16 11
16 3 13
15 3 16
9 22 14
5 17 6
23 11 6
14 3 13
0 12 3
17 4 12
1 13 2
17 6 19
11 21 9
0 12 19
17 4 4
3 15 19
15 2 1
2 13 9
20 8 6
5 18 2
11 23 10
18 7 13
5 17 1
11 22 10
5 17 19
5 17 20
5 19 6
3 15 18
12 2 2
11 23 4
18 7 12
5 18 20
10 0 8
11 23 11
20 9 15
7 20 20
6 18 10
0 13 5
6 17 3
18 5 18
17 6 18
10 23 3
11 0 12
8 22 3
22 12 7
2 16 4
19 8 9
1 13 6
20 9 9
22 9 2
0 11 18
14 2 1
16 5 10
22 9 19
12 0 3
8 19 9
19 7 17
2 13 5
11 22 8
23 11 20
14 2 9
23 12 9
12 22 14
13 1 5
8 22 15
15 3 17
17 4 4
13 1 20
11 22 13
14 0 2
10 22 18
21 8 9
4 15 17
18 5 18
6 17 17
12 1 4
10 22 20
2 15 18
16 2 8
7 19 4
12 0 12
1 12 13
14 1 5
10 22 18
4 16 13
19 7 2
7 21 12
8 19 12
1 15 17
1 13 18
21 10 17
13 0 4
10 22 17
19 7 14
4 17 2
9 23 15
3 14 18
19 5 17
2 13 20
0 12 15
3 16 1
22 12 10
18 6 12
17 4 2
5 17 8
1 12 13
3 14 8
4 15 12
6 18 2
23 12 8
17 6 19
8 21 11
20 8 16
10 23 20
3 14 11
22 13 11
23 12 3
23 11 20
3 15 7
16 4 10
7 20 20
15 5 14
18 7 3
12 1 7
20 7 14
7 18 13
6 17 3
14 2 18
13 0 18
8 19 19
18 7 3
17 7 7
13 2 11
3 15 8
4 15 10
6 18 20
10 0 5
0 10 9
22 12 2
1 15 4
22 12 5
17 6 15
18 5 19
4 17 12
0 10 9
20 6 13
3 15 14
4 17 11
7 19 4
11 0 2
23 12 18
6 20 15
11 22 5
1 13 20
18 7 8
19 8 8
9 21 10
13 0 1
2 14 2
10 23 17
10 21 13
2 14 16
18 6 15
9 21 10
9 21 7
23 11 20
19 7 20
13 2 8
5 16 2
16 3 4
9 22 19
8 22 8
17 7 12
16 3 20
1 12 10
0 12 18
8 22 17
2 14 14
5 17 8
11 0 7
12 1 14
20 7 3
16 3 1
11 23 10
3 13 10
17 5 18
13 1 6
5 18 19
10 20 3
1 13 14
4 16 2
12 23 8
5 18 11
17 6 10
14 3 16
8 19 10
9 23 9
13 3 12
19 7 5
15 4 5
18 6 18
15 3 9
6 19 20
19 7 11
20 8 1
0 13 11
4 16 12
8 21 3
7 20 1
0 11 13
13 3 8
6 18 12
21 7 16
9 22 8
7 20 18
23 11 10
18 5 19
10 0 16
13 1 6
19 7 4
1 12 20
11 0 18
17 4 9
13 0 2
22 9 12
5 17 20
11 0 3
18 6 20
4 16 7
7 19 1
22 11 11
4 16 20
1 13 18
0 11 20
23 11 1
18 5 8
21 9 5
12 23 16
1 14 12
13 1 7
19 6 3
1 13 16
22 11 18
5 19 20
16 5 16
16 5 13
7 18 4
8 22 5
14 1 11
4 18 9
10 23 2
3 15 12
1 15 14
9 21 20
0 10 2
13 2 14
3 17 3
21 9 12
18 5 6
8 22 8
13 1 2
15 1 13
15 2 20
14 2 9
14 3 2
9 22 1
20 10 11
12 23 3
9 22 18
13 1 13
10 23 7
0 12 2
22 11 7
7 18 3
12 0 8
4 15 6
23 11 14
12 23 16
18 7 1
14 1 10
12 1 15
4 16 17
22 10 16
20 8 4
5 18 2
21 11 3
11 0 7
17 5 7
2 14 11
17 6 8
16 3 17
15 3 20
16 4 4
20 9 16
13 1 5
22 10 10
6 17 10
6 20 12
18 6 9
9 21 8
14 2 6
4 16 14
19 9 6
15 2 8
17 4 19
11 0 4
5 18 14
13 3 12
2 14 10
8 20 5
11 23 10
16 3 9
18 6 16
18 5 6
15 3 19
5 16 7
7 19 9
8 19 8
10 22 12
9 21 3
20 7 9
0 13 4
0 12 5
15 1 18
23 12 10
23 10 9
11 23 17
15 3 13
3 15 3
17 6 10
5 17 11
3 15 8
9 21 7
19 7 10
9 20 4
18 6 12
5 16 6
5 15 17
5 19 2
3 14 16
16 4 15
22 9 10
12 22 8
12 0 14
9 20 5
16 3 5
18 6 12
7 18 8
18 7 3
2 14 5
1 14 5
17 4 19
2 15 15
14 2 19
21 10 8
11 0 15
18 5 3
4 17 5
2 12 14
13 1 10
14 2 3
0 13 2
22 10 15
11 0 4
15 1 16
9 22 4
20 10 3
14 0 3
16 4 13
14 3 5
20 9 11
23 12 3
22 10 14
21 10 9
14 3 5
14 3 16
0 12 4
17 5 20
14 1 18
8 19 2
14 3 12
8 20 13
19 7 1
23 11 12
16 3 19
1 13 18
13 1 3
6 20 17
2 14 11
7 19 16
23 10 11
0 12 17
7 19 14
23 11 15
22 11 12
21 8 10
17 4 1
20 8 16
9 20 8
0 13 3
23 12 10
9 21 20
20 7 12
1 14 10
6 19 20
3 15 14
16 5 12
1 12 7
16 4 16
6 19 4
2 14 10
4 17 1
19 6 11
0 13 7
15 3 12
6 18 11
13 0 7
11 0 20
9 20 4
11 0 15
18 5 16
19 6 14
14 3 11
14 4 14
19 6 1
11 22 5
2 13 20
20 7 20
13 2 17
18 6 10
21 9 1
15 1 5
16 3 18
5 19 10
20 8 14
15 2 7
13 2 18
8 21 11
14 2 7
6 19 8
16 4 6
1 14 20
22 11 5
3 15 17
10 23 15
22 10 12
17 6 19
6 18 5
11 1 19
7 19 17
11 0 6
9 20 20
15 4 4
8 20 7
19 8 2
4 16 8
16 4 2
19 7 9
15 4 7
9 21 9
0 10 1
6 19 18
12 0 3
12 0 15
7 18 2
2 15 7
2 14 17
3 15 9
5 18 6
3 15 1
12 1 17
2 15 7
23 11 3
9 20 15
11 23 1
4 16 9
12 0 7
9 19 7
15 4 5
11 22 4
19 9 6
14 3 3
8 21 16
6 17 12
10 22 13
12 0 20
17 5 14
23 10 4
11 22 14
11 23 2
12 22 15
6 19 5
19 6 8
15 3 14
17 5 11
13 1 8
21 9 11
1 14 3
13 3 12
22 9 14
7 19 17
5 15 13
21 9 14
20 8 13
7 20 7
10 22 8
18 7 9
9 21 3
1 15 9
14 2 3
23 9 12
15 2 5
7 20 16
22 8 9
18 7 5
14 2 20
2 14 7
7 20 3
20 6 12
16 3 5
19 7 14
13 2 15
9 22 18
12 0 6
16 4 5
2 15 17
10 22 6
8 20 8
6 18 9
19 6 19
7 19 18
5 16 16
11 23 16
20 9 1
9 21 1
4 17 6
12 0 6
1 13 10
18 6 15
16 4 16
10 23 15
19 6 4
11 23 14
2 13 6
16 5 5
4 15 18
12 22 5
3 16 14
15 4 15
18 6 18
0 12 4
15 3 10
13 2 11
10 21 14
22 10 6
7 18 2
16 6 16
19 8 9
18 7 14
18 6 2
22 12 5
5 17 10
1 13 18
2 15 9
7 19 6
8 21 20
16 4 7
0 12 20
6 19 17
8 20 8
4 17 14
7 18 7
14 2 6
12 23 6
22 10 14
11 23 9
3 15 3
22 10 3
16 4 4
11 23 16
4 17 18
22 9 7
6 18 17
21 10 12
22 10 15
6 19 7
19 7 18
7 19 9
16 4 5
11 23 1
13 23 8
10 22 17
11 1 9
18 5 15
5 15 6
14 2 19
4 15 8
10 21 11
11 22 14
10 22 7
14 1 4
10 22 15
0 11 19
17 5 13
1 12 13
21 8 10
8 22 19
15 3 9
18 7 12
23 11 1
3 14 12
10 20 4
10 20 10
17 7 3
22 11 13
12 1 7
10 23 15
19 7 20
4 17 11
10 20 2
8 20 13
22 10 14
11 23 20
1 14 9
17 5 12
1 12 6
15 1 5
22 11 2
6 18 16
4 15 5
6 18 17
0 12 18
13 2 20
15 3 1
5 17 9
5 17 19
4 16 19
21 8 12
5 17 5
19 8 10
1 14 11
3 15 6
14 1 8
11 23 19
23 10 6
8 19 2
14 3 18
6 18 10
12 1 17
13 2 8
21 8 14
13 1 6
17 6 13
18 7 14
14 2 15
2 13 6
0 13 4
19 8 1
13 1 1
22 11 14
21 8 11
1 14 13
13 2 18
14 2 18
19 7 6
9 19 6
0 12 7
7 19 12
17 4 10
17 4 18
17 4 5
5 16 16
10 21 11
22 9 11
16 4 9
9 20 2
16 4 18
14 2 18
7 20 15
22 10 18
13 3 5
14 3 16
1 13 8
13 1 13
13 2 8
4 17 5
4 18 4
20 8 14
5 16 4
8 19 18
22 9 20
18 7 3
23 10 8
13 1 6
7 18 8
22 10 2
3 15 7
3 15 7
1 12 19
5 17 3
8 19 17
10 21 1
1 14 14
9 20 17
12 2 20
3 16 16
1 13 1
2 13 15
22 10 18
5 17 9
15 4 2
20 7 5
13 2 13
0 11 5
1 14 8
8 18 8
20 8 10
0 13 17
16 3 15
11 0 10
15 2 19
10 21 13
13 2 9
6 18 1
22 10 12
10 22 7
13 2 13
17 6 7
13 1 8
11 22 7
12 0 3
17 5 8
1 14 1
8 18 8
17 4 9
10 23 12
16 3 6
12 0 3
12 1 15
9 21 14
8 20 6
15 3 4
0 13 6
1 16 20
1 11 7
13 2 16
22 8 15
20 7 9
2 15 15
2 15 17
16 4 11
19 7 17
5 17 18
5 18 1
1 13 7
20 6 15
9 22 1
18 8 19
17 4 3
15 2 6
4 16 16
10 22 8
12 1 10
4 15 17
9 20 2
19 5 6
14 3 5
4 16 4
0 11 12
17 5 19
5 16 18
10 23 3
1 14 10
14 1 1
6 18 16
8 18 19
12 2 10
4 15 1
3 17 4
15 4 6
21 8 6
17 6 18
4 17 6
21 10 19
22 11 1
13 1 17
6 18 3
3 17 17
8 20 1
15 4 14
4 14 20
2 14 17
7 21 18
16 4 18
8 20 13
23 11 18
17 5 10
18 6 3
14 4 16
15 5 18
5 17 2
18 4 10
20 9 4
22 11 12
6 18 1
0 11 12
17 6 11
3 14 20
4 14 2
11 0 18
1 11 3
22 8 3
21 10 13
2 15 4
19 7 2
13 2 5
23 12 4
6 18 15
12 1 4
0 10 6
0 11 7
14 3 17
10 23 13
20 7 4
12 22 18
5 17 4
11 0 13
1 13 18
9 20 20
16 2 16
4 16 18
0 11 8
8 20 13
23 11 4
6 19 6
23 11 19
10 21 1
0 11 17
7 19 6
2 16 1
20 8 14
20 6 8
6 19 16
7 19 12
23 11 7
17 3 18
12 0 18
19 7 3
5 17 1
22 10 1
5 18 5
1 13 7
1 13 15
3 15 1
8 19 12
1 13 11
11 0 16
23 12 20
2 13 13
10 21 18
5 16 16
6 18 20
17 5 20
20 7 9
22 10 7
12 23 8
18 7 16
19 8 14
6 18 3
0 12 8
17 6 18
4 17 1
22 11 20
14 2 11
23 11 5
2 14 6
13 2 3
20 9 6
7 20 15
20 8 3
7 19 4
12 23 18
17 7 8
7 19 4
8 19 16
6 19 9
10 22 15
4 16 4
22 8 11
22 9 18
5 19 7
19 8 2
0 12 13
13 0 1
7 18 16
15 4 19
15 3 3
22 10 5
22 10 7
8 19 8
11 0 8
14 3 13
20 8 16
20 9 6
7 18 2
8 20 2
23 12 3
