1000 20
5 7 13 4 7 14 20 7 8 10 17 16 4 2 5 17 13 5 20 9 
23 2 12
2 7 20
12 16 1
12 16 9
6 9 20
5 10 2
5 10 12
22 1 18
19 0 14
1 5 13
22 2 15
3 7 6
8 11 16
1 3 14
19 0 7
18 21 13
18 21 16
1 6 8
0 3 6
19 22 6
3 8 20
12 17 10
19 22 4
20 0 15
12 17 2
18 21 11
1 5 4
16 19 1
18 21 18
1 5 11
21 23 14
8 11 3
4 8 20
16 22 17
3 7 17
3 7 7
4 7 3
1 6 17
3 7 15
23 4 18
14 17 16
14 19 10
9 13 16
6 9 11
11 15 14
16 20 6
23 4 11
22 2 5
20 23 8
21 2 2
4 6 19
22 0 5
17 21 17
23 4 3
13 15 3
6 11 14
9 14 14
0 4 20
10 13 4
22 2 8
17 0 1
7 12 15
18 22 1
6 10 8
3 8 15
13 18 5
4 9 4
19 20 15
3 9 10
8 13 14
10 13 14
8 13 5
9 13 3
19 23 10
21 1 8
22 2 15
9 14 6
7 12 8
23 3 2
18 23 5
1 5 1
5 11 12
3 8 12
18 23 5
3 8 20
16 20 16
2 4 2
6 10 17
7 11 9
15 20 10
15 19 2
17 21 19
1 7 9
20 1 18
19 23 11
9 14 16
14 18 13
9 13 6
8 12 13
0 3 6
23 3 19
12 16 9
4 7 7
18 21 11
3 7 1
2 5 8
5 9 13
9 13 16
9 13 4
13 16 7
3 8 17
19 23 2
1 5 1
9 13 3
23 6 1
19 22 2
22 2 16
11 16 19
17 20 17
14 19 4
10 14 3
10 12 19
7 11 13
23 2 8
20 1 4
16 20 15
20 23 16
23 2 20
0 4 15
16 18 5
3 6 1
6 10 11
7 11 17
8 13 1
14 16 11
1 6 19
14 17 5
7 10 20
23 2 4
4 6 9
14 17 14
6 9 10
12 16 6
1 6 3
8 13 3
12 15 11
2 7 9
11 14 13
14 19 9
0 3 16
2 5 9
0 4 4
18 22 10
15 19 17
23 4 5
22 2 9
19 23 1
13 16 9
9 14 3
4 8 12
17 23 12
9 14 13
1 6 13
23 5 11
15 20 18
17 20 7
11 14 6
15 19 4
19 23 9
19 23 5
11 17 19
0 4 6
1 5 14
11 15 19
5 6 15
8 13 20
21 1 17
4 7 10
8 10 5
16 21 18
13 17 14
2 5 14
7 11 11
15 21 14
2 8 13
18 23 12
20 23 2
18 22 4
10 16 15
4 8 20
18 22 20
20 0 13
12 17 8
10 13 6
22 1 13
10 14 10
14 19 12
6 9 6
19 23 6
2 5 13
4 6 20
8 12 13
18 19 16
1 4 6
17 20 5
6 9 8
16 20 20
19 1 8
1 4 6
11 16 3
21 0 9
13 16 2
23 2 14
2 4 3
7 13 14
8 14 17
1 5 8
15 20 20
5 10 6
12 15 17
2 7 5
22 1 11
14 17 1
16 18 19
9 15 16
18 22 7
15 19 16
15 19 6
21 1 2
4 8 9
12 17 10
7 11 11
12 16 17
18 22 13
6 11 5
16 19 13
14 19 3
5 10 12
2 5 18
19 23 2
11 17 6
23 3 16
17 22 13
2 5 3
19 23 20
7 11 10
2 5 1
23 2 12
13 16 19
15 18 13
3 9 5
2 5 12
12 14 15
21 3 1
15 20 10
11 16 1
6 9 17
18 21 20
22 2 15
16 21 5
2 5 11
0 6 20
0 3 11
15 19 17
0 3 4
11 15 12
0 2 5
12 16 19
13 17 20
23 4 8
10 14 18
3 5 20
7 10 15
6 11 16
9 12 6
5 10 20
14 19 7
7 11 1
11 18 11
7 13 18
8 13 5
1 4 2
22 4 20
20 0 18
14 17 5
18 23 17
10 14 5
16 19 6
12 16 19
12 16 16
14 19 9
2 6 12
6 9 12
12 17 8
21 2 12
18 22 17
23 3 10
11 16 9
14 18 12
14 19 13
9 13 3
1 4 17
19 23 14
7 13 20
5 10 15
6 10 13
6 11 9
10 14 5
17 19 19
21 0 4
4 9 13
4 9 1
1 6 6
3 9 10
3 7 11
13 16 16
4 8 15
0 4 10
13 16 18
3 7 20
18 19 12
13 18 17
11 13 17
14 17 18
13 16 11
20 1 15
1 5 19
13 18 16
10 15 4
3 7 15
4 7 2
17 21 17
17 19 20
4 8 5
9 15 17
5 9 3
9 12 18
3 7 16
14 16 16
14 18 8
1 6 20
9 13 4
11 15 16
7 11 11
6 11 12
12 17 8
6 9 11
11 15 18
19 0 3
5 9 12
9 14 12
5 9 14
4 8 16
12 18 1
12 17 12
13 18 6
1 3 8
23 4 20
15 20 10
23 3 12
13 17 8
4 9 10
10 15 3
15 20 13
1 6 17
6 10 19
8 13 19
0 3 4
0 3 2
15 20 16
0 3 3
22 4 20
6 11 9
3 7 14
11 16 1
15 19 4
15 19 16
9 14 2
5 9 15
14 18 8
12 16 10
10 12 8
7 9 8
10 13 10
1 3 12
16 22 3
19 0 17
22 1 10
6 10 14
16 21 9
18 23 6
1 5 13
23 4 14
6 9 12
1 4 7
21 2 19
12 16 20
13 17 17
23 4 7
10 14 16
4 11 12
8 12 3
19 22 2
21 1 19
14 17 11
20 0 1
8 12 4
20 0 8
15 21 5
3 7 11
12 17 1
19 0 8
15 18 9
0 4 4
3 8 2
6 10 16
16 21 14
16 20 18
4 9 5
17 21 6
3 7 16
20 0 17
3 6 12
20 1 13
10 15 14
10 15 19
23 3 6
7 11 2
20 1 2
20 1 9
21 0 4
14 20 7
8 12 18
9 13 17
4 8 10
18 23 1
16 20 19
21 1 15
16 21 20
19 23 10
23 3 3
1 5 9
4 7 9
9 12 14
17 20 15
5 9 10
1 5 8
10 13 9
22 1 3
9 13 17
4 8 8
20 21 4
18 22 13
10 14 3
19 23 8
4 8 17
10 11 20
11 13 16
17 22 15
22 4 16
2 7 15
15 20 8
9 14 19
4 9 8
23 2 17
14 19 1
4 7 18
0 6 18
9 12 15
1 6 4
5 9 15
2 6 4
23 3 20
5 8 18
17 19 18
18 21 9
17 21 9
10 15 15
1 6 13
3 9 3
2 3 3
23 3 10
1 5 4
18 22 14
18 22 3
15 19 13
21 0 17
12 16 7
8 12 6
5 9 8
13 18 15
5 11 14
16 20 12
19 22 6
20 23 19
17 22 13
0 4 15
10 14 12
18 22 13
14 19 16
12 15 4
1 3 2
9 14 13
20 2 12
12 15 17
5 11 2
11 15 10
18 21 2
12 16 1
7 11 3
1 4 2
9 13 20
22 3 7
1 4 14
9 13 4
22 2 4
10 14 12
2 5 13
14 19 3
7 10 6
1 4 18
6 11 10
7 10 19
10 15 1
3 7 10
8 13 14
11 15 14
20 0 11
8 13 11
5 8 15
7 12 1
12 15 20
6 10 3
21 23 17
9 12 8
2 7 2
4 9 4
4 8 6
0 3 17
1 6 19
22 2 1
16 20 11
8 12 17
15 20 10
8 9 13
10 15 18
7 8 17
8 12 18
16 18 6
7 12 19
16 20 6
4 9 2
15 17 20
11 14 10
7 13 11
0 5 6
16 20 14
20 22 9
20 0 6
2 6 8
14 17 17
20 0 15
13 17 12
7 11 11
0 4 4
2 7 1
10 14 2
16 20 9
16 21 11
20 23 7
13 17 20
21 0 15
16 20 9
15 19 10
14 17 7
1 5 2
7 12 11
9 14 14
2 7 16
22 2 1
16 20 18
11 14 18
4 8 10
7 10 6
21 23 8
21 2 13
21 1 10
7 9 10
2 5 8
2 5 16
8 12 3
16 18 18
4 8 18
5 10 4
6 10 16
17 21 2
1 5 9
23 2 16
16 19 8
10 14 3
22 3 9
0 2 12
20 23 7
0 4 19
2 8 20
22 2 1
16 21 17
2 6 13
7 11 14
20 23 8
9 14 18
5 8 19
11 13 17
23 2 5
15 18 16
16 20 20
17 22 2
16 21 12
16 20 15
15 19 19
11 14 5
17 21 4
2 5 7
23 3 4
7 11 7
19 0 15
9 13 4
8 11 11
0 2 2
6 11 4
13 17 13
9 14 2
9 13 14
1 4 18
16 20 20
13 16 9
13 17 12
23 2 10
6 11 5
7 12 5
21 0 16
5 9 14
1 5 13
9 14 14
2 6 3
12 15 17
10 13 19
22 2 8
10 13 12
19 23 11
6 10 18
11 17 18
14 18 3
13 18 14
13 18 13
8 11 12
3 5 18
9 13 4
20 0 2
23 4 10
11 16 18
14 18 5
11 16 10
23 3 5
19 0 5
21 1 12
6 11 15
18 20 12
12 16 5
13 18 11
20 2 5
21 2 13
9 12 20
20 1 15
11 16 4
14 19 2
8 10 15
4 7 1
9 12 8
21 23 12
13 18 11
18 23 17
21 23 14
14 18 17
15 17 1
3 6 10
1 5 19
23 3 11
16 21 20
12 16 2
11 13 20
1 5 3
7 10 8
1 6 2
10 14 7
17 22 20
22 1 10
22 1 1
19 23 9
10 14 8
9 10 3
3 6 5
11 14 8
13 19 10
23 3 15
23 3 17
16 19 11
10 15 13
17 22 17
11 14 1
22 3 1
18 21 10
10 15 18
12 16 13
5 9 6
12 16 10
21 2 13
23 4 19
14 18 3
7 11 11
4 7 18
10 14 13
10 14 13
13 17 9
22 1 14
5 10 4
6 9 2
16 19 17
0 4 11
20 0 8
14 19 8
22 2 18
8 12 6
4 8 17
17 21 15
17 20 18
4 8 8
15 19 5
2 7 11
23 2 16
20 2 10
8 12 5
12 17 5
4 8 15
0 5 17
1 4 6
10 14 7
22 1 2
12 15 14
8 14 17
20 1 6
20 0 15
5 8 2
15 18 8
18 22 17
5 7 15
18 20 15
1 4 5
6 11 3
15 19 20
3 6 18
17 22 9
20 1 16
23 4 13
9 14 6
5 8 9
20 23 5
8 12 16
17 21 5
5 9 8
6 8 9
19 0 18
13 17 9
10 14 14
20 23 7
19 1 9
3 6 7
1 4 17
20 0 7
12 15 16
10 14 13
15 20 2
17 21 17
20 1 15
21 2 9
18 23 3
19 22 18
20 23 16
10 15 16
14 18 9
19 23 8
22 2 18
15 19 6
10 15 7
23 2 5
17 21 8
5 9 10
9 13 14
14 18 3
7 11 20
19 23 14
2 5 8
5 8 7
10 15 5
15 18 14
4 10 7
2 5 10
14 18 17
3 5 16
6 9 15
14 20 12
11 15 3
6 9 2
16 21 7
8 12 14
7 12 14
15 18 8
19 0 12
18 20 12
3 7 1
23 3 16
12 15 4
16 20 14
20 0 9
5 8 4
2 7 16
16 20 5
3 8 15
21 1 16
18 23 3
11 16 15
20 23 2
10 15 19
19 22 18
14 16 11
0 5 2
14 19 5
9 14 20
6 9 4
4 10 2
6 10 3
1 5 19
2 6 12
14 17 15
18 21 14
17 19 1
18 23 16
19 23 7
12 15 19
7 9 17
23 1 17
5 10 13
8 12 19
15 20 17
8 10 12
22 3 20
16 21 17
13 18 9
2 3 17
18 0 12
11 15 1
23 3 7
13 17 4
14 19 7
4 8 15
12 16 9
3 8 13
21 1 7
12 16 2
6 10 9
22 3 14
21 2 11
2 5 20
23 4 3
21 1 6
6 12 3
15 18 5
23 3 20
16 19 8
9 12 9
22 3 5
14 20 5
11 16 3
14 20 4
1 4 11
16 20 2
9 13 11
14 18 2
16 21 8
7 9 8
5 10 2
9 12 20
3 7 13
23 3 4
9 14 12
19 23 18
15 18 16
9 14 2
3 6 17
15 20 15
16 20 2
15 19 14
5 8 3
16 20 3
8 11 13
14 16 8
20 1 10
5 8 19
10 14 17
11 15 2
5 10 13
3 7 18
19 23 6
9 12 7
0 6 13
0 2 16
5 9 12
10 14 18
5 10 15
16 19 19
4 7 5
20 23 15
1 5 11
6 10 19
20 23 10
21 1 9
8 11 17
2 8 9
14 17 8
2 5 1
4 7 9
15 20 5
22 2 15
5 9 7
21 23 20
15 18 12
1 4 16
3 8 18
2 7 9
19 0 1
6 13 16
4 8 1
13 17 15
14 18 11
4 9 19
2 8 15
5 8 16
14 18 15
5 8 18
11 15 15
0 5 5
9 14 10
20 1 8
12 17 10
15 19 15
11 15 7
15 19 18
1 5 12
17 21 8
1 5 7
15 19 14
14 19 6
15 20 16
18 23 11
18 22 12
23 2 14
5 7 6
21 1 16
13 16 6
7 9 18
4 7 15
3 8 20
11 17 11
8 12 6
4 9 3
6 10 1
14 19 18
2 6 18
11 16 9
0 5 11
7 12 17
9 12 18
23 5 20
10 14 20
1 5 4
4 7 19
6 10 17
23 4 19
23 4 12
3 6 1
13 15 12
15 18 9
19 22 2
7 12 6
15 19 5
20 0 13
18 22 1
6 10 2
3 8 1
17 20 19
