2000 20
6 16 11 1 20 3 11 15 1 1 3 8 4 2 9 12 9 14 6 5 
14 23 3
12 20 10
10 19 17
21 6 9
0 8 8
6 16 18
8 17 3
3 13 10
8 17 5
19 3 7
15 23 12
16 1 20
8 17 3
11 19 15
14 0 13
13 21 6
6 16 13
6 16 8
10 19 14
8 16 8
3 13 1
11 20 17
2 9 3
2 12 19
20 4 13
15 1 15
3 12 17
9 18 18
21 4 13
3 11 18
4 14 7
6 14 2
23 9 14
10 19 5
1 10 19
17 1 5
10 17 4
7 16 2
6 15 10
12 20 7
22 7 7
17 3 16
5 14 2
6 15 1
20 5 20
14 23 18
19 4 10
5 15 19
1 11 14
12 23 9
8 17 7
6 15 16
11 21 15
10 19 6
23 6 10
11 22 3
10 19 3
6 15 2
18 4 6
15 0 3
2 9 7
22 8 19
18 5 7
11 19 13
22 6 9
23 9 20
13 21 9
13 21 7
10 20 3
2 9 7
21 6 2
22 9 3
14 0 20
23 8 5
4 13 14
6 15 4
17 3 17
15 0 5
23 7 3
22 6 17
13 22 5
0 8 7
20 6 1
4 12 11
11 21 19
15 23 7
16 0 13
8 17 19
12 22 11
17 1 5
19 4 13
18 4 3
11 20 15
14 23 9
16 3 1
1 10 16
16 22 14
12 21 20
20 5 3
19 3 10
14 22 5
21 4 5
22 5 20
21 7 3
2 12 18
8 16 12
6 16 4
4 14 5
22 7 16
12 21 6
19 6 17
2 10 8
16 1 2
5 14 18
18 4 5
17 3 20
3 12 7
11 21 15
7 18 2
13 21 12
10 20 8
8 17 4
5 13 5
3 13 5
6 15 11
4 13 4
3 12 9
10 19 3
5 13 17
20 4 18
10 18 16
1 9 9
8 18 2
9 17 10
20 5 1
5 14 11
18 2 9
19 5 12
9 19 13
14 23 11
7 16 13
3 10 1
14 22 4
20 5 6
7 16 1
7 16 20
14 23 2
5 13 4
2 12 6
5 16 6
13 22 11
9 17 1
10 18 19
7 17 8
14 0 18
5 17 1
7 16 6
1 9 12
11 20 9
21 6 16
2 9 16
21 6 18
9 18 19
7 16 1
4 13 8
16 0 20
14 2 18
4 14 12
18 2 1
21 6 19
1 9 19
12 21 2
8 17 10
4 12 15
20 3 15
10 21 7
9 18 11
17 2 6
0 9 4
0 10 5
19 4 6
3 10 3
17 3 14
15 0 16
2 12 4
13 22 9
6 13 12
12 23 15
19 3 3
21 5 20
18 3 16
19 5 16
17 1 4
3 12 17
21 7 7
4 15 13
14 23 7
16 0 7
1 9 3
11 21 9
22 7 7
19 6 7
20 4 20
11 22 11
16 1 11
14 0 4
19 4 13
12 21 15
6 15 6
13 22 8
11 20 3
10 22 11
6 16 2
21 7 17
7 15 19
11 20 19
10 19 19
11 21 17
23 7 15
11 18 11
16 1 19
14 22 20
19 4 11
23 8 3
2 9 11
10 19 14
13 23 2
13 22 10
6 16 15
13 23 9
1 9 11
22 7 19
19 4 15
4 13 5
21 6 1
16 1 16
23 6 14
22 8 3
9 18 19
14 0 2
5 15 2
14 23 4
8 16 4
11 18 6
2 10 8
23 9 4
0 9 17
12 21 12
9 18 6
7 16 12
6 14 2
12 23 20
14 23 3
7 15 2
14 23 13
21 6 16
15 1 18
23 7 18
12 20 3
0 10 10
23 8 10
3 12 6
18 3 7
17 1 17
8 19 14
3 12 3
16 1 5
15 0 19
21 7 3
22 6 3
5 13 13
1 10 2
13 23 4
9 17 3
15 0 11
12 21 8
4 14 13
13 22 5
9 18 19
5 13 11
18 3 1
9 19 1
15 23 5
13 23 2
3 11 10
23 6 12
2 12 12
19 4 14
8 16 8
5 15 14
9 20 9
1 9 14
4 14 13
21 5 4
3 12 6
1 8 13
15 0 8
17 2 20
20 3 3
11 21 11
23 9 16
9 18 6
22 5 19
22 6 3
21 5 1
13 23 18
5 12 7
4 14 7
10 20 12
4 12 13
13 22 3
23 8 16
4 15 11
17 4 5
9 19 4
0 10 20
5 15 14
2 10 4
1 9 19
3 12 14
5 14 3
14 22 14
19 3 12
23 8 7
18 3 15
18 4 5
14 1 8
16 0 13
2 11 16
8 18 8
9 19 14
6 16 2
6 17 14
4 12 17
12 22 3
17 2 9
14 1 4
20 7 15
6 15 8
16 1 6
12 21 14
13 21 6
7 16 11
3 13 4
6 15 3
0 9 3
4 11 11
22 7 20
8 17 7
2 11 10
11 20 7
9 19 20
12 22 9
20 6 9
5 13 7
13 23 17
12 22 9
11 21 13
4 14 4
2 11 17
1 9 19
21 4 1
8 16 19
16 1 3
5 14 4
12 21 17
20 5 16
2 9 11
13 23 12
21 8 6
0 10 10
4 13 7
11 20 5
5 16 3
23 7 1
21 7 1
17 1 10
1 10 7
22 4 15
5 14 3
3 12 6
14 23 13
23 7 12
11 20 1
23 8 1
7 15 16
16 0 9
6 17 11
12 20 5
19 3 10
11 21 13
20 6 17
17 0 4
20 6 20
9 17 20
1 9 20
4 13 15
12 20 5
9 16 6
23 8 16
8 15 3
12 22 16
22 6 17
16 1 10
18 1 1
19 4 15
9 19 8
21 6 19
5 14 18
5 14 19
11 19 2
5 13 4
22 8 18
18 2 13
1 11 4
2 11 12
3 12 12
18 5 1
7 17 8
23 10 20
17 2 2
3 14 16
22 6 5
1 10 7
13 23 13
23 7 13
0 7 18
5 13 3
0 8 12
2 12 13
19 5 17
16 1 2
5 11 20
0 7 8
8 18 11
15 23 9
19 4 4
23 8 7
22 8 12
15 0 4
3 12 14
0 10 8
0 8 9
0 8 18
5 15 10
8 16 9
14 23 9
17 3 8
2 11 7
13 21 1
21 5 20
14 22 5
6 16 1
1 12 3
9 19 9
14 23 8
11 20 20
8 16 14
7 15 20
1 10 9
22 8 10
22 6 10
3 14 16
1 11 19
6 15 19
17 1 14
7 16 16
5 12 5
15 1 15
2 11 17
22 8 17
17 3 5
11 20 8
5 14 15
15 23 18
11 20 19
0 9 13
9 17 10
23 8 4
3 12 16
23 9 1
0 9 15
12 22 12
3 13 19
9 18 3
19 4 11
22 7 3
14 0 1
4 14 14
6 14 13
19 3 5
0 10 6
7 18 10
21 7 11
14 22 19
15 0 19
8 18 6
2 9 19
15 1 4
6 14 10
16 3 15
1 10 17
20 6 12
13 22 11
3 10 12
8 17 5
3 14 3
7 13 19
18 3 2
11 20 19
19 4 17
14 22 13
12 23 5
4 14 1
22 8 2
3 11 7
6 15 6
17 2 18
3 12 1
1 10 17
15 1 18
3 11 12
20 5 2
20 6 10
14 23 13
17 2 16
16 1 1
2 12 13
21 7 11
12 21 11
4 12 15
6 14 6
18 2 2
12 21 7
2 12 7
5 13 5
18 2 13
6 15 2
17 1 3
12 22 20
11 20 11
23 8 2
6 15 8
16 0 14
16 0 16
7 14 6
18 2 11
9 18 13
17 3 15
20 5 10
1 10 2
9 18 19
11 19 17
3 12 12
21 7 16
4 12 7
20 5 8
2 11 9
7 15 8
10 21 18
7 17 18
19 3 6
15 23 17
8 18 2
5 13 13
15 23 10
20 5 5
21 5 18
13 23 10
2 11 20
20 7 11
13 20 17
16 0 20
12 21 19
1 10 15
13 23 13
19 4 1
11 20 10
12 21 4
8 16 3
9 17 7
7 16 12
0 9 19
11 20 15
10 19 10
12 21 12
16 2 8
21 7 6
9 18 1
1 11 8
20 6 19
7 18 9
10 21 18
19 1 1
11 20 14
19 3 6
0 11 17
0 9 17
4 12 12
2 11 17
20 4 16
17 2 2
4 13 6
11 19 2
1 11 1
11 20 10
18 3 16
21 5 16
4 12 1
12 21 4
9 15 4
0 8 13
1 9 17
11 21 5
16 2 2
5 16 8
18 3 5
11 19 3
20 3 1
15 23 9
8 18 8
15 2 13
10 19 6
5 13 12
1 9 16
1 10 19
10 18 18
23 8 19
9 18 8
23 7 13
16 1 15
20 4 3
4 13 12
1 9 20
21 6 1
19 7 16
2 13 13
13 22 14
4 14 3
23 8 12
2 9 6
22 6 4
23 8 12
2 11 19
21 5 14
11 19 8
4 13 13
8 16 14
16 1 20
9 17 9
12 19 6
16 0 15
6 15 20
16 0 15
15 1 7
4 10 5
23 7 4
9 18 7
4 12 18
17 1 20
4 15 5
19 4 15
18 1 10
1 9 12
14 23 15
15 1 15
7 15 18
0 8 2
9 16 4
3 12 12
10 19 6
12 21 18
19 5 4
8 17 9
2 10 6
7 16 15
19 4 8
0 8 6
20 4 18
6 15 4
3 13 6
16 1 17
5 14 16
15 23 19
16 3 14
1 9 18
22 6 14
21 5 7
15 0 17
2 11 17
18 5 9
9 18 18
12 21 3
9 15 16
12 21 7
8 18 14
22 8 11
13 22 8
4 12 8
20 3 11
0 8 5
9 16 16
13 23 5
23 8 12
19 2 19
21 6 12
1 10 6
16 2 3
12 20 20
0 7 11
17 4 19
17 3 20
4 14 17
6 17 16
8 18 7
6 15 4
20 3 1
3 14 16
17 4 2
0 9 20
3 12 8
0 9 16
15 1 15
21 7 14
19 4 11
18 2 13
20 5 12
1 10 3
18 4 1
16 3 2
17 3 6
2 12 18
11 20 14
18 4 19
13 23 10
15 23 12
9 19 16
3 12 20
21 4 6
1 10 6
0 10 11
11 20 10
19 4 17
6 14 20
11 20 6
13 0 9
3 13 18
0 11 14
1 9 3
19 5 15
15 0 16
16 2 14
2 10 17
13 21 6
4 14 12
16 1 9
0 8 19
12 23 7
6 15 8
22 7 19
13 0 7
16 1 19
11 21 13
3 11 15
14 22 3
12 21 4
12 22 20
18 3 13
8 18 2
21 6 19
0 9 14
10 19 12
5 14 9
13 1 6
19 3 3
18 4 2
23 7 20
20 6 12
11 21 6
4 16 4
13 22 4
6 15 15
15 23 10
18 3 18
21 6 12
12 19 8
19 4 19
18 2 11
15 0 18
12 19 12
14 0 13
21 5 18
3 13 16
2 12 9
4 14 20
21 6 7
4 14 1
3 13 16
20 4 6
18 4 1
1 11 16
0 9 12
16 2 13
6 14 1
22 7 5
17 3 13
21 5 6
10 19 19
10 19 9
5 13 8
6 15 3
13 21 17
19 3 6
13 22 7
8 17 10
9 19 5
12 21 11
21 6 10
4 13 20
21 5 15
1 12 1
18 2 12
12 21 3
7 16 14
2 11 18
10 21 8
11 22 10
1 8 1
4 14 14
21 6 3
11 20 18
3 11 14
13 21 16
7 17 15
12 22 9
17 3 9
13 22 6
23 7 8
8 14 19
7 17 10
11 20 11
9 18 20
1 10 5
14 22 14
15 0 3
9 19 2
7 16 14
7 18 18
13 23 1
17 1 16
20 5 3
3 11 19
13 22 6
6 15 3
23 9 13
2 10 2
23 8 17
4 11 11
14 22 7
8 17 12
1 10 18
2 14 2
9 20 13
6 15 1
16 1 16
18 4 3
2 9 11
22 6 20
11 21 16
14 22 15
22 7 7
10 19 2
20 5 1
5 12 15
8 18 2
10 20 2
6 16 10
11 19 8
0 8 2
2 11 12
1 10 19
13 22 16
6 16 18
9 17 12
16 4 18
19 4 20
2 13 11
5 13 10
19 3 6
13 22 15
6 15 8
2 11 15
6 16 18
22 7 16
13 22 2
10 18 6
20 7 5
15 0 20
10 19 7
16 1 12
1 9 10
6 15 11
19 5 7
5 14 16
18 4 17
21 6 18
7 16 18
20 4 10
10 20 12
13 0 10
22 6 16
8 17 18
10 21 18
8 17 2
21 7 12
12 20 14
3 12 2
7 16 7
3 10 4
2 12 11
23 7 15
14 0 14
19 4 18
13 22 10
16 1 20
1 11 17
8 16 3
7 15 10
11 22 1
9 19 1
13 20 3
0 9 5
8 18 5
0 11 16
1 10 19
22 7 2
19 2 5
8 19 16
23 9 19
16 2 2
17 4 10
1 11 8
13 22 14
9 17 12
2 12 5
14 23 7
7 15 3
16 2 19
11 21 11
15 0 15
21 6 8
0 10 2
15 2 1
6 15 4
9 18 9
0 8 12
10 18 18
6 15 15
6 15 13
21 4 5
1 10 1
13 20 10
22 6 7
14 22 2
5 13 7
15 23 15
8 16 1
2 10 18
15 0 12
8 17 15
6 15 1
21 6 5
2 9 8
10 19 14
19 5 20
20 6 1
21 6 17
19 4 15
4 14 4
2 12 16
20 5 14
3 12 15
19 4 1
0 10 15
22 7 1
14 23 10
3 11 3
8 19 11
4 13 8
7 15 7
10 20 1
4 14 11
9 18 3
23 9 9
17 2 10
8 18 13
17 3 19
0 8 2
0 12 18
9 19 1
21 8 15
12 22 11
8 17 12
0 8 16
14 23 9
22 7 20
8 17 15
17 2 2
12 20 17
15 1 20
3 13 18
21 6 3
15 23 7
0 10 9
7 16 8
9 18 19
12 22 14
9 18 11
0 8 15
10 20 18
20 6 17
6 16 4
8 15 7
16 2 5
19 3 12
15 1 19
14 23 19
7 17 13
1 11 15
8 17 10
1 7 17
11 20 4
0 10 1
22 8 1
18 4 8
2 12 17
19 5 5
22 6 9
6 16 8
6 14 5
0 8 10
22 7 19
19 5 17
11 22 11
13 23 20
18 3 16
11 20 3
0 8 3
7 16 8
10 21 20
1 11 6
12 22 9
22 6 11
20 6 20
23 7 1
1 11 20
0 9 14
23 8 11
18 4 19
3 11 20
14 22 9
0 9 12
14 0 3
7 16 10
20 5 17
7 16 13
1 11 6
9 20 16
7 16 10
14 1 5
6 14 16
21 7 20
6 15 8
9 18 7
1 9 10
17 1 12
19 5 3
23 7 6
21 5 4
2 10 17
16 1 3
16 2 17
7 16 18
15 0 19
0 9 5
6 15 20
22 6 2
21 6 8
17 2 1
18 5 6
19 4 2
17 1 17
18 1 7
22 7 2
17 0 3
1 10 9
14 23 15
5 13 12
8 16 8
5 14 6
15 1 20
22 6 4
13 22 16
16 1 8
14 0 13
11 20 3
22 5 17
8 16 9
20 6 18
3 10 20
3 11 9
0 10 5
18 2 16
2 12 20
21 5 20
17 2 12
2 11 2
15 1 14
14 23 3
18 4 15
23 8 14
16 1 4
18 3 3
5 14 20
22 8 14
7 16 17
20 5 4
23 9 20
21 7 15
12 21 16
2 11 13
4 13 18
18 2 2
7 17 14
12 21 12
15 23 1
1 10 12
16 3 17
13 22 4
19 3 6
8 17 13
8 16 1
0 9 5
11 19 16
8 17 20
19 3 15
20 5 20
15 23 16
9 18 2
4 13 9
12 21 16
2 9 2
14 22 2
8 16 5
5 15 11
6 16 11
5 15 11
18 4 18
18 1 6
7 16 4
13 22 10
6 15 16
1 10 20
13 23 6
12 22 12
15 0 13
10 21 20
5 15 16
11 19 11
14 22 7
5 13 11
1 10 16
23 8 19
9 16 4
18 5 2
9 19 13
11 19 18
1 11 13
10 19 6
9 18 1
7 16 14
6 15 19
14 22 10
17 2 15
9 20 7
17 3 4
13 23 14
12 21 18
2 10 17
7 13 15
7 16 17
21 6 5
16 1 14
20 6 3
12 19 5
13 21 18
15 0 13
20 5 3
6 14 11
23 7 3
4 14 2
19 5 6
10 19 4
19 4 16
15 22 5
14 23 5
2 11 3
4 13 3
6 14 9
9 18 20
1 9 7
22 7 1
22 7 1
13 20 6
13 21 8
6 14 16
14 22 9
18 2 14
6 15 14
3 14 7
21 6 10
14 21 2
21 5 6
0 9 6
16 1 1
10 19 5
0 9 16
19 3 5
22 8 17
2 11 2
15 1 12
2 12 17
0 9 9
1 9 16
15 23 16
16 1 8
11 21 8
6 17 18
13 21 12
10 20 20
12 20 17
2 9 4
16 2 11
6 15 3
20 5 7
5 14 20
21 5 6
8 18 12
18 2 20
16 1 7
16 1 7
9 18 2
2 10 13
15 0 10
4 12 7
14 0 20
10 18 6
9 20 16
7 17 9
17 3 1
21 8 8
17 2 20
3 12 6
15 0 20
11 21 8
8 18 19
12 21 3
9 19 14
18 2 10
22 6 10
12 23 12
16 23 20
18 2 11
6 17 11
1 10 18
17 2 9
8 17 8
1 9 8
17 0 19
13 23 4
15 1 10
0 10 10
2 10 3
22 8 1
21 6 11
19 2 20
13 23 13
18 3 1
20 6 3
18 3 11
7 17 8
9 19 17
18 2 10
23 9 8
4 13 15
16 0 9
1 11 10
22 8 9
16 0 3
1 11 9
21 5 19
22 7 4
17 1 1
6 14 17
19 3 10
16 23 1
4 12 16
5 13 17
17 2 7
22 10 4
2 13 15
14 22 10
23 8 13
6 15 15
19 5 16
15 0 14
20 5 15
8 17 5
11 20 4
2 11 18
10 18 20
6 15 6
6 17 10
0 8 4
2 9 1
10 20 9
19 6 20
23 8 11
3 11 17
0 10 3
9 19 6
14 0 4
18 2 20
8 19 9
20 6 15
23 9 6
12 21 18
12 20 9
20 6 9
14 1 16
18 2 5
1 8 5
12 21 5
23 9 14
10 19 18
18 3 18
22 7 15
21 6 3
12 20 3
23 8 2
20 6 16
3 13 19
0 11 20
16 1 14
8 17 3
4 13 3
1 9 4
16 0 16
5 16 3
15 1 3
18 1 16
21 7 12
16 1 9
14 23 15
14 0 2
16 2 9
12 21 12
10 20 6
14 23 8
11 20 7
20 4 18
13 23 19
11 20 3
10 18 3
10 20 6
3 10 6
17 1 18
20 6 10
9 17 2
2 11 14
0 9 5
3 12 11
3 13 5
10 18 14
13 22 13
4 12 17
17 1 4
13 22 9
1 11 6
3 12 15
8 18 5
12 20 1
15 23 4
9 19 7
18 4 4
10 19 15
1 10 20
6 14 13
4 12 15
8 18 13
10 17 12
23 9 6
15 22 14
4 14 2
19 3 9
4 14 7
4 12 3
5 14 4
8 17 8
23 8 9
8 16 5
13 23 13
13 21 18
22 7 16
13 23 4
8 16 8
10 20 20
5 14 4
6 16 10
11 19 11
9 17 14
7 15 16
17 3 20
19 3 13
20 5 17
6 13 5
18 3 16
16 2 17
13 21 10
23 9 16
23 6 6
20 4 6
15 22 14
6 17 1
12 21 8
1 10 11
19 3 10
0 9 17
16 0 8
14 1 4
2 12 6
18 5 9
16 1 8
14 22 19
10 19 13
8 18 11
0 8 7
5 14 14
15 1 6
18 4 2
2 13 19
21 7 4
6 14 20
16 2 14
20 5 7
13 0 4
11 20 7
3 12 14
11 19 5
14 22 10
4 13 5
20 5 16
14 21 19
5 14 9
13 23 11
18 3 18
2 10 16
6 15 16
17 3 16
13 21 19
22 6 1
11 20 4
0 9 16
9 18 20
11 17 6
6 13 10
1 10 5
3 12 3
21 6 7
18 3 2
15 0 6
14 21 7
15 22 15
4 12 13
18 2 7
15 0 9
17 1 15
8 16 20
5 13 2
13 23 20
23 9 4
2 10 3
23 10 16
5 15 14
3 13 6
20 8 5
11 21 6
12 20 8
10 19 8
12 21 16
7 15 13
23 7 16
1 11 11
6 16 14
13 23 16
5 13 7
13 23 4
18 3 6
20 5 4
16 1 6
5 15 4
2 11 13
22 7 9
6 15 16
0 10 8
13 22 3
15 23 7
21 5 12
3 12 19
12 21 5
8 17 13
6 16 14
6 16 13
0 8 17
17 1 8
2 11 19
14 0 7
21 5 3
1 9 18
17 3 12
21 6 10
3 13 2
2 10 13
0 9 20
20 8 10
3 11 7
16 23 7
17 1 17
8 17 3
3 12 10
20 6 4
11 20 1
0 9 6
20 5 9
14 22 1
6 16 4
21 7 15
20 6 6
7 16 19
10 19 3
18 4 14
21 6 13
1 10 7
6 14 19
3 11 1
23 8 4
7 15 9
18 4 16
15 1 19
10 17 1
8 17 2
7 16 18
7 16 6
17 3 10
4 14 17
12 23 9
2 12 11
3 13 17
3 12 20
0 9 1
16 2 5
7 17 20
9 19 4
5 13 7
23 8 2
11 20 6
1 11 10
5 14 16
2 10 14
8 17 20
18 3 15
5 14 13
0 11 3
4 12 15
18 4 6
16 1 4
22 6 14
5 14 20
13 23 18
15 1 4
15 23 2
8 15 1
1 9 11
10 16 13
15 0 8
7 18 10
2 10 7
7 16 12
13 23 8
12 22 1
0 10 16
3 12 4
8 15 16
6 16 4
0 9 3
1 10 9
9 16 12
10 19 18
18 3 9
6 15 4
11 19 2
6 15 7
12 22 20
1 9 12
4 11 8
22 7 15
11 18 3
16 2 14
21 7 19
6 15 11
6 15 15
10 20 8
0 8 10
3 13 4
2 12 13
23 7 20
22 5 3
4 11 16
14 0 1
23 8 17
16 1 10
21 6 15
11 18 19
10 19 5
3 12 20
15 23 8
13 23 5
0 9 19
17 3 20
20 5 12
14 20 18
16 1 12
10 19 16
1 9 11
7 18 7
2 11 6
5 14 14
1 11 6
9 16 14
11 20 16
4 11 19
3 12 9
8 17 5
15 0 17
11 21 7
19 2 2
20 5 9
19 6 6
9 17 12
16 1 12
14 21 8
0 9 19
9 18 7
2 10 15
21 7 20
13 20 5
16 3 11
22 6 14
13 22 8
2 12 19
0 8 12
12 21 4
1 9 18
2 11 10
19 4 20
3 11 8
12 22 19
20 4 10
16 2 9
11 20 9
0 8 17
13 22 3
1 10 5
22 8 12
5 15 3
16 1 20
11 20 11
15 0 13
5 15 20
2 12 12
16 0 6
11 20 14
19 4 7
9 18 10
2 11 19
16 2 14
19 5 1
9 17 7
13 23 8
1 12 7
22 8 1
0 8 12
10 18 16
2 11 6
11 19 5
17 1 5
22 9 14
6 16 20
5 15 3
20 5 1
23 9 18
21 6 6
2 12 20
19 3 19
15 0 14
7 16 7
13 23 2
4 14 3
22 6 13
18 3 6
10 20 4
21 5 20
22 7 9
9 19 7
16 23 7
7 16 19
13 23 4
21 7 6
6 15 3
12 19 11
11 21 9
10 19 19
6 16 9
18 3 14
7 17 10
7 17 9
5 14 4
9 18 13
3 12 11
20 6 3
1 10 14
10 18 8
7 15 1
22 6 10
9 20 15
7 16 4
18 3 14
7 17 19
3 11 12
6 13 14
12 21 20
9 19 19
19 4 1
19 5 9
2 11 8
20 5 9
12 20 7
11 19 8
22 8 7
11 20 13
12 21 4
2 11 20
16 1 14
18 2 2
7 17 4
15 0 10
4 13 8
22 5 10
7 15 5
11 20 13
15 23 14
19 4 7
17 4 7
12 21 3
6 15 13
20 5 15
0 9 19
7 16 10
3 15 9
13 23 4
6 16 5
17 3 10
18 4 16
21 6 17
0 10 12
13 22 18
6 14 8
11 19 19
10 19 15
22 7 20
21 6 3
6 12 15
6 16 20
2 12 6
17 1 16
12 20 1
4 14 15
12 21 17
2 10 3
21 6 15
2 12 20
5 14 7
18 4 19
17 1 4
4 13 2
13 21 2
6 14 18
23 8 9
12 21 17
9 17 10
21 5 3
3 13 17
11 20 4
2 12 10
2 12 15
20 3 11
6 14 1
10 20 13
22 7 17
4 13 12
14 23 14
18 2 4
5 14 8
20 6 12
19 4 12
17 3 2
10 18 6
13 22 3
2 11 15
22 5 9
9 17 8
23 7 20
3 13 13
23 9 4
8 18 11
12 21 3
6 16 12
14 22 6
9 19 20
0 10 17
9 18 9
16 1 4
10 20 11
19 4 17
6 15 20
4 11 18
13 23 10
11 21 15
5 14 6
19 6 2
23 7 20
3 11 8
7 16 19
18 4 7
16 1 17
1 11 5
20 6 2
0 10 2
8 18 20
14 22 20
6 16 13
17 3 14
9 18 5
5 13 11
0 8 19
6 15 10
16 2 7
6 16 17
3 13 17
11 19 13
16 22 19
22 7 10
18 2 3
13 22 13
13 21 17
1 11 4
23 7 18
20 4 13
17 2 4
6 16 2
22 7 1
20 6 6
6 15 15
1 9 14
7 15 12
3 13 12
23 8 5
14 23 5
17 3 15
22 9 9
6 14 20
18 4 11
20 4 1
4 13 2
8 17 9
23 8 7
13 20 3
9 19 11
22 8 10
11 19 11
7 16 20
7 16 9
6 15 9
16 1 11
4 14 13
14 22 11
22 6 9
4 14 4
5 14 18
3 11 5
15 23 1
8 17 12
13 22 19
10 19 14
10 20 7
1 8 19
17 1 12
15 0 11
7 16 14
20 4 20
23 9 20
15 1 10
13 22 14
1 9 17
6 14 18
6 14 1
11 20 18
5 14 8
12 21 15
19 4 8
1 10 1
17 3 17
1 11 3
6 17 18
23 7 20
18 4 10
5 14 6
17 3 10
5 12 5
15 0 17
12 18 8
4 11 11
7 15 16
21 5 4
17 1 9
21 6 8
5 14 13
19 3 20
12 22 1
18 3 15
5 14 14
10 21 5
2 12 15
5 12 15
12 22 17
2 12 19
6 14 20
8 17 17
13 21 1
8 19 20
6 15 6
9 17 17
23 8 6
21 6 9
0 8 20
4 14 20
1 11 8
6 17 19
6 16 19
8 17 15
3 13 8
1 10 1
4 13 14
10 18 1
17 1 4
18 4 16
3 14 6
9 18 14
10 19 8
13 22 6
4 12 7
11 19 4
20 5 10
21 6 5
19 6 5
13 20 7
16 23 15
3 12 4
16 2 5
22 8 9
23 7 17
17 1 17
4 13 12
2 10 1
5 12 8
2 10 8
1 9 14
11 20 7
19 4 3
10 21 13
