3000 20
15 18 13 2 8 15 5 17 8 14 14 18 18 13 15 7 5 5 16 1 
4 13 17
19 3 11
11 20 11
18 3 3
20 3 3
21 8 10
21 5 18
15 2 20
22 8 18
23 5 16
19 3 12
20 5 4
17 0 13
19 2 16
4 14 20
6 15 19
1 12 1
8 18 16
18 3 5
13 23 20
2 13 19
1 8 8
9 18 2
23 8 8
9 18 3
15 0 2
17 1 4
22 8 1
19 3 1
12 22 5
1 10 10
5 12 8
14 23 16
18 3 11
22 8 16
6 14 15
14 23 1
11 18 8
7 16 20
18 3 8
19 4 7
19 4 10
14 0 16
1 12 8
22 7 18
9 16 7
4 13 4
19 3 9
4 14 14
0 8 8
0 9 11
6 14 14
19 3 17
22 7 7
12 23 2
10 18 5
0 10 16
21 7 7
22 7 8
6 15 18
15 23 11
20 6 13
15 0 8
21 6 3
9 18 1
19 5 20
7 17 13
19 4 17
3 11 18
7 15 20
13 22 13
4 10 16
10 17 10
20 5 1
5 13 8
3 11 11
21 7 2
1 11 1
19 4 8
5 14 6
1 9 18
16 1 18
8 17 9
23 8 15
7 17 8
3 12 12
10 18 15
15 1 7
16 2 12
2 12 3
13 20 3
2 11 3
18 2 18
7 16 1
9 16 14
15 0 17
20 5 7
6 16 16
20 5 18
16 3 16
21 7 15
17 2 9
0 10 13
23 10 17
10 19 18
9 19 9
2 10 16
20 6 5
19 4 9
11 20 16
21 6 18
9 17 8
15 1 1
0 10 11
10 18 20
14 23 10
7 16 2
21 6 16
9 17 11
7 17 10
15 22 10
22 8 3
14 23 8
18 3 10
18 4 4
23 7 13
19 3 10
12 20 11
19 6 11
14 23 10
19 5 4
9 20 19
11 19 2
12 21 11
2 12 4
7 14 8
16 2 20
7 15 4
12 22 12
19 4 14
5 14 13
10 19 12
11 21 2
11 21 10
4 12 3
5 14 9
13 21 14
23 9 10
15 23 11
15 23 3
4 13 18
12 22 8
23 9 11
22 7 3
22 7 6
1 10 7
12 21 10
12 21 18
7 17 7
11 21 10
17 4 2
16 1 9
19 5 7
21 7 16
16 0 12
13 22 2
7 17 17
2 11 15
7 17 4
19 2 10
3 13 20
22 8 9
11 19 4
10 19 12
12 21 15
10 20 17
10 19 6
8 16 3
22 8 16
9 18 4
18 3 14
1 10 19
10 20 6
3 12 8
8 18 20
11 21 19
16 0 17
13 23 14
5 15 20
3 12 19
21 7 2
17 3 10
1 9 4
22 7 15
7 16 3
1 10 17
8 17 9
0 9 17
2 11 15
8 17 5
16 2 10
16 3 19
12 22 12
7 17 16
6 15 9
20 4 17
20 6 12
19 5 19
6 16 14
11 19 6
2 9 1
7 16 6
9 18 5
4 13 7
6 13 7
11 19 5
11 21 20
14 22 19
23 8 20
11 19 8
6 15 13
22 6 19
13 22 14
1 9 8
15 0 3
7 16 13
12 20 17
4 13 20
18 5 7
15 1 14
5 14 18
2 11 10
12 21 10
7 15 6
16 23 17
23 8 15
17 2 15
23 8 8
22 7 12
15 23 11
22 9 15
23 8 3
17 4 12
17 2 19
3 11 20
8 18 10
6 15 9
8 16 7
5 13 17
7 17 4
23 8 19
22 8 20
11 22 10
12 21 4
4 13 17
5 14 1
10 19 5
12 21 9
3 11 5
20 5 17
10 18 12
11 19 2
19 3 8
21 7 1
7 16 14
19 3 11
15 1 4
21 5 8
0 10 3
15 0 20
20 5 14
3 12 13
23 8 16
5 14 6
20 6 11
20 4 4
11 19 9
18 2 1
11 22 16
14 1 12
11 21 13
22 6 8
16 0 13
11 18 6
12 21 17
15 22 4
19 4 1
18 3 19
2 10 9
13 23 7
16 1 15
17 3 7
7 17 18
14 23 18
0 8 9
5 14 13
17 2 5
12 21 11
18 4 18
5 11 3
7 17 4
21 6 2
6 15 13
3 12 7
14 23 7
16 2 14
18 2 16
14 21 1
9 20 12
6 15 18
5 15 13
1 10 16
6 15 17
1 11 3
15 0 14
5 14 6
11 19 2
21 7 16
14 22 4
22 8 5
5 14 7
19 4 5
15 23 8
16 23 12
7 15 18
10 20 13
19 5 12
17 3 4
1 11 4
9 17 3
22 5 7
12 19 13
10 17 20
20 5 3
13 23 19
11 20 13
8 16 16
15 23 12
5 14 15
11 19 15
18 5 12
15 23 9
23 9 15
22 8 12
22 8 2
14 0 11
20 7 17
10 18 11
16 0 14
18 3 12
6 16 12
16 1 17
12 20 2
2 9 20
10 20 5
11 22 1
15 0 20
16 23 4
2 11 4
14 1 15
16 1 4
15 2 5
2 10 20
18 3 1
5 14 14
16 1 1
20 3 19
4 12 14
10 20 3
17 2 5
1 11 10
22 6 5
19 4 20
5 15 18
4 14 20
0 9 9
1 11 7
9 19 6
5 13 17
4 13 18
19 4 8
11 20 16
5 15 7
7 17 15
13 22 10
9 18 18
14 23 15
0 9 10
8 17 7
14 22 4
11 19 10
22 6 2
20 6 13
4 13 11
18 3 13
7 15 19
4 13 8
23 9 14
20 4 8
21 5 20
5 13 3
4 13 12
13 22 16
16 0 9
17 2 5
23 7 12
21 5 19
18 2 20
9 18 5
21 8 1
12 22 2
8 17 17
8 17 20
22 6 1
3 14 8
12 22 17
9 18 10
14 23 16
0 9 14
22 7 14
18 4 19
6 15 16
10 19 16
6 15 20
21 4 10
23 7 1
0 10 8
4 13 17
11 22 17
12 21 11
18 4 6
17 2 15
7 16 9
12 22 8
7 16 18
1 12 4
0 10 8
18 3 10
20 5 13
6 14 2
4 12 12
8 17 6
15 1 8
5 16 15
19 5 7
5 15 3
22 7 17
6 18 3
21 5 17
6 14 20
8 17 16
17 1 13
18 3 15
1 9 20
7 16 6
17 3 12
3 11 4
0 10 4
5 12 12
9 16 9
23 8 16
19 5 5
21 6 19
6 17 13
0 9 5
22 6 18
17 2 8
8 17 9
7 16 9
3 11 12
14 22 4
23 8 11
19 3 7
22 7 11
22 7 5
9 18 8
8 17 18
21 7 5
12 20 5
8 17 14
20 4 6
10 19 18
16 0 6
19 5 7
7 15 12
2 13 4
0 9 10
13 23 1
1 10 20
8 21 12
18 4 14
15 0 8
18 4 17
11 20 12
17 1 3
19 6 10
11 20 7
23 8 19
23 10 9
0 9 3
10 19 19
11 19 14
18 4 19
14 0 1
9 17 13
5 15 6
21 8 15
0 10 9
4 13 15
5 16 15
9 17 9
1 11 10
21 6 3
22 5 1
19 4 16
13 0 3
12 21 12
21 6 19
14 22 5
12 21 2
19 3 15
21 6 6
5 15 4
7 16 19
9 19 2
18 4 12
9 20 19
20 4 13
9 17 8
9 18 12
13 21 18
8 15 2
11 22 11
9 17 19
4 14 2
10 19 14
3 10 5
1 9 2
10 19 8
11 22 10
3 14 15
1 10 8
15 1 19
6 15 19
20 5 5
22 6 3
13 21 12
3 13 10
12 22 19
8 17 11
10 19 19
17 2 7
7 16 13
19 5 7
13 20 9
5 14 15
9 18 14
3 11 4
0 10 12
10 17 15
10 20 3
9 18 11
5 16 3
20 4 10
17 2 14
3 11 20
1 10 15
11 18 10
9 19 13
3 11 2
4 14 19
16 1 3
17 0 4
12 21 9
1 11 12
0 8 19
6 14 7
1 10 15
8 17 13
19 5 9
4 13 11
18 5 10
4 12 20
4 12 2
23 6 4
23 7 9
21 6 18
18 3 20
16 2 18
16 2 9
11 21 4
20 4 20
12 22 5
20 5 7
19 5 15
11 21 11
12 21 14
0 10 11
17 1 2
10 21 9
3 12 1
19 3 18
13 0 5
23 9 12
10 19 5
17 2 18
0 10 1
0 9 18
14 22 5
14 22 20
4 13 3
12 21 4
6 15 19
13 21 3
22 6 20
8 19 7
6 16 2
22 6 2
13 21 17
9 17 6
14 0 14
12 21 6
23 7 18
19 4 4
5 13 15
16 0 14
3 12 17
10 19 3
1 10 8
23 8 15
14 23 15
7 16 5
3 13 17
20 5 1
2 10 6
21 5 10
4 13 12
11 19 16
10 21 3
20 7 8
14 23 14
2 10 3
2 11 15
4 14 6
10 17 2
7 15 14
2 10 12
17 2 17
13 22 12
11 20 9
7 16 17
5 13 4
21 8 14
5 13 3
14 22 20
11 20 9
0 10 16
6 15 14
14 22 16
20 4 11
5 15 3
14 22 11
3 13 6
17 3 8
20 3 9
23 6 20
0 10 16
7 17 4
8 19 1
7 15 5
9 18 13
13 0 12
19 3 18
12 22 4
20 5 9
2 12 7
2 12 8
23 9 12
21 5 6
12 21 13
13 22 6
0 10 4
10 19 12
1 10 8
18 3 10
4 14 20
11 19 3
11 19 11
18 4 7
15 0 5
10 18 2
3 12 9
14 22 9
1 11 1
7 17 3
12 20 16
1 10 19
14 22 3
23 7 13
23 8 12
0 9 13
22 7 7
20 5 11
6 15 13
13 23 9
19 3 4
23 8 4
11 20 17
6 15 1
23 7 3
21 6 8
17 2 16
13 21 13
6 16 12
19 3 14
14 0 11
22 7 4
14 22 8
9 18 20
2 10 16
21 5 6
7 15 19
3 14 19
12 21 8
17 2 20
9 18 15
12 22 11
3 13 16
9 18 7
7 17 14
23 8 2
19 6 14
2 13 9
13 21 10
15 1 19
6 15 2
3 12 5
4 13 20
3 13 4
5 14 12
4 11 1
18 3 7
13 22 4
12 21 9
0 7 1
18 3 20
10 18 1
5 15 15
23 6 4
10 19 16
3 13 14
11 21 1
2 11 12
4 12 10
23 7 2
14 22 10
21 8 7
5 15 19
2 12 16
12 22 12
23 9 18
14 0 2
20 4 3
20 6 6
19 4 10
17 2 13
7 17 13
0 8 16
12 22 15
4 14 19
8 17 14
1 9 11
20 4 12
21 6 18
2 12 1
23 8 15
14 23 14
14 0 17
17 2 18
16 0 9
17 2 6
9 18 16
7 14 8
18 5 12
6 16 17
6 16 15
3 13 19
3 12 7
2 10 19
23 8 6
15 0 15
6 14 12
8 15 4
16 0 5
1 9 5
0 8 4
21 6 15
3 13 18
1 10 20
18 2 8
3 12 16
12 21 12
16 2 1
4 14 10
5 14 4
9 17 12
23 8 3
9 18 7
8 18 11
18 5 4
22 6 1
2 10 18
23 9 16
8 17 15
15 1 11
22 8 6
17 3 4
18 3 12
13 23 9
13 0 19
12 21 4
18 3 12
23 7 16
2 11 18
8 17 5
18 3 12
22 9 17
22 7 1
7 14 19
13 23 17
13 21 17
23 7 10
9 16 18
18 4 8
3 12 18
3 11 3
1 11 12
14 0 15
4 13 2
20 4 16
23 7 1
10 19 2
2 11 9
20 5 5
8 18 4
2 11 10
8 16 18
0 9 15
2 10 13
10 18 6
7 16 3
11 21 8
9 17 6
1 11 15
13 21 9
10 19 7
21 7 15
3 12 7
22 6 9
12 23 16
13 20 16
15 0 4
0 9 3
4 10 13
6 15 7
21 7 13
12 19 9
0 10 19
18 2 4
18 2 11
12 23 16
20 5 10
7 17 14
3 13 19
6 14 3
6 15 10
18 4 12
7 16 2
7 16 18
13 23 20
10 21 11
8 15 19
0 8 20
17 3 1
5 13 1
22 6 5
4 13 10
11 19 7
5 14 15
11 20 1
19 1 20
13 22 16
19 6 12
9 17 9
9 18 16
17 3 19
14 22 18
3 12 19
12 20 13
12 20 13
9 16 17
14 23 4
1 11 10
23 7 13
17 3 6
11 19 8
23 8 6
13 22 13
15 1 20
15 0 16
7 16 7
12 23 14
5 16 19
22 7 15
21 4 1
21 6 18
20 5 16
9 19 10
15 1 3
14 23 20
22 7 12
3 11 16
17 23 15
10 20 9
6 13 19
12 21 2
10 20 5
19 4 17
7 16 9
9 18 11
0 9 16
23 10 15
7 16 6
2 11 17
22 7 14
8 17 1
2 11 4
7 16 14
21 4 3
8 17 20
8 18 6
2 9 3
10 20 8
5 14 6
18 4 8
5 12 4
2 11 12
16 1 2
3 12 15
0 8 13
6 16 5
19 4 15
19 6 9
14 23 18
13 23 8
9 18 9
21 6 8
2 12 4
5 14 14
8 17 5
8 18 12
21 6 4
18 5 18
2 11 10
12 22 4
1 11 19
17 2 18
21 6 1
15 23 19
20 7 11
14 21 11
21 6 12
12 21 3
7 16 9
1 10 12
17 4 17
10 19 3
15 23 11
11 21 12
23 9 16
1 11 18
3 11 18
10 19 17
22 6 15
1 12 1
0 9 7
15 22 5
17 3 6
11 20 11
16 2 18
6 15 10
7 15 20
12 23 2
17 2 14
5 15 20
12 22 1
17 3 1
23 8 5
5 14 16
15 23 19
6 15 12
12 21 7
14 0 10
17 1 3
10 19 5
3 11 12
11 22 7
2 11 12
17 0 3
21 6 17
18 1 19
17 2 18
11 21 6
13 22 10
11 22 13
8 16 20
8 17 10
13 20 15
18 1 2
7 16 19
2 10 6
22 7 18
11 19 20
3 13 5
1 9 17
15 0 2
14 21 12
2 11 16
14 22 11
10 20 2
14 23 18
17 1 3
21 6 7
13 23 5
1 9 15
8 18 15
1 11 3
7 16 13
12 21 8
20 5 16
0 10 9
23 7 12
5 12 2
17 2 20
23 7 2
7 16 18
0 9 18
15 0 16
17 2 13
13 22 16
1 10 18
14 23 4
8 18 11
19 4 6
9 20 18
6 16 4
1 11 11
12 22 1
8 17 18
22 5 7
0 9 2
2 10 20
20 6 11
4 13 10
7 15 10
13 22 9
13 23 6
4 11 20
13 23 6
9 17 3
22 8 20
16 1 4
7 14 17
17 2 6
17 1 2
8 17 17
17 3 19
7 17 4
17 3 9
10 19 10
12 21 9
19 3 8
13 23 14
11 19 12
1 9 5
23 8 1
8 18 19
15 23 7
20 5 2
8 16 18
14 1 20
11 20 15
23 9 16
3 13 1
2 10 4
5 15 11
18 5 3
8 18 3
3 12 14
21 6 4
20 3 10
23 8 9
20 6 5
11 18 16
7 17 17
4 11 17
0 7 1
19 3 20
1 10 5
15 23 18
11 21 1
11 20 9
15 1 16
12 21 18
21 7 16
19 4 13
15 23 20
17 1 19
13 22 6
10 18 3
20 6 13
3 11 1
6 16 3
3 13 6
18 3 1
2 10 8
20 4 15
6 14 1
20 7 17
18 3 3
6 16 2
22 8 2
15 0 6
23 7 15
15 2 10
12 21 6
16 22 7
16 0 13
19 4 20
0 9 16
15 1 3
1 10 4
21 5 16
14 23 4
3 13 11
12 21 7
0 8 11
13 23 20
9 18 17
15 0 8
17 1 15
11 20 7
6 15 6
14 23 16
22 7 6
18 3 15
14 0 9
21 6 10
21 6 7
15 1 20
4 14 18
15 23 2
4 14 17
4 13 14
13 20 1
14 23 1
6 14 1
7 14 20
13 21 10
7 16 10
19 4 11
6 14 13
16 1 6
0 9 1
8 19 13
23 7 14
4 12 9
14 22 12
3 12 5
14 23 19
5 15 18
8 17 3
20 6 12
2 13 4
5 15 1
18 4 17
13 21 2
10 18 11
9 17 11
10 19 13
9 19 6
15 0 9
12 21 17
4 15 16
13 22 6
15 1 16
6 15 17
16 1 3
21 6 13
3 12 19
1 11 10
8 17 15
10 19 4
2 12 11
23 10 17
2 11 7
19 4 15
0 8 20
10 19 17
4 13 9
4 13 18
17 2 6
8 18 9
15 0 12
23 8 14
6 15 20
7 17 8
19 5 20
20 6 16
23 8 3
0 8 10
13 22 4
6 16 2
8 17 4
14 23 9
22 7 11
7 15 7
9 18 8
12 21 3
12 20 13
22 10 2
14 23 17
13 21 1
7 16 10
7 13 8
16 22 1
17 3 8
8 17 9
9 18 18
4 16 17
11 21 3
18 3 11
14 21 19
4 13 8
21 5 1
17 4 19
13 23 9
6 15 10
2 12 2
11 18 7
5 12 17
9 19 9
1 10 16
5 13 15
16 1 14
2 11 10
21 6 18
12 22 1
13 22 5
22 8 7
22 9 16
4 12 15
2 11 7
19 5 5
20 6 2
18 3 19
16 0 16
1 10 7
20 6 10
21 6 19
17 1 10
23 9 11
23 8 6
0 9 11
2 11 5
11 20 12
4 11 11
19 4 14
12 20 3
1 10 15
2 10 17
5 16 7
12 21 13
3 11 15
2 11 8
4 12 6
13 23 19
17 2 15
19 4 7
18 4 1
10 20 10
10 20 20
10 20 10
9 18 3
8 17 10
12 22 3
9 17 4
1 10 17
1 9 2
13 0 2
21 6 16
22 8 3
4 11 18
9 19 16
9 19 9
13 21 6
16 2 14
15 23 16
19 3 14
3 12 18
8 18 13
2 11 11
12 21 9
4 14 8
11 21 9
8 18 3
0 9 12
17 1 5
2 12 13
16 1 3
10 19 12
18 3 13
2 12 18
12 20 9
3 12 11
0 8 4
5 13 20
8 17 17
22 6 17
0 9 17
21 6 10
9 20 8
8 17 5
13 21 5
2 13 9
21 4 12
20 6 7
4 13 18
13 22 16
21 6 7
10 19 14
18 2 7
4 12 9
11 20 18
18 3 8
10 19 6
8 17 3
14 23 3
7 17 20
11 20 19
21 7 15
1 10 5
18 5 6
15 0 7
20 7 2
12 21 15
3 12 1
9 19 14
20 4 7
11 20 15
9 18 19
6 15 9
2 13 11
18 3 1
18 3 1
17 2 8
0 10 6
10 17 7
20 6 10
2 11 5
0 5 19
18 3 3
13 22 5
13 22 18
11 22 4
21 6 14
9 18 9
22 7 1
1 13 3
20 5 6
13 21 17
10 20 12
7 15 5
21 4 7
6 16 10
1 11 10
21 5 19
10 18 16
9 19 20
8 16 3
23 7 3
18 4 5
11 20 17
16 1 6
3 11 11
0 9 8
18 1 3
16 0 15
22 7 13
21 6 5
12 21 10
2 12 16
19 3 19
16 2 16
14 23 18
22 6 1
9 18 10
16 2 14
20 4 15
0 10 1
18 4 7
21 7 8
10 20 2
11 21 8
6 14 11
5 16 17
15 1 7
17 1 16
9 19 4
22 8 17
12 20 3
14 22 11
3 12 7
15 1 15
8 17 15
13 22 5
12 22 3
22 7 13
20 5 17
23 8 13
5 14 11
11 19 3
4 13 8
13 21 14
7 15 10
14 23 1
20 6 19
2 11 15
1 10 4
23 9 18
0 9 2
1 10 6
8 17 9
8 17 15
4 13 8
9 18 17
21 5 5
15 0 4
6 15 4
21 7 14
17 3 7
2 10 17
16 2 5
12 22 14
23 6 4
14 23 4
12 22 1
21 6 17
10 20 19
0 8 16
19 4 7
4 13 13
22 7 10
15 0 12
2 10 4
2 11 19
9 20 2
14 0 19
17 2 12
12 20 9
16 0 15
0 10 14
17 2 9
4 14 18
23 9 17
13 22 20
11 22 10
4 12 13
2 11 9
13 22 20
22 6 7
1 11 17
0 9 3
7 17 15
19 5 19
6 15 7
21 6 11
17 2 9
18 3 3
3 12 16
4 11 20
10 18 11
6 16 3
4 12 17
19 4 5
15 0 18
13 21 12
6 15 9
2 12 6
17 2 2
2 11 18
20 4 14
4 12 14
13 22 12
21 5 17
14 22 12
14 23 3
12 20 19
4 14 4
7 16 18
3 11 17
21 5 14
16 22 4
15 0 3
11 21 5
17 3 16
21 6 20
15 0 3
9 19 7
12 21 1
4 13 7
7 16 20
11 20 10
17 2 2
0 10 6
2 10 13
6 14 12
9 17 19
11 21 1
16 2 14
11 18 1
11 19 5
20 4 13
20 6 12
4 12 2
14 1 19
23 7 7
16 1 9
8 16 6
21 9 4
2 12 2
14 1 8
4 12 7
5 15 7
0 8 4
3 11 1
20 5 18
20 4 4
15 1 16
8 16 20
15 0 7
5 14 18
13 21 10
17 2 2
10 19 19
3 11 18
7 16 19
13 22 7
0 9 13
5 15 1
2 11 4
16 3 2
19 4 1
10 19 11
22 5 5
15 1 12
6 15 20
21 5 15
9 19 16
2 11 3
2 11 2
0 9 16
16 2 4
23 7 13
12 21 8
10 20 11
0 9 11
23 9 14
23 8 18
17 3 20
13 21 15
4 12 16
22 6 7
3 11 2
7 16 20
9 17 6
13 0 20
5 14 13
4 14 14
8 18 17
20 4 20
5 14 17
11 22 20
4 12 5
23 6 12
5 14 3
21 7 16
7 16 10
22 6 18
9 18 8
4 14 15
4 12 11
20 5 19
18 2 5
22 7 4
2 11 8
9 18 19
6 15 5
18 3 10
5 14 3
0 9 12
20 5 20
9 16 6
1 11 12
7 16 7
8 18 9
20 5 3
7 16 20
16 1 2
12 19 4
16 3 5
10 19 10
8 17 17
7 16 3
15 23 11
1 10 6
20 5 16
17 1 20
17 3 6
0 8 1
8 20 10
11 20 11
3 11 9
4 13 14
16 0 17
1 11 17
18 3 16
12 21 10
17 2 19
22 6 14
4 11 7
13 22 15
10 19 12
1 10 7
4 12 10
1 11 3
23 7 18
20 4 14
14 0 17
13 22 8
3 12 9
16 2 10
2 11 9
6 16 9
21 5 12
6 15 18
15 0 3
8 16 3
7 16 16
16 1 9
7 16 1
9 18 13
20 5 7
22 7 7
20 6 12
16 0 5
4 12 8
13 21 6
7 16 16
11 19 13
6 16 11
7 17 6
14 23 13
15 0 11
19 5 2
16 2 18
8 18 18
23 10 1
0 10 14
1 10 1
22 4 2
23 7 7
2 10 1
18 3 15
9 17 2
9 17 10
17 2 6
18 3 1
16 2 4
7 17 3
15 23 8
17 3 17
8 15 13
19 4 3
4 14 18
11 22 18
4 11 9
9 18 20
23 10 10
1 10 17
9 20 3
0 9 15
3 14 1
13 20 3
17 2 9
15 1 13
9 19 5
20 5 14
20 5 9
15 1 7
4 14 7
10 19 7
12 20 8
19 3 8
4 14 6
16 0 11
21 5 15
23 9 18
22 8 7
18 2 12
19 5 5
12 22 18
4 12 14
7 15 19
3 12 10
14 23 16
0 8 15
18 3 17
18 4 7
1 11 17
6 16 9
4 12 2
5 13 11
3 11 10
11 21 12
6 16 12
6 16 6
3 11 1
3 13 5
11 20 16
6 14 14
9 19 13
2 11 10
3 10 17
11 19 20
2 12 15
4 15 10
9 19 13
9 17 8
6 15 6
19 6 20
2 10 18
4 13 2
11 19 10
15 22 10
17 1 12
10 17 9
12 21 3
14 23 17
6 15 19
19 3 10
21 7 12
10 18 15
0 9 5
13 0 17
9 18 13
15 0 11
11 20 9
10 20 20
7 16 7
3 13 15
15 1 14
11 19 11
9 19 13
14 22 5
5 14 18
20 4 15
11 22 2
15 22 9
5 14 10
21 6 12
14 1 17
4 12 18
7 17 18
11 21 10
22 5 20
17 3 12
15 0 11
12 21 5
4 12 17
17 2 6
11 19 17
3 13 9
19 4 18
7 17 15
22 8 4
7 15 14
5 15 14
7 15 11
16 0 18
20 5 8
4 14 4
6 14 20
23 8 8
13 21 12
20 5 9
17 2 15
9 18 13
2 11 20
2 14 17
1 8 17
4 13 17
20 6 1
20 5 19
11 20 12
22 8 16
7 16 19
21 8 12
7 17 20
16 0 19
1 11 8
17 2 17
19 5 8
15 1 19
22 8 2
7 15 11
10 19 6
20 5 19
1 11 18
19 3 8
2 12 15
8 18 8
1 11 4
4 13 12
2 10 17
1 9 1
14 22 2
18 4 13
7 16 15
2 12 20
7 14 18
1 11 1
6 16 6
18 2 11
20 7 2
22 6 3
4 15 1
1 9 17
20 6 8
10 20 10
20 4 1
7 17 17
16 0 20
23 7 18
21 6 11
7 16 8
16 2 2
23 9 18
1 10 16
16 2 12
8 18 7
23 9 15
22 8 18
11 19 17
10 17 17
5 16 11
2 10 1
9 19 2
21 5 11
1 9 18
19 5 16
20 4 12
10 19 12
22 6 19
13 21 15
19 3 1
23 9 4
22 8 9
7 17 14
10 19 17
11 22 4
2 12 13
13 23 14
5 13 19
13 21 11
10 18 20
15 0 17
13 23 20
6 14 19
22 6 7
0 9 20
2 10 11
20 3 20
4 13 9
19 4 16
18 2 5
6 15 13
3 11 15
1 11 6
22 6 20
2 11 3
23 9 7
1 10 20
17 2 9
9 19 2
1 7 13
15 1 17
18 3 8
6 15 3
9 20 7
17 2 3
0 9 4
19 3 2
8 16 4
17 3 6
21 5 16
5 13 11
4 13 10
13 23 5
1 11 2
20 5 17
13 22 16
14 23 5
10 17 2
17 2 5
10 21 11
8 16 12
1 10 5
1 11 8
14 0 6
22 6 18
9 19 8
5 13 16
8 18 20
1 9 12
9 17 2
5 14 16
22 6 1
17 3 19
10 17 3
11 20 18
17 1 15
17 2 15
0 8 2
4 12 12
18 3 13
15 23 20
6 15 5
12 20 14
15 0 12
15 1 15
23 9 9
21 6 5
17 2 20
21 4 17
23 8 10
7 17 14
19 4 20
12 20 17
19 3 16
4 13 20
10 18 11
13 22 13
20 5 10
0 7 9
8 17 13
21 7 19
11 20 6
10 19 1
8 18 15
1 8 13
17 1 10
12 21 8
13 22 19
21 6 8
1 9 6
13 23 3
6 15 9
7 15 13
11 20 12
19 3 4
8 16 14
2 11 17
17 23 7
8 17 5
11 20 15
5 11 5
14 23 2
8 15 6
4 12 8
17 2 14
10 18 9
1 11 19
12 20 17
13 22 19
15 0 7
19 2 10
12 21 2
2 11 17
10 19 4
14 1 19
4 13 16
9 22 7
16 2 1
11 20 2
9 18 5
0 8 20
15 0 13
21 7 19
1 10 14
11 22 18
20 6 11
7 14 19
4 13 17
0 8 9
3 12 6
10 17 12
17 3 11
14 23 15
22 8 15
2 11 7
2 11 7
0 10 14
22 6 3
16 23 7
17 3 8
11 22 18
22 7 14
13 23 1
19 3 19
7 17 7
8 15 1
20 5 12
3 11 1
5 14 3
16 1 7
1 10 16
9 17 13
2 12 9
17 2 4
5 16 18
8 16 11
2 11 1
2 10 19
4 14 17
16 0 14
23 8 10
23 9 14
11 20 12
3 12 7
4 13 16
19 4 16
9 19 16
11 20 15
15 23 9
11 20 7
4 13 13
11 20 12
23 9 7
20 5 3
14 22 5
11 19 9
0 11 20
11 21 1
23 7 16
0 9 1
0 10 20
3 12 4
4 13 9
4 14 18
3 12 17
11 20 6
14 21 10
22 9 2
20 5 9
6 16 9
15 0 6
17 1 14
8 17 15
1 9 10
11 21 19
10 19 2
4 11 13
12 20 1
12 22 13
14 0 16
8 16 2
17 1 14
16 1 19
8 17 2
7 16 1
0 9 12
15 1 19
15 1 3
19 4 10
21 6 2
23 6 1
11 18 9
18 4 19
12 21 5
23 8 2
0 8 13
13 0 13
17 4 18
12 19 11
23 10 14
6 13 10
14 23 18
10 19 20
1 10 19
1 9 4
17 1 3
5 14 10
4 14 17
15 23 9
10 18 9
20 5 20
11 21 8
1 8 5
9 19 5
1 10 3
4 12 8
22 9 12
2 12 5
16 1 10
5 15 10
11 20 4
11 22 4
23 8 12
15 1 3
5 15 11
20 6 17
4 13 10
3 13 3
19 3 7
8 16 15
8 16 20
16 0 10
18 2 15
21 8 19
16 1 8
10 19 15
23 9 20
21 6 1
4 12 11
1 10 19
8 18 1
7 16 6
5 12 14
1 9 15
12 21 16
0 11 8
15 0 1
16 1 16
4 13 6
3 11 11
3 11 8
1 9 14
19 4 2
8 17 8
7 17 3
15 0 1
22 7 4
5 13 1
6 15 18
3 13 16
8 19 17
9 19 5
17 3 10
12 21 11
21 4 15
10 19 15
12 19 13
11 22 9
7 16 4
11 21 11
19 5 15
5 14 8
23 8 9
14 1 2
2 10 6
1 11 2
7 15 7
23 8 10
4 12 14
22 8 18
15 1 13
14 22 17
6 16 2
5 14 18
11 17 15
11 20 19
11 19 15
2 12 18
10 19 10
5 15 1
5 17 12
8 18 17
16 0 12
17 2 5
10 19 19
1 10 2
4 13 8
6 14 13
19 4 3
18 1 19
5 13 2
0 10 10
13 21 6
1 10 14
14 0 1
18 5 8
9 18 5
0 10 6
21 5 18
17 0 5
5 14 11
19 3 6
20 4 19
4 14 1
14 0 2
18 1 19
20 5 14
7 15 7
10 19 20
10 19 7
15 0 10
15 1 11
19 4 18
6 15 11
18 4 7
3 13 4
8 17 19
19 6 4
21 6 11
8 16 20
22 6 11
21 5 17
0 9 2
20 6 4
10 18 15
2 11 8
22 8 5
23 9 20
12 20 9
10 19 6
10 19 16
23 10 18
23 9 13
12 22 14
11 20 4
6 15 19
20 5 3
10 19 12
5 14 18
10 19 13
12 20 10
5 14 8
17 2 10
2 10 1
4 13 19
11 21 2
6 16 10
10 19 1
15 0 12
9 21 6
2 11 9
8 17 11
1 9 3
7 16 16
21 5 10
22 7 17
20 5 12
1 9 1
4 13 16
20 6 15
18 4 17
18 3 12
10 20 15
1 10 19
16 3 2
5 14 17
0 9 6
5 14 14
3 13 14
4 13 19
12 20 20
9 17 13
9 17 8
21 6 11
15 0 12
1 10 4
20 6 17
2 11 5
22 8 5
2 11 17
8 16 10
20 6 10
21 6 15
16 1 9
19 3 1
11 19 13
11 20 18
7 16 7
6 16 20
12 20 8
4 14 17
20 5 10
7 16 1
4 12 8
0 9 14
11 18 4
22 7 6
7 16 10
9 19 20
7 14 8
6 16 16
8 18 7
17 1 7
20 4 10
0 9 10
7 16 4
15 1 6
12 22 15
3 12 18
16 2 16
11 20 14
17 2 18
14 22 3
14 0 16
7 16 4
5 14 20
0 11 8
16 1 2
0 11 2
1 9 12
20 5 4
13 23 16
20 5 9
12 22 11
19 5 11
16 1 19
4 13 12
10 17 19
21 4 17
16 0 17
21 6 13
9 18 12
15 1 18
22 6 8
22 5 2
8 15 11
4 14 13
20 5 16
11 22 6
2 10 2
0 9 6
12 20 20
3 10 7
8 17 5
10 18 7
18 3 16
14 0 12
9 19 15
15 0 5
0 7 7
19 5 5
11 19 6
10 19 20
2 11 18
14 23 12
18 2 6
7 15 5
16 2 7
21 7 2
18 4 11
5 15 19
7 16 20
14 23 10
9 19 17
5 14 3
19 4 2
9 18 18
6 15 14
8 17 18
0 9 7
3 13 12
12 23 9
0 8 15
7 18 1
2 11 18
3 12 1
20 5 16
4 16 6
1 12 9
5 14 7
18 3 2
6 14 19
20 5 7
16 1 20
13 23 7
22 7 5
18 1 20
19 3 11
18 2 16
19 3 14
15 0 14
5 14 1
22 9 4
14 22 15
2 9 7
20 7 19
1 10 7
8 17 10
20 6 9
8 18 15
6 14 10
10 18 17
12 19 4
20 5 14
4 13 6
11 20 1
13 23 6
5 15 6
3 14 18
23 7 12
14 23 6
13 23 14
4 12 19
12 21 11
9 18 1
18 3 19
4 13 17
20 6 6
4 13 17
11 19 6
9 16 13
11 18 19
20 5 20
0 10 1
9 19 12
15 0 5
18 4 3
9 19 8
4 13 1
5 14 3
22 8 5
19 6 13
3 14 7
11 19 2
14 22 8
13 23 13
14 23 9
11 21 19
7 15 18
16 0 7
14 23 17
22 9 4
2 10 13
0 9 7
15 23 5
19 4 14
7 16 1
5 15 16
8 16 18
7 17 1
20 5 2
21 5 18
5 14 20
4 12 11
20 6 14
18 5 1
23 8 12
9 18 14
2 11 6
3 11 2
15 1 4
5 13 14
17 3 7
15 1 8
1 10 5
15 23 9
22 7 7
21 6 13
14 21 3
4 13 3
18 3 6
15 23 2
5 14 7
9 19 4
1 11 5
13 21 11
1 11 20
1 10 12
21 7 17
13 22 13
12 21 8
15 2 7
22 7 2
13 22 3
0 8 18
14 23 9
16 1 10
22 8 18
23 9 7
4 11 5
4 10 3
5 14 5
9 18 19
8 16 12
5 13 12
23 8 1
16 23 8
17 1 20
11 21 16
1 11 4
5 13 17
0 9 14
15 23 11
2 13 14
23 8 12
18 1 2
10 19 6
10 18 15
19 5 16
11 21 3
1 10 17
21 6 16
20 4 4
4 10 8
14 22 10
23 9 15
2 12 1
5 13 12
14 0 16
2 8 14
20 4 17
13 20 1
22 6 16
18 5 10
5 14 4
3 13 1
22 10 17
23 7 16
4 14 18
11 20 11
15 0 16
5 14 3
7 18 14
16 1 12
20 7 4
18 3 11
12 21 4
22 7 6
20 4 1
20 4 12
2 12 1
3 12 20
0 9 2
10 20 18
23 8 13
14 23 17
8 17 5
21 6 19
1 11 10
20 4 10
15 0 20
13 23 3
6 15 10
17 1 9
8 16 1
1 10 9
14 0 10
10 19 13
7 15 15
13 22 12
9 18 1
5 15 3
13 20 19
3 13 11
17 3 20
14 0 3
21 6 8
6 15 3
7 16 16
23 8 3
18 3 8
5 15 8
20 5 4
13 20 14
11 19 13
15 22 16
16 0 12
6 14 10
7 17 5
19 4 20
10 20 5
19 5 20
1 10 3
1 10 5
1 10 14
7 16 6
6 15 20
15 23 16
15 23 18
20 4 8
16 1 15
6 16 1
14 22 11
22 6 12
1 10 10
21 5 1
1 10 13
8 18 19
21 6 9
8 18 20
3 13 19
18 2 9
7 16 14
11 19 6
14 0 10
18 2 14
22 8 19
13 0 5
20 5 12
15 23 2
21 6 5
12 22 20
7 14 15
6 15 8
2 12 1
19 4 15
8 16 12
13 23 3
20 3 7
23 8 12
12 22 18
19 3 4
19 5 14
14 23 3
4 15 12
14 21 14
14 0 12
11 20 17
4 13 12
17 2 7
21 5 6
17 3 15
6 16 7
22 6 5
13 23 8
19 3 7
6 15 12
16 23 1
22 7 14
18 5 5
20 5 13
7 16 6
3 13 19
2 11 5
15 0 9
1 8 8
15 0 4
18 3 2
13 22 4
6 14 19
18 2 17
7 17 6
19 3 2
19 3 20
21 7 15
12 21 17
21 5 19
3 12 5
9 18 8
12 20 9
7 16 16
9 20 20
21 5 19
9 18 19
2 13 5
12 21 10
20 4 7
6 15 5
11 20 10
1 10 20
2 11 17
14 23 19
4 11 19
4 14 6
20 5 19
14 1 7
17 2 16
3 12 12
19 1 17
7 17 8
6 15 5
19 3 11
6 14 13
0 8 3
2 12 1
18 2 15
10 19 19
4 12 9
18 4 1
20 6 2
23 9 20
21 6 9
20 5 19
15 1 9
3 12 12
3 11 5
5 16 18
19 3 11
16 1 20
1 12 19
18 2 11
7 17 7
22 6 18
22 7 11
5 11 12
6 14 10
11 19 14
22 6 18
2 12 7
12 22 2
17 2 10
18 4 4
1 11 13
17 1 20
12 22 8
17 3 4
0 10 13
18 1 13
7 17 20
7 15 3
5 14 14
7 15 1
12 21 1
15 0 13
17 3 11
4 13 7
8 16 1
18 3 10
19 3 13
20 6 15
15 0 3
12 21 15
3 11 3
12 20 15
1 9 20
20 6 17
4 13 19
4 11 9
11 22 13
20 5 12
7 17 6
18 1 10
23 8 4
13 23 9
21 7 10
8 13 17
8 17 11
16 3 15
22 6 3
4 13 7
6 16 9
1 12 3
1 9 4
2 11 2
14 21 5
17 1 8
9 19 12
3 12 15
4 14 18
4 13 3
11 19 1
2 10 11
10 20 3
22 7 8
4 14 7
6 15 9
13 22 4
16 1 7
18 2 10
23 9 7
6 17 20
17 2 12
14 1 18
23 8 3
23 8 20
1 11 13
7 16 4
11 19 2
16 1 4
9 17 8
4 12 20
3 13 9
3 12 7
19 4 14
0 10 5
2 12 7
13 21 12
0 10 20
13 21 3
23 9 15
20 5 17
2 11 1
14 23 2
23 8 17
18 5 7
14 22 1
20 6 1
14 22 20
7 14 1
3 12 16
19 4 1
3 12 15
23 11 5
5 13 18
18 2 19
4 13 6
7 15 20
0 8 5
17 2 8
0 9 13
7 16 10
20 8 18
0 9 10
18 4 14
17 2 18
0 10 19
16 1 12
8 17 1
10 20 3
7 15 7
17 3 17
7 16 15
1 7 12
15 0 14
4 12 12
0 9 3
11 21 9
23 9 14
23 6 9
8 18 14
19 5 5
13 21 1
6 15 17
10 18 2
2 9 1
7 16 4
15 23 15
5 14 16
10 19 6
8 15 13
5 13 2
15 1 8
18 4 9
14 23 20
8 17 10
18 2 5
6 14 16
2 12 3
22 8 14
19 4 9
3 11 17
11 21 3
4 13 20
0 10 19
18 4 9
9 19 17
4 12 9
21 4 4
4 13 12
5 13 3
16 0 4
21 7 2
18 5 15
6 15 2
13 22 1
16 0 6
14 23 14
12 22 2
12 22 20
23 7 7
21 7 19
5 13 11
11 23 11
14 23 20
14 22 16
15 22 3
1 10 20
4 14 16
8 15 6
19 4 19
8 16 18
21 6 12
12 20 7
0 10 18
20 4 14
13 21 13
15 1 11
9 18 18
4 14 18
15 22 14
7 17 14
17 3 7
4 13 8
14 22 12
23 8 17
19 2 18
7 16 20
19 4 18
21 5 16
23 9 16
9 18 13
11 18 3
9 18 9
16 2 5
11 21 6
4 13 10
2 11 1
23 7 10
5 15 17
17 1 12
6 16 13
23 8 7
22 8 7
3 12 4
1 9 2
13 21 12
8 17 2
3 11 11
9 17 5
15 0 7
18 3 5
6 14 7
12 22 18
4 14 13
6 16 15
12 22 14
19 3 10
9 18 19
2 11 10
2 10 14
7 16 16
23 9 19
0 10 12
9 17 14
0 7 6
16 23 20
20 6 3
19 5 17
21 6 11
20 4 5
16 0 19
10 20 17
16 0 12
12 21 6
16 2 11
22 7 17
22 5 12
4 14 11
20 4 12
6 15 8
8 17 7
18 4 7
0 10 6
9 19 3
0 10 2
6 17 17
20 5 12
14 1 14
22 6 1
11 22 2
6 14 2
7 14 19
10 19 13
1 8 19
23 8 5
18 2 20
7 18 7
7 16 9
3 12 9
2 12 5
0 10 15
14 1 5
0 10 19
7 16 17
19 4 17
6 15 18
1 9 17
21 5 17
15 0 10
5 16 4
9 17 8
1 9 20
2 10 9
18 3 3
