1000 20
19 4 5 3 16 14 20 14 12 20 6 18 7 14 16 1 12 14 3 18 
8 17 15
3 13 6
14 23 18
11 22 5
23 9 9
14 23 17
12 22 16
21 6 14
15 1 5
18 4 10
12 22 11
5 14 12
22 7 11
18 3 9
11 23 19
4 15 14
3 14 3
4 14 5
13 0 18
8 18 17
4 16 20
2 13 14
2 11 13
8 19 12
8 16 16
1 13 14
12 21 1
7 17 9
9 19 9
17 4 2
17 2 13
21 6 2
2 10 6
9 18 13
4 16 17
18 6 9
2 12 2
6 15 8
22 8 13
16 2 8
8 17 4
15 2 13
1 10 7
14 0 10
5 15 1
3 14 15
0 11 18
14 0 8
19 4 2
2 13 16
10 20 9
16 2 16
19 5 12
9 19 19
17 3 9
13 0 18
19 6 18
15 1 16
18 5 13
1 11 2
5 15 4
1 12 20
9 19 1
11 22 9
3 13 13
7 15 13
9 18 7
16 3 3
5 13 13
0 12 18
3 12 3
4 14 12
7 18 3
21 7 20
17 4 1
7 17 13
0 10 12
16 1 10
21 7 14
14 1 17
3 13 14
19 6 20
14 23 16
6 15 12
11 21 16
2 11 18
9 20 12
3 12 19
12 21 9
8 19 7
20 4 9
23 8 11
13 23 1
19 3 5
14 2 15
3 13 13
23 10 6
2 11 1
3 14 3
18 4 2
18 3 13
16 2 16
23 8 19
23 10 13
7 17 3
14 0 7
22 8 19
1 10 13
5 16 5
20 5 2
23 8 12
19 3 12
6 17 14
2 12 15
9 19 19
2 11 19
1 11 2
4 13 3
17 3 9
20 8 7
2 12 15
22 9 5
23 11 5
23 8 17
20 7 2
9 19 13
20 6 7
21 7 8
22 7 10
15 1 14
10 20 12
7 17 20
18 3 7
8 18 15
15 1 13
13 23 9
7 16 5
19 4 17
19 5 15
14 23 16
9 18 19
15 1 14
2 12 15
8 19 17
7 17 5
18 4 20
10 20 6
23 8 6
1 11 17
6 16 12
0 10 20
20 5 17
8 19 20
15 3 20
18 3 10
11 21 14
1 10 2
0 10 13
23 11 5
11 22 1
15 1 12
11 22 9
8 17 14
17 4 20
12 23 11
1 12 1
2 12 17
23 10 5
20 5 13
20 6 7
1 12 3
10 20 18
23 10 10
2 13 17
11 20 18
23 7 2
6 15 7
0 11 5
14 23 13
14 1 7
2 12 5
3 11 8
12 22 8
1 12 3
0 11 13
15 1 14
3 12 4
20 8 8
23 8 18
17 3 18
9 18 5
12 23 12
20 6 5
16 3 19
5 16 16
6 15 20
0 9 14
2 13 6
13 0 14
8 18 14
1 11 4
11 19 6
0 10 10
6 16 11
15 1 11
0 12 11
21 8 10
8 18 17
7 18 17
10 22 2
13 22 14
2 11 1
14 23 13
8 16 9
12 23 10
16 2 12
14 0 12
1 9 7
21 8 12
6 18 6
9 17 5
11 19 11
15 2 9
14 1 12
11 21 19
2 11 15
19 5 18
16 3 19
16 2 10
12 22 16
10 21 19
18 4 4
5 14 9
5 15 17
3 14 9
17 1 1
11 20 17
14 0 1
11 22 4
5 14 17
4 13 18
16 1 9
21 6 10
12 23 7
11 20 1
16 2 15
14 23 12
17 4 4
17 3 8
14 22 13
7 16 5
4 15 7
11 20 17
22 8 12
4 14 6
4 14 11
6 16 14
18 5 20
17 2 19
3 12 6
10 19 20
14 1 2
17 3 20
16 3 9
10 21 20
14 0 11
21 7 15
23 9 8
1 12 7
12 21 3
20 6 14
3 14 8
7 16 15
1 10 4
23 10 4
3 11 9
10 21 18
11 21 8
11 22 11
23 9 9
6 15 11
8 19 18
17 3 5
16 2 3
22 8 18
4 15 14
19 5 16
22 10 19
20 7 2
4 14 10
6 16 3
11 19 12
21 7 1
5 16 14
22 10 5
5 16 6
12 22 6
23 10 11
17 3 19
17 2 12
8 18 16
8 18 20
6 16 11
6 17 12
23 9 18
14 2 16
20 6 15
14 2 7
15 2 11
11 21 10
6 15 18
17 2 13
11 21 2
8 17 17
13 23 9
4 15 15
23 9 13
21 7 14
4 14 14
16 2 8
11 21 19
18 2 3
7 15 20
17 3 8
4 15 20
22 6 16
17 4 1
20 6 13
20 6 19
0 9 11
11 21 10
19 5 4
17 2 5
15 2 12
7 17 2
22 8 19
3 14 1
22 7 13
5 15 12
7 18 17
17 4 6
15 0 6
13 22 20
20 6 11
3 12 7
17 4 13
21 7 19
0 10 9
12 21 9
10 19 5
5 14 11
15 0 1
13 1 10
11 22 15
9 19 2
1 12 8
0 9 2
1 12 4
8 19 16
22 7 9
23 6 15
20 6 16
14 2 20
14 0 17
7 17 9
18 5 7
21 5 6
21 7 15
8 18 19
13 23 17
1 10 18
21 6 13
19 4 9
11 22 6
7 18 6
0 9 10
18 3 6
16 2 4
1 12 16
12 22 8
14 1 1
10 20 5
5 15 3
21 7 1
14 1 8
17 2 4
18 3 6
21 8 10
16 2 13
8 19 20
6 16 11
17 5 18
17 2 16
18 4 2
19 5 10
22 7 14
8 17 13
9 18 13
4 15 9
9 19 11
19 5 3
5 14 16
13 2 1
11 20 9
14 23 9
8 17 4
13 0 3
8 19 2
11 19 5
10 20 2
2 13 19
12 21 10
15 1 4
3 14 12
11 21 2
5 15 15
17 2 15
7 17 12
5 14 20
22 8 12
8 19 1
1 10 2
6 16 14
4 14 13
1 11 13
16 0 16
0 9 14
9 20 18
23 9 3
17 4 19
19 6 2
5 15 15
2 14 13
8 17 16
14 0 4
13 1 17
13 23 17
23 10 9
9 19 4
10 20 4
12 22 6
22 8 7
12 23 7
11 21 1
3 12 8
23 9 16
9 19 3
1 12 17
2 12 13
21 8 2
9 19 1
11 21 20
16 2 16
20 7 8
15 23 19
11 21 10
9 19 1
16 2 3
22 10 16
14 0 14
4 14 14
19 5 20
14 22 18
13 22 6
19 5 5
10 19 1
19 5 6
21 7 6
11 21 13
1 10 19
19 5 9
10 20 7
14 0 9
17 2 18
1 11 11
5 15 16
12 22 6
17 2 18
2 11 10
19 5 18
7 16 15
15 1 11
6 15 11
18 4 5
6 16 16
15 2 5
5 15 13
19 5 19
20 6 9
19 6 12
15 2 18
23 7 15
12 22 16
13 21 7
12 23 11
18 2 12
22 8 18
22 7 5
12 0 15
12 21 12
23 9 1
4 14 3
17 3 8
18 5 2
6 16 11
1 12 5
4 13 8
4 15 14
4 15 7
5 16 16
4 13 12
9 21 1
9 19 19
21 7 5
12 21 15
22 7 10
1 12 4
17 2 16
15 2 7
20 6 18
13 1 15
16 3 6
16 1 10
3 12 11
17 3 7
5 16 11
21 7 1
2 13 6
11 20 13
8 19 2
8 19 5
15 2 3
9 18 13
15 1 11
8 16 20
11 20 16
23 8 2
6 15 3
9 18 11
6 17 12
19 7 2
9 19 15
6 15 1
19 5 14
4 16 19
3 13 7
22 7 8
13 21 5
14 0 17
22 8 17
21 6 17
6 16 5
11 21 16
1 12 5
2 10 19
23 9 16
12 21 19
13 23 13
15 1 6
13 22 17
10 20 17
5 16 19
11 21 19
22 8 18
2 12 18
15 2 11
21 7 19
15 23 13
2 10 3
10 21 6
6 16 1
23 10 16
19 5 5
1 12 14
16 1 19
11 22 11
15 0 6
13 23 11
14 1 17
13 23 18
23 8 13
7 15 4
8 20 9
4 15 6
5 14 16
23 10 19
13 23 20
21 7 9
23 10 14
7 16 11
21 7 5
18 4 16
15 1 13
16 2 16
13 22 15
13 21 18
11 21 7
17 4 9
21 7 1
15 0 5
10 19 11
10 19 14
20 6 6
17 4 1
7 18 20
2 12 10
7 17 19
15 2 14
19 4 9
9 19 17
1 10 10
0 11 6
5 14 10
20 6 12
0 11 4
17 3 19
8 18 16
23 10 13
22 8 11
10 20 19
19 4 1
16 3 2
4 13 2
19 4 1
18 4 13
15 23 15
12 0 6
18 4 18
1 11 3
1 12 2
17 3 18
21 8 17
21 7 8
16 2 13
17 2 20
6 15 10
11 21 10
9 17 1
20 6 8
10 21 18
20 6 2
8 19 17
5 16 14
1 11 18
18 4 15
8 19 2
23 8 9
17 2 18
18 5 3
11 22 3
15 0 6
13 0 15
12 23 14
8 19 13
8 17 20
15 2 10
17 4 18
19 5 19
3 11 20
6 16 2
18 5 19
23 9 9
7 16 13
3 13 19
0 10 2
0 9 11
16 3 5
9 20 10
0 9 10
16 3 6
7 16 18
20 6 10
4 15 10
2 12 4
3 12 11
11 20 17
2 11 7
7 17 10
18 4 18
15 1 4
22 7 4
8 16 3
9 19 11
7 15 15
14 0 16
5 14 10
22 10 19
12 20 20
9 19 4
1 11 3
10 19 14
5 12 2
17 3 11
2 12 5
1 10 12
4 15 16
4 14 15
6 15 18
16 3 18
16 0 20
0 10 15
13 22 9
3 11 10
12 22 20
23 7 9
0 10 9
15 1 14
14 0 19
22 8 11
13 23 3
4 14 4
8 18 1
8 17 19
4 14 12
13 22 9
3 11 12
4 14 11
10 19 3
4 14 8
4 14 20
13 0 19
20 5 14
4 13 14
14 23 15
7 16 15
19 5 13
7 17 20
15 1 15
11 20 8
5 15 10
19 6 12
14 23 10
19 2 12
20 7 16
11 22 11
5 15 8
18 4 3
17 3 18
17 3 15
7 17 2
22 6 7
18 4 10
20 6 10
4 15 11
10 21 13
22 7 6
11 22 16
2 13 8
22 8 19
7 17 12
10 22 2
21 6 16
17 3 9
5 16 9
20 6 16
15 0 5
3 13 3
13 23 9
18 2 6
20 4 20
3 13 5
12 23 2
13 23 8
2 11 13
5 14 17
22 7 6
23 7 5
15 0 17
13 1 18
10 19 5
23 9 5
22 9 2
4 16 10
10 20 20
18 3 9
19 5 18
23 9 10
14 0 9
15 1 5
22 8 20
3 12 16
2 12 3
5 16 4
21 6 12
5 16 6
21 7 7
9 20 9
17 3 2
15 1 13
11 22 8
15 1 1
17 2 19
3 14 5
15 2 12
11 22 17
20 7 2
1 10 4
18 5 5
0 9 15
18 5 19
0 10 8
14 0 1
15 0 12
12 22 12
18 4 15
21 8 20
21 6 11
15 0 18
9 19 20
9 19 7
18 4 13
17 4 3
21 8 6
15 1 7
0 8 17
19 6 5
14 1 2
21 6 20
14 1 17
8 19 11
5 15 15
22 9 3
9 19 15
21 7 14
11 20 3
5 14 18
21 6 5
7 17 20
6 17 2
12 22 20
22 6 20
12 23 1
2 12 16
7 18 6
1 10 18
9 19 6
13 21 20
21 7 9
6 16 17
9 19 15
23 10 14
1 11 17
20 6 11
6 17 1
20 5 12
12 22 4
19 4 17
7 16 5
20 5 18
7 17 17
12 21 7
12 23 2
18 4 17
9 18 5
6 16 10
22 9 5
23 7 5
7 18 19
21 7 18
10 21 8
3 12 13
10 21 3
14 1 15
16 2 11
6 17 2
20 7 12
11 21 15
6 17 19
11 21 14
18 4 19
10 20 10
12 21 20
3 12 6
20 5 9
8 19 14
9 16 14
15 0 9
13 0 5
15 2 1
20 6 19
13 23 2
7 16 4
21 7 13
5 14 9
14 0 4
6 17 16
21 8 19
19 6 1
10 20 11
10 20 18
10 20 9
8 18 4
5 15 1
7 18 10
10 20 8
19 5 7
12 20 6
22 8 15
10 20 2
11 21 4
7 17 16
16 2 18
17 1 5
15 1 16
2 12 19
22 8 11
16 2 10
18 3 8
15 1 18
12 22 20
9 19 15
21 8 6
15 0 3
14 1 19
2 12 6
11 20 17
23 9 14
15 1 10
3 12 6
18 4 17
7 17 7
23 8 3
17 4 12
17 2 17
23 10 6
2 12 14
8 18 14
4 14 19
23 9 11
22 7 11
3 13 12
11 19 11
2 13 11
2 11 12
16 1 1
20 8 3
9 20 8
23 8 6
7 18 18
13 0 1
11 22 12
17 4 11
3 12 19
18 3 2
21 9 11
10 17 14
8 20 4
17 2 15
17 3 20
14 23 20
3 15 18
9 19 18
1 12 17
10 21 11
8 18 1
9 20 12
11 19 7
16 3 16
12 22 4
11 21 1
6 16 11
0 10 3
3 13 3
4 14 13
20 8 18
7 17 3
2 10 14
15 4 15
8 18 4
10 18 4
4 14 11
20 7 20
13 23 10
8 18 3
22 7 18
14 23 14
6 15 20
18 3 12
13 22 4
21 6 1
4 14 10
23 8 10
3 13 20
14 22 8
10 20 4
12 21 16
0 10 7
23 10 12
8 18 7
11 20 20
6 16 20
14 0 12
13 23 5
5 16 1
21 8 6
19 6 20
12 22 14
15 2 5
21 7 5
16 2 6
