1000 20
18 4 16 5 10 12 14 9 4 18 19 14 8 11 1 4 6 14 1 6 
19 5 3
1 11 16
14 2 6
19 7 8
17 6 4
10 22 6
9 18 14
13 23 19
9 22 15
21 7 7
17 4 12
11 22 2
13 1 3
13 23 10
16 2 2
12 21 5
11 20 1
19 6 7
6 16 10
13 1 4
0 12 17
19 6 19
20 8 3
8 17 19
1 13 14
22 10 20
0 11 15
9 21 5
11 22 19
1 12 9
10 20 14
23 11 7
21 6 10
3 14 4
17 3 15
17 4 12
23 11 9
8 19 2
10 21 8
15 2 10
22 10 19
15 3 4
14 3 13
17 4 18
12 21 5
23 10 3
21 8 9
6 16 15
12 22 13
13 0 20
14 0 12
21 7 15
19 5 16
14 23 7
5 17 13
23 9 10
13 23 12
8 20 20
4 15 2
23 8 9
3 12 15
19 5 6
0 11 19
6 16 16
20 7 11
9 21 16
12 0 1
21 10 8
8 20 1
22 8 8
18 4 18
13 1 17
10 20 2
1 14 15
3 15 20
22 9 14
4 14 4
16 5 9
5 16 6
14 1 16
6 18 15
6 17 16
4 15 17
20 8 9
1 13 12
6 15 8
1 12 1
12 23 10
3 14 7
7 15 5
7 18 15
0 10 14
2 13 5
5 15 16
23 10 2
10 21 4
3 12 8
13 0 5
18 5 18
15 3 4
9 18 16
5 17 6
17 2 15
4 15 2
20 5 5
11 22 8
13 23 7
1 12 17
4 16 18
21 7 14
18 5 11
3 13 5
13 0 16
20 9 20
16 5 1
16 4 11
17 5 4
2 13 15
20 6 12
3 13 11
7 20 4
2 13 7
21 8 4
3 12 10
15 3 14
23 10 20
19 7 10
7 19 6
7 16 16
13 0 16
9 21 9
1 11 12
4 16 17
12 0 6
17 5 2
11 22 10
12 0 5
23 9 6
13 0 12
17 4 4
1 11 6
8 21 2
10 21 16
14 2 15
20 6 17
16 1 2
15 1 15
2 13 17
14 0 19
13 2 5
0 12 1
16 2 8
23 11 2
3 15 20
3 13 3
16 3 18
21 9 16
15 1 16
19 5 17
1 12 13
9 21 8
5 16 9
12 23 19
11 21 20
17 4 14
7 18 14
0 8 9
5 17 20
2 13 20
14 2 6
11 22 16
23 12 19
15 2 2
3 12 4
20 6 1
7 19 9
11 23 11
20 7 8
23 10 5
17 4 13
0 9 8
15 2 3
6 19 10
16 3 13
19 7 9
8 18 11
13 2 11
3 14 11
16 1 7
17 4 11
16 4 7
19 5 12
2 13 13
16 1 5
13 22 17
1 12 14
5 17 17
3 14 12
7 17 7
4 14 2
1 12 7
0 13 8
13 23 12
20 8 3
14 23 7
8 19 6
9 20 13
23 12 10
21 7 13
16 4 6
0 11 18
1 10 10
9 21 12
16 2 19
21 8 1
23 12 6
13 1 7
4 17 14
6 16 12
20 7 3
21 9 1
9 19 11
3 15 16
7 18 6
15 1 19
15 2 6
14 2 18
23 9 17
18 5 8
19 6 12
17 5 7
6 16 12
8 19 11
11 22 16
18 5 8
0 11 6
21 7 16
15 3 11
1 13 20
6 15 8
8 19 3
10 21 1
7 18 5
17 2 5
3 12 10
14 2 14
23 10 15
17 6 1
16 3 9
4 15 11
21 7 1
7 19 19
23 10 18
22 8 17
4 17 17
11 20 19
18 6 8
12 0 6
7 19 7
14 0 6
2 12 18
7 19 2
16 3 6
12 23 3
23 9 11
9 21 6
8 19 12
0 10 6
7 19 14
6 16 15
16 3 9
16 2 15
18 5 19
22 10 13
3 13 7
11 22 16
16 3 12
8 20 1
1 13 5
12 0 17
17 3 3
8 19 12
17 5 2
2 13 8
5 16 17
19 5 16
1 11 2
8 18 12
14 0 13
23 11 2
23 9 5
15 2 10
15 0 7
10 21 1
9 20 5
17 3 8
10 23 10
5 17 10
16 2 19
5 16 14
3 15 18
6 16 7
20 8 17
21 9 18
7 17 16
5 15 17
9 21 10
6 18 9
5 15 15
8 20 3
14 3 14
14 0 14
1 11 12
3 13 3
15 23 10
15 1 2
18 6 15
1 12 20
9 20 19
13 0 12
16 4 10
18 4 11
6 17 15
23 9 19
22 10 9
15 2 14
4 15 3
13 0 4
1 13 2
22 10 7
21 7 15
11 22 14
9 20 20
15 4 11
20 7 11
12 0 11
21 7 13
0 13 7
23 11 1
1 13 15
12 22 16
22 10 2
22 9 15
3 15 8
5 16 18
20 7 5
3 14 3
7 17 4
22 7 2
7 19 10
2 14 2
7 19 19
23 9 12
20 6 17
12 23 4
14 0 11
19 5 6
22 10 18
4 13 14
6 17 3
4 15 18
17 4 15
23 12 1
2 14 2
9 19 3
21 8 15
6 17 10
8 19 20
6 17 18
14 0 17
18 5 5
9 20 19
12 23 14
21 8 14
22 10 9
17 4 4
18 6 16
11 23 10
4 13 8
22 8 2
13 0 14
20 8 13
19 6 14
15 2 8
17 4 19
8 21 20
19 8 3
5 17 13
20 5 17
8 20 20
19 5 15
1 12 3
10 20 1
10 21 18
8 20 18
7 19 16
0 13 13
16 4 15
20 6 10
14 0 16
11 22 13
6 15 11
10 22 16
14 3 16
11 23 10
9 20 19
4 15 8
3 13 12
0 11 13
0 11 1
23 11 11
20 7 9
3 13 10
5 15 3
0 11 11
11 23 5
4 16 4
1 12 14
5 14 7
12 23 15
12 22 13
7 17 13
15 1 9
12 21 16
1 12 7
8 19 11
15 2 9
19 5 15
1 13 13
8 19 19
6 17 19
12 21 15
3 12 3
18 5 17
18 3 5
11 21 1
6 16 15
11 22 7
13 2 10
13 1 1
3 14 9
14 2 16
21 8 12
13 23 19
10 22 12
23 10 20
0 10 20
6 15 13
19 6 19
20 6 16
12 1 14
21 10 3
9 19 12
10 21 5
10 22 1
5 16 15
12 23 13
1 12 2
6 16 15
11 22 7
9 19 1
12 1 10
15 3 2
10 20 5
23 11 11
20 8 6
11 20 10
8 20 8
15 2 2
4 15 15
13 23 19
4 15 17
7 19 8
4 16 20
14 1 4
13 2 7
5 17 8
12 0 4
17 5 15
0 12 7
18 4 18
16 2 11
2 13 4
23 11 14
22 9 2
16 4 2
12 22 3
21 8 4
5 14 14
4 16 14
2 13 9
21 8 20
12 22 16
15 3 8
19 6 20
4 16 15
12 0 12
0 9 13
18 3 6
11 22 3
2 14 10
13 2 6
13 0 8
7 17 19
19 7 12
22 7 2
19 7 9
11 0 14
13 0 11
10 22 3
4 16 4
21 7 6
17 5 8
0 10 3
6 18 17
3 11 6
21 10 18
17 4 8
10 22 2
21 8 6
15 2 8
4 17 8
7 17 18
19 6 9
13 23 17
11 21 15
1 12 9
2 12 15
13 0 3
6 20 1
2 14 12
2 11 5
11 21 10
5 16 1
20 6 10
3 13 14
22 9 14
22 9 19
5 17 2
13 1 5
0 11 3
3 16 15
9 19 2
0 11 4
0 12 8
8 18 9
10 23 1
0 11 1
20 6 3
10 20 18
9 20 14
15 5 5
8 19 17
2 11 2
9 21 6
13 1 1
17 5 2
20 9 20
16 2 19
19 5 8
0 11 13
19 6 20
13 0 15
19 6 13
2 13 11
1 9 3
19 6 7
2 14 13
8 20 19
6 18 20
9 19 11
4 13 1
15 3 16
20 8 19
6 17 1
14 2 10
16 3 6
7 18 10
20 8 4
9 22 15
4 16 8
7 19 11
6 16 13
9 21 12
15 3 14
20 6 16
2 13 10
8 18 18
9 21 16
8 20 7
19 6 8
18 5 17
0 10 17
3 15 10
4 16 18
18 3 8
12 22 17
21 6 18
2 14 20
9 19 4
9 20 3
16 3 14
9 19 8
15 2 5
9 19 6
20 6 2
6 17 15
7 19 20
7 17 7
16 3 12
21 8 10
6 18 13
6 16 6
3 13 15
18 6 16
1 11 6
7 17 9
15 3 2
6 17 15
18 4 19
12 0 10
13 0 10
23 8 11
19 5 10
19 7 11
12 0 15
6 18 6
6 17 12
10 20 1
22 8 18
21 8 4
7 18 5
15 2 16
8 17 1
8 17 10
14 1 20
7 19 20
14 2 13
7 18 10
21 8 16
4 15 19
4 16 17
3 13 18
6 18 18
15 3 15
11 23 4
19 7 16
17 3 16
6 16 12
16 3 13
15 2 12
14 1 2
0 11 6
8 18 20
4 15 16
23 10 1
21 9 18
22 9 12
2 14 4
0 11 12
18 4 7
11 22 15
16 2 12
0 12 7
23 10 1
8 21 17
7 18 6
8 19 9
19 6 11
16 3 8
3 13 14
13 0 6
2 12 18
2 14 6
15 3 15
5 16 8
21 9 8
7 19 14
12 0 2
17 3 20
17 4 16
10 20 1
18 5 2
17 3 3
22 10 2
19 7 18
15 4 18
2 14 15
15 1 1
12 23 11
22 9 9
23 9 20
7 19 16
9 20 18
8 19 2
13 22 15
12 0 13
15 4 6
6 18 11
9 20 18
19 8 17
2 13 18
1 12 11
14 3 2
7 16 1
5 17 20
11 22 11
9 19 15
4 15 19
8 18 18
10 22 19
20 8 15
2 14 12
12 23 7
16 4 16
2 15 18
19 5 16
13 1 7
10 21 6
18 4 8
21 8 2
3 15 16
18 6 14
9 20 17
6 17 7
2 13 10
21 7 10
12 23 19
20 6 14
4 16 11
8 18 6
22 10 10
6 17 8
20 8 14
23 9 9
11 22 20
9 22 7
10 20 4
21 9 1
20 5 15
14 1 12
9 19 2
8 20 5
4 15 6
9 19 14
21 7 3
10 22 11
13 23 8
9 19 14
13 0 17
14 2 15
9 19 12
20 8 12
21 9 1
19 6 4
3 15 16
14 1 3
20 8 12
18 4 10
20 7 14
17 4 12
11 21 6
20 6 11
16 2 5
8 20 14
6 15 10
11 22 19
11 0 20
12 23 17
10 23 16
3 15 12
16 3 14
21 9 10
23 11 1
22 9 3
2 12 10
23 10 10
0 11 14
21 7 16
11 21 7
10 23 17
4 15 2
0 11 12
2 14 7
15 2 11
5 16 7
9 20 15
15 3 13
19 4 17
4 16 6
20 6 6
3 16 13
23 8 18
2 12 14
22 9 18
11 23 7
10 21 3
23 11 12
9 21 1
6 17 14
2 12 7
6 17 6
12 22 8
15 2 7
16 3 3
12 23 18
23 11 18
5 17 10
7 19 3
12 22 5
6 16 18
21 7 14
21 9 3
13 0 14
2 14 18
18 5 1
18 4 12
7 18 3
22 9 3
9 21 16
14 0 16
14 3 12
8 18 4
1 11 13
0 10 7
15 2 19
17 5 18
8 19 18
7 18 13
16 2 10
2 13 6
16 3 19
11 21 14
7 18 14
23 10 2
21 7 8
6 18 1
1 13 3
15 1 2
9 22 16
22 10 1
15 3 10
10 22 20
21 8 4
18 6 9
23 9 4
10 22 3
13 1 12
7 16 18
22 8 5
4 14 8
0 12 8
1 12 14
21 7 11
10 21 7
0 10 19
13 0 8
18 5 17
1 11 6
12 23 5
10 21 2
0 10 19
6 18 8
18 5 6
21 7 9
8 21 10
8 20 16
0 11 7
20 9 9
19 6 10
7 19 15
12 22 14
11 23 14
11 21 1
1 12 9
19 5 7
5 15 13
2 14 10
7 18 12
4 16 7
1 13 11
5 17 16
21 7 3
3 15 17
18 5 15
1 11 8
0 9 8
20 8 14
9 18 5
14 1 9
11 22 12
6 15 19
1 12 17
20 7 10
19 5 16
21 7 19
13 1 3
20 6 16
7 18 3
8 19 2
14 1 3
12 22 10
0 10 18
4 16 18
5 16 6
15 2 9
11 21 11
10 21 10
15 2 15
18 5 12
9 19 8
21 10 19
16 3 7
15 1 9
1 11 13
4 16 9
20 6 15
5 15 11
19 6 19
13 1 1
10 21 13
23 9 12
5 16 20
4 15 10
4 14 1
9 21 1
16 2 20
6 16 1
8 18 13
0 11 19
19 6 4
20 6 5
21 8 7
12 23 16
23 9 19
22 8 19
14 2 8
12 0 3
5 17 14
18 6 9
16 3 5
9 20 10
16 3 17
6 16 18
23 10 20
22 8 3
9 22 4
11 0 18
22 8 18
15 1 15
2 13 10
12 21 13
21 9 9
0 11 6
14 3 11
22 7 16
12 22 3
7 18 8
6 16 17
22 8 18
12 23 2
16 5 9
19 7 20
16 4 15
0 11 6
16 3 11
12 21 12
23 11 1
7 18 3
15 0 3
20 8 15
11 0 17
6 17 1
16 2 11
16 2 3
2 14 6
16 3 15
15 1 11
21 9 12
0 11 2
9 20 7
11 23 17
1 11 18
12 23 10
2 12 12
13 2 11
21 7 10
2 15 8
8 19 5
15 1 10
23 9 5
13 1 10
2 16 13
14 0 20
22 10 10
3 15 10
11 21 8
12 0 20
11 21 9
4 15 12
