1000 42
26 15 22 7 22 14 12 21 38 26 34 28 41 33 27 38 16 12 29 6 28 25 26 7 18 22 11 26 42 38 42 6 20 38 40 2 29 15 22 18 18 22 
20 0 12
8 11 31
11 13 13
20 23 2
11 13 29
8 11 35
6 8 3
4 8 2
18 19 23
19 22 17
4 7 37
10 14 15
10 12 4
7 11 4
18 21 15
16 19 30
3 2 5
18 22 37
5 8 1
18 20 1
0 3 40
17 20 14
3 6 4
19 22 37
10 14 7
4 8 41
10 14 26
15 18 29
10 13 7
19 21 30
20 0 34
6 9 18
5 8 14
13 17 9
7 10 35
6 10 19
16 19 19
7 9 16
0 3 11
0 2 20
11 14 26
14 16 6
2 5 42
23 1 13
1 3 7
10 13 14
20 22 13
8 12 31
4 7 15
11 15 17
0 2 36
8 10 31
9 12 30
14 17 15
11 14 30
3 7 10
13 17 18
10 13 42
8 12 22
10 14 25
21 0 42
0 4 12
21 23 29
3 6 13
23 3 16
11 14 31
15 17 18
9 11 39
17 20 42
11 15 27
19 22 11
17 20 33
17 20 41
20 21 35
23 2 39
15 18 37
21 23 22
9 14 1
2 4 34
12 14 37
21 1 7
17 20 29
1 5 38
14 17 13
4 7 5
22 1 18
22 2 21
11 14 14
13 14 3
4 8 21
18 20 32
15 18 27
14 16 25
19 21 42
7 8 18
9 12 8
12 14 27
10 12 34
17 20 36
3 7 28
0 1 10
21 23 31
21 0 29
0 3 2
20 23 36
21 2 40
23 3 21
11 14 2
3 7 39
17 20 28
17 20 37
23 0 14
16 18 22
10 13 4
7 9 28
5 10 34
11 14 8
13 16 28
5 11 9
6 8 6
20 1 37
17 20 39
2 4 42
17 19 8
16 18 1
4 7 23
1 3 19
19 23 2
21 0 18
12 14 31
0 3 1
19 21 3
7 11 30
16 18 8
15 17 39
20 21 39
4 8 41
22 0 30
8 12 18
23 2 9
12 14 26
15 18 35
15 17 9
20 22 32
23 2 41
8 12 34
9 11 38
6 7 21
13 15 26
15 17 27
20 0 24
20 22 37
20 22 22
3 7 37
16 17 5
6 9 22
17 21 37
17 21 20
13 16 22
5 8 38
17 20 37
21 23 15
13 17 13
8 11 18
20 21 23
18 22 13
5 7 31
10 15 11
3 5 20
0 4 31
8 13 34
11 13 2
9 11 13
10 11 28
18 22 18
15 19 30
11 14 37
13 18 5
15 18 32
15 19 37
15 19 24
6 8 31
14 18 5
21 1 38
10 12 37
0 4 17
11 13 36
17 21 34
3 5 11
21 1 1
11 15 14
2 6 9
6 7 32
11 14 18
4 7 11
15 18 2
19 20 39
2 3 37
16 20 24
20 0 14
1 5 19
9 12 20
19 19 39
10 12 5
6 10 9
3 7 5
20 0 25
20 0 42
22 1 30
18 20 21
21 22 18
5 9 39
0 2 12
13 16 12
7 10 17
13 18 7
22 1 11
11 15 4
4 9 7
0 3 3
17 18 9
15 17 15
12 15 39
16 19 24
13 15 29
17 19 34
23 2 38
8 10 19
8 11 11
12 14 15
7 12 5
12 15 37
9 12 28
22 2 39
9 11 25
6 10 14
10 12 36
4 5 26
0 3 27
17 21 20
19 22 30
8 13 14
12 16 37
19 22 8
9 13 19
20 23 10
19 22 22
18 22 26
11 13 19
12 15 29
23 4 29
1 5 6
18 20 41
12 15 25
11 12 23
3 4 34
19 21 17
8 11 39
22 1 37
20 23 16
22 1 8
9 12 42
4 6 42
10 13 12
20 23 8
14 16 24
15 18 16
22 1 32
15 17 39
5 9 2
8 10 40
14 16 1
13 15 36
15 16 18
18 21 26
7 9 35
18 21 6
6 10 23
17 19 10
21 23 12
3 5 1
6 11 3
4 7 39
7 9 17
16 20 7
7 11 38
13 15 20
4 7 29
19 21 22
22 1 31
7 10 18
13 15 36
16 19 19
9 12 5
17 20 41
11 14 6
13 15 25
13 15 10
10 15 34
4 7 12
23 3 23
2 4 4
22 1 42
19 22 12
10 12 18
10 13 6
5 8 17
7 10 41
10 13 6
7 9 15
13 15 33
11 16 16
16 20 7
5 6 14
8 12 35
13 17 18
5 7 7
11 14 22
14 18 7
19 22 31
11 13 29
1 4 9
1 3 4
6 9 22
7 10 12
16 19 37
12 16 19
21 23 6
0 4 26
5 8 17
9 11 18
20 21 18
19 22 23
14 16 12
0 3 20
22 1 32
1 5 34
5 9 19
20 22 30
13 15 13
4 7 9
11 14 3
16 20 19
10 12 19
9 12 35
10 12 17
18 22 3
20 23 36
14 17 23
1 5 8
8 11 34
6 11 39
10 12 32
11 13 30
9 12 25
5 7 24
15 18 1
20 23 39
13 15 32
14 18 11
17 21 20
6 8 29
6 8 22
11 15 5
13 15 19
9 14 13
23 2 33
8 10 15
15 17 28
22 1 25
15 20 16
20 0 22
12 17 5
3 5 34
12 14 36
9 13 40
15 20 25
17 18 25
17 19 15
2 5 31
10 12 7
2 5 30
18 19 28
0 3 2
14 18 24
23 2 17
5 9 35
10 14 41
0 4 27
0 2 39
1 5 42
16 21 24
11 15 8
13 14 29
18 21 12
13 17 39
1 5 20
10 11 39
12 15 17
8 11 42
13 17 27
12 15 15
13 17 18
15 18 35
0 3 38
7 10 23
9 10 22
20 23 14
18 20 19
21 2 38
11 13 5
1 2 16
19 21 39
5 7 41
5 9 5
19 21 18
20 23 15
5 7 18
13 16 39
6 9 36
15 20 37
14 18 32
15 20 31
16 20 13
15 19 39
19 22 38
11 15 24
8 13 1
1 3 33
2 6 19
13 16 4
11 11 1
4 6 22
5 9 11
21 1 3
12 16 5
15 19 7
4 6 9
19 23 25
10 14 16
5 8 25
5 8 18
22 3 20
15 19 8
14 16 25
13 16 22
3 7 41
14 16 14
7 10 7
2 4 32
7 12 33
21 0 24
14 18 31
8 10 22
13 16 22
12 14 16
22 0 4
5 9 14
19 20 27
0 3 37
20 1 27
7 10 27
16 18 25
7 10 24
21 0 14
18 21 25
15 17 32
4 7 29
15 18 41
4 6 3
2 4 31
11 15 2
2 4 7
10 14 32
13 16 42
4 8 17
4 7 8
14 18 41
10 15 20
2 5 14
2 6 10
18 21 12
22 2 38
9 12 15
1 5 10
17 19 20
22 2 35
20 1 10
4 7 9
5 8 23
4 6 30
19 21 32
14 16 24
19 22 20
3 5 42
23 2 16
19 21 11
4 6 37
18 20 15
12 14 39
15 18 1
8 12 6
21 1 42
22 0 15
23 2 4
14 17 34
19 21 4
22 1 42
14 18 8
4 9 11
12 14 11
1 4 15
21 0 27
11 14 10
5 7 31
0 3 27
3 8 16
4 7 7
3 6 35
23 1 18
17 20 17
14 18 34
13 19 37
15 17 19
13 15 28
20 23 27
9 13 9
4 7 26
6 8 25
4 6 2
9 12 6
8 12 39
23 1 28
6 10 21
3 6 27
18 21 30
19 1 24
7 9 42
5 7 22
7 9 20
17 18 31
15 20 16
17 21 37
23 3 7
7 9 37
0 4 32
1 4 27
0 3 10
23 2 36
2 3 41
0 3 25
21 23 12
12 14 27
18 22 34
15 20 13
16 18 27
13 18 12
22 2 14
13 16 13
23 2 12
13 15 1
23 0 3
3 7 35
7 10 35
12 15 38
12 14 38
6 7 4
16 19 13
5 7 42
15 16 20
12 15 38
9 12 17
15 18 32
14 15 42
6 10 28
1 4 13
11 13 31
15 18 29
22 1 37
13 16 27
17 21 18
21 0 2
22 1 32
12 13 21
13 18 11
8 13 26
2 5 20
17 20 38
8 9 11
12 15 22
15 17 18
19 21 33
22 0 25
14 18 33
8 12 14
5 7 5
19 22 27
18 22 32
8 11 27
9 12 38
1 5 38
16 19 28
18 21 13
5 9 20
22 1 15
7 8 28
8 9 18
12 14 14
19 22 14
9 13 18
13 16 37
6 9 36
6 8 9
15 19 18
4 6 13
21 2 21
16 19 37
18 21 13
20 0 41
15 18 38
16 19 38
6 9 18
0 3 27
7 10 13
10 13 7
18 21 28
13 17 23
4 6 15
12 14 18
13 15 38
16 18 2
3 7 13
1 4 12
15 19 42
17 20 3
23 3 34
17 18 20
1 4 1
10 12 34
23 1 5
22 1 17
11 14 39
7 9 7
0 2 26
19 22 30
20 0 23
9 13 30
2 7 31
5 7 13
4 9 8
3 4 9
7 8 31
15 18 19
17 19 7
11 15 31
23 2 6
10 14 12
12 14 29
18 20 40
0 4 38
12 15 1
1 4 8
19 0 24
15 20 14
6 10 42
19 23 4
2 6 30
2 6 4
5 9 29
12 16 2
6 11 2
0 3 24
5 8 13
3 5 15
9 12 22
20 23 9
16 19 18
19 20 19
6 8 3
20 23 33
12 16 22
21 22 7
21 0 18
20 22 17
3 4 15
20 23 2
2 4 28
5 9 41
20 0 22
5 8 20
22 23 30
6 10 34
1 3 15
15 19 37
0 3 1
22 1 2
7 11 17
13 17 40
1 4 19
13 16 27
8 8 18
3 5 12
3 8 6
18 21 41
3 7 22
2 5 35
7 10 25
6 9 8
7 9 28
2 4 28
3 6 26
1 5 32
16 19 18
12 13 42
18 20 3
4 7 19
1 3 13
4 8 17
6 8 29
15 17 20
23 2 34
1 2 6
10 14 32
14 18 2
8 11 8
22 2 12
20 22 31
0 3 24
14 17 23
13 16 8
0 3 21
19 22 1
7 9 1
2 4 8
5 7 23
23 3 35
22 0 40
3 4 9
13 16 42
17 20 14
14 17 11
6 9 40
9 14 11
1 5 10
20 22 40
2 6 12
14 18 1
2 6 23
20 23 14
1 5 35
13 17 19
7 8 9
15 20 8
7 10 21
21 0 22
18 22 31
16 17 8
22 1 33
8 12 42
3 7 5
11 13 15
6 9 27
5 9 28
6 9 18
19 23 23
8 12 32
16 19 41
21 23 9
1 3 10
13 17 27
5 8 38
21 1 20
9 12 37
2 5 39
3 6 19
15 18 21
22 2 33
8 11 1
18 20 15
3 2 10
20 22 13
18 21 29
20 23 29
15 18 3
15 19 3
10 13 2
8 10 29
14 18 18
0 3 4
12 13 26
18 21 39
17 19 40
8 11 42
4 9 2
13 17 10
22 2 9
22 2 16
20 0 20
3 7 30
4 7 21
1 3 18
6 9 21
19 22 25
9 11 4
17 19 8
4 7 1
16 19 11
18 20 4
15 17 38
2 6 20
22 0 32
4 8 1
1 5 40
19 23 35
17 21 11
2 6 32
15 17 13
10 13 2
13 15 19
23 3 8
19 22 11
17 20 18
13 17 7
13 16 15
14 17 20
21 0 15
2 5 35
14 19 21
0 2 25
5 6 2
1 3 38
3 6 15
5 8 3
10 11 1
2 7 21
22 1 33
0 3 34
18 21 18
14 18 23
16 20 30
14 17 30
1 4 37
13 14 29
16 19 9
17 21 21
16 20 41
11 15 2
21 22 5
23 3 16
9 10 12
19 22 23
14 17 9
20 1 2
9 12 21
0 3 6
23 1 39
11 15 13
13 17 32
18 21 12
10 13 1
6 9 15
11 15 12
13 16 34
0 3 1
22 2 32
1 4 22
6 9 26
5 7 13
5 5 11
6 7 10
19 22 15
15 19 42
6 9 41
3 6 9
6 12 17
19 21 24
16 21 10
6 9 24
18 21 11
16 20 27
2 4 2
7 10 8
1 3 15
15 17 17
3 7 2
12 16 13
18 21 3
3 6 21
2 6 35
20 0 10
22 1 23
13 14 18
17 21 34
20 0 13
18 22 6
12 15 10
4 4 19
15 18 21
18 20 27
1 5 15
3 5 7
6 9 42
10 14 18
16 18 3
15 17 22
8 11 24
22 1 11
2 4 13
9 12 35
11 14 31
3 6 6
0 4 24
18 21 23
16 21 36
22 0 4
20 23 10
21 22 39
5 9 27
10 12 14
23 3 9
20 22 19
8 10 9
4 7 7
10 12 10
8 11 16
4 7 20
7 10 27
22 0 20
13 17 26
23 2 28
3 8 21
4 8 24
10 13 12
18 21 10
11 13 25
10 14 6
4 6 29
1 5 28
5 9 3
23 3 15
13 16 34
22 1 2
15 18 22
0 3 33
16 19 35
11 15 38
18 22 39
14 16 30
23 2 22
6 10 40
22 1 15
18 21 6
13 16 22
19 22 39
10 13 1
17 20 8
16 20 13
20 0 23
1 3 17
16 19 20
9 12 24
19 22 38
12 15 24
16 19 37
3 4 38
23 4 18
8 10 36
19 21 27
0 3 34
10 12 20
15 19 19
21 23 29
0 4 19
1 3 11
6 8 38
13 17 38
21 0 15
9 11 5
6 8 8
5 7 25
9 13 9
10 14 40
21 0 28
12 17 7
16 17 29
2 3 28
0 2 16
6 10 18
19 23 20
16 21 3
11 13 20
22 0 20
3 4 19
20 23 29
5 7 41
19 23 42
6 10 1
13 17 7
12 17 28
21 0 40
