3000 38
24 37 6 33 21 4 34 25 19 27 17 14 14 8 5 34 20 14 1 30 23 34 16 23 1 18 10 19 26 13 2 23 36 2 35 33 5 7 
5 6 10
20 23 4
12 16 3
2 5 8
20 23 23
0 3 33
9 11 38
5 8 2
16 19 19
4 7 18
22 0 25
12 15 9
18 21 34
1 2 25
16 20 1
10 12 13
19 21 24
8 11 28
23 3 16
16 20 15
8 11 37
19 22 24
12 15 17
23 4 30
21 1 28
9 12 10
16 18 9
23 1 34
14 16 7
22 1 20
22 1 30
22 2 23
7 9 11
15 19 4
18 22 29
1 4 13
8 12 13
13 18 37
17 19 21
19 22 27
23 3 16
6 10 33
4 8 6
1 3 13
6 9 9
9 11 6
20 23 26
3 5 36
0 4 4
13 16 22
20 22 33
5 7 30
13 16 32
0 3 27
13 17 34
1 5 3
23 3 34
2 5 34
23 3 16
7 11 25
3 6 21
20 23 13
17 20 7
6 9 1
14 18 28
3 7 15
4 6 6
14 17 2
15 17 26
6 9 21
5 8 24
18 20 3
23 1 23
17 19 37
13 18 12
15 17 17
1 5 17
2 4 19
17 20 2
8 10 14
4 7 30
1 4 22
1 3 12
21 0 27
18 21 14
23 2 20
19 23 11
4 7 6
8 10 38
4 9 10
17 18 14
7 11 10
8 13 2
4 8 24
0 3 23
0 3 10
20 22 27
18 20 36
6 10 33
15 16 18
20 22 18
12 14 37
18 21 24
10 12 26
2 5 17
5 8 9
17 20 37
2 5 25
16 18 6
16 19 12
3 7 5
17 19 22
13 16 13
18 20 29
9 12 7
3 5 32
5 7 35
5 8 28
23 2 9
18 18 4
22 3 2
22 2 18
10 13 29
2 6 1
0 3 2
1 4 20
13 15 34
4 6 26
10 13 31
11 14 14
1 3 23
14 17 27
16 20 30
9 11 10
7 9 7
3 6 8
12 16 3
19 21 28
7 10 17
19 23 16
5 10 22
17 20 20
18 21 11
0 3 7
4 6 28
17 20 34
19 22 4
11 15 31
21 23 36
7 8 20
14 18 12
23 1 33
0 4 22
6 8 37
19 22 37
20 1 19
1 4 1
22 1 23
22 0 7
3 6 3
0 1 34
12 15 4
14 16 20
3 6 29
9 13 25
1 4 5
5 8 23
9 13 12
17 20 14
6 9 9
9 12 32
9 12 32
22 0 9
21 0 15
7 10 22
22 0 25
19 21 1
1 4 9
4 6 7
22 0 32
2 5 28
4 6 20
13 15 7
15 17 31
2 5 23
7 9 14
14 18 3
22 2 23
21 23 2
22 1 10
5 7 2
12 15 9
11 14 37
10 12 12
19 22 23
2 5 11
15 17 22
1 4 13
3 6 19
0 4 18
8 11 4
9 11 15
15 18 1
11 13 34
3 6 9
15 18 6
3 5 8
6 10 38
13 15 20
7 11 7
3 7 17
2 4 10
9 12 34
13 18 9
5 9 19
17 21 32
7 9 6
1 4 22
15 20 13
20 0 31
19 23 3
16 18 15
7 11 28
6 10 24
17 19 25
16 19 1
2 5 13
14 17 9
1 3 16
23 3 31
8 11 30
10 12 36
9 15 16
5 9 32
19 0 23
1 4 1
22 2 32
16 20 26
7 10 10
9 12 4
16 22 8
14 18 17
4 7 26
6 7 15
17 19 17
3 7 12
18 21 16
1 5 20
8 11 20
3 5 7
15 18 10
8 13 18
6 10 15
16 19 23
2 3 17
7 10 10
7 11 33
2 6 4
23 2 15
17 19 34
20 0 23
3 6 31
12 15 36
8 10 30
6 10 12
3 5 10
3 7 32
22 1 17
16 20 16
22 0 35
7 9 35
10 12 35
2 4 37
23 2 10
18 19 21
23 2 11
22 2 27
8 11 18
14 18 14
19 0 34
23 3 9
13 15 25
4 9 1
14 18 32
16 18 2
4 7 38
4 7 31
14 17 25
23 0 17
5 8 6
13 17 38
23 3 5
4 6 28
18 20 6
19 21 31
3 6 1
7 10 2
17 19 29
9 12 19
11 13 24
15 17 1
9 12 3
14 17 36
13 16 34
23 2 34
5 8 13
8 12 8
12 14 27
21 1 33
6 7 29
18 19 38
13 14 6
1 4 23
20 21 34
5 8 36
1 4 7
4 6 38
22 2 7
11 14 36
20 0 37
18 23 28
23 1 11
7 11 37
0 0 31
2 6 18
4 6 24
2 4 9
12 14 27
2 7 24
22 1 38
2 4 12
12 14 16
11 14 34
23 3 24
14 17 35
16 21 11
4 7 9
8 11 24
11 14 3
8 11 9
2 6 28
14 16 35
10 12 11
1 3 19
12 16 21
18 20 17
21 23 6
16 17 1
12 15 18
12 13 33
11 15 14
9 12 13
23 2 30
2 6 24
0 1 19
21 23 19
16 21 15
5 9 38
13 15 18
18 20 33
17 20 17
12 15 15
3 4 1
17 21 31
9 12 34
23 1 14
21 0 16
13 16 12
21 1 6
19 21 22
15 17 4
10 13 22
16 18 23
15 19 33
13 15 36
21 0 17
3 8 13
15 19 13
23 2 1
0 3 20
22 22 13
10 14 13
22 1 35
13 14 1
14 17 2
4 8 34
21 0 8
14 16 31
3 5 20
17 19 18
2 4 2
9 12 2
12 15 9
10 15 21
21 23 22
23 2 29
14 16 7
21 1 8
22 1 21
0 4 10
5 10 32
13 17 8
5 7 38
19 20 3
22 1 20
9 11 17
4 7 31
15 18 18
21 1 2
14 16 14
21 0 20
9 12 26
3 6 31
0 2 20
19 22 7
13 16 9
15 18 36
13 15 15
14 19 38
9 13 26
8 12 22
12 13 17
8 10 31
14 18 20
4 7 31
17 21 1
9 11 37
9 11 17
3 5 14
13 17 21
17 20 15
20 0 1
19 22 38
14 17 24
11 14 14
0 4 12
1 3 9
16 20 10
7 9 29
8 10 36
8 10 5
5 6 1
15 18 27
15 16 6
15 18 16
8 10 32
10 12 24
18 21 14
8 10 1
19 21 16
11 15 13
13 17 23
23 2 10
5 7 35
11 14 35
4 5 1
20 0 33
20 3 3
16 18 9
20 23 20
14 18 17
17 20 4
16 19 10
13 15 24
0 3 32
7 11 26
23 1 34
10 12 20
6 11 25
15 19 15
14 17 6
14 17 3
7 9 11
2 5 21
12 12 12
5 9 23
1 4 4
13 17 14
23 2 26
14 16 16
15 18 1
11 15 10
4 8 25
19 22 19
11 14 38
23 3 22
3 7 32
18 22 38
8 10 32
8 10 33
5 9 22
10 15 35
9 12 10
5 8 31
9 11 7
21 0 36
6 10 25
10 12 36
12 15 35
4 7 28
20 23 3
14 17 9
22 3 2
18 21 21
23 2 9
4 6 11
23 2 38
21 1 24
10 14 22
17 19 30
7 8 9
12 16 16
16 18 26
5 8 38
12 16 28
16 20 32
3 7 7
17 20 17
16 19 32
8 12 36
0 5 23
1 4 36
2 4 32
21 0 36
1 4 26
18 21 32
12 14 12
20 0 13
23 2 2
16 19 11
3 6 17
16 19 11
4 9 1
15 20 32
7 10 8
23 1 13
5 7 9
13 15 19
2 5 12
5 9 27
6 9 7
16 20 33
8 11 12
3 7 31
11 14 26
23 1 16
19 22 37
15 19 8
19 23 18
16 19 14
13 19 19
8 11 21
18 21 29
3 7 28
20 23 15
5 7 17
0 3 22
22 1 13
0 2 7
3 6 27
12 14 14
19 21 5
21 0 12
23 2 28
21 0 28
11 12 34
21 23 22
9 12 6
23 4 10
12 15 7
17 20 16
8 9 34
18 21 22
9 11 15
16 20 14
14 17 5
3 5 2
1 5 37
11 15 11
11 14 18
21 1 4
12 15 33
4 7 18
2 4 17
17 18 25
13 17 1
1 3 35
19 23 3
22 1 32
12 16 4
1 6 23
11 13 34
3 7 1
12 14 18
22 0 15
20 23 20
0 2 33
18 21 23
21 1 30
1 4 20
19 22 18
22 2 11
8 12 14
2 4 14
0 4 36
15 20 15
0 4 34
17 20 38
11 15 7
5 8 36
8 11 20
1 5 18
19 21 16
16 19 19
9 11 26
12 14 34
9 13 12
9 11 17
9 12 27
18 22 6
0 2 3
21 1 21
10 12 10
15 19 37
6 11 19
19 22 18
8 12 16
17 22 36
23 2 6
19 20 37
3 6 8
15 18 35
0 1 19
10 15 37
3 6 18
15 17 28
12 14 7
19 21 20
9 11 6
8 10 21
17 20 8
19 21 30
5 8 37
16 21 33
9 12 11
23 2 29
11 14 11
2 5 7
15 17 12
2 5 25
18 21 20
21 23 16
20 23 18
10 13 20
1 5 23
11 15 9
13 16 10
5 7 5
22 1 19
15 19 6
14 18 20
5 9 7
14 18 24
21 1 5
2 4 36
0 3 5
10 13 33
8 10 21
6 9 36
4 5 2
9 13 10
23 2 6
12 14 15
6 9 9
18 22 36
13 17 19
13 15 28
14 15 25
11 15 8
19 22 33
10 13 1
4 6 38
7 8 38
22 1 22
0 0 6
8 8 16
0 1 34
2 5 12
5 9 20
13 16 27
1 5 6
10 12 22
18 22 7
19 22 10
1 2 23
17 22 23
7 10 20
10 14 31
7 11 38
12 15 16
11 16 12
23 4 9
1 4 28
8 10 25
1 5 13
13 16 24
0 3 28
8 11 14
15 16 37
9 13 37
10 14 31
4 8 22
10 13 8
19 23 14
9 11 26
9 11 29
12 13 1
7 10 16
17 20 1
10 14 15
16 18 25
7 9 21
9 12 13
14 16 25
10 14 38
9 13 10
4 6 5
12 16 26
9 12 1
1 5 16
13 15 24
11 15 15
9 12 19
7 10 37
9 14 6
20 0 8
23 2 8
8 11 8
18 21 6
13 14 4
4 8 14
18 20 18
6 9 23
20 23 38
12 17 28
10 13 25
20 23 14
14 16 35
18 21 34
20 22 6
15 17 30
13 16 36
7 9 26
14 18 22
16 17 17
1 3 10
22 4 24
2 6 14
9 12 30
8 12 13
4 7 23
9 11 38
20 0 34
10 12 8
10 14 11
13 15 8
9 12 11
9 10 1
15 18 7
17 21 26
16 18 30
1 5 18
9 12 31
1 3 29
12 15 22
22 0 15
15 19 38
12 15 38
21 0 27
1 3 16
6 10 10
16 21 14
23 3 9
1 5 4
14 16 4
23 2 5
5 8 22
3 5 5
4 7 19
23 2 14
8 9 9
15 17 19
10 13 38
23 3 19
7 10 29
21 2 5
6 9 14
12 15 26
13 18 16
19 22 15
11 13 35
11 15 7
14 17 21
11 15 28
17 20 16
17 19 30
11 14 12
21 23 3
2 3 5
5 8 21
22 1 29
15 19 18
18 20 28
0 3 14
4 7 29
3 6 9
9 11 6
12 17 35
22 3 19
5 8 32
12 16 2
2 6 30
14 17 14
14 17 11
8 12 24
9 14 26
7 11 5
23 1 27
23 1 36
7 8 3
5 8 10
0 4 37
6 8 6
20 0 17
20 23 30
6 9 17
23 2 27
6 8 32
22 0 37
13 16 36
23 3 7
23 3 30
20 22 30
1 5 12
1 3 15
0 3 12
11 14 24
12 16 17
8 10 22
16 19 26
15 18 34
10 12 12
7 9 25
9 13 17
4 6 22
13 15 12
20 23 15
23 0 1
14 17 38
19 22 23
1 3 25
18 20 9
22 3 28
14 17 23
21 2 23
4 5 18
23 2 32
11 13 31
7 10 21
2 6 8
4 6 27
6 8 1
14 15 11
3 5 11
17 18 10
11 15 11
14 16 33
0 3 9
22 0 5
3 6 36
6 9 28
6 8 27
3 7 10
4 7 25
1 6 19
13 16 10
9 10 31
10 15 1
13 15 28
3 5 12
7 9 1
12 15 5
6 11 14
7 10 16
4 6 18
7 10 19
22 0 11
0 4 27
2 5 12
9 14 35
12 15 3
17 20 20
4 7 24
3 6 18
0 3 18
0 3 7
3 7 24
4 6 2
20 23 4
20 1 26
11 12 12
1 3 19
17 20 17
10 12 33
9 12 3
16 18 19
7 10 17
4 7 3
21 0 29
22 2 19
6 8 22
3 7 33
23 3 6
12 15 2
9 12 20
11 14 5
15 17 2
20 0 25
11 13 9
6 8 29
2 5 12
9 10 21
20 21 17
20 23 1
11 15 24
6 8 36
21 1 33
11 14 21
4 9 8
6 9 16
17 20 5
4 6 29
6 8 28
8 11 1
1 5 5
17 19 34
21 0 29
19 23 6
3 4 6
21 23 37
6 10 22
20 0 4
1 3 22
8 11 22
9 11 11
11 15 29
15 18 8
14 16 10
19 22 30
15 17 10
16 20 19
12 14 32
4 9 28
22 0 32
10 13 30
21 1 5
17 21 14
21 22 7
22 1 5
2 7 20
4 7 11
6 10 29
14 17 11
1 2 25
1 5 19
1 4 25
20 0 29
0 2 31
12 14 17
18 22 23
7 11 24
15 18 11
12 15 24
3 5 16
14 18 30
4 7 18
14 19 30
11 12 22
7 9 15
5 7 33
11 15 11
20 23 14
23 2 17
16 18 12
3 5 33
21 1 33
22 0 1
19 21 27
22 0 22
16 18 31
2 4 13
19 0 29
21 1 17
23 2 25
11 16 20
6 9 38
9 11 35
2 3 2
21 0 20
10 13 16
11 12 23
17 20 13
23 1 3
13 17 10
9 13 32
11 15 18
16 20 13
5 9 25
3 6 38
11 13 13
15 16 28
22 1 30
19 22 29
3 6 4
18 20 34
10 10 16
17 19 15
0 3 21
13 15 13
2 5 37
17 21 16
5 9 33
19 23 21
23 1 2
1 3 22
8 12 15
12 16 11
19 21 37
8 11 18
16 20 15
10 13 8
10 12 22
23 2 37
14 17 23
16 18 5
20 22 25
8 11 28
12 16 30
2 5 7
18 21 23
21 0 20
2 6 2
6 9 35
11 14 5
15 17 30
0 2 7
18 20 27
22 23 6
15 19 23
19 23 36
15 16 36
9 14 17
2 4 5
1 4 11
9 13 21
13 16 37
0 3 24
9 10 1
7 8 28
0 3 10
1 5 26
17 20 30
22 2 20
1 3 27
1 5 28
14 17 5
23 2 8
2 4 34
0 4 4
3 4 34
7 9 7
18 21 15
16 19 29
23 1 9
16 17 31
4 7 21
3 6 21
19 21 2
19 21 33
12 14 38
9 12 27
23 1 27
4 7 10
17 19 7
3 4 4
7 12 37
12 15 31
12 15 24
15 16 36
9 13 14
11 16 6
14 16 3
4 6 16
20 21 3
13 15 35
18 21 19
17 21 37
6 12 2
6 8 2
3 6 36
11 14 29
8 11 10
3 6 23
19 23 22
2 4 27
17 20 38
8 11 19
4 5 6
17 21 13
6 8 25
11 13 30
5 9 13
10 14 26
8 10 38
22 1 31
21 0 9
11 14 32
15 18 21
20 23 29
2 7 7
2 3 11
3 6 5
21 0 4
2 6 11
8 12 1
11 14 36
17 23 36
10 14 17
17 21 37
22 3 22
17 19 32
1 5 4
17 20 35
23 3 20
15 18 20
6 8 9
9 13 12
11 14 23
23 0 7
10 13 34
0 4 37
16 21 7
3 6 2
12 15 30
11 14 33
1 4 24
7 10 18
10 13 25
7 10 36
12 15 33
12 16 13
14 17 28
7 9 23
19 21 19
0 0 6
14 17 32
13 16 5
5 9 32
6 10 34
3 4 19
13 14 17
2 6 30
20 0 32
12 17 20
23 2 27
8 11 36
22 3 24
1 4 2
9 12 2
8 11 36
16 18 21
22 0 23
22 0 12
7 11 26
16 19 20
11 14 4
9 13 34
2 5 25
10 16 15
9 13 34
11 15 6
0 3 35
19 21 25
20 1 23
7 9 2
4 8 29
9 12 1
16 19 4
12 15 3
13 17 38
23 2 20
4 7 14
3 4 5
11 14 34
11 14 24
20 23 29
20 1 1
19 21 33
9 11 37
13 15 38
20 22 34
10 13 5
6 10 9
1 4 9
4 8 10
23 3 38
6 10 7
18 20 38
16 16 9
18 19 37
16 19 23
23 2 26
9 12 1
12 14 15
9 14 29
14 18 15
17 20 35
22 1 32
9 13 32
7 10 4
17 20 5
14 17 33
13 16 20
14 18 31
19 22 31
6 7 24
9 11 26
11 14 35
12 15 4
1 3 33
21 0 27
8 12 2
23 3 14
15 20 5
21 23 27
6 8 16
17 21 6
18 20 11
21 0 10
23 1 34
22 2 15
0 3 11
20 21 6
8 10 28
12 15 31
19 21 17
18 20 21
11 14 12
13 15 28
20 0 38
16 19 22
0 5 21
5 9 35
7 10 11
1 5 15
1 4 27
11 16 38
21 23 5
11 15 23
2 6 28
21 0 34
17 21 4
10 13 9
12 15 23
16 19 1
16 20 36
3 5 20
1 3 22
12 14 30
5 9 23
2 5 3
14 18 23
14 18 36
11 14 24
18 21 14
0 1 20
17 21 31
18 22 14
23 2 32
5 7 28
12 15 21
11 16 25
0 2 4
8 11 14
18 21 34
11 15 4
23 4 34
19 21 22
8 10 3
23 4 16
5 6 2
16 20 34
21 0 11
3 6 37
21 23 19
12 16 20
13 16 31
2 5 34
2 3 24
23 0 22
19 22 38
1 3 4
4 7 16
10 12 28
9 11 5
3 5 26
2 4 13
23 3 5
2 4 15
4 7 16
19 21 18
1 7 9
4 7 20
16 20 11
2 7 29
13 15 14
13 15 10
5 8 6
17 18 8
15 19 22
0 3 31
0 3 17
21 22 36
7 10 5
4 6 18
8 12 34
9 12 14
16 20 34
0 2 28
11 14 7
9 11 3
23 2 24
15 18 36
16 18 33
15 17 1
1 4 10
5 7 5
16 19 1
0 1 20
19 22 36
17 19 4
4 7 28
4 7 33
8 12 1
21 0 9
8 12 13
21 0 28
16 17 33
5 8 36
12 15 14
23 4 10
15 18 37
16 19 28
7 12 37
21 0 35
2 4 30
13 15 14
10 14 38
19 22 21
10 14 7
18 23 7
2 5 38
15 18 6
10 14 26
4 8 22
18 20 30
13 15 22
11 14 16
23 3 30
23 2 16
5 9 20
5 7 20
3 6 23
11 14 30
0 2 10
0 3 22
16 18 24
16 18 28
7 11 4
1 4 34
10 12 28
0 3 13
6 8 10
10 14 8
21 1 12
10 13 19
18 19 27
13 16 13
19 23 1
8 11 3
8 11 1
20 23 11
19 23 38
10 13 26
11 16 34
9 14 15
4 7 36
7 11 37
6 7 26
4 7 3
13 16 20
16 19 33
15 19 27
21 1 27
19 22 12
13 16 27
6 9 36
16 19 27
1 2 29
18 22 21
21 1 27
8 11 25
8 11 2
17 20 17
23 2 34
20 22 32
16 18 24
16 19 36
12 16 35
18 22 28
14 18 22
0 4 5
5 8 28
20 22 7
7 9 12
5 8 4
5 8 15
16 19 10
5 9 10
12 17 15
14 16 29
8 10 31
12 15 11
4 7 31
19 23 18
4 8 6
21 2 33
18 19 25
19 22 6
20 23 4
15 18 20
20 0 25
10 12 29
4 9 28
17 19 11
6 8 27
18 18 27
4 7 8
13 16 38
11 15 20
20 21 18
8 12 30
6 9 22
18 20 4
17 18 24
22 1 4
6 8 38
16 20 28
10 10 19
4 7 37
11 13 4
8 10 36
5 9 36
9 11 25
20 23 22
6 10 28
22 1 35
1 5 16
1 3 22
11 14 28
4 8 17
20 22 23
11 13 10
17 21 18
14 17 18
1 5 6
0 3 2
8 11 23
11 15 10
13 15 34
23 2 38
17 20 22
2 5 11
23 3 16
12 15 27
11 15 31
21 23 29
20 23 33
20 0 36
16 21 25
22 0 37
2 5 15
14 15 23
23 4 25
8 10 14
12 15 36
10 13 17
8 9 32
23 2 24
12 15 33
6 9 28
12 14 2
8 14 7
11 13 12
8 12 27
16 20 20
1 4 34
4 7 37
5 6 23
12 13 17
11 15 28
7 8 8
0 3 17
3 8 18
10 13 12
13 17 35
21 1 24
0 3 32
22 0 22
2 5 7
11 15 10
15 18 38
22 3 34
15 18 14
12 15 18
9 13 30
22 1 6
12 15 33
6 8 15
5 8 8
6 9 4
0 2 19
20 0 6
21 0 7
4 7 17
7 8 4
14 18 36
0 4 27
8 11 28
9 12 8
14 16 13
18 20 6
18 21 32
22 0 13
13 17 20
3 5 8
20 0 10
17 20 32
9 11 37
8 11 8
13 16 5
2 5 31
11 14 17
1 3 9
9 12 10
12 15 11
8 12 13
14 16 26
1 3 28
21 1 27
10 14 14
14 17 18
6 10 4
5 7 20
16 19 21
21 1 22
12 14 5
14 18 28
23 2 5
10 12 10
12 16 26
4 7 33
3 5 29
20 0 14
10 12 5
11 15 24
2 5 36
22 1 1
2 6 14
18 19 1
22 2 33
8 11 20
21 22 37
11 14 29
1 4 24
13 17 13
5 8 10
22 3 26
18 20 14
8 11 31
9 12 12
16 18 33
12 13 23
21 2 19
6 9 31
12 16 4
18 21 7
8 12 21
19 22 7
4 7 4
16 20 8
0 6 20
18 20 6
13 17 33
7 10 17
4 6 30
23 2 29
22 1 12
7 11 34
17 21 5
19 21 25
22 0 37
20 23 37
17 20 1
4 8 5
23 2 32
8 12 38
3 8 26
11 15 7
13 17 35
4 6 36
1 3 10
20 23 37
15 18 37
5 8 29
13 16 28
5 8 38
15 17 5
2 6 5
0 2 4
7 10 5
11 14 13
5 9 21
4 6 30
11 15 21
21 1 4
4 9 3
8 12 15
23 1 21
2 4 33
7 11 8
16 20 3
20 23 34
3 8 2
5 8 26
8 9 9
14 15 38
13 14 18
13 15 32
3 5 28
5 8 6
23 2 26
17 21 35
3 7 14
0 2 3
19 21 5
20 0 18
11 15 4
5 7 29
3 7 27
5 8 2
13 16 2
11 14 6
23 2 23
0 2 23
14 17 26
12 16 31
16 19 3
2 7 4
20 23 19
6 10 8
14 17 18
17 19 1
6 8 26
22 2 36
9 12 8
18 21 6
18 22 17
10 15 2
22 1 1
3 6 5
16 19 37
1 4 26
9 12 15
11 15 4
7 11 12
23 3 29
23 0 20
6 9 30
10 14 10
19 23 25
23 2 15
0 2 12
16 18 28
5 8 26
1 5 17
8 12 38
20 1 38
18 21 21
2 6 4
16 19 11
8 10 15
7 10 19
16 19 16
12 16 7
22 3 10
16 19 6
1 1 12
16 19 38
9 13 14
5 7 24
9 12 35
4 8 22
0 2 15
3 6 32
15 18 28
16 19 12
13 17 8
23 4 37
16 18 2
17 20 32
2 5 8
23 1 13
9 12 23
8 11 37
16 19 25
12 13 2
3 9 18
23 3 18
12 15 26
21 1 7
2 6 12
14 16 8
12 15 3
19 22 22
10 12 22
1 3 8
22 2 4
18 21 7
12 15 9
22 2 13
0 5 1
3 6 8
5 9 24
16 19 20
2 4 11
12 14 20
12 16 10
15 19 13
11 12 18
19 21 35
10 14 4
14 17 17
6 9 29
11 15 29
19 22 2
7 10 38
11 14 3
4 5 10
0 3 34
4 8 11
17 21 34
6 9 12
14 18 15
0 4 34
10 15 28
18 21 13
20 23 9
15 18 18
20 23 4
1 3 37
18 20 22
15 19 30
18 20 15
17 18 36
23 1 26
22 23 6
6 8 32
9 12 24
20 23 36
4 6 10
6 11 14
19 23 20
15 18 18
3 7 27
1 4 23
15 17 17
1 4 19
7 10 34
14 18 12
14 19 4
10 12 26
17 19 4
22 0 36
22 1 1
14 16 7
21 0 7
4 5 33
7 10 30
14 18 32
14 16 33
17 19 31
19 23 12
6 10 22
6 9 22
20 0 24
16 18 1
9 12 5
14 16 27
15 16 2
18 21 23
12 14 25
8 13 7
9 10 18
13 15 13
7 8 13
22 1 28
13 17 13
17 22 20
8 10 26
12 14 18
4 6 36
16 19 27
2 6 14
23 3 23
11 14 26
9 12 11
20 0 34
13 15 28
16 21 16
15 19 28
16 19 38
11 14 11
2 7 17
14 17 8
8 11 35
5 8 10
11 15 38
20 21 2
15 18 23
21 1 2
11 16 14
14 17 22
12 15 7
18 21 29
18 21 15
16 18 24
12 14 34
19 0 13
3 6 25
9 12 15
8 10 36
17 18 38
12 14 38
23 2 34
12 16 37
17 20 11
8 11 30
12 16 26
15 19 12
19 22 24
9 12 31
17 21 24
2 5 24
23 1 25
18 20 37
4 5 4
21 0 29
15 19 3
6 10 3
7 10 29
20 1 35
10 11 17
20 23 19
4 8 33
7 10 36
18 20 13
1 4 22
6 9 25
2 5 18
12 14 26
2 4 29
1 4 19
8 11 13
10 14 25
14 18 31
6 7 26
19 21 22
21 2 8
7 11 5
12 16 15
14 16 18
20 23 30
15 18 22
11 14 27
5 6 8
1 4 27
1 6 10
9 11 31
18 21 8
10 13 10
4 7 9
21 0 32
13 16 15
17 21 23
23 0 4
6 10 29
21 0 12
22 4 28
12 14 16
20 23 21
8 11 18
0 4 20
2 6 22
10 13 5
12 15 26
17 20 28
12 16 8
21 0 31
18 21 23
5 9 4
12 14 17
11 14 28
9 11 29
1 4 19
2 4 18
22 0 1
9 12 25
17 20 21
7 9 4
11 14 16
19 22 33
8 12 7
15 18 26
10 14 4
2 4 38
13 14 36
23 1 30
21 0 36
16 19 25
5 9 6
18 20 35
6 10 27
4 7 2
9 12 7
7 9 7
11 15 34
5 7 26
5 7 21
2 5 21
17 20 11
8 13 23
10 13 13
0 1 1
19 22 13
0 3 12
22 1 24
18 21 22
16 19 4
20 0 31
14 17 29
17 19 17
4 8 31
11 15 24
19 23 32
9 15 8
7 10 8
17 19 19
8 11 22
16 17 36
15 20 37
14 17 35
4 7 29
5 10 17
18 22 36
17 20 36
16 20 21
16 17 2
13 17 14
1 5 3
16 19 6
1 4 4
4 7 16
21 1 30
3 7 32
3 7 33
20 0 37
14 18 37
14 18 5
7 10 10
13 16 27
0 2 27
9 11 38
19 20 11
2 5 1
0 2 16
1 3 21
15 19 22
4 7 14
6 9 11
14 16 26
20 1 18
22 0 21
10 12 30
22 1 18
8 12 19
7 9 6
2 4 33
8 10 9
19 21 12
7 9 12
8 10 13
10 14 12
8 11 1
23 3 7
20 21 9
16 20 24
12 16 18
1 4 29
6 9 13
22 0 25
9 11 36
6 9 14
15 17 34
10 14 13
4 6 21
3 6 35
3 6 34
3 5 24
13 15 1
16 20 13
3 6 31
1 4 30
17 21 34
22 1 34
3 5 2
4 7 5
5 8 23
17 20 30
18 19 34
5 8 7
18 22 10
1 3 9
14 16 35
16 20 23
14 17 1
20 0 8
3 7 28
0 3 9
9 11 15
2 6 11
10 12 38
22 0 21
11 14 14
15 16 1
20 23 38
13 18 10
23 3 32
20 22 27
22 23 10
7 10 27
22 0 10
6 9 27
19 23 30
2 6 12
14 19 35
14 17 25
6 8 12
15 18 30
6 9 20
18 21 25
17 20 38
21 2 6
6 9 29
12 13 15
2 4 7
13 18 11
23 2 10
11 14 3
17 19 35
0 4 28
21 0 22
20 0 32
10 13 2
5 9 27
4 5 11
10 14 31
22 0 13
5 8 31
8 12 28
22 2 32
6 8 29
10 13 29
23 3 27
17 21 23
4 5 36
2 6 29
1 4 32
10 13 21
22 0 9
6 9 15
13 16 35
8 12 24
14 17 8
22 1 5
3 4 4
9 12 23
20 0 3
23 3 22
14 16 14
6 9 30
11 15 29
22 1 13
5 7 21
3 3 23
0 2 26
19 21 1
12 15 33
13 16 38
15 19 12
23 2 4
15 18 4
2 5 28
3 6 8
1 4 1
0 2 3
14 16 3
11 15 35
18 19 10
4 6 21
7 10 22
6 9 26
6 8 6
5 9 35
10 12 12
6 7 4
10 14 17
11 13 17
9 11 15
20 23 21
2 6 31
17 19 34
13 15 6
3 5 15
15 20 38
21 1 16
6 10 29
11 13 22
15 18 2
10 14 26
11 12 32
13 17 29
16 19 35
2 6 8
17 20 22
20 1 8
14 17 33
9 10 23
4 7 33
21 1 11
6 8 3
2 5 30
10 14 11
2 3 15
3 7 33
15 18 4
23 3 23
15 18 7
17 21 9
12 16 21
19 22 18
22 1 1
16 18 38
14 18 10
19 20 30
12 15 13
18 21 29
10 14 11
14 18 38
22 1 27
13 16 31
8 12 15
8 10 11
10 14 30
21 0 5
23 2 27
15 18 6
7 9 14
16 20 20
5 8 10
0 4 23
22 23 8
3 6 11
1 5 26
4 6 37
18 19 13
1 5 20
7 9 29
8 11 17
5 8 34
16 18 22
18 22 26
2 6 33
2 7 20
13 17 13
0 4 37
2 6 2
9 14 33
7 10 14
4 8 37
14 18 9
14 18 37
16 18 7
19 22 35
15 19 10
8 11 10
11 14 28
17 20 20
1 4 37
4 8 26
18 21 36
14 17 14
22 2 1
9 13 4
13 14 10
8 13 18
4 7 34
18 20 16
15 17 34
4 8 36
12 17 4
5 7 16
5 8 14
9 11 19
12 18 25
9 11 33
13 14 31
3 7 19
23 1 37
16 19 32
18 22 26
7 8 15
18 20 24
7 9 6
18 21 29
9 12 35
8 10 9
7 9 6
1 4 27
16 20 5
15 18 7
0 3 31
10 12 30
17 22 1
14 16 23
2 4 4
16 19 18
17 20 15
0 2 7
16 18 2
18 19 14
19 22 16
17 20 11
4 7 31
8 10 37
9 12 37
17 20 36
8 11 14
18 23 22
11 13 37
12 13 31
1 4 30
21 23 11
23 3 36
20 23 26
0 3 34
12 15 9
18 19 16
20 1 37
5 8 7
23 0 3
13 17 14
20 0 34
6 10 29
21 2 21
23 1 37
7 10 2
6 9 20
12 15 25
8 12 29
12 15 10
20 23 16
10 12 25
6 8 18
11 13 8
4 6 31
5 9 9
5 8 21
16 19 11
5 7 14
8 12 6
12 15 16
6 8 33
23 1 38
0 2 6
7 12 38
12 16 18
16 21 15
18 21 35
15 18 14
10 13 36
7 10 29
0 2 29
23 1 24
2 4 6
20 23 6
18 20 21
23 3 23
13 16 26
0 4 2
12 15 7
10 13 1
16 20 19
1 4 23
15 19 18
1 5 25
22 3 32
9 11 33
11 14 1
22 0 7
8 11 26
12 13 32
9 14 33
19 21 2
18 20 9
12 16 1
17 20 7
3 6 18
5 7 21
19 0 37
3 6 29
19 20 22
21 0 2
22 2 8
8 11 22
14 16 13
19 1 5
23 3 4
10 13 28
8 12 33
1 4 23
23 2 26
13 16 30
10 12 10
2 6 2
6 10 5
14 17 12
14 15 5
17 19 21
13 17 16
19 21 18
16 18 16
5 7 12
10 13 19
20 0 8
17 20 27
16 18 25
22 1 17
8 9 37
2 5 11
5 8 7
21 0 33
18 21 30
9 11 25
2 6 15
12 15 38
19 23 16
11 15 7
17 19 1
7 11 37
11 14 5
17 20 3
6 10 14
19 22 26
4 7 12
4 8 38
7 10 2
13 16 35
19 22 37
19 23 19
21 22 6
9 12 21
17 19 2
19 21 37
3 7 37
17 18 13
0 3 23
21 0 31
23 3 35
15 18 22
14 18 18
3 8 12
6 9 38
13 16 22
16 20 35
3 6 27
14 16 1
20 22 38
17 21 28
7 11 7
3 6 21
16 19 20
7 10 34
13 16 15
0 3 35
16 21 29
17 20 16
17 19 1
5 8 20
0 2 36
13 16 3
14 16 9
0 3 2
23 2 9
20 23 15
6 10 3
12 16 33
0 4 37
0 3 7
17 20 16
10 14 20
21 1 19
6 9 7
17 19 9
6 8 17
18 21 33
4 7 12
7 9 30
14 18 21
4 7 17
21 1 7
11 15 21
6 9 22
23 3 26
19 0 9
22 1 24
19 22 30
5 6 15
15 16 18
11 11 22
13 13 8
2 5 25
15 18 34
21 23 27
7 10 29
16 19 27
0 3 2
6 9 36
15 19 27
9 11 10
19 21 38
11 14 28
22 1 2
10 15 15
17 21 19
4 7 20
17 21 37
8 10 33
5 8 38
5 8 1
6 8 23
7 11 34
13 14 38
2 5 26
22 0 22
22 23 29
11 15 20
14 16 17
7 9 17
12 15 7
14 15 24
8 10 33
18 21 4
22 0 2
23 3 14
16 20 38
17 21 18
0 2 20
8 10 13
9 12 12
18 19 37
12 16 8
1 5 2
9 13 26
7 9 24
1 5 24
14 17 16
6 8 18
6 10 21
15 17 1
3 7 28
16 18 11
8 9 28
6 12 34
0 3 8
1 4 12
7 10 11
16 18 14
17 19 15
21 0 31
6 10 35
17 19 4
7 12 26
7 9 6
19 22 4
11 14 12
21 0 17
8 13 38
17 20 21
23 1 9
7 11 25
13 16 14
13 16 31
9 11 14
2 5 24
16 19 24
1 5 35
7 10 28
2 7 23
7 9 30
11 14 38
13 16 10
1 4 28
18 22 28
15 18 18
1 6 7
11 16 36
8 10 24
0 3 6
0 2 29
7 10 22
10 14 19
11 13 25
2 4 37
6 9 25
10 13 10
12 16 22
7 10 7
2 6 4
14 16 4
11 15 29
12 13 2
4 5 35
22 1 17
19 22 37
7 9 32
12 15 3
21 1 20
17 21 1
2 5 17
0 3 37
20 0 18
3 6 22
10 12 7
21 0 32
15 19 9
1 4 23
23 2 29
17 19 24
15 18 28
10 12 3
12 14 21
4 6 14
20 22 7
18 20 19
10 13 37
23 3 32
12 16 36
7 10 17
1 4 17
17 19 30
7 10 36
22 3 19
9 10 14
8 10 25
14 18 3
16 19 9
13 15 8
5 9 15
4 6 14
18 22 25
10 13 19
4 7 16
23 1 25
19 22 11
11 13 9
14 19 3
13 16 23
0 4 9
8 11 31
0 3 12
22 1 13
7 9 38
6 11 27
5 6 2
7 11 22
18 21 12
4 7 1
22 0 10
11 13 18
8 13 19
12 16 23
21 22 24
23 3 22
5 9 33
14 16 34
16 21 17
17 19 37
11 14 6
19 23 28
4 8 4
1 3 9
11 14 26
7 9 7
17 20 19
14 17 34
4 7 15
7 10 38
2 4 23
16 20 33
8 13 34
20 22 14
13 15 20
20 23 22
6 10 7
8 12 5
15 16 1
20 0 7
16 19 14
22 1 22
3 6 13
2 5 18
20 0 8
12 17 38
5 8 35
13 16 29
16 20 29
15 18 8
11 13 35
1 3 30
2 4 28
6 8 3
23 1 14
14 17 21
17 19 33
19 22 35
23 3 9
13 16 17
0 1 3
2 3 37
0 3 30
7 9 12
18 21 7
14 17 17
4 5 26
12 14 25
4 8 33
6 10 25
22 2 13
14 16 13
10 13 20
19 21 8
12 15 33
2 4 16
23 2 26
19 22 25
18 20 19
2 7 20
20 22 3
21 2 37
6 9 38
5 8 12
20 23 11
8 10 20
19 21 30
5 9 31
5 8 21
20 22 31
8 12 29
14 17 22
3 6 19
5 7 21
15 18 28
3 6 38
4 5 28
21 23 22
22 1 37
5 8 37
0 2 36
17 21 3
0 3 3
0 3 4
8 10 25
19 21 33
18 23 2
5 6 6
11 13 10
21 0 15
11 15 3
21 23 38
20 1 9
3 8 8
2 5 19
12 15 32
6 8 17
14 18 12
1 5 1
7 11 35
21 0 4
13 14 27
2 7 4
23 2 3
23 1 7
12 14 14
13 16 18
17 20 2
0 1 14
2 5 14
7 10 36
5 6 11
20 1 27
21 21 22
9 13 30
15 19 21
19 1 20
15 17 21
10 12 17
10 14 22
23 1 24
11 13 11
19 22 11
15 18 28
21 0 27
12 15 11
4 6 22
2 7 27
4 8 19
20 0 37
15 17 17
1 3 24
16 19 6
8 11 35
7 9 1
9 12 7
16 19 25
14 16 26
18 21 14
19 21 15
7 10 17
1 5 17
16 20 12
4 7 28
6 9 9
16 19 28
0 2 2
17 18 37
6 11 21
11 13 9
20 23 2
23 1 14
19 21 19
7 11 22
22 4 14
4 9 30
1 6 27
9 12 2
4 6 32
13 18 38
11 14 20
12 14 32
12 15 31
5 8 26
19 23 29
0 4 23
20 22 26
5 8 38
18 20 12
13 15 20
19 22 1
11 15 30
16 19 32
3 5 1
1 4 20
16 19 11
19 22 20
14 18 38
23 2 37
10 11 34
16 18 22
21 0 16
13 17 34
3 5 21
11 14 19
15 18 37
2 5 17
12 16 16
18 20 38
5 9 32
7 11 8
7 12 1
4 7 10
0 2 7
3 6 22
6 10 18
5 8 11
12 14 23
4 5 32
9 10 38
0 5 36
17 21 14
5 7 22
3 6 37
0 3 12
21 0 27
6 9 21
19 22 11
8 11 38
3 7 27
5 9 37
9 12 36
9 13 31
9 13 15
15 17 29
20 23 29
9 12 20
14 17 5
17 20 10
13 17 24
16 20 11
2 5 31
16 21 20
4 7 11
21 1 12
10 12 5
0 2 14
17 20 15
22 1 35
3 4 22
1 5 36
0 3 7
21 0 3
15 18 17
17 21 32
22 3 17
13 17 12
10 14 32
16 18 35
13 13 3
21 0 17
14 18 5
13 16 10
15 20 24
22 0 10
13 15 13
4 7 25
4 6 35
17 19 18
6 11 37
20 1 34
6 8 27
3 5 35
17 20 7
0 3 17
8 12 13
21 1 4
1 3 3
12 13 26
18 21 22
12 16 31
11 16 34
4 6 10
14 18 22
11 15 1
11 14 30
23 2 30
18 21 19
15 19 5
21 3 1
2 4 30
4 6 8
10 13 35
21 1 7
8 8 34
11 16 2
15 17 22
15 19 31
8 12 38
0 4 13
12 15 2
6 9 17
12 14 29
18 19 32
6 11 19
7 11 15
2 6 1
13 16 33
17 23 9
15 20 35
23 3 29
5 8 30
12 14 25
7 10 9
3 6 31
1 5 17
5 8 1
1 4 30
19 22 31
7 9 24
14 18 28
22 1 5
22 2 18
4 9 20
2 6 22
21 0 36
10 13 33
3 5 13
19 22 10
12 17 14
20 22 35
23 4 12
2 5 1
15 18 9
21 1 24
13 15 23
4 8 17
7 9 31
21 2 11
9 12 23
1 4 31
11 15 36
17 18 21
1 5 15
6 8 14
10 12 21
15 18 2
17 20 9
5 7 2
7 11 35
0 2 17
19 21 20
14 16 16
4 6 24
9 12 25
22 1 32
18 22 35
12 13 16
21 0 18
7 11 11
2 4 31
6 9 16
1 4 32
1 3 30
4 8 31
6 10 34
14 17 26
6 9 21
2 3 16
17 19 6
14 18 13
16 18 9
1 3 27
6 8 8
10 12 29
7 10 36
5 7 26
10 13 26
14 18 29
6 8 17
12 14 27
9 12 21
1 4 11
19 23 23
6 7 31
13 16 38
22 0 20
14 19 34
3 5 33
14 18 17
19 0 15
18 22 24
