1000 14
2 8 9 14 9 2 8 6 2 13 2 13 5 6 
0 3 14
19 21 5
16 18 11
2 3 8
8 11 14
6 9 10
13 15 6
0 2 12
2 3 4
18 21 12
15 17 8
10 13 9
5 7 5
8 10 6
20 22 12
7 11 10
17 18 14
0 4 4
5 8 11
6 11 3
11 14 3
23 1 14
1 4 6
17 20 1
3 5 13
14 17 12
17 21 11
0 2 3
12 16 7
19 0 11
12 14 8
1 4 10
1 5 4
23 2 10
14 15 3
22 1 9
11 13 8
19 20 1
5 8 2
8 10 14
12 15 13
21 0 7
0 1 10
20 23 7
17 21 7
23 2 7
1 4 8
23 1 9
7 9 14
10 13 7
13 15 2
17 19 2
15 18 7
12 14 13
0 4 10
21 0 2
3 5 9
13 16 4
11 15 9
4 8 1
19 22 8
4 7 4
20 23 10
21 0 11
11 14 14
13 16 1
15 19 9
2 5 3
1 3 14
0 4 6
8 10 14
5 8 2
19 22 14
15 18 8
20 0 12
20 22 10
6 10 13
6 10 9
22 1 12
6 9 3
6 9 1
13 16 12
21 23 13
18 21 10
3 7 3
1 4 2
17 20 12
8 11 12
19 23 14
10 15 6
6 8 9
1 2 5
20 23 9
12 16 10
0 4 9
4 7 14
18 22 7
15 18 2
11 13 9
6 10 8
23 2 2
11 13 8
13 16 8
13 16 8
16 18 9
21 0 2
23 2 2
13 16 12
16 18 4
17 21 1
17 20 11
22 0 14
10 13 14
1 4 13
23 3 13
17 20 10
2 6 9
8 11 1
10 12 3
18 22 9
16 19 2
21 1 11
1 4 3
6 9 4
20 0 6
14 17 14
3 6 13
19 21 4
2 5 12
7 9 2
23 2 12
23 1 13
17 21 3
12 14 14
16 18 4
10 15 7
23 0 7
0 3 6
4 7 7
10 12 11
4 7 14
11 14 12
1 5 9
14 17 11
11 13 5
16 19 12
3 6 4
21 0 10
13 16 12
5 10 8
6 8 4
21 1 11
14 15 5
0 3 5
3 5 13
17 19 12
22 2 3
6 9 6
13 17 10
17 21 8
21 1 12
16 17 5
13 17 10
7 9 1
2 5 2
14 18 13
23 2 6
20 23 8
4 8 5
5 9 4
15 19 2
10 12 12
4 8 5
6 7 13
14 17 5
22 1 3
4 7 10
21 0 8
14 17 3
14 18 6
14 17 14
16 20 9
8 11 11
15 20 6
17 20 13
9 12 8
3 7 1
21 0 13
11 14 12
17 22 5
4 6 9
11 15 13
21 23 2
17 20 1
16 18 4
13 17 10
23 2 2
22 0 7
14 17 11
9 12 1
19 22 9
13 16 5
5 8 9
4 6 7
6 9 6
7 7 1
13 16 6
9 14 1
10 13 11
19 22 6
20 23 10
1 4 9
20 21 4
22 2 1
10 13 8
1 4 10
16 21 13
12 14 13
20 22 7
4 7 10
0 2 10
6 10 14
21 23 3
22 3 10
1 4 5
7 11 14
10 13 9
6 9 4
4 7 2
5 8 11
11 13 7
15 18 12
10 13 3
16 19 8
5 7 4
19 22 14
5 9 1
4 7 13
19 23 14
11 13 13
9 11 10
2 5 10
16 19 7
14 17 8
11 12 10
19 20 8
1 3 6
11 11 3
16 18 9
8 11 13
10 14 4
1 3 3
14 17 8
14 16 1
19 23 14
0 2 1
3 5 12
11 15 1
2 4 9
3 6 11
8 10 5
1 3 1
15 17 5
23 1 5
4 8 12
7 10 8
2 3 2
21 1 11
9 12 13
23 2 2
21 2 1
10 12 13
21 0 10
20 22 14
3 4 5
4 8 13
3 6 9
6 9 3
17 21 5
20 22 7
10 13 10
16 18 14
22 0 10
22 3 1
12 14 2
5 8 7
5 9 12
1 7 4
22 1 13
1 4 5
2 4 6
21 23 12
6 9 14
18 22 14
4 7 3
19 22 12
20 22 14
23 1 13
19 23 9
20 0 10
22 1 12
8 12 11
6 8 3
14 17 4
15 18 13
0 3 12
9 12 7
11 16 9
18 20 12
6 8 6
19 23 13
11 13 12
16 19 10
22 0 5
0 4 7
19 0 4
14 17 10
13 17 8
8 11 5
22 2 3
15 19 2
15 20 4
18 18 2
7 10 13
16 19 4
7 9 14
22 2 11
12 15 2
12 14 5
21 23 13
20 23 4
20 23 4
20 23 3
0 4 3
4 7 6
5 8 14
1 5 9
13 17 11
23 2 9
0 3 9
1 3 7
1 4 14
6 7 11
1 5 4
15 19 4
12 15 12
10 12 5
17 19 10
9 11 2
15 18 2
20 23 14
5 8 9
15 18 4
14 19 8
9 12 3
18 20 9
3 6 14
9 12 5
2 6 1
13 16 1
20 0 1
7 11 4
15 19 10
1 5 8
22 3 14
9 13 5
18 20 11
6 9 3
4 6 9
7 10 12
16 19 6
14 18 6
2 5 2
6 9 11
12 16 9
5 7 4
17 20 8
11 12 8
22 2 11
0 2 5
19 1 5
6 8 1
12 15 4
9 11 12
7 9 3
2 6 9
22 1 7
0 3 9
21 0 8
3 5 2
12 14 10
21 1 3
11 15 8
12 16 10
12 15 12
16 20 10
11 14 1
12 17 14
15 18 14
5 8 12
10 15 14
1 3 1
14 17 12
16 18 5
4 7 6
0 2 9
22 1 14
20 1 2
5 7 11
0 4 13
23 3 6
23 3 4
19 0 8
18 21 7
23 0 3
13 16 9
12 15 2
23 4 12
19 22 9
9 11 11
19 23 5
17 20 11
16 19 8
12 14 14
9 11 8
2 6 14
3 5 7
14 18 7
17 19 4
9 12 8
9 12 9
6 9 8
9 10 13
2 5 11
11 14 9
18 22 2
18 21 6
21 1 8
17 22 14
14 18 10
14 17 5
22 2 9
11 14 3
14 18 12
18 21 13
9 11 14
11 14 10
15 19 7
17 21 1
11 13 9
21 22 10
3 7 3
3 7 5
3 6 4
2 5 12
9 14 1
17 20 8
9 13 13
20 0 3
4 9 7
15 16 8
15 19 13
0 2 4
5 8 7
5 7 3
11 15 1
9 12 5
9 11 9
14 18 4
18 22 11
22 0 9
23 2 1
12 16 9
9 12 3
22 2 7
12 15 2
10 14 2
15 17 8
5 7 1
5 7 12
1 4 6
8 12 9
20 23 14
0 3 4
17 19 1
3 6 4
0 2 9
22 3 9
17 19 2
20 23 11
8 11 3
0 4 13
9 12 1
6 8 6
5 7 8
0 2 8
22 2 8
3 6 10
7 10 8
12 16 6
21 23 10
2 5 13
13 17 1
9 12 1
22 3 8
20 0 12
23 3 8
4 7 4
12 16 8
18 22 10
18 21 10
10 13 1
19 22 10
23 3 10
11 14 13
23 0 1
8 11 8
14 15 11
12 16 1
23 2 3
5 8 11
12 16 1
3 6 5
19 20 9
19 23 5
2 6 13
10 14 6
10 14 5
18 18 9
16 19 8
3 7 7
9 12 4
0 4 4
9 12 7
8 11 7
5 7 8
15 19 5
12 14 5
1 5 14
6 9 2
12 14 9
18 21 9
3 6 7
7 12 8
18 20 6
0 2 7
8 10 14
13 16 8
4 6 3
6 7 9
20 22 6
2 5 12
11 13 13
3 5 11
3 6 13
17 20 6
16 19 13
4 7 13
4 7 11
23 4 14
17 21 6
8 12 2
10 12 9
17 21 3
14 18 10
5 9 7
18 22 7
5 8 2
7 11 5
14 15 1
9 13 5
12 13 12
4 7 7
2 4 8
20 22 13
12 15 9
9 12 11
1 4 9
13 17 11
8 12 5
18 22 6
9 11 3
15 19 11
14 17 6
22 1 4
20 0 10
3 4 7
15 19 13
13 16 14
16 19 11
4 6 10
22 2 10
12 16 6
15 19 8
16 19 13
13 16 10
6 9 12
13 15 4
11 15 9
16 19 8
15 19 7
15 18 12
14 16 12
10 13 10
13 15 1
13 17 5
14 17 5
21 0 8
3 7 5
13 15 11
0 2 13
5 8 3
13 17 4
14 17 6
14 17 9
0 3 10
17 20 4
7 9 11
8 12 10
15 19 2
23 2 2
12 15 7
14 17 11
23 1 9
5 8 9
19 23 8
7 10 10
19 22 11
6 9 6
21 0 4
12 16 6
21 1 10
16 18 11
1 3 3
16 18 14
4 6 6
17 22 6
5 9 7
13 13 8
5 7 8
16 17 11
6 8 13
12 15 3
16 19 12
9 12 9
6 12 9
4 7 4
17 21 2
9 12 11
10 14 2
5 11 6
11 16 13
3 6 2
4 5 3
19 21 1
15 17 4
23 3 13
15 18 2
20 23 12
10 13 10
21 23 1
19 23 11
22 0 13
15 19 6
6 10 2
5 9 7
15 20 7
0 2 9
8 11 2
18 19 7
21 0 14
14 15 6
12 15 13
21 2 12
2 5 3
6 9 10
19 23 9
10 12 12
21 1 13
5 8 14
14 16 13
12 15 4
12 15 3
17 21 7
18 21 1
21 0 4
21 0 12
19 22 8
8 12 10
9 14 2
21 23 3
6 10 8
0 3 4
0 4 9
7 10 10
21 23 7
11 13 4
7 9 6
11 13 6
3 7 7
19 23 5
18 22 9
17 20 4
3 5 4
10 15 12
12 17 10
18 21 2
19 20 1
5 7 13
11 14 2
14 19 7
11 14 1
6 9 7
5 7 10
19 22 14
17 21 3
7 10 4
13 16 14
4 8 4
22 1 12
4 6 13
5 8 10
8 10 11
23 4 2
10 14 13
12 15 3
19 23 10
4 8 13
20 0 11
5 7 11
5 7 12
20 21 4
15 18 5
13 15 12
0 3 10
1 4 9
22 1 11
14 18 4
4 8 12
20 22 13
0 2 12
1 3 4
4 9 8
17 19 5
18 21 14
0 4 1
10 15 5
14 17 1
2 6 14
10 14 8
17 20 6
20 23 8
16 18 7
13 18 4
9 15 5
9 13 10
0 3 2
22 1 3
17 21 3
21 1 5
21 0 10
8 11 5
18 21 11
0 4 13
3 5 5
6 11 7
1 2 10
18 21 8
3 7 12
4 6 3
17 19 3
23 2 6
15 19 6
23 1 4
5 8 9
20 22 11
23 2 1
2 5 6
8 10 11
12 15 9
18 0 2
2 7 7
3 6 3
12 15 9
2 4 4
12 15 5
17 19 8
13 16 1
7 9 12
7 10 10
21 22 11
18 20 5
22 1 11
21 0 4
9 12 3
3 4 3
0 3 6
9 12 14
21 0 12
5 7 10
14 18 14
2 6 9
12 15 1
8 11 7
4 6 4
18 21 7
1 4 11
10 13 11
16 18 14
15 18 2
6 10 9
13 14 13
11 15 8
5 9 2
14 17 4
9 11 13
11 15 7
2 5 2
16 20 2
21 1 12
6 9 10
5 8 10
23 1 6
1 5 3
18 20 5
5 7 13
20 22 1
8 12 12
14 17 3
19 21 7
7 11 1
6 8 2
10 13 3
23 4 8
18 22 9
13 16 1
6 8 10
18 20 4
9 11 3
9 11 2
11 13 13
8 11 3
8 13 4
17 19 9
5 9 4
6 9 3
10 14 12
12 13 10
8 11 1
1 4 5
3 6 2
6 9 14
12 15 2
6 8 9
21 1 12
10 10 9
18 20 9
1 4 7
23 1 3
13 17 10
15 18 11
17 22 8
16 19 12
16 20 10
19 20 1
16 21 1
22 3 11
1 2 3
0 3 12
10 12 12
17 22 1
18 20 5
12 15 4
7 9 4
2 5 11
3 7 4
3 5 7
19 21 14
14 18 6
1 3 9
17 22 9
20 23 3
15 19 14
10 13 14
12 15 2
18 21 2
3 7 13
1 3 3
12 16 1
14 16 1
7 11 10
15 18 4
10 14 8
16 19 3
10 13 7
16 19 13
8 11 9
22 1 2
0 5 9
14 18 9
9 14 12
3 7 8
0 4 1
1 5 11
5 8 8
9 11 2
14 17 4
11 15 7
3 6 10
0 1 4
5 7 2
16 19 13
4 6 3
16 20 3
3 7 1
0 3 3
3 4 12
5 7 9
14 16 7
4 7 4
22 2 7
2 5 2
6 10 9
22 2 4
1 4 13
8 11 1
19 22 4
11 13 2
21 23 12
6 8 7
17 22 7
12 15 14
2 5 5
14 19 1
3 5 11
12 16 5
10 13 14
3 6 5
10 13 7
1 4 3
10 13 13
20 22 2
20 22 1
16 19 4
12 16 13
18 22 1
16 20 2
5 8 12
21 1 3
1 4 2
12 16 3
23 3 11
10 12 6
19 22 2
14 16 7
6 9 5
5 7 1
4 7 12
8 12 3
13 16 11
20 23 13
18 23 8
19 22 1
23 2 1
7 12 1
10 12 8
4 8 8
18 21 11
12 13 14
21 0 12
4 5 13
21 0 12
23 2 7
23 2 10
17 20 10
20 23 4
10 12 4
23 2 3
15 18 10
17 19 5
22 1 4
9 14 2
13 16 10
1 3 8
7 10 14
18 21 10
22 2 3
6 10 10
6 10 5
20 23 6
12 17 13
1 4 5
16 18 12
0 2 14
20 23 10
15 17 13
1 5 1
3 7 14
1 4 6
20 0 10
