4000 49
16 33 37 21 11 49 34 48 25 7 35 19 30 18 44 19 5 17 22 9 2 13 26 37 22 22 9 36 33 34 11 34 22 5 13 27 39 38 36 42 30 10 32 31 42 35 25 42 36 
20 0 26
7 12 35
9 13 10
23 2 28
6 10 26
21 0 27
17 22 15
22 3 42
12 16 9
3 6 9
1 7 13
11 12 11
9 12 41
6 8 4
11 16 43
17 20 31
2 5 39
17 19 40
5 8 29
14 16 46
4 7 7
8 12 21
1 4 10
18 21 1
15 18 11
10 13 9
16 20 45
18 20 43
18 21 29
21 1 3
18 19 27
22 0 7
23 3 31
21 23 9
18 23 25
13 17 27
9 13 23
9 11 37
1 3 44
5 7 17
11 14 45
13 17 6
22 0 38
9 13 48
21 0 17
23 2 23
11 14 26
6 10 6
7 11 23
8 12 44
9 11 46
16 21 38
0 4 44
20 23 49
11 14 32
16 20 32
3 5 12
22 0 11
9 11 36
9 13 35
15 19 11
16 20 35
0 1 13
18 22 39
23 4 1
9 11 48
6 10 33
17 20 21
22 1 13
23 2 20
18 20 31
21 1 4
9 10 28
4 7 17
16 20 16
3 5 6
0 3 45
19 23 31
11 13 22
16 17 36
1 4 45
5 9 46
10 13 49
13 16 38
8 12 44
3 7 27
17 19 43
19 21 46
18 22 15
8 11 48
15 18 40
21 0 36
21 23 31
6 9 44
2 5 7
5 6 14
7 10 30
9 11 46
15 18 28
7 9 47
15 17 22
14 16 11
7 12 45
12 13 3
2 4 19
18 21 17
4 6 13
1 4 15
7 8 21
23 0 38
5 8 8
0 3 37
19 23 14
18 21 38
15 19 7
7 10 11
2 5 14
3 6 6
2 3 38
21 2 8
10 14 47
15 18 37
9 12 29
17 20 31
2 4 42
13 16 10
16 20 39
11 13 25
8 11 43
5 8 26
4 7 24
15 17 21
7 12 28
19 0 15
1 4 30
18 22 31
13 15 10
11 13 25
22 2 8
13 16 5
22 1 1
10 12 48
7 10 47
12 16 32
2 6 32
13 16 9
6 9 24
6 10 36
20 23 29
11 13 36
21 23 8
8 11 19
22 1 25
17 21 26
6 7 10
1 5 6
21 23 9
3 5 48
10 13 18
3 5 8
12 15 19
19 22 21
22 2 29
4 7 18
11 14 28
8 11 3
5 9 19
3 6 9
8 11 14
17 19 44
4 5 42
13 15 36
12 14 36
8 10 37
12 15 5
5 9 17
10 12 18
6 8 28
15 18 7
19 20 1
8 8 39
23 1 47
7 9 12
1 4 18
20 0 15
7 10 6
21 0 37
3 6 5
20 21 10
10 13 44
4 7 40
5 6 39
17 19 9
7 11 5
16 19 29
0 2 4
20 22 25
4 10 5
1 4 44
11 14 19
11 15 25
22 1 47
12 15 3
2 5 11
1 4 24
0 5 46
22 2 41
17 20 33
19 22 25
12 16 49
3 6 25
20 19 29
0 2 17
20 1 48
16 19 43
9 13 31
16 19 3
22 1 40
14 15 38
22 1 47
10 13 44
9 14 40
3 7 2
21 0 20
11 12 33
9 13 35
15 17 9
15 18 12
12 16 39
18 21 39
8 9 30
19 21 6
14 15 19
10 14 1
18 22 17
10 13 26
15 19 15
12 13 38
19 20 20
10 12 42
3 6 49
11 14 43
15 18 25
10 14 28
5 6 28
21 1 27
7 10 12
12 16 1
22 23 9
16 18 12
22 0 38
18 21 1
5 8 10
8 13 3
11 14 43
5 9 22
18 22 22
2 5 22
5 10 26
4 7 23
1 5 13
1 5 33
5 10 44
23 0 41
0 3 4
0 4 40
19 23 9
11 15 33
8 11 39
8 11 24
20 23 37
12 16 3
10 14 36
3 7 38
15 17 4
23 2 13
19 22 13
11 12 13
8 12 4
5 10 49
4 7 21
4 6 20
22 2 17
17 20 13
16 20 26
7 9 41
10 11 34
1 4 34
13 17 35
2 4 10
14 16 2
17 20 29
4 4 37
19 23 8
14 17 23
2 4 35
22 2 46
8 12 13
7 10 5
23 1 15
11 13 23
22 1 11
5 6 23
21 0 20
12 15 38
3 8 33
22 23 27
15 19 25
21 22 15
15 19 44
9 13 19
17 18 21
10 14 3
19 22 43
0 3 36
0 3 19
12 14 7
4 6 37
8 11 36
10 13 23
10 14 38
16 19 47
8 11 34
4 7 37
8 10 2
19 22 10
5 8 6
19 22 6
11 15 10
6 7 18
21 23 10
19 21 36
15 17 28
5 8 9
2 5 36
3 6 20
1 3 22
9 12 24
7 9 33
7 9 26
16 21 31
12 15 18
17 21 38
3 8 35
0 2 37
20 22 47
9 11 25
21 1 14
3 6 8
0 3 36
18 23 25
12 15 46
6 9 14
1 5 43
20 23 30
14 17 36
14 17 30
13 16 17
4 7 27
23 4 37
18 21 4
15 16 3
10 13 22
17 20 1
7 11 12
19 23 5
18 19 33
22 1 24
22 22 3
17 21 16
0 3 48
11 13 24
13 15 30
15 17 20
7 10 29
22 0 49
23 2 11
19 0 20
14 16 9
17 20 6
0 3 31
7 10 27
19 22 32
22 2 12
4 8 40
16 17 15
3 6 45
9 11 23
0 4 40
20 22 29
3 8 49
21 0 13
14 18 38
10 13 5
13 15 7
22 23 2
2 6 10
14 15 15
7 9 21
2 5 24
5 8 30
23 2 44
18 23 20
0 2 26
16 18 15
15 19 13
4 9 6
10 13 5
9 10 7
18 22 40
4 8 8
19 22 16
14 17 47
22 0 3
22 2 30
22 1 28
9 12 8
2 4 47
20 1 35
9 11 24
18 21 10
0 2 12
22 0 14
21 0 15
4 8 35
18 21 16
19 21 4
20 1 8
23 2 46
15 18 19
8 10 1
1 5 45
8 10 6
23 2 41
7 11 48
18 21 47
0 2 1
3 7 28
0 3 36
0 3 27
21 23 39
3 6 40
9 12 21
11 14 2
9 11 11
4 7 49
1 4 45
13 18 11
8 12 3
11 14 40
16 21 2
3 5 5
15 18 3
2 5 16
9 12 46
6 11 13
0 2 42
16 19 31
11 13 28
17 21 47
18 21 44
10 13 2
8 12 39
12 12 33
9 12 36
20 1 38
20 23 4
3 7 11
20 23 16
11 14 16
12 14 2
17 21 20
17 21 27
19 23 16
9 12 36
13 17 6
10 14 49
4 7 17
1 4 16
11 15 21
19 21 13
0 2 16
22 2 3
9 11 40
20 23 9
18 21 43
1 3 30
1 4 43
22 2 26
10 14 35
10 12 30
12 18 16
7 9 21
11 15 49
2 5 19
4 8 46
11 12 2
9 11 38
19 22 45
12 14 47
0 1 44
13 17 36
12 12 47
14 18 45
10 13 39
17 19 32
21 0 38
9 11 8
17 19 17
22 1 42
16 17 9
0 4 4
5 7 1
10 13 47
20 0 27
8 10 10
8 12 34
1 2 15
5 10 35
14 18 24
10 13 32
4 6 22
12 15 32
18 21 7
10 13 14
22 1 8
9 11 45
19 22 25
15 17 27
10 14 13
23 3 20
12 15 44
0 3 31
9 12 40
14 19 1
4 6 5
13 15 46
11 13 23
19 22 13
2 6 33
5 8 29
7 10 29
8 11 45
12 15 29
6 10 3
5 8 36
23 3 1
6 9 42
16 20 3
3 6 42
2 7 36
1 4 12
19 22 2
21 0 33
21 3 6
20 23 1
22 0 7
1 3 30
19 23 2
2 4 47
18 22 43
15 19 20
19 22 48
10 14 34
9 14 5
7 10 48
11 14 36
20 23 30
14 17 43
20 23 28
6 9 1
23 3 47
2 6 41
20 22 3
4 5 28
16 18 8
12 17 13
12 15 38
7 11 18
16 20 27
20 23 30
5 8 20
21 0 43
21 22 22
13 17 35
23 2 3
17 21 30
12 15 27
2 6 34
0 3 32
0 0 13
16 19 29
12 16 15
5 8 27
0 5 4
15 18 13
4 6 23
21 1 36
10 14 35
18 21 40
3 6 11
3 4 5
4 7 34
23 3 8
7 10 22
16 19 28
18 20 29
16 18 46
9 11 4
21 23 18
3 7 26
15 17 32
16 20 14
13 15 46
10 13 27
17 21 24
22 1 11
7 9 46
4 7 31
9 13 42
14 17 16
9 11 30
16 19 14
1 4 22
11 15 47
14 17 49
19 21 44
0 5 16
0 2 16
5 6 21
3 5 29
8 10 41
20 23 36
9 14 7
16 21 11
21 0 10
7 11 36
7 8 22
16 19 37
0 2 38
0 4 11
14 17 25
23 2 36
0 2 19
11 15 5
20 23 19
14 19 14
10 10 6
17 21 2
2 5 4
17 20 3
22 0 28
4 7 24
21 0 44
8 10 27
4 7 27
23 3 4
16 18 26
21 1 46
16 19 11
17 21 22
6 8 9
22 0 27
16 19 37
7 11 37
8 11 3
11 14 6
1 4 32
4 8 28
20 23 36
15 18 49
14 17 27
17 18 30
1 3 34
13 17 44
3 7 43
6 10 41
19 23 1
20 22 39
14 17 7
20 1 7
22 23 23
16 20 40
12 15 35
3 7 25
21 0 26
16 20 8
10 14 31
17 19 39
11 15 33
14 16 43
23 2 49
8 10 34
0 5 27
14 17 47
23 2 44
13 16 43
19 21 36
22 2 27
1 4 44
17 21 29
20 22 24
22 0 20
13 16 43
16 19 9
6 7 38
9 13 38
1 4 6
3 6 18
12 14 23
4 7 43
8 10 23
19 23 30
22 3 4
17 21 2
7 9 44
23 1 20
5 8 15
20 0 15
17 20 32
23 1 11
4 8 29
17 21 45
3 7 3
23 3 31
12 16 26
6 9 27
4 7 23
13 17 42
9 13 45
7 9 6
6 8 3
2 5 17
0 5 45
19 0 24
11 14 41
23 3 22
11 16 43
14 18 33
11 15 36
23 3 4
10 13 22
11 14 16
0 5 47
13 17 20
21 23 2
5 7 43
19 22 12
18 22 46
9 13 26
15 19 23
13 16 36
2 5 9
3 7 42
6 11 25
23 2 33
20 0 16
4 7 23
5 7 4
15 18 38
11 15 42
19 23 29
16 19 13
17 19 3
14 16 6
7 11 3
1 3 37
3 7 15
9 12 12
11 15 12
11 14 20
16 19 34
11 14 29
7 12 21
1 4 40
11 13 45
18 21 17
11 13 39
14 17 30
23 2 2
14 18 31
18 21 24
5 7 19
9 12 30
22 0 41
10 12 24
21 0 30
20 0 43
22 2 4
13 17 40
22 2 21
18 21 38
6 10 46
14 15 10
8 11 38
6 9 42
2 6 21
15 19 20
16 18 10
19 22 11
8 10 35
18 21 41
14 17 45
13 15 41
23 0 15
4 9 46
14 17 22
15 17 32
15 20 47
17 22 46
17 19 34
5 7 32
5 9 10
11 15 4
5 8 22
1 4 13
22 2 19
17 21 6
16 18 25
3 6 6
14 16 8
1 4 21
2 4 3
18 22 32
16 19 9
17 21 15
0 2 28
5 7 24
0 2 38
6 10 34
11 14 4
19 22 6
22 2 3
7 11 17
12 17 34
5 7 2
2 5 23
17 20 15
7 11 35
23 2 18
4 9 2
18 21 42
11 13 7
17 21 29
0 3 45
3 7 39
1 5 45
12 14 12
6 9 27
16 20 25
5 8 20
11 15 37
21 0 18
23 1 48
23 23 42
18 23 37
15 18 16
21 23 2
11 14 40
1 4 2
1 3 42
19 23 17
16 20 45
4 7 37
18 21 43
7 10 42
4 7 15
17 19 31
12 16 4
11 14 15
3 6 40
5 6 35
9 12 11
5 6 44
19 23 48
5 8 25
7 10 40
14 17 39
16 20 31
2 5 8
2 2 35
5 8 22
0 4 49
11 14 45
22 1 39
18 22 38
10 12 19
6 9 26
11 15 3
2 6 41
22 2 48
5 9 21
1 3 29
15 19 30
13 16 46
6 7 44
19 23 19
21 0 7
15 17 32
15 19 22
2 4 28
18 20 14
10 14 45
2 6 22
6 10 47
1 3 11
5 7 14
10 15 41
4 8 2
20 22 23
10 13 26
23 1 35
3 5 16
9 15 25
16 21 32
2 4 12
10 12 18
15 16 28
20 0 32
20 1 11
21 0 35
21 1 13
9 12 11
3 8 37
23 0 42
18 20 9
17 18 33
20 1 36
9 12 6
18 22 28
18 21 22
11 14 9
18 20 49
23 2 39
11 14 45
15 18 21
21 0 7
11 14 26
1 4 6
3 7 28
12 15 49
20 1 23
16 19 22
3 6 47
6 10 1
22 1 29
3 6 38
22 3 3
19 22 23
17 21 25
4 9 12
13 16 34
5 7 30
0 3 48
12 14 21
4 7 28
14 17 42
3 8 8
4 5 35
0 3 3
2 4 41
4 9 28
8 10 44
22 23 3
22 1 31
19 21 3
21 23 28
0 3 42
5 8 35
8 11 38
20 23 2
6 10 18
17 20 26
0 4 38
13 15 5
12 14 11
13 18 44
18 20 22
6 8 9
15 18 2
17 19 31
17 20 22
23 3 9
8 11 3
8 11 44
8 13 35
19 22 5
0 4 33
8 12 27
12 15 43
17 19 16
4 5 4
17 21 12
12 15 18
5 9 26
21 0 43
6 9 43
8 11 18
12 14 28
10 13 3
2 4 45
21 1 44
1 3 42
7 8 7
10 13 36
12 15 40
10 14 8
1 4 3
17 20 39
9 12 2
15 16 24
17 20 1
14 17 12
19 22 25
22 1 38
21 23 45
22 1 2
1 5 1
4 7 35
14 17 14
8 12 17
10 12 43
8 12 38
15 19 36
21 1 45
11 13 43
16 19 39
22 2 39
1 3 49
10 13 41
0 4 2
0 3 15
5 7 20
12 13 45
22 0 40
4 8 1
4 6 28
17 22 46
5 8 46
8 10 3
17 19 15
5 8 26
8 10 26
23 2 29
18 22 6
4 8 1
6 8 10
0 4 34
11 15 35
6 9 41
17 19 21
15 17 7
10 13 14
6 8 30
20 23 6
7 10 12
11 14 25
3 5 41
7 11 6
15 19 42
0 4 34
9 11 3
15 18 23
19 21 26
15 18 6
1 5 41
0 4 24
2 4 34
7 11 13
8 10 10
21 1 23
5 7 32
12 16 35
1 3 45
5 8 47
23 3 8
22 0 32
21 1 19
16 20 25
8 11 16
0 2 28
22 2 13
20 23 39
8 12 48
0 2 1
4 8 11
4 7 21
5 9 13
3 6 32
2 6 17
5 8 2
1 2 40
23 3 26
14 17 5
10 12 38
0 4 17
6 10 37
3 7 16
7 8 21
16 20 10
17 21 16
2 4 48
4 5 10
4 7 45
14 16 28
12 16 10
12 14 16
18 22 3
15 19 48
9 10 8
1 4 29
21 2 13
9 13 6
18 22 32
1 5 14
10 14 40
8 10 23
21 0 26
12 13 20
14 18 45
10 14 6
8 11 4
12 16 15
18 20 45
16 18 30
19 22 4
4 7 22
1 4 49
0 2 47
20 23 36
10 13 25
4 7 32
17 20 29
2 5 27
0 2 29
7 9 22
13 18 5
18 20 14
11 14 17
7 8 25
6 9 4
0 2 44
23 4 28
15 18 33
20 0 27
6 11 31
10 14 21
11 14 47
12 16 12
11 14 17
23 4 30
14 16 17
7 11 16
9 12 16
4 7 47
2 6 13
11 14 1
21 1 25
5 8 27
20 0 47
0 1 42
9 12 18
1 5 30
13 15 31
0 1 4
14 17 8
7 8 17
14 16 38
21 0 45
22 1 29
5 7 33
4 8 3
20 22 9
21 1 11
9 11 18
20 23 46
19 21 40
18 20 38
0 5 25
9 11 47
2 6 21
17 20 13
2 6 33
2 6 26
19 20 5
19 22 34
1 4 37
9 11 17
10 14 35
4 9 26
19 22 9
12 15 36
17 18 48
0 3 13
13 16 8
1 4 46
20 0 43
10 14 1
3 6 39
11 14 18
22 0 5
0 1 12
17 19 17
15 18 11
13 15 39
19 23 33
6 9 21
7 9 18
9 11 10
14 18 14
11 14 8
19 23 30
7 9 12
17 20 47
23 2 38
0 5 13
3 5 11
5 6 26
9 12 3
0 2 37
7 10 9
4 7 2
23 1 9
7 10 47
1 6 12
20 23 39
16 20 46
3 7 43
20 21 35
9 12 24
10 13 13
19 21 9
23 4 17
21 0 13
8 11 23
21 0 9
15 16 33
3 6 12
0 4 21
1 1 42
12 15 40
20 22 30
15 18 27
0 3 15
15 18 2
16 19 17
16 20 27
8 11 30
13 16 19
17 18 30
21 2 20
22 2 37
7 10 17
1 4 35
21 1 28
20 23 17
5 8 1
13 15 33
12 16 31
20 22 4
15 17 30
15 19 24
18 20 4
17 18 10
13 16 7
6 8 40
22 1 36
4 6 19
18 22 44
23 3 23
16 19 45
12 13 27
17 22 40
16 19 26
1 4 35
16 20 34
8 10 46
12 15 6
21 0 44
6 9 28
13 16 32
11 13 22
6 8 8
13 17 26
20 22 20
10 13 35
7 11 9
23 2 21
1 3 47
6 10 38
23 3 42
6 9 26
20 22 30
7 9 4
6 9 41
5 9 8
22 1 14
9 13 35
0 3 6
9 12 21
8 13 31
23 0 30
2 4 9
8 12 26
10 12 3
23 2 39
4 9 23
3 6 10
13 15 5
19 22 20
6 8 13
21 0 46
2 6 44
9 12 37
16 18 43
0 4 29
22 2 23
4 8 17
21 0 12
4 7 10
13 16 46
5 10 15
4 8 48
18 23 17
14 17 14
6 10 45
17 18 12
1 3 8
12 15 25
18 23 43
18 22 22
12 16 35
0 4 43
17 19 30
3 6 47
19 20 20
10 13 23
17 21 17
2 5 42
15 18 42
15 18 10
4 7 11
13 17 11
6 8 3
7 10 30
2 7 37
0 0 28
16 18 40
5 8 46
10 13 33
21 23 34
14 17 19
3 6 24
18 22 12
2 3 3
4 6 48
7 8 26
19 23 22
5 6 9
8 10 17
4 6 26
15 18 14
23 4 45
9 13 34
12 13 4
8 8 48
7 9 45
8 11 18
16 19 49
19 0 10
19 20 28
3 6 14
23 2 12
19 20 40
9 13 16
17 19 47
15 17 22
4 7 41
18 20 6
18 20 30
9 12 11
23 1 25
17 21 26
19 22 32
22 1 37
22 1 7
10 12 23
0 3 30
18 18 33
12 16 14
15 19 37
2 6 5
5 6 45
19 0 3
21 22 29
17 21 34
21 23 26
1 4 30
16 20 15
22 2 22
18 22 43
13 17 5
17 21 13
5 8 48
17 18 5
3 4 32
0 4 4
23 3 27
14 18 46
9 12 44
11 15 33
3 6 17
9 12 4
18 22 35
15 18 26
22 1 8
10 12 36
0 2 24
14 16 4
17 21 45
22 2 46
21 0 12
19 23 30
5 6 35
16 19 1
10 13 40
18 21 26
22 0 17
0 2 13
6 8 19
21 2 33
17 21 27
12 14 26
4 5 8
11 14 22
6 10 20
19 22 2
20 22 27
5 8 45
20 0 46
22 2 6
6 9 41
14 17 24
21 23 14
11 14 27
0 2 49
1 5 24
0 3 41
16 20 14
8 12 42
10 14 34
21 0 38
19 21 25
14 18 34
14 15 16
17 19 46
5 9 49
11 14 4
8 11 22
20 23 30
1 3 4
7 10 35
21 0 5
16 17 5
14 17 41
23 2 22
10 13 38
12 15 17
17 19 31
15 16 13
19 23 7
4 8 7
9 11 20
18 21 26
4 7 29
11 12 5
22 1 13
20 0 12
18 21 17
4 7 28
3 6 42
3 6 15
14 17 31
9 13 34
11 15 29
17 21 26
22 2 10
16 19 34
19 22 28
11 14 6
20 23 40
16 20 9
18 21 6
17 20 32
13 17 36
18 22 31
13 16 6
7 10 1
14 18 36
9 12 8
21 1 28
19 21 11
1 4 6
0 4 42
18 21 38
7 11 33
15 18 14
18 22 8
2 5 38
16 19 5
3 7 49
13 17 11
18 22 48
0 3 25
0 4 2
8 10 26
13 15 4
4 7 29
4 6 36
16 19 44
6 9 26
21 1 29
15 17 17
18 23 46
19 23 38
18 21 21
20 23 23
15 17 46
13 13 16
12 15 28
9 12 13
15 17 29
17 20 21
16 19 35
21 0 18
1 4 38
5 9 47
3 6 25
5 7 27
2 7 11
11 13 48
22 0 14
16 18 9
11 16 34
2 5 37
0 2 32
23 1 26
4 7 12
2 5 26
9 13 10
6 9 40
5 9 33
13 17 1
3 5 23
4 6 37
13 18 16
4 8 40
15 19 42
1 4 2
19 21 37
5 8 36
6 9 6
13 16 37
12 14 32
4 7 38
2 5 35
15 19 35
16 20 2
7 10 42
18 20 36
11 13 45
1 6 14
11 16 31
7 10 16
0 5 37
0 3 31
11 15 38
7 10 8
8 9 37
20 0 7
2 5 21
10 15 27
16 21 6
21 1 27
10 13 6
21 22 43
19 0 29
19 23 12
18 20 16
5 8 18
10 13 17
5 6 7
17 18 10
7 10 24
9 12 27
10 15 36
23 2 11
18 21 40
11 14 15
19 23 44
17 20 32
21 2 12
13 17 37
21 0 28
17 19 12
23 3 18
20 0 42
6 9 47
17 19 41
21 1 15
9 13 1
17 19 1
3 7 11
18 21 21
4 7 8
16 19 43
4 9 2
15 18 15
18 21 14
14 18 48
23 1 46
21 23 31
2 6 18
3 6 26
16 19 7
7 9 26
10 13 2
4 7 3
23 2 15
14 18 33
2 5 8
21 23 17
8 10 40
2 4 49
16 19 47
13 18 31
16 20 21
8 11 34
6 10 11
20 23 5
7 9 33
11 12 47
10 13 28
22 1 13
14 17 20
22 1 28
15 18 48
10 11 9
15 16 15
20 23 14
2 5 19
8 10 42
23 1 27
17 21 18
19 21 8
12 14 43
5 9 33
19 21 46
22 1 9
10 13 11
23 1 18
17 21 45
8 10 11
22 3 36
0 4 5
0 2 23
7 12 43
0 2 48
11 13 17
22 3 27
10 13 28
19 22 24
6 9 44
10 14 20
21 23 27
15 18 35
21 23 33
22 23 12
5 8 39
14 17 35
2 7 3
23 1 3
17 20 18
14 18 18
16 18 18
9 14 35
6 10 6
22 0 2
22 2 22
6 8 9
12 15 44
18 20 41
9 9 36
17 20 6
14 15 19
5 7 6
21 0 37
21 1 25
10 12 20
13 16 38
4 6 30
19 0 4
14 17 47
2 3 35
18 20 33
5 9 4
1 3 41
22 2 17
8 11 30
14 16 20
16 18 12
15 17 37
17 19 9
11 12 25
23 1 3
19 21 18
3 6 29
12 14 43
1 4 47
14 18 4
12 14 19
1 4 1
22 0 30
13 15 33
3 6 49
23 2 12
1 4 17
22 1 35
20 23 10
12 15 4
10 13 43
18 20 13
2 4 27
1 4 28
10 14 41
8 11 37
19 22 11
10 12 46
6 8 35
9 12 31
1 3 1
4 7 27
7 8 13
17 20 49
2 5 37
15 19 48
14 19 30
10 14 7
8 13 3
19 23 15
2 5 49
7 9 8
19 23 38
2 5 6
18 19 15
9 11 39
11 13 45
22 0 11
22 3 18
2 5 8
17 18 47
22 1 47
11 14 36
12 15 46
9 11 31
14 16 42
12 15 29
12 15 25
13 16 12
12 15 38
19 23 36
9 11 19
7 8 1
10 13 10
8 10 3
19 23 47
8 11 16
14 15 30
3 6 48
23 2 27
3 7 21
18 22 2
0 2 2
1 3 48
4 8 39
18 22 46
2 5 25
11 15 34
9 12 48
0 3 1
15 18 43
9 11 22
2 3 37
7 9 27
1 4 36
8 10 33
14 17 16
1 3 3
21 1 15
6 10 11
4 8 29
7 8 13
7 10 34
21 0 30
7 11 11
0 4 17
11 15 40
7 12 14
17 20 40
8 13 49
22 2 19
3 6 25
4 6 12
13 17 17
1 5 45
9 11 38
11 15 36
17 22 24
9 13 10
13 17 42
15 18 32
15 17 6
11 14 22
18 21 42
9 11 7
4 7 43
13 16 47
2 7 22
19 20 16
6 9 22
19 23 19
22 2 12
3 5 26
5 8 43
8 10 10
23 2 28
9 10 16
20 22 39
5 9 36
5 9 4
10 11 14
23 3 36
6 9 35
7 10 26
23 3 36
14 16 16
21 0 4
0 4 27
13 18 12
22 3 31
14 18 49
2 4 34
4 8 34
12 16 37
14 15 30
14 17 47
9 12 4
7 9 10
10 12 44
23 4 35
1 4 39
17 20 10
2 6 6
7 11 16
16 18 24
11 14 20
22 0 1
15 20 19
18 22 10
15 19 7
15 18 49
17 20 39
2 5 28
9 10 46
20 22 47
16 18 11
3 5 20
22 0 3
2 6 8
7 10 19
4 7 8
7 9 12
22 2 6
4 7 14
0 5 48
4 7 23
14 16 48
17 20 18
23 2 2
15 18 47
22 2 10
12 15 4
12 14 37
12 14 45
5 8 47
23 3 40
12 15 29
15 20 4
18 22 13
2 6 24
18 22 35
14 19 22
10 15 25
7 8 47
4 7 20
11 15 48
23 3 7
10 13 31
23 0 17
8 11 46
20 21 24
6 9 31
22 0 42
2 5 28
8 10 22
8 10 17
23 1 40
20 23 49
1 3 10
4 7 23
15 19 2
3 5 44
22 0 41
22 2 15
6 8 25
18 21 45
21 1 37
10 14 5
1 4 1
23 2 28
12 14 37
3 6 8
20 0 11
0 3 43
11 15 4
18 21 6
9 13 39
1 6 41
5 9 15
0 4 32
20 20 25
1 4 36
14 16 15
18 23 14
16 19 41
15 19 13
0 2 32
11 12 29
10 12 47
5 8 6
15 19 14
0 2 8
18 21 22
21 23 34
5 9 38
19 22 18
5 8 38
2 6 29
7 10 6
16 18 16
19 22 31
5 7 1
18 22 9
4 6 10
4 8 21
22 2 15
4 7 48
12 14 20
7 10 29
2 6 10
17 21 37
4 6 39
2 6 45
11 14 3
23 3 9
14 17 20
10 13 33
15 16 33
15 18 20
15 16 21
20 23 17
5 8 38
0 4 25
5 8 16
18 21 49
23 0 29
6 9 4
5 7 31
23 3 11
11 13 12
3 5 20
23 3 12
13 15 25
7 11 35
0 4 8
16 20 33
22 0 18
7 11 29
10 14 16
5 8 40
16 19 4
0 3 27
22 0 29
20 22 12
12 15 3
4 5 9
2 3 26
12 12 26
11 13 11
12 15 2
22 1 49
16 20 37
13 17 9
21 0 36
20 0 17
14 17 43
5 7 5
0 2 15
16 19 1
3 8 49
8 11 43
19 22 31
19 21 3
11 14 12
7 9 16
17 20 16
18 20 10
22 0 32
4 8 3
21 0 37
5 8 2
14 17 20
2 4 1
15 19 1
5 8 47
22 1 10
16 21 8
16 19 48
21 1 46
22 0 31
4 7 9
8 10 24
14 17 1
23 1 6
19 20 15
18 20 14
1 5 35
11 15 41
19 23 7
8 11 44
7 10 38
1 5 13
4 7 25
2 4 42
18 20 11
9 11 48
11 16 48
17 20 48
1 4 44
21 1 28
16 18 38
3 5 28
11 14 47
15 18 40
0 3 40
19 21 9
12 14 7
18 23 49
5 8 38
7 12 14
18 22 36
22 1 10
23 2 36
6 8 23
15 17 45
9 10 17
16 19 39
5 9 20
19 23 13
18 21 24
9 12 45
4 7 25
12 15 5
6 9 12
1 6 43
10 13 16
19 23 14
19 20 6
7 11 7
6 9 12
5 6 24
12 14 22
17 21 28
4 7 18
5 6 48
1 6 5
19 23 29
15 18 31
13 15 11
22 0 3
5 7 12
8 10 36
1 4 22
16 19 13
21 1 8
19 22 32
0 3 3
16 19 27
15 18 5
7 10 40
20 23 25
14 16 36
2 5 9
6 9 43
13 15 28
0 4 1
22 1 26
6 8 15
5 9 16
19 21 5
6 9 1
12 15 28
16 19 29
17 21 25
6 9 27
21 23 17
13 16 40
8 10 35
12 15 23
0 5 25
7 10 41
18 21 37
11 14 36
18 21 14
15 18 14
18 20 26
16 18 39
8 12 18
11 14 12
13 16 41
21 0 11
5 10 4
3 7 16
12 14 29
17 21 5
21 2 47
8 10 5
19 21 21
2 6 45
5 6 1
18 20 48
4 8 3
1 4 14
4 8 45
18 22 32
22 0 35
17 20 28
20 22 3
5 10 8
5 10 6
13 14 5
21 1 39
2 4 45
2 5 8
13 16 4
8 13 42
14 16 4
19 22 48
19 21 34
4 7 12
3 7 30
2 5 49
0 4 11
4 8 43
13 16 44
14 17 8
5 7 7
9 11 21
17 21 42
2 6 29
1 5 14
13 15 21
5 8 11
8 11 8
2 5 6
23 4 33
3 6 45
10 13 46
22 0 5
12 16 41
19 21 3
11 12 40
11 14 4
22 1 24
12 15 24
22 1 7
0 3 38
10 13 8
13 17 46
19 0 18
4 8 25
17 21 5
22 1 2
20 0 47
21 0 6
18 21 39
14 19 23
21 0 28
4 6 41
12 15 3
23 2 20
12 15 15
19 22 23
14 18 3
6 9 18
3 8 26
18 20 16
14 17 7
4 7 3
17 20 26
17 21 35
13 18 11
4 5 34
18 20 30
2 3 24
6 12 9
9 12 43
5 7 18
19 23 31
7 10 20
18 21 15
1 3 35
11 14 44
14 19 47
18 23 11
21 23 9
13 16 1
16 20 34
3 7 11
8 10 9
5 9 19
14 19 24
6 9 26
17 21 31
10 13 27
4 8 24
12 16 11
16 21 48
19 22 10
5 8 46
6 9 36
22 1 41
8 10 12
1 5 15
2 5 20
17 20 12
5 6 35
11 13 4
15 19 44
10 13 18
14 15 31
13 14 40
22 3 8
6 10 5
6 10 27
0 3 33
20 0 43
5 8 5
8 10 19
14 17 45
19 23 22
2 7 14
4 9 35
20 0 10
6 11 35
0 2 47
3 5 33
14 17 33
4 7 20
18 22 9
6 10 3
20 22 41
16 19 18
16 20 8
6 10 22
8 12 10
7 11 16
20 23 13
23 2 31
14 16 7
18 22 14
5 7 35
4 7 7
13 15 28
8 11 33
8 11 47
1 3 49
16 18 24
4 6 19
5 9 19
4 8 27
6 10 4
6 9 42
11 14 38
15 19 7
18 21 1
7 11 47
4 7 34
15 18 39
16 20 47
22 2 46
11 14 22
6 9 49
7 12 3
18 23 48
3 6 41
12 15 1
15 18 22
20 23 46
23 3 21
1 4 46
11 14 19
1 4 45
10 12 23
13 14 33
15 17 38
10 14 8
8 11 43
0 4 11
23 2 28
0 4 38
4 8 25
10 14 20
17 21 40
11 13 42
16 19 26
8 13 30
15 16 1
15 19 3
17 20 43
18 20 20
10 12 35
3 6 29
18 21 17
13 16 33
15 16 28
4 6 34
9 15 18
10 14 38
3 8 22
22 0 48
17 20 10
21 0 27
12 15 17
12 14 6
14 16 21
5 8 38
17 21 26
23 3 22
1 4 5
6 8 14
9 12 39
2 5 5
7 11 13
7 10 38
11 13 10
7 10 4
21 1 19
12 15 23
21 0 19
22 1 27
7 8 10
14 18 21
22 0 19
5 8 8
1 3 13
4 7 9
15 18 18
6 8 29
8 11 42
8 10 26
13 15 45
5 9 8
2 4 42
10 15 13
6 9 46
2 4 18
7 10 37
17 20 21
2 6 44
13 14 24
11 14 6
11 15 2
20 22 44
15 19 41
1 4 14
12 17 42
9 11 10
11 13 22
2 4 1
14 17 48
16 18 14
14 16 40
16 20 49
5 9 18
18 21 10
8 10 36
23 3 41
2 5 44
11 14 23
12 16 15
18 20 16
1 4 2
15 18 16
11 15 33
9 12 21
18 23 23
7 11 10
17 19 14
15 18 16
3 7 33
13 18 24
19 21 40
2 5 38
14 17 45
8 11 23
19 22 3
10 13 46
18 22 7
3 7 31
16 19 28
2 5 9
20 23 3
9 11 42
9 12 46
17 20 42
20 23 22
15 19 47
2 5 23
19 23 22
0 4 46
13 16 29
7 12 47
7 10 12
3 7 43
5 9 33
2 5 41
7 10 36
21 0 18
21 1 11
3 7 49
8 12 23
18 20 3
12 14 46
10 14 45
15 18 4
20 22 42
9 14 2
11 14 48
13 18 43
3 6 6
7 9 9
9 12 2
22 3 26
2 6 14
11 13 27
9 11 9
2 5 24
3 7 39
15 18 38
0 2 48
7 9 25
16 20 44
2 5 2
14 18 20
4 6 30
23 2 2
12 16 39
6 8 10
23 1 44
3 6 33
10 12 10
21 0 44
13 15 32
6 9 2
6 9 20
12 17 45
18 22 7
0 2 37
17 21 21
12 16 8
13 16 47
15 18 23
20 22 34
6 10 11
2 5 34
19 22 25
22 2 18
12 15 16
7 10 7
11 14 6
12 15 36
9 13 42
16 20 13
9 10 38
2 7 6
4 8 31
23 3 24
10 15 21
20 0 19
11 13 41
21 0 6
19 22 15
13 15 44
14 17 44
19 22 8
12 15 13
18 22 29
20 23 39
11 13 13
4 7 17
13 16 43
23 3 44
19 0 49
14 17 26
10 12 12
8 11 49
20 23 25
2 5 7
20 0 39
16 20 23
21 0 14
7 9 33
2 5 32
19 21 31
11 14 14
10 12 34
18 19 16
13 17 18
16 20 46
5 7 33
0 2 2
19 22 43
15 18 48
2 4 36
5 8 38
21 22 2
15 18 30
15 17 48
8 12 43
1 5 32
12 15 23
17 20 10
19 21 45
5 7 39
18 20 10
0 6 4
8 10 3
20 1 35
17 19 33
1 5 21
6 9 45
4 6 37
12 15 40
22 1 2
1 5 44
3 6 27
0 3 30
12 15 36
17 21 14
4 7 23
2 5 42
21 0 36
9 12 2
23 2 34
11 13 1
1 3 41
17 20 34
3 6 41
9 12 38
20 23 2
15 17 13
1 4 16
13 18 29
20 0 29
8 10 47
21 23 35
10 12 46
5 8 4
21 23 3
20 22 1
17 19 24
18 20 11
22 0 4
19 22 45
23 0 16
22 2 22
23 3 5
19 22 12
19 22 2
12 14 38
12 14 30
20 23 49
3 7 11
0 3 7
6 8 27
6 10 38
22 0 48
15 20 19
7 11 11
9 12 36
7 8 42
15 18 22
16 21 35
6 11 48
21 1 46
7 11 6
21 23 43
7 10 45
7 10 3
18 22 13
13 17 34
5 7 34
1 4 39
12 16 40
2 3 22
3 5 35
0 3 42
16 19 48
10 13 32
12 14 5
6 10 13
21 0 17
7 11 17
20 0 22
21 0 47
0 2 2
20 23 36
22 1 2
3 7 4
8 11 5
15 17 16
8 10 7
19 22 29
13 16 26
21 0 8
6 9 17
12 14 47
23 2 28
17 21 1
11 16 38
17 20 45
7 11 28
16 18 23
7 11 43
10 12 18
2 4 28
18 21 46
23 2 17
16 21 34
21 1 6
20 22 8
9 14 29
16 19 21
2 5 1
2 5 30
14 18 13
4 9 23
14 17 1
17 21 47
11 14 19
4 7 29
18 19 48
2 5 29
14 17 32
22 0 24
4 6 34
15 18 27
7 9 48
6 9 31
21 0 7
23 2 3
5 8 15
5 8 4
5 8 32
3 5 37
23 3 37
21 23 9
9 12 15
13 13 39
16 19 26
14 17 31
16 18 9
23 2 14
16 21 39
15 17 2
11 16 7
22 23 47
8 11 20
20 22 4
1 3 43
19 22 46
20 0 27
20 22 38
20 23 49
5 7 21
2 4 28
10 12 11
10 13 32
19 22 34
19 22 11
9 10 23
7 10 37
11 14 23
22 2 42
12 14 2
3 5 18
3 8 34
14 17 18
19 23 12
13 16 13
2 5 11
10 12 39
11 15 12
5 9 4
6 10 44
11 13 9
23 3 13
17 19 22
4 6 14
1 3 46
17 21 10
8 14 41
5 8 41
20 23 21
10 13 23
14 18 36
6 10 19
10 13 41
21 23 34
22 1 45
13 15 19
4 6 37
16 20 46
21 0 46
21 23 16
22 1 25
6 8 1
3 4 7
2 5 19
20 23 34
13 16 11
9 14 11
7 10 25
9 14 4
23 2 24
22 2 31
4 7 8
3 7 41
5 8 21
0 2 40
13 16 3
5 7 11
9 14 19
11 15 8
17 20 19
0 2 40
4 6 13
7 10 24
0 3 15
5 7 19
13 18 9
15 17 1
22 2 4
4 8 40
7 10 8
23 2 12
18 23 42
19 23 49
22 23 29
4 5 26
1 4 8
7 9 4
10 14 49
3 5 25
7 10 44
2 4 44
18 22 32
14 16 46
11 14 11
23 3 9
23 1 26
12 17 31
5 8 43
3 5 46
11 14 8
5 8 21
6 8 19
12 14 23
0 1 4
20 1 20
14 17 39
22 0 29
15 18 23
14 17 42
8 11 28
10 13 33
22 0 42
17 19 43
4 7 33
6 9 12
23 1 21
10 12 32
0 2 38
5 7 36
21 0 40
8 14 7
0 4 13
14 16 21
14 17 37
3 7 48
7 9 40
14 16 10
2 4 4
11 14 49
16 20 23
1 3 42
20 1 49
15 19 31
19 23 33
1 2 25
18 21 16
12 15 29
23 2 47
21 22 13
11 13 2
4 7 24
7 12 36
7 9 35
17 19 27
5 9 24
23 2 48
5 9 44
17 19 26
18 20 9
4 8 32
19 23 18
9 12 20
5 6 9
4 9 45
11 12 26
9 12 27
8 10 18
14 18 24
4 8 32
20 23 1
8 11 30
19 23 24
14 20 25
22 1 11
21 1 34
11 13 48
6 10 48
15 18 45
23 3 32
9 12 18
0 2 21
2 4 20
18 22 10
17 20 40
4 8 14
11 15 9
5 9 47
20 21 7
19 21 4
15 19 47
7 9 29
16 21 18
4 6 1
12 13 8
21 1 1
21 23 5
3 7 32
10 15 48
13 15 35
16 18 28
7 10 37
11 16 1
14 17 37
7 12 49
8 12 15
6 9 18
14 18 7
7 12 44
1 3 22
19 21 37
8 11 19
13 15 48
3 6 38
21 0 21
8 12 26
2 6 12
5 10 21
20 1 22
3 6 42
15 19 34
0 1 6
4 6 5
23 1 29
4 6 34
3 6 4
10 14 16
11 15 12
0 5 34
1 4 26
20 23 45
14 17 47
22 1 11
22 2 16
0 4 43
7 9 31
2 4 45
9 11 12
20 23 34
12 15 21
8 12 9
17 20 30
1 5 22
4 8 40
21 1 36
15 16 12
19 21 1
9 13 35
9 10 22
10 13 13
22 0 9
17 19 1
20 23 8
13 16 28
2 3 20
8 10 25
2 4 8
6 9 1
18 21 29
1 4 4
11 16 30
23 4 3
19 23 47
12 16 32
13 17 19
3 7 39
15 18 13
5 7 8
11 13 42
10 13 14
21 0 7
8 10 2
15 17 23
2 6 39
0 3 11
2 7 7
14 19 5
3 6 45
17 21 27
5 8 48
22 0 9
9 11 2
12 14 27
4 7 6
9 13 44
10 15 31
5 8 42
9 12 16
14 18 32
5 7 39
14 17 19
11 16 21
3 6 29
7 9 16
3 7 41
13 16 22
10 13 48
6 8 44
13 17 40
13 15 15
0 4 22
5 10 4
19 21 26
7 11 44
12 15 20
5 9 4
22 2 38
15 17 3
1 4 39
22 0 36
18 22 33
11 13 33
8 12 30
0 4 40
12 17 39
14 17 47
7 10 19
18 19 31
19 23 21
3 5 12
17 20 25
22 1 16
11 12 13
6 9 27
8 12 13
19 0 23
5 8 10
1 4 32
14 15 44
9 12 39
12 12 11
20 23 19
5 8 5
22 0 13
14 17 24
17 19 29
20 23 14
23 3 26
17 20 9
23 3 1
5 7 23
15 19 42
15 17 48
10 13 45
11 14 37
19 21 9
23 1 14
15 18 29
12 16 8
2 6 40
1 4 2
9 13 3
21 1 45
2 6 18
6 8 19
23 0 37
4 8 7
15 20 12
18 21 16
8 10 27
7 10 24
3 5 34
16 19 16
16 19 15
8 10 32
6 10 32
18 20 22
19 22 46
5 7 47
1 5 45
20 23 22
22 1 30
10 12 39
20 0 27
15 18 19
21 3 36
6 9 47
20 23 5
22 1 23
23 3 7
21 23 38
15 18 38
1 4 44
19 23 7
14 16 24
21 0 17
14 18 45
6 10 15
2 4 36
22 2 21
5 8 12
6 10 15
22 1 23
0 2 28
9 12 21
13 16 48
9 15 31
15 17 33
6 11 44
2 5 11
20 21 35
2 6 30
16 19 32
12 13 14
9 12 26
4 6 13
20 0 34
12 14 2
22 2 48
23 2 16
9 13 11
21 1 40
5 9 23
22 0 36
12 14 13
15 20 33
0 3 30
11 14 47
3 6 24
23 3 5
11 13 27
12 15 32
19 22 17
0 3 46
8 11 20
0 4 14
23 1 34
20 23 36
10 14 7
2 4 7
19 20 49
19 23 6
22 1 2
22 23 23
4 8 23
23 3 4
21 23 34
12 14 5
9 12 24
1 3 41
15 17 19
22 1 24
23 2 45
10 13 18
2 4 37
1 5 17
5 7 39
13 17 27
22 1 13
0 4 33
8 9 35
14 16 22
9 11 14
9 11 48
22 23 14
11 14 33
3 5 47
1 4 43
21 0 45
14 18 21
21 1 33
2 5 26
3 5 6
19 21 24
3 6 33
16 18 9
19 21 47
11 15 1
19 0 32
9 11 21
22 2 30
15 16 49
18 20 43
17 20 7
23 4 27
22 1 15
14 16 42
18 22 1
19 22 38
9 12 32
23 2 40
18 20 47
7 9 46
1 3 12
9 12 43
19 23 31
8 9 34
23 1 5
14 19 13
13 16 15
12 15 38
14 17 38
14 19 37
18 22 16
9 12 41
5 9 30
23 3 16
14 16 48
16 20 48
0 2 34
6 9 39
22 2 20
5 9 24
8 10 42
11 15 23
19 20 10
4 6 31
12 15 47
7 11 32
11 15 45
11 14 32
19 0 11
14 18 29
22 1 36
22 2 1
19 22 43
11 14 14
13 15 31
4 6 48
22 3 27
4 8 12
20 1 9
12 16 13
20 22 15
2 3 37
12 14 25
1 5 32
18 19 9
16 19 36
5 10 48
8 11 36
10 11 18
3 6 36
7 12 45
10 15 47
9 13 17
4 7 26
7 10 45
2 6 24
7 10 36
10 13 18
20 22 6
21 0 25
2 7 39
16 18 37
17 19 45
5 9 37
5 9 27
17 21 7
5 9 8
11 16 15
0 3 35
4 7 45
11 13 6
7 11 20
1 4 18
17 18 21
20 1 31
4 7 9
22 1 2
8 11 16
21 2 24
10 12 27
1 4 33
11 15 48
14 17 20
16 19 3
15 17 42
21 2 21
1 4 12
0 3 46
19 22 41
23 3 22
17 19 13
4 6 49
7 10 36
11 14 43
10 14 23
1 2 22
6 8 17
22 2 39
9 12 30
15 18 48
2 5 38
15 18 35
7 8 6
15 18 17
14 16 18
18 21 14
4 8 28
12 15 15
22 1 4
13 15 34
19 23 18
18 22 24
19 23 34
5 8 31
4 7 14
2 5 16
12 15 13
23 2 28
1 4 3
13 17 23
12 15 16
13 15 25
9 11 4
19 21 26
9 13 18
19 23 46
23 2 31
9 12 16
13 15 35
1 5 45
1 4 8
5 9 34
12 14 48
7 10 17
18 20 22
10 12 48
5 9 24
4 6 39
0 3 43
22 0 37
7 10 6
12 16 14
10 12 28
19 22 34
13 18 41
11 14 27
11 14 34
15 19 11
3 6 16
14 16 42
2 4 3
19 22 14
9 14 42
15 20 27
17 20 40
2 5 47
13 16 3
17 21 32
1 5 22
22 1 8
5 8 24
0 2 3
3 5 49
1 5 12
9 12 42
11 14 35
10 14 1
15 20 20
11 16 21
16 19 34
5 8 12
0 4 33
0 2 14
11 13 21
20 22 48
4 7 42
21 0 5
22 2 41
9 12 11
18 23 6
22 0 39
8 9 38
8 10 24
3 6 5
0 2 40
11 13 47
21 0 29
5 9 27
14 18 35
17 21 3
17 22 17
15 18 47
19 22 23
16 19 36
22 3 9
21 2 11
12 14 27
9 13 30
14 17 28
10 13 41
18 21 33
21 23 34
13 16 22
13 17 39
11 13 39
5 7 6
16 16 20
15 17 25
4 7 25
0 2 20
17 21 4
20 23 8
20 23 4
6 9 35
9 13 36
19 21 9
23 0 27
8 11 29
9 13 34
2 5 34
15 18 25
10 13 28
17 20 8
20 0 44
6 9 43
20 23 3
7 10 1
7 10 11
20 23 46
18 0 22
22 1 31
3 6 41
8 12 27
10 13 37
23 3 9
14 17 23
15 17 36
0 1 15
1 5 7
16 18 22
13 15 27
19 22 31
0 3 23
9 10 6
2 4 16
11 14 46
22 2 1
17 20 39
14 18 3
21 0 2
7 10 48
1 4 13
6 9 45
18 23 29
17 20 7
1 3 45
16 21 43
18 22 20
16 19 21
3 8 32
21 0 4
7 11 11
14 18 48
0 3 41
5 7 12
19 0 24
11 16 5
21 0 24
22 1 39
7 11 1
7 9 20
17 20 34
22 1 3
9 12 5
16 18 37
17 22 31
8 10 46
1 3 44
15 17 36
23 2 1
13 16 47
21 23 14
13 16 34
3 8 13
17 21 24
20 2 3
16 19 33
16 19 34
15 17 25
12 15 22
14 17 1
6 8 3
6 9 6
22 2 23
1 5 46
21 0 13
2 5 4
1 2 22
1 1 18
2 5 14
2 5 14
20 23 40
0 3 36
6 9 14
10 12 10
19 22 35
15 19 16
10 14 14
22 1 44
17 21 25
12 15 3
17 18 48
15 18 41
3 6 26
0 4 28
10 13 7
9 12 29
22 23 22
10 12 40
3 7 32
11 13 20
1 4 49
16 18 24
11 13 5
2 5 3
13 15 38
0 4 45
20 22 28
1 3 10
2 4 10
14 16 43
1 3 19
8 10 25
0 4 4
5 10 48
7 10 38
19 21 13
7 11 1
7 10 2
14 15 24
21 22 14
6 9 39
16 19 14
19 1 34
13 16 12
16 18 35
19 21 27
3 6 21
1 3 44
15 18 41
16 19 19
19 21 4
13 15 31
15 18 41
1 4 33
0 4 27
4 8 37
2 5 26
12 16 32
4 9 21
5 9 31
8 11 27
5 8 38
22 1 14
3 5 15
9 13 39
18 21 16
17 21 7
17 20 40
8 12 1
14 17 21
5 9 31
23 3 12
10 14 18
22 2 3
12 16 5
2 3 20
18 20 19
9 11 21
6 9 41
18 22 46
0 3 4
17 20 6
1 4 35
9 12 1
12 17 16
19 23 38
15 19 14
21 0 20
19 21 30
1 3 42
18 21 23
12 14 9
20 22 18
2 6 40
6 9 19
18 20 28
23 2 42
5 9 29
4 6 35
16 16 49
5 6 23
16 20 19
12 15 39
23 3 36
14 20 22
12 16 3
4 7 8
20 0 49
5 8 19
3 5 18
21 1 29
7 9 31
18 20 32
14 19 46
12 15 42
0 3 29
16 19 29
23 2 16
23 4 20
18 21 22
21 23 48
14 17 27
1 5 37
22 1 20
23 3 3
8 11 3
1 4 19
2 6 44
23 0 28
20 23 27
5 8 36
3 6 41
4 6 18
21 0 21
4 5 49
3 7 25
19 21 44
21 0 10
5 8 47
0 3 3
7 10 25
18 22 29
16 18 1
13 17 3
16 17 1
21 0 25
16 20 20
19 23 46
0 2 15
19 21 27
5 10 31
18 21 4
20 2 16
9 13 4
18 20 1
13 16 13
7 10 10
9 13 49
4 9 35
19 22 44
3 5 2
3 6 39
23 2 16
9 13 9
15 18 5
21 2 11
3 6 17
10 14 26
1 4 9
15 19 44
0 3 48
13 14 39
3 5 34
6 9 8
22 1 48
12 16 30
19 23 34
8 12 48
18 20 16
19 0 40
2 6 28
12 12 35
23 1 23
22 1 28
20 1 17
10 15 40
18 23 37
21 1 32
7 9 48
20 23 43
8 11 10
6 8 7
21 23 35
6 9 41
6 9 20
19 23 20
0 4 34
8 11 46
13 16 12
9 11 25
17 21 29
22 1 30
11 16 36
13 16 23
18 21 7
18 20 37
11 14 30
3 6 32
4 7 8
4 6 7
3 8 39
1 5 24
3 6 32
5 10 20
19 23 3
22 0 33
22 1 45
15 17 19
15 17 17
16 20 35
18 22 48
11 15 23
5 8 26
1 2 9
1 4 11
23 3 1
0 2 14
15 20 48
12 14 48
0 1 42
23 1 24
6 8 6
1 4 30
11 14 16
13 15 24
20 23 21
2 6 10
13 17 49
8 13 7
17 21 45
10 13 16
9 12 21
16 18 27
11 15 31
23 3 48
19 21 2
20 21 15
15 18 12
18 21 48
5 9 25
22 1 28
15 18 16
13 16 9
21 22 18
4 6 2
22 2 17
3 5 17
22 3 20
14 16 29
23 1 15
19 22 38
3 8 29
4 6 9
21 2 38
6 10 46
8 12 2
21 23 3
17 19 43
6 10 40
11 15 32
8 10 25
12 17 16
19 22 15
5 8 10
10 13 46
10 14 26
13 16 22
22 0 2
1 3 46
17 21 27
1 4 38
9 11 47
22 2 1
12 15 26
0 3 31
20 0 12
20 23 9
8 9 21
13 15 29
19 23 29
11 13 20
10 14 5
12 17 42
5 10 29
20 23 24
21 0 47
9 12 6
16 19 29
14 18 22
11 16 3
5 9 19
22 1 27
12 16 19
16 18 23
0 2 29
0 3 4
21 0 6
13 14 49
8 11 11
19 23 14
6 8 1
0 1 14
15 18 19
3 6 9
16 19 15
15 19 16
18 20 28
6 8 28
10 14 34
8 11 6
6 7 20
12 16 18
6 12 16
5 7 10
14 16 22
17 18 13
6 9 13
14 18 28
23 2 12
1 4 29
16 21 3
2 4 46
13 17 31
1 4 40
8 12 2
20 22 20
4 5 21
3 5 47
9 12 37
13 15 30
19 20 30
23 1 41
3 5 31
15 19 25
20 23 5
8 11 39
7 10 10
6 8 49
19 22 41
16 20 11
7 8 49
7 11 29
7 10 28
22 1 27
2 4 31
14 17 18
17 20 1
4 7 29
14 16 21
2 5 1
3 7 15
21 1 24
0 4 6
18 20 37
17 20 49
11 11 11
7 9 5
23 1 28
15 20 22
15 17 23
9 13 14
16 17 42
8 11 20
18 0 25
14 17 13
2 5 5
20 22 29
3 7 47
0 4 29
20 22 4
21 0 12
17 20 4
5 9 15
0 4 43
9 13 5
9 11 28
7 9 25
7 10 4
19 22 18
15 18 2
19 22 39
10 15 4
16 20 29
8 11 14
4 7 48
15 17 10
9 14 16
7 8 30
12 16 5
22 1 29
19 23 41
6 9 23
14 18 44
6 9 3
8 12 35
16 19 34
5 9 22
0 3 45
17 20 12
2 6 11
17 19 25
11 14 38
2 4 34
15 18 44
2 4 17
3 7 9
0 3 44
10 13 12
1 3 42
16 19 30
16 19 3
15 18 26
1 4 31
6 8 41
19 22 7
12 16 21
19 22 23
16 19 19
3 6 20
11 15 33
11 14 30
15 19 43
18 21 44
18 20 49
19 21 14
6 9 43
14 16 31
8 10 3
12 14 13
3 6 15
14 18 35
9 12 45
23 2 49
14 17 17
17 19 2
7 10 4
6 10 45
12 16 22
21 22 39
8 12 49
18 21 4
23 1 13
1 5 43
2 5 25
5 6 41
18 21 6
5 8 17
22 1 7
11 14 16
19 23 3
12 16 27
9 12 29
6 9 11
4 7 6
1 5 47
6 9 22
3 7 16
10 12 38
12 14 15
13 15 22
5 8 48
14 17 22
17 20 43
21 0 14
6 8 46
21 0 10
15 17 36
5 8 24
9 14 16
15 18 25
10 14 34
19 23 26
6 7 13
21 1 44
13 16 2
18 22 49
4 8 20
3 6 42
1 6 43
9 12 20
6 8 49
6 8 17
7 9 21
3 6 17
16 19 12
9 13 35
12 15 49
20 23 13
12 15 22
22 1 11
22 1 47
6 9 6
8 11 40
3 5 21
19 23 20
22 1 21
12 15 22
17 21 38
18 22 15
22 23 19
6 7 33
4 7 27
5 7 41
11 15 43
23 0 27
23 3 37
5 10 18
18 0 30
9 14 6
6 9 26
0 2 27
2 5 40
21 22 39
20 0 32
11 12 2
1 5 42
7 11 28
12 17 24
0 4 32
4 7 20
8 12 44
