4000 28
25 3 22 19 22 23 1 27 2 15 23 18 13 27 19 16 19 15 11 19 21 14 4 28 2 8 2 14 
8 11 8
23 2 19
13 17 17
4 8 12
21 1 17
12 15 26
20 0 18
5 9 8
8 14 8
4 9 14
18 20 16
2 5 22
12 13 4
22 2 9
21 0 4
17 20 14
0 3 4
21 23 4
7 11 9
14 18 25
19 21 13
15 18 7
14 16 10
15 16 2
0 6 6
6 9 21
1 4 28
17 21 1
13 15 11
15 18 2
5 7 27
23 3 7
8 10 4
19 22 16
21 22 15
9 12 6
7 9 22
10 14 15
18 21 22
22 2 26
2 5 7
23 0 5
14 18 25
15 18 17
12 15 19
20 23 16
8 10 1
9 13 12
2 7 4
9 12 18
20 1 9
4 8 2
3 7 4
4 7 9
2 5 20
0 3 15
3 5 17
18 22 27
22 2 3
10 14 22
1 3 22
3 6 24
10 14 26
19 22 13
23 2 26
12 15 24
8 11 3
4 5 3
5 9 17
12 16 28
8 11 22
18 21 22
18 22 12
11 15 3
0 4 23
19 23 5
6 10 9
4 7 10
0 4 24
5 9 21
7 10 21
18 21 25
10 12 21
4 6 5
20 22 21
11 15 18
8 11 17
9 12 6
1 4 10
12 14 2
18 20 19
13 17 5
6 9 18
23 2 28
17 20 8
15 19 9
4 5 17
17 20 27
5 6 26
2 6 18
20 20 19
12 17 16
21 0 28
14 18 25
22 0 5
12 12 18
5 8 7
20 22 20
13 15 1
13 14 4
19 23 7
4 5 20
10 12 17
23 2 14
5 9 18
13 16 1
4 7 13
6 10 3
22 3 3
9 11 17
19 0 8
4 8 22
9 13 10
8 9 5
13 14 25
11 15 1
9 12 15
6 10 20
12 14 23
15 18 22
7 10 22
7 10 21
1 3 1
23 3 9
16 16 5
21 0 19
7 9 4
22 0 5
7 10 27
22 2 13
0 4 3
4 7 5
10 11 26
18 21 28
7 10 7
13 17 21
6 11 20
15 17 26
16 18 28
6 10 10
18 21 24
6 9 5
21 1 27
10 14 8
11 12 28
13 14 27
23 1 27
1 5 23
18 22 15
3 6 26
21 1 3
20 23 2
0 3 19
20 23 13
19 22 6
17 19 7
8 12 16
11 14 8
12 14 23
23 0 27
2 6 12
2 5 8
14 18 22
10 14 25
14 16 27
0 2 6
5 8 15
7 10 5
2 3 8
3 5 22
0 3 7
0 4 19
0 3 5
10 11 12
20 23 19
22 1 24
18 20 14
15 18 17
17 19 13
16 20 16
11 15 15
3 7 4
19 23 8
19 0 23
3 6 18
5 8 21
10 13 10
15 19 3
6 10 24
13 15 6
6 11 12
12 14 27
2 5 11
8 11 10
16 16 17
7 10 25
5 7 4
13 16 20
20 0 14
20 0 12
5 8 16
18 22 16
12 14 22
6 11 17
14 17 24
10 12 8
20 0 15
10 14 5
22 2 14
0 3 25
22 2 27
16 20 5
20 22 7
19 22 21
13 16 4
15 19 1
20 0 4
2 4 26
13 16 20
5 10 27
21 0 21
9 12 28
5 9 28
11 13 17
4 7 18
1 5 8
3 5 14
12 14 16
20 23 11
13 15 2
16 19 1
23 2 25
18 22 12
21 23 26
5 8 27
17 19 17
0 3 28
9 12 14
4 7 24
2 5 12
0 4 8
3 5 9
8 12 18
2 5 4
23 1 4
11 15 19
0 3 17
15 17 24
9 12 4
22 1 7
14 18 3
22 2 22
5 7 20
3 6 22
16 20 19
4 6 15
2 5 27
8 11 1
19 22 18
16 18 15
18 21 12
1 3 3
14 18 23
5 7 22
7 10 25
3 5 5
8 11 20
6 9 23
7 10 22
23 2 10
2 5 21
3 5 23
8 10 14
16 18 5
6 11 21
14 18 19
12 14 22
23 3 16
20 0 6
17 20 16
22 3 27
10 13 28
14 15 17
9 13 20
2 3 20
22 2 27
7 9 7
12 13 22
16 21 20
3 5 10
3 6 1
12 14 5
13 15 19
19 22 1
3 7 4
14 17 11
6 7 20
23 3 23
22 1 6
23 2 19
4 8 14
23 3 1
16 18 25
19 22 9
4 7 4
1 4 17
16 18 9
1 4 19
15 18 15
12 14 27
1 4 15
3 4 1
20 23 18
14 17 4
10 15 1
2 5 2
6 9 17
14 17 1
2 6 17
21 1 12
1 5 24
5 8 21
5 9 10
3 5 25
0 3 1
17 21 24
14 17 4
16 20 18
2 6 3
21 0 22
5 10 19
9 12 5
3 6 5
1 4 12
17 19 27
11 13 24
15 19 19
3 6 11
6 9 16
6 9 28
4 7 3
22 1 4
21 0 24
5 8 9
23 2 25
16 20 15
5 7 13
20 0 6
15 19 11
3 7 4
4 7 23
2 3 23
6 8 2
14 18 17
19 20 2
16 16 14
22 2 2
0 1 16
0 2 19
13 16 6
21 0 27
20 0 6
23 3 3
7 10 14
6 11 21
16 19 21
18 20 22
7 9 15
4 8 20
0 4 27
21 0 20
13 16 3
5 7 25
1 1 25
21 23 2
12 14 8
21 23 27
6 9 15
15 17 11
15 20 19
20 22 7
9 13 15
3 5 19
0 4 28
20 0 25
14 19 19
2 4 8
14 18 28
2 5 8
2 5 16
20 1 14
5 8 27
3 6 22
7 9 14
14 18 4
21 1 17
9 12 22
4 6 7
23 2 2
20 22 20
18 22 17
3 7 7
4 5 17
2 5 10
6 9 17
10 14 1
21 23 27
16 20 16
18 20 21
18 21 22
5 8 22
16 21 13
21 1 27
15 18 16
22 1 14
1 3 24
19 21 24
14 16 26
16 19 28
2 5 10
3 8 8
21 0 7
19 21 13
1 3 6
0 1 16
4 8 25
21 0 14
9 11 10
23 1 10
17 19 2
7 10 1
9 10 7
18 23 8
17 21 11
22 0 12
0 3 6
20 0 11
7 11 20
0 2 14
8 12 2
4 8 9
9 12 24
19 23 4
1 5 1
13 14 9
8 11 5
16 18 6
11 16 13
15 19 14
16 19 10
9 12 18
20 23 18
1 3 16
3 5 4
9 11 20
9 13 1
7 9 18
1 4 15
10 13 16
23 2 27
16 19 4
1 4 12
8 12 3
7 9 15
21 1 23
16 20 23
11 14 23
14 15 12
20 23 22
5 9 10
17 20 2
4 6 10
6 9 17
21 0 1
4 8 23
0 1 22
21 0 27
16 20 11
14 17 6
8 11 4
3 8 22
0 5 21
16 18 12
18 21 7
0 0 5
22 23 14
18 21 11
11 15 9
21 1 18
15 19 20
8 9 19
18 21 19
23 2 6
7 11 16
22 2 15
16 19 11
21 23 5
20 23 4
9 12 28
17 23 22
12 14 7
15 19 28
15 19 20
14 18 12
18 22 3
13 17 1
6 10 20
3 5 6
23 1 23
3 7 13
13 17 16
21 0 24
10 14 18
4 7 8
7 9 13
5 9 11
2 6 4
11 15 7
18 20 20
13 17 28
13 15 6
4 7 19
6 10 11
18 21 21
6 9 21
17 20 24
10 12 8
4 8 17
3 7 14
6 10 7
18 19 15
15 19 19
21 0 17
7 10 7
10 12 8
23 2 26
1 5 7
18 22 24
16 19 6
2 4 26
3 7 5
4 7 9
5 8 18
4 6 6
2 4 19
22 1 14
16 19 20
10 13 6
3 6 14
18 21 24
11 15 6
13 16 28
7 9 4
21 22 1
7 10 12
13 17 13
10 11 12
8 10 15
20 0 2
16 18 20
17 21 20
0 1 23
13 17 21
3 6 15
7 10 3
4 7 17
16 20 3
1 4 18
1 6 16
4 7 23
1 4 19
16 19 12
22 1 5
2 6 17
7 10 5
3 5 12
16 19 2
18 23 10
11 14 17
12 16 17
2 5 27
4 7 6
11 14 8
5 8 26
13 17 18
4 8 26
12 15 20
0 4 10
22 0 17
1 4 18
21 23 11
1 2 26
11 13 23
11 12 25
6 9 23
10 13 28
0 2 17
23 1 25
20 23 24
4 6 4
6 10 3
15 17 18
6 7 2
17 18 22
22 2 27
2 6 28
2 6 26
16 18 15
5 8 7
9 12 19
5 9 20
21 23 25
16 19 5
23 2 1
22 2 9
18 20 17
19 1 21
3 6 25
1 4 17
2 6 10
12 16 3
17 18 9
0 3 24
12 13 24
23 5 3
20 0 1
16 21 26
8 11 24
12 14 24
10 13 21
11 14 14
8 10 20
20 0 2
21 0 28
2 6 21
15 18 20
10 13 27
11 12 11
17 20 13
23 0 8
19 22 16
1 4 2
10 12 19
7 9 25
22 0 10
15 18 25
17 19 15
0 2 17
22 0 11
20 21 19
17 19 2
19 23 28
6 9 1
14 18 12
16 20 10
17 21 16
16 19 20
21 23 9
17 18 13
22 1 24
10 13 27
0 2 13
1 3 11
23 2 3
23 1 9
14 16 24
9 12 18
3 6 3
10 14 9
9 11 26
7 10 13
6 9 19
4 8 6
20 23 24
7 12 22
22 2 13
14 19 19
15 19 20
15 17 18
12 16 9
17 21 11
3 5 27
21 0 27
4 7 1
14 17 26
10 14 10
8 10 23
21 1 13
8 11 16
19 21 2
0 5 24
11 13 7
14 18 19
20 23 13
20 22 27
20 23 11
8 11 26
1 3 1
5 9 24
0 4 2
12 15 28
23 2 20
4 8 22
13 14 8
14 17 14
5 8 23
5 8 24
11 13 12
18 21 5
19 22 5
15 19 19
9 12 25
21 23 26
6 8 21
10 13 23
13 15 19
0 3 8
8 11 13
9 10 14
5 7 4
0 5 16
14 17 10
19 22 22
8 10 27
4 7 20
6 10 24
2 4 27
23 3 3
20 23 15
20 22 25
10 13 21
22 3 8
4 7 25
15 17 23
19 20 11
20 23 4
0 3 23
23 2 25
22 2 16
4 6 3
4 6 2
17 21 8
22 0 28
3 7 14
5 10 2
4 7 7
14 17 26
14 19 3
22 2 6
7 8 9
1 5 19
7 9 6
14 17 22
2 4 23
3 6 24
22 2 6
2 5 3
15 18 16
16 20 14
0 3 8
14 17 11
12 15 15
8 12 9
17 20 2
11 14 28
18 20 11
4 8 23
3 7 21
22 1 10
23 4 24
3 7 8
14 17 18
10 13 14
9 12 1
21 23 14
2 7 16
17 20 19
19 21 28
22 1 16
13 15 27
21 1 2
7 9 23
22 1 7
10 14 11
15 18 26
21 23 20
21 2 15
23 2 7
15 19 15
22 2 5
15 18 18
11 14 20
5 8 24
0 1 3
20 23 2
21 0 11
7 11 5
5 9 18
22 1 25
10 13 24
17 21 2
3 5 3
1 2 24
23 3 8
2 5 26
21 23 27
9 11 1
7 10 24
20 22 28
7 10 28
8 11 18
14 17 26
12 14 25
13 18 3
14 17 6
0 3 21
13 16 7
2 3 21
8 11 18
7 11 27
8 10 19
19 22 17
7 10 6
13 16 21
13 16 17
15 17 18
10 13 28
7 10 23
4 6 27
8 14 17
9 13 20
3 5 5
0 3 23
16 19 6
8 12 5
23 3 14
3 4 21
15 17 28
8 10 2
0 3 23
18 21 13
22 1 3
3 6 27
15 18 15
0 3 13
2 6 9
14 17 25
2 6 20
10 12 4
6 9 26
0 3 21
9 12 8
22 1 5
1 3 9
3 6 28
11 14 12
19 23 12
4 8 7
1 3 7
4 7 10
3 5 6
17 21 28
1 5 10
18 21 7
19 22 28
16 17 26
16 19 6
5 7 22
8 11 2
6 7 11
6 9 17
7 9 7
13 17 26
19 23 5
6 11 4
20 23 3
16 18 4
3 6 22
15 19 9
6 9 14
2 5 3
13 16 24
20 23 5
3 4 14
4 7 3
14 17 23
4 8 2
0 1 9
23 3 12
8 11 15
3 6 12
6 11 25
13 15 3
16 19 27
22 2 17
5 7 12
6 10 13
22 0 20
12 14 12
1 6 24
11 14 13
9 14 7
6 11 2
17 18 14
16 19 5
21 0 3
11 14 1
16 19 10
23 3 25
0 2 24
2 4 26
18 19 16
13 15 16
4 7 25
10 13 16
23 2 16
0 1 7
6 8 12
15 17 20
14 17 13
9 12 18
12 16 3
15 18 14
14 17 27
11 13 18
2 4 16
5 9 18
8 10 20
8 11 14
17 20 6
10 13 24
10 12 15
3 5 19
13 16 22
12 15 17
8 11 8
1 3 4
6 10 21
10 12 13
18 0 24
4 6 2
13 16 27
1 4 22
1 3 5
13 16 9
7 10 19
20 23 25
4 6 28
17 20 3
22 0 14
18 21 12
1 4 12
21 0 10
6 8 6
0 3 10
1 5 21
15 19 27
5 8 7
1 3 15
6 11 4
17 21 23
20 1 25
0 2 10
8 12 19
7 8 9
10 12 20
21 0 3
9 12 8
23 2 1
11 13 21
5 8 16
13 18 24
5 8 4
15 19 19
10 14 1
9 12 15
8 9 3
13 16 22
4 8 12
23 1 25
10 13 21
18 21 23
22 2 19
5 8 7
18 22 21
19 22 15
11 14 23
23 1 7
6 8 6
2 6 22
2 4 9
21 23 23
4 6 27
2 6 1
1 2 23
11 13 2
6 8 19
16 19 26
1 4 7
0 2 11
7 9 26
12 16 28
9 11 20
1 5 24
9 11 24
18 20 11
13 15 27
17 19 12
18 20 12
18 22 2
2 6 17
10 13 17
5 6 15
5 9 11
21 0 14
3 5 22
20 23 10
7 10 22
1 3 18
22 1 7
22 0 22
4 6 11
11 14 12
10 12 27
21 23 28
5 8 17
14 17 21
19 22 18
5 8 1
17 19 24
15 18 14
8 11 6
19 22 20
19 23 12
21 0 5
7 11 6
14 17 26
18 20 2
0 2 16
23 2 5
20 22 27
4 7 19
7 7 23
18 21 24
20 23 14
20 22 26
6 10 17
16 17 26
5 8 15
2 3 22
6 9 2
10 13 4
18 21 18
1 4 26
5 8 7
12 14 24
5 9 22
7 10 6
12 14 6
7 11 19
13 15 11
14 17 12
14 18 26
15 18 27
6 8 14
8 12 6
3 7 13
1 4 17
11 15 15
19 21 10
22 0 14
2 4 19
0 4 23
9 13 28
14 17 23
17 21 14
16 19 16
9 13 13
22 23 1
23 1 13
21 0 2
21 0 11
4 7 24
15 18 21
17 20 4
5 8 21
7 9 27
14 17 23
0 5 5
21 0 1
21 23 10
10 14 7
9 12 17
0 4 21
20 23 13
18 19 4
12 13 9
23 1 8
9 12 26
14 16 28
7 11 14
23 1 18
1 3 5
16 19 10
2 5 6
19 22 12
23 2 18
7 12 23
21 23 11
5 11 1
18 20 6
13 16 9
21 23 2
3 6 15
18 23 16
15 18 20
2 6 5
21 21 21
8 13 13
12 15 3
3 7 16
8 11 4
21 23 14
12 15 19
10 12 20
18 21 2
18 22 2
8 11 1
23 1 20
19 22 12
13 16 18
3 5 3
14 18 5
6 10 18
16 17 11
13 17 22
16 19 2
10 14 20
5 7 27
2 5 5
12 16 2
4 8 15
5 9 15
20 23 22
7 9 5
3 6 16
20 22 10
8 11 21
1 3 12
19 21 12
21 23 27
4 7 9
20 21 12
13 17 27
8 11 22
23 2 28
13 15 24
23 2 7
14 18 18
15 19 3
16 20 12
23 3 22
9 14 9
19 21 20
8 10 25
20 0 6
5 8 21
13 18 10
20 23 18
20 23 8
9 13 23
4 7 7
1 5 23
4 7 27
8 11 4
7 10 1
17 20 11
9 12 15
16 19 12
23 1 7
6 9 11
18 22 9
7 10 27
20 23 16
3 7 7
22 23 2
2 5 24
23 1 9
14 18 2
0 3 7
4 6 17
12 15 17
13 16 19
10 14 1
23 3 10
10 12 18
11 15 12
18 23 24
22 3 4
19 23 13
5 9 24
13 16 25
20 22 21
15 19 4
12 15 6
10 14 28
9 12 6
1 3 20
12 16 23
8 9 14
16 17 21
11 13 12
12 14 15
23 0 23
17 20 27
2 5 13
1 4 21
8 11 25
18 23 5
0 4 7
3 8 8
16 20 16
3 7 7
19 20 21
23 2 26
1 3 4
7 9 8
3 7 6
22 1 4
13 16 23
19 23 28
1 2 22
21 0 4
10 13 5
15 18 23
2 5 9
7 10 19
22 1 8
17 20 11
3 5 13
22 1 21
19 23 24
0 1 9
19 21 17
15 16 12
11 15 15
16 20 20
15 17 11
2 6 20
15 17 22
2 5 17
13 15 19
15 19 13
8 11 1
1 5 11
16 18 19
1 3 10
9 11 19
17 19 19
17 21 26
22 0 17
23 4 3
23 3 14
8 11 8
5 8 13
14 15 21
21 23 2
1 3 6
17 20 27
0 2 18
10 12 11
9 12 21
16 21 21
10 12 14
20 22 26
2 6 7
15 19 16
8 11 22
10 13 15
2 5 28
4 7 15
4 7 11
9 11 13
17 19 9
12 13 7
12 16 8
20 0 11
0 3 10
20 0 25
20 22 26
20 22 3
1 3 21
13 16 22
11 16 16
23 1 26
17 19 16
18 20 15
2 6 4
9 13 23
4 5 14
3 7 24
15 18 6
9 11 16
23 1 12
6 9 12
20 23 25
0 3 22
4 6 8
3 7 3
23 2 28
13 18 28
15 19 27
6 10 14
20 23 27
3 8 19
10 13 8
1 5 15
15 17 8
2 5 23
22 3 26
15 19 18
23 2 14
2 6 13
6 9 4
22 0 6
15 16 8
14 18 7
12 15 19
7 9 2
3 7 21
4 7 14
22 0 28
9 11 25
5 7 17
12 15 1
23 2 4
13 17 15
12 17 22
9 14 7
13 15 23
9 11 21
13 17 9
18 21 28
9 11 20
13 16 14
16 21 27
15 17 25
8 11 22
1 4 28
20 23 22
17 20 21
8 11 16
17 20 7
1 4 25
10 14 2
7 10 24
7 10 7
17 19 17
18 20 6
3 6 2
21 23 23
18 20 20
1 4 1
0 3 5
5 7 5
3 7 6
11 13 8
19 21 20
6 10 21
16 17 18
15 19 26
7 10 9
18 22 21
18 21 18
8 11 10
9 14 1
17 21 17
9 13 11
1 4 5
20 23 21
1 4 14
18 21 17
4 8 14
18 21 9
23 3 8
2 6 6
17 18 1
9 12 20
7 11 27
3 8 22
8 11 8
22 0 25
13 17 17
21 1 14
2 7 11
23 2 16
7 11 22
19 23 16
8 10 7
11 11 23
20 22 15
12 16 19
12 16 4
14 16 14
11 13 14
6 10 15
19 23 5
23 2 22
17 20 14
15 20 8
9 13 23
15 18 27
13 16 24
11 14 25
6 10 10
23 4 18
13 16 25
18 21 4
15 20 21
23 4 12
0 2 26
3 7 18
23 4 9
22 0 10
9 11 17
6 9 27
4 6 26
21 0 24
15 18 2
1 4 15
21 1 5
5 9 4
3 6 27
14 17 19
7 11 19
22 1 12
15 19 12
4 8 9
6 8 3
17 21 16
13 14 1
10 15 25
20 23 19
23 2 1
18 21 28
6 10 6
19 23 12
14 17 20
5 9 18
22 2 8
18 21 27
13 16 11
5 7 1
8 12 21
10 12 5
1 4 15
0 3 9
5 7 23
16 19 6
20 0 4
18 22 28
0 3 8
10 13 5
11 12 13
22 0 19
11 13 7
22 2 9
23 1 8
8 13 5
9 12 21
12 15 26
19 22 5
2 6 10
11 15 6
4 6 28
11 14 17
19 21 13
19 21 4
5 8 8
6 9 15
4 6 27
9 12 2
22 1 5
19 22 14
2 7 22
18 21 6
12 14 23
9 14 11
18 20 28
1 3 12
16 21 22
14 15 1
6 11 14
11 14 12
3 7 23
14 18 25
16 20 28
22 1 9
9 12 23
18 21 16
22 1 7
7 11 17
8 11 14
9 12 24
12 14 21
6 8 9
20 23 7
21 2 8
21 0 1
20 21 9
18 22 1
23 2 22
10 12 3
20 23 8
15 18 3
11 13 25
11 14 21
15 17 12
23 2 9
8 11 21
19 23 15
7 9 16
16 19 25
8 12 9
7 10 1
0 3 18
20 23 2
3 7 18
11 15 11
22 1 10
21 0 21
15 17 4
11 13 15
5 9 14
8 11 17
18 21 17
4 6 5
0 3 15
12 16 23
4 7 25
11 12 4
8 11 26
7 10 7
22 0 22
22 1 18
16 18 10
8 10 27
19 22 5
23 3 25
16 18 7
23 3 4
2 6 13
9 12 5
11 14 3
19 21 5
16 19 12
8 11 6
14 16 7
22 23 12
19 23 24
8 11 27
18 22 8
11 13 16
9 14 21
19 22 10
20 23 16
2 6 25
21 0 21
6 8 7
19 21 20
14 17 18
14 18 20
20 23 27
7 10 24
22 0 15
4 7 5
17 21 5
21 0 26
12 15 14
19 22 1
1 2 26
8 11 20
10 13 9
2 7 23
17 20 26
18 21 27
2 4 7
14 16 17
4 6 16
1 5 11
4 6 25
19 21 13
4 7 25
21 0 18
1 4 23
2 5 27
8 11 11
17 21 18
16 20 13
22 23 9
6 9 17
5 7 8
6 9 21
12 16 17
3 6 24
7 8 7
4 6 14
15 18 20
12 14 22
12 16 5
21 0 9
9 12 3
3 6 7
1 5 11
6 9 25
1 3 1
4 8 25
5 9 28
9 12 18
20 0 14
15 18 18
9 13 26
3 8 21
12 16 1
13 15 1
17 21 13
22 0 13
7 9 26
23 5 11
19 21 27
14 16 4
15 19 9
7 10 15
21 23 12
13 16 4
7 11 14
12 16 16
18 22 9
17 20 1
2 4 19
4 6 14
23 1 24
10 12 11
21 0 13
3 5 4
1 5 22
4 8 14
21 21 7
1 5 15
9 12 25
13 15 19
17 20 21
14 18 14
4 7 7
4 7 13
7 9 1
19 21 16
19 22 8
19 22 27
5 8 22
8 11 8
4 7 7
17 17 8
19 22 26
23 1 5
0 4 17
14 16 6
10 12 20
12 14 27
11 13 2
8 12 1
7 11 14
7 9 11
7 10 10
16 18 23
11 14 25
3 6 13
4 8 22
19 23 23
4 7 2
23 3 24
6 7 15
5 9 3
5 8 28
14 16 21
4 8 13
8 10 24
8 10 16
9 12 13
23 2 11
1 3 11
15 19 19
3 7 1
9 13 19
5 8 9
2 4 16
18 22 10
4 6 9
16 20 12
10 13 15
5 9 3
12 14 24
9 13 28
0 1 6
17 21 26
6 9 9
19 23 2
9 11 12
10 12 15
14 17 28
10 12 25
20 23 4
3 4 25
9 12 16
18 22 3
10 11 8
4 6 20
18 22 25
21 1 4
9 13 3
0 1 2
13 15 16
19 22 4
8 10 16
13 17 25
20 22 3
3 5 9
12 14 16
11 16 7
14 17 22
15 17 7
5 9 28
20 22 4
11 13 5
8 11 1
11 13 26
7 11 4
19 21 1
13 16 6
20 23 16
22 1 26
1 4 13
6 9 3
4 7 25
8 12 7
2 5 7
7 11 27
14 19 14
7 10 3
13 17 24
9 11 6
14 15 11
9 12 8
14 17 5
16 18 13
8 11 28
5 9 28
3 6 19
0 2 15
7 11 12
21 0 21
14 17 16
13 18 13
11 14 28
15 18 9
22 0 13
6 10 4
12 14 27
23 2 21
16 17 22
9 13 1
0 4 19
17 20 4
20 23 16
14 17 11
1 2 26
5 8 24
23 2 12
6 8 14
4 7 13
19 23 22
5 9 2
18 22 3
7 10 7
15 19 2
15 19 17
17 20 22
12 15 1
19 1 21
12 16 2
2 4 6
11 14 13
6 8 12
5 7 8
17 19 8
9 14 13
22 0 4
11 15 22
4 8 24
9 13 12
12 16 22
22 2 24
18 20 17
8 11 14
6 8 7
12 16 5
9 15 11
22 0 11
9 12 7
1 5 11
0 3 12
16 19 11
2 6 21
22 1 12
3 7 2
6 8 16
23 1 22
22 2 21
14 16 7
1 3 13
22 2 13
10 11 12
11 16 16
18 21 7
3 7 24
2 3 3
18 21 7
5 8 3
22 2 26
12 15 2
11 13 10
15 18 17
2 4 13
19 22 4
18 21 2
4 6 8
16 20 5
18 22 4
8 11 26
9 12 12
5 8 16
12 15 5
2 4 24
16 20 1
12 16 5
23 3 12
9 11 17
21 1 2
7 9 3
16 18 19
19 0 25
0 4 23
14 17 3
18 20 9
17 21 18
23 2 5
13 15 7
4 6 22
6 10 5
17 20 17
4 7 28
22 23 15
14 18 18
9 11 13
19 21 21
1 4 21
8 13 2
8 10 27
14 15 22
11 13 20
20 23 21
3 8 28
12 15 13
19 21 23
4 9 11
2 5 4
10 13 5
12 16 23
19 22 13
15 17 3
20 0 6
23 1 27
13 17 6
7 10 26
9 12 8
21 1 4
0 4 25
16 19 5
17 21 7
7 9 24
17 20 12
13 16 4
7 9 14
2 5 1
1 5 26
14 18 27
9 13 20
20 21 13
2 6 21
5 7 1
5 7 5
20 22 27
14 16 9
17 19 11
16 18 18
18 21 1
15 17 16
14 16 12
23 1 21
20 23 17
13 16 21
3 5 7
15 18 20
11 14 25
3 5 9
0 3 17
0 1 19
4 8 14
12 16 15
8 11 8
6 11 28
22 1 8
16 18 25
4 7 5
12 16 4
6 7 22
9 12 1
8 11 7
9 11 22
15 16 10
18 23 4
15 19 23
21 23 13
16 17 11
2 5 21
9 13 2
7 12 7
4 6 20
6 9 16
9 13 6
0 3 24
22 1 4
1 3 5
5 7 23
8 9 14
13 17 1
8 12 4
4 6 6
7 9 24
11 14 21
2 4 19
23 3 15
5 8 18
18 22 21
19 21 27
15 17 10
7 10 11
14 18 6
20 0 28
15 15 9
18 22 24
21 0 24
6 9 18
20 23 23
8 11 18
10 12 28
12 15 1
9 12 26
18 21 28
16 19 1
12 16 7
17 19 28
9 11 11
22 2 20
8 9 18
16 19 21
7 9 25
13 16 10
13 17 14
2 7 15
14 17 12
12 14 18
4 8 2
3 4 21
18 21 20
1 7 16
0 3 16
14 18 20
7 10 12
4 7 27
6 9 16
11 14 15
13 16 28
1 5 17
18 19 5
15 17 18
2 6 21
6 9 26
19 23 26
6 10 2
11 14 1
19 22 12
21 23 25
22 0 27
20 1 17
1 4 17
4 7 15
3 6 25
4 8 27
2 7 6
1 4 7
11 13 16
7 10 24
20 23 14
9 12 9
23 2 2
6 9 25
20 0 2
17 20 2
16 19 26
15 19 19
12 15 4
16 19 19
4 6 28
0 4 10
23 3 23
10 14 2
11 15 5
23 2 1
0 3 1
22 0 12
15 17 12
16 19 21
13 15 28
3 5 22
2 6 15
13 17 23
1 5 6
4 7 16
10 15 13
22 1 5
7 8 27
3 6 11
10 14 6
6 9 5
6 10 4
12 15 20
19 21 12
11 12 17
22 2 13
5 7 28
16 19 23
2 5 25
7 10 27
14 18 25
4 5 20
23 1 8
18 21 12
23 2 19
19 0 9
3 7 25
12 14 27
13 16 9
11 15 25
1 3 18
0 3 14
22 1 25
11 11 3
7 8 22
12 16 1
5 8 25
1 4 18
14 17 12
17 19 20
2 6 23
13 15 23
13 16 11
0 4 9
6 10 22
21 23 1
11 16 17
12 16 24
10 13 16
8 12 21
20 22 15
3 6 26
4 6 17
16 20 21
23 2 24
7 10 9
0 2 5
9 12 8
1 5 7
0 3 12
4 6 7
21 23 4
13 16 1
6 9 27
10 12 3
12 15 21
18 21 8
18 19 3
16 21 15
11 14 21
21 0 6
23 1 23
5 9 15
9 13 3
7 10 27
22 3 1
2 6 27
0 3 28
3 7 4
15 17 25
18 20 6
16 19 17
14 17 28
0 3 13
4 6 17
18 21 21
11 12 12
13 17 17
22 2 13
5 8 6
8 12 23
14 17 6
18 19 3
9 12 7
8 11 21
13 17 8
22 1 4
2 3 12
18 20 25
7 9 27
22 2 16
20 0 2
9 11 4
17 20 1
22 2 14
9 13 5
2 6 12
2 4 17
10 13 25
17 18 19
20 1 15
1 4 5
0 1 10
14 17 1
15 18 26
7 9 21
5 7 9
0 2 5
20 22 8
14 17 14
13 15 8
11 14 21
13 15 28
20 0 2
18 21 1
18 20 16
4 8 16
0 4 11
4 7 21
17 21 25
4 6 3
18 21 1
6 9 15
9 11 15
2 4 8
10 13 26
10 12 11
8 11 11
11 13 15
23 2 7
14 16 24
14 15 3
9 12 24
14 17 5
4 8 1
2 5 6
10 14 17
6 6 4
13 15 9
19 1 24
1 3 6
4 7 6
20 23 26
21 0 2
18 20 20
2 6 5
22 1 23
20 22 10
3 6 10
1 2 14
16 19 27
20 0 20
20 23 19
10 13 8
22 1 5
12 14 13
10 14 14
4 8 18
15 19 26
11 14 6
0 5 12
20 23 4
23 2 21
13 15 20
0 2 15
8 11 3
11 14 20
20 0 28
23 2 5
13 16 15
2 6 1
23 3 10
18 20 9
6 9 23
15 15 19
9 12 17
22 0 2
7 9 18
14 17 16
5 10 27
6 10 5
23 2 12
20 22 18
22 2 17
5 9 6
8 12 12
17 20 28
20 22 21
7 9 3
12 14 25
12 15 13
15 16 16
2 4 24
15 18 25
14 17 3
3 9 20
3 6 8
20 23 14
22 0 23
12 15 23
12 15 9
16 18 27
15 20 21
14 16 6
1 4 21
9 11 15
13 13 8
3 6 23
23 3 21
21 0 23
8 11 6
7 12 11
17 21 5
0 5 12
21 0 26
18 20 18
12 12 27
9 12 19
11 14 20
15 17 9
15 18 23
7 11 3
13 15 4
19 21 10
9 12 2
10 13 8
13 18 16
22 0 23
6 9 26
9 12 4
17 19 1
1 3 6
16 20 19
15 18 10
22 23 10
22 0 6
10 12 28
2 6 28
17 21 6
20 1 13
23 1 9
19 23 26
7 13 8
20 23 21
22 1 15
19 22 27
4 7 24
4 5 19
17 20 15
6 9 14
4 7 1
9 12 9
11 14 25
20 23 1
23 2 9
1 3 15
20 23 1
23 2 23
19 23 4
7 11 2
18 20 2
5 9 18
22 1 5
7 9 21
19 21 15
15 17 3
6 8 15
7 9 7
5 9 25
16 19 19
22 0 5
10 14 11
15 19 6
8 12 24
13 16 27
21 0 22
19 22 13
3 8 16
14 18 13
17 19 22
21 2 9
22 0 11
11 14 14
4 9 21
11 14 23
21 2 23
9 13 26
22 0 13
12 15 2
6 8 18
4 8 7
18 22 9
2 4 11
16 19 23
13 17 20
19 21 6
6 8 10
19 21 28
13 17 13
8 10 12
20 23 23
6 9 12
1 4 10
21 1 28
23 2 11
6 9 20
18 20 10
1 5 22
13 16 9
13 16 25
18 19 13
22 0 6
15 18 23
2 4 17
9 14 17
15 19 14
0 3 11
7 10 11
19 22 10
16 21 26
18 22 23
8 11 1
23 0 6
9 11 17
8 11 26
18 21 19
4 7 7
8 11 21
23 2 18
2 5 13
21 23 20
16 19 4
12 14 21
7 10 20
1 4 5
5 5 10
7 10 6
13 17 14
23 2 20
9 14 16
12 15 17
17 20 26
16 17 17
8 12 8
7 11 24
2 5 6
8 12 15
13 14 3
5 7 21
21 0 7
7 9 14
22 1 17
14 16 23
20 0 24
4 8 18
20 22 1
20 23 2
17 21 16
19 21 27
13 17 28
6 10 24
17 22 12
1 1 3
8 10 11
13 15 20
4 7 16
20 22 14
20 23 17
2 5 4
20 23 6
8 11 2
23 2 6
6 9 24
23 2 12
1 6 27
9 12 17
6 11 27
10 12 26
15 18 2
11 15 24
0 1 15
11 14 24
12 15 6
23 2 13
4 6 14
4 8 5
16 21 1
12 16 11
23 1 9
4 6 18
14 16 22
11 13 14
23 1 28
21 0 6
5 9 21
12 15 4
11 14 15
19 0 15
1 4 26
11 14 3
5 8 15
16 20 25
5 7 2
2 5 28
9 10 1
13 18 7
16 18 7
9 12 2
3 5 9
22 2 24
18 21 10
1 4 18
4 8 17
4 7 24
9 13 21
16 21 23
20 22 28
0 3 7
3 8 4
2 5 24
17 22 25
1 4 4
10 13 4
7 11 12
22 0 8
22 0 13
21 1 12
13 15 27
8 12 27
13 16 15
19 23 11
13 18 20
15 18 25
0 2 23
4 7 6
23 3 20
22 0 21
1 4 25
1 4 6
5 8 26
3 6 26
19 22 4
22 2 28
12 16 18
18 20 17
9 12 16
15 19 12
2 5 20
7 9 25
23 1 3
5 7 10
12 16 2
5 7 20
7 10 14
2 5 25
10 12 13
21 1 7
10 12 9
20 23 17
8 11 19
7 11 25
2 7 22
3 6 25
22 1 23
2 4 19
11 12 16
9 11 24
13 16 8
17 19 5
13 15 27
4 7 6
14 18 28
1 4 8
20 0 18
11 13 23
10 14 14
16 20 3
23 2 20
8 10 1
9 12 20
15 17 9
22 2 20
22 1 14
15 18 6
7 9 10
10 13 25
3 5 1
8 12 25
11 14 19
13 17 9
13 16 1
3 6 8
16 18 14
4 6 14
17 20 27
10 13 10
15 19 8
18 21 12
22 1 10
16 19 16
8 8 17
0 3 28
8 11 23
18 20 18
15 18 28
6 10 6
14 17 28
2 7 10
0 4 20
13 16 18
3 5 16
17 19 4
5 7 27
19 22 3
15 18 2
21 23 27
14 17 11
21 22 5
23 3 11
1 3 26
0 2 6
12 14 25
6 9 21
23 3 27
2 4 21
4 6 5
18 22 19
19 21 19
4 7 20
12 15 6
5 7 22
3 5 25
21 1 5
19 23 2
21 1 11
7 11 6
12 16 20
15 17 25
2 6 27
14 19 27
15 17 4
16 19 26
11 13 6
12 15 10
1 3 4
12 16 8
4 8 4
6 10 6
15 18 21
14 16 1
10 14 12
10 13 20
19 22 4
8 10 3
7 9 14
21 2 10
18 22 1
13 15 26
14 16 26
7 9 3
19 23 18
9 14 28
22 0 14
11 15 13
14 17 20
11 14 3
16 21 10
8 11 18
7 11 12
13 15 23
14 17 9
7 9 20
0 4 7
23 5 7
19 22 18
2 3 14
15 18 5
5 9 28
9 12 14
3 4 3
20 23 7
12 15 28
6 9 21
13 15 11
21 22 10
9 12 19
3 5 20
21 1 19
5 8 26
18 23 7
22 1 16
14 18 2
16 18 8
5 9 4
12 14 16
8 10 8
2 5 28
8 11 2
11 13 6
2 6 22
11 13 28
5 8 10
14 17 6
13 15 8
20 23 1
6 8 11
14 18 28
18 20 19
12 17 18
14 17 10
17 21 28
18 19 26
21 1 7
8 12 8
2 6 18
13 16 28
22 0 25
5 9 2
3 5 25
20 23 22
14 17 18
20 21 17
7 8 1
23 3 5
12 14 14
8 11 6
5 7 1
21 23 1
1 3 1
16 17 2
7 12 1
9 12 22
21 0 3
14 15 5
21 1 28
20 23 13
0 3 6
18 20 24
9 12 21
8 9 6
15 17 21
7 11 8
18 20 18
23 2 8
17 20 9
4 8 3
3 4 14
22 2 1
22 0 18
17 21 17
14 17 11
6 10 1
9 12 25
23 0 13
21 23 19
19 22 16
10 12 25
14 17 5
22 0 14
19 23 5
23 4 2
6 8 14
15 20 18
11 15 3
16 19 16
12 14 9
21 1 20
19 21 7
11 12 9
0 3 7
11 13 1
21 23 15
16 19 19
1 5 10
4 6 20
22 0 20
10 12 20
9 10 15
19 22 1
13 15 26
1 4 9
5 10 3
14 15 11
15 18 4
8 12 1
3 7 1
18 21 7
12 14 10
3 6 8
17 20 15
15 17 15
21 23 4
4 8 23
6 9 19
21 22 3
13 15 27
3 7 16
12 15 14
23 0 4
9 12 19
16 18 28
13 15 1
10 15 1
5 7 22
15 16 9
2 5 18
13 17 3
20 1 6
16 18 24
9 14 24
16 18 2
20 0 11
22 1 21
7 9 3
19 23 14
17 20 8
17 21 15
15 17 17
0 2 22
4 7 27
11 13 28
8 10 18
17 19 26
3 6 12
23 2 20
3 4 6
1 6 24
19 22 19
20 1 11
17 18 17
14 17 25
21 0 20
19 22 25
9 12 20
16 19 20
6 7 25
1 6 16
4 6 23
10 14 25
11 16 13
12 14 8
4 8 28
10 14 8
15 17 19
19 23 11
17 18 27
21 0 2
22 23 6
23 1 18
9 12 2
21 1 2
10 14 8
8 10 25
19 22 3
1 2 9
23 2 10
10 11 22
15 17 17
13 16 4
11 15 13
8 12 19
9 10 5
20 21 13
15 18 7
21 2 5
17 20 11
4 10 26
14 16 15
18 21 26
18 21 12
4 7 12
22 23 6
9 12 7
22 0 11
19 22 10
12 15 12
21 0 25
10 14 22
1 4 2
17 21 4
8 13 3
17 20 12
6 9 8
17 21 2
7 10 23
12 15 16
8 12 25
15 15 22
17 21 9
22 2 20
23 2 21
7 10 12
19 21 15
11 15 14
18 0 8
20 0 23
13 17 12
0 3 9
7 10 9
18 20 28
10 14 28
17 20 23
6 12 9
21 1 8
6 10 2
9 11 19
20 23 21
6 9 8
21 2 21
20 0 2
9 12 22
15 18 15
6 9 21
17 22 11
17 20 20
22 1 27
20 23 3
5 7 13
23 3 22
19 22 20
7 9 24
17 20 26
20 22 23
3 4 21
21 0 2
4 6 27
6 10 17
2 4 18
1 3 7
16 18 5
15 18 11
7 10 4
21 23 16
7 8 23
9 12 8
7 11 19
9 13 15
23 3 23
11 14 11
3 6 6
12 14 16
2 4 28
19 23 15
11 15 13
6 8 7
21 23 26
8 10 18
10 14 5
17 20 18
0 3 17
4 8 16
22 1 12
0 3 22
3 8 21
17 19 22
1 3 12
0 4 6
15 18 26
23 4 11
10 13 26
3 6 6
22 0 4
22 0 17
11 14 27
20 23 11
8 9 7
14 17 12
22 1 8
17 20 25
12 15 23
20 23 15
18 22 4
15 19 22
15 18 4
9 12 16
18 20 10
0 2 15
16 19 14
1 5 19
19 23 8
18 18 10
1 5 23
18 21 25
22 0 3
17 19 15
12 15 17
21 0 11
11 12 9
13 17 6
12 15 6
13 17 11
14 18 7
15 18 10
5 8 9
20 23 1
18 21 20
13 17 16
16 20 20
12 15 21
22 0 11
21 23 9
6 10 20
2 4 1
0 3 7
0 3 11
11 13 9
15 14 15
22 2 2
14 17 1
0 2 12
2 5 23
0 4 27
9 11 14
13 16 22
10 13 2
22 2 8
16 19 8
22 1 7
22 2 26
4 7 8
19 23 20
13 16 9
13 17 11
23 3 22
14 17 24
2 4 15
17 21 17
10 11 20
5 7 21
15 17 23
10 13 9
8 11 1
4 7 4
23 3 21
21 22 26
23 2 24
23 2 9
21 22 2
16 18 15
2 6 10
12 15 2
11 15 12
16 18 6
13 16 6
14 17 22
0 1 24
15 18 14
20 23 16
20 22 2
22 2 19
2 5 28
22 0 8
13 18 6
2 4 13
5 6 17
21 2 14
12 14 15
19 23 20
0 2 19
4 7 15
20 21 18
1 4 11
11 14 22
21 1 25
2 6 17
6 11 25
13 16 4
4 7 14
8 10 18
22 0 27
15 17 17
10 12 23
21 23 6
9 14 28
6 9 4
8 13 24
15 17 25
1 6 1
5 8 4
15 16 17
21 0 3
11 15 8
0 3 27
8 11 5
10 12 1
12 14 10
10 13 25
16 18 11
2 5 27
5 10 27
13 15 10
5 7 15
14 16 21
3 7 18
6 10 14
6 9 17
12 15 19
13 15 22
1 4 19
11 14 17
13 16 8
6 10 14
20 23 26
15 19 25
23 0 1
2 2 4
8 10 2
17 20 2
21 23 24
4 7 18
9 13 11
6 11 23
22 1 4
8 9 16
17 20 11
23 1 17
5 9 19
10 11 4
23 4 6
22 23 2
5 9 25
13 15 6
15 18 14
21 23 14
13 15 6
1 3 28
9 11 28
11 14 24
2 6 3
6 10 16
20 0 6
10 14 28
8 10 16
15 19 23
23 3 3
22 2 14
2 6 10
7 9 13
4 8 19
18 0 25
1 5 8
0 2 13
20 22 13
5 7 25
16 19 8
18 19 23
21 3 26
17 21 24
8 12 6
10 12 5
12 15 6
13 15 18
2 4 23
2 6 20
23 2 1
12 15 28
19 22 9
21 0 3
0 2 4
4 7 6
5 7 7
15 19 21
20 0 8
21 0 28
4 7 6
19 22 23
8 11 25
22 4 20
15 17 6
21 1 1
20 23 23
7 10 20
20 22 23
8 11 11
15 18 21
17 20 19
22 0 6
11 13 28
0 4 22
10 14 21
2 5 2
4 8 4
18 21 10
4 6 14
13 16 22
6 10 20
21 23 8
21 23 12
5 6 7
13 15 7
15 19 27
13 17 16
5 7 13
15 18 18
15 18 12
18 20 15
0 1 20
3 6 1
8 10 5
21 1 19
6 9 24
9 13 28
4 8 5
11 14 7
9 11 4
23 3 23
2 5 23
9 11 25
8 11 15
4 6 10
11 14 9
3 7 28
8 10 10
10 12 23
1 5 25
5 8 20
17 21 2
10 14 22
7 10 8
2 6 9
3 5 2
20 23 20
5 6 24
4 7 8
0 2 14
21 0 7
4 8 24
8 9 17
11 15 12
22 0 9
13 18 18
23 2 3
22 0 19
5 8 22
9 10 27
9 12 13
12 14 15
1 2 2
22 2 6
12 17 9
22 0 14
21 1 13
9 13 4
3 5 16
4 8 2
19 22 27
20 23 25
6 10 8
8 11 20
19 21 4
15 18 17
3 7 13
21 23 23
11 13 15
5 8 3
9 12 13
13 16 20
22 1 9
15 15 12
7 9 27
2 4 6
17 19 8
14 18 23
4 7 21
18 22 24
4 9 11
5 8 2
6 9 16
6 8 6
11 16 18
4 6 13
16 19 12
1 3 15
6 8 24
0 3 26
1 2 13
13 16 16
2 4 10
5 8 23
0 4 8
12 16 14
0 2 13
0 3 24
12 15 2
23 3 14
17 21 3
16 20 4
14 19 24
23 3 8
10 16 17
6 8 28
5 9 8
1 4 5
16 16 27
21 1 22
4 6 22
11 12 14
19 23 2
22 2 19
16 19 6
11 13 24
10 13 4
22 2 5
15 17 5
7 10 17
4 6 7
23 2 23
14 17 3
12 16 18
12 15 26
1 5 12
9 11 28
20 22 22
18 19 7
11 11 21
8 12 11
23 2 15
19 22 3
6 8 19
10 13 28
6 10 13
19 23 4
20 22 22
13 16 11
20 23 27
10 10 3
18 19 11
20 1 24
15 18 8
20 1 14
19 22 15
16 20 10
1 4 1
19 22 7
5 9 7
1 4 24
8 10 27
3 5 9
17 20 5
14 15 2
14 16 6
23 3 9
22 1 23
10 12 23
4 5 15
18 21 4
5 8 16
4 8 22
10 13 10
12 15 17
14 17 8
16 20 3
4 7 17
16 20 16
0 4 24
0 3 26
10 13 12
7 10 19
1 5 2
20 23 17
23 2 19
16 19 21
14 19 23
7 10 5
14 17 19
7 11 21
22 1 19
6 9 28
21 0 11
7 11 20
4 7 19
14 17 19
11 14 7
11 17 14
6 9 2
7 11 17
12 16 18
23 2 26
5 8 15
22 1 13
0 3 24
10 11 15
0 3 28
13 15 5
21 1 9
18 21 18
0 3 16
21 0 9
5 8 17
0 4 5
5 6 2
4 6 16
20 0 27
7 10 6
4 8 27
20 0 11
13 17 11
22 3 17
10 13 8
18 22 19
16 19 19
0 2 10
5 9 17
21 0 5
5 8 15
10 14 9
12 15 26
15 18 23
1 4 8
23 2 4
18 22 27
0 3 14
3 6 19
5 7 17
17 19 22
18 20 21
9 13 13
16 19 11
22 3 14
3 7 23
6 9 23
11 13 16
5 8 24
17 20 4
0 2 4
9 10 15
8 12 11
3 6 26
7 10 21
2 6 6
13 15 9
7 10 17
16 19 1
14 17 18
23 2 1
0 5 3
1 7 10
16 20 20
16 20 10
13 17 20
15 19 25
20 23 8
0 3 14
20 22 19
19 21 5
17 21 28
11 13 8
19 21 6
20 23 28
4 5 22
8 12 17
1 3 25
6 9 9
8 13 22
13 16 13
6 9 1
2 4 18
23 1 11
9 14 20
6 9 14
18 22 11
3 6 28
1 5 18
6 12 21
9 11 17
15 19 14
21 1 12
1 4 21
2 5 8
0 3 20
18 22 4
10 13 25
19 22 7
4 8 2
9 13 12
16 19 22
15 18 22
20 22 23
18 20 5
10 12 25
16 19 8
4 5 6
6 9 19
2 8 19
22 0 8
9 13 14
14 18 21
11 14 11
12 15 21
5 8 14
7 10 16
17 20 24
23 3 4
4 7 10
3 4 19
19 23 5
10 13 9
9 12 9
8 10 26
1 4 9
6 8 2
7 11 10
20 0 2
3 7 12
9 11 17
18 20 21
23 0 11
16 21 14
15 18 8
20 22 22
19 20 26
17 20 20
8 13 23
10 14 26
0 3 20
14 18 22
21 23 5
7 9 18
21 1 25
9 12 25
23 4 19
12 15 14
0 2 26
7 9 4
12 14 13
3 5 26
5 7 15
9 13 27
9 12 7
16 20 23
3 5 6
15 17 16
4 6 8
18 21 16
8 11 8
20 1 12
20 0 14
21 0 17
12 15 16
22 1 21
7 9 8
9 13 9
22 23 17
3 6 19
11 14 24
15 18 6
16 18 2
11 13 20
20 0 25
22 4 26
20 22 6
18 23 6
20 23 20
3 6 19
2 7 24
1 5 4
9 13 23
18 22 7
8 10 26
22 2 20
3 7 12
11 12 1
17 20 19
19 22 26
9 11 16
20 22 19
17 21 20
12 15 2
12 16 25
20 21 19
15 19 24
22 3 19
0 3 15
14 17 7
16 19 13
21 0 9
6 8 24
10 14 1
1 5 18
1 4 20
5 7 7
14 17 1
1 5 25
6 9 9
6 9 14
5 8 1
14 15 19
0 4 21
4 8 21
12 15 22
3 5 5
3 6 16
18 21 3
19 22 24
7 9 1
18 22 18
8 10 18
2 6 26
20 22 21
19 23 26
22 1 2
12 15 9
4 10 22
14 17 8
3 6 10
17 21 7
8 11 15
4 4 11
7 9 21
3 6 15
19 22 16
14 17 3
2 3 23
3 7 13
0 2 11
23 1 14
13 19 1
20 23 13
20 22 3
15 20 14
19 22 13
23 2 10
5 7 14
7 10 26
7 11 22
4 7 4
23 2 16
3 6 11
9 13 16
10 13 16
14 16 12
23 3 1
19 23 2
5 8 24
18 20 14
23 2 22
14 17 23
9 11 15
3 8 20
5 8 18
20 23 24
11 13 18
7 10 21
16 20 27
20 22 27
20 0 25
11 12 4
19 21 28
13 17 12
20 22 27
19 21 11
17 21 15
22 1 4
11 14 12
3 8 24
21 1 17
9 13 12
2 5 6
14 16 10
6 9 16
16 20 1
11 15 21
16 19 25
13 16 1
15 17 23
18 20 17
15 18 10
18 22 10
13 16 4
14 18 17
7 9 27
5 6 2
20 1 8
14 18 25
1 3 21
20 22 17
22 2 2
21 1 11
22 3 19
0 3 10
12 16 23
23 1 20
2 5 18
23 1 18
20 1 26
9 13 5
3 7 20
20 0 10
3 5 4
7 11 12
17 20 26
11 13 11
10 10 6
15 20 28
2 4 23
22 2 13
8 10 28
9 12 11
6 9 5
4 6 9
9 11 22
6 9 2
11 13 24
12 16 19
16 20 26
14 16 7
19 21 28
23 1 6
17 22 17
16 21 26
14 18 18
21 1 8
2 5 12
3 7 27
5 6 28
10 14 15
1 3 9
11 12 21
3 5 23
14 19 19
19 23 24
13 17 15
17 20 2
6 7 8
14 18 4
22 2 6
20 23 4
23 3 24
21 0 18
18 21 21
18 20 12
22 0 25
7 11 4
1 4 1
0 3 26
0 3 25
1 4 1
11 13 26
15 18 2
4 7 16
21 1 12
12 16 24
4 8 27
3 7 23
6 9 20
14 16 21
11 14 11
10 13 9
22 0 28
8 10 17
16 19 6
8 10 28
11 16 11
3 6 28
5 8 3
10 13 17
6 9 17
3 6 18
16 19 7
3 6 27
13 15 2
7 10 3
21 0 26
19 22 1
4 6 5
10 13 12
17 19 6
20 23 27
17 21 10
22 2 12
12 16 9
17 20 13
1 4 6
14 18 27
4 7 5
6 8 14
9 12 22
16 19 6
15 17 15
1 5 27
19 0 9
20 0 13
23 1 27
13 17 2
21 0 28
23 2 3
0 1 1
4 6 5
8 10 4
14 17 1
18 20 11
1 3 1
10 13 24
1 4 2
19 22 7
0 3 14
7 12 27
13 15 5
7 11 14
14 16 18
9 12 9
11 14 7
17 21 17
0 4 6
5 9 17
6 10 25
6 9 9
4 6 16
9 12 25
2 3 20
20 23 27
11 13 5
6 9 26
17 21 27
8 10 19
15 18 6
22 1 3
18 21 20
9 13 3
12 13 25
20 1 5
20 0 28
17 19 26
5 6 10
9 14 17
6 9 8
0 3 26
19 21 5
4 7 11
4 6 9
22 1 12
12 14 1
17 20 26
14 17 7
6 10 12
21 21 26
11 13 16
19 20 14
15 18 11
4 8 18
10 13 12
6 9 2
19 22 1
6 9 16
4 6 24
7 9 21
15 17 25
19 23 24
1 3 22
13 16 5
12 14 11
21 0 5
14 17 28
2 6 4
5 7 16
16 19 24
14 16 12
14 18 2
13 16 12
2 5 16
14 17 5
7 9 3
18 21 7
0 4 26
11 14 15
17 23 18
2 5 16
3 6 10
13 16 22
9 12 10
8 12 12
11 13 22
0 3 25
16 19 3
20 23 11
7 11 24
23 1 6
1 6 25
20 22 11
14 16 24
22 2 5
4 5 11
23 2 21
13 15 19
0 4 24
17 19 28
14 17 22
13 16 11
4 7 12
8 10 13
5 6 18
16 20 20
4 7 14
19 23 3
19 22 18
22 0 26
19 22 23
17 22 1
6 8 12
13 16 24
12 17 24
23 2 24
19 21 6
18 20 26
15 19 10
5 9 17
22 1 11
11 12 26
11 12 20
13 15 20
19 22 25
10 12 9
5 8 11
9 11 5
8 10 12
7 10 11
15 18 24
16 19 8
11 14 6
0 4 7
2 5 28
8 12 5
16 19 15
14 18 26
12 14 4
23 2 13
23 3 14
8 10 28
18 20 14
13 16 12
10 14 15
13 16 16
9 12 17
2 7 18
5 9 12
4 8 24
3 7 15
12 16 14
15 18 24
17 20 5
17 21 6
11 15 17
10 14 23
16 18 28
13 16 6
18 22 9
2 5 1
21 2 25
16 18 10
14 17 6
1 4 7
7 10 2
11 13 21
19 0 5
20 23 10
19 23 3
4 6 25
2 4 5
23 2 24
17 21 5
22 2 27
16 16 17
3 6 5
21 1 10
17 20 16
1 3 20
1 3 3
22 23 17
15 20 9
10 14 4
2 6 5
13 13 6
8 11 23
6 8 3
16 20 25
21 22 23
12 15 5
9 12 23
12 16 6
22 1 24
0 3 8
7 10 15
2 3 8
20 23 27
3 8 24
2 6 3
9 13 26
22 3 16
10 12 11
10 13 11
5 9 13
9 12 16
9 12 22
7 9 26
23 2 12
18 21 23
17 21 28
12 16 8
1 4 7
12 16 1
13 16 25
3 4 5
3 6 8
14 18 13
2 6 7
0 4 28
7 10 21
9 11 3
18 22 8
20 23 19
12 16 7
11 15 11
23 1 8
5 6 24
22 0 25
4 7 28
8 12 6
13 16 26
4 8 13
21 22 13
0 2 21
23 0 12
2 7 11
19 23 2
13 18 9
8 12 22
3 7 28
2 5 15
2 5 21
10 11 28
19 23 18
3 6 26
6 10 6
16 18 24
9 13 1
16 19 5
19 23 7
21 22 8
19 22 14
3 5 17
16 19 3
10 14 4
20 23 23
6 7 20
20 0 24
16 19 20
