2000 26
9 18 24 19 1 1 9 25 24 11 2 23 14 6 16 7 4 7 21 3 7 10 12 22 5 24 
18 21 19
15 19 10
7 8 2
18 19 9
9 10 20
4 8 19
1 4 21
12 15 18
14 18 19
22 1 12
11 14 21
14 17 11
5 11 15
13 14 23
20 22 13
14 17 2
23 2 19
10 12 22
20 22 17
14 17 2
14 17 24
16 19 21
21 1 7
0 3 23
23 2 16
20 0 26
15 17 12
21 0 23
19 22 17
16 20 16
8 11 17
21 2 7
7 10 3
9 13 4
14 17 5
22 23 7
20 21 22
3 6 1
11 14 17
0 1 15
17 21 7
15 17 9
12 15 12
20 22 14
10 15 25
2 4 20
14 18 9
6 9 15
17 22 17
1 7 17
17 19 24
20 0 5
20 23 1
18 22 18
17 21 15
16 18 26
17 19 4
14 18 21
13 16 4
3 8 7
4 8 24
22 1 2
19 22 18
5 7 4
17 20 22
12 16 2
9 11 9
21 0 15
7 10 8
7 11 23
11 15 21
12 14 25
11 15 1
0 1 26
8 11 13
14 16 7
2 8 19
13 16 5
18 22 12
23 3 2
7 8 4
3 6 19
7 9 16
19 22 10
13 15 10
19 22 23
19 21 6
5 8 16
2 6 22
16 21 15
8 12 10
15 18 13
14 17 15
4 9 25
7 11 23
19 21 5
3 4 14
3 7 5
7 10 22
13 15 5
17 20 3
17 19 12
4 6 24
8 10 24
8 11 24
19 22 8
5 8 23
16 19 11
1 4 2
21 1 12
2 4 8
7 11 1
4 8 20
8 11 4
11 13 15
4 5 20
17 19 19
0 4 20
15 18 7
2 5 5
9 12 23
2 4 4
11 15 19
23 1 22
1 4 15
1 3 16
2 4 4
22 2 12
12 15 20
4 6 25
15 20 6
19 23 2
23 0 4
13 17 21
14 17 26
5 6 21
13 17 21
18 21 22
11 11 19
11 13 8
9 13 1
18 22 19
7 10 2
15 18 19
17 18 17
8 12 3
10 12 26
1 3 2
13 16 15
7 9 5
14 17 16
8 12 24
12 14 8
2 6 3
1 3 15
13 16 11
5 8 21
8 9 18
3 4 23
0 2 15
4 7 25
20 23 2
23 3 26
23 4 15
2 5 14
1 4 11
7 12 24
13 15 25
10 14 21
10 14 3
14 16 5
4 7 26
1 3 21
16 21 17
19 20 8
22 3 7
18 21 12
3 6 14
5 7 2
16 20 16
13 17 5
22 3 22
16 18 25
0 4 6
10 14 4
12 15 2
11 15 8
20 0 21
20 23 5
8 9 12
13 15 16
11 13 24
9 11 26
10 13 9
0 1 21
22 2 8
8 10 3
19 20 7
22 0 12
2 5 26
19 23 13
2 5 17
3 5 4
6 9 11
16 19 18
11 12 17
11 14 24
3 7 14
1 4 11
17 20 16
13 16 12
22 1 2
7 10 4
23 0 1
0 6 10
0 4 10
22 23 11
16 21 3
20 22 23
3 5 4
15 17 11
22 23 9
19 21 11
13 14 2
1 4 2
19 23 7
12 17 6
4 8 16
12 16 15
13 15 21
8 12 22
11 16 11
22 1 19
3 8 9
0 4 21
1 4 3
16 18 10
18 21 14
22 3 14
13 15 1
15 19 3
9 13 10
6 9 7
18 21 19
12 14 8
21 0 26
10 14 18
0 5 26
17 19 3
17 19 23
9 11 19
18 21 15
12 16 12
9 12 15
19 22 15
0 2 23
2 5 13
14 16 13
8 13 17
17 18 2
21 1 26
14 17 15
18 21 19
17 19 4
13 14 19
6 10 18
14 19 3
21 0 24
17 19 25
6 9 8
23 2 3
19 21 2
4 7 17
20 0 9
11 14 19
18 21 19
3 5 26
23 3 21
22 0 5
12 15 18
3 6 1
22 2 8
11 14 2
3 6 26
18 22 21
0 5 6
0 4 5
13 16 11
15 18 21
15 19 26
6 9 3
23 1 10
0 3 14
6 8 4
10 13 17
17 20 14
3 6 20
19 22 21
10 14 14
9 12 24
3 7 15
22 1 20
21 23 10
14 19 7
10 13 11
16 20 10
15 18 2
4 8 10
20 0 22
13 16 8
21 1 26
2 4 2
20 23 18
1 4 12
19 23 12
19 22 3
16 20 20
9 12 10
15 19 19
12 15 14
12 14 1
3 6 21
11 14 1
20 0 5
16 19 17
10 14 10
10 12 21
1 2 23
1 5 15
5 9 23
10 14 15
15 17 1
5 8 25
5 9 3
1 3 4
17 22 25
18 20 2
11 13 15
1 4 1
4 8 20
9 10 17
15 18 5
22 2 21
2 4 4
20 0 4
12 14 23
23 2 19
12 15 19
0 2 24
13 17 16
15 19 18
21 0 4
14 18 16
5 8 18
18 20 5
7 12 19
15 19 13
16 20 3
13 16 13
5 8 24
13 17 14
12 14 23
22 1 22
14 16 5
9 13 8
5 9 12
5 9 22
6 10 12
20 1 17
19 21 16
7 10 18
9 13 9
6 8 10
11 15 6
22 1 9
4 8 8
9 13 24
1 5 19
4 7 14
7 10 18
0 3 1
11 12 18
15 19 16
18 22 19
6 9 13
8 11 10
2 4 12
2 5 2
20 0 1
9 12 1
2 6 17
14 17 8
5 9 6
23 1 23
14 17 9
0 2 10
2 6 12
12 14 26
23 2 9
21 0 7
2 5 22
3 8 9
10 13 12
13 15 13
5 10 5
15 19 20
17 19 16
11 13 19
21 0 24
7 9 3
4 7 14
5 7 23
7 10 10
10 11 9
15 18 11
5 7 1
10 13 25
19 23 6
11 13 7
2 3 7
1 3 14
1 5 24
14 16 2
17 19 9
19 21 21
6 9 13
5 9 15
7 9 5
22 1 10
20 22 20
15 19 18
19 21 10
3 6 5
0 3 23
20 23 25
11 15 9
19 23 10
7 12 7
6 8 6
13 16 1
21 23 7
6 9 2
18 21 16
16 19 20
22 1 12
18 21 4
5 9 24
17 19 24
19 22 11
10 13 7
15 17 23
1 5 17
10 14 19
13 16 16
22 2 4
8 12 19
3 6 20
9 14 11
12 15 25
10 13 25
18 22 20
23 2 17
18 20 6
6 9 18
2 4 12
4 8 4
6 9 25
19 21 16
23 2 26
12 16 15
4 6 5
1 5 7
22 2 1
23 2 4
14 18 22
19 21 3
3 5 10
16 19 24
5 7 8
0 1 7
16 20 24
2 4 17
13 17 20
10 12 4
22 2 7
0 4 24
3 5 13
20 23 16
9 11 19
14 16 14
15 18 26
10 12 14
8 11 4
21 0 7
3 5 15
3 7 14
11 14 21
3 6 15
16 19 22
22 0 1
22 2 10
9 11 5
3 4 17
13 15 25
4 9 13
23 1 18
7 11 16
15 19 13
23 2 23
9 13 23
4 8 5
6 9 24
8 10 8
23 3 17
0 1 3
22 0 14
5 8 26
0 3 23
1 4 18
19 21 22
18 20 2
7 11 6
18 21 19
23 3 16
4 7 16
0 3 6
6 9 4
9 12 7
4 6 5
2 5 14
14 15 2
19 21 22
13 17 26
12 15 18
18 22 7
23 3 7
1 5 15
23 2 1
8 11 3
12 15 20
15 18 19
3 6 8
2 5 22
19 0 2
10 13 26
15 18 16
3 5 26
22 0 2
3 6 13
6 8 13
4 5 6
0 5 22
19 0 26
23 1 8
5 8 10
18 21 20
8 11 11
11 15 24
9 13 3
23 2 16
15 19 4
8 12 13
15 19 2
14 17 3
22 0 9
6 10 11
0 3 9
19 22 25
18 20 3
9 13 12
6 9 6
14 18 16
19 23 20
18 23 23
18 22 2
16 19 21
20 23 11
16 20 13
6 7 8
11 14 14
11 14 20
0 3 23
10 13 6
9 12 12
6 8 10
0 3 12
1 3 17
16 19 11
0 4 11
6 8 25
12 14 10
17 19 8
13 14 21
4 7 19
18 21 3
6 8 3
3 6 17
4 7 14
1 4 26
11 14 26
16 19 1
11 13 2
6 10 14
3 5 2
22 1 9
22 2 18
19 21 25
22 2 3
1 5 26
7 10 17
9 14 4
3 7 5
18 21 1
5 7 18
3 7 18
15 18 22
22 22 16
14 17 2
7 11 22
6 10 13
23 3 9
20 0 19
4 7 4
15 19 3
14 15 7
17 19 9
15 19 8
13 14 3
21 0 5
8 12 14
10 11 19
16 18 26
1 3 21
21 0 21
8 12 17
15 19 26
4 8 22
22 2 2
22 1 14
12 13 3
15 17 14
21 1 9
19 22 6
16 19 25
1 4 13
8 12 7
23 1 14
5 8 1
11 16 23
20 22 21
12 15 16
20 22 21
5 8 7
13 15 19
13 14 21
19 22 1
7 12 4
12 16 3
16 18 17
22 0 16
12 16 14
16 17 8
2 3 19
14 16 8
18 22 9
11 16 12
17 18 4
0 4 6
20 2 15
7 10 5
15 17 25
15 20 13
9 12 1
18 20 24
5 7 5
14 16 18
16 18 20
14 17 17
14 16 5
16 17 9
19 21 2
11 13 16
9 14 9
21 0 26
11 14 15
3 7 19
9 11 8
1 4 7
10 13 15
16 20 16
19 22 13
10 13 12
0 4 10
9 12 16
20 20 18
14 17 6
3 5 24
15 18 1
17 19 21
2 6 3
12 16 25
14 16 21
4 7 2
0 3 2
0 5 19
11 14 6
0 3 18
22 2 19
17 22 14
19 21 6
23 2 12
21 1 18
18 22 6
11 15 15
10 13 4
18 21 18
12 17 24
23 3 15
8 12 18
19 21 1
14 17 25
7 9 24
13 14 21
12 16 1
13 17 25
5 8 11
16 21 15
16 20 11
7 10 22
4 6 17
7 9 8
2 5 4
7 10 24
13 14 5
16 18 8
0 3 14
17 20 10
10 14 25
0 2 4
17 18 12
10 12 13
3 5 10
5 8 1
14 16 26
6 9 5
21 2 1
2 5 4
20 23 10
11 14 24
18 20 25
14 16 16
6 9 20
5 9 15
8 11 6
19 23 15
21 23 25
10 12 23
2 6 21
1 4 26
11 13 20
22 2 21
9 11 4
15 18 6
2 4 3
18 21 15
3 5 9
13 17 24
3 7 19
14 17 15
18 21 6
4 7 10
16 18 4
23 2 7
22 1 16
16 17 21
1 4 22
5 9 24
6 9 24
17 21 22
3 9 9
8 13 20
17 20 7
11 15 7
15 18 22
1 4 18
13 17 2
5 8 9
18 23 10
15 18 2
16 19 9
15 18 20
20 0 20
11 15 25
15 17 1
15 18 14
21 0 25
3 7 20
18 20 3
17 18 18
18 21 22
0 2 19
1 4 6
14 16 17
19 22 10
10 12 18
7 9 26
5 9 7
2 4 2
8 12 2
10 12 10
18 20 13
22 0 4
22 0 22
8 11 15
21 0 14
2 5 26
15 19 7
7 11 1
21 1 15
12 15 24
17 19 15
20 1 15
22 0 4
15 19 19
7 9 16
1 3 19
9 10 8
13 16 23
14 15 14
1 4 26
21 1 5
16 19 22
3 6 10
23 1 24
9 11 17
6 9 14
23 3 9
4 8 16
14 19 6
18 22 7
8 10 11
14 16 8
22 2 1
15 18 15
18 22 11
5 8 26
14 17 20
0 3 12
10 12 9
17 19 11
6 8 10
22 0 6
2 5 11
21 1 1
5 8 13
6 9 20
13 15 9
11 13 7
10 13 20
5 8 9
2 6 15
0 3 4
5 9 18
8 12 24
9 13 23
14 16 14
19 22 10
18 22 17
17 19 19
22 1 16
20 21 20
9 11 5
2 3 25
3 7 1
13 16 17
13 15 5
15 19 1
6 10 11
2 7 9
16 20 21
9 12 25
1 4 4
5 8 23
17 19 16
5 8 16
21 22 12
10 13 7
4 5 5
15 18 6
15 19 8
20 0 23
21 23 16
15 19 3
15 18 26
22 1 5
7 9 7
2 3 18
9 13 8
3 6 9
22 1 5
13 16 4
7 9 6
7 10 24
16 20 4
9 13 21
1 5 24
18 21 11
20 1 15
15 18 14
13 16 26
0 3 19
7 11 3
20 22 22
22 1 10
16 19 12
6 8 4
13 15 19
13 16 22
11 14 14
7 11 20
3 6 9
7 10 21
20 22 12
2 5 2
3 4 10
15 17 25
13 16 24
11 15 10
5 7 20
12 16 2
12 16 17
11 14 13
1 5 24
0 4 4
21 0 6
16 20 8
3 6 3
13 15 26
14 18 26
19 22 26
0 4 25
19 23 21
23 1 14
14 17 4
22 3 6
5 10 4
23 1 18
22 0 12
22 2 13
14 17 8
0 3 11
8 12 24
9 14 17
3 6 13
0 2 24
9 12 3
13 15 20
22 3 13
21 2 16
4 8 21
16 19 21
17 20 5
4 7 1
18 22 4
19 22 15
15 18 14
17 20 13
21 2 19
18 23 1
10 13 8
8 11 12
21 0 19
16 20 9
11 16 25
10 11 19
3 5 3
13 18 11
21 0 23
5 8 2
4 9 16
12 15 1
22 2 18
21 0 24
8 10 17
13 16 13
4 8 22
15 17 7
11 13 4
20 22 4
21 0 10
14 16 19
3 4 18
23 3 17
17 21 7
21 0 7
15 18 16
16 20 17
14 16 20
14 18 22
18 21 5
1 4 13
2 3 17
22 23 26
18 21 20
7 11 7
7 11 21
13 16 12
13 17 21
12 15 9
15 19 6
1 5 17
1 3 15
19 21 12
4 6 24
3 7 1
8 10 1
16 18 16
12 14 24
3 6 7
10 14 23
21 1 2
3 6 8
3 5 9
14 17 5
6 11 13
18 22 15
5 9 22
21 1 25
22 1 11
21 23 8
14 17 15
12 16 5
21 22 19
0 2 24
12 13 17
5 9 22
19 21 17
10 13 6
7 10 7
14 18 17
7 12 24
21 1 24
6 9 26
7 9 19
12 14 21
21 1 4
23 1 9
23 2 14
7 9 15
3 5 25
22 2 14
19 20 18
11 15 5
18 22 4
7 7 19
22 1 12
21 23 12
8 10 17
6 10 20
16 21 14
9 13 2
22 1 20
22 0 26
18 21 16
10 12 19
13 16 18
5 9 18
2 3 13
8 11 5
1 3 10
15 19 18
6 9 17
0 3 19
18 21 20
10 13 9
1 4 3
9 12 2
3 6 12
16 18 13
22 1 15
5 8 24
6 8 17
21 0 26
5 7 18
3 6 11
10 11 10
11 16 4
5 7 13
8 11 7
1 4 8
1 3 16
5 9 9
9 13 5
23 3 15
21 0 19
10 13 11
15 18 8
23 3 10
1 3 7
17 20 21
10 15 19
1 3 5
5 7 25
10 14 26
16 20 26
22 1 11
11 12 11
18 21 14
13 16 16
15 18 16
6 8 14
12 15 17
8 10 13
2 1 25
1 2 15
14 17 21
13 16 21
10 13 17
22 2 8
20 22 9
18 21 25
14 16 13
4 8 1
12 16 3
20 21 20
23 3 18
6 8 12
2 6 3
1 4 8
18 20 10
9 14 4
23 2 15
16 19 7
18 19 26
14 16 21
6 11 20
1 4 4
9 10 15
10 13 14
23 2 13
2 5 22
15 18 14
18 22 24
5 9 9
23 0 2
2 5 26
17 21 10
8 12 26
15 19 15
14 16 1
22 0 21
11 14 24
14 17 12
5 7 1
4 7 22
19 21 9
15 17 18
23 2 7
11 14 17
10 14 24
1 5 3
12 14 4
4 7 14
7 10 25
16 17 7
15 17 19
11 13 20
20 23 25
15 17 7
22 0 19
15 18 7
21 23 21
16 18 21
2 5 2
19 20 11
22 1 12
2 5 6
2 5 10
23 2 13
16 20 5
7 10 2
0 3 5
13 15 8
0 3 14
18 22 9
17 22 21
12 14 8
21 1 3
6 8 11
9 11 13
8 11 8
3 5 4
9 13 8
15 17 26
1 4 1
5 9 3
16 21 16
14 16 4
20 23 9
12 13 20
18 21 14
17 19 26
11 13 10
16 18 6
23 1 18
11 13 4
22 0 10
0 4 8
4 8 18
10 14 3
23 2 3
15 19 7
22 2 18
2 3 12
18 21 10
18 22 19
13 13 14
0 1 13
7 11 19
16 21 9
22 2 21
0 4 19
16 19 25
17 20 24
11 16 19
2 5 18
13 14 1
1 5 21
17 21 11
9 14 16
13 17 7
10 14 12
19 22 25
23 2 7
1 5 10
0 3 16
20 22 2
11 14 17
3 6 19
10 15 9
22 3 7
20 21 10
11 13 8
23 2 19
17 19 2
17 19 1
7 11 25
23 1 9
14 19 21
14 18 20
0 4 26
11 16 1
4 6 9
11 14 10
13 15 25
15 18 8
8 11 23
11 14 22
16 20 5
14 17 25
16 19 7
9 10 14
11 14 26
16 18 11
12 15 15
8 11 13
23 1 23
10 15 10
16 21 5
0 2 25
15 19 23
22 0 12
10 13 8
19 22 15
9 11 15
9 12 9
15 17 13
7 10 22
2 3 3
7 11 26
8 13 22
11 13 14
12 16 21
2 6 7
18 20 20
11 16 25
0 4 13
7 9 18
2 6 1
2 5 15
22 23 4
1 2 10
16 20 26
2 5 17
4 4 6
7 8 4
16 19 11
8 10 16
2 3 22
13 16 11
4 7 11
2 4 9
11 14 4
6 10 9
7 9 11
1 6 21
4 9 14
12 14 4
20 22 13
8 11 8
23 2 17
23 2 25
19 23 5
17 20 8
13 15 16
1 5 6
14 16 11
14 17 21
10 14 6
20 1 25
14 18 8
16 19 11
18 21 19
16 21 12
19 22 7
19 21 1
0 2 10
9 12 16
20 0 16
8 10 10
18 20 16
15 18 12
1 4 13
5 8 3
14 17 6
7 7 19
3 5 6
5 8 15
13 15 1
18 22 10
13 15 2
9 14 16
1 2 7
23 2 8
17 20 24
16 18 21
12 14 5
3 6 3
13 16 19
11 13 5
0 2 4
7 9 10
9 12 23
19 21 18
17 20 21
23 3 3
2 5 11
16 20 6
21 2 19
7 10 23
9 13 13
8 11 21
14 16 2
18 22 26
10 13 23
18 20 20
3 6 3
8 11 1
5 7 1
21 1 18
20 0 2
22 1 17
11 14 8
18 23 14
4 7 8
0 4 16
12 15 5
6 10 24
3 7 26
7 11 21
0 5 4
6 8 16
12 16 24
11 13 16
21 2 6
20 0 20
7 8 7
11 15 23
12 16 22
8 10 10
19 21 14
18 22 16
16 18 1
14 17 14
7 9 17
3 5 12
10 13 22
2 5 4
0 1 8
14 18 16
13 14 17
18 23 8
22 0 16
5 7 26
4 7 20
12 16 12
10 13 19
2 5 2
7 10 17
2 6 14
8 9 26
21 1 17
18 18 12
20 23 7
17 19 9
17 19 25
1 3 25
14 17 9
3 6 10
17 18 2
4 5 25
16 19 14
6 8 11
11 14 16
14 17 1
2 3 15
9 14 2
6 9 5
20 22 16
19 22 4
2 4 20
8 11 13
9 12 13
15 20 22
19 0 8
4 6 7
22 1 24
4 6 12
21 1 5
3 5 16
8 11 12
19 23 23
2 6 26
17 19 18
15 16 24
9 12 14
2 7 25
15 17 2
23 1 11
5 8 23
23 1 10
4 6 25
11 14 10
7 12 21
18 22 4
11 12 12
18 22 18
3 7 23
7 11 23
9 11 20
20 1 25
19 21 3
0 2 18
13 18 23
9 13 18
19 21 24
8 12 10
8 9 9
9 12 18
3 8 5
0 3 8
17 18 25
2 5 4
8 11 26
3 6 23
8 11 14
3 7 15
15 18 3
4 7 1
15 18 17
8 12 7
3 4 6
5 8 19
22 2 8
9 12 1
4 8 26
0 2 25
18 21 8
16 20 1
0 2 21
16 19 19
8 10 11
10 12 4
13 16 3
13 18 19
16 19 24
18 22 21
18 20 9
12 16 26
8 11 18
4 7 7
17 20 12
3 6 25
20 22 6
19 21 6
18 21 1
19 23 16
12 13 14
15 18 19
6 11 22
17 21 3
16 20 3
20 23 14
19 23 25
5 7 19
22 2 26
5 6 14
14 18 6
5 8 6
5 8 9
11 15 3
12 15 24
17 20 25
17 19 8
6 9 15
0 4 12
1 5 20
19 23 2
11 12 8
16 19 12
23 3 10
20 23 8
17 20 6
9 12 17
3 6 17
2 7 12
9 11 16
23 1 26
1 4 11
13 16 4
9 13 2
7 13 7
7 11 9
11 13 13
17 20 25
1 4 17
18 21 9
15 19 17
23 1 7
19 22 3
20 23 6
0 3 25
7 10 6
7 9 6
17 20 12
19 22 22
13 16 7
10 13 12
19 23 13
8 9 7
16 19 5
3 5 16
10 12 8
12 15 7
3 5 8
14 17 24
10 13 19
10 14 7
20 21 25
19 21 6
13 18 6
5 8 3
23 4 9
22 1 12
1 5 5
0 4 10
0 1 23
8 12 24
11 13 23
9 11 25
10 13 20
13 16 11
20 0 25
7 12 4
17 21 2
8 11 12
21 1 12
19 23 22
4 4 10
5 8 15
5 8 19
20 23 20
9 12 11
19 21 5
18 22 25
17 20 3
12 17 11
15 19 17
22 0 10
8 11 24
22 3 3
12 13 17
9 12 23
21 0 2
18 21 18
2 6 6
2 5 9
13 16 19
10 13 16
11 13 1
1 3 7
22 2 23
19 23 13
23 1 10
19 23 5
13 17 26
16 17 22
23 2 10
9 13 20
23 2 20
7 9 22
17 20 23
2 4 18
20 0 22
8 11 7
4 7 13
22 0 11
22 0 10
18 21 24
10 14 7
4 6 17
21 2 8
9 13 24
5 7 26
8 12 21
5 8 17
9 11 9
3 7 5
13 15 16
17 21 16
13 15 13
16 20 2
21 2 1
20 21 3
19 22 18
10 12 9
4 8 15
4 7 11
1 6 11
8 10 12
18 20 10
21 1 20
9 13 8
13 15 25
5 6 26
8 12 13
0 2 18
12 14 9
12 17 24
0 3 11
4 7 7
16 19 24
1 6 16
13 16 21
7 11 15
5 9 26
1 5 6
21 23 5
5 8 5
9 12 16
14 17 21
9 13 21
8 10 10
20 23 8
10 12 2
11 13 11
7 9 18
10 13 24
22 0 10
10 15 7
0 4 9
9 11 11
14 16 9
0 2 10
4 6 10
7 9 19
20 23 21
11 13 26
14 15 7
0 5 6
5 7 6
18 22 6
6 9 7
23 4 20
15 18 6
4 6 10
20 0 8
17 20 24
22 0 15
21 2 11
4 5 8
19 22 10
2 5 18
1 5 19
8 11 20
13 14 26
1 4 12
9 12 3
3 8 2
23 0 16
22 2 2
8 11 2
9 13 15
17 19 5
7 11 25
1 2 23
5 8 25
20 1 19
9 13 7
17 22 8
1 4 25
16 19 4
12 14 19
18 23 24
15 18 19
21 23 23
0 2 23
4 7 18
3 6 25
20 22 26
22 2 5
13 15 5
18 23 10
7 11 2
10 13 26
19 22 13
17 19 14
6 10 5
18 20 9
5 6 1
18 22 26
17 20 16
23 3 23
10 14 14
7 11 22
10 14 1
14 17 13
10 13 11
14 16 7
19 22 23
10 13 6
7 9 13
20 23 26
11 13 11
23 3 11
6 8 13
2 6 7
23 4 19
0 3 3
15 18 11
9 11 1
15 18 24
14 17 10
15 18 22
4 7 1
2 3 8
16 19 8
1 4 25
21 0 9
0 4 24
6 7 25
23 2 9
21 0 16
19 21 19
3 6 12
14 17 9
12 14 18
20 0 19
4 7 12
3 4 2
22 1 25
2 4 26
11 14 4
15 19 19
13 16 11
16 19 16
3 6 13
12 16 14
3 6 15
10 14 9
1 4 18
20 23 18
4 8 13
3 6 10
15 17 2
6 10 18
2 6 25
6 9 20
21 0 13
2 7 20
16 19 14
15 19 24
21 23 21
14 15 20
23 0 18
7 12 13
3 4 26
23 1 11
11 12 24
17 18 14
15 17 3
20 0 13
1 4 18
2 4 5
1 4 25
8 12 11
7 10 1
5 8 22
16 19 14
2 6 17
20 0 13
3 7 11
9 12 10
5 9 26
16 18 16
9 13 2
14 16 2
14 18 25
7 9 3
8 13 20
23 3 26
4 7 4
13 17 16
14 18 22
2 5 7
18 20 13
17 21 8
18 21 12
12 14 11
9 10 10
16 18 17
11 14 19
15 16 21
14 16 26
5 7 12
22 0 24
23 3 8
22 1 15
20 1 6
4 6 23
4 7 21
20 23 7
21 0 26
4 7 20
15 16 18
3 6 20
3 7 9
14 16 14
4 7 11
19 22 22
17 18 22
0 3 18
11 14 12
13 16 9
16 18 2
17 20 22
19 21 21
18 22 16
11 14 20
19 21 19
21 0 15
1 5 14
21 0 2
16 19 13
16 18 15
1 5 19
15 17 22
8 9 16
20 23 6
21 23 3
8 11 22
3 7 8
11 15 19
21 1 2
13 17 19
4 6 15
12 15 26
14 16 23
11 13 25
23 2 12
16 21 3
13 14 13
9 15 10
0 3 2
15 17 17
11 14 4
15 19 4
1 3 23
0 3 19
18 22 13
9 11 18
10 13 5
21 1 19
1 4 22
5 9 1
10 15 15
11 14 26
14 17 6
2 4 12
22 2 16
21 2 21
23 3 1
19 21 21
5 9 23
8 8 23
18 20 6
23 3 15
12 15 13
22 0 22
19 22 24
11 14 19
8 9 1
13 16 18
4 8 23
7 11 18
17 21 2
15 18 22
2 5 25
15 17 26
7 9 11
18 21 10
2 5 18
21 0 18
16 19 20
6 10 24
2 6 2
15 17 13
4 7 1
10 13 12
17 19 21
0 4 18
23 3 16
21 22 18
5 9 23
2 5 1
9 10 15
22 1 19
2 4 11
5 8 16
23 2 10
17 20 21
23 3 12
11 12 25
20 0 24
15 17 3
2 4 26
19 1 20
12 15 14
1 3 11
14 18 26
4 6 7
21 23 26
23 1 26
16 20 6
23 3 1
4 7 10
15 19 8
8 11 11
11 14 13
5 8 21
7 9 19
5 6 18
20 23 14
9 12 9
5 5 6
11 16 16
22 0 5
5 9 17
21 1 15
17 20 24
9 12 10
13 17 3
6 8 25
5 9 12
4 7 13
22 0 26
13 16 24
3 6 17
5 7 4
16 19 3
17 19 20
2 6 17
5 9 4
20 21 10
22 0 26
9 11 7
19 20 8
20 0 26
20 22 24
23 2 26
