7000 43
15 28 4 38 3 26 2 39 18 22 12 14 22 13 23 29 17 36 26 22 2 34 22 38 43 7 20 7 41 4 33 8 3 25 37 20 38 19 6 40 27 22 23 
15 18 22
7 11 4
1 2 18
17 21 8
13 16 40
17 20 26
5 7 28
1 4 27
5 9 15
11 15 8
1 4 43
0 3 29
7 9 7
15 17 21
9 11 40
8 12 35
9 11 4
1 5 39
1 4 29
19 23 36
9 12 24
3 7 18
7 9 27
23 3 10
2 5 33
5 7 9
3 5 12
6 9 10
14 17 20
17 19 26
16 20 30
17 22 31
4 6 13
16 18 8
2 7 42
2 5 41
6 8 34
8 10 17
14 18 39
9 13 39
4 7 10
17 19 10
18 20 8
7 9 14
11 15 18
19 21 9
11 14 12
21 23 31
13 14 12
15 17 36
18 21 38
16 19 22
11 15 37
20 22 39
8 14 39
1 5 37
19 23 25
23 2 29
1 3 42
0 5 33
15 18 30
8 10 35
9 12 36
8 9 9
15 18 17
8 11 10
9 13 7
9 13 24
15 18 29
4 8 17
8 12 4
10 13 31
16 19 15
23 2 21
15 19 28
7 10 29
13 17 43
10 14 11
12 15 29
14 19 31
19 22 23
7 11 31
9 13 29
21 0 2
12 15 4
0 3 26
21 0 36
2 7 8
15 18 39
12 13 1
10 13 37
8 12 30
8 10 41
1 5 30
3 6 1
13 15 22
5 8 42
21 23 11
5 9 25
16 22 21
15 20 10
5 9 3
5 8 31
16 18 32
18 21 15
11 14 40
8 12 16
8 11 25
14 17 19
3 6 42
10 12 33
21 23 32
12 16 24
9 11 26
18 21 12
4 8 27
2 4 5
6 10 41
0 2 18
20 22 42
22 1 43
13 16 20
10 10 22
23 2 10
15 19 28
8 11 36
14 16 1
9 12 15
2 3 18
12 15 27
7 8 9
21 0 15
2 4 7
21 23 16
12 16 11
18 21 2
16 20 27
9 11 19
17 21 27
1 2 21
23 3 16
23 3 28
15 17 31
11 15 15
4 6 2
10 14 38
3 4 7
13 17 5
5 8 28
4 7 40
22 1 26
9 12 32
5 8 38
15 21 2
7 10 11
14 16 3
13 16 22
20 23 23
9 12 42
8 10 7
16 19 28
14 18 20
4 8 23
22 3 33
3 7 39
5 9 21
23 2 3
19 23 4
6 8 40
10 13 42
22 2 10
15 16 21
3 6 24
18 20 12
3 4 5
9 12 41
23 2 38
18 22 8
22 1 31
1 3 19
11 14 30
17 20 16
9 11 35
11 12 39
0 3 6
17 20 36
20 22 31
11 15 1
7 11 23
17 22 37
3 6 40
7 8 4
22 1 40
3 5 2
14 16 10
20 23 37
2 5 23
6 10 15
17 19 20
7 11 7
14 16 25
1 4 28
15 18 14
23 3 34
2 7 19
3 7 27
0 3 7
7 10 6
23 2 26
10 13 27
10 15 16
22 2 40
8 11 41
5 8 39
12 14 27
15 17 2
22 1 12
22 3 17
14 16 29
22 1 3
13 16 20
4 7 10
12 14 32
23 2 19
9 10 21
17 19 5
11 14 35
3 5 18
21 23 35
18 19 12
19 23 34
14 16 4
9 11 31
9 12 21
13 16 36
12 15 26
7 9 4
3 4 3
7 8 11
5 6 35
22 2 20
2 3 40
2 4 1
13 15 20
9 13 7
3 6 22
4 6 13
12 17 11
12 14 19
16 18 2
16 19 23
0 2 31
2 3 24
8 12 8
6 8 10
12 16 40
0 4 5
11 15 23
20 23 4
10 13 6
15 19 13
11 17 5
3 5 14
3 7 2
14 18 13
16 20 8
4 8 35
22 1 27
5 7 3
21 0 6
4 8 22
13 16 35
19 19 6
9 11 33
18 21 19
8 12 27
6 9 39
6 10 3
10 14 43
17 20 30
1 4 31
20 0 23
8 11 34
6 9 39
18 20 24
5 9 22
10 13 8
1 2 19
22 1 41
4 7 40
0 3 31
21 0 5
6 10 4
16 19 35
14 15 29
12 16 28
9 13 42
11 13 1
20 23 11
22 1 16
21 0 17
3 5 6
1 7 33
14 16 41
9 9 9
20 22 6
22 2 15
1 6 40
11 14 23
13 16 21
19 0 24
3 6 32
21 0 26
8 11 32
8 10 34
23 2 29
11 14 28
0 2 16
1 4 19
23 3 2
20 23 10
22 0 22
3 7 13
22 1 12
4 7 24
7 11 38
5 7 13
5 9 13
6 10 2
3 8 17
3 6 17
6 9 19
12 16 33
23 2 18
19 0 8
21 0 2
5 8 3
22 0 41
4 5 19
11 15 14
9 12 6
12 15 3
11 12 21
8 10 11
15 18 30
5 6 4
2 5 31
20 23 41
8 12 27
23 1 20
12 15 7
17 19 17
19 22 3
19 22 35
23 3 1
19 21 22
19 22 25
9 13 7
1 3 8
9 13 41
17 21 1
1 3 27
17 20 13
13 18 6
20 22 40
11 13 43
7 10 27
1 3 28
13 14 4
21 23 43
23 1 7
19 21 20
8 13 36
9 10 20
9 14 41
11 14 31
9 13 9
17 20 35
18 22 34
8 11 10
23 1 2
0 3 25
7 11 4
2 4 5
20 1 14
10 13 8
0 2 12
3 6 30
18 19 1
6 8 3
7 9 4
9 12 26
6 10 38
20 0 40
17 20 40
1 6 16
11 14 4
1 1 12
0 3 7
13 17 29
15 18 26
5 9 17
2 5 39
20 0 18
0 4 5
10 13 41
19 21 20
6 9 11
1 3 8
23 3 9
2 6 10
2 6 32
0 2 15
15 18 8
22 1 11
12 16 23
2 4 34
3 6 20
12 15 43
3 7 7
7 10 29
5 8 41
18 20 40
23 2 10
9 13 33
10 12 12
4 7 28
0 3 42
10 13 2
4 6 27
14 17 35
20 22 22
3 6 12
14 16 8
19 22 8
17 20 34
23 3 17
22 2 7
1 4 24
11 13 21
13 16 24
3 5 7
6 8 5
5 8 17
6 10 12
19 22 10
11 14 14
8 11 19
10 12 4
4 9 5
20 22 8
12 14 27
7 10 29
19 0 30
16 20 36
18 20 38
6 10 15
17 21 21
23 2 22
19 23 8
9 13 16
3 7 3
18 22 8
21 23 33
6 10 19
17 20 24
5 7 31
8 12 13
15 17 42
21 23 29
19 23 22
18 20 19
14 17 30
20 23 38
19 23 42
9 12 21
1 5 1
12 16 12
12 15 20
19 22 37
7 9 43
5 7 5
10 12 37
19 23 14
10 14 16
16 18 28
11 15 5
1 2 42
9 12 23
19 21 38
20 22 40
22 0 7
9 13 1
13 15 37
3 6 34
16 19 33
16 18 7
7 11 18
10 13 5
16 20 12
16 19 15
16 21 19
0 2 3
8 12 2
19 21 20
0 3 42
6 9 1
14 17 32
11 14 8
11 15 10
17 21 7
15 18 28
3 6 20
13 15 13
15 19 20
14 17 43
18 22 24
0 5 10
7 10 43
21 1 40
16 18 32
18 22 11
10 12 38
20 23 28
20 23 34
23 1 8
20 23 11
15 18 31
16 18 38
3 5 1
0 2 24
15 18 27
13 16 30
6 8 32
4 7 30
1 4 29
17 21 35
8 14 10
16 20 9
9 12 33
4 5 8
0 2 31
4 8 3
23 1 24
9 12 5
9 12 5
18 20 3
4 7 18
17 19 18
0 2 9
23 3 33
12 16 26
20 23 32
9 11 41
13 17 35
0 3 19
12 15 13
9 11 25
4 7 36
14 16 42
0 3 22
4 6 23
16 19 11
7 10 29
5 8 10
1 5 34
12 16 2
1 4 27
17 20 38
15 18 22
12 14 3
5 9 22
21 1 36
9 13 9
11 13 5
15 17 17
8 11 1
21 1 24
15 18 37
10 15 43
21 0 9
7 12 11
0 3 30
5 7 32
13 16 32
2 5 34
9 14 36
5 8 16
2 5 24
6 10 34
7 10 37
2 6 27
13 15 3
1 4 21
8 12 7
9 12 28
18 22 12
14 18 31
9 12 25
4 6 4
11 14 25
16 18 36
10 12 40
0 2 39
10 14 17
23 2 3
5 8 1
10 14 25
13 18 15
12 14 9
9 11 14
7 9 28
23 3 10
0 2 15
19 21 37
16 20 23
14 18 15
18 19 37
12 16 26
18 21 27
1 3 16
12 14 23
12 14 39
9 9 2
9 15 7
7 10 12
2 5 21
11 11 27
13 16 26
20 23 9
17 21 1
12 15 15
16 18 2
5 7 19
11 15 6
23 1 8
15 19 17
23 1 13
11 12 29
0 3 24
22 2 2
4 7 28
21 0 23
22 2 27
2 4 21
3 5 24
16 18 23
6 9 38
16 20 29
6 11 5
12 14 2
15 18 29
23 1 8
20 22 20
11 14 7
0 3 8
14 15 22
23 2 31
23 3 40
0 2 29
8 11 15
13 16 11
17 20 33
23 2 35
2 4 34
21 22 4
12 16 40
4 5 6
17 22 21
7 10 35
2 5 10
10 13 26
14 17 21
1 3 21
15 17 28
17 20 1
6 9 1
14 17 11
3 8 23
5 7 35
19 23 43
1 4 22
4 9 22
13 15 12
23 4 34
8 11 19
13 16 43
13 16 19
13 15 1
12 16 1
16 20 20
19 23 25
10 14 7
16 21 23
21 2 25
15 18 41
21 0 20
11 13 27
14 18 23
4 7 12
23 1 8
19 20 42
21 0 23
21 0 15
11 14 35
8 9 3
6 9 39
13 14 12
9 15 33
13 15 19
21 0 43
14 17 25
3 5 37
3 7 1
22 0 31
14 18 17
21 0 4
2 5 42
13 15 1
11 14 20
23 3 5
11 14 27
0 4 13
2 3 23
6 9 2
6 9 21
17 20 37
21 2 40
20 22 9
20 0 34
13 17 40
19 21 40
0 3 33
6 9 33
10 13 16
22 0 9
4 7 18
19 22 39
12 14 17
19 22 11
23 3 3
1 4 5
12 16 17
20 21 21
8 11 40
3 6 17
0 4 34
9 12 31
21 23 27
23 1 41
7 12 13
15 17 2
23 3 26
1 6 41
1 5 15
3 6 37
5 7 39
5 8 38
20 1 37
8 10 14
11 13 10
10 13 23
13 17 16
11 13 22
2 6 9
2 5 27
4 6 29
8 12 6
10 13 33
3 7 8
5 8 26
23 2 13
11 15 8
13 17 27
2 5 12
12 16 21
20 23 12
14 18 38
22 0 36
3 6 24
17 21 22
5 7 18
22 2 34
19 23 38
16 20 33
5 7 16
7 10 30
19 23 5
23 3 21
12 14 38
19 23 30
2 4 3
7 12 10
5 8 3
10 14 38
20 0 18
2 5 24
23 4 11
13 15 4
22 1 17
14 18 23
5 7 11
11 12 24
12 15 21
7 10 5
13 16 9
3 4 25
1 5 27
21 1 5
6 8 21
4 7 6
0 1 2
19 21 31
18 21 5
19 22 6
21 23 8
14 17 7
21 0 3
3 6 14
8 11 21
6 10 11
9 12 31
4 8 15
0 3 40
23 3 11
16 19 29
5 7 10
3 5 24
5 6 7
0 3 35
4 7 8
17 22 29
3 5 32
23 2 39
3 7 28
23 1 43
0 4 33
0 5 15
6 8 12
3 6 16
15 18 13
2 6 35
17 21 43
23 1 7
5 8 25
7 9 35
19 23 17
5 8 38
10 14 34
19 21 42
15 18 30
0 4 26
11 13 12
3 5 30
15 18 39
10 14 34
15 19 14
8 11 7
8 11 11
3 8 24
17 20 33
7 10 2
17 21 11
12 15 27
7 10 3
9 12 29
19 21 3
20 23 31
23 1 1
9 14 12
13 17 15
9 14 3
22 1 24
18 20 10
18 20 33
1 5 37
6 7 15
0 2 9
3 7 43
14 17 19
17 18 28
2 5 27
20 22 37
23 3 5
9 10 7
8 12 3
8 12 28
1 5 19
1 5 4
22 1 27
14 19 32
0 3 23
18 22 10
13 17 27
6 8 7
4 6 8
5 8 33
1 4 37
23 2 21
1 4 29
8 12 11
7 10 43
8 10 26
19 21 8
4 7 38
14 17 32
3 6 8
10 13 18
0 3 30
4 5 3
16 19 26
0 5 22
2 4 1
17 19 9
20 0 14
14 15 21
20 23 38
18 21 16
21 23 18
17 20 1
11 14 30
16 20 29
9 11 34
20 22 43
20 23 39
20 0 10
5 9 28
1 5 30
19 23 20
2 5 14
15 17 32
6 8 17
21 0 3
16 20 2
6 8 17
14 17 41
12 16 37
17 20 6
20 21 2
11 15 35
7 10 19
3 5 29
18 21 7
5 6 20
21 2 34
17 22 8
2 6 4
22 1 28
7 10 4
19 22 40
6 8 41
9 11 24
9 13 42
17 21 8
6 10 29
17 20 23
18 20 11
22 1 10
21 23 6
8 11 35
18 21 37
18 21 23
16 19 5
22 1 2
10 13 5
9 12 41
12 15 20
12 15 24
2 6 35
3 6 23
6 9 16
3 6 21
13 16 11
7 10 42
1 5 20
23 2 16
8 13 12
6 12 18
12 13 33
7 11 1
18 23 3
15 18 4
17 20 42
11 12 30
15 16 31
5 7 10
6 9 19
0 1 3
6 8 8
23 2 41
2 7 22
16 18 6
16 20 11
2 4 8
23 2 1
14 16 10
20 22 37
14 16 38
6 9 21
16 19 9
21 0 38
13 15 13
6 10 41
13 17 20
6 10 22
0 4 20
7 11 7
1 3 9
3 6 1
13 17 11
8 11 8
4 6 2
20 23 20
17 20 16
11 14 28
16 19 29
5 10 42
10 14 27
3 5 26
4 7 33
10 13 41
22 2 25
19 23 19
2 5 16
10 15 16
16 18 2
14 18 2
7 9 33
22 2 39
18 20 39
17 20 25
4 8 35
22 0 38
0 1 20
3 7 23
4 6 19
20 0 40
16 18 9
20 0 3
4 9 14
23 2 2
2 6 19
9 12 35
22 1 30
22 2 34
7 8 32
12 14 27
23 1 34
11 13 18
5 8 41
9 12 28
1 3 43
16 18 18
6 10 26
16 19 29
22 1 14
2 4 8
0 3 17
2 4 21
2 3 17
21 0 25
7 11 28
23 1 32
11 13 8
6 10 22
12 15 3
12 15 43
13 16 15
3 4 41
1 5 13
5 8 13
14 16 6
16 21 32
14 20 37
14 18 38
2 5 1
17 21 22
10 13 14
11 13 19
12 16 34
3 6 13
3 7 36
9 11 14
19 22 30
12 15 14
4 6 27
14 16 12
22 0 22
17 21 11
9 10 41
7 11 20
19 23 11
18 20 31
23 3 20
17 20 42
22 0 4
11 13 31
2 4 11
5 7 7
15 18 35
8 12 19
1 4 33
21 0 10
22 1 13
1 4 22
3 6 7
10 13 24
14 17 11
7 9 23
21 0 28
14 16 37
0 3 15
8 12 28
8 11 23
21 0 9
18 21 11
9 12 18
4 7 20
19 0 11
12 13 19
7 9 32
16 18 21
10 14 34
16 18 36
12 15 40
3 7 9
12 14 33
8 11 29
2 5 11
13 15 30
15 19 26
7 9 4
19 21 38
13 17 5
22 2 22
21 23 14
10 13 15
15 16 31
4 5 41
15 16 34
2 5 33
20 23 33
16 21 27
13 16 11
1 4 20
20 22 15
2 6 15
21 1 40
11 15 4
2 5 37
20 22 32
12 16 40
21 0 14
11 13 5
8 10 39
1 5 28
15 16 7
17 20 26
16 20 40
22 2 25
0 3 31
8 10 34
4 8 5
13 16 5
13 16 7
12 14 3
12 15 7
8 11 3
5 11 11
7 9 35
3 6 34
22 23 36
18 20 37
13 16 2
1 5 6
16 20 27
11 15 16
2 4 21
18 22 11
20 23 18
5 6 42
0 3 3
12 15 4
6 10 22
16 20 26
19 23 9
5 9 11
10 13 35
4 8 33
20 0 6
9 12 26
18 21 37
11 15 2
6 9 15
6 10 15
0 3 3
4 7 5
11 15 13
22 23 24
19 22 18
9 13 43
15 16 24
0 1 13
21 0 33
11 15 5
22 23 23
22 2 19
17 22 18
5 8 4
10 12 40
19 23 18
1 5 20
18 20 15
8 10 6
9 11 25
9 14 4
7 11 33
9 12 13
14 15 10
6 8 1
9 12 9
14 18 29
7 9 6
16 18 30
7 11 12
23 2 23
14 17 28
8 10 12
9 12 22
7 11 18
2 3 33
10 13 32
17 20 33
19 21 17
13 15 9
8 11 41
13 18 38
15 17 8
18 20 38
15 19 6
10 16 24
9 10 27
21 2 36
21 23 11
20 21 31
1 3 40
1 4 23
7 11 36
0 4 26
15 19 35
2 4 16
1 5 28
0 4 40
15 16 38
0 4 2
14 18 9
5 8 38
6 10 29
0 2 37
7 7 40
11 13 7
7 9 17
2 6 3
22 4 30
5 7 38
14 17 39
11 15 32
3 5 14
21 0 31
9 11 11
10 13 11
8 12 8
2 6 13
1 6 25
3 7 15
4 8 8
18 21 8
5 10 30
15 20 35
9 13 25
22 2 10
11 14 41
15 18 39
7 10 16
1 3 11
16 20 11
2 5 30
16 20 18
14 15 8
23 3 37
18 21 38
12 14 24
0 4 31
6 8 9
20 22 34
15 21 16
3 6 40
2 6 2
6 8 24
23 3 20
0 2 29
12 14 14
12 16 39
15 18 35
6 9 2
7 11 38
21 1 2
12 13 22
18 20 43
4 8 22
10 13 26
5 6 19
5 7 42
7 9 4
9 12 36
19 21 29
20 0 6
8 12 36
5 6 2
3 5 37
15 19 7
21 1 19
9 13 39
3 6 18
15 18 21
10 14 26
3 5 3
6 10 36
16 19 40
9 12 18
15 20 6
20 23 43
18 22 23
16 19 30
8 13 33
19 21 11
4 7 31
21 0 21
21 1 30
13 15 27
14 18 10
8 11 13
0 2 25
21 23 28
19 21 26
0 4 15
20 1 11
3 7 39
3 6 12
5 8 36
2 6 9
7 12 13
0 4 4
8 11 21
11 13 35
1 5 14
10 14 26
8 11 4
20 0 40
4 7 23
16 19 14
18 21 17
2 7 29
8 12 17
17 20 36
11 14 16
17 20 21
19 22 43
16 19 13
18 21 7
9 12 21
2 6 39
21 1 4
12 15 31
23 4 35
16 19 8
10 14 34
6 10 35
20 22 25
23 3 30
1 5 38
20 23 19
12 15 24
13 16 24
1 4 7
19 21 34
18 22 12
23 3 24
15 17 15
5 9 30
6 9 21
21 0 6
11 14 9
5 7 38
19 21 17
7 9 23
14 16 8
15 17 28
8 10 31
4 8 39
9 13 6
16 20 20
22 0 24
16 21 28
5 8 13
8 10 30
5 10 43
15 17 35
13 15 14
8 12 17
2 4 30
4 7 23
13 15 11
0 2 11
23 2 13
3 7 18
12 17 38
5 7 19
4 7 5
11 15 43
8 10 13
2 5 12
2 6 15
4 6 18
19 21 36
8 10 14
7 10 6
15 16 38
20 0 30
6 8 17
2 4 1
6 11 19
4 6 4
6 8 6
19 22 43
0 3 7
7 11 7
18 21 34
18 20 35
23 3 33
16 19 2
11 13 32
4 8 41
20 23 32
13 16 33
17 19 6
21 0 5
12 13 4
0 3 16
6 9 30
22 2 30
9 15 15
7 11 25
9 12 31
2 4 23
5 8 2
15 17 31
21 23 20
8 11 27
2 4 21
0 3 39
8 12 20
21 22 32
11 14 30
15 18 23
18 20 36
13 16 12
22 0 36
19 23 40
5 7 38
4 7 33
15 18 36
0 3 12
9 11 10
5 6 5
4 6 30
0 4 29
7 10 34
10 14 29
2 6 7
15 18 15
5 11 17
12 14 32
22 1 8
23 1 35
14 16 5
16 19 4
12 15 19
17 19 5
8 11 6
19 22 8
3 7 31
14 16 39
23 1 38
15 18 4
10 12 7
22 0 14
15 19 4
14 17 30
8 10 19
8 11 36
23 2 42
12 16 28
7 9 13
8 11 11
13 18 32
23 2 26
5 9 7
11 14 21
7 10 34
0 3 6
4 6 29
6 9 23
16 19 23
1 3 21
13 16 38
12 16 29
19 22 43
12 15 26
15 18 5
17 21 16
23 3 23
6 9 4
9 12 40
19 21 35
2 4 12
8 11 13
4 7 4
15 19 9
18 23 30
5 8 10
12 16 26
3 6 5
0 3 2
23 2 19
15 18 43
4 4 42
23 1 31
7 10 35
15 16 18
13 17 16
7 12 23
16 20 20
8 11 34
6 9 11
17 21 21
10 12 40
6 8 33
5 9 40
10 12 15
14 17 1
18 19 40
13 17 22
2 4 19
6 8 23
16 19 15
13 15 27
23 1 29
23 2 4
22 1 30
15 19 23
20 23 34
9 12 15
18 22 8
0 4 5
12 16 28
18 21 32
18 21 5
12 13 34
2 5 28
10 13 18
8 11 9
11 14 27
7 11 32
23 1 5
8 12 28
5 8 21
23 3 23
21 0 18
7 11 42
21 23 19
18 22 20
14 16 26
21 0 40
22 1 31
16 20 28
20 23 34
5 10 31
23 3 6
1 3 37
20 0 17
7 11 33
9 12 12
3 8 29
14 18 24
15 19 24
1 4 35
10 12 15
16 19 18
23 0 22
10 13 19
8 10 22
18 21 7
23 4 17
0 3 24
10 13 14
22 23 30
20 23 33
22 1 6
13 16 8
11 14 3
11 14 35
5 9 32
6 9 36
4 7 38
2 4 8
14 18 35
20 0 23
12 14 27
8 13 1
12 16 13
23 4 41
6 7 16
10 13 38
1 5 35
17 21 35
10 15 36
14 19 12
21 0 29
21 0 3
16 18 20
5 9 43
4 6 5
10 13 3
3 4 35
10 13 34
5 7 1
19 23 41
1 3 14
22 2 19
22 1 19
21 23 38
5 9 3
1 5 9
17 20 20
13 16 32
8 12 41
4 6 25
16 18 8
1 5 35
17 21 37
12 14 20
13 16 9
23 0 31
22 1 30
23 2 30
0 4 28
20 22 27
22 0 30
22 2 42
12 13 32
11 17 43
4 7 7
16 20 4
1 3 13
13 17 20
15 18 40
0 3 13
12 14 41
0 4 2
18 20 35
8 13 15
17 19 38
1 4 12
0 2 7
7 10 37
22 0 10
7 10 43
9 12 14
19 21 12
14 18 11
17 20 8
17 21 9
19 0 31
0 1 8
17 19 9
15 18 25
10 11 27
16 19 30
0 3 12
5 8 21
0 3 37
2 5 22
12 14 40
17 21 15
16 18 35
17 20 12
1 3 17
5 10 35
12 16 35
6 10 9
19 23 12
12 14 37
0 3 11
2 5 16
3 7 34
17 21 26
4 7 7
4 6 22
8 9 38
4 7 32
15 19 30
0 4 5
1 2 24
19 22 20
15 18 33
4 7 31
15 20 26
6 8 28
10 12 34
11 15 19
18 21 42
16 18 14
20 0 32
3 6 20
7 11 20
3 5 10
1 4 9
12 14 19
8 12 26
10 12 5
15 18 32
14 18 19
10 12 19
23 2 2
7 10 29
10 13 5
18 19 28
13 15 6
1 3 18
10 14 18
1 5 40
0 2 34
6 10 9
6 11 16
21 23 13
3 7 40
19 21 19
23 2 7
10 14 16
23 3 6
16 20 26
11 14 21
19 23 17
4 7 37
2 5 34
1 4 21
10 13 28
6 7 19
8 12 2
7 10 10
16 21 37
3 5 20
2 4 33
14 16 21
3 7 35
10 13 41
22 1 2
23 1 13
20 0 18
17 20 34
1 4 37
5 8 30
14 17 15
18 22 6
18 23 20
14 16 37
4 6 32
17 20 10
9 11 27
0 5 37
21 0 37
8 13 3
16 20 19
20 22 11
20 0 14
21 0 40
1 3 34
12 15 26
21 0 42
13 16 15
2 5 1
6 8 41
0 5 27
17 20 19
12 15 15
6 8 19
8 11 41
15 18 11
6 10 4
16 18 27
9 11 21
13 15 4
16 18 11
10 13 30
8 12 19
18 20 17
9 13 32
8 10 15
11 15 38
15 19 32
20 0 28
17 20 32
19 23 23
1 5 10
2 4 24
2 5 8
9 14 25
10 13 37
6 10 8
4 7 43
23 3 27
18 20 3
16 21 4
21 1 2
9 11 8
13 16 37
2 5 3
8 11 21
16 18 27
11 13 13
3 6 24
12 15 26
11 14 35
11 14 19
16 20 38
10 12 5
22 23 29
4 9 11
15 17 27
8 11 34
9 11 6
10 12 36
19 21 27
22 2 19
12 14 7
20 23 34
23 3 18
1 3 31
0 1 30
1 3 8
22 1 3
22 0 29
5 8 41
0 3 6
15 19 32
18 20 17
16 20 1
12 15 8
3 6 8
2 6 27
18 21 11
16 20 7
20 23 20
10 12 18
4 7 8
3 5 18
5 9 24
21 0 9
3 7 34
21 23 6
4 7 24
9 11 6
23 3 17
16 19 23
17 19 28
23 3 29
16 18 27
13 17 29
0 1 42
22 0 6
5 8 29
12 15 20
16 18 38
10 12 2
6 8 26
11 15 8
18 22 25
20 23 16
12 14 35
22 3 25
3 5 35
3 5 14
5 8 27
15 19 10
21 1 13
12 15 31
10 14 39
10 14 27
9 11 36
0 3 32
7 10 32
16 18 36
14 16 34
3 4 15
3 6 11
22 0 36
16 20 15
10 15 8
0 3 15
7 10 30
13 16 33
1 4 8
2 7 3
21 0 30
10 13 38
14 19 9
1 4 4
3 6 8
10 14 13
6 9 33
9 12 39
6 10 41
18 21 39
12 14 34
15 17 38
12 16 37
0 3 2
6 8 43
8 10 7
18 21 27
2 5 21
2 5 38
5 8 10
6 8 30
1 5 30
14 17 25
15 18 10
17 21 11
19 21 21
11 15 5
13 17 39
10 13 31
23 2 29
18 22 16
13 14 4
10 14 39
12 16 1
5 8 13
19 22 15
17 19 20
12 14 14
15 19 23
8 11 22
10 13 18
3 6 16
5 8 4
0 2 9
12 17 29
19 23 23
5 8 22
13 15 39
16 19 29
12 15 42
2 5 10
1 7 37
22 23 5
11 12 40
8 12 16
8 12 10
12 15 35
20 21 36
8 11 14
9 13 17
8 12 29
5 8 6
12 15 27
9 12 29
8 11 20
4 7 42
9 12 3
21 1 29
14 18 31
14 16 28
0 2 42
0 2 34
1 4 23
0 2 35
8 11 15
18 21 32
18 21 42
15 17 20
3 6 5
18 20 27
2 5 17
19 0 2
13 17 25
14 18 6
13 15 20
13 15 33
0 3 5
4 7 37
9 13 15
6 8 22
15 19 12
22 1 36
19 20 27
13 16 35
13 16 9
1 4 19
19 20 11
16 20 27
20 23 41
12 14 25
11 16 29
16 19 22
12 15 8
23 3 35
0 3 26
10 14 12
10 15 30
18 21 4
22 0 38
6 10 31
22 1 37
9 13 26
22 1 23
18 20 3
4 6 10
9 11 42
11 14 3
15 18 9
13 14 16
1 3 1
8 12 20
0 3 29
6 8 31
0 3 37
12 14 24
21 0 17
11 16 18
15 18 41
7 10 31
3 7 40
20 23 13
6 9 2
4 6 42
16 18 3
8 13 36
0 3 42
8 10 10
21 22 38
21 23 6
0 2 33
7 10 22
4 7 6
6 8 15
16 18 38
12 14 37
9 11 30
5 8 5
0 2 3
23 1 16
1 4 7
19 21 36
16 21 1
23 2 38
2 5 35
5 7 25
3 7 19
7 10 19
6 10 5
2 7 8
14 17 23
22 2 39
7 10 27
7 10 23
10 12 12
17 21 24
2 6 14
19 20 33
13 16 19
7 12 12
21 23 37
0 3 22
15 17 2
3 5 36
22 0 5
4 7 17
21 0 15
18 23 31
10 11 41
16 20 15
17 20 15
5 9 22
6 9 26
5 10 18
7 9 37
22 2 31
14 17 40
11 13 36
8 12 22
17 19 21
22 2 11
15 18 7
21 0 13
19 21 36
7 8 20
15 18 37
19 21 38
15 19 39
17 21 17
18 22 33
19 23 42
17 19 20
3 6 12
5 7 18
11 14 42
12 14 3
6 10 10
19 21 28
14 16 13
16 20 31
17 20 19
17 20 13
8 11 27
18 22 4
13 17 21
12 12 13
4 8 30
19 23 23
8 11 17
7 10 11
16 19 37
6 10 17
11 12 32
18 20 9
1 3 28
2 5 16
1 4 2
4 7 41
10 13 32
23 2 40
8 11 28
22 3 30
21 1 3
9 13 40
7 10 3
0 4 21
16 21 40
17 21 12
10 13 25
5 8 10
0 4 16
22 2 35
5 9 19
11 14 38
10 13 8
8 10 12
2 5 25
6 8 16
1 3 14
10 10 20
4 9 32
20 23 33
16 19 42
7 9 2
5 8 35
16 20 20
20 0 36
11 14 7
3 7 37
17 20 3
8 9 42
17 20 25
15 17 36
18 21 19
9 11 5
8 12 42
20 23 15
22 2 27
9 11 31
8 12 5
7 9 3
14 16 4
7 9 33
11 15 30
5 8 18
12 15 39
18 18 32
6 9 38
21 23 12
2 6 25
7 10 40
3 5 42
10 14 34
15 19 22
7 9 4
8 11 8
19 0 24
11 15 41
3 5 31
2 5 35
3 5 40
10 12 16
7 13 33
3 5 25
2 5 18
5 10 16
0 2 15
10 12 20
2 6 16
2 6 42
1 3 13
20 22 30
18 21 41
12 15 37
16 19 1
18 20 18
17 20 14
3 5 15
0 2 38
7 9 40
13 18 43
4 7 22
8 12 18
22 22 32
4 6 3
7 9 33
23 0 37
20 22 30
16 21 28
10 15 4
5 10 19
21 23 8
15 18 13
17 19 8
6 9 37
3 5 31
12 15 40
4 5 8
9 10 34
1 3 18
17 22 37
18 21 40
2 4 42
12 15 43
22 0 28
13 17 36
15 18 19
19 21 4
16 19 9
15 18 2
11 14 37
0 4 37
7 10 11
12 17 25
23 3 5
11 13 39
7 10 33
11 14 6
19 22 36
9 12 33
6 9 3
14 17 41
5 7 13
22 2 25
4 8 7
14 18 27
20 0 24
20 23 39
21 0 16
13 15 7
16 20 37
5 9 29
17 19 16
6 8 33
21 23 12
1 3 22
20 23 37
17 20 19
11 15 36
23 3 18
0 3 10
15 19 37
19 22 31
20 23 8
16 19 16
23 0 32
12 15 39
16 19 35
3 6 14
22 1 16
1 6 39
20 0 11
10 13 25
8 12 29
1 5 23
20 22 20
21 2 3
15 18 4
20 22 19
8 12 14
0 3 27
13 15 25
4 8 39
8 13 37
19 21 26
0 3 33
1 4 40
22 2 7
21 0 35
12 15 32
16 18 2
17 20 21
13 16 19
17 21 9
4 8 15
6 8 43
2 6 1
0 5 24
3 6 6
14 17 1
9 11 18
19 0 3
8 9 36
1 2 28
0 3 41
16 18 20
16 20 9
6 9 28
13 17 29
19 22 24
8 11 36
12 15 22
3 5 2
8 12 38
1 3 3
21 23 28
9 11 22
22 2 40
14 18 40
4 8 25
6 8 40
1 5 4
8 11 5
13 17 2
12 16 18
11 14 6
8 13 32
12 16 31
5 10 29
20 1 24
3 4 37
6 10 3
18 20 10
21 1 38
14 17 34
14 16 6
5 8 29
1 3 9
6 8 29
21 1 35
6 8 13
4 7 3
16 18 10
10 12 18
1 3 31
21 0 34
22 1 21
3 6 14
11 14 22
12 17 34
4 7 43
5 7 39
4 6 29
9 11 19
12 13 5
0 4 43
3 5 33
21 23 16
15 19 32
8 12 17
21 23 20
10 12 11
16 19 29
10 12 41
18 22 31
5 7 26
4 7 7
6 7 38
18 21 23
19 22 20
22 0 35
2 5 6
9 13 25
0 3 40
5 8 8
10 13 29
18 22 28
14 17 16
19 20 4
6 11 25
18 21 14
17 21 1
16 19 34
21 1 14
12 15 22
11 14 1
14 17 37
22 1 7
11 13 42
0 3 29
20 1 34
15 17 9
8 11 42
7 10 27
6 10 20
19 22 3
2 4 39
20 0 6
11 14 18
8 10 42
12 16 7
14 16 13
3 8 4
11 13 31
2 4 6
12 15 21
1 5 29
23 2 37
3 6 17
19 20 26
18 22 42
12 16 39
5 9 42
13 15 6
21 23 10
16 19 27
10 13 18
2 7 12
11 13 15
5 9 27
16 19 28
3 5 1
9 13 43
17 21 17
19 22 24
5 10 43
21 1 20
11 13 11
12 16 37
18 21 43
4 6 36
17 18 12
8 12 20
20 0 20
21 0 14
7 8 15
6 8 23
9 14 27
12 14 25
10 15 8
7 11 14
13 18 13
13 18 35
12 15 4
9 9 38
23 2 36
20 22 35
18 21 32
16 19 16
8 11 38
11 15 3
11 14 5
12 16 25
11 12 27
13 17 9
19 23 15
18 21 22
14 16 38
5 6 2
13 15 24
13 16 11
20 21 11
23 1 31
5 7 28
14 16 36
9 12 32
9 12 12
22 1 11
10 13 20
10 13 31
3 5 39
22 2 28
19 22 6
17 21 5
15 18 12
10 13 24
4 8 10
16 17 39
7 10 20
3 6 22
9 11 25
14 16 42
17 19 24
2 4 2
10 13 17
5 9 4
12 14 21
12 16 18
10 13 3
18 21 32
13 16 32
14 18 41
14 17 33
1 5 11
6 10 25
4 9 3
2 3 42
7 10 30
3 5 34
5 9 8
19 22 7
12 16 20
19 0 32
2 4 10
4 7 27
15 17 29
11 16 17
23 4 41
1 5 16
20 21 22
0 3 33
22 0 21
14 16 36
19 0 30
14 17 32
9 11 5
21 2 6
0 4 18
21 0 14
8 11 6
22 1 39
23 2 32
5 9 12
8 10 36
14 18 22
20 2 35
19 22 24
21 0 10
14 18 38
17 19 39
13 14 1
15 17 41
10 12 25
15 18 16
10 15 8
6 10 30
22 23 25
18 20 37
5 9 40
18 20 37
6 8 16
4 7 36
0 2 29
14 16 10
1 4 30
1 3 8
6 8 22
10 12 35
13 16 9
22 1 40
20 0 31
20 22 24
2 6 22
18 23 8
20 23 43
2 5 21
18 22 36
14 17 4
22 2 16
11 14 28
4 7 19
23 2 4
23 2 38
2 3 32
13 14 37
17 21 21
4 6 21
18 20 15
13 16 36
17 21 26
23 0 11
16 19 2
11 14 9
18 21 41
12 15 41
23 3 28
22 0 24
21 1 15
5 8 35
12 15 2
21 0 13
13 17 17
5 9 24
23 1 19
11 15 42
4 6 14
11 13 13
0 4 43
15 19 32
4 5 41
2 5 43
8 11 38
13 17 25
18 23 22
6 8 10
8 11 15
19 23 29
12 15 5
13 17 3
12 15 10
12 15 6
15 18 15
13 15 35
16 20 4
1 4 5
15 16 6
7 10 42
0 4 1
22 23 28
20 22 36
9 10 27
23 2 9
8 12 30
23 2 38
18 21 3
0 3 31
21 0 11
16 18 33
10 12 38
2 4 34
5 9 10
22 23 43
6 8 2
5 7 7
3 5 16
12 16 4
6 8 7
19 22 14
17 21 6
1 5 9
9 12 19
6 7 25
11 14 27
21 0 27
12 16 29
12 15 8
8 11 22
21 0 3
15 18 11
10 12 8
23 1 26
10 12 40
1 4 15
1 2 21
10 14 33
7 10 6
12 16 20
17 20 17
21 23 15
22 2 22
21 1 31
18 21 10
10 14 18
19 22 5
14 16 16
5 8 14
4 7 41
2 4 39
22 23 17
17 19 11
18 22 5
3 5 32
6 11 2
12 14 34
7 11 8
4 6 33
10 15 30
21 1 15
16 17 12
2 5 39
12 14 18
18 21 17
22 23 29
0 4 9
12 17 29
4 5 30
8 11 18
22 2 5
3 6 41
9 12 5
14 15 25
1 3 18
16 19 41
3 6 33
19 22 36
10 14 21
2 6 21
12 16 29
3 6 3
23 1 17
0 3 12
14 17 31
4 8 26
3 6 30
3 6 9
4 6 15
21 2 37
21 23 25
23 3 34
3 7 10
19 0 7
21 0 3
17 20 8
12 15 36
6 11 33
23 2 18
7 10 38
14 18 37
4 6 10
22 1 32
2 5 6
3 6 22
4 9 12
4 8 7
4 5 28
7 10 34
4 8 27
1 4 27
8 11 2
13 18 11
20 23 28
5 8 43
3 7 22
9 10 5
12 13 4
8 12 30
9 13 1
17 19 24
8 9 22
0 6 37
12 15 41
15 19 11
2 5 11
3 6 31
3 5 1
10 14 28
13 15 35
18 21 8
4 6 21
4 8 18
0 3 28
18 22 37
4 6 6
22 3 4
4 7 10
16 19 5
4 6 13
17 20 31
7 11 37
19 22 39
12 16 2
9 12 40
14 18 15
22 2 35
16 20 42
9 12 20
3 7 32
2 5 33
17 19 3
13 15 40
17 21 21
6 8 36
3 8 6
12 16 7
15 18 18
7 8 7
7 10 34
1 4 30
21 0 27
12 15 9
21 1 2
8 12 39
9 12 8
9 11 1
5 7 19
9 11 38
7 10 10
6 8 36
13 16 28
15 19 32
5 7 3
6 7 10
23 2 38
17 18 9
4 6 42
6 11 36
22 0 15
3 5 30
19 22 11
4 7 3
7 11 10
5 8 1
23 2 7
2 4 4
23 1 24
8 12 37
13 16 6
11 14 28
15 18 15
19 21 19
5 8 39
0 3 10
6 8 6
7 10 22
12 16 12
2 6 15
2 6 38
13 16 37
19 23 12
10 13 33
8 12 28
5 6 39
19 22 31
0 4 19
6 9 21
4 7 32
19 23 37
6 9 27
17 18 41
9 13 29
19 22 20
2 4 9
15 19 6
5 9 41
14 18 2
13 14 22
13 17 23
1 3 13
16 19 9
6 8 22
23 1 37
16 19 11
7 8 4
6 10 22
7 10 15
7 10 1
13 15 1
23 3 9
3 7 26
18 23 37
18 20 10
0 4 20
20 0 31
17 21 31
20 0 8
22 0 27
12 14 10
0 4 13
3 7 40
5 8 19
12 15 9
7 11 22
15 19 10
8 11 21
6 9 37
1 3 10
3 6 10
7 11 41
22 1 6
14 19 33
13 17 36
16 18 15
21 1 39
17 19 9
16 17 38
4 4 17
3 6 40
2 5 24
1 4 23
6 11 6
2 4 22
0 3 29
21 23 22
3 6 27
0 2 30
5 6 27
2 5 4
19 22 26
21 0 16
5 8 39
2 5 16
5 7 1
18 21 20
15 17 4
18 20 15
22 0 11
2 4 32
2 5 35
2 5 26
14 16 14
21 23 2
17 20 40
5 7 7
19 23 15
7 9 31
23 2 37
14 16 43
11 13 19
22 23 12
17 20 31
2 4 35
1 5 25
14 15 22
22 0 26
4 5 43
23 2 37
17 19 13
21 23 35
8 12 26
14 16 13
0 4 24
12 15 31
22 23 14
17 18 36
6 9 32
14 16 34
22 23 37
8 11 18
7 9 13
18 21 33
21 1 10
6 9 5
22 1 3
2 4 36
5 8 34
18 20 39
5 7 22
23 2 4
5 6 20
18 20 12
1 6 2
4 7 28
0 3 26
18 21 29
17 21 18
1 4 2
15 18 22
12 16 33
5 8 1
10 14 39
21 0 43
4 7 35
10 15 13
8 11 26
19 21 25
17 20 6
6 9 37
20 22 31
17 21 31
23 1 42
18 21 15
8 11 34
19 23 10
13 19 34
10 15 10
7 10 14
7 10 38
7 8 30
4 8 8
16 21 16
7 11 18
22 1 25
17 20 6
12 15 30
15 18 22
4 9 20
7 9 20
6 9 33
16 18 31
7 9 43
1 5 37
15 17 36
3 5 9
14 18 17
4 7 14
3 6 29
3 4 26
4 7 4
1 4 27
23 2 11
12 15 1
1 3 3
21 1 13
17 18 39
23 2 33
3 7 19
23 1 7
19 21 9
12 15 38
12 14 4
5 7 28
19 21 43
11 13 5
3 5 25
10 13 1
6 8 34
10 12 33
11 14 14
3 6 34
18 21 30
11 11 43
4 7 32
12 15 37
19 0 16
0 2 21
18 20 28
19 22 3
23 0 29
18 21 26
17 21 28
9 12 31
10 13 36
19 0 27
11 14 9
23 4 16
15 20 31
13 15 3
21 23 10
11 15 16
5 8 31
7 8 5
20 0 16
1 5 33
16 18 2
13 17 1
12 15 10
23 2 17
2 4 31
7 9 24
13 17 33
6 9 12
1 4 30
0 3 22
5 7 28
16 17 7
12 15 33
1 4 21
8 12 43
2 5 11
22 1 7
10 14 1
13 13 28
21 0 22
9 12 8
21 23 3
16 18 33
12 15 12
10 16 30
17 20 14
19 20 28
4 6 33
22 0 27
19 23 41
20 22 4
0 4 6
1 5 1
2 4 39
10 13 35
8 11 4
12 15 22
21 22 38
20 23 23
23 2 20
3 6 8
11 15 7
22 1 1
23 3 38
23 2 10
9 12 17
6 9 41
15 18 24
10 11 43
15 19 35
6 10 7
7 11 13
10 12 14
12 14 33
4 5 21
14 15 32
21 23 27
0 5 18
16 21 3
18 21 17
9 13 23
1 2 35
16 19 18
21 0 1
23 1 7
1 3 1
10 13 27
5 8 6
18 20 32
23 2 32
1 4 25
1 4 29
8 10 31
23 2 32
11 14 14
7 11 1
15 16 5
17 20 26
19 22 11
0 2 10
15 19 29
0 5 31
5 7 39
19 20 11
10 12 37
18 22 39
22 1 29
3 6 5
15 18 24
17 19 11
10 12 26
18 21 24
3 6 15
14 16 25
4 5 32
10 12 38
23 2 6
13 16 14
12 18 42
11 13 40
20 1 15
10 13 5
14 17 11
23 2 8
15 17 38
9 12 20
14 17 42
12 14 42
22 0 28
1 5 40
18 19 36
10 12 31
10 15 42
21 0 20
11 14 24
12 13 29
22 2 12
8 12 11
1 4 41
4 5 2
17 19 5
15 17 24
7 10 12
2 4 42
13 16 10
2 6 34
1 5 13
4 6 17
5 8 22
17 20 15
22 3 9
20 0 1
10 13 18
22 3 36
9 11 12
7 9 32
15 19 37
1 5 10
11 16 28
15 18 33
23 2 28
3 5 20
2 6 43
17 20 20
8 11 4
9 15 5
16 18 14
3 7 19
19 21 13
21 23 30
13 17 37
9 11 36
6 9 17
7 10 7
2 6 24
18 20 20
12 14 11
4 8 26
22 1 13
0 4 22
1 3 8
13 17 24
1 5 21
11 13 28
4 8 25
0 4 27
19 23 42
9 12 30
20 22 9
19 22 37
8 10 8
0 4 19
8 12 43
16 19 25
15 18 37
14 17 31
13 17 41
20 23 12
23 2 14
1 3 29
14 17 9
20 23 43
13 17 5
14 16 26
6 9 43
16 19 34
9 11 15
19 21 15
10 11 16
11 14 27
17 21 1
15 18 35
23 2 29
16 17 21
0 0 43
20 0 4
13 16 8
18 22 30
14 17 16
1 4 4
18 20 29
14 16 41
9 13 6
18 21 39
11 15 4
15 18 3
22 1 3
6 9 37
15 17 41
11 13 1
13 15 2
2 6 19
11 14 18
4 7 18
4 7 12
23 3 34
19 22 28
9 11 33
10 13 2
1 6 23
14 16 20
0 2 41
20 22 40
11 15 40
10 13 15
9 11 8
5 8 33
0 3 18
19 23 36
15 18 37
1 2 31
13 17 22
20 23 8
8 12 31
8 11 43
23 3 12
21 22 30
0 3 38
18 23 43
14 19 9
9 14 32
15 19 8
9 11 12
22 1 43
22 3 40
21 23 20
13 16 39
0 2 5
15 18 28
23 2 23
19 22 20
21 0 7
17 18 7
15 18 33
4 8 2
16 18 13
5 8 3
23 2 20
7 11 27
6 10 40
1 4 34
7 9 15
14 17 17
4 7 9
3 7 27
21 0 32
14 17 38
23 3 14
13 16 7
19 23 15
0 5 34
14 16 40
23 3 6
14 16 17
12 14 15
14 16 28
15 18 30
13 15 7
9 15 8
6 11 38
9 13 3
20 23 19
13 15 40
8 12 4
8 11 39
16 20 32
21 23 5
9 13 14
19 21 2
0 1 40
23 2 3
16 19 22
0 4 15
7 8 34
3 4 24
16 19 32
9 11 24
10 13 30
13 16 12
16 19 24
15 21 2
5 8 32
18 20 22
22 2 28
16 20 19
0 2 40
22 2 38
7 8 41
1 4 2
14 16 34
20 23 41
22 1 27
19 23 30
14 17 40
8 12 20
18 22 27
22 2 32
9 10 11
22 0 14
12 17 33
18 21 2
0 3 26
7 9 28
18 23 16
18 22 5
18 21 2
13 17 18
12 15 9
6 10 5
3 8 40
8 10 26
21 1 6
0 3 24
3 7 9
13 15 38
10 13 10
7 10 43
17 19 8
8 11 32
10 13 16
9 12 1
5 8 43
13 16 40
23 1 14
2 5 5
10 13 7
18 20 7
7 9 20
2 4 38
12 16 17
3 4 18
21 0 30
5 8 3
4 7 9
7 10 30
23 3 19
5 9 28
8 10 36
4 7 42
2 5 32
3 7 31
17 21 3
5 9 13
17 20 25
13 17 43
15 17 32
23 0 37
20 0 18
8 10 17
9 13 33
23 1 17
7 11 26
14 17 18
4 7 3
15 18 14
0 3 26
15 20 25
11 15 43
2 4 10
5 9 15
23 2 36
0 2 29
23 1 17
14 16 14
2 4 19
12 15 17
23 3 24
19 21 1
12 15 1
12 16 12
18 21 5
13 14 20
19 21 30
16 19 4
15 18 18
16 20 4
20 22 37
15 17 17
2 4 7
16 19 7
2 5 42
20 22 20
3 7 32
6 9 28
17 20 38
3 5 21
9 12 16
3 6 3
17 19 28
5 8 2
11 14 14
2 5 21
21 0 9
8 11 20
10 14 37
12 15 21
17 20 36
23 3 23
14 15 23
19 22 42
10 13 38
11 13 34
4 7 1
14 16 39
1 5 31
8 12 8
9 13 8
21 0 2
6 8 17
11 13 3
6 10 42
19 21 41
13 15 43
0 4 33
2 4 23
15 17 5
14 17 31
4 8 3
20 22 1
14 19 34
12 16 20
21 1 30
6 8 1
2 4 43
20 1 39
20 23 3
11 13 5
16 19 16
22 3 42
13 17 2
8 13 12
4 7 2
15 18 28
2 5 6
3 6 32
16 17 10
5 10 13
2 4 18
21 1 18
5 6 25
2 5 22
18 20 16
0 3 30
12 17 3
7 9 22
12 14 43
7 10 24
23 2 3
15 18 21
15 19 7
12 15 34
12 15 42
11 15 20
1 4 23
1 5 25
17 19 22
1 4 28
19 0 10
13 15 10
22 2 4
10 13 9
13 15 29
9 12 22
17 19 17
15 18 5
8 10 16
8 8 38
20 22 11
21 0 3
6 10 41
0 4 32
19 23 33
8 10 17
21 0 38
14 16 37
2 5 37
21 1 26
19 22 40
12 13 20
7 10 27
6 7 3
15 18 12
1 5 16
16 20 11
14 16 30
3 6 27
0 2 28
8 10 8
22 2 17
8 13 35
23 2 25
17 20 15
17 20 23
23 1 2
9 12 30
5 7 19
9 12 22
1 5 28
13 17 9
12 15 36
11 16 14
17 21 37
19 22 35
2 4 7
10 14 20
9 12 35
14 17 8
14 18 40
14 18 6
22 4 14
11 13 4
6 8 40
1 5 13
0 5 20
1 4 10
8 10 41
14 18 6
16 18 24
23 1 37
15 20 30
21 23 10
20 1 35
4 6 14
12 16 23
2 4 42
4 7 21
19 21 20
18 19 16
14 16 1
2 5 7
14 17 30
5 8 7
22 2 16
5 7 38
14 17 22
10 15 3
18 21 35
5 9 5
23 3 5
18 21 3
20 23 20
8 13 8
12 16 32
2 4 23
15 21 39
2 5 4
1 4 3
11 13 29
20 0 21
3 4 8
3 6 17
8 11 24
15 17 8
13 17 14
13 16 9
16 17 3
8 11 23
9 14 21
21 0 23
10 13 26
16 19 39
15 18 31
5 7 36
18 20 3
10 13 19
8 10 15
23 1 13
16 18 16
1 4 25
19 22 20
3 7 38
12 15 19
1 3 30
22 1 15
21 23 37
13 16 6
13 15 36
18 22 19
23 2 33
1 6 12
5 7 3
6 11 28
19 21 21
19 21 30
13 17 35
10 13 36
3 6 9
12 14 10
13 16 17
11 15 37
4 8 18
15 19 42
1 5 26
21 0 38
21 0 32
19 22 25
14 17 7
9 13 15
3 6 1
8 11 43
11 14 2
10 11 42
16 20 38
12 16 35
5 7 24
6 9 28
18 20 27
15 17 14
14 18 42
18 21 9
11 14 25
3 5 10
21 1 12
1 3 10
3 6 22
14 16 29
23 1 33
2 5 41
2 6 42
18 23 20
21 0 37
6 10 30
17 21 21
17 19 13
11 12 11
7 9 2
8 12 5
19 22 20
23 2 41
15 18 35
7 10 10
8 12 23
10 15 8
17 20 43
5 5 36
22 0 25
16 21 13
11 15 25
9 12 38
9 12 23
17 18 7
3 8 10
19 21 29
15 18 34
17 20 10
9 12 9
6 10 34
2 6 37
16 20 25
10 14 30
7 10 32
17 21 30
23 1 15
6 9 10
4 8 13
16 18 23
1 6 35
9 11 10
10 13 7
6 10 43
21 1 12
14 18 6
16 21 29
13 17 31
11 13 22
17 20 37
10 12 34
6 8 24
2 4 37
3 7 40
11 14 9
18 22 16
8 11 11
15 18 37
2 5 42
12 16 13
19 20 6
1 3 20
10 12 43
23 1 4
3 6 37
17 18 22
2 5 9
17 20 39
1 5 32
18 19 22
1 6 9
2 6 12
13 17 20
9 10 40
4 8 32
20 21 38
4 6 20
9 12 15
10 12 17
22 0 18
6 10 31
11 15 22
13 15 18
3 4 5
16 20 11
12 16 42
17 20 34
23 2 40
22 1 17
0 4 28
8 11 7
12 13 32
9 13 33
14 18 6
22 1 21
0 3 21
23 4 27
16 17 13
14 16 23
5 9 11
22 2 27
21 0 38
2 6 7
7 10 14
7 8 1
4 6 18
17 18 31
7 10 30
17 20 7
7 11 42
7 10 30
9 11 25
2 6 31
14 16 10
0 3 32
6 9 38
3 5 4
0 3 10
5 7 22
22 23 19
7 10 42
13 15 23
15 18 32
5 6 21
13 16 27
15 19 40
3 7 25
2 6 39
12 17 3
15 18 23
7 11 22
11 13 24
8 12 18
3 5 24
21 0 20
12 14 20
18 20 39
4 7 3
15 17 43
9 13 24
3 5 33
15 18 8
12 14 39
7 10 5
11 13 3
13 16 4
0 3 18
11 12 29
9 13 20
11 13 30
9 12 31
22 1 12
20 23 3
9 12 3
11 15 13
20 22 6
23 3 21
11 13 35
16 19 26
13 16 31
20 0 36
18 22 20
17 18 8
13 15 29
3 5 17
1 5 1
1 4 28
13 18 26
22 0 9
14 18 2
5 6 6
10 14 28
7 9 24
0 2 40
6 10 20
14 17 34
5 6 36
23 0 41
21 22 15
22 1 18
17 19 34
16 19 39
20 23 23
0 3 8
8 11 38
20 22 12
3 5 39
1 2 12
13 17 11
18 20 38
13 16 25
3 7 40
20 0 42
10 12 8
9 12 35
11 13 2
18 21 21
12 15 16
6 8 1
16 20 12
4 5 8
12 15 17
8 10 20
18 20 30
5 8 20
1 5 8
16 20 20
22 1 40
5 8 1
8 10 1
18 21 18
5 6 10
0 2 1
13 16 9
19 22 11
13 15 3
15 20 6
9 14 35
1 3 26
7 11 1
2 4 26
2 3 43
7 11 15
19 22 3
22 2 30
12 14 7
13 16 18
13 17 13
2 5 20
21 21 31
7 10 39
23 3 40
7 10 11
3 6 7
18 21 12
1 4 31
8 10 21
9 13 38
14 16 14
11 14 22
16 19 29
11 14 27
6 10 16
4 8 31
16 19 35
12 15 7
13 18 24
2 4 6
10 13 21
18 21 7
16 19 23
11 14 16
2 5 19
12 15 11
3 6 9
15 18 12
10 13 34
10 13 19
15 17 2
12 16 7
3 5 26
14 16 31
5 10 1
12 15 22
9 10 20
10 14 20
21 1 31
1 4 24
4 8 40
10 13 23
11 15 5
21 0 29
10 13 13
10 13 38
8 11 15
17 21 16
2 6 9
14 16 13
23 4 7
14 17 17
17 20 31
1 4 1
15 15 39
4 9 15
3 4 22
23 2 18
10 13 39
9 14 34
21 0 27
7 10 36
0 4 33
0 4 11
7 10 39
22 1 4
14 18 37
7 10 38
1 4 35
15 17 24
13 17 3
20 20 12
0 3 38
18 22 27
4 8 29
22 2 11
20 1 42
10 13 31
22 1 19
19 23 15
4 6 41
14 17 19
6 9 2
5 9 31
3 7 20
16 18 30
5 7 37
23 2 31
15 19 8
2 4 26
8 11 11
0 4 14
4 7 9
16 19 17
3 5 1
9 12 14
17 20 24
6 8 14
17 20 9
9 12 23
7 10 33
3 7 16
13 15 29
18 21 29
14 18 5
1 4 23
16 19 10
15 19 16
14 17 20
0 3 18
20 23 12
1 6 33
23 2 37
13 18 9
12 16 35
22 1 7
17 21 40
12 14 34
14 18 30
2 8 42
4 8 23
16 20 15
20 21 5
2 4 5
17 18 34
0 1 40
14 17 32
9 12 27
15 18 25
10 12 11
17 19 4
11 14 24
18 21 22
11 13 23
7 11 17
1 4 12
11 14 36
5 8 34
6 8 19
5 10 23
11 14 36
9 11 12
10 12 28
2 4 17
15 15 9
14 18 8
23 2 41
4 7 29
15 17 34
17 21 5
5 8 43
21 22 26
15 18 1
0 2 13
13 16 6
18 20 36
5 7 24
22 1 43
2 5 11
20 23 23
19 21 9
7 10 38
18 19 25
3 6 3
23 0 34
3 7 6
16 19 42
13 18 29
12 14 41
15 18 28
0 4 23
1 5 6
7 10 22
0 3 39
6 11 41
22 1 15
18 20 28
2 4 4
11 14 16
21 2 29
11 13 28
2 5 7
4 6 22
16 19 43
2 5 4
7 9 43
13 17 27
19 21 42
17 18 3
9 12 41
13 16 21
8 11 40
22 23 8
18 19 15
9 12 2
0 3 34
18 21 42
2 5 34
3 7 15
9 11 26
5 8 20
8 13 36
21 23 8
8 11 16
0 2 4
14 15 9
23 1 6
21 23 6
6 12 19
5 9 41
11 13 20
19 22 28
9 12 39
21 0 7
13 17 39
16 20 10
3 8 18
18 22 25
18 22 29
2 4 3
22 2 18
21 23 29
12 16 1
11 16 30
3 7 14
16 19 18
6 8 25
7 10 5
17 19 34
6 9 23
7 11 27
6 7 28
22 0 43
2 5 1
3 7 29
22 1 24
4 7 21
2 4 22
1 4 36
11 14 14
14 18 28
22 0 9
22 0 8
11 13 23
11 14 13
19 22 23
12 15 30
3 7 9
4 7 38
15 16 15
9 12 13
12 14 9
1 4 24
4 8 8
2 7 5
4 8 14
17 21 42
16 18 43
12 15 29
17 21 22
8 10 26
12 15 43
14 19 33
0 3 24
0 4 14
2 5 16
17 19 23
17 18 27
3 7 43
11 13 27
18 20 14
5 9 31
11 14 6
1 3 15
11 15 31
4 8 8
7 9 22
15 16 20
1 4 32
4 9 5
15 17 41
1 3 28
2 6 24
8 11 28
15 17 34
18 20 10
12 16 37
10 11 30
16 19 40
6 8 4
13 15 38
21 1 20
5 7 9
19 23 2
15 18 18
7 12 10
1 4 43
9 12 22
2 5 12
1 3 20
15 16 25
3 5 9
7 11 36
2 5 30
3 7 22
22 2 17
23 3 33
6 9 36
17 19 26
5 8 11
9 13 15
15 19 14
16 20 18
11 15 7
21 0 14
10 14 27
14 17 21
14 17 6
18 20 3
4 8 40
18 21 32
1 3 1
9 12 34
12 15 42
14 17 26
3 6 5
15 18 12
12 16 11
17 18 29
6 10 37
5 7 15
11 15 21
18 22 41
0 3 4
16 18 11
7 11 39
12 16 5
12 14 28
20 23 14
22 2 22
13 18 13
1 4 19
3 5 24
10 14 30
20 0 13
5 7 10
16 18 24
7 9 43
18 21 32
1 5 36
23 1 5
2 5 36
18 21 19
18 21 29
3 7 42
4 9 17
10 13 11
18 21 35
20 0 27
9 13 24
19 21 18
17 20 41
1 3 23
5 8 16
23 3 15
6 9 36
22 23 12
22 0 5
1 4 40
7 11 16
21 23 42
22 1 19
1 3 9
9 11 16
9 13 30
2 5 24
23 0 19
13 17 32
0 4 37
21 0 4
15 19 23
9 12 4
8 10 9
20 22 20
6 10 19
3 5 16
11 12 30
3 7 23
5 8 2
0 3 19
6 9 8
10 12 41
14 17 31
8 10 16
6 9 41
5 7 35
13 17 6
14 17 12
12 15 7
13 16 9
6 9 11
0 2 29
14 18 25
9 11 43
21 0 32
7 9 23
20 0 21
9 11 2
6 9 38
11 15 14
6 9 33
23 1 20
14 17 3
11 15 31
10 13 27
23 1 20
1 3 37
23 2 40
23 1 1
13 15 20
21 0 37
19 21 38
21 2 33
14 20 41
6 7 23
20 0 27
17 21 21
17 20 31
5 9 33
22 1 2
22 2 14
8 9 30
13 16 33
12 15 8
3 6 33
21 2 29
21 0 39
5 7 3
19 22 31
8 9 24
7 10 31
16 20 5
23 1 10
15 18 18
20 2 33
8 10 26
17 21 16
4 8 25
23 1 39
20 23 17
13 18 4
14 18 22
0 2 29
13 16 24
6 9 20
12 15 35
21 22 20
12 14 41
16 19 8
9 12 29
9 11 19
8 11 28
10 13 1
11 15 15
9 14 4
22 0 41
3 6 7
9 10 35
0 3 18
15 18 31
13 16 26
14 15 17
1 4 10
19 0 18
1 3 29
23 2 9
2 3 29
12 15 11
7 9 4
5 7 20
23 4 43
21 0 12
5 6 9
11 13 30
12 16 41
16 17 20
14 16 3
17 19 38
2 5 9
21 0 23
19 23 37
5 8 13
3 6 39
3 7 17
6 8 31
12 13 18
11 11 8
21 1 21
14 17 6
22 1 7
6 11 42
15 19 43
21 23 34
23 3 43
5 8 10
12 16 18
3 6 2
1 3 8
0 4 43
18 23 30
19 23 18
10 13 19
9 12 1
2 5 30
8 12 33
20 23 23
13 17 13
18 22 35
6 9 14
5 9 43
5 8 42
8 11 7
20 22 30
2 6 13
13 15 33
16 20 20
2 4 10
1 5 42
1 4 15
11 14 32
12 15 36
21 0 28
22 1 26
18 22 4
22 1 17
4 6 6
3 5 27
15 18 18
10 13 14
23 0 30
1 5 27
14 17 11
4 7 34
2 6 30
17 20 26
13 15 7
23 0 43
7 11 25
18 21 4
1 3 10
21 1 41
12 14 21
18 19 11
1 3 14
13 16 14
13 17 6
22 2 21
8 12 9
9 11 13
20 23 3
19 21 21
2 6 34
6 7 40
16 20 28
5 7 17
19 22 11
2 5 29
16 18 24
9 12 14
19 22 32
1 5 42
13 17 43
11 14 16
19 23 42
3 6 38
13 18 18
5 9 33
5 7 26
10 14 32
5 7 10
1 3 42
17 20 14
14 17 14
20 0 14
19 22 36
8 12 13
10 12 10
18 21 24
1 5 33
0 5 5
12 16 37
4 6 2
12 16 24
1 4 33
11 15 2
4 8 1
3 6 33
22 23 39
11 15 2
12 15 18
7 10 21
14 17 16
0 2 32
2 7 34
8 11 22
17 19 9
0 4 4
19 21 14
6 9 43
23 3 31
22 0 5
0 4 24
9 11 40
14 17 30
18 22 43
11 14 41
16 20 10
4 8 5
0 4 42
8 10 1
7 10 27
1 5 31
11 15 18
8 9 15
0 3 3
11 14 37
2 5 6
4 8 27
14 18 5
2 4 2
9 11 35
20 22 42
13 16 30
22 2 18
16 16 14
2 5 41
22 0 31
21 22 42
4 6 35
0 3 9
3 4 37
19 23 1
15 18 35
6 9 3
4 7 36
18 21 17
4 6 15
4 5 24
0 2 15
5 8 13
20 1 30
18 21 13
5 8 33
0 4 7
4 8 1
2 3 24
7 10 29
0 3 5
21 0 12
5 8 10
23 4 22
20 22 42
23 2 14
2 6 37
21 1 22
15 19 32
5 6 29
13 15 23
3 4 31
12 15 33
8 10 17
19 22 29
13 16 9
22 2 34
9 13 32
6 10 21
19 21 28
21 2 1
10 15 10
22 0 11
15 19 26
16 18 23
22 0 4
17 19 10
14 16 42
18 21 21
1 5 24
12 15 1
19 21 12
13 15 40
11 16 42
4 8 29
7 10 26
3 6 35
14 17 1
2 6 6
10 15 15
8 12 22
1 5 34
20 23 37
6 9 36
13 15 24
9 12 22
21 0 25
10 13 38
6 11 19
6 8 2
8 13 43
11 14 37
0 3 11
21 1 8
22 1 31
16 19 7
2 6 30
1 4 24
0 1 15
11 15 15
5 9 4
7 13 5
8 9 25
5 9 35
9 12 33
5 7 18
21 23 12
5 8 13
20 23 18
7 9 12
7 9 7
4 7 3
10 11 6
14 19 24
10 13 16
12 15 28
5 6 14
16 19 10
3 4 6
14 17 9
12 15 34
4 7 37
12 14 13
23 1 20
12 15 40
22 1 28
18 20 14
1 3 26
17 21 27
3 7 24
7 9 4
21 23 22
21 23 13
14 17 7
14 19 11
3 6 4
2 4 32
5 10 34
9 13 4
15 19 6
2 4 42
23 3 40
19 23 10
3 6 39
12 15 16
22 2 32
2 5 9
17 20 5
5 9 25
18 21 25
6 10 31
7 10 35
19 21 3
7 8 10
3 6 3
1 5 5
8 11 24
9 13 10
0 3 38
10 13 14
3 5 36
9 12 37
16 16 37
14 17 37
7 10 39
21 1 16
5 7 30
21 0 7
17 19 30
11 13 12
7 9 18
9 11 30
0 3 31
0 1 43
20 0 3
9 12 11
9 13 12
7 10 4
5 9 25
10 12 39
2 4 7
20 23 7
9 13 12
2 4 21
19 21 2
11 15 42
13 15 26
6 8 10
10 14 41
15 17 36
19 21 6
13 16 1
18 19 5
11 14 34
22 0 35
12 16 17
0 4 12
1 4 1
22 2 40
23 0 14
3 6 28
13 16 42
18 20 16
10 12 16
8 11 22
12 16 33
20 0 21
4 9 35
9 12 42
3 7 30
5 7 15
3 7 5
15 19 38
10 13 4
15 17 14
6 9 29
5 9 23
21 1 1
10 15 15
13 16 5
12 15 41
17 21 28
19 23 21
9 10 10
23 3 30
16 19 10
19 23 23
10 13 42
23 2 25
2 5 15
18 21 24
19 22 4
10 12 1
8 11 31
12 16 14
16 19 8
14 18 37
8 11 7
5 8 35
13 16 17
20 22 36
1 3 34
17 19 25
5 7 3
14 18 18
10 13 3
15 17 41
16 20 1
13 15 27
10 13 7
14 16 38
6 8 16
6 8 25
7 11 27
12 15 36
4 5 12
14 17 30
5 8 31
1 2 26
23 2 3
6 11 8
1 4 13
16 19 18
22 0 8
19 0 6
3 5 35
17 19 16
20 23 34
12 14 5
5 8 36
7 10 32
7 10 43
4 7 39
14 17 2
20 1 1
22 1 21
2 6 17
13 17 21
4 8 27
14 16 37
3 6 29
14 16 3
0 1 26
18 22 26
13 17 2
21 0 6
0 2 43
19 23 43
23 1 29
23 2 9
9 14 15
13 16 43
10 12 32
18 19 11
21 23 28
2 5 35
15 18 27
22 0 14
9 12 29
1 5 11
7 10 37
8 10 22
3 6 25
1 5 20
20 21 36
19 21 29
13 14 17
3 6 5
0 3 38
16 18 26
19 21 38
19 22 43
17 20 3
22 2 3
10 12 3
9 11 13
9 13 27
13 14 38
2 4 8
18 21 22
2 6 20
10 13 21
19 22 31
10 11 7
22 0 38
9 12 33
13 16 1
22 2 14
8 11 31
3 5 19
16 20 8
4 7 7
16 19 23
1 5 39
11 15 29
19 22 8
20 21 31
7 11 22
11 14 19
2 4 13
17 17 18
15 18 3
5 8 6
18 19 25
17 19 24
20 0 9
3 6 35
4 8 26
1 5 20
10 14 14
10 13 42
4 6 28
9 13 12
11 15 36
2 5 32
17 20 12
23 3 2
6 9 39
11 14 17
21 23 23
17 19 5
18 22 42
17 20 6
22 0 22
15 19 1
5 8 41
13 16 41
5 8 41
5 9 20
18 20 29
6 11 25
2 5 5
8 12 25
11 13 27
2 5 21
7 11 16
8 11 36
14 18 27
2 6 3
8 12 31
5 9 9
16 20 21
23 2 24
6 10 35
1 4 18
12 14 5
13 16 39
4 7 32
10 14 35
6 9 36
5 8 24
20 21 15
7 10 12
3 4 37
9 11 24
4 5 26
17 21 33
15 18 25
19 22 15
1 3 14
1 4 19
21 22 31
3 6 20
11 14 1
13 18 15
11 13 20
0 2 15
0 3 32
9 13 5
15 19 43
22 2 37
14 17 36
12 13 26
19 23 41
16 19 23
12 14 42
20 23 6
23 0 41
5 9 19
11 15 31
18 22 27
21 22 37
8 11 13
3 5 11
1 4 5
13 15 34
12 17 36
5 8 30
11 12 28
4 7 21
17 20 29
11 15 34
18 22 6
13 16 31
10 14 6
17 20 32
20 22 20
23 2 33
19 23 37
1 5 27
2 5 28
5 8 31
7 11 5
16 19 42
20 22 28
7 11 25
12 15 43
21 0 34
5 8 42
11 14 17
0 4 19
2 5 39
13 16 40
0 2 23
8 10 30
15 17 20
13 14 41
6 9 16
0 2 42
7 9 39
1 4 34
23 1 1
17 19 27
7 9 23
13 15 14
9 11 29
11 12 13
7 10 22
4 6 9
23 2 19
11 13 26
16 19 3
9 11 1
9 13 2
14 17 31
4 6 7
12 17 32
17 21 40
4 4 22
23 0 30
23 0 38
18 22 40
16 19 25
19 21 5
16 18 25
10 12 29
7 9 40
1 3 38
21 0 2
20 22 6
13 16 35
12 16 38
14 18 41
17 21 41
8 10 14
10 15 7
11 14 19
9 11 3
8 10 33
8 11 42
4 6 38
21 1 26
0 4 26
15 17 32
7 11 24
22 0 31
16 18 9
3 5 2
9 14 6
23 1 8
15 19 2
23 0 32
1 4 11
18 22 4
17 22 19
6 10 4
18 20 24
10 11 24
3 7 27
2 5 24
12 16 12
9 14 38
17 21 35
4 8 41
21 1 13
5 10 23
18 21 18
17 20 28
19 22 14
19 22 35
3 7 16
16 20 8
16 19 31
21 2 8
23 2 7
5 7 30
8 11 21
23 2 13
12 15 40
18 22 34
4 8 43
21 1 15
16 18 34
9 12 42
1 5 33
5 9 39
11 13 38
17 20 10
13 17 11
1 4 43
6 8 43
17 19 11
15 18 5
8 12 31
13 16 20
18 20 41
21 0 8
20 23 14
5 6 2
19 21 32
21 0 14
22 2 36
11 13 41
5 8 25
4 9 28
9 11 40
21 23 37
20 22 32
11 13 9
10 14 18
0 3 7
20 22 37
13 17 25
5 9 6
21 0 12
23 2 41
11 13 7
17 19 14
15 17 21
9 13 17
15 19 19
12 15 6
3 6 35
9 13 43
22 2 9
7 12 6
1 4 13
23 4 21
2 6 18
17 21 8
5 6 37
11 15 30
1 4 23
11 13 42
21 23 6
1 3 5
22 0 31
16 19 12
18 18 11
11 13 25
12 15 39
13 17 27
18 19 13
22 1 26
9 10 37
5 7 31
21 2 1
5 6 28
23 2 21
3 6 19
5 6 7
17 19 20
4 6 20
12 16 42
11 14 42
6 9 23
19 22 19
0 3 3
22 1 6
8 11 2
20 22 33
8 10 37
2 5 31
12 14 39
17 19 43
5 8 24
10 14 9
19 22 34
17 19 25
12 14 24
23 1 33
1 5 39
16 18 14
22 1 35
9 14 3
19 22 21
7 10 17
17 19 5
9 13 16
22 2 6
18 21 29
20 21 41
9 14 5
23 1 20
19 21 26
7 9 20
23 2 25
15 15 10
8 11 25
11 13 23
19 22 27
13 17 1
17 20 26
0 3 6
13 15 2
21 23 43
23 3 31
4 8 13
2 7 12
5 9 39
19 21 35
7 8 43
11 14 39
5 7 22
11 15 30
0 4 24
0 3 5
19 21 7
13 15 1
23 2 35
15 16 6
21 23 24
15 18 34
19 22 42
12 14 25
17 20 29
15 19 5
12 15 29
23 2 39
22 0 34
10 13 17
19 22 16
19 22 5
19 21 36
21 0 7
18 22 30
5 9 13
8 11 29
2 5 22
13 17 40
17 21 39
15 19 11
7 10 12
10 11 7
21 0 11
13 15 11
19 23 9
22 1 15
1 4 37
9 12 30
4 7 11
5 8 28
6 9 17
1 3 24
6 7 15
7 9 31
9 12 6
3 6 37
23 3 39
23 0 5
13 17 31
20 23 37
13 18 26
0 2 36
0 3 3
3 5 17
13 17 23
22 0 3
21 1 31
17 20 6
17 18 22
16 19 33
9 12 1
0 4 10
15 18 22
2 5 36
16 19 10
10 14 21
19 22 23
16 20 35
11 13 13
0 2 13
22 0 13
19 23 10
21 2 8
11 14 11
8 13 10
7 9 24
9 14 4
13 16 39
3 7 28
5 10 22
17 21 4
12 17 3
20 22 38
7 10 20
5 8 21
6 10 41
18 22 40
20 0 26
14 17 28
23 3 32
9 12 27
1 5 11
23 5 36
0 3 22
22 1 29
5 9 36
12 14 23
18 22 18
5 10 42
19 22 30
17 21 31
19 23 6
7 11 8
10 13 22
21 0 40
3 8 17
3 6 20
13 17 28
20 0 10
8 11 34
19 23 22
2 4 27
23 3 32
11 15 27
14 16 13
14 19 34
23 3 38
2 5 38
9 11 10
2 3 29
21 23 13
23 23 20
17 18 16
5 9 34
19 21 6
21 0 17
7 11 10
15 17 38
4 6 23
3 7 10
17 20 21
15 17 8
12 15 20
13 17 42
15 18 5
5 8 20
22 2 42
8 12 30
15 17 18
14 18 10
6 10 20
4 7 24
1 4 14
2 6 33
17 20 12
14 19 42
19 20 27
15 18 43
13 17 28
11 14 10
12 15 6
14 16 25
1 3 7
17 22 25
22 1 25
19 23 22
12 13 21
10 14 19
19 21 6
17 23 33
2 5 6
22 2 31
1 4 32
18 22 25
8 13 42
22 0 40
22 0 3
22 2 16
17 19 2
23 1 27
3 6 6
9 13 42
2 6 16
11 13 21
17 20 16
7 9 8
1 4 7
11 15 22
16 17 24
7 8 13
21 2 42
22 1 30
1 4 11
3 5 5
15 18 27
15 18 38
23 4 7
12 16 22
10 13 4
17 20 21
17 20 40
11 15 9
6 10 3
8 12 26
9 12 2
15 18 40
6 9 15
2 5 6
21 23 7
13 17 3
11 15 30
15 18 33
10 13 24
12 15 20
7 10 43
0 4 26
0 3 30
5 7 12
0 3 40
17 20 9
10 15 26
5 9 25
9 12 36
12 16 6
19 21 23
4 8 12
10 12 9
2 5 29
3 4 20
20 22 2
12 15 13
14 17 41
0 1 23
4 8 33
7 8 37
5 8 14
15 16 17
21 0 29
17 20 37
11 16 4
3 6 31
8 11 42
13 16 2
22 3 1
12 16 13
8 12 19
11 14 17
1 5 25
20 22 34
21 0 34
11 14 22
16 17 2
12 16 35
9 11 19
19 22 34
1 4 4
22 1 14
21 1 17
18 20 38
9 14 2
13 15 40
22 2 11
8 11 3
3 6 25
18 20 29
6 8 18
8 12 29
15 16 35
11 13 5
13 17 5
20 23 22
11 15 20
9 13 16
11 16 5
13 17 19
5 9 17
0 3 12
23 2 10
18 23 23
5 8 23
16 19 8
19 21 27
6 8 34
3 5 13
0 4 42
6 10 29
0 4 27
2 6 34
6 9 9
0 2 32
13 16 39
20 22 18
4 7 10
9 12 43
18 23 38
20 23 1
22 3 21
16 19 40
9 13 8
2 6 26
5 9 27
9 12 31
4 8 6
16 18 16
5 8 1
5 9 32
20 23 6
3 7 3
1 6 35
5 8 22
8 12 26
20 22 22
5 8 10
3 7 20
18 21 31
13 16 36
6 8 13
15 18 8
9 12 12
23 3 18
6 9 10
13 15 7
12 15 23
8 10 11
21 1 39
19 22 41
17 19 21
23 1 26
6 8 22
19 22 9
8 11 23
16 18 17
8 11 26
13 16 6
17 20 24
1 2 30
2 5 4
10 14 10
2 7 5
14 17 5
14 18 20
3 5 7
8 12 30
4 8 39
7 10 7
11 13 21
6 9 28
23 2 11
23 2 22
17 21 31
5 11 29
6 9 5
9 13 2
0 2 32
8 10 40
0 1 2
15 18 35
2 5 17
4 4 5
12 15 18
15 16 6
18 22 24
18 20 32
10 11 33
12 14 1
13 15 3
13 16 32
13 16 16
2 7 1
16 18 28
1 5 24
9 12 12
8 10 5
12 16 40
8 12 34
21 0 5
7 9 19
9 13 10
19 23 18
7 9 5
18 21 41
8 12 19
22 23 41
4 7 6
1 3 16
11 14 41
1 3 43
10 14 16
9 10 33
6 9 11
21 23 16
23 1 7
22 0 33
16 21 18
17 20 19
0 2 10
17 21 42
1 3 25
10 14 12
9 12 18
6 8 25
14 16 35
17 21 12
23 2 11
1 2 4
6 10 14
14 17 15
2 5 25
22 1 29
16 17 11
19 21 15
22 1 11
10 13 6
21 1 29
18 22 38
13 15 39
21 0 8
14 16 30
1 6 43
10 14 21
19 23 14
5 9 38
22 0 37
2 4 20
15 19 39
6 9 9
5 9 14
5 7 5
22 0 13
1 4 29
9 10 4
8 10 25
12 14 28
22 1 19
23 3 8
15 16 22
15 18 42
7 11 42
0 4 13
11 15 31
20 1 23
6 9 1
7 10 17
19 21 5
16 20 25
22 2 31
3 6 4
21 22 24
1 4 39
17 20 10
15 16 41
5 7 35
1 3 34
6 8 17
6 8 18
10 14 35
11 14 30
15 18 41
20 23 40
19 23 29
13 17 27
8 10 8
16 18 24
6 8 38
2 4 30
1 4 12
17 20 10
3 8 23
11 15 25
19 23 32
17 20 22
10 14 33
16 18 24
6 9 5
0 4 23
3 7 40
0 3 28
15 17 28
23 2 17
6 10 23
3 5 36
14 17 16
4 7 14
12 12 35
7 10 18
15 18 33
18 20 32
16 20 33
3 5 35
5 7 20
21 0 3
1 4 13
8 13 16
2 5 14
23 4 34
2 5 14
19 22 13
21 1 8
18 22 21
14 17 35
17 22 36
22 1 35
22 2 12
1 4 37
4 7 15
18 22 28
10 13 39
13 15 31
13 15 26
10 13 23
0 2 16
20 0 7
17 19 30
9 12 22
13 16 5
11 15 38
11 15 42
9 14 36
12 16 30
17 20 40
22 2 36
5 8 12
11 15 5
3 5 8
19 23 14
6 9 3
9 12 3
0 4 5
18 22 6
5 6 21
18 23 5
9 13 12
10 13 19
18 20 6
3 6 2
20 0 9
0 3 25
0 1 29
8 12 35
12 14 29
6 9 23
3 5 18
19 23 15
20 1 1
14 17 31
7 10 16
14 16 3
23 2 5
12 16 34
15 16 17
4 7 13
3 5 23
18 22 31
23 2 21
9 12 31
19 22 12
23 3 23
12 15 1
6 10 27
20 22 11
6 8 31
21 22 23
20 22 13
10 12 36
18 19 43
16 17 7
21 1 37
20 22 34
16 17 21
12 13 24
7 11 20
10 12 19
17 18 35
11 15 18
5 8 33
13 15 41
16 19 34
21 1 8
13 18 22
13 18 23
23 3 1
2 5 40
22 0 35
14 18 31
3 5 40
5 8 36
11 15 2
22 0 32
15 20 41
16 18 14
3 6 37
0 4 25
2 5 14
14 15 23
16 18 18
6 9 16
8 10 20
6 9 29
17 20 8
4 6 39
1 4 5
15 18 34
14 16 31
8 12 24
11 13 14
10 12 3
10 14 33
3 5 33
0 3 6
10 12 14
12 15 30
23 2 27
14 17 4
6 10 12
3 7 28
21 0 11
17 21 38
5 10 34
0 6 25
17 19 8
10 13 5
18 21 11
22 2 27
21 1 3
6 8 11
9 12 1
6 8 36
0 3 20
15 19 29
9 13 29
1 5 14
22 3 37
13 17 7
5 8 22
10 12 20
4 8 29
3 6 13
10 12 12
7 9 40
6 9 7
7 10 16
15 19 34
11 12 15
1 4 6
20 0 43
12 16 1
7 9 36
12 15 29
17 20 8
0 3 29
6 9 29
7 10 9
1 4 17
5 9 24
16 21 40
11 15 37
12 15 28
13 17 18
15 17 29
18 22 33
23 1 19
6 9 8
2 4 29
2 6 13
15 17 24
11 13 20
1 4 40
19 21 33
14 17 39
20 23 36
4 7 39
13 15 1
14 18 39
2 4 10
8 10 13
9 13 23
8 11 35
12 16 40
23 2 31
6 9 39
19 21 39
11 13 24
16 19 15
6 8 4
5 8 25
5 7 12
2 6 35
11 14 6
20 23 14
3 6 2
2 4 33
6 9 1
6 11 5
5 7 34
18 21 33
14 20 31
17 17 36
6 8 6
13 18 4
19 0 28
3 6 7
6 8 14
4 9 32
16 21 26
20 0 15
22 1 12
1 6 36
20 22 17
0 4 7
0 4 18
2 6 24
19 21 24
18 21 29
19 22 3
19 20 4
11 13 26
13 14 23
9 11 9
20 23 43
15 19 24
3 4 23
19 22 14
1 6 6
10 13 32
16 19 4
22 1 14
16 19 6
11 15 9
6 9 15
14 17 7
2 4 42
0 2 19
13 15 40
16 19 26
13 16 38
22 3 20
7 9 21
1 4 16
17 18 32
13 15 30
9 14 4
9 12 6
7 9 32
6 9 29
23 2 20
15 17 41
1 5 14
0 5 15
21 1 30
15 16 31
16 20 26
18 22 15
8 11 32
0 2 11
8 11 26
6 10 25
13 16 42
10 13 33
15 17 37
7 10 14
16 20 11
5 8 26
10 12 34
0 1 21
13 16 12
20 0 15
21 1 29
9 12 16
11 13 21
18 21 12
7 9 25
14 16 6
13 16 19
2 3 4
9 12 6
12 15 35
1 4 15
3 6 23
4 8 27
10 14 18
17 21 17
20 23 23
13 18 32
4 5 42
19 21 38
21 23 37
8 12 9
5 8 14
6 8 8
8 11 9
10 13 26
9 11 16
9 13 20
12 14 9
20 23 6
6 8 31
18 21 27
11 15 17
12 15 11
19 23 17
4 8 34
15 18 29
12 18 33
18 21 43
17 21 25
11 14 26
7 10 11
12 14 9
13 16 10
5 9 12
16 19 25
6 11 9
5 8 4
4 7 41
8 11 30
7 9 18
12 15 41
2 5 10
17 21 12
16 19 31
22 23 7
10 12 1
19 21 5
9 12 3
7 8 20
4 8 23
16 20 24
8 11 5
4 8 12
8 12 12
9 10 41
22 2 41
20 0 3
8 11 16
17 19 21
0 3 1
6 8 29
17 20 16
16 19 20
15 19 16
4 7 39
18 21 10
7 10 20
10 13 19
8 11 7
4 8 21
15 17 14
6 9 19
6 8 22
9 11 36
9 12 31
6 8 17
3 4 24
5 7 34
4 5 14
12 15 19
14 18 22
15 17 23
23 1 33
8 10 1
16 19 39
1 4 30
14 17 20
0 2 36
2 4 8
2 6 16
1 4 41
8 10 3
12 13 17
21 0 27
3 5 5
0 2 21
13 15 41
10 14 32
4 8 36
22 1 3
0 4 1
14 17 31
6 9 38
15 17 13
19 22 32
17 21 40
15 19 11
7 10 21
20 22 6
9 12 18
20 0 23
2 6 15
7 10 37
6 9 33
2 5 11
9 11 42
12 14 36
14 17 37
15 19 43
19 22 32
5 9 11
19 23 7
12 16 8
7 8 32
2 6 27
20 23 9
8 13 40
8 10 36
21 1 39
9 12 6
18 20 29
8 10 6
15 19 36
8 11 42
20 22 32
11 14 14
2 6 22
14 17 25
3 4 4
3 6 34
16 20 14
22 0 2
1 5 11
3 5 27
7 10 22
13 17 25
3 8 17
6 10 18
13 16 17
20 22 38
3 7 41
21 0 41
6 9 1
15 18 20
2 5 29
16 19 15
19 22 34
18 21 11
22 2 22
16 19 43
7 10 29
12 15 23
13 15 37
23 2 32
1 4 26
3 5 30
4 7 15
9 13 32
3 6 1
10 13 28
4 7 27
18 22 39
22 2 13
2 4 18
17 19 8
12 17 27
6 10 21
13 15 27
3 6 17
22 0 4
2 6 43
9 12 17
17 21 8
6 9 8
16 19 7
8 11 30
14 18 17
21 0 27
9 14 33
1 3 42
9 12 16
14 16 19
8 10 23
3 5 11
12 17 29
16 22 35
14 18 21
8 12 6
2 4 20
1 4 41
16 19 27
21 0 1
20 1 7
9 11 31
0 3 29
17 20 41
16 18 17
12 15 25
23 1 38
16 20 13
15 18 26
4 7 8
18 20 16
21 0 25
6 8 10
0 2 43
10 14 2
8 10 39
7 8 18
6 10 6
12 14 39
18 20 2
7 10 7
19 22 20
5 8 10
13 16 40
18 21 24
16 19 30
8 10 7
17 20 7
2 5 14
5 8 23
15 18 1
7 10 18
6 9 22
12 15 35
12 13 32
4 8 32
4 7 43
12 15 37
14 17 43
19 21 21
9 13 35
18 21 33
12 13 31
16 18 24
21 23 22
21 1 16
2 5 31
10 15 4
18 20 32
4 5 35
11 14 8
9 12 23
16 20 5
5 7 12
21 0 23
4 5 13
9 12 29
20 23 40
11 15 40
6 8 22
20 0 4
4 7 18
6 9 32
19 21 15
1 5 10
14 18 20
22 1 12
0 3 34
13 14 19
10 11 19
4 7 22
20 22 11
3 6 31
17 18 43
10 14 19
19 22 2
2 5 9
9 13 5
14 16 14
15 18 34
1 4 39
22 1 26
23 2 27
11 14 5
6 10 40
21 0 34
14 17 36
20 23 12
21 0 18
9 12 7
23 3 22
11 15 17
21 1 38
15 19 25
15 19 12
1 5 22
23 4 15
23 2 4
14 19 9
2 5 18
21 2 2
16 18 21
20 23 3
9 14 10
15 16 17
4 8 4
21 23 19
15 18 39
0 2 26
23 2 3
13 14 38
16 20 33
22 1 37
14 18 16
22 1 11
15 18 29
21 0 21
0 3 40
15 18 33
14 18 13
1 1 42
15 17 13
2 5 22
9 12 9
8 12 39
9 11 28
6 9 37
9 13 35
11 14 40
19 23 21
8 11 32
19 21 5
13 15 42
6 11 4
2 5 27
17 20 14
8 11 19
20 22 36
11 13 16
11 12 32
10 13 16
13 17 20
9 13 23
20 22 25
9 14 18
2 4 12
10 12 21
16 21 8
10 14 40
1 4 7
1 5 5
7 10 40
6 9 20
2 4 24
20 22 5
0 1 10
8 12 43
19 22 16
2 4 40
17 20 38
10 12 25
7 9 1
3 7 13
10 14 21
9 10 30
0 5 35
8 12 36
15 18 39
5 8 10
6 9 4
23 2 19
13 16 31
22 2 31
13 15 17
20 23 43
8 11 23
19 23 33
7 10 38
0 3 30
20 23 17
7 8 19
18 21 43
2 8 4
20 22 18
23 4 13
17 20 8
1 3 40
5 8 16
13 15 6
6 8 5
13 16 27
15 18 43
7 9 9
7 10 15
3 6 8
20 22 13
0 3 14
11 14 26
22 2 8
3 6 29
21 1 13
17 21 28
15 20 22
12 15 41
16 19 22
0 2 19
7 10 29
18 21 15
2 4 24
2 5 19
11 14 19
18 21 33
3 7 43
23 2 32
19 23 15
9 12 28
10 13 16
2 5 2
17 20 10
16 18 4
21 23 9
22 3 20
22 1 5
8 12 19
15 18 31
23 1 39
17 20 28
9 11 20
13 17 39
5 7 26
13 14 36
16 19 2
8 10 18
15 18 20
11 13 6
15 18 30
11 13 27
1 4 26
13 15 17
7 8 16
4 6 22
21 0 31
22 1 22
11 16 37
4 8 13
16 17 30
22 0 18
20 0 29
17 21 25
9 14 38
9 14 29
1 5 22
14 15 18
13 14 32
17 20 21
11 14 15
18 21 34
0 2 8
16 18 8
11 14 13
5 8 31
9 12 13
4 6 19
2 6 30
21 1 11
18 20 3
12 15 25
7 10 19
19 21 42
2 6 21
9 11 26
16 19 23
22 2 7
15 18 10
9 12 43
2 6 37
0 4 5
3 8 14
7 11 21
3 5 9
16 19 28
14 17 28
4 7 18
4 8 15
8 10 9
1 3 38
19 22 11
23 2 14
4 9 4
6 9 9
5 7 39
7 8 15
2 4 29
16 21 4
0 3 7
23 3 19
19 22 43
17 19 29
22 1 12
15 19 3
21 1 27
23 3 5
11 15 36
9 12 24
14 17 24
7 10 29
10 13 16
8 12 38
8 11 43
13 16 20
16 20 42
5 8 11
6 10 40
12 15 10
21 1 12
7 9 4
8 13 20
6 9 18
14 14 25
23 0 26
12 16 28
13 14 22
14 19 4
21 0 24
6 10 31
5 9 31
12 16 17
7 10 34
11 14 21
18 19 36
22 1 18
14 16 41
13 15 35
17 21 24
5 8 31
6 9 14
10 13 13
9 11 31
14 17 14
14 18 37
13 15 22
13 16 39
17 21 17
1 3 11
12 16 29
18 22 18
1 4 9
16 19 23
8 12 24
3 7 39
19 23 28
0 4 22
12 13 21
10 12 36
9 11 16
19 21 20
21 23 30
21 0 36
13 16 26
10 12 35
15 18 14
7 11 13
23 5 9
23 3 8
8 11 3
16 21 13
22 0 4
2 6 39
11 15 36
4 7 1
21 0 4
10 13 42
9 11 31
6 9 36
10 12 5
5 8 19
21 1 7
18 20 32
0 4 32
16 20 43
8 10 32
7 11 28
6 7 5
16 17 41
11 15 27
17 20 5
6 9 11
16 19 33
7 9 8
15 17 20
6 7 15
5 9 7
6 10 32
11 14 12
17 19 24
3 6 12
15 18 29
21 0 22
21 1 17
4 6 31
1 5 38
11 13 25
17 20 4
6 10 15
13 17 41
11 14 7
16 19 23
12 17 30
10 14 35
4 7 33
6 10 12
14 16 34
1 4 40
21 0 19
2 5 13
5 8 43
21 0 4
9 12 27
15 19 33
3 5 1
23 1 6
11 13 26
22 23 21
9 11 24
17 20 23
12 14 38
10 12 15
1 4 19
20 23 15
9 11 14
4 5 3
15 15 43
3 6 28
17 22 36
1 3 43
8 9 15
22 1 18
22 2 9
23 1 4
15 19 34
12 15 5
20 22 16
21 0 29
23 2 17
0 4 2
4 6 14
4 9 29
17 22 34
21 0 29
8 12 27
16 19 13
5 8 31
21 1 26
2 5 23
5 6 11
20 0 39
5 9 29
9 11 23
0 4 32
7 10 33
11 15 30
13 16 23
23 3 19
15 19 34
0 3 14
11 15 25
4 8 35
1 4 3
11 13 24
4 6 42
17 22 19
15 18 9
9 10 10
16 20 33
6 11 12
13 17 4
8 10 4
3 6 8
7 10 14
0 6 12
17 18 10
4 6 37
2 5 27
11 13 10
5 8 14
9 11 36
9 13 43
14 16 17
2 5 31
19 21 6
22 0 36
20 22 4
13 16 23
2 5 18
9 13 28
1 4 41
9 11 31
0 3 24
15 17 30
0 3 43
5 8 22
17 20 2
2 5 38
12 17 43
16 19 41
23 3 27
10 15 19
5 7 32
5 8 7
12 16 1
1 5 3
13 14 9
6 10 25
14 19 43
17 21 5
2 6 11
0 1 6
4 7 15
20 0 21
22 2 4
0 5 24
1 4 19
4 8 25
4 8 17
23 2 13
6 10 32
8 10 17
19 23 10
10 12 33
18 21 5
16 19 13
1 5 36
2 6 41
18 19 26
20 23 21
9 13 36
20 0 1
7 10 30
0 4 27
22 1 28
1 4 21
17 20 13
11 15 13
4 7 34
17 20 4
15 16 36
14 17 18
14 17 7
6 10 29
18 21 5
13 18 10
18 21 18
8 10 31
5 6 3
20 21 11
14 16 1
19 22 17
20 22 33
16 20 9
1 4 2
13 18 27
6 9 31
10 12 26
3 7 37
5 8 1
9 11 23
10 14 13
14 18 43
3 5 25
13 14 23
12 12 16
6 8 30
15 18 36
21 23 22
11 13 5
4 6 26
21 0 16
8 11 22
18 20 31
0 3 6
23 2 22
16 20 23
15 19 22
5 8 40
11 14 12
4 7 14
18 21 21
13 13 29
6 9 14
8 10 35
1 4 3
17 20 21
5 9 39
9 12 37
13 15 43
10 16 4
8 11 21
0 5 10
5 7 25
17 19 29
0 2 29
3 6 41
1 5 19
12 14 22
15 18 16
1 4 30
15 18 16
17 21 29
2 5 26
7 10 31
22 2 11
8 11 41
9 11 17
14 16 41
23 1 26
13 15 41
6 8 22
0 4 21
0 4 10
7 10 12
12 15 25
13 17 26
14 19 18
15 19 14
12 17 4
2 5 12
19 22 16
19 22 13
1 5 2
16 18 42
7 11 41
21 0 33
3 6 18
14 17 7
8 13 8
8 10 35
4 7 6
12 14 20
16 17 36
7 12 16
21 23 25
22 0 13
11 14 35
17 21 3
9 12 1
9 13 12
20 23 26
2 6 20
17 20 27
8 10 13
21 23 22
7 10 37
7 11 35
16 18 3
7 9 3
2 5 24
19 22 22
16 20 43
23 3 3
3 7 42
3 6 36
3 6 27
22 0 3
1 4 35
19 22 24
9 12 39
16 21 9
7 10 6
5 8 26
10 15 28
16 19 20
8 10 30
3 6 39
11 15 41
7 10 26
4 7 38
21 1 25
15 19 16
13 16 14
17 20 32
23 1 21
9 13 14
16 18 3
20 0 42
16 19 6
4 8 2
1 5 28
12 15 13
0 3 35
7 10 42
5 9 10
15 18 19
23 0 22
10 11 20
17 19 4
5 8 23
14 17 23
3 4 28
14 17 6
6 8 23
17 20 3
23 2 5
22 23 19
13 16 35
0 3 29
0 3 41
9 14 9
18 22 10
10 13 24
3 5 28
16 19 10
19 23 3
9 12 13
18 19 8
6 10 19
20 23 23
0 5 17
20 23 10
20 23 25
3 5 38
13 15 42
17 18 25
4 8 13
9 11 43
21 2 31
2 5 21
0 3 14
23 2 23
3 5 38
6 10 35
16 20 9
15 18 21
19 21 10
20 23 18
1 3 31
6 11 18
12 14 19
22 1 13
5 6 12
11 13 2
15 17 13
13 17 21
6 10 5
20 0 37
19 23 15
19 22 36
1 1 25
19 22 33
22 1 22
6 11 29
17 21 3
8 11 20
14 18 36
23 1 3
15 18 21
0 3 14
7 10 37
22 1 14
16 19 34
6 11 14
7 9 20
1 5 36
3 7 25
8 11 38
12 14 29
19 21 41
14 18 17
13 15 43
12 16 3
14 17 2
18 22 23
15 19 42
1 5 9
12 15 20
13 14 29
18 22 39
18 22 3
10 13 25
22 1 3
16 18 24
3 6 23
17 20 1
3 6 32
23 0 7
23 1 2
22 1 6
6 9 28
14 20 43
8 11 43
19 22 3
5 8 4
8 12 32
11 14 36
10 15 32
3 6 3
15 17 38
5 7 41
17 21 19
19 21 2
17 19 19
10 13 12
9 13 11
3 8 3
6 8 41
10 13 40
14 17 36
19 22 35
12 16 2
15 18 18
4 7 8
8 11 30
4 10 13
7 11 12
0 4 23
0 3 13
21 0 42
0 3 23
11 16 2
16 19 6
17 21 35
11 14 2
17 19 42
4 7 42
14 17 8
9 12 41
22 1 36
1 3 41
2 4 26
7 11 10
16 19 3
0 4 40
1 6 9
16 20 29
8 11 35
1 5 39
13 14 35
20 23 15
1 5 8
4 8 5
0 3 16
20 23 20
14 17 17
20 23 32
