2000 50
47 11 27 9 47 17 15 14 39 19 3 34 35 44 15 28 20 41 29 8 12 45 8 21 24 37 15 2 37 12 9 36 48 31 45 3 50 4 25 46 27 41 20 43 46 44 11 29 50 8 
22 0 22
13 17 41
4 9 42
2 6 24
19 23 30
15 18 16
23 2 18
22 2 27
2 3 22
22 0 21
0 1 25
10 13 6
9 12 21
18 22 49
9 11 8
17 20 15
1 5 13
1 5 42
1 4 37
6 8 40
5 9 42
11 16 38
16 20 19
2 4 11
13 15 7
10 13 23
6 10 28
14 15 39
22 2 48
18 20 48
7 12 16
20 0 6
7 8 26
22 23 11
4 10 28
3 7 44
8 14 30
20 23 31
3 6 29
7 10 40
8 12 38
23 1 9
6 9 19
4 7 4
3 6 31
13 15 3
17 21 30
8 9 5
1 5 17
3 7 3
4 7 16
14 17 26
3 7 2
14 17 7
3 6 11
1 3 7
5 7 38
16 18 22
0 3 33
17 20 30
1 4 10
9 9 49
20 23 42
5 8 14
23 1 24
5 9 19
1 4 25
23 3 27
10 12 21
6 7 43
21 0 16
6 10 2
19 23 46
8 11 12
4 8 41
11 14 4
11 13 29
8 11 13
19 22 8
3 7 10
22 1 50
14 18 21
7 10 36
7 11 4
13 15 31
1 4 35
20 0 16
1 5 3
10 12 32
0 3 23
6 8 20
0 4 8
18 21 10
5 9 6
16 19 12
1 4 6
9 12 23
21 1 50
8 10 18
11 13 45
15 18 24
22 1 41
16 21 44
3 8 4
6 9 12
22 1 6
6 9 20
1 3 33
13 15 47
21 1 26
4 8 22
22 2 29
7 10 36
10 11 4
14 18 36
10 13 2
20 0 10
16 17 13
0 4 13
0 3 48
5 6 39
16 19 19
7 9 12
10 13 29
22 0 26
7 10 12
3 6 22
11 14 1
19 22 4
19 21 23
8 13 18
12 15 48
5 7 49
5 8 9
4 6 24
9 11 24
9 11 10
19 23 28
7 11 23
18 22 9
17 21 48
20 23 35
4 7 35
1 5 45
1 2 37
22 2 15
9 13 34
22 1 9
6 8 6
17 19 8
2 3 4
23 1 30
13 17 30
1 5 28
14 16 39
22 23 23
2 6 46
15 18 19
0 3 33
17 21 37
5 9 2
2 4 14
9 13 28
0 5 17
6 9 13
22 3 4
18 20 31
12 15 14
20 22 34
7 9 11
0 4 47
22 1 38
3 7 11
19 21 34
13 16 30
2 3 7
3 6 12
23 1 6
4 9 32
21 0 13
9 12 40
13 16 9
23 2 39
21 0 14
0 4 18
10 14 28
10 13 10
0 5 41
9 12 18
5 7 35
6 12 16
23 2 26
7 10 35
14 16 1
3 5 40
19 22 32
14 16 21
0 3 33
13 15 49
11 13 12
21 23 30
0 3 27
18 21 45
22 0 49
11 13 43
0 2 2
11 14 44
13 17 6
13 15 24
3 7 12
18 22 50
21 23 50
20 23 31
5 10 18
1 2 12
12 16 50
23 3 15
23 2 34
3 7 17
16 17 26
0 2 5
15 18 19
18 21 9
17 20 3
14 17 14
14 16 14
1 4 5
23 2 38
3 4 15
7 9 40
16 19 6
6 8 5
0 4 49
6 9 30
1 4 29
0 4 36
11 14 7
2 5 40
9 13 21
17 18 17
2 6 45
19 22 25
3 7 48
4 7 45
15 16 40
23 3 26
1 5 24
3 5 8
1 4 9
22 23 23
5 9 13
2 5 37
19 22 3
14 16 10
10 14 15
12 15 2
0 4 35
8 12 39
0 3 35
14 17 49
1 3 11
12 15 33
19 22 49
17 20 3
19 21 32
23 2 49
4 8 27
16 19 21
3 6 8
11 16 32
12 16 10
21 0 32
15 20 39
8 11 12
13 17 13
7 12 33
13 15 7
20 21 23
17 20 25
13 16 41
17 19 40
7 11 23
18 20 42
15 17 47
16 18 48
17 20 49
2 6 31
1 5 21
1 3 16
19 21 47
2 4 32
5 6 23
4 8 48
0 2 3
11 13 1
12 16 35
16 17 1
6 10 29
16 20 41
0 2 3
0 5 15
21 0 50
15 19 25
21 0 27
12 14 40
14 18 32
4 7 25
15 18 50
3 6 16
14 17 19
3 5 39
9 11 13
18 21 3
20 0 23
19 21 32
12 12 15
13 17 21
23 2 13
22 2 20
3 6 45
5 8 23
19 22 12
0 2 34
5 7 18
16 18 20
17 19 1
21 23 27
12 15 15
17 20 19
3 5 42
17 20 3
17 19 1
4 6 28
5 8 33
4 7 6
11 16 46
5 7 42
15 18 9
16 19 15
19 0 50
15 18 29
16 17 35
19 22 14
12 15 45
23 4 22
11 14 9
22 1 11
3 6 25
15 18 47
10 14 19
7 9 25
1 5 3
18 21 34
5 5 10
8 10 21
21 23 45
22 1 30
19 20 35
1 2 24
8 9 47
8 11 33
21 0 8
23 2 37
12 15 44
14 16 29
21 23 3
21 2 19
3 7 18
14 17 36
2 4 8
12 15 21
13 17 22
17 18 39
21 0 26
20 0 48
9 11 6
9 12 45
0 4 3
4 6 39
5 8 12
18 21 2
0 4 10
12 14 42
10 12 20
15 18 29
1 6 50
7 9 11
10 11 30
20 23 33
9 12 18
21 0 4
18 21 24
10 13 29
14 17 36
0 3 19
2 5 24
4 8 17
21 1 41
17 19 24
15 20 31
11 14 49
13 16 39
15 18 19
13 16 5
13 16 47
15 17 39
9 12 2
3 5 38
5 7 42
19 20 8
11 13 38
11 15 46
16 17 39
9 12 16
14 17 19
0 2 13
14 16 7
21 1 18
22 1 43
22 0 30
20 23 24
20 23 29
11 15 42
19 22 23
17 20 44
14 18 24
1 4 30
3 6 2
11 16 19
7 8 50
1 4 33
13 16 29
2 5 40
21 23 34
21 0 47
1 5 40
19 21 24
17 20 11
23 2 34
14 17 29
2 4 20
8 10 2
1 4 26
14 16 5
11 16 31
3 6 40
1 5 40
6 10 7
23 0 38
22 0 1
18 20 12
1 4 3
22 3 38
5 8 43
8 11 6
20 1 1
4 7 31
21 1 15
5 10 5
20 23 29
22 1 39
14 17 11
6 10 10
8 10 19
10 14 20
9 13 22
1 3 12
3 4 8
20 23 46
18 21 2
8 13 49
10 13 31
1 4 5
19 21 38
7 9 26
19 23 22
9 11 45
22 1 32
23 4 48
0 2 47
7 9 30
10 13 25
5 7 16
5 6 3
5 7 41
9 11 5
14 16 46
12 15 48
10 13 33
15 18 27
5 10 23
15 16 30
22 1 22
16 18 29
19 22 34
1 3 27
12 14 8
14 18 7
18 22 30
18 21 47
16 20 14
21 23 36
0 2 38
20 0 22
13 15 6
10 14 20
3 4 18
6 9 48
2 7 34
7 10 27
13 17 4
6 8 7
15 18 37
17 20 19
13 15 43
5 9 1
2 4 42
8 11 2
7 10 44
4 8 37
21 0 18
18 21 12
21 0 29
5 6 1
18 21 32
21 22 13
12 16 33
0 3 4
17 20 19
6 10 3
1 6 4
19 21 19
12 14 20
5 5 13
11 14 41
11 16 5
5 8 17
21 3 17
14 16 16
12 14 3
3 6 49
7 10 37
23 3 7
7 12 27
19 21 30
2 5 28
8 11 50
12 16 30
7 11 37
17 22 21
13 17 13
14 16 41
13 17 10
10 12 12
22 2 17
10 12 17
17 20 6
10 11 5
0 2 2
16 20 16
23 1 20
22 0 8
20 21 18
15 18 10
16 18 31
7 12 16
11 16 42
16 19 11
4 7 19
1 5 10
6 9 8
11 14 34
18 22 9
22 2 38
6 10 34
10 14 9
9 12 23
2 5 49
12 15 26
20 23 29
12 14 40
12 15 37
15 17 3
3 6 9
23 3 14
15 17 24
12 14 27
19 0 47
5 8 49
2 5 44
0 2 43
12 15 50
5 9 35
9 11 49
3 6 26
11 15 26
11 13 32
1 3 25
6 8 38
0 2 19
2 4 27
14 18 31
7 10 39
6 8 25
14 16 2
10 12 48
14 18 11
17 22 41
8 11 24
18 22 36
19 23 48
15 20 24
5 8 45
3 6 42
3 6 31
11 14 5
19 21 9
18 21 12
1 3 7
16 19 50
9 13 22
23 1 47
22 1 41
11 14 44
6 8 7
5 8 3
5 10 15
2 6 35
19 22 14
14 16 10
20 0 17
22 0 36
11 13 29
20 22 24
7 9 27
3 8 13
8 12 24
6 10 18
8 13 27
2 5 12
10 15 29
20 0 6
17 21 11
6 7 30
6 8 37
0 5 44
6 12 46
12 15 31
20 22 43
22 1 41
15 20 40
17 20 4
4 7 25
10 12 40
20 23 1
10 13 25
1 5 47
23 2 35
15 17 13
4 6 8
18 20 50
7 10 47
18 22 31
14 15 49
0 3 27
3 6 3
0 5 46
15 19 19
1 3 47
18 21 37
17 20 5
22 0 46
6 9 29
17 21 44
12 17 4
1 5 41
23 4 33
21 23 7
20 23 1
14 18 1
15 17 31
16 19 1
11 16 21
13 15 20
1 5 23
20 0 47
17 19 27
8 11 4
0 3 43
20 23 20
19 22 24
23 1 50
8 9 41
19 23 42
21 0 46
9 11 37
10 12 27
4 9 15
2 5 24
9 11 37
22 1 18
16 18 50
1 5 24
12 16 4
23 2 26
8 12 24
8 10 10
17 20 5
16 20 28
14 19 40
9 12 17
6 10 4
9 12 1
15 18 33
22 1 3
14 17 42
22 3 31
18 20 29
15 17 35
19 23 26
20 0 38
12 15 12
5 9 12
15 16 37
20 0 28
7 9 46
6 10 48
15 19 16
17 21 45
2 5 9
12 14 43
12 14 43
7 9 38
21 0 13
19 21 17
20 22 10
12 14 9
20 23 33
7 11 2
22 3 27
9 12 32
19 22 38
17 21 34
4 7 1
3 6 41
19 22 14
7 10 13
9 13 20
3 4 3
6 8 3
15 19 37
9 13 26
20 23 1
17 19 44
0 3 41
14 17 24
5 8 1
16 19 36
21 1 12
11 12 9
16 20 48
9 12 6
0 2 2
1 5 13
14 16 4
4 9 1
17 20 21
23 1 3
14 17 17
11 12 37
8 12 17
4 8 6
13 15 26
10 14 46
21 1 35
11 15 8
15 19 25
3 7 15
7 10 8
10 14 42
8 12 4
9 12 5
14 18 7
3 7 32
20 22 40
22 0 18
19 21 34
13 17 45
10 13 46
1 4 41
9 10 15
19 23 6
20 23 31
4 8 30
0 4 22
1 4 48
10 13 19
9 13 12
12 16 2
14 16 5
7 10 38
9 12 44
7 8 21
23 4 31
13 14 30
20 21 43
16 19 17
18 21 24
6 9 11
10 12 25
13 15 3
9 12 18
22 2 29
22 1 3
1 4 26
13 16 23
13 17 16
16 20 18
4 7 2
9 12 27
10 13 46
3 8 36
1 5 4
8 11 35
8 10 46
20 22 45
23 23 30
11 15 3
8 12 24
16 20 23
19 22 48
14 15 40
21 2 10
22 0 44
0 1 46
10 12 35
14 16 1
14 19 41
12 13 18
12 14 39
9 9 22
20 0 26
2 5 30
8 11 23
1 4 3
10 13 15
15 17 25
11 15 31
16 18 32
19 21 16
19 22 22
11 14 4
12 16 35
9 13 7
0 3 13
9 13 17
1 3 47
23 2 6
6 8 25
12 15 46
11 15 49
8 12 35
11 16 33
8 13 49
7 9 37
13 15 4
12 16 45
1 4 34
12 15 24
22 1 38
16 19 36
19 21 30
20 23 5
21 1 9
5 8 11
16 19 50
15 17 24
4 7 24
17 21 5
0 3 34
0 3 20
14 16 3
0 2 35
12 16 19
23 2 13
10 14 40
5 7 30
20 0 32
19 22 42
11 14 44
11 12 13
20 23 20
22 1 21
4 6 27
1 4 21
10 12 25
3 7 48
22 0 9
21 21 15
15 19 21
19 22 35
10 14 27
22 0 37
8 11 12
4 7 17
21 0 36
14 17 28
17 22 48
5 9 34
3 5 36
11 15 37
20 22 2
9 12 50
20 0 17
11 14 34
19 0 49
9 11 37
22 2 12
6 8 14
2 5 10
16 19 3
14 17 49
17 21 6
18 21 49
17 19 39
16 20 11
6 10 23
18 22 39
23 2 29
17 19 31
16 19 24
0 3 50
1 6 19
19 23 13
12 14 8
17 20 20
4 7 2
19 23 10
20 21 25
1 4 32
16 19 7
5 10 1
0 3 32
0 3 40
10 11 3
6 9 26
20 22 25
6 9 27
8 10 49
20 22 40
1 4 50
22 3 37
19 23 39
11 16 36
23 1 3
15 19 25
0 2 21
2 5 1
7 9 17
17 20 26
6 11 33
15 17 47
23 1 41
22 1 47
7 9 48
19 22 39
21 0 4
22 0 30
12 15 41
20 22 37
21 1 33
15 18 36
17 20 15
19 23 46
23 4 19
17 19 36
1 3 27
18 21 32
0 5 34
12 15 31
9 12 12
20 22 43
3 7 49
10 14 41
18 21 33
7 9 42
5 9 33
10 14 30
5 7 43
2 5 45
15 17 48
19 23 49
3 3 13
5 7 34
23 1 5
14 17 31
8 10 18
4 6 41
10 13 15
16 21 40
6 9 29
18 22 5
1 3 28
10 12 21
1 3 34
1 3 26
9 11 38
8 10 27
13 15 30
19 23 46
20 23 40
6 10 20
14 16 23
12 15 25
10 13 49
5 8 38
18 23 13
13 14 19
0 4 21
4 7 28
14 17 48
17 20 20
7 10 41
0 2 37
2 4 40
2 7 27
13 17 2
6 8 12
18 22 15
23 3 27
16 18 29
20 22 42
23 1 5
15 20 29
8 12 8
9 12 38
12 17 4
4 8 15
17 19 20
1 4 38
23 3 16
11 15 9
6 9 23
22 1 19
4 7 32
7 10 21
18 21 40
0 3 46
5 7 44
20 22 24
17 19 20
5 9 39
0 4 17
18 19 14
1 4 23
5 9 9
3 7 29
5 8 25
8 10 22
11 13 31
16 20 14
21 0 14
21 1 17
16 20 5
11 13 21
23 2 36
12 13 9
8 10 47
19 22 50
7 10 35
20 23 5
9 12 21
8 13 12
12 14 33
19 21 22
11 15 23
7 9 36
10 13 9
17 20 28
13 17 31
11 13 44
13 15 11
2 5 38
21 23 31
20 23 15
3 6 3
21 1 34
13 17 19
9 12 38
7 10 33
18 21 28
9 11 17
7 11 24
5 9 49
2 6 11
13 14 42
13 14 33
14 19 37
16 18 42
19 23 16
7 10 1
0 2 25
6 9 33
7 11 4
8 14 36
20 23 19
14 18 47
9 10 35
1 5 25
10 15 21
15 19 27
1 3 12
12 15 46
21 23 45
16 19 9
6 9 7
23 2 49
10 13 44
5 8 37
1 5 19
21 23 19
18 22 11
5 7 47
21 0 29
11 14 27
3 8 2
0 4 39
10 13 35
6 10 49
10 13 41
19 22 20
3 7 18
15 17 48
7 10 46
12 14 2
4 8 5
23 2 26
22 1 38
5 9 35
12 14 44
8 10 27
0 3 28
7 10 34
19 23 40
7 10 15
9 13 22
6 8 36
23 0 34
2 4 46
16 19 23
16 20 29
17 20 29
21 0 8
18 20 4
6 11 48
3 5 29
4 7 29
14 17 26
2 5 36
6 9 23
5 6 16
7 10 14
7 7 40
1 4 18
6 9 2
19 23 37
16 19 46
2 5 12
7 9 36
22 23 46
15 17 34
21 22 38
10 13 11
7 12 5
4 7 8
15 17 49
13 14 23
3 6 9
4 7 37
2 5 38
20 0 29
8 9 16
2 6 10
15 17 10
1 3 39
0 4 38
19 21 45
0 5 31
19 22 37
6 10 10
18 21 1
21 0 46
6 10 19
0 3 29
14 17 40
2 7 16
18 21 14
16 19 30
12 15 26
13 17 47
6 8 47
12 15 18
6 8 24
10 12 1
21 0 30
18 22 5
20 1 27
4 6 28
14 17 6
7 9 6
8 13 47
23 3 16
0 5 10
16 19 17
2 4 31
9 12 6
19 23 20
8 10 48
7 11 15
8 11 12
19 21 34
11 15 19
2 5 41
23 4 28
22 0 28
15 18 5
14 17 32
15 19 47
3 5 43
14 17 29
11 15 49
8 11 12
23 2 18
15 18 25
14 18 22
19 23 13
19 23 12
11 14 18
0 2 18
3 7 15
12 13 9
20 22 5
17 21 49
4 6 21
17 21 36
3 6 36
6 11 23
12 15 18
4 8 16
11 14 9
12 15 47
18 21 13
3 8 15
4 7 36
23 1 10
2 4 7
21 23 47
5 5 4
4 5 35
20 22 18
5 9 19
23 2 8
18 20 30
19 22 38
18 20 15
3 6 13
10 15 9
2 4 39
14 16 39
3 3 24
21 1 39
11 13 37
3 6 10
22 1 4
7 10 46
20 23 22
14 16 24
17 20 50
23 3 12
20 23 15
14 16 38
1 2 30
15 19 36
17 20 36
18 20 9
15 19 7
15 17 46
12 14 36
2 6 18
5 8 29
19 0 23
7 10 21
17 21 27
4 7 1
6 9 29
5 10 35
6 7 15
4 8 11
9 13 22
6 7 41
15 17 44
19 23 26
12 18 19
3 5 2
12 15 21
1 4 19
19 21 36
15 17 6
9 13 11
8 10 48
13 18 24
22 1 8
19 21 37
18 21 14
10 14 46
20 23 13
18 20 5
6 11 25
4 6 22
18 20 30
1 5 6
13 17 33
18 21 46
3 4 4
6 9 1
3 6 31
22 0 50
1 6 11
1 6 32
6 9 39
19 21 26
15 20 6
17 21 40
5 7 34
5 8 10
16 19 34
17 21 46
17 20 8
4 6 34
2 7 48
0 2 19
23 3 39
21 22 35
13 16 41
20 1 28
15 19 4
20 22 31
5 8 33
2 4 44
3 7 5
0 5 1
0 3 17
3 6 22
10 15 20
14 17 36
23 2 22
12 15 25
10 14 25
22 0 21
11 13 6
10 13 19
1 3 13
10 13 13
15 20 36
12 16 42
5 9 18
2 6 33
22 3 48
18 21 13
2 5 12
9 12 28
17 20 40
7 9 11
10 13 49
7 8 29
8 11 40
3 6 20
6 10 34
22 1 40
21 0 29
23 3 48
19 22 29
7 9 6
3 4 7
13 15 9
12 14 27
1 3 47
17 19 27
12 16 47
16 19 5
4 7 20
12 14 31
13 17 15
13 16 39
16 20 30
9 12 26
5 8 19
4 9 32
14 17 13
15 19 8
21 1 40
11 15 14
20 22 12
12 14 19
7 11 5
23 2 16
21 0 5
9 11 44
6 11 48
15 19 30
1 6 23
4 6 42
4 7 47
11 15 43
22 2 41
10 13 9
4 7 18
15 18 3
20 23 14
7 9 37
8 11 22
16 19 25
4 7 8
13 16 40
22 1 13
1 3 28
10 14 25
6 11 16
1 2 7
21 23 39
19 22 21
17 19 4
4 7 16
5 9 50
6 7 7
19 21 21
1 4 9
17 20 7
17 21 9
21 2 50
14 17 32
5 9 17
15 17 44
21 21 36
22 1 16
14 19 30
21 1 22
11 14 18
23 1 27
0 4 6
16 19 13
18 20 2
21 0 4
23 0 36
1 3 22
9 12 1
12 14 42
23 4 39
11 14 22
14 16 3
0 3 15
16 19 24
0 2 29
12 15 45
8 11 1
16 19 31
23 4 2
2 6 46
15 19 34
15 19 3
15 17 34
3 6 3
14 17 36
1 3 13
21 23 25
5 9 43
23 2 26
0 2 2
8 10 27
16 19 29
16 19 34
15 19 21
21 1 7
8 10 44
13 16 16
16 19 42
6 10 8
18 21 11
2 5 48
6 11 40
10 11 32
22 1 41
14 16 45
23 1 2
13 16 50
7 10 9
6 8 33
1 4 47
22 0 14
7 11 48
4 8 42
14 16 31
2 5 17
5 7 14
9 11 45
1 4 11
22 2 26
5 8 48
10 12 19
3 6 4
4 7 3
5 8 39
17 20 19
16 19 43
19 23 1
11 12 44
20 23 46
4 5 29
11 14 27
1 3 18
21 23 3
4 7 49
20 0 38
14 18 24
17 19 37
11 12 32
3 6 18
9 11 19
9 10 7
13 15 21
3 7 15
6 9 37
1 4 24
7 9 15
19 23 7
2 5 18
20 0 41
16 19 42
22 0 43
1 4 29
10 13 12
11 13 23
20 23 39
6 9 5
9 12 16
14 16 32
18 21 10
15 18 41
8 11 6
20 23 14
5 6 11
2 6 4
11 13 32
6 7 23
18 21 29
11 13 29
5 9 38
5 8 2
14 18 33
13 18 15
1 4 34
13 18 31
11 14 47
5 7 4
16 19 41
11 14 9
15 19 44
0 4 13
5 9 35
9 12 9
4 8 29
16 19 27
22 2 40
5 7 37
21 23 39
6 9 48
17 21 42
2 3 35
15 19 16
15 20 40
11 13 21
15 18 10
1 5 2
22 2 35
15 17 9
17 20 39
23 1 50
9 12 20
3 5 50
12 14 48
19 22 26
15 17 8
14 16 16
2 5 2
12 16 15
19 22 41
6 10 43
19 23 22
14 17 42
15 19 15
15 18 20
21 0 34
0 3 41
21 0 9
11 14 30
19 2 31
14 16 14
15 19 26
22 1 11
22 0 10
19 23 11
0 3 50
0 4 10
13 17 28
6 10 47
13 16 27
16 19 39
12 15 36
21 1 42
7 11 6
18 22 11
8 11 45
21 22 28
7 9 8
21 23 45
3 4 7
20 0 46
0 3 13
22 2 37
0 4 42
15 17 1
19 21 42
12 15 3
20 23 27
17 20 24
11 15 43
0 3 49
0 3 50
3 6 6
3 7 33
0 1 8
9 13 27
17 20 8
18 20 2
17 19 13
6 11 14
20 0 13
15 16 23
7 10 40
7 9 8
21 23 39
21 0 31
13 16 11
4 5 14
4 9 8
19 22 24
5 8 26
15 19 2
16 19 46
1 4 24
11 14 7
4 6 42
17 19 18
9 12 12
15 19 20
12 17 27
2 6 20
8 10 45
6 9 32
13 15 40
22 1 21
11 15 47
3 5 22
2 5 2
2 4 36
10 12 45
17 20 48
22 2 26
14 18 8
11 12 6
18 21 12
0 2 22
9 13 20
23 4 23
10 13 9
13 18 23
7 10 31
2 4 1
3 6 18
13 17 16
2 4 19
1 5 48
4 7 21
7 9 13
16 19 2
14 17 30
20 22 20
15 18 37
14 17 5
17 19 41
23 1 24
20 0 49
11 14 41
20 23 42
8 11 16
10 13 20
5 8 5
17 20 11
4 6 28
4 8 46
16 19 7
2 3 3
15 19 41
3 6 18
2 6 24
17 20 29
12 13 4
13 15 27
14 17 32
20 23 10
10 13 17
7 9 1
0 2 22
5 7 13
22 23 6
13 16 25
9 12 7
17 22 34
1 5 37
23 1 34
11 16 9
22 1 14
8 11 38
11 15 13
17 20 20
9 11 24
13 17 37
17 21 38
19 20 15
19 20 25
15 18 3
0 5 44
0 4 19
17 21 5
23 2 45
3 6 16
14 17 19
3 6 49
9 14 1
16 18 8
22 1 48
8 11 16
18 20 49
9 13 27
19 0 16
16 19 36
14 17 11
21 0 14
12 14 38
8 10 8
12 13 8
18 22 15
0 4 27
23 1 3
18 21 4
6 7 24
11 14 49
9 12 41
22 2 18
21 23 45
17 19 46
19 20 25
11 15 20
8 11 24
0 2 34
9 11 1
3 7 11
17 21 33
19 21 2
15 17 22
17 19 25
5 9 23
5 8 9
5 9 44
23 1 29
22 1 46
0 5 23
0 4 12
9 12 28
2 6 9
22 1 3
22 0 13
15 19 19
9 11 7
12 15 43
22 0 16
4 7 49
11 12 22
5 9 12
18 21 2
19 22 3
19 22 27
12 14 45
7 11 31
7 10 12
3 7 3
2 3 35
8 10 13
12 15 34
8 11 43
22 1 36
22 0 50
11 14 10
20 22 29
2 4 11
4 6 39
6 9 23
18 22 49
21 23 44
12 14 11
9 13 49
7 9 7
4 8 41
20 23 49
21 23 30
0 4 15
14 18 17
2 5 20
12 14 20
23 2 25
23 1 35
5 7 26
21 0 4
16 17 26
23 3 21
2 3 28
20 21 28
5 7 32
0 3 27
13 16 4
19 22 48
19 21 45
23 2 22
15 19 31
2 6 17
11 13 45
11 14 42
18 20 8
2 4 21
22 1 20
12 16 21
16 18 49
20 23 50
20 0 13
18 23 43
4 7 20
2 7 38
18 22 47
19 20 19
14 17 3
7 9 50
2 5 33
7 12 25
21 0 2
3 7 18
23 1 6
14 16 41
0 3 25
19 22 50
10 14 19
2 4 23
10 15 36
8 12 33
18 22 16
6 9 42
3 8 19
15 19 46
8 12 13
13 15 39
4 7 1
2 4 17
2 5 39
6 9 42
19 22 44
2 6 46
23 1 47
1 3 18
5 8 3
14 18 36
6 9 50
21 0 46
0 2 43
0 3 44
1 3 45
22 2 11
23 1 26
8 9 32
11 15 19
2 6 35
16 20 26
16 20 38
14 17 42
10 12 31
22 0 8
23 3 50
18 22 43
12 15 3
16 18 4
15 17 24
16 19 35
20 22 8
13 16 12
19 22 18
1 3 9
17 19 11
11 13 39
6 9 46
15 18 21
23 1 46
6 9 33
15 18 20
20 23 12
18 19 36
11 15 3
10 12 37
5 10 24
4 5 28
23 3 12
22 2 38
22 1 33
15 16 32
2 5 13
8 11 47
14 16 13
14 17 4
23 1 14
20 0 20
12 13 21
15 19 29
11 15 48
18 22 38
23 1 45
23 3 4
16 20 22
6 7 26
2 4 31
3 7 37
22 1 48
7 10 42
20 23 42
14 16 31
11 13 35
8 10 9
21 23 12
6 7 25
7 9 45
16 19 15
13 17 4
13 15 9
16 19 30
0 3 16
0 4 16
20 22 25
6 10 48
16 19 42
1 4 47
6 9 1
23 1 24
12 15 48
16 19 29
1 3 22
1 4 8
17 21 3
4 7 11
9 13 47
17 20 31
5 9 29
7 10 29
12 17 7
11 14 20
15 19 34
21 0 2
8 9 33
8 13 24
17 21 39
17 20 6
16 20 40
11 15 14
19 23 47
16 20 6
14 17 29
4 7 3
5 9 38
20 23 23
17 19 6
10 11 14
2 5 27
19 20 46
10 13 24
17 21 34
