1000 39
5 13 12 27 28 3 13 17 7 32 8 28 20 22 25 8 18 27 4 17 12 10 17 15 27 36 2 30 6 17 8 33 21 17 10 9 16 31 10 
5 9 3
12 17 27
11 14 4
0 3 3
20 22 28
5 6 39
0 4 6
2 5 36
7 8 14
16 19 37
1 5 22
3 8 18
13 17 20
13 17 8
0 0 32
14 17 17
5 8 33
6 9 26
22 2 12
4 6 22
18 21 12
13 16 26
17 21 4
19 20 39
8 10 35
0 4 12
23 4 18
11 14 9
23 4 2
6 7 12
15 17 37
8 10 23
0 5 17
17 19 31
19 23 8
1 4 22
23 2 11
4 7 18
3 7 29
0 4 2
6 9 24
8 11 14
5 7 30
4 6 6
15 16 29
10 13 34
2 4 27
23 2 21
7 11 25
14 18 4
18 21 28
12 14 30
7 10 10
23 2 27
8 11 13
16 18 1
16 19 18
23 3 18
22 2 36
4 8 39
15 18 12
13 15 34
21 0 14
11 13 16
23 3 27
11 12 25
13 14 29
11 12 36
21 0 10
19 22 35
21 23 12
22 0 25
21 23 29
4 8 21
22 0 10
22 2 24
8 11 35
19 22 3
3 7 27
0 2 9
0 3 28
10 12 8
12 15 7
2 6 4
16 19 25
11 14 3
19 23 29
8 11 28
12 15 14
17 21 23
1 4 31
14 16 9
0 4 10
2 5 18
20 23 2
5 8 14
6 8 18
9 11 13
17 20 10
21 23 15
17 19 1
22 1 6
13 14 22
18 21 28
7 11 8
1 2 15
15 19 20
9 12 36
11 12 27
21 2 7
6 7 8
18 21 7
21 0 30
16 19 22
20 0 39
10 13 32
12 17 5
5 7 12
18 21 38
0 4 37
19 23 14
17 19 28
2 7 29
10 11 19
23 2 23
2 4 29
3 7 39
17 19 4
11 12 33
4 6 24
0 3 3
0 3 10
9 11 24
0 2 39
23 1 38
18 21 9
11 15 36
18 22 27
8 10 9
6 10 34
9 12 3
10 13 26
9 13 38
14 18 2
23 3 32
21 0 7
6 10 39
23 1 10
22 1 29
16 20 38
5 9 19
18 20 31
16 19 1
13 13 27
13 16 31
0 3 37
8 11 8
21 23 9
2 6 9
4 8 11
11 14 13
15 20 31
2 4 39
12 15 33
17 19 15
23 1 38
12 15 29
7 9 33
20 0 27
19 21 26
12 14 15
6 9 1
14 16 27
22 0 21
18 22 14
20 23 31
19 23 20
11 15 5
2 6 26
23 1 21
21 0 15
15 19 3
17 18 34
18 21 37
9 11 37
17 22 14
5 7 28
14 18 16
8 12 34
7 10 28
4 7 13
4 7 16
14 16 24
15 17 2
22 0 22
22 1 10
20 22 19
12 15 9
22 0 22
12 15 11
20 22 14
15 19 5
12 16 26
15 18 12
23 2 1
14 17 20
7 7 2
18 21 6
10 13 21
18 22 9
22 0 18
18 22 6
18 20 24
20 23 35
22 1 21
14 17 14
23 2 7
2 5 4
12 15 36
20 0 26
19 23 10
17 21 33
23 3 31
13 17 36
16 19 31
4 7 31
16 21 36
8 10 2
2 4 10
14 17 2
16 18 23
17 20 38
0 3 33
13 16 17
5 7 19
17 20 2
17 20 8
6 8 33
3 8 36
6 7 16
20 21 35
6 11 33
23 3 13
19 22 2
15 19 29
23 0 36
18 21 18
10 11 39
17 20 32
4 6 5
17 19 20
11 13 20
5 8 34
15 17 6
13 16 32
19 23 20
2 6 22
22 2 9
5 8 5
16 18 28
3 6 5
4 7 37
21 0 4
4 8 15
14 16 34
20 23 14
15 18 24
13 17 25
11 13 13
11 14 30
21 22 30
11 15 23
23 1 11
18 22 17
7 11 8
16 18 33
8 10 36
15 18 21
4 8 7
11 13 3
15 18 14
10 12 1
7 10 20
13 16 4
15 15 26
21 1 19
13 15 37
12 14 6
19 21 3
19 22 24
8 11 15
2 5 13
18 20 37
23 3 38
21 23 5
17 20 37
16 18 21
9 12 3
13 16 26
16 19 25
4 7 34
17 20 24
5 7 37
6 10 4
20 2 33
17 21 2
23 3 16
23 2 36
9 13 10
4 6 29
3 6 26
2 7 35
18 22 39
17 22 25
19 21 9
5 9 8
0 2 32
15 19 28
2 4 27
7 9 28
6 9 9
12 16 13
15 19 7
9 11 24
6 9 30
19 22 8
3 7 34
8 12 7
18 22 21
20 23 13
5 9 12
18 22 5
11 12 12
0 6 21
4 6 35
9 12 12
15 20 18
6 8 15
20 22 19
0 3 12
7 9 18
1 4 8
2 5 14
14 18 2
14 17 39
13 15 6
4 7 34
1 3 4
22 1 19
7 10 35
16 18 7
21 0 31
7 9 14
23 1 14
23 2 1
1 4 36
3 6 27
11 14 36
19 22 6
10 11 16
6 9 33
21 0 12
6 9 39
16 18 4
3 6 16
7 9 24
2 6 37
8 11 10
17 21 19
1 1 19
3 6 34
23 3 26
12 15 30
11 13 20
8 9 26
4 7 29
9 11 27
2 5 27
19 23 28
4 9 25
15 18 28
13 17 9
23 3 1
4 8 23
10 12 8
0 3 14
20 1 21
2 8 37
3 6 12
14 15 19
8 12 16
10 11 30
3 6 10
4 4 29
21 0 38
22 0 38
0 6 3
4 6 37
17 21 22
3 7 14
10 14 29
16 20 2
23 3 25
12 14 21
3 6 35
11 14 33
19 22 27
23 2 25
5 7 6
15 18 28
1 4 12
23 1 39
2 7 39
23 1 34
10 13 23
2 6 35
5 7 16
7 11 16
23 2 6
17 20 32
8 11 16
13 15 37
15 22 33
11 12 11
22 1 28
13 15 2
13 17 14
13 17 29
20 22 8
0 3 22
7 11 17
18 21 21
12 16 10
14 17 13
22 1 25
23 2 4
0 4 25
23 2 9
12 15 8
20 22 24
4 7 18
21 2 1
7 9 18
19 20 12
13 14 3
19 23 4
6 8 15
12 14 1
22 2 2
10 13 29
0 3 26
15 20 5
5 7 20
19 23 36
3 6 8
3 7 5
2 5 6
0 4 35
4 6 26
17 19 5
4 6 29
16 18 10
3 7 11
6 10 12
10 14 11
11 14 11
15 18 30
17 18 34
1 5 25
15 20 20
2 5 31
23 1 31
2 5 13
10 12 26
4 6 35
11 14 38
15 17 5
18 21 16
20 23 20
11 13 32
15 18 21
8 11 32
12 15 39
1 3 11
17 19 35
15 18 35
14 18 3
18 21 22
1 4 30
6 9 23
4 8 31
12 16 6
13 17 35
11 12 39
5 7 8
6 8 14
17 21 13
11 15 39
8 11 26
2 7 22
14 17 4
18 20 3
4 6 27
6 8 1
10 14 26
20 23 37
8 12 37
20 0 30
4 7 3
13 15 2
2 4 13
16 18 2
9 12 19
18 21 37
21 0 36
5 8 37
23 3 38
5 7 7
20 22 15
2 5 33
16 18 27
8 11 39
16 19 3
5 9 30
9 13 18
14 17 11
4 7 35
23 3 24
0 2 30
20 0 18
2 4 26
12 13 19
0 4 30
4 10 5
17 20 14
18 21 33
8 12 2
15 19 20
2 5 3
1 6 14
10 14 9
14 17 21
14 16 28
9 12 33
7 10 17
20 22 21
7 9 7
13 16 11
9 14 25
1 5 28
14 16 25
11 15 20
4 7 31
18 20 33
21 23 30
4 7 20
10 14 9
2 6 11
3 6 39
6 9 24
14 17 13
7 9 16
21 0 36
17 19 38
9 12 14
23 2 2
2 5 8
15 17 29
20 23 7
4 7 1
15 18 15
8 10 9
18 21 29
22 1 21
10 13 32
1 4 28
15 18 32
11 12 21
13 18 28
20 23 13
23 3 35
21 23 15
19 22 18
12 14 7
19 21 29
9 12 17
21 0 11
3 5 15
12 14 21
1 1 20
14 18 16
4 5 12
13 17 5
7 12 34
3 8 12
9 12 19
18 20 8
3 5 18
1 3 35
12 16 7
3 4 20
17 20 8
14 17 25
13 16 37
11 16 8
8 11 28
9 11 32
12 15 33
22 1 26
10 14 29
4 6 5
20 21 32
7 10 17
8 11 10
2 5 26
10 13 34
4 6 36
15 19 39
1 3 25
8 11 16
2 5 28
12 15 17
3 5 4
7 11 16
20 0 36
19 0 32
12 16 28
3 6 5
6 8 29
15 17 27
10 13 35
9 11 23
12 14 25
4 7 28
23 0 34
17 20 21
3 7 25
9 12 18
15 17 5
20 23 22
22 1 27
16 19 29
15 18 28
4 7 30
22 1 2
16 20 30
6 10 26
10 11 21
1 5 21
0 4 35
21 23 13
16 19 33
8 11 20
6 10 26
23 3 7
19 22 31
23 0 23
12 15 8
4 7 33
6 10 30
0 4 35
18 21 13
18 21 9
11 13 29
23 1 35
15 17 14
22 2 28
14 18 35
11 14 26
8 11 12
14 17 1
14 17 21
13 16 9
22 1 13
7 11 12
3 6 14
11 14 19
8 11 32
16 18 34
5 8 35
8 12 14
1 4 32
10 11 25
1 2 3
8 10 4
3 6 2
8 12 35
14 17 2
17 20 25
13 15 25
0 4 5
0 3 31
1 6 4
3 7 35
1 3 25
5 9 24
7 9 25
9 12 3
4 8 9
17 20 13
2 4 6
21 22 26
0 2 5
11 13 15
0 2 7
0 3 23
11 14 13
21 2 28
6 8 21
6 10 22
13 15 17
9 13 29
13 16 8
14 17 27
2 5 5
5 8 24
23 1 30
8 11 8
4 7 39
14 17 8
7 10 18
8 10 8
12 15 1
22 0 18
0 2 33
22 1 29
10 12 27
7 9 16
16 20 6
22 0 14
8 10 28
16 18 13
23 1 33
19 0 13
17 20 21
2 5 7
8 11 5
15 17 14
4 9 36
6 7 19
23 2 27
23 3 17
12 15 38
9 12 39
18 20 33
5 7 2
19 22 1
22 0 29
9 13 21
17 22 6
17 20 7
17 20 21
14 16 34
12 15 25
14 17 5
13 16 19
3 5 23
6 7 19
22 2 26
15 18 12
14 18 25
18 20 16
5 7 24
2 5 14
23 2 29
19 22 37
23 4 5
15 19 33
13 16 32
21 0 23
12 14 8
0 2 36
16 19 10
7 12 1
23 2 27
11 11 14
10 14 13
12 16 29
22 1 21
11 12 8
17 21 7
3 5 19
8 13 16
21 1 1
10 12 23
21 1 31
4 8 2
10 13 21
10 13 29
12 15 32
22 2 3
7 9 26
8 11 9
17 20 12
8 12 39
21 0 14
10 12 21
8 10 34
11 13 2
2 4 34
22 0 8
12 14 7
0 2 38
12 15 8
5 9 17
13 16 19
20 20 28
21 1 27
2 6 2
18 22 13
12 15 35
18 21 10
12 15 11
23 4 25
12 14 9
8 11 33
0 2 21
21 1 22
19 0 37
5 9 23
20 23 1
23 2 27
3 7 8
7 10 1
13 17 13
17 18 6
19 21 26
16 20 24
21 23 3
7 11 39
21 23 7
21 1 28
9 13 14
7 10 4
11 15 32
14 17 29
9 10 24
7 7 5
6 9 37
3 6 8
0 2 35
8 12 19
13 17 18
23 2 31
15 17 27
1 4 27
10 12 21
15 20 13
16 20 10
1 3 36
18 23 3
16 17 24
17 20 31
11 15 32
9 14 24
16 19 39
20 23 27
13 16 17
22 1 29
9 13 11
11 14 21
22 2 1
4 7 35
1 5 31
16 19 12
9 12 14
11 14 23
18 21 10
8 11 35
21 23 1
7 10 1
8 11 38
0 3 20
4 7 11
16 18 12
6 8 12
22 0 36
1 5 5
13 15 34
9 13 21
13 15 17
0 2 9
17 20 9
11 14 38
21 1 20
21 0 28
7 11 10
0 3 24
16 17 24
3 7 26
3 5 7
3 5 33
6 9 22
17 20 20
11 14 34
10 13 1
4 7 38
13 15 23
0 3 13
19 22 23
23 1 15
14 16 10
10 12 21
13 18 21
19 20 35
2 6 23
9 11 12
23 1 23
14 17 20
7 11 19
0 2 36
19 22 20
6 8 31
18 22 28
14 18 20
2 6 10
6 11 26
23 1 14
3 5 31
6 8 28
0 3 7
23 2 34
2 5 11
12 15 7
15 17 25
0 2 38
15 17 23
7 9 7
2 5 10
17 19 27
22 2 14
6 9 24
1 2 30
4 5 33
3 7 1
14 17 15
20 23 18
15 18 35
19 22 27
11 15 7
8 11 1
21 23 31
15 18 6
5 9 2
8 13 12
22 22 19
4 8 12
14 17 33
1 2 21
11 15 21
15 18 21
22 0 31
20 22 36
21 0 15
8 12 38
17 20 35
19 21 35
8 11 35
11 16 25
1 4 27
20 0 24
14 17 32
13 16 20
0 4 30
7 11 3
15 20 31
20 1 7
2 5 9
6 9 3
1 3 35
2 6 31
23 1 37
22 23 34
6 7 37
6 10 12
18 21 12
20 0 9
0 4 19
14 17 34
8 12 34
0 5 22
2 6 24
8 11 21
14 18 26
22 2 24
7 11 23
10 14 34
17 21 15
0 6 2
9 13 19
6 10 10
13 18 19
12 15 20
11 14 25
17 20 9
5 7 9
5 8 19
2 4 6
12 16 5
23 1 26
