8000 43
40 2 11 12 40 18 11 12 18 33 17 9 39 19 4 16 21 41 13 11 4 34 39 14 15 24 33 30 18 5 3 30 36 1 37 28 20 32 31 34 10 24 22 
22 0 8
10 13 27
9 12 18
13 18 40
1 2 24
23 1 9
15 18 30
5 7 40
9 12 2
12 15 9
23 0 38
11 14 3
19 23 30
9 12 19
21 22 17
6 11 25
17 21 1
2 5 19
19 22 9
19 23 11
5 8 13
15 16 6
21 22 17
21 0 26
0 3 22
8 11 38
15 20 30
12 13 41
12 16 24
6 8 30
2 6 15
13 17 21
23 1 10
7 9 39
22 0 13
12 15 28
14 17 34
19 21 9
9 12 41
16 21 18
3 6 18
9 13 29
11 15 20
21 1 40
15 19 30
21 0 17
23 3 26
7 12 10
5 7 26
15 20 10
9 13 2
0 2 12
1 5 41
13 16 15
21 1 8
14 17 36
13 18 37
17 19 27
12 16 34
4 6 30
5 8 35
19 22 36
2 5 19
3 6 13
12 16 1
6 8 31
7 9 15
4 6 4
11 15 14
13 14 28
12 16 17
19 22 8
10 12 8
17 19 35
18 23 38
23 2 17
17 20 32
19 22 37
22 0 19
2 6 21
16 19 13
13 16 3
21 0 10
13 17 40
5 9 11
17 19 33
20 23 26
9 13 43
1 3 26
13 16 29
7 9 35
7 9 39
7 9 22
22 2 43
12 16 2
14 18 38
6 11 27
2 6 33
18 18 2
22 2 1
22 1 12
14 16 29
8 11 28
13 15 42
6 11 12
20 22 34
19 23 14
3 5 4
5 9 5
11 13 36
19 22 14
17 21 13
0 4 24
19 22 43
5 7 2
12 13 37
0 3 10
19 22 2
8 11 39
19 23 17
23 3 31
8 11 38
7 9 7
0 3 7
7 12 38
6 8 43
2 6 37
16 19 33
11 15 40
12 17 36
3 8 20
15 17 6
23 1 8
9 12 20
14 17 8
14 17 13
16 20 9
8 11 7
4 7 24
6 8 20
6 9 42
6 9 34
12 15 40
21 1 28
5 7 21
11 14 19
18 22 13
10 12 18
12 15 38
5 8 43
5 7 6
23 1 39
7 10 42
13 16 38
10 12 23
2 8 21
4 7 22
3 7 30
17 19 33
0 3 34
3 6 3
3 4 8
3 6 18
22 2 12
3 7 18
12 16 29
6 8 22
21 1 19
21 2 37
21 1 31
11 13 16
15 18 7
14 16 6
13 15 42
13 14 42
3 7 24
18 21 41
19 0 39
8 11 22
18 22 21
8 11 2
10 14 37
21 0 12
18 21 35
3 6 34
9 12 37
16 20 34
17 20 13
11 15 38
22 2 32
16 19 29
20 23 42
13 16 28
2 6 17
10 13 40
13 16 32
7 9 31
16 19 15
7 11 28
3 6 19
18 20 39
10 12 41
14 16 27
2 4 15
12 15 10
6 9 30
21 0 37
8 13 22
16 21 7
5 9 10
14 18 39
0 4 22
11 15 16
22 1 16
21 1 19
21 23 15
20 23 40
19 22 28
4 7 25
19 23 5
1 4 39
2 4 17
13 15 4
6 11 20
12 15 4
20 22 1
6 9 3
1 5 11
19 0 25
19 0 26
22 1 1
10 13 42
10 12 8
4 8 10
3 5 14
0 5 7
5 10 5
17 19 18
23 2 23
9 12 31
21 0 25
8 10 42
3 7 10
16 20 28
6 8 1
7 10 39
8 12 13
19 22 38
18 20 20
3 6 38
0 3 13
7 11 9
14 18 28
20 21 14
21 0 26
19 21 43
22 1 2
9 11 38
2 5 39
22 1 31
12 19 33
19 21 3
12 16 32
12 16 35
2 5 34
4 8 29
11 12 31
17 21 15
18 22 27
16 20 29
19 21 24
8 10 29
5 7 35
11 12 13
23 4 42
21 23 9
20 22 43
18 20 22
4 7 39
7 10 25
20 0 12
14 16 34
2 5 33
8 10 10
11 13 23
3 6 3
8 12 18
3 5 42
18 23 3
0 4 42
23 1 13
2 6 2
20 23 4
11 15 36
6 10 6
2 4 7
10 14 40
19 23 1
17 20 21
4 8 22
23 1 43
9 10 39
11 13 22
8 11 25
14 18 41
1 5 37
13 16 32
16 18 3
7 10 26
15 19 7
12 15 36
18 21 10
10 15 36
13 16 1
15 20 32
17 20 32
16 19 17
11 12 3
4 7 4
16 18 28
5 9 13
14 17 16
16 19 29
6 9 36
2 6 14
1 3 39
15 17 6
8 9 9
10 14 19
20 23 26
1 4 13
7 9 39
13 16 19
10 12 34
16 19 24
23 1 27
3 6 9
5 10 43
2 7 27
4 8 42
23 2 24
16 19 22
13 17 28
17 20 17
10 13 42
16 19 16
14 16 6
22 1 24
2 5 35
19 21 34
20 0 22
9 12 9
22 1 38
14 16 43
6 10 4
17 17 7
13 16 11
1 5 24
13 16 22
9 13 24
22 1 1
18 20 28
17 19 18
15 19 19
14 17 4
18 23 36
4 7 33
19 22 29
5 9 15
7 10 40
19 20 33
16 19 34
0 4 43
18 22 15
15 18 12
11 14 34
11 14 23
7 10 42
12 15 11
10 14 19
0 3 41
15 18 21
7 10 32
1 4 18
13 16 33
19 20 9
10 13 14
3 6 14
19 22 25
13 15 37
12 14 9
16 17 37
5 7 19
21 21 18
9 13 31
21 0 1
3 6 28
23 2 43
9 12 31
2 4 20
12 15 36
8 12 16
12 15 27
5 9 31
22 0 3
21 2 33
19 21 16
12 14 33
15 19 16
8 11 40
19 22 4
3 7 27
19 0 34
21 0 21
9 12 17
17 20 6
5 7 39
3 7 24
22 2 1
19 23 20
0 2 34
1 4 32
7 11 6
15 20 21
15 19 30
5 10 24
10 13 35
6 9 28
1 4 42
6 9 4
13 17 28
0 3 29
8 11 4
16 19 23
11 14 12
21 2 26
1 4 22
9 14 11
4 7 13
17 20 23
19 21 24
13 17 36
10 12 8
1 5 25
4 4 27
8 12 26
15 18 40
13 16 24
20 23 2
4 6 42
19 21 41
1 5 26
17 19 4
10 13 6
14 18 37
13 15 10
20 22 36
15 17 18
1 4 23
1 4 21
13 17 6
16 20 21
3 7 10
14 18 31
22 1 16
10 12 10
12 15 32
11 12 31
3 6 43
8 11 22
15 19 7
22 0 12
4 8 30
5 8 6
9 10 17
20 23 10
14 17 11
17 22 32
19 21 42
8 10 12
16 20 10
10 14 24
16 19 18
0 4 4
15 18 20
20 22 42
14 17 37
11 13 39
19 23 2
13 16 7
18 21 17
18 21 36
2 6 36
3 7 20
7 8 38
4 7 21
6 8 2
14 17 20
7 9 33
13 16 22
10 13 43
16 19 28
0 3 19
4 7 13
3 5 35
2 4 33
3 6 33
13 18 29
20 22 1
13 16 32
2 3 26
3 5 21
0 3 23
10 15 15
8 10 17
23 2 41
18 20 13
9 12 16
3 7 15
16 20 31
14 18 1
16 21 4
20 0 35
21 1 19
13 16 19
17 21 43
23 3 41
15 18 3
1 3 12
1 3 6
5 8 24
7 11 29
23 2 20
10 12 10
10 13 36
10 14 33
0 3 20
1 4 31
12 15 37
17 19 32
18 20 25
12 15 33
12 15 40
5 8 34
21 0 29
3 6 22
2 4 30
13 16 23
7 10 3
12 15 15
18 21 33
3 6 31
9 11 39
23 3 2
6 9 23
7 9 1
15 19 36
0 3 23
14 16 3
3 5 17
21 23 23
4 5 34
5 9 17
17 19 42
9 12 8
19 22 10
6 8 6
23 1 37
16 19 9
16 18 16
5 7 37
6 9 20
23 1 4
16 19 11
19 21 43
15 19 32
2 5 22
18 20 34
19 23 24
16 19 2
18 21 14
19 22 27
9 12 7
12 15 17
11 16 23
13 16 36
2 6 10
23 2 12
7 12 20
6 9 8
7 8 38
1 5 9
12 16 12
15 18 15
5 6 39
0 3 17
16 19 16
4 7 26
14 17 24
18 22 35
16 21 35
0 4 12
12 15 10
6 8 8
15 17 41
21 2 18
12 15 31
5 9 21
17 21 25
0 3 16
20 23 28
20 23 34
18 21 23
21 0 22
6 9 38
0 3 19
20 1 10
12 16 10
16 17 35
4 8 28
5 10 1
8 12 34
22 1 18
18 21 20
3 7 15
6 10 21
19 22 3
7 9 37
2 5 5
0 1 27
20 0 11
19 21 29
16 20 43
20 1 27
8 11 30
20 20 5
12 16 30
22 0 8
15 19 3
18 21 27
10 12 16
9 11 24
19 20 3
1 4 5
6 11 40
0 5 10
4 7 42
21 23 42
0 2 12
10 14 32
19 20 13
20 0 22
18 22 5
2 5 6
19 22 25
18 20 26
4 6 30
0 3 26
14 16 36
16 17 6
13 14 21
16 19 24
22 1 14
7 10 22
23 2 21
3 5 26
16 17 19
17 19 16
6 9 26
13 18 20
9 12 18
5 10 18
1 4 25
5 7 5
21 1 5
16 19 16
11 14 39
16 18 37
20 23 15
3 7 29
2 4 35
4 7 9
7 10 32
10 12 11
2 6 36
4 8 33
2 6 37
11 14 28
12 15 11
10 14 40
4 6 15
20 22 37
3 6 5
6 10 10
20 22 18
17 21 17
13 16 2
16 18 35
9 14 6
8 11 24
19 21 5
3 5 41
13 17 37
15 18 16
11 15 18
9 14 4
21 0 37
20 22 39
7 8 1
3 7 26
14 15 31
4 8 15
7 9 26
10 13 18
0 4 10
1 3 8
8 11 26
5 9 35
10 12 30
22 0 29
10 13 42
20 21 38
2 6 25
19 23 11
23 2 20
5 8 40
1 2 28
17 19 12
12 17 12
14 17 25
18 23 31
0 3 1
18 20 17
20 22 2
11 14 23
3 7 17
13 14 37
3 7 7
10 14 27
16 21 43
8 11 26
14 16 14
18 21 12
1 3 34
2 5 18
10 14 18
10 12 20
5 9 28
22 0 10
9 12 28
0 2 11
12 17 39
1 5 19
21 23 23
11 14 35
9 12 10
22 1 9
2 5 43
1 6 38
19 22 22
18 19 26
0 3 14
9 11 15
18 21 29
20 21 33
0 3 17
9 12 13
13 17 33
7 11 40
10 12 4
19 21 26
10 13 9
14 17 10
17 23 32
0 2 18
11 17 12
13 17 10
8 11 32
11 16 5
15 17 1
4 6 16
14 17 27
23 2 8
16 21 2
1 3 9
13 15 23
4 8 22
23 2 30
9 12 24
12 15 26
12 16 11
14 17 43
8 11 21
8 10 8
18 20 33
20 1 14
10 13 17
10 13 3
17 20 18
12 14 28
4 6 34
14 17 40
0 3 32
21 1 14
6 9 31
7 10 22
3 6 11
10 12 40
3 6 20
14 19 21
15 17 4
13 16 33
12 16 18
8 10 29
22 1 19
7 9 25
14 17 37
19 22 10
15 18 14
2 4 9
8 12 18
13 16 40
23 2 37
6 9 14
22 0 39
16 19 13
21 1 16
8 10 25
3 5 34
3 4 10
19 22 12
1 5 37
1 5 9
8 11 24
13 16 22
8 11 7
23 2 18
5 9 36
22 0 17
12 14 22
1 3 41
14 18 12
5 6 15
12 14 3
18 20 5
23 2 36
18 0 37
3 7 15
17 19 32
15 17 31
7 9 2
20 22 29
8 10 6
12 14 34
17 21 20
3 7 1
21 22 15
9 12 5
13 15 4
13 16 34
2 5 7
20 0 29
15 16 43
11 15 17
3 6 38
17 23 31
4 7 8
13 16 35
11 13 2
6 8 32
9 12 30
23 3 24
20 23 17
20 23 8
10 13 35
8 11 37
17 20 43
10 12 14
14 18 20
21 23 22
5 9 1
19 22 36
6 9 38
15 20 28
19 22 14
19 21 18
17 20 30
17 20 38
5 6 41
17 20 17
14 17 14
21 23 8
8 11 39
18 20 7
8 10 5
13 15 17
23 2 23
11 14 41
16 18 41
8 13 20
23 4 31
2 3 15
5 8 43
21 1 20
15 18 19
9 11 28
15 18 6
10 14 15
7 10 16
12 15 19
12 14 10
12 15 24
20 0 19
3 5 4
0 3 41
7 11 41
5 7 15
23 3 39
10 13 23
22 1 24
11 14 14
0 4 2
14 19 15
15 19 5
1 3 15
19 23 28
4 8 6
8 9 27
11 13 41
23 2 7
14 17 31
15 16 23
23 2 13
6 9 28
16 19 13
14 19 28
4 6 9
10 13 3
18 21 25
22 1 10
18 21 38
14 16 27
5 8 4
5 6 22
3 5 5
13 15 16
2 6 28
2 5 11
2 5 3
12 16 35
22 1 19
2 6 9
10 14 37
4 5 15
2 6 29
4 6 6
19 22 4
21 2 9
23 3 6
13 16 13
17 21 41
1 5 40
14 17 41
23 2 18
5 9 27
16 20 25
0 3 7
7 10 6
21 1 5
4 6 7
2 6 28
23 3 12
6 8 37
15 18 27
5 8 38
20 0 33
0 3 13
22 2 6
21 0 27
19 22 20
8 11 41
8 11 41
1 3 8
5 9 36
19 21 26
10 13 19
4 8 34
4 7 23
0 3 27
8 11 39
11 13 3
2 5 18
8 13 29
1 5 9
17 20 4
0 3 19
4 5 34
6 10 9
13 17 29
23 1 6
19 22 7
12 14 15
21 22 21
5 9 5
0 4 30
9 11 8
6 11 41
17 19 22
14 17 3
12 14 10
20 22 25
9 11 13
5 9 20
16 20 8
18 0 34
21 0 11
9 11 31
4 5 32
13 17 42
10 13 11
23 2 22
6 9 23
11 11 40
3 6 9
5 7 37
12 16 7
12 17 37
0 3 43
10 14 22
8 10 38
4 9 9
1 5 9
0 1 16
5 6 2
17 19 34
13 16 12
12 17 12
3 8 10
21 0 5
6 8 16
13 16 42
0 3 25
3 5 9
16 19 23
14 15 38
17 20 12
5 6 42
20 23 7
12 16 28
15 16 25
15 19 3
21 1 33
6 10 2
9 11 34
3 6 31
18 21 3
0 4 1
3 5 1
12 17 17
10 12 22
10 12 19
14 17 39
18 21 9
14 16 42
9 11 22
0 2 8
16 18 7
0 5 19
20 22 29
4 7 11
13 16 4
16 19 37
17 18 8
0 5 19
5 6 43
18 22 38
14 19 2
14 16 43
16 18 42
21 0 27
23 3 28
16 19 10
15 17 43
9 13 29
13 14 33
9 13 30
19 22 32
19 23 27
5 9 25
16 18 9
3 7 39
8 10 9
20 23 33
0 3 29
7 11 25
3 6 21
12 16 10
11 12 22
21 0 9
1 5 28
8 9 13
15 17 3
21 0 40
14 17 6
12 14 20
11 16 43
19 23 41
23 1 6
16 18 10
14 17 31
6 10 8
22 2 7
16 19 13
15 16 11
17 21 4
22 3 41
1 3 33
15 17 3
17 21 33
16 21 11
21 1 12
10 13 43
11 13 11
23 0 6
15 18 24
14 16 17
13 15 39
14 19 17
22 2 36
19 22 27
23 3 15
4 7 25
14 17 35
18 23 23
6 9 17
2 3 23
20 22 22
15 18 15
19 23 27
14 17 22
21 22 20
13 15 18
12 16 36
20 22 27
5 8 13
20 23 9
6 9 25
21 23 17
6 9 5
21 1 18
15 19 29
23 1 35
23 2 6
22 1 15
22 23 43
16 22 25
21 0 36
22 1 39
23 1 9
10 15 39
11 14 29
2 5 25
10 13 24
14 16 9
4 7 19
21 0 31
13 16 28
20 21 20
11 13 32
6 7 27
10 12 31
22 1 18
13 13 33
12 15 20
4 6 7
2 6 14
17 19 32
16 18 14
3 5 30
14 18 11
22 2 39
13 16 28
20 22 17
23 3 35
18 22 16
16 20 28
21 0 29
23 3 22
6 9 25
13 14 40
10 13 20
0 3 5
8 12 12
15 17 30
3 5 40
20 23 27
9 13 40
13 17 23
21 0 43
23 3 34
4 7 5
16 20 22
20 22 27
16 20 34
5 7 30
9 11 16
0 2 11
18 21 23
17 21 7
7 12 10
5 7 34
12 16 29
7 9 2
16 19 8
5 7 9
18 22 43
0 3 13
0 3 38
20 23 29
22 23 30
23 3 11
5 7 28
3 6 10
2 5 34
10 13 7
7 10 35
9 11 1
19 21 40
9 13 19
0 2 9
13 16 42
12 15 7
1 5 32
5 8 29
20 21 15
14 17 17
23 2 34
11 15 23
19 21 32
16 20 14
5 8 11
19 23 43
3 4 9
19 23 39
9 10 15
20 23 38
3 6 27
23 3 41
4 9 27
21 1 33
15 16 41
7 10 16
21 0 20
4 7 7
19 0 23
22 2 1
19 23 29
16 19 8
5 10 40
16 19 27
2 4 13
12 14 17
12 15 37
3 7 5
23 2 26
17 19 35
19 22 39
20 0 4
15 19 43
4 7 40
12 16 43
22 0 40
9 11 16
6 8 27
13 16 21
15 20 9
7 11 21
10 13 15
10 12 39
17 21 22
12 14 12
18 21 4
8 10 38
20 23 28
8 12 15
7 10 27
14 17 24
23 2 29
18 22 39
10 15 19
20 22 32
19 23 2
17 21 2
2 7 13
6 9 12
0 4 25
14 17 40
14 18 5
21 1 35
9 13 1
14 18 30
21 1 17
22 3 9
12 15 35
23 2 23
1 4 6
18 20 27
2 5 39
16 20 12
10 14 41
17 21 25
20 23 22
18 22 25
9 12 14
1 5 16
23 2 6
23 0 29
2 6 26
6 7 37
9 11 37
8 10 22
0 4 11
11 14 28
18 20 31
10 11 15
2 4 17
0 2 25
21 1 1
0 3 9
22 1 29
8 11 30
1 5 13
15 18 29
4 6 19
18 20 14
3 6 18
5 7 11
7 11 11
1 4 25
1 4 35
10 13 23
20 0 9
21 1 42
19 22 32
2 6 36
20 23 27
8 10 18
14 17 27
12 15 17
0 4 12
15 18 25
20 1 26
16 19 18
4 6 30
18 20 8
2 2 28
10 13 35
16 19 34
3 5 27
1 5 12
3 7 27
2 5 37
11 12 3
10 14 18
10 14 41
21 2 37
9 12 36
11 15 35
20 0 16
15 18 41
20 23 36
13 14 37
2 4 36
8 11 41
21 0 10
3 7 31
3 6 1
9 13 35
10 12 23
13 14 32
21 2 7
22 3 17
17 19 40
11 15 29
13 16 28
0 3 37
19 23 41
22 0 40
20 1 2
19 22 34
11 12 19
6 11 9
13 14 18
21 0 31
14 19 27
14 16 13
14 17 39
21 1 19
0 2 39
12 14 24
16 21 31
13 17 17
16 18 35
14 17 12
12 14 19
4 8 22
6 9 6
2 4 39
0 4 38
3 7 10
22 23 3
11 14 28
6 7 5
10 14 11
17 19 6
23 3 20
10 15 3
7 8 32
21 23 16
3 8 28
2 4 8
13 14 37
22 3 34
8 11 27
19 23 9
18 19 33
2 4 38
14 17 20
3 7 11
18 21 43
7 10 43
10 14 27
6 10 8
4 7 29
17 19 43
12 16 20
5 9 1
7 11 16
0 3 32
13 14 22
12 14 36
13 17 8
16 20 34
19 22 32
21 1 6
16 19 25
15 19 19
0 3 13
4 7 2
17 20 27
20 23 14
15 18 6
0 4 11
0 3 12
2 6 11
13 16 10
4 6 19
9 12 30
7 10 7
20 0 27
14 17 28
10 14 10
18 20 16
8 11 31
19 22 28
21 23 36
14 17 42
10 11 18
1 6 34
13 15 26
7 11 25
9 11 17
0 4 15
9 12 40
22 1 20
8 10 25
8 11 19
16 19 32
4 8 10
2 4 25
13 17 34
19 22 10
16 19 40
1 4 4
10 11 13
7 10 15
22 2 2
22 1 39
13 16 39
12 16 20
3 5 2
0 1 25
17 21 33
3 6 18
0 5 2
9 11 32
1 4 32
5 8 17
8 13 39
21 1 39
14 20 15
12 14 32
2 7 36
23 0 35
4 5 16
15 16 15
19 20 10
4 8 15
3 5 26
23 2 33
13 16 17
10 13 20
3 6 16
17 18 14
17 19 41
9 10 38
16 19 6
6 9 32
9 13 4
15 17 2
0 1 37
0 3 4
3 7 40
7 11 4
12 16 34
15 17 43
23 2 24
13 15 28
13 15 4
2 4 7
11 14 5
20 23 43
18 21 37
1 4 19
22 0 16
21 0 33
3 7 3
23 3 19
9 11 29
20 22 3
22 22 32
22 1 34
14 18 7
22 3 29
13 14 32
1 5 23
4 8 22
4 8 8
10 11 28
22 1 32
0 3 10
17 20 20
1 4 21
13 16 36
12 15 10
1 3 33
18 21 37
1 4 28
2 5 24
15 19 4
7 11 23
10 12 5
1 4 3
2 4 4
11 16 31
17 18 14
1 3 39
2 5 40
19 22 7
4 7 15
10 13 40
1 4 26
14 16 43
10 13 9
22 0 33
6 8 39
7 11 26
16 18 13
14 17 18
5 7 22
8 11 38
2 4 23
4 8 26
22 1 8
4 6 29
10 13 18
5 8 23
17 20 27
6 9 25
5 7 33
2 6 35
13 17 39
9 13 37
20 23 6
4 5 23
16 20 26
16 19 10
20 23 21
23 3 21
23 2 21
15 16 26
4 7 23
21 1 29
16 17 24
23 4 20
7 11 36
1 2 16
4 7 5
11 13 19
18 21 7
5 7 30
17 20 3
4 5 22
20 23 24
10 12 27
8 11 40
11 16 4
21 23 9
14 18 18
14 19 3
4 6 33
9 12 27
9 11 16
19 0 14
12 15 21
5 8 32
6 10 34
2 3 37
5 8 42
13 17 9
6 9 30
22 1 30
10 15 35
5 8 26
16 19 19
12 16 41
18 22 24
8 13 17
7 9 22
18 21 34
5 7 40
1 4 17
2 6 29
4 8 15
16 20 32
23 2 13
14 18 20
23 1 14
21 22 42
8 11 4
17 21 9
6 11 28
6 10 22
12 14 11
9 14 9
0 4 24
11 15 17
19 0 25
13 16 29
4 7 5
3 6 41
15 18 29
2 6 10
1 2 29
9 12 15
22 3 29
20 23 24
1 5 30
7 12 31
15 19 23
8 11 6
2 6 21
17 21 26
22 2 15
20 0 28
14 17 11
10 14 28
2 5 41
0 5 10
17 22 33
1 4 41
21 0 11
6 9 40
12 15 15
10 13 14
22 2 15
2 7 17
21 23 38
14 16 39
0 3 43
2 6 16
20 23 21
14 17 6
3 7 22
21 1 18
14 19 41
5 8 25
23 1 17
20 0 35
11 14 22
11 15 2
12 14 27
5 7 30
18 21 40
7 11 32
20 23 38
13 15 41
20 1 29
14 17 32
20 22 9
0 3 7
15 17 16
14 18 21
21 1 16
20 23 38
12 15 39
10 13 36
6 10 28
19 22 34
14 17 22
22 0 34
15 17 20
7 10 5
11 14 16
14 15 18
4 8 9
20 22 43
9 13 30
14 17 5
11 16 29
3 4 8
8 11 24
2 3 8
19 21 18
13 17 9
16 20 34
9 12 21
4 9 10
9 13 38
1 4 32
12 16 17
9 13 1
14 16 5
11 14 16
10 13 1
23 3 5
11 14 11
1 3 1
5 7 36
11 15 28
10 12 19
15 18 16
1 5 14
14 17 34
18 22 1
3 7 34
16 20 41
4 6 32
22 1 13
19 22 7
3 5 30
20 21 29
18 23 1
4 6 32
17 20 17
5 8 29
0 3 30
10 12 33
8 8 23
18 21 9
6 9 17
21 22 2
9 13 6
3 6 42
14 18 24
7 10 43
11 14 30
7 11 25
12 15 6
20 22 28
19 23 11
14 16 6
16 19 29
5 8 25
17 20 12
2 6 8
13 16 11
15 16 17
14 16 4
14 16 14
14 18 22
17 18 13
21 1 3
21 1 7
19 21 1
23 2 16
10 13 3
23 3 28
23 0 39
15 18 38
2 6 38
18 21 17
4 8 8
16 20 36
7 9 5
19 22 24
8 11 31
9 13 28
4 7 13
6 9 38
18 19 21
17 21 39
2 6 41
22 0 41
5 7 7
6 9 21
2 5 8
17 20 9
13 17 38
20 23 3
22 2 6
18 22 3
3 7 26
6 10 10
11 15 28
9 12 30
3 5 5
0 4 19
21 23 12
12 13 2
20 22 12
15 18 13
8 11 34
12 14 24
19 23 9
20 22 29
14 17 7
8 12 32
5 8 39
3 6 12
5 8 9
1 4 17
17 19 27
9 12 16
7 10 18
6 9 15
14 17 11
8 11 41
16 19 12
17 19 19
2 4 11
20 21 19
8 10 25
1 3 33
10 15 21
9 12 17
6 10 40
11 14 6
6 11 40
14 17 16
10 12 5
21 1 16
5 7 28
4 6 16
11 15 21
19 23 2
8 11 7
11 15 28
18 21 12
0 2 42
17 20 18
3 5 3
5 8 22
10 13 17
21 22 22
14 17 5
1 5 12
4 9 21
7 10 31
0 2 15
19 22 15
4 6 23
8 11 12
1 6 26
10 13 27
3 7 14
3 7 3
14 17 32
18 22 30
15 19 7
2 6 8
17 19 41
21 0 15
13 15 24
17 20 19
18 21 22
2 5 5
15 19 38
5 9 3
15 17 2
15 18 36
17 19 25
20 22 38
7 12 18
16 18 10
15 19 43
13 16 9
6 9 25
14 18 11
22 1 26
22 2 22
17 21 32
5 6 42
16 19 8
9 13 42
16 21 18
1 4 34
14 17 15
16 19 13
15 18 17
8 11 10
2 6 22
23 1 8
17 20 10
2 6 31
22 1 31
4 9 40
4 7 39
14 17 28
15 19 42
3 6 8
11 11 43
18 20 43
0 4 4
5 9 12
10 15 34
17 20 31
22 0 13
1 3 34
18 22 21
6 9 8
12 15 29
8 11 19
11 15 19
4 8 17
16 19 29
20 1 35
16 19 33
1 4 21
16 19 14
14 18 37
8 9 12
19 22 33
11 14 27
19 21 20
21 1 35
11 15 17
9 11 37
5 7 6
14 18 40
7 10 22
10 11 25
2 4 2
22 2 24
7 9 1
1 3 4
11 14 5
3 7 27
11 15 29
8 10 24
1 3 3
18 22 37
5 7 6
17 21 31
23 3 39
0 3 24
3 6 8
0 2 12
11 14 1
10 11 14
0 3 43
14 17 37
0 3 9
6 8 36
2 5 32
19 22 16
8 13 41
21 23 24
18 21 26
23 4 6
5 9 9
12 15 6
1 4 6
21 0 37
22 2 31
13 15 32
1 3 28
22 0 36
12 17 22
13 15 5
17 19 5
4 8 39
0 2 9
20 23 7
13 18 20
9 12 36
0 4 29
12 13 31
7 9 11
20 0 27
17 20 38
11 12 25
6 9 13
6 9 2
20 23 28
14 17 8
10 13 6
16 20 43
4 7 38
0 2 6
11 14 10
3 7 8
3 8 21
15 18 27
20 23 18
8 10 17
9 11 40
6 9 38
8 12 5
21 0 24
1 6 33
2 4 25
19 23 39
9 11 42
18 21 18
15 18 8
7 10 7
20 23 38
11 14 5
5 8 5
19 23 18
5 8 26
4 7 36
16 19 37
20 22 42
13 17 29
3 5 13
23 2 38
0 3 5
8 11 35
18 21 9
0 2 14
8 12 13
17 20 3
8 9 13
19 23 11
13 15 1
17 20 12
2 5 18
17 19 20
17 18 5
10 12 13
7 11 27
15 19 10
14 18 43
19 21 38
15 19 33
23 1 15
3 6 6
4 6 10
21 23 32
11 12 41
16 19 31
1 4 8
12 17 14
19 23 9
5 9 34
13 16 34
4 8 39
17 21 13
20 0 12
15 17 13
14 18 21
8 10 6
20 0 9
19 21 2
18 20 3
13 16 2
5 8 37
16 20 17
3 6 2
0 3 16
15 18 39
20 22 18
12 14 30
7 10 12
20 0 22
18 0 36
3 7 23
17 19 7
23 1 28
0 4 30
21 23 10
10 13 4
1 5 21
23 2 6
19 23 6
17 22 31
8 11 33
18 21 5
14 16 1
11 13 11
11 15 22
14 16 6
23 2 18
5 8 29
6 11 7
23 2 41
20 0 16
9 12 25
5 9 10
16 19 6
15 18 40
9 12 37
6 9 33
6 8 3
6 10 32
14 15 19
22 1 10
12 16 5
13 16 13
8 11 3
1 5 10
16 20 7
14 17 18
18 22 17
16 20 42
15 18 32
21 0 41
18 22 41
21 22 40
9 13 16
17 21 15
7 11 35
12 17 21
13 17 3
9 13 31
11 15 3
10 11 42
2 3 43
17 20 38
1 2 33
23 2 9
10 12 17
19 1 39
22 23 43
7 10 9
11 13 42
7 11 42
8 12 36
11 15 41
16 19 33
5 7 24
13 16 24
14 18 2
18 21 4
19 21 28
16 19 43
5 10 35
5 7 42
5 8 25
15 17 40
5 8 26
8 13 26
4 7 23
22 3 41
10 12 38
12 14 11
12 14 10
15 17 28
8 11 21
9 12 17
16 19 31
4 5 34
8 13 16
12 16 15
12 15 7
7 12 30
3 8 38
20 0 34
23 2 4
8 10 31
22 3 19
2 6 39
23 4 42
6 9 2
8 12 9
11 15 15
5 7 39
18 22 36
1 5 10
14 18 31
22 2 21
15 18 34
16 20 26
23 2 42
3 6 22
2 6 33
12 14 16
13 17 38
11 13 9
6 8 15
5 8 43
3 7 19
17 21 17
11 14 1
16 19 36
10 13 25
5 7 43
19 22 20
3 6 4
8 9 26
20 23 10
13 14 22
19 22 37
13 17 32
2 4 30
7 10 17
12 14 19
19 22 4
18 20 25
15 17 33
8 11 39
14 16 42
6 9 31
11 15 30
1 4 24
1 3 21
17 19 9
1 4 1
13 17 1
9 13 1
17 19 8
19 21 28
4 7 23
2 4 35
13 17 4
22 1 29
19 20 33
6 9 31
19 20 36
7 9 1
8 12 32
21 1 20
19 20 40
7 9 35
9 11 30
2 5 1
10 12 8
2 7 16
3 6 39
23 1 35
9 12 39
17 22 24
15 18 19
17 21 24
7 11 39
12 14 15
11 16 23
18 20 30
13 17 7
18 22 14
10 13 1
10 13 27
19 22 43
1 5 9
11 13 37
14 19 11
15 18 22
21 2 13
11 13 1
20 22 38
21 0 34
15 19 18
16 21 16
15 17 19
12 15 29
0 2 38
19 23 13
17 20 4
3 7 1
23 1 35
3 6 24
16 19 33
3 3 33
3 5 9
21 23 35
17 20 23
4 7 29
10 13 7
4 7 39
9 12 14
7 10 37
12 15 32
22 0 31
9 12 25
3 7 15
12 14 14
14 17 36
19 22 2
2 5 37
7 9 11
10 11 3
0 3 41
3 8 1
11 13 43
8 12 7
7 9 30
5 7 16
21 0 36
10 13 20
2 6 17
18 22 29
6 10 23
1 3 42
18 21 28
17 19 26
11 13 28
6 10 5
1 4 18
3 7 39
18 19 15
1 4 41
21 0 14
22 1 26
18 22 34
11 14 42
15 19 21
1 2 42
12 16 39
16 19 27
6 10 32
10 12 42
18 21 37
12 16 19
21 1 10
12 15 18
15 18 22
20 1 3
0 5 30
14 16 27
19 22 33
20 22 28
0 3 14
17 20 33
14 17 39
15 20 10
10 14 19
2 5 41
22 1 40
13 17 25
8 11 24
1 6 1
23 0 25
4 7 27
17 21 32
1 5 43
4 6 35
12 16 37
2 5 37
7 10 28
16 18 10
22 1 4
11 15 34
20 21 14
20 22 26
4 6 4
6 9 31
23 1 36
11 14 41
5 8 40
12 15 34
22 1 26
4 7 15
17 21 1
2 5 14
4 5 24
2 4 39
17 20 31
11 15 14
16 20 9
22 2 24
8 11 21
7 10 26
4 5 38
6 10 21
15 18 31
6 9 36
18 20 35
14 16 18
22 23 32
18 21 23
7 11 31
23 2 25
21 23 15
1 4 34
21 0 17
19 0 43
22 0 23
13 16 43
9 11 29
17 20 9
11 13 18
18 21 5
20 22 41
19 21 14
9 13 10
22 1 24
23 2 4
22 1 35
1 4 41
3 6 34
4 7 8
12 15 14
19 20 25
3 5 11
16 17 24
6 10 28
22 4 21
8 11 24
6 9 2
23 0 11
13 17 37
16 21 27
15 19 21
4 6 21
14 16 32
5 9 10
3 6 28
6 9 24
10 13 27
11 15 22
21 0 40
8 11 37
18 20 9
11 14 20
5 8 3
3 7 33
22 1 1
4 9 20
23 3 41
6 9 8
21 1 31
23 3 1
18 21 25
14 17 13
19 21 22
20 23 11
22 1 19
11 14 14
6 10 35
2 4 7
1 3 37
8 11 28
14 17 5
0 3 32
13 14 22
21 0 30
2 5 38
11 14 37
9 11 22
14 16 3
12 16 15
8 12 13
15 18 18
12 15 25
10 16 27
5 8 5
17 21 37
18 19 36
4 8 25
4 6 37
21 0 38
7 11 15
15 18 31
23 3 5
23 1 14
18 22 32
4 8 19
12 16 9
20 22 35
5 7 2
8 11 3
15 18 18
16 22 3
21 1 35
21 0 16
11 13 13
9 12 32
2 4 17
23 2 32
11 14 21
3 6 29
20 22 5
7 11 15
19 23 20
10 13 14
22 0 26
19 23 38
3 6 30
0 4 34
22 2 10
7 11 9
22 0 39
10 12 31
17 21 30
20 0 20
5 7 27
21 0 27
23 1 42
18 20 13
5 8 11
8 14 29
13 16 17
3 8 30
7 10 29
15 19 42
18 20 18
19 23 26
7 9 16
2 6 43
17 21 35
17 19 9
9 14 18
6 11 16
10 13 2
20 22 43
14 16 23
15 18 31
23 1 35
1 4 25
23 2 42
2 3 19
3 5 42
21 0 40
15 18 5
6 7 24
6 10 27
4 5 10
23 4 8
4 8 36
6 9 10
10 13 7
10 13 12
19 23 43
3 6 27
0 4 3
23 2 15
12 15 14
8 11 23
19 21 42
9 12 33
16 19 36
17 18 16
0 3 31
3 6 15
13 16 34
3 5 42
3 5 38
13 18 10
4 7 15
22 2 30
21 0 9
10 13 15
13 17 22
20 23 16
17 19 30
19 23 33
8 10 25
0 3 37
10 13 41
4 7 35
15 19 16
5 6 21
4 8 6
2 5 10
1 5 8
14 16 37
3 4 42
17 20 3
3 7 11
18 20 38
6 8 32
4 8 4
21 0 8
6 9 14
8 12 13
5 7 21
21 23 3
16 18 29
0 2 18
20 22 29
8 10 28
11 16 6
16 20 15
0 3 16
4 7 23
18 21 16
23 3 29
2 5 2
1 3 41
14 17 23
2 5 25
9 10 16
22 23 18
6 9 11
13 17 16
18 20 31
20 22 15
15 17 28
15 18 30
5 7 41
7 11 28
21 0 9
12 16 7
14 18 34
23 2 39
3 5 25
18 19 40
15 19 19
17 20 34
9 10 38
12 15 26
23 2 10
11 15 42
15 19 17
2 6 42
22 1 42
5 7 37
9 12 2
23 3 29
4 6 26
21 0 42
1 5 34
5 10 35
14 16 8
12 14 12
21 0 11
1 3 36
10 14 9
14 18 18
0 2 26
17 20 30
11 14 37
8 10 4
17 20 40
8 11 40
7 11 35
1 3 29
1 5 34
5 7 9
12 15 23
18 22 19
11 15 17
0 5 16
12 14 42
10 13 23
18 22 35
10 15 18
20 23 26
8 10 19
14 17 13
19 22 28
19 22 41
23 3 9
9 12 38
21 0 27
17 21 38
13 16 33
0 2 39
2 4 30
17 20 42
18 21 12
12 15 42
22 0 6
2 5 13
5 8 40
18 21 42
20 1 7
0 4 13
17 21 8
15 17 35
10 11 40
13 17 3
9 12 15
11 13 37
11 15 35
14 17 31
15 18 28
21 2 30
6 8 8
21 0 24
1 5 2
12 15 19
22 3 15
21 0 34
3 8 29
10 13 18
7 11 14
1 5 14
4 5 14
5 8 39
16 19 21
23 2 7
22 0 27
4 7 29
6 11 36
5 5 15
19 0 31
15 18 17
1 3 27
20 22 43
6 9 42
12 15 9
12 15 31
8 11 9
19 0 19
21 1 11
8 10 2
5 7 30
15 17 20
2 5 7
16 19 17
20 22 6
23 2 2
4 7 35
18 21 30
15 19 31
2 5 25
6 8 39
19 22 4
1 4 34
22 3 41
4 7 30
15 17 12
14 15 35
4 7 25
1 4 8
16 19 14
1 4 39
10 15 43
0 3 17
6 9 18
10 14 19
7 10 33
22 1 18
4 7 12
9 11 13
21 0 9
9 12 36
23 4 13
1 4 10
3 6 16
4 6 31
16 19 39
11 13 3
10 15 18
23 3 2
8 9 6
13 17 3
12 17 36
2 5 16
5 9 11
12 15 26
8 11 15
15 17 28
21 1 31
20 1 26
0 5 8
3 6 12
17 20 41
4 6 14
6 8 35
18 21 29
16 21 20
17 20 7
17 20 24
13 14 2
6 8 39
17 20 35
6 8 17
9 11 3
13 14 40
9 11 21
15 18 27
5 7 1
21 0 4
20 22 23
3 6 1
18 22 2
5 8 20
10 12 1
1 4 12
0 4 18
4 8 10
8 12 30
0 1 40
22 1 6
18 20 6
6 11 4
16 20 1
8 11 25
0 2 22
10 14 36
16 20 32
12 13 11
18 21 6
2 5 7
12 14 7
3 6 35
13 18 20
1 5 22
18 20 19
4 6 15
7 10 35
22 2 9
23 3 3
9 12 35
10 12 38
7 12 27
17 20 10
8 9 43
7 9 18
10 13 35
6 8 28
8 11 17
16 19 4
1 4 9
5 8 37
23 3 41
22 1 20
23 2 27
13 15 26
4 7 24
15 19 26
19 0 1
8 11 42
14 19 22
15 19 31
6 10 11
3 6 15
5 11 28
21 22 34
22 23 26
3 5 2
6 9 19
16 19 36
15 18 42
18 22 9
12 16 28
7 10 15
22 0 10
23 1 18
3 6 40
7 10 17
0 3 32
19 0 5
8 12 16
20 22 18
19 0 31
11 13 31
10 13 2
2 7 19
17 18 33
8 11 15
23 1 21
15 18 10
2 5 39
12 15 7
7 11 14
1 5 3
4 8 27
7 9 27
22 1 35
9 11 24
19 22 12
6 10 7
17 18 35
4 7 34
23 3 30
18 21 6
9 13 17
1 3 17
22 0 22
2 5 16
3 5 5
2 5 37
5 9 30
19 0 28
23 2 11
1 5 10
10 14 4
14 15 9
18 23 6
2 5 17
17 20 30
18 20 33
10 11 36
14 18 16
0 3 17
22 23 28
3 5 31
23 2 28
21 1 2
10 13 21
12 16 40
10 12 22
22 2 20
9 13 10
12 15 33
20 23 32
13 15 20
14 18 39
18 21 21
2 7 21
10 10 26
5 9 14
15 19 1
8 10 11
17 20 38
21 0 15
21 1 22
23 3 14
21 0 20
14 16 24
11 15 22
23 2 11
15 18 23
19 22 27
22 1 21
17 20 43
11 13 22
8 13 20
6 9 23
22 2 30
7 8 24
5 8 14
22 0 1
8 12 28
10 13 4
18 23 32
10 11 3
14 16 34
21 23 10
1 4 39
15 18 19
21 0 39
23 1 18
15 19 26
4 6 16
10 13 8
6 9 19
12 15 41
8 10 36
17 19 8
18 21 23
15 16 30
17 20 35
0 2 26
8 11 41
18 21 24
4 8 32
13 17 7
11 14 11
20 22 15
1 4 19
3 5 34
11 13 29
2 4 4
22 2 19
19 20 1
6 9 2
13 15 25
16 19 23
4 7 17
1 4 34
10 15 26
22 1 12
3 6 6
22 2 23
2 7 19
8 12 31
20 22 17
13 16 33
2 4 21
22 3 9
22 1 4
21 0 25
14 16 24
14 17 17
4 7 3
16 20 36
10 12 17
13 15 30
6 9 25
16 19 16
16 19 32
12 16 17
14 16 21
3 7 19
13 15 35
7 11 39
18 23 19
14 16 28
15 18 20
7 11 12
1 5 23
22 1 4
14 18 36
22 1 26
22 2 12
8 11 41
20 22 9
9 10 40
17 20 26
5 9 40
3 6 16
20 21 35
23 1 18
15 18 5
12 15 25
16 20 38
9 11 10
23 3 24
7 10 18
20 22 8
15 18 1
22 1 42
5 9 1
21 23 23
21 23 3
20 0 24
15 17 25
22 0 31
1 4 24
14 17 18
15 17 11
8 11 20
15 17 21
10 12 30
11 15 42
16 19 2
9 11 20
15 18 6
3 7 20
4 7 32
8 12 37
11 14 1
17 21 17
1 4 29
11 14 26
17 21 9
17 19 40
2 5 2
6 11 37
12 14 15
23 1 43
18 20 11
9 14 43
22 3 3
8 13 8
16 21 42
1 6 19
6 8 17
9 14 16
10 12 2
0 2 15
7 11 14
11 14 5
14 18 31
3 7 43
20 1 8
22 1 24
14 17 31
22 1 27
13 16 34
19 22 22
19 22 34
12 15 19
20 23 22
7 12 25
16 18 13
9 11 18
7 9 5
0 2 10
13 16 41
23 3 20
1 5 30
23 3 31
5 9 21
10 13 17
9 12 8
1 3 34
7 10 22
12 12 2
4 7 17
23 1 23
8 11 6
23 2 34
10 16 40
7 11 30
7 11 15
15 17 2
10 14 10
13 15 19
15 17 2
1 4 14
2 6 23
3 5 28
4 8 5
18 20 20
22 0 29
8 12 41
0 3 26
14 17 17
12 15 23
22 2 6
7 9 23
7 10 29
10 12 9
5 7 40
21 1 39
22 1 15
23 2 1
5 8 9
16 18 40
12 13 22
1 5 20
22 3 21
20 22 1
21 0 37
19 23 22
22 3 9
12 13 42
6 8 19
3 7 34
9 13 39
7 11 32
13 15 37
17 20 43
0 2 37
0 3 5
14 16 15
1 3 26
5 8 7
7 11 18
2 6 9
0 6 24
14 18 4
4 8 30
7 11 26
8 11 15
19 21 11
0 1 20
3 6 37
4 7 13
18 23 28
7 11 12
22 0 16
3 7 16
14 17 30
6 8 37
19 0 24
10 13 18
3 7 6
20 1 29
10 12 25
21 0 17
6 10 11
2 4 23
23 2 36
12 14 31
19 0 11
0 5 29
6 8 12
17 21 29
5 7 21
13 16 4
21 3 27
10 13 16
11 15 24
6 11 43
10 14 14
9 12 20
22 3 9
23 2 31
4 6 25
4 7 37
8 11 7
10 13 30
19 23 41
16 20 37
11 12 41
1 4 29
22 1 7
7 10 11
23 3 31
17 19 17
21 1 7
4 9 31
2 4 35
7 9 17
15 19 4
18 22 15
21 0 23
5 7 5
21 0 10
18 21 42
0 5 6
17 22 5
15 19 38
18 21 34
5 8 12
5 9 26
15 18 7
13 16 33
23 1 14
13 15 2
8 11 31
12 14 38
10 14 41
23 2 36
0 2 13
15 16 6
19 21 33
5 9 39
9 10 7
19 23 4
18 21 34
1 4 24
19 23 13
22 2 32
0 4 21
6 8 28
4 8 2
21 0 41
0 3 39
22 2 26
13 16 41
4 7 3
22 23 40
20 0 14
21 1 25
1 5 21
12 18 3
13 16 31
19 20 13
19 23 1
0 3 20
19 21 11
16 18 21
7 10 36
3 8 18
14 15 10
8 11 27
11 13 38
5 7 38
6 10 2
13 16 26
4 8 30
2 5 15
5 8 24
20 23 35
4 7 17
4 8 1
21 23 22
11 15 16
3 7 42
18 22 40
12 15 14
3 7 42
21 1 11
0 3 15
11 15 15
18 22 5
22 1 26
7 11 10
9 11 28
14 17 35
10 13 13
18 19 31
21 0 36
1 4 26
1 4 28
18 0 4
13 16 16
12 16 43
15 18 41
23 1 33
7 9 11
8 13 36
1 4 40
21 2 28
21 0 1
6 9 42
2 6 3
6 7 29
10 12 43
0 3 25
22 0 38
18 20 5
3 6 25
3 6 9
3 6 10
12 15 2
10 13 12
3 7 26
5 10 11
11 14 21
9 12 28
11 14 32
8 11 3
11 14 20
3 6 34
13 15 26
16 17 11
21 0 21
7 9 14
10 13 24
1 4 7
17 19 6
17 19 27
5 9 5
21 1 32
22 0 37
15 19 30
9 13 30
5 8 13
6 7 17
14 17 42
2 4 25
0 3 34
4 6 26
22 1 10
11 14 4
9 13 34
4 7 3
21 23 38
1 5 40
17 20 39
7 9 28
17 21 24
5 8 8
5 8 9
14 17 8
15 18 17
4 7 38
2 4 12
8 11 16
15 19 17
9 10 15
13 16 35
18 21 36
19 0 20
4 5 8
11 15 27
8 11 27
6 9 22
12 15 10
9 12 36
11 12 33
13 18 33
15 17 40
6 7 35
2 5 42
16 19 12
8 13 33
15 18 20
7 11 14
4 6 15
15 19 14
12 15 3
11 14 7
3 5 6
9 10 30
12 16 6
19 22 34
20 22 2
8 10 13
17 20 39
16 18 23
16 19 42
17 19 16
5 7 1
8 11 25
7 10 29
3 5 22
13 17 34
0 1 33
23 1 38
10 13 33
3 5 3
7 10 15
23 2 39
18 21 11
15 19 23
6 7 33
23 2 36
12 13 16
18 22 5
17 21 10
10 14 35
1 3 25
18 22 33
13 15 39
9 13 31
12 14 43
8 11 34
19 22 41
18 21 13
8 11 19
16 19 36
20 23 42
6 8 36
4 7 12
7 9 23
12 15 3
15 17 34
23 2 4
5 7 16
20 23 31
20 22 41
23 2 28
19 22 12
11 13 40
0 2 40
8 12 22
0 5 33
21 0 17
23 3 8
8 12 13
13 15 21
8 10 36
2 5 18
19 23 29
23 2 13
15 18 24
13 16 2
3 7 36
3 6 15
21 0 40
21 1 8
23 2 14
15 18 9
18 21 11
2 5 17
10 12 42
12 14 42
6 10 36
10 14 27
5 6 33
15 18 38
13 15 35
8 12 9
5 8 11
19 21 11
15 19 8
5 9 32
19 22 28
4 5 21
19 21 23
14 17 34
12 15 34
15 17 11
0 3 9
15 18 37
7 10 42
18 20 33
18 21 19
1 2 28
13 15 21
15 19 8
8 10 2
23 3 10
2 5 38
15 16 36
11 14 3
0 2 35
6 10 34
4 5 32
21 0 40
3 6 39
23 3 7
6 9 21
1 3 18
13 17 22
8 13 13
23 2 28
13 16 3
23 1 37
3 5 10
9 11 39
20 23 19
5 10 14
13 15 2
12 15 39
13 16 3
8 10 40
7 9 35
21 0 1
22 2 31
1 3 4
2 5 35
2 6 17
8 9 20
0 3 24
9 12 16
1 6 2
3 6 16
11 12 26
22 2 43
13 14 24
12 15 4
18 22 41
11 14 1
15 19 41
15 18 38
1 5 32
13 17 43
4 5 39
11 16 4
16 18 41
8 10 8
6 9 26
18 21 2
18 22 1
11 14 24
6 9 20
4 4 19
7 9 33
17 21 5
10 13 35
21 0 42
15 18 17
17 22 22
18 22 10
18 20 35
12 13 8
7 9 10
11 14 28
6 9 16
1 4 12
3 6 43
4 7 41
8 10 36
1 3 10
19 21 6
11 14 31
15 19 31
5 9 19
20 23 33
17 20 42
0 3 18
13 17 12
4 7 3
23 2 6
9 13 37
8 10 16
5 6 19
22 2 10
14 16 42
19 22 5
14 17 14
23 3 36
19 23 12
8 11 43
5 10 42
0 2 26
18 20 15
7 10 9
23 23 21
17 21 29
16 17 8
9 12 36
11 12 42
23 0 29
11 13 24
19 23 27
2 5 35
22 1 9
6 7 29
4 6 35
4 6 13
3 7 2
9 13 32
14 16 37
5 7 36
7 11 43
9 12 11
12 15 29
6 9 25
17 21 31
22 2 5
21 2 37
3 4 20
22 1 11
6 9 18
11 13 25
22 2 37
8 12 4
7 9 41
6 9 29
18 21 20
4 8 8
1 3 41
21 1 43
18 20 10
14 15 30
13 17 20
8 13 8
0 4 4
23 3 17
5 8 32
19 22 41
14 17 16
17 21 41
20 21 9
3 5 3
2 5 37
2 4 14
12 16 19
21 0 29
11 17 23
18 20 29
9 12 39
15 19 30
19 22 8
16 19 18
15 18 5
8 9 19
18 22 6
6 9 39
14 16 30
18 23 20
21 0 33
21 1 15
16 19 29
0 4 10
15 19 25
17 19 34
0 3 38
13 18 38
17 20 40
1 5 15
13 16 1
4 7 3
2 4 19
2 4 34
23 1 36
13 14 22
9 10 9
0 3 42
16 19 31
22 0 38
18 21 38
17 20 39
1 4 25
17 21 5
17 21 30
2 5 20
5 8 37
12 15 33
23 1 2
5 7 4
22 0 40
7 12 34
17 19 3
16 19 43
4 6 39
6 9 14
21 0 9
20 22 42
23 2 24
9 11 19
15 17 37
12 16 2
22 2 1
7 9 24
4 6 6
12 15 38
18 21 20
22 1 14
3 5 36
15 19 30
11 13 6
16 18 8
7 7 35
7 9 14
11 15 11
10 14 12
14 16 25
23 2 26
11 17 33
19 21 30
12 14 39
17 20 3
23 2 28
23 2 4
18 19 26
17 19 42
6 9 29
0 3 40
6 10 16
16 19 14
3 7 40
17 20 21
6 10 13
19 21 26
1 3 28
13 18 15
1 4 24
7 9 29
12 14 5
1 5 11
8 11 41
6 9 31
15 17 37
1 5 27
13 15 20
22 0 1
8 10 34
22 0 21
10 14 33
16 19 21
1 3 13
11 13 3
16 18 16
4 8 42
8 12 27
2 5 16
16 19 36
10 13 14
21 3 6
10 12 28
1 4 12
17 20 11
22 1 11
1 4 18
19 22 18
18 20 20
15 17 29
15 18 22
23 2 41
0 4 8
3 6 38
19 0 19
2 7 6
21 23 23
17 19 40
5 8 5
22 1 22
19 22 20
16 19 14
22 2 5
1 3 27
8 12 39
22 0 26
4 7 42
3 6 30
17 20 39
0 5 38
3 5 25
15 17 43
6 9 14
13 15 28
20 0 33
13 18 3
0 3 22
20 23 4
13 16 13
21 0 14
18 21 19
11 14 2
0 4 25
17 21 43
3 7 10
17 20 32
11 13 42
7 10 7
15 18 2
12 17 31
0 1 29
22 2 38
7 12 31
6 7 39
20 23 27
15 18 28
8 11 29
17 20 31
12 16 24
5 8 35
18 20 18
22 1 41
14 17 22
3 7 7
13 16 6
8 8 8
7 9 39
13 16 7
9 11 25
18 19 32
12 14 19
10 13 38
1 4 26
1 3 4
1 2 18
5 10 32
11 13 12
20 22 22
21 23 21
3 3 36
5 8 23
5 9 41
17 20 18
11 17 25
17 19 20
15 20 26
3 7 19
15 19 40
6 9 40
18 21 24
8 11 16
12 14 37
7 10 20
13 16 18
3 8 9
16 20 2
21 0 39
9 12 40
1 4 3
16 20 33
13 15 14
18 22 30
1 5 37
23 2 24
6 9 43
12 14 33
20 21 2
22 1 17
3 5 18
14 15 43
3 8 35
1 3 23
7 8 41
12 14 39
18 21 18
20 22 30
8 11 6
6 10 13
11 15 36
2 4 43
12 15 9
12 15 2
4 8 25
21 0 39
7 10 20
4 7 22
21 23 8
8 12 9
6 11 25
3 4 16
1 5 34
2 5 22
6 9 6
12 15 42
21 23 43
12 15 2
10 12 37
0 2 20
5 7 34
5 8 27
1 4 31
20 0 28
14 17 42
18 21 7
10 15 24
19 23 31
23 0 21
5 8 23
9 11 40
15 19 5
15 18 19
3 7 7
21 23 11
14 15 5
22 23 43
0 1 16
12 15 33
8 8 6
1 4 26
16 19 39
15 18 10
10 14 26
23 3 9
6 8 29
0 4 10
19 23 26
22 2 20
7 9 20
20 22 32
16 21 40
11 14 7
12 15 36
0 1 21
23 2 14
9 11 32
11 15 38
5 6 20
14 16 8
1 6 21
8 12 12
18 22 8
9 12 24
5 10 5
6 10 17
1 3 24
16 20 34
12 13 41
10 12 11
12 16 38
2 6 7
1 3 39
11 13 9
9 13 13
14 17 25
1 2 26
10 12 6
18 21 23
22 1 9
16 19 12
17 21 27
6 9 41
6 9 14
7 9 39
16 19 25
7 9 30
9 13 18
4 6 33
6 10 15
20 0 30
23 2 38
20 23 31
12 14 21
6 11 43
20 23 4
16 20 22
19 22 34
16 19 17
20 21 32
20 23 15
21 0 28
2 5 33
20 23 26
1 5 23
21 0 25
18 21 8
15 18 32
16 18 28
21 2 9
16 19 8
9 11 41
1 5 33
21 1 39
13 16 34
12 16 41
7 8 11
8 11 2
7 10 10
13 15 16
22 1 3
3 6 3
11 14 20
9 12 12
23 2 21
7 12 5
12 15 40
19 23 15
8 9 10
17 22 19
11 13 21
2 5 37
11 14 43
13 16 5
19 21 32
11 13 43
4 8 3
7 9 12
7 10 32
5 8 18
1 4 33
15 20 25
3 6 1
0 3 43
5 7 3
7 9 14
11 14 37
18 20 6
23 3 38
2 7 34
20 1 35
23 1 15
13 15 13
13 15 20
4 5 28
13 16 30
17 19 42
18 21 33
12 14 30
8 9 17
20 0 9
23 1 9
8 10 34
1 4 37
3 5 34
23 2 4
10 14 30
6 9 10
23 1 33
22 1 2
22 2 41
1 5 26
5 8 30
2 6 16
8 9 26
13 16 28
16 20 3
18 21 7
8 10 5
19 22 43
5 9 23
23 2 41
1 4 30
7 10 28
0 3 2
16 19 27
0 2 40
15 18 34
1 5 43
3 6 40
6 11 24
7 8 34
5 8 35
4 7 5
2 5 7
13 15 18
7 11 42
8 13 39
1 3 12
4 7 39
23 1 32
22 0 27
20 23 14
23 3 11
3 6 42
17 19 12
19 23 11
4 6 10
8 10 12
1 5 18
4 8 17
16 18 23
7 10 41
21 1 29
19 23 31
2 5 33
18 21 36
18 21 26
15 15 6
21 23 29
2 6 20
20 23 22
8 10 15
8 11 17
23 3 22
19 23 24
9 12 7
7 13 34
12 16 16
1 4 15
4 6 23
4 8 39
7 10 32
10 12 1
19 23 11
4 7 25
7 9 30
21 0 2
18 22 13
14 17 7
11 14 30
8 10 12
10 12 24
3 5 13
22 0 38
13 15 32
4 7 8
17 17 25
13 16 18
18 20 23
8 9 2
3 6 25
1 2 8
19 22 5
8 12 28
6 8 26
7 9 4
4 7 36
12 14 9
19 20 8
2 5 9
12 17 32
8 9 10
7 10 13
23 1 33
5 9 16
14 17 33
19 23 15
8 10 4
5 6 1
17 19 29
6 9 5
23 3 41
9 13 27
21 22 10
9 11 24
7 11 10
6 9 24
5 8 26
4 7 41
18 22 11
19 22 36
1 4 10
5 7 25
20 23 40
20 0 21
14 18 17
2 5 39
14 17 32
10 13 32
11 15 43
7 10 1
17 19 6
19 22 18
0 3 6
8 10 34
7 10 34
1 4 16
18 19 24
3 7 21
22 0 7
17 19 8
11 12 8
18 20 6
1 2 6
2 7 20
13 18 34
1 5 30
17 20 18
17 20 38
16 20 35
2 6 27
20 23 23
5 9 4
9 11 27
17 19 1
11 14 27
3 7 37
12 15 8
7 12 1
16 19 15
1 3 43
21 1 29
16 18 6
18 21 25
16 20 35
11 15 6
4 8 13
16 20 41
23 4 1
13 16 35
21 1 21
3 7 1
9 13 17
12 15 22
23 1 1
18 20 22
12 14 43
19 22 42
15 19 25
8 12 13
7 11 27
6 9 7
2 4 8
12 14 16
13 17 2
0 5 21
23 1 18
1 3 16
21 23 40
16 20 2
10 12 35
8 12 40
22 1 9
0 4 34
17 20 35
11 13 42
17 22 9
18 21 34
5 7 22
17 20 28
6 9 41
23 3 40
12 18 1
6 7 19
21 0 9
4 7 33
18 22 39
3 7 3
7 9 43
17 20 28
18 22 35
10 15 34
15 18 15
8 10 40
0 4 15
9 10 20
20 23 25
18 20 8
0 4 5
7 11 34
4 6 37
1 4 37
14 17 8
13 18 19
22 1 7
6 8 21
7 10 32
11 14 29
1 5 12
18 19 38
3 7 39
4 7 38
15 19 22
1 2 16
18 22 25
3 5 28
0 4 39
9 12 43
7 10 32
20 23 8
21 0 15
15 18 16
15 18 38
15 18 34
3 5 17
1 3 2
20 23 26
21 2 1
8 12 18
6 7 11
10 12 42
11 13 12
12 15 39
9 13 1
10 15 16
0 2 24
17 20 40
6 8 43
16 17 15
13 16 30
20 0 28
20 23 10
6 10 29
23 0 16
15 19 15
9 12 23
9 12 31
18 21 14
23 3 41
10 13 16
9 12 35
2 4 28
18 21 29
5 9 32
14 17 19
2 3 32
8 11 15
23 1 39
0 4 14
7 10 21
15 18 29
19 20 41
23 2 27
5 6 15
0 3 10
0 3 34
14 17 31
18 23 6
16 20 22
7 9 15
19 22 18
21 0 10
20 0 4
3 5 14
10 13 25
16 19 35
19 22 13
22 1 4
19 22 30
0 4 23
18 22 13
1 3 42
20 23 3
9 12 37
17 20 25
23 1 10
0 2 15
2 3 7
0 3 3
13 15 29
13 17 39
11 15 42
13 16 16
21 23 20
17 21 28
16 20 8
23 2 35
4 8 35
22 1 17
2 5 38
10 15 32
7 10 38
1 5 23
1 4 28
14 16 40
19 22 43
11 14 42
12 15 41
11 13 26
5 8 7
16 20 34
4 7 5
12 15 12
11 13 20
9 12 2
5 8 19
10 13 9
15 19 18
20 22 27
6 9 10
18 22 33
14 17 10
7 11 28
21 0 3
5 8 8
19 22 14
4 6 19
15 19 1
20 23 10
11 14 11
5 8 30
21 0 13
17 19 11
10 12 38
8 11 43
7 10 42
12 14 11
12 16 19
22 2 20
19 21 34
1 4 5
1 2 10
19 23 13
17 22 31
18 22 16
20 23 17
3 5 39
0 2 27
0 2 31
16 19 18
2 5 29
17 20 25
0 4 1
9 11 25
10 14 12
12 16 5
23 4 29
7 10 2
21 22 29
13 17 24
1 4 31
5 9 19
19 20 1
0 1 8
9 12 4
2 7 17
16 20 30
4 7 31
18 21 43
4 10 13
5 7 30
8 9 16
9 10 29
21 0 9
19 22 41
19 22 38
16 19 4
6 11 42
5 9 38
13 17 35
0 4 15
20 23 23
6 9 12
8 10 19
11 13 10
18 21 27
19 22 23
4 7 33
15 20 40
22 0 4
20 0 39
12 14 25
15 17 13
2 6 31
12 15 30
11 14 31
8 12 17
2 6 37
20 23 38
19 23 27
16 19 17
13 17 39
10 13 26
16 19 18
18 22 39
10 13 12
8 10 36
2 4 9
6 8 40
21 1 20
9 11 36
15 18 22
2 6 28
10 12 36
18 20 34
13 16 36
5 7 9
19 23 36
11 14 19
9 11 13
14 17 33
10 13 7
21 22 30
21 23 4
16 20 19
1 5 32
23 3 32
0 2 39
4 9 40
4 6 27
23 0 9
16 19 21
10 12 32
16 19 12
21 23 36
5 8 27
8 12 28
14 17 8
6 8 9
21 0 21
13 15 36
2 6 39
15 18 23
7 8 3
21 2 1
6 10 37
17 19 39
18 21 36
4 8 25
19 23 14
17 19 35
20 23 6
4 7 10
2 7 21
3 5 10
14 17 33
19 21 13
18 21 37
13 16 41
1 4 40
20 22 1
18 22 43
5 7 5
6 10 17
6 9 7
5 9 41
22 1 39
7 9 19
7 10 43
6 8 21
22 3 24
4 9 8
6 11 20
12 15 9
1 5 39
17 19 21
11 15 40
3 5 27
23 1 19
4 8 36
14 16 3
3 5 42
17 21 21
9 13 27
17 19 34
5 8 9
2 6 25
20 22 24
7 9 25
21 1 27
8 11 21
6 9 2
16 19 31
20 23 43
11 13 21
17 21 33
1 4 11
1 5 13
2 4 6
14 17 32
9 12 3
17 21 26
23 4 26
9 14 12
15 17 14
21 23 28
18 20 31
18 19 40
8 10 11
17 21 10
12 15 7
2 5 9
17 20 22
16 20 2
16 19 3
7 11 32
10 14 20
16 18 26
20 1 18
10 13 24
0 3 16
4 7 12
19 23 27
21 23 35
8 11 2
18 21 25
23 3 4
21 23 6
23 1 27
5 8 11
1 5 32
12 15 22
11 14 2
11 12 26
9 11 26
5 8 18
9 13 33
0 3 5
14 17 39
21 1 5
10 12 43
7 11 13
1 4 5
5 9 10
17 20 33
23 4 11
18 19 15
18 23 12
12 14 5
12 16 20
9 13 36
7 9 8
6 9 33
0 3 11
2 4 43
5 8 25
9 12 8
17 20 21
17 20 12
4 8 23
23 2 19
7 10 29
13 15 24
8 11 34
5 8 28
17 18 10
5 9 42
13 18 12
1 3 17
13 14 28
10 13 39
22 22 36
3 7 38
18 19 42
18 19 7
15 19 30
21 1 25
3 6 22
2 4 32
4 7 42
9 15 31
19 22 24
20 23 6
9 11 11
12 15 43
15 17 39
7 10 22
7 9 36
4 8 25
2 5 22
7 11 23
17 20 34
13 15 40
9 12 28
13 17 29
9 13 29
3 5 19
4 8 24
10 12 10
11 14 24
23 3 26
2 6 3
18 23 23
6 9 13
9 12 3
21 0 33
9 10 9
12 14 12
5 8 36
11 15 9
19 0 30
13 14 43
4 9 33
3 6 38
14 17 26
11 16 18
11 15 16
7 10 28
7 10 32
12 16 32
6 10 37
11 14 39
1 5 27
16 20 41
13 16 4
5 9 4
4 6 26
1 2 8
12 16 22
21 0 27
10 12 13
15 18 29
0 4 20
3 6 34
10 15 11
3 7 1
16 18 29
20 1 41
0 2 33
2 4 22
17 19 22
5 8 32
6 9 16
20 23 24
2 5 14
1 4 39
5 7 3
14 16 21
8 11 32
16 19 30
3 6 22
13 14 32
19 22 8
12 14 28
0 3 43
6 8 43
4 6 7
23 4 15
9 12 33
2 5 43
4 7 25
3 6 9
23 3 12
13 17 12
0 3 40
20 22 15
14 15 37
21 23 25
4 5 4
19 22 19
13 16 4
21 0 32
3 5 42
1 5 39
0 4 7
23 2 28
17 21 6
3 6 24
18 21 1
23 1 23
6 8 13
6 9 6
12 15 26
22 0 30
10 13 36
14 18 3
17 19 39
20 22 14
9 11 3
20 0 24
9 11 21
1 6 19
23 2 8
11 12 23
6 8 31
10 13 30
6 10 5
12 15 36
9 13 17
15 18 9
2 6 40
14 17 2
0 1 11
0 4 21
6 8 2
4 6 14
21 1 34
9 11 36
21 0 11
1 4 23
2 4 43
22 23 20
19 0 35
17 20 41
13 17 6
9 12 6
17 19 35
13 17 43
23 3 7
15 19 35
7 9 21
14 19 12
18 21 22
10 13 24
13 14 24
20 0 23
2 6 22
15 18 21
1 5 36
14 15 4
2 7 31
15 17 28
8 12 4
12 15 31
8 10 19
15 18 40
19 0 35
21 23 6
16 19 8
8 10 21
5 8 8
12 15 25
3 6 12
2 5 21
18 21 14
17 21 34
14 18 26
0 5 39
9 12 33
6 10 42
15 18 9
1 4 1
15 18 36
2 5 21
14 17 8
8 12 29
11 15 5
16 18 20
16 17 27
23 2 42
2 7 30
10 14 33
19 21 1
1 5 30
3 7 18
19 21 19
13 15 14
5 8 41
12 15 34
5 7 5
9 11 37
7 9 29
14 18 6
12 17 31
11 14 32
0 4 8
16 18 39
8 11 35
11 13 10
8 11 9
19 22 1
16 17 29
2 6 17
15 18 34
16 19 30
7 11 12
4 8 38
7 9 14
11 14 12
19 19 2
17 20 40
3 7 22
16 21 36
21 0 36
16 20 43
5 8 3
15 17 43
14 18 37
22 1 39
19 21 41
15 19 11
22 2 33
5 7 3
11 13 21
22 2 7
10 12 42
20 0 38
15 19 24
4 7 6
7 9 24
2 4 16
14 18 29
12 16 37
3 4 7
2 4 31
0 2 31
15 18 21
22 2 26
19 23 26
10 13 37
23 1 33
22 0 43
12 15 20
5 8 13
14 17 4
9 12 12
9 14 25
17 19 33
1 3 16
10 12 36
21 0 42
23 2 41
16 20 3
19 23 10
3 7 6
14 17 23
1 4 32
17 20 12
3 5 10
11 13 7
18 21 36
18 20 28
8 11 12
18 20 6
1 3 21
16 18 31
13 18 4
14 18 17
10 14 13
11 15 42
7 9 28
13 14 14
19 20 32
1 3 16
22 0 37
17 20 13
16 17 25
6 9 17
6 11 14
13 18 13
6 9 3
5 9 20
19 21 41
3 8 12
20 0 33
18 20 30
8 11 8
10 15 8
19 22 28
21 0 2
18 21 42
16 19 17
16 20 22
11 14 20
9 12 38
2 7 38
7 10 11
17 21 12
18 21 25
5 8 31
18 21 3
6 9 29
22 23 2
8 12 9
1 4 19
21 1 17
12 12 1
21 0 36
2 5 34
12 16 2
21 0 18
13 18 42
10 13 5
23 1 43
5 9 39
8 10 9
18 22 20
12 15 35
15 18 27
19 22 16
12 16 11
19 21 31
11 14 42
12 15 30
8 11 18
22 2 13
3 4 30
9 12 41
21 0 1
16 19 33
14 19 36
2 5 25
22 1 37
14 17 23
12 15 2
1 5 5
16 20 32
2 5 33
15 19 37
13 17 12
9 12 11
4 6 17
16 19 9
2 6 25
0 4 12
22 1 1
16 18 15
15 18 38
6 10 2
22 1 23
23 2 31
11 13 23
6 8 30
10 13 24
11 14 5
20 22 40
10 12 43
16 18 21
14 15 35
1 3 23
0 3 4
16 21 30
8 11 18
7 10 29
7 9 25
1 5 41
4 6 4
6 10 1
11 13 27
17 20 10
8 12 12
7 9 35
12 18 29
11 16 16
21 23 28
15 18 21
20 22 12
5 8 15
21 0 1
22 0 1
10 12 23
1 3 29
23 1 27
4 5 2
0 4 32
6 11 32
5 7 2
0 3 43
15 18 43
8 12 14
23 2 34
4 7 28
3 7 10
23 3 35
3 5 14
12 14 12
16 18 19
5 8 25
23 2 42
4 7 10
19 22 21
13 16 42
0 4 27
13 15 14
3 6 25
8 12 10
8 12 4
13 17 42
15 18 37
21 1 34
20 23 43
23 1 5
15 17 5
20 0 19
13 15 35
1 3 16
7 10 7
5 8 37
22 1 41
10 11 27
3 6 5
1 4 30
5 5 36
23 2 15
17 20 6
17 0 22
15 17 16
19 23 34
22 0 23
20 23 41
3 6 26
13 16 43
3 7 37
10 12 22
16 19 14
17 21 28
21 1 35
14 17 32
2 6 10
12 13 26
16 17 34
5 8 29
15 19 26
0 5 26
20 0 37
19 1 5
8 12 18
17 20 32
13 15 20
11 14 24
7 9 42
4 7 25
15 18 8
11 15 5
0 4 40
4 6 6
2 5 16
23 3 36
22 2 29
2 5 31
0 3 20
21 23 11
8 10 28
22 1 19
21 0 2
10 12 14
2 6 23
3 6 22
14 17 27
10 14 13
9 11 40
13 15 32
22 1 34
9 11 18
1 2 38
8 11 14
15 17 43
10 15 2
21 23 6
22 2 14
8 12 35
4 8 15
7 9 21
3 6 31
6 10 10
12 17 18
16 18 12
3 5 41
19 21 1
19 22 9
20 22 21
18 19 37
1 4 12
1 3 40
15 17 4
9 12 26
13 14 6
0 3 31
2 5 14
11 15 26
7 10 3
9 11 8
18 21 38
18 20 10
0 4 14
3 5 2
2 6 39
14 18 18
4 8 29
5 7 25
3 5 20
19 22 32
5 7 35
11 13 3
20 22 35
13 17 17
16 19 13
4 7 36
19 23 36
6 10 32
16 20 13
12 15 40
23 3 11
22 1 11
0 1 15
3 6 38
10 13 12
0 3 35
2 6 1
11 14 11
9 12 30
8 12 33
4 7 37
17 20 14
12 17 9
22 1 27
19 22 43
17 21 28
20 23 24
2 5 37
10 13 21
6 9 35
1 5 5
5 9 42
3 4 30
6 9 33
18 23 8
3 7 14
7 11 4
18 22 20
9 12 28
4 7 26
6 11 34
1 2 38
8 11 4
23 1 11
21 23 1
22 1 2
5 8 12
0 2 8
7 12 29
9 12 22
16 21 24
2 5 10
20 23 28
19 23 28
15 18 24
17 20 6
12 15 23
4 6 39
9 12 35
0 4 2
23 1 41
12 14 7
0 3 15
4 9 21
14 16 3
16 20 43
20 22 1
22 3 32
5 9 33
9 12 20
21 22 23
11 13 35
23 2 1
4 6 20
11 16 31
10 13 34
2 5 18
5 8 39
6 10 15
17 19 15
11 14 6
18 21 38
12 16 20
6 9 4
9 13 22
5 9 33
17 18 35
3 5 27
3 6 2
15 19 10
1 4 6
1 5 37
0 2 3
10 13 29
7 10 20
21 0 41
19 23 11
14 17 13
2 6 41
16 20 39
2 6 20
15 18 32
9 14 3
17 20 27
18 21 20
23 2 33
14 15 15
1 4 42
5 8 29
17 20 40
15 18 6
11 13 26
7 10 39
15 18 17
10 12 40
21 23 3
0 4 26
16 18 11
17 21 2
10 12 16
14 15 29
4 8 1
11 14 5
11 13 1
20 0 19
11 14 15
2 4 25
3 6 37
8 10 5
23 3 32
21 0 28
21 3 7
1 3 3
19 23 40
21 1 32
20 23 31
8 10 9
16 21 40
15 19 14
15 20 27
13 18 21
2 5 31
11 15 35
7 12 32
4 5 24
21 1 22
7 8 24
10 11 26
6 9 4
19 21 39
0 3 21
12 15 30
22 1 28
21 0 20
22 0 7
12 14 12
6 9 6
3 5 4
5 8 19
12 15 12
0 4 2
23 0 13
20 22 5
22 23 4
7 8 25
8 9 31
23 2 2
7 12 34
17 22 27
23 2 38
0 1 29
21 23 10
20 1 34
20 23 2
21 0 43
17 19 34
23 3 16
23 1 27
7 10 4
7 9 1
15 19 6
3 5 1
23 2 21
13 17 39
20 0 34
5 9 21
2 6 21
0 4 9
4 8 32
6 8 33
4 7 16
9 12 30
16 18 23
18 20 18
10 12 7
11 14 8
6 10 40
0 3 19
22 2 40
11 13 32
9 11 41
11 15 36
13 16 42
3 6 12
2 5 34
6 8 38
13 17 22
23 2 43
4 8 33
0 1 5
15 18 13
13 16 43
0 3 22
11 15 13
1 3 37
20 22 26
2 4 37
9 13 4
2 5 5
6 9 24
10 13 29
19 23 7
1 3 22
18 20 38
13 16 8
3 5 22
5 10 33
17 21 3
9 12 36
1 7 37
8 10 38
12 13 6
22 1 17
11 13 21
22 0 7
9 13 31
18 22 36
11 15 43
3 6 26
1 3 24
9 12 2
2 7 23
4 7 1
8 11 39
18 18 6
4 7 5
10 12 25
11 14 3
4 7 11
23 1 9
18 20 3
22 0 41
0 4 36
11 14 15
19 21 12
19 21 37
11 16 37
7 11 3
21 23 4
3 7 7
10 14 41
1 7 16
4 7 38
11 13 14
11 12 34
20 22 43
0 2 5
1 2 25
7 9 13
4 10 31
3 5 7
3 8 33
23 2 12
15 17 15
2 4 25
19 0 32
20 23 9
16 20 2
0 3 20
12 15 12
15 17 15
8 11 11
3 6 13
14 17 34
7 10 5
8 11 13
7 10 29
22 1 1
10 14 19
10 13 23
15 18 23
22 0 41
3 5 40
12 13 33
6 10 6
9 13 43
23 1 20
19 21 10
23 2 18
5 8 15
16 18 34
9 12 27
5 8 32
14 17 15
14 19 9
11 13 23
23 3 32
0 3 38
16 19 1
18 20 28
15 19 22
19 22 3
18 22 19
23 2 24
12 15 37
20 23 6
8 9 38
21 1 39
13 16 20
3 5 5
21 1 2
18 22 13
19 0 39
19 22 35
2 3 42
19 23 23
19 21 41
13 17 18
17 21 36
2 6 5
4 7 21
15 19 15
19 23 42
21 0 36
21 0 20
13 15 7
6 10 29
14 17 11
11 13 4
8 12 16
0 3 27
4 7 7
12 16 29
10 14 1
17 21 5
18 20 23
6 11 8
16 18 24
18 22 4
21 2 1
7 7 43
7 9 33
0 4 35
21 0 24
22 2 17
14 17 12
18 22 18
10 13 22
14 18 23
15 17 11
21 1 42
21 0 36
11 12 8
0 5 4
14 17 19
14 17 7
23 0 11
10 14 42
4 6 13
19 23 5
7 10 37
5 8 11
3 5 41
23 2 20
16 18 12
20 0 31
20 22 23
1 2 21
21 0 28
15 19 6
15 19 43
7 11 29
22 2 32
18 22 21
2 6 22
3 5 4
23 2 2
3 8 33
23 3 24
15 18 5
16 18 36
23 2 30
15 18 17
4 8 20
10 11 2
2 5 32
4 8 2
21 23 15
19 22 23
18 22 28
9 13 2
9 12 30
15 18 40
3 4 16
10 13 41
21 23 11
23 1 27
16 19 8
0 4 7
22 0 34
15 19 42
8 10 25
18 22 3
18 22 2
16 20 40
16 18 13
8 11 20
23 3 43
18 22 36
11 13 34
3 5 15
20 22 6
15 18 24
5 8 28
1 4 41
5 6 41
10 14 19
11 13 35
19 23 41
19 23 5
10 13 34
6 9 15
1 3 27
3 6 19
15 19 24
8 11 41
6 9 14
14 17 3
9 11 1
12 14 8
5 8 15
21 23 19
3 7 1
15 19 16
9 13 38
1 5 39
18 21 5
16 19 4
12 16 34
15 18 42
8 10 6
15 17 32
13 16 19
8 11 2
4 7 28
17 20 4
9 13 23
8 12 6
7 13 13
15 19 41
9 10 36
14 18 39
9 11 33
11 14 42
19 21 20
18 19 25
5 8 42
4 7 20
1 6 38
10 16 1
4 8 24
18 20 32
11 14 25
3 5 35
7 10 21
0 3 25
10 11 36
20 22 29
16 19 31
9 12 40
4 7 16
15 18 21
22 0 30
5 9 7
23 2 22
1 6 12
1 3 5
4 7 19
2 4 35
22 1 2
4 8 38
4 7 37
11 15 40
1 5 27
5 7 6
12 15 43
18 21 11
5 9 36
23 2 1
4 8 29
12 15 20
7 11 28
5 9 41
3 6 26
16 19 13
17 20 41
20 22 26
20 22 25
21 0 5
19 21 35
19 22 18
17 20 34
7 10 11
11 15 40
19 22 8
13 16 37
21 23 6
4 7 29
21 22 30
5 7 18
18 21 7
15 17 19
8 13 18
19 21 12
3 6 9
8 11 28
23 3 38
16 17 22
4 5 40
3 6 26
18 21 43
4 5 16
9 11 43
11 14 6
6 10 4
9 13 33
14 16 3
11 13 15
1 4 8
11 16 5
10 14 20
4 9 39
14 18 25
13 16 15
18 22 31
23 1 21
16 20 42
9 13 16
16 18 11
2 4 29
1 4 4
6 10 19
1 5 25
22 3 1
17 20 38
2 5 32
14 17 7
17 20 15
14 16 26
12 15 40
4 8 19
16 19 11
7 10 14
9 12 1
16 17 2
0 3 39
15 16 32
21 3 8
14 17 11
21 1 2
6 8 31
0 4 43
13 17 10
17 20 29
13 17 3
13 15 21
18 20 33
18 21 31
22 1 22
6 7 39
5 6 6
21 23 42
9 12 30
23 3 24
9 13 39
13 16 29
13 16 22
9 11 18
19 23 5
4 7 11
8 10 28
6 9 30
2 5 3
10 13 5
7 12 2
5 8 28
2 5 23
21 1 2
2 3 13
6 8 35
6 9 15
1 5 17
0 2 2
9 14 38
6 10 5
11 14 28
10 14 4
7 11 11
21 1 15
22 1 19
8 11 31
22 2 43
10 13 7
16 19 30
21 1 23
12 15 5
23 1 31
5 8 16
7 10 25
9 13 5
12 13 9
20 22 42
1 4 16
12 15 34
15 18 33
8 11 28
23 4 16
1 2 19
15 17 31
14 16 15
0 3 30
15 19 33
8 12 34
5 8 27
18 21 13
19 21 17
17 21 34
16 20 41
6 8 4
12 15 6
20 0 7
16 18 19
12 14 23
22 2 41
12 16 2
20 22 41
19 22 38
17 20 6
16 17 27
19 23 34
9 13 21
1 5 2
17 20 25
13 18 25
8 11 39
8 13 13
7 9 11
18 21 34
16 20 40
8 10 1
18 0 4
5 10 25
20 22 20
15 18 38
14 18 14
16 19 31
17 19 16
6 8 18
15 17 40
20 21 19
7 10 31
4 6 10
6 9 24
18 22 2
6 8 23
12 16 19
7 11 28
1 3 34
6 7 31
12 14 21
20 0 18
18 21 34
2 4 35
15 17 38
13 17 9
17 21 20
11 15 38
9 14 16
10 11 8
4 5 16
17 20 43
21 1 2
13 16 8
13 16 41
23 0 20
15 17 6
2 4 36
0 3 12
21 1 7
21 23 6
9 12 23
10 13 3
11 12 16
0 2 26
19 19 43
0 3 39
15 17 37
0 1 14
9 11 10
4 7 33
18 22 42
6 9 19
10 12 11
0 4 3
21 0 1
13 15 29
6 9 20
11 15 20
22 2 40
21 1 31
7 12 29
7 11 27
16 19 35
17 20 9
17 18 31
18 20 11
6 8 33
9 12 42
2 5 6
5 9 22
22 2 5
23 3 3
12 15 26
19 23 20
16 19 37
22 2 3
16 19 35
3 8 5
11 15 36
13 14 33
21 0 34
15 17 23
4 9 24
5 8 42
7 9 7
15 20 35
14 16 42
15 18 32
9 11 4
8 10 38
9 11 26
2 7 6
5 8 19
12 13 13
11 16 5
3 7 12
6 10 41
21 1 4
7 11 43
9 12 31
6 10 38
15 18 25
13 16 15
21 0 31
6 8 42
0 3 4
8 10 21
10 12 20
0 1 10
8 12 24
0 2 1
0 4 40
6 10 36
23 2 18
13 17 39
16 19 26
0 3 21
6 9 15
2 5 26
8 12 3
4 6 16
18 20 40
23 1 33
9 13 18
14 15 29
1 4 10
5 8 32
6 8 33
8 11 6
3 6 13
17 19 42
22 0 36
23 1 12
8 13 27
12 16 29
7 10 35
6 10 31
7 10 20
7 11 17
21 23 40
12 15 19
10 13 23
15 19 22
11 14 24
11 13 17
19 22 14
23 3 22
10 12 41
13 15 42
20 23 34
3 6 10
20 1 40
19 22 36
5 6 21
2 4 11
6 8 18
20 22 17
17 19 42
14 17 42
21 0 36
23 3 9
20 23 27
12 14 14
12 14 42
23 3 33
5 9 42
17 22 6
10 12 21
23 3 16
16 20 27
17 20 41
16 21 15
14 17 5
5 10 16
16 19 4
16 20 35
5 6 10
2 5 19
13 16 8
3 5 5
13 16 38
18 20 41
6 9 26
7 11 9
17 19 28
21 0 33
2 6 13
6 9 38
10 12 11
9 13 10
10 11 2
10 15 32
21 1 24
9 11 5
20 23 40
6 10 8
18 22 28
17 18 38
22 1 3
9 14 19
12 15 38
6 8 25
13 16 18
11 14 30
4 7 30
11 14 12
20 22 36
21 0 26
11 16 21
17 20 10
22 2 15
10 13 8
21 23 24
1 5 38
17 19 16
14 17 40
2 4 23
16 19 8
14 18 36
16 20 36
3 5 13
15 19 24
19 20 11
2 5 38
2 5 35
20 22 32
1 3 4
11 14 42
20 0 14
6 9 37
0 3 7
4 8 7
17 18 5
22 2 30
10 13 33
11 15 19
17 20 11
4 7 34
19 22 38
3 6 12
10 13 42
3 7 24
22 1 13
20 21 4
16 20 4
10 13 20
19 21 8
21 1 12
20 22 28
7 10 37
16 20 36
16 17 18
17 21 20
18 22 26
5 9 12
4 7 4
19 20 37
9 12 43
20 0 23
8 12 2
15 18 40
0 3 33
17 20 38
9 14 24
8 11 19
10 13 22
11 14 33
12 15 31
1 5 37
20 0 36
7 9 34
1 5 35
0 3 28
22 1 29
13 16 25
14 17 32
2 5 35
15 19 12
20 23 32
10 13 24
6 9 17
18 23 1
3 7 37
16 18 37
3 6 34
14 17 4
22 2 35
21 22 12
14 18 28
21 2 22
23 2 42
17 20 28
21 23 16
10 13 19
13 16 32
3 5 17
12 15 42
23 1 32
20 0 35
1 2 22
9 12 22
1 5 32
4 7 42
4 6 38
6 9 20
14 17 24
13 16 18
12 16 39
3 4 31
20 23 24
5 8 39
5 6 31
15 19 3
22 0 17
2 5 39
20 22 19
4 8 33
10 13 13
23 4 41
10 13 23
0 3 15
15 18 33
12 16 13
5 8 41
3 7 13
22 2 40
12 15 39
23 3 29
2 4 9
17 20 1
7 10 3
7 11 8
19 22 31
14 16 34
14 17 15
4 9 6
21 1 16
15 19 33
9 12 11
20 1 14
0 1 37
13 15 35
19 22 16
21 22 5
5 7 12
9 10 17
18 21 28
10 13 35
18 22 31
11 16 7
20 22 1
4 7 6
9 13 1
3 6 2
14 17 8
1 3 19
6 9 22
21 0 10
20 0 35
13 15 1
18 20 26
22 1 23
4 7 14
13 16 5
22 3 31
14 16 9
18 22 38
0 2 13
22 1 2
17 19 11
12 16 1
7 10 9
15 18 40
4 7 28
22 2 8
14 18 43
4 8 16
2 6 7
14 19 15
21 1 15
6 9 40
13 16 20
21 0 26
6 10 29
2 6 15
15 18 43
5 8 16
19 21 6
15 18 6
1 5 16
15 18 34
20 23 42
14 17 29
10 12 3
2 7 29
1 4 10
13 15 9
19 22 5
15 19 11
16 16 25
15 17 28
16 20 32
23 2 13
7 10 15
15 17 43
0 3 27
8 10 40
22 23 38
1 4 31
3 6 24
16 19 15
11 13 18
19 22 38
12 15 25
12 15 20
16 19 23
1 6 17
4 6 20
10 11 35
4 8 19
1 4 6
0 2 18
5 7 16
3 7 8
22 23 41
21 22 36
19 22 25
4 5 29
20 22 12
7 9 27
5 8 29
6 9 21
2 3 22
14 18 30
19 21 29
3 6 14
12 15 32
22 1 24
4 6 11
14 19 36
2 8 15
4 7 21
19 21 16
14 16 30
6 8 28
23 2 33
9 11 13
0 4 21
10 13 31
16 19 24
5 8 21
22 1 5
3 4 26
9 10 8
2 3 5
14 18 10
21 1 42
5 8 32
6 9 32
12 15 22
4 6 40
12 16 32
22 2 10
17 22 11
9 12 17
13 16 30
15 18 29
7 10 25
15 18 10
1 4 28
4 6 38
6 11 41
6 10 22
7 11 14
9 12 2
19 22 12
23 2 28
0 5 41
9 12 2
12 14 30
0 1 24
20 22 39
12 14 39
7 10 27
21 1 21
7 11 23
20 22 42
0 3 9
9 13 1
21 1 8
7 9 31
14 16 38
1 4 23
0 3 15
1 4 12
2 5 34
4 8 17
23 1 12
5 8 29
21 2 11
21 22 34
16 19 37
6 8 43
23 2 31
13 17 28
8 12 7
9 13 4
7 9 28
20 23 5
23 2 43
7 9 25
7 10 6
21 1 17
3 6 4
12 15 2
14 16 28
22 2 3
3 7 28
14 17 19
14 16 36
14 17 28
17 19 40
7 11 27
0 2 9
12 15 34
15 18 34
16 19 40
20 22 42
18 22 32
10 13 38
12 13 31
13 15 9
13 16 25
20 23 42
7 11 1
16 18 3
3 6 16
18 20 39
14 18 8
8 11 13
16 19 17
11 14 21
10 15 19
10 14 27
14 17 35
4 6 42
11 14 8
6 10 36
17 18 21
18 22 42
10 12 16
9 11 36
9 12 16
21 1 6
2 6 15
21 0 7
6 10 38
17 21 26
8 10 40
16 18 19
1 3 12
13 16 13
2 5 10
13 17 37
8 12 28
5 7 34
23 2 11
7 10 39
3 6 30
1 4 20
17 19 16
22 2 37
6 9 7
8 9 41
14 17 20
4 5 5
10 13 18
12 16 15
5 8 27
2 3 13
6 10 14
17 21 32
1 4 29
22 1 22
6 7 1
18 22 4
18 22 20
21 0 11
12 15 41
2 5 24
23 3 11
15 16 42
2 4 18
12 15 8
23 1 34
6 9 17
19 22 39
9 14 8
12 16 17
12 14 43
14 17 21
7 9 25
9 11 8
7 9 37
4 8 42
10 12 31
18 20 29
15 17 27
15 16 25
0 4 37
12 15 26
19 21 13
13 16 43
5 8 33
15 19 21
5 8 30
12 15 19
3 5 6
10 11 6
21 23 12
22 1 34
7 9 9
12 15 17
1 4 41
16 18 40
13 16 16
7 12 18
16 19 38
13 17 5
13 15 14
18 21 39
12 14 34
3 6 8
22 0 12
17 18 4
1 3 27
18 21 38
0 3 8
5 7 17
6 9 4
6 9 25
15 21 22
14 18 38
9 12 24
17 21 6
15 18 26
12 16 18
14 16 21
22 1 10
1 3 30
6 8 42
19 23 24
14 17 1
18 18 35
8 12 2
19 22 42
10 12 24
23 5 33
7 10 2
17 21 21
23 4 26
20 23 40
17 21 1
9 14 12
6 9 26
6 8 20
3 7 24
5 8 29
23 1 13
20 0 27
3 5 16
8 11 4
10 11 4
3 6 4
2 5 22
22 1 7
21 1 34
4 5 2
21 0 10
2 7 2
9 11 19
5 8 12
8 10 31
10 13 27
3 6 1
3 5 16
9 13 16
14 18 39
17 20 19
1 3 35
2 5 11
18 21 25
19 19 15
8 12 26
1 4 12
6 8 33
18 20 31
1 3 43
6 9 34
1 3 27
20 0 34
14 18 39
3 5 39
10 12 24
20 22 4
20 1 20
20 22 11
0 3 2
5 7 36
14 17 3
19 23 35
0 2 19
9 12 27
12 16 33
0 3 8
3 5 16
15 18 30
14 18 30
10 12 24
2 6 13
20 23 6
10 13 30
22 1 6
17 20 13
18 20 27
13 16 35
19 21 10
11 15 29
3 6 1
15 19 18
17 20 15
1 4 11
17 19 19
23 1 17
1 5 38
18 21 24
9 11 8
11 13 21
6 9 4
4 7 20
17 21 32
20 22 30
3 6 21
23 4 2
3 6 38
9 11 8
10 14 13
17 19 15
7 10 12
17 19 28
4 8 30
21 22 35
12 14 13
11 12 28
9 11 6
3 7 9
19 22 10
12 14 16
4 7 33
4 6 26
21 0 10
12 15 14
1 4 43
13 17 17
10 14 2
3 7 12
11 13 7
6 9 1
21 0 10
3 6 30
13 16 15
2 5 6
10 14 6
20 23 10
4 8 7
1 4 41
6 9 3
23 2 24
18 21 3
9 12 11
11 14 18
22 1 26
1 5 37
0 3 19
10 13 6
12 15 16
0 1 9
6 10 38
2 4 28
22 0 32
0 3 20
12 15 25
5 7 4
17 18 7
1 4 7
13 15 13
23 2 22
11 12 14
14 16 16
16 19 15
4 5 12
9 12 17
19 23 16
23 3 42
3 6 35
10 13 10
5 7 28
17 22 12
16 22 15
7 10 36
6 8 14
5 7 32
3 7 18
21 0 19
13 17 37
13 15 18
19 22 31
17 20 22
17 19 29
13 17 8
10 12 9
0 2 30
15 19 33
1 5 39
6 10 27
20 22 38
21 23 1
20 21 1
20 22 34
14 18 28
1 4 14
15 18 17
10 13 3
1 6 33
23 2 7
9 11 34
6 10 41
20 23 2
16 18 6
17 20 36
14 16 4
20 22 18
2 4 28
15 20 1
21 1 35
4 7 40
22 0 27
13 17 43
9 11 17
2 3 17
9 12 30
23 2 2
0 4 9
5 8 42
20 22 42
13 17 30
2 4 1
5 7 16
0 1 20
20 22 27
11 12 35
10 13 42
0 3 5
16 19 16
14 16 34
21 0 14
12 14 34
9 11 3
21 1 36
13 16 8
19 23 19
7 10 19
14 18 33
7 9 14
15 17 26
3 4 19
22 2 2
8 12 17
2 6 21
14 17 23
3 5 2
8 11 20
16 19 12
20 23 23
14 15 18
12 15 40
18 21 6
5 7 14
21 0 23
23 1 38
18 20 33
17 21 1
23 4 2
11 15 11
22 2 6
20 22 13
11 12 7
10 14 26
4 7 22
11 15 37
1 4 29
19 22 2
16 20 1
7 10 23
19 21 36
15 19 1
17 17 29
22 2 35
22 23 21
5 8 42
12 13 12
21 0 28
12 14 34
10 13 31
8 12 7
0 2 11
7 10 27
12 16 4
10 13 23
14 17 10
5 7 6
20 23 4
7 10 2
6 10 36
3 6 18
3 6 42
15 18 39
6 9 1
21 22 14
8 11 12
9 13 28
19 22 42
5 8 42
15 17 7
20 23 17
4 8 25
7 10 6
11 15 17
0 2 42
7 9 26
20 22 7
7 7 25
8 10 37
16 20 34
10 13 24
6 9 32
20 0 38
19 21 22
2 5 41
8 11 13
2 6 33
0 3 5
5 9 5
21 0 43
5 7 43
11 14 5
0 5 32
23 2 15
1 5 18
14 17 15
9 11 27
0 2 15
19 22 26
1 5 21
18 22 15
14 17 34
15 16 29
1 3 24
16 18 27
14 15 16
7 10 6
17 20 3
6 9 27
22 2 1
2 4 32
4 8 22
13 16 7
15 19 25
1 4 28
19 21 3
0 3 3
20 23 30
10 11 42
8 10 4
16 19 5
7 9 8
7 10 33
6 7 33
9 12 27
8 11 11
4 7 17
17 18 39
19 22 30
18 21 1
13 15 25
17 18 21
21 23 30
6 10 30
6 7 27
10 12 10
14 18 21
19 21 26
22 23 4
23 1 36
5 8 42
18 20 41
10 15 20
8 11 5
16 21 22
22 0 24
15 17 16
14 17 16
0 5 19
15 18 36
10 12 8
12 13 36
15 18 41
21 1 40
22 1 22
7 8 4
12 15 41
16 19 20
15 19 31
8 11 2
17 19 31
8 11 25
23 1 16
0 3 30
10 12 3
14 17 1
7 8 43
16 19 15
1 4 39
21 3 43
17 20 8
18 20 29
18 22 14
17 21 25
12 14 21
14 19 37
7 10 14
2 6 19
19 21 19
4 8 38
1 4 30
11 13 19
2 6 36
9 13 10
23 1 15
17 21 41
8 10 21
23 3 26
19 22 14
13 18 22
3 5 15
3 7 35
1 6 5
21 0 8
1 2 40
13 15 24
0 4 9
17 21 7
12 14 22
22 2 34
16 20 28
14 16 9
3 5 14
7 11 16
14 18 30
9 13 40
1 4 36
10 15 5
4 9 43
21 1 8
23 1 26
21 0 34
8 11 24
12 15 11
19 20 40
13 16 30
16 17 11
14 16 20
17 19 11
5 10 34
2 3 22
11 14 28
15 18 14
9 15 13
21 1 10
10 14 23
7 9 43
20 23 38
12 16 33
17 21 9
18 22 10
16 20 5
17 20 8
2 4 20
4 6 33
11 13 25
12 15 10
16 20 22
4 8 32
13 16 4
20 0 27
9 12 12
20 23 15
5 7 35
17 21 4
10 13 22
1 5 10
2 4 9
11 15 14
8 11 23
6 8 36
5 7 20
6 9 17
10 12 3
0 4 29
0 3 12
20 23 19
2 6 8
11 12 20
13 14 3
14 16 38
21 0 38
14 18 17
11 15 38
22 0 18
18 22 2
9 12 27
16 18 28
23 3 43
22 2 22
20 1 17
7 10 37
13 15 9
23 2 3
19 23 35
14 17 17
16 19 34
12 15 26
11 14 35
5 10 23
19 21 38
19 21 27
22 0 2
16 20 25
6 11 43
11 14 19
0 3 5
5 7 38
3 7 38
11 14 23
7 9 29
14 18 17
4 9 36
5 7 36
23 2 42
14 19 6
5 7 38
12 15 9
7 13 1
10 13 31
18 21 34
13 15 41
19 20 10
21 22 5
6 9 17
7 9 6
10 12 13
10 14 3
11 13 38
1 4 35
10 12 28
14 19 41
9 11 34
3 6 15
16 20 15
9 11 43
9 12 2
22 1 39
18 20 8
8 12 41
1 3 8
20 23 5
15 16 40
6 10 36
3 6 19
2 5 6
18 19 6
1 5 38
23 4 42
20 22 28
22 1 18
20 23 21
23 2 16
9 13 14
6 9 21
20 0 11
0 3 37
5 8 31
21 1 8
18 22 2
16 19 30
21 0 23
7 12 20
17 20 35
1 4 20
23 1 18
16 19 39
18 18 23
0 3 32
21 0 30
9 12 3
15 17 34
4 6 20
1 2 21
14 17 40
4 8 25
13 17 23
18 21 17
11 13 20
16 18 28
15 18 24
5 9 41
0 5 8
15 19 26
22 0 19
8 10 14
9 12 34
9 12 22
8 11 21
18 21 41
19 22 33
16 20 15
12 15 10
3 6 2
17 18 37
23 1 24
0 2 14
15 19 33
17 20 17
10 13 25
16 19 3
18 22 23
7 10 29
22 1 41
16 18 39
6 8 29
5 9 16
14 16 18
0 4 26
22 1 27
11 14 25
15 18 28
7 12 22
17 19 17
2 6 30
3 6 40
2 5 29
11 14 15
21 23 26
2 5 5
21 1 43
5 8 5
15 17 30
7 10 36
15 20 19
13 16 3
20 23 24
5 9 11
15 19 4
2 6 24
6 10 33
22 23 23
10 11 8
20 22 16
15 19 38
2 6 42
17 20 37
15 17 13
10 12 16
22 23 18
0 1 14
10 12 5
23 2 35
14 16 43
13 17 2
9 12 43
14 18 30
0 4 12
5 8 26
16 19 29
13 17 7
17 21 38
13 16 7
7 12 2
21 22 17
12 14 16
17 20 41
13 15 12
23 3 25
10 15 39
23 4 2
13 17 5
19 21 20
3 6 3
9 13 6
16 19 33
3 5 3
9 14 31
23 3 25
10 13 29
3 7 12
18 21 19
13 15 4
20 23 34
20 23 20
7 10 24
15 18 24
4 7 34
16 19 26
14 16 9
8 11 3
19 23 35
23 3 6
2 6 2
22 1 1
23 1 37
14 18 8
14 16 22
7 9 30
22 2 3
23 2 10
3 5 22
1 3 31
11 13 7
15 18 42
21 0 21
2 5 31
7 11 14
8 11 37
5 8 6
1 4 3
1 4 13
11 16 11
21 23 41
14 17 8
23 2 37
23 3 1
23 2 37
20 22 37
18 20 29
17 19 42
19 22 16
17 19 21
14 18 34
14 19 14
11 13 10
8 11 20
14 17 10
4 8 23
2 4 9
8 11 32
18 21 38
13 17 9
3 4 2
8 10 14
13 17 23
0 4 19
2 3 35
9 13 2
14 18 28
1 3 17
8 12 41
8 11 30
14 17 27
17 20 28
22 1 17
0 3 37
17 21 13
0 3 13
21 23 24
15 19 33
23 0 14
11 13 27
12 15 39
4 6 43
11 15 29
12 15 1
7 10 22
0 3 36
13 15 14
18 20 5
1 6 1
20 1 18
3 8 32
18 23 18
6 10 26
17 19 24
6 9 2
18 21 16
8 13 20
13 18 41
1 5 30
7 10 8
9 13 18
10 12 39
5 6 11
14 18 15
22 1 17
20 22 22
11 14 13
19 23 29
3 6 40
3 6 4
8 11 23
2 6 20
4 7 38
11 14 5
8 11 1
0 3 16
12 15 24
8 12 38
13 16 5
6 8 18
19 23 3
11 13 18
12 14 2
19 23 6
8 9 23
7 10 26
16 18 3
8 11 13
2 4 41
0 2 40
1 3 37
18 21 24
3 5 30
13 18 15
10 14 15
6 7 25
12 16 30
22 1 4
1 2 22
21 1 24
15 18 24
8 12 26
0 3 22
4 6 19
22 1 12
8 10 4
13 16 39
18 21 10
19 20 22
21 0 7
12 14 32
3 8 35
23 3 25
2 5 41
8 11 36
8 9 12
2 5 6
1 3 24
7 11 6
12 15 15
0 2 18
23 3 22
12 14 39
10 14 16
3 6 18
8 10 17
14 15 24
14 18 34
20 21 37
21 1 27
0 2 4
4 8 37
3 6 37
18 23 42
21 23 21
23 0 38
23 0 33
15 19 42
13 16 13
21 23 13
1 5 19
6 8 4
20 22 11
0 5 28
13 18 2
8 11 26
13 18 39
14 16 37
15 17 32
21 1 36
5 8 32
7 8 12
1 3 19
10 13 17
6 7 24
22 2 17
11 12 6
23 3 17
2 5 27
12 14 15
5 8 30
11 14 12
23 3 8
2 3 32
12 17 40
1 4 7
8 11 43
15 18 41
0 3 27
2 5 30
6 8 36
4 7 7
10 13 8
0 3 6
18 22 36
2 6 9
19 0 17
21 0 38
4 6 41
10 13 40
8 11 14
7 10 1
1 5 32
13 15 28
19 22 38
15 17 31
9 12 2
21 1 35
6 10 16
7 10 1
0 4 38
15 19 33
12 16 2
23 3 5
18 22 23
3 7 13
6 9 17
21 0 19
11 13 5
21 0 40
14 16 4
2 7 32
12 15 40
21 2 1
21 0 40
20 23 23
18 20 32
15 19 27
11 14 12
1 4 10
12 17 21
10 14 32
16 18 1
6 8 16
12 15 29
15 17 3
23 2 32
12 17 12
17 20 29
12 16 30
16 17 2
4 8 19
0 2 32
3 6 33
12 16 22
22 1 27
12 15 13
4 8 20
16 17 8
9 13 3
22 0 3
16 19 14
0 3 37
1 5 37
9 13 11
20 1 33
6 8 18
15 18 28
23 0 17
3 5 13
21 23 35
2 5 30
21 1 42
1 4 21
22 1 35
14 17 14
0 3 39
19 22 24
23 2 12
22 2 5
12 15 14
15 18 35
10 13 37
4 7 13
8 10 4
12 14 12
5 9 24
8 10 9
3 7 16
1 4 20
20 0 2
17 21 19
15 17 5
23 2 12
18 22 25
12 15 26
7 10 10
8 13 21
7 11 31
16 17 2
10 13 30
11 15 17
2 6 1
21 1 11
19 20 29
0 2 25
17 19 25
1 4 9
23 3 28
14 17 10
18 21 28
10 13 34
0 1 3
10 13 32
19 22 42
22 2 40
5 7 25
14 18 35
16 18 41
16 21 5
0 3 2
4 6 9
7 11 38
3 7 30
1 5 35
7 11 24
11 15 31
21 0 6
19 22 1
9 12 38
10 12 9
8 10 27
0 4 16
1 3 39
2 5 18
18 21 29
15 20 22
17 20 18
8 10 34
5 8 40
8 11 24
4 7 10
11 14 1
3 6 28
15 17 27
19 0 29
1 4 12
22 2 3
6 8 40
23 2 18
8 12 41
21 1 32
6 10 7
17 20 29
23 0 29
2 6 12
19 23 29
22 23 11
17 20 24
1 4 29
0 4 12
19 22 11
20 22 9
5 7 19
22 1 24
7 11 13
3 4 3
15 18 42
17 20 14
2 7 38
15 20 14
1 3 27
7 10 29
6 7 7
19 22 20
16 19 21
4 6 39
9 11 40
4 7 42
2 4 6
18 21 32
12 15 9
14 18 6
13 17 33
2 5 7
19 0 5
5 9 22
14 19 43
2 5 26
14 16 33
3 5 31
18 21 1
11 15 38
21 2 43
10 14 28
21 23 16
15 18 9
10 14 30
0 2 38
16 20 23
10 15 22
22 1 41
22 1 21
23 2 24
19 23 20
20 23 14
4 8 1
16 18 22
8 11 36
22 3 8
19 22 26
9 10 11
21 1 31
17 19 12
5 10 33
19 22 30
6 8 13
11 14 37
3 5 27
16 18 8
15 19 5
18 21 21
13 16 37
13 17 16
7 10 39
9 12 27
14 18 12
12 16 37
18 21 32
8 12 9
13 17 7
5 10 3
18 23 15
13 16 18
14 18 26
11 16 11
21 0 10
21 0 2
17 20 5
14 16 23
6 9 16
12 14 18
2 5 41
8 9 33
4 7 23
12 15 13
18 21 16
7 9 8
12 13 18
15 18 38
2 5 41
3 6 30
5 8 41
15 18 10
16 19 18
10 13 39
1 5 38
1 6 7
0 4 18
15 19 43
8 10 40
5 7 20
15 17 3
1 5 16
2 7 43
22 0 12
13 15 43
12 14 15
10 16 10
11 12 41
10 13 31
3 6 36
21 1 30
6 9 40
7 11 35
18 20 14
18 19 31
15 18 9
11 13 34
13 17 14
6 10 41
13 17 36
15 17 15
11 13 15
3 6 43
23 2 32
8 11 3
10 14 1
5 11 18
23 1 37
10 15 25
23 2 18
1 6 42
2 5 8
16 19 14
22 1 27
21 0 3
1 4 1
15 19 8
2 6 2
20 23 19
0 1 6
8 11 38
15 20 41
18 21 4
18 23 30
9 13 11
1 5 42
0 2 14
4 6 36
14 17 36
14 17 40
17 20 41
21 1 41
22 1 36
19 22 34
0 3 24
17 18 41
14 16 15
10 13 39
8 11 43
19 21 26
2 7 2
9 11 24
6 7 36
17 21 43
0 4 3
13 15 23
23 1 43
21 2 42
5 8 26
18 19 14
19 21 39
11 13 37
23 1 41
11 13 8
21 0 24
5 8 43
14 18 32
21 3 12
6 9 15
14 17 16
17 20 4
21 0 31
0 2 8
9 12 23
4 8 23
4 6 42
4 7 33
4 6 16
5 9 22
2 5 4
6 11 19
0 2 26
10 12 21
2 5 39
7 11 3
14 17 3
16 20 28
21 0 35
15 18 20
5 9 13
4 8 34
8 11 35
3 5 39
11 14 36
10 13 39
2 4 4
13 15 9
4 7 42
14 18 33
21 3 1
8 11 14
6 8 32
2 6 39
17 20 22
18 22 40
19 23 39
10 13 6
7 9 1
19 21 29
6 9 26
10 14 29
18 21 39
9 12 5
13 15 34
0 4 24
14 17 43
14 15 31
21 22 32
10 12 43
19 22 28
16 20 43
2 6 34
0 2 7
15 16 8
13 16 14
21 23 39
19 23 11
6 11 38
14 17 27
11 13 15
3 5 17
13 16 34
0 3 7
3 5 22
4 8 7
9 10 14
21 0 31
12 17 33
20 23 40
12 14 27
15 19 18
6 7 10
14 17 31
9 12 6
12 15 12
18 21 13
14 15 26
13 17 9
10 14 35
18 21 7
9 14 23
3 5 3
16 19 37
16 19 11
2 5 21
19 22 6
23 2 39
19 20 35
17 19 21
4 6 25
4 9 34
19 23 9
10 11 13
16 18 27
22 2 30
16 18 25
14 18 3
0 1 5
12 14 12
20 23 35
22 1 19
14 18 29
17 18 12
15 18 14
15 19 6
8 12 2
20 0 17
18 20 13
0 3 43
22 1 19
1 2 17
11 15 31
9 11 17
17 20 6
18 21 18
20 23 15
7 11 22
17 20 14
4 7 35
8 11 3
9 12 19
3 7 30
18 20 1
20 23 1
1 5 10
22 0 9
19 22 15
11 15 17
18 20 30
19 23 40
14 16 36
21 1 5
19 21 31
11 14 22
6 7 36
10 12 7
17 19 37
2 5 36
11 15 12
3 5 27
10 14 8
7 10 32
18 22 30
9 11 34
6 9 8
1 5 27
1 3 8
18 21 31
17 21 33
23 1 42
3 7 30
19 21 33
5 9 17
8 11 31
0 2 21
15 17 35
6 10 5
7 8 7
17 20 35
22 0 41
22 0 36
17 20 7
5 9 42
8 10 11
9 12 24
17 20 1
2 2 17
9 11 17
8 11 8
22 1 33
4 6 2
2 4 41
14 18 11
18 20 41
22 23 36
5 8 41
1 5 11
14 18 7
12 14 38
14 16 15
16 20 4
23 1 39
18 22 33
9 11 26
10 13 27
19 22 17
8 12 6
3 6 28
2 5 38
17 20 15
0 2 4
13 17 6
3 5 31
20 23 25
19 23 15
23 1 15
8 11 4
18 22 33
0 3 38
5 9 36
23 3 31
0 3 6
22 2 18
14 16 20
2 5 37
18 21 4
11 15 27
6 8 41
13 17 38
7 11 20
2 4 17
15 17 41
4 8 16
11 15 7
8 11 27
19 22 37
22 2 6
17 19 1
8 11 12
19 22 8
3 6 31
1 3 42
17 21 25
6 9 22
15 18 3
12 16 22
22 0 42
13 15 27
9 10 5
9 10 20
9 12 33
14 18 42
0 5 13
3 7 36
8 10 14
8 13 26
21 0 8
8 10 20
23 3 28
2 7 35
10 13 12
18 22 3
1 6 38
19 22 16
1 3 28
10 13 10
5 8 22
0 3 27
1 5 43
13 15 30
10 14 39
9 13 23
16 20 24
18 21 29
1 2 12
1 3 32
17 19 14
9 14 3
5 9 31
11 15 19
4 9 38
5 7 2
23 1 15
11 13 27
3 6 41
11 14 10
17 20 11
1 5 11
6 9 13
23 2 37
12 15 24
4 7 37
4 9 16
19 21 15
23 1 40
5 8 26
3 5 8
2 5 32
15 17 28
16 21 14
6 10 31
5 8 32
18 20 10
22 1 22
11 13 19
18 22 6
15 20 33
19 23 35
11 13 18
12 15 14
0 2 31
9 12 14
2 5 6
15 18 9
9 13 43
11 13 21
10 13 30
0 2 14
14 18 8
7 11 5
21 23 36
7 10 12
22 0 23
21 0 34
7 12 19
7 9 1
14 18 42
6 8 33
19 0 3
21 21 10
7 8 4
5 8 43
22 1 27
10 13 33
2 7 1
22 1 32
2 5 12
4 7 42
3 5 7
9 11 41
17 20 30
10 14 18
12 14 39
2 5 22
2 3 28
15 18 40
23 2 14
4 6 31
0 3 31
2 6 18
6 8 42
0 3 21
10 14 35
16 20 34
3 5 1
4 6 39
15 17 33
16 20 29
23 2 6
18 21 1
8 12 36
20 22 20
20 0 31
12 14 8
20 2 2
19 22 26
14 17 17
10 13 23
20 0 6
