3000 29
24 4 16 20 22 16 7 17 28 25 6 23 13 12 26 13 9 18 25 19 4 4 22 29 4 1 3 7 11 
2 5 10
4 8 10
4 6 1
15 18 18
2 5 26
11 14 11
5 9 18
13 15 11
13 17 13
20 0 23
21 0 11
21 23 5
3 5 24
13 16 11
13 16 24
4 7 20
5 8 8
16 19 21
16 20 23
5 9 12
20 21 28
21 0 19
15 17 6
6 10 27
9 12 19
11 13 22
18 21 19
7 10 22
20 22 29
4 7 19
5 9 7
15 17 19
9 11 24
21 23 3
22 2 9
2 5 17
7 9 12
15 17 3
6 9 19
16 19 21
15 16 10
10 14 6
21 0 24
8 11 14
8 9 6
14 18 21
20 22 8
19 23 13
21 1 10
16 21 3
18 20 19
14 16 26
14 17 11
1 4 17
18 21 25
23 3 15
5 9 7
7 9 24
18 19 20
20 23 3
22 1 14
23 2 15
11 14 1
20 22 26
19 21 1
4 6 29
20 23 27
19 22 6
16 19 25
17 20 12
18 22 13
22 1 18
5 9 15
17 20 27
8 11 18
3 5 17
9 14 5
15 17 21
23 2 29
23 2 6
3 6 13
3 7 7
7 10 3
18 22 28
10 14 4
18 21 20
1 4 15
13 18 13
20 22 20
19 22 10
23 2 26
18 22 20
16 19 28
11 15 21
16 17 26
3 8 7
17 20 8
1 6 29
3 8 9
16 18 12
13 17 29
22 0 27
14 17 4
7 10 25
23 2 8
22 2 14
20 22 26
23 3 23
9 12 12
23 2 8
2 4 3
12 13 17
16 18 19
10 12 23
2 4 4
23 1 1
12 15 20
6 9 24
22 0 5
12 16 12
9 12 17
8 10 22
10 13 25
13 16 26
16 18 5
15 17 13
12 14 26
17 21 3
1 4 24
2 6 3
1 5 28
8 8 21
14 17 13
4 7 10
18 21 17
11 13 10
6 9 8
17 21 16
14 16 6
0 4 7
22 2 14
4 7 8
5 9 19
15 16 22
8 11 9
0 5 19
16 19 28
23 2 24
18 22 9
8 12 7
11 14 20
16 19 27
8 13 8
4 7 22
12 16 29
18 21 18
6 9 4
12 14 17
6 10 28
10 13 3
5 6 18
21 0 6
4 7 25
18 22 6
22 2 25
12 14 10
19 22 14
15 17 27
18 21 14
15 17 19
1 4 27
18 19 26
18 20 25
0 3 3
8 11 12
6 6 24
19 22 27
14 17 15
8 11 29
7 11 11
22 0 1
3 6 2
19 22 9
19 23 28
5 7 19
21 22 1
21 1 27
18 22 25
13 17 12
3 6 26
5 7 23
7 10 5
3 5 1
15 18 3
15 18 15
0 3 15
23 3 25
23 2 11
1 4 19
14 17 28
12 15 20
23 3 24
5 7 20
5 7 24
8 11 19
11 15 14
9 11 25
5 9 16
8 11 21
21 23 29
10 13 9
7 8 12
15 19 26
15 18 8
3 5 20
19 23 28
1 4 25
3 7 20
8 13 4
4 9 26
9 12 10
14 17 4
8 11 13
3 7 21
2 4 1
18 20 18
13 17 18
19 22 4
16 17 24
6 9 1
10 15 12
17 21 20
2 4 10
21 23 24
11 16 25
20 0 1
9 14 23
0 3 5
5 10 13
0 2 1
12 16 10
21 22 15
0 2 27
10 14 15
13 18 28
21 0 28
1 4 16
15 19 11
3 7 4
8 11 10
11 13 10
2 5 10
6 11 14
5 7 29
8 10 4
0 4 13
0 3 21
17 20 22
11 11 12
16 20 20
1 3 29
21 1 11
12 12 16
15 18 20
9 13 3
12 14 19
1 4 24
12 15 7
2 5 20
9 13 9
23 1 28
14 17 27
10 13 14
5 8 6
19 23 8
9 12 21
9 12 23
5 8 26
8 12 1
11 13 15
20 22 18
13 16 16
1 4 20
1 5 8
21 1 6
12 16 10
4 6 10
12 15 13
6 9 18
21 2 10
11 14 21
10 12 18
8 11 29
17 20 4
11 14 12
1 4 1
4 6 10
21 0 15
23 1 28
3 5 7
22 0 10
20 22 26
9 12 12
4 6 6
5 8 4
1 6 27
6 8 2
14 17 20
23 2 18
10 14 11
15 17 2
2 4 27
14 18 16
9 11 20
19 21 27
1 5 13
21 0 17
2 6 8
15 20 22
15 19 24
4 6 20
3 5 22
19 23 18
21 0 27
16 20 19
9 12 10
6 10 12
20 0 6
18 21 14
22 1 14
11 14 17
16 18 14
2 4 13
3 7 13
11 16 1
12 16 27
22 0 8
6 8 6
16 20 16
22 23 4
18 22 13
18 22 19
20 0 5
1 4 15
13 14 19
23 1 17
11 14 8
20 1 6
10 14 21
17 20 5
9 12 19
19 22 27
11 14 6
7 10 28
12 16 28
1 4 6
22 0 22
13 15 2
0 3 19
23 2 15
8 12 28
14 17 25
16 20 8
10 12 17
21 0 19
13 17 22
11 13 15
8 12 4
11 15 13
5 8 19
1 4 8
10 12 3
3 6 26
20 22 19
10 13 26
6 9 29
21 1 16
3 6 20
6 7 23
13 16 13
16 19 6
12 15 27
4 7 13
6 10 1
14 17 18
15 18 14
4 7 11
6 8 2
20 22 23
15 18 23
0 2 23
19 22 23
17 21 22
16 20 18
3 5 17
11 14 6
6 8 5
22 2 10
21 0 22
5 7 3
17 21 10
12 16 17
19 22 16
22 2 22
19 22 15
9 11 26
7 10 12
3 6 16
1 2 23
22 1 8
21 23 5
2 5 1
23 2 15
18 21 28
19 20 6
20 1 19
20 1 22
18 23 9
9 13 19
20 23 11
6 10 25
6 12 13
9 11 14
18 19 23
7 11 9
13 17 8
23 1 3
9 12 14
4 6 11
6 9 19
5 7 10
16 19 17
6 11 25
10 13 24
9 12 3
1 5 9
14 16 13
8 10 13
17 20 8
10 13 20
7 10 12
7 10 13
21 1 6
3 5 14
12 17 15
10 12 24
1 4 22
17 19 28
6 10 26
18 21 25
19 23 27
17 19 9
0 4 8
18 22 26
3 7 12
10 13 23
17 19 8
12 16 8
7 10 7
1 4 25
9 12 21
19 21 5
16 19 11
11 16 14
9 12 14
11 14 22
14 18 23
15 17 10
14 16 26
0 2 21
20 22 15
7 10 1
23 3 5
1 2 15
13 16 10
10 14 9
1 5 18
18 21 12
12 16 21
23 2 4
22 0 21
13 13 4
15 18 19
16 20 17
9 12 12
5 8 25
7 11 29
6 8 23
10 11 18
11 13 23
21 1 24
10 11 5
12 15 1
21 22 26
12 15 20
7 9 15
16 18 20
21 1 8
8 11 2
4 7 3
7 10 21
13 16 24
2 6 16
20 23 1
7 9 5
10 14 4
21 0 28
10 12 26
10 13 19
13 16 22
1 4 3
11 13 20
0 2 9
18 21 21
18 20 3
2 4 29
19 21 10
22 2 2
4 7 24
1 3 7
4 7 4
6 10 18
22 1 26
13 14 26
13 14 29
7 11 2
17 20 26
11 13 2
18 21 8
11 14 23
7 11 10
10 14 13
8 10 2
7 11 8
8 9 18
7 10 9
18 23 29
5 10 2
8 13 2
23 2 4
10 13 23
4 7 19
0 4 17
0 3 22
16 18 3
15 16 4
16 19 22
3 4 11
14 16 11
14 18 21
7 10 7
13 17 15
5 6 6
15 19 25
4 8 24
2 4 23
18 21 18
13 16 27
12 15 9
10 12 20
15 17 18
1 6 12
18 21 11
18 22 26
8 10 11
16 17 19
6 8 16
0 3 28
21 0 8
21 0 26
15 18 24
8 10 7
3 6 2
11 13 18
0 5 14
2 5 7
4 8 13
16 19 29
0 2 10
8 10 10
2 7 26
17 20 7
11 14 21
14 18 19
4 7 20
16 17 15
1 4 27
0 2 20
6 11 20
5 8 5
2 5 14
6 10 22
22 2 4
6 9 21
7 10 24
1 3 19
8 11 5
12 14 23
19 19 3
10 11 11
20 23 11
13 16 3
1 4 19
19 23 7
17 20 17
16 22 17
14 18 3
17 20 8
2 5 12
19 22 25
6 7 9
2 4 1
17 20 11
5 7 6
4 6 29
4 10 25
22 0 26
0 3 24
18 20 18
18 19 9
16 18 7
1 3 15
17 21 8
6 9 3
1 3 21
6 9 17
21 0 15
5 10 24
13 15 25
0 3 7
23 1 4
17 20 10
22 23 29
18 23 11
3 6 21
6 8 20
19 22 5
2 5 9
17 19 20
2 6 12
0 4 2
15 17 12
19 22 3
10 13 10
16 20 13
6 9 13
6 10 8
15 18 15
11 14 13
9 10 9
12 15 15
20 23 17
9 11 6
15 18 28
16 19 10
17 21 2
15 19 6
9 14 29
9 11 10
15 17 18
15 20 2
4 7 14
12 16 24
15 18 29
13 16 5
14 15 5
6 8 4
19 21 15
22 3 8
1 5 4
13 17 8
11 14 28
11 16 27
11 14 1
22 1 16
19 21 2
19 21 12
4 7 2
19 22 3
11 12 26
6 8 1
6 12 16
19 23 20
12 15 9
21 0 19
12 16 14
22 1 21
12 15 2
18 21 12
21 0 16
1 4 9
23 1 27
16 19 8
11 13 16
19 22 7
23 4 27
17 21 24
1 5 23
22 1 8
6 7 8
18 20 5
20 23 5
12 15 20
9 13 20
3 6 25
3 7 25
1 6 9
16 18 2
15 18 4
0 4 6
1 4 16
9 12 20
23 2 27
12 16 2
1 3 16
0 3 17
19 22 9
19 21 19
6 9 10
21 23 12
9 14 18
21 0 6
14 17 26
2 5 19
5 8 12
11 14 19
11 15 15
5 8 20
12 16 5
11 13 24
9 13 7
18 21 15
19 0 13
2 3 20
9 11 24
3 5 4
19 22 2
13 17 18
3 6 13
22 0 4
17 19 17
2 6 6
23 2 2
7 10 7
21 1 7
2 5 19
7 12 22
17 21 11
1 3 1
7 11 6
20 23 19
15 18 21
11 13 22
22 1 23
6 10 14
9 11 27
22 0 12
17 20 11
5 10 14
12 15 26
5 7 23
1 4 16
22 0 27
3 7 16
17 20 9
18 19 1
19 23 25
3 5 15
13 17 22
6 8 6
18 21 21
13 17 19
22 2 13
21 23 28
7 11 12
11 14 26
18 21 23
15 18 28
21 1 14
3 5 2
3 8 21
1 4 15
6 10 12
13 18 26
2 5 16
3 7 18
4 7 19
5 9 2
1 4 26
3 7 14
11 14 14
1 3 23
2 4 25
16 17 21
14 17 1
3 6 14
15 19 5
13 16 23
15 18 5
4 9 2
4 7 5
1 2 14
19 23 19
3 5 28
16 20 12
14 16 29
5 9 18
10 13 2
22 23 9
2 4 18
14 17 17
2 5 25
13 16 10
8 11 17
19 22 25
14 16 29
9 13 1
12 14 10
18 22 26
19 21 4
17 20 28
7 8 22
9 13 2
6 9 2
3 7 15
12 14 24
3 5 14
3 7 25
17 19 16
17 20 16
10 15 14
3 5 18
3 7 11
22 3 18
21 0 27
17 21 24
20 23 20
15 18 3
18 22 5
15 17 7
16 21 16
19 23 2
10 14 23
1 4 12
23 1 4
9 13 24
6 8 10
12 17 26
19 23 4
4 7 17
9 12 14
17 19 29
3 8 9
2 6 6
7 9 4
10 13 24
9 12 23
23 1 28
21 2 18
2 5 13
2 5 5
15 19 27
11 14 13
7 9 2
18 20 27
23 2 4
4 7 8
1 4 2
14 17 25
8 12 17
2 5 8
18 22 1
4 7 27
8 13 9
22 2 3
14 16 13
10 11 27
2 6 7
15 17 7
3 5 14
10 13 11
19 0 13
23 2 11
14 17 20
5 8 2
6 9 22
5 7 18
6 8 8
7 9 5
0 3 12
17 19 8
7 9 28
9 13 24
8 11 14
13 15 13
1 5 18
8 11 16
10 13 23
4 7 21
2 6 14
11 14 20
0 4 29
2 5 15
20 23 8
14 17 8
1 4 24
23 3 1
0 4 14
18 21 24
21 0 27
16 20 3
9 11 12
8 10 6
6 10 28
15 19 6
5 8 7
4 6 10
11 13 6
14 16 21
16 18 18
18 22 9
19 20 28
2 4 15
9 12 23
23 2 17
23 2 8
15 16 25
19 22 2
7 9 6
0 3 10
10 14 3
14 17 16
6 10 28
19 22 4
2 6 21
21 1 19
16 19 10
16 20 21
10 14 25
5 10 22
9 10 25
3 6 28
17 21 8
10 12 15
11 13 13
18 21 6
20 23 6
13 15 9
12 17 12
16 18 1
18 22 25
12 16 5
15 18 10
11 15 11
6 8 8
15 20 25
18 20 5
9 12 25
13 18 20
1 4 23
21 23 10
19 0 28
4 7 12
21 0 5
10 13 3
13 16 4
11 14 20
15 19 14
13 15 27
6 11 18
17 20 11
0 4 29
20 1 12
13 16 20
13 14 9
19 22 7
14 18 1
0 3 3
1 3 6
4 7 19
11 13 16
13 15 1
17 21 15
12 15 29
14 15 7
7 10 18
12 16 20
0 4 16
1 2 6
14 16 27
6 7 4
5 9 23
15 19 27
2 3 27
7 9 21
23 2 3
9 12 25
3 7 15
4 7 3
18 20 28
1 3 26
3 6 28
0 4 18
19 23 10
8 11 16
9 13 5
10 14 24
5 8 19
6 10 18
15 18 20
1 5 19
6 8 2
8 11 5
20 23 4
0 4 13
21 2 17
16 19 12
20 0 5
15 19 2
16 20 7
19 21 11
13 16 22
1 5 7
5 7 21
4 7 1
23 3 14
17 21 16
1 2 7
18 21 11
17 21 20
13 16 1
7 9 8
17 19 19
11 14 15
11 14 13
12 16 24
18 21 12
21 22 1
4 8 7
6 9 9
23 2 5
8 12 24
14 16 16
15 17 27
21 0 24
21 23 28
10 13 8
20 0 1
14 16 22
20 1 4
10 15 27
10 12 5
2 6 10
21 0 16
0 4 6
15 19 7
6 8 5
6 9 29
8 12 10
11 15 14
22 3 20
12 15 9
19 21 9
12 13 10
8 11 6
0 3 13
20 23 16
6 9 26
11 14 14
17 22 5
13 17 18
22 0 6
18 21 4
7 11 16
10 13 25
9 13 9
22 2 22
18 20 20
20 22 28
20 23 15
17 22 7
8 10 27
7 9 10
1 5 22
14 18 14
6 9 4
13 17 6
19 23 20
16 20 15
18 22 10
17 20 7
18 20 10
1 4 21
14 16 19
19 23 17
17 19 24
17 19 3
18 22 28
23 1 15
5 7 10
0 3 18
18 21 6
7 10 15
0 3 9
3 6 1
9 13 28
21 1 28
5 9 2
15 18 4
6 9 2
21 1 18
21 0 21
10 14 28
8 11 19
6 8 11
10 13 22
15 17 11
22 1 19
17 20 21
19 22 26
21 23 6
23 2 20
5 7 16
18 21 10
13 15 3
3 7 21
1 3 26
7 10 14
0 3 9
1 5 28
18 21 16
3 5 10
22 0 10
10 12 15
10 13 18
17 20 23
11 14 22
1 4 13
3 6 21
14 16 17
21 0 24
18 21 12
18 20 25
15 18 23
2 6 20
2 4 7
6 10 4
10 11 2
13 16 11
11 14 18
23 2 29
11 12 9
19 20 9
20 22 29
7 11 21
4 7 17
21 21 3
7 9 13
5 7 20
18 21 27
5 9 5
21 0 4
11 14 4
14 18 18
4 7 3
7 9 25
4 8 15
21 0 28
17 21 22
10 15 7
22 0 5
18 21 7
18 20 9
23 4 4
9 9 18
23 1 26
9 12 4
0 3 4
4 7 6
3 6 19
20 23 23
2 6 19
23 1 20
13 16 8
0 2 7
19 20 15
12 16 10
18 22 9
21 22 13
2 5 8
7 10 3
11 14 23
23 4 15
3 6 10
8 11 15
12 14 24
16 19 18
17 20 9
9 11 27
9 10 12
17 21 25
23 2 6
19 20 19
21 23 11
20 23 14
18 22 18
13 16 20
19 21 6
19 21 12
22 1 24
20 0 10
19 0 6
19 22 28
11 14 17
6 9 21
12 15 8
13 17 23
14 14 8
15 17 25
20 23 3
23 1 21
17 21 21
15 19 8
3 5 21
10 14 26
11 14 8
9 12 17
12 14 23
14 16 25
17 19 9
11 13 9
10 14 29
16 19 22
21 0 14
0 3 24
0 1 7
13 14 11
17 20 22
19 23 29
15 17 10
7 10 25
0 3 13
23 1 12
10 13 15
5 9 25
21 22 14
4 7 18
3 6 29
18 22 18
22 3 5
0 4 29
16 18 17
11 14 18
16 20 11
7 9 8
1 4 3
7 10 25
0 3 16
9 11 5
23 2 29
8 11 24
15 18 3
20 1 19
3 6 9
19 22 9
11 15 1
8 11 15
17 20 14
5 9 3
16 20 8
7 11 1
8 12 25
19 21 15
20 22 17
4 8 22
10 11 15
21 0 1
11 15 7
22 0 16
10 13 15
3 5 4
16 19 29
7 12 23
9 10 16
19 21 16
7 9 7
21 1 5
19 22 6
9 12 4
17 21 28
14 16 29
11 12 22
13 16 3
2 5 2
6 10 3
11 14 23
23 2 13
11 14 16
2 5 5
17 19 23
3 5 28
6 9 14
17 20 8
20 23 16
1 2 14
11 14 11
1 4 24
4 8 2
16 19 19
0 3 25
13 16 12
23 3 19
2 4 20
17 18 27
4 6 5
22 1 9
21 0 14
9 14 10
15 18 26
20 0 18
11 14 14
9 13 18
4 7 1
22 0 15
10 14 29
16 20 2
6 9 22
8 12 29
15 20 8
15 18 15
21 0 29
4 7 13
14 17 22
23 4 23
12 16 24
11 16 14
17 22 10
14 16 18
21 23 28
3 6 26
19 20 13
19 22 1
5 8 22
6 10 18
20 23 22
5 7 2
0 2 26
13 17 24
7 9 15
6 8 8
5 6 28
22 2 2
23 2 28
2 4 13
22 0 9
21 0 25
1 3 6
20 23 20
10 13 10
3 4 18
1 5 3
11 13 29
21 1 19
5 10 10
17 18 12
5 8 24
0 3 1
9 13 18
13 15 11
10 12 2
1 4 24
1 3 2
10 12 7
18 21 9
9 14 22
1 5 7
10 10 2
18 21 20
6 8 14
14 19 1
19 20 3
1 5 2
7 11 11
11 15 14
7 11 19
1 6 3
14 13 26
18 21 17
17 21 22
18 23 6
6 8 20
16 19 18
9 11 26
0 4 29
0 4 15
9 14 13
16 17 12
12 15 4
9 13 4
3 5 27
23 2 28
20 23 10
22 0 14
17 21 25
19 21 21
20 23 12
18 22 5
22 1 16
2 5 19
19 23 6
16 18 26
23 1 7
17 19 1
1 4 12
7 9 4
20 23 21
7 9 3
13 16 10
10 12 24
12 15 11
14 18 24
11 15 1
5 10 23
7 10 24
18 21 12
19 1 26
3 6 14
4 7 12
11 14 18
21 0 18
20 23 4
8 13 20
8 12 21
11 14 26
13 15 9
18 20 2
7 11 21
19 22 9
18 21 28
16 19 29
15 17 2
21 0 8
11 14 18
9 13 26
23 3 29
11 13 15
22 0 19
0 3 2
10 13 20
1 3 10
12 14 26
7 10 11
13 17 13
8 9 21
5 9 3
20 22 25
11 15 14
15 18 6
17 20 10
22 0 15
17 20 22
0 3 21
9 11 26
18 20 29
19 21 16
4 7 25
16 20 25
6 8 3
3 5 8
16 19 1
0 4 23
17 21 14
14 18 12
3 7 18
23 3 7
5 9 26
4 7 11
13 15 8
14 17 25
3 6 17
12 16 26
12 13 23
0 4 5
5 9 14
22 1 8
20 0 29
20 21 1
5 9 29
14 16 12
10 13 13
7 10 28
10 13 29
2 5 17
6 10 25
3 6 18
10 13 23
3 8 8
19 22 2
18 21 8
14 18 6
20 23 18
23 3 8
18 22 1
4 8 16
21 23 26
4 8 7
22 1 7
17 20 14
20 22 21
7 11 29
18 20 28
13 16 24
12 14 29
4 7 9
4 7 19
9 11 3
8 11 7
18 21 8
22 0 27
1 5 3
0 3 12
15 18 3
16 20 24
7 10 16
9 13 26
10 14 13
5 7 26
23 4 29
12 14 8
0 3 4
12 16 2
6 8 23
19 21 18
7 10 24
15 18 7
22 23 18
13 15 6
22 1 20
18 23 17
19 22 9
22 2 10
22 0 1
19 23 16
22 1 12
5 7 21
10 12 27
8 11 26
8 10 24
6 9 26
8 9 23
3 8 28
3 5 15
15 18 6
10 13 16
5 8 25
20 23 4
1 3 10
22 2 26
19 21 2
21 23 12
13 15 9
20 23 7
14 18 12
13 15 1
2 5 21
18 20 26
19 21 20
12 16 5
23 3 1
0 2 17
0 3 2
6 10 28
18 22 26
17 19 29
17 21 12
7 8 17
11 16 6
12 15 25
23 2 24
20 23 4
10 12 26
6 10 14
23 2 5
3 7 15
12 15 4
8 11 9
10 15 17
17 21 1
3 6 10
11 13 12
2 2 8
23 5 20
8 10 17
11 14 19
16 20 8
17 20 6
3 4 19
3 5 22
18 20 10
21 23 22
18 22 29
21 0 2
8 9 2
20 1 21
11 14 14
22 1 2
0 3 20
9 12 20
21 23 29
1 4 13
23 3 14
17 21 11
10 12 23
18 21 6
14 16 24
18 20 27
6 8 6
20 22 12
14 17 7
12 16 29
9 12 9
18 21 12
7 9 11
11 13 26
2 7 27
5 9 25
21 1 2
13 17 2
2 5 13
14 16 3
14 17 22
19 23 26
9 12 2
11 15 2
12 14 22
15 19 7
8 10 1
6 8 29
19 21 20
11 13 12
3 6 14
15 18 29
1 4 28
23 2 8
16 18 9
10 13 27
21 0 2
2 4 19
9 14 16
18 21 27
6 10 7
19 22 22
10 12 4
6 9 28
18 22 1
16 20 23
4 7 15
6 10 19
8 10 21
0 2 9
1 2 9
23 1 19
0 3 20
20 23 2
6 9 4
10 16 13
11 13 23
8 11 21
21 0 7
11 13 21
14 19 5
23 1 28
3 7 23
7 9 17
21 1 23
15 18 22
2 7 18
6 8 13
3 7 13
22 1 8
15 18 19
13 16 6
16 20 7
10 14 10
9 13 13
0 4 8
7 8 27
8 13 21
15 18 7
16 20 26
12 17 10
6 10 18
7 12 15
17 20 16
9 12 25
1 4 28
11 14 21
16 19 23
2 4 23
2 5 6
21 0 2
0 3 2
4 8 25
11 14 20
22 0 6
15 16 5
17 20 28
8 10 4
18 21 1
10 13 3
21 23 21
16 19 9
2 6 29
22 0 22
16 19 4
11 14 27
6 9 18
10 13 21
15 19 27
2 5 23
11 14 9
14 17 2
11 14 19
7 9 25
12 14 17
4 7 5
13 15 21
5 8 24
11 15 18
8 12 6
15 17 3
20 22 25
7 9 14
0 3 11
3 6 13
15 19 9
11 12 13
6 10 6
13 15 6
9 12 4
7 11 15
17 19 7
0 3 5
1 4 23
12 15 10
19 22 15
3 5 12
14 18 16
16 21 19
21 23 1
8 12 1
17 20 11
16 20 27
1 4 10
4 6 12
2 5 18
7 11 11
11 13 17
3 6 22
9 11 11
12 13 14
7 10 4
16 19 4
21 1 13
10 13 20
21 1 22
15 18 20
21 23 3
8 10 20
22 2 6
3 5 19
11 13 7
1 2 8
14 17 19
6 9 22
0 3 8
14 17 18
16 19 26
4 8 29
21 22 12
18 21 19
5 7 1
16 20 5
11 14 29
19 20 1
6 9 11
13 14 5
12 15 23
23 3 4
2 4 4
16 19 21
15 18 5
2 4 2
9 12 14
18 20 1
21 0 20
22 0 27
5 9 3
0 3 7
5 8 11
14 17 12
4 9 20
6 9 6
20 23 26
21 23 19
17 19 6
11 14 16
2 6 25
18 19 12
5 8 16
13 17 26
23 1 14
14 17 25
3 6 2
21 0 9
19 21 7
17 21 23
6 7 22
13 15 5
17 20 1
4 7 4
11 15 8
13 15 8
16 20 17
8 12 9
3 8 4
23 2 28
3 7 25
16 19 21
3 7 14
5 8 11
20 23 12
15 15 3
13 17 17
20 1 3
12 16 6
11 14 1
4 6 22
6 10 8
8 11 26
17 18 18
4 5 20
12 13 11
21 0 23
9 13 23
4 7 10
3 6 17
20 0 14
8 10 21
17 20 14
3 7 18
3 7 13
20 0 23
0 4 17
18 23 26
16 21 22
9 11 15
9 12 17
15 17 13
4 8 6
21 0 7
17 19 6
8 11 17
7 9 25
14 17 22
9 12 19
14 17 16
0 2 20
8 10 13
10 13 14
4 7 3
15 16 20
23 0 26
9 13 11
2 4 7
19 21 14
18 20 16
23 4 13
11 13 27
8 10 4
23 1 22
7 10 8
8 12 23
8 12 10
5 8 19
17 22 17
6 9 7
6 9 1
4 7 4
5 8 21
4 8 1
3 7 21
21 0 23
11 14 12
8 10 3
16 21 23
6 10 28
20 23 8
16 19 25
14 17 4
6 9 4
10 12 29
21 1 21
9 13 14
22 2 2
9 11 18
0 2 28
6 9 5
12 15 5
18 22 17
11 13 2
2 5 2
7 10 19
4 6 15
20 0 7
0 2 18
18 21 13
5 8 7
3 6 15
5 6 27
19 22 2
0 2 28
4 8 10
5 8 25
8 12 13
10 13 20
20 0 1
3 4 23
16 20 29
6 10 9
4 8 14
5 8 13
1 4 25
2 5 22
16 20 28
5 8 11
16 19 9
13 14 11
17 19 29
15 18 14
3 7 7
7 9 16
3 5 15
3 7 1
4 7 2
13 14 29
0 4 9
11 13 26
22 0 5
16 18 20
20 23 11
7 10 1
19 22 9
23 2 17
9 11 7
2 5 29
8 10 8
21 23 2
4 7 1
1 5 6
17 20 3
9 12 11
3 6 19
22 1 25
8 11 2
14 16 3
14 16 5
11 14 26
11 13 15
21 0 1
17 19 13
14 16 13
17 20 26
0 3 6
6 9 1
19 22 6
19 23 5
7 11 24
22 1 7
20 0 12
6 9 20
12 15 2
16 19 23
21 23 19
4 8 26
6 9 3
17 21 27
3 6 3
8 10 1
2 6 20
19 23 14
22 2 13
5 9 2
19 22 23
15 17 3
18 22 17
4 7 23
16 18 27
7 11 21
2 5 4
22 1 11
12 15 29
8 11 10
4 7 10
3 5 25
1 4 12
11 14 21
14 18 22
1 6 6
0 2 19
9 13 3
4 7 14
12 15 17
21 23 16
16 19 4
2 5 23
3 7 9
5 10 24
11 14 6
12 16 28
4 6 12
23 2 18
20 22 10
13 15 16
2 5 23
4 8 24
2 6 1
10 12 7
19 23 21
3 6 29
8 8 23
5 8 7
13 14 4
12 16 12
12 14 28
18 22 6
5 7 15
3 6 14
14 16 12
16 19 24
4 6 14
19 23 19
8 13 5
12 14 2
15 18 6
13 19 17
17 19 14
11 15 3
17 20 29
13 17 27
9 14 10
11 14 27
17 21 25
0 1 10
14 17 28
16 19 7
0 4 7
16 20 19
12 15 6
16 19 27
13 15 20
3 6 29
0 2 25
10 15 2
16 20 11
13 16 9
10 13 16
18 21 6
17 19 20
8 11 8
9 12 20
17 19 25
0 3 23
4 8 17
22 0 1
18 22 5
13 16 17
17 20 18
16 19 19
18 21 28
9 12 26
20 0 17
12 13 9
2 5 29
23 3 14
15 17 26
4 7 28
20 23 23
7 11 25
23 2 12
0 3 22
3 5 10
9 11 22
5 6 28
20 22 21
7 10 14
7 12 19
18 21 27
8 12 29
23 1 15
9 12 20
5 7 7
14 19 16
8 11 17
10 13 7
22 1 23
12 17 9
21 23 17
10 14 2
12 14 6
22 2 21
13 17 3
15 18 14
7 10 29
20 21 24
14 17 6
15 20 15
17 19 22
14 18 5
15 19 24
6 9 17
10 13 26
4 7 28
0 4 20
18 20 5
10 13 3
19 21 22
4 6 29
5 7 5
21 0 2
14 19 18
21 1 28
15 17 23
23 1 27
4 8 12
2 3 9
2 5 6
14 16 14
10 13 3
17 21 16
6 8 2
1 3 9
12 16 14
6 10 18
12 14 2
13 16 14
20 0 21
10 14 6
2 6 4
7 11 2
21 0 20
16 20 1
17 19 7
15 19 7
2 4 27
13 17 2
10 11 8
9 11 14
14 19 14
16 21 12
16 19 10
2 5 21
12 14 6
16 16 26
3 6 27
4 8 16
0 3 19
18 19 7
20 23 21
13 15 5
13 16 28
4 5 12
12 14 27
3 5 6
2 5 20
4 7 28
5 8 2
6 9 25
19 23 11
16 19 12
9 11 19
2 5 17
20 22 6
10 14 1
22 2 21
3 6 26
18 21 17
4 7 14
10 14 21
1 2 2
14 16 3
19 20 8
18 20 9
1 4 13
10 12 23
4 6 24
11 15 10
21 1 2
12 14 26
22 0 28
20 23 17
7 11 10
16 18 29
13 16 24
5 7 7
18 20 22
12 15 20
4 9 27
3 6 9
22 0 7
23 2 10
0 3 29
20 23 7
13 16 12
1 3 8
21 1 14
0 4 11
4 8 18
5 9 24
5 8 24
10 14 23
20 22 20
5 9 24
13 16 16
2 6 27
12 16 27
0 4 10
9 12 25
4 7 6
0 3 10
6 8 8
7 10 11
16 19 1
12 15 14
2 4 24
13 18 17
6 8 7
0 3 8
3 6 12
21 1 11
17 21 8
19 22 6
12 15 24
19 21 23
16 17 16
3 5 8
16 20 2
22 1 27
16 18 20
7 10 3
9 13 25
20 23 29
21 1 16
10 13 25
4 8 5
1 4 15
19 22 17
1 4 29
23 1 18
22 0 14
21 1 6
13 15 7
13 15 13
8 11 5
5 9 20
4 8 28
11 13 29
9 13 5
6 7 18
18 21 23
21 23 21
9 11 7
23 3 15
11 16 25
15 18 22
16 19 9
6 10 23
7 11 9
1 5 8
23 2 10
0 2 6
18 19 14
17 20 4
16 17 25
13 16 29
10 13 21
22 1 29
16 20 21
0 2 10
19 21 16
12 16 22
6 10 11
15 19 26
20 23 28
4 6 3
14 17 5
7 12 10
1 3 5
17 21 21
11 14 12
9 12 2
14 16 12
11 13 5
3 7 26
15 18 12
21 1 19
13 16 2
15 17 24
4 8 6
1 3 7
21 23 2
11 14 7
14 16 9
13 16 17
0 2 24
16 18 12
18 20 21
15 18 20
15 18 11
7 10 9
8 11 10
12 16 9
9 12 3
1 4 27
3 5 22
11 15 24
20 23 7
5 8 15
9 13 3
13 16 15
7 9 9
12 16 28
19 23 10
4 6 6
18 21 1
10 14 23
6 8 11
9 13 19
17 21 21
10 13 13
10 12 29
21 1 20
3 6 21
16 19 12
12 16 3
4 7 9
17 19 1
6 9 26
9 12 14
20 23 11
17 21 18
13 15 14
14 18 16
4 5 23
15 19 17
11 14 6
8 12 13
5 8 3
18 22 16
4 6 18
9 13 16
9 12 1
3 6 12
16 19 21
15 18 9
13 15 1
15 19 10
18 19 27
20 1 29
20 22 12
7 11 6
6 10 13
13 17 11
15 19 16
10 14 21
14 17 8
23 2 1
10 13 3
18 21 24
4 8 16
4 6 19
10 14 1
16 19 12
1 2 24
12 17 17
4 9 2
4 8 15
16 17 4
1 3 29
23 3 8
11 13 19
2 5 27
16 19 18
22 0 19
8 11 5
3 7 27
11 15 7
5 6 8
6 9 20
6 9 25
0 2 2
19 23 5
17 19 8
21 0 14
21 23 14
13 16 6
10 13 8
2 7 21
0 4 11
7 12 6
12 14 28
9 9 12
5 9 14
14 17 17
23 3 6
18 21 8
7 10 19
3 7 7
20 23 12
22 1 7
3 6 5
12 15 10
6 9 9
6 10 11
12 15 7
2 4 3
0 2 16
23 1 17
6 10 27
2 5 1
2 6 6
17 20 7
8 11 6
2 6 16
5 8 10
20 22 20
14 19 27
6 10 26
16 19 1
16 19 27
4 5 24
12 15 6
13 16 19
11 15 4
13 17 2
10 13 11
21 2 25
2 5 7
2 5 7
2 6 20
1 5 1
4 6 8
15 19 1
16 19 19
4 7 13
1 4 29
13 17 9
4 6 8
4 5 27
9 13 7
9 11 9
2 5 6
5 6 26
11 14 22
9 12 24
13 15 14
8 11 28
5 8 5
17 21 5
14 15 5
16 20 10
13 16 16
4 8 18
5 6 19
10 12 15
6 10 24
20 23 16
14 19 8
6 9 11
19 22 13
19 21 23
4 7 4
18 22 13
4 9 29
13 17 2
10 13 19
17 20 4
0 3 12
14 16 6
18 20 19
6 9 25
7 10 25
0 1 14
23 2 25
3 5 22
6 8 19
4 6 12
3 6 2
6 10 23
17 20 10
10 12 15
11 15 27
13 15 14
9 11 18
4 5 22
12 15 23
3 7 17
18 22 28
5 8 23
13 16 14
18 22 28
19 20 13
10 12 16
3 5 16
15 19 4
21 0 5
16 19 21
14 16 27
12 15 15
6 8 25
5 8 27
17 20 2
18 21 6
10 12 11
13 17 9
14 19 3
9 12 9
23 2 12
4 6 5
19 23 27
5 9 11
21 0 16
23 2 13
7 9 18
14 17 24
8 11 4
1 5 28
2 4 23
16 19 10
7 9 12
5 9 16
6 8 21
21 2 8
2 5 22
5 8 10
4 8 18
19 22 5
19 22 18
17 20 14
20 0 1
7 10 20
12 15 7
14 18 27
2 4 29
23 2 14
0 4 26
21 23 7
14 18 19
0 2 26
4 6 8
20 23 3
15 17 25
2 5 15
3 5 5
15 18 13
12 14 18
13 17 16
2 5 20
20 0 3
21 22 6
17 19 5
21 23 27
12 15 7
5 10 7
21 1 18
23 3 6
5 8 2
20 22 2
17 21 11
17 20 23
10 16 2
6 9 1
19 22 24
9 11 6
14 14 18
17 18 10
4 8 15
13 16 9
18 20 8
18 21 22
15 20 21
4 8 21
19 22 28
8 10 27
9 13 11
11 11 1
18 21 16
3 6 13
19 21 18
8 11 20
21 0 27
5 8 29
12 15 19
10 14 13
4 7 7
19 21 4
7 11 12
21 1 12
10 12 1
19 23 13
16 19 10
9 11 1
15 18 7
6 9 21
15 18 25
0 3 13
5 7 21
12 15 27
9 13 28
16 22 10
8 11 17
8 12 3
7 12 9
0 3 18
20 22 10
7 9 6
19 22 25
19 23 20
15 17 17
15 19 25
8 10 24
3 6 29
9 11 3
16 19 12
15 17 27
7 11 25
10 13 26
13 17 6
7 10 1
19 23 10
15 19 25
4 8 26
10 14 19
16 20 26
20 22 14
21 23 4
19 23 16
10 12 14
19 22 19
3 6 7
23 2 25
9 13 23
18 21 17
17 21 9
5 8 29
11 13 3
2 5 27
19 22 10
16 21 2
13 17 29
6 10 12
8 10 10
16 18 14
18 23 12
4 8 3
23 4 28
19 22 12
3 7 10
1 4 6
9 12 25
15 18 3
11 13 29
2 7 9
20 21 24
0 3 29
7 10 19
2 5 25
4 7 15
3 7 10
6 8 3
5 8 15
6 9 14
16 19 10
12 14 6
12 16 14
10 13 13
2 7 18
13 17 20
15 18 9
21 2 10
7 11 24
14 18 22
18 22 21
0 2 14
19 22 16
12 15 3
11 15 12
20 22 9
20 0 14
12 15 25
3 4 4
11 14 14
14 18 4
19 21 29
21 23 21
8 11 29
2 5 17
14 17 15
12 13 29
6 9 5
5 7 6
11 15 25
1 5 25
17 18 27
20 0 20
21 0 23
15 19 22
9 12 27
1 2 20
11 12 25
18 20 7
18 20 15
15 19 17
21 23 22
14 18 15
5 10 11
10 12 4
6 8 4
13 16 10
3 5 1
13 16 24
12 14 19
23 2 22
13 16 21
14 18 23
23 2 9
17 18 8
14 20 11
1 5 13
20 21 15
10 12 1
1 3 22
21 0 10
10 14 26
13 16 18
23 3 21
12 14 8
14 17 18
23 3 19
4 8 13
20 23 25
6 9 27
22 0 24
11 13 16
20 22 10
14 17 16
1 5 27
19 21 18
13 16 26
3 6 3
12 17 10
8 12 17
6 10 3
21 1 16
22 1 8
16 17 11
11 13 9
19 22 22
19 22 20
1 3 18
17 21 25
6 9 9
4 9 3
13 18 14
2 5 22
11 14 2
12 16 21
0 4 26
19 22 29
23 4 25
6 10 13
14 17 8
4 9 9
2 5 13
21 1 25
16 19 9
4 7 29
14 17 7
9 11 29
13 14 6
22 2 5
13 17 6
12 14 8
10 12 2
19 21 25
5 9 4
18 20 11
3 5 20
3 6 2
18 21 19
7 10 25
10 12 15
11 14 10
15 18 22
20 21 12
13 17 2
11 15 17
23 2 17
20 22 24
7 11 29
0 4 9
19 22 22
11 15 4
17 21 21
1 4 22
10 12 16
18 21 14
13 16 13
5 7 22
19 22 3
21 0 17
14 17 9
4 8 6
20 23 1
11 13 21
6 8 14
6 11 29
3 7 26
7 11 2
8 13 8
21 2 8
21 0 18
12 16 9
5 8 13
21 23 19
1 5 6
19 20 3
21 1 22
8 11 24
7 11 28
2 5 22
3 7 7
6 10 1
13 14 11
13 16 27
18 19 5
18 21 29
5 8 8
2 5 7
6 8 4
3 7 6
14 16 12
14 16 16
10 13 28
20 23 15
11 14 1
7 10 27
8 11 9
11 15 26
13 16 23
0 4 18
9 11 24
8 13 16
20 0 12
17 20 22
22 1 28
15 18 8
13 16 5
17 21 1
15 18 8
23 1 20
6 8 3
6 8 17
7 11 26
19 22 10
13 17 16
3 6 22
6 11 3
22 3 10
21 1 22
15 18 24
9 11 13
16 18 15
4 7 11
8 11 11
6 8 2
11 14 3
2 2 14
8 10 1
4 8 22
0 3 11
13 15 18
19 23 4
8 12 4
22 1 14
2 6 26
22 1 5
3 7 22
11 15 9
2 4 5
22 23 15
23 2 2
20 22 4
11 13 28
23 4 23
19 21 6
13 15 16
0 4 24
23 1 4
4 8 10
23 1 24
9 14 26
1 4 6
19 20 10
6 10 21
17 20 2
9 11 13
23 3 25
14 18 17
19 20 11
9 12 7
18 21 3
3 8 18
11 11 11
0 5 13
16 19 17
9 13 3
23 2 24
15 19 23
12 16 6
23 3 11
17 20 14
3 6 8
14 17 21
7 8 9
4 7 7
15 19 18
2 6 2
15 18 5
1 5 1
0 2 6
14 17 25
14 18 22
23 4 3
9 11 19
14 17 15
12 16 18
18 21 26
18 21 16
22 0 26
1 4 20
22 2 9
19 21 23
19 23 22
21 21 25
19 21 7
11 14 11
12 14 13
19 22 5
23 1 14
20 23 29
11 16 2
18 20 4
17 18 14
11 16 14
9 12 18
4 7 23
6 10 28
19 19 2
14 16 22
1 3 26
16 20 6
6 10 28
8 10 22
18 20 8
15 16 23
20 23 22
9 12 25
13 17 21
2 6 7
4 7 10
17 18 5
5 10 25
22 1 9
1 4 18
21 0 15
16 19 7
11 12 23
20 23 26
7 10 14
8 11 14
0 3 4
19 21 18
10 14 1
14 15 3
21 23 25
13 15 16
17 21 13
1 4 7
12 15 17
