1000 46
13 38 32 17 15 44 37 14 2 37 27 15 11 13 28 28 13 36 10 7 16 29 18 31 19 35 39 39 7 16 34 10 15 15 7 18 29 22 38 8 32 44 16 25 23 27 
18 20 26
11 14 30
7 11 15
19 20 35
17 20 28
10 13 28
19 21 28
14 17 39
20 0 17
22 0 24
17 20 41
16 20 29
15 18 25
19 0 11
22 1 12
3 6 40
10 12 8
0 3 25
21 2 1
6 9 10
3 5 43
4 8 37
0 4 33
17 20 25
4 6 1
7 9 41
4 7 32
17 21 26
10 14 24
19 22 33
3 6 9
3 6 17
14 19 23
15 17 27
6 9 42
19 23 36
21 0 23
3 6 25
19 21 16
22 0 3
2 5 31
2 6 23
5 9 23
7 11 29
6 9 9
3 6 9
8 12 41
16 17 18
13 15 21
21 0 22
4 7 3
14 16 41
21 0 28
22 0 24
6 10 44
14 17 21
11 12 4
13 18 31
8 10 28
3 5 16
10 13 5
2 5 30
19 19 8
21 1 11
2 4 43
4 7 43
8 12 21
6 8 34
18 19 27
0 3 34
14 17 41
10 13 22
1 5 31
15 19 40
13 17 45
8 11 44
4 7 2
6 10 29
14 18 5
1 4 19
11 15 11
9 11 38
23 2 35
11 14 38
21 23 41
2 7 8
9 13 16
13 18 45
14 18 35
2 6 41
21 1 2
3 7 32
8 11 35
17 21 35
0 4 23
2 6 33
10 12 19
15 18 32
7 10 15
19 21 36
6 9 2
20 0 3
19 22 9
16 18 7
8 13 11
4 6 12
3 6 18
15 17 6
11 14 5
7 9 40
14 18 19
13 17 44
1 3 38
13 17 41
10 13 26
12 14 26
22 2 13
11 14 31
22 1 34
22 1 5
9 13 27
3 7 1
9 12 25
2 4 21
22 1 7
2 6 7
10 12 12
20 23 20
0 3 21
1 3 29
8 11 32
6 7 1
14 19 13
11 13 23
18 21 23
2 5 8
15 18 6
18 21 35
6 12 34
22 1 46
11 15 43
12 15 26
16 19 41
5 8 21
16 20 35
10 13 18
1 6 30
19 22 2
12 13 14
7 10 3
18 21 43
16 20 1
11 14 19
18 22 19
20 0 32
4 8 25
14 17 9
17 21 5
21 1 31
15 16 27
13 14 32
12 15 37
2 6 20
2 4 28
7 10 27
18 20 38
10 14 39
16 20 12
4 7 5
8 9 41
1 3 20
22 1 1
20 23 23
9 12 8
9 12 18
20 23 23
19 23 7
18 19 28
23 2 42
12 14 14
20 23 46
17 20 41
19 22 14
8 12 32
23 4 34
15 17 9
9 14 21
1 6 3
13 15 8
14 18 45
11 14 16
22 2 6
18 22 45
20 23 28
13 16 25
10 14 30
9 9 25
3 8 30
2 5 16
11 14 18
17 19 1
7 9 23
6 9 46
7 12 29
17 20 25
14 18 43
8 10 45
4 7 22
17 19 46
14 17 4
18 19 30
18 21 11
19 22 26
6 10 24
5 9 41
6 9 45
5 9 11
5 8 31
8 10 30
14 18 4
10 15 7
1 4 1
2 5 38
18 21 8
2 5 5
5 8 1
22 1 41
5 9 7
0 2 5
3 8 2
3 8 37
8 11 14
18 21 46
1 4 44
18 22 30
23 1 6
21 1 7
1 3 11
8 13 12
8 11 13
0 2 33
11 14 22
13 13 14
16 18 35
21 0 1
21 23 1
7 9 33
18 21 12
6 9 11
0 3 31
4 6 10
6 8 17
15 17 15
23 2 39
16 19 6
8 13 33
6 10 25
6 9 10
8 12 7
5 7 14
10 15 29
18 21 16
12 15 36
6 9 27
17 19 16
15 19 19
13 17 2
5 7 27
15 17 35
13 15 16
6 9 33
0 2 37
15 19 9
12 14 38
18 20 20
2 5 33
6 9 30
6 9 41
0 2 5
3 6 13
13 16 45
13 17 37
21 23 35
10 13 1
12 15 8
20 0 40
5 7 21
20 23 32
1 4 20
22 1 24
16 19 18
0 4 3
19 19 24
5 7 31
18 22 19
13 16 18
18 20 42
20 22 16
11 13 3
7 9 29
23 3 28
2 5 5
2 7 28
12 16 46
5 8 23
1 5 10
1 5 42
2 5 46
18 21 30
16 20 39
3 6 31
11 13 37
7 11 39
19 21 23
12 14 25
16 17 3
6 10 46
3 7 31
22 2 33
5 9 40
3 5 8
18 20 5
13 18 38
0 3 15
2 3 38
14 16 11
16 18 4
14 18 46
10 13 7
22 1 28
6 9 15
6 9 19
8 11 39
23 2 5
4 5 15
2 5 26
5 8 15
9 12 34
20 23 16
21 23 41
5 7 27
23 1 42
14 18 10
8 11 28
6 10 35
12 14 11
7 11 10
3 6 4
14 18 7
21 1 41
1 5 41
9 11 29
14 16 12
16 20 20
2 5 44
8 13 12
1 6 5
8 12 25
22 0 34
5 11 19
20 22 44
21 0 9
15 17 5
11 14 33
20 0 14
12 16 38
17 20 24
23 2 29
5 8 7
11 14 44
6 9 12
3 5 2
5 9 18
21 0 19
0 3 16
8 12 5
1 3 28
0 3 3
19 21 43
4 7 15
0 3 30
20 0 33
19 22 13
1 4 39
1 5 29
6 8 31
17 20 9
14 16 23
15 19 42
3 5 8
11 14 13
17 20 1
21 0 13
5 8 46
19 21 14
21 2 12
11 13 39
5 8 46
2 4 45
15 18 26
11 12 23
10 12 28
2 4 40
2 6 18
8 11 20
8 12 43
14 15 13
17 19 22
16 20 24
12 14 14
21 0 9
19 21 42
11 14 30
19 22 12
5 7 25
14 18 12
1 1 30
8 11 26
19 22 15
18 22 4
8 10 10
22 0 17
21 1 44
1 5 29
6 9 30
10 12 36
16 19 35
0 2 28
0 3 24
8 10 21
22 0 40
8 11 16
5 7 20
12 14 40
0 1 2
17 19 35
7 10 24
7 12 12
10 15 31
5 9 16
13 17 7
21 0 36
3 7 4
21 23 9
17 19 12
0 2 1
3 7 33
17 20 33
17 22 22
22 1 15
21 23 31
17 19 34
21 23 46
7 10 13
14 16 21
11 14 46
22 2 6
20 23 42
10 13 35
5 9 3
17 20 28
2 5 3
17 20 38
1 4 7
19 21 29
0 1 15
0 2 27
8 10 41
1 5 41
20 23 34
17 21 24
22 3 10
0 2 29
15 19 14
8 9 22
20 23 20
4 7 23
1 4 40
14 17 7
8 10 46
19 23 27
2 3 43
13 17 36
4 8 42
0 4 39
2 5 23
7 10 23
14 19 22
16 18 20
6 10 28
9 12 33
17 19 39
23 1 41
1 4 22
18 19 46
15 18 16
21 1 21
20 23 40
7 11 2
0 4 1
5 9 29
16 17 25
16 19 8
11 14 4
17 21 2
7 11 30
11 14 1
1 3 34
0 2 44
15 18 25
16 20 34
2 7 43
1 4 11
0 3 22
20 0 10
13 14 45
21 1 20
5 10 25
5 8 2
14 18 15
20 22 13
5 9 7
20 23 22
11 14 14
15 18 37
5 9 15
6 11 30
19 23 17
10 14 43
12 15 4
15 18 33
2 6 10
21 0 39
20 23 12
2 6 12
2 5 23
23 2 45
7 10 35
6 9 34
14 18 9
10 13 24
16 19 41
1 4 42
17 22 13
5 8 26
3 5 41
12 15 17
3 5 41
2 6 44
9 13 40
20 0 36
9 10 5
21 0 41
9 13 30
7 9 36
20 23 45
7 10 8
23 2 26
15 18 1
4 5 22
14 17 6
18 22 5
10 13 36
22 0 34
12 15 7
15 19 43
8 10 19
18 20 13
10 13 29
8 10 14
3 6 27
7 10 9
4 8 35
16 19 23
3 6 26
14 17 4
20 22 40
3 6 25
21 22 26
10 11 26
21 1 16
23 3 41
11 15 14
14 17 11
18 19 42
14 17 42
10 12 39
10 14 32
12 13 30
15 18 21
6 10 21
4 8 24
11 14 38
5 8 32
17 21 33
5 8 10
16 18 46
3 8 29
16 18 4
1 4 45
5 8 9
23 1 1
5 9 17
5 8 22
13 15 8
23 4 8
11 12 42
6 8 6
7 11 26
17 20 2
6 8 31
20 22 26
15 19 46
13 16 15
14 16 13
9 11 35
7 8 17
15 16 15
7 11 40
0 3 4
22 0 20
5 7 46
6 9 4
9 12 14
13 17 1
22 1 38
23 2 20
18 20 21
22 3 23
1 4 42
0 1 14
12 13 3
9 14 10
20 22 28
11 12 8
10 10 9
5 6 29
20 22 13
20 21 20
17 20 1
0 2 25
6 7 18
16 18 22
9 11 39
11 14 8
0 3 4
5 10 38
18 20 35
1 4 2
0 2 6
9 13 31
6 8 21
1 4 32
12 16 27
1 4 22
0 3 11
15 18 35
18 20 4
2 5 25
21 23 43
15 18 41
12 15 24
15 18 24
22 2 3
17 20 33
6 9 17
17 20 43
10 13 39
14 16 41
8 11 31
15 18 19
16 19 40
8 12 22
17 20 14
21 0 36
13 16 17
13 14 29
13 19 31
2 4 12
17 20 4
16 19 44
14 16 44
22 1 12
12 15 46
17 20 34
22 1 17
22 1 34
12 15 44
17 19 22
21 1 23
21 23 45
6 9 44
6 9 28
23 2 14
18 20 11
18 21 39
7 9 10
4 5 42
19 23 46
2 6 38
23 3 6
16 18 36
7 9 30
1 5 44
2 6 25
17 17 40
16 19 7
14 17 38
16 18 29
15 19 20
22 2 5
12 15 14
21 23 29
4 7 40
4 5 22
20 22 21
17 21 15
14 15 19
6 7 20
18 20 29
21 1 11
4 7 12
3 5 15
18 20 38
8 10 14
0 4 17
0 4 4
2 7 32
5 7 20
2 5 5
15 18 35
18 22 23
14 18 4
6 7 44
13 17 36
18 21 36
11 14 21
8 11 45
23 0 16
19 22 23
14 16 38
20 0 37
4 7 23
17 22 13
7 11 8
6 9 38
13 15 7
11 14 30
14 16 11
1 4 36
16 18 4
2 5 42
8 11 42
16 17 22
1 6 23
10 12 13
22 1 18
22 2 19
14 18 2
3 7 28
13 15 38
10 12 1
22 1 24
1 5 34
22 2 16
2 4 7
0 3 35
19 21 32
8 10 8
3 7 37
22 0 46
23 3 21
12 13 42
11 13 14
8 12 14
19 22 5
9 13 36
19 22 7
6 10 12
4 6 16
20 23 35
4 6 23
14 16 17
23 1 9
19 20 39
17 21 8
22 1 20
2 4 13
18 20 14
5 8 43
7 9 43
14 16 9
9 12 12
15 17 42
17 21 12
5 8 27
13 17 1
5 9 31
5 9 33
4 8 21
18 19 40
22 3 31
8 11 25
13 16 45
4 6 19
1 7 7
18 20 8
8 10 39
12 16 37
0 1 5
9 14 13
9 12 12
13 15 21
9 11 11
11 15 18
5 7 28
15 17 19
15 17 29
5 9 18
6 8 38
1 3 9
6 9 25
0 3 36
18 21 24
11 14 31
10 13 13
8 11 20
5 8 6
15 19 11
21 0 11
9 12 41
4 8 1
17 20 16
20 22 27
23 1 26
20 23 23
8 12 13
20 0 27
14 18 1
7 9 17
1 4 27
19 22 34
15 19 39
14 17 3
10 11 35
16 20 4
12 14 18
9 13 31
23 0 24
21 0 23
22 1 25
3 7 14
2 8 16
23 3 15
8 10 31
13 17 3
9 12 35
18 21 8
12 15 12
14 18 20
3 4 36
17 20 46
7 10 29
3 6 40
6 8 18
20 0 23
21 0 43
8 11 18
21 0 9
20 23 32
17 21 6
23 1 13
14 18 9
16 19 44
22 2 19
16 20 35
18 22 15
3 7 31
15 19 41
4 8 36
19 22 36
17 21 20
20 22 2
23 3 5
12 14 33
14 17 29
4 6 9
3 7 14
16 20 23
13 15 8
13 18 39
1 5 29
10 14 31
17 19 33
21 0 39
13 16 46
8 12 38
2 5 32
2 6 22
7 9 4
0 2 21
3 6 10
19 22 5
7 10 22
16 18 40
5 8 32
11 15 21
7 10 40
15 18 13
20 22 9
19 21 28
23 1 5
14 16 43
22 1 30
10 14 39
5 8 41
21 22 9
18 20 26
19 22 33
15 17 35
12 15 25
20 0 1
11 14 5
17 20 40
8 11 26
17 22 16
14 18 26
20 0 30
8 10 6
4 5 42
7 9 16
4 8 27
8 12 24
18 22 17
0 3 9
5 7 14
12 16 6
13 16 5
0 2 46
7 10 27
20 23 41
20 23 38
12 15 27
6 10 27
21 1 20
20 0 7
0 3 20
14 15 27
5 8 25
21 1 21
5 6 44
1 5 10
16 21 16
9 12 22
18 22 38
7 10 14
17 21 26
0 1 44
8 11 24
4 5 31
19 23 24
9 12 31
16 18 31
23 2 4
6 9 43
15 19 6
8 9 41
20 22 42
10 13 44
19 23 26
2 5 38
23 2 35
4 8 36
6 9 37
11 14 2
10 14 26
5 8 14
15 18 3
4 7 36
2 5 44
18 21 41
10 11 18
21 1 25
13 17 15
0 3 4
7 9 30
5 7 30
5 9 4
4 8 27
2 6 32
11 12 40
10 13 22
11 14 36
21 1 9
19 22 35
14 18 42
9 13 40
15 17 33
15 18 28
21 0 12
