3000 39
6 29 39 11 15 15 21 15 18 27 3 9 3 21 19 33 33 1 35 6 30 30 9 32 27 9 24 11 29 15 16 10 30 14 3 33 18 35 1 
2 4 12
7 10 37
1 3 24
7 11 27
11 14 18
22 2 21
10 13 35
23 2 12
4 8 22
3 7 26
16 19 30
1 6 7
2 5 25
6 8 35
5 8 15
17 20 21
10 13 20
15 17 13
10 13 33
4 6 26
0 3 36
13 17 17
1 5 22
21 23 22
16 18 32
4 7 34
17 18 14
0 4 18
0 3 10
18 22 11
5 8 11
12 15 35
10 13 12
17 18 19
15 20 31
16 18 19
4 7 3
0 5 24
7 10 4
4 6 12
14 15 24
23 2 7
22 1 18
1 5 19
21 23 25
17 20 5
2 5 26
5 8 18
1 3 17
19 21 14
18 22 13
12 15 38
4 7 7
19 23 23
3 7 21
6 9 17
6 10 23
21 0 18
15 19 28
20 22 11
2 6 3
16 20 7
18 21 33
1 3 12
5 9 39
9 14 14
15 18 33
9 12 24
19 22 12
4 7 21
2 5 9
21 2 30
11 14 23
11 15 30
19 23 11
6 10 39
7 9 8
18 20 4
5 8 27
7 9 25
21 0 18
0 2 38
6 11 22
23 2 32
22 1 38
5 8 21
13 14 25
0 3 24
2 5 34
18 19 5
12 14 32
2 5 32
14 16 24
12 15 3
18 22 2
12 15 25
12 15 24
10 14 16
10 15 25
19 22 29
19 22 26
23 1 17
3 6 2
7 10 21
8 11 4
11 12 31
22 23 22
20 0 18
3 6 35
17 20 26
9 12 12
13 15 31
19 22 26
5 9 16
8 11 2
5 8 22
23 3 17
11 13 22
20 22 9
3 6 23
3 8 32
10 14 13
5 8 35
12 15 25
20 22 12
4 7 10
9 13 16
10 14 8
9 13 28
16 20 15
9 13 15
11 12 33
1 4 3
12 14 10
17 20 31
15 16 38
20 23 26
19 21 38
20 23 24
17 21 27
5 9 12
19 23 26
6 10 28
8 11 37
4 8 15
5 8 2
10 13 28
15 19 13
9 12 18
12 15 26
3 6 26
15 17 33
13 15 34
16 20 16
1 5 15
22 0 7
0 3 10
13 15 24
6 10 5
15 19 13
21 1 22
11 13 10
15 17 13
4 6 22
12 16 16
9 10 10
6 9 21
4 7 32
2 6 18
14 17 12
21 0 13
0 3 36
16 21 3
19 22 4
21 22 2
10 13 14
14 18 19
4 8 28
4 7 11
19 21 32
18 19 3
9 13 22
4 6 32
23 3 24
19 22 21
10 12 32
14 17 38
6 7 24
15 19 18
15 18 27
8 11 22
15 17 34
1 4 36
0 3 25
20 22 2
3 7 26
5 8 22
20 0 1
19 22 13
22 0 2
2 4 37
3 6 13
14 18 28
10 12 6
7 10 16
19 23 9
14 17 13
21 0 35
21 0 9
21 1 8
23 0 8
23 2 15
16 20 20
10 15 34
19 21 17
7 9 6
7 11 10
17 19 6
17 19 24
2 5 34
13 16 31
1 4 17
6 10 13
18 22 12
21 21 29
7 9 5
3 5 14
10 13 11
8 10 11
15 18 25
12 16 18
10 13 14
8 11 12
17 19 24
4 6 24
22 0 14
2 5 14
20 21 25
3 6 22
2 6 28
18 21 24
15 19 6
10 12 37
22 1 18
4 7 16
20 23 1
13 16 18
9 13 20
21 1 29
11 15 15
17 19 33
18 21 24
9 11 24
14 16 19
7 13 21
4 6 33
23 2 2
12 16 39
0 4 38
13 15 29
18 21 19
2 6 10
10 12 23
17 20 15
9 12 28
7 10 28
0 2 19
13 14 27
10 14 21
19 21 14
3 5 9
19 23 12
22 1 30
14 17 18
3 7 31
15 18 30
7 10 36
19 22 22
20 22 12
12 13 20
9 12 34
8 10 1
7 10 4
18 20 34
22 2 13
21 23 16
12 14 10
21 23 35
21 23 7
21 22 29
21 0 32
6 6 22
2 5 27
10 14 33
21 2 16
20 23 24
6 8 2
18 21 13
19 0 5
21 0 21
21 0 23
0 3 35
23 2 22
20 23 5
16 19 10
1 4 4
20 22 15
5 7 15
18 21 27
9 12 19
9 13 14
1 2 8
3 6 26
18 21 13
14 17 17
14 18 22
15 16 38
0 2 32
16 20 23
23 1 16
0 4 6
2 4 38
17 21 34
8 11 7
18 21 7
17 20 17
21 23 6
19 22 12
20 22 26
1 3 18
14 16 11
17 21 16
4 9 26
16 19 26
15 18 25
20 0 9
12 15 3
17 22 8
14 17 17
9 14 28
12 14 4
21 1 25
23 2 34
17 20 2
4 8 11
15 17 23
3 6 36
19 22 2
16 18 23
19 22 4
12 16 36
0 3 28
22 1 39
12 16 14
16 19 23
4 7 2
17 21 13
1 5 5
1 4 35
15 17 4
12 15 9
23 1 9
9 12 5
4 7 14
14 16 10
1 4 22
3 7 30
0 4 3
9 12 2
11 13 3
23 2 4
0 3 6
6 8 32
10 14 23
22 0 33
8 10 31
22 1 39
18 21 5
8 11 36
3 8 8
9 11 14
14 18 8
11 13 12
14 18 5
7 9 9
6 9 21
10 14 37
0 3 23
4 8 3
14 16 32
5 10 35
18 19 24
16 18 13
15 20 23
19 22 10
8 12 39
2 5 13
17 18 17
2 4 2
6 8 1
0 5 3
17 20 1
20 23 23
9 11 23
11 11 7
10 13 39
22 0 20
22 1 36
1 4 38
20 22 20
6 8 28
2 5 20
6 9 37
4 9 15
9 12 8
7 8 17
11 15 34
4 6 30
17 19 35
9 14 26
10 13 2
23 2 9
9 12 20
2 6 22
7 10 39
13 16 17
1 4 24
12 15 15
15 18 15
1 5 28
4 7 15
7 12 19
16 20 28
4 7 5
8 11 37
18 21 14
23 1 29
2 5 13
1 6 1
16 22 22
6 10 22
22 0 32
15 18 6
6 7 25
1 4 36
7 10 12
5 8 37
10 12 28
12 15 10
14 18 23
2 4 14
2 4 26
11 15 3
4 5 16
18 23 36
23 3 32
11 16 27
12 14 16
16 21 24
21 0 7
17 20 37
16 18 22
9 12 12
22 0 22
5 7 27
6 9 33
20 22 27
8 10 2
20 0 2
19 22 5
7 10 12
2 5 16
14 18 38
12 15 32
23 1 15
18 20 16
23 3 28
22 1 18
7 11 6
5 8 10
14 16 15
17 20 39
20 0 39
5 8 18
4 5 11
0 5 2
23 2 37
17 21 31
10 12 33
20 0 24
8 11 9
11 15 12
12 16 7
13 16 18
16 19 37
4 5 26
19 22 18
1 5 26
16 18 30
3 5 33
12 15 37
22 1 22
20 0 34
19 23 35
1 3 8
4 7 38
12 16 11
11 13 23
19 21 21
16 19 5
15 18 4
5 8 32
1 4 15
20 23 34
10 12 3
12 15 4
5 8 21
1 4 35
6 9 19
20 23 22
17 21 8
8 11 28
19 22 22
12 16 15
16 18 25
21 1 11
12 15 17
16 19 2
13 16 38
10 14 12
19 0 34
15 17 5
4 6 35
16 19 17
6 10 34
5 9 26
21 0 16
17 19 5
17 21 38
23 3 38
13 16 11
3 6 22
5 6 7
17 20 16
22 1 11
4 7 8
15 19 15
8 12 25
14 17 14
7 9 34
2 5 38
1 4 26
19 19 2
0 2 11
23 2 9
15 17 1
0 3 33
9 11 9
19 0 38
22 3 22
11 14 9
14 16 33
20 1 29
6 7 21
1 3 34
22 1 9
17 20 19
18 21 9
13 16 13
22 0 15
19 22 4
15 19 34
3 5 8
19 21 36
9 12 38
12 15 14
16 19 24
14 18 3
3 5 21
21 0 8
12 15 37
15 17 21
15 19 27
4 7 22
12 17 22
8 11 1
18 23 26
13 16 39
12 15 16
12 14 35
19 22 28
20 23 28
5 9 23
8 13 30
9 12 31
10 13 21
10 11 3
23 2 6
7 9 8
23 2 12
23 4 25
9 14 16
11 14 4
15 18 13
6 10 30
17 20 27
23 2 12
14 17 10
0 4 8
19 22 2
17 20 28
20 22 30
3 6 37
19 20 25
18 22 21
6 9 12
23 1 37
18 20 33
11 16 5
2 4 21
13 16 15
0 3 28
6 8 12
6 7 13
10 13 3
1 3 27
8 11 5
8 10 7
21 0 6
11 14 35
1 4 28
1 5 25
8 9 37
7 10 20
17 20 31
2 4 12
8 12 22
10 13 28
22 1 7
7 10 21
7 9 19
1 4 34
16 19 37
7 9 36
21 22 7
16 18 6
23 3 12
5 9 30
14 19 1
22 1 4
11 14 29
3 5 34
15 17 23
20 21 34
14 18 34
12 15 24
12 15 24
11 15 30
8 10 10
7 9 20
1 4 28
11 14 15
14 17 31
6 8 39
2 4 33
17 20 24
5 8 14
8 12 31
12 14 29
12 15 14
14 16 8
15 18 10
15 19 20
2 5 23
5 9 6
0 3 14
21 0 3
8 10 29
18 21 27
7 9 2
19 22 11
13 17 34
7 10 15
17 20 25
16 19 39
1 3 30
11 15 35
19 22 9
13 15 38
14 15 15
8 11 17
0 3 3
4 5 32
6 9 39
10 13 27
9 13 8
15 18 11
13 15 23
8 10 16
2 5 22
19 20 11
20 22 7
6 10 5
15 17 33
20 21 16
9 13 26
16 17 33
14 17 22
14 17 6
0 3 23
10 11 17
8 11 7
22 0 25
15 17 28
6 9 17
14 16 16
5 9 18
17 19 17
22 2 25
22 2 4
15 20 24
2 3 3
16 19 1
17 19 25
17 19 3
21 23 24
23 1 23
5 7 31
7 10 27
0 2 26
10 13 20
16 19 19
6 10 3
9 11 2
9 13 4
18 20 19
17 19 33
11 12 8
20 22 21
21 23 25
23 3 1
5 6 39
12 16 13
19 22 3
4 7 37
4 7 3
20 21 39
0 1 11
7 9 10
15 17 4
14 17 5
21 0 6
4 8 4
6 8 5
21 21 31
2 4 32
22 1 2
5 7 1
10 14 17
10 14 23
21 0 21
7 8 16
12 14 8
22 23 12
4 8 33
5 8 38
23 3 14
20 0 14
4 6 35
10 13 1
20 21 29
21 23 3
1 4 14
19 21 18
0 3 28
14 16 34
23 2 35
0 2 1
10 14 32
13 13 24
14 18 27
19 21 26
0 2 20
17 20 12
3 5 12
14 19 14
23 23 28
3 5 38
2 4 4
21 0 21
1 4 34
19 0 32
7 8 29
1 4 6
18 22 3
22 1 30
16 19 29
9 13 23
14 19 7
17 20 2
4 8 14
15 19 22
15 16 20
14 17 9
14 16 13
14 17 23
11 13 37
5 9 23
13 17 30
7 9 33
15 18 30
10 13 30
9 13 7
1 4 29
17 19 7
14 17 5
7 12 13
12 15 37
0 4 9
6 8 10
18 21 36
20 22 39
15 18 7
10 13 27
15 19 26
22 1 11
6 8 12
14 17 20
10 12 25
3 7 19
21 0 12
11 14 14
1 4 37
10 13 1
21 1 32
20 22 14
8 11 36
0 2 32
6 9 5
21 0 5
22 0 19
20 0 27
16 19 27
9 14 19
13 16 11
18 22 21
0 3 30
6 9 4
3 6 7
22 1 30
7 10 23
2 4 36
7 9 34
4 7 17
9 12 27
18 21 32
19 23 14
4 7 31
18 20 12
19 23 37
10 14 33
14 17 6
19 21 16
14 17 1
4 6 22
1 4 24
8 11 5
2 6 14
5 8 4
15 20 8
10 12 8
13 14 29
4 7 18
1 5 36
20 0 25
6 9 5
0 4 34
10 13 32
12 15 34
14 17 5
15 19 9
10 12 6
3 7 9
0 3 8
4 9 21
10 12 10
12 16 33
3 4 29
9 11 8
7 10 30
5 7 10
8 12 9
18 22 11
21 23 35
3 4 22
6 9 28
10 12 23
11 16 31
12 17 17
10 14 19
20 23 26
22 1 10
21 0 38
15 18 27
17 20 37
3 6 13
9 12 7
23 2 30
1 4 12
1 5 23
16 17 5
11 16 10
21 0 18
18 21 12
0 3 8
23 3 25
7 9 31
17 20 23
1 5 9
6 8 17
14 17 22
18 23 20
6 10 27
13 16 23
18 20 18
23 2 23
13 17 11
2 3 16
8 11 20
6 9 31
18 20 6
1 2 19
5 9 21
18 20 35
17 20 1
15 18 17
0 3 38
15 19 9
9 13 33
17 20 37
6 9 14
7 8 3
11 13 11
9 13 22
23 2 3
13 15 39
10 15 12
23 2 24
4 6 39
1 4 29
5 8 3
9 12 28
0 2 7
10 14 31
21 0 22
18 21 8
6 10 9
10 11 39
8 11 7
5 8 35
13 17 4
11 14 38
17 20 10
2 5 4
10 13 14
6 9 24
10 12 20
5 8 3
21 1 27
11 15 26
14 17 6
15 18 33
11 13 29
21 1 15
0 3 1
12 15 8
14 17 22
7 9 19
21 23 32
14 17 23
21 2 31
20 23 31
2 6 24
18 21 27
16 19 38
6 10 10
12 17 9
16 18 13
21 23 37
20 0 17
7 9 27
2 6 36
11 16 19
9 12 33
7 11 34
12 15 36
22 2 11
19 22 33
4 8 12
7 10 31
1 3 7
23 1 33
17 20 29
19 23 18
13 16 4
17 19 16
15 18 1
17 20 29
1 4 2
9 12 15
15 16 2
13 15 17
19 23 17
8 12 27
12 15 21
16 19 17
22 2 29
3 7 1
1 5 3
3 7 14
1 4 6
2 6 3
13 16 11
0 3 15
2 3 23
18 21 31
18 23 39
0 1 18
5 8 18
17 21 9
4 8 22
18 22 4
13 16 33
0 4 33
12 15 19
4 6 39
17 21 23
3 6 17
13 16 29
20 22 10
16 19 39
7 11 11
8 11 11
5 8 31
23 3 39
11 14 4
12 16 23
6 9 32
5 7 10
21 1 2
18 21 13
3 7 13
10 13 29
16 19 9
7 10 10
4 6 30
7 11 37
0 4 18
10 12 22
19 21 36
16 18 16
18 23 39
18 21 18
6 10 25
15 18 3
21 0 19
13 15 25
6 8 4
20 23 24
0 2 29
7 10 4
15 17 18
23 3 27
0 2 26
3 7 39
16 19 22
10 12 10
7 12 22
0 4 34
5 9 17
13 16 31
14 18 37
18 23 34
8 11 15
1 5 24
13 16 5
13 16 12
13 17 12
21 0 17
17 21 18
20 23 3
15 20 37
14 17 26
4 9 35
0 3 30
13 15 31
11 14 16
8 11 11
8 10 33
4 7 8
13 16 36
2 6 2
22 1 6
23 3 5
23 1 38
8 10 4
8 11 37
3 6 20
0 3 1
10 12 24
22 0 28
6 10 11
12 15 31
20 1 5
6 10 3
9 12 10
15 17 21
14 15 28
5 8 9
1 4 6
15 17 12
1 5 24
22 0 33
1 4 17
23 3 34
15 17 18
16 18 20
16 19 27
8 10 19
18 22 10
23 2 7
4 6 29
19 22 22
18 20 18
23 2 8
1 5 14
16 19 20
1 4 16
0 2 35
17 21 17
5 7 19
4 7 28
21 2 7
7 11 33
8 11 4
6 9 14
3 8 8
0 4 21
2 6 24
7 8 30
8 9 23
2 4 25
14 19 21
11 14 29
3 6 16
7 10 34
22 1 13
21 0 2
8 11 28
8 12 20
23 23 17
22 1 30
23 3 38
19 23 29
5 7 12
18 21 29
7 11 12
10 10 16
11 15 31
11 13 29
5 8 23
7 11 5
22 1 21
5 8 37
7 9 9
12 16 33
18 21 27
1 4 27
12 15 36
18 21 36
13 17 37
12 15 11
13 17 27
13 15 34
6 10 9
3 4 19
10 12 35
9 13 19
0 5 26
7 10 39
3 7 28
19 21 10
22 23 5
3 5 17
8 10 31
9 14 33
6 10 8
5 9 20
19 23 1
12 15 36
7 9 31
7 9 25
1 5 27
15 18 30
19 23 4
16 19 19
12 14 32
3 7 6
13 17 33
5 6 6
18 22 38
8 11 38
17 21 38
1 5 14
0 2 30
3 6 10
13 15 11
16 16 7
18 20 15
12 14 34
1 3 8
0 3 33
13 14 22
4 8 19
2 4 20
17 22 14
17 19 1
20 0 13
8 12 25
12 15 2
12 13 7
14 18 31
0 4 27
15 17 10
9 12 1
5 8 20
21 23 32
16 19 29
0 2 18
20 22 18
9 12 15
14 16 13
11 12 35
14 16 23
7 10 14
7 10 17
11 12 19
17 18 26
5 8 6
18 21 31
18 22 29
7 11 6
7 10 9
5 7 30
5 8 22
12 15 33
15 19 8
8 12 14
21 0 29
15 17 4
20 22 17
13 16 36
7 11 19
1 2 20
6 7 38
3 6 1
19 23 37
1 4 24
19 22 14
20 20 28
16 19 13
1 5 6
2 6 11
3 7 4
0 2 39
22 2 8
11 13 12
15 19 13
17 20 16
13 17 6
6 9 34
16 20 19
11 15 3
23 2 32
23 3 28
8 10 38
13 14 32
8 11 32
15 17 20
13 15 28
1 4 30
11 15 38
21 1 23
10 13 34
0 3 28
14 16 12
22 23 3
1 5 2
9 13 18
12 15 2
7 10 5
1 4 32
14 16 3
17 18 2
2 4 8
18 22 1
13 15 28
17 20 5
12 15 9
4 8 23
18 21 29
21 23 23
21 1 3
18 21 35
20 21 35
6 8 13
12 15 22
9 11 19
9 12 24
14 16 17
6 9 18
7 9 1
23 1 6
13 16 34
8 13 30
12 13 38
9 11 30
8 10 14
18 20 32
10 13 16
23 2 3
15 20 21
2 5 34
11 14 22
10 11 16
14 16 20
4 8 38
11 15 24
16 19 23
21 1 23
3 6 16
17 21 30
14 18 34
5 6 16
19 23 13
8 10 26
16 19 21
20 22 14
9 13 38
0 5 6
12 15 16
4 6 22
3 6 28
4 8 13
1 4 6
8 11 4
11 13 22
4 8 32
14 18 14
0 4 21
8 10 23
7 10 26
2 5 25
16 20 39
6 9 27
2 6 24
16 17 30
8 12 1
7 10 35
14 16 39
19 23 18
17 20 2
7 8 18
2 5 29
17 20 23
17 20 13
14 17 20
15 18 34
16 18 4
18 22 12
23 1 30
18 21 35
10 13 5
10 14 33
8 11 27
20 0 15
3 7 20
11 13 18
7 9 14
19 21 3
5 7 15
1 2 24
6 9 15
9 13 28
4 6 39
11 15 34
9 12 16
6 8 4
21 1 22
5 7 39
22 1 27
0 2 15
13 17 29
6 10 23
1 4 4
8 11 31
20 23 38
18 19 23
20 23 21
6 11 24
14 19 22
12 16 8
17 21 33
12 16 36
3 7 31
4 9 12
4 6 19
13 16 33
4 7 19
5 8 22
22 1 27
7 11 10
17 20 11
18 22 14
6 9 5
20 1 26
17 21 24
10 13 29
22 2 22
9 12 22
14 16 27
17 21 22
9 12 21
2 7 20
18 22 20
3 5 9
1 7 1
17 20 39
4 7 14
2 6 30
7 12 35
10 14 6
16 19 16
22 1 3
11 14 22
2 7 26
16 17 14
20 20 29
9 12 24
5 7 29
18 21 34
17 18 24
7 11 21
10 12 31
10 13 30
18 20 35
3 5 30
0 3 34
18 21 33
10 13 19
1 6 21
3 4 30
7 9 36
8 12 8
16 18 39
18 22 21
8 10 17
2 7 15
23 2 28
5 8 21
21 0 30
16 21 7
20 23 29
3 6 6
17 20 34
3 7 23
0 3 22
15 18 25
9 10 29
19 21 6
16 19 7
9 11 12
8 12 18
12 15 38
16 18 36
18 21 32
7 11 6
2 4 12
11 13 12
5 7 8
22 1 31
4 6 21
5 7 8
23 0 9
8 12 17
7 9 39
19 20 18
1 5 30
8 11 22
13 17 6
6 10 38
15 20 32
18 21 37
3 8 12
11 15 21
2 4 22
16 19 22
6 10 24
1 4 38
3 6 8
1 4 3
10 13 24
9 14 28
2 5 1
18 20 36
9 12 31
1 3 39
17 22 25
21 0 25
8 11 3
14 16 36
11 14 11
5 7 4
10 14 18
22 0 14
13 15 16
8 10 17
13 18 7
21 23 26
15 19 21
1 2 24
2 5 17
11 15 7
1 4 23
7 12 39
12 15 16
4 6 1
9 12 24
7 10 27
16 19 33
2 5 17
14 17 21
10 13 23
1 6 26
7 10 27
9 13 18
9 12 5
13 18 34
6 11 21
4 8 2
19 21 23
4 8 13
20 23 6
18 21 26
23 0 20
2 5 6
18 20 12
8 13 25
3 5 31
8 9 22
23 3 5
11 14 3
23 2 18
7 9 7
3 7 24
21 23 28
18 22 19
21 23 32
11 14 13
14 18 1
13 15 5
4 6 20
1 3 32
22 0 24
17 21 24
12 16 10
14 17 33
8 12 5
12 14 21
22 0 23
0 2 35
21 1 19
9 13 15
21 1 30
9 13 30
15 18 12
2 5 32
22 2 26
0 3 23
4 6 24
16 19 33
4 8 17
23 0 5
0 2 23
12 17 27
7 10 1
20 1 26
13 17 34
12 15 38
17 20 13
6 10 19
15 19 19
6 9 22
12 14 7
21 23 20
19 0 25
15 18 23
2 5 35
16 17 3
4 6 16
21 2 3
21 0 29
5 10 9
14 16 4
20 22 15
2 5 8
9 14 16
0 3 29
22 0 31
15 18 39
16 20 14
6 7 25
8 13 15
3 5 3
6 8 28
13 17 29
12 15 28
1 5 1
4 7 35
16 20 21
4 8 27
10 12 25
2 6 35
19 22 27
21 23 30
16 19 9
11 16 11
5 9 22
0 3 35
21 1 30
23 1 7
0 4 29
5 8 36
4 8 26
7 10 21
13 14 11
1 3 20
0 3 39
18 23 5
1 3 22
20 0 8
11 14 4
23 0 35
1 4 8
17 20 5
8 11 4
12 15 35
16 20 10
4 7 13
13 15 26
5 8 8
17 21 4
19 23 35
13 15 2
20 0 9
7 9 19
2 5 25
6 9 18
7 10 19
17 21 16
7 10 21
14 18 13
5 9 21
2 5 9
10 12 30
18 21 9
2 5 9
21 21 12
14 16 35
1 3 11
1 4 15
5 7 24
3 5 22
1 4 15
15 19 1
9 13 9
14 17 23
18 20 30
0 3 21
9 13 13
2 5 21
19 21 11
9 13 34
8 10 20
1 4 2
21 23 28
1 3 31
16 20 27
16 19 4
13 17 37
14 17 16
1 4 27
9 13 5
20 0 3
2 5 23
12 14 3
6 10 31
3 5 2
13 13 5
19 20 2
3 7 29
2 5 39
9 13 6
5 9 19
14 18 37
11 14 16
22 2 8
7 10 35
2 6 15
7 10 19
3 4 5
15 18 39
10 13 39
11 14 31
11 14 1
20 0 1
2 5 35
17 19 26
21 1 17
14 17 3
5 6 28
22 3 29
14 15 32
0 5 23
1 5 13
1 3 21
0 3 4
21 23 9
11 15 36
4 6 24
7 10 12
17 18 7
1 6 30
19 23 18
4 7 17
17 19 34
17 20 3
1 2 28
21 23 11
2 4 5
16 18 29
7 9 26
22 0 22
5 8 33
7 10 6
3 7 16
23 3 34
3 6 37
8 12 21
14 18 37
19 23 8
10 14 9
23 3 15
11 14 39
2 6 31
0 3 19
22 0 13
23 2 27
8 12 17
21 23 18
3 7 32
14 17 34
16 21 37
0 3 2
20 22 25
17 21 25
16 20 7
2 4 18
19 21 27
20 0 1
14 18 15
4 8 17
21 0 4
14 17 14
18 21 30
8 10 17
4 8 7
4 8 36
14 17 18
17 21 25
12 17 14
12 13 6
13 15 5
9 13 9
16 20 14
22 23 31
2 4 13
8 12 17
6 8 28
4 6 34
12 16 10
5 9 35
6 11 31
7 9 37
20 22 31
15 16 23
10 13 15
20 22 33
23 2 15
4 7 19
6 9 27
3 6 23
3 8 27
10 13 32
23 2 20
9 13 5
22 1 10
14 18 15
9 12 39
7 9 37
3 4 2
3 5 7
12 13 11
0 4 35
8 11 1
11 14 25
10 13 24
2 4 25
8 10 22
20 23 25
1 5 15
16 19 10
13 15 30
21 23 31
5 8 25
5 8 38
16 19 19
10 12 16
17 20 26
22 2 13
4 7 37
21 2 4
16 20 26
1 4 34
13 15 37
23 2 13
17 20 35
5 9 22
14 16 9
21 1 1
8 11 4
20 23 39
12 15 9
3 5 10
7 10 16
2 5 18
21 22 15
20 23 5
11 14 13
0 3 31
15 18 31
14 18 19
0 4 23
23 3 29
14 16 34
21 1 7
11 14 35
22 0 30
0 4 15
22 0 14
11 14 35
11 14 19
5 10 4
20 23 19
23 4 4
23 1 5
11 13 12
6 9 14
21 0 28
4 8 12
5 9 12
23 2 13
17 21 7
2 4 24
4 10 9
2 3 10
18 22 14
20 23 25
20 23 15
5 9 31
2 3 13
20 23 22
1 3 22
9 11 11
9 10 34
14 17 38
19 21 16
9 10 12
10 13 4
18 21 16
21 0 13
15 19 28
20 22 5
20 23 39
9 13 3
7 9 3
21 23 16
18 20 35
2 5 5
12 16 10
8 11 3
7 8 15
16 19 1
19 21 21
16 19 32
9 10 14
21 22 29
7 10 30
7 11 5
21 1 25
16 20 19
20 0 23
17 21 14
2 5 21
6 11 35
19 23 26
2 4 15
22 0 16
2 6 12
1 4 9
1 5 19
3 5 21
15 18 38
4 7 26
8 12 4
5 9 25
16 18 21
10 13 18
21 0 1
12 16 2
21 0 4
19 21 9
22 23 9
5 7 10
8 9 34
7 10 21
23 0 6
1 2 8
2 5 16
18 22 6
4 8 17
21 0 26
12 15 22
23 1 25
4 7 9
20 23 15
16 19 11
6 9 16
12 16 14
12 15 33
19 21 35
6 9 35
0 3 17
16 21 16
13 16 29
13 19 17
12 14 10
16 17 5
4 7 34
4 7 9
0 3 1
2 5 11
20 23 36
16 18 8
9 13 16
23 3 32
18 21 39
7 11 7
11 13 31
19 21 39
14 17 15
1 2 34
10 14 19
18 19 30
13 18 14
16 20 5
2 4 19
17 19 30
18 22 13
1 5 30
8 11 16
7 11 12
2 5 27
16 18 39
6 11 20
3 4 28
15 18 16
6 9 13
20 0 18
7 12 37
13 17 11
20 23 14
21 22 3
4 7 11
19 22 10
22 2 4
0 1 15
7 10 10
6 8 5
17 18 23
11 14 19
4 7 16
5 10 39
8 11 23
7 11 17
12 15 24
1 6 35
21 1 1
5 8 21
17 20 26
0 4 5
19 23 7
19 22 11
3 5 25
23 2 37
12 15 26
2 5 27
17 20 36
19 0 2
19 23 25
0 3 34
13 15 35
19 22 12
3 6 33
12 15 8
8 13 12
11 13 39
1 4 27
6 9 34
22 1 20
22 2 34
1 2 16
21 0 38
3 7 36
15 17 28
19 22 14
8 12 5
23 2 7
19 21 18
16 19 36
0 4 22
12 16 36
18 21 5
21 0 3
12 14 15
17 20 39
20 22 9
14 17 7
9 12 24
8 11 38
21 2 9
4 7 35
15 19 7
9 11 18
12 15 25
0 2 2
17 19 24
23 3 30
22 2 36
5 7 22
1 4 19
18 19 30
16 19 3
13 16 1
21 1 32
8 11 27
3 7 36
21 0 37
2 6 25
14 17 33
15 17 29
15 17 18
0 3 31
7 9 29
12 14 15
9 13 32
9 12 18
9 11 6
15 19 1
7 10 29
17 20 38
13 16 28
12 15 8
17 19 5
21 22 3
4 7 24
12 15 4
9 12 37
22 2 39
6 10 30
20 0 17
17 20 24
5 9 13
22 1 10
0 2 23
21 23 28
23 2 28
11 13 17
21 0 16
5 7 31
14 18 8
5 9 23
0 3 35
16 20 8
3 8 11
8 11 3
12 16 4
22 0 36
5 9 30
23 2 20
9 11 37
9 12 15
13 17 28
18 20 35
23 0 4
11 12 19
22 0 23
1 5 29
0 3 5
7 11 28
13 15 10
0 1 24
5 7 7
13 16 26
21 0 29
3 6 20
22 1 5
5 7 4
14 17 33
22 1 35
3 6 13
3 5 32
11 15 39
9 12 39
4 8 9
20 1 35
21 2 34
22 1 27
23 1 6
6 8 38
7 10 6
5 7 11
13 15 1
21 0 24
1 5 35
16 18 28
19 22 29
0 4 31
1 3 8
16 19 14
17 21 19
6 8 37
6 9 36
20 23 33
19 22 6
15 17 27
9 11 10
20 1 23
20 23 29
23 0 33
3 6 39
20 22 39
8 12 28
17 20 26
12 15 6
7 11 28
20 22 4
1 3 37
14 18 20
5 9 34
17 20 1
8 12 22
15 18 27
18 21 35
13 16 30
14 17 16
23 2 28
6 8 36
13 16 33
2 5 36
23 3 36
15 18 12
21 0 6
12 15 3
16 17 9
3 6 36
16 17 1
8 10 7
23 0 16
17 22 2
23 3 26
1 3 27
19 23 26
10 14 36
23 2 34
13 16 33
23 2 36
11 14 5
4 7 17
19 21 38
11 15 30
21 23 12
1 4 31
17 21 36
6 9 11
6 9 35
22 0 30
11 14 36
19 22 12
5 7 36
15 18 25
2 5 6
9 13 26
13 16 13
2 6 2
23 0 5
5 8 13
9 13 14
23 3 34
12 15 20
16 18 6
3 7 14
19 21 37
8 10 13
9 13 14
16 20 31
16 19 12
15 18 6
5 6 14
19 20 28
20 23 23
8 11 6
4 6 2
16 18 12
16 19 31
9 14 9
0 3 13
6 7 5
8 9 23
8 10 28
21 23 39
0 3 8
9 12 6
9 14 13
11 14 9
12 14 9
6 8 37
0 5 16
0 5 30
0 4 33
0 3 13
14 18 18
2 4 33
18 21 31
23 3 37
17 20 28
10 13 31
20 23 15
15 20 8
6 8 15
3 6 23
9 11 33
8 11 11
8 12 19
0 3 33
18 19 2
23 2 5
12 15 10
6 7 29
14 16 29
20 23 12
2 5 6
12 16 37
2 4 1
23 3 19
20 23 11
11 14 12
13 16 35
0 5 12
14 17 30
13 15 15
9 11 34
11 12 21
16 21 39
3 8 39
1 5 13
16 19 34
6 7 18
1 3 29
9 13 19
7 9 23
10 15 13
5 7 39
13 15 21
11 15 20
0 3 31
14 16 5
14 17 12
6 9 11
3 5 15
11 12 34
2 4 28
17 21 33
10 14 29
8 11 1
21 1 20
19 21 39
10 12 29
13 14 5
3 6 18
9 13 13
7 10 19
17 21 17
23 2 17
6 8 1
7 9 1
6 10 13
8 9 17
19 21 35
12 14 21
23 2 30
13 16 13
14 17 19
11 15 15
4 8 28
7 11 15
22 0 7
1 4 11
1 2 25
1 5 35
0 4 30
0 2 8
1 5 11
20 0 17
19 22 35
15 18 36
10 12 12
17 19 20
19 23 20
8 11 18
4 8 30
7 10 36
16 18 8
16 19 32
4 8 16
0 4 16
0 1 10
11 14 18
3 7 14
20 0 1
12 14 1
14 16 15
2 5 29
16 19 3
2 5 34
9 13 15
16 21 25
21 0 7
15 18 13
21 0 10
15 17 20
20 0 15
6 9 22
13 16 30
1 3 39
1 4 35
7 10 24
19 21 21
11 13 24
17 17 8
6 9 29
22 2 6
9 12 34
10 13 30
20 0 16
7 11 37
10 13 18
16 19 4
0 2 23
9 13 32
6 9 23
20 0 23
22 1 2
5 7 9
23 2 26
8 10 9
21 23 12
7 10 17
16 18 24
4 6 17
20 22 20
17 19 36
15 18 22
21 1 6
19 21 19
11 14 15
19 0 35
0 4 6
13 17 9
20 22 8
17 20 13
18 20 25
22 1 31
1 5 21
22 1 23
19 0 39
8 12 26
4 7 2
22 1 2
18 21 25
15 20 23
22 0 25
17 20 5
10 14 36
21 0 7
13 16 33
15 19 8
21 2 29
10 13 36
11 13 6
12 17 16
6 10 22
4 7 29
6 8 7
9 13 39
6 9 16
11 16 3
7 10 2
20 23 12
7 10 39
17 20 9
20 0 36
1 5 36
16 20 12
20 23 15
5 7 29
13 16 29
8 12 19
19 1 12
3 6 21
6 8 22
6 10 37
19 21 11
9 12 11
5 8 37
0 3 11
15 17 10
9 12 20
6 8 4
13 17 28
11 14 17
7 9 20
9 10 3
1 5 30
19 21 38
1 5 11
21 23 22
8 9 5
8 12 21
12 15 35
10 12 14
4 6 35
2 5 27
22 1 19
10 13 5
19 21 22
17 20 24
15 19 17
5 8 17
10 14 20
13 15 30
16 17 36
6 7 15
16 17 37
0 2 39
11 12 7
11 14 30
3 5 10
1 5 18
7 11 37
4 7 12
12 15 21
22 1 3
9 12 30
12 17 39
9 11 1
19 22 1
0 2 15
23 0 26
9 11 28
11 12 28
13 15 39
7 10 34
8 12 2
20 23 35
8 11 7
21 0 14
14 18 16
2 6 36
23 0 22
14 18 17
11 14 25
9 9 25
2 4 3
15 16 7
7 11 5
3 5 6
1 4 26
22 1 8
12 15 22
9 13 26
17 20 20
14 17 15
21 1 5
6 10 37
17 19 2
2 6 33
21 23 27
6 11 39
16 20 38
13 16 14
23 0 32
19 21 36
5 8 2
0 2 23
16 18 21
2 5 8
7 9 23
19 21 37
5 8 26
23 1 7
1 2 3
15 17 11
12 15 28
12 14 34
16 19 33
23 3 10
21 1 1
11 15 29
8 12 38
8 11 37
17 19 36
12 15 22
6 9 31
5 8 38
10 14 34
15 19 23
18 21 10
12 17 24
2 6 38
2 4 31
2 5 9
10 14 8
18 22 31
0 2 31
13 16 25
14 18 34
23 1 29
14 18 1
0 2 34
21 0 28
0 3 34
15 17 26
5 7 11
0 2 2
2 5 26
12 14 29
11 15 3
0 3 30
5 7 20
16 18 15
22 0 20
3 6 1
1 3 36
23 23 17
23 0 10
0 4 29
10 13 25
9 12 22
9 12 32
19 20 11
18 20 6
18 21 38
22 2 15
5 9 33
5 7 24
22 2 12
12 14 8
2 6 9
1 4 15
14 17 8
12 14 36
11 16 3
17 20 6
6 9 21
16 18 14
10 13 26
17 19 28
3 6 30
21 22 29
14 18 23
10 13 17
23 3 35
7 10 27
1 5 4
8 11 35
4 8 20
2 6 10
13 16 20
3 7 38
23 1 37
5 8 3
23 2 26
21 2 34
15 19 3
5 9 37
4 7 7
15 17 11
22 1 7
3 6 3
20 23 11
15 19 23
21 0 38
19 0 30
1 5 21
11 13 37
22 1 4
21 1 7
12 16 10
1 4 39
22 1 7
7 10 1
18 20 27
15 18 17
15 17 17
2 5 16
4 8 25
22 1 6
13 17 38
10 12 33
2 5 2
18 20 38
21 23 33
9 11 30
18 22 6
7 10 10
23 0 32
12 15 33
10 14 22
6 6 13
1 3 32
22 1 27
20 22 1
5 9 14
18 20 17
12 15 7
19 22 31
19 21 7
22 3 17
10 13 28
3 6 34
2 6 15
15 18 33
16 19 20
19 22 24
2 5 38
18 20 33
2 6 24
8 12 10
16 18 37
5 7 20
8 10 33
22 1 19
5 8 32
9 13 33
6 9 11
0 2 21
17 20 37
2 3 9
3 5 10
20 22 31
1 4 35
23 3 37
3 7 19
2 5 1
2 4 34
8 10 9
3 6 11
17 19 21
4 7 27
11 12 12
10 16 7
7 10 17
1 4 30
22 1 20
17 19 39
6 9 38
3 4 30
11 13 1
8 11 36
11 14 17
11 14 27
22 1 3
9 12 4
16 19 9
0 3 39
2 5 26
10 13 33
0 3 23
19 0 22
6 7 22
20 23 9
7 10 8
2 6 20
20 22 31
4 7 6
18 22 34
14 18 19
9 12 32
10 15 6
21 0 4
21 23 31
11 12 15
21 23 25
16 18 34
3 6 35
22 2 37
14 19 37
17 18 13
17 21 8
7 10 28
5 9 21
18 22 9
20 0 21
10 13 25
21 23 34
20 23 19
10 13 19
13 16 26
22 1 3
18 20 14
17 19 27
2 5 35
7 10 28
5 7 39
20 23 26
20 23 28
16 18 29
6 8 4
21 0 23
10 15 37
14 18 11
15 19 20
5 6 27
4 6 22
3 6 39
9 12 30
21 1 11
1 4 26
3 7 35
18 22 26
1 4 34
3 7 1
13 16 30
6 8 3
10 11 38
12 15 1
12 16 3
16 18 15
1 6 38
17 19 17
23 3 33
13 15 4
5 8 16
20 22 11
3 8 2
18 20 3
3 9 5
9 11 6
14 17 30
21 2 22
14 17 10
2 6 23
11 13 29
16 21 7
6 9 24
4 6 3
2 4 23
14 18 29
18 19 30
2 4 5
22 2 5
11 16 34
21 23 35
17 18 25
10 13 29
19 22 17
8 11 25
23 3 22
9 12 11
12 15 36
22 1 2
9 12 10
11 14 25
1 3 39
6 8 14
7 11 23
14 17 7
5 8 21
12 14 32
2 4 30
5 9 15
13 14 12
10 14 11
12 14 14
18 22 33
8 12 32
23 2 25
13 17 3
9 11 1
4 7 11
22 0 27
6 9 25
17 22 38
1 6 27
5 7 8
15 16 19
1 5 38
9 13 11
2 5 39
7 10 39
1 4 34
13 15 33
21 23 2
10 11 17
9 11 32
7 10 19
18 21 5
8 10 14
20 22 26
10 12 17
19 20 7
3 5 26
23 5 26
3 6 34
11 15 13
12 14 9
21 23 28
22 2 33
1 3 12
8 11 12
8 11 26
11 14 17
22 2 26
2 5 27
3 6 28
18 22 29
18 22 24
12 15 36
19 22 38
22 2 2
1 4 35
21 0 23
11 12 28
16 20 24
6 10 2
8 10 1
21 23 34
22 2 8
9 13 13
17 19 22
10 13 18
20 0 12
1 3 20
13 14 25
2 6 34
2 5 36
6 8 17
14 16 28
9 12 31
12 15 17
19 0 23
7 8 21
0 3 35
5 7 5
19 20 32
18 21 5
2 7 5
5 8 8
9 12 37
9 12 26
10 12 14
17 21 14
4 10 28
10 14 18
19 22 34
13 17 1
18 20 34
7 10 12
11 15 13
5 8 39
16 18 33
20 23 26
16 18 6
6 10 27
21 1 8
17 22 9
8 10 17
21 0 4
4 7 4
17 20 32
14 18 33
17 19 2
3 6 28
3 5 38
10 14 29
15 19 16
15 18 19
1 5 33
2 5 13
18 21 5
17 20 16
16 21 10
10 12 14
9 13 1
0 3 26
6 10 33
8 14 4
7 10 24
21 0 26
10 12 6
10 13 17
0 3 20
17 19 23
12 14 33
11 16 8
18 19 9
12 14 16
2 5 2
16 18 27
10 12 24
14 17 29
23 1 7
5 6 39
0 3 30
9 13 25
18 21 18
20 23 36
12 14 21
6 9 16
10 13 37
13 16 17
1 3 16
8 11 31
17 21 32
20 23 39
14 18 35
1 3 10
7 12 24
6 10 36
10 15 13
22 2 25
15 20 36
0 3 27
22 0 21
4 7 16
9 11 36
17 17 6
19 22 7
5 8 37
4 7 30
23 1 3
20 2 27
2 4 35
0 2 1
16 18 33
8 9 6
2 8 36
6 11 15
5 8 32
22 1 17
7 10 7
1 4 24
10 12 16
1 4 15
23 3 12
21 2 19
15 19 27
12 16 39
15 17 19
