3000 24
21 12 7 8 18 7 18 12 16 24 11 6 9 11 17 10 8 13 4 12 7 2 13 2 
6 10 11
9 12 20
22 2 3
5 8 5
0 4 17
16 18 13
6 8 3
10 13 3
2 8 10
7 11 6
4 7 18
3 8 15
16 18 16
20 0 16
2 6 5
10 13 10
23 4 4
3 4 14
10 13 20
3 7 8
5 9 22
8 13 24
22 1 17
22 1 17
0 2 1
20 23 15
17 20 18
20 1 23
13 17 22
15 18 3
7 11 4
8 10 22
20 1 23
5 8 18
23 3 7
8 11 15
9 15 5
23 1 22
17 20 11
19 21 5
2 6 10
21 1 13
3 6 23
12 15 11
9 14 23
11 13 2
5 6 13
5 7 4
22 2 15
11 15 23
14 17 5
16 18 17
22 2 4
4 6 13
0 4 11
0 2 9
11 14 17
20 23 8
13 15 21
3 7 21
9 10 23
8 12 10
14 17 19
3 6 17
10 12 6
11 16 2
13 17 8
8 11 5
13 16 22
10 15 14
17 20 19
13 17 13
11 15 24
23 1 13
13 16 14
5 8 4
9 14 7
2 3 24
14 17 11
6 8 4
5 8 7
15 20 9
11 14 10
8 9 13
3 6 24
1 4 24
7 11 2
10 13 2
16 18 5
11 15 21
3 4 5
21 0 16
2 6 3
9 12 6
5 8 24
21 0 10
11 14 13
12 14 18
10 13 19
1 4 17
9 13 9
10 12 2
18 22 18
22 2 18
20 0 12
20 0 16
10 12 4
18 21 8
19 22 8
19 21 15
4 8 3
14 17 3
11 15 7
14 17 15
22 0 1
6 9 3
16 23 6
1 5 12
6 11 6
23 2 19
14 16 6
5 7 20
10 11 2
15 19 17
19 22 2
7 10 5
9 11 17
6 10 5
18 23 10
23 2 14
10 12 4
16 19 21
7 11 9
10 14 3
5 8 22
14 16 4
13 15 21
4 8 2
0 1 20
2 4 19
19 21 18
17 20 18
18 21 1
13 16 3
2 4 5
13 17 6
4 6 4
12 16 19
11 14 17
22 1 21
16 20 9
1 5 11
11 13 8
9 11 5
1 3 12
12 16 7
17 19 3
18 21 6
6 10 18
7 10 23
18 23 16
1 3 11
11 14 23
20 1 20
0 2 15
2 3 8
22 2 7
0 1 18
18 20 15
10 13 15
2 5 16
11 14 24
20 23 18
13 14 1
4 8 13
22 1 14
14 18 2
17 18 24
22 1 20
14 16 12
4 6 4
8 13 12
13 17 21
12 15 22
0 5 12
16 18 15
23 1 6
9 11 16
6 9 9
15 19 23
4 7 16
2 5 3
8 11 12
6 9 8
20 22 18
6 8 22
15 17 1
10 12 10
15 17 9
23 2 12
7 8 15
2 4 20
16 19 7
1 4 10
14 18 3
12 15 19
22 2 9
22 1 2
15 17 21
12 14 16
8 13 20
23 2 24
4 7 14
21 0 16
10 14 20
7 9 9
19 22 11
17 21 4
16 19 17
23 2 11
11 13 23
12 14 9
20 23 24
13 17 19
10 13 13
13 18 20
3 4 24
17 20 16
2 5 14
20 21 11
23 2 20
20 23 23
16 18 19
18 20 15
11 13 10
16 19 13
19 21 11
16 20 23
13 18 17
13 16 24
23 2 2
5 5 10
18 21 10
15 18 11
3 7 4
6 8 24
23 2 18
13 16 1
13 15 1
3 5 21
9 11 7
5 9 22
11 14 24
15 17 6
3 4 11
2 7 3
5 7 24
12 14 16
2 4 12
20 23 22
0 4 16
17 21 23
6 9 5
10 13 2
19 22 8
8 11 4
4 7 4
13 14 24
2 6 10
10 12 1
18 21 19
10 12 13
14 17 2
3 5 21
13 17 4
14 17 8
10 12 21
2 6 10
14 15 9
15 17 24
9 12 24
1 4 12
5 7 9
1 6 2
17 20 14
22 2 20
9 12 8
15 17 23
12 16 2
16 18 24
20 22 15
8 11 17
5 9 1
11 13 13
11 16 16
8 12 17
22 3 20
7 13 24
15 18 10
15 18 15
3 8 5
0 3 14
21 22 11
18 21 11
11 14 4
2 4 11
21 0 1
0 5 4
17 22 19
14 17 5
2 4 10
7 10 3
9 11 6
3 5 4
17 19 7
20 0 11
14 17 13
13 15 9
7 7 9
2 6 1
17 20 13
1 5 13
18 21 10
3 7 24
21 23 12
22 2 14
8 10 19
14 15 11
9 13 13
22 0 11
1 4 19
7 9 15
22 2 13
12 16 1
6 10 20
5 7 11
1 3 16
1 4 19
0 3 2
17 21 22
14 16 20
4 8 2
13 18 3
4 7 6
5 8 21
23 2 17
14 18 18
3 6 12
8 12 12
3 4 4
4 6 18
17 19 6
22 1 12
12 15 19
0 5 24
17 20 5
17 19 14
6 12 5
10 14 24
11 16 7
21 1 20
20 0 19
21 0 16
17 21 20
21 0 21
9 12 19
19 22 11
19 21 9
2 5 9
17 22 3
9 11 2
3 6 20
22 1 6
8 10 5
12 16 19
9 13 9
14 16 22
6 9 19
23 1 22
22 23 22
5 9 2
15 19 7
4 7 22
18 20 23
11 12 21
1 4 2
6 10 7
8 9 22
2 5 1
7 13 7
10 13 23
16 18 11
4 8 8
20 23 6
8 12 19
16 18 8
23 3 15
13 15 20
18 19 7
18 21 16
18 23 18
0 1 20
20 23 13
14 16 4
16 20 16
13 16 17
6 9 9
15 19 2
4 6 1
23 1 2
0 3 13
14 17 15
4 6 16
6 9 23
6 9 15
11 14 3
16 21 8
15 17 14
17 19 22
22 2 22
5 8 19
6 10 17
12 16 2
7 11 13
13 17 15
21 0 3
20 0 12
17 19 12
4 9 17
20 22 15
10 12 4
14 17 15
2 5 21
10 13 18
19 20 16
11 14 21
21 1 20
15 18 13
1 4 13
14 16 24
3 5 24
3 5 17
9 12 3
11 14 9
5 8 21
3 6 10
11 14 4
1 4 6
10 12 15
9 11 15
17 20 8
4 9 4
18 20 13
7 12 1
18 21 12
11 16 7
5 10 6
5 6 5
9 14 23
10 13 20
12 14 6
8 11 2
3 6 22
12 15 16
21 0 14
2 5 21
4 7 14
8 11 18
12 16 22
15 18 21
22 3 18
16 18 24
23 2 13
8 9 16
17 21 9
0 4 12
15 19 11
2 6 2
11 16 14
16 19 2
1 5 14
13 16 14
17 19 11
20 22 6
18 21 4
20 23 23
13 18 4
7 10 8
23 2 10
0 3 12
18 20 11
7 11 24
20 0 24
7 9 20
22 1 9
17 21 9
10 13 3
11 15 9
23 0 14
9 12 10
13 16 6
10 13 19
19 23 24
7 10 4
6 9 20
8 10 12
4 6 15
14 18 5
21 0 21
15 18 21
3 6 21
21 0 2
7 11 4
14 16 4
22 1 2
16 19 11
22 2 11
7 10 22
20 1 14
4 8 17
16 18 17
21 0 22
0 1 12
9 12 12
2 4 7
13 16 19
22 1 17
18 21 17
2 4 24
2 6 18
3 5 24
12 15 24
4 8 11
19 22 12
0 2 15
17 20 17
20 23 6
3 6 14
8 12 18
15 18 17
17 21 23
9 13 15
21 22 10
0 3 11
0 4 11
18 21 10
3 6 4
3 6 12
4 7 11
5 8 22
16 19 18
18 20 1
13 16 22
19 0 18
5 8 16
14 18 8
22 23 12
1 3 4
18 20 18
21 0 5
10 14 18
17 20 4
19 21 20
2 4 20
9 10 8
19 22 23
4 7 20
20 22 24
10 14 17
12 15 12
20 0 15
5 7 21
10 14 7
13 15 4
0 2 7
14 16 13
18 22 22
20 23 3
2 6 22
22 0 18
6 7 9
21 22 1
16 22 7
12 16 11
21 23 4
4 9 8
13 16 15
1 5 16
22 3 2
16 20 14
4 8 3
7 9 22
18 21 4
16 19 10
9 11 9
16 18 14
22 2 11
6 7 13
2 5 22
21 0 23
1 3 11
18 23 8
10 14 13
17 19 1
23 3 10
20 23 3
4 8 18
1 4 18
6 9 9
10 11 24
18 21 23
4 7 23
1 4 1
21 0 15
10 14 9
23 1 12
18 22 10
9 13 3
12 14 16
11 13 18
1 5 18
11 13 8
15 18 11
11 15 24
14 17 23
10 12 17
19 22 15
3 6 21
6 11 17
22 0 23
19 23 15
4 7 2
1 3 18
7 11 19
21 1 10
23 1 6
3 7 20
16 19 11
10 16 6
18 22 23
6 8 9
3 6 22
0 4 21
10 16 12
21 0 15
17 23 11
4 6 11
20 23 3
10 12 10
14 18 18
22 1 22
16 20 1
1 4 4
18 22 18
5 9 9
2 3 11
14 17 12
8 10 15
16 19 2
1 5 22
13 17 20
4 7 3
3 7 8
1 3 8
18 20 18
19 21 8
15 17 17
9 11 14
7 10 14
11 13 20
14 17 5
17 21 6
2 5 3
4 5 6
13 16 3
2 5 22
1 3 19
23 4 20
13 15 4
15 19 17
7 11 9
22 1 12
3 7 19
22 2 22
20 22 9
7 11 12
7 11 20
9 12 9
5 9 3
11 15 17
13 17 13
23 2 4
4 6 17
21 0 5
15 17 10
17 19 21
4 7 21
14 17 11
20 23 9
19 21 7
15 20 24
23 1 2
9 12 12
1 4 23
18 21 18
7 9 5
2 4 15
4 8 8
6 9 11
1 3 5
11 14 14
2 6 15
16 20 3
22 2 19
17 18 10
3 6 14
13 17 1
20 22 9
15 19 6
16 19 19
17 19 12
3 6 10
22 23 16
19 23 3
13 17 11
23 1 15
18 21 14
3 8 22
11 14 3
19 23 4
23 4 6
6 7 9
10 13 5
22 0 18
20 21 17
21 0 5
22 1 13
18 21 21
18 19 11
3 6 9
11 14 12
9 12 8
20 22 8
12 14 21
22 1 6
0 2 13
8 11 14
10 13 17
1 6 24
5 9 18
0 3 14
22 1 17
13 16 12
16 20 4
11 12 9
12 17 9
3 5 14
3 7 13
0 1 3
2 6 22
15 17 12
23 4 10
4 7 14
6 9 6
10 12 13
7 10 1
5 8 17
6 7 23
21 2 19
3 7 16
20 23 24
19 21 15
9 10 19
12 12 21
14 16 19
9 12 5
1 5 12
12 15 17
0 2 5
9 11 7
19 21 7
17 21 1
9 11 23
4 7 17
21 1 17
19 22 19
6 10 4
22 23 10
10 12 14
2 5 21
23 1 11
0 3 17
4 7 15
15 17 16
5 9 21
10 14 3
14 17 16
20 0 3
12 14 24
10 12 15
8 10 2
22 1 11
17 20 8
19 20 5
14 16 14
11 13 16
7 11 22
8 9 3
4 6 8
20 1 21
2 4 1
18 22 13
22 1 10
7 10 17
9 11 24
9 11 17
16 18 11
6 10 22
6 10 21
13 17 10
23 4 22
22 1 4
9 14 10
22 23 19
17 20 5
1 3 10
12 16 7
11 14 5
19 22 23
17 21 13
13 15 22
2 5 10
15 18 16
7 10 21
11 14 19
2 5 11
23 2 9
8 11 2
19 22 7
21 23 18
7 13 18
5 9 3
20 23 12
5 9 3
14 17 22
7 10 6
19 23 2
18 21 23
13 17 5
6 12 22
19 0 24
7 9 11
2 6 6
2 6 11
21 23 24
9 12 3
6 9 1
11 14 12
21 0 3
16 20 3
2 6 9
15 20 19
6 9 18
5 7 3
17 20 9
10 14 17
15 18 11
18 19 2
6 10 9
3 6 3
21 0 4
16 19 21
2 6 11
21 1 6
2 6 12
12 15 16
19 21 4
22 2 11
2 5 12
2 6 1
3 6 9
15 19 11
10 14 21
15 17 11
3 5 4
13 18 6
17 20 13
12 15 16
5 9 10
3 8 14
20 22 23
14 17 13
14 17 18
15 19 21
22 3 10
18 20 5
12 15 15
22 1 1
3 4 8
17 20 19
3 6 14
22 1 8
5 8 4
8 10 5
3 6 16
9 13 14
20 0 6
0 4 9
18 22 2
1 3 23
16 19 13
17 19 3
1 4 5
22 2 5
5 9 22
0 2 3
14 16 8
16 20 18
19 22 1
2 5 19
3 5 2
11 14 16
23 1 11
19 23 9
13 15 1
17 20 7
11 13 2
5 9 24
4 8 5
22 2 3
7 11 4
0 5 12
11 13 9
3 6 22
12 15 4
4 9 19
19 22 12
19 22 19
4 4 17
12 14 10
22 0 22
23 0 9
19 21 18
17 22 1
19 23 15
9 11 17
13 18 1
12 15 13
10 13 13
13 17 10
2 4 12
12 15 11
23 1 1
3 5 4
12 15 16
14 16 1
22 1 8
10 13 3
20 22 19
17 20 22
23 2 14
22 1 24
7 10 24
21 22 14
22 0 24
8 11 8
21 2 1
4 8 22
23 1 19
12 16 7
18 22 17
15 19 24
6 9 5
19 22 23
12 15 5
17 19 21
1 4 20
18 22 9
14 18 12
23 2 18
5 9 5
9 11 16
20 23 15
16 19 8
5 7 2
23 2 5
15 17 15
10 12 21
19 22 2
11 14 18
20 0 11
8 11 21
12 15 11
11 16 24
4 8 22
3 5 10
16 20 10
16 18 9
3 5 8
17 18 13
22 1 2
20 21 6
20 23 2
1 3 4
7 9 7
18 21 19
8 9 14
3 6 6
9 14 12
2 5 11
4 5 10
20 23 11
3 6 8
8 12 12
4 7 3
8 12 13
22 0 14
16 19 7
6 8 17
23 2 11
5 9 16
0 1 12
5 9 10
20 23 2
9 11 14
22 2 1
10 12 12
16 18 15
9 10 2
23 2 21
21 0 1
19 21 4
6 10 13
16 19 23
6 9 23
6 10 20
23 2 1
1 5 23
5 7 15
6 10 3
8 11 16
2 5 22
16 20 9
20 0 6
9 12 23
18 21 17
20 0 3
14 17 1
18 21 13
2 5 8
1 3 22
13 17 18
22 2 19
16 18 8
12 14 8
18 23 8
15 16 13
21 1 17
9 13 23
17 20 7
14 18 1
17 20 23
10 13 9
17 20 7
10 14 5
15 17 18
22 0 14
8 11 6
3 6 23
1 4 17
7 9 21
5 8 4
18 21 9
4 8 11
13 13 15
6 10 4
7 9 14
8 13 18
20 23 7
23 1 7
10 13 15
7 8 12
14 17 8
10 12 17
11 14 19
19 23 6
12 16 18
15 20 24
16 19 2
7 9 24
10 12 6
6 11 24
19 22 19
1 3 16
3 6 2
10 14 24
23 2 18
6 9 15
15 17 22
7 12 18
0 3 21
14 19 2
18 20 17
5 8 8
19 22 13
20 23 18
0 4 16
13 15 8
8 11 7
21 0 5
22 1 3
10 13 5
11 16 3
0 5 6
17 20 15
20 0 24
2 6 19
12 14 2
9 13 5
10 13 19
0 2 24
19 21 16
20 0 18
17 19 7
1 6 20
22 1 15
11 13 4
1 5 7
9 12 9
14 17 13
6 9 5
18 21 3
23 3 15
2 4 5
20 22 19
1 3 3
12 15 10
8 12 20
11 15 5
15 19 1
1 4 22
2 4 8
14 17 8
9 12 17
10 13 8
20 22 11
14 18 8
23 2 16
21 1 1
20 0 16
23 3 22
11 14 17
5 8 10
19 23 16
15 20 24
17 23 5
15 21 1
7 11 22
23 4 15
1 4 15
8 11 20
22 23 17
0 1 17
2 5 7
9 12 7
5 8 17
0 3 2
13 17 7
8 10 20
9 12 9
2 3 18
21 23 5
7 10 23
14 16 3
11 13 9
6 9 3
12 16 10
8 10 17
6 9 7
16 19 21
5 7 18
12 16 9
4 7 19
17 20 16
10 14 8
5 8 5
6 9 10
14 17 20
1 5 23
18 20 5
5 8 23
16 18 3
6 9 7
8 10 22
17 20 15
9 12 18
0 2 9
2 5 11
3 7 13
2 5 12
19 21 1
3 8 8
11 13 14
18 22 17
11 15 17
19 21 18
0 5 5
23 4 20
23 1 2
0 2 6
15 17 6
18 20 20
6 9 16
9 12 19
15 17 21
23 1 3
15 18 7
13 16 20
9 13 14
10 13 24
10 13 11
0 4 13
23 2 17
5 9 3
15 18 3
20 1 1
2 5 19
0 4 17
15 19 6
3 6 15
12 15 24
6 10 5
1 5 19
3 8 6
15 20 18
23 3 16
5 9 7
5 8 24
19 22 5
2 5 22
7 11 21
7 10 19
11 13 24
11 12 18
12 13 22
4 7 7
2 5 3
8 10 8
20 23 5
18 22 20
20 22 15
19 0 8
11 15 4
0 3 22
6 8 4
14 16 2
6 10 4
10 13 20
7 11 15
0 5 24
10 13 18
13 17 12
11 14 19
8 12 13
2 5 17
19 19 20
13 16 10
13 17 9
1 4 4
11 13 21
0 2 20
4 6 2
9 11 24
22 1 8
9 12 21
16 19 11
8 11 7
17 20 20
5 8 18
12 14 8
5 8 13
7 9 11
8 10 2
12 16 19
9 11 11
23 3 6
18 20 12
13 15 8
17 20 6
10 13 1
5 9 21
0 5 13
5 8 16
3 8 15
14 17 19
11 15 18
8 11 10
15 18 9
22 1 13
18 23 2
7 10 9
10 15 23
5 5 24
13 16 16
18 21 13
15 18 2
4 7 19
4 8 11
4 8 23
0 3 17
8 13 8
17 19 4
21 1 23
18 22 12
5 8 4
8 11 11
14 19 5
11 15 24
10 13 1
18 20 8
10 13 21
23 3 21
19 22 23
23 3 17
10 13 12
11 13 24
21 0 24
6 10 6
20 1 3
1 5 24
11 12 11
12 14 24
11 14 18
10 14 8
8 10 14
17 18 19
5 8 17
0 4 3
12 13 19
10 12 14
22 2 9
3 7 11
13 16 9
13 16 15
19 22 23
18 19 1
1 4 9
13 19 13
0 6 13
19 21 12
17 19 8
5 8 12
12 17 15
18 20 6
15 17 1
0 4 18
14 17 21
18 20 19
9 13 20
2 4 23
14 17 14
7 10 5
21 0 17
15 18 14
19 23 18
17 21 7
13 14 6
15 18 12
13 17 5
15 19 18
0 3 24
7 9 22
20 23 8
7 9 14
12 15 21
8 10 18
5 8 21
10 15 7
5 9 21
1 4 21
7 11 4
2 4 21
18 0 16
19 0 11
13 16 2
17 21 4
7 10 2
22 1 7
19 21 6
4 6 1
13 17 11
10 12 4
18 20 11
9 11 15
13 15 20
23 1 4
8 11 3
11 14 21
2 5 22
2 4 13
1 4 14
18 21 5
5 8 12
0 2 5
8 11 8
4 6 6
5 6 8
19 22 19
10 13 19
7 10 22
3 7 12
18 19 9
4 7 22
9 11 10
7 10 23
18 0 19
1 6 4
4 8 14
8 12 14
19 22 3
21 23 17
13 17 24
17 19 17
19 21 5
17 21 14
15 19 17
2 4 15
4 5 3
20 1 6
11 16 8
2 6 18
13 15 6
2 6 20
4 7 12
5 7 4
9 12 10
17 20 6
14 16 2
21 0 20
19 22 7
6 8 14
13 18 12
22 2 11
2 5 4
17 21 7
1 4 13
13 17 24
20 23 8
21 1 8
16 20 7
18 20 14
5 8 15
15 18 3
23 4 23
6 10 8
3 6 6
18 21 20
12 16 2
10 13 5
19 23 5
1 6 19
17 18 19
19 0 24
14 18 24
19 21 7
19 22 22
15 17 5
9 11 5
18 21 9
21 1 15
14 18 6
22 3 21
0 5 9
15 20 5
1 4 9
14 16 12
5 7 19
23 3 18
22 0 14
15 18 17
20 1 4
16 18 13
19 21 11
10 12 8
0 4 6
4 8 6
12 15 21
17 20 11
1 4 10
6 8 16
13 18 8
23 4 16
10 12 17
0 2 19
14 19 6
21 1 7
22 2 23
9 13 14
11 14 12
14 15 10
13 17 5
21 0 16
0 5 2
20 23 17
12 15 7
5 7 20
19 22 10
14 17 10
6 9 9
1 6 3
15 18 16
22 3 14
16 19 8
9 13 13
10 14 11
15 20 1
2 5 12
18 20 19
19 22 1
15 18 1
8 11 10
10 13 3
14 18 21
2 4 8
12 15 22
3 5 2
22 1 21
18 23 5
1 4 7
4 8 3
0 2 1
6 8 5
20 0 5
14 16 24
1 3 2
15 18 17
2 5 23
5 9 17
1 3 12
20 0 21
22 2 18
11 13 16
18 21 16
17 20 9
2 5 21
8 11 17
0 3 8
10 13 7
1 5 6
9 11 23
9 12 5
11 15 19
0 1 15
8 12 6
0 3 15
3 7 8
20 22 2
1 4 7
22 1 14
13 18 23
13 15 7
16 21 21
7 12 9
9 12 18
21 0 7
1 3 15
14 18 22
9 13 8
23 3 11
10 12 12
23 2 17
5 9 16
11 14 2
20 0 3
15 16 8
10 15 2
5 9 15
21 1 20
22 2 6
23 2 12
4 8 5
16 18 13
2 4 3
18 22 14
19 20 19
21 0 17
6 9 16
8 10 19
22 1 11
13 15 9
17 20 19
15 17 8
14 17 4
23 1 19
21 0 16
13 16 11
2 4 4
15 18 5
9 14 22
2 6 15
23 2 24
15 20 3
1 4 8
10 12 5
13 14 3
17 20 6
19 21 23
11 14 17
7 11 7
14 17 3
15 19 22
12 14 20
16 19 13
20 23 24
9 12 8
3 7 20
5 8 7
17 19 15
21 0 8
0 1 20
9 13 17
3 5 21
22 23 7
23 2 17
23 1 21
10 13 20
13 16 19
18 20 9
21 23 1
18 20 24
20 23 3
17 21 2
4 7 4
8 12 17
13 16 17
7 10 17
5 8 18
9 13 4
2 7 16
3 7 22
2 5 13
12 13 12
16 20 20
6 10 10
16 19 7
5 7 4
10 12 23
14 16 11
13 15 5
2 4 4
9 9 10
20 0 23
9 13 6
20 22 2
8 11 21
5 8 2
19 22 16
13 16 20
15 20 21
4 6 21
6 10 6
6 9 14
2 6 24
22 2 12
18 19 20
8 11 2
10 13 8
10 13 17
23 2 13
19 20 22
11 14 3
14 17 11
7 10 14
23 3 19
3 8 4
6 9 21
23 1 21
9 11 5
2 4 22
17 20 15
8 11 20
17 18 5
19 21 9
16 19 1
15 19 1
19 21 24
13 18 23
22 1 16
23 3 10
8 11 12
6 9 8
13 16 19
20 1 22
16 20 4
17 19 1
13 17 15
22 1 12
17 20 6
1 6 14
2 6 23
10 13 1
19 22 13
7 9 6
9 13 22
13 16 12
19 21 21
7 11 7
4 7 18
2 4 12
3 6 8
1 7 8
2 5 21
0 3 1
23 1 23
1 5 1
17 20 4
15 16 24
16 18 2
10 13 11
3 6 15
12 15 19
20 22 20
23 2 16
9 11 3
11 15 6
22 1 3
0 3 24
0 3 4
2 6 3
0 3 17
21 23 12
21 0 20
23 1 19
7 9 23
6 8 2
20 23 19
1 5 8
15 20 15
15 18 8
22 0 8
0 4 8
19 21 20
9 12 1
5 8 13
6 10 15
16 19 7
3 5 12
16 18 6
0 4 23
7 10 15
23 1 5
22 1 21
8 11 19
3 6 12
9 10 9
12 13 23
21 1 3
7 9 6
19 21 7
21 1 15
7 10 16
11 15 2
21 1 2
12 16 7
23 0 4
9 12 23
7 9 23
17 21 16
6 8 17
1 3 23
17 19 14
12 15 19
0 2 14
3 6 18
10 13 20
9 13 21
4 6 8
8 12 5
23 2 17
9 12 21
19 21 1
17 20 20
17 20 6
7 10 11
12 17 10
12 16 1
23 4 14
23 2 14
9 12 10
20 23 2
10 13 6
7 9 16
6 9 7
0 4 4
18 21 7
1 5 7
6 10 21
9 13 22
15 18 1
21 1 7
11 12 4
3 8 21
22 1 4
8 11 24
21 23 16
16 19 7
10 12 14
1 5 12
17 21 11
10 12 21
21 1 5
8 12 18
22 0 10
0 2 5
4 8 21
1 3 22
16 19 6
19 21 8
3 7 20
8 11 5
13 16 5
15 17 13
9 13 10
23 3 15
16 20 1
6 9 6
10 14 13
10 12 5
15 19 2
5 7 6
7 11 20
11 14 6
13 15 24
15 17 2
15 19 4
12 16 17
22 0 5
3 6 1
11 14 22
10 12 13
11 14 22
2 5 8
12 16 15
3 8 17
3 5 17
0 2 3
19 20 1
3 8 14
7 10 23
19 20 1
1 4 1
22 0 5
17 20 1
23 2 8
12 15 23
16 19 13
15 18 2
16 19 12
20 23 18
18 19 3
19 21 18
18 20 14
7 11 7
23 3 11
20 0 13
21 23 11
6 8 16
15 17 20
5 9 18
11 13 6
18 21 1
19 23 22
13 16 24
21 0 20
23 1 15
11 16 7
1 5 4
14 16 5
3 7 9
9 12 15
4 8 20
1 2 14
10 14 7
22 2 3
14 18 3
10 14 8
16 19 4
14 16 5
20 23 2
1 3 11
1 4 19
5 9 6
5 8 4
23 3 5
0 3 24
7 11 6
14 17 10
0 3 24
23 1 4
22 1 2
22 1 6
7 9 9
16 20 2
11 16 15
9 14 19
1 5 9
19 22 15
8 11 4
23 2 23
8 12 12
9 13 4
13 15 9
12 14 6
18 21 9
4 8 1
16 19 17
13 14 20
20 0 2
2 6 22
18 21 11
2 7 15
7 10 1
21 2 6
3 5 7
13 18 10
22 0 2
11 16 21
11 12 17
23 2 22
8 11 7
22 0 14
20 0 20
21 0 23
14 17 24
5 8 18
6 9 20
21 23 14
23 3 1
8 12 21
8 11 10
9 12 2
22 1 11
5 8 20
4 6 10
2 4 4
22 2 13
16 20 21
20 23 9
1 5 4
2 7 14
23 3 2
14 17 2
21 0 15
2 4 16
13 15 4
15 19 20
0 5 12
1 4 13
6 10 3
13 16 22
19 22 24
4 6 12
23 2 22
11 13 2
3 6 17
19 20 2
16 20 19
3 5 18
5 6 16
6 10 9
3 5 19
2 6 14
8 11 24
23 2 22
16 19 13
19 23 5
21 1 4
12 15 24
1 3 5
13 16 8
15 17 21
7 9 10
22 3 2
21 1 2
18 21 6
0 3 18
13 14 16
2 4 15
3 6 3
2 6 3
9 14 13
15 17 9
14 19 6
13 16 5
15 20 4
11 12 15
19 21 13
14 17 14
15 18 2
9 12 1
9 12 15
5 10 4
10 15 3
9 13 22
10 13 10
21 0 14
23 2 5
15 18 18
7 11 7
5 9 19
2 6 1
10 13 22
16 19 14
5 8 17
23 2 24
12 14 10
19 23 22
1 4 13
16 20 6
23 1 12
2 3 14
19 22 4
13 15 19
22 0 9
4 7 22
15 18 15
20 0 12
6 9 20
13 16 16
3 7 3
4 6 10
14 17 2
21 23 17
11 14 6
20 22 13
19 20 17
5 9 3
19 22 24
17 19 5
18 20 24
22 2 15
14 16 21
13 16 24
13 16 1
15 19 10
17 18 4
3 9 3
16 19 13
0 4 22
5 8 21
4 7 9
17 17 10
11 13 14
21 0 23
13 15 20
3 6 2
3 7 15
15 18 24
0 2 16
15 18 4
16 20 6
2 5 8
8 12 17
1 5 7
18 21 1
10 15 7
16 21 14
7 12 20
0 3 2
15 18 1
9 12 12
0 3 14
6 9 14
7 11 15
15 17 14
21 23 18
12 15 16
13 16 14
3 8 17
1 4 4
22 2 24
22 2 6
0 2 20
11 15 12
2 4 1
9 12 23
4 8 14
1 4 11
2 6 8
21 23 10
4 7 21
7 11 21
22 1 15
1 2 5
17 19 8
16 18 6
0 5 11
13 17 24
22 2 11
22 0 11
18 21 21
19 23 4
3 7 11
5 9 22
21 23 17
21 1 24
23 2 11
19 22 20
19 21 7
21 0 8
7 9 13
10 14 3
6 9 6
22 1 9
2 5 17
21 2 8
20 22 17
21 0 21
0 3 7
8 11 22
0 3 1
21 0 14
12 15 4
5 8 2
15 18 2
11 15 17
14 19 8
7 12 10
18 20 22
4 7 10
12 14 23
0 3 20
13 14 18
0 3 5
5 7 15
12 15 17
12 15 12
2 4 6
18 21 24
8 12 8
21 22 24
10 11 17
20 0 3
9 12 6
6 9 22
23 2 19
14 18 5
15 17 14
8 11 16
18 20 17
23 2 6
2 5 7
9 13 2
9 13 24
3 6 11
20 0 13
22 1 14
3 5 5
6 10 8
10 12 4
19 23 19
16 20 8
4 9 15
6 8 7
3 7 16
20 22 6
8 11 17
11 15 10
10 13 2
9 11 12
21 23 13
11 15 14
18 22 6
22 3 7
14 17 7
12 14 22
4 6 22
14 17 18
19 0 15
10 14 22
6 10 17
4 7 1
20 23 16
15 16 21
5 8 4
20 1 6
14 17 22
13 16 21
7 9 24
10 12 12
4 6 6
16 17 23
23 2 5
13 17 18
23 3 20
7 10 15
14 18 4
9 12 1
2 7 8
17 18 13
4 7 22
0 3 1
0 6 20
7 12 13
2 5 23
22 2 6
6 7 18
16 20 12
15 19 19
12 15 4
22 0 6
13 16 8
20 23 20
19 22 6
11 15 7
0 1 24
23 2 1
3 6 23
10 13 1
15 18 2
23 1 7
3 7 14
11 14 4
0 2 23
14 17 8
5 8 21
23 2 9
23 1 5
5 10 5
20 22 4
12 16 12
5 8 5
22 1 10
16 19 1
21 0 22
9 13 20
12 16 15
10 12 19
17 21 12
9 13 4
18 19 18
15 16 11
17 20 21
12 14 12
13 17 2
9 14 3
0 3 11
2 5 6
19 23 18
1 5 15
6 6 15
6 10 3
2 5 10
2 4 2
2 5 5
7 8 24
12 15 17
8 11 6
11 15 3
13 15 6
4 6 7
10 13 24
9 12 6
21 23 18
9 12 3
10 12 7
20 22 3
4 4 22
7 10 13
15 18 5
6 11 19
3 7 24
4 7 9
16 18 15
23 3 2
6 10 3
15 17 5
13 17 8
2 4 2
2 5 16
10 14 20
0 4 18
4 7 22
19 21 9
15 19 19
5 8 19
10 13 9
19 20 9
5 7 6
23 3 9
15 18 16
15 19 5
23 3 24
6 8 21
22 1 19
9 11 2
21 0 24
15 20 12
3 9 17
20 22 6
20 21 2
22 0 18
1 5 21
22 0 9
14 17 11
23 2 19
18 23 21
11 15 12
11 15 8
12 16 17
10 13 3
21 1 9
1 3 5
17 21 1
5 9 4
2 5 5
3 6 18
1 3 24
8 13 1
11 14 24
22 3 24
18 0 2
3 6 16
9 12 4
20 22 21
3 8 5
17 19 1
7 9 6
9 13 12
8 10 21
17 19 5
7 9 4
0 2 8
1 4 16
20 1 12
7 10 11
7 10 18
7 9 19
1 4 19
1 3 11
0 4 23
21 23 21
4 7 12
10 13 11
11 12 15
21 1 1
3 7 18
21 1 19
20 0 9
15 18 7
3 6 12
8 11 15
19 22 3
17 18 20
0 4 23
19 21 17
10 13 6
0 5 17
20 0 22
5 9 21
3 5 6
3 5 21
11 14 12
22 2 21
16 17 8
20 0 24
2 5 5
21 23 6
8 10 3
22 1 12
22 3 10
13 16 4
2 6 24
11 14 3
8 10 3
16 18 14
23 2 23
18 22 8
2 6 19
22 1 20
3 4 11
10 12 4
1 3 9
22 2 5
19 23 8
6 9 23
18 21 3
1 3 10
7 10 18
11 13 22
10 13 16
23 2 1
2 6 7
17 20 18
6 8 10
14 16 12
0 3 1
7 10 14
8 10 4
8 11 18
6 11 6
16 18 13
13 16 14
16 19 12
8 10 13
21 0 22
2 5 8
8 11 15
15 19 15
4 7 11
11 15 5
6 9 13
21 0 22
3 8 18
7 9 1
1 2 16
14 18 18
12 15 5
12 15 18
2 5 7
15 18 20
18 17 14
18 21 23
23 2 14
7 11 6
5 7 4
10 13 7
13 16 15
7 9 10
8 10 1
14 15 7
20 23 1
21 2 8
8 11 12
5 9 1
17 20 2
18 22 12
5 7 21
4 8 4
22 3 15
1 4 19
17 20 17
23 0 20
17 21 19
11 13 22
19 22 15
15 18 2
19 22 9
16 19 3
19 22 11
10 13 9
13 17 16
5 8 4
4 7 12
0 5 8
10 13 3
12 15 10
0 4 20
18 22 22
0 2 13
3 6 10
17 21 5
16 19 19
14 18 3
19 23 15
19 21 4
19 22 12
0 2 2
17 18 22
14 16 12
17 20 21
20 22 3
22 2 6
2 5 22
15 17 6
16 19 6
15 19 14
13 15 1
14 18 24
6 10 4
12 14 1
19 22 14
16 18 7
0 5 7
16 18 8
0 2 6
12 14 17
3 6 15
2 6 23
3 5 14
23 2 6
10 15 9
23 3 12
8 11 2
7 9 14
20 22 23
2 6 10
11 12 2
2 6 12
11 15 19
23 2 11
1 5 9
11 14 17
9 9 23
13 17 13
6 10 20
12 13 16
16 20 23
2 7 23
4 6 16
20 23 19
6 8 20
12 15 7
17 20 24
22 1 19
16 20 11
17 21 4
3 6 5
23 3 22
13 16 18
17 21 17
0 3 15
20 1 6
10 13 19
21 23 18
2 3 19
4 7 10
15 19 11
1 6 6
17 20 4
4 8 17
18 20 14
15 18 20
12 14 5
9 11 17
4 6 2
10 13 1
17 21 14
23 0 5
22 23 12
1 3 19
12 15 22
17 20 22
3 5 7
16 18 13
6 9 12
16 18 17
11 14 1
2 6 17
11 12 18
0 3 22
13 17 6
16 17 24
17 20 1
6 10 6
21 1 20
13 17 5
18 21 17
19 19 22
18 20 12
12 16 21
22 23 22
1 5 1
3 5 18
6 10 1
17 21 23
10 12 5
12 15 19
23 4 14
15 18 14
7 11 15
19 23 23
5 6 8
3 7 16
8 10 16
19 20 6
6 8 19
20 1 24
4 6 23
5 9 24
16 18 21
22 1 19
1 4 11
23 3 22
10 13 1
19 21 20
12 15 22
23 2 3
4 7 9
21 23 7
18 20 21
20 21 13
21 23 10
9 11 1
10 13 17
3 5 10
9 13 16
12 15 7
5 9 24
0 2 18
20 1 4
2 5 3
6 8 17
16 18 11
11 14 1
20 22 2
8 11 11
10 12 9
13 15 17
10 11 20
5 8 3
1 3 13
4 7 22
9 11 2
7 11 22
20 0 12
5 8 13
4 8 17
2 5 6
11 12 20
19 20 3
22 1 13
22 23 12
17 21 15
19 22 6
7 11 14
10 13 3
15 19 13
2 6 19
7 9 17
3 7 10
14 17 18
5 8 15
19 23 9
2 5 21
17 21 20
2 4 17
23 2 12
14 15 16
14 16 1
17 21 9
8 11 21
23 1 13
2 6 14
0 2 9
15 18 10
17 20 21
17 19 2
11 13 21
20 23 22
6 8 11
1 3 5
15 18 4
20 22 15
1 4 18
12 15 3
20 23 12
14 18 9
19 22 9
1 4 6
10 13 11
8 11 4
13 16 10
10 14 2
18 20 13
12 14 4
13 16 10
22 1 18
20 23 1
11 13 15
5 8 14
10 12 17
23 3 23
7 9 4
16 20 13
13 15 22
16 19 15
23 4 11
4 9 4
2 5 2
21 1 12
19 22 8
13 17 17
20 23 22
20 0 21
13 15 5
21 0 10
19 21 5
17 20 5
13 16 10
6 11 18
13 16 2
13 18 13
20 23 12
3 6 12
23 1 2
9 11 20
1 6 10
15 17 11
6 8 12
17 18 21
4 6 23
10 13 8
16 18 5
11 15 14
14 18 22
0 3 2
13 16 21
5 7 24
7 9 1
9 12 8
22 2 9
9 12 5
9 13 18
23 3 13
23 0 13
21 23 14
14 18 22
4 6 19
16 17 11
23 2 20
0 2 5
3 7 2
2 4 20
20 23 16
23 3 2
6 10 24
20 21 2
20 23 16
22 1 7
3 5 22
21 22 23
6 8 13
10 14 13
10 16 5
20 22 24
17 20 1
19 22 8
20 0 4
4 7 1
16 20 20
21 1 24
10 14 20
11 13 22
15 17 14
10 13 21
20 23 2
0 2 5
7 9 1
5 6 11
9 11 20
17 20 9
18 19 21
7 10 8
1 5 10
2 4 23
20 0 6
11 14 20
14 17 11
16 20 20
0 3 13
23 3 21
1 6 23
9 12 12
17 19 1
1 5 7
4 5 15
11 14 5
10 13 20
7 9 21
16 18 17
3 7 12
4 7 8
0 3 6
23 3 19
12 15 7
3 6 7
0 1 21
5 6 7
18 20 3
0 3 21
13 16 21
21 1 18
15 19 10
18 21 15
8 11 11
22 3 18
5 8 21
21 1 24
21 0 13
0 3 14
6 11 2
12 19 21
4 7 21
14 17 2
18 23 22
11 15 20
12 15 21
2 6 2
19 22 24
19 21 18
19 21 20
15 18 11
7 10 10
13 17 12
8 11 23
18 22 7
20 23 9
13 17 9
11 14 12
13 15 3
19 23 19
9 12 1
2 4 4
22 1 5
11 14 17
15 17 22
9 12 7
14 15 9
16 19 7
18 19 14
12 16 7
0 2 2
4 8 2
3 4 15
6 9 3
8 11 22
7 9 20
16 20 6
1 4 11
18 22 2
6 9 12
9 14 12
6 9 17
7 11 21
13 17 24
21 0 8
10 13 11
17 20 20
9 10 19
0 4 16
5 9 13
12 15 6
4 9 10
6 11 20
22 1 20
4 7 19
17 19 16
15 18 13
19 22 5
20 0 13
1 4 2
14 16 24
21 2 5
14 19 13
16 19 11
14 18 17
21 23 5
2 5 15
7 8 18
16 21 12
19 23 24
0 4 8
14 18 19
18 20 9
4 7 19
6 10 12
1 5 7
1 3 16
17 21 14
1 2 19
18 21 18
19 22 14
16 19 8
21 1 24
11 13 3
9 13 20
8 13 7
0 3 23
0 2 24
7 12 23
6 8 23
23 1 18
0 3 3
12 15 19
21 1 1
22 0 22
5 6 14
10 12 22
6 9 19
18 22 1
13 16 15
1 3 22
9 13 11
0 4 11
13 16 13
11 14 18
23 1 12
21 1 18
8 11 13
20 23 22
21 1 12
23 2 18
4 7 9
2 5 7
17 19 22
0 4 5
2 4 14
20 23 16
11 12 18
10 14 13
9 11 17
2 5 16
7 10 6
23 0 8
12 16 9
11 15 4
10 12 23
22 3 17
7 10 3
2 5 7
13 15 1
5 7 15
12 16 7
2 4 2
5 9 17
6 10 11
6 10 16
1 5 2
18 22 9
22 0 19
3 7 13
1 5 4
23 2 13
6 9 13
1 4 12
6 12 19
11 13 7
14 15 20
6 7 1
5 9 17
13 15 21
0 3 8
1 4 19
16 18 22
0 2 9
7 9 19
14 17 24
10 14 5
5 9 3
2 6 24
6 10 17
6 8 23
19 22 7
7 10 10
10 12 14
14 16 20
13 17 15
23 2 10
10 14 20
10 13 11
18 20 22
5 9 16
11 14 21
4 5 17
17 20 19
5 8 2
12 16 8
10 13 10
21 0 20
11 15 6
9 10 24
21 0 4
2 6 19
18 19 6
7 9 24
17 19 11
15 19 16
18 20 12
2 4 14
8 11 3
17 19 8
17 20 20
5 8 14
4 7 5
6 9 4
23 1 11
2 6 18
4 5 9
4 7 17
17 20 20
18 20 24
19 21 13
18 22 5
17 20 3
21 0 10
13 15 18
7 8 3
0 2 10
13 17 2
