8000 49
32 26 20 45 43 46 25 22 7 45 10 23 39 17 14 44 20 25 5 43 19 23 26 29 30 2 1 21 7 49 41 21 2 17 35 40 20 13 28 38 1 22 19 25 48 49 39 3 5 
3 4 46
5 9 16
0 4 32
6 11 1
2 6 18
23 2 7
4 8 47
2 4 47
2 5 20
16 18 20
2 7 17
22 1 18
17 20 29
4 5 31
21 23 12
12 14 23
21 1 27
16 21 35
13 15 9
14 15 46
19 22 41
17 21 14
20 23 16
4 8 15
4 7 11
0 3 25
18 22 49
7 10 40
11 14 23
22 1 19
4 6 26
16 18 12
2 6 36
11 13 46
2 4 31
4 7 29
8 11 2
20 23 48
12 15 23
7 10 21
8 11 20
4 6 28
23 3 21
18 21 28
10 14 6
15 20 17
15 16 18
14 15 15
4 7 44
0 3 22
16 18 24
5 7 22
7 11 25
13 17 41
23 4 48
20 21 23
13 16 43
13 14 7
1 2 40
23 2 45
8 11 16
11 13 36
23 2 36
16 20 12
14 17 41
20 0 1
4 7 21
17 20 34
6 10 9
2 6 24
14 18 6
6 10 34
15 16 1
10 13 8
1 5 40
6 9 3
22 2 6
3 7 45
2 6 39
4 8 4
16 18 45
16 19 7
10 13 48
23 3 35
2 6 48
22 1 10
19 21 49
17 19 27
11 13 30
22 2 36
18 21 15
21 2 1
18 22 20
8 11 3
12 15 17
9 12 25
16 16 6
3 6 21
6 8 11
15 19 31
6 9 31
22 1 47
9 12 16
6 7 5
3 6 35
2 4 30
23 2 43
14 18 26
20 22 44
2 6 45
18 22 31
17 20 24
1 3 26
17 20 48
11 13 40
23 2 39
8 11 1
5 8 9
18 19 7
12 16 3
18 22 24
16 20 7
7 10 16
4 7 3
2 5 40
11 13 26
1 5 47
17 20 7
21 0 40
20 23 43
2 5 8
21 23 4
11 14 34
4 6 21
11 16 19
6 8 41
12 13 37
0 6 16
3 5 27
2 4 25
10 14 36
18 21 4
1 4 24
5 10 42
2 5 41
19 21 2
4 6 35
13 15 35
2 7 27
19 20 12
11 14 32
1 4 4
5 8 7
5 8 12
3 6 20
17 21 15
14 17 34
17 19 36
15 17 7
22 0 10
14 14 19
13 18 17
2 5 33
5 9 26
14 15 23
19 21 39
0 2 39
20 0 25
9 12 32
10 14 37
10 13 24
2 6 38
18 21 15
3 5 30
5 7 46
21 23 34
3 5 44
19 22 38
6 10 19
13 16 30
2 6 29
2 5 11
22 0 41
12 14 24
5 8 13
6 11 40
12 16 23
23 23 20
11 15 2
8 10 21
23 3 35
12 16 24
1 4 16
4 7 38
11 13 48
0 2 20
19 23 29
9 12 27
22 1 44
9 12 47
8 12 4
19 22 28
9 13 30
2 6 27
1 4 11
21 23 13
4 7 21
7 9 35
21 0 4
12 13 45
6 10 16
5 9 25
17 19 2
7 9 21
3 7 46
10 13 13
8 12 13
10 14 47
18 21 43
2 5 38
16 20 32
10 14 27
3 6 8
0 4 48
21 0 8
13 16 36
7 9 11
17 20 36
12 15 43
8 12 29
5 9 45
9 11 11
2 7 4
21 0 28
13 16 49
3 6 47
11 15 42
17 18 47
5 9 43
15 19 7
11 13 9
17 19 21
17 20 47
10 12 28
7 10 25
4 7 42
20 0 11
0 3 13
2 5 15
19 21 3
23 0 43
13 15 32
3 6 44
16 18 33
13 16 16
11 13 5
7 9 28
13 16 43
15 18 39
22 2 33
14 17 3
18 20 15
5 8 31
21 0 39
18 22 46
6 9 20
13 16 30
15 19 35
2 5 7
21 1 8
19 20 43
3 8 11
23 1 11
18 22 23
10 14 42
20 0 13
18 21 12
0 3 3
7 11 26
22 1 4
10 13 17
14 17 15
23 1 43
16 20 11
6 8 44
7 11 24
10 13 30
19 23 33
3 7 3
7 9 31
6 8 30
10 12 48
11 14 15
9 13 33
13 17 21
12 15 14
19 20 44
19 21 13
23 3 18
13 15 2
13 17 37
3 6 34
15 18 34
8 10 28
1 3 25
2 6 19
20 0 25
21 0 5
9 12 14
23 2 36
21 0 47
11 14 23
18 23 43
16 19 26
22 1 13
4 7 48
15 18 6
9 12 30
7 10 38
22 2 32
10 12 38
23 2 4
8 12 30
15 21 10
19 22 1
14 17 15
2 4 45
1 4 30
18 21 16
0 4 43
1 3 40
11 14 38
11 15 22
5 9 3
9 13 46
20 0 15
1 3 22
1 4 23
8 11 20
11 14 28
2 6 14
10 13 7
10 15 14
2 3 18
1 4 26
10 14 23
21 23 48
17 20 4
9 10 46
19 22 21
6 9 18
12 15 33
17 18 6
18 20 30
2 6 43
17 22 18
0 3 29
1 2 41
7 9 24
22 23 9
1 4 14
0 3 25
10 14 42
18 21 13
0 1 48
22 0 2
0 4 41
23 1 42
19 23 2
21 23 26
10 14 38
8 11 2
20 0 12
5 7 6
0 4 32
11 15 45
5 7 40
15 18 26
20 23 18
14 18 47
7 11 10
13 16 25
2 5 37
9 11 2
10 13 3
14 19 10
7 9 39
22 23 15
17 20 41
7 10 1
18 23 33
20 23 2
21 1 38
8 11 23
10 14 17
20 0 48
21 0 15
19 22 1
8 11 26
4 8 44
4 7 35
0 3 20
18 22 7
4 7 31
15 17 15
14 16 28
9 10 43
23 0 43
19 22 30
21 23 9
5 6 41
12 14 30
0 2 31
13 15 41
20 22 32
10 13 47
20 22 2
22 0 20
20 1 42
13 16 6
9 12 22
16 20 29
1 4 29
2 7 29
0 4 6
9 12 36
19 20 7
16 19 19
4 7 3
14 17 12
14 17 13
23 1 41
2 5 7
21 1 7
4 8 37
14 17 19
16 17 14
23 2 13
18 22 6
6 9 17
19 21 20
2 5 16
14 17 37
20 21 16
13 16 31
4 6 4
5 9 5
22 1 3
21 23 41
20 23 12
19 23 15
5 9 38
2 3 49
1 5 10
2 4 37
2 5 14
10 13 20
14 18 17
9 11 40
9 12 25
8 13 23
15 18 36
16 17 2
4 8 17
21 22 35
0 3 15
15 17 21
15 19 39
7 10 2
16 19 31
2 6 31
9 12 2
9 11 26
6 8 16
20 0 23
4 6 20
19 22 21
2 6 15
16 20 9
19 23 17
4 7 44
8 12 45
17 21 33
21 1 34
14 19 45
23 1 15
0 2 41
21 1 3
14 19 38
12 14 44
12 14 20
14 17 3
9 12 46
23 2 6
16 21 5
4 6 3
12 15 26
2 5 19
12 15 49
12 15 21
14 16 34
13 16 42
1 2 11
0 5 47
14 17 1
10 11 22
7 10 8
16 19 20
2 5 30
15 19 38
22 1 41
22 2 9
13 17 31
7 10 25
15 19 25
0 1 45
2 4 25
15 18 14
10 13 23
11 13 9
21 0 36
12 14 13
16 17 2
9 11 42
1 3 24
12 17 8
21 0 31
12 15 30
9 11 34
19 21 28
18 22 20
1 4 12
18 21 46
0 3 34
5 10 25
1 5 27
2 5 26
11 14 28
5 8 8
3 7 13
14 18 31
13 15 41
21 0 40
1 3 43
15 17 39
2 5 26
5 9 19
5 6 25
15 16 21
8 12 25
18 21 7
13 17 13
19 23 19
8 11 34
17 20 16
13 17 42
14 17 25
22 2 31
15 17 11
19 22 41
10 13 24
8 10 41
20 23 33
11 15 43
4 7 3
8 11 21
22 1 17
13 17 24
18 21 11
5 8 20
19 0 12
8 12 21
16 19 26
4 6 42
19 20 38
0 3 24
22 1 42
7 9 42
7 10 35
6 10 15
11 14 44
18 21 4
14 18 10
11 14 20
23 3 7
21 0 36
19 22 33
18 23 41
7 10 19
11 15 25
16 19 19
2 4 21
15 18 49
6 9 21
1 4 22
20 22 31
5 8 24
13 15 14
13 17 7
3 6 20
19 21 44
9 15 44
0 3 24
18 21 46
14 16 36
10 13 15
14 18 30
15 17 22
3 3 19
12 14 38
18 21 25
2 5 48
20 0 37
15 19 8
12 13 29
2 5 24
14 16 8
22 2 12
20 22 10
22 1 43
1 4 48
23 3 42
0 3 48
18 23 25
16 19 26
9 13 31
22 2 14
22 1 34
9 13 33
22 23 23
1 4 13
6 10 16
22 1 5
14 17 6
15 16 27
20 23 4
15 16 6
11 17 2
8 11 19
4 8 45
2 6 9
5 10 39
3 5 19
10 14 11
11 14 21
12 15 29
9 13 9
6 9 40
6 10 21
18 20 14
10 13 26
4 7 44
17 21 31
6 9 2
17 21 12
14 16 32
12 16 3
15 18 23
21 2 21
20 23 15
4 8 19
16 18 16
12 15 14
4 6 2
10 14 16
0 5 24
18 20 38
5 9 5
8 12 26
8 11 46
12 16 27
12 13 31
7 12 8
3 6 12
6 8 20
4 6 48
18 20 46
18 19 45
0 2 14
22 2 4
22 22 26
1 5 47
12 13 18
5 7 6
10 13 21
4 7 41
9 11 32
6 9 9
21 0 5
0 1 33
14 18 45
5 7 37
12 14 41
19 21 23
16 19 45
6 10 22
7 11 24
19 23 24
16 19 12
21 1 2
13 15 48
16 19 44
11 14 36
22 1 39
4 6 46
11 16 23
2 5 1
2 7 32
12 16 30
0 4 6
14 17 28
18 21 45
8 12 46
16 21 27
4 8 2
13 17 11
22 2 19
23 2 17
18 21 7
6 8 45
13 16 43
17 18 28
0 3 31
1 4 49
17 20 24
2 3 24
17 19 18
15 19 16
4 7 28
16 18 39
21 0 28
22 0 5
19 23 2
20 23 37
0 2 20
6 8 9
20 0 19
9 11 40
14 18 11
2 6 7
23 2 19
19 23 7
10 13 16
0 4 29
15 19 15
12 15 22
19 20 19
11 14 48
13 18 5
21 0 8
22 1 6
16 18 3
2 5 26
12 14 10
8 10 22
4 6 36
12 16 46
15 17 27
0 2 45
18 23 42
3 7 18
5 6 27
19 23 40
2 5 12
23 1 17
8 11 17
16 18 15
7 10 33
10 12 45
21 0 4
17 22 1
2 6 11
22 1 28
16 19 43
0 4 19
16 21 2
4 6 43
14 16 20
0 5 4
16 20 43
6 7 34
21 0 34
21 1 5
20 23 35
7 10 16
2 6 20
6 10 46
20 2 35
7 9 21
22 1 12
19 22 29
15 19 1
21 1 16
1 3 31
12 17 32
16 20 13
1 3 11
23 3 17
1 3 18
2 6 43
16 19 13
1 4 38
4 5 46
15 17 49
7 10 21
22 2 38
8 11 46
6 8 17
1 5 11
5 8 34
0 2 31
19 21 48
11 16 35
10 14 37
20 22 12
7 9 16
8 11 42
6 8 7
3 6 29
19 23 19
4 7 8
16 16 5
13 16 43
15 17 9
20 0 43
8 11 31
10 12 5
0 2 22
6 10 42
1 5 36
2 4 35
7 11 23
18 21 27
23 2 13
16 21 3
5 8 6
19 23 46
22 1 3
23 3 13
8 11 46
17 19 27
17 18 40
6 8 23
14 17 5
6 9 43
7 11 43
23 3 40
8 11 8
7 9 49
21 1 4
7 10 41
20 23 16
15 18 5
14 17 36
23 3 35
20 0 17
0 4 25
0 0 12
14 16 23
3 5 4
9 12 19
1 5 42
12 14 45
18 21 22
18 21 22
3 5 42
20 0 7
8 13 47
1 3 13
0 3 40
6 9 35
11 14 13
6 9 19
11 15 15
0 3 24
12 17 44
10 14 14
23 3 15
8 10 8
14 17 43
21 23 46
18 22 9
16 19 40
3 4 14
15 18 9
16 20 18
17 20 36
17 19 12
13 17 34
11 14 46
17 19 17
15 18 3
3 6 39
10 12 27
6 9 6
4 7 19
14 17 10
9 13 6
5 9 19
3 7 22
23 2 38
20 22 13
8 10 22
23 1 32
5 10 49
21 2 18
19 22 34
21 0 24
23 2 30
2 5 13
13 16 39
2 6 23
15 20 40
10 13 36
20 0 20
2 5 26
5 8 18
14 17 30
11 13 32
20 0 2
6 8 32
11 14 31
17 20 15
22 1 14
5 6 26
23 2 7
10 12 34
15 20 12
4 5 23
10 11 40
16 18 7
14 16 38
15 20 28
6 10 20
13 16 26
14 17 49
12 15 36
11 12 7
3 6 29
22 2 38
15 18 22
5 8 43
2 4 13
16 17 29
10 13 48
7 11 36
8 12 20
16 18 30
23 2 32
16 19 3
7 9 20
18 21 43
22 1 21
8 12 21
8 11 7
13 15 44
9 11 28
12 16 45
17 20 25
19 23 28
14 18 23
10 13 31
0 3 21
3 6 44
22 1 43
5 7 3
2 6 31
4 8 22
14 18 23
6 10 12
3 5 25
2 2 15
14 17 24
22 1 14
20 23 39
18 22 39
23 1 8
17 20 33
10 15 44
0 3 26
11 15 46
14 17 20
4 8 13
7 10 45
7 9 27
12 15 34
10 12 9
6 9 2
13 14 34
4 8 28
13 16 48
2 5 49
8 11 15
4 7 24
15 18 40
10 14 32
17 21 39
4 6 47
17 21 48
22 1 38
14 18 39
22 0 9
16 20 33
22 0 26
14 17 43
3 5 28
17 18 40
1 3 43
18 20 24
19 22 36
20 20 49
10 13 48
3 5 31
5 8 6
3 6 12
0 3 16
10 14 9
8 12 4
21 23 12
20 21 47
21 2 18
22 1 39
13 16 38
4 8 25
15 19 33
0 3 6
9 13 30
11 14 14
18 22 13
1 5 37
7 9 38
4 8 32
15 17 49
15 18 29
1 5 37
11 16 12
9 13 36
21 23 48
11 13 25
21 0 21
3 6 37
13 16 25
14 17 42
9 13 40
17 20 39
6 7 2
16 19 20
4 7 15
5 8 13
10 14 38
12 15 46
14 17 6
13 15 32
0 4 10
16 21 23
14 17 5
2 5 17
22 1 22
11 14 48
8 10 4
19 22 46
8 10 49
9 11 32
4 7 1
18 21 9
18 20 27
14 18 37
9 13 9
12 14 5
4 7 20
0 2 45
8 11 48
23 2 7
8 9 46
3 7 36
21 22 16
11 13 36
18 23 2
9 11 31
3 7 1
3 5 13
23 3 16
13 15 44
16 20 43
10 12 37
13 16 44
14 18 49
19 22 38
5 8 11
16 21 8
18 21 21
3 6 41
6 9 20
21 1 45
10 13 31
0 4 32
4 7 13
4 9 3
2 5 29
20 1 10
0 3 49
6 9 29
10 14 42
12 17 21
16 19 8
4 7 1
12 16 14
17 20 36
15 17 42
6 11 13
3 7 17
17 20 9
19 23 23
8 11 21
21 0 47
8 10 36
2 4 43
9 11 37
3 6 14
15 18 23
10 15 14
10 12 1
0 3 13
7 11 29
8 12 21
0 3 32
21 23 31
10 12 29
10 13 38
6 10 1
0 2 35
19 21 25
2 6 28
4 5 13
5 8 5
8 12 1
18 21 8
21 0 28
12 16 3
17 21 11
22 2 36
10 12 30
23 4 45
22 4 6
14 17 39
13 17 41
3 7 25
8 10 42
9 12 13
0 2 43
22 0 46
21 0 3
4 6 39
7 9 32
17 19 44
4 6 9
1 4 27
9 11 4
4 9 7
7 10 35
12 15 21
19 0 6
5 9 49
6 10 6
11 14 38
22 0 38
10 12 25
12 14 27
5 8 13
8 11 20
9 13 17
15 17 34
2 4 14
12 15 42
1 5 17
2 7 28
11 14 39
14 17 39
1 3 48
16 19 33
14 16 45
9 12 24
21 23 18
22 0 33
17 19 41
16 18 39
2 7 7
2 6 30
0 0 49
11 13 26
8 11 3
16 18 14
3 4 27
2 5 46
14 17 37
9 12 6
21 1 3
21 0 2
12 15 21
19 23 18
19 22 49
4 6 13
3 6 44
19 21 30
17 19 37
13 15 49
5 9 33
0 1 12
17 18 24
16 19 9
5 8 32
16 19 14
10 13 12
3 7 20
6 9 44
1 5 37
1 4 9
6 10 25
14 15 47
15 18 3
16 19 13
6 8 41
7 10 32
1 4 28
22 1 28
12 15 5
18 21 3
21 23 15
2 4 47
15 19 9
5 8 21
2 4 33
22 1 1
15 18 20
20 23 39
15 17 15
21 1 44
5 8 19
0 2 23
17 20 31
16 21 4
17 20 35
16 17 47
22 1 46
1 4 49
19 22 15
3 6 28
16 21 34
14 18 11
23 2 32
21 23 25
13 17 7
23 0 17
14 18 30
3 7 34
17 20 34
1 4 29
12 15 47
4 7 13
18 23 31
20 22 26
1 4 35
2 5 19
10 14 47
10 12 18
16 19 15
8 13 9
18 20 34
0 4 6
16 19 28
8 12 28
0 2 9
1 4 9
22 1 2
15 17 2
22 23 19
19 20 2
21 2 37
21 22 42
0 4 26
23 4 23
1 6 37
16 18 15
20 22 25
4 7 3
20 21 19
15 18 37
23 3 13
10 14 43
10 12 29
20 23 46
8 12 6
1 5 28
21 1 33
23 2 33
19 23 49
17 20 23
17 20 13
5 9 16
11 15 18
21 0 42
8 11 10
21 23 28
21 1 35
7 10 16
8 12 39
18 21 42
7 9 18
4 7 32
20 22 14
16 18 34
23 4 8
8 10 41
10 12 46
16 18 9
19 22 19
15 17 45
6 9 29
7 11 10
2 5 31
2 4 45
3 6 2
18 19 45
22 1 23
0 2 49
6 10 10
4 6 29
20 23 21
20 23 2
12 15 38
4 8 9
1 5 15
4 7 29
1 5 16
20 0 19
12 16 49
18 22 26
11 13 47
21 0 27
12 15 25
4 8 44
3 5 36
6 10 46
2 4 39
20 0 34
3 5 27
23 2 8
16 21 32
19 21 12
16 19 21
23 2 8
1 3 34
8 11 21
22 1 24
16 17 48
11 14 1
8 11 33
17 21 19
10 12 38
8 12 44
5 8 32
2 7 38
4 7 19
15 19 28
10 13 18
13 17 48
21 0 32
10 16 6
1 5 6
9 13 13
22 0 25
3 6 10
18 21 16
16 18 49
3 7 10
4 6 13
18 22 49
23 3 37
8 12 48
6 12 18
18 21 38
20 22 22
23 1 1
19 22 31
3 8 46
19 23 28
21 1 42
1 4 26
12 15 40
22 2 11
12 15 27
11 13 47
9 13 33
6 9 15
11 12 25
16 20 26
9 12 29
8 10 45
15 18 46
15 17 34
7 8 39
10 12 48
18 20 11
11 14 6
16 18 49
5 7 22
15 18 29
18 19 29
3 7 31
16 21 29
17 20 31
17 18 16
14 17 20
23 3 10
4 7 34
5 8 40
13 16 31
15 18 39
15 18 14
7 10 23
5 8 8
16 20 32
5 9 2
18 22 43
8 10 15
16 19 11
16 19 25
20 22 4
9 12 8
6 9 40
8 11 17
15 19 27
20 23 6
13 17 31
13 17 48
0 4 43
6 9 14
23 1 28
3 6 36
14 17 37
12 15 41
21 22 4
18 20 17
23 2 39
19 21 6
23 2 14
18 20 20
19 22 8
11 14 18
9 13 16
19 21 43
18 22 11
15 18 5
9 11 34
19 23 36
12 14 43
10 13 24
15 18 25
17 21 2
3 6 46
21 2 12
3 6 22
20 0 36
3 3 46
16 20 9
2 5 35
6 8 8
19 22 21
23 3 25
2 6 36
1 4 9
6 7 9
1 3 22
19 21 1
2 6 37
2 6 15
20 23 32
9 12 18
22 1 8
1 4 48
7 11 28
14 17 41
7 11 12
20 23 33
3 5 43
16 18 35
4 5 26
18 21 18
17 20 38
6 11 4
18 21 31
15 18 12
5 8 39
5 8 23
22 2 40
23 4 26
11 15 16
12 15 27
12 16 5
3 7 24
6 9 14
14 15 5
10 13 44
0 3 23
4 5 9
16 20 3
14 17 16
10 15 30
17 20 39
2 4 31
10 13 25
22 2 12
23 2 45
8 12 7
20 22 7
14 17 17
0 4 16
21 23 31
15 17 25
21 0 15
14 15 45
6 8 12
21 23 24
23 1 27
17 19 3
1 3 23
11 14 28
22 0 26
11 15 24
1 6 12
10 14 33
18 19 3
19 0 40
10 13 42
18 21 13
14 17 40
16 19 11
19 20 33
21 0 1
7 10 21
4 9 5
0 3 44
23 1 36
14 16 39
15 17 15
10 15 25
15 17 28
16 19 45
20 23 39
0 3 23
1 5 46
22 1 2
22 1 3
14 19 17
16 19 9
19 22 38
23 2 39
6 10 17
1 4 27
13 16 17
19 23 31
7 11 32
16 18 17
7 9 16
22 0 49
4 6 33
12 17 37
5 8 47
15 18 2
13 16 12
8 11 29
0 3 31
12 15 9
0 3 26
17 20 10
11 13 38
20 1 18
2 5 30
22 23 16
8 12 33
10 12 26
7 10 18
6 8 1
9 13 41
8 11 24
4 6 25
12 16 34
0 2 21
1 6 11
7 11 12
4 5 33
16 19 2
21 23 21
1 3 46
10 13 39
1 6 31
21 23 9
15 17 47
8 10 9
7 10 28
22 2 27
14 16 26
13 15 7
19 21 42
5 8 45
23 2 15
12 15 43
22 23 40
22 0 24
5 9 3
8 12 4
6 9 22
18 20 44
6 10 25
23 2 30
13 17 49
3 6 19
2 5 16
0 1 11
5 8 43
13 15 14
20 23 24
19 20 6
4 7 1
1 3 11
0 3 39
7 10 21
6 9 25
21 0 17
2 5 36
1 4 6
7 9 29
14 18 24
3 10 13
12 13 19
1 3 25
6 9 9
21 23 39
7 11 31
19 22 33
19 23 23
4 8 19
23 2 13
5 8 5
11 14 13
5 9 5
0 4 26
13 15 21
5 8 11
10 14 7
12 15 6
3 6 4
0 3 34
12 14 38
6 8 47
0 3 46
20 0 2
6 8 5
16 19 18
18 22 26
10 12 44
4 6 11
17 20 15
16 19 44
0 3 10
12 16 27
13 16 14
11 13 21
12 14 27
20 22 33
7 10 33
21 0 6
7 11 22
1 3 11
15 19 48
1 5 6
13 16 11
18 0 34
15 18 23
6 7 31
18 21 9
2 4 23
1 4 34
6 8 7
23 2 5
1 4 38
13 16 37
1 3 45
4 5 39
20 0 23
23 2 47
22 2 45
17 20 7
19 22 2
9 11 25
6 8 28
19 0 33
17 21 48
18 21 13
18 20 32
4 7 35
15 19 41
23 1 12
7 10 40
15 18 37
22 1 23
16 18 32
23 2 41
15 19 29
13 15 4
18 21 19
15 18 26
19 22 16
17 20 47
23 3 28
21 0 45
6 9 45
20 21 48
13 16 18
23 2 27
0 2 14
6 8 15
20 0 29
21 0 12
10 11 3
19 21 36
17 20 28
10 14 43
13 15 4
22 1 36
16 21 23
10 13 29
10 14 20
1 5 30
23 2 34
16 19 46
20 21 7
10 14 3
9 13 31
13 17 30
21 0 38
21 0 17
12 15 17
2 4 3
19 23 48
21 1 49
3 5 10
18 20 42
2 6 34
20 1 15
0 4 29
17 20 27
14 17 25
13 16 22
17 22 24
2 5 26
14 17 42
2 5 45
13 16 39
19 22 8
13 17 31
18 20 13
7 12 40
1 4 49
10 12 25
14 17 42
0 3 14
6 10 32
4 8 30
8 11 33
3 7 47
8 10 5
0 4 37
3 6 22
18 22 22
22 2 17
2 5 17
9 14 6
4 6 46
12 16 44
0 1 5
15 17 44
20 23 1
21 1 16
0 3 23
5 9 29
23 1 19
2 5 21
6 8 10
10 13 1
15 18 47
13 15 34
5 9 37
5 9 19
0 2 33
18 22 46
23 1 45
9 13 30
10 14 23
7 9 36
10 13 7
1 4 29
5 8 49
12 15 6
16 20 7
6 9 26
20 0 5
18 22 13
2 6 47
11 13 22
19 23 46
12 15 10
3 6 18
6 11 45
0 4 46
15 17 6
15 18 2
12 15 7
15 19 13
22 2 32
9 12 26
1 4 41
15 17 43
5 7 30
20 23 7
11 13 6
1 5 13
13 17 15
2 5 36
0 3 48
12 16 37
20 21 39
22 0 23
1 3 3
7 10 45
4 7 13
2 7 7
19 23 10
15 19 10
21 1 1
3 6 41
17 18 13
0 1 48
18 20 18
6 9 46
7 10 43
18 23 17
7 10 23
10 14 41
15 17 7
17 20 19
14 17 41
8 11 5
13 16 37
19 22 10
12 15 49
19 21 18
21 0 17
11 15 4
6 10 29
19 23 44
9 11 40
21 23 6
11 15 19
10 12 13
23 3 5
15 19 32
16 19 29
19 21 46
3 5 1
9 11 19
1 4 35
13 16 44
16 19 10
16 19 17
11 13 14
1 3 1
15 18 20
9 12 24
13 15 28
6 9 24
4 7 41
7 10 13
20 23 8
23 3 46
3 6 2
16 20 28
1 3 31
19 22 2
23 3 26
20 23 43
16 20 38
5 9 13
0 2 13
21 1 42
6 9 5
11 14 31
7 10 37
6 8 6
10 12 32
12 14 38
19 23 26
7 9 8
12 16 18
13 17 30
23 4 41
6 8 31
13 17 25
20 22 7
15 19 26
1 5 24
2 3 19
14 18 3
13 16 22
8 11 34
10 13 43
10 13 15
15 17 36
11 14 6
9 11 33
4 8 48
21 0 49
18 21 11
11 13 15
4 8 37
11 13 47
11 13 47
10 13 28
3 6 14
20 0 35
21 1 19
18 21 35
3 8 10
4 6 7
23 3 23
12 17 31
2 4 47
4 6 48
20 22 40
12 15 35
4 6 36
22 2 30
7 10 33
23 1 10
8 11 6
9 12 34
14 19 5
14 18 17
14 19 25
10 13 1
17 21 33
14 17 35
22 2 34
4 9 30
14 18 31
5 9 2
22 1 2
8 13 33
7 9 13
6 8 9
10 13 37
13 17 14
1 4 5
16 19 26
15 17 44
17 19 42
6 10 41
23 1 29
19 21 38
13 17 8
21 0 27
11 15 38
9 10 37
23 1 1
21 2 34
21 1 40
20 23 31
0 2 18
16 18 19
13 15 25
14 16 27
4 6 33
0 2 12
4 8 42
19 22 4
10 13 33
20 23 13
1 3 7
10 13 30
6 9 31
7 11 38
5 6 41
1 3 27
5 10 10
2 4 10
9 12 42
6 10 28
3 6 9
18 23 8
8 12 48
21 0 10
13 17 34
18 22 46
1 3 12
6 11 41
22 23 43
23 2 19
13 16 30
11 14 14
12 15 18
6 9 35
3 6 23
16 18 20
2 7 19
2 5 38
10 12 6
14 18 8
8 12 2
22 0 32
10 13 49
19 22 32
8 9 21
15 17 34
7 12 39
20 0 4
3 6 33
18 22 11
15 17 31
14 19 2
13 18 20
21 0 33
1 4 33
19 23 29
6 9 24
11 13 25
11 13 7
13 16 9
19 23 28
13 15 40
7 9 14
13 15 2
5 8 45
22 1 11
16 19 22
18 22 33
7 10 27
19 23 33
8 11 21
15 17 31
4 6 20
13 18 19
21 23 11
15 18 32
8 10 1
4 7 38
20 23 24
1 3 17
15 17 4
10 13 44
14 18 14
0 4 38
10 13 1
15 17 4
10 14 49
19 22 9
11 15 14
1 4 45
6 7 5
16 18 38
4 6 4
18 23 35
3 6 40
19 0 36
15 17 41
13 16 26
9 12 13
1 3 9
5 7 22
15 19 32
10 14 47
13 16 24
2 4 38
0 3 43
18 21 9
3 5 14
2 4 11
13 16 28
12 16 32
15 18 6
16 18 16
17 19 33
1 5 35
16 18 14
11 14 8
5 6 11
0 5 8
11 14 6
9 11 25
19 22 36
1 5 31
14 17 10
0 3 33
14 16 28
21 0 9
9 10 15
12 14 19
23 2 39
12 15 11
6 11 46
0 5 19
11 13 1
19 21 49
9 12 24
15 18 29
11 13 13
2 4 22
15 17 40
7 9 30
6 10 44
23 3 30
11 13 48
0 3 22
6 11 40
4 7 43
22 2 10
6 10 25
4 7 13
8 11 35
22 0 48
20 23 17
19 21 19
11 15 35
18 20 36
14 17 33
19 22 7
8 13 18
10 13 9
22 1 25
21 23 43
1 4 23
16 17 29
2 6 27
17 19 26
19 20 15
23 2 37
22 3 21
8 9 36
10 12 20
15 17 11
14 15 26
18 22 3
14 16 23
17 20 9
18 20 4
15 18 16
9 11 31
1 4 22
22 1 2
22 2 46
22 0 31
23 2 49
8 12 1
6 8 5
0 2 10
20 22 9
9 12 31
16 20 45
6 8 19
23 2 10
8 11 43
1 6 40
9 12 15
21 0 45
9 12 15
13 16 9
21 2 2
15 18 16
14 15 12
22 0 48
16 21 36
12 15 22
12 15 4
9 11 16
16 20 39
14 15 48
11 13 35
12 16 11
2 5 20
3 4 32
16 18 6
4 9 37
1 4 44
16 20 35
8 12 5
9 10 30
23 3 6
17 22 29
3 5 13
16 19 37
8 12 11
9 13 23
22 2 16
7 10 35
7 10 14
17 22 14
0 3 36
23 4 42
6 9 37
2 3 14
0 3 17
20 22 45
7 9 26
2 4 43
4 7 38
14 18 30
13 17 49
10 15 11
2 5 4
20 22 46
22 23 32
5 8 48
8 10 24
13 14 35
14 17 40
11 16 12
21 23 4
7 11 35
5 7 40
0 2 22
14 17 33
14 18 23
5 8 9
16 21 26
2 6 48
2 6 11
13 15 34
3 8 22
14 18 22
12 15 15
21 23 7
16 20 36
3 6 49
7 12 15
22 1 11
0 4 15
17 19 8
16 21 49
2 4 2
20 23 33
20 21 9
9 13 12
8 11 10
5 8 23
17 20 12
6 10 19
23 0 3
21 1 41
17 18 11
18 21 22
15 17 25
13 18 1
6 9 8
0 2 39
6 8 20
19 21 24
20 23 47
20 23 22
5 8 31
12 13 13
6 9 34
16 19 3
15 18 9
10 12 31
21 23 40
3 7 31
20 22 35
17 19 42
1 5 15
19 22 44
22 2 28
5 9 20
4 6 7
3 6 12
21 23 23
21 0 8
9 12 18
5 8 14
14 17 41
4 7 19
0 5 3
7 12 34
20 0 24
22 3 12
1 4 26
22 4 30
8 11 30
3 7 27
0 3 26
23 3 6
16 20 46
2 6 5
3 7 28
11 12 16
21 0 34
7 9 1
21 23 37
5 8 11
13 17 33
5 8 6
15 19 47
19 22 30
5 8 21
12 15 47
3 5 11
0 2 36
10 15 14
21 2 47
13 16 17
17 20 1
18 20 24
3 7 14
21 1 2
19 22 12
21 0 24
22 1 9
22 2 12
11 13 16
19 23 24
15 19 18
17 20 4
5 7 20
16 17 41
7 11 14
3 5 2
7 10 20
17 19 37
8 12 1
14 18 31
23 0 35
0 1 42
13 17 4
2 5 45
2 6 13
5 8 19
19 21 20
2 4 15
2 7 41
14 19 25
18 22 36
6 11 42
7 11 4
16 18 30
20 22 4
5 8 43
1 4 17
0 2 20
7 10 37
7 8 25
16 20 40
21 1 17
19 21 1
20 0 27
0 2 39
7 11 1
16 19 41
13 14 1
16 17 33
17 20 14
18 19 22
16 17 45
16 18 40
22 1 48
7 11 28
22 23 47
12 16 8
23 2 34
4 7 41
13 17 42
0 2 34
6 10 22
9 12 48
22 23 15
8 12 7
6 8 48
0 4 6
17 20 43
23 1 44
23 2 23
15 19 47
1 4 27
11 14 14
19 21 47
22 0 32
6 9 4
8 10 19
14 16 17
12 16 34
8 9 29
0 3 2
17 18 24
18 21 28
7 10 34
15 19 20
16 19 30
15 18 49
16 20 6
18 22 14
5 9 13
15 19 23
6 8 47
9 13 36
5 7 19
23 2 29
7 10 10
3 6 46
23 3 40
1 2 36
17 21 40
23 2 28
6 11 43
1 3 35
14 17 34
22 1 4
17 19 8
19 0 43
0 4 23
20 21 7
2 5 3
20 0 3
10 13 14
17 20 45
2 4 14
17 20 22
5 7 21
7 10 12
6 10 14
6 10 9
5 10 11
19 22 33
0 3 35
11 14 43
5 7 30
14 16 35
22 1 18
13 16 47
20 22 44
13 15 2
17 20 36
1 3 9
13 17 38
13 16 24
17 20 21
5 9 6
9 13 48
10 13 10
4 7 34
1 3 21
19 22 3
1 4 17
16 18 45
18 23 10
20 21 37
13 15 34
15 20 15
7 9 26
8 11 22
5 9 46
19 21 4
17 21 48
22 2 40
11 14 30
3 6 45
22 1 19
21 1 37
2 7 18
9 12 28
16 18 14
10 12 24
20 23 21
6 9 36
3 5 48
22 2 32
10 12 4
11 12 4
0 4 16
18 22 18
11 14 8
20 22 21
23 23 23
16 20 31
12 14 38
18 23 40
10 12 37
20 0 30
8 12 33
1 5 14
10 11 7
14 18 26
0 2 33
4 7 41
22 1 38
18 21 11
4 8 2
19 22 32
1 5 33
22 1 28
22 0 15
23 2 19
22 23 44
8 12 39
18 21 33
19 23 42
8 10 43
21 0 6
14 16 3
21 23 30
4 7 8
0 3 15
7 9 5
19 23 47
8 13 41
9 13 39
22 1 13
22 1 43
23 0 7
4 5 12
23 4 11
5 8 27
19 23 48
23 2 41
3 5 44
4 8 21
19 22 34
5 9 32
7 12 8
13 16 7
17 19 36
6 9 15
14 17 27
23 1 16
5 8 32
0 5 14
12 15 15
23 1 3
5 9 33
22 0 31
8 10 30
2 4 8
0 3 16
23 3 24
23 2 30
16 18 19
9 12 34
6 10 42
7 10 28
19 23 16
5 7 48
11 14 36
7 11 39
5 8 21
8 12 38
14 19 38
17 21 48
6 11 11
3 5 32
6 9 42
20 22 48
3 5 9
17 20 41
0 3 18
13 15 18
17 20 40
19 21 7
19 20 35
22 1 20
12 15 3
16 20 4
4 8 4
23 1 8
9 13 40
15 18 27
20 22 29
6 9 40
20 22 15
3 4 34
13 16 2
1 3 14
17 22 10
4 7 29
2 6 26
7 10 28
19 23 19
23 1 24
5 7 29
2 4 2
7 9 1
17 21 47
10 13 12
10 12 34
9 13 49
9 13 26
7 10 24
19 21 31
21 1 47
23 3 7
14 17 17
23 1 19
15 19 10
5 9 7
20 23 24
2 5 25
7 11 6
2 6 20
8 10 20
8 12 16
7 9 38
19 23 12
15 17 35
12 17 33
15 19 31
20 23 30
19 22 26
8 10 47
22 0 36
19 23 49
2 4 48
10 14 19
10 12 24
21 1 46
8 9 6
11 14 13
7 12 12
21 2 33
2 5 35
10 12 27
3 6 6
22 2 37
14 17 47
12 15 18
10 12 23
23 3 39
15 17 1
23 5 46
11 15 35
7 10 11
22 2 33
18 19 28
19 23 21
2 5 39
21 1 11
14 15 17
20 23 12
12 14 49
2 5 37
7 10 42
6 9 30
1 4 39
1 4 11
8 9 26
14 18 11
14 16 9
4 8 35
9 12 20
20 22 23
6 7 26
13 17 31
22 0 34
12 14 10
9 13 25
5 9 34
21 0 17
0 4 23
14 18 41
6 9 46
20 21 14
11 14 33
2 6 48
13 15 47
12 14 29
8 11 33
6 10 48
13 17 8
19 23 4
0 4 47
13 17 19
14 16 13
10 14 1
23 3 45
13 18 39
19 20 16
8 10 15
5 8 20
7 11 37
15 18 8
7 9 24
2 6 35
5 7 20
18 22 37
5 8 35
7 11 38
16 20 42
6 11 7
7 9 36
14 18 31
11 15 31
9 13 21
23 1 22
22 0 47
4 7 15
21 1 9
7 10 41
23 1 16
18 22 19
13 15 44
16 18 18
9 12 3
22 1 47
1 3 41
19 21 34
10 13 5
14 17 1
15 18 13
15 19 8
2 5 31
18 21 8
11 14 24
15 18 40
17 19 10
10 14 40
11 14 11
6 8 21
13 16 4
23 1 41
9 13 29
12 16 37
9 13 29
20 23 3
6 9 26
6 9 10
15 18 29
11 14 12
20 0 6
8 11 46
21 23 48
7 9 33
8 11 32
19 21 17
0 3 11
13 16 46
0 4 45
16 19 16
20 23 13
8 11 8
19 22 30
19 22 42
14 15 20
8 11 8
14 15 27
11 14 7
13 15 11
9 11 12
3 6 19
23 1 16
14 18 8
14 17 46
1 3 30
12 17 16
6 10 48
22 1 8
5 8 48
14 17 46
20 0 34
13 15 15
0 4 33
0 3 30
13 16 46
15 19 47
22 1 40
17 19 40
23 2 20
2 4 20
16 20 46
17 20 7
11 14 24
7 9 28
20 0 47
7 10 33
21 0 27
15 16 42
18 22 42
11 15 16
3 6 49
16 19 48
10 10 4
8 11 39
11 14 18
2 6 11
0 3 20
23 3 13
16 18 36
21 0 14
23 2 15
12 13 32
23 3 33
6 10 40
11 15 34
20 22 49
17 19 46
3 6 36
20 23 16
16 20 27
19 20 15
14 18 37
11 15 19
21 1 17
1 4 6
14 17 8
3 7 35
11 14 12
10 12 4
4 8 35
18 23 36
8 11 13
16 20 27
12 16 20
6 9 1
19 21 17
12 15 39
14 17 16
1 4 42
2 4 18
17 20 25
13 15 9
7 10 40
4 8 35
18 21 30
20 0 6
12 14 47
11 13 13
22 2 33
15 19 13
17 20 2
3 6 2
0 3 12
2 5 6
20 0 6
4 7 33
18 22 9
13 17 35
21 1 48
0 4 10
22 2 26
2 6 20
8 11 34
22 1 21
10 11 17
16 19 46
10 13 27
3 6 25
11 15 43
5 6 2
12 14 49
3 5 23
6 9 13
11 14 15
10 12 17
17 20 7
3 5 38
14 16 21
19 22 44
10 13 35
20 23 48
20 23 17
6 10 28
9 12 19
21 23 1
3 7 29
13 15 6
9 13 29
16 20 42
22 1 37
2 5 41
17 20 4
14 16 46
21 2 26
18 21 4
21 22 18
16 19 16
18 21 19
7 9 49
10 15 25
17 19 48
15 18 11
23 2 40
13 13 13
12 16 32
1 5 32
22 0 10
11 14 14
9 12 18
16 18 22
11 15 39
3 7 31
6 10 13
18 20 36
1 4 46
23 2 32
23 0 43
17 20 32
6 10 31
14 17 19
23 2 26
14 17 47
19 21 30
8 9 28
7 9 44
8 10 41
19 23 40
18 22 21
0 3 5
15 18 45
6 9 2
20 23 1
9 13 8
10 13 39
19 20 48
8 9 26
17 21 20
14 15 35
5 9 12
22 0 14
0 2 29
17 20 30
17 20 24
2 6 43
15 19 39
3 6 10
13 17 20
14 17 4
11 16 14
5 9 46
17 20 7
20 22 4
22 0 34
23 1 9
18 21 11
14 16 33
5 8 21
16 19 32
5 7 49
19 23 48
21 23 23
5 9 41
5 9 10
7 10 45
7 12 35
5 11 32
12 14 3
20 23 39
23 1 18
10 13 41
14 16 45
12 16 32
10 13 43
8 11 16
13 15 20
7 10 11
16 19 8
2 5 10
9 12 17
14 17 44
9 12 2
11 13 28
3 5 9
14 17 27
23 1 35
15 17 45
3 6 40
21 1 37
11 13 23
2 4 15
3 7 4
20 23 47
21 1 47
11 13 20
22 1 47
23 2 9
22 1 44
16 19 7
21 23 26
5 9 16
9 12 31
22 2 31
7 10 16
19 22 44
11 14 21
17 19 43
5 8 27
5 8 15
20 23 33
7 11 35
19 21 12
6 9 37
21 0 3
23 2 8
22 1 6
13 16 25
19 23 37
17 21 11
23 1 33
16 17 20
18 22 47
8 12 37
15 18 35
9 12 47
11 13 42
19 21 12
10 13 47
17 19 5
12 15 3
11 14 34
4 8 39
15 19 48
1 5 12
21 1 27
7 9 30
9 13 24
8 10 21
16 19 4
10 12 4
18 22 21
1 5 20
5 9 44
10 12 43
23 2 27
20 0 10
10 13 3
14 17 17
1 3 29
23 2 36
23 1 22
8 10 48
13 16 40
0 4 14
2 5 36
1 4 45
8 13 2
8 12 24
9 11 29
16 19 12
5 8 4
2 7 30
5 7 43
19 22 5
16 17 11
17 19 16
13 15 7
16 19 18
8 10 13
23 3 17
13 15 23
16 19 22
6 8 4
14 18 9
6 9 35
16 19 33
9 12 5
23 2 37
8 11 24
1 4 24
1 4 49
7 7 9
2 5 47
22 1 40
4 7 26
7 12 47
4 6 25
9 12 3
12 14 28
22 1 9
13 16 2
14 17 1
17 19 28
14 19 13
20 23 32
9 13 18
13 16 46
18 19 19
4 9 20
14 17 48
23 2 43
7 10 34
22 1 33
14 18 26
9 13 2
13 16 8
10 12 3
22 2 1
20 23 10
21 1 13
10 15 26
13 16 12
1 4 9
2 5 23
3 6 15
12 15 9
11 14 18
21 23 45
3 5 41
8 10 4
8 11 21
17 19 45
17 22 48
0 2 31
15 18 26
16 18 29
5 9 19
20 0 48
2 5 1
21 0 5
9 12 32
3 5 22
7 11 13
1 5 9
18 21 27
14 16 37
12 15 39
13 16 12
9 11 26
15 18 28
20 23 19
5 7 23
0 3 32
5 9 31
23 2 20
17 19 33
12 15 22
0 3 7
1 4 17
22 2 11
12 14 5
4 6 16
0 3 39
21 0 22
1 5 40
0 4 42
8 12 41
5 8 31
5 8 28
11 14 22
16 19 20
22 1 46
6 8 11
9 12 13
2 5 4
21 0 21
2 5 46
0 2 31
13 16 36
11 13 24
8 10 12
14 18 3
15 17 4
21 1 27
4 7 38
22 0 16
5 7 23
2 7 35
0 5 43
9 13 19
7 11 46
21 23 21
13 19 26
0 3 2
14 18 2
15 19 23
21 0 3
11 13 44
2 6 10
1 4 18
18 21 8
16 17 19
5 8 27
19 20 20
5 8 40
5 7 21
0 4 9
1 6 26
6 8 42
0 3 11
23 1 11
6 10 18
20 0 6
7 10 24
1 3 39
23 2 1
5 9 4
15 18 48
23 1 49
1 2 5
8 12 11
0 2 42
5 9 28
21 0 2
9 10 6
12 15 46
2 6 41
13 15 14
11 16 7
8 11 6
18 21 33
13 16 41
17 21 38
12 15 9
4 7 1
21 1 40
14 16 33
4 7 27
10 13 17
8 12 41
18 21 1
13 16 6
6 10 22
8 12 14
21 0 11
10 14 14
22 2 41
10 12 23
6 10 3
3 7 48
7 8 5
16 19 42
22 1 34
20 0 30
22 1 44
3 6 37
15 17 43
14 17 17
2 5 29
16 20 30
6 8 31
19 22 9
11 14 47
16 20 33
15 18 27
19 22 18
2 5 35
19 22 5
6 11 35
9 12 2
8 12 7
7 11 17
0 3 37
14 16 31
12 14 18
9 13 47
10 15 22
2 4 37
23 4 19
0 3 2
19 20 17
4 6 25
12 15 6
3 7 4
3 6 13
0 4 1
20 23 1
21 23 18
23 3 46
2 3 31
20 22 5
0 1 20
1 4 9
8 10 43
11 14 48
16 20 3
11 14 45
14 18 30
9 14 17
18 20 27
4 6 39
16 17 27
21 0 29
23 3 29
6 9 3
0 3 41
14 17 4
19 23 3
3 4 34
19 1 45
17 21 17
21 0 2
16 19 25
14 18 48
16 19 21
9 12 14
10 13 48
16 19 10
3 6 9
8 13 49
7 11 36
5 8 33
3 5 15
8 12 7
10 14 2
4 8 45
9 13 18
4 8 26
23 1 11
19 23 42
6 8 6
5 10 27
7 11 37
12 15 11
4 7 30
15 18 2
8 11 38
19 22 30
0 5 35
20 22 14
15 19 38
12 13 12
8 11 19
17 19 41
5 9 46
12 15 22
9 11 28
13 15 24
21 0 42
10 15 30
10 13 43
13 16 4
12 16 12
12 15 43
23 1 48
3 5 47
1 3 27
10 14 2
15 20 42
7 9 18
14 16 49
15 17 12
12 15 18
14 17 15
12 17 6
11 14 25
16 18 18
8 11 28
22 0 20
13 14 41
21 23 33
5 8 48
8 11 11
8 9 41
23 3 40
1 3 35
16 19 47
18 21 5
14 17 49
0 3 4
16 19 34
23 3 43
11 13 35
1 2 12
6 8 28
8 10 26
3 5 22
7 11 31
21 1 49
15 18 17
6 8 22
2 4 13
0 4 35
17 20 15
19 23 49
23 1 7
22 2 5
22 2 22
5 8 46
14 16 25
17 18 11
5 7 14
7 10 9
23 2 6
16 19 39
9 13 17
17 19 3
15 16 30
12 13 27
19 22 13
13 16 34
5 7 34
21 0 15
18 20 11
15 17 30
22 23 5
2 5 33
22 1 16
9 13 6
1 4 33
14 16 17
11 12 16
22 1 5
15 18 4
4 6 43
11 14 25
22 0 38
18 23 32
15 19 26
17 21 24
17 20 9
8 12 15
4 7 9
3 7 3
17 19 37
7 9 42
16 18 39
6 8 23
6 10 17
14 17 42
2 5 21
3 7 37
0 4 7
18 22 22
6 6 1
0 4 35
14 17 30
20 0 47
0 3 32
22 1 18
17 18 26
17 20 21
3 7 32
22 1 24
19 23 8
3 7 25
8 11 24
3 5 43
4 6 28
22 0 6
0 3 11
15 17 8
3 4 4
20 23 36
3 6 48
17 20 45
7 12 10
22 1 41
6 9 12
23 2 26
18 21 38
22 1 21
23 2 1
1 3 12
20 23 19
4 7 8
14 18 43
8 10 5
2 6 3
4 8 32
21 0 26
8 13 25
13 15 40
2 6 32
16 20 42
10 12 21
3 6 11
12 15 3
16 19 26
9 14 33
9 12 21
8 12 45
1 6 5
20 21 29
14 16 23
19 20 32
22 3 18
1 3 46
4 7 21
21 23 41
11 14 4
20 23 35
13 15 1
19 21 18
8 10 25
15 18 14
17 19 36
18 21 41
19 0 44
16 19 35
1 5 49
2 5 6
16 21 23
6 8 20
17 21 1
20 22 32
17 19 35
19 22 34
21 0 40
1 3 37
12 15 11
5 7 39
13 16 48
22 0 9
19 23 10
7 10 29
1 4 43
16 19 31
7 9 16
10 12 30
21 23 33
4 8 38
22 0 36
5 8 39
1 4 4
21 23 41
23 3 9
18 23 33
15 19 9
16 20 12
0 5 3
9 13 9
19 22 12
7 11 47
7 10 49
15 17 27
14 17 30
19 0 28
5 7 5
15 19 30
5 8 5
1 4 40
4 7 3
19 20 19
6 8 18
19 22 10
22 2 33
5 9 17
12 16 48
7 11 30
4 7 18
2 5 38
20 0 48
4 6 43
5 7 1
20 23 47
4 7 39
6 9 41
9 11 28
10 12 2
15 19 19
12 15 8
16 19 22
2 5 42
23 1 34
22 0 45
15 18 37
7 10 30
20 0 9
2 6 28
8 12 9
15 18 8
11 13 44
22 1 12
3 7 46
22 2 37
1 5 18
19 23 26
20 23 20
17 19 35
11 14 15
7 10 22
5 8 37
7 9 37
15 20 49
4 7 41
10 13 44
15 18 43
20 22 23
23 0 35
1 6 15
11 14 40
4 7 4
22 4 35
19 0 7
5 9 45
22 2 15
0 2 9
8 11 25
10 12 46
12 15 49
14 17 11
2 4 31
14 17 20
21 1 13
3 6 18
20 0 8
20 23 5
16 19 17
21 0 38
20 23 34
13 15 19
22 23 39
15 16 42
0 3 32
19 21 21
23 1 26
4 8 22
10 14 7
12 16 37
17 20 8
15 18 24
23 3 42
19 22 49
9 13 36
8 11 16
7 9 1
5 10 46
18 21 15
11 14 40
15 19 44
23 2 11
23 2 38
20 0 41
15 18 11
4 6 27
18 21 25
18 21 2
23 3 28
20 22 17
6 9 38
10 14 45
9 12 6
4 8 5
17 20 32
19 23 36
2 4 20
9 13 42
12 14 26
17 20 34
21 0 28
1 5 49
23 2 16
21 23 43
13 14 19
4 9 14
8 10 21
6 8 21
13 16 31
22 0 4
4 9 37
1 5 42
19 22 5
10 14 44
14 17 17
17 22 39
19 22 30
0 3 48
17 20 3
16 20 43
9 12 40
21 1 30
8 8 3
4 9 35
10 13 25
15 19 33
20 0 47
14 17 31
14 19 16
5 6 26
16 20 37
11 13 33
9 12 48
13 16 47
9 12 24
17 23 39
4 8 3
18 21 39
22 2 43
1 5 19
8 11 42
0 3 4
14 16 40
10 12 7
11 13 7
5 6 15
12 17 39
15 19 34
3 5 24
8 10 5
12 14 34
1 4 32
10 13 7
0 4 40
18 20 47
2 4 16
16 21 38
8 13 23
22 1 28
13 19 38
19 19 6
19 22 9
13 16 21
19 21 40
0 3 43
3 7 43
10 14 33
13 17 23
2 6 14
6 9 47
5 8 20
10 12 19
14 19 35
13 18 47
20 23 5
1 4 13
19 21 41
12 15 24
13 16 6
8 11 35
0 4 28
1 4 6
3 8 32
9 12 1
15 16 11
19 0 21
10 14 20
3 4 6
3 6 41
19 23 29
20 23 27
20 21 36
15 17 42
22 3 31
19 22 20
2 3 39
6 10 9
2 4 35
12 16 31
14 16 36
14 20 2
3 8 39
11 14 16
0 3 37
7 10 41
9 12 47
1 3 21
22 1 30
22 1 28
22 0 7
7 10 35
11 13 26
2 4 27
4 8 9
7 9 8
10 13 17
16 19 25
15 17 46
3 7 18
21 0 16
12 15 43
0 2 40
16 20 36
17 21 31
20 0 45
11 15 30
14 16 41
17 20 10
13 16 22
12 15 23
1 3 22
7 10 19
6 9 27
10 14 43
4 8 25
5 8 39
22 0 48
15 18 12
6 9 26
10 13 44
6 11 12
3 6 36
3 7 16
8 10 47
7 10 26
13 16 32
19 19 11
16 20 29
4 7 26
3 6 14
13 16 42
15 18 48
20 22 27
20 0 13
14 17 30
11 15 9
11 15 13
19 21 4
20 0 47
3 6 37
10 13 45
2 6 19
4 6 15
22 1 6
5 8 1
7 12 35
0 1 44
17 21 4
13 15 38
14 16 33
23 3 1
7 10 42
21 0 41
10 13 29
7 12 21
17 19 29
6 11 23
19 22 31
3 6 23
9 12 1
8 10 32
18 21 8
3 6 6
1 4 25
14 18 22
0 3 14
21 23 7
11 14 38
16 19 36
11 13 21
22 1 4
0 2 43
13 15 7
16 18 22
17 19 26
16 20 36
21 0 21
1 3 19
23 2 44
19 20 35
7 9 44
19 21 21
23 2 31
14 18 44
6 10 5
0 3 35
22 1 10
14 16 7
21 23 49
1 4 30
19 22 7
6 9 49
18 22 38
0 4 10
23 2 20
1 4 6
19 22 10
6 10 49
17 21 5
11 15 22
8 10 23
21 23 11
19 22 17
19 23 7
4 5 9
2 7 11
7 10 13
14 17 22
23 2 33
8 13 8
14 16 48
18 19 46
13 16 19
22 0 45
3 6 12
3 4 25
13 16 49
11 13 16
9 12 37
19 23 24
22 1 37
8 10 22
7 9 16
17 19 30
16 18 22
0 4 39
17 18 28
12 14 27
3 7 6
11 13 42
2 6 12
3 7 21
2 5 28
8 12 5
23 0 30
14 16 29
18 21 40
13 17 45
13 16 12
14 17 24
3 6 10
10 12 28
6 11 42
18 20 45
12 15 4
19 0 18
10 11 41
10 13 5
9 14 42
16 18 18
19 22 35
1 3 2
21 0 23
20 23 3
6 9 19
1 4 33
17 20 48
20 22 16
6 8 3
5 8 3
21 23 39
0 3 45
17 20 3
4 8 19
7 11 44
7 12 35
8 11 49
5 10 5
11 13 7
23 2 46
18 20 38
4 7 14
17 21 14
9 13 49
23 1 37
18 20 4
16 19 7
20 0 24
7 10 10
12 16 41
3 7 23
4 9 44
20 23 38
12 16 48
4 8 39
6 8 31
1 3 40
23 2 34
7 10 10
15 19 6
1 3 27
23 2 35
9 12 27
1 6 10
22 1 47
6 11 11
8 11 44
7 10 19
4 8 15
15 17 5
11 13 33
22 1 38
16 19 8
14 16 30
4 5 28
19 22 34
5 7 42
22 1 31
21 0 46
18 20 46
23 2 20
6 8 46
22 0 20
6 8 18
22 1 49
8 13 18
2 4 20
1 3 9
5 9 20
12 17 16
1 3 48
9 12 20
23 2 41
6 10 28
6 9 28
2 6 33
18 21 2
0 4 13
9 12 33
16 19 17
21 0 12
13 14 26
9 13 18
8 10 18
2 4 18
5 7 34
14 18 9
16 19 9
17 20 3
9 12 44
12 15 22
13 16 3
12 15 1
6 9 29
19 0 9
0 4 30
1 3 29
17 21 21
10 14 18
3 6 40
1 5 43
12 15 19
15 18 23
17 21 7
6 9 28
21 1 12
11 14 21
9 12 10
1 5 47
16 20 14
14 16 22
7 10 5
9 12 10
9 12 15
13 15 30
1 3 25
10 13 15
8 12 37
1 4 18
6 7 33
5 10 31
1 5 6
11 14 41
12 15 7
14 18 35
9 14 18
0 3 18
4 6 46
10 13 43
9 13 7
19 22 21
5 9 20
15 17 48
8 10 2
18 20 40
16 19 24
1 5 4
9 12 36
14 17 8
5 8 26
6 9 12
15 19 22
21 1 29
7 9 27
23 2 49
20 0 41
7 9 22
0 2 37
12 17 11
7 9 41
1 3 7
16 17 33
16 20 18
20 22 49
2 5 8
4 8 27
4 6 25
3 5 7
22 2 15
9 11 44
23 1 13
15 18 32
16 19 43
0 2 7
20 22 30
11 15 41
19 23 8
11 14 48
4 8 43
4 7 24
3 5 29
17 20 27
3 6 23
11 15 41
18 22 1
3 7 27
21 21 32
10 12 35
19 0 35
17 20 41
13 16 30
5 9 32
22 1 45
6 10 6
4 7 33
13 14 38
12 16 45
12 16 19
17 20 48
10 11 11
18 20 46
3 5 19
14 17 2
13 16 5
17 21 38
19 0 20
4 8 4
11 12 31
22 1 4
13 16 17
10 12 14
11 14 48
9 12 47
8 11 13
1 5 5
15 16 7
10 14 39
13 17 38
9 14 49
1 5 40
3 5 12
8 11 38
6 7 47
10 14 9
22 2 15
2 5 3
3 5 11
11 14 29
13 17 6
9 14 10
22 1 8
11 14 10
6 9 23
10 13 39
14 16 18
13 16 8
2 5 21
22 0 34
20 0 26
22 0 39
22 2 14
12 16 49
23 3 39
6 8 22
5 7 23
13 15 33
13 15 35
15 19 3
17 20 2
12 18 9
19 22 35
22 3 38
4 7 23
2 5 31
2 4 36
20 22 30
14 18 39
18 20 22
11 13 31
12 13 11
7 11 15
2 4 26
19 20 3
1 3 28
5 7 3
18 20 17
0 3 32
13 17 47
13 17 6
8 11 22
8 11 22
7 9 30
21 23 36
14 18 7
2 6 25
11 14 18
22 3 29
11 15 11
23 2 28
2 5 7
11 13 40
0 4 22
18 23 6
11 16 9
16 20 19
6 9 41
14 19 13
6 9 7
15 18 1
22 1 45
17 20 9
19 21 41
11 14 31
22 2 37
5 8 13
14 19 15
23 3 13
15 19 31
12 16 29
16 21 2
10 14 29
18 22 45
6 8 22
18 21 27
3 4 3
5 9 42
8 10 4
19 0 5
3 5 37
19 0 49
4 6 46
18 19 36
10 13 2
1 5 6
6 12 26
16 21 30
7 9 4
21 0 24
3 6 30
15 18 43
7 11 15
18 20 18
21 2 47
10 11 48
21 1 46
12 13 24
22 2 22
19 21 34
1 5 14
3 4 20
22 2 14
21 1 19
3 6 6
10 11 16
2 4 27
16 20 34
13 17 7
19 21 26
13 17 45
15 20 4
11 13 3
6 8 10
19 22 40
8 10 41
22 2 28
11 16 24
12 16 1
12 14 8
4 6 1
11 15 4
8 10 12
15 18 44
8 13 37
20 23 20
3 8 6
21 1 30
10 12 30
7 12 3
23 2 49
7 9 38
6 10 46
14 18 38
4 7 38
4 7 37
18 21 8
7 11 46
18 21 21
8 11 38
0 2 18
21 1 2
9 12 17
2 4 12
4 8 22
8 11 5
13 17 12
1 3 47
20 1 11
15 19 7
19 23 42
3 6 14
0 4 11
9 11 44
17 19 42
16 17 5
8 12 32
17 21 11
14 18 20
10 12 26
7 10 27
16 17 18
19 22 44
2 4 41
17 21 45
23 2 4
14 16 33
12 14 11
0 4 47
22 1 3
18 20 40
16 19 41
17 19 34
6 8 47
20 23 30
3 7 24
3 8 22
19 22 41
20 23 32
17 18 22
23 3 47
1 3 30
8 13 27
6 10 23
13 17 20
3 4 31
20 23 16
13 15 6
22 1 42
0 3 2
18 20 48
10 13 12
11 15 35
0 3 25
17 21 49
17 20 28
2 4 21
12 15 11
6 10 19
3 8 11
22 1 24
12 13 39
17 20 1
6 8 27
17 20 29
22 22 1
10 13 29
8 11 37
9 12 35
21 1 42
0 2 11
4 8 28
9 12 19
11 15 6
12 16 35
21 1 46
19 21 37
15 18 43
8 10 47
22 1 36
17 21 5
5 7 26
8 10 13
14 18 35
12 14 44
23 2 47
17 19 34
7 9 43
10 15 2
10 13 29
10 14 24
3 5 44
3 6 17
12 17 32
23 2 12
22 1 10
17 19 37
1 5 12
2 5 45
17 21 16
22 23 17
17 20 23
23 2 39
4 6 20
11 14 34
23 1 28
6 10 25
9 12 30
7 9 24
13 16 25
6 9 5
14 16 29
9 12 42
11 15 9
7 10 27
21 1 44
10 13 6
22 2 27
0 4 3
5 8 22
1 4 7
5 7 13
8 11 31
21 23 27
19 23 22
9 12 49
17 20 20
15 17 15
17 18 33
16 21 18
5 7 1
15 17 4
21 0 5
21 23 8
18 22 34
0 4 12
12 16 24
8 12 23
0 4 17
15 19 23
11 14 42
22 1 41
20 0 10
0 2 5
16 19 48
11 15 32
13 15 34
13 18 25
9 14 29
15 17 29
14 17 12
2 5 4
6 10 29
12 15 36
14 17 36
20 22 14
1 4 22
19 21 27
23 3 22
0 4 27
3 6 2
8 10 28
22 1 43
10 16 37
16 20 44
15 17 19
19 21 21
16 19 5
23 1 19
23 1 29
22 0 40
17 20 1
20 22 1
6 11 45
2 8 31
7 11 2
11 15 39
2 5 21
8 10 36
0 3 41
11 16 19
7 10 15
0 3 20
17 20 43
7 8 12
3 7 18
13 15 35
12 14 48
4 8 49
8 11 40
1 5 26
3 4 41
19 23 18
23 3 36
20 22 27
13 17 14
0 2 27
13 18 38
3 6 7
6 8 41
16 18 8
20 22 30
11 15 22
9 12 21
1 4 46
14 19 30
8 11 30
1 4 14
15 18 23
2 5 32
14 17 9
13 16 36
4 5 40
2 5 5
10 13 19
23 3 48
9 12 5
0 2 45
21 22 21
13 15 20
3 6 46
17 22 38
13 16 28
4 8 45
12 15 44
6 8 9
18 22 22
16 19 1
7 10 36
3 6 42
21 1 37
23 2 38
16 18 43
2 6 40
18 19 33
17 19 31
1 3 7
15 19 16
13 17 32
6 8 30
12 17 46
1 3 41
13 16 16
16 19 11
9 11 5
21 23 38
23 0 12
17 20 30
7 11 39
3 7 38
19 22 31
11 15 49
18 21 43
17 19 35
2 4 3
16 21 16
0 4 40
21 23 25
12 17 22
8 11 48
23 2 13
16 21 29
14 16 7
7 11 29
9 13 7
23 3 15
3 5 31
17 20 36
4 7 22
3 7 41
20 21 20
15 20 19
11 13 8
11 16 16
9 11 36
9 12 4
7 11 27
20 22 46
0 0 13
23 3 44
18 21 49
8 11 4
6 9 49
11 14 35
9 12 5
0 2 32
15 17 26
7 11 5
11 14 5
15 17 24
6 9 18
8 10 5
14 18 26
17 20 24
17 22 6
11 13 29
13 16 1
4 6 6
23 2 44
2 5 26
8 11 17
13 16 3
4 8 17
1 4 24
12 15 5
8 10 39
5 9 30
6 9 41
14 15 41
3 5 23
10 14 48
15 19 12
13 16 8
15 17 36
12 16 5
7 10 22
10 13 37
17 21 29
2 5 49
2 4 10
17 20 38
18 20 30
11 14 11
20 22 30
12 15 26
3 6 22
19 22 34
17 20 2
13 15 37
14 17 46
5 8 45
12 14 10
4 9 25
6 8 45
14 17 10
23 3 48
16 18 23
20 0 19
10 12 21
0 2 8
13 18 3
13 16 7
20 23 6
14 18 5
1 4 16
12 14 34
9 12 44
18 21 39
14 16 15
10 13 44
14 17 3
21 0 9
21 0 41
5 9 13
11 14 38
11 13 44
15 18 2
9 10 5
14 16 26
16 18 27
11 14 31
4 6 14
20 0 2
3 6 43
2 5 8
3 7 24
10 13 15
2 6 33
1 3 11
16 18 19
4 8 31
19 22 4
3 7 39
16 19 26
10 13 26
21 23 15
15 17 16
3 7 33
0 2 24
13 15 10
14 17 11
4 6 2
0 5 2
2 5 26
16 19 19
9 14 25
23 4 10
17 19 42
22 0 43
7 10 40
16 19 4
13 15 9
19 22 22
20 23 10
2 6 45
12 15 9
3 6 36
22 0 1
3 6 7
13 17 1
18 22 38
4 7 7
7 10 27
5 9 38
6 8 11
14 17 1
16 21 17
0 3 14
17 18 23
11 14 26
3 8 2
5 9 46
12 14 23
3 6 15
14 15 26
16 18 3
4 7 5
9 13 17
9 11 14
15 15 20
17 20 37
20 23 13
21 21 14
6 10 49
5 8 41
3 6 46
21 0 33
3 5 44
7 9 45
1 4 34
12 15 28
17 20 16
18 19 41
20 23 9
23 3 27
10 15 22
9 13 11
18 0 33
21 22 29
1 4 6
17 19 37
22 3 13
11 14 17
17 19 2
15 20 28
13 17 6
1 5 45
15 17 20
5 7 4
6 9 27
7 10 46
9 10 49
19 22 44
17 21 34
23 2 34
19 21 30
8 11 40
8 11 5
15 18 32
19 21 3
0 4 12
12 15 32
13 17 45
8 11 43
12 15 2
17 20 25
11 14 5
14 16 3
8 11 45
4 7 11
6 11 3
4 7 37
23 2 1
15 16 37
17 21 27
12 16 39
14 16 22
14 18 45
22 0 11
3 5 40
0 2 16
10 12 45
15 18 3
11 14 3
6 7 33
6 9 12
20 23 12
15 19 12
7 9 30
8 11 12
19 0 16
12 15 47
3 5 11
22 0 6
15 16 41
15 18 10
0 1 30
22 0 11
21 23 24
3 7 8
15 18 40
15 19 12
23 1 34
19 22 18
4 7 13
10 12 11
14 18 20
16 20 21
3 5 3
7 9 41
15 17 29
3 6 44
11 13 33
1 3 41
22 1 23
22 1 16
13 16 7
1 4 26
13 16 14
20 0 35
9 13 32
4 8 34
10 13 16
7 10 15
2 5 9
2 6 40
23 3 3
7 9 10
17 20 43
18 20 46
19 22 3
3 7 15
21 0 33
9 11 12
8 11 19
1 5 34
4 7 19
1 4 47
12 14 7
9 13 21
19 22 40
10 13 49
23 3 19
12 15 37
7 9 43
9 13 22
4 6 9
9 13 32
3 6 44
17 21 45
15 18 43
9 11 49
7 10 43
3 5 40
11 15 32
21 1 36
21 0 42
9 12 31
18 20 6
2 7 39
23 1 16
23 2 38
18 21 14
0 1 41
10 13 30
18 21 28
7 9 41
1 6 13
11 14 41
11 14 18
0 4 19
4 7 33
2 6 6
11 14 1
6 10 46
23 1 24
9 13 17
12 15 22
6 9 32
3 6 1
5 8 27
12 15 31
12 16 18
15 17 6
21 23 7
7 9 30
2 5 43
18 19 32
16 19 43
16 18 22
18 20 13
13 15 23
3 7 24
18 21 44
10 14 12
22 0 15
18 20 32
18 22 40
13 16 25
23 0 27
2 4 39
17 20 29
0 3 25
22 0 17
1 3 32
2 5 37
23 0 25
5 6 43
14 19 11
6 9 35
0 4 31
3 5 18
18 21 8
1 4 38
5 8 3
1 6 46
17 20 35
10 14 15
23 1 28
12 16 21
17 20 42
15 17 19
3 5 49
8 11 5
8 12 43
17 19 42
9 11 16
17 22 4
9 13 15
17 19 27
13 13 5
2 4 32
4 7 46
11 14 16
23 4 5
7 11 18
0 2 29
10 12 8
20 0 12
13 15 6
15 17 12
14 18 45
14 17 39
12 15 24
19 21 32
1 3 21
8 11 14
13 18 49
23 4 19
0 2 10
20 23 23
22 1 18
10 16 10
3 6 8
6 10 37
12 17 40
14 17 17
1 4 48
3 8 30
18 20 30
18 21 19
7 10 4
2 4 33
8 11 2
4 6 14
20 22 9
9 13 48
12 16 21
11 12 25
22 1 12
21 23 8
21 0 37
12 16 8
13 16 19
19 21 15
2 5 16
3 6 40
19 21 8
9 11 24
23 2 36
23 1 41
11 15 8
4 9 29
0 2 14
21 0 43
3 6 37
5 7 4
12 13 31
18 21 30
13 16 19
6 8 48
17 21 36
21 23 12
17 21 21
14 17 43
13 15 26
15 19 17
17 20 46
5 10 13
9 12 40
2 3 42
22 3 9
6 8 29
20 22 24
13 17 28
3 5 44
11 13 24
0 3 25
7 10 1
15 16 34
13 16 30
12 14 24
0 3 47
20 0 19
22 0 22
12 16 10
9 12 37
6 9 14
4 7 15
17 20 4
12 16 5
23 2 38
0 3 43
6 10 14
17 20 10
11 13 25
1 3 6
1 3 2
10 13 40
2 5 20
22 2 1
10 13 17
9 12 46
2 5 42
15 18 26
14 16 16
2 4 46
20 0 47
18 21 39
23 2 40
18 20 14
15 17 28
10 14 41
9 13 18
22 1 8
10 14 8
20 0 22
7 11 11
11 17 12
20 22 46
4 7 7
11 14 49
2 4 47
18 23 28
10 11 43
8 12 27
15 18 8
12 15 44
8 11 4
22 3 33
23 4 5
5 9 27
5 6 24
9 13 11
6 11 47
16 19 47
0 2 41
21 2 34
9 10 15
3 5 9
3 6 25
0 2 30
8 10 47
1 3 19
2 5 23
0 3 49
4 8 47
22 1 40
8 11 44
12 17 12
22 1 9
20 0 21
14 17 15
11 14 42
11 15 32
1 3 43
0 3 41
0 3 5
0 3 6
16 19 42
5 7 41
11 14 33
12 15 20
7 9 28
20 22 8
9 13 35
3 6 36
13 16 34
20 22 15
1 6 19
23 3 46
10 13 27
12 16 24
3 5 13
3 7 10
12 17 3
21 1 32
22 1 1
10 11 42
4 7 27
1 3 41
10 14 7
21 0 47
1 3 42
4 7 32
19 21 19
18 19 48
4 7 46
2 4 42
21 22 17
0 2 1
0 4 36
2 4 3
23 3 32
3 4 28
8 10 18
9 12 17
4 5 49
17 20 8
12 16 25
23 2 17
9 13 20
10 12 10
13 15 27
15 19 30
6 9 2
1 5 9
22 0 15
21 22 24
16 19 37
0 2 25
18 21 22
16 19 46
11 13 5
17 19 29
2 5 33
12 14 15
2 6 46
14 16 48
9 12 19
19 21 32
8 11 13
6 9 30
19 23 37
19 23 28
21 23 37
12 15 44
6 9 47
19 23 1
8 11 19
23 0 13
6 9 33
16 21 35
14 17 39
4 5 1
3 7 25
8 11 25
17 20 47
3 5 8
17 21 39
15 18 46
11 15 22
8 11 12
17 19 6
16 18 47
19 22 38
9 10 24
9 13 48
17 21 8
13 16 3
20 23 15
12 14 31
0 3 36
10 14 26
12 14 13
19 21 37
8 10 22
17 21 30
16 21 14
23 2 13
23 3 43
9 10 31
12 16 37
8 11 29
15 20 17
4 9 34
13 16 5
14 17 4
20 22 13
22 0 16
5 10 47
0 4 13
8 10 5
13 16 31
7 11 1
16 18 24
6 11 9
19 22 16
2 5 17
23 2 18
11 14 25
2 5 40
18 22 10
11 15 14
5 7 1
13 17 28
9 13 23
5 10 47
18 21 49
6 12 27
12 14 3
8 9 1
20 22 27
23 3 47
12 14 15
7 10 33
12 15 45
14 18 7
21 1 18
3 6 29
15 17 47
2 4 47
13 16 16
16 20 32
4 7 21
7 10 30
21 2 27
6 8 8
5 8 47
9 12 42
11 14 12
17 21 18
13 16 2
17 21 2
23 1 22
2 6 11
8 11 40
10 13 32
21 0 46
12 14 11
4 8 40
17 19 37
4 8 34
11 15 4
10 13 35
3 7 48
8 11 42
7 10 9
9 13 48
6 9 46
11 14 2
20 2 49
23 3 41
23 3 15
15 19 40
10 14 7
22 2 24
11 13 9
9 12 31
1 5 35
9 13 4
0 3 36
17 21 32
1 6 33
0 4 11
17 21 20
20 23 17
23 1 8
14 19 27
16 18 20
6 10 1
23 2 29
8 10 26
9 11 46
16 19 15
10 14 39
2 6 29
1 5 34
5 8 12
15 20 31
16 18 39
1 3 22
18 21 36
4 7 34
11 15 19
5 8 39
5 10 8
2 6 6
1 4 15
10 13 20
22 0 22
8 10 19
19 23 9
7 9 19
17 21 5
2 5 46
9 12 49
15 20 23
19 23 44
20 23 35
16 18 45
22 2 1
0 3 17
19 0 44
4 7 1
21 23 3
13 15 39
11 15 14
23 3 43
0 2 30
13 14 12
11 14 30
2 5 14
4 7 40
7 10 45
19 20 40
0 4 36
19 23 5
5 9 36
16 18 18
6 9 13
11 13 14
21 1 42
18 21 46
6 9 45
3 5 38
23 2 24
10 11 5
15 19 49
13 17 19
5 7 23
19 0 36
21 0 13
0 5 35
15 16 5
16 18 26
4 6 17
22 3 6
5 8 35
20 22 28
7 9 39
4 7 13
4 7 35
6 10 9
23 3 12
8 11 28
12 13 47
18 19 35
15 19 29
11 13 6
22 0 4
22 2 25
18 21 4
6 8 24
1 5 28
18 21 47
4 7 8
7 11 16
23 2 16
15 19 46
23 1 3
8 11 32
10 13 29
2 3 31
7 9 7
20 22 46
0 3 32
10 12 43
21 1 39
15 17 8
1 5 10
4 9 19
1 2 34
22 2 40
6 9 30
3 6 21
19 22 43
12 15 22
1 5 5
4 7 8
22 1 13
11 15 10
12 15 49
20 23 4
16 18 1
1 6 7
19 22 25
5 8 42
23 3 5
23 0 29
23 3 1
4 8 16
21 23 15
17 20 43
1 3 40
19 22 48
17 19 41
14 18 49
17 21 2
0 3 41
21 1 9
17 22 16
15 19 13
21 2 19
9 13 39
16 20 32
5 9 43
12 17 32
14 17 21
17 21 14
7 11 28
5 7 5
3 8 26
12 17 14
0 5 29
18 19 17
21 1 19
1 4 16
13 16 2
5 8 15
4 8 30
22 1 27
20 0 44
19 23 15
20 22 40
13 15 39
21 2 22
18 20 47
7 11 32
10 13 40
12 16 2
13 16 34
8 10 26
4 7 30
3 6 11
19 22 22
9 13 12
13 16 44
19 23 4
6 9 22
3 7 30
13 15 30
8 11 35
12 15 9
2 6 27
11 14 12
13 15 37
22 23 19
22 0 6
3 5 9
4 8 21
8 12 25
1 5 13
2 4 19
22 1 28
18 20 42
22 1 47
11 13 21
5 10 36
15 19 25
8 11 8
10 14 25
14 16 20
18 21 19
10 13 47
13 17 5
13 15 14
23 2 27
2 5 1
4 7 45
17 20 42
4 8 33
0 4 9
6 9 12
21 1 6
3 6 17
7 10 26
17 20 42
10 13 15
13 15 27
11 15 2
23 1 21
21 2 15
7 9 39
20 21 16
16 19 49
20 23 29
20 22 14
21 1 39
14 17 41
7 11 46
7 9 32
23 2 8
13 16 35
5 8 39
14 16 49
0 3 5
3 8 27
22 1 36
8 11 22
3 6 37
18 20 14
0 3 10
16 18 35
22 2 27
16 20 4
5 8 9
8 13 20
15 18 37
4 7 34
12 16 12
18 21 13
2 7 31
0 3 33
13 17 45
18 22 15
16 17 17
14 19 23
9 11 1
21 23 2
3 5 48
4 7 30
10 12 14
8 11 48
21 1 29
19 23 40
23 2 26
20 22 18
5 8 28
15 19 39
23 2 38
1 3 17
21 23 14
16 20 8
3 6 2
23 1 17
15 17 8
19 22 42
22 1 23
5 6 36
5 8 9
0 3 32
12 14 4
7 11 23
19 23 35
22 1 3
2 5 49
4 8 17
8 10 42
8 13 16
15 18 18
12 15 46
9 12 28
9 14 13
18 19 40
14 16 15
22 0 4
21 0 15
12 14 46
19 22 36
8 11 36
13 16 44
5 9 26
12 14 24
22 2 13
17 20 40
21 23 8
17 19 32
23 3 16
1 4 44
14 17 3
16 19 25
4 7 20
22 1 26
2 6 25
6 7 28
11 14 49
14 18 43
13 15 34
19 20 30
9 13 13
17 21 37
3 6 15
18 23 35
13 17 2
21 1 4
2 7 48
7 10 3
10 14 36
3 4 16
16 20 33
21 0 23
4 7 46
11 16 9
9 13 10
1 4 7
12 14 24
15 19 34
0 2 31
23 1 33
18 22 5
6 10 36
21 23 48
16 17 28
19 0 39
13 17 5
4 8 33
10 13 39
23 2 21
0 3 5
0 5 36
7 10 19
2 5 49
6 8 38
4 7 4
21 1 9
6 8 41
7 9 17
14 17 16
5 9 16
4 8 37
9 12 43
4 8 34
14 18 42
19 21 28
1 4 11
5 9 21
11 16 18
8 12 36
0 4 34
1 5 48
6 9 33
9 12 14
2 6 48
13 18 2
18 22 19
10 14 49
5 7 38
17 19 2
21 23 41
4 7 6
9 12 29
0 2 27
23 2 11
11 15 17
11 14 48
20 22 32
23 4 15
9 11 1
17 20 42
5 8 32
6 9 14
10 12 2
13 17 19
7 9 22
7 10 10
2 3 14
1 3 11
2 3 46
3 6 2
1 5 27
11 15 42
16 20 49
3 4 38
1 2 29
3 5 35
6 10 38
11 14 30
11 16 43
5 7 17
1 3 13
2 4 16
3 5 21
15 18 15
23 1 23
17 20 24
12 16 22
4 7 23
2 3 35
22 0 33
11 15 3
4 6 37
19 21 10
11 14 14
23 1 9
15 17 1
9 11 32
7 11 29
18 21 23
21 0 14
13 16 24
5 9 37
1 3 33
1 3 6
5 8 39
6 9 7
0 2 45
20 21 15
8 12 11
1 4 48
4 6 5
14 17 45
6 11 13
14 16 25
19 22 31
4 7 47
2 5 11
11 12 34
10 13 42
12 15 13
7 11 17
11 14 23
5 7 46
16 18 35
4 7 44
20 0 46
16 20 20
6 8 44
10 14 23
9 11 11
16 18 43
15 19 38
19 22 41
11 15 30
6 10 20
7 8 5
19 22 37
16 17 39
22 3 44
23 1 20
21 22 23
16 18 12
17 21 18
22 0 21
3 6 24
9 12 27
13 15 9
23 2 17
15 18 16
22 23 34
21 0 30
16 19 33
16 19 18
10 13 43
21 23 34
20 23 40
9 13 1
13 15 19
14 16 1
20 22 44
8 10 19
10 14 46
17 18 27
16 19 1
8 11 28
7 10 39
11 15 7
1 6 15
19 21 16
22 1 27
11 13 34
18 19 41
7 10 16
0 4 6
4 7 40
2 5 40
15 18 19
12 14 4
17 18 2
11 15 42
16 19 10
2 4 19
1 3 28
3 5 24
16 19 32
8 10 5
15 18 25
18 22 11
16 19 36
1 3 7
9 12 30
21 0 6
4 7 33
23 0 48
4 7 44
22 0 29
14 19 35
0 4 23
21 23 4
11 15 4
19 22 17
7 11 7
13 18 7
2 5 21
6 9 6
5 7 41
16 19 7
7 10 49
19 0 22
9 11 11
1 3 4
13 16 34
14 17 14
22 2 15
3 5 32
2 4 5
10 12 43
22 0 30
4 7 10
15 20 28
21 0 33
9 13 24
1 3 9
14 16 37
4 6 16
7 9 4
10 12 8
13 17 22
22 1 9
2 4 20
3 5 8
11 15 34
21 22 25
6 7 13
18 22 14
1 4 36
5 7 38
1 5 23
4 9 24
20 0 46
8 10 45
12 15 28
7 9 24
18 20 47
0 4 31
15 17 49
22 0 9
9 13 8
13 16 38
12 14 49
15 18 35
6 9 43
2 3 24
10 11 29
5 8 15
10 14 38
2 6 3
6 10 22
11 16 49
1 4 18
14 15 34
13 16 36
16 19 4
19 22 2
15 18 17
22 1 22
17 19 47
21 0 2
4 6 37
12 15 12
13 17 35
9 12 7
20 23 38
15 18 33
11 13 14
18 22 40
5 8 4
14 17 48
12 16 7
10 13 17
8 9 14
22 0 47
15 17 48
16 20 20
5 10 11
11 11 27
22 0 1
6 9 27
23 2 3
15 19 17
2 5 25
10 13 33
10 13 2
20 0 23
22 1 43
6 11 39
0 6 42
14 17 49
18 22 12
15 18 3
3 7 22
0 1 38
3 5 22
16 19 16
1 4 28
10 13 49
4 6 16
0 1 32
19 20 13
11 16 31
18 21 44
0 3 30
12 15 44
17 20 11
14 17 31
23 2 6
8 10 45
21 0 17
17 21 9
0 2 12
22 2 6
4 7 31
17 20 4
1 5 42
8 11 48
18 0 35
9 10 1
16 19 12
2 5 11
21 1 45
2 6 4
14 17 15
5 9 25
15 17 24
11 14 6
21 23 49
13 16 48
1 2 32
7 11 23
6 8 13
20 1 12
13 14 49
1 6 1
14 14 48
12 15 29
2 5 19
13 17 46
2 4 37
13 17 27
19 23 39
1 3 40
14 18 48
8 10 35
2 3 49
19 21 49
4 8 14
16 19 36
10 13 13
1 6 13
1 4 2
22 0 9
11 13 9
3 6 46
2 4 29
16 19 8
15 19 2
6 9 15
2 5 2
15 17 48
22 2 39
15 18 4
8 12 12
12 15 27
20 21 4
4 8 36
17 17 20
3 7 16
9 13 11
3 5 44
14 18 46
15 21 31
16 20 40
2 4 22
7 10 28
5 10 17
15 18 14
19 22 4
16 19 30
16 17 13
7 11 21
18 21 8
7 11 24
0 3 37
0 4 9
10 12 13
3 4 32
17 18 4
11 13 47
22 1 43
0 3 23
4 7 35
6 8 42
11 13 46
5 8 33
19 23 12
1 3 16
13 16 25
23 1 41
1 5 16
7 12 18
1 3 4
5 10 42
23 3 23
10 12 24
10 14 33
19 22 11
14 16 29
8 11 33
20 22 7
14 17 17
17 20 41
13 16 10
10 13 14
9 13 29
13 17 40
18 20 24
11 14 11
12 16 46
2 6 48
2 5 25
9 12 45
17 19 40
21 0 16
12 15 18
1 4 15
4 5 34
6 9 46
6 7 6
10 13 46
23 1 42
17 19 8
15 18 10
1 4 18
18 23 41
20 23 10
9 15 40
16 19 23
21 23 25
11 16 43
10 14 29
6 9 39
17 20 42
13 16 34
14 16 47
2 3 40
3 6 27
8 10 30
8 11 49
7 10 17
15 17 30
4 9 2
6 8 3
20 1 9
20 22 31
20 23 11
16 20 42
3 5 39
1 4 1
7 8 36
11 13 20
12 16 25
17 18 34
22 2 16
14 17 25
17 20 20
13 16 33
12 16 16
3 7 6
12 15 29
11 14 39
16 20 6
19 22 19
5 5 39
8 11 12
23 1 49
22 1 5
16 20 30
11 13 10
17 19 7
5 10 29
3 5 39
10 12 32
12 12 21
18 22 39
21 23 35
4 6 33
22 1 36
23 1 6
0 3 34
19 20 23
22 2 47
12 17 34
11 15 25
11 15 48
14 17 32
9 12 49
5 9 26
9 11 34
10 14 21
16 17 7
11 14 5
23 1 17
21 23 27
20 23 9
2 5 11
15 18 21
6 7 26
2 4 24
9 13 33
11 15 49
23 3 45
18 22 3
12 15 10
3 5 40
17 22 22
20 0 28
16 19 7
9 12 24
10 13 44
19 21 10
5 9 16
19 23 27
8 10 28
18 21 25
19 23 11
16 19 39
13 16 9
15 18 42
1 5 28
10 13 6
10 14 27
22 1 16
12 13 45
14 17 34
17 17 28
16 19 40
14 16 18
21 1 22
9 10 31
6 8 39
22 0 16
16 19 5
16 18 15
8 12 43
4 7 23
11 16 32
19 23 3
5 9 47
5 8 30
18 21 9
6 10 6
15 18 28
14 18 15
16 18 38
18 22 1
14 15 47
22 0 33
21 23 11
15 18 34
10 14 35
13 16 34
21 0 19
23 2 5
20 1 49
10 13 42
15 19 22
13 16 12
19 22 23
1 4 42
15 19 21
12 17 43
4 8 48
11 13 41
20 0 47
9 12 33
16 20 28
8 10 40
19 21 2
19 23 44
17 20 15
6 9 28
6 8 18
16 20 40
14 19 4
14 18 16
17 20 3
17 19 8
13 16 43
23 1 19
15 17 16
6 9 40
20 0 14
20 0 7
5 9 11
1 4 24
8 11 41
11 16 3
8 12 37
0 1 43
10 12 1
3 7 9
11 14 27
13 18 25
15 19 6
21 0 18
21 0 41
21 23 29
20 0 46
14 16 2
13 17 48
21 1 10
8 10 43
9 14 35
17 21 4
7 11 18
18 22 16
6 8 43
14 18 2
8 12 49
22 0 29
0 1 24
10 12 45
14 18 7
19 21 5
16 19 7
19 21 22
1 6 30
22 23 9
17 21 25
0 3 40
22 3 20
11 15 17
22 1 9
21 0 4
9 11 13
3 8 42
9 13 24
5 7 49
3 6 39
12 17 6
19 22 21
3 5 46
20 22 3
16 18 8
14 18 29
23 1 16
5 7 11
5 7 45
6 9 40
0 3 45
16 19 3
13 15 25
7 10 47
2 6 20
17 19 26
19 23 29
3 5 35
1 2 7
6 9 21
9 10 16
3 4 40
11 14 44
17 22 46
8 12 42
21 0 46
23 3 17
23 1 29
14 16 36
18 21 7
15 19 13
15 17 24
14 16 18
11 14 46
0 3 26
12 15 34
7 11 49
5 9 21
0 4 8
9 12 45
17 20 47
17 20 45
16 20 12
0 5 36
12 16 15
14 17 18
16 21 44
9 13 29
15 18 40
15 17 7
20 23 24
14 16 15
15 17 38
18 22 41
15 19 15
14 17 44
1 5 18
19 22 28
9 11 21
1 2 7
6 8 12
11 15 1
0 4 39
0 4 33
11 14 3
7 11 17
12 15 34
17 21 14
10 13 39
10 11 48
6 8 22
11 15 8
7 11 49
18 21 21
14 19 47
1 2 10
4 6 13
3 6 33
13 15 14
14 19 33
0 2 7
19 21 42
9 13 33
8 11 26
6 10 49
4 7 15
6 8 8
13 17 17
10 13 38
16 21 10
22 1 12
6 9 11
15 20 10
14 17 36
12 15 26
4 7 15
0 3 12
19 22 11
22 2 17
14 16 16
23 3 2
9 12 9
6 9 13
17 20 3
4 8 23
5 6 8
16 19 37
20 23 5
19 0 49
3 8 17
5 9 11
23 2 26
20 23 49
8 13 9
14 16 13
4 6 18
19 21 40
20 23 31
8 11 32
11 13 45
20 0 46
23 2 23
18 22 12
14 18 9
9 12 32
3 6 7
15 18 16
22 2 46
22 1 34
0 3 5
17 20 5
0 3 47
12 16 12
18 20 9
20 22 10
9 13 28
6 8 6
16 18 4
3 5 13
11 12 12
7 10 28
3 8 13
20 22 10
16 18 23
5 9 38
11 15 5
6 11 35
14 17 8
17 19 5
17 22 48
3 8 18
7 9 10
21 1 36
8 13 28
5 7 37
3 6 29
22 0 27
7 10 37
9 13 47
19 0 5
3 6 26
15 20 42
0 2 44
19 22 49
9 12 26
1 4 2
1 3 34
0 2 21
5 8 6
11 13 38
16 18 31
7 8 36
10 11 41
8 12 17
19 22 7
12 17 31
5 6 40
8 12 16
12 14 11
14 17 7
2 6 17
23 1 49
15 17 47
6 9 14
21 1 12
12 17 16
23 1 12
11 13 16
18 20 26
22 1 11
3 7 42
15 18 34
23 2 29
6 10 35
12 15 22
15 19 25
18 22 11
11 15 12
1 5 14
20 22 25
2 3 36
19 23 47
12 15 16
2 5 44
13 16 13
10 12 22
1 5 6
15 19 17
11 14 1
17 19 47
14 17 42
6 8 46
22 1 2
16 19 38
18 21 30
4 7 21
14 17 27
7 9 38
10 12 7
5 8 42
22 3 33
4 5 48
16 18 29
7 10 35
0 4 15
23 1 10
10 13 18
14 17 35
2 6 35
10 14 13
15 19 8
12 15 37
4 8 38
16 20 9
15 17 42
1 5 43
19 21 1
19 22 36
6 9 5
5 8 49
6 9 47
10 14 11
14 17 20
8 9 45
12 15 30
16 19 43
21 23 16
0 3 26
9 12 7
18 20 32
13 14 39
14 17 10
10 12 12
11 13 1
23 3 7
22 1 49
22 1 18
17 20 12
2 6 34
23 1 22
1 4 35
10 14 7
21 1 35
15 19 17
15 18 32
5 9 42
15 18 28
6 9 30
13 14 14
17 20 12
22 0 1
6 9 7
14 17 36
6 8 26
19 22 32
17 21 14
4 8 30
5 8 42
5 6 49
3 4 28
8 12 38
0 3 42
9 13 19
13 17 39
20 23 28
19 21 13
7 9 11
21 3 33
16 19 5
13 17 37
4 8 14
8 11 20
15 17 29
17 21 47
8 12 12
3 6 43
18 21 42
22 0 48
2 4 26
4 7 33
2 5 36
19 22 42
23 23 13
18 22 43
5 8 36
1 4 46
14 17 24
19 21 19
6 9 28
18 22 5
0 5 10
22 1 41
7 10 22
22 2 8
2 5 35
7 12 40
16 18 42
10 13 46
14 17 44
3 9 15
9 12 36
18 22 7
4 6 40
8 12 43
20 1 41
12 16 47
23 2 44
20 22 17
15 17 25
13 17 29
20 22 42
11 13 35
13 16 4
7 10 47
17 20 4
12 14 2
10 12 23
0 3 12
21 0 45
15 18 14
5 6 7
20 0 5
10 15 14
18 22 14
18 20 26
20 22 28
8 11 35
6 9 2
0 2 25
21 23 14
6 9 15
19 21 39
5 7 44
16 17 17
16 18 31
7 11 6
10 13 44
13 16 11
13 16 26
4 7 43
2 6 43
16 18 21
6 8 19
5 8 11
15 18 2
0 2 43
5 9 45
6 9 17
10 12 38
21 1 34
15 17 18
2 7 23
21 0 20
4 7 20
0 4 26
11 15 28
21 0 23
2 5 14
15 18 49
5 8 36
2 6 16
2 6 36
13 16 5
20 23 37
5 8 30
3 5 13
1 3 14
2 5 38
17 21 21
22 0 32
5 8 28
6 8 8
17 19 9
12 15 37
15 18 12
18 22 28
15 19 21
2 4 21
11 14 24
5 8 43
18 20 2
23 2 26
13 17 2
21 0 29
14 17 34
5 9 12
6 11 34
5 7 30
20 21 27
21 23 11
22 1 38
10 12 6
10 13 31
2 5 38
10 12 32
13 15 19
23 1 35
11 13 19
3 7 24
0 4 39
19 21 9
4 6 8
5 7 31
1 5 24
8 11 22
2 7 20
23 2 28
23 0 45
20 22 34
21 23 7
23 2 27
2 5 17
10 14 28
2 6 19
15 17 44
0 3 20
14 17 48
7 9 10
13 15 12
19 23 4
16 19 37
20 0 4
4 8 21
8 10 11
16 19 20
11 14 3
17 20 13
4 6 1
11 13 38
3 5 43
0 3 34
16 20 25
11 16 20
10 13 49
17 22 5
11 16 15
7 11 22
19 21 23
7 11 25
23 2 41
5 9 17
15 18 9
15 18 13
20 2 21
13 15 9
18 21 1
2 6 18
15 18 34
0 3 17
21 1 8
19 21 38
17 20 36
0 3 26
5 6 31
7 10 14
2 4 36
13 16 1
18 21 46
10 12 20
4 5 17
15 17 46
11 14 31
20 0 35
11 13 30
5 8 25
15 17 11
11 14 38
13 15 39
2 5 39
23 2 45
12 16 11
7 8 29
9 13 45
2 5 1
8 12 24
15 17 24
17 20 9
22 2 18
5 7 28
10 14 41
5 7 46
21 23 8
10 11 49
5 7 26
8 12 46
0 3 22
20 1 16
3 6 31
4 6 26
2 5 32
7 11 24
7 10 38
5 7 49
11 16 20
4 7 40
5 8 18
21 23 28
11 14 37
16 19 7
9 14 39
3 7 40
10 14 26
21 23 27
15 17 30
18 22 18
23 1 48
17 20 28
14 16 5
12 13 31
22 1 36
22 0 15
13 17 37
8 11 32
10 13 8
20 23 12
21 1 45
8 12 32
21 21 17
17 19 45
0 3 47
6 10 35
20 3 1
18 22 35
3 7 3
10 11 1
1 3 45
0 3 23
15 20 45
18 22 21
16 20 7
1 4 30
9 12 15
9 11 47
11 13 14
21 2 36
2 4 27
10 14 18
15 18 31
13 17 46
14 16 2
0 4 41
7 10 39
13 16 38
23 2 28
13 17 43
6 10 25
1 4 39
20 1 40
8 11 37
8 12 18
13 16 9
5 8 44
6 10 21
6 9 35
8 9 27
17 21 30
7 9 9
4 7 48
21 23 23
1 5 34
14 17 46
9 13 24
6 9 39
9 12 11
22 0 4
14 17 41
15 20 6
7 10 1
17 19 20
12 15 45
11 13 15
8 10 34
13 14 36
11 13 25
8 12 7
14 16 28
17 20 19
14 15 14
17 20 43
11 15 44
1 4 43
20 0 49
9 12 19
15 18 10
18 21 18
6 10 14
19 22 18
7 9 27
1 5 43
9 12 5
20 22 4
5 8 26
11 15 48
4 7 18
13 16 27
11 15 41
16 18 18
20 21 16
21 1 7
23 2 39
14 17 2
20 23 33
7 11 27
15 18 2
14 17 18
3 4 14
21 0 37
10 13 1
17 20 35
14 18 11
4 7 6
16 19 39
6 8 26
7 10 48
5 8 14
8 13 32
18 21 29
16 18 39
5 8 37
0 2 24
11 15 33
7 9 49
1 6 31
16 17 33
3 6 24
22 1 14
22 2 26
15 19 30
0 4 29
21 1 25
4 6 23
19 22 12
6 9 44
2 4 33
15 17 46
2 5 43
6 9 21
17 21 28
21 1 22
7 12 18
4 5 16
3 4 36
15 18 2
15 18 22
21 22 11
10 13 13
0 4 6
12 15 28
13 17 44
12 15 25
13 15 20
11 13 45
5 8 34
5 7 46
16 17 2
8 12 39
15 18 23
14 16 45
13 16 34
11 15 11
5 9 1
8 12 9
6 9 39
23 1 30
14 17 46
5 8 36
10 14 34
6 8 28
8 13 34
8 10 42
11 14 31
9 12 11
0 1 4
12 14 20
13 16 44
2 5 47
2 4 11
19 23 25
20 0 47
13 16 22
16 18 38
13 17 22
21 0 49
22 2 35
16 19 16
23 1 9
9 13 44
1 4 20
8 13 16
23 2 49
9 12 48
8 12 37
4 7 38
8 11 21
8 11 35
10 12 33
12 14 46
4 7 8
20 23 45
22 1 12
19 23 2
6 10 18
12 15 21
12 17 28
8 10 48
22 3 31
16 19 46
1 4 27
3 7 14
10 12 40
5 10 7
14 17 18
3 6 24
10 13 22
11 13 36
23 2 28
23 1 39
6 10 14
11 14 16
17 21 13
9 12 20
23 3 5
22 1 6
12 15 48
12 15 36
8 10 2
19 21 26
3 6 8
19 20 46
16 20 29
14 17 35
1 4 15
4 7 26
7 10 45
22 0 42
6 8 1
15 19 47
10 13 29
14 17 10
4 6 3
0 2 44
20 23 22
3 5 36
9 12 26
5 9 37
11 14 3
4 6 8
16 20 11
11 14 30
1 4 38
4 7 30
17 20 45
1 4 49
23 1 41
13 17 14
13 16 34
1 5 34
9 12 28
13 16 41
11 14 13
8 10 18
12 16 14
4 5 41
10 13 39
12 17 35
11 14 21
9 11 49
16 20 11
12 16 39
22 1 39
18 20 11
22 1 36
18 21 30
16 19 41
3 7 4
6 10 26
20 1 31
18 22 42
2 6 12
1 7 39
17 20 26
12 16 21
3 6 30
18 23 27
17 22 43
14 17 43
4 6 39
22 2 49
0 1 32
0 2 3
20 23 44
5 9 44
1 5 3
21 23 13
15 19 16
19 22 42
0 4 28
0 1 16
13 17 32
19 23 4
16 19 24
18 21 24
8 11 26
15 18 19
4 6 18
18 21 36
8 13 6
1 5 32
20 23 28
10 14 9
3 6 13
22 1 24
13 16 28
16 19 14
18 20 3
16 18 16
2 6 23
15 19 10
17 20 41
10 13 20
1 4 44
10 14 39
5 8 40
5 9 17
4 7 16
13 17 46
19 22 2
3 6 1
9 11 48
6 9 30
12 16 14
20 22 23
3 7 19
11 13 22
20 23 30
4 6 22
17 20 33
4 7 24
20 23 32
7 9 45
21 0 28
17 20 42
10 13 1
17 19 24
2 5 6
18 22 18
16 19 15
11 13 24
12 13 6
11 14 2
22 3 38
2 4 8
3 6 21
10 14 35
2 6 46
16 19 1
13 16 20
20 0 28
6 9 1
3 6 11
18 22 48
8 13 1
11 15 28
6 11 25
7 11 2
20 22 27
11 12 32
8 12 15
3 7 13
14 18 6
16 20 34
2 5 34
1 4 7
5 8 42
8 10 9
4 5 43
15 19 7
18 21 28
17 19 20
21 23 48
17 18 7
15 20 23
5 9 34
17 21 18
0 4 12
9 14 3
3 6 46
4 5 42
9 12 18
4 7 24
8 11 32
8 10 3
23 1 8
16 18 23
6 9 30
20 22 30
13 16 30
10 13 22
10 12 26
1 3 33
6 10 29
8 12 4
20 23 2
11 15 12
1 4 45
16 17 27
10 13 43
2 5 19
10 13 46
23 1 26
3 6 19
7 9 28
21 23 28
10 13 3
4 7 30
15 18 5
16 21 44
9 10 24
23 0 46
4 6 30
2 6 39
5 9 20
9 12 32
7 9 12
14 16 18
9 11 30
12 13 47
4 7 17
20 0 2
0 3 46
16 19 18
7 11 39
19 23 41
6 10 21
4 7 19
21 23 4
16 18 20
9 13 5
13 15 14
15 18 8
4 6 39
10 13 28
20 23 29
17 19 12
9 13 43
12 17 22
17 20 29
1 3 9
21 23 40
7 10 27
6 7 5
14 18 48
12 14 39
21 0 11
6 8 9
1 6 45
6 9 42
16 19 38
6 9 37
15 18 22
7 10 41
17 19 9
19 22 31
23 4 22
4 7 7
22 1 23
14 17 3
13 15 40
2 4 18
13 16 39
3 3 4
22 1 18
6 9 22
20 21 17
8 10 18
15 18 3
2 7 26
17 20 47
1 6 32
0 2 21
20 23 38
2 5 24
19 22 32
0 3 8
13 18 37
13 17 1
22 0 39
15 17 39
11 13 31
4 5 41
3 9 38
14 15 41
8 12 42
13 18 43
11 14 9
7 9 9
14 17 2
22 1 24
2 5 13
16 19 37
13 16 14
9 12 18
21 23 37
11 12 33
3 6 42
6 8 4
11 14 8
0 3 48
9 12 48
14 16 34
22 2 23
0 1 7
20 22 23
4 8 20
10 11 5
9 13 33
6 10 36
13 17 25
18 21 8
23 2 45
7 12 8
16 16 10
9 12 32
1 4 34
2 4 16
13 19 22
17 21 8
6 8 15
12 13 49
18 21 11
14 18 24
10 12 44
0 2 42
19 22 21
8 12 23
10 12 10
22 0 46
20 22 11
7 12 14
11 15 46
5 7 3
7 10 37
5 9 7
3 7 34
18 20 45
15 17 49
15 18 45
18 20 32
22 3 21
18 21 4
3 6 29
6 8 38
10 12 17
7 9 32
15 17 10
7 8 46
10 12 34
1 3 40
5 7 30
7 9 35
7 10 30
4 7 18
4 7 3
20 23 48
5 9 2
13 18 1
2 6 21
11 13 14
0 2 48
3 6 48
20 22 19
23 4 3
20 21 14
21 1 46
0 2 29
10 14 11
21 23 4
21 23 40
0 5 37
2 4 16
0 5 45
11 15 28
7 10 25
10 12 25
4 7 28
9 12 2
9 11 37
4 6 38
17 19 30
4 7 48
15 19 47
8 12 28
6 9 49
2 5 1
16 20 42
19 22 28
2 4 7
14 18 47
4 5 39
1 3 10
23 2 2
6 9 20
17 20 30
19 21 25
3 6 33
13 17 26
13 16 15
10 15 31
2 4 18
0 5 40
0 4 7
16 19 19
20 23 12
15 18 22
6 10 38
4 9 31
18 22 15
23 3 13
3 6 21
6 8 19
4 6 31
5 8 19
22 2 34
12 15 42
5 8 23
2 6 38
6 9 48
12 15 27
2 4 31
2 5 25
0 3 9
3 6 23
15 17 21
22 2 22
22 0 17
15 17 29
1 2 29
1 4 40
5 7 14
18 22 48
14 17 36
3 7 49
10 14 15
9 13 49
8 10 20
5 8 26
7 7 44
11 13 41
20 23 39
8 11 13
18 23 42
22 2 36
20 23 34
6 8 48
5 7 46
16 19 29
17 20 26
14 17 24
1 4 32
23 2 49
18 23 36
6 8 18
10 12 8
3 7 26
9 12 12
14 18 4
16 19 23
3 6 29
2 4 40
15 18 21
5 8 30
4 7 40
21 23 35
12 14 5
19 22 40
20 0 35
9 13 34
15 17 26
15 17 37
14 16 41
3 7 6
7 10 44
20 23 2
6 9 9
5 8 11
19 22 26
10 14 32
17 21 23
6 8 35
2 6 6
9 13 18
20 23 49
14 17 12
2 4 22
15 18 40
18 20 13
14 17 23
12 15 24
18 22 46
1 4 26
9 12 49
19 22 10
13 17 43
21 1 6
18 22 29
3 8 14
7 10 47
21 0 32
3 6 26
18 22 27
22 1 24
9 11 7
15 18 47
5 8 13
21 0 42
18 21 29
13 15 36
9 13 28
18 22 22
7 9 38
9 12 42
23 2 26
15 17 30
2 5 11
22 0 26
9 12 4
15 17 40
11 12 27
0 4 4
2 5 15
23 1 12
12 16 47
4 7 43
18 20 35
11 15 18
15 17 6
15 15 17
8 9 18
12 16 30
19 23 6
16 17 10
9 13 30
20 0 6
2 5 8
17 21 20
19 22 1
14 18 12
2 5 24
11 15 29
12 15 45
15 18 37
4 7 37
4 7 28
2 5 45
1 5 13
2 4 44
11 16 31
23 3 18
6 9 8
13 17 8
1 4 24
19 22 30
2 5 34
18 21 38
11 15 30
18 22 14
20 0 34
7 11 15
14 15 9
0 4 46
12 13 32
10 13 18
0 1 13
8 9 12
5 8 48
21 0 20
18 19 1
22 2 1
3 7 45
21 0 44
23 3 13
5 6 1
3 6 12
13 16 31
19 22 20
23 2 4
23 2 39
11 14 49
23 2 44
20 1 21
14 15 33
9 11 37
8 11 28
18 20 49
21 0 37
5 7 46
20 1 7
7 10 21
11 14 49
2 4 38
6 7 3
14 18 48
14 17 23
0 1 41
6 9 35
18 22 25
16 20 29
21 1 32
3 7 46
7 13 29
10 13 35
0 4 17
1 4 37
18 22 12
2 4 39
9 11 41
15 18 41
1 4 8
16 18 24
10 15 24
12 15 3
3 6 11
3 5 47
2 4 24
12 16 20
17 18 35
17 18 35
2 5 34
19 23 21
1 4 19
11 14 24
18 22 43
8 12 16
5 8 13
1 3 27
22 2 22
10 14 9
14 16 7
18 20 33
2 5 9
21 0 28
5 8 38
21 1 23
4 8 7
1 4 43
23 2 22
1 3 36
18 21 8
18 19 34
11 13 7
10 14 26
20 2 38
12 15 14
23 2 46
6 8 14
12 16 49
15 19 9
15 17 46
2 7 35
11 14 29
21 0 13
12 14 21
15 16 3
22 2 34
12 14 34
11 15 49
18 22 8
18 20 41
22 1 10
4 5 49
1 6 38
15 18 2
17 22 39
2 4 14
19 23 31
12 16 34
0 1 31
19 23 22
18 20 22
2 7 11
15 18 28
12 14 29
16 18 13
3 5 17
7 10 39
3 6 15
6 7 22
3 6 45
0 3 16
1 3 32
20 23 18
21 23 23
20 22 3
22 2 16
19 21 13
6 10 16
7 8 20
1 4 10
17 20 21
18 22 30
12 15 37
1 4 32
6 9 13
8 11 35
16 17 24
2 6 11
11 15 1
6 9 32
4 6 42
0 2 11
0 3 18
13 16 39
21 22 47
16 19 16
16 20 16
14 18 27
22 2 32
20 0 41
11 11 45
7 12 32
4 7 3
4 6 37
10 14 37
8 12 46
15 18 7
15 16 13
13 18 37
23 2 38
6 10 24
13 16 20
20 0 22
19 20 30
16 19 38
8 11 44
6 10 24
21 1 41
9 14 47
2 7 28
8 9 6
12 15 45
0 4 28
8 11 27
8 12 42
17 19 5
23 2 1
19 22 2
16 20 45
21 1 14
19 0 4
8 12 3
1 2 30
19 22 28
8 11 23
2 4 8
19 0 33
12 17 35
7 9 44
0 4 44
4 8 21
7 9 21
19 0 24
16 18 24
16 19 1
10 12 19
17 20 1
0 4 21
23 2 27
12 14 37
7 9 5
9 14 48
21 0 21
17 21 17
14 16 9
12 14 49
22 2 15
9 13 35
2 3 44
13 14 22
9 12 47
8 10 16
10 14 25
23 5 21
6 10 33
3 6 18
10 13 25
12 14 22
3 7 3
16 20 27
1 5 2
5 8 32
0 3 6
21 1 5
11 14 12
18 20 11
5 8 23
16 19 46
9 12 41
21 1 26
1 6 17
8 12 3
0 4 25
8 12 29
11 14 4
21 0 6
19 23 8
23 1 17
0 2 19
3 5 15
3 6 12
11 14 10
20 21 37
6 9 38
13 16 31
9 10 11
14 18 17
11 13 24
18 22 11
8 11 4
3 6 13
6 8 46
2 4 30
3 7 12
23 2 20
19 22 46
21 0 21
19 22 46
21 1 24
3 4 27
8 12 25
3 5 30
17 18 9
7 10 21
11 13 28
0 3 42
21 1 17
15 17 42
3 6 48
10 13 13
16 18 8
16 21 27
18 18 1
7 8 12
18 21 32
4 7 10
4 7 17
21 1 19
13 17 46
6 8 43
8 12 5
6 9 12
18 22 37
23 3 29
11 13 10
12 15 34
17 20 7
0 3 37
21 23 41
18 21 26
6 8 41
4 6 16
7 8 31
15 20 1
17 17 11
15 18 32
16 18 25
23 2 37
8 12 13
4 8 27
6 10 29
9 12 47
21 0 34
10 12 40
19 23 5
21 1 49
22 1 37
22 2 22
15 18 39
1 5 14
21 23 24
14 17 34
11 14 48
5 8 35
5 8 42
2 5 41
20 23 17
14 19 3
19 23 38
9 12 35
12 16 6
22 0 11
6 10 9
22 0 26
1 4 41
9 13 8
9 14 3
0 2 24
3 5 13
19 21 31
7 9 21
15 18 47
16 19 31
7 9 12
6 8 1
0 3 47
2 4 16
0 3 32
0 0 18
12 16 13
20 23 17
5 9 43
10 13 1
9 11 20
14 18 3
10 14 30
15 18 21
23 2 44
8 10 19
1 4 11
6 10 26
15 17 10
17 21 14
22 2 33
19 22 6
15 19 16
21 22 36
11 14 39
3 6 8
12 16 1
16 20 2
16 19 32
7 9 10
10 13 20
11 15 27
22 1 27
10 13 20
6 10 41
12 14 48
22 1 3
11 13 33
3 6 11
2 4 3
1 5 44
5 8 9
19 22 19
1 4 8
3 6 9
2 5 16
12 17 11
0 4 16
1 4 45
15 16 31
7 9 26
1 4 4
9 11 32
1 5 47
9 10 23
11 16 30
3 5 20
7 9 10
6 10 13
3 7 32
16 20 19
18 22 49
8 12 45
5 8 39
5 7 7
4 6 33
6 8 46
16 19 40
12 16 29
18 20 15
0 3 49
0 5 6
11 15 25
10 12 46
5 7 21
4 7 35
19 23 17
20 1 10
5 7 12
14 17 19
3 8 31
2 5 26
21 1 9
3 5 18
22 1 8
12 17 37
6 9 37
18 21 36
22 1 12
16 19 7
17 20 4
9 13 48
2 3 20
20 23 8
2 6 24
18 22 30
0 3 16
21 1 3
21 0 17
0 1 3
4 8 3
6 8 7
14 19 24
21 0 34
16 19 11
6 9 22
18 20 35
10 12 49
5 8 29
11 14 10
10 14 38
18 22 22
21 2 27
2 5 25
9 12 5
3 7 24
21 0 17
5 9 41
20 23 18
22 1 1
5 7 13
17 20 27
6 11 14
18 20 37
17 21 23
7 11 27
4 7 32
3 6 47
21 23 9
15 17 20
17 22 43
12 16 30
10 10 40
7 9 8
19 22 47
2 4 15
22 0 33
23 1 37
11 12 39
0 1 16
21 23 45
12 14 23
14 17 21
0 3 34
3 6 6
11 14 41
5 9 6
16 19 28
11 14 30
5 10 12
7 12 15
8 10 42
6 7 30
15 20 29
21 1 40
6 9 49
14 17 30
19 0 25
18 21 15
20 22 11
10 12 19
17 20 4
