5000 44
19 33 31 2 18 32 32 1 11 30 9 10 1 42 43 9 19 30 39 26 26 13 9 3 9 2 10 1 19 30 14 25 19 33 24 30 16 32 3 40 25 21 13 44 
20 23 39
21 23 9
15 18 12
5 9 32
19 22 31
1 5 43
3 6 36
12 12 39
7 10 22
5 8 42
22 2 43
8 11 34
21 0 29
0 3 38
17 21 42
8 12 14
14 18 29
14 17 9
6 9 38
10 12 12
15 18 32
19 21 37
5 7 3
6 10 44
9 12 4
8 10 16
7 10 35
7 9 42
6 9 13
10 13 10
2 5 1
2 4 20
18 21 7
2 6 20
2 5 34
13 15 39
7 12 43
13 16 36
2 6 15
2 5 24
10 11 4
13 17 41
15 20 2
1 5 34
13 16 6
9 13 15
20 0 16
15 17 28
23 3 41
20 22 14
13 15 23
13 16 5
5 6 1
8 11 32
0 1 10
21 23 20
4 7 44
11 13 19
11 13 5
9 11 12
7 9 42
1 5 30
1 3 37
15 19 23
9 12 21
18 22 26
5 8 27
17 21 19
10 13 39
3 7 27
19 21 42
9 12 17
17 19 37
3 6 5
16 18 41
14 18 7
21 23 38
20 1 4
18 22 7
13 16 5
11 15 1
6 8 35
19 21 1
3 6 28
4 6 16
14 17 6
0 3 8
22 1 12
18 23 41
16 17 26
21 1 33
22 0 15
23 2 34
4 7 21
14 19 44
2 5 28
19 21 28
16 19 37
0 4 4
10 13 21
9 10 29
16 20 6
21 1 32
2 6 41
19 22 37
19 21 4
23 2 30
19 23 19
22 0 41
10 14 12
21 23 33
17 19 7
17 19 28
10 13 26
16 18 28
15 19 24
19 22 3
13 16 11
21 0 5
14 18 38
1 5 29
15 18 28
21 23 36
13 16 18
9 12 18
4 5 6
23 1 7
18 20 7
8 10 10
5 8 36
18 21 7
11 15 33
3 5 5
11 14 30
8 11 39
13 14 10
10 14 34
9 11 18
17 20 15
23 3 32
16 18 33
11 13 20
12 16 39
18 20 22
0 3 9
4 8 12
2 7 4
13 17 36
1 5 21
22 0 33
8 12 7
0 3 8
5 8 39
5 8 1
23 1 12
15 17 25
17 20 3
9 13 34
5 7 15
15 18 19
3 6 16
22 2 31
16 18 2
1 3 13
19 21 15
4 5 31
14 17 1
9 12 24
22 3 42
0 1 11
8 11 24
12 14 42
5 7 31
19 22 15
13 16 37
14 18 33
2 7 35
23 1 17
15 19 31
22 1 22
16 19 7
20 23 7
2 5 20
9 12 18
20 23 22
5 8 34
20 22 24
19 22 31
11 14 4
14 16 11
12 15 30
3 7 25
12 15 27
21 23 22
16 20 2
9 13 6
9 12 39
1 5 29
2 6 39
13 17 35
7 10 11
2 6 34
9 12 14
4 7 26
7 9 30
1 3 16
23 3 44
5 8 31
21 1 34
8 11 23
12 15 2
20 23 7
17 21 16
8 10 4
5 8 28
11 16 21
18 22 8
12 17 41
10 13 32
16 19 22
16 20 26
10 14 6
0 3 1
1 3 25
7 9 20
21 1 42
10 13 12
11 17 2
13 17 18
11 15 12
12 14 9
11 16 6
19 22 12
9 12 32
15 17 40
7 10 27
6 9 39
8 11 41
18 22 22
4 8 18
6 8 7
16 20 19
18 20 10
19 21 31
19 21 8
9 12 28
3 5 28
19 23 6
20 23 43
16 18 24
14 16 23
0 3 40
2 5 42
6 8 24
22 1 1
9 12 2
16 20 21
4 7 23
4 6 34
17 21 6
13 14 23
18 21 33
9 13 33
17 20 26
16 20 1
0 2 40
8 12 31
6 6 41
3 6 3
8 10 24
22 3 32
18 22 8
23 1 22
16 20 30
13 16 12
12 15 15
3 6 15
8 10 26
14 17 12
13 16 13
0 4 22
7 10 41
19 22 11
15 17 41
7 11 25
10 12 25
18 22 17
20 21 12
16 19 36
0 4 38
13 15 26
8 12 8
0 3 30
2 6 39
23 2 4
13 17 35
19 22 35
11 14 20
20 23 8
0 4 29
4 7 37
18 21 39
21 0 28
10 12 15
20 23 13
16 19 24
17 21 25
16 19 8
17 19 40
11 15 22
2 5 19
2 3 22
5 7 15
8 12 38
20 22 41
23 3 28
23 2 33
14 17 35
21 1 11
23 3 29
16 18 8
9 13 26
17 21 30
23 3 40
3 7 40
8 10 20
0 4 10
7 10 24
8 13 15
19 22 13
10 14 44
7 10 26
1 5 16
1 3 11
19 23 43
8 11 27
11 15 44
1 4 14
19 20 40
21 1 36
22 3 5
23 1 42
21 0 44
16 19 40
2 4 26
6 9 10
7 9 31
6 10 8
11 14 24
19 21 19
22 1 10
4 8 44
12 14 20
23 2 29
4 6 41
0 3 7
17 21 42
21 22 36
1 5 7
1 6 27
13 15 28
0 3 20
18 21 6
6 9 24
5 8 4
1 4 41
5 6 4
3 6 14
3 7 37
14 15 4
20 22 26
22 3 37
19 22 2
16 19 6
8 13 7
23 2 22
11 12 27
2 3 16
5 9 39
17 21 3
3 6 21
1 3 14
0 1 40
10 13 13
21 23 10
2 4 19
9 13 10
23 2 38
11 14 39
13 15 8
16 20 11
0 4 42
14 19 2
12 14 32
7 11 19
7 11 7
12 13 21
15 17 7
1 2 38
11 13 24
2 5 38
2 6 41
17 19 12
22 0 8
10 15 42
20 22 25
9 13 13
22 0 24
9 12 16
21 0 43
8 10 36
17 21 15
12 14 10
22 0 20
22 0 42
23 2 25
15 18 25
10 12 35
4 5 18
19 22 9
11 14 21
18 21 40
2 5 5
2 4 14
9 10 24
13 14 3
20 23 36
7 9 17
9 14 31
4 6 41
15 18 6
21 0 37
21 23 36
23 3 29
16 18 10
4 7 5
7 8 20
23 3 9
13 14 20
20 23 38
13 16 5
9 12 1
18 20 19
8 13 13
4 6 4
15 16 11
3 5 20
18 20 18
5 6 30
19 22 42
1 6 29
7 9 37
14 17 23
6 9 31
20 22 30
20 0 30
15 17 38
22 0 44
9 12 35
1 3 15
18 22 25
9 13 6
16 19 34
13 14 11
3 6 36
21 0 9
12 14 36
13 16 30
17 21 44
7 10 25
2 4 42
7 8 42
22 0 29
9 12 33
17 21 2
12 17 27
5 7 3
1 3 28
6 8 15
8 12 12
19 21 36
13 16 44
12 16 32
14 16 10
5 7 14
17 22 29
4 7 26
6 9 15
11 14 12
9 14 19
11 13 1
3 4 15
0 3 20
22 2 31
23 2 14
9 12 2
3 4 22
0 5 13
7 10 11
5 9 38
16 18 16
9 12 26
5 7 35
22 2 18
8 9 10
12 15 32
3 8 13
23 2 3
21 0 18
10 13 34
22 2 30
22 3 13
14 16 6
1 5 8
20 0 14
18 21 44
1 4 39
9 12 44
16 18 10
18 20 4
11 12 10
3 5 42
19 23 5
5 7 37
0 4 14
11 15 18
22 0 29
16 19 3
14 17 33
4 6 8
3 8 31
10 13 43
8 11 14
19 23 5
17 21 4
18 21 14
10 13 9
6 10 9
14 18 8
2 4 39
23 3 14
20 21 15
15 19 7
13 15 42
0 3 21
5 10 42
14 16 6
10 14 7
18 21 6
3 7 11
12 13 8
9 13 15
1 3 37
7 9 21
7 11 18
4 5 7
11 14 41
9 12 9
3 7 28
20 23 31
17 20 29
7 11 34
0 3 36
13 17 34
6 9 41
22 2 20
2 5 31
3 4 20
21 23 23
19 21 29
23 1 42
8 11 15
11 15 33
10 13 10
8 11 1
5 6 35
9 11 27
6 10 10
22 2 30
16 19 24
12 14 5
12 15 4
0 3 32
4 5 26
23 2 4
12 16 44
18 22 10
2 5 2
21 1 17
15 19 21
19 21 36
22 1 35
18 21 34
19 22 15
23 1 8
5 10 7
7 11 27
5 6 7
19 0 38
13 16 33
21 23 23
3 5 13
5 7 34
4 6 12
9 10 32
20 22 44
2 4 44
13 16 27
23 2 22
4 7 23
21 0 10
22 1 39
2 5 22
13 15 15
21 23 41
20 23 43
21 1 17
1 3 30
19 23 31
14 17 25
17 18 28
13 17 28
1 5 8
7 12 37
2 5 37
14 19 5
19 22 26
14 16 1
8 11 41
21 0 5
0 5 28
5 8 29
12 15 30
22 1 14
4 6 31
2 6 21
18 20 29
4 7 21
5 8 31
10 14 40
8 12 18
6 10 39
20 1 4
3 6 19
11 13 6
9 13 7
8 11 28
13 16 16
22 0 7
9 12 6
6 8 32
16 20 2
18 19 6
22 3 41
10 15 9
22 1 2
16 18 6
8 12 37
0 4 13
0 1 18
9 12 34
1 5 34
5 8 7
19 21 11
20 22 36
18 22 41
19 22 26
8 13 10
13 15 15
6 10 8
15 18 44
16 20 23
20 23 24
9 11 33
15 18 6
23 2 44
3 7 16
4 6 33
1 5 43
1 5 27
7 11 7
15 17 22
10 12 16
8 11 6
3 6 21
8 12 42
16 19 17
22 2 19
4 7 11
15 19 22
22 0 42
19 23 35
5 8 14
7 9 43
7 9 24
22 3 15
3 6 12
17 20 13
1 4 39
5 9 16
20 0 7
16 19 25
8 12 21
8 10 34
23 4 12
21 22 38
21 1 21
6 10 3
19 21 33
8 10 8
2 5 30
6 8 7
12 16 9
15 19 14
6 10 4
11 14 8
13 17 27
14 18 24
6 8 12
15 17 37
21 0 40
1 3 43
7 9 23
11 14 32
11 14 29
1 3 23
14 17 26
19 1 17
21 23 8
15 18 28
16 19 42
3 6 1
8 10 20
13 17 19
20 22 12
7 11 36
0 2 42
14 19 42
9 13 44
18 21 34
1 5 31
2 4 25
16 19 27
12 16 12
7 10 7
9 12 36
10 11 19
1 4 7
18 20 23
12 14 7
18 21 5
14 16 27
10 12 42
5 7 28
15 18 25
19 22 38
1 6 40
4 7 37
18 22 6
9 10 40
15 18 30
2 3 4
19 22 15
11 13 30
3 6 13
7 11 32
15 18 24
16 19 31
0 5 31
13 16 32
21 0 6
5 7 43
19 21 33
22 22 39
16 19 3
23 4 21
22 0 18
20 23 39
1 4 30
22 1 11
3 8 38
8 11 14
16 20 4
19 23 43
17 18 32
22 2 6
14 17 13
19 22 2
16 18 22
1 4 15
20 23 7
7 10 18
10 13 9
19 22 20
10 13 4
22 1 12
21 0 27
18 20 21
1 4 44
6 11 23
5 7 28
8 11 17
7 11 11
4 6 5
16 20 43
19 21 39
5 8 39
21 23 23
17 21 19
5 8 10
13 15 4
7 9 29
5 8 4
10 15 4
8 12 27
8 10 28
4 8 35
15 19 39
20 22 39
21 0 41
1 3 44
0 4 36
1 6 20
5 8 27
13 18 7
10 13 37
20 22 36
5 6 27
13 15 28
15 18 42
13 15 36
18 22 4
10 14 29
4 10 11
15 18 24
14 18 23
20 23 24
3 6 42
14 17 31
15 18 33
18 21 14
16 20 17
15 19 21
8 11 34
8 9 8
23 1 17
15 18 30
23 1 17
23 2 39
18 21 21
19 0 23
17 21 33
19 22 43
18 20 21
16 19 5
13 18 42
11 13 10
4 8 16
13 15 10
3 6 5
8 11 30
10 13 20
11 15 10
5 9 10
22 1 25
16 21 18
18 22 42
12 15 18
19 21 32
21 2 27
14 14 3
2 6 32
6 9 31
10 13 26
6 7 32
17 22 29
3 4 20
20 23 1
9 11 14
15 19 14
16 20 25
23 3 25
1 3 42
12 16 20
20 22 25
18 21 30
10 12 7
15 18 35
17 20 7
9 11 44
4 5 15
9 12 3
13 16 1
2 6 9
13 17 12
18 20 25
2 5 41
19 23 34
15 19 34
18 21 5
21 0 10
15 20 6
11 14 20
0 3 20
4 6 37
16 19 9
2 4 33
20 23 35
5 8 10
15 18 3
17 20 20
19 21 2
4 7 37
0 3 29
2 5 25
7 10 12
20 0 9
3 6 26
21 0 21
6 7 13
23 3 19
2 3 22
11 15 35
21 2 15
19 23 25
4 7 34
17 21 1
20 23 14
5 9 19
5 9 18
11 15 9
10 14 23
6 9 32
23 2 32
1 3 40
11 14 15
13 16 14
15 18 41
10 12 34
13 14 26
20 0 14
8 12 29
4 7 8
13 15 19
10 14 27
8 12 19
0 3 8
8 10 30
22 1 2
19 0 21
12 13 35
14 14 3
2 4 27
21 23 26
16 20 8
6 9 43
23 2 35
2 4 34
12 17 26
12 14 20
13 16 40
12 14 2
14 17 38
11 15 44
6 10 7
10 13 35
2 6 19
10 14 34
21 23 42
12 14 22
17 21 18
12 13 1
22 1 1
10 15 20
10 12 36
9 12 40
5 8 4
7 8 17
13 16 15
7 8 34
6 9 30
23 4 38
17 22 6
20 0 33
7 11 1
15 17 35
6 10 19
19 23 4
16 18 17
10 13 13
18 22 2
2 6 33
1 5 18
21 23 24
0 4 24
10 14 41
17 21 43
7 10 13
5 7 7
17 20 36
3 5 42
21 22 1
10 12 35
7 9 26
18 21 36
22 1 17
18 21 29
15 17 16
19 0 35
21 2 2
22 1 15
16 16 44
12 16 35
4 6 6
12 15 6
2 4 39
19 21 32
13 15 18
0 2 32
20 0 37
1 3 3
19 22 30
11 14 13
0 3 34
13 15 36
18 21 38
21 1 14
19 23 44
5 7 15
20 23 22
23 1 10
22 1 42
19 21 2
5 7 20
4 5 11
20 21 9
0 5 34
18 21 41
9 13 39
8 8 34
1 3 37
0 2 30
8 10 32
20 0 8
13 17 37
12 15 14
22 2 42
4 8 14
0 2 35
16 19 37
5 9 13
13 16 10
4 8 18
4 8 5
18 21 20
3 7 35
23 3 25
15 18 12
21 1 36
7 11 4
8 10 24
6 10 40
17 19 9
10 13 11
7 10 43
2 6 16
19 22 35
11 13 6
14 16 32
16 19 5
3 6 39
5 9 32
11 13 23
3 7 10
21 23 24
18 23 23
10 14 2
16 21 25
3 5 35
15 17 30
2 5 2
6 9 14
11 14 4
2 3 21
16 20 7
14 17 15
17 21 32
20 23 28
14 17 20
6 9 43
16 18 4
23 3 19
20 0 24
3 7 39
4 9 5
5 6 8
1 5 41
16 18 23
1 4 17
0 3 40
19 22 24
4 6 30
4 7 20
8 12 15
19 23 19
6 8 16
12 13 21
15 19 12
6 9 15
7 9 32
2 7 11
1 5 14
10 11 39
10 13 35
22 1 6
3 7 14
12 16 11
14 16 5
17 19 12
9 12 24
2 4 37
19 20 39
16 20 10
11 14 15
9 12 10
10 12 24
2 6 3
20 0 2
16 19 27
22 0 32
7 9 9
17 19 28
17 19 33
18 21 41
0 3 36
17 19 16
8 10 3
17 21 13
4 8 22
1 6 44
22 2 1
23 1 16
5 7 13
10 12 36
11 16 37
8 12 35
10 13 22
13 14 22
1 4 21
12 16 29
22 23 13
15 20 2
20 22 29
12 15 22
11 14 28
21 23 14
4 7 43
21 23 24
3 8 27
23 23 41
21 1 29
19 22 43
2 3 39
18 20 16
20 22 1
5 7 13
15 18 20
19 20 42
2 5 6
9 13 10
10 13 40
4 6 38
20 23 37
3 5 17
6 8 18
21 23 9
1 5 9
22 0 18
2 6 28
19 22 4
10 13 8
7 10 38
19 23 38
20 23 3
16 20 30
7 10 11
10 13 5
0 3 28
9 11 12
16 21 12
13 17 16
13 16 43
1 2 7
6 7 40
10 13 34
21 1 20
17 21 43
8 12 10
15 19 25
7 8 18
16 21 12
8 11 31
1 3 11
14 17 28
14 16 3
21 23 1
10 15 27
16 19 1
19 23 4
17 20 21
1 3 42
17 19 31
17 19 11
6 9 34
18 22 1
8 11 21
22 1 38
23 3 15
13 16 11
11 14 5
1 3 36
14 17 44
12 16 41
6 10 18
9 11 39
9 12 8
7 10 19
14 17 19
21 1 18
23 2 12
7 9 37
16 19 8
20 23 19
20 0 8
18 20 1
4 6 17
10 13 15
21 2 9
11 14 18
8 11 22
21 2 7
10 12 5
14 20 37
21 1 17
0 3 36
1 3 26
5 9 21
18 23 31
18 19 25
4 7 25
12 14 40
0 3 26
1 5 17
1 5 28
7 8 30
12 15 39
11 15 30
3 6 25
16 19 14
23 1 16
3 5 17
16 19 13
7 9 19
12 16 37
7 10 37
8 11 31
16 17 15
19 23 4
16 19 29
13 16 8
5 9 3
8 11 44
7 11 26
20 23 5
16 21 21
0 4 37
18 19 23
12 14 22
21 0 24
8 11 26
14 19 42
5 9 1
7 10 29
1 3 29
21 0 32
5 6 6
13 17 7
18 22 34
21 2 25
7 9 10
12 15 32
18 21 20
2 5 1
12 16 18
21 0 22
8 11 8
4 5 7
12 13 2
14 17 24
18 22 17
23 1 39
16 19 15
3 7 40
0 3 17
6 10 29
10 12 19
17 21 12
15 19 44
20 22 31
11 15 28
19 22 16
13 17 25
7 10 41
0 4 3
22 1 22
22 1 18
6 10 13
13 15 20
10 13 22
21 1 28
1 5 30
16 20 22
12 16 24
9 12 43
13 16 14
9 13 15
3 4 38
7 10 29
4 7 44
9 12 24
9 12 23
4 7 39
21 1 35
1 5 43
4 5 36
21 1 2
13 16 42
20 0 18
16 17 12
16 20 13
18 20 13
10 13 13
9 11 28
16 18 37
2 5 3
22 0 2
1 4 42
23 1 9
9 12 21
17 19 4
19 23 12
0 2 36
21 0 15
14 18 19
17 20 25
18 22 24
11 15 12
10 10 1
19 20 32
2 4 43
4 7 16
13 16 8
7 9 12
3 5 13
18 20 21
22 3 35
22 1 4
10 16 34
21 0 26
9 10 34
12 16 16
2 5 5
6 11 34
4 8 14
5 7 25
5 9 24
10 13 4
17 19 11
0 3 30
3 6 24
7 9 30
18 22 3
17 20 21
1 5 33
20 1 36
2 5 38
11 13 34
12 15 9
11 15 15
3 7 38
4 7 10
21 23 3
3 5 19
9 13 42
17 22 37
8 11 1
7 12 39
9 12 43
14 16 5
13 16 40
9 11 36
6 7 31
17 20 7
22 1 19
15 17 11
0 3 28
18 23 40
11 14 23
3 7 8
23 1 44
5 8 24
1 4 18
14 16 12
6 8 13
4 7 9
10 14 12
2 4 30
15 20 22
12 14 26
13 16 8
15 17 12
0 2 39
16 19 11
5 8 21
21 1 22
16 20 13
16 19 39
19 22 7
1 3 20
16 16 36
17 20 29
8 11 12
12 15 21
18 22 38
9 13 20
23 1 38
13 18 43
1 3 29
22 1 2
13 16 38
2 3 29
4 6 17
2 4 27
0 4 1
13 15 39
6 8 34
18 21 34
13 16 15
9 11 22
22 0 25
4 8 32
13 16 32
7 11 28
23 2 16
16 19 3
10 13 26
5 9 12
21 1 4
7 12 16
13 16 32
23 0 14
5 8 26
21 1 7
5 9 8
8 11 39
11 13 26
13 17 2
18 20 37
14 17 16
5 7 31
9 13 1
21 2 38
4 8 15
4 5 4
13 17 40
2 6 15
0 3 43
14 17 10
21 0 27
22 3 6
8 9 18
11 15 39
9 12 23
3 6 38
19 22 42
23 3 2
2 4 41
12 16 20
16 18 8
16 18 6
1 4 17
2 6 8
8 12 3
12 15 15
22 2 6
5 7 14
10 13 24
10 12 5
22 0 44
11 15 43
5 9 8
20 0 3
13 15 14
17 18 35
6 9 15
14 17 1
20 22 17
15 17 11
17 20 41
6 8 41
0 3 12
22 2 38
11 13 23
3 6 21
11 14 38
23 2 12
3 7 43
8 12 27
6 10 28
23 2 9
16 18 44
20 23 7
11 16 6
1 3 31
6 9 41
5 8 36
3 6 15
0 3 18
17 19 34
9 11 19
12 14 2
11 14 41
10 13 4
20 22 23
15 17 7
1 4 23
16 19 13
4 8 42
5 7 4
14 16 17
7 9 32
0 4 39
21 1 36
13 15 41
19 23 33
8 9 30
15 18 13
8 9 35
15 19 17
21 22 44
18 22 19
15 19 31
12 14 20
20 22 16
12 16 38
11 15 12
3 6 15
12 14 9
13 16 31
14 16 20
0 4 4
10 12 6
20 23 41
4 6 2
22 2 13
4 6 17
3 6 14
6 8 38
1 5 34
23 2 26
5 7 25
7 10 23
8 10 42
7 9 29
9 12 10
18 19 42
20 23 4
1 4 2
9 11 5
17 20 38
10 13 19
8 10 25
3 5 21
10 11 1
8 13 32
9 13 15
5 10 41
7 8 38
15 18 10
1 4 15
13 17 30
22 1 24
11 13 11
16 18 5
10 13 1
18 22 23
13 14 39
0 0 6
11 15 33
13 16 10
22 1 29
17 19 5
13 17 20
16 19 32
16 20 41
13 16 20
15 17 5
6 8 36
4 7 27
14 19 28
12 15 40
17 21 3
12 15 30
6 10 36
9 11 17
18 21 39
8 13 18
8 12 31
3 5 32
18 22 22
7 11 28
21 1 8
17 20 4
16 19 24
12 15 42
8 11 11
6 7 19
10 14 31
14 17 34
17 19 31
9 13 40
1 4 20
1 4 3
13 17 9
0 3 34
21 0 23
19 22 15
8 11 30
1 4 1
12 13 15
0 4 15
17 20 29
21 23 43
8 10 44
7 9 6
19 21 12
6 10 13
14 16 30
12 14 30
15 21 9
20 22 25
1 4 31
14 19 29
20 22 35
12 15 24
23 3 22
4 8 2
17 21 33
19 1 7
20 23 40
9 12 28
4 6 3
4 8 34
21 0 25
20 0 24
13 15 12
7 11 42
17 20 12
1 5 15
5 6 37
17 19 41
19 22 2
0 4 12
11 15 12
16 19 31
22 2 24
22 1 36
14 17 24
22 1 9
5 8 8
18 20 13
18 20 6
4 6 22
2 5 3
17 20 22
0 3 25
21 1 40
8 10 10
6 10 29
12 16 29
22 0 42
7 10 11
19 20 1
14 19 31
2 6 13
2 5 14
19 21 36
15 19 26
0 2 22
1 3 32
11 15 18
10 14 34
0 3 44
11 14 40
13 16 32
1 3 38
21 1 19
2 5 41
23 2 27
16 19 23
23 2 41
17 20 30
19 22 29
19 21 25
17 21 12
20 22 7
2 5 3
19 22 35
6 8 35
21 0 12
4 8 9
8 10 37
22 2 19
12 14 26
20 22 25
20 0 10
14 16 8
11 16 5
2 5 31
12 15 26
22 0 23
15 17 11
17 21 9
11 14 44
7 10 4
10 12 11
14 17 6
0 3 6
23 2 8
7 10 3
20 0 28
1 3 14
6 10 11
14 16 31
22 2 25
2 5 17
4 5 33
15 19 41
7 10 30
18 22 25
21 0 28
7 10 10
4 8 12
6 10 32
10 13 43
2 4 12
19 22 27
9 10 35
3 4 32
4 4 5
3 6 38
13 16 24
15 17 15
15 17 21
0 4 36
14 17 8
8 12 5
8 12 25
23 2 38
3 7 2
9 12 31
10 12 10
22 23 36
19 22 39
6 8 34
16 18 24
2 5 23
16 19 27
0 3 14
14 18 15
8 11 41
19 22 2
22 1 18
12 15 32
3 7 24
13 17 21
18 20 4
9 12 31
8 11 16
15 17 4
7 10 40
20 23 2
21 0 31
8 10 2
15 16 32
21 2 41
13 17 38
10 12 27
14 18 27
15 19 44
4 7 10
0 2 39
18 21 26
7 11 3
23 0 42
22 1 16
16 20 38
23 1 41
19 23 25
21 1 14
9 14 7
5 8 32
15 18 13
13 15 9
21 1 32
0 3 32
17 20 24
14 17 18
12 15 27
17 19 9
1 4 39
16 19 38
4 7 13
20 22 8
2 6 42
21 0 38
1 3 7
12 14 40
9 13 35
20 22 23
11 14 7
16 20 31
6 10 22
12 14 16
17 21 42
8 11 42
19 22 40
10 12 5
20 1 18
8 10 18
1 4 3
9 11 27
8 10 28
20 0 32
5 8 19
20 0 30
19 22 38
18 22 33
8 10 39
13 16 11
8 12 18
16 19 6
10 14 12
15 19 41
1 3 41
17 20 11
3 5 33
9 11 3
8 11 40
18 23 12
13 15 38
18 20 37
11 13 39
17 19 27
7 10 7
8 12 28
7 10 44
18 23 35
6 9 32
14 18 39
8 11 28
2 6 37
16 19 27
13 16 36
1 4 18
9 12 20
19 23 19
16 20 14
20 22 21
22 2 4
9 11 23
9 11 13
1 3 39
11 13 6
19 21 40
16 18 44
5 9 10
14 16 41
13 17 4
7 9 40
21 23 31
4 7 4
7 10 10
22 1 6
13 16 20
10 12 14
1 3 9
0 3 42
2 5 13
1 4 16
2 6 4
6 9 19
19 21 27
20 23 10
10 12 29
15 18 24
9 12 21
4 9 35
15 18 19
20 1 4
17 20 6
10 12 14
7 10 3
12 15 38
20 21 13
2 3 37
18 20 25
0 3 41
15 18 25
22 0 17
16 19 11
3 5 38
22 1 15
20 22 12
0 3 43
17 18 35
3 7 38
7 8 1
22 2 9
15 19 40
23 23 41
1 3 23
16 21 20
13 17 18
20 1 20
22 0 23
9 11 40
3 5 37
18 20 41
9 11 19
23 2 24
16 19 29
11 16 5
11 13 12
7 10 40
18 21 15
9 10 10
20 0 17
11 14 20
0 4 43
7 9 3
15 19 25
14 15 44
8 12 4
10 15 28
8 11 19
22 1 3
15 18 16
5 8 5
20 0 31
20 22 33
23 3 29
4 7 27
22 1 28
10 12 25
13 16 15
10 13 39
16 21 11
20 23 32
11 13 4
21 22 4
20 1 3
3 5 12
5 8 1
8 11 2
18 20 10
12 14 36
19 23 41
4 8 21
23 1 36
19 21 1
2 5 16
6 11 6
10 14 24
22 2 34
18 21 12
7 9 18
0 2 10
9 11 2
18 20 22
20 22 19
2 4 37
15 17 17
9 11 43
9 12 31
23 1 38
17 21 4
16 19 29
19 22 2
3 5 28
0 4 6
20 0 37
2 5 12
23 2 5
14 18 18
5 9 20
11 14 19
1 6 25
17 20 39
22 1 28
7 10 30
19 22 11
13 17 9
19 22 35
21 0 4
20 22 13
9 12 27
21 4 16
1 4 15
18 22 3
17 20 29
17 21 9
18 21 17
6 9 5
2 4 33
3 8 34
6 8 37
1 4 12
7 10 13
18 22 15
20 23 37
20 1 36
6 8 3
1 5 26
12 15 14
15 18 37
9 12 13
21 23 19
14 17 10
14 18 32
4 7 41
14 16 6
17 21 12
2 7 30
21 1 17
12 13 42
9 12 36
21 1 1
12 15 13
22 5 26
12 14 34
6 10 40
14 17 30
6 9 31
5 8 4
11 13 43
14 16 33
1 5 17
15 17 26
20 0 30
23 3 10
11 14 44
20 23 9
8 10 22
14 16 19
3 5 20
12 14 42
4 9 15
11 11 10
22 4 18
13 16 33
15 18 10
18 22 15
16 19 14
0 3 42
22 2 4
15 17 39
1 4 13
23 3 22
22 1 35
18 21 41
21 23 19
5 7 32
17 19 20
14 18 39
19 21 34
15 17 21
4 7 20
4 7 16
18 22 43
0 5 8
19 22 7
10 12 40
20 0 7
18 22 14
19 21 26
23 3 23
4 7 2
23 3 6
3 7 39
0 5 14
19 0 30
2 4 9
4 7 10
8 10 17
11 13 10
23 2 14
18 21 34
6 10 17
17 18 20
13 15 20
9 12 2
15 18 21
5 8 19
8 10 16
20 22 18
20 22 41
3 5 23
15 19 5
21 1 22
9 12 40
20 23 26
13 17 7
2 4 13
20 23 22
21 0 43
18 21 23
1 4 16
13 15 44
18 21 23
13 16 40
10 13 42
10 13 10
11 14 15
6 11 33
4 8 44
23 1 37
6 9 32
15 17 22
17 22 32
17 20 28
19 21 10
2 5 33
17 19 41
11 15 32
15 17 14
10 13 29
6 9 10
15 19 34
22 0 29
15 18 11
17 20 31
10 14 40
12 14 38
2 5 42
11 13 7
11 13 28
2 6 26
22 23 25
4 7 11
22 0 32
15 19 31
21 23 24
0 4 37
5 8 22
14 18 34
22 2 24
11 14 44
14 19 25
10 14 3
13 16 15
6 10 44
2 7 8
11 14 8
10 12 18
21 2 29
14 17 43
7 11 39
9 13 44
21 1 42
10 11 25
20 0 1
16 19 13
9 13 9
8 11 1
22 2 13
5 8 42
7 10 15
11 13 43
17 22 12
4 8 32
22 0 29
10 12 12
9 13 24
10 14 42
1 5 6
5 7 37
8 10 37
16 19 27
13 17 5
4 7 24
9 12 11
3 5 26
0 3 28
5 10 32
18 21 17
10 13 38
1 5 5
14 18 4
1 4 8
0 4 14
21 0 40
9 11 5
15 18 9
14 17 28
23 0 41
4 8 26
12 16 34
9 12 25
14 18 1
21 1 19
3 7 17
16 19 39
12 14 19
0 2 31
20 0 40
0 3 13
16 18 41
8 11 33
3 6 10
7 11 39
1 5 40
8 11 7
14 16 30
16 19 14
16 19 17
12 14 13
11 15 10
5 8 28
6 8 13
7 11 36
8 11 41
17 21 40
9 13 40
15 19 35
1 4 19
8 11 2
23 2 13
23 3 20
6 9 30
2 5 30
20 23 39
16 19 43
6 7 22
23 2 27
19 23 18
0 3 27
21 1 44
3 7 17
18 21 3
7 9 11
9 14 29
1 5 22
3 7 11
16 18 14
2 5 20
13 16 14
8 11 18
11 14 40
17 21 32
6 9 12
1 4 44
22 0 4
23 2 6
23 3 6
4 9 39
4 6 7
23 3 42
8 12 35
18 21 9
23 3 32
0 2 19
0 2 11
20 0 43
21 23 42
19 22 28
13 16 5
8 10 34
14 18 33
20 0 3
8 10 10
6 9 5
19 21 5
16 18 42
16 17 37
5 7 36
21 0 31
6 7 40
4 7 9
8 12 31
8 11 4
23 1 39
12 14 4
4 8 9
15 18 26
4 9 15
23 2 25
9 12 36
13 17 33
19 22 25
6 10 40
14 15 8
8 9 24
0 3 32
21 0 3
6 10 22
9 12 27
12 15 33
22 0 10
23 2 29
19 22 1
12 14 17
23 2 7
2 5 27
16 21 42
12 15 10
4 8 32
1 6 24
3 6 24
10 14 18
4 8 30
10 13 31
10 12 17
2 6 19
20 0 25
11 14 31
14 17 14
23 1 43
11 15 13
10 12 8
4 8 43
23 2 44
1 5 11
23 2 2
7 10 15
21 23 35
3 5 40
0 4 42
12 15 5
22 1 39
17 19 22
4 7 21
1 3 41
0 4 5
1 5 3
2 4 21
3 7 23
22 0 5
19 22 5
2 6 19
13 16 27
2 6 9
6 9 12
14 16 20
11 15 44
16 20 31
11 15 3
1 4 20
17 20 42
15 18 42
9 10 24
20 23 27
8 10 38
15 19 15
13 18 21
21 23 26
18 0 33
8 11 28
17 21 8
15 17 44
17 20 11
17 18 28
13 16 12
4 7 41
20 0 42
5 8 6
16 20 44
8 13 18
16 20 43
10 11 23
3 5 28
0 5 41
6 9 1
3 5 35
8 12 20
21 0 20
1 3 13
8 11 23
13 15 34
17 21 35
23 3 39
3 5 31
3 6 28
22 0 31
2 4 13
15 17 13
15 17 9
22 0 37
7 9 36
2 6 24
8 11 8
14 18 36
13 18 9
19 23 40
14 18 34
4 7 35
8 10 30
9 12 11
7 11 31
4 9 43
6 7 43
9 11 31
3 9 15
11 14 11
16 18 34
11 15 31
20 23 30
19 22 10
23 0 4
19 23 22
16 19 28
13 16 10
3 4 18
0 4 2
15 17 40
2 5 15
6 9 41
20 1 28
3 7 9
0 3 40
19 22 30
14 15 38
18 20 10
12 15 42
19 21 35
19 22 3
8 10 5
8 12 33
5 9 17
3 5 40
7 9 3
13 17 10
19 21 11
8 12 3
2 5 27
19 22 14
5 8 9
0 5 31
3 6 36
0 3 40
17 20 5
0 2 31
12 14 13
23 0 13
22 0 5
16 20 1
20 23 23
9 13 44
13 17 26
19 22 8
6 9 17
2 3 16
21 0 9
5 9 30
4 7 36
16 19 40
15 18 44
19 21 44
4 8 34
9 13 34
3 5 22
17 20 32
16 19 13
1 2 14
19 22 17
0 3 43
16 21 32
17 21 31
13 18 1
15 18 17
5 7 30
12 15 35
13 15 6
8 11 15
19 23 5
19 21 39
23 0 21
15 16 18
22 0 35
6 8 9
5 7 37
2 6 12
5 9 8
22 1 16
0 3 31
13 16 43
18 19 13
10 12 27
20 21 17
0 2 32
23 0 9
18 21 20
8 11 12
9 11 1
17 19 42
22 23 20
13 15 40
2 5 12
17 21 37
14 17 18
0 3 6
20 23 36
20 23 30
19 21 31
19 21 21
17 22 40
18 22 10
2 5 3
2 4 20
10 14 41
21 23 25
17 21 15
10 14 33
4 6 5
17 20 24
0 2 14
23 1 11
17 19 3
17 20 19
13 16 9
5 7 6
17 20 38
13 15 39
19 23 35
1 4 18
23 3 13
6 9 7
11 16 24
10 13 29
22 1 16
5 8 30
6 10 6
12 14 26
6 9 26
20 23 27
9 11 4
18 21 7
11 14 1
15 18 31
17 22 35
3 5 44
17 20 10
0 3 7
18 19 25
2 5 16
7 9 10
9 13 27
11 15 6
2 6 17
2 6 32
18 22 28
7 7 17
1 4 9
21 23 18
19 22 13
0 2 7
14 16 26
17 21 43
1 6 20
21 1 9
3 7 21
9 13 29
12 17 22
13 17 2
0 3 34
23 1 35
8 11 34
0 2 11
9 11 34
13 14 15
20 0 30
11 14 1
10 12 16
11 14 3
9 12 40
9 13 26
10 12 38
16 20 3
16 18 3
8 12 6
15 18 5
1 5 7
16 19 30
23 2 17
18 21 43
12 14 14
5 7 44
16 19 36
2 6 29
4 7 40
1 5 34
16 20 10
4 7 36
8 11 12
0 4 27
5 10 9
12 16 32
11 13 20
15 19 41
15 20 21
23 1 25
20 22 43
16 19 21
17 20 27
8 12 19
12 16 42
8 11 39
8 11 10
20 22 44
3 7 16
9 12 9
6 9 9
1 3 21
14 17 40
17 21 8
6 8 37
2 5 37
21 1 39
16 19 9
17 19 15
2 5 28
1 4 37
7 10 31
2 6 12
4 6 35
5 9 24
19 21 11
18 21 1
15 19 18
19 23 28
1 4 25
11 13 5
12 16 10
18 22 27
0 2 1
4 7 22
10 13 33
5 8 36
0 2 7
15 18 8
5 7 2
7 10 42
3 7 32
12 15 40
12 14 32
20 23 25
2 5 18
22 1 31
0 3 17
6 9 6
10 12 43
11 12 2
12 16 10
6 8 31
23 2 20
9 10 18
9 11 25
10 12 13
18 22 32
20 23 37
1 5 30
17 20 39
22 2 11
23 1 20
5 7 22
23 1 32
20 0 30
12 16 4
7 8 33
7 13 27
15 18 21
17 20 26
16 20 40
11 14 9
9 11 27
13 14 8
7 8 24
13 15 27
19 23 17
1 4 14
2 6 42
3 6 44
19 22 1
8 11 37
14 18 22
7 10 5
3 7 17
3 6 23
21 1 10
22 3 23
9 12 43
9 12 5
23 2 29
13 16 23
0 3 17
16 20 27
9 12 32
5 7 29
22 23 22
18 21 38
18 20 42
12 15 38
15 18 41
8 10 3
1 3 14
0 4 29
10 14 33
6 9 5
20 21 19
20 0 17
23 2 44
23 2 42
10 13 39
9 12 23
23 4 4
15 18 36
20 23 16
19 22 18
1 5 13
19 23 19
5 8 2
10 12 40
18 22 24
18 19 5
13 16 43
20 22 38
15 19 5
11 13 13
5 8 39
18 20 9
4 9 14
10 12 40
3 7 4
17 21 40
2 6 1
10 13 36
0 3 7
11 14 34
1 3 37
22 2 40
12 15 39
22 3 24
23 2 20
2 5 8
4 7 39
10 15 20
22 1 8
15 19 9
4 7 30
21 2 8
20 0 9
8 11 40
16 18 3
22 2 33
20 0 32
13 16 33
18 19 35
3 5 5
20 23 9
16 19 23
7 9 27
17 20 10
6 8 32
22 0 11
13 15 29
10 14 43
10 13 44
6 7 32
19 22 29
4 8 12
11 16 7
0 3 19
2 4 41
8 12 44
23 1 32
6 8 10
16 19 2
4 6 11
17 20 28
14 17 41
10 13 4
17 20 13
0 4 40
20 1 4
18 22 23
16 21 43
20 21 24
12 16 43
15 17 18
4 7 18
20 22 4
11 13 34
4 6 37
19 23 43
6 10 16
5 7 28
6 7 6
16 19 41
7 10 2
23 1 34
14 14 31
22 1 21
9 12 22
7 10 15
3 6 4
10 11 23
7 9 17
13 15 20
20 1 26
20 23 44
13 17 1
2 4 26
20 0 22
13 18 43
22 3 29
9 12 19
16 18 4
7 10 28
19 23 39
11 15 25
9 12 32
2 4 44
6 9 5
7 9 41
17 21 11
1 5 42
13 16 39
15 18 30
4 8 25
8 10 1
11 15 39
10 12 30
9 13 6
12 16 33
9 10 23
22 2 1
15 17 16
22 1 7
1 4 36
7 11 43
14 16 41
18 22 13
22 2 15
5 6 30
22 0 38
7 10 3
2 6 37
3 5 32
7 11 5
8 13 3
14 17 29
15 17 9
1 4 44
0 3 18
13 16 5
3 5 44
20 0 28
2 4 32
13 17 38
9 12 40
14 18 40
7 9 27
5 8 13
0 3 5
11 15 13
15 16 41
8 10 12
20 22 15
15 17 36
10 14 35
6 10 38
2 7 40
20 23 4
22 1 29
9 13 43
21 23 5
7 11 22
15 18 5
20 0 7
18 22 16
20 23 40
5 8 24
14 17 6
3 4 21
5 8 23
3 7 22
22 1 36
2 6 10
11 14 3
17 20 36
21 0 18
22 22 30
4 6 16
3 8 1
17 19 12
3 6 18
11 13 34
17 21 5
18 21 15
20 22 12
14 19 12
14 17 12
0 3 43
10 14 3
10 13 10
6 8 12
5 6 18
9 12 39
6 7 10
11 14 3
5 7 13
23 0 31
10 13 21
15 16 21
13 16 19
8 9 23
19 23 30
23 3 39
4 7 41
7 10 33
10 13 16
12 16 10
21 0 15
20 23 31
5 9 25
16 18 17
1 5 31
7 8 26
7 9 9
21 0 29
0 4 2
13 17 22
0 4 8
3 6 9
18 21 43
8 12 19
16 19 24
3 8 2
13 18 33
7 10 28
4 7 16
4 7 12
14 18 18
1 4 8
10 13 32
5 6 23
22 23 36
4 8 31
19 21 35
13 15 5
15 18 28
4 7 38
12 16 20
8 11 24
3 4 20
18 20 7
4 8 2
17 20 32
6 10 9
9 12 26
4 7 15
1 4 22
1 7 36
6 10 7
3 5 38
15 20 29
10 13 30
4 7 7
14 17 17
5 9 33
1 3 22
6 8 28
11 14 12
1 5 17
15 18 9
18 22 32
1 5 33
20 23 16
15 18 24
19 22 35
9 11 39
20 1 9
1 3 16
19 20 18
10 13 9
21 1 25
18 21 15
9 12 41
1 5 18
3 6 39
3 6 7
6 8 43
6 10 8
17 19 2
4 5 5
9 13 18
5 8 32
13 14 14
11 15 10
4 7 33
15 17 21
14 16 26
19 23 21
16 18 35
16 20 15
5 9 34
2 6 42
5 7 15
11 13 41
17 19 26
17 20 20
5 7 5
1 3 19
22 2 32
8 12 23
4 7 20
17 20 17
10 11 21
4 4 23
20 0 37
6 8 17
0 3 1
20 22 17
19 23 37
3 8 31
7 8 35
19 0 39
5 7 17
18 21 26
20 22 37
9 13 18
12 14 16
11 14 9
20 1 21
7 11 38
7 9 15
12 16 16
11 15 32
23 2 24
16 20 9
19 22 36
17 20 5
7 8 29
8 11 16
21 1 28
14 17 33
14 17 9
10 13 33
18 20 4
0 3 13
15 19 24
3 5 25
16 17 21
10 13 34
22 1 35
5 9 24
8 10 4
2 5 36
14 18 41
2 5 27
15 16 34
19 20 29
22 0 11
21 1 6
4 6 40
5 8 43
22 2 8
7 11 41
3 4 34
12 15 30
22 0 8
11 13 35
12 14 31
22 0 2
23 1 4
1 4 9
1 4 16
0 3 14
2 4 8
16 18 34
20 22 32
10 15 40
6 8 36
12 16 16
6 9 40
3 6 32
17 19 2
7 10 36
0 4 44
11 15 16
1 3 37
13 16 41
14 17 15
15 20 22
14 16 36
18 20 39
4 6 37
13 15 24
3 7 14
19 0 15
3 6 8
20 22 1
0 4 26
18 21 8
5 9 31
6 6 27
2 6 19
23 2 7
22 1 42
4 7 28
14 16 34
17 21 13
16 18 37
15 19 18
19 22 21
13 15 36
15 18 32
20 23 27
12 16 29
3 4 5
0 4 11
0 2 38
13 15 34
3 6 21
2 6 41
18 21 1
12 15 10
23 3 4
17 21 6
22 0 1
0 5 26
3 5 40
13 17 5
14 16 41
10 14 15
10 16 5
18 21 36
18 21 15
5 9 35
17 19 25
11 13 25
18 21 21
14 17 36
13 15 37
14 19 42
4 7 20
11 12 18
10 14 14
23 1 13
20 22 30
7 9 41
2 5 30
17 22 7
10 13 23
21 23 42
15 17 36
3 7 16
20 23 38
7 10 26
5 9 22
7 8 29
4 6 10
19 22 15
20 0 10
18 22 37
20 22 6
8 10 17
23 1 12
11 13 21
18 20 16
12 14 5
22 0 24
12 16 18
3 8 16
8 10 44
19 23 29
15 16 14
17 21 34
17 20 25
1 4 4
17 20 14
15 17 17
7 9 36
7 11 41
5 9 7
11 14 30
17 20 16
19 0 42
12 15 17
4 6 12
10 13 28
2 3 16
0 3 22
0 4 22
11 15 32
15 19 34
21 0 33
2 6 9
19 22 20
6 10 6
0 2 36
0 2 41
7 11 29
0 2 20
23 3 39
17 19 16
20 0 26
17 21 13
22 1 24
22 2 25
17 20 34
23 0 41
7 11 24
12 15 40
2 5 14
1 6 37
0 3 19
5 10 44
19 22 16
9 12 16
20 0 8
2 5 5
3 8 19
3 6 38
2 3 14
13 16 40
17 21 21
17 21 1
1 3 33
14 18 21
17 21 21
17 18 34
5 9 28
2 4 24
2 6 18
7 9 42
22 23 10
9 12 39
20 23 15
1 4 29
22 1 15
8 10 43
21 0 26
1 3 18
8 10 35
21 0 15
9 11 24
4 8 3
16 19 43
18 19 28
10 13 2
12 16 19
11 13 12
19 21 34
16 19 3
21 1 12
13 15 3
9 11 6
2 5 39
13 13 3
23 0 4
14 16 38
18 21 30
11 16 18
18 20 32
18 20 7
12 16 43
11 14 27
2 3 40
23 2 11
19 21 12
0 2 30
23 1 13
2 7 19
1 5 12
9 11 31
13 16 38
0 4 15
17 19 3
3 6 6
0 5 4
6 10 42
6 8 44
21 0 40
6 10 24
4 5 31
19 22 2
14 17 24
2 6 29
6 9 32
12 15 12
22 0 34
18 20 36
21 22 43
11 14 23
11 14 34
0 2 29
19 23 17
22 1 1
7 9 28
7 12 32
1 4 4
12 17 35
22 1 34
2 5 18
6 10 33
14 15 25
20 23 17
20 1 19
9 11 15
22 1 26
1 4 42
2 4 39
8 13 19
11 15 7
12 16 29
17 20 6
9 12 42
21 23 19
9 10 25
22 1 37
20 0 17
10 12 21
22 1 19
17 22 36
1 4 36
12 16 44
6 9 44
1 5 35
0 1 20
7 9 11
18 20 5
9 11 33
23 2 5
1 4 12
2 5 1
8 13 11
7 9 13
2 6 42
1 4 18
8 12 29
0 3 13
19 22 23
18 19 30
13 16 39
13 15 44
22 1 40
11 15 9
13 17 31
12 13 15
9 13 25
0 4 6
17 22 7
15 18 6
16 20 7
7 9 8
8 10 11
9 12 44
14 17 8
2 6 29
13 17 28
6 8 41
17 19 20
2 4 28
12 15 28
5 8 8
19 21 41
9 11 19
13 16 35
0 4 39
22 0 7
23 3 5
21 0 15
16 20 3
22 2 43
10 13 37
17 20 26
4 6 25
17 19 14
14 16 29
8 11 30
7 10 37
6 8 44
7 11 34
11 13 37
5 7 43
19 0 20
21 0 28
13 15 44
0 2 20
5 7 37
13 16 10
4 7 26
2 4 1
15 18 22
7 10 14
1 4 26
17 19 20
9 14 1
6 8 38
5 7 27
3 6 12
1 4 43
13 17 15
5 9 10
11 14 33
0 1 13
12 17 23
17 19 11
9 12 36
4 7 26
13 15 1
12 14 34
12 14 32
7 10 10
18 20 31
14 16 27
21 0 29
1 4 1
0 2 36
10 12 21
14 18 36
12 16 21
10 14 7
19 22 32
2 4 4
12 14 36
3 6 5
20 22 24
4 9 17
10 14 26
22 23 31
11 14 30
17 19 13
6 10 3
1 4 28
19 22 25
8 13 9
23 2 35
18 21 34
13 15 43
11 15 11
18 21 42
18 21 3
14 17 33
18 19 7
14 17 33
8 12 12
10 12 21
17 20 24
22 1 6
5 8 19
4 6 15
16 18 3
2 5 9
12 16 35
10 13 2
17 20 21
16 20 37
1 4 21
20 23 35
19 22 21
1 4 34
10 12 12
13 16 22
10 13 4
19 22 16
12 14 24
9 14 6
5 9 35
17 21 32
3 6 38
23 2 29
11 12 11
23 1 8
17 22 8
12 15 16
15 18 6
2 5 26
22 1 10
10 13 22
17 22 6
21 23 10
17 21 1
2 7 41
21 0 23
23 1 19
16 18 28
17 19 42
23 1 41
12 15 15
11 13 4
16 20 27
0 3 44
14 17 24
3 7 13
12 12 17
11 13 1
20 22 12
2 5 40
8 11 24
5 8 25
7 9 43
16 19 7
14 17 25
12 14 3
0 4 20
7 10 29
5 8 25
5 10 11
15 18 24
7 9 9
6 7 30
9 14 16
2 4 33
17 20 27
16 18 39
18 19 40
7 10 34
2 5 34
14 16 24
19 21 26
15 18 14
1 4 3
18 19 34
12 14 28
15 19 11
18 22 5
1 3 34
16 19 26
3 5 22
20 23 42
6 9 16
9 12 14
21 0 3
15 19 36
4 8 30
14 17 36
8 12 41
6 9 2
13 15 8
10 13 16
7 11 22
1 3 13
9 13 20
20 23 31
17 22 32
3 6 22
22 0 3
10 12 24
19 23 19
3 7 40
18 21 30
0 2 28
11 16 7
18 21 17
22 2 7
18 22 36
16 20 36
4 7 21
13 16 4
21 23 22
19 23 2
11 15 36
7 11 29
9 12 10
15 19 8
12 15 39
6 7 32
10 14 44
9 11 16
12 15 3
15 17 13
16 19 30
15 19 40
5 6 35
11 13 36
23 3 13
16 20 3
7 10 40
11 14 10
14 17 32
20 23 41
10 13 1
4 6 6
2 5 33
15 18 29
4 8 17
13 17 35
1 4 33
2 5 18
10 13 8
8 10 38
8 10 12
20 23 43
8 13 44
5 9 16
3 4 30
7 9 31
14 18 3
21 1 17
22 1 2
7 10 14
6 9 37
10 12 19
5 9 18
8 10 17
5 9 27
20 21 22
6 8 40
14 16 43
19 22 31
20 0 32
23 2 10
3 7 29
1 3 11
7 10 1
0 3 35
0 1 14
9 11 32
22 1 38
6 10 26
18 19 22
12 17 5
14 19 12
21 2 4
21 0 38
2 4 1
22 1 43
4 10 42
4 6 35
3 8 35
8 10 42
0 4 7
1 3 11
9 11 39
17 20 4
8 10 20
22 1 20
6 8 17
15 18 16
1 4 44
18 22 10
18 21 44
21 3 15
2 5 13
23 4 24
16 21 3
13 15 29
16 20 3
20 23 20
21 23 42
19 21 11
2 5 44
10 12 3
10 10 6
9 13 29
11 15 40
3 6 27
17 20 11
7 9 7
11 14 21
5 8 2
2 5 4
0 4 29
8 10 33
14 15 33
22 2 39
3 6 17
14 15 4
0 3 9
8 11 13
15 18 24
8 11 15
13 16 30
23 3 38
21 23 7
13 16 3
20 0 43
18 21 15
13 15 1
13 17 13
6 10 43
21 23 17
15 20 43
20 0 7
19 23 30
9 12 43
11 14 18
14 17 17
6 11 2
1 3 3
11 14 26
12 15 17
17 19 7
5 8 31
16 19 33
21 1 43
22 0 27
17 21 38
0 4 11
19 23 42
10 14 43
15 19 19
22 2 28
17 20 21
10 14 8
12 16 3
17 20 42
12 16 31
15 15 18
10 13 44
19 20 35
23 2 24
0 2 35
11 14 21
23 3 21
11 14 18
5 8 14
13 16 31
0 4 17
16 20 18
5 8 22
11 12 11
14 17 25
7 11 13
16 19 40
23 1 24
22 0 13
19 23 5
11 13 1
15 17 19
3 7 34
8 11 5
13 17 33
18 21 27
20 0 20
14 17 18
15 19 9
18 21 18
7 10 13
22 0 33
7 9 41
13 16 37
2 6 17
23 2 5
0 4 38
7 9 28
13 16 17
13 16 25
12 15 27
19 23 4
18 20 32
20 23 4
7 8 2
6 10 26
9 11 37
14 16 32
20 22 31
20 0 16
2 6 9
17 19 33
19 23 25
3 10 35
14 19 11
18 20 25
16 17 1
7 10 36
16 17 34
7 10 31
0 3 41
2 5 31
8 11 2
15 17 15
11 14 43
6 9 17
20 0 38
11 14 21
15 17 23
18 22 2
14 16 24
21 0 33
6 9 17
5 8 35
6 9 43
4 8 30
8 11 33
10 12 14
9 12 2
13 16 14
14 16 14
17 22 36
9 13 23
22 1 16
23 0 7
15 16 5
12 15 32
5 8 21
20 23 29
8 12 20
18 22 7
3 6 9
17 21 26
8 10 12
2 4 35
7 11 34
10 13 6
19 21 19
12 15 23
4 6 10
0 3 22
3 5 38
4 9 25
16 19 36
1 5 13
21 23 39
9 13 30
2 5 21
11 15 42
15 18 7
19 22 8
5 7 3
19 21 34
3 5 4
10 12 40
9 14 44
5 9 25
11 14 19
18 20 7
9 13 36
8 10 34
19 20 21
9 13 4
0 2 9
22 4 21
8 11 4
15 18 17
20 23 36
4 8 17
20 23 30
14 16 35
14 18 12
7 11 1
15 16 17
13 16 44
18 23 13
23 1 36
2 3 25
15 18 41
5 9 11
14 16 11
18 21 18
17 19 14
7 10 19
21 0 34
15 18 37
21 0 44
13 16 38
14 16 5
14 17 38
1 4 36
2 5 31
12 17 16
9 10 22
19 22 33
10 13 33
17 20 32
15 18 6
14 16 41
0 2 13
12 15 30
23 4 40
8 11 27
3 6 7
4 8 36
6 10 30
6 8 33
4 6 29
3 6 12
8 11 8
4 9 5
1 3 16
1 5 44
21 1 20
22 0 23
3 6 42
8 11 15
0 4 25
16 18 4
18 23 38
4 8 4
5 8 31
10 12 21
4 7 18
19 22 10
1 3 42
6 8 27
1 4 27
2 4 43
19 0 20
13 16 28
15 18 19
13 14 8
8 12 41
0 2 38
22 23 18
18 21 17
10 15 11
20 23 22
19 22 11
20 23 26
23 1 4
3 5 11
16 18 20
12 16 35
17 21 4
14 18 28
1 3 42
15 18 33
18 21 32
15 17 35
21 0 14
8 12 13
8 13 14
18 19 34
21 1 5
2 6 42
17 21 1
16 18 22
19 0 1
10 14 42
22 1 42
8 11 3
22 1 38
19 22 26
8 11 22
3 7 10
1 4 15
3 9 2
22 0 9
17 21 39
2 5 44
15 16 16
5 9 32
1 3 4
4 7 18
16 19 14
20 23 25
16 19 13
6 9 6
17 20 9
13 15 41
19 23 15
4 8 44
12 16 35
3 6 30
9 13 15
18 20 33
3 5 13
2 4 7
3 7 44
19 20 31
4 7 30
6 9 28
4 7 8
8 11 26
15 18 3
10 13 40
23 1 13
19 22 29
23 2 25
14 17 9
19 21 30
0 3 29
14 16 27
15 18 21
22 2 2
9 11 39
5 8 6
2 4 14
21 2 15
12 15 18
18 21 33
10 12 30
15 19 33
7 10 4
3 7 19
6 10 38
21 1 22
3 5 40
3 4 37
10 12 33
23 1 37
21 1 7
2 6 33
20 0 14
17 20 17
8 11 37
14 17 6
9 12 35
3 5 17
2 7 21
17 19 44
0 3 14
4 9 7
3 8 19
20 0 25
14 18 38
8 11 19
12 14 22
15 18 4
22 2 36
0 3 37
15 18 8
9 11 44
9 11 20
17 20 32
6 6 8
23 3 26
2 6 40
2 5 1
18 21 29
11 13 25
12 17 39
1 7 13
1 6 7
3 8 14
17 19 14
21 0 25
18 22 9
4 7 3
2 4 41
0 3 7
10 12 8
23 1 18
6 10 7
11 14 18
14 17 36
9 11 43
10 13 35
18 22 23
12 16 20
17 20 30
3 5 27
21 0 29
14 17 28
2 6 28
17 18 30
1 5 31
17 19 38
11 14 13
19 23 7
11 16 19
15 19 10
13 15 19
2 5 15
14 17 22
7 9 15
12 15 33
18 22 30
5 8 1
18 21 38
16 20 42
20 23 21
3 6 29
20 23 11
17 20 14
2 5 43
23 3 35
10 12 29
16 19 11
0 3 21
16 19 43
23 2 10
6 10 7
12 15 19
20 0 39
2 4 22
15 16 25
18 21 5
18 20 13
18 21 1
9 11 42
6 10 14
20 23 18
0 4 26
7 11 8
2 5 36
22 0 11
0 3 26
16 19 9
19 22 2
23 1 41
5 8 15
4 8 26
15 19 38
8 10 43
11 15 37
18 22 7
12 13 24
5 6 11
6 8 4
9 14 13
13 17 38
1 3 13
6 9 21
23 2 11
5 8 1
22 0 19
2 5 6
13 15 1
14 16 12
2 6 18
19 20 6
21 0 17
3 6 29
14 16 39
11 14 9
17 20 42
22 2 5
15 18 37
21 0 44
16 19 23
13 16 2
4 6 19
7 10 14
15 16 24
8 10 28
4 8 3
10 13 33
19 22 26
6 7 18
6 9 23
16 19 21
20 0 9
18 20 36
10 13 11
3 6 8
6 9 5
0 3 17
18 21 5
21 0 31
12 15 17
6 10 34
16 20 14
17 20 27
4 7 38
8 11 18
11 13 3
7 9 44
4 8 29
19 22 37
13 17 41
10 14 36
8 11 27
19 0 11
4 7 37
6 11 39
19 23 3
21 23 16
18 21 5
19 23 23
19 22 14
12 15 15
21 23 42
15 19 1
0 3 1
11 16 9
17 19 42
22 0 26
8 9 24
16 19 35
9 13 10
22 23 22
18 22 23
5 8 29
22 0 26
12 16 23
11 12 12
18 21 5
16 20 36
13 16 19
10 11 21
3 7 28
4 7 2
9 12 28
23 1 18
4 6 30
22 1 5
21 0 3
5 12 32
18 22 18
22 23 44
15 16 41
9 12 34
3 5 16
13 17 29
8 10 29
18 20 10
20 21 32
3 6 28
2 4 1
10 13 11
9 12 2
18 20 26
19 21 10
22 1 18
11 13 28
14 17 14
13 16 9
11 15 2
21 1 33
15 19 39
0 3 14
9 13 6
9 11 21
22 1 32
12 16 38
14 17 7
20 23 43
18 21 17
18 21 40
13 16 15
13 15 13
20 0 39
2 4 26
7 11 24
23 2 10
13 18 41
2 6 15
20 23 29
0 2 28
16 18 14
17 19 17
0 2 25
2 6 28
15 19 2
8 11 40
0 3 35
21 3 41
17 20 15
11 14 5
9 12 5
5 8 41
14 15 27
13 16 21
18 21 29
9 12 16
5 8 41
12 17 10
17 21 17
4 8 19
8 12 33
20 23 36
15 18 22
9 12 16
4 6 26
4 8 6
4 7 17
0 3 14
14 17 31
17 19 17
22 2 41
2 5 30
21 22 28
4 9 35
2 6 43
23 4 37
19 21 32
6 8 44
23 1 29
23 4 27
3 9 16
5 6 43
22 2 27
23 2 36
3 5 40
23 3 43
21 0 31
23 4 6
15 19 12
23 3 5
20 23 10
10 13 16
7 11 41
14 17 8
1 2 29
23 1 30
23 1 9
23 2 13
17 19 37
3 6 4
13 16 26
9 13 13
0 4 4
0 3 40
10 13 15
19 23 43
20 0 42
2 5 4
21 0 18
3 6 21
20 0 15
3 5 19
2 4 35
13 16 13
11 14 25
11 14 4
11 15 20
4 5 33
13 16 29
15 17 23
8 12 24
12 17 8
22 1 19
12 15 39
7 9 9
7 10 27
15 21 34
19 22 26
3 6 2
14 15 15
14 17 30
6 9 6
20 23 29
8 10 36
5 9 28
1 4 20
6 10 23
17 20 30
4 5 12
22 23 12
23 2 35
22 1 11
11 12 31
8 8 26
5 9 23
10 14 17
4 8 17
11 11 37
19 23 10
15 17 30
5 7 22
4 6 29
10 12 29
10 14 19
10 14 20
23 1 21
0 3 8
0 2 38
15 19 39
10 13 42
18 23 39
5 6 30
14 18 34
23 3 19
10 11 33
4 7 34
22 4 18
22 1 6
4 5 29
11 15 31
13 16 27
22 0 5
1 5 30
18 22 30
0 3 28
2 5 24
8 12 36
17 20 24
2 6 2
14 17 42
12 15 38
0 3 15
0 4 38
13 16 24
1 6 33
2 5 4
21 0 18
11 15 38
13 17 8
9 12 30
4 6 41
23 4 44
6 10 10
0 3 37
18 21 41
15 18 16
13 17 8
22 23 25
2 2 29
6 9 13
16 19 26
4 6 3
7 10 2
15 18 29
11 14 12
13 15 16
20 22 35
2 3 36
11 16 7
9 12 33
18 19 24
11 14 14
2 5 2
19 0 34
21 1 20
2 3 23
14 17 28
11 15 7
16 18 40
23 3 36
22 2 38
1 5 38
0 2 1
15 17 44
22 2 3
0 2 11
22 0 31
20 0 7
22 2 19
15 18 31
18 23 44
16 19 13
9 11 8
6 8 4
20 22 43
5 7 13
3 6 10
15 17 15
0 3 6
8 13 23
22 1 13
4 6 8
5 8 31
16 17 9
10 13 44
16 21 16
13 15 43
14 17 38
2 5 8
2 7 24
5 9 18
16 19 24
8 11 40
16 20 30
3 6 38
2 5 40
8 12 32
17 20 33
3 6 20
9 11 14
21 0 22
13 15 29
17 20 38
3 5 26
16 19 35
9 11 14
22 0 19
19 21 18
13 16 16
16 20 14
16 19 14
5 7 3
16 19 22
3 5 9
17 20 4
18 20 32
5 5 24
4 6 5
23 2 23
12 16 40
3 6 43
18 21 35
12 16 40
2 4 26
14 16 44
15 17 20
18 21 10
21 0 15
21 0 20
22 1 44
2 5 29
5 9 34
4 6 34
14 19 28
5 8 28
19 22 16
21 22 9
14 16 10
8 12 12
6 11 32
14 18 8
8 11 41
14 18 7
20 23 31
5 7 27
14 18 29
9 12 8
6 9 29
11 13 2
8 11 31
2 5 7
23 3 26
7 9 30
16 18 19
21 0 27
13 16 39
4 8 31
17 22 20
22 0 18
23 1 36
22 1 42
23 0 8
17 20 3
5 8 39
23 2 6
19 21 12
6 9 8
16 20 13
9 13 3
2 5 12
1 4 43
23 2 17
3 6 26
1 4 28
23 2 30
14 17 27
7 10 29
14 16 34
20 22 10
15 18 16
21 1 34
6 9 14
20 21 11
3 6 37
10 11 8
1 2 33
15 19 1
3 5 31
18 22 12
6 10 2
20 23 8
2 5 34
13 16 23
6 9 3
10 13 18
21 0 10
0 5 7
22 2 1
23 0 5
8 11 37
13 16 1
17 21 43
13 15 5
13 15 38
3 6 44
18 22 34
13 17 21
10 11 15
20 22 43
15 18 18
4 6 6
0 4 14
13 16 37
7 11 10
1 2 11
3 6 19
2 6 19
8 12 18
11 14 13
14 15 13
0 1 42
20 0 23
1 2 42
18 20 1
13 15 17
7 10 29
7 9 16
18 21 38
20 0 3
8 11 20
13 17 22
13 16 30
1 4 37
9 12 7
23 0 28
15 20 24
21 23 40
17 21 11
4 6 18
16 18 17
12 17 40
3 6 1
9 12 23
19 22 7
2 5 29
20 0 30
6 8 13
3 5 41
10 12 44
3 6 6
15 19 27
3 6 26
21 0 27
23 1 27
18 22 7
17 19 36
10 12 43
10 12 5
4 5 13
8 11 4
3 6 35
22 4 37
2 4 14
20 0 14
0 2 24
2 5 30
10 13 34
11 15 20
7 10 22
3 7 26
12 14 13
14 17 6
18 20 3
13 17 20
17 21 40
22 1 15
15 19 29
10 13 39
4 8 32
12 14 12
9 12 10
3 8 22
9 10 7
21 1 13
18 19 37
18 22 40
21 0 25
9 15 31
12 15 26
17 20 8
21 0 1
16 18 44
4 7 8
6 11 1
0 3 14
0 3 4
7 11 32
0 2 37
14 17 8
13 15 26
3 6 30
0 3 27
6 11 10
11 14 25
3 7 24
14 17 27
16 18 41
18 22 44
1 3 18
9 13 29
1 5 20
21 1 23
0 4 32
16 19 43
2 5 7
14 17 6
5 6 41
19 21 17
17 20 24
7 10 10
22 0 22
8 10 39
12 15 23
18 22 24
1 3 31
0 1 13
13 15 20
19 22 43
3 6 19
14 19 10
20 1 38
3 7 12
18 21 5
5 7 44
2 5 44
22 1 27
7 12 37
9 11 43
20 1 20
6 8 18
3 6 28
15 18 26
12 16 13
8 11 8
20 22 24
6 8 39
22 1 10
15 18 40
10 14 16
11 14 44
6 9 44
11 15 30
18 19 13
9 11 19
3 5 37
1 2 26
12 16 44
8 10 35
16 18 36
8 11 34
19 22 7
21 2 7
22 2 39
17 19 14
23 3 36
21 1 26
18 19 29
19 22 43
17 21 1
21 0 24
5 9 23
22 0 11
13 18 14
23 3 39
9 12 1
6 7 25
18 20 37
18 21 36
11 15 28
11 15 8
22 2 20
5 9 16
11 15 33
13 15 4
13 18 33
10 12 41
21 0 18
17 20 14
11 15 29
20 22 40
0 5 13
11 14 9
12 14 39
15 18 12
16 18 20
14 18 33
23 5 42
10 12 44
19 21 29
15 19 22
12 16 27
11 14 40
21 23 41
19 22 14
19 19 43
12 16 1
12 15 9
22 23 1
14 17 43
5 6 6
6 9 7
20 23 8
10 13 36
8 10 15
16 19 2
7 10 9
11 16 37
3 6 14
7 8 6
22 0 28
22 2 5
2 4 11
10 12 15
18 22 10
8 10 14
11 14 29
9 13 24
19 21 39
20 21 44
5 8 9
22 2 35
14 17 40
21 23 27
22 1 42
18 21 14
13 16 21
18 21 10
13 18 25
23 2 7
22 23 30
5 8 43
16 19 3
12 15 5
13 16 7
11 14 6
9 13 4
19 23 26
23 3 38
16 19 43
14 17 43
7 11 14
6 9 2
0 3 4
12 17 25
13 17 30
9 13 11
15 18 18
14 15 26
22 1 12
13 13 43
1 6 4
20 22 20
22 1 31
5 9 41
1 4 26
5 8 2
0 2 33
18 22 34
15 19 7
2 7 36
19 21 14
8 11 26
23 1 33
11 15 21
20 0 9
23 3 32
21 23 27
13 18 5
22 1 43
4 6 31
22 1 32
10 12 15
8 11 10
19 22 2
20 23 7
16 17 8
15 17 41
3 6 21
11 14 4
9 14 21
9 10 23
7 10 22
3 6 24
17 21 19
23 2 22
18 21 4
15 19 33
14 16 34
6 7 37
16 19 38
5 8 33
18 22 4
22 23 38
1 4 21
23 3 31
4 7 1
9 14 25
14 18 18
22 1 16
0 3 31
8 10 33
18 20 24
8 13 21
6 10 32
3 7 37
22 0 19
18 23 11
21 0 28
19 23 4
13 14 17
5 6 8
18 22 4
22 1 32
23 2 21
0 4 42
11 16 28
21 1 13
19 21 10
0 4 6
13 15 21
13 15 31
16 19 23
2 5 22
19 22 8
7 9 31
16 20 16
17 21 16
9 12 9
15 18 44
12 16 37
11 14 33
1 5 44
5 9 11
10 13 8
11 12 17
3 5 1
20 23 9
17 20 43
1 3 31
16 20 30
15 18 25
22 2 1
22 1 11
19 21 18
10 13 31
16 19 28
15 17 3
13 18 10
8 11 9
14 14 12
14 17 39
23 0 28
22 1 25
8 11 11
17 21 3
18 21 29
8 11 39
10 13 20
8 13 15
16 17 10
7 9 22
16 20 11
1 4 2
23 2 37
2 5 8
23 2 43
3 5 4
7 10 9
8 12 6
16 17 18
3 5 15
20 23 34
19 21 28
8 9 36
19 21 25
3 8 36
16 17 6
0 3 43
22 2 26
20 0 27
12 16 29
18 22 39
1 5 9
2 5 37
22 0 14
11 16 9
16 18 41
22 1 6
4 5 8
18 22 35
4 8 32
7 9 30
3 5 22
10 14 14
3 7 42
19 21 15
10 14 40
15 18 27
11 14 34
2 5 1
2 5 5
15 19 18
3 8 27
13 15 18
5 7 42
3 6 9
11 13 43
18 20 41
7 9 10
23 3 26
23 2 13
22 3 3
21 23 19
1 4 3
17 18 34
7 11 10
0 3 27
20 23 3
