4000 39
14 28 14 18 26 20 24 28 23 35 32 35 14 31 31 17 38 8 5 39 15 20 5 33 4 37 36 28 24 24 18 35 9 32 1 9 14 2 13 
2 6 6
22 0 30
1 5 9
9 10 32
9 12 28
3 6 8
9 11 17
8 11 12
0 3 37
0 2 18
13 16 12
19 21 36
23 5 21
19 23 18
22 1 17
20 0 14
11 15 10
12 16 15
14 17 39
22 1 31
16 20 38
10 12 22
17 20 17
11 15 30
17 19 11
23 3 19
22 2 26
23 2 3
19 0 16
10 13 8
18 20 37
10 14 29
16 19 24
13 17 20
10 13 13
4 6 4
4 5 22
8 12 31
18 20 22
6 9 10
21 0 6
10 12 6
20 23 6
9 13 33
11 15 22
20 23 31
13 17 39
16 19 23
18 23 28
5 7 16
12 16 2
14 16 16
11 14 2
15 16 36
12 15 18
20 23 4
1 3 14
0 3 27
3 7 4
14 18 28
8 14 31
19 22 36
9 11 4
8 12 21
4 7 11
2 6 36
8 11 13
2 4 6
16 19 1
4 7 12
4 6 22
0 2 36
2 6 3
22 0 19
8 10 2
18 20 10
3 7 26
17 21 5
0 3 5
21 23 17
17 22 3
11 13 9
20 23 26
6 12 7
11 14 34
7 10 31
17 20 26
12 16 3
9 12 12
9 11 2
21 0 9
1 6 29
16 17 15
11 14 26
1 4 21
22 0 26
18 20 5
4 6 12
8 12 31
19 23 7
0 2 24
13 16 6
21 0 36
21 0 8
21 0 35
18 22 21
0 2 11
2 7 5
22 2 35
17 21 5
11 16 38
6 9 37
6 8 2
22 1 7
3 4 38
0 2 33
11 15 28
20 23 3
14 19 26
23 3 19
19 21 10
11 12 8
6 8 6
19 23 18
15 16 39
10 13 1
16 20 21
5 7 19
11 14 16
9 11 38
6 8 22
6 9 16
1 3 5
11 14 19
6 8 23
21 1 32
23 3 30
15 17 26
0 4 11
7 9 13
14 18 10
17 21 5
12 14 24
7 11 18
6 10 39
8 13 38
10 13 19
20 23 21
20 23 8
15 19 39
23 2 15
3 6 19
2 2 23
6 7 22
22 1 20
22 23 27
11 13 17
10 14 22
8 12 37
7 9 3
7 9 7
5 9 18
2 6 37
20 23 34
10 12 5
13 16 19
0 2 11
23 1 6
23 3 26
20 21 25
18 20 16
0 2 2
18 21 3
4 8 21
20 0 26
10 15 26
7 11 23
13 15 35
12 16 35
19 21 20
9 12 26
5 8 2
4 7 19
17 21 33
3 5 24
13 16 19
18 22 19
7 10 33
9 13 36
7 12 38
6 8 3
20 22 13
5 7 5
23 3 18
20 22 3
2 5 35
23 3 6
12 16 7
12 13 25
7 9 27
1 6 11
19 21 13
13 15 30
9 13 12
10 12 14
0 3 20
1 4 38
17 19 24
21 0 9
13 16 37
6 9 37
21 23 31
22 1 2
8 10 29
7 7 27
9 13 35
18 23 22
16 21 11
22 1 17
19 21 21
13 17 34
0 3 10
21 0 30
1 3 21
0 3 18
7 12 13
11 14 9
8 11 23
16 18 38
14 17 12
0 2 22
21 1 12
12 14 30
10 12 6
7 10 23
14 17 35
15 18 35
17 21 1
2 5 14
17 20 17
8 11 11
5 7 23
15 19 20
21 0 26
7 10 18
10 13 6
15 20 24
8 11 4
20 22 1
6 10 30
22 2 37
0 4 9
16 17 16
15 18 25
10 12 31
21 1 14
13 17 35
23 1 4
14 17 37
18 21 22
20 21 3
18 21 34
6 8 35
13 16 9
9 12 8
21 0 35
11 13 11
5 9 34
3 5 23
19 22 17
17 19 33
2 4 33
3 6 25
5 7 20
10 12 1
8 11 28
6 7 10
9 13 8
19 23 21
14 16 12
1 4 7
2 4 13
12 16 24
6 10 7
0 3 1
6 9 19
19 21 11
22 2 9
5 8 3
3 6 8
9 12 12
15 19 22
0 4 10
23 2 22
9 12 4
0 2 1
13 17 14
0 2 16
23 2 14
9 12 4
16 18 24
3 6 11
22 1 35
16 18 29
2 6 24
15 17 28
20 23 24
23 1 23
20 22 14
23 2 2
18 20 29
16 19 18
7 9 26
22 0 7
23 2 30
2 5 37
23 1 34
9 14 6
7 10 36
22 0 8
8 12 37
8 12 19
5 9 35
5 9 10
5 7 10
1 4 28
18 22 38
23 2 6
0 5 32
6 8 26
3 6 9
3 5 13
9 12 8
15 17 36
9 10 32
19 0 12
20 23 16
8 11 24
0 4 31
13 17 20
2 4 8
15 18 5
21 0 22
11 14 16
11 14 5
3 6 17
6 9 22
12 15 29
9 13 17
8 10 6
0 2 20
8 10 35
18 19 17
22 1 18
15 17 3
1 4 3
3 6 32
12 16 35
10 12 38
6 9 29
2 5 3
18 20 13
17 22 11
22 2 12
1 5 3
4 7 4
5 8 7
2 5 14
17 20 12
4 7 30
20 23 33
15 19 3
18 20 12
18 21 32
5 8 5
9 13 12
22 1 38
1 6 33
4 8 22
1 4 32
7 10 11
17 19 16
23 1 35
8 11 4
16 18 9
7 11 16
13 16 37
15 18 16
10 13 7
4 8 3
0 1 26
4 7 5
4 8 17
17 19 35
17 20 34
19 22 7
8 11 31
0 3 25
6 10 25
17 20 19
12 15 1
11 14 38
9 10 11
18 20 33
11 16 4
6 11 9
10 14 29
5 6 5
16 19 9
12 14 32
3 7 7
2 6 1
11 14 21
20 23 32
1 3 34
18 22 31
15 20 33
1 5 39
19 23 26
19 21 35
3 5 39
20 23 37
18 21 28
3 5 24
5 9 27
14 18 17
10 12 6
11 14 9
9 12 30
4 7 38
20 23 13
10 12 8
13 15 22
16 19 16
3 6 4
21 1 21
9 12 21
19 22 35
0 6 4
9 13 30
1 4 10
21 1 2
22 2 36
4 8 33
12 14 39
7 10 25
0 2 23
8 11 19
21 0 15
12 13 11
16 19 19
13 16 11
13 16 27
18 19 5
11 14 4
18 21 20
9 12 25
15 18 18
13 17 11
1 4 9
8 11 23
15 19 30
2 5 34
3 6 32
8 10 14
13 16 15
22 23 8
2 5 23
23 1 2
0 3 38
22 1 6
22 3 6
9 12 35
18 21 9
15 16 27
20 23 27
5 8 33
15 20 29
18 22 39
16 19 6
11 16 38
21 0 32
2 6 39
7 11 4
7 10 1
16 19 33
4 7 12
22 1 21
13 16 16
13 15 23
8 10 25
18 20 22
9 11 3
3 8 31
6 10 16
11 16 4
2 4 19
1 4 21
12 15 29
8 10 2
5 8 26
5 8 20
10 14 32
22 23 13
17 20 12
0 2 25
22 0 10
3 6 34
3 5 34
13 14 25
14 18 4
23 23 27
21 0 24
21 0 38
23 2 3
18 21 14
11 15 32
3 7 32
16 19 14
11 17 17
19 21 16
5 8 28
19 23 30
2 4 34
2 4 21
6 8 31
2 4 14
10 12 4
5 8 29
16 17 4
14 18 13
22 0 15
15 18 9
8 13 13
20 23 20
16 18 13
18 18 19
7 11 16
1 5 12
18 21 24
8 12 22
0 3 9
14 17 38
21 23 6
8 11 33
21 0 34
19 22 7
7 10 32
2 4 17
22 1 7
18 21 34
2 4 13
6 8 23
20 23 2
14 18 28
1 4 31
18 22 36
18 23 6
5 8 5
11 14 17
3 7 39
6 8 28
9 11 2
11 13 16
17 22 6
5 10 34
12 15 31
0 3 31
2 5 22
3 8 33
17 21 13
20 23 30
1 3 10
11 12 29
19 22 6
1 5 25
3 5 31
5 8 20
4 6 29
15 17 25
0 3 18
15 17 3
21 0 31
18 21 24
15 20 18
21 0 24
18 22 34
20 23 24
13 16 34
18 21 31
3 7 24
1 6 9
21 23 3
12 14 34
18 20 39
19 23 39
7 9 28
17 21 1
16 20 11
11 13 30
9 12 12
4 9 20
1 4 8
22 0 19
4 7 17
17 20 18
16 19 6
6 10 27
12 15 1
22 0 12
7 9 5
2 5 17
3 7 30
19 22 24
20 22 37
15 18 6
20 1 2
11 15 9
21 22 27
6 8 18
7 11 32
12 16 32
20 23 34
0 3 22
17 18 7
15 18 21
13 15 34
15 18 29
5 9 22
7 9 34
16 18 4
11 15 13
22 2 24
15 19 26
1 4 38
8 12 10
7 9 10
18 20 24
18 21 4
2 5 26
12 14 15
18 20 19
19 22 1
16 19 8
15 16 23
16 20 19
13 15 5
6 10 23
15 18 6
3 7 13
5 9 6
4 8 33
8 11 22
6 9 30
4 7 29
8 12 5
4 7 25
15 20 37
13 17 28
21 0 23
8 13 23
8 10 25
9 13 29
8 10 39
18 19 15
4 7 31
20 0 5
11 14 2
9 12 23
7 9 16
18 21 29
19 23 15
6 8 5
12 17 18
11 15 22
10 14 6
2 6 16
9 12 15
5 7 11
16 18 16
10 14 37
15 18 21
20 0 10
8 10 13
19 22 10
10 14 8
10 12 6
12 15 27
13 16 5
12 15 25
17 20 15
3 7 4
10 13 26
16 20 4
4 5 13
3 5 37
7 11 3
6 10 23
6 10 13
0 2 11
7 10 27
3 4 39
16 19 32
17 22 30
19 22 31
10 13 19
20 23 1
13 17 29
5 9 3
13 15 26
18 20 7
9 11 19
2 4 22
20 21 11
16 20 20
15 17 3
8 13 34
20 23 32
20 23 39
6 8 24
8 10 13
22 0 33
7 10 19
6 9 39
22 0 30
11 14 31
4 6 33
5 8 37
7 10 14
10 13 15
20 23 21
2 5 14
5 10 15
19 23 12
8 10 38
21 2 18
13 13 13
18 20 12
8 11 7
0 2 20
21 22 11
15 19 2
2 4 30
6 10 9
10 13 10
22 3 6
11 15 28
20 23 39
22 2 10
3 7 16
3 6 9
4 7 19
11 15 3
10 13 3
20 22 7
1 4 39
16 19 33
10 13 20
9 11 26
13 18 19
19 22 19
3 8 11
17 18 3
13 16 9
19 22 17
4 6 39
23 2 5
2 5 1
21 0 24
21 1 35
1 3 36
19 22 6
2 5 31
21 23 36
12 14 7
22 1 28
23 3 18
17 19 39
14 17 31
7 10 23
9 11 21
17 20 7
8 10 19
1 3 39
21 0 35
1 5 22
20 22 25
0 4 4
18 22 35
21 1 14
13 14 11
4 7 21
17 20 15
13 18 36
6 8 39
10 13 8
22 0 5
7 10 5
19 22 8
23 2 5
4 6 25
15 18 8
4 7 33
7 9 3
21 0 33
13 15 33
0 3 26
12 16 7
6 7 39
13 16 10
5 9 34
12 14 5
9 12 35
5 8 28
17 20 34
18 22 27
6 10 11
2 3 18
7 12 18
16 18 26
3 7 16
22 1 11
8 12 34
8 11 33
17 21 33
2 4 12
8 10 19
6 8 30
19 21 32
10 11 21
23 1 10
7 11 13
14 18 6
2 5 18
17 20 26
11 14 17
19 20 32
15 18 25
23 2 34
6 9 18
6 9 22
9 14 32
14 17 16
10 13 13
11 16 33
8 11 38
19 22 13
20 22 24
0 2 26
17 19 36
18 22 2
9 12 12
18 22 2
3 7 39
9 13 11
9 14 16
13 15 37
20 23 39
10 13 23
12 16 31
16 21 17
1 2 27
8 12 31
0 1 5
3 7 2
20 23 8
14 17 19
12 14 14
15 17 4
8 13 4
17 21 25
4 5 25
12 16 38
19 22 36
3 5 23
19 21 14
8 12 5
12 14 24
20 0 17
2 5 20
16 19 7
14 18 32
11 14 12
15 19 37
20 0 23
8 12 13
9 12 12
15 18 10
16 18 33
18 21 6
16 18 28
13 16 24
1 4 10
17 20 4
22 0 31
20 22 28
23 3 1
16 19 39
7 9 16
13 15 32
21 0 23
1 4 34
11 15 7
6 10 15
19 21 11
13 16 9
4 7 22
13 16 26
8 11 36
4 7 34
15 21 7
12 15 7
22 1 12
16 20 4
9 12 21
14 16 33
3 7 39
0 2 14
2 5 7
1 4 17
21 0 18
8 9 6
11 16 38
17 19 34
7 10 35
0 2 9
23 3 8
5 8 8
5 8 13
23 2 14
6 8 36
18 23 32
15 18 4
15 18 23
21 0 18
4 7 18
14 17 24
6 8 30
1 4 20
4 7 6
21 0 15
13 17 11
1 2 33
22 0 14
4 7 18
3 6 27
11 15 6
21 23 31
17 20 30
18 21 33
11 15 10
0 3 25
14 17 2
13 15 31
19 20 9
15 20 36
16 18 5
4 6 13
11 13 24
9 13 5
3 7 3
22 1 22
2 5 2
20 23 22
10 12 4
3 6 6
8 9 7
13 15 30
6 10 15
13 16 12
4 8 10
11 13 2
8 11 22
5 7 28
19 22 24
15 18 1
3 5 1
15 17 22
15 18 12
10 13 3
1 4 4
4 7 7
23 3 2
18 21 26
6 9 12
22 1 9
20 22 17
0 2 39
17 19 13
13 15 12
20 23 4
5 8 21
15 18 1
23 2 17
8 11 10
10 16 37
1 4 1
14 17 31
10 14 37
0 5 29
7 9 31
6 8 25
4 9 35
17 19 23
3 5 12
1 3 20
7 11 28
8 11 5
8 12 18
17 21 24
0 3 18
9 12 11
21 0 21
15 17 2
5 9 35
16 19 36
19 22 22
19 22 25
8 9 39
10 13 30
14 17 23
8 12 35
11 14 30
5 7 24
2 4 32
0 3 25
0 4 14
3 6 24
13 16 21
4 7 3
6 8 29
1 3 13
4 7 2
9 11 35
8 10 4
15 19 18
20 21 38
4 6 29
8 12 20
13 17 9
13 17 2
5 6 38
12 16 37
16 19 18
1 5 27
19 22 32
0 2 10
0 2 12
5 9 35
21 23 31
10 13 29
11 15 18
21 1 11
11 13 16
20 0 33
23 2 20
4 8 8
10 14 30
7 11 20
5 8 25
8 11 26
11 12 33
5 8 35
4 7 5
2 5 23
16 19 19
13 16 29
21 0 25
5 8 26
15 17 28
19 22 8
16 19 1
2 5 2
10 14 20
15 19 24
8 11 29
15 20 20
23 1 12
7 8 11
0 3 19
8 9 33
3 6 24
13 16 5
12 15 35
13 16 9
3 6 28
7 9 35
1 4 35
17 20 16
17 20 29
11 15 4
9 13 4
1 3 32
16 20 28
18 21 8
16 20 34
15 17 12
21 0 27
2 6 3
5 9 23
8 12 23
16 19 13
8 11 11
3 7 19
8 11 22
20 23 21
5 10 18
3 7 9
21 0 29
0 3 38
4 8 26
18 20 9
21 0 5
13 17 12
16 17 33
12 15 37
15 18 14
3 6 8
4 7 21
2 5 17
9 12 33
17 20 30
23 1 8
5 7 38
1 4 5
4 8 18
13 16 39
7 8 25
18 20 12
5 10 36
20 0 39
8 10 11
2 6 15
8 10 15
3 7 26
4 8 22
19 23 19
16 20 8
7 11 28
20 21 13
22 23 25
11 14 12
8 10 20
10 13 35
10 13 17
13 13 19
4 8 26
11 13 32
13 16 23
12 17 23
0 3 15
10 12 30
21 0 7
10 13 20
18 22 10
1 4 9
13 16 31
20 22 38
0 3 14
1 3 10
6 9 20
13 16 24
2 6 6
21 23 23
7 11 8
14 17 33
2 5 31
16 19 13
0 4 23
0 3 10
15 19 17
18 20 30
21 0 22
20 22 15
0 3 1
2 6 4
11 15 7
12 16 29
20 22 25
15 18 1
5 8 10
14 17 38
6 10 7
22 1 4
0 2 28
3 6 16
4 7 39
22 1 17
22 1 10
13 16 35
10 13 18
22 2 32
8 10 12
23 0 3
6 8 38
10 12 7
19 21 39
0 3 29
18 22 23
14 18 20
16 18 3
18 21 28
7 10 33
5 8 17
13 16 27
9 14 9
5 8 32
2 6 1
12 16 1
3 7 12
12 15 32
10 13 23
12 15 31
13 16 36
12 16 18
3 7 36
10 12 22
14 18 16
9 13 38
1 5 7
20 1 12
21 2 22
10 13 12
1 5 11
22 1 4
22 1 10
6 6 30
12 15 33
11 15 27
17 19 27
21 2 39
21 1 12
9 12 23
6 7 25
23 2 18
1 5 24
23 3 28
12 15 15
9 13 21
13 16 4
10 14 8
9 12 39
12 15 28
9 11 19
12 13 30
8 11 33
19 21 21
20 22 26
6 9 16
19 23 35
6 8 14
6 9 39
7 9 13
12 15 8
4 6 38
4 7 8
7 9 21
21 23 18
4 6 3
12 14 33
15 20 2
22 2 19
9 11 39
5 9 3
7 10 35
5 7 21
19 22 29
13 15 7
13 15 16
2 6 8
9 12 1
9 12 18
7 9 32
9 13 27
0 4 24
21 1 7
22 2 29
6 9 13
12 15 33
12 14 31
11 14 1
13 16 27
12 14 28
11 13 34
22 0 4
5 7 31
2 5 16
2 5 25
15 17 26
9 10 21
1 3 7
3 6 4
19 23 10
14 18 26
22 23 27
20 0 29
5 7 13
20 23 29
8 12 5
3 5 23
2 5 7
15 18 30
9 12 34
23 4 11
15 17 34
9 10 33
20 23 6
22 3 14
16 18 21
17 19 38
8 10 26
16 19 20
10 13 27
5 9 19
4 7 30
5 8 24
22 1 29
18 20 10
14 17 20
6 8 32
20 0 12
16 19 36
20 23 15
20 23 14
23 2 27
12 15 22
15 17 32
16 18 8
4 8 34
8 12 10
2 5 27
12 16 15
8 11 29
3 8 28
16 20 17
18 21 33
1 3 34
11 15 29
0 1 9
0 1 5
20 23 23
19 23 9
2 4 6
20 0 16
21 2 17
10 12 27
4 6 1
13 14 12
21 23 20
4 8 9
20 23 38
9 12 14
9 12 14
6 11 37
9 13 10
18 21 28
5 7 9
16 20 16
18 21 6
7 9 11
7 11 5
7 10 21
23 2 4
18 21 16
17 21 38
12 15 13
13 15 5
7 10 7
8 12 10
22 2 35
23 2 4
18 23 35
3 6 38
6 9 20
0 3 17
7 9 17
2 5 22
9 13 13
10 13 35
23 0 14
20 0 34
10 14 35
19 21 19
22 22 18
4 7 11
6 8 30
12 15 25
21 22 1
7 8 29
17 20 4
6 10 7
23 1 27
16 20 8
21 0 39
18 21 24
9 13 1
14 17 31
22 1 19
13 16 34
17 22 11
10 14 26
2 5 34
15 19 2
1 3 34
8 12 25
18 21 5
3 6 36
1 4 10
6 8 13
11 14 27
23 1 5
18 22 28
19 22 35
7 10 35
19 22 7
16 18 28
10 12 28
5 8 30
18 22 11
4 8 22
14 17 35
23 3 1
10 14 28
22 2 15
18 20 7
18 22 12
16 19 16
7 10 17
13 15 31
21 2 26
16 19 38
16 18 17
22 2 34
23 0 37
21 2 30
12 15 11
22 22 27
3 4 38
19 22 18
19 21 39
10 13 39
18 22 11
8 12 30
16 18 39
4 7 33
17 22 15
21 23 22
9 12 25
15 17 6
15 17 38
16 19 22
18 22 15
14 18 3
21 0 4
1 5 34
0 2 22
15 17 39
17 21 16
15 17 32
9 12 36
11 14 19
3 8 38
23 3 6
13 18 23
14 16 35
14 18 1
1 4 4
8 10 35
4 8 14
2 7 33
2 5 9
10 11 37
20 23 37
18 21 33
21 0 24
19 21 23
1 4 12
8 11 9
4 6 9
14 16 21
13 17 23
20 21 5
16 19 5
14 17 37
19 22 23
23 2 19
18 20 21
5 8 3
16 19 21
7 10 38
9 11 20
10 12 7
7 11 24
7 11 24
17 19 17
16 20 15
16 18 29
4 9 10
10 12 1
21 23 38
19 22 8
20 0 12
4 8 27
1 4 36
22 1 26
17 20 38
20 23 12
23 2 20
16 19 17
14 16 16
18 22 26
6 8 36
20 23 7
14 19 38
2 6 27
2 6 37
2 5 1
14 17 20
2 4 32
2 4 14
4 7 28
12 15 7
5 7 26
21 2 34
14 16 14
10 13 3
14 17 9
10 14 4
2 4 21
9 12 12
3 5 13
11 14 4
11 12 6
8 10 15
11 15 13
1 5 22
6 9 27
4 6 1
13 16 24
8 10 18
6 9 26
14 17 28
2 5 14
13 15 14
9 13 15
15 18 35
23 2 13
1 2 23
9 12 16
4 8 1
21 0 38
18 20 15
9 13 20
11 14 39
15 17 11
18 20 29
0 3 34
17 19 6
16 19 28
9 11 3
22 3 28
15 20 29
4 7 30
8 12 33
0 4 12
21 1 6
15 18 38
23 3 38
20 23 31
9 13 9
21 0 32
9 13 30
16 20 16
22 1 3
13 16 26
3 5 14
5 7 7
22 1 31
21 1 9
19 22 26
13 17 3
0 4 11
0 3 25
6 9 4
21 23 23
9 10 2
12 13 5
7 12 38
11 14 4
6 9 11
9 12 4
16 17 6
11 14 38
8 12 27
21 2 8
20 0 13
19 1 3
18 21 36
5 9 37
11 15 38
15 19 12
21 23 26
23 3 10
12 15 31
20 1 8
18 22 5
4 7 25
22 2 4
21 0 25
20 22 13
1 5 18
14 20 5
6 10 11
14 17 12
23 3 22
0 5 4
7 11 29
0 4 3
14 15 3
5 8 34
9 11 33
20 21 38
2 5 38
23 2 16
16 19 9
3 7 23
13 14 12
10 15 8
6 8 31
14 18 24
8 11 22
12 14 34
14 19 18
21 23 9
12 14 36
7 11 13
20 20 17
5 7 30
5 9 24
4 8 30
6 8 28
10 12 20
4 8 10
19 21 5
11 15 26
11 14 11
10 14 36
15 17 33
4 7 19
6 8 25
19 23 36
9 11 14
6 9 33
14 17 39
6 9 24
8 10 1
13 16 24
14 20 15
8 12 14
12 16 27
0 4 10
0 2 24
8 13 22
15 19 34
6 8 11
0 3 4
6 11 39
23 3 12
1 6 18
4 7 8
18 20 14
23 3 27
3 6 2
3 6 4
7 9 26
17 19 4
0 5 30
4 7 25
23 2 24
5 7 11
15 17 3
20 23 33
23 2 20
6 10 15
11 13 11
4 6 7
14 15 34
7 10 6
21 23 32
22 2 8
15 18 21
3 7 2
0 4 34
21 0 18
2 7 39
5 7 37
5 8 39
9 12 17
7 10 23
5 8 16
23 2 14
1 3 2
12 13 21
17 20 9
23 4 17
0 2 26
15 19 20
11 15 17
11 15 6
1 3 23
1 5 31
0 4 36
13 16 6
18 20 25
17 20 4
3 5 25
13 17 18
16 18 17
7 9 12
0 3 25
6 9 27
9 11 25
19 23 16
19 23 9
9 10 22
15 19 12
4 6 13
13 16 24
15 20 24
3 4 12
12 16 27
7 10 8
14 18 9
14 19 29
15 18 26
17 19 24
10 14 12
17 20 6
18 22 1
8 11 39
13 16 35
16 19 38
22 3 8
15 17 1
11 15 5
1 4 13
17 21 34
8 10 13
18 21 12
8 10 26
0 5 39
6 10 17
10 13 25
7 8 32
3 3 26
6 9 19
12 16 31
14 17 25
21 23 37
1 4 36
17 21 35
13 16 12
8 9 14
5 8 15
20 0 21
18 20 14
10 15 21
17 21 28
0 3 38
15 18 38
7 10 4
17 19 13
20 22 31
10 15 27
23 1 2
17 21 30
19 21 25
20 23 2
15 20 33
4 6 18
22 1 30
23 2 37
10 13 4
13 16 18
18 20 6
9 12 8
21 0 36
8 12 33
10 14 22
18 20 1
17 21 22
8 10 27
2 5 37
23 1 9
11 15 9
22 1 10
16 18 7
11 14 5
6 9 17
18 22 13
20 23 35
21 0 10
9 12 35
8 10 32
6 8 17
10 13 39
16 20 18
0 3 4
23 2 27
10 13 20
14 17 1
18 21 14
17 21 15
10 14 20
16 19 30
21 2 11
10 12 5
23 2 14
7 10 6
15 18 5
20 22 32
19 22 32
0 2 21
10 13 8
21 23 9
18 22 21
9 11 2
8 12 5
17 20 39
20 23 31
15 20 24
3 6 2
14 19 6
17 20 10
21 0 22
10 14 38
13 16 29
14 18 30
0 3 13
18 21 24
22 3 5
8 11 35
21 0 4
13 17 14
23 3 11
14 17 31
18 21 18
6 8 8
5 8 9
6 9 18
5 7 35
2 6 13
7 9 37
14 17 28
12 14 23
16 18 26
6 9 30
18 23 5
0 3 36
21 0 32
3 6 18
2 7 15
15 18 38
9 12 24
1 4 39
1 4 14
16 19 25
20 1 9
2 5 29
21 0 38
13 16 12
16 18 14
8 11 1
23 3 2
4 8 1
17 20 23
15 18 21
10 13 19
7 10 28
5 9 21
11 14 3
11 13 8
17 19 30
5 8 31
13 16 18
16 20 20
5 6 10
3 7 25
5 9 27
18 20 28
16 20 32
6 9 38
3 8 39
13 17 17
16 17 6
6 9 13
0 3 9
14 16 36
1 3 23
13 14 23
11 15 18
4 6 2
23 2 39
19 22 8
23 2 19
6 9 8
18 22 30
4 6 20
18 21 20
21 0 26
4 7 36
4 7 3
1 4 39
14 17 21
20 23 24
20 23 11
19 21 8
7 10 2
22 3 19
4 8 16
1 5 34
12 16 30
9 13 12
8 11 27
23 1 12
21 23 4
5 9 16
10 12 17
1 3 4
20 23 29
16 17 26
22 1 25
19 22 26
20 22 28
15 18 37
6 8 32
6 9 6
12 14 21
19 22 9
15 20 38
11 15 1
5 7 24
18 21 3
7 11 3
16 19 11
22 22 16
15 18 23
8 11 29
0 3 15
23 1 27
9 12 20
0 4 25
23 2 24
16 19 12
4 8 32
6 9 7
7 9 3
8 11 20
22 2 13
1 2 31
13 16 23
14 17 8
22 2 9
7 9 39
12 14 25
1 3 23
5 10 26
22 1 38
7 10 25
19 22 5
18 21 31
14 18 25
21 23 1
3 4 1
22 0 21
11 12 29
23 3 33
1 5 25
2 5 14
6 8 29
16 19 37
13 15 5
18 21 8
21 22 16
6 8 27
4 6 15
6 10 39
10 13 39
3 6 7
15 18 25
12 16 16
20 23 8
20 23 6
7 11 20
2 6 21
0 3 2
23 3 23
2 4 39
9 12 6
3 6 7
8 11 35
15 17 26
2 4 38
23 0 6
23 3 2
13 15 14
12 15 11
15 17 34
5 7 22
9 13 25
10 14 20
18 21 11
15 18 27
20 22 30
5 9 26
5 9 16
20 22 15
19 22 25
21 3 37
16 17 15
19 20 21
6 11 4
3 5 14
23 0 2
23 3 17
17 21 35
14 16 39
1 3 22
19 23 14
0 1 23
10 14 38
21 1 2
19 22 22
12 15 17
14 17 12
0 3 20
12 16 20
5 9 8
10 14 21
15 17 24
6 10 36
17 21 1
12 15 28
1 4 2
14 16 1
13 16 17
2 5 7
4 6 32
10 13 17
5 8 21
13 16 7
2 6 24
10 13 2
22 1 9
21 0 17
18 21 19
6 9 30
7 11 32
11 14 11
5 8 38
20 22 13
21 0 13
22 2 25
15 18 26
15 19 11
12 16 16
13 17 24
9 13 34
15 20 26
23 3 18
13 17 8
19 21 21
11 13 3
21 1 32
10 15 15
3 8 6
22 2 6
1 4 29
20 0 29
11 14 7
1 3 2
5 7 2
16 19 37
3 7 22
20 23 7
2 4 1
23 2 16
1 4 34
13 16 28
4 6 36
4 6 22
16 17 33
0 3 7
20 22 25
13 16 34
7 11 38
20 23 13
23 3 24
20 23 30
15 18 7
17 20 17
1 4 36
4 6 12
17 20 25
5 10 9
23 4 7
7 11 34
16 21 12
23 1 18
19 23 11
14 17 5
5 8 6
18 20 24
0 4 27
21 23 26
4 8 11
6 11 7
20 23 9
10 13 32
17 19 2
3 7 25
23 1 24
4 6 29
12 15 34
15 19 1
16 18 20
22 3 7
16 19 38
3 5 3
7 10 32
3 6 39
3 7 33
15 17 29
21 0 27
13 17 29
1 4 39
22 1 12
3 4 3
22 1 7
19 22 39
4 7 37
0 1 33
0 4 5
21 0 20
8 10 7
18 18 37
5 9 35
19 23 13
12 15 25
1 5 19
5 9 24
5 9 37
21 1 22
3 6 38
14 16 2
13 16 18
3 5 28
11 13 31
2 5 22
17 21 34
22 0 30
8 11 11
18 23 10
6 9 34
0 3 26
15 20 15
13 18 22
7 10 37
2 5 31
14 18 21
23 2 5
22 1 38
12 15 28
1 3 8
1 4 9
6 6 33
11 14 36
15 18 18
10 15 22
0 3 7
15 18 38
15 21 29
4 8 35
23 3 26
4 7 38
17 19 37
12 14 16
23 2 8
16 18 10
4 7 22
8 10 33
10 14 37
11 15 33
1 4 5
23 1 11
9 12 3
22 1 23
19 22 11
16 18 35
8 11 29
22 2 29
2 4 1
17 21 25
14 19 22
14 16 1
0 3 21
19 22 4
12 16 21
20 23 28
18 22 21
21 23 12
22 1 19
16 18 16
15 17 6
15 18 10
12 15 11
4 7 23
14 15 34
0 5 18
3 6 19
21 23 5
6 9 31
3 5 37
6 8 29
3 6 3
12 15 4
18 21 13
20 22 27
9 10 11
6 10 8
18 20 37
7 9 29
7 9 37
4 6 34
20 22 15
18 21 19
14 18 5
16 19 29
16 20 15
15 17 6
5 9 7
19 19 34
6 9 37
20 23 12
6 7 14
13 14 35
17 20 31
5 8 27
1 3 6
20 0 34
9 12 30
23 1 28
0 3 17
9 14 7
20 23 29
3 4 14
4 6 25
7 9 12
14 16 31
11 15 6
3 6 5
12 15 24
9 12 35
12 15 35
21 0 36
18 22 1
18 22 3
1 3 35
22 1 20
19 22 13
15 18 18
6 10 24
10 12 39
19 22 16
4 6 6
0 3 23
11 15 6
12 16 10
13 16 23
6 9 19
16 20 21
19 23 3
21 0 13
5 8 18
6 10 37
7 9 28
2 6 26
0 4 24
6 7 27
16 20 38
18 21 3
1 5 27
19 23 32
7 10 7
5 7 34
20 21 7
21 1 7
23 1 1
15 21 4
23 2 12
19 22 1
4 6 1
15 20 3
10 13 39
18 20 28
14 17 38
0 1 32
12 16 9
14 17 17
17 21 22
22 1 37
10 13 38
14 18 17
13 17 17
7 9 6
15 18 24
23 2 29
4 7 17
20 23 19
19 21 33
6 11 31
2 6 39
9 12 23
2 5 4
20 0 31
23 3 22
4 7 8
14 19 8
23 1 21
8 11 39
19 23 8
9 12 23
14 16 21
14 17 4
2 5 29
11 14 11
15 19 22
16 20 35
21 0 2
7 9 2
3 5 26
19 22 15
0 4 28
19 22 5
7 11 3
2 5 1
12 13 32
20 0 30
3 7 32
8 12 24
10 12 34
23 3 12
3 7 15
15 17 31
6 10 13
8 10 12
10 14 25
10 13 4
0 4 8
7 11 39
5 7 39
17 20 30
2 4 20
18 20 34
16 18 39
17 20 37
17 20 8
15 16 26
2 5 13
20 0 12
5 8 2
14 17 34
18 20 12
22 1 14
6 9 5
12 15 36
11 14 28
1 3 5
4 7 31
22 1 18
6 9 17
21 0 37
10 13 31
11 14 15
8 11 23
18 19 8
5 5 8
8 11 38
11 12 20
3 6 8
14 17 13
23 3 19
3 6 12
11 13 15
17 18 11
20 23 26
18 22 39
8 10 13
18 22 10
1 6 28
16 22 16
22 2 31
2 4 16
23 3 13
7 9 20
21 0 16
5 9 12
15 18 16
5 10 1
4 6 29
14 16 4
1 5 3
22 3 24
17 20 12
8 11 10
8 11 6
18 20 2
6 10 8
22 1 4
18 20 13
12 14 4
14 15 38
12 16 34
3 6 30
17 20 17
22 1 7
20 0 37
11 14 2
16 17 20
8 11 13
22 23 13
17 19 39
17 20 27
22 1 24
23 2 2
5 7 29
11 15 29
23 2 24
14 19 31
16 17 29
20 23 17
15 18 32
9 13 3
0 3 2
1 5 31
1 5 36
3 7 24
20 23 35
20 22 34
5 8 24
12 14 2
13 16 31
3 4 30
7 9 25
2 6 36
6 8 6
9 13 30
16 20 22
6 10 23
0 3 21
3 7 4
13 16 28
11 14 16
23 1 34
2 3 29
9 12 3
5 8 38
23 1 3
16 17 9
17 20 34
16 20 3
6 8 20
14 15 31
15 17 2
3 5 7
10 12 12
3 6 34
22 0 37
17 22 32
3 7 3
12 16 28
9 12 17
10 13 19
2 4 30
1 4 34
16 21 15
10 14 14
23 1 11
5 9 29
8 10 8
10 12 12
22 1 12
7 10 29
7 10 32
3 8 27
10 14 26
14 19 7
5 8 31
18 22 21
22 23 6
17 20 3
10 13 22
14 18 38
9 11 3
7 9 13
12 13 6
15 16 2
19 0 28
0 3 9
13 16 26
19 23 25
6 9 34
22 0 27
16 19 23
18 21 7
5 8 10
22 2 18
16 19 17
7 10 31
8 12 20
20 23 8
1 5 3
6 9 37
2 4 28
23 2 13
13 16 9
15 18 6
19 22 28
8 11 14
8 11 20
13 18 28
17 19 3
16 18 8
7 10 5
14 17 16
19 23 28
19 21 27
12 14 27
13 16 4
10 11 4
3 7 31
16 18 34
2 6 6
14 16 20
4 7 4
9 13 2
13 17 25
0 4 2
12 15 4
6 8 24
18 23 11
16 18 35
12 16 30
12 14 36
11 12 20
9 13 11
7 11 23
23 2 24
15 18 29
0 3 39
9 13 25
0 2 21
15 18 14
3 6 15
12 14 6
18 21 19
20 23 4
8 11 13
16 18 15
15 19 20
1 4 12
16 18 4
8 12 23
9 12 18
5 7 26
20 1 15
18 21 28
0 2 5
19 22 25
1 4 36
13 17 12
16 20 17
8 9 37
18 21 16
7 10 22
17 20 11
9 12 7
0 3 21
15 17 1
18 18 14
18 19 10
8 12 15
5 7 12
8 11 39
1 4 33
14 17 28
5 8 17
16 20 7
16 18 16
9 10 27
9 13 27
8 11 5
21 0 18
16 17 12
15 17 7
20 23 39
23 2 34
14 16 32
11 15 5
1 5 22
15 17 7
11 13 1
16 18 25
14 17 27
21 23 1
13 16 10
2 5 7
22 2 7
17 19 24
3 6 31
4 7 25
15 16 36
11 15 36
13 15 35
1 3 25
16 18 7
0 3 39
23 1 18
22 0 32
7 11 4
20 23 1
5 10 32
14 16 8
21 23 7
0 3 10
7 11 27
21 23 26
22 1 38
13 16 1
23 3 14
15 17 19
23 3 14
2 6 18
3 9 22
14 19 13
0 3 24
10 14 7
9 11 33
16 18 39
2 3 39
15 17 38
11 13 35
22 1 4
13 16 24
0 4 9
1 3 39
9 12 23
15 16 29
0 4 17
23 2 5
22 1 28
19 21 5
11 13 22
15 18 30
12 17 2
4 7 25
9 11 36
18 23 16
3 7 26
7 10 15
16 20 1
13 16 14
15 20 11
8 12 15
10 11 21
8 11 34
22 1 19
16 19 27
18 21 3
17 21 22
4 8 31
1 4 25
9 12 13
18 22 7
17 20 31
15 18 16
18 22 16
13 16 25
15 16 32
2 4 10
21 0 12
2 5 39
11 15 11
16 18 1
18 20 38
8 11 30
4 7 32
3 7 3
15 18 1
4 7 15
14 17 26
8 12 22
16 20 23
8 10 31
5 7 18
18 23 30
18 22 8
5 9 1
3 5 1
2 7 23
14 19 24
20 22 28
10 13 22
9 14 28
9 12 19
8 10 25
15 17 28
0 3 31
9 11 5
12 14 19
18 22 22
18 20 9
5 7 33
16 19 1
4 8 8
19 22 38
11 15 39
2 6 29
13 17 31
16 19 29
5 7 26
13 15 15
20 21 23
4 7 24
18 21 2
0 4 33
18 21 30
16 17 20
22 0 15
21 1 19
18 22 10
9 11 13
0 3 21
22 1 2
5 8 13
18 21 10
4 7 34
4 7 4
14 18 17
6 9 14
15 20 7
20 23 30
19 19 22
18 20 14
14 17 18
23 1 16
0 5 3
9 13 1
2 6 27
5 7 35
22 3 10
0 4 38
9 12 34
13 16 6
18 20 23
22 1 23
21 23 29
14 18 4
17 18 19
7 11 11
8 10 7
1 3 32
22 2 26
11 13 21
10 12 22
23 3 7
16 18 39
21 1 27
16 17 37
3 5 13
7 10 27
17 21 4
14 17 20
6 10 22
1 3 4
17 21 22
1 4 31
19 23 33
4 7 17
18 20 8
8 10 21
1 4 15
8 11 23
11 13 15
5 8 38
21 23 26
5 9 22
11 13 11
20 23 29
5 9 27
11 12 6
14 16 24
13 15 36
3 6 16
7 10 9
12 16 16
10 11 10
4 6 27
13 17 2
0 4 35
4 8 10
11 13 26
5 7 29
19 23 26
16 20 27
3 6 30
20 23 17
4 7 15
8 12 7
14 17 2
7 10 6
6 9 8
10 12 2
17 19 12
14 18 19
23 2 35
22 1 31
17 21 22
22 3 9
1 5 32
16 19 14
16 20 2
15 18 6
9 13 11
4 6 32
19 21 22
3 7 39
18 20 25
11 14 28
23 2 35
2 6 17
2 6 9
21 1 36
0 2 22
19 22 3
9 13 21
11 13 9
7 10 3
10 13 36
21 0 32
22 2 22
0 2 10
15 18 14
2 7 33
22 2 6
22 1 5
13 15 27
21 2 9
5 7 19
18 20 34
10 14 12
6 9 4
11 15 26
2 4 25
21 0 29
2 6 7
19 22 36
20 0 34
17 18 29
18 20 10
19 21 17
14 16 15
11 13 15
17 21 1
13 16 36
8 10 39
7 10 24
11 13 21
4 7 30
6 9 39
4 8 16
12 14 10
6 9 34
14 17 15
3 5 39
11 15 25
8 10 3
5 9 23
0 3 2
1 3 28
11 12 2
21 0 22
5 7 10
2 6 26
9 12 19
0 4 28
2 3 27
2 3 34
14 18 1
13 16 36
4 6 36
10 13 4
23 3 36
9 13 11
14 17 3
3 6 1
11 15 12
9 11 15
23 3 6
11 13 11
14 16 31
14 17 31
16 19 4
13 15 9
16 18 4
3 6 24
18 20 11
5 8 29
9 10 10
16 19 31
11 16 9
23 1 16
6 9 18
1 3 39
18 22 26
23 2 24
0 3 8
5 9 12
8 11 33
13 16 16
22 3 39
22 1 37
2 6 6
21 0 12
2 5 11
10 13 11
10 12 35
13 17 6
21 23 28
13 16 5
7 9 6
21 0 37
22 2 34
17 20 30
0 4 1
22 1 29
19 22 24
13 15 27
7 11 6
9 12 15
2 5 21
1 3 7
5 8 33
6 7 20
10 13 13
22 3 27
9 10 3
20 0 28
23 3 3
17 20 18
21 23 14
20 23 35
19 22 39
10 12 9
1 3 19
15 19 21
9 11 26
19 22 37
3 7 2
10 12 36
15 16 5
4 7 17
3 5 27
12 14 25
22 2 2
21 23 16
12 16 38
9 11 8
10 14 39
0 4 22
3 4 32
8 10 12
23 0 11
1 4 35
8 11 1
9 13 32
13 16 11
9 10 13
6 7 5
23 3 37
20 23 23
22 0 1
20 0 35
1 6 31
12 15 11
2 4 20
5 9 20
10 11 25
13 16 27
18 20 16
5 8 35
2 4 21
4 7 34
5 7 37
15 19 3
10 15 20
8 12 2
1 6 24
1 5 34
10 16 26
20 23 9
20 22 8
16 21 31
21 23 12
6 8 30
21 1 14
21 1 24
14 18 28
21 0 4
6 9 20
12 15 34
14 17 34
19 23 21
19 0 38
6 9 33
3 6 15
2 5 17
20 21 28
3 5 15
3 6 29
4 8 12
13 15 29
12 16 34
1 4 16
16 20 7
2 5 11
0 3 32
1 4 4
8 10 31
20 23 32
20 21 34
0 2 34
13 17 1
12 15 31
16 18 34
21 3 2
23 2 7
19 21 3
19 23 12
21 0 17
4 7 12
9 13 27
4 7 8
23 3 28
7 10 37
6 8 13
14 18 13
22 1 22
16 21 37
11 15 4
20 23 13
18 23 33
7 11 39
6 8 29
14 17 32
17 20 32
11 16 5
18 20 14
12 16 1
19 22 7
15 20 27
5 8 36
6 11 27
4 7 26
14 19 4
9 12 20
6 9 26
0 4 11
2 5 2
20 23 16
18 19 6
15 18 10
10 14 22
1 4 2
14 18 15
18 21 12
3 7 34
15 16 15
18 21 34
15 16 4
6 9 25
1 4 5
7 9 19
17 19 27
7 8 36
14 16 27
12 15 13
14 18 21
20 21 36
20 23 16
1 4 25
11 15 9
12 15 7
21 1 36
7 10 26
16 20 24
21 2 24
5 7 38
4 7 12
20 1 13
11 13 20
8 10 11
14 17 16
10 15 35
1 4 26
6 8 3
0 2 14
11 13 7
21 1 28
14 16 9
5 8 30
15 18 23
21 0 20
9 13 36
10 14 6
6 8 6
22 2 30
6 7 38
15 17 34
0 5 19
1 3 2
14 17 4
6 8 38
7 10 33
20 22 23
19 22 5
11 14 24
2 6 17
2 5 25
16 18 37
19 21 2
17 20 18
5 7 4
18 22 23
19 22 15
6 10 1
3 8 23
16 20 29
7 12 1
20 23 15
13 15 28
2 5 2
4 7 38
1 3 1
13 17 21
22 0 32
2 3 37
5 8 16
19 20 15
20 0 5
13 17 12
19 22 31
0 2 38
17 19 5
15 18 6
20 23 6
12 14 4
19 22 6
16 20 31
11 13 21
0 4 25
2 4 4
16 19 39
15 19 25
16 20 12
10 11 2
13 16 22
6 8 34
21 0 2
21 0 24
21 2 19
23 1 13
12 13 28
13 16 37
22 1 5
17 20 10
10 13 7
11 14 34
13 15 22
2 5 20
7 10 3
8 10 31
17 22 28
2 3 16
19 22 27
4 6 39
15 18 36
22 0 31
14 17 17
22 1 32
18 22 25
4 7 2
8 10 36
1 5 29
23 3 2
14 19 27
20 22 2
19 22 14
22 2 30
12 15 35
15 17 17
11 16 2
8 11 36
3 7 11
12 16 4
8 11 17
2 6 15
1 3 37
1 3 24
14 19 18
5 6 22
17 21 12
8 11 37
8 11 28
20 21 35
15 18 39
5 10 19
21 23 21
15 19 19
9 12 29
13 18 32
6 10 2
0 2 39
3 6 7
23 2 29
0 3 38
4 7 28
1 4 1
6 10 2
12 15 39
17 18 12
5 7 2
13 17 18
22 1 18
14 17 13
20 0 19
8 11 2
1 4 21
7 10 38
12 14 10
9 13 38
13 16 36
18 21 3
23 3 7
12 14 20
2 3 25
1 3 31
12 15 16
10 14 24
11 13 32
13 15 28
6 10 30
2 6 38
2 4 10
0 2 19
12 17 17
9 12 29
5 8 33
17 20 32
17 19 25
15 17 34
6 9 24
23 1 22
14 18 34
0 2 24
19 22 26
6 10 38
22 4 7
6 8 14
2 5 27
18 22 14
8 13 17
21 1 20
3 5 17
8 10 6
9 11 4
23 2 11
1 6 8
10 14 29
19 22 3
14 17 35
10 13 37
9 12 15
23 2 30
23 1 17
14 15 30
18 20 12
12 15 6
15 18 39
10 12 5
1 2 20
6 8 32
8 11 34
5 6 30
13 15 37
19 22 25
18 23 11
5 7 17
2 5 38
19 22 33
11 15 11
10 13 12
1 3 8
9 13 37
10 16 20
9 12 7
2 6 10
5 9 15
20 23 29
22 1 10
7 8 29
7 9 2
7 9 23
3 6 4
23 2 14
8 11 10
13 17 34
10 11 14
13 16 38
23 3 4
18 22 39
10 14 4
3 7 13
13 16 13
4 8 39
6 9 9
4 6 8
5 8 9
12 14 5
20 23 30
5 9 19
3 6 38
9 13 14
10 11 19
23 2 9
10 12 16
16 20 20
8 11 27
18 20 35
20 0 36
18 21 39
22 1 22
7 9 25
21 23 34
2 4 19
15 17 1
15 19 4
23 1 13
7 10 13
6 9 9
20 0 12
0 4 17
15 17 38
8 10 32
19 21 4
2 5 4
6 9 14
12 15 2
1 3 12
19 22 14
1 4 24
22 1 29
3 5 39
17 20 7
15 18 1
3 5 16
0 2 31
14 17 12
23 3 36
8 11 39
17 20 26
14 17 38
11 14 18
11 13 10
10 12 23
16 20 38
12 16 31
0 3 1
22 2 35
6 9 17
11 14 28
10 15 26
19 23 4
10 14 5
9 11 35
9 13 2
7 9 33
11 14 11
1 5 14
9 13 23
11 13 8
19 23 20
21 2 19
1 3 27
3 6 15
10 15 21
16 20 17
22 3 15
17 20 11
6 8 4
12 15 11
5 8 37
1 4 2
21 1 1
14 18 36
11 15 16
11 13 9
14 17 26
1 4 2
8 11 26
14 18 1
12 14 22
10 12 37
6 9 27
18 20 16
13 17 28
5 8 19
7 9 39
14 18 25
8 11 37
13 15 12
9 14 36
4 7 24
22 2 29
7 10 19
2 5 23
15 18 6
8 10 2
2 6 13
21 2 26
2 7 21
10 12 4
10 13 18
13 16 35
4 7 8
14 19 15
14 16 36
14 19 28
6 10 17
3 6 5
12 14 15
4 7 7
7 9 23
7 11 30
4 7 36
1 3 1
16 19 22
10 14 14
11 13 39
23 2 12
22 0 33
18 20 31
12 15 27
16 18 35
17 19 8
9 11 9
13 15 1
19 22 4
16 19 39
9 10 17
4 5 36
11 14 1
4 7 30
1 5 5
9 11 39
5 9 36
0 4 4
13 18 10
0 2 29
16 20 3
18 21 17
11 13 37
7 9 15
21 0 7
19 23 31
23 3 30
9 11 38
5 8 33
22 1 25
20 22 2
20 22 3
21 23 21
18 21 35
9 12 14
21 23 2
14 18 30
16 19 24
3 7 3
5 9 21
0 4 32
18 21 28
1 4 29
11 13 34
11 15 23
16 18 21
0 4 3
1 5 11
6 9 29
3 4 22
3 6 1
11 14 32
7 10 12
13 16 17
6 9 32
7 9 7
1 5 25
8 10 16
16 22 22
23 3 26
21 0 24
12 18 34
10 14 8
10 15 21
12 16 37
20 0 8
15 18 19
2 4 8
22 2 2
10 13 35
12 16 10
14 17 28
9 13 39
7 10 26
14 19 38
3 7 29
15 20 9
17 22 19
9 12 14
16 19 24
21 23 25
16 19 17
5 7 15
20 23 24
21 0 11
14 18 34
20 23 1
2 6 35
11 15 3
15 18 18
16 19 5
15 17 4
17 18 15
13 16 14
5 8 30
18 21 4
7 10 27
11 12 18
4 5 1
9 13 17
6 10 5
18 21 4
22 0 19
5 8 23
1 2 4
23 0 2
7 12 11
18 23 6
1 4 7
3 5 9
10 14 4
13 15 29
14 18 12
0 3 23
2 7 31
3 6 3
15 18 8
19 23 3
18 22 13
6 8 15
16 21 20
0 2 28
5 7 33
13 15 17
9 13 29
2 6 1
11 12 9
14 19 8
2 5 3
18 22 11
17 20 15
16 19 3
20 1 37
21 23 27
5 8 23
20 0 12
11 16 19
17 18 6
20 23 32
12 15 9
21 0 17
20 22 31
12 13 34
2 5 14
16 20 2
8 12 12
4 6 10
4 6 34
11 16 8
19 23 10
12 15 29
11 13 15
10 12 3
15 19 12
21 0 31
6 9 22
10 14 21
20 0 36
8 10 29
20 23 12
11 14 19
7 9 31
8 12 37
10 12 11
23 3 12
20 1 7
0 4 31
12 15 4
3 7 6
8 12 13
22 0 3
17 20 34
9 12 19
17 20 10
9 14 13
11 14 2
19 22 6
9 13 26
12 14 12
8 12 34
22 2 3
11 13 24
16 20 14
22 23 23
3 6 4
4 8 8
4 6 30
16 20 25
2 6 24
13 16 2
16 18 17
14 18 9
9 12 9
7 9 19
14 16 15
7 9 31
22 1 35
22 3 2
9 12 16
15 19 36
16 20 3
23 3 5
23 2 28
23 2 35
3 5 10
14 17 31
16 20 28
11 15 8
6 9 17
11 14 30
2 6 9
1 4 38
11 13 5
23 2 6
15 18 36
13 16 14
3 4 27
18 20 10
23 3 26
23 2 25
8 11 5
0 2 39
17 20 12
21 0 6
22 23 25
16 17 21
15 19 35
11 15 34
6 7 21
14 18 35
18 19 39
18 21 39
11 13 12
10 13 25
8 11 34
12 15 8
9 13 26
15 18 24
10 14 1
19 22 33
12 17 14
11 16 36
18 21 19
5 10 29
13 14 32
19 19 2
21 1 36
17 18 29
1 5 17
10 13 30
7 10 38
18 20 1
8 13 37
17 22 33
23 2 6
18 21 32
17 20 24
13 16 26
1 4 16
2 6 9
21 23 26
5 7 16
22 1 23
0 4 36
15 17 8
10 13 27
10 13 33
9 12 32
6 9 1
12 14 30
12 14 20
9 11 23
0 4 13
4 7 24
13 16 33
19 23 10
18 21 12
7 10 32
2 6 18
14 17 31
7 10 36
10 11 17
20 1 36
7 11 18
23 1 24
23 1 28
9 11 6
11 15 1
2 4 17
0 2 34
14 17 39
6 8 11
11 14 22
15 17 32
17 18 31
23 0 36
11 15 27
2 6 14
6 11 3
9 12 8
5 7 36
12 16 4
3 5 20
0 5 36
8 11 13
19 23 36
5 9 37
1 3 3
17 19 14
2 6 19
21 0 20
13 17 12
13 17 24
8 11 29
16 21 11
11 14 25
10 13 8
14 18 15
8 11 32
3 5 6
21 23 15
19 21 36
19 22 29
2 4 25
8 11 14
13 17 3
18 20 29
20 0 7
3 6 37
2 1 11
11 13 7
22 2 28
16 18 19
9 14 1
4 7 38
5 7 6
6 9 21
9 13 38
3 6 5
19 23 11
20 0 7
16 19 23
10 12 35
20 23 7
14 20 24
21 1 19
5 7 33
4 7 7
17 18 31
1 1 29
14 17 24
9 13 20
3 5 36
14 17 17
3 5 4
11 14 26
0 3 30
18 21 29
11 12 17
9 13 10
20 0 20
23 1 33
10 13 18
21 0 9
3 8 9
17 22 37
13 16 21
8 9 16
19 21 25
6 9 14
21 1 37
13 16 5
9 11 10
11 12 1
2 6 13
17 21 34
22 1 37
1 4 25
0 2 5
10 12 34
10 13 17
22 2 12
13 15 18
1 6 22
7 11 34
13 17 27
22 0 38
22 2 25
6 9 35
14 16 11
22 1 7
3 6 28
0 2 29
21 0 39
16 19 32
22 0 37
10 12 7
3 7 16
20 23 31
19 22 26
2 6 22
5 9 30
19 21 3
19 23 31
13 16 8
15 19 38
2 5 17
3 7 35
14 17 7
7 10 10
10 13 20
0 2 8
7 10 9
10 13 33
16 19 31
19 21 26
20 23 32
2 5 18
14 19 29
22 1 30
17 20 26
8 12 26
3 7 6
20 23 31
18 22 5
2 5 2
21 23 10
12 16 36
10 12 26
20 23 30
3 6 9
6 8 26
23 4 27
12 13 11
1 3 9
7 9 12
14 18 36
6 8 24
8 10 25
8 11 13
8 12 1
15 17 37
14 19 16
2 4 27
18 21 11
5 10 19
21 23 10
2 6 14
10 11 12
18 21 9
15 18 20
6 8 35
14 16 28
3 5 5
0 4 1
6 8 37
0 3 6
16 20 15
21 1 8
6 8 5
13 15 35
3 4 26
6 8 26
2 4 7
1 5 16
9 11 33
8 13 24
13 16 23
19 21 28
21 23 38
8 11 19
2 3 18
0 3 12
0 3 37
18 21 34
9 13 15
2 6 26
12 15 7
15 18 30
12 14 29
18 21 35
11 13 16
0 3 32
19 22 37
15 19 19
7 11 19
13 17 25
14 17 25
7 9 31
3 6 2
15 17 25
2 5 24
12 13 10
18 21 29
2 4 20
3 5 8
10 13 1
23 4 8
16 18 4
12 15 10
18 21 16
13 16 34
11 13 27
20 22 8
9 13 23
1 3 21
12 15 20
5 8 32
20 22 38
4 8 22
23 1 31
4 8 35
8 11 6
5 9 13
20 23 38
1 4 3
8 10 22
13 18 18
15 18 7
22 1 11
21 0 25
18 21 16
9 11 36
14 18 31
18 19 21
0 4 28
23 2 26
12 17 37
17 20 7
15 16 26
20 23 23
21 0 36
7 9 9
19 21 12
18 20 22
22 1 14
14 15 10
10 11 7
20 23 2
12 15 26
10 13 13
