5000 42
39 17 4 32 41 28 16 4 42 40 10 22 17 13 1 30 34 26 8 30 5 17 26 18 2 25 19 23 2 20 3 8 37 38 36 3 28 17 23 15 12 25 
10 14 17
22 1 40
12 13 30
20 23 21
21 23 29
18 19 18
1 4 22
0 2 15
20 23 9
18 23 8
10 13 35
15 20 31
16 18 3
9 12 41
21 1 28
21 0 4
13 15 22
20 22 1
9 12 16
1 4 1
16 18 32
15 18 38
21 1 10
1 4 5
10 14 34
14 18 38
4 9 27
12 15 31
16 20 6
8 10 35
16 20 5
12 17 7
13 15 18
19 22 17
9 12 35
0 2 42
10 12 11
1 3 5
9 13 28
18 20 35
12 17 38
14 17 13
7 9 37
13 14 22
17 20 25
11 15 3
13 15 35
15 18 9
0 3 24
18 22 39
18 21 21
11 14 27
14 18 37
8 12 36
1 4 30
15 18 12
0 2 36
20 23 36
17 20 38
3 6 14
14 18 4
21 1 25
10 11 29
8 10 42
12 13 23
19 23 13
9 13 4
22 3 25
20 22 37
7 10 35
17 19 12
16 21 25
21 23 14
4 7 12
17 20 38
4 8 39
21 0 8
10 13 35
2 4 41
21 3 7
8 11 32
0 4 39
2 6 23
2 6 13
22 1 12
11 14 9
5 8 34
7 9 11
3 5 42
23 2 22
10 13 20
2 5 23
7 8 23
22 1 28
11 13 19
1 3 7
1 5 20
19 21 36
23 3 12
14 19 2
23 1 18
4 7 7
23 2 1
10 13 20
16 18 1
13 16 34
5 10 32
8 11 19
17 21 21
14 16 21
16 19 1
21 22 9
19 22 38
7 12 32
3 6 11
4 7 7
22 4 31
22 0 33
22 2 3
11 14 8
22 2 14
20 22 25
3 5 22
15 18 19
11 14 10
14 17 12
6 9 25
22 1 22
0 5 12
8 10 40
14 17 22
19 21 42
0 2 36
5 9 9
0 4 5
1 4 19
19 22 2
10 13 23
16 19 29
13 17 14
14 18 1
7 9 32
8 12 5
0 0 38
19 22 11
2 4 30
2 5 12
6 10 15
19 21 40
16 18 26
5 9 33
7 10 23
6 9 17
20 22 41
18 22 15
10 14 33
23 2 36
0 5 4
9 14 25
22 0 24
22 3 36
22 1 28
20 0 22
22 1 40
4 5 15
16 20 30
12 16 38
11 14 23
21 23 13
16 20 16
23 4 25
19 22 16
6 9 22
3 6 32
14 16 39
1 5 27
4 5 16
15 18 6
5 7 36
3 5 14
6 11 19
9 12 14
3 5 39
22 1 21
14 16 1
6 9 29
15 18 35
10 13 4
10 14 33
20 0 20
20 22 8
2 6 4
9 13 29
23 2 34
22 1 10
6 10 24
14 18 6
13 15 25
13 15 27
3 6 18
10 13 2
18 20 12
20 21 36
5 8 2
6 11 4
2 6 1
21 1 10
5 8 31
11 14 35
6 9 20
13 16 36
21 0 9
19 23 22
6 9 1
15 20 2
23 3 11
12 15 11
1 4 27
16 20 42
21 22 37
10 12 3
0 2 13
1 4 9
6 8 40
7 10 2
0 4 23
12 15 7
13 15 22
16 20 11
23 0 6
2 6 17
3 5 33
12 15 22
6 10 38
22 2 4
19 22 11
8 13 7
8 11 18
22 0 7
9 12 10
2 5 35
11 15 27
12 15 39
13 15 25
5 8 42
21 0 18
2 3 36
9 12 42
1 4 21
7 9 2
4 7 29
4 6 25
12 14 6
8 12 21
1 3 41
13 16 27
14 18 40
18 20 18
23 2 28
17 19 35
22 1 34
19 23 26
20 0 15
8 13 17
10 13 37
11 15 25
23 0 24
4 6 11
12 15 18
3 6 1
7 10 33
0 3 24
23 0 38
1 3 20
1 5 18
14 18 11
16 19 13
3 6 1
21 1 26
16 21 2
2 4 31
3 5 10
20 23 41
16 20 10
19 22 18
6 9 6
21 23 33
1 6 37
23 3 36
9 12 41
15 18 26
10 12 9
6 9 5
1 2 22
20 23 8
1 5 37
5 8 10
21 1 26
13 16 17
17 19 23
14 17 28
8 11 7
19 22 13
14 19 39
14 17 7
2 3 3
10 14 20
13 17 15
1 4 10
15 19 29
14 15 33
14 18 40
4 7 40
18 21 30
11 13 11
6 9 8
13 16 7
3 7 35
15 17 18
6 9 40
4 7 40
19 22 25
22 2 29
8 10 17
23 1 24
9 14 36
15 17 6
23 4 26
8 12 11
21 0 24
18 19 23
2 6 28
21 0 39
22 0 15
3 7 5
18 22 20
13 16 34
4 7 41
3 5 38
9 10 13
23 3 28
12 16 9
8 11 11
4 8 33
23 3 16
12 16 10
22 2 37
3 6 24
14 18 11
12 17 7
21 23 12
11 14 31
8 9 7
0 3 10
12 16 3
16 20 33
6 10 11
14 17 17
11 14 27
20 0 41
13 18 29
0 1 27
11 15 8
16 19 22
19 22 5
16 19 18
3 7 9
3 5 27
3 8 4
11 13 36
21 0 2
19 23 39
9 13 8
20 1 2
18 20 18
5 9 24
20 22 19
1 3 33
4 7 4
2 7 26
7 10 30
10 15 37
15 18 41
17 21 9
20 23 14
22 23 15
10 12 26
17 20 27
5 7 42
14 17 40
1 3 7
22 3 29
20 0 39
21 0 16
15 19 12
15 18 28
19 1 15
15 18 25
1 5 23
4 7 24
15 18 10
7 8 20
22 2 6
1 3 18
15 17 20
8 11 4
10 12 27
12 16 22
1 5 25
1 6 8
11 14 38
1 5 13
20 23 33
8 11 25
23 2 2
0 2 8
14 18 1
6 10 22
12 16 32
22 2 27
23 0 35
22 2 33
11 13 17
22 23 9
21 23 37
1 5 21
5 8 38
13 17 11
13 15 1
14 18 26
18 20 42
20 22 23
8 12 41
19 22 39
20 1 19
13 17 28
5 9 25
9 13 26
10 13 8
18 20 40
4 8 34
13 15 19
14 17 20
10 12 1
5 8 38
2 5 24
11 15 8
12 15 4
10 15 6
0 2 9
17 21 16
19 22 27
7 11 3
18 22 24
10 14 25
0 3 42
1 3 10
15 17 13
0 2 29
8 10 20
19 22 2
12 18 5
14 18 34
14 18 17
5 7 15
13 18 29
8 12 9
2 6 29
10 15 23
6 9 40
17 19 38
23 1 40
17 19 19
2 5 34
21 0 9
9 13 19
8 10 42
22 0 14
19 21 11
23 3 42
12 16 19
9 12 24
0 2 9
7 11 7
21 1 39
16 18 14
22 1 4
4 6 25
3 7 33
23 2 21
1 4 34
5 8 40
11 12 6
18 20 23
12 16 4
15 18 16
7 8 26
21 0 4
17 20 26
23 3 16
22 1 1
8 11 9
8 11 1
23 3 35
10 13 10
16 19 13
0 4 28
17 20 28
22 2 37
1 4 13
19 22 34
1 3 41
0 3 5
16 20 36
9 12 4
9 11 25
10 13 32
10 13 3
14 18 32
16 19 18
12 15 24
19 22 41
22 0 33
12 15 31
15 17 31
12 15 37
20 23 19
7 11 28
11 15 31
14 18 35
10 13 14
8 11 31
5 7 7
22 0 40
1 3 10
3 7 34
11 15 33
20 0 27
4 8 5
18 19 6
22 1 16
10 13 28
1 4 42
2 4 28
23 0 33
22 0 39
20 21 42
15 19 31
18 20 36
23 1 37
9 12 20
11 14 36
10 13 5
5 7 12
2 5 27
17 20 3
16 17 8
2 6 19
9 12 7
3 7 13
10 15 37
23 2 29
11 14 11
19 0 33
13 17 16
4 6 7
7 9 33
9 12 17
23 2 30
3 6 20
5 10 39
8 13 32
16 18 8
7 9 18
19 22 17
4 8 7
19 20 40
2 7 8
13 15 42
18 21 23
0 5 6
3 8 28
3 8 24
12 15 21
22 1 21
22 4 24
21 0 5
22 0 33
8 13 18
10 14 9
2 5 41
6 9 36
16 18 17
22 23 15
20 0 10
18 21 26
17 19 1
11 14 32
22 2 21
23 2 5
20 23 7
13 14 13
3 6 29
21 1 9
21 23 24
8 10 1
9 13 17
18 19 35
0 2 26
15 18 21
4 6 6
7 9 7
19 22 39
7 11 22
1 3 39
12 15 36
14 17 8
7 10 37
5 8 13
4 6 18
0 1 11
10 14 28
7 11 19
7 10 23
2 5 23
11 15 41
13 17 30
8 13 25
7 9 41
13 16 7
13 16 36
7 10 39
22 1 41
16 19 6
1 3 28
10 11 18
9 13 7
16 19 25
10 13 5
20 22 31
3 6 12
8 11 5
17 21 18
18 20 20
9 12 30
1 5 39
2 4 2
7 13 27
20 23 29
1 4 16
12 16 35
9 12 39
17 21 29
15 17 6
8 10 4
10 13 40
10 12 11
13 17 40
5 8 26
4 5 13
21 1 40
17 19 40
2 3 31
11 12 11
12 16 41
23 2 20
7 9 9
6 8 21
7 11 34
7 10 17
18 21 1
1 5 42
9 12 42
18 21 2
4 6 5
13 15 23
20 22 42
16 19 23
19 23 26
3 5 17
0 1 42
7 11 2
20 23 40
21 22 24
10 14 21
3 6 42
15 17 13
11 15 29
2 6 29
15 18 40
9 13 1
6 9 29
16 17 2
16 19 3
18 20 37
11 13 16
19 22 17
11 14 12
2 3 12
23 2 39
18 19 29
9 12 32
13 17 17
1 4 7
4 8 32
9 12 33
10 13 4
14 17 16
18 21 29
23 2 14
22 0 29
19 23 28
1 5 26
15 19 11
9 12 25
8 11 18
20 0 10
13 16 2
23 3 18
19 23 34
19 22 15
6 9 9
1 4 38
2 5 38
13 17 7
14 18 3
19 21 24
7 8 8
18 21 34
13 17 7
9 12 5
16 20 21
16 18 13
19 23 22
6 10 21
10 14 42
13 17 18
10 14 17
6 8 32
13 19 37
7 9 11
3 6 34
13 14 27
6 8 32
2 4 30
3 6 16
2 6 14
6 8 5
9 13 21
18 21 32
22 23 12
1 2 18
9 14 19
5 10 13
16 20 35
23 2 36
1 4 17
21 0 5
18 22 39
2 5 24
0 2 40
1 4 36
22 1 37
21 0 31
4 5 41
6 7 1
5 7 42
4 6 36
9 12 37
10 14 21
13 16 38
0 3 35
6 9 26
17 21 26
8 10 42
15 19 37
7 11 19
21 0 15
13 18 1
18 22 22
16 19 26
8 11 20
17 20 19
20 23 15
19 21 22
16 18 36
16 19 14
13 14 1
22 0 36
0 4 2
15 19 15
5 8 3
6 8 9
20 23 37
10 15 8
19 23 10
0 3 12
22 0 11
5 7 9
10 12 10
14 18 10
7 9 42
21 1 4
11 14 36
14 17 38
10 14 10
14 16 34
12 15 30
9 13 9
5 7 20
19 22 15
11 16 40
8 11 36
7 10 34
7 10 1
0 3 38
5 7 41
19 22 2
17 20 12
3 8 6
5 7 2
23 2 1
15 18 30
20 23 35
23 2 36
5 7 38
6 11 12
2 5 31
9 13 20
23 2 38
4 6 16
20 23 21
2 4 28
7 9 13
15 19 7
5 6 33
3 7 14
6 9 24
21 1 2
13 14 5
13 16 25
5 7 27
20 23 11
3 4 11
9 12 22
10 12 32
9 11 26
14 18 4
3 7 17
1 4 42
10 13 16
6 9 12
3 5 4
11 15 19
3 6 37
23 4 12
22 1 29
17 19 29
18 22 35
18 21 26
13 16 9
16 19 33
21 1 37
14 17 36
7 9 38
0 4 11
9 11 14
9 12 18
20 23 31
17 19 13
9 13 19
23 1 10
2 6 14
2 5 10
21 0 26
18 20 7
5 7 20
22 1 9
13 17 39
21 23 37
7 10 21
5 8 5
23 1 32
22 1 5
7 9 23
14 17 4
17 21 5
17 20 18
2 4 7
22 0 29
5 8 8
20 1 18
17 18 12
9 14 5
15 18 17
4 8 41
22 0 26
14 16 22
0 4 18
19 22 10
6 9 18
3 5 42
1 7 42
20 23 16
1 4 20
4 8 1
6 10 29
1 5 35
7 8 7
7 8 34
10 12 17
11 13 6
17 19 15
23 3 29
17 20 1
20 22 40
0 2 18
23 2 13
23 2 28
5 8 33
7 9 11
22 1 10
4 7 20
0 2 7
15 19 29
1 5 37
0 2 8
20 23 17
15 18 22
13 16 21
20 22 19
0 2 40
20 0 26
12 14 7
22 2 20
3 7 9
10 13 40
16 20 40
2 4 33
18 20 8
10 14 39
11 14 2
13 17 12
15 17 11
8 12 34
7 11 11
23 2 20
3 5 39
13 16 17
21 1 37
0 2 14
21 1 38
0 2 36
19 23 33
3 7 24
18 21 10
13 16 27
7 9 32
2 3 21
16 20 37
9 12 1
2 6 28
11 15 2
15 18 26
16 19 1
14 17 11
3 4 33
13 18 25
13 16 5
23 3 28
1 3 30
11 15 18
16 18 3
22 2 35
23 2 13
13 16 11
10 14 39
16 18 26
15 17 9
21 0 40
23 1 21
3 6 11
15 19 11
19 22 23
3 7 28
18 21 36
13 15 7
10 14 26
0 4 5
7 9 6
11 16 14
12 17 34
15 19 22
14 17 24
2 6 21
12 14 30
8 11 11
22 2 35
8 9 39
21 1 35
19 23 15
2 5 12
10 14 27
18 21 16
15 16 13
15 19 41
2 6 15
15 18 39
16 19 23
9 12 1
23 3 32
2 6 24
7 9 18
11 14 27
3 5 8
9 11 26
17 19 21
12 16 37
22 1 36
0 3 32
19 22 41
15 17 10
7 10 40
11 14 27
22 0 1
6 12 40
21 0 35
2 6 35
22 1 26
7 10 31
15 20 40
5 9 40
2 6 3
22 1 21
9 13 6
0 3 13
21 22 40
4 6 29
6 8 26
5 8 29
18 21 33
21 23 32
11 13 6
0 2 10
8 12 17
23 1 41
21 1 6
22 1 21
15 18 14
14 16 7
20 22 37
17 19 39
18 22 40
10 14 33
4 5 13
4 6 10
3 5 27
5 7 15
9 13 8
1 5 39
17 21 11
1 3 39
2 6 30
5 8 16
6 8 29
1 4 23
20 22 11
23 2 30
13 16 27
14 17 38
4 7 27
23 23 25
15 19 7
0 3 20
13 16 3
21 1 16
8 12 1
10 13 39
8 12 16
0 3 10
5 7 39
20 21 15
16 20 28
12 17 31
3 6 3
17 20 35
2 6 12
14 18 1
23 2 25
14 16 37
4 7 35
9 14 12
3 6 4
9 13 38
14 17 41
22 4 41
16 18 3
20 21 35
15 19 38
11 13 6
7 9 20
18 22 1
4 6 17
2 3 35
20 0 19
16 18 37
9 12 1
9 13 3
17 19 35
8 12 9
8 12 10
16 19 42
4 7 36
5 9 20
8 12 26
18 21 41
2 5 5
18 21 10
22 1 7
1 3 35
22 0 4
19 21 17
2 4 38
22 1 20
23 1 19
12 15 6
1 5 31
19 0 26
8 13 38
5 10 7
3 6 24
23 2 38
0 4 28
21 2 19
21 0 32
0 4 34
14 16 20
11 14 39
1 5 30
4 4 20
4 7 29
17 21 39
17 19 14
17 20 14
17 18 30
0 3 10
2 6 22
20 0 6
8 11 24
21 0 24
10 12 14
5 7 20
11 14 2
15 19 37
10 12 14
15 18 6
15 20 30
2 5 41
3 6 24
7 9 5
15 17 30
22 1 24
18 20 26
15 19 9
22 23 33
7 12 2
17 22 3
0 3 25
3 5 14
22 1 25
16 18 11
16 20 11
9 12 29
13 15 39
11 14 19
21 23 8
17 21 8
12 13 13
11 15 8
19 0 37
23 2 19
22 0 42
22 2 31
23 1 37
9 12 20
4 7 9
16 20 8
11 13 7
4 6 35
4 7 41
21 1 24
5 8 35
8 11 9
10 14 11
21 23 39
23 2 40
18 21 28
21 1 7
12 15 36
15 17 24
9 11 23
4 9 11
23 1 37
1 3 2
5 8 37
21 0 35
5 7 3
9 13 2
2 3 36
14 17 36
14 18 32
15 18 1
17 18 22
6 8 4
18 20 32
16 18 15
16 19 10
4 7 16
21 23 34
8 9 28
1 3 32
20 23 13
4 8 18
7 10 4
10 16 15
3 5 6
12 16 19
1 4 42
10 13 41
15 19 35
2 4 3
21 0 11
0 3 34
17 20 22
23 1 26
23 0 39
13 15 27
9 14 24
15 18 40
5 9 5
3 5 14
20 23 29
23 3 32
13 16 11
10 14 23
3 6 29
1 4 14
4 6 6
11 14 33
17 19 10
15 19 21
12 14 15
15 18 22
23 3 29
20 21 29
17 20 18
17 20 40
15 17 24
14 17 14
21 1 36
4 6 22
14 19 8
19 22 41
11 14 4
6 7 15
1 4 2
21 0 4
13 17 14
16 19 40
11 14 7
14 17 21
23 3 39
2 6 40
3 7 32
7 10 40
5 7 41
17 18 13
20 23 27
1 3 41
19 21 30
0 3 29
19 21 32
17 20 8
5 6 8
22 2 12
12 15 42
0 2 31
23 3 7
13 16 31
5 7 8
16 18 10
16 20 7
10 12 15
1 4 5
20 1 8
4 8 1
19 22 11
1 4 34
7 11 11
7 9 18
7 10 36
1 5 22
21 1 37
23 2 19
5 7 22
16 20 21
17 21 11
14 18 14
0 4 27
14 16 41
6 9 24
10 12 24
6 9 39
18 22 42
13 18 42
16 18 21
14 17 31
1 4 33
18 22 22
1 5 31
0 5 2
3 6 23
18 20 3
7 10 30
19 22 11
14 14 26
5 10 24
2 6 16
10 13 19
9 11 18
12 15 23
9 11 42
21 1 25
10 14 31
10 14 35
0 3 14
13 16 7
11 13 28
14 19 12
20 22 4
5 9 25
8 11 11
10 11 28
23 0 25
17 21 15
15 19 21
13 16 20
3 7 6
10 12 18
5 8 8
15 19 42
4 6 37
9 13 5
18 21 20
11 16 8
8 10 5
4 6 26
15 18 19
18 22 3
3 5 9
19 22 30
3 8 1
13 16 8
20 0 32
23 2 15
14 17 7
1 4 24
4 7 39
20 0 29
16 19 7
11 13 11
21 0 18
4 7 4
10 13 14
20 1 10
19 21 1
2 6 4
9 12 13
18 21 17
16 19 20
17 21 36
22 2 5
14 18 31
0 5 10
12 16 33
22 0 23
20 23 13
21 23 24
18 19 21
21 23 35
22 1 32
23 2 21
2 4 6
6 9 27
6 10 18
17 19 15
23 3 15
19 23 5
3 4 16
10 13 17
22 2 26
1 4 31
21 1 22
5 8 4
11 15 22
6 8 11
2 6 34
21 1 16
15 19 9
6 9 36
10 13 21
23 1 29
7 10 39
0 5 39
11 14 18
0 3 22
23 4 35
19 23 27
20 23 40
14 17 25
15 17 1
19 21 17
4 7 36
22 0 16
7 9 12
0 2 31
8 12 42
3 5 42
18 22 11
19 22 25
12 12 38
0 2 24
9 13 32
16 20 31
13 17 15
12 18 33
12 14 11
19 23 17
16 20 24
22 0 39
13 16 39
13 18 11
10 13 1
20 22 8
12 15 35
21 1 11
21 1 24
7 9 10
9 13 38
18 21 19
12 16 23
7 10 25
0 4 29
19 22 26
8 10 9
10 13 39
20 23 15
11 14 38
13 16 36
5 9 18
12 14 11
16 19 39
10 14 31
22 1 23
8 12 32
20 22 17
5 8 6
7 10 13
11 15 26
14 18 32
15 17 24
10 13 16
18 21 27
17 21 40
22 1 10
23 3 13
15 18 4
18 22 15
12 15 41
5 9 25
14 15 32
11 13 37
0 1 5
13 17 27
9 12 33
3 7 32
18 19 37
3 5 4
4 8 40
10 14 37
17 20 6
10 13 15
4 7 31
5 8 6
9 11 18
14 16 35
15 15 1
8 12 15
15 17 33
16 18 34
14 18 26
1 3 13
23 3 15
0 2 10
12 15 22
12 16 15
15 17 35
17 20 23
3 5 21
14 19 23
22 1 7
21 1 5
14 18 4
21 0 5
19 22 11
13 17 15
17 21 2
15 17 13
19 23 16
14 17 15
1 5 31
12 15 28
16 20 1
12 15 42
2 6 34
17 19 38
18 20 33
12 17 38
5 8 11
0 3 20
18 21 24
10 12 31
14 17 18
23 0 7
2 5 24
19 0 13
23 2 5
13 16 9
7 10 37
4 7 33
23 2 41
15 18 24
0 3 25
13 16 19
5 7 21
21 0 23
9 12 16
5 6 36
21 23 10
23 5 12
3 5 40
6 9 38
17 19 8
6 10 14
18 20 10
2 3 5
10 13 15
7 8 5
16 19 38
5 8 29
3 5 27
4 8 1
14 19 37
11 15 30
2 6 25
22 1 32
19 21 29
10 14 16
21 0 6
4 8 4
11 14 9
20 22 38
0 2 21
5 6 10
22 1 33
15 17 16
3 6 34
14 17 5
17 19 37
15 18 8
5 8 13
18 21 26
2 6 37
16 19 9
12 14 5
23 1 7
7 10 21
8 10 19
19 21 16
6 10 39
11 14 8
14 16 7
8 12 11
10 14 19
18 21 2
18 22 21
14 16 39
14 16 21
13 15 17
4 8 15
6 10 39
5 7 12
2 6 32
7 10 14
16 21 5
23 2 41
0 2 7
19 0 8
4 8 29
6 9 5
17 19 8
14 16 28
8 12 42
12 15 22
2 4 17
18 20 42
2 3 20
6 11 32
14 18 19
14 19 38
6 8 36
6 9 6
8 11 26
6 8 26
21 2 7
12 15 29
1 4 7
19 23 18
12 16 27
4 9 8
19 23 4
6 9 19
17 19 35
8 11 41
20 22 7
8 9 17
1 4 4
16 21 35
7 10 26
6 10 6
15 18 38
5 8 23
2 5 31
15 16 3
13 17 38
16 19 36
23 3 35
11 12 12
3 8 9
1 4 19
4 6 32
21 1 31
3 7 41
22 2 36
4 7 29
19 22 18
14 17 21
1 5 34
19 21 26
10 12 29
11 15 41
22 1 10
20 21 9
7 8 16
18 20 13
21 0 19
12 16 11
15 19 8
7 11 16
23 3 3
10 12 15
11 14 10
11 14 39
5 9 10
20 22 18
18 21 36
1 5 1
11 14 16
3 6 41
14 17 29
1 4 38
1 3 38
15 17 8
0 3 40
8 9 6
21 21 17
23 3 26
19 21 1
7 11 5
1 3 28
14 19 27
12 14 15
12 13 12
23 3 23
21 0 19
22 1 33
6 10 21
13 13 37
19 22 35
21 0 29
20 0 5
21 1 38
23 4 11
3 7 5
4 7 10
14 16 22
4 7 33
20 23 34
11 15 6
12 16 12
23 2 2
9 14 4
11 14 10
23 1 30
5 7 21
14 18 20
23 0 27
3 4 33
5 8 33
12 13 2
12 14 35
1 4 21
8 11 33
5 9 5
7 10 21
14 17 5
16 21 41
9 12 7
1 3 17
9 13 17
8 10 42
16 19 16
10 15 36
18 20 2
7 9 23
6 7 18
4 8 42
3 6 26
20 22 23
7 10 12
4 6 12
2 4 33
4 7 17
7 8 17
20 23 8
17 19 3
21 1 23
19 22 9
3 8 5
0 4 26
3 6 34
10 14 17
12 16 32
3 5 29
19 22 16
18 22 2
0 4 37
7 11 34
20 0 30
19 23 16
0 2 1
15 18 25
6 8 37
3 8 1
1 4 1
9 10 41
15 19 38
8 12 3
12 15 3
16 19 4
23 0 2
17 20 12
20 23 20
13 15 11
2 4 29
5 7 13
14 17 16
17 21 24
20 23 35
20 22 26
12 15 11
4 7 30
21 1 32
13 16 23
2 5 36
13 14 21
6 10 2
23 3 24
20 22 14
10 14 16
7 10 22
2 6 30
2 5 19
12 13 37
5 8 20
19 23 33
19 21 1
16 19 36
12 15 42
4 7 18
9 13 7
16 20 23
1 3 10
22 0 11
19 22 39
3 6 7
9 12 19
5 8 31
16 18 33
16 19 15
12 16 24
11 14 7
7 10 37
13 16 4
20 23 7
20 23 23
9 10 40
12 13 10
3 6 31
19 20 32
21 0 24
1 5 18
12 18 13
18 21 16
3 6 26
8 11 17
0 3 1
11 14 18
6 11 31
12 14 26
16 19 40
14 18 5
16 18 40
14 17 4
17 23 28
17 20 3
1 5 30
10 14 28
13 14 9
5 8 6
17 20 9
17 21 11
12 15 38
23 1 24
8 12 9
18 20 39
20 22 23
16 17 38
21 0 1
4 7 38
5 8 27
12 16 28
10 14 2
12 13 11
6 11 37
16 17 33
19 23 31
15 17 23
9 11 27
1 3 10
12 14 15
1 5 42
12 17 2
9 12 15
17 20 33
6 9 9
16 20 27
17 20 21
11 13 11
4 8 9
2 5 35
2 4 27
11 13 29
20 23 17
1 2 8
8 11 41
12 12 24
8 11 19
9 11 3
19 21 38
21 22 28
21 23 39
10 13 31
8 9 13
16 19 18
14 17 35
20 23 21
13 16 30
12 15 4
11 16 20
8 10 10
6 8 25
23 1 9
8 10 30
1 3 40
0 3 10
10 12 23
15 17 2
21 0 11
5 8 16
10 14 11
16 19 28
13 16 19
15 18 1
12 16 6
16 18 36
13 16 30
5 8 6
23 3 26
19 21 30
8 12 11
3 6 31
3 7 29
19 22 15
17 19 30
17 21 25
9 12 26
23 1 29
13 16 17
16 20 18
21 0 16
5 6 26
16 20 29
9 11 4
0 4 42
2 4 14
3 7 42
16 20 7
21 2 39
6 8 31
8 11 16
1 4 3
10 14 38
16 18 21
23 23 10
8 10 31
13 16 5
0 4 4
9 12 32
0 5 34
2 5 1
11 14 36
13 16 10
19 22 18
2 6 26
11 15 8
7 10 34
4 8 5
14 18 9
1 4 6
5 9 29
18 21 36
10 15 4
13 17 37
19 23 31
12 15 40
11 15 26
23 2 7
22 0 5
9 11 9
18 21 23
11 15 17
20 22 2
0 2 15
2 5 18
3 5 12
12 16 33
2 3 41
23 2 12
23 1 7
4 8 23
6 9 2
6 8 30
13 15 22
0 3 17
10 14 19
23 2 42
19 21 40
9 12 39
10 14 11
20 23 41
5 9 23
0 2 3
11 13 41
21 22 9
2 5 38
21 1 9
11 14 40
18 21 17
15 18 29
9 10 3
10 12 22
2 4 15
9 13 36
23 3 1
10 13 6
12 16 42
15 19 28
16 18 25
0 3 34
17 20 38
12 16 23
10 12 10
7 9 7
19 21 16
20 23 9
0 1 4
14 16 39
9 11 42
9 12 33
21 2 2
3 7 18
12 14 42
0 2 30
2 6 3
3 4 3
12 15 42
18 22 36
6 8 38
23 1 30
1 4 23
4 6 21
4 8 9
7 9 12
17 22 27
9 13 7
1 4 24
10 14 42
12 15 35
19 21 4
13 17 41
10 14 9
7 8 16
15 18 7
9 12 34
22 1 1
18 22 15
13 16 14
1 2 11
4 6 31
1 4 33
4 6 33
13 16 27
17 19 15
10 13 20
7 10 7
19 0 19
1 4 13
12 16 18
6 10 17
22 2 26
22 1 22
12 16 10
22 1 36
16 18 35
19 21 13
9 12 30
22 2 15
11 15 35
9 12 24
18 22 42
19 23 32
11 15 38
8 11 30
9 12 39
5 9 27
2 5 23
0 2 31
13 15 25
10 13 42
4 6 19
21 0 16
7 9 39
4 7 42
3 6 12
9 12 25
9 11 32
3 7 28
5 5 22
6 8 32
23 3 39
11 13 6
17 22 19
1 4 1
9 12 39
11 13 11
16 18 11
11 15 25
12 16 25
10 14 20
15 18 30
14 18 28
10 13 38
8 12 41
5 7 23
5 9 16
9 11 28
10 14 14
12 16 24
11 14 20
19 22 37
0 4 22
3 7 27
0 4 29
14 16 28
21 1 33
18 21 7
6 8 34
2 6 22
8 11 8
7 9 39
3 6 22
3 5 18
3 6 13
5 10 20
17 21 21
19 22 13
22 0 18
0 4 11
12 15 40
10 12 20
12 16 4
18 21 8
16 18 3
16 19 39
0 4 27
23 2 33
2 6 1
20 23 36
5 8 30
21 0 25
9 10 29
14 17 33
18 20 42
15 17 2
9 11 17
18 22 30
7 12 38
2 6 39
18 22 31
19 0 34
22 2 28
15 18 21
15 19 42
22 1 34
11 14 18
22 1 12
13 15 23
17 20 28
3 6 36
3 5 15
16 20 12
12 14 25
12 14 23
4 9 6
0 1 31
10 14 1
18 20 42
17 20 38
15 17 22
20 1 12
21 1 37
3 7 10
11 14 6
18 20 20
17 19 5
8 9 26
16 20 18
8 12 40
7 10 38
21 0 36
23 2 29
13 16 33
3 6 23
3 6 1
7 10 2
8 10 28
19 22 19
21 23 36
7 9 28
14 17 28
4 4 26
5 8 8
1 5 3
9 13 6
17 21 23
9 12 20
16 20 33
13 16 20
6 10 22
9 14 19
10 12 24
2 4 28
15 18 19
13 17 41
6 8 37
2 5 36
2 7 29
1 2 42
3 6 5
2 6 23
17 21 29
3 5 13
20 1 8
23 1 5
20 23 40
9 11 16
2 5 24
14 17 4
7 11 30
6 10 10
17 19 30
20 22 8
0 5 21
10 15 14
19 22 27
17 19 11
3 6 10
4 7 19
14 18 17
4 8 4
0 3 27
9 11 2
14 17 33
10 12 18
1 3 17
9 13 28
10 12 25
16 18 1
21 23 5
19 22 27
18 20 24
13 13 6
6 9 30
12 14 12
14 18 23
7 10 26
2 4 2
3 6 1
19 22 1
10 12 38
10 13 35
20 21 25
0 4 29
19 23 7
10 15 15
22 1 41
20 0 30
17 21 20
0 4 14
23 1 42
1 4 39
22 1 19
11 12 37
15 19 5
12 15 30
1 5 11
14 15 26
13 16 35
23 2 10
22 22 33
18 21 37
20 23 35
22 0 13
13 16 12
20 22 27
17 20 2
4 9 13
21 23 37
20 23 31
10 12 38
0 4 37
10 12 2
2 4 33
8 11 21
9 13 17
10 14 15
12 16 11
5 8 33
19 21 25
19 22 21
14 18 16
22 2 31
5 8 12
8 11 32
17 20 33
17 19 26
0 5 39
23 3 14
22 1 37
10 15 25
0 3 8
23 1 32
19 21 14
13 18 17
6 8 16
23 2 28
4 6 18
11 14 25
2 3 22
23 2 3
22 1 11
15 18 29
16 16 17
23 2 11
22 1 19
9 11 18
12 16 28
13 15 3
22 1 14
13 17 36
18 23 24
3 5 11
14 18 25
21 23 13
22 3 12
20 0 34
10 13 35
2 4 24
8 11 22
9 14 37
21 1 28
15 19 28
12 15 24
17 17 30
18 22 3
12 15 29
10 11 1
19 21 17
21 23 15
17 19 38
13 16 15
5 8 31
17 19 19
2 6 33
11 14 3
19 0 6
1 3 6
17 19 34
6 9 34
17 21 18
8 10 39
10 13 13
16 20 21
2 5 26
22 1 16
3 6 1
10 13 40
0 2 10
12 13 27
0 4 33
4 7 27
7 9 20
5 7 22
2 7 39
9 10 19
4 7 6
1 5 22
14 16 23
15 17 12
21 0 35
22 1 28
16 18 11
0 4 13
14 16 29
13 16 27
18 21 10
2 6 14
23 2 41
0 4 16
1 5 6
16 19 17
18 22 38
1 4 25
19 22 23
23 3 5
13 16 1
1 3 41
23 2 3
14 16 13
19 22 42
1 4 5
22 2 26
18 22 6
0 4 41
17 21 6
23 3 8
2 6 13
1 3 34
23 1 15
15 19 42
10 13 35
15 17 18
9 11 38
20 21 3
17 19 17
19 19 22
17 19 32
5 9 10
21 0 25
17 20 28
6 8 18
5 10 38
7 9 38
15 17 8
15 17 22
3 4 17
18 22 36
2 4 30
2 4 1
16 19 4
11 14 21
1 4 27
0 4 9
2 5 32
22 1 19
21 0 22
2 5 6
1 5 5
23 3 19
20 23 2
6 8 8
12 15 15
15 18 40
4 8 30
6 8 9
10 13 2
16 19 40
16 19 2
8 11 39
23 1 42
5 9 29
19 20 5
2 4 18
19 0 5
18 23 6
7 10 38
12 14 17
3 5 14
13 15 5
21 23 29
12 17 8
21 1 16
19 21 26
7 11 4
21 23 17
5 9 10
5 10 21
8 12 7
3 6 37
20 23 1
2 5 17
20 21 18
9 12 29
19 23 32
9 12 33
1 4 21
7 10 4
23 2 31
3 6 2
3 5 28
3 7 36
20 0 24
5 9 24
21 23 28
22 3 13
18 22 8
12 14 15
9 12 18
20 0 41
20 23 30
3 7 3
0 3 32
21 23 36
17 21 6
8 12 30
21 22 4
3 7 29
12 13 5
9 12 23
0 5 35
9 12 31
18 20 7
17 19 12
16 20 9
21 0 2
16 20 17
14 17 19
0 2 17
20 23 40
8 10 39
16 19 20
20 0 27
21 23 24
23 3 16
5 8 3
3 5 3
1 5 31
0 2 25
17 20 11
14 16 10
1 3 42
3 6 40
3 5 21
0 3 3
21 0 11
16 20 28
20 22 8
22 3 13
14 18 41
21 0 37
12 16 31
13 16 34
6 9 33
20 22 16
12 15 22
1 4 10
20 23 27
14 18 23
6 10 11
14 18 19
23 1 22
2 6 28
6 10 15
1 4 22
22 0 19
11 14 37
9 12 16
16 21 12
21 1 23
3 8 36
6 10 19
14 17 37
6 8 24
20 21 27
15 18 11
10 11 26
18 20 21
20 22 2
21 23 27
5 8 34
22 2 8
21 0 10
16 21 30
13 15 11
16 19 1
2 4 35
11 14 38
3 5 1
13 16 33
22 0 18
15 19 23
6 8 17
10 13 27
2 6 13
9 12 7
3 4 11
21 1 14
16 19 38
0 3 25
20 21 24
7 11 30
23 3 13
13 17 37
9 12 12
20 23 21
13 16 7
15 18 3
3 4 39
15 18 15
22 1 33
16 18 10
17 19 19
6 8 16
23 3 21
9 11 7
17 22 35
17 20 9
19 21 36
5 8 30
19 21 42
18 20 18
21 23 7
1 3 26
13 17 37
4 8 28
16 17 6
8 10 14
14 18 12
15 17 36
5 9 26
2 6 13
10 15 8
15 18 7
18 21 5
3 6 27
23 2 14
19 22 30
16 18 30
1 4 15
6 10 17
12 15 25
0 4 28
17 18 8
18 22 18
12 15 34
9 11 23
2 5 11
18 21 24
21 23 36
13 15 5
17 19 6
17 21 13
15 20 31
0 3 38
18 20 36
1 4 26
14 15 6
14 16 20
12 15 42
6 9 9
2 5 24
8 11 1
9 10 3
15 17 36
17 20 20
18 22 4
18 0 3
20 0 40
8 10 3
14 16 11
15 17 16
1 5 35
6 8 11
1 5 6
19 23 9
11 14 32
23 2 28
3 5 1
4 8 34
21 22 11
4 7 26
20 1 11
12 15 29
15 17 33
10 13 38
5 9 17
19 22 10
18 0 28
7 8 30
23 2 21
18 23 6
7 9 5
13 15 11
23 1 37
5 8 31
15 17 36
7 11 17
13 16 17
11 13 32
0 3 36
7 10 10
9 12 16
10 11 21
14 16 20
1 3 28
7 11 38
17 22 18
6 9 9
16 20 2
22 0 21
14 18 15
9 12 4
12 16 34
9 13 6
21 2 31
23 2 17
0 3 26
8 11 22
16 19 7
5 9 11
20 22 34
5 8 21
14 19 6
16 17 1
10 13 35
16 20 33
23 1 10
20 23 4
3 6 31
11 15 4
1 5 10
1 4 36
2 7 33
6 10 27
22 1 25
1 4 42
0 3 6
13 16 33
11 13 7
1 4 41
4 7 13
14 18 30
22 2 4
2 4 6
15 16 6
23 3 1
14 15 5
11 16 40
13 17 42
22 3 30
23 2 12
20 23 25
20 0 22
18 22 24
7 12 34
9 11 42
3 6 32
4 6 37
15 16 8
10 14 3
18 22 5
19 23 6
22 1 3
5 10 31
2 4 16
3 5 14
4 6 37
5 6 3
19 23 30
21 23 26
9 13 34
2 6 10
2 6 35
14 17 40
4 8 1
12 16 17
18 21 17
17 21 24
20 23 23
17 19 17
2 5 24
18 20 37
19 21 34
23 1 34
21 23 10
18 22 35
16 19 14
8 12 32
4 9 33
10 14 13
19 22 13
23 3 36
6 9 24
15 19 3
11 12 33
22 2 3
0 4 42
3 6 26
22 1 42
4 6 25
2 5 7
14 17 37
3 6 11
2 4 30
1 2 23
14 16 15
10 15 29
3 4 34
9 12 4
17 21 10
22 1 13
17 22 37
23 3 15
6 9 32
7 11 32
12 15 25
22 23 22
20 23 18
1 3 25
9 11 33
12 15 3
22 3 24
10 13 26
11 12 25
15 17 27
9 12 17
13 17 8
4 7 34
21 0 29
1 5 16
18 21 25
16 18 28
22 1 18
1 4 38
22 2 6
23 0 40
9 11 31
6 8 15
2 6 33
4 7 9
11 15 12
1 5 36
10 12 16
5 8 25
3 6 28
15 19 28
4 4 10
10 12 25
1 7 12
12 14 42
3 6 17
21 1 13
2 3 27
14 19 2
11 13 40
8 10 2
20 0 41
1 4 28
3 7 33
5 8 19
2 4 29
15 18 42
8 11 10
20 22 12
3 5 26
14 16 37
12 13 4
11 14 4
20 23 28
4 7 11
22 1 3
19 21 12
21 23 26
20 23 42
18 20 37
3 8 29
0 5 20
3 5 35
22 1 11
23 1 11
4 7 31
0 5 5
10 14 2
0 1 32
13 18 39
19 22 10
18 22 32
22 0 16
12 16 23
3 5 22
20 23 22
18 21 18
21 23 3
13 17 34
9 12 41
9 13 29
21 0 36
7 9 23
5 9 25
15 18 40
20 0 33
3 6 15
17 20 40
12 15 14
11 14 1
19 23 37
0 3 37
17 20 8
15 17 13
2 7 30
13 16 30
23 2 36
5 7 23
21 23 25
0 3 18
7 11 17
16 20 31
15 18 8
7 9 25
9 13 37
3 6 36
9 12 24
18 20 12
19 20 19
14 17 8
2 5 11
5 8 41
14 17 35
23 3 22
4 9 30
6 9 21
17 18 23
9 12 29
12 15 16
3 7 39
3 7 3
10 13 28
17 20 38
10 13 6
0 4 8
19 22 9
10 11 30
0 3 7
1 4 20
11 13 40
5 9 29
0 3 38
18 21 36
17 19 23
19 21 35
7 11 33
13 16 16
23 3 14
16 18 8
6 10 40
13 15 26
23 4 31
2 6 28
14 15 21
12 16 39
20 23 18
8 11 10
9 12 4
22 1 36
20 0 23
21 22 37
5 9 19
4 8 35
21 0 1
21 23 11
16 20 8
10 13 22
21 1 39
23 1 27
17 20 13
12 14 37
0 3 34
0 3 32
12 14 29
10 12 38
10 13 23
17 20 24
17 21 10
4 6 23
22 2 34
22 2 1
19 22 6
11 15 34
12 15 33
19 22 30
9 12 32
21 22 35
17 21 14
21 0 34
14 17 7
0 3 29
19 22 36
21 1 34
4 7 1
20 23 15
2 6 5
12 16 10
10 12 19
21 1 10
5 8 38
11 16 17
7 9 5
17 20 14
3 6 13
14 17 33
7 10 6
10 14 28
4 8 31
8 12 9
16 19 40
4 7 11
9 11 27
8 10 11
10 14 37
8 10 1
14 16 8
8 10 15
23 2 19
22 0 11
2 3 1
4 7 3
0 4 7
1 2 7
0 3 12
20 23 42
15 17 21
12 15 25
13 16 37
1 4 1
23 2 23
8 11 31
4 7 13
6 8 21
13 16 19
14 19 12
4 7 10
17 21 41
21 0 28
7 9 28
6 8 12
21 23 14
21 0 26
5 9 39
9 12 21
22 1 3
20 21 18
12 15 5
19 20 22
10 13 27
18 20 16
23 3 7
6 9 29
1 5 10
23 3 9
0 2 36
19 0 25
12 14 9
13 15 39
16 18 28
0 3 1
3 6 14
8 13 38
12 15 14
3 5 21
22 1 2
9 13 10
4 8 27
3 8 32
11 16 37
3 5 20
3 5 20
20 23 42
22 0 18
18 21 27
12 15 3
11 14 40
4 7 27
18 19 26
22 0 22
8 12 13
14 18 10
9 14 32
6 8 27
15 21 36
23 1 23
8 12 22
7 10 18
14 17 7
22 0 31
18 18 11
3 6 33
6 8 14
11 13 27
2 8 11
0 3 26
18 19 26
23 0 38
2 5 27
1 5 27
19 22 17
15 18 32
17 21 8
11 14 20
3 6 14
17 21 17
0 4 9
11 14 12
4 6 27
16 18 33
9 10 22
9 13 25
1 5 6
0 2 4
2 7 40
1 6 19
23 2 18
8 10 21
21 2 19
23 1 19
7 9 28
9 11 20
3 6 16
19 22 17
19 0 24
21 1 10
12 15 33
18 21 5
23 3 4
22 23 30
12 18 5
9 12 5
11 12 8
13 15 35
12 15 22
4 7 21
18 20 39
8 10 41
4 7 3
22 3 39
14 19 37
16 18 3
13 16 37
21 1 2
6 9 14
1 5 41
2 6 26
20 0 28
7 10 1
21 0 18
21 2 10
5 8 39
3 6 13
17 21 25
6 8 29
2 5 30
14 19 27
14 15 2
13 17 24
19 0 36
14 18 35
6 10 18
0 4 14
10 15 39
10 13 27
4 6 32
15 17 25
13 17 40
6 10 42
4 6 10
7 10 40
21 1 2
12 16 9
7 10 23
23 1 12
11 14 19
12 18 33
3 6 42
14 18 10
10 13 6
2 5 41
3 6 35
19 22 14
7 11 30
10 13 33
19 0 23
6 9 14
21 23 31
22 0 15
4 8 35
2 6 29
0 4 6
1 3 38
8 10 2
17 19 3
19 22 26
8 11 26
23 3 19
10 13 11
12 15 12
8 13 15
15 19 31
19 21 2
23 2 17
12 15 34
22 2 35
2 5 13
17 21 28
7 9 3
11 16 17
3 6 9
8 12 7
1 3 7
7 10 5
0 5 39
20 0 37
1 3 5
20 22 37
13 16 16
2 6 9
18 22 8
3 6 16
0 2 24
17 21 20
22 1 22
11 14 38
17 21 11
19 22 40
0 1 26
11 13 9
23 3 33
4 7 39
9 12 36
3 8 9
12 15 11
1 7 32
8 11 5
9 12 19
7 10 30
11 15 7
2 5 32
9 10 30
3 7 23
5 10 31
14 17 34
20 0 9
3 6 27
7 10 35
16 20 42
7 9 12
16 18 3
20 23 21
14 17 5
15 16 14
19 22 33
20 0 38
5 7 1
6 9 25
6 10 19
7 10 7
7 12 36
21 0 36
0 2 19
13 17 4
6 8 20
13 16 1
6 9 22
2 5 10
15 18 6
20 0 29
14 17 31
1 3 5
4 8 10
4 9 4
17 21 41
7 10 2
4 7 15
16 18 22
12 13 9
12 14 6
12 16 23
22 2 36
22 1 32
11 15 37
18 22 1
22 2 12
5 8 22
3 5 27
14 18 32
2 5 38
21 0 7
14 16 3
12 14 15
15 17 42
17 19 28
1 4 40
21 1 20
17 21 24
0 2 21
6 10 1
3 6 30
0 2 26
12 16 24
13 16 28
18 21 10
1 2 41
10 13 33
0 5 1
1 4 24
15 18 42
11 16 11
21 0 3
19 23 21
1 3 21
14 16 25
20 1 25
12 16 24
6 9 39
13 15 2
14 16 18
7 9 20
17 20 30
17 19 21
23 1 16
11 13 6
23 2 17
4 8 12
0 5 5
2 6 2
9 12 7
15 19 32
16 19 12
4 6 2
22 0 27
17 19 35
3 6 20
7 11 17
0 3 28
9 14 12
18 21 6
10 13 2
7 10 28
23 2 2
23 1 19
22 1 30
6 9 33
9 11 35
9 12 33
15 18 25
8 9 11
1 6 23
16 18 5
7 10 33
11 13 18
5 9 38
2 7 3
1 5 7
8 13 25
15 18 40
11 14 18
9 13 23
12 15 40
17 20 40
17 19 2
4 9 30
4 7 38
21 23 8
10 14 8
14 17 10
21 1 42
14 17 24
3 4 10
20 23 30
23 2 36
18 22 31
3 6 33
3 6 14
23 3 31
1 3 19
8 11 38
6 8 39
14 18 14
4 8 25
10 13 37
19 22 22
4 8 41
14 18 26
4 7 39
18 19 24
23 3 14
7 10 9
23 3 24
18 22 10
3 6 24
6 9 28
5 7 13
16 18 8
13 15 1
13 17 31
10 14 24
0 3 31
7 10 13
5 9 4
4 7 19
9 12 33
22 1 23
12 16 23
2 7 39
2 4 41
5 9 14
3 4 40
16 16 32
19 22 36
19 20 6
15 17 3
23 4 31
6 10 14
7 10 7
2 6 2
4 7 17
10 15 19
21 1 11
17 20 27
6 8 37
8 11 33
18 21 9
6 9 9
8 11 24
1 3 15
18 21 19
20 0 26
10 14 29
23 2 8
23 2 20
0 3 31
10 13 29
6 8 28
0 2 38
19 23 12
12 14 31
15 18 33
9 13 1
5 8 37
10 14 27
20 23 40
14 15 20
1 4 19
21 23 3
8 11 29
7 10 6
5 8 28
13 16 13
12 17 41
10 12 2
11 13 40
2 4 9
8 10 32
10 14 21
16 18 12
23 0 25
14 16 13
19 22 18
9 12 24
3 7 23
0 2 15
18 23 11
1 5 24
18 19 9
18 21 42
22 0 21
13 15 32
17 21 29
10 12 1
0 4 31
14 17 21
12 17 30
0 5 7
4 6 27
10 14 30
13 17 42
2 5 27
13 16 16
20 23 41
12 16 28
16 20 33
23 2 31
23 1 17
13 16 4
6 9 35
21 22 21
2 5 34
10 14 34
3 6 1
2 5 26
19 22 40
18 22 39
16 20 41
10 13 24
15 19 26
7 10 13
7 11 34
8 13 2
21 0 3
1 5 40
20 23 9
14 17 12
16 20 31
8 12 32
23 1 12
23 4 28
9 11 8
10 12 20
15 19 36
1 4 6
23 3 23
15 19 2
7 10 32
2 3 20
12 14 32
7 10 14
15 17 11
6 8 37
10 14 18
1 4 25
12 15 23
11 15 33
22 1 12
2 5 15
7 10 23
6 9 5
6 8 9
0 2 36
0 4 16
2 5 27
16 18 6
1 5 19
5 8 40
22 1 8
1 4 9
22 2 42
6 8 36
18 21 28
14 17 4
17 19 15
9 12 22
10 14 25
10 14 27
13 16 42
11 15 3
1 5 9
14 15 36
18 21 5
3 7 19
6 8 35
0 3 41
7 10 11
7 11 27
2 5 23
16 17 16
7 10 27
2 5 9
14 18 38
12 16 32
7 11 18
22 0 3
15 19 18
14 16 10
20 23 40
13 15 32
2 4 28
4 6 15
21 0 41
3 6 2
5 9 33
6 11 23
21 22 6
5 8 14
15 18 33
1 4 40
7 9 12
1 5 14
2 5 41
6 8 7
20 23 35
11 13 41
6 11 26
11 14 34
21 23 26
18 20 31
3 5 35
1 2 11
23 0 5
9 13 2
22 0 1
0 4 8
15 17 28
0 5 22
4 7 23
19 23 18
6 8 2
11 13 29
7 12 16
23 2 21
5 8 4
10 12 9
12 17 22
2 5 4
11 15 21
7 10 41
12 14 42
9 10 3
8 10 37
4 7 9
9 13 25
9 12 37
3 3 21
1 4 9
22 3 19
19 22 32
15 16 11
11 15 15
18 21 26
22 23 18
1 4 12
22 2 27
10 12 39
11 15 22
2 4 35
20 23 3
6 8 4
8 12 35
5 9 34
13 15 13
22 23 38
17 18 42
18 20 1
3 8 40
15 19 33
13 17 38
7 10 19
1 4 9
6 7 32
7 12 10
12 16 10
12 14 39
10 12 23
20 22 29
10 14 41
19 20 3
10 14 33
12 15 33
3 7 14
7 10 22
16 19 28
20 22 21
23 3 36
8 10 8
20 22 14
9 12 42
19 0 24
2 7 25
21 23 19
21 22 39
11 14 10
1 4 38
8 12 37
18 20 40
12 15 14
1 6 32
14 17 14
10 12 32
2 5 18
9 11 12
19 22 21
14 17 24
0 3 9
21 23 32
23 0 13
22 2 14
12 15 38
15 17 28
12 15 28
21 2 2
23 3 36
21 1 19
14 16 24
8 10 18
15 20 1
20 0 33
16 20 31
22 1 25
23 1 4
14 19 8
10 13 25
18 21 4
10 14 30
12 16 3
16 19 4
22 0 36
21 23 21
22 1 20
7 12 32
4 8 26
0 4 38
13 17 26
5 7 35
10 12 19
14 18 35
22 0 25
5 9 21
20 1 36
11 13 42
11 15 34
21 23 5
23 2 8
8 11 26
12 13 16
15 18 2
2 5 29
14 16 35
22 3 6
8 10 3
21 0 11
14 17 14
9 12 25
1 4 5
22 3 1
1 3 22
8 12 31
7 10 37
7 10 34
21 23 9
5 9 28
22 1 36
3 6 29
17 21 30
5 9 4
6 9 39
9 13 41
15 18 2
6 8 6
16 19 5
22 1 37
13 15 16
20 22 19
15 19 2
17 22 19
0 3 14
1 3 7
5 9 29
20 1 4
23 2 42
21 0 25
23 1 16
19 22 5
14 16 26
22 2 13
6 12 12
20 21 27
9 11 17
15 19 18
12 12 26
7 11 16
4 7 31
4 7 38
20 0 30
4 8 32
21 23 4
7 11 13
9 12 28
0 5 1
13 17 23
4 8 6
19 22 15
13 16 8
8 11 26
17 20 16
17 19 34
8 9 8
13 17 30
12 14 27
18 22 36
13 16 4
6 7 10
21 0 23
20 0 2
20 21 12
5 8 21
10 14 25
23 1 8
1 4 11
5 8 14
18 23 2
15 17 39
14 18 19
5 7 6
18 22 25
18 21 30
19 23 24
10 12 13
10 13 38
3 7 8
17 21 19
0 4 32
9 13 18
7 10 8
7 9 33
0 3 7
6 8 8
3 6 34
17 19 10
15 18 6
5 7 32
22 23 37
5 6 36
7 10 10
19 22 20
1 5 22
4 7 30
7 10 16
2 3 6
6 9 19
11 14 9
3 6 36
19 0 33
3 5 15
19 23 10
17 20 42
17 21 36
2 5 13
6 11 17
21 23 27
20 2 34
0 2 15
23 1 12
9 12 6
8 10 28
5 10 33
18 23 7
7 11 29
6 9 13
14 16 41
3 6 3
22 0 31
14 17 19
16 20 8
2 6 9
12 15 7
4 8 5
11 14 1
11 15 6
14 18 19
8 12 2
16 21 29
0 4 19
23 2 37
8 10 1
1 5 20
8 12 25
1 5 25
13 17 37
5 8 8
16 19 5
1 3 33
22 2 34
7 10 1
21 2 38
4 7 13
1 4 40
18 20 37
18 21 8
6 8 9
3 6 20
9 14 30
13 15 1
14 17 8
15 17 26
17 20 18
2 6 26
21 1 15
17 20 8
18 22 37
1 7 22
6 7 13
5 9 19
16 20 42
22 1 19
0 3 32
8 13 7
2 5 37
16 17 36
19 22 2
6 11 32
23 3 18
4 8 18
9 13 3
9 11 3
4 6 37
11 12 10
21 23 10
7 10 30
7 9 39
12 15 15
13 17 12
9 10 19
20 23 14
14 16 31
2 4 6
18 20 14
3 7 16
9 11 39
23 2 30
8 10 38
18 22 24
16 19 29
14 16 37
21 23 27
23 1 10
20 1 13
3 7 17
7 9 23
7 11 22
18 21 3
18 20 2
4 7 18
4 8 24
23 2 39
16 19 35
14 17 6
0 3 23
17 21 14
1 6 33
12 15 4
3 7 7
19 21 28
0 1 38
2 5 42
18 21 23
13 15 41
20 22 6
9 12 11
18 20 20
8 10 42
1 4 6
22 0 30
16 19 32
10 12 8
17 22 41
22 2 7
15 17 31
18 22 7
13 16 5
3 6 38
8 11 24
6 10 9
10 13 26
21 23 14
16 18 23
22 23 12
22 0 3
3 6 32
10 13 40
12 15 13
12 15 27
15 18 40
9 11 3
11 13 31
7 12 2
3 5 19
12 15 13
15 18 22
4 6 10
9 11 1
5 8 13
5 8 26
9 13 27
12 15 22
18 21 15
13 16 27
22 2 2
19 21 27
14 16 15
12 16 5
13 16 18
0 5 40
21 0 35
20 1 25
10 14 20
19 22 1
13 16 1
19 22 17
16 20 13
6 8 40
12 16 30
0 2 23
10 13 4
21 1 27
14 16 15
3 5 32
17 22 21
5 8 19
16 20 37
16 18 39
21 23 30
19 21 20
6 7 35
2 5 27
13 16 23
11 14 41
6 8 20
20 22 15
16 19 34
8 10 27
21 0 33
12 15 32
5 10 23
7 10 19
19 20 16
7 9 11
4 7 32
18 23 28
17 19 32
18 21 41
6 7 2
12 16 6
18 21 25
14 17 19
7 10 10
0 3 28
14 16 7
12 15 23
7 10 40
10 14 15
20 0 34
2 5 35
8 12 1
8 10 26
22 1 27
16 19 18
17 19 27
13 16 1
4 7 41
4 8 28
3 6 32
16 18 34
2 7 13
23 2 34
5 7 11
8 11 34
0 2 25
8 10 24
1 4 17
10 13 35
14 17 22
22 0 8
7 9 32
4 7 30
14 17 26
4 7 42
14 17 38
23 1 6
3 6 6
20 0 38
23 3 26
0 2 1
15 19 27
14 15 40
11 14 2
20 23 12
3 7 35
21 23 32
2 5 18
17 20 4
13 17 21
14 19 16
2 7 32
19 23 42
18 19 9
11 14 1
10 14 20
0 4 18
19 21 19
12 14 13
1 4 35
21 22 20
5 9 27
15 18 40
3 6 20
17 20 11
12 15 13
8 13 30
20 23 37
8 12 25
12 15 42
10 13 38
4 7 2
21 1 37
14 18 31
22 1 23
1 4 17
11 14 34
16 18 13
20 21 19
20 23 9
19 20 30
12 16 29
11 13 11
9 13 40
9 11 18
7 9 14
5 7 42
4 6 23
18 21 2
12 16 9
6 8 8
23 2 17
19 21 15
4 9 33
15 18 12
9 11 5
4 8 26
10 13 42
21 0 21
4 8 37
18 22 10
5 8 17
16 21 41
11 13 8
19 21 34
11 16 13
17 21 15
22 0 41
19 23 37
6 9 6
14 17 27
8 10 2
1 4 42
15 18 15
3 7 31
16 18 24
21 1 35
16 17 3
8 11 35
3 5 31
20 0 13
15 17 12
14 18 11
5 9 9
0 3 21
17 21 26
4 7 42
6 8 31
2 6 21
5 7 40
13 16 16
16 19 7
15 17 37
1 3 6
11 16 23
7 10 6
1 3 41
3 7 25
0 4 36
20 0 5
17 20 29
7 9 26
17 20 18
4 5 4
11 11 24
3 7 42
14 16 2
18 23 34
10 13 1
12 15 35
0 3 16
20 0 28
14 17 29
2 6 1
10 13 30
8 11 22
14 17 6
15 17 33
22 1 11
3 6 6
9 12 8
8 10 36
4 8 7
18 21 22
22 0 36
23 1 8
17 21 6
16 19 11
22 0 4
9 13 4
9 13 16
5 9 19
21 1 5
13 17 38
14 19 31
17 21 7
9 14 28
14 17 20
12 16 37
18 20 9
18 20 28
6 9 11
5 7 19
11 13 35
11 14 28
10 14 35
11 15 2
6 8 22
14 16 18
17 20 28
15 19 19
6 10 13
5 7 21
23 3 19
8 13 37
4 6 5
18 19 29
18 20 36
19 22 32
14 17 20
11 14 1
17 21 15
14 19 28
19 23 39
13 15 40
7 11 25
12 17 5
18 20 16
19 22 31
12 14 30
4 6 26
7 10 4
8 9 19
10 13 2
10 11 38
3 7 12
11 12 9
14 17 3
20 23 30
12 13 17
1 5 25
9 11 4
8 10 32
22 2 42
13 16 14
4 6 23
18 21 26
4 7 15
17 23 9
14 18 9
21 1 38
15 18 34
1 5 42
2 5 15
22 0 2
3 7 21
10 12 3
5 9 9
17 18 7
6 8 10
13 17 13
14 16 12
18 20 4
11 14 1
17 20 1
23 2 38
1 4 8
14 18 22
19 21 38
11 14 29
19 21 33
17 20 41
6 8 19
22 0 15
4 7 34
0 3 34
17 22 25
11 13 41
20 23 23
16 18 2
16 22 38
14 17 8
5 9 42
3 6 10
10 12 9
21 0 28
21 1 20
22 1 38
14 18 25
10 14 35
0 3 33
4 7 11
3 6 9
13 15 12
14 17 25
14 17 31
8 12 32
6 10 17
17 20 7
12 15 33
13 15 18
2 6 22
14 17 41
13 16 14
14 16 15
8 13 25
14 16 8
23 3 8
6 9 34
18 20 14
6 8 9
19 21 6
6 7 38
12 13 33
10 14 12
13 16 37
23 1 35
15 19 30
16 18 41
1 4 39
23 1 32
22 1 28
11 15 7
14 17 30
10 13 24
14 17 28
16 19 10
22 2 34
21 23 21
21 23 35
1 3 12
7 10 21
4 8 38
19 21 24
2 4 25
2 7 23
16 19 41
2 4 8
14 18 2
23 2 25
19 23 42
20 22 20
8 12 8
21 0 1
12 15 5
23 3 20
4 6 27
15 16 22
1 3 17
15 18 14
16 19 26
21 0 12
11 13 4
9 13 40
18 21 3
18 20 3
14 18 32
12 17 31
15 20 12
20 0 21
18 21 18
2 7 31
4 8 14
3 5 36
10 12 38
9 13 2
2 4 1
2 5 32
11 15 4
20 21 30
22 2 40
17 22 20
3 6 14
20 22 24
21 23 9
22 2 33
5 8 34
16 20 11
4 7 35
8 12 7
6 7 30
16 18 11
17 19 29
12 16 12
3 7 9
21 23 11
21 23 34
9 14 20
22 2 22
19 20 19
3 7 1
17 20 37
22 1 19
20 0 22
14 17 41
14 17 7
5 9 15
21 0 25
6 9 6
23 3 36
3 7 21
2 5 14
3 7 28
3 6 35
17 19 37
11 13 2
21 1 23
11 15 40
8 10 35
7 10 24
11 15 41
11 15 30
6 9 13
7 10 37
8 10 3
7 11 24
22 0 19
11 15 1
18 21 19
8 9 22
8 12 8
18 20 18
22 0 20
6 11 20
9 11 16
11 14 1
10 13 39
6 10 32
9 10 13
11 13 27
9 14 38
15 19 15
9 14 4
14 17 10
1 2 36
8 10 24
15 17 41
4 6 39
17 21 35
14 17 11
8 12 12
14 15 41
9 13 37
22 0 35
12 14 41
4 6 19
14 17 39
9 14 5
23 2 39
18 22 39
13 15 6
5 10 36
16 19 36
1 3 25
20 20 14
2 6 19
20 0 37
22 23 41
16 18 31
5 9 19
3 7 11
17 19 17
18 20 31
11 14 5
3 7 41
18 19 29
21 0 30
3 7 6
3 6 32
6 9 18
16 18 3
22 1 38
14 16 34
1 3 16
12 16 38
12 15 24
3 6 4
14 18 40
18 22 32
12 14 42
0 1 19
9 12 26
0 5 13
10 15 39
0 1 27
12 14 10
14 17 35
20 0 15
12 15 17
21 0 9
18 22 5
23 2 13
20 23 24
10 13 2
7 13 27
19 20 27
14 16 10
0 3 18
22 2 21
4 6 22
11 16 16
0 2 30
21 0 3
14 17 12
10 13 38
13 17 23
10 12 35
7 10 5
10 13 31
1 4 3
20 0 12
15 18 9
17 19 33
16 18 18
10 11 11
17 20 15
21 23 17
11 14 8
18 22 35
12 15 14
12 13 34
7 10 1
7 10 8
11 15 42
20 22 39
13 16 5
10 12 24
4 7 13
2 6 28
12 17 25
9 13 12
18 22 36
3 5 5
6 10 20
19 21 32
4 9 29
22 1 24
16 21 34
22 0 24
5 10 32
13 16 8
21 1 26
4 9 3
14 18 3
15 18 26
19 21 29
22 3 27
8 10 3
8 10 9
16 20 17
8 12 11
5 7 9
16 19 25
6 7 29
8 13 34
13 17 31
8 11 23
5 9 38
2 5 37
22 0 22
13 15 11
20 22 16
17 21 21
19 22 12
13 16 37
4 6 15
14 16 19
3 4 30
17 20 5
10 14 7
13 18 20
1 4 16
12 15 25
8 10 36
17 20 1
16 20 19
15 19 18
19 21 41
7 10 30
13 15 10
13 17 6
10 11 26
6 7 38
16 19 8
17 20 32
21 0 18
17 21 3
19 22 32
2 4 32
0 4 8
19 23 27
11 14 28
9 12 5
12 15 37
3 6 37
15 19 36
23 4 19
8 11 12
15 17 4
17 21 41
7 9 36
23 2 41
10 12 12
9 12 9
15 19 35
11 14 1
20 23 8
1 4 22
21 2 21
18 21 12
10 12 3
2 5 7
12 16 26
18 20 8
14 17 38
6 8 2
10 13 29
5 9 20
1 3 18
16 19 4
22 3 19
15 17 2
8 9 24
7 10 6
14 16 7
13 16 16
6 10 37
3 7 15
15 17 37
10 13 26
22 0 10
0 3 14
18 22 12
18 21 40
12 14 29
21 23 26
4 6 3
12 14 11
21 0 27
14 17 24
23 3 2
16 20 7
12 17 36
16 19 22
10 13 18
18 0 12
13 17 12
17 19 8
9 12 20
0 4 20
20 23 20
5 7 24
18 21 17
4 8 23
12 15 9
5 9 7
3 7 27
11 15 3
1 5 7
0 3 23
10 14 17
8 11 6
9 11 41
5 6 10
11 14 25
18 21 8
7 11 10
0 3 14
2 7 25
1 4 2
7 11 39
8 11 19
21 1 19
8 10 33
3 7 40
8 11 24
19 21 8
19 21 33
13 16 12
17 20 6
17 21 28
1 6 3
22 3 12
5 9 27
13 17 13
0 3 10
0 4 22
9 14 16
0 5 27
12 13 11
7 10 17
12 16 31
21 0 22
17 19 42
5 7 22
9 12 21
14 17 14
8 14 42
15 19 9
23 2 22
6 8 11
17 19 11
19 23 36
4 7 25
21 0 6
21 0 13
16 18 18
16 18 37
21 23 38
1 4 16
13 15 15
13 15 25
19 21 27
14 17 10
19 23 22
11 12 33
18 21 7
10 14 37
7 11 23
13 17 32
19 22 30
21 0 34
14 15 39
4 6 12
10 12 41
12 15 19
17 19 8
13 14 18
14 17 8
19 21 25
20 23 22
14 18 14
17 20 23
8 11 14
3 6 22
15 18 35
1 4 14
9 13 40
16 18 11
21 1 39
10 15 2
23 1 27
21 0 1
8 10 13
13 16 30
10 12 12
10 14 5
21 1 27
14 17 33
2 7 40
9 11 1
7 9 16
2 7 32
20 0 36
12 16 3
16 21 25
12 15 22
17 22 31
10 13 17
3 8 40
16 19 15
0 3 7
21 0 35
7 10 19
15 18 29
16 19 3
17 20 19
8 12 36
14 18 3
8 11 39
3 6 34
15 17 36
13 14 1
4 8 36
13 17 5
1 4 11
16 21 32
1 4 37
11 15 35
9 12 26
18 21 8
2 6 15
22 0 28
8 9 32
12 14 33
3 7 21
6 8 30
0 1 42
9 13 21
15 19 17
19 23 36
17 21 16
7 10 30
0 3 23
3 6 3
11 14 22
1 4 1
7 11 36
11 15 29
5 8 2
0 3 17
22 0 40
14 17 19
21 0 8
7 9 18
8 11 1
21 0 12
6 9 30
11 15 6
18 20 10
8 9 27
16 19 40
21 1 42
17 19 14
10 14 11
11 15 20
3 5 38
5 7 30
22 1 26
4 6 29
2 6 11
17 20 12
13 16 34
7 12 12
19 22 1
3 6 30
11 13 10
1 4 34
13 16 28
14 18 2
19 22 32
11 15 36
14 17 21
13 18 15
14 17 4
3 6 23
11 14 22
13 15 19
13 15 22
14 15 18
14 16 3
3 7 28
0 3 3
14 18 2
0 3 6
0 0 31
20 20 21
1 4 14
8 11 9
20 1 2
18 21 7
15 18 21
3 5 8
6 10 10
22 3 33
10 15 35
1 5 37
22 1 9
21 0 10
7 9 16
11 14 17
14 17 27
16 21 8
18 22 41
23 3 18
17 20 30
19 23 18
14 17 30
0 3 19
15 19 27
18 20 2
18 22 14
8 10 28
17 20 28
8 10 21
10 16 41
10 12 1
23 1 8
15 18 28
9 12 35
13 16 6
10 12 26
18 21 21
12 14 30
11 15 4
0 4 2
7 11 15
0 3 31
11 15 24
8 11 3
21 0 1
6 9 24
2 5 27
18 21 25
10 11 5
19 23 7
23 1 23
4 6 20
7 10 2
1 2 21
12 16 33
16 18 36
5 8 10
12 15 13
17 20 27
20 23 40
12 16 5
13 15 34
12 13 40
14 15 10
6 10 36
16 20 30
1 5 10
16 17 38
0 3 10
5 9 5
9 12 37
15 18 22
22 23 19
10 14 20
0 4 5
15 17 14
14 17 35
17 20 24
13 15 29
18 20 30
14 17 11
6 8 33
14 17 14
9 12 36
2 4 36
7 11 27
18 20 21
8 12 24
10 12 4
1 4 13
2 4 11
2 4 17
14 15 33
23 3 32
9 12 6
5 8 23
14 15 37
15 19 27
2 4 15
16 18 38
12 15 37
18 20 2
14 18 35
3 6 25
9 11 15
6 9 27
9 13 23
17 21 26
2 4 28
19 21 15
22 2 3
6 8 11
12 17 21
14 16 35
18 21 17
22 1 30
6 10 29
19 21 42
12 15 15
3 4 9
22 2 9
3 4 2
13 16 23
18 20 39
23 3 27
8 11 12
18 22 36
14 15 36
4 7 9
6 11 19
8 10 11
2 6 34
4 6 33
15 19 31
22 22 20
20 23 10
23 2 36
5 6 17
21 22 38
12 15 33
23 1 23
4 7 22
11 14 5
15 19 17
22 23 16
19 23 18
3 5 19
1 4 34
22 1 22
14 19 40
8 12 17
19 21 13
18 21 24
18 22 11
8 10 12
4 7 20
17 21 30
13 16 36
13 16 20
17 21 35
9 12 16
14 16 42
20 23 24
3 6 28
15 18 37
22 3 30
20 0 28
20 0 17
22 23 26
20 22 27
9 12 42
5 9 14
22 1 29
23 1 33
21 0 38
18 0 27
18 22 25
19 22 5
22 1 40
17 20 24
4 5 14
8 13 5
11 13 25
22 23 31
21 0 12
