1000 40
15 37 7 37 28 37 3 15 20 19 28 22 30 4 16 22 38 30 14 9 10 28 11 4 31 7 4 33 5 7 31 31 32 24 34 32 36 3 30 1 
8 10 6
23 3 34
16 20 7
4 8 18
23 3 38
13 16 19
22 1 21
23 23 25
12 14 27
16 19 37
22 0 23
2 5 36
4 8 17
23 2 13
4 6 6
1 2 11
2 4 39
7 11 40
18 21 19
18 19 17
13 17 38
8 10 15
1 4 4
5 9 10
11 14 27
6 10 8
1 3 11
17 18 14
3 5 8
17 22 6
3 4 17
0 3 11
7 10 16
9 10 38
10 13 1
17 19 15
20 22 14
1 3 10
12 15 40
9 14 7
3 7 23
3 6 24
3 4 11
19 22 27
22 0 27
5 8 10
1 6 33
17 20 13
9 12 26
14 17 8
18 21 15
5 8 9
0 3 19
20 0 40
13 13 9
0 3 17
3 7 13
19 23 26
16 19 2
6 9 3
16 19 21
9 12 36
17 20 14
13 15 2
0 2 16
7 11 20
11 13 5
4 9 39
22 1 19
18 21 5
10 14 13
4 7 4
17 19 39
20 23 2
15 17 13
20 23 7
11 13 23
11 14 12
21 0 30
11 14 4
13 14 8
12 15 29
1 4 12
23 0 34
5 8 29
22 2 30
18 21 33
18 21 22
3 6 34
7 12 23
22 1 23
4 7 23
2 5 11
16 19 11
15 18 7
2 5 38
13 16 8
20 0 13
1 5 39
3 6 23
1 5 40
4 7 36
10 13 5
17 19 18
2 5 34
18 23 29
10 12 21
14 17 33
1 5 18
14 17 35
18 21 20
20 0 38
8 10 4
11 16 1
15 18 30
12 15 31
14 16 11
7 10 4
18 21 19
2 6 12
5 8 11
10 12 16
22 23 2
16 18 31
20 23 21
18 20 28
15 18 33
6 11 8
19 21 26
5 8 35
7 7 40
13 17 20
23 2 11
19 21 5
15 18 22
20 21 26
19 21 28
16 19 14
2 4 6
14 18 33
5 8 17
5 8 21
19 23 33
0 3 30
19 21 15
23 2 8
15 17 30
19 23 15
8 11 38
14 17 29
3 2 19
15 19 27
7 10 16
22 23 22
12 16 25
2 6 21
10 13 27
18 21 20
3 5 18
7 10 9
21 23 5
5 7 29
0 1 4
12 14 2
13 15 18
20 22 40
18 21 9
6 9 33
18 19 39
1 4 16
14 16 15
0 4 6
23 2 22
23 1 31
7 11 14
9 13 37
8 11 39
1 4 16
14 18 18
0 3 5
4 7 28
16 19 10
2 6 6
7 9 34
1 4 15
5 8 3
0 3 13
4 8 23
12 14 22
6 9 7
11 15 40
9 12 27
10 12 6
6 9 21
22 0 35
6 10 7
5 9 18
1 5 8
2 5 25
8 11 15
12 15 21
4 7 23
14 16 10
15 18 24
0 3 7
15 18 23
18 21 12
18 21 8
2 5 21
13 15 15
10 14 25
11 14 12
7 11 27
15 18 28
3 6 8
15 18 37
18 22 36
15 18 32
14 18 26
13 15 25
15 18 18
20 23 37
16 20 26
12 15 6
14 17 39
7 10 1
0 4 20
17 20 10
0 3 22
10 11 14
21 0 20
5 8 26
3 5 4
0 3 11
3 7 30
14 18 31
7 11 16
11 15 36
23 3 19
14 15 25
7 10 37
17 19 37
7 11 22
11 14 4
5 8 39
12 14 7
6 9 8
13 19 13
21 1 35
13 15 38
8 11 1
6 9 30
11 13 29
22 0 11
1 4 36
23 4 37
5 8 14
19 22 12
23 3 28
16 20 26
2 6 14
17 19 35
7 10 25
10 13 13
20 23 13
10 14 14
13 18 6
19 22 25
0 4 27
5 8 13
23 1 35
14 18 28
2 4 37
21 22 24
23 3 38
17 20 2
5 7 2
23 3 7
11 13 28
3 5 7
21 2 32
15 17 5
5 8 28
12 15 16
19 23 38
10 14 31
12 14 29
16 21 24
9 11 8
9 14 34
9 11 27
4 6 11
16 20 11
8 12 1
11 14 23
20 23 33
11 15 16
15 18 27
13 15 1
4 6 4
13 16 38
8 11 22
10 13 25
16 18 14
7 9 32
3 5 23
17 20 5
9 10 40
18 22 38
8 13 38
4 6 35
18 20 14
19 22 33
20 22 26
14 15 22
5 8 10
21 0 4
3 7 19
2 4 7
20 22 36
22 1 31
11 13 7
6 10 27
9 11 32
11 13 8
8 12 11
18 22 5
2 5 8
16 20 37
16 20 18
8 10 37
16 19 39
1 5 29
19 21 25
21 0 32
6 11 23
19 21 13
9 12 2
5 8 37
1 3 13
19 23 19
12 15 17
18 20 7
0 3 40
2 6 13
6 10 26
10 14 1
15 19 6
4 9 30
22 0 39
17 21 23
18 23 6
17 21 38
23 1 4
3 7 8
3 5 1
13 16 27
1 5 3
18 23 15
18 20 16
23 2 36
21 1 31
17 21 4
8 11 11
12 14 20
20 23 6
18 22 6
16 18 17
20 23 21
8 12 17
14 16 37
9 14 25
1 4 24
2 4 30
17 20 27
6 9 38
13 14 17
3 6 11
9 12 5
22 2 21
5 7 1
15 18 26
9 13 1
5 9 30
3 5 6
0 1 6
21 23 11
23 1 10
20 0 5
8 12 24
11 14 31
18 20 7
19 22 28
13 16 5
9 12 35
21 22 25
12 15 19
8 9 1
10 13 20
8 11 32
12 15 40
6 10 11
14 19 4
8 12 6
14 16 20
15 19 18
9 12 35
15 18 7
14 18 3
21 1 22
19 22 12
11 13 5
22 1 34
4 7 31
11 16 8
6 8 29
13 16 1
22 1 29
12 16 2
1 5 26
20 0 17
18 21 20
19 22 13
15 19 30
21 1 20
14 18 37
7 11 36
2 4 38
0 2 4
22 2 38
15 17 33
11 15 36
17 20 10
8 10 5
15 18 10
17 21 14
18 21 39
0 2 33
20 22 34
7 9 2
21 0 2
0 2 34
4 7 30
16 21 19
14 18 3
6 9 14
9 11 25
11 16 13
0 4 36
10 13 2
0 2 37
22 1 16
17 20 22
18 21 29
23 1 18
16 18 39
9 12 6
11 15 35
7 11 17
20 22 7
1 5 31
20 21 19
1 4 36
5 6 1
15 18 23
2 5 30
9 12 18
8 9 28
16 20 1
20 22 27
14 16 24
3 6 15
11 14 34
20 1 25
15 18 24
23 23 5
18 21 32
19 21 18
10 13 32
1 5 37
7 8 37
0 3 37
18 22 18
9 10 35
23 1 12
18 20 4
12 15 37
21 23 18
1 4 36
6 9 19
9 11 36
20 1 28
11 14 21
23 2 38
1 5 35
21 1 26
22 1 37
12 16 35
2 4 35
2 6 1
4 8 18
22 2 20
10 11 12
1 3 5
20 23 25
8 13 8
14 17 15
15 18 40
18 21 7
15 17 19
16 18 24
10 11 20
1 4 1
22 1 5
20 0 8
9 13 13
15 17 18
18 21 21
12 15 15
5 7 22
20 23 20
0 3 35
0 4 29
22 23 37
11 14 37
4 7 3
8 10 39
13 15 12
17 21 15
3 8 33
11 13 40
7 12 26
23 1 13
10 13 28
10 11 35
6 10 16
22 1 4
20 23 25
21 2 34
9 11 36
11 14 20
18 22 22
7 10 20
11 13 37
6 9 25
15 18 26
20 22 26
19 22 22
13 18 12
6 8 35
7 9 14
18 21 7
1 2 3
6 8 38
23 3 18
5 8 33
0 4 22
9 13 40
11 12 20
22 2 9
22 0 35
9 12 35
10 11 6
22 1 16
16 18 4
4 6 30
3 6 18
22 0 25
21 0 6
19 23 19
4 7 36
9 11 22
9 13 39
7 10 32
0 5 27
8 10 26
7 10 1
19 22 19
0 4 26
20 23 24
23 1 10
10 13 29
14 18 10
6 8 8
19 22 17
22 0 20
22 1 1
19 21 24
6 8 19
20 22 33
13 17 16
11 15 16
11 16 31
6 10 14
1 3 31
16 19 25
2 5 3
1 4 13
8 10 37
15 17 16
9 13 37
3 6 35
20 0 38
7 8 11
3 4 39
22 0 24
0 3 40
8 12 25
3 6 10
17 19 16
5 7 5
14 17 2
20 0 30
18 20 39
0 3 30
16 20 29
4 7 21
4 7 7
19 22 39
1 5 18
3 8 38
3 5 27
6 9 9
10 13 9
0 2 30
13 16 15
10 14 17
18 19 28
12 16 15
17 21 7
3 5 19
4 7 20
4 8 23
0 2 12
15 20 1
11 15 15
6 10 23
13 16 17
13 17 3
5 6 21
23 1 1
9 13 38
22 1 31
0 2 20
6 10 9
0 3 18
7 11 25
1 3 13
20 23 13
4 7 8
21 0 26
21 0 31
16 19 5
19 21 18
1 4 17
6 9 9
14 19 9
5 9 40
3 6 3
10 14 22
7 12 29
13 16 20
1 4 34
20 23 3
1 3 17
4 7 37
14 17 26
1 6 18
4 8 23
1 4 38
1 4 14
13 16 38
6 9 1
18 21 37
22 1 2
4 7 4
10 13 7
9 11 23
6 9 1
13 16 34
6 8 19
3 7 1
3 5 31
0 4 8
19 21 16
21 23 12
5 7 32
7 11 29
14 17 28
13 17 12
3 8 35
19 22 37
20 22 22
21 0 11
10 13 37
10 13 24
9 12 35
4 8 31
4 7 30
12 14 29
8 12 40
0 4 1
4 6 31
17 18 8
19 23 31
10 14 24
16 19 30
5 7 11
15 18 8
21 0 35
12 14 10
12 14 22
11 13 11
2 4 35
17 20 28
20 21 21
20 0 27
16 19 29
10 13 2
2 5 22
11 15 34
7 10 30
15 17 21
13 15 1
11 13 29
7 11 28
13 17 36
9 12 25
17 20 38
9 13 3
7 10 20
10 15 34
11 15 33
16 18 8
10 12 6
0 3 1
0 2 14
2 8 40
16 18 19
0 2 30
12 17 37
22 1 30
18 20 33
1 4 40
18 21 19
12 16 8
23 1 38
5 9 7
3 6 8
17 18 39
23 1 40
0 4 21
22 1 5
10 12 14
3 7 35
2 6 30
18 20 12
12 15 35
17 21 6
21 1 23
20 23 2
10 12 36
19 22 40
19 22 19
21 0 28
9 11 22
2 2 36
15 18 37
15 19 17
9 13 23
5 10 35
23 1 34
11 14 11
12 16 21
12 16 34
3 7 10
20 23 13
14 18 22
12 14 17
1 4 14
14 18 22
17 22 36
23 2 3
3 8 29
17 21 10
10 12 34
10 13 17
19 19 30
21 1 14
11 15 35
3 4 29
2 4 36
10 12 16
15 18 26
18 22 2
4 9 14
12 14 2
17 20 29
6 9 23
16 20 3
7 10 35
12 14 33
20 23 21
21 23 10
21 23 2
13 17 30
17 19 9
12 15 4
6 8 18
7 8 15
11 13 40
16 21 27
23 2 5
8 12 25
23 1 5
0 6 24
5 9 33
19 22 18
18 21 22
2 4 15
17 21 12
21 1 7
4 7 31
2 5 14
6 9 1
17 20 11
23 2 24
16 20 19
6 9 39
13 16 31
14 18 17
21 1 26
4 6 24
12 15 10
6 11 37
16 18 31
20 22 8
1 5 16
10 14 37
5 7 31
13 16 3
18 22 32
9 12 31
14 18 32
5 7 11
19 23 28
20 22 27
5 8 14
8 12 28
7 9 37
15 18 5
12 15 6
15 18 9
4 7 15
8 12 6
18 21 25
22 1 6
5 9 14
19 22 13
4 7 38
13 15 22
8 11 6
4 8 25
11 15 11
22 0 6
14 16 6
7 10 8
9 11 28
6 6 21
2 4 36
23 1 37
20 22 38
9 12 35
18 22 17
21 1 21
10 12 4
1 4 15
0 4 32
20 23 25
7 10 11
18 21 25
7 11 6
16 19 6
6 9 14
9 13 15
16 20 4
20 22 24
12 16 18
5 7 16
3 7 19
21 0 14
21 1 19
4 7 9
13 17 10
23 2 7
21 22 4
21 0 20
23 1 28
14 16 5
16 18 31
11 14 34
13 15 28
2 5 7
17 20 37
15 18 37
5 8 5
3 5 7
2 5 27
9 12 18
18 21 39
22 1 32
14 17 33
1 3 32
15 20 10
5 8 18
22 1 5
7 11 33
8 13 30
12 15 34
1 4 40
20 21 12
15 17 6
14 16 20
8 11 1
21 22 26
5 8 9
17 20 33
15 18 3
4 6 4
13 17 25
17 19 28
10 13 32
5 9 36
16 19 25
22 2 35
8 10 34
0 4 16
10 14 38
7 8 12
12 15 35
8 13 36
11 15 3
4 7 40
15 17 8
16 18 23
10 14 22
13 16 30
10 14 21
21 0 12
5 8 33
8 10 36
13 14 10
19 22 39
21 23 17
13 16 30
20 23 26
1 3 16
23 3 8
19 23 31
21 23 9
0 4 19
1 5 33
1 3 28
16 17 30
2 5 34
4 9 5
9 13 22
21 23 16
12 16 27
16 18 21
9 14 8
3 6 30
0 3 29
20 0 7
10 14 23
15 20 23
20 23 38
4 7 40
13 15 3
11 15 35
20 22 25
11 14 29
1 4 15
3 4 2
8 9 31
10 12 16
21 3 19
3 6 40
1 3 9
16 20 7
6 9 17
16 19 25
13 16 4
13 17 37
10 14 3
19 21 25
20 0 5
6 11 39
8 11 34
9 13 20
