6000 37
37 23 4 28 2 30 16 21 31 23 1 7 36 33 37 9 22 8 32 35 19 12 23 33 33 13 37 36 28 33 4 33 37 17 36 2 32 
23 4 10
14 19 14
15 18 33
16 18 13
10 13 33
5 8 6
21 1 20
22 3 4
20 0 28
9 12 4
21 0 19
19 23 32
11 15 16
0 4 36
20 22 36
2 4 10
21 0 28
1 4 7
7 10 21
23 2 24
21 23 17
9 14 15
14 17 35
17 19 34
2 6 22
2 5 5
21 23 22
21 0 29
17 20 12
4 6 36
21 1 21
21 23 6
12 15 24
4 7 10
16 19 16
17 19 30
3 6 31
1 5 6
11 13 2
23 2 31
4 7 27
21 2 9
2 5 36
18 22 6
1 5 27
1 4 19
7 9 17
10 13 4
3 6 1
10 14 7
19 22 23
15 18 24
14 18 19
20 0 37
22 23 5
11 15 13
12 16 7
20 1 20
18 21 1
14 15 31
7 10 30
6 9 27
8 13 32
8 10 14
13 16 23
21 0 2
23 0 34
21 0 37
6 12 5
2 6 30
15 17 7
10 12 3
2 6 31
23 2 22
2 4 17
14 16 24
8 12 11
4 8 21
22 0 17
18 21 17
12 14 13
4 6 35
15 19 24
2 5 22
7 10 7
1 5 11
21 22 28
15 17 20
0 4 16
15 17 1
22 3 26
0 2 29
3 5 24
16 19 34
12 14 2
16 20 25
7 10 6
17 20 9
14 17 23
15 19 30
19 23 6
10 13 6
7 11 35
3 6 5
12 17 16
11 16 23
6 7 1
4 7 30
0 1 8
15 19 24
14 17 14
7 9 24
19 23 4
15 19 4
9 13 16
8 12 18
18 22 28
8 11 5
16 18 23
7 11 20
15 18 31
22 1 28
22 0 32
23 0 34
7 10 12
8 11 5
23 1 5
18 21 24
9 13 30
23 1 9
4 5 34
19 22 17
9 13 12
15 17 31
3 7 28
6 8 12
14 17 1
21 0 24
2 5 36
1 4 24
19 22 14
8 11 36
21 0 17
23 2 7
13 16 25
15 18 23
21 23 7
13 16 28
10 13 7
19 22 27
23 1 18
11 14 1
16 19 32
14 16 22
11 14 13
9 12 29
19 21 3
6 9 17
6 9 1
2 5 7
10 12 5
9 11 23
19 21 18
15 17 35
14 18 14
17 19 5
20 1 8
11 14 11
0 3 13
10 13 36
21 23 29
22 2 31
1 3 3
12 16 17
15 20 7
0 3 33
2 3 28
14 17 7
0 3 8
18 19 5
17 20 32
19 20 27
1 5 2
20 22 8
18 21 7
7 9 28
16 19 4
4 6 16
7 9 17
11 14 11
14 16 26
9 12 10
3 5 12
0 4 32
5 7 1
13 17 2
12 15 16
14 17 14
15 21 17
10 13 4
17 19 25
9 13 11
20 23 18
21 0 12
5 8 3
23 2 25
12 15 34
17 21 9
11 14 37
3 7 9
22 2 4
20 0 12
12 15 22
1 4 4
19 22 31
11 14 15
6 9 32
13 17 32
23 1 16
2 5 7
4 8 11
2 6 3
19 22 16
4 8 28
23 3 21
16 18 28
15 18 6
16 18 15
16 18 30
8 12 29
22 2 31
13 15 29
13 15 32
5 8 14
13 14 18
21 0 27
3 6 10
5 9 19
3 5 24
22 3 16
6 10 24
21 22 9
11 15 21
19 21 25
17 21 24
0 3 16
11 14 16
3 6 36
16 20 20
6 10 7
7 11 6
17 20 35
11 16 13
5 9 26
23 2 28
14 18 22
6 9 16
14 16 20
14 17 14
19 22 19
16 19 13
5 9 8
18 22 12
14 17 24
20 22 29
22 1 2
23 2 26
14 17 31
22 0 33
23 2 21
20 23 16
13 17 31
10 11 33
23 1 13
23 3 21
23 1 28
14 17 30
15 18 31
5 9 15
7 10 17
8 11 35
14 17 35
1 5 10
4 8 28
5 7 26
6 8 29
22 2 6
8 11 8
19 23 12
0 3 10
3 7 33
20 23 36
11 13 3
2 5 12
19 21 25
1 3 29
22 2 25
5 8 9
4 7 7
10 13 22
2 5 25
12 14 1
20 1 26
9 12 4
22 1 13
11 14 6
5 8 35
11 13 14
11 14 36
6 9 26
14 17 36
1 4 25
21 1 24
4 6 8
18 20 21
2 6 14
5 7 7
5 7 34
13 19 2
4 7 3
7 10 22
12 18 20
13 17 23
12 15 15
18 20 5
20 22 1
9 11 29
10 11 6
14 17 19
4 7 5
5 8 25
9 13 18
9 13 35
5 7 24
18 22 30
7 11 25
10 12 12
1 4 7
9 12 11
15 18 23
7 10 30
14 16 4
7 9 19
19 21 34
20 22 20
10 13 30
16 19 13
20 21 26
4 7 8
12 16 20
9 11 18
20 22 30
17 20 34
2 5 15
10 13 10
17 19 25
8 10 7
2 4 2
21 0 1
4 9 27
6 11 18
6 10 12
4 7 2
13 15 26
17 20 2
8 9 32
9 13 30
6 7 23
22 1 28
2 6 26
22 1 16
17 20 24
13 17 11
12 15 1
23 2 34
13 16 12
8 11 33
21 0 6
19 23 14
11 15 27
2 6 16
1 2 37
15 17 14
5 6 27
7 10 5
9 13 35
21 1 31
13 15 19
11 13 14
11 13 34
23 5 37
19 22 22
15 16 34
8 12 36
1 2 13
18 22 19
14 16 26
9 12 29
12 14 22
0 2 31
23 3 14
18 20 2
13 15 7
19 22 13
13 18 34
23 2 15
21 0 18
2 4 27
5 9 25
0 3 31
6 8 18
5 8 7
2 6 29
9 13 16
21 1 33
17 21 5
6 9 2
7 9 8
20 23 12
15 18 18
2 4 14
3 5 37
20 23 4
4 8 25
2 6 13
13 16 35
16 20 14
18 22 18
21 1 29
23 1 19
7 10 21
9 10 14
4 7 26
15 20 16
23 1 25
2 5 28
7 9 25
4 6 30
22 1 31
16 19 8
6 8 30
6 9 27
17 21 3
3 6 36
8 10 29
0 4 21
3 6 11
3 6 12
23 3 22
13 17 36
22 2 24
2 6 15
21 0 2
11 14 19
14 18 32
17 19 18
8 10 2
2 6 13
23 2 7
20 0 37
22 0 29
16 18 28
8 11 14
17 19 32
6 10 23
17 21 1
17 21 35
8 13 27
15 17 34
21 23 28
20 23 25
21 2 4
7 9 4
0 1 2
1 3 13
4 8 18
9 14 22
21 22 29
23 1 20
4 9 31
6 8 19
8 12 35
14 16 12
23 2 8
2 4 31
5 8 34
19 21 13
10 14 17
12 15 37
9 11 35
22 1 32
15 18 35
10 13 10
13 17 16
20 0 9
4 8 13
16 19 25
15 19 12
12 15 35
15 19 12
2 6 28
8 10 11
10 12 3
6 9 18
20 22 11
11 15 11
18 21 26
22 0 1
16 18 9
13 16 15
23 2 24
0 2 14
12 16 36
1 5 27
22 1 27
12 15 35
10 13 31
15 18 17
8 11 11
5 9 12
6 9 1
6 10 10
19 22 17
4 8 17
1 3 21
19 23 34
16 20 29
16 18 5
9 12 25
21 1 6
5 8 13
0 3 36
21 21 27
15 19 17
11 14 19
8 11 27
9 12 1
12 15 23
17 20 31
10 14 23
18 22 12
16 18 1
11 12 9
2 3 4
11 14 35
8 13 24
12 17 8
20 23 17
21 23 32
17 21 31
20 23 27
23 1 6
10 11 30
7 11 26
10 13 16
1 2 20
11 13 29
15 17 28
7 10 8
22 23 5
20 0 28
21 0 37
5 9 10
0 1 33
10 12 16
5 7 14
17 22 9
1 5 5
0 2 22
10 13 32
2 5 19
4 7 25
18 22 34
16 19 36
14 18 4
6 7 12
5 8 30
4 8 4
4 8 24
0 4 12
13 16 27
13 15 3
2 4 33
21 2 21
15 16 26
21 22 27
3 6 21
4 6 20
8 11 23
8 12 35
8 12 4
10 12 13
1 4 10
2 4 19
23 2 16
10 13 6
3 4 21
6 8 23
21 0 29
12 15 15
1 5 2
23 2 27
2 4 35
9 13 17
15 18 10
17 20 23
19 22 4
18 21 27
5 10 14
5 9 10
18 22 1
12 14 31
5 9 32
21 0 26
21 0 17
16 18 14
13 16 16
1 4 13
21 1 5
5 8 20
10 15 31
18 19 28
1 3 30
23 2 13
9 13 1
23 2 35
15 17 13
13 17 10
18 21 16
12 15 22
0 4 9
15 18 27
11 14 33
19 22 12
3 7 23
10 13 22
16 19 16
22 1 36
18 19 3
5 9 24
3 4 9
8 12 20
17 21 15
2 6 34
4 8 22
10 13 36
14 18 30
9 12 30
19 23 15
17 19 20
10 12 26
2 5 20
15 20 14
3 6 1
17 19 3
13 16 21
18 22 22
21 0 29
6 9 27
7 10 3
4 6 21
5 9 1
15 18 28
4 6 24
12 15 37
12 14 20
19 23 25
6 8 21
3 5 10
4 7 13
11 14 11
17 20 36
18 21 9
22 3 17
2 4 36
7 10 30
11 14 16
5 7 20
17 19 8
4 6 16
23 2 26
8 10 22
16 19 6
1 5 20
8 10 20
3 5 16
12 15 6
2 6 9
21 23 12
10 14 2
2 5 36
13 16 7
3 7 14
16 19 29
13 16 16
7 10 33
2 5 13
4 8 24
14 18 24
9 13 34
19 23 30
18 21 18
7 8 24
15 16 6
20 23 8
22 1 8
14 16 25
8 11 10
13 15 14
4 7 8
22 2 15
12 15 8
20 0 19
20 22 25
12 15 15
8 11 18
1 4 18
3 5 7
16 19 2
21 1 35
1 5 22
9 12 31
21 1 5
9 12 30
5 6 6
20 23 24
15 16 25
9 11 35
0 4 33
11 15 18
14 16 18
16 18 8
2 4 34
16 20 29
5 8 10
18 20 11
10 13 31
12 14 30
19 21 25
0 4 25
15 17 15
18 21 8
12 16 26
9 10 34
8 11 34
8 11 1
15 18 16
19 21 15
8 11 33
1 4 36
3 6 31
22 1 20
13 16 32
12 14 9
23 1 32
9 14 33
0 3 14
2 6 23
5 8 33
5 9 4
11 13 33
4 7 26
11 15 26
15 19 13
18 20 2
23 3 9
11 14 30
13 16 34
1 2 9
10 14 9
18 19 23
14 15 4
8 12 3
12 15 18
22 1 2
0 5 24
1 6 18
2 5 36
13 16 36
7 8 10
13 17 34
16 19 36
2 5 36
5 11 34
2 4 11
10 13 8
10 14 4
5 8 26
6 9 21
3 5 21
22 2 12
6 8 26
12 15 16
13 13 18
13 15 19
0 3 30
3 6 9
15 18 36
15 19 12
2 5 34
12 14 29
15 17 20
16 20 35
9 13 21
20 23 13
16 18 12
16 20 1
16 19 23
23 2 31
14 18 36
7 10 32
12 14 15
14 16 3
0 3 10
1 5 9
5 7 5
12 15 22
3 5 37
12 16 20
3 7 27
16 17 10
12 16 31
9 11 2
12 15 2
7 11 17
9 12 24
8 11 1
1 4 14
9 12 32
2 4 26
17 18 26
23 3 1
18 22 32
20 22 24
15 18 12
10 14 11
10 14 12
8 12 20
11 16 32
6 7 23
12 13 35
4 7 18
10 14 9
15 18 2
20 0 1
20 22 30
4 9 24
4 6 36
4 7 11
19 23 18
23 1 29
5 9 23
8 11 14
14 16 24
12 15 23
15 17 2
12 16 17
7 10 35
2 3 18
5 8 20
12 15 13
14 15 32
7 9 9
5 9 29
12 16 10
14 17 27
21 23 7
8 10 12
10 13 14
12 16 37
11 13 4
16 20 9
5 7 2
16 18 18
15 16 10
7 11 18
0 4 3
11 12 22
19 20 13
0 3 9
17 21 35
0 2 19
18 21 12
12 14 32
18 20 14
20 22 14
22 0 16
15 18 37
18 20 1
9 13 12
20 21 20
12 15 12
1 3 9
4 8 17
10 14 36
15 17 37
18 20 15
7 9 22
23 4 5
9 11 15
7 12 29
14 17 14
9 12 4
5 7 35
6 10 30
3 6 27
2 6 24
10 13 11
20 23 25
16 18 26
0 2 14
21 0 23
21 3 32
0 2 19
2 6 29
9 10 9
20 23 18
15 18 27
6 9 8
4 7 8
18 21 18
13 16 14
8 11 20
6 9 18
1 6 17
9 12 24
20 0 35
16 18 28
22 1 15
4 5 16
12 15 26
16 19 18
7 12 17
8 12 26
19 22 36
7 9 37
18 20 13
14 17 6
7 10 15
0 3 28
4 6 32
2 5 30
7 11 18
16 19 4
15 19 14
17 19 2
3 7 4
11 15 2
19 22 7
7 11 33
19 22 31
18 21 34
21 23 25
23 2 4
15 18 20
13 15 29
16 21 36
20 23 35
13 15 34
1 3 36
17 21 13
1 5 31
15 18 37
19 22 3
1 5 7
20 22 5
9 12 5
0 3 23
18 19 18
8 11 5
2 6 20
16 17 26
17 20 31
21 23 5
20 22 33
23 2 1
10 12 34
17 19 18
4 8 27
21 23 34
4 8 25
20 23 12
18 23 11
17 21 17
3 7 21
4 8 23
10 12 9
22 3 15
1 0 23
14 18 14
15 16 28
21 22 9
21 2 28
7 9 7
11 15 13
5 9 3
5 7 36
5 7 9
10 12 3
13 15 14
1 3 6
7 8 28
15 18 36
0 4 18
18 22 20
3 5 2
4 7 13
3 6 5
11 14 7
13 16 14
20 22 2
23 1 26
20 23 2
18 20 11
18 22 37
22 1 33
13 16 25
9 12 16
1 5 9
21 22 7
13 17 11
3 5 1
9 13 19
8 12 17
4 4 18
13 16 21
5 7 31
14 18 20
18 20 12
15 18 10
3 7 11
16 19 32
11 15 18
9 12 37
19 23 25
5 8 28
18 22 23
4 7 7
7 10 26
2 6 37
21 0 28
16 18 25
0 3 26
11 13 9
6 9 34
5 8 20
12 15 19
0 2 3
21 23 35
14 18 13
2 4 4
0 2 14
3 6 32
8 10 26
12 16 31
16 20 36
14 17 1
8 11 34
1 5 37
8 11 31
9 14 25
3 8 6
17 21 8
7 10 32
12 14 2
1 3 10
3 8 2
8 11 30
10 13 5
19 23 16
18 20 1
17 19 9
17 20 21
0 2 9
9 11 15
6 8 7
21 23 18
8 11 3
5 8 36
15 18 11
13 17 26
7 11 25
13 15 18
1 3 9
8 9 24
16 17 13
21 23 17
0 1 37
10 14 35
23 2 25
9 13 11
1 4 9
11 13 10
10 11 25
15 19 14
19 23 25
4 8 13
14 17 35
4 6 28
9 13 5
16 21 2
12 16 21
8 12 17
17 21 32
18 21 10
18 21 14
1 4 11
10 13 13
6 9 3
0 1 29
14 17 6
4 8 29
18 23 33
5 8 20
16 20 16
17 22 18
12 15 33
8 11 1
9 11 11
18 22 10
4 6 4
16 21 9
8 9 35
7 11 27
3 5 16
17 20 30
19 21 27
9 11 26
13 18 37
9 13 18
21 1 9
14 17 11
10 12 29
12 16 27
18 21 28
18 19 9
14 18 1
11 15 5
6 8 21
7 10 19
12 15 29
11 14 6
21 22 2
6 9 13
19 22 9
5 9 33
17 21 8
16 19 13
17 20 29
21 0 23
3 7 32
19 21 3
17 21 19
6 10 22
1 5 5
12 15 13
4 6 14
10 12 11
12 16 25
14 17 3
2 4 25
15 18 4
9 13 15
11 13 27
14 17 23
15 18 3
23 1 14
18 21 27
14 15 34
7 11 5
4 8 2
11 14 15
7 8 20
0 3 11
23 3 12
5 8 3
18 20 32
11 13 11
6 8 26
16 19 11
6 9 4
3 6 21
23 1 20
1 2 34
2 4 34
16 20 10
3 6 7
19 23 29
4 8 29
6 9 22
17 21 30
14 18 4
15 18 23
18 21 15
1 3 26
16 19 10
6 9 37
9 12 33
7 10 20
17 20 7
22 2 34
7 9 5
10 13 35
18 21 22
20 23 29
22 1 1
17 21 3
3 6 12
4 8 28
13 16 19
13 16 19
2 5 9
20 1 18
0 5 26
0 3 17
9 12 1
23 4 7
7 11 12
8 12 20
21 0 21
4 8 2
5 8 19
21 2 25
16 18 35
4 8 3
19 22 34
22 2 12
18 22 11
20 0 18
18 21 31
13 15 32
9 12 33
10 12 4
11 14 10
15 18 8
3 7 3
13 16 15
6 10 18
21 23 10
19 22 2
14 18 8
13 16 2
20 22 14
6 8 6
15 19 2
11 14 13
6 8 31
0 4 5
0 3 25
2 4 37
21 0 2
4 8 25
12 15 5
22 1 7
13 16 22
16 18 35
9 11 21
21 23 10
21 23 34
3 6 28
4 7 13
23 3 20
23 2 14
4 6 22
3 8 25
15 17 32
15 18 7
14 18 10
10 12 24
16 21 37
17 20 18
16 20 9
10 12 2
6 10 18
17 20 15
13 17 34
15 18 19
13 16 22
17 19 31
5 8 26
17 18 29
19 23 21
15 17 28
0 4 19
10 12 36
9 12 10
1 4 33
5 8 14
4 5 36
7 10 24
15 17 2
22 1 26
0 4 6
22 1 22
2 6 15
1 4 32
17 19 26
4 6 10
18 20 13
19 21 18
7 10 5
7 10 29
7 10 29
23 4 4
6 8 14
8 11 8
1 3 20
8 12 14
14 16 26
18 22 15
12 14 35
5 9 17
14 17 34
19 20 20
5 8 23
18 22 12
12 15 37
9 13 6
15 19 26
9 13 29
1 5 8
0 4 37
23 1 9
18 20 1
7 11 32
3 5 8
5 7 2
1 5 18
18 20 7
10 12 2
23 2 10
7 10 8
7 8 11
21 1 4
9 11 14
23 1 12
18 21 36
3 7 30
12 14 19
10 14 1
14 17 15
19 23 20
0 3 19
1 4 12
8 10 28
1 4 14
16 19 8
22 0 10
16 22 13
20 0 5
21 1 21
10 15 17
17 19 5
21 0 28
18 22 28
2 5 32
8 10 25
6 8 28
3 6 10
4 6 9
15 20 35
8 10 7
10 15 26
8 12 6
18 21 25
23 2 20
22 2 34
7 11 32
14 18 11
14 18 25
19 20 25
12 15 1
3 5 15
11 13 33
1 4 3
17 20 29
17 20 6
9 10 21
14 18 35
16 20 20
4 6 29
20 0 4
21 23 22
16 20 15
3 7 2
16 18 22
13 17 29
23 4 8
18 22 7
14 16 30
20 23 17
23 2 4
9 10 1
8 8 7
11 14 3
1 5 29
7 10 5
12 16 33
0 3 16
23 1 7
7 11 24
4 7 14
6 9 2
7 11 10
15 19 13
18 20 34
17 20 15
12 12 16
6 9 22
5 9 15
16 20 14
2 6 3
15 16 10
9 12 23
1 5 22
8 12 14
21 1 12
21 1 34
3 5 30
5 6 8
11 15 28
0 4 36
9 11 26
13 16 1
6 11 7
4 8 26
23 2 2
19 20 32
11 14 22
21 0 34
11 15 15
5 9 26
19 21 35
10 13 7
11 12 14
11 13 19
20 23 27
14 15 13
13 18 22
17 21 32
6 8 9
6 10 2
8 11 1
14 17 15
11 15 13
3 5 30
19 22 21
3 6 16
8 11 15
11 14 23
23 2 3
4 8 3
11 14 21
10 13 5
15 19 18
11 15 34
19 23 24
21 0 20
20 0 6
16 19 10
3 6 34
20 23 18
21 0 26
13 18 37
16 18 6
5 8 33
20 23 17
12 15 31
15 18 29
17 21 5
19 23 6
5 7 9
9 13 30
19 21 18
4 7 27
2 4 25
7 10 18
0 3 14
5 9 6
12 16 11
20 23 8
1 2 23
20 0 14
7 9 30
17 19 25
6 10 27
9 12 6
10 14 23
1 3 4
22 1 19
0 2 18
4 7 37
12 16 30
14 18 12
21 23 34
5 9 23
16 19 12
7 10 31
19 22 30
1 3 26
0 3 36
7 9 20
11 12 14
15 19 29
14 17 29
8 11 13
21 1 17
12 16 4
5 8 15
10 14 7
6 8 20
20 23 26
9 13 32
14 17 2
13 15 1
19 23 20
0 3 37
4 5 23
11 14 29
1 4 13
15 17 27
6 11 6
21 23 27
22 2 33
1 3 28
17 21 17
19 20 36
4 7 24
0 3 10
12 17 28
7 12 8
21 0 2
13 15 16
8 13 25
3 5 33
23 3 34
7 9 18
10 13 34
8 11 18
6 9 23
11 13 7
5 9 37
11 13 4
0 1 16
18 22 7
19 22 30
10 13 18
8 11 4
23 0 2
13 15 29
3 7 27
15 18 9
5 8 32
13 15 27
2 5 5
23 1 33
0 4 36
4 6 11
15 18 33
17 19 7
6 7 18
10 13 32
9 12 37
2 4 33
19 22 10
22 0 34
13 17 18
14 15 34
18 21 8
14 17 29
10 13 4
20 21 37
12 15 16
10 11 30
16 20 34
6 8 9
20 21 10
13 15 22
2 6 30
16 19 15
7 8 30
13 15 35
23 4 18
2 5 27
9 13 4
11 13 37
10 13 32
2 3 14
18 20 32
21 1 36
1 3 26
18 21 20
20 23 3
18 21 17
9 13 7
12 15 24
8 10 18
5 10 33
3 5 7
11 15 23
3 6 13
19 22 6
16 19 15
18 21 16
5 9 1
9 12 11
17 21 1
7 10 26
15 16 36
4 8 7
9 12 12
6 9 15
18 19 33
17 21 14
2 7 3
3 6 20
6 9 19
4 6 18
3 5 10
11 15 36
19 22 15
22 1 36
6 7 27
17 20 35
11 14 22
22 2 24
23 2 16
23 3 26
19 0 21
4 8 29
1 4 33
19 22 1
23 3 1
9 12 32
4 8 17
21 0 10
18 20 12
17 20 31
17 20 19
9 13 5
9 12 13
8 12 17
12 16 24
6 8 3
15 17 13
9 14 21
8 12 18
0 4 2
18 20 23
2 4 23
19 20 22
8 11 16
13 15 31
23 3 32
0 4 19
13 16 10
0 4 31
2 6 16
19 20 34
0 5 15
9 14 13
6 12 4
11 14 35
20 23 16
1 3 12
3 5 23
18 21 18
11 18 14
6 10 1
11 11 24
13 15 34
12 15 29
12 15 23
23 3 28
14 16 16
15 17 17
19 20 26
15 20 4
18 21 6
21 1 30
5 8 27
6 8 14
17 19 2
22 0 6
22 0 1
12 16 28
21 23 5
17 21 25
14 15 12
10 14 34
21 0 7
13 16 14
18 21 26
22 1 10
14 20 28
3 6 24
8 9 35
17 21 25
19 22 29
16 16 35
7 10 27
20 23 31
22 3 26
8 11 28
10 12 22
20 22 26
13 16 31
11 13 27
0 2 19
6 9 13
23 2 32
12 16 15
9 14 22
4 8 2
20 23 15
17 20 30
9 12 16
23 2 22
22 1 23
18 20 1
20 22 7
18 21 28
12 15 32
21 0 19
21 0 7
13 18 32
2 5 34
9 11 10
12 14 12
18 0 4
6 11 20
10 14 30
11 12 16
13 16 22
10 11 15
20 23 4
6 9 7
6 9 34
2 6 25
15 17 5
5 8 30
18 21 3
0 2 8
3 5 1
0 3 8
18 22 4
15 17 23
11 14 29
18 20 23
6 8 4
7 9 14
20 23 4
16 19 1
11 13 34
4 8 26
13 17 11
14 18 31
4 7 6
5 8 6
4 8 6
18 22 37
16 18 2
13 16 29
5 7 1
14 16 1
4 7 26
23 4 18
5 8 1
5 7 4
17 19 34
7 8 7
7 11 23
15 19 11
8 10 19
11 14 5
6 7 24
8 11 5
9 13 13
22 1 31
10 13 13
2 5 10
21 1 30
15 18 1
8 11 36
4 7 26
9 10 3
8 12 14
14 17 22
11 15 25
3 5 7
23 3 6
22 4 25
20 0 33
23 2 21
23 2 2
23 2 21
18 20 5
19 23 14
10 13 11
1 3 26
18 23 2
6 7 24
3 5 12
21 0 7
22 0 8
15 18 6
17 21 35
10 15 12
20 0 31
17 20 20
3 7 17
13 16 36
3 5 17
13 17 33
10 13 9
4 8 8
9 11 16
0 3 8
6 9 33
0 3 15
9 11 36
11 14 19
10 15 30
20 0 5
0 4 7
22 1 7
11 15 18
12 13 31
11 15 26
5 6 17
20 23 5
2 4 12
18 22 20
14 17 3
11 15 18
16 19 18
16 20 10
0 3 7
3 5 37
0 4 25
16 18 29
19 23 30
6 9 14
16 19 29
14 16 15
12 16 36
18 20 36
21 0 29
5 8 30
21 0 25
18 23 9
8 11 1
18 21 17
7 8 10
19 23 2
23 3 21
14 18 1
19 0 22
12 14 19
10 13 35
10 14 32
22 0 17
15 18 31
18 19 18
6 9 9
11 15 18
11 14 14
15 18 10
9 11 14
1 3 27
2 6 1
9 13 21
3 6 31
17 20 15
23 2 36
3 7 13
12 18 12
13 17 28
15 17 32
20 22 19
16 19 13
18 21 26
11 14 4
17 19 14
11 15 25
21 21 33
18 20 21
2 4 19
20 22 22
16 19 12
20 21 6
10 13 18
6 10 14
11 14 35
4 7 10
14 18 25
19 22 8
12 16 18
2 4 10
1 5 8
18 22 31
0 2 8
12 16 24
22 0 14
2 6 36
12 14 33
10 13 5
23 1 30
13 17 34
23 3 17
3 6 15
2 6 7
8 12 2
12 14 29
5 10 6
0 2 16
14 15 37
19 22 36
19 21 20
10 13 22
20 23 6
4 7 22
9 10 4
15 18 20
0 2 26
19 23 34
16 17 23
23 3 22
14 16 10
20 23 10
3 6 34
4 7 24
7 8 4
1 4 16
10 11 10
13 17 23
12 17 19
14 17 15
11 14 18
9 12 28
16 20 26
7 9 4
2 4 37
5 8 6
18 22 9
10 12 12
19 21 1
10 12 31
5 10 28
1 5 6
7 10 12
17 20 20
10 11 18
7 8 20
4 5 10
20 23 20
9 12 36
12 15 5
16 18 11
13 16 36
2 5 15
15 18 4
20 23 32
5 8 3
10 14 30
2 4 27
3 6 5
7 9 30
8 12 2
9 12 36
13 16 31
2 5 28
15 18 13
18 21 5
1 4 13
12 14 13
16 18 26
4 8 23
12 15 29
17 21 34
6 10 10
3 5 7
3 5 21
11 14 29
14 18 27
20 22 12
1 4 14
3 6 29
15 18 16
4 5 37
16 21 19
21 2 15
23 2 32
11 15 23
10 13 32
9 10 9
4 9 16
17 21 4
16 18 15
18 20 17
2 5 6
13 16 12
12 14 34
13 17 37
22 0 28
10 11 20
12 15 31
6 11 9
17 20 24
17 19 14
22 1 20
1 4 36
7 10 7
23 1 5
14 18 27
21 1 33
11 13 6
12 16 11
2 6 29
12 15 5
12 13 32
4 5 31
6 9 27
3 6 18
15 18 11
0 2 35
1 4 5
19 22 24
3 7 29
14 17 21
11 15 7
5 7 32
20 23 20
12 16 13
21 23 24
8 10 13
4 6 2
8 10 20
18 21 13
22 2 3
8 12 30
15 18 36
14 17 12
6 9 20
11 14 12
7 8 17
1 3 32
8 11 6
6 8 19
23 3 13
10 13 20
0 2 18
9 12 16
0 3 22
22 1 30
13 14 28
2 3 16
3 5 2
6 8 22
22 0 29
7 10 36
9 11 8
11 12 18
20 22 32
22 3 34
15 19 1
2 5 16
0 3 1
23 5 33
2 6 32
18 21 15
20 1 4
11 11 5
20 23 16
15 18 37
13 16 11
13 16 15
21 22 30
16 18 9
3 6 35
14 17 24
15 18 34
17 20 30
14 18 15
21 0 20
21 0 15
15 19 4
0 4 30
16 18 27
2 4 34
6 9 35
7 11 32
17 20 13
8 10 21
9 12 22
11 17 22
11 15 12
21 0 11
23 0 3
3 5 25
16 19 16
18 20 29
22 0 30
4 9 18
15 19 34
7 9 2
7 9 28
22 0 30
10 13 32
22 1 14
16 20 36
14 18 1
10 12 13
7 9 28
1 5 11
18 22 20
15 17 5
7 10 11
8 10 11
13 15 8
19 23 11
13 16 23
0 3 14
19 22 17
11 14 17
11 14 16
5 8 9
15 19 15
11 14 7
17 22 17
16 19 31
3 4 29
1 6 16
12 15 1
14 18 19
22 3 29
12 16 2
21 23 1
4 8 23
7 12 1
18 21 1
7 8 29
22 0 25
14 15 27
5 9 15
0 3 23
8 13 6
10 12 25
12 14 10
10 15 19
10 13 22
18 19 30
3 6 8
20 22 29
19 22 31
11 15 10
15 17 16
2 5 10
4 7 30
2 6 27
13 18 32
5 8 3
11 15 8
15 18 33
21 0 2
7 9 3
10 12 13
13 15 35
14 17 24
9 13 31
9 12 20
20 0 25
4 6 33
3 5 8
0 5 27
6 8 7
4 5 28
6 9 14
8 12 21
4 6 16
9 13 4
22 2 19
8 11 5
23 1 31
19 23 33
17 20 12
7 9 35
0 3 7
16 18 26
21 23 29
5 7 24
13 15 21
13 16 7
22 23 6
7 10 13
18 20 28
1 4 14
11 14 14
22 2 14
10 13 3
10 15 30
11 15 6
8 10 28
17 20 24
22 0 4
9 11 26
12 15 9
21 0 15
13 15 2
12 15 7
14 19 31
20 23 28
15 18 14
18 20 1
3 6 20
4 7 35
17 20 6
15 19 6
14 16 24
18 21 28
19 21 12
6 9 25
17 21 3
14 18 31
4 6 23
7 10 31
20 0 24
20 23 32
20 22 29
20 23 23
13 16 33
0 3 36
14 17 34
6 10 30
18 23 18
0 2 19
11 14 10
14 19 29
2 3 7
23 3 36
5 8 36
10 12 10
10 13 16
20 22 12
22 1 6
13 15 1
5 8 24
15 19 33
16 18 10
18 20 8
1 3 31
1 5 33
7 9 3
12 15 6
20 23 33
9 12 37
2 4 37
23 1 13
1 2 12
22 23 21
14 17 3
18 22 32
6 9 3
3 5 2
20 22 24
19 22 7
16 18 37
5 8 18
12 15 20
0 3 17
10 13 24
17 21 33
0 5 14
0 3 2
20 22 11
19 23 12
15 18 16
23 2 34
16 18 12
14 15 25
19 22 17
16 18 4
15 17 8
22 2 30
13 16 11
14 18 14
12 16 5
23 3 32
20 22 9
21 23 17
9 13 35
10 12 29
18 20 31
16 20 37
23 4 1
19 22 5
15 16 30
13 15 29
17 20 35
11 13 17
19 22 10
20 23 15
20 0 11
7 11 31
2 6 30
2 5 3
6 10 16
6 11 26
12 13 37
5 7 25
15 16 28
1 6 4
0 3 11
10 13 13
20 0 34
15 18 16
10 14 29
13 17 18
8 9 7
12 15 15
12 15 14
21 1 20
21 2 14
21 1 9
17 20 37
0 3 17
17 21 16
11 14 16
9 13 34
16 20 7
14 17 3
8 11 6
7 9 2
16 18 13
14 18 18
14 17 35
15 19 18
5 7 30
6 10 3
16 19 37
16 19 5
4 6 24
11 14 15
20 23 2
3 5 15
8 9 19
17 20 36
5 10 13
8 11 12
3 5 18
11 14 30
21 23 34
7 9 23
4 8 1
3 7 20
4 7 8
2 6 34
21 0 4
3 5 26
3 4 32
16 17 30
6 9 14
12 13 14
9 13 37
15 19 28
5 8 26
9 13 17
2 3 16
11 13 15
21 0 19
2 4 12
11 13 11
2 5 24
12 16 36
12 16 11
16 20 32
23 4 8
2 4 12
0 3 8
16 19 5
8 12 26
17 20 7
10 14 13
10 14 30
10 14 22
2 4 13
21 23 18
3 8 18
17 19 37
14 18 33
10 13 35
22 0 4
10 14 10
15 18 27
11 14 32
3 6 14
13 16 14
3 6 36
4 7 29
12 14 3
20 23 4
2 4 25
23 1 29
8 12 15
5 6 13
11 13 24
4 7 12
15 17 22
1 4 30
4 7 14
7 10 24
16 16 27
23 3 4
15 16 23
7 11 14
16 22 29
3 7 25
8 12 34
8 10 20
5 8 2
10 14 28
21 22 5
10 13 20
8 10 28
21 22 7
14 17 6
21 1 5
3 5 37
18 23 15
13 17 33
7 9 34
15 19 17
9 12 19
5 9 11
5 7 28
21 1 16
14 17 33
2 5 21
4 9 22
23 2 11
9 12 25
6 9 11
5 8 19
21 23 26
17 19 13
15 18 24
22 2 32
2 4 35
17 22 23
18 21 37
15 17 2
18 20 14
13 16 18
12 13 17
2 3 20
16 19 14
7 9 12
7 10 28
2 4 36
15 19 35
2 4 21
18 22 16
10 14 33
10 12 21
22 0 19
23 2 8
8 10 9
0 2 2
11 14 35
15 19 30
3 7 7
5 6 2
19 23 2
21 23 30
8 10 35
19 22 9
21 1 10
22 1 29
11 13 11
12 15 21
8 10 16
2 6 9
14 19 14
18 21 30
20 23 14
11 13 37
21 1 25
10 12 1
0 2 32
16 20 26
5 7 15
19 21 23
8 11 2
23 2 8
0 2 12
21 23 5
16 17 35
15 18 34
15 18 20
2 5 13
23 3 24
16 18 18
9 13 10
11 14 28
8 10 29
3 7 14
9 14 10
4 7 34
5 8 11
23 2 25
16 18 8
1 2 26
6 8 35
15 20 1
2 6 36
22 4 7
9 10 29
8 10 13
3 5 34
14 15 17
15 17 30
5 8 14
1 4 10
1 3 10
18 22 3
1 5 18
19 22 18
8 11 29
17 19 7
19 22 25
2 5 35
11 13 10
7 11 24
20 23 10
20 22 31
7 12 9
16 19 24
3 5 19
9 12 11
23 3 33
19 22 4
17 20 13
12 15 3
19 23 32
6 9 16
7 9 34
19 22 6
0 4 32
21 0 7
22 3 3
21 0 7
1 3 18
19 22 6
0 3 7
13 17 37
4 7 2
0 2 30
9 12 16
22 1 22
19 0 10
20 0 25
10 13 25
6 10 27
8 11 32
22 0 17
11 14 7
19 22 18
4 6 10
15 20 20
1 6 26
21 0 20
15 19 13
9 13 29
11 16 2
12 15 9
2 7 37
7 10 10
22 0 11
18 20 24
21 0 22
5 8 22
0 3 6
21 1 27
15 19 35
15 17 29
15 18 32
9 11 8
22 0 31
11 14 1
15 18 17
8 9 31
17 19 34
12 14 37
16 20 24
20 1 4
18 20 26
10 13 31
2 6 15
5 7 2
8 9 9
11 14 23
23 3 21
16 19 10
17 20 16
9 11 21
3 6 3
3 5 4
18 22 19
5 9 37
3 6 36
15 18 8
10 13 19
17 21 33
17 21 18
0 3 10
4 6 32
18 21 15
19 23 31
12 15 19
9 12 16
19 22 8
15 17 16
17 21 18
22 1 5
13 14 6
17 20 4
16 19 10
1 3 20
21 0 24
7 9 26
21 22 9
15 18 13
8 11 20
11 13 28
4 9 7
4 8 6
13 16 23
1 4 8
5 7 21
22 1 18
14 17 9
12 16 1
8 11 17
7 9 11
6 6 31
13 17 1
20 23 23
4 7 30
14 16 7
9 10 23
23 2 35
6 8 12
10 14 25
8 8 10
23 3 9
5 9 18
18 21 28
9 12 33
20 23 13
23 1 5
6 7 2
22 2 6
5 7 32
9 12 9
1 3 3
15 18 8
6 9 23
19 21 1
21 0 19
2 5 19
12 14 32
12 16 28
4 9 18
12 15 7
7 9 3
1 5 20
4 5 26
15 20 23
0 3 7
14 18 12
10 13 34
2 6 23
3 7 30
20 23 26
1 6 3
8 10 1
20 23 14
18 20 17
1 2 4
5 9 13
9 14 25
8 10 7
21 0 24
15 18 27
6 9 31
5 8 24
6 9 31
17 20 36
12 14 25
7 10 5
2 5 4
8 12 30
14 17 11
16 18 14
13 15 30
15 18 20
14 17 4
11 15 8
17 21 28
11 15 9
18 22 14
3 3 13
19 22 30
9 13 26
4 7 11
18 22 19
22 1 25
17 18 36
0 2 27
15 18 5
2 5 17
10 13 17
22 2 4
4 7 11
12 15 34
22 3 36
7 8 5
20 1 16
6 9 15
0 1 5
15 19 17
17 21 2
7 10 23
2 4 30
15 17 11
6 10 17
22 23 28
22 1 20
22 2 23
4 7 24
12 15 13
2 5 35
20 22 12
17 20 36
18 21 34
3 5 24
3 6 23
9 12 22
19 22 10
12 15 31
16 20 22
7 10 6
15 18 32
8 11 23
19 22 6
13 16 28
4 5 37
20 0 21
5 7 36
14 16 15
17 20 26
19 23 9
10 14 15
7 8 35
1 4 6
22 0 6
9 12 11
20 22 7
12 15 3
18 21 35
7 8 28
3 7 21
10 13 37
13 15 3
22 1 32
2 5 14
18 22 5
1 3 37
0 3 25
3 5 33
7 12 26
21 1 35
15 17 1
14 16 3
7 8 3
6 10 14
20 23 2
3 6 10
16 18 13
23 3 21
22 0 37
18 21 27
5 9 21
17 20 5
1 4 2
7 9 37
19 23 9
17 19 24
9 14 21
11 14 9
9 14 24
17 18 14
6 10 4
3 5 31
16 19 1
6 10 27
18 21 17
22 1 19
13 14 35
15 17 8
6 10 11
4 7 16
6 8 14
6 11 30
6 9 2
5 8 26
16 20 14
12 16 16
19 23 13
21 0 23
16 19 36
10 13 25
14 18 11
11 15 10
17 19 5
12 17 22
7 11 23
3 5 27
6 9 12
21 23 19
16 20 9
13 16 28
15 16 12
8 9 31
22 1 14
5 9 35
3 5 14
22 1 34
1 3 34
11 15 22
14 17 36
1 4 30
15 18 11
3 7 3
0 3 28
5 6 3
11 15 2
11 15 32
1 3 8
10 14 16
14 18 28
23 0 30
22 3 10
11 13 14
18 23 30
4 6 23
12 15 4
22 2 12
2 4 23
16 20 21
14 17 29
5 8 8
16 17 2
4 5 28
16 18 17
12 16 17
11 14 4
3 7 2
17 20 10
19 23 34
13 15 37
4 8 9
4 6 30
20 22 28
21 0 2
8 12 20
7 11 30
2 5 29
13 17 34
9 13 6
22 1 1
7 10 29
0 4 32
8 11 32
0 3 19
1 4 24
16 19 17
11 14 15
23 1 34
15 17 12
17 20 7
20 23 37
13 16 27
23 3 5
0 3 6
11 12 26
8 9 23
12 16 11
13 16 4
7 10 29
12 15 13
3 6 25
17 19 10
22 1 4
7 10 21
17 21 19
0 3 2
7 11 7
9 13 3
12 15 35
14 17 30
7 10 1
7 9 36
10 12 16
18 20 8
11 15 24
10 11 5
11 13 25
15 19 35
7 7 36
23 2 3
9 13 2
15 18 13
10 14 11
6 10 36
11 15 34
2 4 8
13 15 2
9 13 13
23 2 18
17 20 12
4 5 23
12 15 18
15 19 32
19 23 28
19 21 2
8 10 30
20 22 9
12 14 5
22 1 34
9 12 32
17 18 8
4 8 18
15 18 33
19 21 31
3 5 9
4 7 14
5 10 17
14 17 16
20 22 8
15 19 1
9 12 23
13 15 18
12 14 19
6 8 6
7 10 21
15 19 28
8 13 36
2 3 3
14 15 33
5 9 24
14 17 31
10 13 19
18 20 11
3 5 15
8 8 16
8 11 37
0 3 31
15 18 2
22 2 29
22 2 22
21 23 12
22 1 33
13 18 5
18 23 7
23 2 1
22 3 5
4 6 27
23 2 23
4 9 12
21 23 12
11 13 8
5 9 29
21 23 17
19 22 2
3 7 14
17 19 11
6 9 22
23 4 29
10 15 10
2 5 4
23 2 27
22 0 26
20 23 36
13 16 14
14 19 19
4 7 6
20 23 34
12 15 29
11 13 21
17 20 16
1 5 20
14 16 1
4 9 12
23 2 5
1 4 1
19 23 7
19 23 23
21 23 23
4 7 8
10 14 27
0 2 5
12 15 11
4 5 29
1 4 32
17 21 28
11 12 19
6 9 23
22 0 6
7 9 8
23 1 13
11 15 8
1 3 5
4 8 21
15 17 7
18 21 6
0 3 6
1 3 24
0 3 33
18 22 11
4 8 20
1 3 33
7 11 3
17 18 16
10 14 8
14 16 31
12 16 33
12 16 25
13 16 25
3 6 13
17 20 28
2 3 20
15 17 1
2 3 14
16 19 28
19 21 5
3 8 33
22 3 35
15 17 31
2 4 20
20 22 15
15 18 34
20 23 21
17 21 30
12 15 33
9 11 21
11 14 13
5 9 35
23 2 4
14 19 33
20 22 3
3 6 27
18 22 12
6 9 30
7 11 29
19 20 1
0 3 24
9 13 25
12 15 17
8 10 10
22 0 14
4 6 4
21 2 10
10 13 14
5 8 22
17 20 19
0 3 12
1 4 34
16 20 35
2 5 16
6 10 20
17 19 18
20 21 4
16 18 14
20 1 23
9 9 11
23 2 17
11 13 5
15 19 20
21 1 6
15 18 19
9 13 13
8 12 28
20 23 27
19 20 5
5 8 19
7 8 21
3 9 35
23 1 22
9 11 3
14 14 24
11 14 16
3 6 21
7 10 6
9 13 29
12 16 24
22 1 27
5 9 30
18 20 20
3 6 26
5 9 12
3 6 25
20 0 21
2 5 20
13 15 9
3 7 10
19 22 23
7 11 17
11 13 35
20 22 17
15 19 16
16 18 9
21 2 26
10 14 3
10 13 1
10 13 18
8 10 1
19 23 6
4 7 23
17 19 35
13 15 12
23 1 25
4 9 15
3 6 13
22 0 29
16 17 1
23 2 9
3 8 35
10 11 8
12 16 21
18 21 22
19 21 32
1 6 13
17 20 23
13 17 13
10 12 33
15 16 29
0 3 36
1 5 6
2 5 24
3 5 8
1 2 28
13 16 11
18 22 30
21 1 6
11 14 36
9 12 36
4 7 24
15 18 34
13 15 19
12 15 1
8 8 6
15 17 22
21 23 22
16 19 7
1 2 3
20 0 9
1 4 27
20 0 11
17 19 13
16 20 17
23 2 2
1 4 18
21 0 30
20 23 4
16 20 13
14 18 25
23 1 21
21 1 22
1 5 2
22 0 23
21 1 18
3 6 33
11 14 33
15 17 16
15 17 17
8 12 18
11 16 4
8 11 21
2 5 13
19 23 5
0 2 22
2 4 37
9 13 33
18 20 27
12 16 20
7 12 21
13 17 36
2 5 30
1 5 30
2 5 37
14 16 17
22 2 9
23 1 6
5 8 11
6 8 12
21 2 14
14 17 21
13 17 22
8 11 7
1 3 1
23 2 9
3 7 17
16 19 14
2 6 26
1 2 15
4 7 28
15 18 4
1 3 3
14 17 30
9 11 37
17 21 22
23 2 20
20 22 20
3 6 8
15 18 22
8 10 31
19 22 12
18 20 5
8 11 29
9 13 23
9 12 35
17 19 35
12 15 15
17 21 29
21 0 11
10 15 29
2 5 26
16 19 15
2 4 3
20 23 14
9 12 23
2 6 34
15 17 2
13 16 5
15 17 28
17 21 7
18 21 19
8 10 37
2 5 17
21 0 30
21 0 19
12 14 34
20 0 34
20 23 32
12 14 17
21 2 11
0 2 30
19 22 31
8 11 2
23 23 4
10 13 30
4 6 8
16 19 33
13 14 24
11 14 7
13 18 32
5 7 13
0 4 17
11 14 1
17 18 36
4 6 29
2 7 31
9 13 25
20 0 5
6 11 31
8 11 32
3 5 25
15 18 15
17 20 9
21 22 16
6 9 9
12 14 24
22 23 12
0 4 13
11 13 24
17 20 2
16 20 28
22 1 6
14 16 23
11 14 28
16 18 35
19 19 36
6 10 36
3 7 11
2 5 13
3 4 23
10 13 23
11 17 19
17 19 27
10 16 12
23 1 14
12 15 20
19 21 32
17 19 31
14 16 33
20 22 13
14 17 1
18 23 33
11 15 26
19 23 20
1 3 36
4 8 19
19 21 32
16 19 32
8 12 10
6 8 36
7 9 34
13 16 27
16 19 10
9 11 13
7 9 28
18 20 25
12 15 4
19 21 31
0 4 30
17 21 12
2 5 10
9 12 5
11 14 27
9 12 28
18 19 37
19 21 27
8 12 14
1 4 35
0 2 12
3 7 29
12 16 3
1 3 1
23 3 1
14 18 26
1 5 22
5 8 11
19 23 2
5 9 15
3 8 10
9 12 4
9 12 12
12 14 10
4 6 25
14 17 22
23 0 4
6 8 2
23 3 20
14 18 35
19 21 23
20 22 2
5 7 30
20 23 12
2 5 11
21 23 10
15 18 36
15 18 30
23 0 37
21 23 8
14 19 22
12 15 35
1 4 23
1 6 13
6 10 30
7 10 7
21 1 36
2 5 16
19 21 18
13 16 34
18 21 13
21 0 14
23 3 9
9 13 3
22 3 9
0 3 22
9 11 5
18 23 27
14 17 25
12 14 34
2 5 31
2 4 5
20 23 3
7 9 21
14 17 11
5 6 27
4 7 25
9 12 33
8 10 21
15 19 5
20 21 1
14 18 15
7 10 23
9 13 14
1 5 30
18 20 31
17 21 33
9 12 23
3 5 36
12 14 16
18 22 3
3 6 5
17 19 7
16 18 15
19 22 26
18 21 7
20 23 36
12 15 22
21 1 12
7 9 21
20 22 20
20 22 33
4 6 21
3 5 9
17 21 30
23 3 21
16 19 13
16 19 36
19 21 37
7 11 26
5 7 34
17 20 20
22 2 34
15 18 16
6 11 24
23 1 21
22 0 25
2 5 21
8 11 8
17 20 36
22 2 36
5 9 21
2 4 25
2 4 16
12 15 30
23 4 20
11 12 11
19 21 21
16 19 35
8 11 36
19 23 11
13 17 30
3 7 35
3 6 9
22 2 14
16 18 11
11 14 10
14 20 15
11 12 19
6 9 34
10 12 26
4 7 1
13 15 18
8 11 6
7 11 21
12 16 33
3 6 1
8 12 13
2 5 6
14 18 19
2 5 9
8 11 24
18 22 34
8 10 26
6 9 11
9 13 36
21 1 37
17 20 36
12 14 3
6 8 16
20 23 2
9 12 30
9 12 7
22 2 14
2 6 28
2 4 31
15 17 34
5 7 31
10 13 23
23 2 9
19 0 7
7 11 19
2 7 15
2 6 31
21 22 20
11 14 36
23 3 18
20 22 3
11 14 2
16 20 31
13 16 1
6 8 31
19 21 17
23 3 21
2 3 14
22 0 36
14 18 16
20 0 32
22 1 19
9 11 32
0 3 30
2 6 37
9 11 25
10 13 12
5 10 18
15 18 24
13 15 15
20 23 35
8 10 13
1 5 27
21 1 34
21 1 14
11 13 5
4 5 5
12 15 22
0 4 16
13 16 28
5 9 3
5 8 32
10 13 21
11 16 4
9 11 25
23 2 34
14 17 37
19 21 14
16 17 6
21 1 21
8 10 14
3 6 29
23 3 24
8 12 9
4 5 27
0 4 36
10 11 22
23 0 21
20 23 4
1 2 34
1 5 5
12 15 1
9 13 20
23 1 25
5 8 2
13 15 31
14 17 26
17 19 17
11 13 29
17 21 6
23 1 21
21 23 24
0 4 10
12 14 36
17 21 22
16 18 2
6 10 7
15 17 27
1 4 5
11 15 22
8 10 19
21 23 14
8 11 30
20 22 13
4 7 20
2 4 25
17 18 9
10 13 15
11 13 12
7 12 15
22 1 16
3 6 9
13 15 7
5 8 14
15 18 12
8 10 15
6 10 4
13 16 26
10 14 14
14 19 14
4 6 29
3 5 2
17 21 25
20 23 19
16 19 12
17 21 1
4 7 22
23 2 23
9 11 36
16 20 8
6 9 26
19 23 33
12 14 27
0 3 1
7 8 17
18 22 15
8 10 25
17 19 3
8 11 30
5 8 4
22 0 13
3 5 11
4 5 22
13 16 23
5 10 22
5 9 27
13 15 7
3 5 21
8 10 11
12 14 6
22 2 30
5 8 17
4 8 10
15 18 9
9 12 26
4 6 33
8 11 32
4 7 4
3 7 7
0 4 31
12 13 11
19 22 34
5 8 6
11 14 28
20 23 35
0 2 26
17 19 14
12 15 2
5 6 15
2 5 19
18 23 35
20 23 35
17 20 31
1 4 34
21 1 35
2 6 31
23 1 16
15 18 26
0 4 29
19 22 10
6 8 5
6 9 7
0 4 33
10 12 20
4 6 3
2 6 4
13 17 35
0 3 29
23 2 4
19 20 8
3 7 25
22 2 12
23 2 1
21 23 36
16 19 28
3 7 23
11 11 2
2 5 36
5 8 8
20 23 12
4 7 25
21 0 27
7 10 16
23 1 19
0 3 29
4 6 29
17 21 6
22 2 28
5 7 6
20 0 37
4 8 12
22 1 1
12 17 32
17 21 32
17 22 36
11 14 12
3 7 22
15 18 33
2 5 25
1 4 6
4 8 12
23 3 1
9 12 13
16 21 8
18 21 18
9 11 36
12 16 3
2 6 12
4 7 33
16 19 34
12 15 21
23 2 32
19 23 19
15 18 2
20 0 22
7 10 32
4 6 19
2 5 12
2 5 22
12 16 15
21 0 1
19 22 4
0 3 3
0 4 18
10 13 32
1 5 11
1 5 20
18 22 29
14 17 30
8 12 19
2 6 30
19 20 20
4 7 4
2 3 32
10 15 19
20 0 8
1 4 5
23 2 33
5 7 19
5 7 20
1 3 13
10 14 33
14 17 22
10 14 13
9 12 17
8 10 24
15 17 21
8 9 14
1 3 24
14 18 15
20 0 14
4 8 32
9 11 1
0 2 10
2 8 28
3 6 4
1 5 5
12 16 10
2 5 31
7 10 30
3 6 6
1 4 26
20 23 25
22 1 33
3 5 4
3 6 3
3 5 34
11 12 9
6 10 27
20 0 24
20 0 5
15 19 9
11 14 24
6 9 26
17 20 17
12 16 24
4 7 33
3 7 15
7 9 7
8 11 28
0 1 16
8 12 19
7 9 7
1 5 6
21 23 5
22 0 32
17 20 29
8 13 20
20 23 12
10 13 30
8 12 9
16 19 34
7 11 11
14 17 4
3 8 35
21 0 19
6 10 4
17 21 19
2 6 20
13 14 34
11 15 28
4 8 18
19 20 12
19 0 15
17 22 33
4 6 37
7 10 24
20 23 32
21 1 11
19 23 37
7 10 36
16 20 30
18 22 15
4 8 18
2 6 30
3 5 23
5 8 12
11 14 7
19 23 3
10 12 22
20 1 22
10 12 32
19 21 12
20 23 13
22 1 17
12 13 2
18 22 2
3 7 15
23 1 13
1 4 32
4 6 29
13 17 11
17 21 16
22 2 29
12 14 33
7 11 11
14 17 24
6 7 30
6 9 2
23 3 31
4 7 34
18 20 23
2 6 33
9 13 37
9 10 26
1 4 15
1 4 5
4 7 9
11 14 22
21 0 8
3 7 10
7 11 13
4 7 28
9 13 10
19 21 1
0 3 25
1 5 22
2 4 7
11 15 14
3 6 25
12 14 36
22 1 37
2 4 14
8 12 20
7 11 21
17 20 35
4 7 17
4 7 34
5 8 2
14 16 4
9 12 1
2 6 28
1 2 13
15 16 29
1 3 35
21 0 30
8 13 23
11 12 22
11 15 18
18 20 1
22 1 10
22 1 22
7 10 22
18 21 25
9 13 16
6 8 30
7 10 4
10 12 7
18 22 20
21 2 8
18 21 5
23 4 3
9 13 3
5 8 29
7 9 23
10 13 5
15 18 18
17 20 3
15 17 33
18 20 17
7 10 12
13 16 25
1 3 26
1 5 22
14 18 26
1 5 28
17 19 36
14 17 30
21 1 32
4 7 4
0 1 7
4 6 9
22 2 35
2 6 20
5 9 34
12 16 10
17 19 37
23 2 3
6 10 19
20 0 4
2 5 30
21 0 6
11 15 3
15 19 8
17 19 18
23 3 30
17 22 29
15 17 25
16 21 28
6 8 34
23 2 1
12 15 12
9 12 27
23 3 31
7 10 19
7 10 13
12 17 14
4 7 11
19 22 7
5 8 5
23 2 14
13 16 21
21 0 28
4 8 33
3 5 29
7 12 28
1 6 7
1 3 31
21 1 36
2 6 5
8 11 5
15 18 19
23 3 13
22 1 27
15 18 17
4 8 8
15 18 7
19 0 6
12 15 9
7 8 12
5 7 17
8 13 31
4 7 9
14 17 21
8 9 3
5 8 32
11 15 17
5 6 19
20 23 14
23 1 8
13 16 31
15 19 10
11 13 21
20 23 28
0 3 4
3 6 35
8 11 12
10 13 28
16 19 9
11 13 31
1 4 24
16 20 19
17 18 21
22 1 8
16 19 34
2 8 12
11 13 8
19 23 6
13 16 36
12 15 11
1 5 16
4 9 14
12 15 35
8 13 17
12 15 12
15 20 37
12 15 10
20 22 13
22 1 35
3 6 21
5 8 31
12 15 12
4 7 2
5 8 17
8 9 17
10 13 11
23 2 24
0 2 15
20 23 16
8 10 2
16 19 22
0 2 4
1 4 3
23 1 27
17 20 37
10 14 27
23 3 30
19 23 30
16 18 9
14 17 21
23 4 5
6 10 16
20 23 35
3 6 5
19 21 23
12 15 5
18 22 11
14 18 2
21 23 10
2 7 36
0 3 6
14 19 21
3 7 30
22 0 26
4 9 22
8 13 3
14 18 2
2 6 15
18 21 33
20 1 22
20 23 1
9 12 8
12 16 25
3 9 22
19 21 14
1 3 14
4 7 36
3 7 9
1 4 27
3 5 37
5 9 32
0 3 25
16 18 13
15 19 2
7 11 29
16 17 12
23 2 7
1 5 2
14 16 29
9 11 7
12 14 3
17 21 31
16 19 24
5 7 35
9 12 29
13 15 20
16 19 21
12 15 13
20 22 19
5 9 1
4 7 35
5 9 35
5 7 15
0 3 29
6 8 29
16 19 8
14 17 14
5 8 17
21 23 6
12 16 11
21 2 32
17 19 8
4 7 11
8 12 21
12 15 25
4 7 15
6 9 19
18 22 14
13 17 31
16 20 19
8 12 2
13 17 23
0 3 3
14 17 16
23 2 14
10 13 31
3 7 19
9 12 20
3 7 32
5 6 12
7 10 5
5 8 33
23 2 32
10 15 24
3 4 22
13 17 35
0 3 20
14 16 29
7 10 2
0 2 11
3 8 26
6 8 29
10 12 4
21 0 34
20 23 7
23 2 4
3 5 32
9 12 14
9 14 6
14 18 37
15 18 21
17 20 12
5 7 34
0 4 30
10 13 6
0 4 19
2 4 25
8 12 9
5 9 22
16 18 22
17 19 27
21 2 1
6 10 30
5 7 28
2 6 35
1 3 33
2 4 32
10 14 36
16 20 4
20 22 19
1 4 2
19 22 10
7 12 37
9 11 11
12 16 24
0 2 3
4 7 6
16 18 29
1 5 32
6 8 24
8 9 9
22 0 2
20 23 13
11 14 6
0 3 13
2 7 24
0 2 35
7 10 15
8 11 10
23 2 3
19 22 14
2 4 9
22 0 6
7 10 25
5 9 15
12 15 29
17 20 28
20 0 11
3 5 3
7 10 7
9 11 2
23 1 1
5 8 33
15 17 30
17 20 24
9 12 19
9 11 36
0 2 16
10 13 4
7 11 15
2 6 5
21 23 24
23 2 13
18 21 13
19 0 29
17 21 18
11 15 3
11 14 8
11 13 20
13 15 24
5 9 22
2 5 12
16 18 9
22 2 9
4 5 32
7 10 5
21 3 15
2 5 13
15 20 14
4 8 14
9 12 15
0 2 22
15 18 18
6 9 36
14 18 2
3 6 21
16 20 1
17 19 1
3 5 16
15 20 29
18 20 19
19 22 16
7 9 5
10 11 35
15 18 28
13 16 3
3 5 28
2 5 28
14 17 23
1 5 32
13 16 22
21 1 18
13 15 15
16 18 21
15 18 31
19 22 33
20 0 29
5 7 32
7 9 33
4 4 22
20 1 22
8 13 37
20 0 8
9 12 27
7 9 19
8 11 36
16 18 24
9 12 11
22 1 9
9 14 33
5 9 17
3 7 6
3 7 30
10 12 26
3 6 7
16 19 32
14 15 2
11 15 21
12 15 30
21 0 36
3 6 11
16 19 14
12 14 36
0 1 18
1 3 25
6 8 32
5 7 3
5 8 7
17 21 26
1 6 24
1 4 31
22 2 8
14 17 19
5 8 5
7 11 10
11 14 3
19 21 20
2 3 24
7 10 18
12 14 24
3 6 3
15 18 32
7 11 3
18 20 8
5 7 21
17 20 30
7 10 20
14 16 32
9 12 31
23 1 19
1 4 35
5 9 9
14 17 24
3 7 8
17 19 16
15 18 14
18 22 21
8 11 13
11 16 27
8 9 8
1 3 36
15 19 20
20 23 36
19 23 2
8 12 31
21 23 17
7 11 3
9 11 1
18 21 17
10 14 4
8 11 25
11 13 32
3 6 24
1 3 18
5 9 29
22 0 33
9 11 8
12 17 28
1 5 23
22 0 35
5 7 2
21 22 15
8 13 28
3 6 7
7 10 7
1 3 24
15 18 3
20 21 35
2 4 35
21 23 15
10 13 6
22 1 6
4 8 9
16 20 1
16 20 6
23 2 5
0 5 33
17 20 2
0 2 29
13 15 27
16 16 33
3 6 25
3 3 26
6 9 4
17 19 27
12 14 29
5 9 36
19 22 14
7 9 33
6 9 24
8 10 16
6 10 27
2 6 32
3 6 12
18 22 31
8 10 14
14 18 33
2 6 30
10 11 7
15 19 34
10 14 20
18 20 27
1 5 25
1 3 20
1 4 17
0 2 2
0 3 9
20 23 13
4 7 35
7 9 24
22 2 35
7 10 10
10 13 30
19 23 17
13 17 1
16 20 31
4 7 26
5 9 37
13 16 37
1 2 11
23 1 24
1 5 25
8 11 6
19 23 13
20 23 20
7 11 16
19 22 20
11 13 15
11 13 22
13 17 37
0 3 34
18 22 20
7 10 31
0 3 7
2 5 28
9 10 4
15 19 33
19 22 28
16 18 14
9 12 11
0 1 22
0 4 6
0 4 29
21 1 22
19 23 37
20 22 36
12 15 32
3 6 34
0 3 14
17 20 33
23 4 3
19 22 28
4 6 21
3 4 25
18 21 5
13 15 12
15 18 28
20 1 11
18 23 31
23 2 5
15 17 29
10 13 19
4 9 17
22 1 5
15 18 19
9 10 36
9 11 14
4 6 5
11 13 35
10 11 17
19 22 30
5 7 8
22 0 20
8 9 26
0 3 28
13 18 5
23 3 17
16 20 3
1 4 5
15 18 18
14 18 27
5 9 34
20 0 11
0 3 25
4 6 35
21 23 18
0 4 6
1 4 25
20 23 12
4 7 3
8 11 18
7 11 26
4 6 11
3 6 20
8 12 2
22 2 30
3 6 31
10 15 25
5 7 2
0 3 23
9 12 8
11 13 1
6 9 37
10 13 14
15 18 25
0 3 24
3 5 22
5 7 1
18 22 7
12 15 15
15 19 21
9 12 20
12 15 36
18 21 21
19 21 10
5 7 8
10 13 12
5 9 11
18 20 11
3 6 1
18 20 15
11 15 10
7 10 18
13 15 14
17 17 4
19 23 9
1 3 21
14 16 23
9 13 7
13 16 8
3 7 8
14 17 31
7 11 14
15 16 8
17 21 21
7 9 3
8 11 29
13 15 28
15 18 8
19 21 34
12 15 27
19 20 1
8 12 35
6 8 12
21 0 10
18 21 33
23 1 7
15 17 17
23 3 18
20 23 33
16 20 32
2 4 8
16 22 14
16 19 3
9 13 5
11 13 26
12 15 3
7 9 24
1 5 14
8 9 15
17 20 19
6 10 36
18 22 32
2 6 30
21 1 26
20 0 12
20 23 23
6 9 7
7 11 12
0 3 8
17 19 27
20 0 4
2 5 19
6 9 27
2 7 3
6 8 20
17 21 15
18 21 23
3 6 31
8 11 15
11 14 33
12 16 9
15 18 14
3 5 33
6 9 32
3 6 36
13 14 13
16 19 27
15 17 3
14 18 31
4 6 36
8 11 16
21 1 1
22 1 20
8 10 15
6 9 36
1 2 33
11 14 27
15 20 13
0 3 36
10 13 32
14 15 27
20 21 20
1 4 21
7 10 25
0 3 27
4 8 26
17 20 34
3 5 7
8 11 22
5 8 6
2 7 17
9 11 29
18 20 6
19 22 17
17 19 6
8 12 4
9 11 34
21 22 8
6 11 21
2 4 6
3 9 5
23 1 4
21 0 12
18 23 8
19 22 27
23 2 4
12 16 31
11 15 3
16 18 19
4 8 4
17 20 16
14 16 34
6 10 17
12 17 36
0 3 24
11 13 30
21 22 20
4 7 13
7 10 5
19 21 36
8 11 6
3 7 34
0 2 37
7 11 18
11 14 13
15 18 29
17 21 29
4 7 5
4 8 28
9 12 8
12 15 18
7 9 13
20 23 14
2 6 6
12 14 32
4 7 3
16 19 9
13 15 7
8 10 37
22 0 4
22 2 32
22 23 8
21 0 6
23 2 23
22 1 20
7 10 13
5 9 26
3 7 35
20 21 19
6 9 30
18 19 34
2 7 34
1 3 16
6 11 1
18 21 27
15 16 12
9 12 36
23 0 26
8 11 30
16 19 29
7 10 7
16 18 32
14 16 2
19 22 21
13 16 34
8 11 35
2 6 12
15 17 6
3 6 5
12 14 22
23 3 20
5 7 5
11 14 37
1 6 7
6 6 23
23 1 20
9 12 9
16 17 37
1 4 37
8 11 33
17 21 33
12 15 2
0 3 6
10 13 21
22 2 33
17 20 16
21 1 7
6 9 21
10 13 27
16 19 9
17 20 16
7 10 19
12 16 10
5 9 21
7 10 26
22 1 12
8 11 4
14 17 30
20 23 8
3 4 9
11 15 36
12 13 34
6 7 26
1 3 31
14 15 2
15 17 17
9 13 16
19 22 18
5 7 3
21 1 36
8 11 28
15 18 20
1 5 9
16 19 30
17 20 18
19 23 18
23 1 4
21 0 23
3 6 36
23 2 10
15 17 7
7 10 27
9 11 29
23 2 1
2 5 21
16 19 34
7 12 12
23 3 29
16 20 18
21 0 1
10 11 2
21 1 9
3 6 13
21 0 14
1 4 24
17 19 1
7 9 31
20 0 20
14 17 4
4 8 20
21 1 33
13 16 18
10 13 37
10 12 18
11 15 28
12 15 23
13 16 12
14 16 11
18 21 30
14 16 29
21 1 26
0 3 17
16 20 35
9 12 1
19 23 10
10 13 30
0 3 10
6 10 4
17 20 33
12 14 18
19 22 9
23 1 21
8 12 20
8 10 22
8 9 13
2 5 10
11 14 21
0 3 28
20 23 33
10 13 29
20 22 7
17 21 27
4 8 7
2 7 18
14 18 35
10 14 9
19 23 2
17 19 10
10 13 30
23 1 1
15 17 15
10 13 15
11 12 22
2 5 14
13 15 11
14 17 32
22 1 14
2 3 28
14 17 21
0 5 1
1 7 4
4 7 14
1 5 16
23 22 19
5 9 3
12 12 2
21 1 18
9 12 21
6 10 37
19 20 36
21 23 17
13 17 26
11 14 34
18 22 16
10 11 20
18 21 7
19 23 17
0 2 37
15 18 28
6 8 10
7 11 16
19 23 14
3 6 28
13 16 13
12 15 35
8 12 19
17 20 29
19 0 3
16 18 19
17 21 12
2 5 32
19 23 6
22 2 19
2 7 15
0 1 37
19 22 29
19 22 28
17 20 34
22 23 7
19 22 26
14 19 10
21 1 20
11 14 8
2 5 7
16 20 9
23 4 5
8 9 25
22 1 6
9 12 15
16 21 33
13 16 35
6 7 23
17 20 26
13 16 11
17 20 6
21 23 33
18 20 9
7 10 5
7 10 26
21 1 8
0 4 20
0 2 36
21 1 14
7 8 37
1 4 2
15 18 10
12 16 30
3 5 9
1 6 17
16 20 12
15 18 32
20 23 2
11 13 22
15 17 10
9 12 36
19 22 13
4 7 27
11 14 3
2 3 18
2 5 14
5 9 17
12 14 4
1 3 8
15 17 10
1 4 11
13 16 35
20 21 33
23 1 35
23 0 29
0 2 31
22 0 21
23 2 6
1 4 22
20 0 35
17 18 1
9 13 9
22 1 13
5 9 28
3 6 21
7 9 29
20 1 9
17 19 6
20 23 22
18 20 17
9 11 28
23 2 22
16 18 16
12 15 19
3 5 30
5 8 28
12 16 34
3 7 25
11 13 36
3 7 9
6 10 11
9 12 21
11 15 25
20 0 4
19 23 13
4 6 12
9 13 11
11 14 2
21 1 16
6 9 14
13 16 23
0 2 33
3 7 20
13 15 9
23 1 8
20 23 25
15 18 19
23 1 14
1 5 19
17 20 23
1 4 7
21 0 29
14 17 20
7 10 33
9 12 3
16 19 37
0 2 9
12 14 21
14 17 36
23 2 7
3 5 3
1 3 28
21 23 13
13 16 5
7 11 7
17 20 12
6 9 37
3 8 29
7 10 30
6 8 29
18 21 16
8 12 27
6 8 13
22 2 12
17 20 16
3 5 20
14 18 13
17 20 21
3 6 28
5 7 3
16 20 25
17 19 21
5 7 12
18 20 21
12 14 25
18 21 35
19 23 28
9 11 24
6 10 10
1 3 22
23 3 2
18 20 28
4 7 36
20 22 24
3 4 23
13 15 35
5 7 21
2 6 5
18 22 15
17 22 35
12 14 19
8 11 6
20 23 11
3 6 10
10 15 37
3 8 20
22 2 19
8 10 37
2 4 37
19 21 25
4 8 21
8 10 14
16 18 19
21 0 1
1 4 13
0 2 20
17 20 13
14 16 23
18 20 4
18 20 23
10 14 11
9 12 18
20 23 2
14 18 11
2 4 27
2 5 12
7 12 4
5 8 16
15 18 35
7 10 3
12 18 28
19 22 19
22 2 16
2 5 12
9 13 11
6 8 9
6 8 25
21 1 34
5 8 15
6 7 2
14 15 8
10 12 26
10 12 22
23 1 12
19 22 5
7 10 29
0 4 22
1 5 25
23 2 6
16 18 30
15 18 24
10 13 30
6 8 10
2 5 32
19 23 17
10 12 11
13 15 30
15 16 3
5 8 25
6 11 37
1 6 26
11 15 16
14 18 22
15 20 21
7 10 27
13 17 9
20 1 13
20 0 24
5 7 34
13 16 37
15 20 2
18 22 13
13 15 3
9 12 32
1 5 16
16 19 2
20 22 29
20 21 34
19 22 23
22 3 12
16 18 3
5 7 2
18 20 25
8 11 29
20 20 14
16 19 34
12 13 36
22 0 8
14 16 13
13 17 19
12 14 31
3 7 15
3 7 4
14 16 12
23 3 28
18 21 4
8 11 21
18 21 17
22 2 11
1 3 16
1 4 26
21 23 2
15 18 33
4 7 37
2 5 37
8 12 27
16 18 2
9 11 6
8 10 35
21 0 27
15 18 27
18 21 16
23 0 13
18 21 14
6 11 2
2 5 20
13 15 24
7 10 18
20 22 15
19 22 20
7 10 34
7 9 12
10 14 18
2 5 10
8 12 29
12 15 19
14 17 11
7 11 36
19 23 12
18 21 12
14 17 32
5 8 8
16 19 9
4 8 5
1 3 24
1 5 27
8 11 29
11 16 17
21 2 11
20 0 7
10 12 19
11 15 10
11 14 36
8 12 4
6 10 3
21 22 32
21 0 19
12 17 14
2 4 21
7 8 33
11 14 36
13 17 27
23 0 7
23 1 9
3 6 32
10 14 13
10 13 30
20 23 21
19 21 28
1 5 9
20 0 31
19 0 17
22 22 19
15 18 2
16 21 20
9 11 23
5 9 31
10 14 3
1 3 9
19 0 12
13 17 25
9 12 16
3 5 33
2 5 16
12 13 3
9 12 21
9 13 17
10 11 24
2 8 9
22 3 21
7 10 32
17 20 14
13 16 12
23 2 35
6 9 31
22 3 21
22 1 19
15 18 22
23 2 36
22 1 31
23 0 30
0 3 26
18 20 35
11 14 10
3 6 15
12 15 2
9 12 5
20 22 18
22 1 36
17 20 7
18 20 32
9 12 15
6 8 37
23 3 6
12 15 21
0 2 25
20 23 5
21 23 26
3 6 10
19 0 18
15 18 5
17 19 22
15 17 27
18 21 9
23 3 15
6 11 19
22 0 18
10 14 20
15 20 20
15 17 3
0 3 33
5 7 2
7 10 6
4 6 11
5 10 19
9 12 17
0 3 13
9 11 11
10 15 34
20 23 36
23 3 10
8 10 15
2 4 3
2 3 5
15 19 20
17 18 30
12 16 16
21 0 27
5 6 15
2 5 26
6 10 15
5 8 30
22 1 33
5 7 12
5 10 16
6 9 14
1 3 21
14 17 21
14 16 23
15 18 19
21 1 16
13 16 13
20 0 18
23 2 9
16 19 9
12 15 17
3 6 26
19 23 13
21 2 26
16 22 1
12 16 17
3 5 23
3 6 18
15 19 11
3 6 12
2 6 35
13 15 28
12 15 32
18 20 26
9 11 23
2 6 24
14 17 34
5 6 20
12 14 1
2 4 25
12 13 26
13 17 30
23 3 18
4 8 22
9 13 33
15 18 31
6 8 21
13 18 1
11 15 21
4 7 9
18 22 10
10 13 11
4 7 34
3 6 24
10 11 23
17 20 35
20 23 28
7 11 36
3 6 9
21 23 30
8 11 26
14 17 25
0 3 23
23 2 4
20 23 23
3 5 35
12 12 12
10 13 5
2 7 32
16 19 19
16 20 19
3 5 8
19 22 23
15 17 5
11 13 21
10 12 10
11 14 2
5 8 2
7 10 14
9 13 22
10 13 17
10 13 12
3 6 8
0 4 17
19 21 37
5 7 3
6 9 7
7 10 29
11 14 35
19 22 14
13 17 30
9 12 6
18 19 35
12 15 35
22 0 20
14 17 37
0 1 28
10 12 26
4 7 8
6 9 10
14 18 11
22 23 14
22 3 18
20 23 4
8 12 30
4 8 13
4 6 1
0 2 28
8 12 4
2 5 37
8 11 15
0 1 15
14 16 9
15 19 26
17 18 34
16 20 15
11 12 11
3 6 19
11 14 32
12 14 15
12 16 26
1 5 33
8 12 32
11 15 12
5 9 29
9 9 27
6 10 9
10 14 6
3 4 32
23 1 36
6 9 19
1 1 23
0 3 10
5 7 14
18 20 28
9 13 9
5 7 2
10 11 8
19 23 2
9 13 36
8 10 29
1 3 9
3 6 16
18 22 11
18 20 28
9 12 1
15 19 2
20 0 35
2 5 32
2 6 28
22 0 21
3 5 9
12 15 35
14 18 3
15 16 20
4 7 14
9 12 23
9 12 5
2 5 27
23 2 17
0 3 18
12 15 34
11 14 35
16 20 33
11 13 18
21 0 4
22 3 23
15 17 23
12 16 25
17 20 16
17 19 24
8 10 29
2 5 24
1 6 32
2 5 32
15 20 5
4 7 13
12 16 11
15 18 4
12 15 32
4 6 35
12 15 3
2 5 32
5 7 29
17 19 24
11 16 4
2 5 10
2 5 7
1 4 12
7 10 36
23 3 17
8 10 8
23 2 33
0 3 34
20 23 30
8 11 2
16 20 2
2 6 35
0 4 24
6 7 15
21 0 31
2 4 28
22 2 9
14 18 27
11 12 36
18 23 29
0 2 10
20 23 19
6 10 23
19 22 29
18 22 30
16 17 21
20 23 6
2 6 34
0 4 19
1 3 20
14 17 3
15 18 18
22 2 37
3 7 14
15 17 28
17 21 28
2 4 33
17 21 11
8 12 20
16 19 1
23 3 34
10 14 15
18 20 18
4 7 16
14 17 17
0 5 22
18 21 23
2 6 13
1 3 19
8 10 3
14 16 7
16 18 13
1 6 33
19 22 27
22 1 5
11 14 6
10 13 6
10 15 32
20 22 18
10 14 13
5 8 28
21 23 36
21 23 27
14 18 11
18 20 11
18 21 27
9 12 11
11 14 4
17 20 30
12 17 3
16 19 11
11 15 29
14 17 30
21 2 8
22 1 23
1 5 32
14 17 12
1 5 18
7 10 19
4 7 34
11 14 15
4 5 13
16 19 2
5 8 33
2 8 36
16 18 9
5 8 32
20 0 35
22 23 27
7 11 37
10 14 25
9 13 20
15 20 9
5 7 14
22 2 36
20 0 37
2 6 25
10 12 35
12 15 24
22 2 17
17 19 30
7 11 4
5 9 36
7 9 5
14 16 30
7 10 29
18 20 24
3 8 3
3 6 30
7 10 18
18 0 25
12 15 24
23 3 20
11 13 25
6 7 29
16 20 36
3 6 3
20 0 5
1 4 18
13 17 31
3 6 25
14 17 7
16 17 24
6 7 5
22 1 30
7 10 32
18 21 2
3 6 29
0 4 23
8 11 15
14 18 35
8 10 9
14 17 6
15 18 5
7 10 24
11 17 3
2 6 8
10 14 4
21 1 21
3 5 31
23 1 32
14 18 17
10 15 16
14 19 13
16 17 1
3 6 7
22 2 12
18 21 36
4 6 29
5 7 17
21 22 33
22 0 32
4 7 35
22 3 14
9 12 15
17 20 24
6 8 9
15 17 29
3 6 14
1 4 10
16 19 10
6 9 21
6 10 9
16 17 11
22 1 31
18 21 24
22 1 12
18 21 31
13 16 4
9 13 8
9 11 25
20 0 3
20 0 20
17 19 26
7 10 12
11 14 4
17 20 17
6 9 24
12 16 16
5 8 31
10 13 30
18 21 2
15 18 29
2 6 29
11 13 31
5 8 21
19 22 33
1 3 20
19 21 29
11 14 1
12 15 14
4 8 37
2 5 9
13 16 26
7 12 29
16 19 32
15 19 34
11 15 16
10 13 34
3 7 6
19 0 1
21 0 11
13 16 12
17 19 20
13 16 24
4 7 14
9 12 10
1 4 26
21 23 34
5 8 37
2 5 2
2 6 10
11 16 5
15 18 2
22 3 10
17 21 30
11 15 1
8 11 26
13 16 17
2 6 20
15 17 13
2 4 21
0 4 13
9 12 28
19 0 17
16 18 2
2 6 19
22 2 29
8 13 27
23 2 27
16 18 30
4 7 28
4 8 18
13 18 1
4 8 1
2 7 12
15 18 30
7 10 14
1 4 16
5 9 12
2 6 8
8 10 31
8 11 34
9 12 26
12 18 24
19 21 34
13 16 35
21 1 35
17 19 35
5 7 11
0 3 13
23 3 17
12 16 2
7 9 16
20 22 29
18 22 12
3 7 35
8 10 24
7 10 36
22 1 11
20 23 8
12 14 33
0 3 32
12 16 35
3 6 9
11 13 34
16 19 36
14 16 16
20 22 37
13 16 19
19 22 16
1 4 33
23 2 7
3 5 27
10 14 30
17 20 4
9 12 34
23 4 8
1 3 8
8 14 9
16 18 20
11 14 13
12 16 31
2 7 11
17 22 30
10 14 26
13 15 13
20 23 17
16 19 37
22 1 36
18 20 28
3 5 4
22 2 16
11 14 19
20 22 17
20 23 20
5 9 31
19 23 4
8 11 19
0 1 36
6 8 16
21 0 34
19 22 19
3 4 17
8 11 6
21 0 33
16 20 4
21 0 31
2 5 2
21 1 1
9 12 21
17 19 25
3 4 34
12 14 8
20 23 35
5 8 36
10 13 33
13 15 17
8 9 21
19 21 5
9 12 4
15 20 30
18 21 3
20 0 24
0 2 25
21 0 28
6 8 32
0 4 18
10 14 10
1 3 15
21 22 25
7 10 6
15 21 28
23 2 8
19 21 3
5 7 33
17 21 31
20 22 32
9 12 19
0 3 23
14 16 3
15 18 20
5 7 25
19 23 19
18 21 32
23 1 17
20 22 1
23 0 26
23 1 30
0 2 7
17 19 19
1 5 2
19 22 4
11 14 23
7 9 11
18 23 8
19 21 34
10 14 35
11 16 30
4 8 34
18 21 14
9 13 17
4 8 14
0 4 32
20 21 29
17 20 21
9 13 14
1 4 11
7 11 10
18 21 3
19 23 28
9 13 17
2 5 5
16 20 27
21 0 12
0 3 11
9 12 27
10 12 3
17 19 30
1 3 37
5 7 23
23 2 26
7 10 32
21 23 27
4 8 8
21 2 20
22 0 14
19 21 9
19 22 5
1 3 11
18 20 2
5 7 1
13 14 37
14 17 33
14 16 8
1 4 4
21 1 37
16 21 24
2 6 23
19 22 25
18 21 17
18 22 20
15 19 4
5 9 8
0 3 20
21 1 5
17 19 19
1 5 35
15 19 12
10 13 20
5 8 37
18 22 31
5 8 26
8 10 36
5 8 31
18 21 29
17 20 5
1 2 35
12 15 14
15 18 7
14 16 11
3 7 23
3 6 28
20 22 1
18 21 16
17 22 13
13 17 29
23 3 20
0 4 7
6 9 15
9 13 32
7 10 11
17 21 9
7 11 27
1 3 5
9 12 17
23 2 35
22 2 3
10 13 37
2 4 15
3 4 22
14 18 4
10 12 27
14 16 20
21 0 35
2 4 21
12 16 8
22 2 37
7 10 13
12 16 31
4 8 7
7 12 27
15 18 6
16 19 22
4 7 11
15 19 3
20 22 12
19 22 32
0 3 35
2 5 28
6 9 15
13 17 23
22 1 24
8 12 10
3 6 17
7 10 30
19 21 18
17 20 1
6 8 26
5 7 30
11 13 26
6 9 13
22 2 8
23 2 17
3 7 21
19 21 19
3 6 23
14 19 1
5 10 31
13 17 35
18 21 17
5 7 30
9 14 22
18 22 12
14 16 9
20 1 5
19 20 31
7 8 37
3 6 6
12 15 30
5 9 36
1 3 30
7 8 17
0 3 23
4 4 4
18 22 17
6 10 16
23 1 32
16 18 32
17 20 5
3 6 28
11 13 25
3 5 13
3 6 37
15 18 36
3 7 1
0 2 31
15 17 13
11 14 7
22 2 9
21 21 8
15 20 3
2 4 5
15 19 17
21 0 34
13 18 37
11 14 23
17 21 2
22 2 10
23 1 33
0 2 18
15 18 29
2 6 28
18 21 35
7 9 26
18 20 4
17 20 3
14 16 7
16 20 11
6 9 25
1 4 19
21 0 1
15 19 26
19 23 19
20 23 34
12 13 15
10 14 7
5 7 29
15 18 26
6 9 4
8 10 31
20 23 6
7 10 32
2 6 10
11 13 14
10 14 28
11 13 12
10 12 22
8 9 2
0 4 7
15 19 2
14 19 19
3 6 18
16 20 15
20 1 37
19 23 23
4 7 36
13 16 16
23 4 33
6 7 16
7 10 18
17 20 25
2 5 19
3 5 2
2 6 12
16 20 19
5 8 32
0 1 10
7 12 17
16 21 19
10 14 2
22 1 37
17 20 25
4 6 13
20 1 14
10 14 6
0 4 28
17 18 26
15 17 14
4 7 5
20 23 21
1 4 21
6 9 21
15 17 8
7 10 3
19 23 2
20 0 14
4 7 24
23 2 10
19 22 14
9 12 29
11 15 7
11 15 36
7 8 37
13 15 6
18 21 35
10 12 28
13 18 30
6 9 9
20 22 30
0 2 33
5 6 2
21 0 31
7 9 3
5 7 15
3 5 29
1 5 5
14 18 5
21 1 4
18 21 12
5 9 15
10 14 12
20 0 30
15 19 24
13 15 30
23 2 30
18 21 24
13 17 29
10 13 15
5 8 27
22 2 5
1 3 13
6 9 34
18 21 36
21 0 20
3 7 31
4 6 29
7 11 12
10 14 4
14 15 32
0 3 18
22 2 31
8 12 17
15 18 17
20 21 17
20 22 8
18 22 27
5 6 19
20 0 37
22 1 21
12 14 13
1 4 21
1 5 29
6 11 22
7 9 30
11 14 4
9 12 14
4 6 32
1 5 11
17 22 37
12 14 19
2 7 23
