1000 41
41 10 15 6 8 37 9 30 11 16 31 10 27 3 20 27 9 4 8 38 8 1 5 4 23 20 2 5 39 8 24 30 23 1 27 15 26 5 9 25 22 
23 2 9
22 2 38
19 23 2
17 20 7
20 0 37
2 3 36
4 6 32
13 18 36
15 19 35
7 10 31
3 5 21
11 15 23
1 5 20
12 15 36
16 19 10
13 17 4
8 9 31
6 10 28
22 1 27
15 17 9
0 3 21
12 15 19
6 8 40
20 23 5
4 6 32
15 18 19
6 11 28
8 11 29
8 10 5
22 1 4
0 4 4
21 23 31
16 19 32
2 7 1
14 16 40
12 16 41
11 14 10
5 8 41
20 0 26
5 9 23
9 11 14
16 20 30
19 23 14
5 9 4
12 14 40
18 22 19
2 5 23
9 13 19
4 5 22
7 9 11
2 4 16
2 6 36
20 21 1
15 17 6
16 19 33
6 7 6
22 0 26
15 19 40
18 22 36
11 14 18
16 18 32
20 23 5
3 5 32
6 8 37
23 4 30
19 22 34
14 16 31
18 21 3
9 12 36
8 10 35
22 1 33
19 23 2
21 0 34
6 9 37
18 21 16
22 1 21
2 6 12
12 15 21
23 3 7
8 10 29
9 13 6
13 17 37
8 12 38
18 21 35
13 16 32
15 17 16
10 12 6
14 19 14
16 17 11
19 21 23
14 18 20
7 8 39
18 22 17
16 20 23
17 21 34
14 16 34
1 6 27
4 8 30
14 19 20
21 0 25
13 16 30
14 15 29
13 15 32
0 4 1
12 16 8
1 5 40
1 4 39
2 5 20
19 21 3
19 23 39
19 21 25
19 22 13
22 2 19
8 13 30
1 5 24
22 2 20
12 17 31
8 11 9
14 16 35
19 0 34
10 12 40
11 13 38
17 19 10
11 14 38
17 19 13
19 22 16
23 3 31
3 5 5
20 23 38
23 0 32
15 19 24
4 8 23
8 10 3
23 2 7
18 22 6
8 12 10
18 20 26
14 16 5
8 12 7
1 4 3
21 1 35
7 11 32
17 21 31
0 1 16
18 21 32
15 19 36
17 19 39
17 20 19
0 2 14
13 14 34
14 18 38
12 15 16
12 15 12
13 17 23
10 11 39
8 11 15
16 19 25
12 14 6
19 22 3
8 11 14
16 19 20
22 23 32
2 7 28
7 10 24
14 18 41
2 5 12
2 5 24
19 22 3
21 1 7
11 14 36
12 12 9
18 21 5
0 3 18
1 3 39
7 12 31
1 4 30
0 2 41
2 6 6
1 4 37
23 1 35
5 8 21
4 9 19
5 11 10
0 2 32
6 7 9
9 11 25
20 0 41
17 20 25
6 10 7
22 0 22
5 8 2
14 16 16
8 11 11
5 8 7
11 12 18
12 14 25
8 13 36
6 9 11
0 3 30
8 12 33
12 15 20
17 20 9
10 13 37
17 19 14
2 6 33
15 19 31
12 14 40
14 18 41
8 12 36
10 12 27
2 4 13
20 22 5
22 0 34
21 1 32
16 19 15
12 15 10
2 6 7
2 4 2
0 3 19
8 10 11
22 0 23
18 21 39
14 16 28
1 5 40
19 22 24
22 1 24
22 2 35
6 8 30
14 19 16
15 17 5
13 16 16
2 5 4
9 13 37
17 18 32
9 13 16
20 23 30
23 1 4
8 13 10
8 11 41
8 11 10
2 4 15
14 15 10
23 0 29
21 1 9
9 12 23
7 10 10
6 11 12
17 20 9
15 17 34
15 18 26
20 23 8
2 5 34
13 17 26
10 15 17
18 21 36
1 4 14
16 19 12
2 5 18
22 1 28
15 19 7
15 18 17
19 21 12
14 17 38
11 14 15
14 16 21
0 3 38
2 5 13
0 1 32
16 17 29
2 5 2
14 18 39
6 9 28
3 5 12
8 10 12
3 7 4
16 18 5
6 10 7
16 18 32
8 11 26
7 9 41
22 1 17
1 5 40
23 2 22
21 23 21
4 6 28
3 5 21
3 8 41
3 6 37
16 19 23
16 21 37
14 17 14
14 17 5
20 23 35
9 12 2
13 16 11
8 10 41
5 8 31
1 4 40
21 0 40
2 4 18
22 2 41
11 15 17
22 1 38
11 13 36
9 12 27
5 8 15
18 20 9
21 0 3
5 8 8
10 13 5
2 4 18
5 8 3
11 15 35
16 20 8
20 23 35
18 21 25
6 9 3
14 18 26
6 7 27
16 19 2
11 15 12
0 3 11
5 9 12
3 5 8
5 8 24
20 22 16
1 3 27
19 22 25
11 13 16
20 23 17
5 8 10
4 6 12
20 22 41
18 21 12
22 0 25
21 21 4
14 17 13
3 5 31
5 8 14
19 0 5
15 17 27
16 17 32
17 22 31
8 10 12
8 11 31
2 4 27
18 22 8
15 19 25
4 9 21
6 11 32
9 11 16
4 7 35
1 3 25
3 7 34
4 8 41
9 12 19
17 20 14
16 19 13
8 12 21
12 14 4
13 15 27
5 6 31
17 21 8
21 0 7
8 10 29
6 10 7
10 12 23
23 2 29
22 1 11
18 21 22
5 9 24
8 13 34
5 8 19
1 4 1
17 20 34
19 21 41
23 2 21
22 2 16
17 22 32
20 0 26
16 18 35
4 6 38
3 5 14
17 21 21
17 20 37
0 4 14
19 22 8
5 9 38
19 23 11
4 5 33
8 10 32
10 14 27
19 22 16
17 19 22
14 18 16
16 19 40
14 17 10
5 6 16
1 4 19
3 6 6
3 6 34
5 8 29
6 9 3
4 5 15
18 19 35
21 23 26
18 20 28
20 1 34
3 5 39
9 12 34
6 9 10
20 23 17
4 7 32
11 13 8
7 11 36
21 0 31
13 17 6
18 22 40
20 0 8
20 23 26
16 21 16
10 13 37
10 12 11
16 21 26
7 10 21
0 3 15
10 13 27
18 21 26
5 8 12
12 13 2
23 2 8
7 12 37
17 20 34
19 22 9
13 15 19
16 19 8
17 21 41
11 14 16
13 17 18
6 10 2
0 3 6
10 13 40
18 22 5
16 20 37
10 12 28
17 20 1
12 13 10
2 4 1
1 5 17
3 6 7
12 13 23
18 22 39
5 6 24
2 5 19
14 19 36
14 15 5
2 3 2
7 11 9
12 15 37
17 19 9
9 11 30
7 10 15
0 4 14
6 7 24
23 3 14
16 18 13
4 7 9
23 4 35
14 19 9
11 13 20
20 23 10
20 23 29
20 0 40
22 3 30
3 5 20
21 0 4
17 20 20
16 21 9
3 7 14
5 7 15
22 2 12
21 0 19
22 23 25
20 23 20
3 6 12
17 19 19
10 13 11
3 7 33
15 18 18
17 18 16
16 20 32
4 8 15
11 15 27
15 17 15
13 17 25
12 14 2
8 11 28
5 8 4
22 1 37
12 14 41
22 22 6
5 9 21
18 19 5
12 12 29
20 23 11
1 5 36
11 16 10
5 10 31
13 18 26
2 4 41
15 19 26
7 10 7
0 3 36
20 23 37
5 8 34
8 11 8
11 14 5
20 0 30
8 13 3
3 7 27
4 7 31
20 0 21
2 4 19
21 0 6
9 12 10
4 7 41
12 13 2
14 17 1
0 3 5
8 11 33
21 0 31
23 2 15
3 5 2
9 12 3
19 22 24
12 16 24
2 5 14
22 1 12
9 11 5
18 23 26
11 13 35
3 7 23
22 2 22
7 10 39
19 22 22
5 7 39
21 23 5
11 14 16
6 9 18
8 11 31
14 18 29
14 17 19
5 7 18
5 8 6
6 10 40
7 10 34
14 19 35
20 23 17
12 16 41
10 13 21
21 1 23
23 2 39
13 16 28
12 14 26
5 7 38
15 18 24
2 4 29
7 10 12
13 16 36
0 1 23
1 4 13
5 8 17
9 12 17
23 3 2
7 11 9
7 9 37
3 6 1
21 1 24
18 21 5
4 6 18
1 5 9
11 13 26
14 18 22
5 8 38
12 17 30
6 8 16
10 13 3
2 4 23
18 22 41
7 12 10
0 3 6
4 6 14
1 4 29
15 18 40
7 9 35
21 23 7
2 6 27
22 0 33
16 19 38
22 3 41
17 18 26
21 22 8
19 22 29
0 4 3
4 5 26
16 21 18
18 20 8
1 4 26
7 10 5
11 14 2
4 8 18
18 22 33
13 17 37
15 19 27
12 17 31
1 4 29
15 18 12
11 15 13
11 14 7
0 2 29
2 4 35
9 11 41
5 7 25
22 3 9
6 8 31
7 10 38
0 3 4
13 17 11
13 16 20
3 5 3
21 0 8
11 16 4
18 20 35
17 20 41
1 4 30
2 6 25
12 15 31
17 19 3
3 6 9
21 0 32
14 16 7
9 14 25
19 23 17
1 4 6
12 14 5
1 3 8
4 5 38
10 11 16
2 6 23
1 4 31
16 19 32
10 11 13
17 20 14
18 22 4
7 11 31
2 6 19
21 1 6
6 9 39
10 13 26
13 15 16
2 3 35
18 22 16
10 12 24
9 13 3
8 10 38
7 8 2
3 5 37
14 17 40
14 18 26
3 7 35
14 16 36
11 14 17
14 16 40
1 4 10
1 2 22
10 11 1
12 14 16
23 3 18
1 4 27
19 22 21
7 9 36
0 2 30
0 5 15
23 5 36
12 15 11
5 7 2
20 0 28
12 14 30
17 20 1
15 18 3
5 8 3
18 21 34
7 10 10
16 21 23
13 18 37
23 2 21
13 17 2
23 2 23
2 3 39
16 20 27
11 16 16
20 22 12
21 0 26
21 0 17
7 10 25
23 3 22
5 7 30
21 0 9
15 17 23
3 6 33
21 23 30
0 4 3
23 3 34
9 13 30
9 11 13
12 17 14
22 23 14
14 18 33
8 12 15
11 14 33
6 7 15
13 15 3
16 19 34
8 12 15
14 16 33
10 13 29
11 13 37
10 12 8
8 9 8
19 22 41
19 0 41
0 2 34
22 1 39
17 20 3
12 16 32
21 23 31
2 7 24
13 17 40
9 10 15
22 0 2
18 21 37
15 19 24
8 11 37
10 13 39
17 20 21
10 13 28
20 22 38
1 3 10
8 11 34
9 11 4
23 2 9
8 11 2
8 12 17
23 1 37
15 18 16
22 2 33
19 23 3
6 8 11
19 23 32
4 9 33
11 13 16
19 21 32
22 1 5
6 9 3
14 17 2
1 4 10
10 12 5
12 14 5
0 3 19
15 18 10
2 5 10
8 10 19
14 18 29
11 14 10
11 16 22
18 22 33
23 2 16
15 17 36
7 11 24
2 4 16
18 22 34
18 21 30
22 0 4
2 5 5
17 21 27
22 1 22
15 18 38
19 23 13
10 14 19
7 10 17
8 10 13
18 21 30
0 3 10
20 23 20
1 6 39
5 8 15
16 20 34
5 8 17
17 23 4
5 8 4
19 22 12
12 15 26
19 22 16
3 6 24
19 20 40
14 16 37
1 4 40
19 23 36
10 14 33
16 19 29
20 0 36
13 17 34
20 0 14
0 4 33
18 20 28
18 20 5
15 19 9
18 20 14
14 17 16
23 4 3
20 22 40
3 5 26
16 21 22
23 1 2
6 9 5
6 9 7
2 6 14
18 20 37
18 21 31
23 2 7
6 10 34
5 8 17
16 19 34
22 1 37
0 2 35
17 21 15
18 21 41
7 9 33
16 19 15
15 17 1
17 20 22
10 14 7
9 13 19
13 16 11
14 18 2
6 7 22
2 4 3
6 9 27
6 10 35
22 2 19
5 8 6
18 20 38
20 0 30
0 3 34
21 23 26
5 8 13
13 15 4
21 1 31
23 2 35
1 2 38
8 10 6
9 12 6
1 3 18
13 17 27
18 21 12
5 7 28
23 23 39
2 3 14
10 14 4
0 2 30
20 23 22
20 22 7
16 19 1
11 13 9
1 4 18
21 0 32
22 1 3
20 21 41
14 16 19
23 3 27
23 2 8
13 17 31
22 0 22
14 15 22
23 2 11
3 5 15
20 23 13
16 16 27
13 16 20
15 17 6
3 5 40
5 6 25
11 16 17
23 4 33
20 21 17
16 18 40
18 22 2
0 4 18
13 15 38
1 3 16
6 8 27
7 11 5
12 13 23
22 1 10
15 18 14
23 2 14
4 8 32
18 20 24
22 0 27
23 0 18
20 23 9
2 5 23
13 15 33
9 12 12
10 13 35
9 12 19
19 20 2
21 0 10
13 15 15
23 2 17
22 4 26
19 23 30
15 19 22
15 20 37
16 19 10
11 12 32
22 1 21
1 2 35
16 18 26
18 20 19
14 17 31
23 2 11
0 2 19
12 14 14
0 1 26
0 4 38
0 3 8
23 3 32
18 19 13
3 6 21
16 18 31
11 14 38
12 14 17
1 1 8
3 7 17
23 1 27
6 10 22
4 8 15
12 14 32
13 15 13
4 7 20
9 10 22
2 6 25
0 4 36
20 23 29
15 18 28
0 5 11
16 18 24
12 15 27
22 2 2
13 15 18
19 23 23
19 0 40
23 1 34
7 11 11
23 3 26
10 12 24
16 20 28
15 17 18
12 16 9
19 23 30
3 6 30
0 2 29
1 4 6
13 15 31
9 11 8
17 20 28
21 1 35
18 20 8
1 3 28
1 3 19
22 2 19
20 22 14
10 13 18
8 12 1
9 13 36
13 17 7
19 0 30
4 7 33
7 10 31
9 13 29
3 5 18
6 8 12
3 7 41
2 4 21
13 16 13
15 17 12
12 15 19
16 18 16
10 12 31
