4000 50
46 12 6 34 34 18 34 2 21 19 10 35 33 48 22 35 19 28 44 15 25 1 39 9 27 23 33 16 9 38 50 17 15 8 7 6 29 28 14 48 49 41 34 31 7 38 5 23 7 34 
11 13 24
9 12 30
8 11 44
22 2 18
0 2 31
20 0 49
17 20 28
20 23 25
0 4 38
19 22 42
23 1 27
22 1 24
15 19 12
17 21 14
7 10 7
13 16 43
1 4 30
9 13 41
0 2 17
13 15 24
5 8 50
14 17 35
5 7 28
11 14 13
6 10 19
18 21 6
11 13 50
8 12 15
4 7 11
10 15 3
19 22 26
4 8 29
16 19 49
22 1 19
11 15 15
3 7 23
16 19 2
22 0 19
9 13 24
8 11 15
3 5 45
14 17 14
10 11 50
21 1 38
8 12 16
2 6 48
4 9 13
22 0 28
14 17 36
13 16 34
4 5 37
9 14 26
2 6 15
12 15 46
0 5 29
18 21 9
21 23 43
15 19 25
16 20 36
22 0 21
1 7 47
11 14 16
20 0 21
1 3 45
12 16 44
19 22 46
1 5 23
16 20 8
1 4 13
7 13 33
19 22 11
20 23 50
13 15 23
17 22 13
18 22 4
22 1 15
14 18 9
16 17 29
7 10 46
9 9 6
11 13 19
16 19 45
23 3 40
20 1 4
13 17 31
15 17 48
12 14 47
5 8 24
8 12 4
18 21 47
8 11 22
1 4 14
3 9 36
4 8 35
22 1 33
15 19 38
12 14 36
3 6 14
20 0 42
15 18 14
18 23 36
1 4 4
9 11 22
10 12 32
9 13 28
2 6 41
20 22 36
2 4 49
5 9 29
22 4 1
9 11 13
12 14 24
16 19 10
23 3 4
9 10 17
16 18 25
12 15 40
0 2 29
11 14 22
2 6 21
4 7 38
13 16 35
23 4 33
17 19 47
2 4 38
23 3 23
8 12 8
1 5 7
16 20 50
3 6 47
23 1 49
16 22 5
6 8 37
0 4 9
21 23 20
20 23 8
0 3 30
15 19 35
10 13 1
14 18 8
4 7 35
6 10 33
18 21 14
15 18 25
19 23 23
1 5 16
10 12 1
1 5 19
22 0 21
4 8 22
13 16 36
6 9 14
6 9 29
13 16 28
12 15 14
19 21 4
17 21 23
19 23 10
2 4 23
11 14 20
9 14 22
14 18 5
18 20 22
19 23 23
21 23 7
3 6 23
0 3 15
6 10 43
0 3 25
12 14 8
10 15 40
0 4 18
18 22 28
6 8 26
17 20 42
21 0 2
3 5 24
16 20 47
11 13 18
8 12 28
0 3 48
19 23 35
21 22 48
7 11 37
19 22 28
8 9 1
12 16 27
20 22 10
11 15 32
11 14 49
2 6 7
17 21 43
10 13 43
2 3 37
3 5 3
4 7 20
16 19 15
19 22 2
17 20 1
16 20 41
17 19 46
11 14 26
19 21 10
21 1 46
19 22 14
20 23 5
11 15 48
0 4 19
14 16 8
10 14 20
12 14 30
6 8 25
23 2 49
10 13 46
6 11 23
18 20 13
7 11 47
12 14 4
0 4 46
17 21 27
17 20 2
15 18 8
4 9 33
2 4 5
14 19 8
9 12 13
22 23 26
5 8 47
1 5 41
1 6 2
16 18 6
2 3 25
18 21 25
3 7 10
14 16 21
7 9 6
21 3 26
21 0 25
5 7 40
20 23 5
3 7 9
0 3 2
6 10 26
10 12 33
22 1 28
20 22 39
0 5 14
15 17 27
22 3 2
9 13 1
7 9 19
11 14 40
17 21 11
18 21 50
23 2 30
22 1 10
12 14 5
4 6 14
1 4 1
8 13 32
0 5 25
22 0 10
13 19 16
14 17 49
3 5 22
18 19 32
11 13 14
13 16 45
2 6 8
4 8 39
7 9 49
5 9 37
8 11 34
15 20 8
6 9 39
19 23 46
14 16 28
9 12 26
15 19 25
12 14 43
18 21 40
5 8 3
11 14 21
12 15 36
22 2 28
23 1 45
12 17 2
15 21 20
5 7 23
23 3 36
23 2 30
10 11 46
5 7 9
23 1 49
1 4 25
1 3 3
9 9 24
2 4 7
5 9 12
23 2 34
9 12 38
17 20 25
18 20 35
13 16 49
16 18 9
17 20 35
2 6 40
8 12 40
4 7 31
14 17 17
0 4 45
6 9 18
1 4 38
14 16 40
11 15 3
3 7 41
4 7 41
19 21 37
0 3 13
1 5 18
21 23 21
4 7 11
9 12 50
10 14 49
4 7 17
23 2 35
7 10 26
21 0 2
13 16 19
21 0 23
20 0 18
4 6 17
20 23 30
4 8 43
22 2 50
1 5 12
11 12 31
5 10 44
22 1 12
21 23 5
8 12 25
18 21 36
3 7 4
4 8 37
11 13 30
4 9 24
20 22 38
0 3 15
10 12 18
8 11 11
15 17 2
14 18 49
8 12 21
4 9 4
12 16 2
9 12 47
23 2 39
1 5 39
17 19 29
17 19 2
23 3 26
16 20 41
19 23 50
6 11 7
19 0 8
18 21 32
8 11 3
14 17 48
17 19 13
11 15 30
1 3 28
1 3 27
10 13 7
19 20 43
14 17 9
7 11 21
17 21 34
18 20 21
9 10 30
10 14 15
6 7 34
2 4 48
1 4 40
21 23 4
19 23 44
17 20 15
19 23 24
14 16 26
5 8 19
9 12 20
6 8 48
3 7 13
16 18 24
13 15 18
23 2 10
3 5 41
17 18 5
19 22 37
10 13 33
20 22 10
18 20 33
21 1 19
9 11 20
3 6 35
16 18 44
15 17 17
14 17 8
12 15 19
3 7 44
11 15 13
6 10 39
19 23 10
15 17 31
13 16 39
1 3 45
2 3 17
7 11 50
10 14 39
8 10 44
7 11 45
16 20 17
21 23 9
11 14 50
14 18 11
12 14 27
21 0 26
16 20 3
9 12 44
3 6 14
16 19 28
9 11 9
0 3 12
17 19 15
19 21 21
21 2 18
1 4 30
8 11 46
9 11 11
6 10 19
13 17 26
10 13 31
9 13 6
0 3 42
2 5 6
8 12 40
23 3 2
1 4 20
21 23 4
3 5 33
17 18 11
23 1 27
1 4 46
8 11 48
2 4 3
16 18 19
0 0 30
23 3 50
8 11 4
12 15 45
6 9 38
4 8 50
2 6 28
9 12 41
22 1 20
11 15 4
1 3 12
13 18 32
12 15 41
22 0 12
6 9 11
22 1 22
10 12 36
3 5 13
17 20 46
7 9 40
11 14 36
2 5 36
8 10 2
3 6 1
16 19 21
22 1 3
4 7 12
16 18 35
5 8 49
9 11 14
15 19 41
15 18 6
9 12 19
0 3 44
7 9 14
9 12 33
23 2 7
2 5 29
4 5 40
0 2 37
18 20 20
5 8 46
21 0 5
1 3 32
2 4 28
19 23 40
11 15 36
12 15 50
2 5 46
11 13 18
2 5 25
21 23 43
14 16 2
0 4 29
9 10 33
12 15 20
6 8 24
20 22 12
13 16 44
6 9 18
14 18 46
21 0 11
23 3 11
14 17 46
5 8 21
3 5 44
22 1 7
17 21 34
10 13 27
19 22 37
8 11 22
12 13 29
11 12 13
22 0 40
4 7 12
21 1 20
6 10 18
5 7 6
21 23 3
6 9 34
3 6 23
8 10 18
7 10 22
6 9 14
11 14 29
16 18 28
14 18 26
22 1 5
4 5 22
4 6 44
19 22 17
5 8 5
10 13 25
20 23 40
13 17 18
8 9 16
14 17 49
1 4 16
18 23 42
15 18 17
12 15 20
8 10 46
22 1 21
15 18 36
23 3 23
7 10 41
13 16 2
15 16 18
4 6 20
1 6 6
14 18 45
9 12 25
12 16 38
22 1 44
9 13 16
12 13 31
22 1 14
8 13 38
4 8 10
0 3 13
15 16 8
16 19 49
2 4 15
3 5 44
4 7 48
15 19 20
16 19 28
5 8 27
5 9 11
18 23 6
6 8 22
8 11 23
1 4 22
4 7 23
14 17 31
16 20 49
4 7 15
4 6 42
3 5 46
4 6 3
6 8 9
13 17 50
4 7 1
10 12 49
2 4 31
10 12 49
18 19 3
18 21 34
20 0 33
23 3 2
7 10 41
7 9 50
8 9 32
14 16 22
23 2 25
3 6 32
22 1 16
10 14 33
16 19 43
10 12 22
3 5 7
11 14 11
15 19 31
22 1 28
21 23 45
9 9 10
7 10 47
22 1 19
13 15 40
11 13 28
4 8 47
18 22 9
15 18 13
19 21 4
5 8 40
12 15 5
6 11 24
9 12 41
0 3 3
15 18 13
16 19 7
13 18 26
1 4 22
3 6 19
20 0 42
10 12 4
22 23 9
11 14 37
18 21 11
10 14 11
21 0 21
7 10 35
19 22 45
14 17 48
14 18 25
23 3 14
3 6 49
13 16 16
17 20 35
22 1 33
15 18 10
15 18 31
16 19 48
7 10 11
20 22 24
23 2 23
12 15 3
18 20 11
23 3 48
20 22 26
23 3 17
3 7 30
22 1 35
0 4 14
15 19 42
11 15 1
9 11 13
17 18 49
0 5 33
17 20 47
11 14 24
12 15 16
7 9 29
18 21 17
21 23 42
3 6 7
0 5 1
10 13 28
6 11 25
1 3 35
12 15 36
16 19 12
11 16 9
8 11 15
21 1 14
5 6 7
16 19 11
20 23 49
21 0 10
10 13 29
17 21 17
23 2 49
4 7 13
13 17 17
17 19 31
17 22 2
18 21 12
8 11 10
19 20 30
12 16 13
13 15 21
20 0 34
14 18 34
15 18 19
4 6 37
2 4 46
4 7 3
18 21 30
11 13 46
18 19 39
2 5 2
1 5 46
18 22 27
22 1 7
16 18 47
4 6 30
8 11 32
0 2 41
2 4 34
9 13 44
0 3 8
17 20 35
17 19 29
17 19 15
9 11 31
18 20 10
12 15 31
4 7 29
4 7 50
21 23 7
3 6 16
21 23 12
4 8 31
15 17 34
0 5 46
19 22 19
10 13 50
23 2 50
7 8 34
3 5 27
18 21 42
3 7 16
14 17 42
9 11 29
18 23 20
7 10 38
16 20 19
2 5 43
19 21 6
18 20 24
8 12 6
17 19 46
8 13 2
18 21 17
9 11 19
6 13 12
23 3 21
2 5 36
7 9 1
6 10 34
7 11 31
11 13 26
16 20 26
18 19 44
7 9 41
0 4 17
0 2 33
10 12 20
23 2 32
17 18 41
13 16 13
10 13 31
10 12 32
3 5 37
18 20 9
4 7 8
17 20 22
11 14 35
21 1 44
12 15 17
4 6 15
10 13 4
9 14 36
13 14 45
6 8 28
11 15 42
14 18 12
6 9 3
2 6 40
21 23 2
3 4 26
1 5 40
18 21 17
20 22 25
5 8 37
14 17 45
23 3 44
8 12 38
1 4 22
9 11 4
7 10 40
0 3 2
8 11 26
0 2 21
18 22 17
18 19 23
15 17 7
23 3 19
9 12 47
18 20 21
12 15 10
23 3 1
14 17 35
8 10 29
21 0 36
7 9 14
4 8 32
22 0 49
18 19 49
20 22 7
1 4 35
17 21 17
6 11 9
2 4 13
21 0 38
9 12 39
4 7 16
15 19 1
1 4 42
1 4 15
23 1 30
3 5 28
20 22 43
12 15 6
9 12 16
9 11 8
6 10 22
9 12 31
12 15 12
6 9 25
7 11 2
6 9 13
4 7 45
8 11 15
1 4 16
1 3 3
12 16 19
8 9 30
10 13 33
0 2 33
13 15 10
12 15 46
21 1 19
14 16 48
23 4 21
21 22 35
22 0 41
22 0 37
5 9 15
0 2 41
2 5 9
7 10 29
8 10 34
21 1 31
11 14 17
11 14 9
17 20 20
4 8 40
5 9 43
9 12 24
9 13 42
13 17 48
13 15 30
18 21 10
4 9 43
21 23 11
16 20 21
18 22 27
5 8 19
17 19 29
2 4 29
4 8 36
12 15 46
17 20 7
11 15 4
14 18 5
15 19 13
14 16 27
7 13 10
19 21 29
11 14 49
8 11 19
12 15 11
7 10 4
17 22 35
20 22 25
1 2 34
4 8 22
1 5 40
11 16 49
3 6 50
5 8 31
22 1 4
23 2 15
3 8 21
23 3 31
4 6 40
20 23 44
7 10 10
23 1 16
1 2 41
22 1 15
21 23 16
1 4 10
15 18 47
3 5 1
16 17 40
12 15 15
23 2 11
23 1 44
9 12 40
19 22 24
11 16 9
22 1 20
9 11 28
7 12 10
3 6 40
0 3 28
11 14 47
19 21 8
4 6 12
1 5 33
4 6 41
3 6 23
16 18 4
0 3 17
7 10 6
17 20 5
6 9 7
8 11 20
11 16 38
4 7 42
10 13 49
2 3 41
17 21 22
10 13 27
1 5 18
17 21 11
15 18 43
10 13 36
18 22 3
14 18 2
7 10 8
22 1 8
16 21 1
21 1 22
2 4 11
15 18 7
19 0 31
6 9 21
11 13 47
15 19 21
16 20 44
3 7 24
9 10 50
2 7 40
10 13 1
7 11 32
1 4 28
6 10 45
10 12 24
23 4 1
21 0 3
16 15 38
16 20 22
15 18 2
13 15 37
10 13 30
6 9 29
3 3 5
4 8 39
21 0 5
23 1 36
8 11 23
7 10 33
11 14 27
15 17 39
3 6 35
4 6 34
10 14 21
12 14 14
5 9 24
1 4 39
20 23 43
4 8 4
8 14 2
6 10 15
14 16 14
7 10 11
7 10 28
16 20 35
8 12 43
15 17 15
9 12 18
3 7 30
3 7 34
21 23 13
0 4 1
22 2 26
12 15 11
15 18 2
1 3 38
17 22 35
13 15 36
18 22 24
17 19 44
6 9 1
4 7 10
15 17 50
16 19 12
2 4 14
23 3 3
17 20 6
20 22 35
21 0 22
0 4 10
9 12 20
13 14 11
18 0 48
7 11 15
11 15 22
14 16 44
0 3 43
18 21 23
10 13 9
0 3 32
12 13 35
12 15 46
15 18 31
16 18 5
9 12 29
1 6 46
22 1 37
14 17 1
3 6 43
0 5 40
10 12 10
2 5 22
14 15 5
18 21 11
4 8 3
15 18 28
22 2 29
18 21 24
22 0 7
5 9 36
5 7 24
6 7 24
23 2 32
9 13 48
12 12 27
5 9 15
16 19 19
16 19 43
5 9 35
20 23 18
2 4 23
11 13 8
18 23 19
7 10 21
0 5 32
9 12 24
0 1 16
13 17 28
22 2 13
2 4 10
22 2 29
14 18 29
8 11 26
20 22 5
17 19 7
14 19 21
14 16 3
6 8 38
13 17 45
20 0 7
21 1 32
21 0 22
14 17 22
21 0 44
0 4 27
14 17 45
11 14 13
13 16 11
1 5 42
22 1 25
11 14 34
1 3 10
8 13 26
14 17 12
17 18 19
22 1 30
14 16 13
22 1 22
21 23 29
2 6 33
13 15 40
10 12 29
10 13 35
8 13 50
13 17 35
8 11 22
10 13 21
13 18 22
14 16 34
2 6 33
12 14 9
6 8 2
4 7 29
16 19 40
21 1 16
4 8 43
17 20 47
20 23 16
14 16 38
0 5 11
10 12 39
3 6 11
21 0 38
4 8 12
4 7 39
4 8 39
19 21 39
2 6 28
18 23 32
11 14 18
14 16 5
11 13 11
16 19 19
0 3 13
15 18 28
11 14 5
23 4 47
16 20 19
1 5 5
18 21 43
23 1 44
11 12 25
10 11 25
21 23 33
8 10 37
8 12 39
20 22 6
12 15 7
16 19 6
2 4 5
22 1 28
11 12 12
6 10 18
16 21 13
10 14 29
2 7 38
6 8 46
23 1 26
1 4 26
9 11 1
9 10 27
3 5 5
6 8 36
17 21 30
6 11 47
15 18 49
18 23 30
2 5 5
19 22 32
4 7 20
11 14 46
17 22 27
13 14 6
1 6 45
5 6 46
18 22 22
18 21 37
10 14 44
5 7 22
20 0 8
14 17 39
17 19 40
8 11 30
0 4 22
2 6 9
21 0 34
18 22 50
14 18 4
12 14 4
13 16 50
17 20 43
8 13 25
20 23 40
19 22 42
8 12 5
15 19 47
13 15 40
16 19 26
8 11 8
5 9 19
18 20 11
1 4 16
8 12 27
17 22 5
13 16 16
19 22 42
15 19 18
10 12 27
19 22 33
23 0 39
5 8 34
23 2 49
13 16 1
11 15 32
22 1 38
13 16 20
16 20 6
16 20 34
20 0 10
16 19 15
17 20 1
6 8 26
4 7 3
17 19 45
16 20 31
4 7 47
8 11 32
3 8 11
11 13 45
14 17 8
9 13 29
11 14 29
10 12 44
20 21 9
13 14 31
3 6 19
1 5 16
10 13 45
4 7 36
3 6 19
5 6 28
2 5 1
10 14 40
5 8 24
22 0 49
4 8 31
9 10 43
7 8 12
10 12 44
4 9 28
4 8 32
23 2 31
22 2 43
13 18 48
14 17 41
4 10 40
4 4 25
23 1 8
12 16 22
17 21 7
10 14 38
6 9 50
9 12 4
17 19 45
17 21 34
5 8 47
12 14 2
3 6 30
23 2 42
7 9 35
0 3 47
11 14 20
11 14 24
19 22 19
19 23 31
2 5 33
15 16 3
15 17 49
1 4 10
19 23 2
0 2 23
10 15 4
23 2 30
1 5 37
9 13 31
15 18 4
1 4 32
23 0 3
5 8 9
11 15 36
4 8 19
11 15 10
2 5 11
8 11 40
16 18 34
2 4 11
2 6 11
6 9 17
14 18 8
0 2 34
11 15 4
14 19 25
23 1 33
0 3 30
1 4 29
14 17 39
1 4 46
5 9 11
22 2 42
0 2 40
7 10 10
1 3 5
23 2 3
19 22 10
4 7 18
18 22 40
9 13 43
7 11 41
3 5 22
15 17 45
14 18 4
0 2 3
12 15 21
20 0 28
1 4 2
21 23 15
2 5 40
3 6 36
21 0 14
5 10 12
13 16 8
1 6 7
23 1 34
9 12 30
18 22 39
17 20 25
5 9 4
16 20 43
5 8 17
21 23 35
10 13 11
22 1 42
11 15 42
12 15 1
12 15 15
4 6 29
4 6 12
4 7 36
1 3 34
15 18 38
23 1 33
9 11 5
19 23 4
6 10 15
8 11 37
4 8 16
0 3 48
11 13 10
2 6 4
14 16 27
21 23 16
12 14 40
15 18 15
21 1 27
2 4 10
10 13 36
2 6 15
1 4 11
21 0 17
0 4 33
1 3 12
9 14 9
13 15 46
3 7 8
10 14 44
0 3 39
13 16 10
17 21 47
4 7 47
22 1 44
11 13 44
9 11 48
6 10 8
14 18 4
10 13 35
1 5 40
5 9 42
13 15 18
19 21 34
12 15 48
7 10 40
21 0 4
9 10 50
3 7 26
9 11 13
19 23 9
20 23 1
2 5 47
9 13 16
13 17 36
9 12 17
16 18 13
7 10 29
2 4 1
2 7 16
4 9 46
9 12 7
17 20 31
10 14 35
1 4 47
9 10 40
18 21 7
13 17 13
6 8 12
13 16 27
20 22 9
9 12 32
15 18 18
20 22 44
20 0 33
3 5 15
15 19 12
20 22 29
16 18 3
11 13 38
14 17 20
4 7 39
17 18 33
15 18 17
9 14 1
14 16 21
13 15 20
5 7 10
17 20 6
8 11 26
5 8 44
15 18 44
15 19 6
19 20 41
2 5 33
0 5 4
20 22 14
8 12 7
4 10 2
11 14 35
23 3 27
4 4 36
21 1 8
10 13 35
13 16 25
22 0 35
2 5 24
23 0 9
18 21 11
11 13 4
2 6 18
0 2 15
16 18 19
21 1 37
20 0 2
16 18 32
11 15 10
8 12 20
19 22 6
12 14 25
1 4 2
5 9 6
8 11 49
13 15 15
19 22 48
3 6 28
13 17 10
15 18 26
23 1 42
23 1 30
6 9 8
14 17 18
5 8 11
13 15 15
10 14 34
12 14 37
12 15 16
16 20 49
23 3 20
2 5 2
0 5 32
17 20 14
20 23 9
13 15 12
13 15 39
12 14 49
6 10 40
23 3 40
2 5 21
3 4 22
18 23 5
5 10 29
5 8 12
0 2 37
18 21 40
2 6 2
22 3 38
3 8 11
8 12 49
5 7 36
20 23 39
5 9 47
16 20 3
18 22 2
20 23 22
2 5 10
8 9 25
23 2 2
18 22 6
23 2 25
13 15 24
18 22 1
23 1 34
6 8 48
7 9 49
6 8 39
1 4 4
11 14 3
5 8 46
16 19 4
12 15 7
14 18 44
17 20 21
12 15 31
21 1 28
8 14 43
16 19 37
5 7 40
9 11 26
21 23 36
14 17 35
6 8 49
10 14 11
20 1 33
20 23 33
20 2 5
0 1 44
22 1 14
18 21 42
16 17 28
16 19 22
14 17 19
7 11 27
16 19 6
0 3 16
4 8 41
16 19 7
11 13 7
19 23 39
7 10 30
20 22 37
8 11 6
17 22 43
20 23 43
15 17 10
4 7 13
18 21 16
22 1 35
12 13 35
23 0 2
10 12 17
4 7 5
15 18 43
4 5 34
10 14 8
19 22 28
13 16 13
13 14 43
15 19 31
21 1 32
8 12 30
9 13 4
21 0 16
23 3 28
21 1 8
9 11 32
20 22 18
2 4 23
23 0 20
21 23 29
1 3 48
1 4 6
5 7 1
18 22 22
1 3 2
13 16 45
2 6 13
22 1 31
22 0 11
2 5 44
3 6 22
1 3 34
6 10 1
5 7 34
14 16 6
11 12 41
2 4 11
22 1 26
8 11 26
7 9 2
14 16 41
14 16 38
9 12 43
1 5 5
12 15 39
9 10 48
6 10 11
3 7 13
9 12 49
5 8 14
8 11 28
6 7 7
2 3 31
19 21 15
19 22 29
6 7 7
8 11 36
4 7 17
2 6 21
20 22 35
1 4 38
20 23 21
21 1 39
15 19 16
14 18 35
19 21 8
8 11 15
15 19 21
5 8 41
8 10 19
17 20 17
8 10 24
1 3 12
1 4 21
1 6 13
20 0 40
21 0 29
8 13 13
14 19 5
4 7 32
15 18 3
4 8 48
22 3 23
19 0 44
19 21 5
6 9 30
22 0 30
19 23 10
21 1 45
6 8 9
9 13 50
14 18 18
21 1 27
16 18 50
23 1 13
23 3 10
6 8 20
20 0 6
2 4 18
18 20 8
9 12 21
14 19 31
17 20 9
1 5 6
8 11 10
21 0 34
16 20 35
18 21 39
3 8 15
10 12 25
8 10 10
9 12 20
15 18 40
20 22 37
22 0 44
17 19 36
2 6 38
5 7 27
20 23 27
19 23 16
20 22 19
6 8 15
12 15 35
17 18 11
18 21 43
7 10 21
14 19 15
2 5 12
7 8 21
0 3 20
18 23 11
5 9 2
21 23 23
15 18 2
7 11 3
6 9 14
12 15 21
18 21 18
0 3 4
15 19 7
10 13 1
8 11 24
20 21 32
11 13 10
1 5 47
19 20 40
11 12 40
2 3 8
1 5 42
18 21 1
13 15 11
3 6 29
14 18 12
14 16 26
10 13 18
19 21 9
2 4 35
18 21 49
17 20 42
3 7 39
23 2 3
7 10 24
20 21 21
6 8 30
9 13 20
8 12 50
7 11 19
22 2 22
19 23 47
10 12 48
22 1 16
10 14 28
11 15 2
12 16 31
6 8 6
18 21 25
5 9 27
2 6 42
2 5 6
10 13 41
21 0 4
22 2 43
9 11 25
19 23 49
17 20 18
20 23 20
21 1 6
3 4 41
14 17 42
12 12 46
15 18 17
19 22 2
12 15 5
9 13 15
9 12 31
4 6 10
22 1 38
15 19 20
22 0 23
8 9 13
21 1 37
5 10 16
21 22 45
21 2 48
12 14 45
20 23 30
21 2 7
14 17 23
17 22 25
23 1 18
1 4 11
21 2 5
15 20 2
8 11 38
21 0 30
9 11 38
23 0 18
1 3 26
0 4 1
15 18 4
12 16 4
13 18 6
5 9 25
4 9 46
6 10 3
12 15 47
2 5 26
23 1 19
12 16 28
12 14 8
21 0 23
7 10 37
19 21 7
11 14 21
0 3 29
10 11 43
0 4 13
14 16 42
0 1 28
22 2 37
23 1 35
21 0 32
6 10 2
6 9 7
3 7 32
19 22 29
5 7 38
17 19 46
17 19 39
1 5 33
6 8 4
8 12 1
12 16 19
21 0 35
13 17 12
5 7 8
21 0 35
22 1 20
8 10 4
9 12 47
20 23 44
16 19 1
9 14 18
23 2 16
1 4 31
11 14 5
5 7 30
18 20 18
23 3 40
1 3 37
2 6 28
4 8 47
23 1 1
14 16 16
15 19 49
17 22 50
22 2 23
3 5 33
5 9 46
15 17 16
0 2 6
1 5 32
6 9 35
18 21 26
6 9 18
15 17 50
2 4 31
8 12 14
10 14 13
11 14 37
7 9 16
17 19 15
1 4 44
13 15 27
8 11 7
2 5 2
5 9 4
17 21 27
23 3 48
12 15 28
4 6 30
21 23 35
5 7 13
16 19 7
13 16 1
22 23 32
22 2 32
12 15 46
13 15 37
8 10 34
4 8 39
1 3 35
18 22 2
10 13 4
8 9 13
0 5 16
3 7 3
17 19 20
13 15 20
12 14 3
22 1 13
18 20 15
12 14 2
18 21 29
6 8 50
14 16 39
19 0 39
0 1 49
17 20 10
23 2 20
10 14 16
17 20 34
5 9 49
16 20 31
23 3 21
19 21 31
12 14 10
11 13 5
23 2 36
23 2 13
17 20 49
12 15 11
10 14 33
19 20 27
20 0 41
13 16 5
2 4 16
3 8 25
19 22 30
16 17 42
21 1 27
8 9 36
20 21 20
12 15 32
17 22 17
2 4 18
6 9 7
5 9 2
5 8 20
7 11 38
9 11 19
0 3 42
1 5 18
16 19 48
3 6 16
11 13 50
7 11 22
18 21 20
5 8 21
16 18 36
6 10 33
4 9 15
17 19 27
23 1 3
7 9 17
10 13 37
0 3 1
16 19 9
12 14 28
22 23 16
0 3 3
0 2 28
3 7 44
16 18 45
3 5 10
8 10 8
1 4 38
22 0 39
2 5 34
16 20 17
14 17 6
15 18 10
3 5 29
6 8 40
0 3 16
9 11 20
11 16 39
12 15 29
21 23 21
9 11 27
17 20 47
11 13 21
14 18 2
5 8 2
16 19 30
2 5 40
2 4 14
8 12 25
12 16 34
13 15 24
13 15 16
15 19 33
15 17 2
5 7 42
21 23 39
3 7 48
7 10 35
7 9 50
17 19 47
18 22 23
14 16 23
22 1 24
21 23 45
19 21 24
6 8 21
16 20 5
16 21 5
8 10 47
5 7 3
18 21 20
3 6 39
5 8 6
23 1 29
1 3 32
12 12 38
20 0 14
6 10 21
10 13 21
11 16 34
6 9 9
10 13 27
10 12 20
5 8 26
8 12 9
21 23 45
8 11 11
18 22 6
7 9 37
22 2 6
17 21 2
23 2 19
11 14 39
9 12 9
7 10 20
8 12 42
0 2 49
9 13 7
2 4 20
3 5 5
12 16 10
0 3 36
2 5 22
21 23 11
6 9 43
12 14 10
17 20 34
2 4 17
8 11 9
6 9 23
2 5 49
13 16 37
12 14 19
11 14 12
1 3 49
2 4 47
2 4 12
15 18 43
15 18 19
14 18 12
13 15 20
18 22 47
6 10 9
6 10 14
1 5 47
23 2 4
1 4 1
5 8 18
6 9 21
19 23 47
14 15 41
16 19 8
3 5 48
22 1 46
21 1 49
22 1 43
10 14 34
18 23 45
3 7 31
19 22 8
11 14 10
10 12 36
14 17 23
1 5 10
14 17 25
21 23 3
20 23 44
2 5 14
10 14 43
5 9 2
22 23 39
22 2 22
19 22 40
17 21 35
2 6 5
21 0 38
12 17 14
11 13 41
3 4 42
1 6 30
3 5 42
20 23 49
9 11 19
2 4 45
21 23 42
4 8 34
8 11 23
2 5 15
10 12 27
3 6 9
21 1 6
17 20 25
8 13 40
6 10 46
20 23 6
19 23 18
17 21 25
1 5 35
16 19 16
9 13 50
11 14 18
5 10 35
22 0 2
15 17 1
21 23 16
8 11 35
0 2 14
2 6 31
16 19 2
21 0 34
12 18 41
8 11 38
7 9 32
13 16 26
3 6 6
23 2 14
18 22 9
12 15 35
9 11 3
6 10 24
12 13 36
15 17 39
12 14 49
2 3 32
21 1 24
16 19 48
14 18 22
17 19 48
10 12 43
8 11 15
3 7 24
10 13 40
14 17 2
8 12 20
20 0 37
1 3 36
7 11 9
22 2 30
20 0 27
3 6 17
19 22 16
5 7 45
9 12 1
16 19 21
22 1 13
23 0 23
13 16 41
1 5 43
0 3 15
22 2 25
14 17 43
13 17 28
0 3 4
14 16 33
17 20 11
7 8 7
23 0 47
22 2 10
17 20 12
8 11 46
2 5 15
23 1 43
5 8 1
3 6 11
13 16 50
15 18 10
11 15 30
17 19 9
14 18 43
2 5 43
0 4 43
19 0 26
15 18 9
20 22 12
15 18 41
9 10 35
18 22 25
16 19 31
18 20 11
22 0 24
12 14 1
10 14 45
11 15 38
3 6 3
22 2 34
4 8 39
1 3 23
4 6 14
16 20 44
3 7 10
21 22 17
2 4 34
10 13 4
21 1 36
14 18 44
17 21 42
5 7 30
2 9 42
9 9 29
11 13 41
14 16 10
14 17 14
4 6 25
9 12 18
12 15 44
15 18 20
7 11 15
19 22 42
13 16 27
16 17 38
17 20 31
1 2 40
6 9 29
1 4 4
1 5 33
3 7 10
19 21 8
4 9 14
11 14 43
19 22 1
13 16 40
14 15 34
2 5 38
9 12 32
11 14 16
16 19 23
10 12 49
3 6 14
2 7 46
15 17 27
0 4 44
17 20 27
2 5 26
15 17 37
13 17 49
0 2 28
19 22 25
13 15 14
6 9 8
23 2 6
11 15 35
9 11 43
18 22 25
6 10 26
2 4 7
18 21 5
11 15 29
21 1 48
7 11 33
6 9 31
2 5 32
2 4 9
5 7 32
8 9 40
6 11 37
15 18 45
16 18 13
12 14 8
20 21 39
14 18 30
16 19 12
4 5 38
2 3 18
23 2 24
22 2 12
15 16 35
9 13 17
5 9 44
1 5 6
20 23 21
22 0 5
4 7 50
3 7 37
15 15 47
18 20 35
21 23 32
21 0 28
4 7 20
12 15 15
11 14 30
13 15 14
4 6 13
18 23 20
22 0 28
13 16 27
21 22 35
9 13 5
13 17 35
4 6 13
7 9 39
2 5 20
17 21 8
17 20 43
4 8 15
22 1 3
6 9 20
18 21 14
20 23 25
22 1 24
10 13 33
21 0 17
9 10 24
14 18 36
19 22 28
17 19 21
0 2 38
10 11 36
1 6 14
17 21 27
12 14 18
0 3 13
15 17 7
23 2 38
5 8 16
2 5 9
13 15 46
3 7 40
17 21 5
1 3 42
16 19 3
14 17 17
0 2 6
21 1 13
3 6 5
2 4 47
5 7 36
8 12 9
2 5 35
13 17 22
8 12 48
12 15 19
12 15 18
18 19 41
19 21 18
2 6 6
22 2 25
19 22 16
3 5 5
11 14 16
5 8 18
18 19 48
22 0 14
16 18 4
22 3 46
17 20 10
4 7 24
19 22 3
9 10 15
7 10 19
13 15 15
15 16 4
7 8 12
17 19 12
13 18 22
16 19 49
8 11 7
19 23 22
3 7 10
4 7 22
19 21 29
16 20 6
1 5 40
2 5 12
4 6 8
11 15 43
17 21 31
17 23 19
23 2 31
7 10 39
2 6 39
21 1 3
2 6 6
20 23 13
3 6 6
18 20 7
13 16 8
16 20 48
11 15 9
3 6 37
12 16 18
14 16 33
6 9 20
21 2 2
11 14 33
14 16 8
4 7 17
5 8 38
3 5 6
16 19 12
12 14 35
16 19 33
19 22 5
9 14 13
15 19 38
23 3 22
5 8 43
18 20 8
7 10 22
10 12 19
4 6 40
3 8 40
16 17 3
14 16 20
20 0 35
22 2 46
19 22 18
5 7 4
21 1 8
23 3 19
2 3 33
0 3 7
20 0 14
12 15 50
11 13 3
9 11 45
2 5 25
0 4 10
0 2 18
23 0 29
10 13 45
11 14 47
14 15 34
19 21 17
12 16 33
10 15 35
15 18 47
3 5 41
9 13 18
3 8 45
10 13 41
21 1 3
15 19 19
6 10 10
9 11 38
2 5 12
10 14 29
8 12 7
21 0 34
5 7 30
0 5 2
0 3 20
5 8 48
6 8 41
5 8 40
20 0 22
1 4 48
10 13 17
21 0 15
22 1 34
9 12 5
7 9 45
19 22 21
18 19 32
18 22 4
17 21 12
17 19 11
0 2 23
12 15 10
4 6 14
13 17 2
0 2 10
3 8 1
11 14 17
19 21 50
8 10 26
4 7 6
16 19 34
1 5 28
13 14 50
13 15 38
21 0 44
23 2 3
3 7 39
14 16 23
6 8 14
14 18 25
1 4 48
17 20 20
9 12 31
18 22 41
7 10 32
6 9 32
12 14 23
3 7 33
17 21 5
7 11 10
5 7 28
1 6 3
19 21 41
20 23 7
5 8 41
17 19 9
21 0 10
12 16 16
18 20 49
4 6 12
17 20 39
6 9 37
12 15 48
9 10 41
12 16 23
11 15 20
15 17 18
20 0 2
10 13 46
13 16 21
7 10 38
4 8 33
19 21 8
16 18 27
6 8 35
15 18 25
2 5 18
5 8 25
0 4 22
4 8 50
14 17 29
18 21 32
21 23 12
10 13 17
20 21 40
19 21 34
4 8 37
15 17 4
0 3 4
12 14 27
13 16 22
11 13 25
5 8 22
19 21 26
14 17 3
7 10 1
19 22 4
6 8 16
21 0 35
12 18 11
8 12 43
2 5 42
8 12 16
2 6 37
9 12 25
7 9 42
14 20 31
7 9 13
9 13 32
21 1 15
0 2 32
11 16 50
11 13 10
5 8 22
18 20 27
8 11 13
0 1 6
20 23 14
3 5 37
1 4 3
5 9 31
16 21 24
12 14 3
21 1 22
19 21 26
5 8 13
6 8 26
15 18 30
12 16 3
9 12 30
10 13 46
16 19 2
18 22 9
23 3 17
7 12 33
14 17 11
16 19 25
0 3 45
17 19 46
15 19 46
19 22 22
7 9 19
19 23 10
7 10 44
0 5 22
13 16 26
0 3 41
8 11 31
21 2 21
0 2 24
20 22 11
9 13 17
10 13 18
21 22 13
4 5 12
22 0 50
6 6 19
18 22 19
20 22 11
18 23 40
2 5 25
6 9 33
17 21 34
21 22 20
2 5 18
2 5 23
11 13 1
14 16 23
10 13 33
3 5 39
10 13 43
1 4 37
23 3 50
14 17 28
0 3 8
1 5 15
8 11 33
22 1 43
11 13 15
5 8 14
17 21 43
22 1 29
2 5 9
12 13 1
21 23 37
4 6 14
0 1 7
17 20 33
19 21 31
8 10 41
1 4 43
16 20 35
17 22 22
7 10 42
15 18 3
13 17 3
11 14 22
10 15 3
12 16 1
10 13 6
21 2 2
19 22 19
8 9 41
15 18 43
16 19 21
10 12 33
21 0 16
19 23 1
1 4 21
6 10 5
23 3 49
13 15 31
11 12 3
19 21 37
12 13 4
11 14 46
1 4 38
3 6 45
0 4 9
16 19 18
4 7 36
19 21 48
16 20 4
16 17 11
5 8 1
19 21 17
22 0 38
14 18 23
9 12 13
10 14 22
22 1 30
17 20 34
20 22 14
13 16 48
1 1 11
4 6 28
19 22 7
17 19 36
15 18 40
6 10 41
21 23 37
13 17 14
17 20 30
1 3 23
10 13 12
15 18 27
11 15 20
0 4 43
23 1 41
23 2 1
4 5 39
15 18 16
1 3 1
4 8 15
17 20 41
2 8 28
2 5 10
15 18 47
13 17 50
0 2 49
5 8 48
20 0 45
15 19 2
9 13 37
1 3 21
19 22 6
15 16 13
23 2 49
3 6 24
21 23 36
14 18 24
5 8 41
6 9 20
8 10 19
3 6 1
17 20 42
23 2 41
17 21 4
21 2 12
20 22 7
17 19 6
4 8 31
16 19 17
5 9 23
14 15 9
23 3 18
5 9 3
6 10 33
2 6 21
2 6 25
19 23 19
1 4 34
8 13 13
21 0 27
8 10 13
2 5 39
10 13 26
18 21 49
16 19 3
17 21 41
7 10 37
1 5 47
23 1 42
15 18 28
20 23 34
5 8 19
1 3 21
20 22 45
18 21 19
8 12 5
9 13 5
3 4 31
16 17 25
16 19 42
10 14 7
19 23 32
19 21 47
19 22 29
20 22 29
2 3 22
0 2 11
21 1 17
5 9 20
2 6 12
14 17 45
7 9 9
10 14 34
12 16 32
3 7 22
22 0 19
4 7 13
19 22 22
12 15 16
23 1 30
1 7 36
20 21 15
23 2 29
16 19 18
12 16 10
5 9 46
23 3 39
9 12 10
2 6 46
17 19 11
19 23 49
12 15 24
16 19 37
5 9 9
4 6 45
3 7 27
20 0 34
12 15 36
15 19 39
8 10 24
2 6 11
19 22 27
12 16 20
13 16 7
15 17 6
9 12 20
4 7 8
19 0 39
4 8 32
1 4 30
6 9 42
8 9 25
4 9 18
7 11 23
20 1 18
13 17 27
23 0 50
22 1 16
20 22 38
15 17 50
6 9 37
23 2 11
3 5 19
1 4 24
8 11 1
10 13 30
16 18 7
14 16 40
9 14 49
1 3 1
5 10 25
7 10 41
8 10 29
4 6 34
2 5 48
1 5 46
13 18 18
3 6 35
9 13 12
7 10 1
15 17 11
19 23 2
18 20 48
7 8 34
0 2 43
5 8 35
23 2 12
10 12 27
9 10 37
19 21 2
10 12 36
13 15 33
2 4 15
1 3 7
16 19 10
11 12 27
1 3 34
7 10 25
1 6 26
12 14 37
16 19 37
0 2 6
18 23 47
14 17 20
20 23 19
16 21 36
11 15 3
3 8 24
12 14 50
17 18 13
13 17 22
10 13 25
4 5 35
19 21 46
0 4 25
11 13 21
2 5 4
0 4 17
2 5 50
18 20 45
22 0 48
2 6 6
12 15 4
18 20 46
3 7 17
22 1 8
2 5 43
13 17 23
15 18 22
14 18 28
20 0 1
1 4 23
12 14 45
2 4 50
10 14 45
16 18 41
9 12 8
19 0 17
22 0 15
11 16 46
12 15 6
9 12 42
16 17 30
5 7 43
0 2 14
23 4 37
6 8 48
5 7 10
8 11 26
21 0 5
4 8 31
13 17 13
2 5 1
18 22 10
11 15 44
23 2 35
6 9 44
3 5 3
6 9 44
19 23 29
10 13 44
16 18 11
10 12 42
2 5 36
8 11 34
4 5 41
7 10 23
20 23 10
20 22 32
7 11 49
23 2 48
20 23 4
23 4 30
5 8 33
1 3 44
13 16 31
0 4 6
7 10 46
13 15 26
1 4 24
19 0 27
17 20 22
11 15 3
10 14 31
3 6 13
8 10 24
2 5 19
22 1 1
19 23 46
1 2 23
23 1 13
1 4 45
5 8 12
2 7 23
12 14 30
3 6 39
6 9 10
9 13 12
10 14 10
8 10 50
13 16 49
18 22 13
11 15 21
10 12 48
20 0 40
23 3 21
5 9 18
11 15 21
6 10 5
0 2 30
1 6 32
7 8 9
11 15 17
8 10 21
5 9 45
13 17 6
11 14 49
15 17 1
23 2 1
11 13 45
7 9 42
10 13 5
18 21 7
4 7 28
21 0 35
17 19 13
17 21 1
0 3 25
9 11 44
12 14 15
1 4 11
9 12 31
23 2 42
5 8 31
2 4 15
17 21 21
9 13 47
19 19 40
4 6 29
10 13 45
3 7 17
19 22 30
3 6 46
3 6 5
18 20 20
7 9 9
7 9 18
2 6 19
20 23 12
0 3 50
16 20 18
18 23 28
0 1 23
19 21 25
0 3 28
2 5 11
5 8 11
22 3 27
11 14 1
23 3 5
15 18 25
15 18 23
18 22 1
16 19 27
23 1 37
21 0 4
21 0 35
10 14 8
5 9 11
10 13 40
0 2 33
19 23 39
14 17 39
22 0 46
17 19 7
12 15 3
16 19 35
6 9 20
3 4 37
20 22 25
5 7 40
16 17 33
11 15 25
11 14 28
3 5 34
20 21 28
16 20 15
0 5 22
21 1 20
8 11 30
23 2 46
6 9 29
10 15 8
2 3 6
22 1 9
1 4 6
22 0 37
20 23 1
16 19 10
1 4 9
2 7 5
21 23 13
1 4 38
9 12 13
11 14 5
5 8 33
2 7 15
6 9 49
19 20 8
10 14 14
11 12 44
4 6 34
11 13 49
4 8 34
14 17 49
9 13 16
14 16 13
22 1 22
17 19 31
6 11 45
9 13 28
14 19 16
3 8 29
7 9 33
11 15 15
14 17 13
3 5 17
1 4 41
10 13 43
20 22 25
0 3 28
14 16 5
2 4 13
23 1 22
13 16 50
16 18 4
12 15 33
0 2 12
1 4 46
14 15 15
2 5 41
15 16 24
21 0 19
11 14 33
20 23 28
3 5 30
9 12 15
16 18 2
9 11 44
21 0 20
8 10 28
15 16 35
9 11 39
21 23 29
5 9 10
18 22 48
8 12 6
10 13 38
10 13 46
17 20 34
3 8 2
15 18 33
7 9 38
1 4 35
0 4 28
17 20 15
12 16 41
16 19 29
5 9 45
15 18 16
5 7 25
19 0 19
17 21 41
0 2 21
19 22 8
13 16 13
6 7 44
6 11 2
6 8 13
16 20 41
8 12 45
6 9 10
4 7 14
11 14 3
5 9 3
17 19 15
5 7 28
3 5 23
18 20 8
14 16 14
20 0 9
14 17 8
7 10 22
8 12 5
23 4 4
11 15 3
6 8 15
4 7 38
18 21 48
5 7 34
4 5 5
10 13 47
19 22 29
6 9 3
17 21 41
23 2 50
23 1 15
21 22 49
11 14 5
7 9 46
16 19 16
2 4 25
16 19 29
19 22 17
21 0 13
23 4 23
0 2 12
21 2 48
15 17 39
7 11 7
4 7 28
5 8 49
22 1 7
2 4 43
1 4 40
21 23 15
13 15 22
19 22 22
0 2 50
23 0 28
23 1 14
23 1 36
12 16 31
23 2 25
20 22 5
16 20 14
9 12 49
0 3 33
23 3 38
0 4 46
2 3 31
15 18 21
8 10 41
14 19 17
14 17 4
16 19 39
4 8 10
20 23 44
6 9 48
17 20 6
18 22 41
17 21 13
20 23 29
3 6 35
8 13 38
0 4 10
19 21 41
18 21 31
17 19 17
4 8 36
6 8 20
23 2 29
3 6 18
19 22 7
5 9 3
18 19 7
8 13 16
0 2 10
9 11 9
22 1 39
23 1 7
10 13 6
18 22 7
11 14 34
20 22 23
11 14 50
5 7 19
4 6 43
11 15 47
13 15 14
14 18 16
12 15 28
10 12 27
3 5 21
15 19 7
3 6 39
10 14 23
17 20 7
22 1 7
19 22 9
9 12 10
21 2 14
6 10 33
4 6 11
19 21 39
8 10 15
18 21 20
10 11 39
5 8 14
9 13 10
11 14 8
10 13 32
22 3 19
10 14 25
18 20 15
11 13 38
4 7 32
19 23 20
18 19 46
4 7 8
7 9 41
3 6 37
23 3 36
10 11 37
12 14 32
11 14 17
2 4 32
9 12 13
18 22 27
20 23 4
21 23 49
1 3 49
18 23 38
14 15 45
15 19 21
19 1 49
20 23 49
7 10 37
17 21 35
9 12 22
9 10 18
11 16 27
9 11 37
3 7 48
17 21 22
1 2 17
19 23 13
6 8 7
20 23 15
0 4 42
18 22 47
7 12 7
7 10 45
14 16 48
4 7 13
11 14 39
5 9 11
15 19 7
7 9 29
1 6 7
21 0 15
23 2 40
3 5 30
3 6 17
14 17 31
2 4 33
12 15 12
10 14 4
9 11 13
22 3 34
2 6 44
16 18 41
10 15 12
4 9 44
16 19 50
23 2 24
19 22 7
2 5 43
21 0 4
3 8 25
5 9 9
2 7 49
23 4 26
5 8 42
6 10 24
20 23 42
13 17 15
1 5 18
5 8 19
1 4 13
9 12 4
5 9 4
14 15 24
7 10 47
9 11 2
18 21 19
12 16 15
13 16 20
7 8 12
10 14 43
13 16 23
5 7 49
22 0 16
4 8 39
1 4 8
11 14 34
20 0 4
21 0 47
11 14 33
21 0 30
15 18 49
6 8 26
19 22 41
19 0 11
22 1 7
18 22 7
7 11 15
10 13 10
9 13 33
8 11 41
13 15 38
3 5 35
14 18 43
9 10 25
2 5 26
22 2 10
19 21 7
3 8 16
22 1 37
16 19 11
23 2 21
18 21 34
9 12 5
22 2 42
17 19 36
6 9 9
6 8 17
5 7 39
8 12 31
17 19 21
12 15 45
6 11 29
13 16 15
5 8 15
11 13 11
14 19 3
22 1 29
0 3 7
10 13 26
20 0 35
23 4 8
8 13 27
2 5 26
12 15 33
10 13 46
11 15 14
0 4 5
0 4 30
15 18 6
17 21 36
7 10 19
5 9 32
2 5 18
21 23 26
10 12 26
7 10 19
7 9 43
16 19 29
23 1 21
4 7 34
7 11 8
15 20 11
19 20 19
12 13 25
8 11 28
18 20 17
2 3 23
0 3 11
14 16 13
3 7 40
22 1 20
3 8 19
12 16 29
3 7 35
3 5 46
21 0 2
15 18 33
23 2 22
3 7 5
6 10 50
0 3 38
22 23 45
19 22 3
22 23 41
1 3 2
23 3 47
10 15 14
5 8 36
9 13 33
10 13 47
22 2 28
8 13 9
12 16 47
12 14 33
16 19 21
12 17 3
5 6 13
10 13 12
4 6 44
19 21 5
18 21 42
12 16 12
10 12 26
16 18 27
1 5 35
0 2 28
7 9 43
5 8 30
10 15 7
2 5 36
9 13 38
6 7 38
8 10 17
16 18 29
17 20 29
14 18 12
8 10 15
0 1 47
15 18 17
9 10 26
15 19 5
10 14 1
15 18 35
10 12 2
2 3 18
14 19 38
8 11 1
1 3 7
21 0 25
12 15 18
1 3 26
1 3 22
9 11 14
2 4 27
23 2 20
16 20 9
7 9 40
14 16 6
17 19 29
2 5 14
15 18 21
4 6 14
0 3 17
20 22 29
7 8 5
9 13 4
11 12 36
17 20 10
22 1 15
19 23 6
17 21 42
19 21 17
19 22 36
14 17 28
3 6 42
23 3 30
0 4 7
2 4 4
21 0 9
23 2 50
20 22 43
17 19 1
0 3 4
14 17 5
10 12 12
0 3 27
9 13 1
2 6 3
14 17 25
14 18 41
16 20 32
14 19 41
12 15 23
11 14 31
13 16 27
5 8 2
7 9 4
10 13 45
22 2 6
20 0 30
22 2 39
1 5 49
0 5 45
16 19 10
21 1 20
8 12 34
17 20 46
1 5 6
2 5 9
6 9 13
20 23 35
3 7 20
22 0 32
21 23 46
6 8 17
7 11 35
8 11 34
9 12 23
5 7 11
9 13 37
4 6 42
2 6 43
23 3 34
16 19 23
13 16 46
10 12 26
10 14 27
0 4 40
22 2 12
16 19 22
5 7 23
11 14 6
20 23 26
4 9 29
11 15 19
15 17 20
10 14 6
21 0 1
2 5 22
13 16 9
18 21 5
18 22 39
8 11 28
22 1 39
22 1 27
0 2 1
3 5 28
22 2 37
0 2 16
20 23 15
13 15 25
12 18 5
14 19 24
13 17 37
3 6 22
15 16 2
1 5 35
21 23 34
10 14 42
22 3 34
15 19 38
2 5 44
21 0 20
13 14 37
18 21 25
12 15 22
20 23 32
9 13 42
3 6 44
21 3 50
18 22 24
20 23 21
10 12 9
14 15 31
9 13 50
5 8 11
23 2 42
11 14 14
3 6 33
18 22 12
5 8 34
4 5 36
8 12 26
22 2 15
6 11 37
20 22 12
5 8 43
8 10 25
16 20 42
19 21 22
12 14 35
19 22 8
17 21 46
10 13 12
8 10 44
11 13 39
16 19 48
7 11 21
14 17 20
4 7 12
0 3 42
3 8 6
10 11 4
5 8 49
6 9 10
0 3 30
22 1 14
15 18 28
7 10 39
17 21 7
22 1 5
22 0 25
13 18 19
4 8 33
10 12 31
19 21 22
5 10 5
10 13 31
1 5 17
17 20 3
13 17 24
14 18 33
7 11 45
9 13 16
2 4 12
12 14 24
3 5 50
11 14 22
18 20 29
4 7 48
19 22 11
5 9 43
7 11 48
9 13 46
10 11 32
20 0 14
8 13 4
23 1 34
12 15 7
8 11 3
16 16 20
5 7 19
21 0 21
2 6 38
12 14 17
20 23 16
5 10 35
3 7 47
2 5 47
9 11 39
8 11 16
2 5 21
17 20 9
13 17 43
1 4 33
16 17 37
11 14 4
22 1 20
16 19 12
0 2 12
22 2 32
10 13 12
17 21 27
9 12 18
21 0 1
23 2 23
20 0 14
15 18 18
11 13 19
21 0 46
0 3 6
23 1 4
17 21 13
10 14 38
1 2 12
10 13 18
12 13 47
16 20 47
23 3 49
0 3 28
18 20 47
16 17 2
17 20 1
7 9 4
8 11 44
16 19 42
18 21 13
23 2 48
2 5 9
8 12 30
12 16 31
19 22 18
16 19 33
12 15 26
1 3 12
15 18 27
14 18 22
11 15 7
12 15 36
1 4 3
13 15 10
18 22 46
20 22 29
16 20 38
4 7 48
0 2 1
23 0 38
18 21 20
4 8 10
16 20 7
1 4 42
13 17 34
8 12 32
10 13 27
1 3 10
9 13 50
11 14 30
18 0 11
10 13 50
7 10 24
23 3 7
23 2 23
6 8 6
19 20 38
17 20 46
5 7 15
22 1 22
7 9 20
22 1 4
9 13 16
10 11 30
7 9 22
4 8 17
11 12 7
16 20 40
23 3 47
7 11 18
14 18 50
12 15 45
9 11 27
6 10 37
21 23 9
11 14 6
2 5 43
9 14 10
15 17 3
16 18 3
22 3 10
7 10 41
6 10 47
7 10 9
0 3 48
13 17 49
3 8 43
4 7 46
18 21 30
8 11 37
17 19 39
13 17 49
3 4 39
21 23 14
5 6 32
7 10 31
23 3 27
18 21 3
14 17 41
22 2 16
2 5 5
21 0 7
16 18 4
18 21 35
17 20 9
9 13 34
22 2 38
22 2 46
14 16 35
20 22 31
22 2 37
10 14 24
8 12 42
19 23 43
17 21 44
12 16 17
11 15 12
3 9 2
2 5 24
11 15 45
6 9 25
23 1 4
2 7 7
15 19 41
22 1 7
17 20 45
13 17 43
15 19 50
16 20 12
5 6 41
14 17 40
11 13 20
15 18 15
15 17 42
23 2 36
18 22 3
16 19 48
21 1 15
4 7 41
15 20 42
15 17 6
9 12 4
18 22 31
1 4 27
1 5 4
14 18 26
13 17 3
13 17 50
16 19 18
4 7 6
4 8 33
16 20 14
0 2 5
13 17 35
3 6 18
15 19 11
20 22 44
10 13 38
18 21 26
0 4 33
19 21 7
3 7 1
9 11 31
23 4 3
8 11 8
15 16 4
8 14 6
12 15 4
7 11 37
20 22 49
19 22 38
6 10 11
19 23 16
23 4 31
14 14 46
2 5 8
16 20 3
3 6 27
7 10 7
3 5 11
15 17 20
9 11 26
15 18 45
19 22 13
8 10 36
10 13 32
19 20 32
13 19 11
15 17 5
23 3 21
8 11 5
7 8 37
4 6 34
14 16 34
18 21 47
13 15 37
3 6 29
11 13 37
2 6 15
18 21 11
10 15 10
12 13 2
3 6 1
11 15 27
4 6 35
6 9 41
17 19 50
18 21 8
5 8 2
6 9 9
20 22 40
19 22 9
21 1 22
21 23 12
0 3 26
10 14 42
20 22 50
5 8 10
11 15 33
17 18 48
1 4 10
17 20 19
16 19 45
17 20 40
22 1 36
10 12 24
18 21 39
11 14 10
22 2 25
13 15 45
8 10 33
5 8 19
9 13 27
16 19 16
3 9 8
0 2 4
12 15 12
10 11 46
4 7 9
14 15 48
7 9 29
3 7 28
2 6 7
0 3 15
15 17 19
21 0 20
20 0 30
18 20 23
7 9 20
18 20 15
16 20 33
6 10 8
6 8 1
13 17 35
11 15 43
0 0 34
1 4 45
22 1 49
0 1 41
15 17 45
6 9 41
16 19 14
11 14 28
15 18 45
5 11 19
11 15 3
7 9 24
8 12 48
5 9 39
9 12 46
5 8 8
9 11 37
21 0 36
12 16 43
17 19 7
23 0 35
3 7 25
3 5 29
16 19 26
6 12 3
5 7 32
0 4 45
7 12 4
18 20 44
6 9 41
6 11 14
18 21 23
21 0 17
