6000 39
28 36 21 20 15 12 35 7 26 15 33 37 5 18 20 34 10 3 16 12 39 34 25 29 36 3 34 23 34 29 38 9 21 24 14 24 27 18 28 
19 21 17
13 17 39
19 22 31
15 18 6
12 15 5
6 9 6
13 15 13
22 1 15
6 10 33
13 16 37
15 17 37
11 14 36
15 18 16
16 19 39
1 3 27
6 9 19
12 14 28
9 13 19
22 3 5
14 16 25
21 0 39
10 12 32
14 17 24
0 2 33
5 9 39
5 8 6
0 3 38
4 6 39
3 6 23
21 0 22
18 22 20
19 22 27
16 20 18
2 5 28
3 6 9
20 22 15
17 20 9
0 4 7
13 15 1
21 0 24
2 5 23
9 11 15
17 20 24
12 15 13
5 10 11
10 13 21
20 22 30
17 20 35
2 4 29
16 20 36
15 18 35
2 5 34
6 9 22
22 0 36
10 12 26
16 20 22
18 21 23
17 20 11
9 13 12
19 23 13
15 16 37
13 17 23
10 15 11
21 0 36
11 15 24
7 10 4
9 12 38
23 3 23
11 13 1
15 17 34
2 5 24
23 2 24
16 20 37
8 11 16
14 17 12
12 15 25
19 22 7
12 15 24
2 4 5
19 21 34
4 7 2
22 1 36
6 10 15
5 10 22
2 5 39
6 8 14
9 12 37
4 6 12
4 7 23
5 9 4
13 17 14
3 6 3
6 8 31
13 17 20
10 11 32
3 7 13
6 10 8
11 13 1
18 19 16
8 10 22
23 2 7
5 8 25
11 14 20
4 6 8
22 3 12
14 17 18
16 17 37
23 1 10
2 5 2
10 12 9
23 3 16
17 20 15
8 12 35
16 20 36
6 9 30
15 17 27
12 13 30
15 18 25
6 10 39
22 1 21
23 2 12
12 13 28
6 8 5
0 2 22
3 5 34
15 18 37
7 11 4
15 19 7
2 5 39
4 5 37
6 8 22
19 21 15
14 16 4
15 17 27
0 1 8
15 19 16
1 5 13
8 11 6
16 19 29
15 17 16
16 19 29
10 13 30
5 7 25
0 3 32
10 13 8
14 17 32
20 22 15
19 23 26
7 9 22
15 18 7
19 20 22
13 16 30
10 12 32
20 23 26
13 15 39
9 11 9
21 0 9
7 11 27
11 13 35
13 14 27
18 21 3
13 16 11
1 4 30
16 20 2
4 7 15
2 4 38
18 21 39
20 21 12
10 13 23
9 12 14
17 21 5
18 22 24
18 21 10
9 13 32
21 1 2
22 2 8
3 6 13
10 15 23
11 14 18
23 1 12
4 9 3
11 13 1
1 4 39
6 9 31
18 19 17
16 20 19
11 14 26
1 6 15
8 11 17
15 18 38
17 21 21
8 13 4
20 23 12
22 1 38
22 0 3
20 0 14
6 8 27
8 12 28
6 11 35
8 9 1
1 4 10
12 16 14
13 16 23
23 4 11
15 19 19
14 16 22
5 7 5
7 10 32
0 3 25
8 11 16
4 8 18
12 17 11
0 3 27
14 17 36
19 23 9
10 13 16
14 17 33
1 4 39
16 19 28
21 23 11
22 0 4
2 6 6
11 14 37
12 15 39
5 10 28
22 2 26
4 6 15
12 15 16
9 12 1
6 11 9
8 11 24
13 17 34
2 5 17
11 11 11
7 10 29
9 13 4
17 22 9
14 17 39
20 0 34
7 11 12
11 16 35
7 8 32
22 1 20
12 14 7
10 14 26
8 11 29
10 14 29
5 10 4
5 9 8
0 3 2
1 4 17
13 16 37
20 0 23
2 4 36
22 1 7
21 2 14
0 2 12
1 3 22
22 2 22
9 14 24
0 5 11
16 17 27
14 16 4
18 20 31
5 8 38
15 18 5
3 6 17
23 1 14
12 16 18
14 16 21
0 4 32
0 2 37
7 10 23
17 19 21
11 14 13
22 1 10
17 20 23
19 0 39
0 1 6
13 17 18
10 13 29
12 14 2
22 0 21
1 4 4
3 5 10
21 0 19
9 13 5
2 4 25
4 8 29
2 4 19
13 16 33
23 2 36
6 10 17
20 22 22
11 14 4
7 11 34
16 19 22
2 6 33
9 12 28
14 19 27
23 3 6
4 6 39
17 20 23
2 5 5
1 5 7
6 8 38
15 19 26
21 23 31
4 8 37
4 7 13
16 18 7
22 1 17
18 22 7
19 22 2
23 0 31
3 7 34
11 13 12
13 18 22
17 20 6
14 18 17
15 18 11
6 7 21
2 6 10
14 17 28
22 1 38
21 1 36
8 11 37
13 14 26
8 10 30
21 22 21
19 22 36
4 5 11
8 12 18
23 2 11
18 22 22
8 10 5
16 20 15
12 14 30
8 12 25
20 0 27
18 20 2
1 5 15
2 5 29
15 19 38
20 23 34
3 8 9
3 8 28
22 0 8
4 6 20
10 13 37
5 9 17
5 6 12
13 17 8
0 3 12
1 3 3
21 0 37
6 10 16
15 18 29
7 11 22
23 2 21
6 8 4
16 20 24
11 14 30
20 23 3
13 17 20
20 0 34
17 22 12
14 18 15
1 5 38
15 17 1
10 13 33
12 14 37
12 16 6
13 17 16
1 5 3
10 13 32
16 19 18
19 23 16
20 23 13
10 12 27
17 21 10
7 9 19
20 23 38
21 0 24
20 23 1
17 18 13
1 3 19
7 10 20
1 4 33
11 14 15
13 16 35
19 21 6
16 21 22
19 22 13
9 13 1
3 7 25
8 11 4
17 18 23
14 20 28
23 3 23
8 13 39
18 23 15
21 0 34
12 14 23
5 8 1
12 14 16
19 22 38
13 16 1
21 23 18
3 6 25
20 23 34
21 0 24
10 13 10
16 19 5
8 11 31
2 6 8
0 2 17
19 22 36
8 10 8
11 15 6
8 11 22
3 6 12
17 20 17
22 1 17
15 19 2
2 7 7
16 20 4
13 15 21
19 22 36
6 10 39
2 5 14
13 16 1
11 13 30
6 7 35
3 6 34
3 7 21
16 20 3
13 15 14
8 12 19
0 2 38
0 4 39
23 2 21
6 9 36
10 14 11
7 9 19
1 3 38
17 20 38
18 22 14
5 8 10
9 11 31
11 15 11
10 13 22
3 5 5
11 13 2
2 5 4
22 1 36
18 22 1
12 14 14
20 23 26
21 0 17
6 11 22
2 6 38
10 13 38
22 1 32
22 1 3
19 23 29
3 5 18
12 16 10
21 0 22
18 21 23
16 19 34
8 11 25
20 0 11
2 6 15
22 2 27
21 23 17
5 9 36
10 11 19
1 2 26
12 15 36
17 21 1
8 11 33
14 18 33
22 1 1
6 9 1
9 14 28
6 8 34
21 0 21
6 8 10
13 16 35
2 6 13
4 7 23
14 16 9
8 12 23
15 17 10
1 5 9
3 8 12
15 20 36
20 0 6
11 15 23
21 22 35
2 6 14
9 11 33
14 18 9
13 14 35
1 4 30
19 22 29
18 21 26
2 5 12
23 1 16
13 16 32
20 21 1
5 7 7
21 0 12
9 11 31
12 14 13
0 2 21
9 12 19
6 8 32
16 19 19
2 4 11
5 9 17
0 1 18
6 10 35
5 5 23
8 13 3
17 19 34
13 16 28
13 16 7
22 2 1
13 16 29
6 10 3
11 16 37
14 17 8
16 19 17
11 14 4
21 1 6
8 12 20
1 5 39
19 22 8
3 5 16
11 14 38
2 8 29
11 14 34
20 22 8
13 15 39
20 0 3
21 1 21
21 0 30
22 3 7
18 20 38
20 0 29
6 9 35
22 0 7
10 12 2
13 16 11
14 17 39
8 12 26
19 23 15
4 7 24
18 21 36
22 1 6
22 0 4
3 5 16
1 4 10
20 23 2
7 10 19
2 5 33
0 3 22
21 1 5
9 9 34
19 22 6
6 11 38
12 14 13
14 16 31
5 8 21
22 2 38
20 23 31
7 11 24
9 14 9
19 23 24
23 2 24
17 19 6
5 8 18
21 23 28
1 5 6
7 12 3
14 19 30
23 1 25
1 4 28
15 18 34
21 1 21
14 16 12
11 14 15
15 18 28
5 8 7
23 2 28
21 23 12
19 23 29
8 11 30
0 3 25
19 21 11
17 22 5
11 15 37
1 5 20
8 11 19
9 13 24
5 9 8
1 4 14
15 19 13
13 16 36
22 1 27
5 8 10
9 11 21
3 6 35
9 12 3
22 2 24
21 0 37
11 12 2
21 23 27
7 10 22
0 4 5
1 4 38
2 5 29
9 11 12
7 10 24
8 11 2
2 6 19
2 5 24
13 15 3
4 7 12
3 6 18
8 10 13
17 21 31
2 5 5
21 0 35
3 6 13
17 20 29
20 23 10
11 15 15
14 17 16
1 5 11
16 20 37
14 15 16
1 3 12
21 0 32
12 14 27
12 16 19
18 22 3
22 1 37
5 7 29
21 1 13
10 14 12
7 10 39
2 7 25
14 17 20
21 23 38
8 10 19
2 6 23
13 18 20
3 3 28
17 20 31
18 23 17
14 18 22
2 5 11
5 8 34
23 2 37
20 22 13
20 0 10
0 5 13
18 20 9
19 23 18
15 17 5
12 15 27
17 21 20
6 8 1
1 6 20
23 2 24
10 11 9
14 17 33
20 23 13
0 4 12
8 10 8
18 21 17
2 2 7
1 3 18
17 23 19
20 0 32
20 0 1
0 5 5
17 23 4
11 15 31
20 0 15
18 20 10
13 15 4
12 14 18
16 18 18
18 20 16
3 4 15
22 2 39
10 13 23
1 4 23
1 4 12
14 17 19
20 22 1
19 21 4
9 11 37
13 13 32
20 23 17
5 8 37
17 20 26
6 9 17
19 0 37
16 20 15
20 0 21
20 0 18
17 19 21
14 17 9
20 22 19
1 6 16
21 1 26
14 16 22
5 8 2
3 6 3
6 8 5
7 10 21
6 9 34
1 3 36
5 10 39
2 3 21
4 5 39
22 2 8
16 18 10
19 23 33
20 0 36
8 11 9
17 20 20
17 21 2
22 3 38
8 12 17
12 14 22
23 2 8
23 3 1
7 11 23
10 12 27
2 5 16
20 22 8
19 1 25
17 19 3
23 1 14
11 13 27
2 6 38
23 1 22
3 6 35
3 7 26
17 19 18
16 19 4
21 2 28
8 13 17
7 11 37
22 0 32
2 6 24
3 5 25
19 21 31
12 16 2
11 13 18
18 19 35
0 4 34
3 4 30
2 6 21
22 3 12
7 9 38
9 13 15
17 21 4
0 4 9
9 11 17
7 10 19
8 12 9
5 9 23
19 21 17
10 14 35
20 23 2
22 2 21
1 4 35
15 20 25
4 7 1
21 0 6
19 22 19
18 22 31
13 17 15
10 13 22
17 17 33
0 4 8
18 23 19
23 1 9
2 4 15
11 14 12
18 22 12
7 10 1
14 16 9
22 1 34
21 23 26
7 9 17
14 17 4
8 11 36
5 6 15
15 17 19
16 19 11
4 6 19
17 22 11
12 16 9
14 18 15
19 21 16
4 7 16
22 2 34
6 10 28
0 3 4
14 17 34
1 5 10
10 12 10
3 7 23
13 16 29
13 16 5
17 19 25
3 5 25
17 19 18
17 19 39
19 21 21
10 15 4
18 22 27
22 1 36
11 14 21
19 22 7
19 23 14
10 15 17
3 4 22
9 13 27
22 1 3
16 17 23
17 19 28
14 16 34
7 10 34
9 12 33
22 2 20
9 12 15
10 12 19
22 1 11
21 23 6
15 19 26
17 20 28
15 17 38
0 2 1
23 3 39
8 11 25
19 23 31
23 3 37
19 23 37
15 18 30
15 18 11
10 12 27
1 3 2
6 9 15
0 4 2
7 11 21
11 14 27
11 14 8
23 2 15
7 9 15
13 14 5
0 3 5
21 23 23
1 7 4
16 21 3
11 14 36
16 20 36
2 4 23
0 3 19
5 8 28
23 1 12
0 4 1
16 19 23
22 2 16
4 8 33
11 16 34
18 21 2
7 10 2
18 21 30
3 4 7
13 16 21
18 21 7
8 12 32
1 4 38
19 21 14
14 17 19
9 12 30
4 6 15
8 11 10
20 23 20
10 13 32
11 14 2
8 11 13
0 3 26
20 0 36
23 0 8
5 7 22
2 5 29
0 3 18
0 3 13
17 20 11
23 2 30
5 8 39
2 5 22
11 13 2
7 11 32
10 14 36
17 21 31
0 3 14
22 1 36
23 2 9
18 20 17
22 2 35
14 17 39
11 15 2
7 10 10
5 7 31
23 1 11
2 4 14
3 5 9
1 4 26
3 6 13
13 16 24
18 21 11
11 15 31
5 6 27
17 21 18
9 12 21
7 12 38
8 11 23
8 10 29
16 18 16
7 12 5
15 18 21
11 13 17
20 22 17
13 15 19
12 13 31
10 12 17
0 4 37
4 8 14
8 10 29
22 2 36
10 12 12
15 18 5
13 18 18
15 17 26
10 14 19
7 9 21
0 4 26
7 8 26
0 3 16
9 10 38
7 12 15
18 19 3
20 0 3
20 23 30
2 6 27
13 14 21
22 23 34
13 15 15
8 10 38
17 20 14
20 23 26
21 23 2
12 15 31
17 19 21
6 9 27
15 19 29
14 16 38
4 7 8
17 19 6
9 11 14
3 4 21
9 12 22
5 9 15
17 20 11
11 16 35
23 2 20
2 4 6
5 9 6
12 16 38
6 7 8
21 1 25
9 13 32
10 12 9
12 15 16
0 1 38
12 14 3
4 6 5
10 12 12
14 17 9
16 19 21
20 0 9
17 21 6
1 6 13
12 17 29
22 2 7
9 10 22
7 11 18
16 18 17
0 3 24
10 13 23
22 1 4
5 8 4
1 2 7
15 19 11
17 21 35
21 22 24
19 22 39
5 7 17
12 15 8
19 22 5
10 13 7
12 14 9
19 0 38
10 12 31
7 9 26
5 9 36
16 18 16
22 2 2
19 21 6
23 3 17
12 15 26
2 3 13
0 3 23
5 7 23
15 18 17
0 3 18
14 18 4
1 4 30
8 12 8
22 2 38
2 6 8
5 9 22
4 7 12
1 3 9
18 19 13
4 8 3
7 11 24
9 12 8
14 19 30
21 1 38
21 23 37
13 17 9
16 19 11
11 14 25
2 5 4
10 13 25
4 8 18
8 11 13
10 13 7
14 17 17
22 1 13
13 18 9
4 9 31
0 4 3
14 18 26
0 3 24
23 4 19
5 9 27
15 18 39
12 14 16
8 11 23
1 4 4
4 7 22
18 20 8
8 12 33
22 0 19
1 5 23
21 1 4
16 19 20
10 13 24
8 10 8
23 1 37
18 21 20
20 23 23
9 12 26
18 21 37
19 21 2
5 8 30
19 23 29
17 18 34
1 4 11
21 1 31
4 7 2
10 14 5
11 14 37
22 0 16
14 16 38
8 12 12
20 22 17
2 4 23
0 5 22
22 1 7
2 5 25
10 13 24
16 20 7
3 6 8
6 7 29
6 8 28
5 8 29
7 7 7
20 0 15
5 8 18
22 2 24
6 7 19
16 20 24
21 23 14
0 3 17
23 2 5
15 19 39
6 8 34
12 14 37
2 5 23
2 6 38
21 0 4
17 20 14
14 15 34
7 10 12
11 13 3
17 20 14
23 0 39
5 8 35
11 12 29
17 19 10
8 11 18
13 16 38
10 14 12
6 10 11
20 23 28
7 10 28
14 18 24
6 8 20
3 7 8
13 15 5
1 4 14
2 6 25
7 11 25
2 6 23
10 12 18
13 16 15
14 16 12
5 8 11
19 23 16
13 17 22
21 1 19
15 17 27
1 5 16
23 2 23
3 3 20
17 20 14
22 0 9
10 13 16
12 16 26
5 9 36
17 20 10
20 23 8
14 19 28
4 9 27
23 2 28
5 7 7
0 5 38
10 13 16
5 5 20
19 22 23
11 15 27
17 20 27
12 15 23
15 18 38
8 13 22
9 14 30
6 8 9
10 13 15
15 19 23
1 6 17
16 18 21
21 0 19
17 20 9
4 6 35
8 11 38
1 4 7
18 21 21
11 13 2
0 2 4
11 13 11
10 13 10
22 1 9
13 17 21
19 23 39
4 6 34
19 0 25
17 19 36
2 4 7
3 5 27
21 23 27
6 10 2
17 20 29
4 8 11
22 2 17
23 1 34
15 19 31
6 9 11
17 21 12
21 23 7
4 6 28
21 23 9
21 23 33
23 0 17
3 5 5
2 6 28
17 21 18
18 19 38
19 20 3
8 11 20
4 7 26
5 9 23
15 16 26
8 11 24
4 7 26
22 3 17
2 5 31
23 1 12
23 1 19
6 9 9
20 23 28
14 17 16
7 10 24
10 13 10
13 16 31
17 18 11
22 0 24
3 6 38
18 20 15
18 21 9
8 10 26
22 1 35
9 10 26
22 2 36
19 23 36
17 20 1
22 0 13
3 6 13
2 5 8
19 21 1
0 3 17
22 2 27
11 15 2
5 8 15
19 21 19
15 19 26
3 6 34
22 0 37
3 7 8
6 10 9
7 11 39
22 4 32
11 16 31
10 14 9
5 7 21
23 2 25
23 2 29
16 20 27
14 17 3
3 5 7
18 20 14
6 10 26
9 11 22
23 3 6
16 18 35
19 22 27
22 2 35
17 20 38
13 15 5
12 14 14
6 8 34
15 19 8
6 7 4
5 8 31
6 10 37
3 5 25
6 9 29
20 23 12
8 11 13
9 12 15
21 1 1
16 19 36
16 18 21
14 17 39
2 7 1
13 16 37
13 14 1
23 3 38
21 22 27
8 11 1
20 21 17
14 17 5
12 14 27
0 4 16
13 16 25
2 7 31
14 16 20
14 17 26
12 17 3
5 8 36
0 1 22
4 7 15
4 7 35
21 1 34
19 22 31
13 16 36
22 0 33
18 20 8
15 18 13
13 17 28
21 1 11
12 13 31
6 10 2
16 19 39
5 11 19
21 1 22
6 9 12
15 18 3
4 7 12
7 9 21
2 6 16
5 9 6
12 15 19
18 21 26
2 5 12
20 0 9
17 18 37
5 7 7
11 14 34
16 18 37
12 16 33
22 0 31
21 23 16
16 19 10
11 14 20
12 15 15
11 13 1
17 19 38
3 6 36
18 19 37
23 2 30
9 12 14
4 9 26
7 12 13
22 2 31
17 22 36
14 17 18
11 12 22
6 10 29
8 10 33
9 13 14
11 14 37
4 10 18
21 2 10
0 3 36
3 5 28
0 4 5
8 12 6
5 8 15
4 7 30
20 22 38
0 3 29
22 2 35
4 9 6
6 9 24
2 5 31
16 21 28
6 8 13
19 22 20
21 0 3
8 12 16
2 6 5
7 10 34
9 12 25
10 13 36
15 18 27
12 14 3
10 12 7
3 6 25
0 3 25
23 1 37
0 4 18
17 20 9
17 20 6
12 16 14
21 0 14
14 18 28
12 13 25
21 0 10
18 21 36
11 13 5
2 5 22
2 4 14
20 1 7
12 15 11
8 11 22
20 22 17
7 10 29
15 19 25
13 18 10
6 9 26
13 15 13
2 4 30
3 6 1
4 6 8
9 10 4
19 20 7
23 1 1
22 2 5
14 16 17
11 16 24
5 9 14
10 14 20
19 23 33
22 2 30
11 14 37
16 19 30
15 18 1
20 22 34
13 17 6
4 7 10
8 11 18
0 2 29
19 22 38
22 2 19
15 20 37
7 11 21
11 15 32
11 15 27
22 2 4
7 10 8
11 16 24
3 7 33
17 19 9
20 0 12
14 17 23
6 8 18
4 7 23
17 19 21
19 0 11
16 19 30
20 21 23
23 2 35
14 17 25
12 15 34
4 6 16
23 2 10
16 19 8
16 19 21
5 7 27
1 4 36
6 9 36
20 23 3
12 16 1
18 0 24
6 8 14
22 1 27
3 5 3
22 1 10
17 22 24
22 1 7
12 16 23
12 14 39
22 23 16
16 18 33
6 8 10
0 1 8
17 21 5
18 20 18
11 13 6
17 21 26
13 16 6
23 23 4
21 2 30
5 8 19
16 19 26
7 9 16
18 20 21
14 17 5
21 0 2
5 9 30
21 0 34
11 13 25
6 8 15
10 12 1
19 21 29
22 0 39
6 9 13
19 23 8
2 6 5
7 12 23
1 4 33
7 11 19
9 10 3
23 2 38
6 8 15
4 6 1
13 17 4
8 10 38
13 16 38
19 22 30
23 2 36
20 23 35
4 8 3
13 16 16
20 0 2
20 23 25
11 15 14
22 2 32
23 2 13
1 5 17
18 20 30
21 0 18
12 14 3
21 0 19
16 18 22
11 14 10
3 4 22
8 11 1
8 12 10
16 20 4
18 19 19
15 19 6
17 20 39
2 3 27
8 11 29
3 7 39
7 10 5
21 0 36
19 21 5
15 18 26
14 16 5
18 21 32
7 11 4
21 23 9
9 11 27
23 4 16
8 10 17
0 3 6
1 6 28
5 7 3
0 3 33
4 7 17
16 18 34
1 5 32
8 11 3
8 14 1
23 2 5
23 1 6
1 4 14
18 20 22
8 11 10
8 11 5
5 7 11
19 22 9
12 16 12
19 22 35
7 12 30
16 21 18
1 6 3
16 18 10
13 17 27
6 9 37
10 14 22
22 1 7
1 2 33
9 12 11
2 4 2
4 6 21
7 10 16
3 6 35
15 19 9
4 6 29
16 19 29
8 11 36
14 18 5
18 21 19
20 22 10
18 20 13
1 5 28
19 23 11
17 18 10
18 21 17
20 23 39
14 16 23
21 0 5
6 8 19
8 12 31
10 13 27
11 15 32
19 22 20
16 19 25
2 5 5
23 2 8
0 4 2
14 17 10
7 11 6
8 11 33
16 17 39
17 19 12
0 1 34
5 9 31
21 1 4
23 1 1
11 12 2
5 8 16
14 17 14
20 23 6
20 21 15
12 15 21
4 6 23
13 15 18
19 21 31
15 18 37
20 21 5
17 21 3
10 12 30
20 23 18
23 3 6
14 18 18
6 10 35
21 23 20
10 11 10
19 21 1
18 23 4
1 4 36
5 8 29
23 2 39
17 19 15
0 4 1
21 23 15
3 6 5
21 0 31
11 14 21
7 11 26
4 7 15
12 15 27
11 13 32
11 17 31
10 12 28
5 9 33
16 18 31
5 8 10
15 17 25
12 15 30
4 7 1
1 5 35
6 8 38
21 0 30
3 6 27
11 16 19
5 7 22
7 9 31
20 23 9
9 11 15
3 6 17
12 15 23
17 21 27
14 18 14
4 7 14
18 21 9
13 15 25
20 23 29
0 3 6
7 10 5
15 17 1
10 13 13
21 0 12
0 3 22
22 0 36
7 10 39
23 1 9
21 1 20
0 2 8
9 12 21
13 15 10
20 20 8
9 11 28
8 10 36
13 16 13
20 0 37
16 19 26
15 19 33
23 3 12
22 1 24
17 20 16
8 12 15
10 14 7
1 5 1
1 6 5
5 8 19
10 13 19
19 22 22
13 16 5
8 12 27
14 17 33
6 9 13
8 11 33
14 19 32
3 6 9
8 12 17
6 10 5
22 2 21
10 13 14
22 0 11
5 7 18
11 14 4
23 1 17
14 18 30
1 5 33
6 9 15
14 16 38
1 4 32
4 7 20
8 11 11
6 11 37
16 18 2
20 23 4
0 1 30
7 10 37
19 22 3
6 11 25
11 14 7
10 14 16
5 8 22
19 21 33
2 5 34
9 12 9
17 19 11
9 13 34
12 16 7
11 14 30
0 3 33
1 5 9
22 3 33
0 3 14
21 3 14
11 12 31
21 0 33
0 4 15
23 1 5
5 9 14
4 7 18
6 9 11
18 19 13
20 2 35
17 19 12
23 0 2
13 16 23
7 11 33
23 3 15
12 14 13
14 17 11
22 0 17
22 1 36
2 6 26
2 7 12
15 19 3
15 19 17
12 16 9
16 19 26
19 22 37
9 13 37
23 3 19
5 8 26
0 3 27
1 3 13
5 7 30
0 4 34
13 15 33
18 22 12
6 9 25
19 21 9
14 17 11
7 13 13
3 6 31
11 15 17
20 0 39
0 4 25
18 21 6
14 19 32
9 12 37
7 11 12
13 16 33
18 21 39
16 19 36
7 11 4
6 9 10
15 18 25
20 1 6
19 23 21
9 11 17
23 2 21
3 6 35
19 23 28
8 12 22
22 1 22
13 16 26
16 19 10
8 10 20
22 1 24
9 12 36
22 1 29
16 20 22
1 4 3
15 18 3
23 3 12
9 13 8
2 5 32
0 4 17
21 0 24
0 3 21
10 14 6
10 15 31
8 11 23
16 18 2
8 11 15
10 11 1
5 9 16
21 0 7
18 22 28
17 19 19
16 19 25
9 11 38
2 7 28
8 12 39
14 19 31
1 4 29
16 19 30
15 18 27
3 5 15
15 17 33
20 0 17
16 19 34
8 12 28
11 14 22
6 8 35
17 20 17
16 20 32
9 12 12
8 11 13
21 23 7
11 14 22
11 13 3
19 21 34
13 15 20
18 20 12
5 9 29
15 16 27
4 8 12
4 7 23
15 18 7
23 4 34
13 18 21
10 11 34
19 22 17
4 7 4
21 1 8
0 2 35
2 4 39
9 13 39
22 1 9
21 0 39
10 11 2
5 8 35
3 7 14
15 19 36
11 14 34
7 9 4
18 21 8
13 15 33
19 22 32
15 17 6
22 0 18
10 12 18
17 20 1
5 9 4
12 14 29
2 3 1
6 11 31
13 17 25
23 2 34
0 2 22
15 18 5
17 21 23
3 7 9
1 4 2
18 20 8
11 13 17
21 0 10
10 14 19
14 18 34
3 7 4
23 2 29
21 0 29
19 22 26
16 18 3
1 5 16
20 22 29
20 22 12
5 9 18
5 10 26
7 9 15
2 4 13
14 17 9
20 23 32
12 16 9
22 2 36
22 1 7
15 20 15
12 13 30
18 22 36
22 2 33
21 1 20
13 15 34
19 22 22
13 15 29
7 9 7
23 2 11
14 18 22
10 13 18
18 23 20
20 23 26
21 0 8
4 5 7
10 15 38
11 15 36
12 14 34
16 19 34
11 15 14
22 1 35
4 7 3
2 5 14
7 10 12
10 12 10
18 21 25
7 11 25
1 4 27
20 0 5
3 7 32
17 20 16
17 20 24
20 21 19
8 9 17
8 10 23
13 17 31
8 11 10
10 15 35
4 7 3
17 20 34
12 15 36
22 3 13
18 21 10
14 18 29
4 8 26
1 4 34
15 17 24
13 15 11
0 4 7
11 13 26
6 10 19
6 9 17
5 8 24
19 23 38
2 5 28
11 15 13
6 8 30
4 7 9
13 17 1
4 8 5
2 4 28
13 16 10
15 18 11
19 22 10
11 14 2
1 4 33
16 18 39
0 3 39
4 6 26
6 10 7
7 10 38
4 7 3
19 0 23
20 0 21
12 16 38
23 2 22
1 3 39
0 2 17
0 3 4
23 1 16
10 13 9
0 4 5
0 5 18
1 5 26
5 7 27
17 20 15
16 19 39
13 16 26
16 19 33
8 11 11
2 5 20
0 4 6
18 22 10
3 5 13
10 12 4
4 6 29
17 22 32
11 14 39
4 7 7
3 7 21
1 4 11
16 18 39
22 2 26
2 3 15
18 22 21
3 8 39
2 6 13
9 12 33
16 19 14
21 0 4
4 6 33
14 16 34
12 14 35
10 13 16
11 14 34
20 0 17
5 8 28
18 22 9
1 5 35
15 18 16
19 22 15
17 19 9
3 5 36
4 7 26
15 17 11
10 12 38
23 1 38
21 1 4
23 2 37
2 5 37
9 12 4
16 19 15
6 8 12
12 16 33
7 11 3
9 12 36
16 19 13
18 20 10
10 14 13
21 0 3
6 9 16
15 19 14
20 23 39
19 0 22
5 7 36
2 7 34
9 13 23
3 7 16
22 1 28
4 8 39
2 6 19
12 14 14
4 6 34
19 22 21
0 3 3
23 3 3
11 15 12
15 19 30
10 13 12
8 12 30
15 17 3
16 17 30
15 17 28
15 17 30
22 0 39
6 10 17
6 10 22
22 0 5
11 15 26
22 0 37
22 1 30
22 0 28
16 19 11
7 12 36
19 21 34
3 6 36
18 20 22
4 7 29
8 10 3
10 11 32
20 23 31
15 15 38
13 17 18
12 14 29
17 19 2
18 21 25
14 16 17
19 22 24
11 14 19
18 21 34
11 15 16
2 5 35
20 23 36
7 11 35
3 6 22
6 9 5
18 23 6
8 12 25
13 14 1
9 12 28
8 9 18
10 12 8
2 5 18
12 15 27
7 10 5
22 2 18
15 19 17
13 17 35
13 17 25
7 11 1
0 3 36
1 5 8
16 20 34
2 6 25
1 6 6
12 14 3
7 11 23
6 8 37
16 19 30
15 16 35
4 7 23
5 8 13
12 15 12
20 0 36
23 2 2
5 8 33
8 12 34
1 6 7
7 10 4
5 8 29
19 22 7
13 14 4
23 1 9
7 9 5
9 11 8
19 21 15
21 0 29
17 20 26
10 13 30
17 18 20
13 18 20
7 10 3
6 8 28
12 15 27
11 13 9
0 3 2
13 17 19
15 19 19
13 15 27
12 14 22
11 13 9
11 14 24
23 3 6
13 16 37
9 11 9
13 13 30
2 5 26
1 3 28
17 21 11
20 23 17
21 0 1
11 15 37
15 17 25
18 21 33
10 12 30
8 10 11
10 12 35
2 5 30
8 11 1
11 14 13
1 3 34
1 3 23
0 3 16
7 9 8
7 10 24
6 10 19
8 12 4
8 11 36
1 4 5
5 6 23
19 21 38
16 18 5
8 11 38
13 15 14
20 0 24
0 2 8
11 14 25
14 16 6
0 5 13
15 18 26
16 19 4
11 13 7
7 11 4
19 21 38
18 22 16
2 4 9
12 15 29
8 9 17
15 18 2
12 16 4
0 3 14
13 16 14
2 3 24
0 4 17
2 5 15
14 19 4
5 9 19
20 0 17
14 18 24
23 2 16
10 13 14
12 15 3
9 13 16
6 8 32
15 18 35
18 20 10
1 5 17
19 22 16
23 4 38
5 7 17
5 8 29
15 17 15
7 9 15
8 12 1
14 17 13
22 23 10
3 6 25
15 18 33
7 10 24
21 1 9
6 9 7
2 4 10
1 5 29
7 10 10
9 12 37
3 7 23
2 4 13
7 11 2
8 9 23
5 9 11
10 13 20
18 23 33
0 4 8
3 8 25
22 1 39
20 23 15
5 9 38
16 19 23
17 19 36
7 10 16
16 19 11
18 19 15
11 15 6
13 18 31
5 7 1
20 22 8
19 22 25
14 18 35
7 11 25
11 14 16
15 17 2
17 20 7
6 8 14
4 8 15
23 1 20
8 10 9
8 11 24
11 13 14
23 2 36
22 23 33
23 1 35
1 3 23
3 6 12
1 4 32
14 17 24
6 10 27
13 16 26
13 16 16
17 21 39
4 7 8
9 13 9
10 14 17
15 17 6
17 19 10
3 5 15
15 16 4
15 16 5
2 6 17
10 13 31
7 13 23
2 4 29
13 15 6
23 2 16
5 9 34
10 12 33
0 3 9
0 2 29
10 12 18
2 5 32
23 2 14
6 10 11
17 20 14
19 0 22
10 12 1
18 21 36
19 23 11
18 20 38
15 18 30
20 23 27
14 17 34
10 13 15
12 15 10
15 17 10
7 10 7
1 5 6
17 20 20
16 18 38
14 17 22
0 1 13
13 16 32
7 10 13
22 1 8
11 13 15
8 11 37
7 11 7
10 13 37
11 15 15
21 0 5
16 18 10
7 11 24
21 1 4
20 23 39
17 20 38
6 9 5
1 4 13
15 19 13
3 5 23
20 22 17
5 9 10
18 22 38
4 7 25
22 2 13
20 22 14
13 18 15
6 10 19
2 4 8
1 4 28
0 3 16
7 9 24
12 16 27
20 22 7
3 5 3
14 17 7
16 19 36
13 15 38
18 19 31
3 5 28
2 6 30
12 14 22
3 5 23
9 12 32
5 7 37
22 1 28
4 6 7
9 14 6
17 21 29
22 23 37
13 17 11
0 3 24
0 3 28
5 9 9
17 21 20
14 17 10
6 7 4
15 19 17
22 2 15
22 0 19
14 15 24
17 20 31
10 13 3
10 12 25
4 8 6
6 9 20
3 6 14
17 20 33
10 13 31
4 7 7
17 20 36
15 19 15
17 19 6
14 18 22
6 9 38
0 2 19
21 1 33
10 14 13
0 4 11
17 21 16
8 10 34
21 1 23
4 8 31
0 3 25
2 6 30
14 21 11
6 9 31
20 0 35
9 14 18
18 20 30
21 1 37
17 21 1
16 20 3
9 13 12
10 15 34
18 20 24
17 21 17
1 5 26
5 10 16
13 14 10
18 21 2
23 1 20
2 5 26
12 14 10
3 5 1
10 12 4
4 7 17
21 23 33
22 1 28
23 3 39
14 18 31
18 22 24
16 20 36
8 13 12
14 16 36
6 7 7
15 19 4
9 14 12
1 5 25
13 16 18
21 22 1
10 12 38
12 15 20
14 18 14
17 20 34
22 3 35
17 20 28
3 7 37
5 7 6
8 11 26
23 2 9
12 14 5
4 6 2
16 19 28
10 13 15
10 15 9
10 12 36
1 4 13
0 4 8
2 6 8
16 20 24
13 16 31
19 23 25
13 15 36
13 16 34
6 8 35
17 20 39
21 0 12
15 19 5
23 2 18
0 3 14
17 20 4
12 14 21
23 3 8
2 4 7
12 16 28
9 11 38
0 5 8
12 17 17
23 1 12
13 16 4
14 18 34
1 3 31
1 3 16
12 16 28
18 22 26
10 12 29
10 13 22
15 18 21
15 19 19
22 1 20
10 14 15
13 16 10
7 10 26
2 4 18
17 21 13
9 13 3
20 0 1
16 18 38
1 3 4
16 19 13
21 0 22
18 22 12
15 18 17
5 7 34
0 2 18
13 16 38
12 15 33
5 8 9
21 0 9
23 23 22
15 18 2
5 11 11
6 7 4
14 17 1
10 14 30
4 7 11
7 12 15
21 0 29
13 17 21
16 20 20
18 21 9
9 10 38
14 18 18
14 17 26
10 14 39
11 13 5
20 23 7
23 3 37
16 19 19
16 16 21
10 13 9
12 14 27
6 7 38
22 0 39
17 20 5
17 18 17
15 18 23
10 12 33
23 3 25
6 10 22
13 16 15
17 21 31
17 19 28
16 21 18
23 3 35
17 20 33
3 5 7
17 20 13
8 12 2
19 21 1
16 19 3
16 20 39
14 17 30
17 20 11
14 18 16
10 12 24
19 23 29
12 14 21
19 22 39
10 12 13
2 5 23
17 21 6
16 19 31
16 19 8
5 7 8
18 22 13
4 7 28
7 11 29
11 15 10
19 0 2
7 8 34
0 2 3
23 4 4
23 1 11
11 14 38
7 13 2
6 8 10
21 2 33
17 21 2
17 20 28
8 10 10
23 0 20
0 1 32
13 15 38
20 23 31
19 23 18
15 17 25
23 2 32
23 3 15
5 9 35
7 9 10
11 16 5
19 23 3
19 21 34
5 9 39
13 16 31
15 18 7
21 0 4
9 12 12
12 14 30
11 13 19
21 0 33
22 0 38
4 8 31
13 17 33
20 23 22
7 9 7
9 13 9
11 15 21
10 14 2
20 0 7
18 23 18
10 13 29
10 14 14
21 2 21
5 10 36
0 3 36
8 11 18
20 23 39
6 10 16
13 16 1
19 21 25
1 3 26
8 10 39
10 14 39
5 8 1
19 22 30
3 7 32
11 16 3
8 10 21
5 8 34
6 8 29
23 23 35
21 0 10
7 10 31
12 15 17
10 13 18
3 5 26
4 5 10
19 22 14
14 16 35
6 9 21
21 0 16
16 18 31
22 2 34
4 7 1
2 5 23
5 8 21
3 4 31
0 4 31
23 2 14
7 12 13
19 0 23
11 13 26
22 0 29
23 3 29
4 8 16
7 11 23
11 13 31
13 16 14
4 8 5
4 8 13
11 14 30
7 10 36
3 6 19
8 10 12
23 2 29
14 17 4
0 3 13
22 0 33
21 0 21
18 23 7
8 12 7
17 20 6
17 18 18
16 19 23
0 2 11
11 15 16
23 1 29
12 14 28
1 2 11
5 8 19
16 20 5
17 20 29
9 11 24
15 16 33
10 15 35
22 0 9
22 23 1
1 3 34
11 14 18
15 18 27
0 3 28
1 3 31
17 20 15
2 5 29
9 13 27
7 12 9
11 14 12
1 3 34
19 23 28
9 12 33
12 14 14
7 10 15
8 11 18
14 16 32
13 17 23
16 20 11
2 4 3
11 14 19
18 22 21
1 4 17
2 6 34
23 1 24
12 16 35
6 8 11
5 9 36
1 4 37
22 0 15
0 2 24
21 0 38
6 10 20
19 22 8
3 7 7
12 15 37
12 15 22
15 19 4
18 23 20
20 22 38
9 11 14
14 18 4
2 8 4
23 2 3
21 1 3
1 4 13
3 7 7
22 1 16
0 2 33
4 8 21
22 0 9
7 10 1
2 5 35
14 18 14
3 6 29
0 4 3
10 12 8
1 3 16
5 9 26
6 8 23
18 21 13
14 17 12
19 21 3
21 0 19
20 22 7
10 14 24
5 7 30
20 0 28
6 9 25
20 23 21
9 11 36
21 0 34
1 3 29
23 2 28
14 16 14
18 21 21
1 4 29
6 10 25
7 10 22
1 3 28
17 21 20
15 17 10
16 19 19
14 18 39
13 15 26
2 3 14
21 2 24
1 4 11
5 9 28
16 18 28
15 17 15
5 8 8
9 11 1
4 6 39
13 16 39
7 8 2
21 23 37
3 6 30
18 21 34
6 9 10
5 8 31
7 10 10
2 5 30
16 17 8
9 13 23
15 17 28
16 18 6
0 2 15
1 6 4
15 18 32
4 5 37
23 2 25
4 8 32
6 9 9
20 22 20
11 13 14
13 16 4
16 19 28
12 16 1
10 14 22
6 9 28
19 21 18
20 23 20
21 0 9
0 3 13
23 2 7
8 14 12
22 2 19
18 20 33
7 12 30
1 3 39
2 4 7
8 11 25
6 10 22
10 12 14
3 5 9
10 13 4
20 1 11
20 23 1
5 8 16
1 6 37
17 19 19
8 10 12
18 21 3
21 22 4
2 5 39
10 13 23
11 11 13
9 15 37
8 12 23
20 23 37
16 19 17
6 9 38
9 13 34
4 7 14
19 22 4
5 6 32
18 20 27
23 2 35
14 17 7
19 22 25
10 11 33
3 6 32
7 9 21
23 3 12
8 10 22
1 4 4
14 17 34
8 10 36
4 7 26
14 16 21
17 19 10
0 5 35
15 19 33
13 15 27
9 12 13
12 14 13
12 13 6
12 14 39
20 23 21
21 0 4
11 15 12
18 21 17
7 10 7
13 16 32
6 8 37
0 2 37
17 20 39
10 14 26
17 20 4
22 1 21
3 6 28
14 17 31
1 4 21
9 16 7
19 22 32
9 11 21
17 20 29
7 11 3
0 3 8
9 13 3
15 17 20
3 4 24
21 1 13
22 1 12
14 16 26
3 5 6
2 3 19
0 3 25
21 23 32
20 23 37
12 16 39
13 15 24
3 6 26
9 12 6
6 8 2
10 12 30
12 14 13
13 17 3
13 15 23
18 20 5
2 6 27
23 1 8
10 13 24
23 2 11
11 12 7
21 1 8
19 22 9
14 17 16
16 18 28
12 16 22
22 23 7
2 6 36
15 18 38
20 0 13
17 21 19
2 6 33
4 6 13
6 9 33
16 19 25
6 9 36
7 9 37
17 21 22
16 19 7
20 0 8
1 4 4
11 14 5
11 14 10
7 9 25
2 4 23
18 22 21
19 21 32
22 2 13
17 20 19
22 0 13
14 18 34
4 8 31
15 19 19
12 14 32
23 2 38
18 21 5
7 9 31
1 6 13
9 11 7
13 16 5
17 21 8
6 9 12
1 6 21
1 4 15
10 13 3
20 0 2
13 16 7
23 2 5
22 2 24
11 13 16
2 6 26
16 19 15
19 21 5
17 19 16
12 17 1
14 16 33
12 15 35
15 18 35
3 7 20
11 13 28
10 13 12
6 9 29
1 4 10
11 16 15
1 4 10
3 6 25
1 3 3
19 23 3
3 6 20
4 6 7
2 5 31
7 9 26
6 11 20
20 23 12
22 2 7
5 8 37
18 22 1
23 1 28
23 1 21
23 1 30
8 12 9
14 16 26
15 18 33
17 19 7
15 19 19
15 18 9
19 22 34
3 6 12
9 12 36
11 13 3
20 22 26
10 13 16
13 16 8
8 12 2
14 18 19
8 11 25
12 15 35
17 20 31
4 5 39
13 16 18
5 8 14
17 21 7
11 13 27
13 17 3
13 14 27
21 23 8
13 16 28
23 3 30
8 11 34
2 4 11
11 14 21
2 5 38
5 9 9
20 0 35
5 8 35
18 20 3
21 23 11
13 16 1
1 3 10
7 10 19
0 4 23
20 22 19
14 16 13
18 23 34
7 10 22
20 22 28
9 12 38
15 18 8
4 7 10
7 10 33
11 14 1
12 14 25
20 22 33
2 5 14
20 0 11
5 9 30
4 7 1
2 5 3
11 12 2
4 6 14
15 18 16
22 0 29
14 16 34
19 21 15
18 21 13
4 6 15
0 4 30
9 12 6
19 21 8
20 0 16
12 14 24
7 10 13
0 1 23
9 12 36
15 19 25
12 16 7
7 10 23
9 12 38
22 0 25
5 8 37
9 11 33
1 5 21
17 21 35
18 21 17
19 23 7
7 8 16
13 15 34
23 1 33
4 8 38
5 8 31
21 2 36
17 21 35
21 22 28
16 21 22
7 10 7
0 2 3
4 8 9
3 6 19
8 11 17
4 7 7
13 14 30
10 14 2
10 13 18
5 8 6
21 23 14
13 17 3
5 5 25
13 15 12
11 14 15
11 14 33
18 22 33
23 1 2
18 20 14
23 3 27
0 2 24
6 9 35
11 13 16
15 19 14
15 19 10
6 9 15
19 20 10
9 13 39
4 5 23
18 21 21
7 10 13
2 6 30
13 16 11
3 6 9
19 20 38
12 15 32
10 12 9
4 6 11
20 23 14
14 15 1
1 3 13
22 2 27
22 2 9
8 12 32
23 2 5
20 22 39
2 6 24
8 11 15
9 13 34
17 22 5
12 15 14
23 1 18
12 15 10
1 5 4
18 22 29
8 12 20
10 13 16
18 20 33
13 16 1
2 5 27
15 18 5
2 6 37
17 22 29
4 7 17
1 3 17
12 15 2
18 21 7
17 21 35
9 12 38
6 9 10
18 20 12
20 22 38
12 13 22
9 11 4
18 21 27
2 5 34
4 8 19
14 17 36
16 20 8
21 1 37
19 22 7
4 8 24
9 12 32
10 15 1
16 17 5
5 7 4
6 10 29
13 16 25
16 19 5
17 18 8
8 10 35
23 2 30
6 8 25
9 12 11
14 19 2
19 22 18
10 13 6
17 18 30
2 4 27
14 17 1
6 9 14
5 9 4
9 12 31
9 12 31
23 1 28
0 3 25
0 3 12
7 11 34
17 19 11
10 12 22
17 21 30
16 19 17
1 4 15
2 6 32
2 5 12
12 14 27
14 16 36
1 3 14
14 17 22
17 18 13
7 10 24
17 21 7
9 11 2
13 16 28
16 18 9
15 18 11
1 3 27
16 19 39
10 14 7
0 2 38
9 10 23
6 9 4
21 23 34
18 20 27
5 6 26
13 16 21
21 22 8
23 2 2
15 18 29
3 6 27
12 15 32
18 21 14
14 16 34
13 15 35
7 11 32
20 23 19
5 9 13
21 0 1
0 3 19
18 21 35
3 5 18
9 13 7
13 15 36
21 1 36
2 5 14
7 7 10
1 3 11
12 14 7
18 20 23
5 9 11
15 19 30
10 13 38
15 20 19
16 19 35
19 22 37
21 1 8
18 22 24
4 8 37
19 22 8
6 11 22
12 14 38
3 5 25
0 1 36
15 19 20
7 8 17
12 13 30
17 19 29
6 9 38
18 22 18
7 9 6
8 11 29
9 10 13
6 8 36
7 11 15
6 10 36
13 17 16
0 3 2
7 11 8
15 18 29
17 20 29
4 7 7
0 2 27
10 13 2
8 13 10
18 21 35
1 5 17
17 19 11
21 22 19
19 21 8
13 15 32
4 6 2
4 7 1
16 20 30
3 5 10
19 21 33
16 19 25
14 15 16
14 18 11
23 1 5
2 6 20
22 23 2
13 16 20
4 9 3
2 2 12
1 4 14
5 7 28
12 15 32
19 21 9
11 14 9
21 1 36
16 17 26
19 22 19
20 23 27
18 19 26
0 2 30
16 19 9
17 19 16
4 8 14
14 17 10
9 10 18
17 19 24
22 0 2
2 7 31
14 16 6
1 5 34
17 20 6
3 5 28
19 21 1
3 8 30
20 23 6
10 13 4
15 18 39
17 21 5
1 4 4
19 22 20
16 22 33
22 1 5
16 18 21
11 14 15
2 5 6
14 16 21
5 9 25
11 16 13
12 15 15
17 22 20
12 15 4
9 12 20
8 10 36
9 12 30
9 13 35
18 21 31
10 14 3
11 14 11
2 7 36
20 23 19
17 20 30
22 0 39
10 13 13
20 22 27
18 19 11
0 3 18
17 19 17
19 23 25
10 14 17
21 0 26
17 20 4
21 2 38
13 14 39
0 1 7
14 16 36
8 11 12
4 5 10
3 5 26
3 7 23
2 4 33
1 3 16
7 9 38
23 2 7
15 16 1
14 17 29
9 11 6
10 12 1
3 8 37
15 17 5
2 5 1
19 21 32
21 0 22
10 15 26
6 8 23
19 23 17
8 10 28
22 0 20
18 22 32
15 17 36
12 15 15
6 10 21
14 17 25
16 20 13
18 21 36
20 23 8
1 4 30
19 21 5
10 15 25
18 21 3
10 14 34
22 1 22
17 22 22
22 23 21
21 0 27
5 8 5
22 2 27
1 3 4
18 22 39
16 17 14
22 2 23
1 4 14
22 1 15
9 13 10
9 13 8
23 4 15
15 18 18
14 17 38
22 23 20
7 10 19
12 14 1
2 5 28
11 15 6
15 17 13
19 21 26
16 19 39
22 1 2
20 23 31
19 20 38
23 3 24
13 16 14
11 15 13
8 11 36
8 11 20
2 5 32
0 3 5
12 17 26
6 9 21
11 15 20
0 1 18
11 15 39
18 21 34
1 5 26
17 21 18
9 12 9
7 10 23
6 8 33
9 14 27
15 18 11
23 3 20
9 12 19
10 13 14
8 12 16
4 6 27
1 5 12
14 18 9
20 0 5
2 7 6
4 7 21
5 9 34
8 10 15
14 16 28
17 19 11
7 10 23
21 1 11
9 12 23
2 6 14
23 1 27
6 9 22
10 13 39
10 14 36
0 3 32
10 12 8
4 6 30
11 13 20
16 19 4
19 23 5
0 4 6
19 23 37
23 2 14
12 16 26
19 22 34
21 0 32
1 5 26
1 5 16
12 15 7
23 3 36
0 3 5
7 11 18
0 5 3
9 14 39
18 20 32
17 21 32
7 9 9
19 23 34
16 19 4
22 0 35
10 13 33
1 4 7
13 17 1
14 19 30
20 23 33
15 17 32
0 4 10
14 16 27
1 3 32
12 16 17
7 11 38
3 7 4
16 20 16
9 12 19
1 4 27
0 3 16
13 16 38
8 11 30
13 17 16
22 1 39
23 2 12
0 4 3
7 10 15
16 18 26
15 17 14
16 19 3
18 21 22
1 2 2
22 3 32
7 9 24
16 19 33
2 4 22
8 10 24
22 1 34
23 1 30
15 19 36
4 5 30
11 14 15
0 4 37
14 20 7
11 13 16
4 5 8
15 18 29
1 3 6
8 9 23
2 4 5
1 5 18
14 18 2
2 5 35
1 7 6
20 23 28
12 16 3
9 11 18
19 22 23
20 23 18
19 22 14
14 17 6
5 9 16
3 7 38
15 17 4
18 21 11
12 14 37
19 0 20
18 21 1
22 2 3
21 0 17
6 8 22
19 22 35
11 14 6
17 20 18
21 0 38
4 8 18
22 1 28
4 6 2
8 10 6
14 18 14
15 18 19
21 0 36
15 18 7
0 2 19
4 5 36
9 13 13
17 18 35
5 10 28
1 5 8
3 6 2
11 13 8
16 18 11
11 13 7
18 0 20
21 0 28
17 21 22
23 2 29
0 3 34
21 23 11
7 10 36
13 14 15
17 18 33
1 4 35
15 17 9
6 9 4
3 6 16
2 5 9
1 4 17
5 9 9
2 5 14
13 18 18
16 21 11
17 20 19
1 4 39
12 14 33
17 21 5
12 15 38
6 6 8
15 18 4
7 11 5
18 21 7
15 19 8
8 11 9
13 17 19
11 14 4
20 23 16
1 4 29
20 23 2
11 15 38
13 16 27
19 22 3
13 15 36
1 5 24
7 11 14
12 15 19
19 22 30
5 9 39
16 18 3
2 4 26
1 3 21
7 9 28
15 18 15
16 20 16
21 1 39
15 18 9
22 1 36
3 5 39
13 16 28
4 5 3
9 12 27
4 7 17
12 13 35
5 8 5
23 1 26
22 0 27
16 19 7
18 23 1
16 19 29
7 10 3
8 11 36
19 0 2
2 5 3
6 9 9
2 5 11
18 20 6
2 4 23
21 0 20
17 19 29
2 6 12
2 5 39
18 22 22
3 7 21
17 20 17
14 17 24
16 20 5
12 15 2
9 11 10
5 9 37
7 10 24
23 1 36
11 15 14
9 14 37
1 1 25
2 6 15
15 18 3
6 9 25
16 17 22
13 17 10
16 18 8
22 1 2
22 0 19
0 3 30
3 7 1
5 7 25
23 2 2
12 15 25
9 11 14
14 18 24
5 10 25
14 18 9
19 21 13
22 2 29
9 12 21
8 12 32
14 17 12
14 15 7
12 15 5
4 8 39
18 20 18
0 1 36
23 2 32
3 6 6
17 19 38
10 13 13
11 13 17
20 23 20
21 23 35
11 13 21
7 9 18
0 3 8
23 2 2
14 18 18
3 6 33
8 12 25
5 7 13
6 9 35
4 9 37
20 23 17
7 9 3
1 5 37
8 10 15
22 1 20
9 12 37
8 11 8
1 3 24
20 22 28
1 3 34
1 5 25
0 2 19
16 18 9
9 14 31
23 1 35
14 16 34
11 13 6
6 8 16
18 21 14
13 15 12
4 5 32
5 8 22
6 9 18
23 3 20
17 18 22
2 5 2
15 18 3
12 14 12
17 21 39
5 9 1
22 1 22
3 5 2
14 17 27
7 10 36
9 14 1
14 19 35
17 17 17
10 12 13
8 11 21
21 0 29
13 17 28
15 18 28
7 10 24
5 8 12
18 20 19
12 14 37
6 9 37
4 6 11
10 12 30
21 0 39
22 3 8
23 3 21
10 12 23
19 22 4
20 0 29
23 2 18
12 15 24
14 18 35
8 11 2
3 6 22
6 9 4
21 1 29
23 3 37
0 5 38
2 4 5
14 17 26
14 16 27
3 6 13
23 2 16
4 7 9
1 4 8
14 18 30
15 18 13
5 8 20
6 8 13
5 8 23
6 9 23
10 12 38
12 15 5
10 13 25
11 12 29
23 4 5
16 19 38
21 1 20
7 10 14
21 23 33
8 12 3
20 1 29
4 8 37
19 21 8
16 19 33
10 11 13
18 22 37
19 0 19
10 12 15
12 14 22
3 4 12
13 14 7
13 15 17
16 18 6
11 14 13
8 10 32
11 13 18
12 16 25
17 20 8
4 6 11
7 10 35
13 16 33
8 13 19
1 4 2
19 22 37
23 2 27
13 17 16
12 14 11
10 13 9
6 9 21
1 4 21
12 15 33
12 14 3
15 16 21
12 14 8
18 20 3
6 11 29
9 14 38
8 12 5
21 0 39
19 22 30
5 8 29
7 9 18
10 12 39
19 22 7
21 1 36
0 4 33
20 0 15
17 20 20
20 23 22
14 17 17
17 21 3
0 4 27
11 14 8
8 9 25
14 15 4
18 22 6
3 6 20
23 2 11
13 17 12
6 9 25
19 23 16
14 18 16
9 12 3
19 23 32
17 19 27
5 7 33
3 7 17
1 4 17
14 16 6
22 0 8
4 8 21
3 6 14
19 23 22
13 16 7
3 8 38
3 7 35
15 19 27
8 11 32
15 18 9
0 4 7
23 23 7
0 4 19
18 20 38
23 3 29
5 8 21
8 11 2
2 6 28
4 7 31
22 1 27
17 21 17
10 13 17
6 10 8
6 10 18
0 2 36
18 21 10
13 15 16
4 8 4
14 15 25
17 21 20
3 5 19
4 8 30
11 12 32
10 12 7
20 23 39
6 9 23
22 3 8
3 7 24
7 11 38
15 17 10
0 3 18
9 12 26
12 14 33
17 19 7
6 10 2
23 2 37
1 5 11
3 4 3
21 0 28
23 2 23
4 6 1
2 7 38
7 10 3
11 12 22
17 20 36
22 1 6
8 10 13
13 16 36
2 5 24
0 4 36
19 22 7
3 7 13
9 13 30
20 22 33
19 22 16
21 1 11
16 19 1
6 9 23
20 23 15
23 1 31
17 20 22
17 18 28
7 8 16
8 11 7
9 11 20
19 21 31
6 10 18
4 6 27
9 13 24
16 19 16
8 11 5
10 12 15
10 12 25
1 7 15
2 5 28
22 0 14
16 17 36
22 1 39
20 23 34
11 14 14
17 20 32
3 5 22
8 13 20
0 4 23
7 9 25
11 16 13
4 7 16
22 1 29
17 21 18
1 3 24
3 6 22
17 21 18
8 11 35
6 8 26
23 3 27
22 0 1
22 3 21
12 14 30
14 17 5
19 21 5
4 6 35
12 15 30
11 14 6
4 9 10
13 16 27
14 17 23
2 4 13
8 11 9
9 13 10
19 22 27
19 21 15
3 6 3
6 10 18
14 17 27
3 6 10
13 17 14
19 23 35
0 3 25
17 20 28
8 13 19
1 3 1
8 10 9
19 23 21
15 18 22
8 11 34
12 14 38
17 22 34
16 20 27
7 11 6
18 21 26
19 22 13
2 7 31
17 22 7
14 18 24
23 1 22
0 2 12
5 8 13
2 6 19
16 18 1
1 5 23
20 23 29
12 15 25
9 13 10
20 0 15
18 19 3
15 18 38
18 22 18
16 19 17
5 8 3
23 2 3
3 5 11
16 19 25
9 12 31
22 0 5
13 15 23
16 21 1
5 8 34
13 17 1
7 11 36
5 7 21
10 15 4
22 2 18
19 23 12
14 17 15
20 23 34
8 11 6
1 5 16
20 1 38
19 22 12
5 8 4
10 12 22
18 21 10
12 16 28
11 14 17
18 21 33
6 9 17
16 20 36
8 12 2
14 17 37
13 16 2
17 20 10
14 16 8
19 20 35
11 14 25
0 3 35
3 5 15
12 16 7
12 14 3
6 9 5
22 4 10
23 3 23
12 13 28
9 10 2
23 3 2
12 15 2
6 7 3
20 0 3
20 22 22
3 6 12
8 11 36
18 20 2
0 3 9
12 16 20
23 2 18
19 21 31
18 22 3
18 20 24
4 8 35
18 20 5
2 4 34
8 11 33
10 13 29
4 6 13
14 15 6
3 6 10
14 17 17
3 5 32
6 10 28
2 4 5
4 7 6
23 3 21
7 10 6
8 11 25
0 1 19
1 3 13
22 0 23
3 5 19
15 18 4
1 3 14
13 16 4
18 22 22
9 11 30
0 3 9
3 8 17
16 19 17
7 9 9
13 16 31
19 23 26
23 1 17
20 1 23
21 1 35
2 3 13
9 12 5
22 0 39
6 10 8
5 8 6
9 12 6
7 10 28
3 7 30
22 2 9
3 5 24
4 8 20
1 3 29
15 20 14
10 12 23
4 9 11
7 9 7
21 22 4
23 2 28
11 14 27
11 13 20
22 23 5
16 19 17
3 7 23
7 11 6
2 5 24
1 3 19
15 19 16
4 5 14
10 14 27
10 13 21
17 20 12
6 9 34
4 6 35
2 6 37
5 7 29
15 17 11
5 8 16
5 8 25
14 16 17
12 15 28
10 14 17
10 14 9
7 12 3
10 13 3
6 9 9
1 5 31
0 4 20
11 15 12
6 10 14
0 4 10
5 8 3
0 2 12
6 10 37
21 23 34
4 7 10
3 6 34
18 19 33
13 16 36
14 18 34
20 22 26
20 23 25
12 14 13
6 10 32
22 0 33
1 7 4
15 18 2
13 16 20
11 14 9
21 0 33
9 13 20
7 10 38
6 8 39
2 4 34
14 16 28
0 4 19
19 0 16
4 8 21
22 2 21
8 11 22
14 16 7
21 1 11
6 8 6
19 22 1
19 22 3
15 20 38
21 0 19
15 18 4
10 12 33
11 15 5
23 1 1
7 9 33
1 2 37
0 3 22
19 23 14
21 1 38
16 18 16
7 10 19
5 8 33
9 11 37
11 13 35
1 6 27
6 11 29
4 6 27
21 1 9
21 23 1
6 8 33
1 4 4
11 14 20
15 18 37
16 19 34
14 17 14
4 8 6
15 18 37
19 21 17
23 2 35
23 1 3
15 17 37
12 15 28
0 2 37
3 6 36
16 21 25
14 17 22
21 1 16
14 17 17
13 17 5
5 9 18
15 16 12
0 4 36
0 4 39
9 11 20
18 22 38
15 17 36
9 12 37
0 2 4
2 5 27
5 9 9
23 2 14
3 6 26
16 19 38
15 19 6
9 11 33
18 23 37
9 12 31
7 10 11
0 3 1
4 6 31
14 16 13
21 1 28
14 18 22
13 17 2
2 5 12
18 22 15
7 11 34
21 22 31
14 16 3
0 2 38
7 12 20
20 21 17
8 10 16
8 10 23
5 7 14
20 0 6
21 0 27
17 18 18
12 16 6
20 0 31
16 19 24
6 8 29
13 14 18
12 15 38
15 19 24
17 21 35
6 10 21
21 21 18
15 18 17
19 22 3
17 19 1
11 13 32
17 20 39
4 6 34
1 4 13
4 7 32
21 23 25
4 8 23
15 17 33
15 17 5
8 9 12
11 15 32
12 14 10
14 17 8
17 20 26
21 0 16
14 18 9
21 0 34
19 22 2
2 6 13
16 18 10
17 19 15
9 10 19
15 18 29
0 3 5
16 18 22
7 11 17
22 0 33
16 20 16
17 21 27
23 2 14
17 21 31
0 3 21
11 16 31
6 10 39
4 8 14
14 17 9
13 17 37
10 13 36
15 16 22
7 10 17
13 18 7
11 13 27
11 15 19
9 12 33
16 16 35
12 15 13
19 22 36
21 0 27
0 5 9
20 23 15
4 5 13
13 15 1
16 19 4
18 21 27
20 0 27
11 14 7
22 2 1
22 1 25
3 5 38
7 10 31
5 8 29
19 22 30
4 8 36
20 21 18
6 9 14
1 6 1
17 23 14
15 17 26
2 5 1
10 14 4
19 23 9
16 19 8
21 0 27
12 14 33
3 5 34
8 11 32
2 4 15
3 7 22
1 3 12
3 6 39
11 14 9
12 14 32
22 0 36
7 10 1
18 20 9
4 7 9
10 12 20
9 12 2
12 15 8
14 17 1
23 3 36
1 3 34
10 14 38
4 6 21
17 20 10
9 11 27
17 19 32
17 21 26
23 3 38
1 5 12
15 19 6
22 23 34
19 22 4
22 1 18
10 13 2
21 2 25
21 23 34
23 2 16
22 1 22
8 12 23
9 14 27
3 5 23
22 1 28
5 8 11
18 23 22
15 16 16
7 10 10
0 3 27
23 2 19
18 20 9
13 16 25
4 7 13
15 18 3
14 17 2
18 22 26
12 17 30
6 6 35
14 17 13
10 14 31
2 5 34
2 6 38
19 22 26
12 16 39
4 7 5
7 11 24
23 2 15
22 0 25
14 17 21
19 21 2
16 19 10
5 8 11
17 20 29
21 1 9
16 17 29
0 2 20
7 11 35
10 12 2
1 4 25
8 10 30
11 14 35
22 2 30
21 0 3
19 21 32
11 14 23
2 4 23
12 15 10
21 1 16
23 1 31
10 14 37
23 1 2
23 1 20
15 17 38
18 21 17
11 14 32
1 4 8
8 11 7
2 6 16
7 11 25
15 19 2
4 8 25
16 18 19
4 7 26
22 1 3
20 0 13
4 8 4
1 5 30
21 1 12
16 20 32
7 11 12
23 3 20
9 12 8
4 7 16
16 19 4
13 16 5
15 19 9
16 21 6
13 15 9
6 10 25
14 16 18
4 7 1
7 8 34
19 23 31
4 7 38
13 17 7
7 11 18
17 20 32
19 23 24
2 4 7
5 7 7
12 16 31
2 5 10
11 15 8
5 8 38
5 8 11
12 15 20
9 13 1
14 18 3
15 16 28
3 6 21
11 14 32
19 22 23
22 1 12
20 23 32
3 6 8
12 16 25
19 23 4
7 10 26
19 22 3
18 21 26
22 1 34
23 2 11
5 9 37
8 11 38
4 7 23
17 20 37
2 5 3
20 0 28
2 6 2
23 2 38
22 2 25
15 20 17
20 23 14
13 17 1
16 20 23
13 15 12
23 2 19
21 0 2
18 22 3
4 7 22
4 7 27
7 9 4
10 13 22
21 22 18
10 12 5
6 10 30
11 15 19
14 15 33
23 1 22
18 21 1
2 6 33
12 14 3
22 1 16
1 4 18
5 9 4
16 20 29
18 21 5
19 22 39
12 14 18
6 9 16
12 16 27
13 17 17
9 10 12
9 11 24
21 23 1
14 15 2
22 0 11
20 23 20
11 13 31
4 6 22
8 11 29
19 23 15
23 1 6
13 15 5
14 16 25
21 0 23
6 8 7
13 16 18
6 9 4
1 5 18
1 4 13
2 6 13
13 18 22
15 18 2
3 6 5
13 15 36
4 8 37
23 2 22
5 6 31
13 17 25
22 2 3
18 21 39
8 10 31
15 18 9
6 8 6
21 0 1
16 19 12
14 18 20
0 1 22
11 14 35
21 2 5
22 1 17
14 18 33
23 1 7
4 8 35
17 18 13
19 0 18
1 5 36
8 12 10
21 23 6
22 0 37
7 9 14
15 17 12
12 15 35
18 22 39
17 20 21
20 23 17
17 20 35
21 23 35
5 10 29
2 6 16
18 22 38
3 5 31
9 11 37
1 3 7
9 11 28
3 6 13
22 0 24
16 20 21
9 12 7
9 13 12
17 18 3
7 10 39
17 21 23
12 17 4
15 18 38
1 7 18
13 18 10
13 18 14
21 1 6
11 13 28
1 4 32
20 0 1
16 20 35
17 21 12
17 19 11
2 6 12
7 10 16
23 2 14
9 13 5
9 11 9
1 4 9
18 19 2
3 5 24
12 15 25
11 13 37
3 6 25
14 17 24
15 19 34
6 11 32
6 7 36
2 4 5
9 13 35
7 10 21
22 2 35
20 22 28
20 23 7
10 15 20
16 17 14
3 6 14
0 3 11
8 11 10
8 11 3
19 21 20
3 7 31
6 10 5
3 7 10
10 12 38
13 16 18
16 19 32
5 8 22
23 3 35
21 22 15
18 20 16
20 0 38
14 17 36
10 12 25
22 1 33
14 18 17
15 15 23
0 2 31
22 2 9
15 18 4
21 0 10
15 18 7
1 5 6
1 5 6
4 7 16
2 6 16
7 10 21
2 3 11
5 10 13
22 1 29
19 22 12
11 14 21
9 13 26
4 7 5
1 4 37
19 22 33
4 7 38
1 3 2
4 7 19
8 10 27
15 19 13
2 6 28
7 9 30
8 9 10
12 16 25
20 23 37
8 10 35
21 1 10
14 15 25
12 15 11
6 9 5
0 4 9
16 18 19
4 8 26
10 13 26
6 9 3
18 22 17
16 20 17
9 14 35
8 11 39
2 4 32
7 9 39
22 0 28
13 17 17
8 11 29
7 12 24
10 13 21
13 17 24
4 7 31
2 6 14
18 21 29
17 19 27
14 16 26
3 8 30
21 23 34
19 21 38
3 7 39
5 8 37
12 14 25
7 9 7
9 12 22
14 15 20
21 0 17
0 1 28
4 6 19
8 12 16
6 9 30
23 5 25
12 16 34
4 7 23
9 12 38
17 18 13
8 11 29
11 12 38
10 14 1
17 18 20
11 14 11
3 7 15
16 18 5
23 3 10
21 1 16
13 19 5
4 7 5
7 10 26
1 3 19
22 1 30
5 8 15
6 10 26
4 8 33
20 23 32
7 9 35
11 15 35
18 20 38
0 2 9
16 18 6
21 0 34
14 17 32
4 7 32
9 12 35
5 7 32
21 22 18
6 8 5
23 3 11
0 3 30
19 0 20
18 21 33
21 23 38
19 0 33
18 21 35
20 0 2
2 5 14
5 8 9
12 15 12
20 22 31
15 16 10
11 16 29
13 15 28
7 9 18
9 13 6
20 0 14
4 6 17
13 16 30
19 1 6
3 6 35
10 12 5
0 3 16
7 11 3
6 9 30
11 15 20
3 7 13
0 5 11
10 12 26
9 12 3
12 15 24
22 1 35
10 13 30
20 0 3
17 20 14
9 12 30
1 4 23
5 9 22
23 3 8
21 23 27
4 7 16
2 2 15
13 15 12
21 23 7
8 11 11
5 9 24
6 9 28
16 19 26
8 11 7
5 7 23
17 21 31
1 4 2
18 21 12
4 6 8
1 3 34
5 9 17
16 19 25
3 5 1
6 7 2
13 16 31
2 4 6
14 18 17
15 18 2
8 10 31
10 13 11
14 16 36
3 6 37
1 4 36
16 21 35
11 14 6
13 16 9
20 21 9
20 22 4
1 4 39
1 2 25
18 21 37
2 4 27
8 10 1
7 10 22
20 22 5
4 7 31
8 12 21
19 22 37
13 15 14
19 22 24
9 11 1
23 1 37
20 0 33
20 23 36
9 12 7
23 1 32
10 13 29
1 3 12
8 9 37
17 19 19
7 10 24
23 2 8
5 8 16
14 15 24
2 8 11
1 4 23
9 12 18
14 16 31
6 9 30
19 21 10
6 7 33
6 11 24
7 10 16
20 0 4
16 19 13
6 8 11
8 11 39
22 1 39
14 17 24
23 3 32
8 12 5
3 6 31
6 8 4
19 21 22
21 22 5
19 22 7
6 10 14
11 14 7
16 19 34
20 23 18
1 4 36
0 4 33
13 16 14
5 8 35
21 0 33
21 0 20
10 11 39
8 10 20
3 6 38
3 7 12
11 13 30
18 22 14
19 22 20
12 14 11
7 10 21
11 14 25
22 2 33
14 17 4
8 11 15
0 3 33
20 23 32
16 19 29
5 10 3
21 22 25
1 4 3
21 1 10
21 1 24
5 9 19
0 2 16
14 16 19
23 3 28
16 17 23
5 10 36
14 16 9
9 12 13
13 16 22
8 13 32
1 3 32
17 18 35
3 5 8
11 13 32
19 21 30
0 2 18
22 23 26
23 2 25
3 5 19
12 13 14
15 16 2
11 13 26
1 3 14
18 21 10
23 2 15
22 1 14
10 13 19
0 3 34
2 4 27
19 23 21
1 5 33
12 16 10
18 20 6
5 8 31
12 15 21
2 5 32
5 8 33
15 17 2
3 6 15
7 11 22
15 19 10
19 23 19
4 7 15
17 19 2
23 0 24
1 4 11
18 19 36
4 7 9
4 8 7
22 1 5
17 22 3
23 1 36
21 23 11
20 0 32
0 3 12
21 22 23
10 13 26
12 16 3
8 10 17
20 0 23
21 22 9
18 21 5
21 2 12
19 23 2
16 20 39
3 7 8
0 5 27
19 22 8
13 15 8
20 23 24
9 11 29
21 23 9
19 19 12
11 14 6
7 10 31
0 3 11
17 20 13
5 8 26
1 3 18
10 14 3
11 12 34
13 17 36
12 14 30
7 8 18
17 20 19
21 22 3
18 0 29
18 21 33
18 20 20
1 4 15
12 14 2
16 19 39
17 19 31
20 0 4
22 2 7
19 22 14
23 2 9
9 10 5
12 17 29
14 17 30
20 0 24
5 9 2
2 4 30
17 20 12
21 1 6
19 20 8
10 15 18
16 17 39
21 0 5
2 5 16
6 8 24
11 15 37
13 17 35
21 1 31
3 5 26
14 17 30
3 5 27
1 3 28
5 7 5
9 13 27
10 15 5
5 8 10
11 12 39
12 15 31
14 16 29
5 9 32
9 12 25
6 10 9
16 18 8
5 7 20
10 14 27
2 4 36
6 9 34
13 15 23
18 20 10
7 10 39
0 3 6
17 21 1
9 12 39
5 8 36
6 9 29
13 15 20
0 4 6
4 7 19
6 9 26
14 17 21
18 19 15
23 2 4
12 15 39
23 2 9
7 10 33
15 19 28
20 23 18
23 1 32
22 0 25
15 15 6
23 2 10
13 15 1
17 18 14
22 0 11
0 4 29
3 7 17
9 11 13
9 11 31
9 13 32
4 9 31
8 9 15
14 17 34
21 3 15
0 3 16
21 0 23
23 2 12
21 0 8
5 8 18
16 20 6
6 9 19
20 23 13
12 15 15
12 15 3
4 6 18
9 11 25
20 22 19
11 14 5
14 20 27
11 13 36
8 11 17
18 20 27
2 5 32
22 2 6
14 17 39
9 14 20
17 20 10
4 8 39
2 3 31
9 12 39
20 22 14
5 7 5
6 10 4
23 4 11
23 2 10
10 14 39
19 0 14
15 18 6
0 1 16
4 6 31
6 9 28
9 12 11
8 10 13
16 19 26
10 14 16
5 7 9
23 3 27
1 2 10
2 5 8
13 17 32
2 5 33
19 20 19
15 19 25
23 0 14
17 22 16
16 19 9
1 6 6
23 2 23
12 18 32
15 18 28
14 17 4
19 20 33
15 17 4
22 23 26
11 11 15
22 3 17
14 17 30
13 15 36
17 20 24
16 20 4
22 2 10
1 6 12
3 5 13
22 2 35
14 17 8
0 4 27
20 1 13
22 1 23
18 21 21
2 7 15
21 0 18
16 20 37
9 13 36
2 3 14
16 18 39
7 9 22
11 12 27
20 0 27
10 14 39
21 0 9
16 18 24
0 3 6
7 9 10
16 20 25
3 6 14
14 18 29
0 3 22
19 0 14
9 12 25
7 9 24
2 5 21
20 22 35
13 15 22
16 19 36
13 17 36
3 6 13
5 9 29
8 10 3
3 5 9
18 20 2
16 22 24
7 9 25
14 17 37
19 21 31
12 14 18
13 16 21
21 1 5
11 15 24
2 4 14
20 23 2
4 7 27
6 9 1
21 23 27
16 19 24
1 5 33
4 6 30
5 9 27
22 1 20
3 5 22
22 0 24
12 15 18
9 12 13
23 1 15
13 17 23
4 7 25
4 8 27
13 17 9
5 6 26
4 7 6
15 19 18
2 5 37
15 17 34
20 0 23
4 7 6
1 3 33
15 17 14
12 15 26
13 18 14
12 16 22
19 23 20
16 18 34
0 3 36
13 16 39
7 10 13
23 3 1
0 2 26
19 22 39
22 2 22
18 21 12
22 23 6
4 9 8
0 3 30
17 21 22
12 14 5
19 23 29
0 3 36
2 5 1
20 21 24
6 9 5
1 3 2
21 23 10
1 4 16
15 17 1
23 1 28
23 4 4
5 7 21
21 0 11
13 17 29
14 19 9
1 4 3
11 15 27
7 11 20
13 18 13
9 11 31
7 12 19
5 8 17
23 2 12
2 4 17
3 5 25
15 18 14
4 6 38
5 10 32
7 11 29
22 0 33
9 12 3
22 1 4
22 1 33
7 9 17
0 4 26
8 11 6
12 15 17
16 19 9
11 13 23
17 20 31
6 9 29
0 2 31
10 13 19
13 15 1
23 4 13
19 23 11
5 6 24
17 21 17
11 14 10
5 9 15
20 21 11
3 6 33
19 20 28
3 5 4
16 20 34
5 7 8
6 9 33
13 16 12
18 21 37
21 0 37
13 16 5
10 13 6
23 1 16
1 5 5
13 17 23
17 20 9
23 1 27
15 17 31
11 14 26
19 20 4
6 7 10
4 7 21
0 3 15
9 12 30
22 0 15
23 3 28
10 12 10
16 19 9
15 18 2
10 13 28
15 20 5
21 0 33
9 13 4
18 21 4
11 15 1
18 19 19
7 10 18
20 0 23
21 23 11
15 18 21
23 2 6
1 5 20
20 0 21
18 21 36
5 9 17
21 0 16
4 7 21
9 12 1
6 11 10
5 6 15
20 22 13
11 14 38
5 6 9
0 4 20
13 17 18
11 13 21
22 2 22
14 19 29
8 11 9
20 22 37
0 3 18
18 20 21
2 3 26
9 14 5
20 23 36
12 15 31
3 5 36
3 5 29
13 16 13
4 8 31
21 23 28
15 17 38
21 2 14
18 23 2
23 1 29
1 3 1
0 5 15
9 12 22
1 5 6
23 2 16
4 6 9
3 5 18
8 11 1
9 12 33
20 22 36
2 5 24
4 6 29
19 23 12
1 4 28
20 22 9
10 13 9
15 17 12
6 9 12
20 0 27
16 21 3
23 1 24
13 16 28
8 10 35
9 13 34
19 21 18
2 4 7
17 18 22
3 6 30
18 21 20
4 7 22
21 1 13
4 8 14
19 0 34
9 12 16
17 20 10
9 11 21
13 16 15
22 2 17
0 5 15
3 5 2
23 2 19
9 13 31
15 17 8
18 21 1
7 10 23
7 8 35
15 17 32
19 21 17
8 12 9
8 13 24
12 15 31
12 13 15
0 3 16
21 0 14
21 0 34
22 0 8
10 11 34
23 2 30
16 22 12
15 18 14
19 20 36
17 20 17
13 15 30
18 21 12
17 21 19
23 2 4
12 15 38
21 2 28
23 0 20
10 14 24
19 21 28
7 10 3
8 9 27
2 5 14
17 21 12
19 20 22
10 12 25
17 19 32
5 8 7
14 17 36
0 3 14
22 23 14
10 13 39
17 20 11
2 4 21
19 22 2
0 2 24
11 14 27
1 2 29
4 7 8
14 18 33
4 9 35
21 2 2
2 5 24
3 7 24
12 15 38
22 1 35
0 3 36
2 5 12
15 19 38
13 17 30
20 0 21
22 1 8
18 21 33
15 17 37
4 7 37
10 13 12
1 3 28
19 23 38
0 2 31
18 21 8
5 11 34
21 23 17
17 20 27
10 14 3
10 13 39
2 6 8
23 1 17
1 5 32
9 11 24
0 3 18
13 15 28
22 0 27
8 10 17
21 23 9
5 8 28
7 10 33
16 18 39
18 21 12
2 4 18
7 10 19
18 21 34
16 19 2
22 2 10
9 12 13
23 2 26
16 18 37
20 23 39
5 10 13
9 11 39
8 11 15
18 22 33
22 0 27
11 15 30
3 7 22
21 1 27
16 18 33
3 6 10
7 12 14
10 14 4
13 17 16
19 22 5
8 9 13
10 13 37
5 6 26
20 21 19
20 0 11
3 7 2
19 0 2
16 20 37
22 2 1
16 18 33
23 2 39
19 23 10
9 12 4
21 23 13
23 4 13
20 23 26
6 8 8
12 15 34
5 9 4
3 6 25
2 7 34
22 1 38
17 19 14
20 0 38
16 19 14
20 23 20
17 20 30
23 2 35
8 11 14
0 2 4
4 8 39
14 16 22
8 10 9
6 11 17
13 17 16
5 9 1
21 22 30
18 22 20
17 20 1
19 22 34
10 13 12
10 13 5
7 10 15
22 3 4
0 1 6
2 6 9
14 15 38
20 23 27
2 3 20
5 9 14
1 6 30
6 9 17
20 22 28
17 20 15
22 2 28
5 7 33
17 20 6
13 15 4
1 5 35
9 10 18
0 4 21
7 8 16
13 15 18
8 12 9
11 14 13
22 2 15
13 15 16
16 18 4
9 11 8
4 7 31
22 2 1
9 13 36
8 11 1
3 5 23
1 4 23
12 15 2
6 8 31
2 5 29
15 19 3
11 15 35
22 1 26
0 4 12
8 11 28
17 21 2
5 10 27
0 4 19
2 6 2
16 17 21
11 15 39
2 3 9
8 10 12
19 22 16
5 9 32
21 1 35
5 8 9
17 19 7
11 13 18
14 16 9
9 11 21
1 5 21
5 9 17
15 19 15
14 17 25
21 23 18
19 23 8
2 4 8
1 4 19
0 2 34
15 17 9
12 15 35
20 23 22
11 14 6
0 3 37
20 22 31
14 16 35
17 20 30
1 4 4
12 15 19
1 3 32
17 19 14
7 7 5
10 15 21
12 16 23
11 18 32
13 14 5
7 9 12
0 3 31
8 10 14
15 21 22
5 7 32
16 17 19
2 6 8
15 17 12
4 6 1
18 20 16
18 21 33
20 0 26
15 19 30
17 19 11
18 21 20
12 14 32
12 16 15
5 8 12
4 6 34
19 21 6
23 2 10
15 15 18
14 18 35
9 13 14
4 8 22
5 10 21
11 16 38
12 15 10
23 2 5
4 7 38
18 22 32
2 6 3
22 2 27
22 23 22
17 20 36
0 4 9
11 15 5
5 7 10
9 14 14
0 2 28
3 6 13
1 4 37
3 6 38
9 13 39
9 11 25
15 18 33
21 0 21
16 20 34
2 6 10
3 7 6
10 13 19
7 9 27
9 10 38
14 18 21
0 3 20
9 14 1
4 8 22
17 18 29
13 16 38
0 4 15
13 15 16
16 19 13
10 13 20
12 14 8
11 16 37
0 2 22
7 10 35
14 17 32
12 15 25
3 7 32
12 14 2
10 13 29
20 0 32
4 7 27
21 0 23
18 21 34
15 18 10
17 20 16
14 15 14
2 4 33
16 19 15
19 23 29
17 21 12
1 5 9
18 21 24
3 6 21
2 7 33
11 14 30
6 9 34
18 21 12
1 3 1
4 8 20
21 0 28
13 19 3
1 5 24
23 3 7
15 17 17
2 6 17
15 18 7
12 15 38
17 22 12
9 12 33
20 0 19
15 17 16
15 18 26
4 7 6
16 17 10
20 0 24
16 19 10
23 1 20
7 9 28
17 20 5
18 22 31
11 15 34
15 17 21
3 7 37
21 1 36
11 14 30
20 23 8
5 8 11
14 17 1
13 18 31
18 21 16
9 11 18
5 7 7
2 3 28
14 15 15
23 3 8
16 18 28
6 10 17
14 16 29
0 4 6
7 11 31
6 8 37
18 21 28
14 17 25
22 0 39
17 20 17
17 21 18
3 6 38
22 0 9
18 21 3
0 3 3
5 8 38
12 11 36
16 20 38
14 17 13
6 8 19
7 11 6
22 1 20
13 16 30
20 22 14
3 7 16
11 14 25
2 4 17
17 20 1
17 20 18
17 21 9
23 2 29
23 1 18
17 20 23
12 15 28
10 14 29
22 2 16
9 13 3
18 21 37
7 7 23
23 1 12
16 18 31
7 10 23
2 4 28
4 8 14
6 9 10
23 3 5
5 8 6
7 11 8
4 7 5
15 17 1
22 2 35
4 6 20
13 17 24
16 19 28
14 15 15
17 21 26
1 3 12
18 21 7
10 12 20
19 21 20
14 17 14
5 9 14
7 12 9
21 0 38
10 13 8
13 15 22
20 1 10
5 7 9
21 23 18
7 9 27
0 3 16
1 3 8
11 14 4
13 17 10
8 10 10
7 10 33
8 13 35
4 7 6
4 6 17
6 7 7
1 4 26
4 8 36
12 12 23
0 1 24
22 0 28
2 4 18
15 18 27
1 4 30
5 7 36
6 7 9
13 15 11
10 13 37
6 9 36
7 10 25
15 19 13
12 15 11
17 19 20
3 6 21
10 13 32
18 20 4
16 19 3
20 23 7
2 5 23
5 8 23
4 7 9
18 21 35
6 11 26
19 23 23
21 0 13
0 4 24
21 1 18
13 16 19
21 0 26
15 19 26
17 19 27
21 23 35
5 6 38
23 2 31
13 15 30
13 18 38
21 0 37
15 18 32
4 7 32
13 17 17
2 5 14
8 11 8
10 13 24
11 15 33
17 19 23
6 8 16
0 3 4
2 5 36
14 17 8
15 17 1
16 19 29
13 16 16
4 8 14
4 8 32
0 4 32
7 12 20
20 1 24
3 8 28
22 1 34
0 3 37
21 22 5
16 18 15
19 21 11
17 21 33
12 15 11
5 6 31
11 14 28
12 15 31
15 18 18
22 1 18
12 16 16
17 17 14
12 15 36
12 14 23
19 22 5
4 7 7
6 9 12
15 19 23
12 14 38
17 20 3
7 12 16
6 10 34
7 10 9
