2000 30
8 7 26 22 1 20 3 18 9 21 14 14 20 4 8 14 12 23 18 19 11 8 28 28 18 26 9 17 23 13 
13 16 29
3 6 6
14 16 26
23 0 10
10 13 25
13 16 17
15 17 13
4 6 11
15 20 5
15 18 9
2 6 17
15 18 21
13 14 8
7 11 16
15 18 4
3 6 17
22 2 19
8 11 1
0 4 14
16 20 11
22 1 2
19 22 7
12 14 9
19 22 14
7 10 20
17 21 11
16 17 1
23 1 7
3 6 29
15 19 14
22 23 14
10 13 1
20 22 19
10 13 4
14 18 13
18 21 2
4 6 18
2 8 17
23 2 11
1 3 15
18 21 4
16 20 20
11 13 18
2 5 25
17 20 1
23 2 19
9 13 14
9 11 29
5 9 2
10 13 16
7 10 6
9 12 12
10 12 9
5 8 25
19 22 6
13 15 30
2 5 21
23 2 24
14 16 22
5 9 28
10 12 15
19 23 11
20 23 8
13 16 8
3 6 9
16 18 4
12 15 3
5 9 10
18 21 6
15 17 18
1 4 11
12 17 6
9 12 1
23 1 29
3 6 13
17 20 29
15 17 23
20 23 13
2 5 15
5 8 16
17 19 1
4 5 18
10 12 30
20 0 20
15 18 7
6 8 8
4 7 5
20 23 16
8 13 19
2 6 24
14 17 7
1 5 5
8 10 27
21 2 12
10 13 19
7 9 17
12 14 23
9 11 25
8 12 7
11 14 11
14 17 22
13 16 12
5 7 27
3 6 15
10 12 28
10 14 6
7 9 20
20 21 28
3 7 22
15 18 5
16 19 15
8 11 26
16 18 23
3 6 3
12 14 20
3 5 7
12 15 5
17 22 16
20 23 20
9 11 1
6 11 22
2 5 12
20 23 26
5 8 12
15 16 2
3 5 19
9 11 6
4 7 28
1 3 22
16 20 8
14 17 2
14 17 18
19 22 26
19 23 12
0 3 11
2 4 14
9 12 27
10 11 3
19 22 29
16 20 21
10 11 27
2 3 2
22 3 9
6 9 16
11 14 21
8 10 28
19 1 2
8 12 12
2 5 16
23 2 24
0 4 3
16 18 3
17 17 28
1 3 21
17 20 5
10 12 9
18 20 9
16 20 17
9 13 26
18 21 27
12 17 12
14 18 4
10 14 6
16 19 19
0 5 5
11 13 5
4 6 7
13 15 23
8 11 8
15 18 11
20 23 12
9 13 19
0 3 24
19 21 25
7 11 12
10 14 12
8 11 2
9 11 10
8 11 24
6 7 23
2 4 12
16 19 4
13 17 2
1 4 8
11 15 16
6 12 8
13 15 7
21 23 27
8 13 23
7 9 15
10 14 2
13 17 3
19 22 6
19 23 11
3 7 6
19 23 10
11 14 27
2 5 26
21 2 4
14 17 4
16 19 11
8 10 13
0 4 2
5 5 13
3 6 5
6 10 2
10 15 11
21 22 2
11 15 25
17 20 29
9 12 1
15 19 4
13 16 1
20 23 3
15 16 24
5 9 22
22 1 2
9 11 19
21 0 18
4 6 26
3 5 9
14 17 5
8 11 23
7 11 3
2 6 26
5 7 1
3 7 13
5 9 19
3 5 30
9 14 16
0 2 13
16 19 22
8 10 16
20 22 28
16 19 26
20 0 10
2 5 30
17 21 8
14 16 17
21 23 7
12 13 18
15 18 20
7 10 1
17 20 2
9 13 4
22 1 20
10 13 9
20 0 9
14 16 16
10 14 9
13 16 29
0 3 20
3 7 17
10 13 21
16 18 24
9 13 24
7 11 9
13 15 1
5 9 8
1 3 2
4 8 12
18 20 19
2 4 28
8 11 17
12 14 26
7 9 23
23 2 27
3 8 30
12 15 15
23 2 7
20 22 27
13 14 18
16 18 29
9 12 14
15 17 3
9 13 17
17 19 15
19 22 21
8 9 25
4 6 30
8 11 1
15 17 6
1 2 16
3 6 5
20 23 17
1 3 18
18 21 25
8 11 8
7 9 25
12 15 5
16 17 26
10 11 12
2 4 7
3 7 11
1 3 20
0 5 13
3 7 28
4 5 9
17 21 11
14 18 18
17 20 21
12 15 17
2 5 25
19 20 11
0 3 11
2 6 30
6 8 19
19 23 18
19 21 18
15 18 26
0 3 12
16 18 24
21 22 29
16 17 8
12 17 22
9 11 9
20 23 10
15 15 18
21 23 4
16 18 15
9 12 11
15 19 23
18 19 28
22 1 20
13 18 10
11 12 22
10 14 23
1 3 18
18 21 12
21 23 16
11 16 24
16 19 27
17 21 6
21 23 24
7 10 12
8 12 3
12 17 2
16 19 16
18 19 19
16 17 27
10 14 22
23 2 1
6 7 7
14 18 25
5 8 23
6 10 1
3 7 21
12 14 25
16 19 16
0 4 17
6 9 21
5 8 28
5 7 9
9 11 20
17 20 22
15 18 15
13 16 22
19 21 17
11 13 6
14 18 24
7 11 26
16 19 1
15 20 5
2 5 11
6 10 23
13 17 21
14 17 25
16 18 9
19 0 3
4 5 15
23 0 24
4 5 25
20 23 26
21 0 12
19 23 23
23 3 10
12 14 19
11 15 24
11 14 15
2 7 23
13 16 24
8 12 15
5 8 8
12 14 7
9 13 7
21 0 1
7 10 23
12 16 26
20 0 11
21 22 27
4 8 3
14 16 19
19 23 30
5 9 30
6 11 14
11 15 7
3 6 12
21 0 30
7 10 29
22 3 9
3 6 25
12 14 10
23 1 18
17 18 8
19 21 18
12 15 17
12 14 7
15 18 18
20 22 14
11 13 1
10 13 10
1 3 8
23 1 16
11 12 4
0 3 28
16 19 24
20 1 23
14 17 21
11 14 26
22 2 4
17 20 4
4 8 12
1 6 15
8 11 27
18 20 1
0 3 14
8 10 19
3 5 13
14 16 18
6 9 30
4 8 21
21 22 1
9 13 4
21 23 2
19 22 24
23 3 29
11 14 12
10 13 10
21 0 1
1 5 13
0 1 3
10 13 14
2 6 26
1 2 15
1 3 8
1 2 17
14 16 17
0 2 21
19 23 19
10 13 24
9 13 25
19 21 16
14 17 29
21 23 19
10 13 30
13 19 13
2 6 2
9 10 2
18 21 6
13 17 3
0 4 1
21 1 21
22 23 26
18 21 17
22 3 13
5 8 15
19 22 6
6 7 12
18 21 24
3 4 4
3 7 20
7 9 14
3 7 17
23 2 20
23 2 18
17 22 16
9 13 8
3 5 11
19 23 16
19 21 19
20 0 16
6 10 23
17 19 29
9 12 25
2 5 2
0 1 30
21 1 16
12 14 7
20 23 6
18 20 25
1 2 29
5 7 29
3 6 28
4 7 8
5 7 24
15 17 19
15 19 1
22 2 20
21 1 23
20 22 15
14 18 8
4 8 27
9 13 25
14 18 13
12 14 30
23 1 15
4 6 22
12 15 10
7 11 13
11 14 15
22 23 20
8 11 26
16 19 15
11 14 10
3 6 12
18 20 15
14 16 3
15 18 5
12 16 10
21 22 19
4 7 20
12 16 19
10 12 14
10 13 2
22 2 23
17 21 5
5 8 22
17 20 12
6 10 16
14 15 18
8 10 29
14 18 4
20 0 16
14 16 25
13 17 1
10 11 29
21 1 20
13 17 4
11 15 23
22 3 25
14 18 30
9 11 29
10 14 24
15 17 11
17 20 27
23 2 2
16 20 21
1 5 25
17 19 30
0 4 7
15 19 24
8 10 14
12 13 6
19 23 22
2 6 24
19 22 23
17 22 12
18 22 10
18 20 8
11 13 30
9 13 13
13 16 4
7 10 30
3 6 12
3 6 7
4 6 27
9 13 13
10 14 10
4 7 7
15 19 9
2 4 12
16 17 28
1 3 7
7 9 8
17 20 6
21 23 25
5 9 30
9 12 12
17 19 2
4 6 6
5 7 11
23 3 2
9 13 28
14 16 2
13 16 13
7 8 3
13 16 18
0 2 2
22 1 13
3 7 12
10 14 10
22 23 13
8 9 27
15 18 2
23 1 29
13 16 14
23 2 22
9 12 20
7 10 20
0 4 26
7 11 29
11 14 12
21 0 26
14 17 6
17 17 5
4 7 14
16 17 4
21 22 24
6 10 20
23 3 11
8 11 10
5 9 14
23 1 24
5 7 15
17 20 21
5 7 22
19 22 25
9 12 14
7 10 1
19 23 24
11 16 24
19 23 5
2 5 8
8 12 14
14 17 6
3 7 29
15 17 27
16 18 26
6 8 29
10 13 16
20 0 4
5 8 4
7 9 10
9 11 26
2 5 17
8 10 20
10 13 10
20 0 11
15 18 14
6 6 29
5 8 30
18 20 21
2 6 8
16 18 29
9 11 10
23 2 22
12 15 18
18 21 11
6 10 19
22 1 6
4 6 14
23 3 7
19 23 3
23 0 28
5 6 4
7 11 1
16 19 24
13 18 20
17 20 14
19 23 9
4 8 28
0 3 2
6 9 16
18 20 24
20 0 6
0 1 25
9 9 20
4 8 26
2 5 10
0 3 13
4 7 23
8 11 7
15 19 11
5 8 6
1 3 17
12 14 11
4 8 25
7 11 21
3 6 21
13 16 11
9 11 23
18 20 24
22 1 10
0 3 3
0 3 16
7 10 12
7 11 16
9 13 20
11 13 16
5 9 27
21 23 20
16 18 18
10 13 6
7 11 10
11 12 28
22 22 19
16 19 23
15 19 6
21 0 18
5 9 29
15 18 29
11 14 14
17 21 12
15 17 22
16 19 13
11 11 13
10 14 3
19 21 7
8 9 20
11 15 21
13 15 8
3 4 22
2 4 5
2 6 21
17 20 8
11 13 5
2 5 27
6 11 6
10 11 17
14 17 13
21 23 23
8 12 14
10 13 20
0 2 1
10 11 23
16 18 9
3 5 18
12 16 28
5 9 14
15 19 5
15 19 21
3 7 8
23 3 13
11 13 12
1 4 4
19 23 8
2 5 13
17 20 2
13 17 27
3 6 13
6 9 25
1 4 27
0 2 11
11 14 8
22 1 19
9 13 29
19 21 28
5 7 28
13 15 20
19 22 21
19 21 23
10 13 7
12 16 30
8 9 14
8 12 19
12 13 20
5 8 22
19 22 15
8 10 19
4 7 19
12 15 25
2 6 3
2 5 9
19 23 6
14 20 8
21 23 8
5 9 20
21 0 1
9 13 22
17 19 8
19 22 27
4 9 9
4 7 14
10 14 20
13 17 25
19 21 30
5 6 5
12 13 21
23 3 12
8 10 5
23 2 8
5 9 15
12 12 25
7 11 19
13 17 28
1 5 16
16 19 8
21 0 28
0 3 27
16 19 1
5 9 19
11 14 28
12 14 18
22 0 20
20 23 21
23 1 25
19 22 30
8 11 12
3 5 26
21 0 4
9 10 25
7 8 8
19 22 27
1 3 15
13 16 3
15 16 15
12 16 21
8 12 17
21 23 5
15 17 9
13 15 24
12 16 14
18 21 28
5 9 28
3 6 21
4 6 26
8 11 19
12 14 5
3 7 11
16 18 26
14 19 26
20 23 28
5 7 15
18 19 12
20 23 12
17 19 3
11 13 10
16 19 25
12 14 30
18 23 15
22 0 3
16 20 11
3 8 11
22 1 22
9 11 15
21 0 3
12 12 7
1 3 22
13 17 9
12 15 13
17 19 23
15 17 13
21 0 12
3 5 13
3 7 5
15 18 2
23 1 26
1 5 7
7 11 11
0 3 11
8 8 10
0 3 15
10 12 21
14 15 24
9 12 5
18 21 2
17 21 24
19 22 29
3 5 26
20 0 27
12 16 17
7 9 15
8 11 21
1 4 29
9 11 20
21 0 24
13 17 25
18 20 27
20 1 13
14 17 3
15 19 25
20 22 30
0 3 22
21 0 20
12 15 19
5 9 21
19 22 20
6 9 30
17 19 12
10 12 21
4 8 3
21 0 30
20 0 28
19 21 2
8 10 13
22 1 19
22 2 19
2 6 19
7 11 28
16 20 28
6 9 1
5 9 16
11 15 24
7 12 8
15 20 29
6 9 24
23 3 30
4 7 11
14 15 2
20 23 15
8 10 27
23 3 17
6 9 3
14 16 17
14 17 22
5 8 25
9 13 30
23 2 21
12 15 20
7 10 1
23 3 25
8 11 21
12 15 14
4 8 12
9 12 7
10 14 2
15 16 9
9 13 28
1 6 27
12 14 2
10 15 20
10 12 20
2 4 30
0 5 6
14 18 23
3 6 15
19 22 10
18 20 5
11 15 9
14 18 4
18 21 14
10 13 6
22 1 23
4 7 21
18 20 16
15 18 20
2 5 5
7 11 16
6 8 25
3 5 15
2 5 15
17 21 14
2 5 27
14 17 22
8 12 18
23 0 17
19 20 12
3 7 28
0 3 15
6 10 20
16 18 17
3 5 22
23 2 12
2 4 13
1 3 15
19 0 5
12 15 8
23 1 22
3 6 7
10 14 21
18 22 20
8 9 20
22 2 14
11 13 28
8 12 29
3 4 19
18 19 2
22 1 1
16 19 22
19 23 9
3 5 22
2 5 27
2 7 23
9 11 16
5 7 21
16 20 13
23 4 5
23 2 9
23 3 1
13 16 4
2 4 7
12 16 26
16 18 9
19 23 13
4 7 11
1 4 20
3 6 14
5 8 13
19 23 30
15 18 21
1 3 10
5 7 19
21 0 1
3 6 2
15 16 8
11 13 9
22 1 30
1 3 14
0 5 28
15 18 29
2 6 23
14 16 27
17 21 15
19 21 25
11 14 19
5 10 1
23 2 22
4 6 27
8 11 24
12 14 3
20 0 14
9 14 21
16 20 2
5 6 12
12 16 11
3 5 8
13 16 22
17 19 11
18 21 28
13 16 20
21 0 28
13 15 29
3 7 1
15 20 1
10 12 26
6 9 14
8 11 17
21 1 16
20 0 21
20 23 18
9 13 20
17 20 17
0 4 3
12 14 2
0 2 13
11 14 2
1 5 28
9 12 1
8 13 2
2 6 1
3 7 17
16 21 17
15 18 8
1 5 25
0 5 12
16 18 23
19 23 19
12 16 3
22 0 10
20 23 17
22 2 9
20 23 18
2 6 26
14 16 14
23 2 17
7 10 24
9 12 27
21 23 30
19 22 7
12 15 12
23 2 13
11 15 15
1 4 26
7 8 14
23 23 13
2 5 20
22 1 18
7 10 20
1 3 14
21 0 5
22 1 22
2 4 13
2 5 5
22 2 3
14 19 27
13 16 19
18 22 27
22 2 26
20 23 6
7 10 4
12 16 8
14 18 30
12 17 6
20 0 1
7 10 23
10 12 1
8 12 3
8 12 29
23 23 13
23 2 3
13 17 30
19 22 19
4 7 27
9 12 27
22 3 10
10 12 12
14 18 7
2 6 1
0 3 2
19 23 16
15 19 4
22 2 25
14 16 12
11 16 11
4 6 8
7 10 7
11 13 23
6 9 2
5 9 30
11 15 19
12 14 8
10 15 17
8 10 10
7 10 9
13 17 27
4 6 21
1 3 11
20 0 10
1 5 26
0 1 6
11 13 3
8 9 21
13 16 30
8 13 19
7 12 10
5 8 30
16 21 24
20 21 16
17 20 4
16 20 20
4 7 1
17 19 6
14 18 17
6 9 17
1 3 14
8 12 9
14 17 25
22 0 6
1 3 4
20 0 20
6 8 11
6 8 27
4 7 14
12 14 3
10 14 23
0 3 21
2 5 26
9 13 8
10 11 30
23 1 27
16 19 17
4 5 9
23 1 21
11 14 7
18 22 13
23 2 16
23 3 14
21 0 30
23 2 21
22 1 14
6 8 1
15 17 7
17 19 11
15 19 27
23 2 30
19 22 18
2 8 2
1 3 2
14 17 17
20 22 20
21 2 11
16 19 3
21 23 16
10 11 2
16 20 20
4 7 14
13 16 14
6 8 26
16 19 13
20 23 13
5 7 3
16 19 20
14 17 21
18 20 6
23 1 5
21 0 19
11 14 20
4 8 17
1 3 29
8 11 6
14 17 27
20 21 1
22 2 16
15 18 19
5 7 9
7 10 24
21 23 29
18 19 16
12 16 7
4 7 18
2 5 17
23 2 11
21 0 6
3 5 4
14 17 14
3 6 5
1 6 2
21 22 18
22 2 7
17 21 10
6 9 14
21 22 19
12 14 6
12 14 4
12 13 4
11 14 29
1 5 19
6 8 12
15 17 16
16 17 11
20 23 1
23 3 8
8 14 2
20 22 24
4 7 29
18 21 18
20 22 26
23 2 2
8 10 26
9 14 27
15 18 17
20 21 14
5 10 12
14 19 26
4 7 16
19 23 27
17 20 15
15 17 12
12 16 29
18 21 27
19 20 10
13 16 18
8 12 11
5 8 25
12 15 17
21 0 9
21 0 15
4 8 16
16 19 15
11 15 11
8 10 17
17 20 23
9 11 30
9 11 17
5 9 17
13 16 15
3 6 6
11 14 8
8 11 28
3 4 2
15 17 25
23 2 22
21 0 16
18 22 11
18 23 18
14 18 11
17 22 28
23 0 6
23 3 2
8 12 23
1 2 7
11 14 17
15 16 24
1 5 22
9 12 12
1 4 22
18 21 14
2 4 24
17 20 5
15 18 17
8 11 21
14 17 24
20 0 12
13 16 12
11 14 17
2 6 17
15 17 1
15 20 29
13 16 12
0 4 24
14 17 30
12 16 7
23 2 10
16 17 12
21 23 23
6 10 22
7 11 5
1 3 6
2 6 30
1 3 13
12 14 20
21 2 13
0 3 5
6 10 7
10 14 27
22 1 7
23 3 3
17 21 22
18 20 10
4 7 29
12 15 2
11 13 11
16 19 17
10 13 14
22 1 30
16 19 2
6 8 14
22 1 4
23 2 14
11 13 21
8 11 18
0 2 3
2 4 24
8 11 27
22 2 10
22 0 8
15 18 8
6 8 25
7 9 24
3 6 23
5 8 17
6 8 14
2 4 5
11 14 6
23 2 16
6 10 9
6 8 30
14 18 16
18 21 5
9 12 13
15 17 1
23 4 24
21 23 19
2 6 21
23 4 22
23 4 5
23 2 18
5 9 25
22 1 24
18 21 29
12 14 14
20 23 16
8 11 26
20 0 29
18 20 14
22 2 25
8 12 1
4 7 2
9 12 25
21 23 13
19 22 13
2 4 18
8 11 28
3 6 25
17 20 22
13 15 21
12 15 23
4 6 4
4 8 19
13 15 20
17 20 6
2 4 18
1 3 20
1 5 25
19 22 28
18 21 27
0 2 27
1 5 30
15 16 17
11 16 16
20 23 26
7 9 23
1 4 21
6 10 21
23 2 6
0 4 4
19 21 28
15 19 22
21 2 4
3 5 15
23 5 12
1 3 12
11 15 20
4 6 17
19 23 28
10 13 17
13 17 20
3 5 4
22 1 10
19 22 12
12 14 17
2 6 7
0 3 17
21 23 19
21 23 28
7 10 15
15 19 19
23 1 29
21 0 13
8 11 26
16 19 13
5 9 18
11 13 10
11 13 7
7 10 16
10 14 4
21 23 25
3 5 7
0 4 25
4 7 16
8 9 19
7 10 21
16 19 23
14 16 9
1 3 2
17 21 24
19 22 5
1 4 30
12 16 24
13 16 17
23 3 29
16 19 3
12 14 8
19 22 24
18 20 3
20 23 19
20 0 6
20 22 26
6 8 5
15 17 25
12 15 29
16 19 15
9 12 20
4 7 30
6 9 12
0 4 5
4 7 30
22 2 19
12 14 21
10 13 9
16 19 10
18 21 10
13 16 22
15 18 11
12 14 19
17 20 24
13 16 5
4 6 7
3 6 3
20 23 12
2 5 11
7 9 20
16 19 8
23 4 13
8 10 12
21 0 16
15 19 15
23 3 15
15 17 4
10 13 15
19 21 12
4 8 6
0 4 18
9 13 15
18 19 12
1 4 27
18 20 17
21 0 11
16 18 24
0 3 24
19 22 28
13 17 14
13 16 11
7 9 7
9 12 17
15 19 3
0 4 28
2 5 26
23 1 15
11 13 11
23 3 12
15 18 22
8 11 3
19 21 29
16 18 13
18 21 17
15 18 5
4 6 20
2 6 11
11 14 11
3 5 16
1 3 7
7 9 27
19 23 28
10 14 28
21 0 26
23 2 19
22 2 17
8 11 9
10 14 18
5 8 20
10 13 7
6 9 19
5 8 28
0 4 12
13 17 14
16 20 27
11 15 19
12 14 7
3 4 12
18 20 16
13 16 19
9 13 25
15 18 14
23 1 6
23 0 8
8 10 18
4 8 30
22 2 19
4 9 24
19 22 3
13 16 13
1 4 27
0 4 22
12 15 19
14 17 5
5 7 14
19 0 22
15 17 2
22 3 14
19 22 10
5 6 21
15 19 27
7 9 19
14 18 17
12 16 27
13 17 23
9 10 29
5 7 10
20 23 4
12 13 23
23 1 13
23 3 12
1 5 26
15 17 25
16 19 21
0 3 14
7 9 5
15 18 2
5 8 29
4 7 9
10 13 13
22 0 16
2 5 1
17 20 22
6 9 11
15 17 5
16 19 25
21 1 28
8 12 3
7 10 2
13 16 30
20 20 10
20 0 17
17 19 4
13 16 17
18 21 13
18 22 26
2 5 26
16 19 1
20 0 3
1 4 30
21 0 3
17 21 14
11 15 11
18 20 25
16 19 6
13 15 7
21 1 1
13 15 22
21 23 30
18 22 4
18 22 23
16 20 25
8 10 16
10 13 11
21 23 18
3 8 4
14 17 7
1 3 13
14 18 16
3 6 13
12 15 3
14 18 1
2 5 20
14 20 8
18 21 28
14 18 24
1 4 24
6 8 16
23 2 20
11 15 26
5 7 8
14 17 16
3 5 2
15 19 18
20 0 21
15 19 11
2 7 12
15 18 1
17 19 5
21 2 18
19 22 8
3 5 21
23 3 29
1 4 28
20 23 1
2 6 9
3 6 20
23 1 25
9 12 22
19 22 10
13 16 2
4 6 1
16 18 29
16 19 12
0 2 27
14 17 13
22 23 2
11 13 12
3 8 24
6 8 27
8 10 16
8 11 22
20 0 11
22 2 16
19 20 18
10 12 6
7 11 29
16 19 29
9 14 9
19 21 13
22 0 21
2 6 28
16 18 11
10 13 2
2 6 29
7 10 14
9 12 25
1 4 1
23 1 20
0 4 29
19 22 20
9 12 9
1 3 12
14 16 25
15 19 12
5 6 1
13 16 13
9 13 24
14 17 18
19 22 21
4 5 26
4 5 13
22 1 6
11 12 16
17 19 21
23 0 8
9 12 19
0 2 12
14 17 27
13 17 26
1 3 2
18 21 21
15 18 6
5 8 25
9 11 26
11 14 4
11 14 28
1 5 11
1 4 10
0 3 18
18 20 28
13 17 30
14 18 22
19 22 20
23 0 24
2 3 15
8 12 14
8 12 11
4 7 20
21 23 12
22 0 12
2 4 8
11 15 9
19 0 10
16 19 26
6 9 2
15 17 14
12 15 9
5 8 24
1 5 11
7 10 7
15 17 30
12 15 11
12 14 6
16 20 25
0 2 27
19 23 9
12 15 28
22 0 21
11 14 6
4 9 24
16 20 8
17 20 3
19 22 10
19 23 13
14 17 14
2 4 3
9 13 22
20 22 3
17 22 21
7 11 21
22 0 4
19 22 4
16 19 7
9 11 8
1 5 20
16 19 20
21 22 21
5 6 12
19 22 10
20 23 7
11 12 14
5 7 8
22 2 11
4 7 9
6 9 12
19 22 10
5 8 15
7 10 25
14 18 4
20 22 4
5 8 23
15 19 3
16 19 2
10 10 13
23 1 8
5 8 27
17 21 22
9 11 10
0 3 26
13 16 7
18 22 25
19 23 12
7 9 29
20 0 16
14 17 14
19 22 21
22 0 14
20 0 15
14 15 21
9 11 20
1 5 2
21 0 20
9 11 15
18 21 5
18 23 26
15 19 6
1 4 15
5 8 8
8 10 13
9 11 6
10 12 4
8 11 30
16 18 28
22 0 19
22 0 2
16 18 28
2 5 11
9 13 18
2 5 30
9 13 28
15 18 7
10 12 15
21 23 29
4 8 26
3 7 17
2 4 30
17 21 6
12 14 24
14 17 10
14 17 1
4 6 23
6 8 13
17 18 8
0 2 10
7 12 25
18 21 7
0 4 19
9 11 6
13 15 9
6 8 11
17 18 7
19 21 23
0 4 26
0 2 30
10 11 2
3 7 17
1 5 18
22 1 12
20 23 30
19 21 15
3 7 8
19 23 28
11 14 30
0 4 9
4 8 22
2 5 1
1 2 12
5 10 17
18 20 4
14 17 11
17 19 22
4 7 25
16 19 2
15 20 6
15 18 8
0 3 24
6 8 21
0 3 25
14 18 15
23 4 14
4 6 3
4 5 7
6 8 28
16 18 21
10 13 11
14 16 9
8 11 29
7 7 14
11 14 4
8 13 21
22 1 28
0 3 3
11 14 5
7 9 4
2 5 10
14 18 16
21 1 9
5 9 26
23 2 16
10 14 27
9 12 29
6 9 18
4 9 1
16 20 27
11 15 23
20 23 6
7 12 8
10 14 30
6 10 17
20 22 11
1 4 6
4 7 21
10 13 22
15 19 14
9 12 2
8 10 23
13 15 18
17 20 5
21 23 6
8 13 24
4 6 16
20 23 17
11 12 14
13 15 8
6 8 10
20 21 29
9 10 18
0 2 23
4 7 8
2 6 14
3 6 22
18 21 6
15 17 9
18 21 13
20 23 8
11 15 1
6 9 8
9 13 24
9 12 28
21 0 3
13 16 29
8 13 18
8 12 23
6 8 30
0 3 25
17 20 21
4 6 17
19 23 28
7 10 22
9 14 2
7 11 15
22 2 22
13 16 30
5 9 14
14 17 25
8 10 30
5 7 30
23 3 26
21 1 1
15 18 20
8 12 16
2 6 4
9 11 19
6 10 14
19 22 2
5 9 16
21 0 20
10 13 5
1 3 3
8 11 22
22 1 23
3 7 11
11 15 22
17 19 4
19 21 26
20 1 24
7 11 10
21 0 16
12 15 6
13 16 18
5 8 19
7 10 18
9 12 25
9 11 16
3 6 27
5 9 5
21 0 22
23 2 1
23 3 13
8 11 13
16 19 20
21 23 3
12 15 25
7 9 4
5 8 24
14 17 9
16 19 21
7 11 25
2 5 1
17 21 11
6 10 16
15 18 19
13 16 23
22 0 22
3 5 5
4 7 23
23 1 6
9 12 17
11 14 5
9 12 4
1 3 6
6 9 22
12 17 19
5 10 6
18 22 23
11 15 8
19 21 1
9 11 22
23 2 25
12 14 22
12 15 12
23 3 10
8 10 13
20 20 6
12 15 8
13 14 29
19 21 30
11 14 30
1 5 5
20 23 22
7 8 21
2 4 2
23 1 3
13 16 9
21 0 20
15 18 27
19 22 22
