5000 40
13 7 27 22 25 3 27 36 17 33 9 13 6 7 11 2 33 21 25 30 22 27 29 35 10 36 24 15 29 34 1 35 30 30 4 18 4 4 30 33 
5 8 9
11 15 4
14 16 34
7 12 24
9 10 6
2 7 7
7 10 18
3 7 16
9 12 24
20 23 25
22 23 4
3 7 37
18 20 11
14 17 13
9 13 7
3 5 34
13 17 9
17 20 16
2 4 19
6 8 39
4 7 39
14 17 11
8 11 29
23 1 12
19 22 1
3 8 8
5 8 27
8 11 1
9 12 32
13 17 7
21 0 13
13 16 16
9 11 25
15 17 24
16 19 8
12 17 38
23 3 15
7 10 27
12 15 17
23 1 30
23 2 39
4 6 4
1 4 37
1 5 30
12 14 28
0 3 21
0 5 20
23 2 23
13 16 37
6 9 29
2 4 40
16 19 2
7 11 8
7 9 22
23 0 23
9 11 17
21 1 33
23 1 30
0 2 28
16 20 15
9 12 11
1 4 29
7 11 31
6 9 18
14 18 27
17 21 39
16 19 33
16 17 30
10 14 30
16 20 25
0 4 28
6 9 31
3 6 14
20 22 14
11 14 2
0 3 18
9 12 24
20 0 9
18 20 4
10 12 25
16 18 30
0 2 32
18 21 23
9 13 7
15 18 20
19 20 11
18 21 5
19 21 2
4 9 10
18 21 31
18 21 2
23 3 26
18 20 37
13 15 7
0 2 18
17 21 7
17 21 6
20 0 19
4 7 27
12 14 7
19 23 12
19 22 21
6 10 4
2 4 25
13 16 38
9 12 32
10 14 13
9 13 38
23 1 35
3 5 9
14 17 14
8 11 17
17 20 4
5 10 6
11 14 9
6 9 34
21 23 39
6 9 29
0 3 6
19 22 9
0 4 23
1 6 23
7 11 30
6 10 31
2 6 32
5 8 27
18 22 32
12 15 25
20 21 37
6 8 33
6 10 26
18 21 12
2 5 21
5 9 34
20 0 3
5 7 22
16 18 37
22 1 5
10 13 19
16 18 31
8 12 12
7 11 2
20 22 26
5 7 2
12 14 27
0 4 1
0 4 1
12 15 25
8 10 38
2 4 29
16 18 9
10 12 2
21 0 29
5 8 20
3 7 17
8 10 3
20 22 3
16 21 30
5 9 27
2 5 12
14 17 21
22 2 24
6 10 14
19 22 16
22 1 20
5 9 20
15 18 4
22 1 9
18 22 8
20 23 4
12 13 16
5 8 21
12 14 20
11 12 40
18 22 3
12 15 39
1 5 36
10 15 18
10 12 29
7 11 21
8 10 30
4 6 18
8 10 10
2 6 35
23 1 17
9 13 17
3 7 23
2 5 34
23 2 9
12 15 36
10 13 21
2 5 13
15 18 4
3 7 32
2 5 29
11 14 19
10 11 20
5 6 13
10 13 26
14 15 32
5 9 16
15 18 6
13 17 38
20 23 12
13 16 7
20 22 19
17 21 34
20 0 20
10 12 8
13 17 30
17 22 36
19 23 17
13 16 23
1 4 13
9 12 17
5 7 16
22 2 1
2 6 4
5 7 36
16 20 35
10 13 3
1 5 28
7 10 32
19 23 36
11 15 8
15 19 26
18 21 1
19 22 34
4 6 26
17 21 40
11 14 9
8 14 9
5 8 21
13 17 3
19 22 4
6 8 17
3 6 25
9 12 30
16 19 19
23 1 9
17 20 8
8 11 38
6 9 21
2 5 36
8 12 6
0 3 37
15 17 5
7 10 26
1 4 25
21 23 33
12 12 28
15 19 21
17 20 28
0 4 38
7 10 7
1 7 27
13 15 1
16 21 39
17 19 4
9 13 22
1 4 22
0 4 3
8 10 14
8 10 26
8 9 8
2 5 25
6 8 33
17 19 31
5 9 26
18 21 28
12 16 38
21 1 11
16 20 35
1 4 37
4 6 9
18 20 39
22 0 25
20 23 31
16 20 18
21 0 34
10 12 16
21 1 5
1 4 25
8 12 11
12 15 13
18 22 32
9 12 1
6 8 15
18 19 22
2 6 37
16 19 12
9 10 40
1 5 20
2 5 13
12 13 15
10 12 1
8 12 7
0 5 17
22 2 1
18 20 29
13 17 14
22 0 19
21 0 30
1 5 17
9 12 34
21 23 6
12 14 38
13 17 25
10 12 14
16 18 21
23 4 10
14 19 13
11 15 40
5 6 11
7 9 15
8 12 37
9 13 38
21 23 36
15 17 26
20 23 20
9 11 28
9 13 27
21 1 34
18 22 37
11 14 36
3 6 35
0 2 37
5 9 20
23 1 25
18 21 30
1 5 14
5 9 17
15 17 29
21 0 16
7 9 1
9 12 1
8 11 13
15 17 23
1 4 9
14 17 21
4 8 16
16 20 32
23 4 38
11 13 6
17 20 24
18 20 24
6 9 32
4 5 25
8 11 8
15 19 19
8 12 1
9 13 31
6 9 19
2 5 34
11 15 31
0 2 16
12 14 9
2 5 23
20 22 16
7 10 24
2 5 5
9 13 18
8 12 31
11 12 2
8 9 5
6 10 38
10 11 10
15 19 18
6 9 26
0 2 36
9 12 11
0 1 28
6 11 15
14 18 19
5 8 3
8 11 21
15 16 29
5 9 17
2 8 16
23 3 35
15 19 40
8 10 2
18 22 9
11 15 15
17 19 13
1 5 13
12 15 40
13 17 13
18 21 21
0 3 8
23 3 26
0 2 8
15 19 9
6 10 15
5 10 21
2 6 32
17 20 31
2 5 33
11 16 32
5 8 29
23 1 26
0 3 37
16 19 6
16 20 15
1 4 7
13 16 32
11 14 18
20 22 19
10 12 6
17 19 15
23 2 32
5 6 19
2 6 20
21 0 32
19 0 5
16 18 39
1 5 15
8 11 16
13 17 31
21 1 21
1 4 17
0 4 19
0 3 40
7 11 6
0 3 4
15 16 40
19 21 40
17 21 34
5 8 17
1 6 6
3 6 26
6 8 10
17 20 16
12 15 10
1 7 12
15 19 8
12 16 15
16 18 12
3 5 21
12 13 27
8 11 5
13 15 13
6 8 18
3 6 19
10 11 4
16 20 4
17 20 3
21 22 18
6 10 9
4 6 21
18 21 4
7 9 11
3 5 39
23 4 37
7 10 10
8 13 20
17 18 14
3 5 30
6 7 10
23 2 6
8 12 22
15 18 22
4 8 32
13 17 5
16 19 30
14 17 9
14 18 4
3 6 3
3 6 34
17 19 24
8 9 3
23 1 29
0 4 24
21 0 30
16 21 37
13 15 27
21 23 8
16 20 19
23 1 28
9 11 21
2 4 5
6 7 22
7 10 19
15 18 13
3 5 6
22 0 16
18 22 19
7 10 2
9 12 19
14 15 12
4 8 7
2 3 37
22 2 23
6 10 19
11 16 7
13 18 32
14 18 33
21 0 6
12 16 32
6 9 2
14 17 35
7 10 25
17 21 28
13 14 32
19 22 3
7 11 18
3 7 1
16 20 11
23 3 29
5 7 15
11 13 35
12 16 5
14 18 10
21 23 22
16 18 20
3 3 34
21 1 29
11 13 25
4 5 25
20 23 35
18 22 10
3 6 31
4 7 36
7 10 19
15 18 10
14 16 7
12 13 24
2 3 1
8 12 13
5 8 22
10 13 38
5 5 13
13 16 10
0 1 28
22 0 10
11 11 15
12 17 15
20 0 37
16 20 37
9 13 33
21 1 35
20 1 22
7 11 40
20 21 38
5 7 7
8 12 17
10 14 3
13 15 32
18 21 3
7 10 35
12 15 36
2 3 12
9 13 29
18 22 22
2 5 11
12 16 24
0 2 16
12 15 33
19 21 6
1 6 17
16 17 11
15 17 38
0 1 19
15 18 6
18 22 2
10 12 25
16 18 18
20 0 27
10 13 1
10 14 31
16 21 6
18 22 11
4 7 38
17 21 21
17 22 16
14 14 7
23 2 19
12 17 29
17 20 19
12 15 7
1 4 27
2 5 26
4 8 33
20 23 29
7 8 31
10 14 37
0 4 30
5 8 34
21 0 4
11 14 30
3 7 14
5 8 39
21 0 22
16 19 9
13 16 12
14 18 32
20 22 35
1 3 26
7 11 4
3 6 7
7 11 14
0 5 6
21 23 4
15 17 9
11 14 25
18 23 23
6 9 16
0 4 31
1 4 1
18 21 40
17 19 37
18 21 30
7 11 28
12 15 26
22 1 24
8 11 10
23 2 21
2 4 32
10 12 15
15 18 1
15 19 27
12 15 17
4 8 19
8 10 9
11 12 11
12 15 31
22 1 5
20 23 25
10 12 9
20 0 23
10 13 26
16 19 35
5 9 2
15 18 18
14 17 1
16 18 34
1 4 35
5 5 11
5 8 2
13 17 5
0 2 34
15 18 14
0 4 39
16 18 1
11 14 7
21 0 6
21 0 9
11 14 4
12 15 20
2 4 6
18 20 25
0 4 27
0 3 11
12 15 31
20 1 16
17 18 6
14 17 25
6 10 6
0 3 35
16 17 13
10 14 23
22 3 9
18 22 4
4 7 16
6 7 13
8 11 33
18 20 31
16 19 8
19 21 2
1 5 32
21 0 3
15 18 7
8 11 20
11 15 33
15 19 27
8 12 11
19 0 1
21 0 27
23 2 33
2 6 9
20 0 17
11 15 4
6 8 29
20 0 16
2 4 21
3 6 35
5 7 5
3 6 33
17 20 2
1 4 10
4 6 8
23 2 32
1 4 8
0 1 3
6 9 1
0 2 39
14 17 19
13 17 13
19 21 8
13 17 28
21 23 17
12 15 21
3 6 17
14 18 37
15 18 40
19 22 1
3 7 13
5 7 6
22 0 37
6 9 21
0 2 3
17 19 3
12 15 21
14 17 2
5 8 39
14 19 1
15 17 4
10 14 3
0 5 38
18 20 15
5 8 21
8 9 34
15 18 31
4 5 25
13 16 39
14 18 21
10 13 7
4 9 37
15 18 30
2 6 7
16 19 36
1 2 23
1 4 21
21 23 35
1 5 13
23 1 35
15 16 2
13 18 5
1 4 27
6 7 25
8 12 10
0 3 37
19 23 40
8 11 11
16 20 39
19 22 22
3 5 11
4 10 4
13 16 38
18 21 33
18 21 7
13 16 7
6 10 25
12 16 23
8 9 14
13 18 5
18 22 26
20 23 27
8 11 4
4 8 20
17 20 39
1 5 24
11 13 1
23 2 21
23 1 35
2 5 20
23 2 37
1 4 7
20 21 2
10 14 17
9 13 32
17 20 40
22 0 29
16 20 23
8 9 3
15 18 30
12 15 22
21 23 7
22 4 21
1 3 24
20 0 38
16 19 34
21 1 27
0 4 10
2 2 36
0 3 39
12 16 37
0 3 15
11 14 13
22 0 22
16 20 37
2 5 40
6 10 37
19 21 24
23 3 24
0 4 29
18 22 6
10 10 19
6 10 34
23 3 22
15 19 30
18 20 28
19 22 11
8 9 17
23 1 8
17 19 3
13 15 29
21 1 36
16 19 7
8 12 40
6 9 14
20 23 4
11 16 30
10 11 21
7 11 37
1 5 10
2 5 39
19 23 21
13 16 20
15 20 12
1 4 2
19 21 4
5 9 5
0 3 13
6 9 26
13 19 2
21 0 27
23 2 25
19 22 26
20 22 22
21 0 11
10 12 2
5 8 32
5 8 38
2 6 32
8 11 35
7 11 24
18 22 34
13 14 40
13 16 20
17 19 4
18 20 4
0 4 38
20 22 23
10 13 29
10 13 35
10 13 28
8 11 32
0 2 11
9 14 19
2 3 2
22 0 30
1 4 30
6 8 2
5 9 4
19 22 37
13 15 31
11 13 38
8 10 7
23 3 11
6 8 3
16 20 30
8 10 32
10 12 22
14 17 15
14 16 12
18 21 19
23 2 2
6 8 17
17 20 24
22 2 4
17 21 23
10 12 14
0 5 26
7 11 36
23 3 24
23 2 16
12 16 25
16 18 6
4 8 1
11 14 20
0 2 10
4 8 9
9 11 6
23 2 9
6 9 23
6 10 12
23 3 9
15 16 6
13 17 15
8 9 1
18 22 36
1 5 15
15 17 28
6 9 3
20 23 17
2 5 30
13 16 27
10 14 10
17 20 21
21 0 4
6 10 25
13 17 2
18 21 28
23 3 20
12 16 1
8 12 36
12 14 8
12 15 2
17 22 19
21 21 4
16 17 28
7 10 20
23 2 2
5 10 22
23 3 34
8 11 4
16 19 37
9 13 34
22 1 23
9 13 35
20 21 6
6 9 31
17 18 21
14 16 8
9 11 30
15 19 18
2 5 34
22 1 25
3 6 3
1 4 15
9 13 1
19 23 17
1 3 19
9 12 1
14 18 32
20 22 21
21 1 11
1 3 33
21 23 19
23 1 1
7 10 34
9 11 5
23 0 40
4 8 25
17 19 1
11 13 11
4 6 14
16 20 9
3 7 25
13 17 35
12 17 11
16 19 8
17 20 11
9 12 4
8 11 29
10 13 10
14 18 32
2 4 18
2 6 34
18 21 1
19 22 37
13 16 26
11 13 33
11 13 30
8 11 7
6 10 33
21 1 25
13 16 38
23 1 1
2 5 21
19 22 27
19 23 7
23 1 21
7 9 15
15 16 2
6 8 29
2 6 2
22 1 26
22 2 34
7 12 2
6 9 5
3 5 37
18 20 12
13 15 34
13 16 21
13 16 5
20 0 37
12 15 34
16 19 35
12 14 20
12 17 3
17 20 32
15 17 13
3 5 40
20 23 11
22 3 37
22 0 37
2 4 27
15 16 8
23 0 31
23 1 8
19 23 25
1 4 16
14 17 15
22 1 30
3 6 32
14 16 5
6 10 5
7 9 40
1 5 33
21 23 24
10 13 13
7 10 37
12 13 11
22 0 18
8 12 19
13 16 16
19 21 7
2 4 17
23 3 37
20 0 3
20 0 11
14 14 29
5 7 2
5 7 38
21 1 28
7 8 11
19 22 5
7 10 19
19 22 31
13 15 14
2 3 29
17 20 7
19 0 16
20 23 22
18 20 2
19 22 27
21 0 6
13 16 4
14 18 31
0 3 11
5 8 35
0 1 29
17 19 3
13 16 35
8 10 30
3 8 21
3 5 2
10 12 25
8 11 15
19 21 24
1 6 6
12 15 37
4 8 1
5 6 18
8 10 10
3 7 14
3 6 25
11 12 14
2 5 22
7 9 18
8 11 36
8 11 19
23 0 1
15 18 9
6 7 33
5 8 6
19 0 3
3 6 26
2 6 35
7 11 11
22 2 24
4 7 39
1 4 23
16 20 29
18 19 38
1 4 30
19 0 4
8 12 2
17 19 11
4 7 8
21 23 9
12 16 23
21 1 15
4 7 13
22 0 24
4 8 17
4 6 36
5 8 27
21 0 11
5 6 25
10 13 28
21 1 24
6 8 35
20 22 26
7 10 24
11 15 36
5 8 39
6 9 25
12 16 5
14 17 36
1 5 1
13 16 4
1 5 22
20 23 12
12 14 23
2 6 1
13 17 28
4 7 36
23 1 30
8 11 32
12 14 33
15 19 10
23 2 37
14 17 22
6 11 16
7 9 8
10 13 38
17 20 34
10 13 14
10 13 33
0 3 15
22 0 40
22 2 35
5 8 12
4 7 20
2 6 14
12 17 36
4 8 34
15 19 14
22 1 38
3 7 17
7 8 16
21 1 14
14 18 23
5 9 11
17 21 28
11 12 33
14 16 5
11 13 3
7 10 30
10 13 21
1 4 12
20 23 26
12 15 39
17 21 36
15 18 8
8 12 28
12 15 16
16 18 4
18 22 36
3 6 24
19 22 30
22 1 35
11 17 25
18 23 26
23 23 9
5 8 24
12 14 6
23 3 39
1 4 20
6 9 2
4 6 20
23 2 20
16 19 36
8 12 14
14 17 10
18 21 33
1 4 8
3 5 6
9 13 3
9 14 9
13 15 35
20 23 29
21 23 7
22 2 14
22 2 8
5 6 22
13 18 40
16 19 33
12 15 28
7 9 13
10 13 8
11 14 35
8 9 36
7 10 17
6 7 29
19 23 30
0 4 35
13 17 15
15 19 8
22 23 4
5 9 23
4 8 18
14 17 13
11 14 27
10 12 8
5 8 17
17 21 1
19 22 30
22 3 21
5 9 31
3 5 26
0 3 9
21 2 8
19 21 36
13 17 31
6 10 18
12 15 2
5 8 3
9 12 31
23 1 35
16 20 40
21 1 2
13 16 13
10 14 29
14 18 38
4 7 18
9 12 6
1 2 14
7 12 34
12 16 18
23 2 26
21 0 15
20 23 5
5 9 21
21 23 27
3 5 32
7 9 33
7 10 40
18 21 28
7 11 15
20 1 29
5 9 7
10 13 40
3 5 39
21 0 1
12 16 28
23 3 37
4 8 39
19 21 5
20 21 7
3 7 18
16 19 7
15 18 25
18 22 37
7 10 18
23 4 4
13 15 23
3 6 23
19 22 36
6 10 6
7 9 33
17 19 1
11 13 34
2 5 3
1 5 6
4 7 33
8 11 27
11 13 18
23 2 24
6 9 10
8 11 4
8 11 5
6 9 25
6 10 29
2 6 15
5 7 31
1 5 20
7 10 6
6 9 7
14 16 25
4 8 4
12 16 1
10 12 24
23 3 29
1 6 34
5 8 12
23 4 19
3 4 19
19 23 10
18 21 37
6 9 16
2 3 26
3 6 38
16 19 12
23 1 21
2 6 22
21 23 16
2 5 29
10 14 8
6 9 38
10 12 7
15 18 38
9 12 30
16 18 23
20 23 13
5 8 28
13 15 16
11 14 15
10 13 10
21 23 38
3 5 40
8 13 34
22 0 30
17 21 38
19 21 20
8 11 16
17 20 13
11 14 36
3 5 15
10 12 30
11 15 23
2 4 1
1 3 34
7 8 6
19 21 23
2 6 7
21 1 24
8 11 29
9 12 30
18 20 36
10 14 20
23 0 27
13 17 40
22 2 39
9 11 14
6 9 3
17 20 4
20 23 34
21 1 18
18 22 11
9 12 22
6 9 17
3 5 3
0 4 26
16 20 25
23 3 7
2 4 5
19 22 20
18 21 21
15 18 2
7 11 1
0 3 12
6 11 25
20 22 23
8 11 24
2 7 36
13 17 39
21 0 27
23 1 31
9 13 37
4 7 25
9 15 16
11 15 8
14 18 19
1 4 1
4 6 31
15 17 33
5 8 39
0 2 5
23 1 3
14 18 9
0 3 9
14 17 32
4 6 15
16 20 35
10 12 37
17 19 19
6 9 2
18 22 34
0 2 37
21 0 2
5 10 24
9 12 29
15 17 15
5 8 16
2 4 12
7 10 14
0 3 31
8 10 8
18 21 26
17 17 30
3 8 28
14 16 8
15 18 30
0 4 34
15 18 4
17 21 6
4 8 36
2 4 13
18 22 23
9 11 38
7 9 11
5 7 10
16 18 17
5 8 31
20 22 19
7 10 16
21 22 36
5 6 15
15 19 10
21 23 22
15 18 24
19 0 5
20 0 33
7 10 38
7 10 40
3 4 13
19 21 35
15 17 19
19 20 15
2 4 40
18 20 24
23 2 31
8 11 10
4 9 15
8 11 15
23 2 38
0 5 10
7 10 39
9 12 2
0 2 26
15 18 39
8 12 34
0 3 5
21 1 30
16 19 25
12 13 21
5 6 12
18 20 6
2 5 9
7 10 24
16 18 17
13 18 40
9 10 30
8 11 17
14 18 5
14 15 9
23 2 14
3 7 8
22 23 6
20 23 16
21 0 4
16 20 31
14 17 12
7 10 32
13 18 38
4 6 9
0 3 31
8 11 21
7 10 27
2 3 40
14 18 4
21 0 33
21 0 26
6 9 18
9 11 40
0 2 5
22 1 23
14 16 14
0 3 31
10 16 39
22 1 1
4 8 38
10 13 8
2 5 7
11 16 1
10 13 29
9 12 32
21 2 1
5 6 34
3 7 15
15 19 30
11 13 1
8 12 10
20 23 36
22 3 2
16 18 4
12 14 7
21 0 13
17 20 14
12 16 22
9 14 2
17 18 32
4 6 2
16 19 11
11 13 23
15 17 6
19 22 19
19 0 13
9 12 11
18 20 11
10 14 10
7 11 34
23 3 36
19 21 37
20 22 17
18 19 5
21 1 20
17 18 10
15 18 23
8 12 10
15 20 10
18 22 35
10 14 18
20 23 29
8 13 38
1 5 37
16 19 16
15 17 8
21 0 14
19 20 28
10 13 22
15 19 30
15 17 15
23 1 29
18 18 26
13 16 13
17 21 4
0 3 19
21 0 18
15 15 27
5 9 7
10 15 11
19 22 39
15 17 40
15 20 18
17 19 19
18 20 17
12 15 37
16 18 21
20 0 8
2 4 8
10 11 29
0 0 34
1 6 19
13 17 8
22 2 15
8 11 17
18 22 11
19 22 17
11 13 28
0 2 33
19 23 27
20 23 25
7 9 26
12 15 40
0 4 6
1 5 23
12 15 11
3 7 21
22 1 1
9 13 39
10 14 8
2 5 38
17 20 10
22 1 10
13 16 33
23 2 39
0 4 16
8 12 40
4 7 32
3 7 26
3 6 9
12 16 16
18 22 29
20 22 21
1 1 22
1 5 11
12 15 20
16 20 40
6 8 18
1 4 5
17 20 2
14 17 39
11 14 23
6 10 22
17 19 15
9 13 10
22 0 21
3 7 23
11 13 40
11 16 10
19 21 25
15 18 29
9 11 30
9 14 8
8 11 36
1 4 31
11 14 37
1 4 26
0 4 28
12 14 18
18 20 25
3 5 2
5 9 11
3 6 12
15 17 26
23 0 36
23 2 15
10 13 29
18 21 29
1 5 38
4 6 35
5 6 2
15 19 35
7 10 32
4 7 8
10 12 24
20 23 2
5 7 13
17 21 35
5 9 31
18 23 15
3 5 22
12 16 39
15 19 13
18 21 11
22 1 30
21 0 21
15 19 39
5 10 30
16 21 24
7 9 5
1 3 5
8 11 14
20 0 14
18 21 11
5 7 38
0 4 21
19 23 18
17 20 34
20 0 11
11 15 30
14 17 17
13 15 26
6 9 25
7 12 22
23 2 27
17 19 30
10 12 22
9 12 5
17 20 6
21 0 27
4 6 11
18 21 18
19 22 35
12 15 14
12 14 15
17 20 40
14 18 11
12 15 22
13 15 11
2 4 19
20 0 24
1 4 29
18 22 21
20 23 37
1 5 19
1 4 39
12 16 23
15 17 12
15 19 11
22 1 22
12 15 19
18 21 36
23 0 29
3 7 1
2 3 18
8 10 13
18 20 7
4 8 20
18 20 26
4 6 4
1 5 28
9 12 31
13 16 10
15 17 4
11 14 14
18 20 16
19 21 13
15 17 11
0 3 17
7 10 28
1 5 2
17 21 18
13 18 31
8 10 15
16 20 13
7 9 15
5 7 28
7 9 3
10 14 32
13 16 1
2 6 24
18 22 8
5 8 38
7 11 11
5 8 18
11 13 2
1 3 28
23 1 39
16 19 29
9 12 12
11 15 29
8 13 20
3 6 18
17 22 39
17 21 13
8 10 18
3 6 40
22 1 3
8 10 21
4 7 18
13 15 18
6 7 28
11 15 10
4 6 1
21 1 22
11 13 2
10 12 38
17 18 9
14 19 18
18 19 23
2 6 3
12 14 25
0 3 27
10 13 37
17 21 8
6 8 28
21 1 21
11 15 36
22 2 35
7 11 19
1 3 40
16 19 29
16 20 8
7 10 33
10 14 6
16 20 3
19 22 19
8 11 13
13 15 12
18 21 39
2 4 15
19 20 26
13 15 21
12 16 29
9 12 36
16 19 24
19 21 12
7 11 28
19 21 15
19 23 2
23 2 34
16 20 30
14 17 9
15 18 33
16 19 15
1 4 2
12 17 5
4 8 33
16 19 15
8 9 11
19 0 23
12 16 7
2 3 34
18 20 31
17 20 6
23 4 6
16 20 34
19 23 1
7 8 24
10 11 21
18 21 13
6 10 17
7 10 19
17 20 2
16 18 37
11 14 2
22 1 31
14 16 10
22 1 27
6 9 14
16 19 15
13 16 1
12 15 21
7 12 34
2 5 32
8 10 23
9 11 8
20 22 27
19 21 18
14 16 25
21 1 9
13 15 4
10 13 29
9 13 10
0 3 1
22 1 26
1 5 16
21 0 25
21 2 12
8 12 34
23 2 15
13 14 38
14 15 18
11 14 4
13 17 1
16 21 11
7 9 21
3 6 34
21 0 34
22 1 6
9 12 8
20 22 36
19 1 22
1 5 35
4 7 14
18 20 36
20 22 36
22 2 23
21 1 32
18 22 4
10 12 7
1 5 31
18 22 34
18 20 40
8 11 32
4 6 12
8 11 4
16 19 36
15 18 37
15 19 21
12 15 34
0 4 17
18 20 29
8 11 35
4 8 38
15 18 28
7 10 31
3 7 17
3 5 20
3 7 23
10 13 35
2 5 30
22 2 18
8 10 35
8 10 18
5 7 14
8 11 21
4 8 3
15 18 36
19 23 28
4 7 20
21 22 5
15 20 7
8 12 12
13 14 7
22 1 30
3 6 19
15 18 12
16 17 16
12 15 14
2 7 33
15 20 11
11 15 4
15 19 2
2 5 27
23 2 39
20 23 3
19 22 32
12 16 39
8 12 6
12 16 20
14 17 23
17 20 39
11 14 4
11 14 40
19 22 4
11 14 26
11 12 27
1 2 25
7 11 17
4 7 37
6 8 32
15 20 27
10 14 10
12 16 18
8 9 33
10 14 29
20 23 35
15 19 38
14 17 29
0 5 38
5 8 32
13 15 21
22 23 33
10 12 7
23 3 2
17 19 17
6 8 26
14 15 28
21 0 14
9 12 14
12 14 15
3 6 7
14 17 30
16 20 30
7 11 32
12 15 20
5 10 22
8 12 39
6 11 26
23 2 4
18 21 6
9 12 26
19 22 2
22 2 32
10 13 32
22 1 7
12 15 13
5 9 35
6 9 12
12 17 32
19 1 15
22 1 20
14 17 40
5 8 2
19 22 18
9 12 16
8 10 4
0 2 32
14 18 3
21 1 16
7 12 8
7 9 39
8 10 32
14 16 3
1 3 17
18 21 20
2 4 20
3 6 20
19 22 6
6 10 26
23 2 22
23 3 1
18 22 13
19 22 29
1 5 9
19 21 29
1 5 6
8 13 14
0 3 30
4 6 12
8 11 2
4 7 18
20 21 13
6 9 17
18 20 29
17 20 16
5 7 17
18 22 24
19 23 29
13 17 3
11 13 14
23 3 12
13 16 10
21 0 40
7 10 28
23 3 16
22 0 2
2 3 25
0 3 8
1 3 13
22 0 26
11 15 27
8 12 20
11 14 32
2 3 17
13 16 35
22 0 35
12 15 19
0 4 18
10 13 23
6 8 5
6 8 9
20 23 34
1 5 38
10 13 18
23 1 17
5 8 13
7 11 15
7 11 24
18 22 18
2 5 23
12 16 6
7 11 6
12 14 31
14 16 4
21 23 31
8 13 11
12 14 24
12 15 2
22 23 25
23 2 34
7 9 32
18 19 35
19 0 22
14 17 21
3 5 19
4 6 18
3 6 34
14 18 13
20 0 24
17 20 16
14 17 17
23 1 14
5 10 13
19 23 11
1 4 1
17 21 7
2 5 31
23 1 6
22 2 19
7 11 27
12 14 33
8 11 34
18 22 24
23 2 33
7 9 22
4 9 21
4 7 30
7 10 16
9 14 14
22 3 34
10 14 24
16 21 12
0 3 12
8 10 35
9 11 2
5 8 31
13 17 14
2 4 40
2 7 2
4 8 31
5 8 7
16 17 4
10 12 4
2 4 11
10 13 15
14 18 4
9 11 24
6 9 16
4 10 19
2 6 24
6 9 20
9 11 4
15 18 4
11 13 14
20 23 25
6 9 37
18 0 5
7 11 38
8 10 25
2 4 33
15 19 36
1 5 15
4 7 20
22 0 4
5 7 20
18 21 1
23 2 12
5 8 40
12 13 27
23 3 2
17 21 36
19 21 32
6 9 4
21 0 25
8 11 37
20 23 40
21 23 13
3 4 25
16 19 26
21 1 25
16 19 36
13 16 20
4 7 26
2 5 32
6 9 15
5 8 24
5 10 23
0 2 12
5 9 2
2 7 22
9 12 33
23 2 12
16 17 39
6 9 2
3 6 14
4 7 28
12 15 32
21 1 24
10 14 20
4 9 31
21 0 30
22 2 21
7 10 15
7 11 39
4 8 17
18 21 19
10 13 34
21 1 8
21 0 17
4 6 14
0 3 19
23 2 26
6 8 14
7 10 22
16 18 3
22 1 13
20 23 8
3 6 14
14 17 10
15 19 21
1 5 8
3 7 5
14 17 34
4 6 17
12 16 5
3 6 9
11 13 6
9 12 20
1 3 2
9 10 33
2 5 3
17 19 11
10 12 31
10 14 23
1 4 8
19 22 37
9 13 11
15 17 10
8 9 28
19 23 11
12 14 35
4 7 15
22 23 31
17 20 21
2 5 3
2 6 14
22 0 10
15 19 33
17 20 21
19 23 36
4 6 34
21 23 16
0 5 36
1 3 23
23 1 26
9 10 31
13 17 19
14 16 4
3 7 18
14 17 2
14 17 14
4 6 17
20 22 9
17 22 40
10 12 21
5 9 6
15 18 28
4 7 16
16 19 2
22 1 10
2 6 26
13 16 37
18 20 8
0 2 7
18 21 15
16 18 12
14 18 22
8 10 9
8 10 5
6 9 5
0 6 28
22 1 21
17 19 21
23 2 4
9 12 3
11 15 7
23 1 10
1 4 15
16 17 4
9 13 38
15 19 14
23 1 30
2 5 24
0 3 4
12 15 11
23 1 29
13 17 31
13 17 20
11 15 32
7 10 14
21 0 29
7 11 11
12 16 5
18 23 35
10 13 12
18 23 29
16 20 37
10 12 40
15 17 39
23 3 36
14 18 8
17 22 34
9 13 19
22 23 35
4 6 15
5 7 7
19 23 39
20 0 7
3 6 12
22 2 30
23 1 28
10 12 26
0 3 33
15 18 3
5 9 38
14 17 39
12 15 9
20 0 11
12 14 12
10 15 34
0 2 14
15 18 15
22 23 5
6 9 20
9 13 3
7 10 36
8 12 29
6 10 26
4 6 14
22 0 10
7 11 13
8 10 33
23 3 23
16 19 31
0 5 22
11 14 33
1 4 28
18 21 36
21 23 18
11 15 1
5 8 3
8 10 29
11 12 35
23 1 29
14 18 32
7 9 32
14 17 28
11 13 2
18 21 26
21 2 18
0 1 9
8 11 29
0 4 38
12 15 21
20 22 24
23 3 33
1 5 10
5 8 26
11 15 28
23 2 9
19 23 17
7 8 33
5 9 22
17 20 17
15 18 39
22 0 9
3 7 10
14 18 14
10 13 11
5 8 1
8 11 30
11 13 36
0 4 14
15 19 40
9 10 1
1 3 24
9 12 40
13 17 37
4 7 20
16 19 38
7 8 1
17 19 26
10 13 33
4 8 5
23 2 40
21 1 34
3 5 3
0 2 5
12 16 17
4 7 34
2 5 5
15 18 40
17 20 39
22 0 9
17 19 28
20 22 24
19 22 37
2 6 35
15 17 25
15 18 39
2 6 18
6 7 2
23 3 39
6 10 18
20 0 38
11 13 27
9 11 37
11 15 20
18 21 10
7 11 20
21 0 7
11 15 31
18 20 34
21 0 23
19 21 11
0 3 17
2 3 35
0 3 33
1 5 2
17 20 7
7 10 10
4 7 36
9 13 5
9 13 1
19 21 6
21 0 23
3 5 12
10 12 38
9 12 10
6 8 23
13 16 32
22 0 2
19 22 33
6 10 9
7 10 21
2 4 21
1 5 8
3 5 16
2 6 38
5 7 26
2 5 17
5 7 10
11 15 4
4 7 21
7 12 36
9 14 3
8 12 17
12 15 17
22 1 23
18 22 16
5 6 9
19 21 23
23 2 19
18 23 38
11 13 33
2 5 30
12 15 39
8 12 6
11 14 1
17 19 39
23 4 26
4 8 1
16 19 16
20 23 16
4 7 26
23 1 10
18 22 20
23 2 40
18 22 4
2 6 2
22 2 40
4 6 8
18 21 34
7 9 13
13 15 2
9 14 34
4 6 6
17 22 20
18 20 25
4 8 8
15 17 15
18 21 28
6 9 5
14 19 17
5 9 22
9 12 25
16 20 10
7 11 36
17 22 5
6 8 17
5 6 29
3 6 38
16 19 13
2 7 1
18 20 34
9 13 13
10 14 18
17 22 4
5 9 3
18 19 5
8 10 2
7 8 27
13 15 35
9 12 26
21 23 5
8 10 33
1 4 8
20 22 3
6 10 3
3 7 32
19 21 28
17 19 15
4 6 9
3 6 39
1 4 21
21 22 40
23 1 1
2 7 21
2 5 31
5 8 21
0 1 27
20 0 12
23 2 13
17 22 38
21 23 36
2 6 8
21 0 20
23 4 13
5 9 21
0 4 29
21 1 11
4 6 14
12 14 21
7 10 36
2 6 30
19 21 25
12 14 28
14 16 8
5 6 11
5 7 39
23 2 25
7 10 10
21 0 33
22 1 5
10 12 33
16 19 25
21 1 9
15 18 35
21 0 3
13 15 10
23 1 35
11 14 16
11 14 12
20 23 5
10 13 21
17 19 24
5 10 12
0 4 33
21 23 22
11 14 25
4 7 25
15 17 10
22 2 18
8 11 7
8 11 10
12 16 23
15 19 35
12 16 13
6 10 37
5 8 24
10 14 16
1 4 2
0 3 35
15 17 1
19 23 30
11 14 14
23 1 3
9 13 39
11 15 1
12 15 32
21 23 31
7 9 15
7 9 9
21 2 3
16 17 31
2 4 24
1 4 10
20 23 31
16 21 25
16 18 23
15 17 6
17 19 13
17 21 7
4 7 8
7 11 39
21 0 12
4 8 8
23 3 14
19 21 10
3 6 11
8 10 22
9 12 18
22 1 27
10 13 40
5 8 2
6 10 36
8 10 26
0 2 6
22 1 21
12 15 11
14 18 37
6 9 18
13 15 27
5 7 19
21 23 34
10 12 31
5 8 12
20 0 7
8 12 14
20 2 30
6 10 36
19 21 5
15 19 13
20 23 20
9 12 15
17 22 33
13 17 39
20 0 7
23 3 3
23 1 31
5 9 27
15 17 4
0 3 30
1 4 2
20 0 4
23 4 40
12 15 7
16 18 20
4 7 36
8 11 23
17 21 11
17 20 25
16 18 37
23 1 30
4 5 8
0 2 18
15 18 4
11 13 3
8 12 3
22 23 28
23 2 16
20 23 7
10 11 38
10 13 39
20 0 7
2 6 5
16 19 8
23 2 18
3 5 13
19 21 20
20 23 2
1 3 10
2 4 27
4 6 40
7 12 22
15 18 16
0 3 7
14 17 32
1 5 29
1 5 10
19 0 17
13 17 38
16 20 37
1 7 34
15 17 33
21 1 1
15 19 16
11 13 9
10 13 34
12 16 7
1 5 7
12 16 16
11 14 32
23 3 16
8 9 11
19 22 6
22 2 27
23 3 13
10 13 27
17 18 38
2 6 23
7 11 5
7 9 25
1 4 19
2 6 12
23 3 34
8 12 25
0 2 15
13 17 26
15 18 9
18 20 22
15 15 35
0 2 3
22 1 10
8 11 21
7 9 4
21 0 11
4 7 23
6 9 28
20 23 16
11 12 13
5 8 9
13 15 8
5 8 19
4 6 19
10 13 20
0 2 38
11 15 37
1 4 8
5 7 35
19 22 40
22 1 17
11 14 37
7 10 16
16 18 5
18 22 34
3 6 13
2 7 31
20 22 8
12 16 2
13 16 15
12 16 28
17 21 34
2 5 10
19 22 24
11 15 4
2 5 11
11 14 7
12 14 14
0 2 15
4 7 37
23 1 18
6 8 4
23 2 16
14 16 10
22 2 24
7 10 30
22 1 23
21 0 20
4 6 36
22 3 17
7 9 38
10 13 32
19 20 35
0 1 32
11 14 5
7 9 19
22 0 14
5 7 2
5 9 2
14 16 10
10 14 20
0 3 15
9 13 15
4 6 36
23 2 29
18 22 36
22 2 38
16 19 6
4 5 30
23 2 39
22 1 14
21 1 3
6 7 39
8 12 13
21 22 32
7 10 26
22 2 7
21 2 12
17 21 28
12 15 40
12 15 18
16 18 20
10 13 34
15 18 3
15 18 2
7 9 9
2 4 23
14 18 26
5 9 27
8 12 36
5 10 12
7 11 8
7 11 15
5 8 3
3 6 31
22 23 19
0 4 35
2 4 27
13 15 18
10 13 3
4 9 29
14 16 14
20 22 9
5 8 14
9 11 14
11 12 24
20 0 10
0 4 1
23 2 4
0 3 12
11 15 19
0 3 37
4 7 8
17 19 23
22 23 28
11 14 1
20 22 40
18 21 35
9 13 31
5 8 22
10 12 11
8 10 3
19 0 3
23 1 27
14 16 4
2 5 8
8 10 20
4 6 18
11 13 10
20 0 32
14 16 1
12 15 9
23 1 9
23 4 18
7 10 9
13 17 35
13 14 5
2 5 16
9 14 25
2 7 28
18 20 7
20 23 13
4 6 19
18 21 30
22 0 30
15 19 4
11 16 13
19 23 40
3 6 9
18 20 22
16 19 8
0 2 30
14 17 25
1 5 16
17 21 37
18 21 33
3 7 18
7 10 9
17 20 33
21 23 30
3 5 24
12 15 40
3 8 19
19 22 39
9 11 16
14 16 37
18 21 39
16 19 30
20 0 39
12 14 27
1 5 40
21 23 4
5 8 16
6 9 27
13 15 9
1 6 4
5 9 15
0 3 4
11 13 33
3 5 28
0 4 39
16 20 40
13 15 3
7 11 16
20 23 17
16 20 2
3 4 8
0 2 23
12 16 32
5 9 31
12 17 29
9 12 24
21 0 23
16 20 29
18 21 14
2 7 22
9 12 22
16 18 8
18 22 28
18 21 23
21 23 5
18 21 35
21 0 21
19 22 34
23 2 18
1 4 15
7 9 39
19 22 13
17 22 35
23 1 28
19 23 35
7 10 12
11 17 6
20 0 8
7 11 11
14 16 13
14 16 12
8 12 10
20 23 34
13 15 3
15 18 38
20 23 20
2 6 11
8 11 10
20 23 22
18 20 10
4 7 7
18 21 25
4 7 39
20 23 40
5 5 5
16 19 33
19 21 29
22 23 11
18 22 30
11 13 22
5 7 34
17 18 6
9 12 17
14 15 13
5 8 1
13 15 20
21 0 35
18 19 37
21 1 1
7 11 31
22 2 40
10 13 19
17 19 5
0 4 19
6 11 29
6 10 9
7 9 31
18 20 33
21 1 39
19 0 28
8 9 6
14 16 25
1 5 17
7 11 17
5 9 11
11 14 25
16 19 9
11 15 8
11 14 24
13 14 38
13 16 7
22 2 24
14 17 25
4 6 9
5 9 19
23 2 18
3 6 15
13 16 37
5 8 13
15 20 23
23 1 9
10 14 4
8 11 35
8 10 17
14 16 32
6 10 27
11 14 13
23 2 20
17 21 31
21 0 26
22 1 6
20 1 17
10 12 23
16 20 38
16 19 36
13 15 36
20 1 3
4 6 17
18 21 27
16 19 18
8 12 8
11 14 9
12 16 38
6 9 23
19 23 15
19 23 5
1 3 10
7 10 24
8 10 20
1 4 5
17 22 40
14 18 22
18 20 21
15 18 3
15 17 40
21 0 8
10 13 6
11 13 9
0 3 27
20 23 11
22 1 13
22 23 12
23 0 19
11 14 21
6 8 38
4 7 20
11 13 11
21 1 39
23 3 11
13 15 25
8 10 19
5 9 36
5 9 22
8 11 26
2 6 3
10 12 35
21 23 19
3 7 7
5 6 2
10 13 20
18 22 9
22 1 14
20 23 12
11 13 13
7 11 40
18 22 18
18 22 27
14 17 29
7 10 6
18 20 8
21 2 27
7 11 26
7 9 24
21 0 18
13 18 12
23 3 37
7 9 39
15 19 24
13 17 29
11 14 24
1 3 6
2 6 29
8 12 24
14 15 15
14 19 10
15 18 11
22 0 4
14 17 8
0 1 2
11 13 36
16 20 37
0 4 22
16 18 1
0 3 22
12 15 14
7 10 21
16 18 9
11 14 34
1 3 9
21 0 30
10 16 34
22 1 13
1 5 21
4 7 5
21 1 36
20 1 40
8 12 22
21 0 6
4 6 20
12 14 20
3 6 7
0 5 17
8 10 34
15 19 7
23 3 26
21 2 12
18 22 30
23 1 38
18 22 28
15 18 1
4 8 2
10 14 10
5 7 19
11 14 6
10 14 27
5 8 11
9 12 22
2 6 5
15 18 5
15 20 14
12 14 16
22 1 38
21 0 11
9 12 9
15 19 24
12 17 20
19 22 37
9 11 25
13 16 15
5 9 28
0 3 4
3 6 3
21 2 21
17 20 5
10 13 22
9 10 6
2 4 22
13 16 37
3 7 39
16 20 6
14 16 34
17 20 15
1 3 17
14 17 24
3 6 13
15 19 24
22 0 9
23 3 39
9 13 37
11 14 1
16 19 36
20 0 15
4 7 35
16 18 39
3 6 25
1 4 14
17 20 32
18 20 3
3 7 24
8 11 35
1 4 30
0 4 31
9 11 8
5 7 8
20 23 27
16 19 19
12 14 9
21 0 8
14 17 13
15 17 37
1 4 37
23 4 35
5 8 26
10 14 36
3 6 34
2 6 34
2 4 22
11 14 22
14 17 10
22 2 2
21 23 22
22 1 12
19 22 30
6 7 19
5 7 1
21 23 10
15 19 34
8 12 37
11 14 5
14 16 7
1 4 8
18 23 3
23 0 12
2 5 6
21 2 30
12 17 28
14 14 27
17 19 29
13 17 21
18 20 20
8 13 14
10 12 14
17 21 15
6 10 25
23 2 13
22 2 12
2 6 27
13 16 31
21 0 36
13 17 25
20 23 24
21 23 4
16 19 6
17 19 7
1 4 26
11 14 24
15 17 8
9 13 27
8 12 24
14 17 19
0 4 36
12 16 5
18 22 4
8 12 22
7 10 14
17 18 23
20 22 37
6 8 6
14 19 26
1 4 38
3 8 5
2 5 10
8 9 10
7 11 8
15 19 13
4 7 6
20 21 10
14 15 40
16 19 1
16 19 12
14 16 32
15 17 31
6 9 6
23 0 20
17 21 21
20 1 23
7 10 27
12 15 16
10 15 22
19 23 33
1 2 32
13 19 10
20 23 5
11 14 32
13 16 1
7 8 15
19 21 7
6 8 40
23 2 37
18 21 30
3 6 26
17 20 8
17 18 18
14 19 21
13 16 2
6 9 4
11 14 7
6 9 21
12 14 32
22 0 35
0 3 20
21 2 6
1 4 16
16 18 21
17 20 2
2 3 10
9 10 13
7 11 15
23 3 39
15 18 19
12 14 4
3 5 16
20 22 2
22 1 12
0 3 7
20 22 26
9 11 23
23 0 4
17 20 5
8 10 28
21 2 24
14 17 6
13 16 39
11 15 37
12 14 15
8 11 38
2 7 11
18 21 13
10 12 26
5 7 17
9 11 25
23 3 4
9 13 22
12 14 29
9 12 26
22 2 31
9 12 28
17 19 35
6 11 4
19 23 29
20 21 22
16 18 11
13 15 34
14 16 7
22 1 35
17 20 7
0 4 30
5 8 7
3 6 2
9 11 26
4 9 24
6 9 35
23 2 5
7 9 4
1 6 1
18 21 33
12 16 14
1 3 6
14 16 32
6 9 2
10 13 28
7 10 11
7 10 28
4 8 4
4 6 4
19 23 39
8 12 6
5 8 38
19 23 36
0 3 24
8 9 6
12 16 40
6 9 5
15 20 19
22 1 38
13 17 19
9 13 20
21 1 15
20 22 9
1 5 28
9 12 15
13 17 32
4 7 4
7 10 33
15 19 14
20 0 34
18 20 36
11 16 22
20 23 25
0 3 8
15 17 13
0 6 21
2 7 34
8 12 1
7 10 26
19 22 8
0 3 6
10 12 38
14 18 6
8 11 33
22 3 3
23 1 8
11 15 26
16 18 1
11 15 32
22 1 36
3 7 32
19 20 12
10 13 34
17 19 34
16 20 39
3 6 30
18 22 2
13 15 13
11 13 15
5 10 15
20 22 29
4 8 35
10 14 11
20 23 33
3 6 28
20 23 23
2 4 16
7 9 36
13 16 18
8 9 32
1 5 2
0 3 35
20 23 9
6 8 21
11 14 5
19 21 37
8 11 22
1 4 21
8 12 11
7 9 40
13 18 18
0 4 3
11 14 6
12 15 21
5 9 5
12 14 22
22 1 40
11 15 40
14 17 23
11 16 25
4 9 39
13 16 28
23 2 7
7 10 6
13 16 31
15 17 15
6 9 12
14 17 23
16 19 29
0 2 36
8 11 23
3 8 31
14 16 28
21 23 3
9 11 32
16 20 33
14 17 17
18 22 8
9 12 21
2 5 23
4 7 20
11 15 8
8 10 7
23 2 24
10 14 23
2 5 6
13 15 32
19 21 11
23 2 32
3 6 2
14 16 17
16 17 28
19 23 8
0 4 32
0 4 27
2 7 7
20 23 26
5 7 6
18 21 23
1 3 12
10 13 1
18 20 36
15 18 30
17 19 1
7 12 16
8 9 29
14 15 26
21 23 35
1 4 36
23 1 39
11 13 24
3 5 23
23 1 19
3 6 16
8 10 7
11 14 30
4 6 17
9 11 10
10 11 12
19 23 9
22 0 32
1 5 31
3 6 33
21 1 5
1 3 15
19 22 4
21 0 33
8 11 6
8 11 18
16 19 8
6 9 9
12 15 13
20 1 30
21 1 14
16 17 39
17 20 21
5 8 24
5 9 33
9 11 8
1 3 5
23 3 20
2 5 33
4 5 11
7 9 20
13 16 7
16 18 31
1 5 40
12 15 21
10 12 16
18 21 4
21 1 11
9 10 31
10 13 6
2 7 27
0 4 39
6 10 5
5 8 25
14 17 18
11 13 8
21 1 4
18 22 11
20 23 38
0 3 5
1 6 30
18 20 28
11 14 32
9 11 31
1 4 8
6 7 26
15 19 10
18 20 29
14 17 20
1 4 22
19 22 26
20 23 8
21 0 33
23 2 7
7 10 33
5 10 23
0 4 10
16 18 9
6 9 21
22 0 39
0 5 1
14 18 3
12 13 3
14 16 19
11 16 14
6 10 13
4 8 32
7 11 29
0 4 7
10 14 38
1 4 40
9 12 18
14 16 11
0 4 7
15 18 9
9 12 31
11 14 19
1 2 23
5 9 17
8 11 25
10 13 1
15 17 5
5 7 14
2 5 36
12 16 18
16 19 4
11 13 12
21 23 35
1 5 7
17 22 30
20 23 7
3 5 28
22 1 25
21 23 37
10 14 37
6 7 2
4 6 19
11 14 16
1 5 25
20 23 25
0 4 17
22 1 15
3 7 38
19 22 39
16 19 5
6 8 4
19 22 22
13 15 31
23 3 27
13 17 21
2 7 37
3 5 36
23 3 4
14 18 22
10 12 31
5 9 4
11 15 7
19 23 39
17 19 34
3 5 20
15 18 25
3 7 34
4 7 40
18 21 37
16 18 21
0 3 3
6 9 13
3 6 33
19 21 2
6 8 16
14 17 18
10 13 31
3 6 6
18 22 32
14 17 10
1 4 6
8 13 5
3 6 31
2 6 18
0 3 10
10 15 40
15 18 25
16 18 38
17 21 38
7 10 32
21 0 17
3 8 20
11 15 26
16 18 34
16 19 38
19 23 17
1 3 17
16 19 36
10 15 10
15 16 1
16 19 7
2 4 1
1 4 10
6 9 5
0 4 40
21 0 25
23 2 12
16 19 32
8 12 21
19 23 15
9 11 8
22 0 40
21 2 15
5 8 15
3 7 40
20 23 34
1 5 10
14 18 17
23 1 12
22 23 2
13 17 9
22 1 7
8 11 7
16 19 25
23 1 27
21 1 38
14 16 25
5 10 34
10 12 34
19 22 9
3 6 7
23 3 18
16 19 30
14 17 20
21 0 30
10 13 10
19 22 15
11 15 8
18 22 12
20 0 40
23 3 27
11 13 9
7 11 29
4 8 2
23 3 11
13 17 19
15 18 1
3 6 24
0 3 7
18 20 7
23 2 33
16 19 17
0 3 24
16 19 26
4 5 7
10 11 37
15 18 29
6 10 28
23 1 22
15 18 19
7 11 34
0 2 37
10 14 31
6 10 20
11 14 15
5 9 40
9 12 40
1 5 6
15 16 17
14 18 13
22 2 20
13 17 8
11 14 16
6 10 7
8 11 21
2 5 23
2 5 10
3 6 3
14 16 4
7 10 5
14 18 6
20 1 25
9 11 32
0 3 37
15 20 16
9 13 13
16 19 16
1 5 15
0 2 39
17 19 8
14 17 15
17 20 6
0 3 37
13 17 9
0 5 24
7 9 30
13 17 38
11 13 16
4 8 14
21 2 13
10 12 20
19 20 38
8 10 37
11 13 30
14 15 24
6 9 6
9 13 9
10 12 37
22 3 34
13 16 36
22 1 38
10 13 39
20 0 31
4 5 2
3 7 22
14 16 32
18 21 25
2 5 12
14 19 35
7 10 14
2 4 2
7 10 18
11 14 8
8 11 5
19 23 9
16 21 5
16 18 22
13 17 23
15 18 11
3 4 25
15 19 17
14 17 31
23 1 36
14 17 24
6 9 31
17 19 4
2 6 6
22 0 2
6 9 35
16 18 22
10 12 10
23 3 9
2 5 20
2 5 31
19 21 10
18 21 13
6 8 9
0 2 16
11 16 38
7 9 20
7 12 32
8 10 19
18 23 40
10 13 8
12 15 10
6 9 8
7 10 9
10 14 24
21 0 5
9 11 29
13 16 2
9 13 37
7 9 22
6 9 27
3 7 19
21 0 21
16 19 15
20 22 8
18 21 38
17 21 22
6 7 4
10 13 38
19 21 3
4 8 33
12 15 26
8 11 24
6 9 33
20 23 37
17 20 21
5 7 26
16 19 24
23 1 40
21 0 28
15 17 14
15 19 21
1 5 3
19 23 7
5 7 12
3 6 30
1 6 26
11 15 36
9 10 16
14 17 23
12 13 37
9 12 30
6 9 37
13 16 22
1 4 26
22 3 7
3 6 24
8 11 34
18 22 40
6 9 6
5 8 15
0 4 37
18 22 35
18 22 19
0 2 24
22 1 36
14 17 9
18 22 35
21 0 13
23 1 39
11 15 40
9 13 29
17 20 16
18 21 17
20 23 2
22 2 35
2 5 1
4 8 27
0 2 6
8 11 29
7 10 31
7 11 31
21 0 3
21 23 22
16 18 30
10 12 34
23 3 14
2 3 4
14 16 7
8 10 36
6 9 18
4 6 21
2 5 30
16 18 10
0 3 11
8 11 4
7 9 22
21 1 17
8 11 22
22 0 6
0 4 10
4 9 1
10 14 22
23 3 16
7 11 31
1 7 25
6 8 14
17 18 5
8 11 12
22 1 40
15 18 18
12 16 11
23 2 28
20 0 18
7 9 3
6 9 37
15 17 9
0 3 29
17 20 27
6 11 20
3 6 26
20 0 3
5 8 28
14 18 17
7 10 20
15 19 12
8 10 1
13 16 9
16 19 22
22 0 14
15 20 9
5 8 34
7 11 16
5 9 20
9 13 18
0 5 24
2 4 15
5 9 22
9 12 15
15 19 32
10 14 33
15 17 16
0 3 4
17 21 27
9 12 6
17 20 21
11 17 19
3 6 13
12 15 6
3 7 38
13 15 38
8 11 30
9 14 34
13 16 31
9 12 38
15 20 31
12 16 23
9 10 21
5 7 28
6 7 7
22 22 21
2 5 2
7 10 7
4 7 4
14 17 7
12 15 19
4 6 25
0 1 27
8 10 33
13 16 27
12 14 33
18 22 1
15 17 1
11 13 16
15 18 19
1 2 35
4 8 26
22 0 40
4 6 38
19 22 8
15 20 15
22 0 9
0 3 32
22 2 9
11 14 20
22 0 1
21 0 10
9 11 34
23 5 18
13 18 6
17 20 18
23 3 10
4 8 11
5 8 4
0 1 8
19 22 24
8 12 7
1 6 9
4 5 13
7 8 23
23 3 10
12 16 5
6 8 16
21 2 20
1 4 26
8 10 24
16 19 40
9 12 10
15 17 37
15 17 19
0 2 3
15 19 14
6 8 3
10 10 28
3 6 14
1 5 20
23 3 18
1 5 38
9 11 14
0 3 37
8 12 40
1 5 22
18 21 9
1 4 31
2 5 14
5 9 20
0 3 32
6 9 33
15 17 8
12 13 15
23 2 24
21 0 3
17 22 14
0 3 23
13 16 10
13 16 11
17 20 40
20 0 23
16 19 18
2 4 26
11 13 13
20 22 20
0 5 36
23 3 20
12 17 21
2 5 8
4 6 12
15 19 36
8 11 4
3 6 7
14 17 34
4 9 37
3 7 26
1 3 6
7 10 12
9 12 35
1 4 36
12 15 27
23 3 34
6 10 24
2 5 7
20 23 33
23 4 17
16 18 4
15 17 36
6 9 24
22 1 16
8 11 3
10 14 8
9 11 25
3 7 29
11 15 36
13 15 4
14 17 7
19 22 1
11 14 37
12 16 40
22 23 35
11 13 36
7 10 24
19 23 11
1 4 38
2 4 27
19 0 17
22 1 3
3 7 11
6 10 14
21 2 23
14 16 9
2 6 21
18 20 16
9 12 5
9 12 29
13 17 11
11 13 33
7 11 16
11 15 22
15 18 15
15 19 29
18 20 17
16 20 38
3 6 13
18 20 28
16 18 37
15 18 22
13 14 35
13 16 20
20 23 31
9 11 30
2 4 29
20 22 33
19 23 22
12 15 16
1 5 29
18 21 30
9 12 22
17 20 4
23 1 1
22 3 4
15 18 13
1 3 14
9 14 31
23 3 9
23 2 5
23 3 10
20 22 39
3 6 20
22 0 16
4 8 21
3 7 4
11 14 25
20 23 39
23 1 27
15 16 17
8 13 11
16 20 16
0 3 11
20 23 40
16 20 7
5 7 14
13 16 32
8 12 5
7 11 23
1 5 21
14 17 36
14 18 13
12 14 27
14 16 15
9 10 19
1 5 8
8 12 30
16 18 37
12 13 29
14 17 33
16 20 23
16 19 14
16 19 7
17 19 4
16 19 3
4 10 34
19 1 2
1 6 37
18 21 10
15 17 33
22 0 7
2 6 31
10 16 11
9 11 10
17 21 10
21 0 35
4 7 31
3 7 36
2 4 7
10 14 21
7 9 13
16 18 17
22 1 13
2 5 5
5 7 26
14 16 14
19 21 31
3 5 9
21 0 2
13 15 33
13 15 9
2 6 1
19 23 26
19 23 36
9 11 32
22 0 1
14 17 8
19 21 31
5 7 17
14 18 36
3 7 28
16 19 16
23 1 8
21 1 10
23 3 17
9 12 3
1 3 6
15 19 6
6 10 22
15 17 9
17 22 30
0 2 21
20 21 15
0 3 26
6 9 37
11 14 37
4 8 18
20 23 40
10 14 27
9 15 31
2 4 14
3 6 31
12 15 18
9 11 17
14 17 6
13 16 18
5 8 31
20 22 31
3 6 25
18 20 9
7 12 32
16 18 22
12 15 29
11 14 30
12 14 29
8 13 21
4 7 38
10 14 17
13 14 4
23 1 36
18 22 13
13 15 20
18 22 40
9 10 29
22 1 26
7 11 28
18 20 3
4 6 26
4 6 29
3 7 17
22 0 8
7 10 3
14 18 26
15 17 33
6 10 21
9 12 3
15 20 3
22 3 35
8 11 20
1 4 28
22 0 30
9 13 14
23 1 36
3 7 26
1 3 4
3 7 21
10 13 5
15 19 11
13 17 28
2 8 22
20 23 36
0 4 30
17 22 20
15 19 40
5 7 38
0 3 4
4 8 39
2 5 34
20 22 9
15 18 39
21 0 27
13 16 16
20 0 31
18 21 13
9 13 5
22 1 34
23 3 25
8 9 13
5 9 33
11 15 8
10 14 38
6 10 6
13 17 39
19 22 24
13 17 6
19 21 15
13 15 27
18 22 16
20 0 25
1 4 16
22 1 34
23 3 4
22 2 20
14 17 23
6 9 39
7 10 19
16 19 40
8 12 40
1 4 27
0 4 19
7 10 10
1 3 8
2 5 16
10 14 2
16 21 10
5 8 27
22 0 8
23 4 15
15 17 23
3 6 8
11 16 37
21 1 11
10 14 31
22 0 9
6 10 27
16 19 17
20 22 20
19 22 19
20 22 30
9 12 24
21 0 15
13 16 8
6 10 34
7 10 21
2 4 4
7 11 33
5 8 5
18 21 37
15 17 3
8 12 6
5 9 5
1 3 6
19 22 4
17 19 34
1 5 8
12 15 39
8 12 11
4 7 28
13 15 39
19 19 36
11 14 21
9 13 39
18 22 30
20 23 16
9 13 30
20 23 9
14 15 23
20 23 15
11 14 22
9 11 37
11 15 23
21 1 25
21 1 25
18 22 28
0 1 36
19 22 31
17 20 14
18 22 24
21 0 2
18 20 1
22 3 11
3 5 34
7 10 18
0 1 26
14 17 13
10 12 27
16 18 19
3 5 24
14 17 25
4 7 8
20 0 9
22 1 15
0 1 13
23 1 23
19 23 6
18 20 15
5 10 8
3 6 38
23 3 18
15 18 16
12 16 24
11 16 3
3 9 34
16 17 33
15 18 15
8 11 33
14 18 29
22 2 38
11 14 5
15 19 3
11 12 13
7 11 26
22 0 21
10 15 31
16 20 10
17 19 17
12 14 39
23 2 3
14 17 19
5 10 29
15 19 40
21 1 20
10 13 3
6 9 21
8 11 7
20 22 11
2 6 23
2 5 17
4 5 32
8 12 15
22 2 37
20 21 3
16 19 38
14 18 8
14 16 14
6 9 5
19 22 6
13 15 13
21 1 7
19 20 19
16 20 18
0 2 2
22 2 28
18 22 36
2 4 10
4 7 21
16 19 16
19 22 23
5 7 23
7 10 32
14 15 27
18 21 36
8 12 2
13 14 24
8 10 18
5 9 30
12 16 9
21 23 12
11 13 34
22 2 8
10 14 4
11 14 6
3 7 1
18 22 9
8 12 3
23 2 3
7 9 11
18 21 22
16 19 13
12 16 28
10 11 14
9 12 33
21 23 31
12 15 9
17 21 17
23 4 39
21 23 27
14 17 32
9 10 17
16 17 28
10 12 38
14 16 21
11 13 19
21 2 8
11 14 40
10 14 29
6 10 6
17 20 8
15 17 26
2 7 28
16 19 24
15 17 28
12 16 17
8 10 9
10 13 24
9 11 10
17 19 17
6 9 17
5 8 36
19 23 16
19 22 18
1 6 35
8 12 16
17 20 40
0 5 5
14 16 13
11 14 29
21 22 12
17 21 36
20 22 6
16 20 15
8 12 33
7 10 30
10 14 8
1 4 34
6 10 11
0 3 12
8 9 16
4 7 35
3 7 40
23 1 31
7 10 13
1 6 18
11 14 15
1 2 6
3 7 25
7 10 6
22 2 12
6 10 35
21 0 1
23 4 37
7 11 16
17 20 40
7 10 8
15 19 25
22 1 33
15 20 16
3 3 18
5 7 24
17 20 21
21 1 20
16 19 8
19 20 36
15 18 30
11 14 21
10 13 19
1 4 2
16 19 29
12 15 6
5 8 37
11 11 18
12 17 31
7 10 13
17 20 3
4 8 39
21 1 22
3 8 18
0 3 29
3 7 28
17 20 16
18 22 11
17 20 18
23 3 7
2 5 25
4 8 34
18 20 18
1 4 18
1 6 17
9 11 39
23 3 12
19 22 33
9 12 25
1 5 26
11 13 24
3 5 8
9 12 14
13 15 25
17 19 23
20 22 6
19 22 9
1 5 5
2 4 31
2 5 11
16 20 27
7 9 19
15 17 3
12 15 25
13 16 36
1 3 19
8 8 36
17 21 17
22 1 40
18 21 36
4 7 2
18 21 8
3 6 40
13 16 7
7 12 29
21 0 10
17 20 1
2 5 2
16 18 6
11 13 12
22 3 1
15 18 10
5 8 34
6 9 14
13 16 38
17 18 29
21 22 2
22 2 26
8 12 28
4 7 25
10 12 32
19 21 24
5 7 35
22 2 34
0 3 1
15 19 15
16 20 1
4 8 4
0 1 37
10 14 12
23 2 36
15 20 38
8 10 5
11 15 6
15 16 2
4 7 39
23 1 15
5 7 18
21 1 25
1 5 2
0 4 33
11 14 18
2 6 22
16 18 32
23 2 9
10 13 25
21 1 22
1 4 33
5 8 7
16 19 11
3 7 18
15 17 27
18 22 1
6 8 31
5 7 27
7 10 3
13 16 7
9 14 20
15 18 34
4 8 9
8 11 25
16 17 14
10 14 21
23 1 32
8 10 23
23 2 9
16 20 34
20 23 5
7 11 39
21 0 24
7 12 11
17 20 5
0 2 21
18 20 6
4 8 33
9 12 38
1 4 40
19 22 20
18 21 6
6 8 25
18 22 31
9 11 27
23 2 35
20 22 24
14 19 21
19 23 34
9 11 26
18 20 31
11 14 40
18 22 12
13 17 24
16 21 6
15 17 2
13 15 9
22 2 20
18 20 37
6 10 35
22 1 9
21 22 24
9 11 27
21 0 17
14 19 37
4 6 19
2 5 27
0 3 3
13 17 13
4 6 13
7 10 27
10 13 27
8 13 13
10 13 19
9 13 25
13 15 40
8 12 10
20 23 2
8 10 38
6 9 30
7 10 30
11 14 7
1 4 3
22 23 36
9 12 11
4 7 22
12 15 9
8 13 12
8 11 5
18 20 13
5 9 3
17 20 16
1 3 8
5 9 8
17 20 38
2 6 38
20 1 39
11 14 37
9 13 36
21 0 35
5 8 31
22 2 29
21 1 9
5 8 17
19 21 21
8 10 32
20 0 28
14 16 21
6 10 18
3 6 15
19 21 12
1 4 8
7 10 24
14 18 38
22 2 11
10 14 21
12 15 38
9 12 39
12 15 40
8 11 25
6 10 27
3 7 2
2 5 13
17 20 15
22 23 36
16 19 13
19 20 15
18 21 36
22 1 15
10 14 6
7 10 1
14 18 7
11 14 11
3 7 29
20 22 1
14 15 36
18 22 37
21 0 13
11 13 35
0 3 20
1 3 25
20 23 24
0 5 34
22 1 27
1 6 10
21 23 38
8 10 16
20 0 37
9 12 32
7 11 12
4 7 4
11 13 40
14 17 9
22 0 32
20 0 2
13 15 10
19 21 34
23 2 19
21 0 1
11 16 30
13 16 13
11 12 3
14 16 5
14 16 2
5 8 15
8 11 19
19 22 2
21 1 32
19 20 38
5 9 14
12 15 39
16 18 22
14 18 32
8 11 23
2 6 16
16 19 10
2 5 3
17 19 32
14 15 34
14 15 4
1 5 12
9 12 33
11 15 15
1 5 6
1 4 31
5 10 22
11 16 4
21 1 8
12 15 3
9 13 38
0 4 32
8 8 14
13 16 5
9 11 26
2 5 38
19 23 20
15 20 31
17 18 4
22 1 16
1 5 37
21 23 2
3 7 21
2 5 25
21 0 14
17 21 19
10 14 36
7 10 22
21 23 40
4 7 21
22 3 3
4 9 35
6 9 4
14 17 28
10 12 30
10 12 18
8 11 18
4 8 4
12 15 38
1 5 8
22 0 13
2 5 17
1 5 12
10 14 34
17 21 28
14 17 33
18 22 5
20 0 7
16 19 28
6 7 29
2 5 1
11 14 38
21 0 16
0 3 6
7 10 1
23 2 28
13 17 40
17 19 8
14 16 3
9 11 24
12 16 13
3 5 21
8 11 40
1 3 40
14 18 36
11 14 26
6 10 22
9 15 27
23 1 7
16 17 16
21 0 18
20 1 27
12 16 24
7 10 40
3 6 40
4 7 18
2 4 18
19 23 17
11 14 28
16 19 7
4 7 39
7 11 13
0 4 29
14 16 14
3 6 22
15 20 22
4 6 35
16 20 17
20 22 7
8 12 17
19 23 24
1 4 19
6 12 4
10 12 17
6 9 4
8 10 29
2 5 16
16 17 26
9 12 7
11 13 22
14 17 10
18 21 10
9 11 37
4 7 18
18 20 40
21 23 5
4 6 4
22 22 39
23 1 19
9 14 11
7 11 28
19 23 2
6 9 31
1 4 36
2 5 18
6 11 27
17 21 14
15 17 10
5 8 29
17 20 13
2 5 27
17 20 21
9 12 37
17 19 1
4 8 20
13 16 1
4 6 10
5 7 24
19 0 18
6 8 13
13 18 17
17 21 7
0 4 36
14 16 28
0 3 36
4 7 14
0 1 20
21 1 29
12 17 16
6 9 30
3 7 13
4 9 21
7 12 23
4 8 8
4 7 20
19 22 4
21 23 29
21 0 30
22 1 5
15 17 17
4 8 23
20 0 40
15 17 38
5 9 32
1 4 34
22 1 7
14 17 2
12 17 21
10 12 8
10 15 1
12 14 27
14 17 22
15 17 30
2 4 30
16 18 38
4 7 35
7 11 5
12 13 26
17 19 2
18 21 1
22 1 4
14 16 9
7 11 10
10 13 31
3 6 30
13 16 40
18 21 10
18 20 25
11 13 23
17 20 13
1 4 28
17 20 23
17 20 9
1 3 33
7 9 13
4 7 39
12 14 27
0 2 17
3 5 17
14 17 3
23 1 25
14 20 5
21 22 3
5 9 8
17 20 5
0 3 23
4 6 30
19 20 3
13 16 8
12 15 33
14 18 2
12 16 18
7 10 23
9 13 35
22 23 12
19 23 13
0 1 27
11 14 3
17 18 15
20 23 23
3 7 16
4 8 5
22 0 30
3 5 20
17 20 32
21 23 20
14 16 40
1 4 28
0 2 36
7 11 9
7 9 27
20 0 14
9 13 28
8 10 38
21 2 1
15 20 15
15 20 13
3 6 4
19 23 26
16 19 15
11 15 11
22 0 15
13 17 2
4 6 8
8 10 30
3 6 4
23 4 3
16 20 24
6 10 24
2 6 13
19 20 8
15 18 24
4 5 10
3 6 37
0 3 4
12 15 18
7 10 38
2 4 37
1 4 35
9 12 4
20 1 25
2 3 33
13 17 28
6 10 9
18 21 7
3 7 25
17 20 32
10 13 32
4 5 28
20 23 26
4 7 5
18 20 12
20 22 29
3 6 3
13 16 33
5 6 16
18 21 19
14 17 21
0 1 14
22 1 40
3 6 30
16 17 33
14 16 18
2 7 38
4 7 39
13 16 12
21 0 4
5 9 19
9 11 37
3 7 14
13 16 7
0 3 38
7 11 11
19 23 4
6 8 25
15 19 11
23 4 39
5 7 15
10 11 13
15 18 9
20 23 34
22 0 5
20 23 22
13 15 4
1 4 16
10 12 1
15 19 5
15 19 19
14 18 38
4 8 5
23 3 12
0 1 37
10 13 32
10 12 27
5 7 8
23 0 13
7 10 40
21 23 31
20 23 31
11 14 16
0 3 39
12 15 21
15 17 15
20 21 18
0 3 1
9 14 8
3 7 29
23 0 10
9 11 38
13 16 36
21 3 13
23 3 33
13 16 30
21 0 40
16 18 35
