1000 49
14 39 45 36 13 25 10 35 15 4 44 28 9 36 12 37 37 46 31 12 21 7 26 38 37 20 35 1 47 48 7 10 28 14 47 31 22 16 6 20 20 48 23 21 27 22 19 12 5 
4 4 7
6 9 20
9 12 28
13 17 7
16 19 35
12 16 6
23 2 19
2 7 27
1 3 39
20 23 30
17 19 36
0 2 41
5 6 48
15 18 17
5 8 17
4 7 23
21 0 1
17 19 46
1 6 24
4 7 39
3 6 7
1 4 38
21 23 2
20 23 35
10 12 39
23 3 17
0 2 40
18 22 25
9 14 44
13 16 2
8 11 35
5 9 48
7 10 25
2 3 1
10 12 8
23 2 35
20 1 38
6 8 45
22 3 48
14 17 8
19 22 15
11 13 35
12 14 30
21 0 4
12 17 34
2 5 3
4 7 20
17 19 26
10 12 22
8 11 21
7 10 49
8 10 3
7 10 39
16 19 10
5 8 26
14 18 31
15 19 15
9 12 40
19 0 45
20 23 35
11 13 38
9 12 26
16 19 11
16 20 31
23 2 26
0 3 32
12 18 48
1 5 19
10 14 9
20 23 19
5 7 29
6 8 1
9 13 47
12 14 43
19 22 17
0 4 15
0 2 28
18 20 16
9 12 17
17 19 32
7 11 7
15 17 33
22 3 18
22 2 46
15 18 40
18 23 12
10 14 25
17 21 34
0 5 20
21 1 27
7 10 37
4 5 1
1 3 7
2 6 1
18 22 13
23 2 39
18 21 8
6 8 21
5 8 1
11 15 22
3 6 10
11 12 26
19 21 11
23 1 32
21 1 1
10 14 49
2 4 24
15 17 37
14 17 48
13 15 23
14 16 47
6 9 19
19 21 39
16 18 10
17 20 15
3 7 16
18 22 29
5 9 17
14 18 8
9 12 7
6 10 23
15 18 26
19 0 2
23 2 15
2 6 29
8 9 43
21 0 41
16 21 45
6 10 41
2 3 29
11 15 31
2 6 18
8 12 39
0 1 4
18 21 18
15 17 29
2 6 16
9 12 17
5 8 16
23 4 14
6 9 3
10 12 42
18 20 9
6 10 33
5 7 30
5 7 20
1 3 39
3 6 22
12 15 10
17 21 26
10 13 8
1 5 30
3 6 2
19 21 29
2 6 19
19 23 46
2 5 48
7 10 29
13 16 7
1 4 27
18 20 3
4 7 47
19 21 29
19 22 23
3 6 14
16 19 18
11 15 21
7 9 11
13 15 22
23 1 42
0 3 31
14 17 6
21 23 12
6 10 39
18 23 6
21 0 38
21 0 11
2 4 5
11 14 12
14 17 41
6 8 1
3 5 17
22 3 48
6 8 18
4 5 25
19 23 11
10 12 41
1 3 44
22 1 15
10 14 14
14 18 43
4 7 17
5 8 45
15 18 44
16 18 5
9 13 27
5 7 6
4 8 16
13 16 20
3 6 29
18 20 31
8 11 25
4 7 39
13 16 24
5 7 24
23 2 7
5 8 20
4 8 4
15 17 35
2 5 42
23 1 43
10 13 13
8 10 10
7 12 12
2 4 5
18 21 45
18 22 48
8 12 2
13 17 35
17 20 42
10 12 21
14 17 23
5 7 48
22 2 33
2 6 13
22 1 39
11 16 8
11 16 36
12 14 12
22 3 16
6 11 21
22 1 5
3 6 36
1 3 13
5 9 21
21 0 30
11 14 42
10 14 31
22 1 32
14 18 3
19 22 34
4 7 24
2 4 16
16 20 22
13 16 22
19 22 36
4 6 23
21 1 24
14 17 14
8 11 6
21 1 17
0 5 34
17 21 49
5 8 5
10 12 34
8 11 14
5 8 35
5 8 39
14 15 8
21 23 9
23 2 43
9 13 45
4 9 27
14 16 27
20 0 46
16 19 43
11 12 24
14 16 27
11 13 47
1 4 13
8 12 41
5 8 26
6 11 31
4 6 18
16 19 32
17 18 29
23 2 34
7 10 2
4 9 15
6 8 11
5 8 47
9 11 35
21 23 48
9 10 13
1 5 44
16 17 44
14 17 46
15 17 41
13 17 41
3 5 34
0 4 28
6 10 46
18 21 5
12 15 18
15 17 45
6 9 4
22 2 25
6 9 39
10 13 49
18 22 31
6 7 46
13 16 3
11 15 31
11 15 18
6 9 30
22 2 2
7 10 25
8 12 39
4 8 22
18 21 45
15 17 28
9 12 47
16 19 26
11 13 2
21 0 29
1 5 45
21 1 21
9 12 27
7 12 35
7 11 34
14 17 28
1 5 8
3 4 40
14 16 26
5 7 27
21 1 42
9 10 3
17 21 28
19 23 19
4 6 10
17 20 3
19 22 25
8 12 34
23 1 15
7 10 32
1 5 21
19 21 43
11 13 35
12 16 17
2 6 18
19 20 44
6 8 32
15 19 21
7 10 11
15 19 43
5 9 7
6 10 3
8 11 5
1 2 3
20 22 49
20 0 32
2 4 38
3 6 6
17 20 13
18 22 26
18 23 44
13 18 22
21 23 5
5 6 12
10 13 2
0 2 11
1 6 32
23 3 14
6 10 27
5 9 45
4 7 36
11 15 14
1 3 33
12 14 8
20 0 49
6 9 11
9 12 15
5 8 47
7 9 30
9 12 37
3 6 7
13 17 7
1 4 15
8 10 8
22 0 42
9 12 49
17 21 37
12 14 26
1 3 34
16 19 27
22 1 47
3 7 6
13 17 42
7 11 14
3 7 42
21 1 10
16 19 13
15 18 30
7 9 49
1 3 4
7 10 6
6 10 43
17 20 37
21 0 5
14 17 32
0 4 11
19 22 10
10 12 41
0 3 30
11 13 27
2 6 6
18 21 39
5 8 21
16 19 3
23 2 11
16 18 33
10 13 4
16 19 38
14 18 17
4 6 24
2 5 25
12 14 22
19 22 10
1 3 18
1 3 12
0 3 41
9 12 11
20 0 35
23 1 28
20 0 29
11 13 33
14 17 17
0 4 5
18 23 6
14 18 10
7 10 24
17 20 38
17 20 5
3 8 41
12 15 18
1 4 1
5 8 30
13 16 48
0 3 45
15 20 7
1 2 2
12 15 41
21 23 47
14 17 25
15 17 11
6 10 10
0 3 48
4 7 35
5 8 48
1 5 47
9 11 42
13 16 17
8 11 34
18 21 3
16 20 49
5 8 30
10 14 25
10 15 29
8 10 27
8 11 24
12 15 40
7 11 49
12 15 10
11 14 2
3 7 17
4 6 7
14 18 2
6 9 34
11 16 26
19 22 41
12 18 42
9 12 4
15 16 5
21 0 41
9 12 8
0 3 24
14 15 38
12 16 42
14 17 48
14 18 26
12 15 11
23 1 30
12 15 7
16 19 25
18 21 6
16 18 22
19 21 12
3 5 25
5 8 19
8 11 4
16 20 9
22 1 36
19 21 21
17 19 33
15 20 26
20 0 4
8 11 4
15 20 46
16 19 5
1 4 39
7 13 49
19 21 32
12 14 18
18 20 20
6 10 7
9 10 36
21 23 39
6 11 31
23 2 49
6 9 13
5 8 11
4 7 24
8 12 43
0 4 44
9 13 16
7 9 30
13 16 12
20 23 2
14 19 23
9 11 1
23 1 4
20 21 30
8 13 8
10 13 33
16 19 17
6 8 40
14 15 2
1 5 30
6 10 40
19 22 44
8 10 14
23 1 45
21 0 47
23 3 29
16 19 16
8 11 36
2 4 25
1 4 28
2 5 7
9 11 40
19 22 44
16 18 16
19 21 19
8 12 1
11 12 2
12 13 3
8 11 28
7 11 10
10 12 35
21 23 37
16 19 5
12 13 43
4 8 1
19 22 11
14 17 42
8 11 25
19 22 26
17 20 45
13 15 16
18 22 37
3 7 20
21 23 25
6 10 49
17 19 46
19 21 32
9 11 23
3 6 38
15 19 45
16 19 40
3 8 49
12 16 5
23 3 20
19 22 27
4 8 1
15 18 19
10 11 2
5 9 13
19 23 44
11 14 11
13 17 44
2 5 3
2 6 6
16 19 8
5 7 45
9 14 45
11 15 35
19 22 44
8 11 23
5 7 6
20 23 39
22 2 49
2 5 26
1 2 15
22 0 18
9 13 36
4 8 21
4 7 27
13 15 31
10 15 11
2 6 38
2 7 16
2 5 42
0 2 7
19 20 48
7 7 37
15 18 46
17 21 7
14 17 8
19 22 5
0 3 45
10 11 21
8 11 18
3 4 41
19 22 6
17 20 22
12 12 39
17 19 46
5 9 14
0 4 6
17 20 10
5 8 7
13 16 43
19 23 26
21 1 42
22 2 27
6 9 23
4 7 27
15 17 31
19 22 42
3 6 31
17 19 21
14 16 37
16 18 9
11 14 17
18 21 16
15 20 36
3 6 43
7 10 7
20 23 47
4 7 39
7 10 4
10 13 22
9 12 29
5 10 14
4 7 8
11 14 15
21 1 7
14 17 16
21 1 5
16 19 24
4 9 33
9 11 21
13 17 26
8 10 30
23 1 34
20 22 27
5 8 4
9 15 42
10 14 1
5 7 24
19 20 36
22 2 18
18 23 37
9 11 2
3 6 40
22 2 29
22 1 19
5 9 47
14 16 3
20 1 10
5 9 23
21 0 34
19 21 12
13 18 25
20 23 15
23 2 40
10 13 4
16 19 8
22 0 7
13 15 42
21 0 12
10 14 48
20 23 23
19 21 47
19 21 49
6 8 7
5 8 32
13 18 10
6 9 33
20 22 6
18 19 6
12 15 9
23 2 32
23 3 41
2 5 12
7 8 1
16 19 20
7 10 9
2 3 18
6 9 25
3 6 7
0 2 3
2 7 33
22 1 15
4 9 38
18 21 7
5 9 9
12 17 4
9 11 12
22 1 31
18 21 1
15 20 4
12 16 14
22 1 5
23 1 6
7 8 38
9 13 44
0 2 7
0 5 25
11 16 11
10 12 28
1 5 41
5 10 28
20 20 4
1 4 3
9 10 3
9 14 26
11 15 33
2 5 36
5 7 40
6 9 17
11 14 25
16 18 8
9 12 12
21 23 21
14 18 15
1 5 24
5 7 45
3 5 47
23 3 19
12 14 28
9 13 42
11 14 2
23 1 34
12 16 38
13 16 7
2 6 47
10 13 19
0 3 3
3 5 37
15 19 6
4 8 45
13 16 14
23 4 14
0 3 2
0 1 21
7 9 32
3 5 25
16 20 49
17 19 31
13 17 5
19 22 42
3 6 48
0 3 31
23 3 9
9 12 45
16 20 17
13 15 20
13 16 31
0 3 24
21 23 20
20 23 30
4 8 12
12 16 41
4 7 2
14 17 38
7 12 15
16 17 22
6 8 36
19 0 43
4 7 40
12 13 12
16 19 48
23 2 11
11 14 21
10 11 38
21 0 23
6 9 25
10 12 41
13 17 43
21 1 44
18 21 31
20 22 20
20 0 13
18 20 15
19 22 48
15 18 21
4 8 17
17 21 33
0 3 14
22 2 16
14 17 5
0 1 31
0 4 4
16 20 7
11 14 49
3 6 23
1 4 34
12 15 5
22 2 13
9 13 39
13 15 18
22 2 40
13 17 32
6 9 39
19 22 37
9 12 8
18 21 2
9 13 5
13 16 16
5 8 42
18 22 36
13 15 47
12 16 14
14 18 15
18 19 10
2 4 37
7 9 40
4 7 36
6 9 26
7 10 36
6 7 28
17 21 42
18 23 48
6 9 3
17 19 17
21 1 39
11 14 34
18 22 22
10 14 17
16 19 14
15 18 20
12 16 15
22 1 40
3 6 35
18 22 21
5 7 46
23 3 40
9 13 33
20 22 32
4 6 12
20 21 35
11 14 43
16 19 30
10 14 16
4 8 21
17 20 23
3 4 19
9 12 37
10 13 31
14 17 27
5 8 32
0 3 14
14 17 4
14 16 22
17 21 26
14 17 11
23 1 45
17 20 7
1 6 26
5 9 44
15 18 48
19 23 9
6 10 11
14 16 6
1 6 39
6 7 4
0 4 10
19 21 35
21 1 34
14 17 17
1 3 29
9 12 16
10 13 7
14 17 10
12 15 12
19 22 13
15 18 45
20 23 5
13 16 19
16 21 19
5 7 14
21 1 41
10 14 24
17 22 42
0 3 44
20 0 37
3 7 3
13 17 22
11 15 41
2 4 23
10 11 25
20 1 14
15 16 33
11 13 14
20 23 48
13 19 37
5 7 45
15 19 35
13 17 19
2 4 38
6 10 36
19 22 49
13 15 22
1 4 38
16 19 12
17 22 5
7 12 12
8 11 12
15 19 42
8 12 38
5 8 49
13 17 14
15 18 9
23 2 22
23 2 31
12 16 6
16 19 49
10 12 22
8 13 36
23 2 25
9 13 27
0 2 16
11 14 38
3 7 23
18 20 25
21 23 40
11 14 12
17 21 45
15 18 46
7 9 23
20 23 17
5 8 17
22 2 24
1 5 45
3 8 31
5 9 25
1 3 49
15 17 43
0 3 18
19 22 13
3 5 31
14 18 35
19 21 27
8 11 11
2 6 21
5 10 12
13 16 45
16 20 24
5 8 20
16 19 22
16 20 29
8 10 7
12 16 29
0 2 27
14 18 38
9 11 25
12 16 2
10 13 17
17 21 31
5 7 43
10 13 40
19 22 1
4 6 12
12 16 9
10 14 29
18 22 26
21 1 7
20 0 32
4 6 18
23 1 5
22 23 18
4 5 11
11 14 9
19 22 22
18 21 17
0 4 5
5 8 2
7 11 6
9 11 3
18 22 12
3 5 32
17 21 36
20 22 2
3 6 2
7 11 19
2 5 8
0 2 44
0 3 30
11 13 37
