1000 38
28 25 34 20 9 23 4 34 38 10 16 15 20 28 17 10 9 5 16 21 16 8 24 10 38 27 28 18 9 4 29 25 21 30 34 24 7 25 
11 14 22
4 8 7
5 6 26
10 12 15
17 20 28
11 13 10
3 7 17
12 15 7
4 6 10
6 8 4
23 3 18
10 12 14
13 16 34
11 14 27
6 9 25
18 22 12
5 8 3
8 11 3
6 10 7
22 1 14
4 5 2
12 15 35
20 23 38
21 1 19
2 3 24
0 3 16
4 6 16
10 12 27
0 3 18
21 23 4
23 2 3
17 21 6
8 10 27
0 5 36
13 16 18
5 8 36
4 7 4
4 7 32
13 15 26
2 4 7
17 21 35
18 22 26
14 17 30
14 19 24
17 19 20
23 1 27
23 3 32
20 22 24
2 4 38
22 0 19
6 10 31
18 22 30
9 12 34
20 22 25
12 17 31
19 21 34
11 14 2
3 6 4
2 6 12
18 21 11
6 7 9
16 20 35
4 7 2
15 17 7
16 19 33
9 12 28
13 15 7
2 5 19
22 1 28
1 5 24
5 7 10
10 12 10
23 3 29
4 7 36
1 4 30
2 5 26
0 2 8
10 11 7
3 6 33
5 8 17
15 18 34
16 19 7
10 11 37
11 14 27
20 23 30
19 21 15
23 3 34
15 20 9
3 8 17
21 1 16
6 9 23
19 21 14
9 11 12
22 0 37
23 2 27
0 2 19
14 16 31
14 16 18
0 2 10
2 4 31
23 3 13
16 21 34
4 7 27
10 14 4
0 4 2
23 2 10
20 23 8
15 17 25
20 21 35
21 2 14
10 13 33
23 3 37
21 0 4
3 6 3
7 9 20
22 0 16
0 2 19
2 5 9
11 14 2
19 23 38
14 18 1
18 22 29
21 0 10
10 12 19
18 23 18
22 1 30
17 20 4
9 11 8
7 11 34
23 3 10
12 17 21
1 5 26
20 0 27
12 14 32
9 13 1
21 0 8
12 15 19
20 23 38
5 8 4
13 16 34
14 16 18
7 9 14
1 5 24
13 15 34
14 16 18
14 18 35
18 21 35
4 7 33
8 10 15
14 15 15
11 14 15
8 13 4
5 9 10
16 20 15
9 14 37
11 14 15
23 3 14
16 21 31
16 19 35
16 18 4
21 0 23
19 0 12
17 20 25
6 9 36
8 11 26
21 0 26
13 16 16
8 12 29
5 8 30
19 23 1
12 16 30
17 20 38
20 0 11
15 18 5
22 2 3
9 12 35
22 0 36
19 22 36
2 5 16
22 3 35
0 4 8
2 5 6
19 22 4
16 18 20
8 10 1
3 5 15
10 12 17
20 0 14
12 14 13
22 1 7
22 1 8
10 12 17
7 10 29
0 2 25
16 19 1
18 20 10
12 14 28
0 3 30
11 12 21
14 18 26
15 16 34
9 12 15
22 2 29
2 7 23
9 12 18
0 4 9
23 1 11
6 9 2
13 15 18
23 2 3
12 15 5
11 13 31
20 22 32
17 20 36
15 17 29
16 19 17
15 18 9
11 14 24
0 3 22
9 12 32
15 17 33
23 3 8
8 11 20
20 23 12
9 11 32
5 9 23
15 18 19
11 13 36
2 6 30
8 14 16
14 17 33
2 5 18
21 23 3
10 14 28
15 17 1
8 11 6
6 8 20
14 16 1
16 19 37
7 11 15
22 0 30
20 0 23
4 8 36
18 21 10
9 11 2
7 10 7
21 1 6
14 18 11
19 22 21
23 2 14
4 6 29
9 13 34
11 13 38
4 9 12
11 14 25
0 2 9
17 21 7
5 9 17
3 6 13
5 7 7
16 20 2
21 1 1
10 13 12
15 18 34
15 18 22
6 9 10
19 21 16
1 5 21
10 12 24
1 4 31
22 1 16
9 13 3
22 23 32
4 8 28
13 18 11
20 23 26
16 17 27
23 3 22
22 1 33
1 4 29
10 15 27
13 18 1
1 2 15
5 7 19
15 18 20
3 7 37
10 13 38
22 2 6
18 19 25
15 18 35
18 22 16
0 2 11
3 5 26
21 1 32
17 19 25
0 5 2
5 7 9
12 16 34
11 14 21
12 14 27
2 5 19
4 9 24
23 4 26
18 22 25
4 8 35
11 13 3
13 16 20
20 22 4
21 1 12
11 14 11
20 23 20
16 19 17
23 2 24
18 22 22
14 18 36
10 12 33
18 21 26
2 5 7
2 4 34
3 7 19
1 4 2
2 5 33
6 10 8
6 10 26
3 5 8
7 9 1
6 9 30
12 14 3
9 13 2
6 8 20
12 13 30
6 8 12
11 13 1
7 12 14
18 21 23
0 3 1
6 10 37
16 20 20
13 17 31
23 3 30
3 4 7
2 3 13
16 20 7
10 13 22
13 16 27
10 15 24
8 11 20
5 8 7
13 16 3
19 22 8
17 19 12
9 14 8
18 21 19
9 10 15
12 16 6
12 16 22
7 9 21
0 4 7
21 2 1
12 14 19
17 19 3
1 3 35
17 20 34
13 15 15
17 22 35
2 6 21
21 22 35
16 20 6
16 20 5
20 23 6
11 14 31
22 1 30
15 18 17
15 16 17
5 8 21
6 9 37
20 23 26
12 15 6
16 19 7
21 23 29
13 17 19
12 14 14
5 7 37
10 13 31
18 22 15
16 19 31
7 10 7
9 13 27
12 15 31
19 22 35
11 13 12
6 8 20
11 13 33
16 20 10
11 15 17
5 8 4
3 6 6
13 14 5
9 11 21
22 0 23
3 6 26
20 23 33
19 20 4
6 9 17
1 3 5
16 19 18
8 12 11
6 9 9
3 7 25
19 20 29
15 18 12
6 11 14
19 22 22
3 8 26
9 13 3
3 7 10
5 9 32
15 18 8
8 11 20
14 17 33
1 5 36
15 17 35
1 4 11
6 9 38
4 8 27
1 3 3
13 15 28
16 19 34
0 3 21
21 0 18
0 3 11
0 5 22
9 13 33
18 20 38
20 0 16
6 9 4
22 1 31
14 17 36
12 15 13
8 11 22
1 4 16
5 7 5
12 14 26
22 0 7
5 11 12
22 2 10
20 23 38
3 7 37
22 0 21
23 2 8
6 10 33
16 20 9
13 17 13
5 7 18
8 11 4
8 11 30
17 20 10
15 19 24
1 3 1
6 8 29
21 0 32
5 7 15
10 13 28
10 15 26
17 19 19
7 9 7
14 18 3
8 11 9
14 17 19
22 1 12
2 5 26
4 7 7
17 21 21
8 11 28
21 0 11
8 11 21
18 20 5
15 20 36
4 8 27
14 17 26
5 8 30
8 11 37
5 7 33
13 17 4
15 17 5
14 17 31
17 18 26
11 15 1
6 9 34
18 21 2
17 18 18
13 17 24
7 8 38
7 9 38
20 23 11
23 3 29
10 13 34
7 10 15
2 5 29
6 8 34
15 18 1
18 21 23
18 20 12
1 4 13
12 14 13
10 14 18
12 16 34
20 2 36
13 16 23
5 8 37
6 9 29
19 22 23
10 13 24
17 19 16
14 16 12
2 5 2
5 8 9
13 16 24
22 0 16
2 6 26
5 9 26
6 11 31
8 11 38
2 6 17
6 9 12
18 22 34
5 7 16
8 11 35
9 13 27
18 22 35
22 1 13
16 19 34
13 16 29
11 14 37
7 10 2
12 15 1
2 6 24
4 6 1
20 0 15
18 20 3
2 4 10
1 3 29
3 6 6
15 19 24
21 22 5
22 2 6
7 9 13
8 11 9
4 6 11
6 8 31
14 17 37
6 10 1
18 21 35
3 5 23
21 2 11
12 16 6
15 19 32
10 12 3
8 11 10
14 16 4
7 11 15
20 22 22
5 9 10
18 20 26
9 11 37
12 17 2
16 19 34
10 12 26
0 1 21
21 23 33
12 15 24
19 22 7
3 7 37
0 2 1
2 6 14
17 19 21
13 17 21
2 4 28
14 17 17
10 14 24
16 18 29
12 16 7
9 10 38
7 10 33
4 6 8
19 20 4
23 1 2
6 7 24
20 23 22
2 5 33
0 2 35
17 20 23
12 16 23
23 2 15
10 14 24
22 1 4
0 2 36
20 22 13
2 5 18
22 0 36
17 19 26
10 13 22
13 17 30
7 12 14
21 0 13
10 12 14
13 15 19
4 7 27
12 17 8
9 11 23
10 13 20
0 2 27
0 4 25
13 17 15
14 18 3
15 17 18
8 10 30
19 21 38
21 23 12
20 23 12
14 18 24
17 21 30
6 9 17
19 22 38
14 17 24
23 3 31
3 6 25
4 6 9
19 23 32
22 1 38
22 1 17
5 6 13
21 0 35
23 2 32
22 0 2
18 21 20
3 6 18
15 17 21
0 4 28
12 16 30
0 3 34
3 6 5
9 12 28
16 21 37
20 1 28
2 6 34
22 2 24
11 14 13
21 0 17
5 7 4
19 21 4
17 21 15
13 15 26
12 16 22
7 11 31
21 0 31
18 21 24
2 5 30
3 5 26
17 19 25
18 20 24
15 17 8
22 0 38
23 2 35
9 13 8
16 19 37
10 14 9
17 21 23
20 23 28
14 18 35
19 22 11
5 8 7
9 11 1
4 5 36
7 11 22
2 4 15
22 0 3
19 22 2
15 20 11
4 5 28
21 1 8
21 2 38
9 12 28
8 10 5
4 8 22
23 2 1
7 10 8
2 5 8
23 3 11
13 16 16
3 7 22
17 20 36
19 21 31
22 2 16
9 11 2
7 9 10
23 1 2
12 15 21
17 20 25
21 1 2
18 22 22
17 20 8
11 13 38
19 22 37
7 9 31
13 17 7
9 12 29
20 0 6
5 8 23
16 20 38
10 14 22
12 16 32
21 0 18
18 21 26
21 0 17
16 20 19
16 18 14
13 16 25
22 1 22
0 3 18
15 16 30
22 0 10
19 21 38
23 4 25
12 15 12
12 15 32
16 20 11
5 10 8
20 0 8
14 18 11
2 5 26
1 4 37
3 5 24
1 4 29
6 10 29
7 11 24
4 5 21
14 18 14
12 14 2
5 7 34
1 4 5
7 10 6
15 18 19
12 16 30
14 17 26
22 1 11
1 3 21
15 18 14
16 19 7
11 14 11
0 3 10
3 4 19
11 15 22
11 14 36
8 14 16
20 0 4
10 13 30
15 18 17
18 22 31
15 19 26
10 13 11
17 21 30
1 3 2
3 6 18
16 19 29
0 5 28
19 21 26
19 21 30
0 2 8
10 13 18
10 13 21
6 9 19
11 14 9
4 7 8
8 11 4
16 20 9
22 1 37
14 16 16
3 6 35
17 19 25
1 3 20
4 7 31
13 16 38
1 3 27
2 5 11
15 19 32
11 14 18
10 13 14
14 18 5
21 0 16
16 19 9
2 5 14
8 12 16
0 3 29
21 21 28
15 20 10
13 16 21
2 5 38
14 16 30
21 1 21
16 19 4
22 0 7
7 10 15
6 9 29
3 5 30
0 2 17
18 23 7
10 13 8
11 13 11
23 1 20
13 18 12
20 23 20
19 23 11
15 20 7
23 2 8
11 15 18
6 8 3
12 15 28
9 12 11
21 23 3
21 1 30
11 14 1
13 14 31
15 18 14
2 5 36
15 16 14
11 16 23
8 9 32
18 23 10
17 21 27
1 5 14
5 8 35
0 5 33
5 8 30
4 8 9
21 0 36
5 8 25
21 22 30
7 8 29
13 16 17
17 18 5
2 5 11
22 1 34
13 17 34
6 8 6
5 8 7
17 19 16
8 11 17
3 5 8
2 6 24
4 8 28
1 4 15
15 18 5
18 23 19
3 3 9
18 20 30
8 10 9
10 13 34
16 18 30
7 11 27
8 11 32
10 12 9
2 6 5
17 19 22
8 12 2
20 0 1
20 23 14
4 6 23
13 16 5
5 7 13
22 1 37
2 4 28
22 1 5
6 11 37
0 3 37
13 17 27
19 22 38
17 19 36
3 5 3
5 9 36
13 17 2
12 15 23
7 10 2
9 14 11
0 5 23
8 10 36
3 6 15
14 17 24
8 12 8
3 5 32
7 9 12
22 2 27
11 13 5
17 21 9
1 4 9
12 15 15
20 23 23
4 7 2
3 5 33
6 10 32
11 14 11
0 3 3
9 12 28
8 13 14
2 5 23
5 8 11
0 3 2
23 2 26
23 1 31
14 15 1
11 14 35
10 15 1
7 10 18
16 18 33
3 6 27
4 7 1
11 12 17
22 0 34
7 11 21
16 19 24
2 7 38
13 16 26
6 10 9
18 20 17
0 4 13
7 6 28
17 21 36
7 10 4
19 22 17
20 23 25
10 11 27
23 2 7
8 13 23
0 4 20
6 9 33
4 6 35
10 10 3
16 18 22
12 14 9
0 2 23
11 14 11
17 19 30
15 17 8
15 19 34
4 6 3
15 19 13
7 10 21
15 16 28
0 5 31
22 4 17
23 1 11
11 13 19
8 12 18
12 14 32
22 0 23
1 2 14
5 10 3
19 22 28
4 7 35
4 8 9
4 9 8
2 5 7
13 17 25
17 18 28
18 20 3
5 8 23
11 16 25
1 4 37
8 9 28
12 15 10
8 11 24
4 6 3
6 9 29
23 2 20
20 23 11
15 20 27
2 5 26
1 4 32
0 5 21
0 3 32
11 15 20
21 23 28
17 18 30
6 9 27
2 6 2
8 12 22
6 8 6
22 2 9
18 22 4
11 14 29
13 15 38
1 6 10
6 9 11
19 22 36
9 13 34
11 14 4
20 0 8
12 15 32
18 21 29
18 21 13
