1000 45
21 32 27 17 18 13 12 30 16 35 7 14 41 6 36 33 9 32 25 5 19 15 29 23 7 33 17 18 17 7 35 42 40 3 45 24 25 27 44 18 45 8 40 10 36 
19 21 23
20 22 42
4 5 10
21 23 11
20 23 44
18 23 9
2 5 35
18 20 27
16 20 12
14 17 13
3 6 3
19 23 28
23 2 5
12 16 20
8 10 2
6 10 39
14 17 30
10 13 43
23 1 19
9 12 42
18 21 45
11 13 26
15 19 16
17 20 42
23 1 23
1 3 36
17 19 38
10 12 24
2 6 20
1 5 5
10 11 2
4 7 39
16 20 23
2 5 24
13 17 18
8 9 44
4 7 37
19 22 39
13 16 20
2 4 42
7 9 18
12 14 25
15 18 42
14 16 28
18 21 3
6 8 41
0 3 9
2 5 43
16 18 42
22 1 20
7 9 14
18 21 7
13 18 34
8 10 44
20 0 33
8 9 12
11 12 43
6 9 38
17 20 42
9 11 26
20 23 13
10 13 22
16 19 37
18 22 39
3 5 16
16 19 6
11 14 3
15 19 29
0 2 28
7 10 44
3 7 32
9 10 20
20 1 33
2 4 10
10 13 45
2 5 18
21 22 43
18 20 13
14 17 25
4 6 19
20 23 25
5 9 26
18 20 32
16 19 32
10 14 34
22 2 4
6 9 11
11 14 21
3 5 33
1 4 43
18 19 21
0 1 20
9 12 20
3 5 6
6 7 9
5 8 36
9 12 3
14 16 18
13 16 38
1 5 29
23 1 26
15 18 44
14 19 26
2 7 23
18 21 12
15 18 7
14 17 13
15 18 42
11 14 41
16 20 8
2 4 11
7 10 21
12 15 20
7 9 22
15 17 33
17 19 32
7 10 31
6 9 35
15 19 26
4 7 20
1 5 23
7 11 6
20 22 11
0 4 24
20 23 31
14 17 30
19 23 8
19 23 26
15 19 4
21 0 37
13 14 2
21 0 17
16 20 38
20 22 25
6 9 14
23 3 19
3 6 33
21 0 35
18 20 19
22 0 29
17 21 22
11 17 31
11 14 11
14 18 44
11 14 29
0 4 8
7 12 19
9 12 4
14 18 25
13 16 13
12 16 22
22 1 38
9 12 30
3 6 6
22 0 45
1 4 29
3 7 16
9 12 32
17 21 4
8 12 20
12 16 32
21 23 35
13 16 42
3 7 44
0 2 11
13 18 5
10 14 27
20 21 6
15 20 38
20 23 8
1 5 13
23 1 31
13 15 38
22 0 36
5 9 45
15 19 33
15 18 6
12 13 40
22 2 45
6 10 3
5 9 30
0 3 22
20 23 33
7 13 16
1 5 11
21 23 20
7 10 13
0 3 13
11 13 1
17 21 36
17 22 44
12 14 14
10 14 31
20 23 35
14 17 34
1 4 18
4 8 10
7 11 17
11 13 28
23 1 4
19 0 6
5 9 32
20 0 16
4 6 22
9 12 1
22 0 35
19 21 22
6 10 29
16 19 14
8 11 7
1 4 1
21 23 11
6 9 14
14 17 27
19 23 20
11 14 21
0 2 10
15 18 33
20 0 30
15 20 38
9 12 18
10 14 34
19 23 42
22 0 15
11 14 6
1 5 7
5 9 8
11 16 7
3 5 12
10 13 12
11 13 2
16 20 33
16 20 4
8 10 40
5 5 17
13 15 14
13 15 6
7 11 37
3 5 40
17 21 14
21 0 17
19 21 42
17 20 15
4 5 32
11 14 43
3 7 8
7 11 6
21 0 40
1 6 24
10 13 16
10 12 25
9 12 35
21 1 25
18 21 1
5 9 33
10 13 8
16 19 35
9 12 1
2 5 19
20 21 43
7 10 26
0 3 40
15 18 44
11 14 42
0 4 21
12 15 5
15 18 36
0 3 29
10 14 34
11 15 2
10 13 44
17 22 11
3 7 21
9 14 13
16 19 15
2 6 41
7 9 45
3 5 35
15 19 3
1 4 22
11 16 5
13 18 7
11 17 30
0 4 1
1 5 15
22 0 34
18 20 19
21 0 33
15 20 19
4 9 10
12 13 33
11 14 9
12 15 1
12 17 28
9 12 36
20 0 20
5 10 23
13 15 39
21 23 38
16 19 27
0 3 39
21 0 39
2 5 10
12 13 26
2 3 6
12 16 29
4 7 38
7 11 42
0 3 18
8 11 32
14 16 31
14 17 12
1 3 1
21 23 10
9 13 30
7 11 39
13 16 42
4 7 19
23 2 2
6 9 42
3 7 1
6 7 12
3 8 5
22 1 31
3 6 25
0 3 3
15 19 31
13 17 23
7 10 19
18 21 34
12 15 29
22 0 7
11 15 28
9 12 10
18 20 24
3 6 41
5 8 35
12 16 32
13 15 36
4 8 16
15 17 30
5 8 24
19 21 32
15 17 26
15 17 42
16 17 17
23 3 12
19 22 33
7 11 44
20 0 19
14 17 32
19 20 17
18 21 30
2 5 20
23 3 23
12 14 17
14 17 20
22 1 34
10 11 36
1 7 6
20 23 8
22 1 23
13 14 34
5 9 40
0 3 21
4 9 12
4 7 2
5 9 3
22 1 1
20 23 37
5 9 16
17 20 18
2 6 42
11 14 45
15 17 28
23 1 29
8 12 7
17 21 7
22 0 25
23 4 10
4 7 19
7 11 28
22 1 39
1 5 31
3 5 30
16 19 6
8 12 31
8 11 26
14 17 41
9 13 10
12 15 13
23 4 44
6 8 25
20 22 36
7 11 17
19 23 31
15 17 37
23 2 31
0 2 24
16 20 17
11 13 28
9 11 35
20 22 21
3 6 10
4 7 41
14 17 31
3 7 19
23 3 30
8 10 40
23 2 44
12 15 43
16 18 22
0 2 13
13 15 19
7 9 8
2 7 15
5 7 40
2 6 44
17 21 20
5 8 14
12 14 1
3 6 11
17 19 15
6 9 11
19 22 20
7 10 20
2 4 28
8 13 9
20 0 25
8 11 33
2 7 12
8 9 21
11 14 17
1 3 16
3 7 11
2 6 15
4 6 19
17 21 11
0 3 16
4 6 40
5 8 18
15 18 4
22 1 30
17 20 14
7 11 34
16 19 33
1 4 27
21 1 29
13 15 16
23 1 34
5 10 1
16 21 31
23 1 20
17 21 17
18 21 6
16 21 41
22 2 22
12 17 38
4 9 31
6 8 13
9 13 42
8 9 4
3 8 14
6 8 18
1 2 45
10 11 29
8 9 7
19 21 30
12 16 19
4 7 34
19 22 24
14 16 40
23 2 41
10 11 20
22 23 23
0 3 18
5 7 42
9 12 25
16 20 2
14 17 21
12 16 2
8 10 45
11 15 18
0 3 6
22 1 19
6 9 43
3 5 11
23 5 19
16 16 14
2 4 8
12 15 30
4 7 35
14 16 33
5 7 9
17 19 44
19 21 12
8 12 32
6 8 35
17 19 21
2 6 35
5 8 43
9 10 2
12 17 32
19 23 22
11 13 19
4 8 5
20 22 32
3 6 2
19 22 36
18 20 30
17 21 35
19 23 37
19 22 22
18 19 39
20 23 38
12 16 7
13 16 5
19 21 39
3 6 24
15 20 1
18 19 10
21 0 7
5 9 32
6 9 9
18 21 33
8 11 17
12 14 28
18 22 16
22 2 28
11 15 13
5 9 23
10 13 38
13 16 35
7 12 19
23 2 2
19 23 42
9 13 40
20 0 1
19 20 6
21 0 15
7 10 25
16 20 30
6 10 16
11 13 14
0 4 27
8 13 45
18 20 26
21 1 5
6 9 16
1 3 1
23 1 28
6 8 4
11 13 7
6 10 3
15 19 41
16 20 24
14 16 17
4 7 1
9 11 30
9 13 37
11 13 3
21 1 22
12 14 16
23 1 23
4 6 31
13 13 7
12 15 3
17 21 42
14 17 29
18 21 27
8 11 10
3 7 16
22 2 6
5 7 9
13 15 35
7 10 37
1 2 37
5 8 19
4 9 26
12 15 43
1 4 45
7 10 36
5 10 5
10 12 36
4 9 35
23 2 17
14 16 31
23 1 21
18 22 43
4 7 12
8 11 39
11 12 15
21 2 37
3 6 2
11 15 23
0 3 25
17 20 16
18 21 16
0 4 11
17 21 37
1 6 18
20 23 26
21 23 37
19 23 27
9 13 45
22 1 24
6 9 10
6 8 35
22 1 43
3 9 39
18 22 35
10 13 41
5 8 15
7 9 26
15 18 32
10 14 15
14 17 2
23 2 15
7 9 23
8 10 14
13 16 42
18 22 6
22 1 32
4 6 32
19 20 6
3 7 40
17 18 37
3 8 29
0 4 11
15 19 39
7 11 14
7 10 17
2 6 22
6 10 35
4 7 37
15 20 8
5 7 36
6 10 33
17 21 32
10 13 21
0 2 26
7 9 14
19 22 6
1 6 17
18 20 38
14 16 9
0 4 21
12 15 35
20 22 22
1 5 21
14 17 12
0 3 15
1 5 35
11 17 25
21 0 16
19 22 36
3 6 13
20 21 20
12 16 41
12 15 31
8 12 39
12 15 34
21 0 13
18 21 1
4 7 21
21 22 34
22 1 42
4 8 34
10 13 26
16 19 40
4 9 14
16 19 28
23 3 24
19 22 27
15 18 44
16 21 14
20 22 9
11 13 17
21 0 12
19 22 35
22 4 28
18 22 11
4 8 20
8 10 22
14 19 1
12 14 2
7 10 1
2 5 41
9 11 18
16 20 18
15 18 31
15 19 37
23 1 24
14 17 29
17 22 31
6 9 28
0 5 28
1 3 10
15 19 37
9 13 30
11 14 18
10 14 27
15 19 31
21 23 34
8 12 29
0 2 28
9 13 20
10 14 40
17 21 36
8 10 21
12 14 14
20 0 10
14 17 32
10 14 39
13 16 20
4 6 4
11 13 30
11 14 28
14 17 30
21 0 28
19 23 4
19 22 36
2 5 37
9 10 27
23 1 33
0 4 8
22 2 7
9 13 41
21 22 39
8 11 2
16 18 12
1 3 19
19 22 43
12 16 11
11 12 22
9 12 6
2 4 33
17 20 6
17 22 23
20 22 42
0 1 11
21 0 7
11 15 41
8 11 24
0 3 1
9 10 18
11 16 36
1 4 34
19 22 25
0 1 16
20 23 37
14 19 32
0 3 31
22 0 4
0 2 28
23 3 12
7 8 21
1 6 37
20 23 34
23 2 17
17 22 9
21 22 25
20 0 36
1 4 25
10 12 44
12 17 36
19 22 17
7 9 10
4 7 5
12 15 13
21 0 24
20 22 30
9 12 2
14 16 22
22 2 1
3 8 27
23 2 13
4 9 18
7 11 15
7 10 40
18 21 11
7 9 19
21 1 39
9 13 9
18 20 12
11 13 22
16 19 32
18 22 14
2 5 5
9 12 10
10 14 15
8 11 9
21 23 9
16 18 18
0 4 2
0 4 36
13 15 21
11 14 5
15 18 3
4 7 11
5 9 39
11 14 22
21 0 10
4 5 31
17 20 7
0 2 1
13 17 5
1 3 20
2 5 15
16 20 9
22 0 28
10 13 26
18 21 12
15 17 6
16 20 28
21 0 30
8 11 45
17 20 36
20 0 31
14 19 28
4 8 15
10 14 11
22 2 14
5 6 43
22 3 29
21 0 7
18 23 44
16 19 43
20 0 2
15 18 30
11 15 40
17 22 42
10 13 13
10 13 28
15 17 32
14 16 26
14 17 14
18 21 39
6 10 16
18 21 22
3 7 23
7 11 41
14 17 8
8 13 37
1 3 29
8 10 9
6 8 9
1 3 37
5 9 26
6 9 6
23 3 9
19 22 26
3 6 21
13 17 33
20 22 45
4 8 42
22 2 8
7 9 16
19 22 27
19 23 41
4 5 41
17 21 3
22 0 11
8 12 30
11 12 24
13 16 31
22 1 16
2 4 37
16 21 19
20 0 19
6 9 33
14 16 30
14 16 41
11 13 1
21 21 29
3 6 42
7 11 26
11 14 20
11 14 42
2 5 15
14 16 12
17 18 37
8 10 43
13 18 37
18 22 37
10 12 26
11 13 28
0 3 41
20 23 22
11 15 16
13 16 40
11 14 19
1 6 20
0 3 19
3 6 37
0 4 35
7 8 39
12 15 15
19 21 34
1 2 20
9 12 37
16 18 43
21 23 6
6 10 18
10 12 20
11 14 4
15 18 31
14 18 29
16 19 36
16 19 31
5 9 14
22 1 16
8 10 17
10 13 25
15 18 44
0 2 29
23 1 24
18 22 33
14 17 36
17 20 22
18 22 35
9 12 18
10 14 38
12 14 12
5 9 44
3 6 44
22 0 30
8 13 19
9 13 44
3 6 13
16 18 36
8 11 5
9 10 35
20 23 25
22 0 39
6 8 7
18 23 5
18 20 15
7 8 11
1 3 23
14 17 36
14 17 34
17 19 36
0 6 1
16 18 37
6 8 8
4 5 13
21 23 6
5 6 20
11 12 6
3 6 21
17 21 15
18 21 38
4 8 44
4 9 23
19 21 6
17 20 28
1 2 6
9 10 39
0 4 22
13 17 29
11 13 11
10 14 6
3 6 1
18 21 33
13 17 26
14 18 43
21 0 37
8 11 25
9 12 35
9 12 36
5 9 15
18 21 39
19 21 30
16 19 44
16 19 44
18 20 10
20 23 7
3 6 20
3 7 21
22 2 1
11 14 39
7 11 43
20 0 8
23 3 32
10 13 26
5 8 23
16 19 30
4 7 8
17 21 16
12 15 9
8 11 2
18 21 17
16 20 6
8 11 3
19 20 40
5 8 14
2 6 3
1 4 10
8 10 3
