6000 43
22 8 38 9 29 32 31 25 32 2 13 22 21 8 42 16 30 24 3 4 1 22 20 33 30 6 1 1 4 7 26 34 11 20 30 22 20 25 11 37 8 16 19 
5 9 41
10 12 32
7 11 19
9 11 13
2 4 29
5 8 32
6 9 40
22 2 42
6 10 17
12 14 24
9 12 33
1 5 27
6 9 25
13 14 12
23 1 14
4 8 20
12 15 15
7 10 41
18 20 29
19 23 15
4 8 39
8 11 24
22 1 13
3 6 18
5 9 17
12 15 12
0 3 17
6 10 29
14 16 20
16 18 20
22 1 2
4 7 7
7 11 3
7 10 6
12 16 27
20 23 28
6 8 34
21 23 24
4 9 31
9 13 5
10 13 34
17 20 23
6 9 32
11 14 39
18 22 41
8 10 27
4 6 39
4 7 21
7 11 32
3 5 24
8 10 10
18 22 5
15 17 28
13 15 19
5 7 30
13 17 7
14 15 34
3 5 29
0 3 43
11 14 20
15 17 23
18 22 40
20 0 7
13 16 27
21 0 42
21 0 7
0 4 2
11 14 29
14 17 20
13 18 33
14 18 43
18 23 39
17 18 9
5 8 22
2 6 5
21 1 18
9 11 32
12 16 26
12 16 35
17 21 26
6 9 14
2 5 3
10 13 36
18 21 42
18 20 4
6 8 35
13 16 38
2 6 16
15 19 33
15 19 11
5 8 29
19 23 7
21 0 36
10 14 10
18 21 26
1 5 7
11 14 24
9 10 17
1 3 15
21 0 1
12 16 8
16 18 4
21 0 16
19 23 22
5 9 14
4 8 10
22 0 7
22 1 9
8 12 41
1 4 21
7 11 37
7 12 8
9 12 41
5 6 19
7 11 18
15 17 12
23 2 43
2 5 23
5 8 11
4 8 26
11 13 5
19 23 20
14 17 33
4 7 25
14 16 10
16 21 3
8 11 22
12 17 8
9 12 17
6 9 36
13 16 37
19 23 16
15 17 29
12 15 28
1 4 28
20 23 28
10 13 36
0 2 22
7 11 7
19 21 28
17 18 10
20 0 3
10 12 7
21 0 22
23 3 10
22 23 11
4 8 10
9 13 15
21 0 11
12 14 39
22 2 22
20 23 42
2 5 19
23 1 43
12 17 40
21 23 24
5 8 31
12 16 30
7 10 38
12 15 26
12 14 16
20 0 8
6 10 40
22 0 22
3 7 34
1 5 14
11 15 13
23 2 21
5 8 16
14 17 35
7 10 18
3 6 26
0 3 33
1 3 23
18 19 15
15 18 20
12 16 34
3 4 13
6 10 37
0 3 18
16 18 20
23 2 40
10 13 31
4 5 27
23 3 9
11 14 19
15 20 30
20 1 26
10 12 19
8 12 4
4 7 28
0 4 12
7 10 23
5 9 21
8 11 22
4 7 24
18 20 26
10 12 4
19 21 6
11 14 25
14 18 39
12 15 12
20 23 19
9 13 5
7 11 36
17 19 13
3 5 15
20 1 13
2 5 38
20 23 16
10 13 36
2 5 32
0 3 10
15 18 3
0 2 17
1 5 5
8 11 36
2 7 17
0 3 31
12 14 31
17 20 21
3 4 4
0 2 20
14 17 1
18 20 40
5 8 31
4 7 11
5 9 41
2 4 16
14 16 12
12 15 15
3 7 41
22 2 14
20 21 32
10 11 29
20 22 3
4 5 30
6 9 35
20 1 29
16 19 7
0 2 16
12 17 34
11 12 33
10 14 31
10 13 9
0 3 29
20 23 23
12 14 5
16 19 16
11 14 14
9 11 41
14 19 4
11 14 8
4 5 31
7 12 23
22 2 31
5 9 42
11 12 36
4 8 39
13 16 39
5 8 2
20 23 32
0 2 41
11 13 8
15 18 11
0 4 15
8 11 40
0 4 34
0 4 30
11 14 1
3 8 17
16 19 2
1 4 14
13 16 20
18 21 13
3 7 15
8 11 40
17 20 25
12 13 37
20 23 22
4 8 4
5 8 42
21 1 6
15 18 38
19 22 39
19 21 16
20 0 14
21 1 6
13 16 23
1 5 25
6 7 1
14 16 13
2 4 39
10 14 23
6 8 16
1 3 26
5 9 1
15 20 33
1 4 12
7 10 35
14 18 26
22 1 28
0 2 30
8 10 1
5 8 16
14 17 20
6 9 9
20 23 42
21 23 8
21 0 33
6 9 15
14 18 36
14 18 35
9 12 7
2 5 15
18 21 25
0 4 22
21 2 30
22 0 6
22 2 18
0 3 42
20 22 24
5 9 25
2 3 25
11 13 25
8 11 28
1 3 6
9 12 33
15 16 6
5 9 19
22 1 35
15 18 17
8 12 4
12 16 26
10 13 19
12 14 32
0 5 26
22 0 11
19 22 25
1 4 29
3 8 35
7 8 26
8 11 12
10 14 19
19 21 29
11 15 15
16 18 32
5 7 16
4 9 16
0 3 27
16 19 28
9 11 32
6 8 5
9 12 27
15 19 1
8 12 40
16 19 3
21 0 40
19 21 2
0 3 10
20 20 8
7 9 15
13 17 15
3 7 34
2 7 11
3 6 18
5 8 3
1 5 1
4 5 24
0 2 17
7 11 40
3 6 15
10 12 30
2 5 41
0 3 2
5 8 24
19 21 25
2 4 43
23 1 29
8 11 5
8 9 5
4 7 35
9 13 10
11 13 16
8 10 29
19 21 31
13 16 7
19 22 24
10 12 34
5 7 4
0 2 10
11 15 33
20 23 2
11 15 10
18 21 23
11 14 42
3 5 9
6 9 6
6 8 36
13 17 29
4 6 3
2 3 38
9 12 14
16 17 32
20 22 29
18 21 4
3 6 33
4 7 38
21 1 17
19 23 14
5 7 15
5 7 19
7 9 27
5 9 27
13 16 7
11 13 20
7 11 20
7 11 4
9 12 18
9 11 40
1 5 42
7 9 5
13 17 35
12 16 25
3 5 10
5 10 40
16 19 9
14 17 23
19 21 31
13 15 43
7 11 23
22 1 37
7 9 8
9 11 5
4 7 41
19 22 21
9 12 18
1 2 22
9 10 35
12 13 24
10 13 41
7 11 20
15 17 35
10 13 27
5 8 2
6 8 18
15 19 41
17 21 18
21 23 40
3 5 34
6 9 31
2 5 20
17 19 25
10 13 37
11 14 26
14 18 7
15 20 13
22 1 30
7 10 1
9 12 13
14 15 33
11 13 28
12 15 20
12 15 26
2 7 18
8 12 40
1 6 36
0 4 8
9 12 42
5 9 3
15 19 34
15 17 27
10 14 43
20 21 40
19 0 11
23 3 12
20 0 41
15 18 42
1 5 29
16 18 10
14 17 22
2 4 30
7 11 18
9 12 2
0 2 13
7 10 17
16 19 14
1 5 9
6 10 19
22 0 23
11 14 11
19 23 3
21 2 22
4 8 33
11 13 18
15 18 14
21 1 11
8 10 39
15 16 10
6 9 6
16 20 9
18 20 40
17 22 42
18 20 12
4 8 42
19 23 7
6 5 11
0 4 25
23 2 9
15 19 28
2 4 1
7 9 37
4 7 16
13 15 40
0 2 35
8 10 12
2 7 35
16 19 12
22 0 39
23 3 15
15 18 3
1 4 39
12 16 8
9 12 4
0 2 42
23 2 1
4 8 11
4 6 39
8 10 17
7 10 16
3 7 21
13 14 38
8 11 36
1 5 30
10 14 8
19 20 15
21 1 23
21 0 8
8 9 34
8 11 24
6 7 4
0 2 22
0 5 39
21 2 37
3 6 5
20 0 8
22 1 37
17 19 28
7 9 24
12 13 18
9 11 29
4 7 6
22 1 29
17 20 27
21 1 30
17 21 28
0 2 10
7 11 22
17 19 5
13 15 3
23 2 12
5 8 34
21 1 20
19 23 13
0 4 22
22 3 40
20 0 28
1 3 4
0 4 14
20 0 8
12 15 5
1 4 37
15 19 37
5 9 17
1 4 11
23 3 17
20 21 9
6 9 9
19 22 21
19 20 28
21 1 12
15 18 33
14 17 33
4 6 33
23 2 28
10 10 23
13 16 13
22 1 13
9 12 42
14 18 35
13 16 38
6 6 14
6 9 28
17 20 3
20 0 23
17 20 3
11 15 12
20 21 22
5 9 26
7 10 12
21 1 28
11 14 12
5 9 39
11 14 27
4 8 27
7 9 16
7 9 43
23 2 20
3 6 23
14 18 23
18 21 1
8 12 7
19 22 18
17 20 36
12 13 38
23 3 33
17 20 22
8 12 29
19 21 13
19 22 34
10 12 21
3 4 42
18 22 7
1 4 42
6 8 11
6 9 37
13 17 10
22 23 28
7 10 2
7 11 18
23 23 10
6 9 12
1 3 3
7 12 24
2 4 28
1 3 18
3 4 18
22 0 5
10 14 39
4 7 9
2 5 38
7 10 41
7 9 14
16 19 15
6 8 16
1 3 29
18 23 7
18 20 23
10 12 26
14 18 8
1 4 34
20 0 10
8 11 39
19 22 21
7 11 18
20 23 18
20 0 19
23 5 1
0 3 21
23 1 37
9 13 19
6 8 16
21 1 30
15 17 25
12 17 30
23 1 15
15 18 25
7 10 43
17 19 36
19 20 4
9 12 40
18 20 12
17 22 30
8 9 41
22 0 43
23 1 20
3 6 27
1 6 35
7 10 8
9 11 6
8 9 15
7 11 40
19 22 7
2 4 16
14 16 31
14 17 17
12 16 32
10 12 21
21 23 39
1 5 43
23 2 3
15 18 9
12 15 18
13 15 31
7 11 29
6 10 36
6 10 33
14 16 34
16 18 37
17 21 34
12 15 23
6 9 39
14 17 23
6 10 31
15 18 1
16 19 24
12 15 5
12 16 22
7 10 35
12 14 13
20 23 12
17 20 17
17 19 30
1 5 41
9 11 43
15 19 19
7 8 2
16 19 2
6 9 41
2 4 10
12 16 41
1 3 18
0 4 2
10 14 35
20 0 18
11 13 26
16 20 12
20 0 33
23 2 15
13 17 34
23 3 10
9 14 37
20 23 42
5 8 14
15 19 40
20 23 8
16 19 33
3 6 36
15 18 31
17 21 42
7 10 36
7 10 17
20 23 12
5 7 19
21 0 23
14 18 27
16 19 2
9 10 16
15 19 36
0 4 4
16 16 4
21 0 41
16 19 11
10 12 4
16 19 12
18 20 20
7 10 40
14 16 31
2 5 42
8 10 24
4 7 4
17 20 35
20 0 32
8 13 27
12 16 29
22 0 12
4 7 42
20 23 30
18 20 19
6 8 4
5 8 29
13 17 3
17 17 40
15 18 4
10 11 3
11 13 11
15 17 20
21 0 13
2 4 16
7 10 37
19 22 28
21 2 26
4 6 43
12 14 7
19 23 29
8 12 2
4 7 27
8 10 4
3 4 39
0 4 23
3 6 39
22 4 31
6 8 14
13 16 8
14 17 1
3 7 11
8 12 19
7 7 29
13 16 21
9 11 30
0 3 26
10 11 22
18 21 4
14 18 20
7 9 3
15 18 4
15 18 19
1 4 17
21 1 13
12 16 11
21 1 2
13 15 36
2 5 19
18 20 12
4 10 27
18 21 1
4 8 6
21 23 12
11 13 29
23 4 8
0 1 30
4 9 14
8 10 29
15 18 7
21 1 28
6 8 20
18 20 9
18 21 25
16 19 9
22 1 25
18 19 29
15 19 41
17 19 35
17 19 11
3 5 35
0 2 29
17 19 12
21 1 24
16 18 18
18 20 15
2 7 22
15 19 5
17 20 6
10 13 6
9 12 6
22 1 27
20 0 42
23 1 32
17 20 21
21 1 33
5 8 18
13 17 11
17 20 12
20 0 14
8 9 17
0 4 27
16 19 25
11 14 35
19 20 16
21 22 34
14 17 28
1 4 28
11 15 19
10 11 9
22 1 24
15 19 5
9 10 14
7 10 19
1 4 8
20 21 6
9 10 12
3 8 10
7 9 18
23 3 1
20 0 32
22 3 19
8 11 23
20 22 32
11 14 39
10 12 19
7 10 27
8 11 33
9 14 22
17 21 42
11 16 23
19 22 8
5 9 42
5 8 27
11 13 17
10 14 42
7 10 23
5 7 18
21 0 23
1 4 32
23 2 39
1 6 42
2 5 8
3 6 43
6 9 1
0 4 30
8 11 1
23 1 11
10 11 11
5 9 40
8 12 16
9 13 27
0 3 4
5 7 1
10 14 5
5 7 7
4 7 4
0 4 6
10 15 33
3 6 23
5 7 31
0 4 13
10 14 2
17 21 12
22 0 15
2 5 42
15 18 17
16 20 12
11 16 4
17 20 5
6 8 24
2 4 6
14 17 29
8 12 35
23 3 21
3 7 33
22 0 26
21 1 6
10 13 20
5 9 4
4 6 11
7 9 31
20 0 12
13 15 27
10 14 32
7 11 24
5 8 28
4 7 26
23 1 21
17 20 23
3 7 36
8 11 16
0 3 16
17 20 24
0 3 2
9 12 40
22 1 40
9 12 10
22 0 2
22 1 25
17 20 29
6 9 12
22 2 11
8 10 18
0 2 17
13 17 6
10 12 29
20 23 29
13 15 41
19 22 3
10 13 5
22 1 38
17 20 14
3 6 12
21 1 32
3 5 5
15 18 42
1 5 1
16 20 32
14 17 7
2 3 43
2 6 28
11 13 33
12 16 1
20 23 19
14 17 36
14 18 35
18 22 30
22 0 33
13 15 38
15 16 8
17 19 24
5 8 28
9 11 15
15 18 5
4 7 28
0 2 36
8 10 38
12 14 15
16 19 32
4 6 26
11 14 1
23 2 40
11 15 4
21 23 36
7 11 41
18 22 28
4 7 19
20 22 25
4 9 30
18 0 22
1 3 25
11 13 1
14 17 36
19 22 20
2 4 31
5 7 34
18 22 35
12 15 3
22 3 42
5 8 33
18 23 40
17 20 19
8 11 16
22 1 41
4 7 10
16 19 20
19 22 21
13 17 13
13 17 4
11 15 9
3 5 11
5 6 32
11 13 15
0 3 15
3 6 19
4 7 42
23 2 27
1 4 1
21 23 31
8 11 33
15 19 11
6 8 34
19 23 42
5 8 30
10 13 38
6 11 28
7 12 10
22 0 41
0 4 6
22 2 34
22 1 22
15 19 17
3 7 15
0 2 17
9 11 6
14 17 43
20 23 27
11 15 11
4 8 16
20 23 19
22 1 42
15 18 18
4 7 31
15 18 8
17 19 32
21 0 29
1 3 25
15 16 28
10 13 4
5 7 11
13 15 12
22 1 10
10 13 28
9 11 18
9 11 34
5 7 22
11 15 40
20 23 14
14 18 32
14 15 40
10 13 3
16 20 39
14 17 9
10 15 16
14 16 6
16 21 42
1 4 27
10 13 4
10 13 22
2 5 30
20 23 20
6 9 24
1 5 11
8 12 40
7 10 6
14 17 14
5 9 37
4 7 28
0 4 21
23 3 6
22 0 14
22 1 40
9 13 33
14 18 27
10 13 7
2 4 4
7 8 7
10 15 33
12 13 27
13 18 17
20 22 25
15 19 11
6 8 36
11 14 5
3 7 10
2 4 21
18 22 11
6 9 17
23 2 20
2 4 21
13 16 6
1 3 14
16 20 26
13 16 28
9 12 5
2 4 16
10 13 4
9 12 35
23 5 8
3 5 13
22 2 28
13 14 32
3 6 15
22 2 43
1 5 34
2 6 13
8 12 32
17 22 16
2 5 37
21 22 5
11 14 6
21 0 40
6 8 41
7 10 7
15 19 40
18 21 42
20 23 11
3 6 43
19 22 1
4 8 10
6 9 17
17 18 7
2 4 38
20 21 29
13 16 3
4 7 17
14 17 4
21 23 15
7 12 19
23 0 4
20 0 41
14 15 15
18 22 15
3 4 29
16 18 9
18 21 5
11 13 3
13 17 16
15 17 4
13 17 12
9 13 30
4 8 25
10 12 3
20 23 24
5 7 19
6 8 4
18 22 20
1 2 27
17 19 8
6 9 7
11 14 21
1 5 30
14 17 41
12 16 32
15 19 10
6 10 38
9 12 42
5 7 5
10 12 12
11 12 38
22 0 43
21 23 13
10 14 18
1 4 28
12 15 5
19 22 5
12 15 25
3 4 39
14 17 38
2 5 9
22 1 16
0 3 14
9 10 31
8 11 41
9 11 27
20 22 21
11 14 42
15 20 34
19 22 42
18 22 28
22 2 20
10 12 15
5 9 13
6 9 4
17 20 42
20 0 27
21 0 34
21 1 36
8 11 25
6 8 43
11 14 15
4 5 11
23 1 18
21 23 12
13 16 25
6 11 32
22 2 25
14 17 37
1 5 12
1 4 7
23 2 18
15 20 6
19 21 27
2 5 36
13 16 16
4 6 31
12 17 9
4 8 8
18 20 22
13 18 21
6 11 2
4 7 32
7 10 12
22 0 26
20 23 39
20 23 27
15 21 28
11 13 27
16 20 23
0 3 16
6 9 6
1 4 18
14 17 11
1 4 37
5 8 11
4 8 32
1 2 15
7 10 19
1 4 38
8 9 42
1 4 43
16 20 33
17 19 10
15 18 42
9 11 43
20 22 28
15 18 26
8 11 21
20 23 30
17 21 4
19 22 29
15 19 40
9 12 16
3 5 27
0 3 13
8 10 25
4 6 40
10 13 15
19 23 34
4 9 34
16 18 15
18 21 42
20 22 7
5 8 7
14 18 36
12 15 6
10 13 15
10 13 30
4 8 16
15 17 1
7 9 9
3 6 32
0 4 26
11 12 33
5 9 2
17 20 5
7 10 25
18 20 41
20 1 16
19 22 30
12 13 35
20 22 18
13 16 41
4 5 36
2 5 26
0 5 2
22 1 6
4 7 3
19 23 32
0 4 37
15 19 38
14 20 34
3 7 29
16 19 36
23 2 42
9 11 41
14 17 17
6 9 13
5 5 40
5 8 31
3 6 22
10 12 39
20 21 20
5 7 2
18 21 8
2 2 6
3 8 40
11 14 38
6 8 40
21 1 41
16 19 18
10 13 31
5 7 6
3 6 13
0 2 42
15 19 7
18 22 37
15 19 28
22 2 23
23 3 20
23 4 42
1 5 43
0 3 5
23 2 33
1 5 5
14 15 38
17 18 43
4 7 43
10 13 34
7 9 2
9 11 22
8 11 10
4 7 40
1 4 34
16 19 18
17 21 18
23 3 33
2 5 29
3 6 31
4 6 6
4 7 20
4 7 17
22 4 4
20 23 7
16 20 41
22 0 2
23 1 5
4 9 31
13 16 29
16 19 25
11 16 29
0 4 4
9 12 41
21 0 9
20 22 25
16 19 1
16 18 29
7 9 27
8 11 26
22 1 3
6 11 23
7 10 41
23 2 27
17 21 10
18 20 38
4 7 14
9 14 8
22 0 18
21 1 40
5 8 13
20 23 40
7 10 5
13 16 38
19 21 43
13 16 33
22 1 8
17 20 34
14 18 40
14 16 43
23 3 36
10 15 32
11 14 3
5 9 27
16 20 40
10 12 11
12 14 9
20 23 36
18 22 32
5 8 20
18 21 5
22 0 13
10 12 16
23 1 1
10 13 36
1 4 21
5 8 17
20 0 38
14 18 37
18 22 39
13 16 25
2 6 7
22 2 16
4 7 24
0 2 10
9 12 8
7 11 13
22 0 28
7 11 35
17 21 36
20 22 29
2 3 3
16 19 39
22 2 19
15 18 1
20 23 1
21 23 42
23 2 3
14 16 19
5 9 2
0 3 38
7 10 10
18 23 34
23 2 6
0 5 38
14 17 41
19 21 23
3 6 18
19 22 18
22 3 23
1 5 37
0 2 24
11 14 13
4 7 10
21 0 8
19 23 36
9 11 3
7 10 29
20 22 34
15 17 40
10 12 11
17 21 38
3 6 39
20 1 39
2 5 42
9 10 8
13 16 26
0 2 24
7 10 30
13 17 32
10 13 6
22 0 9
15 18 32
18 22 27
16 17 35
22 0 42
5 9 13
1 4 26
21 23 5
22 1 5
20 0 4
4 7 21
0 4 43
9 13 11
1 5 12
5 8 10
4 7 9
12 16 43
8 11 15
11 14 32
5 8 20
6 8 17
19 23 24
6 8 16
21 1 39
11 12 13
21 23 7
15 20 38
3 7 16
15 17 43
9 11 28
5 7 26
17 20 28
16 18 20
16 19 26
6 8 16
22 0 19
0 3 28
8 11 21
13 15 22
10 12 3
1 5 40
6 9 3
11 17 20
21 0 32
23 1 11
16 19 41
11 15 36
10 11 34
7 10 17
4 8 23
18 20 26
10 12 40
9 13 40
22 1 33
17 22 4
2 5 36
5 7 25
18 19 25
15 18 26
5 7 1
3 7 33
9 12 16
8 11 36
14 17 28
5 7 42
10 13 1
5 8 6
3 7 8
7 10 31
19 22 28
1 5 20
18 21 17
14 17 33
18 22 27
7 11 12
5 8 9
16 20 34
16 20 21
8 11 15
14 17 28
5 7 10
16 21 9
0 2 11
12 15 32
0 3 9
8 11 8
12 16 10
23 2 33
3 6 15
21 1 35
2 5 30
7 11 15
2 6 43
22 2 18
10 13 39
8 10 23
1 4 42
11 14 11
23 2 42
11 14 15
2 6 42
22 2 4
10 13 26
1 3 25
1 4 26
14 18 21
2 3 27
13 17 9
16 20 5
13 15 38
8 12 4
4 8 30
9 12 34
20 22 33
20 23 24
7 10 34
7 9 34
9 12 32
15 18 11
5 8 3
6 9 39
8 12 30
20 0 8
9 11 17
2 5 42
14 19 21
12 16 11
18 22 23
13 16 17
10 14 34
17 19 12
16 19 4
0 2 25
16 17 15
17 21 7
1 5 3
23 3 27
23 3 31
10 12 10
5 9 4
10 11 29
9 11 5
16 18 16
1 4 14
8 10 41
9 12 39
8 11 1
14 16 11
9 11 10
22 1 14
4 7 24
19 23 18
3 5 15
3 5 10
5 7 31
20 1 4
4 7 12
21 1 25
16 17 37
14 18 6
2 4 12
13 16 12
9 12 40
4 7 25
19 23 25
13 16 34
15 20 33
2 5 36
15 19 11
14 17 39
6 10 40
0 3 14
18 21 2
18 23 37
13 15 28
13 17 29
17 20 16
6 10 43
10 13 34
15 17 32
14 17 18
12 17 11
4 9 27
14 16 29
15 17 10
5 8 22
4 7 43
21 23 33
13 15 11
8 13 8
11 14 5
6 8 20
12 16 27
2 5 42
22 1 27
5 8 5
0 3 32
23 1 19
5 7 42
1 3 24
15 19 17
15 18 3
13 17 28
8 11 11
20 22 20
1 3 14
13 18 8
13 17 10
23 2 38
22 2 15
20 23 33
0 0 30
5 8 12
8 11 18
12 15 12
1 3 15
7 10 43
5 9 26
18 22 34
8 11 36
1 5 29
23 2 21
14 16 18
1 4 20
18 21 32
20 0 24
20 0 29
20 22 42
17 19 39
11 14 7
19 21 23
15 17 34
3 5 15
2 5 31
23 0 12
19 23 43
13 15 6
17 20 31
9 11 32
13 16 33
1 6 42
8 11 29
20 23 15
4 7 13
17 21 41
15 17 21
11 14 1
20 21 7
15 18 35
3 7 24
20 22 2
9 14 10
18 22 2
15 17 10
5 6 24
8 11 8
15 18 35
11 12 3
10 14 15
23 4 32
6 9 10
2 4 29
3 7 19
8 12 12
14 18 23
9 10 8
14 17 15
16 19 7
23 3 14
4 7 27
23 1 40
3 7 22
17 21 8
4 7 7
3 6 13
22 1 31
10 13 16
13 17 34
7 12 19
1 6 42
0 2 28
21 23 17
22 1 8
15 18 41
12 16 41
9 12 3
11 15 38
6 10 14
6 10 1
20 23 15
1 3 36
17 20 15
2 6 14
21 23 20
0 4 38
8 11 4
3 6 1
21 23 43
13 16 8
21 0 7
22 2 4
16 19 8
15 20 38
22 0 13
6 7 28
4 8 12
22 1 14
6 7 12
11 14 3
15 20 41
14 18 15
11 14 33
21 22 33
20 1 39
13 16 33
5 7 33
20 23 34
17 21 35
6 8 32
17 18 9
21 0 3
9 11 39
7 11 20
12 15 37
20 22 17
6 8 16
23 3 1
23 1 9
8 13 3
20 0 39
7 11 40
18 21 15
14 17 40
0 3 18
1 3 4
11 13 14
6 9 7
23 2 13
10 14 25
22 1 15
12 15 37
18 20 24
5 9 2
18 21 18
2 4 5
14 16 29
8 12 42
4 8 34
8 11 17
23 2 3
11 13 37
14 17 12
6 8 42
19 20 41
4 5 1
18 23 7
12 15 43
3 7 30
20 2 28
9 12 6
20 0 18
16 19 40
15 17 19
0 2 36
21 0 18
23 4 33
4 7 20
22 0 33
22 0 8
6 7 14
2 6 7
20 23 40
23 3 17
20 23 29
14 16 22
16 21 31
2 5 19
2 5 34
8 12 31
13 17 32
3 6 27
4 7 14
20 22 37
11 15 34
9 10 42
9 13 7
13 17 41
2 6 12
8 9 22
5 9 23
1 4 42
3 7 24
13 15 38
12 15 4
4 4 3
19 20 10
0 3 7
18 22 16
16 19 6
22 0 38
11 14 23
15 21 29
4 7 16
8 11 21
14 17 4
10 13 36
7 9 32
9 12 2
6 8 5
2 5 1
8 12 9
14 18 10
5 8 8
2 5 3
15 18 39
12 15 31
23 2 27
23 3 31
5 8 6
23 2 32
3 6 8
4 7 3
22 1 1
12 13 20
15 17 34
2 6 26
16 21 1
12 14 17
18 21 11
3 5 6
20 23 3
3 6 31
12 14 22
3 6 36
9 13 11
12 15 20
22 1 12
8 11 29
14 15 28
9 9 23
7 9 34
5 7 3
20 23 40
10 13 11
1 4 23
2 6 40
12 16 38
13 18 25
21 0 23
0 4 28
13 16 27
11 13 32
17 18 38
21 0 34
6 10 31
14 16 2
22 2 24
3 7 18
10 14 28
6 9 10
15 17 14
11 13 17
20 22 3
11 14 9
13 15 27
20 23 4
8 11 14
18 20 11
4 8 31
3 5 16
20 23 22
20 23 35
16 18 31
14 18 32
8 8 29
16 18 43
9 14 5
15 18 11
19 22 38
17 20 25
4 7 29
12 16 14
6 9 31
12 14 33
15 18 34
9 12 15
12 15 37
23 1 6
22 0 41
4 7 43
11 15 12
6 9 26
15 19 39
15 18 25
7 8 27
11 13 2
10 13 26
14 17 40
7 9 12
13 15 8
1 4 6
20 0 25
21 0 43
19 22 38
14 17 31
1 3 24
3 9 4
6 8 21
6 10 19
10 14 40
15 18 23
8 10 15
8 10 5
11 13 17
14 18 29
14 18 43
4 6 18
7 9 22
11 12 41
23 2 16
23 4 27
17 19 11
6 9 19
0 5 19
7 10 23
14 17 6
15 18 35
17 21 38
19 22 29
17 20 28
19 22 21
22 1 24
5 7 2
7 9 14
7 10 12
6 8 18
0 3 4
2 4 8
2 5 13
11 13 26
5 9 9
13 16 19
7 10 26
5 6 25
20 1 17
17 21 9
18 21 5
9 12 19
6 11 7
3 5 1
5 9 36
8 9 41
18 20 29
19 22 39
23 4 8
9 12 41
0 1 24
4 8 1
20 1 34
7 10 3
14 18 32
16 20 1
11 15 5
17 18 37
7 11 34
12 13 4
22 0 30
1 4 21
23 2 31
1 4 40
6 10 3
14 16 21
2 5 41
22 0 42
0 3 20
2 4 1
4 7 7
14 17 28
5 8 7
4 8 11
5 8 43
17 18 19
9 12 4
16 20 35
20 1 22
17 18 3
7 8 6
21 22 37
7 9 16
14 18 25
15 18 3
11 13 28
14 17 27
5 8 24
17 19 24
11 15 2
22 1 40
10 12 11
17 22 16
6 7 22
8 11 9
6 10 24
22 1 17
16 20 24
6 7 43
7 11 19
12 16 41
8 12 24
5 10 39
18 21 37
15 19 13
16 21 5
20 23 17
20 22 26
0 4 41
0 3 42
12 16 12
1 3 20
7 11 13
10 13 36
7 11 12
21 0 16
4 8 27
14 16 28
17 21 43
7 10 36
14 16 21
17 20 6
6 9 9
16 18 11
7 12 18
7 12 43
21 1 7
23 1 4
2 5 1
13 16 16
19 21 41
9 11 32
12 14 6
15 17 24
3 4 42
13 17 24
20 23 40
20 23 37
17 21 33
7 9 40
1 3 10
10 13 21
4 7 22
9 12 38
20 21 18
3 7 17
12 15 35
21 23 17
12 16 26
19 22 3
0 3 36
11 13 14
1 5 35
4 8 2
8 12 21
7 10 14
10 13 25
20 21 30
7 9 43
12 16 10
8 11 7
23 4 9
2 6 7
4 8 20
11 13 2
9 10 35
15 19 17
0 2 38
0 4 15
22 1 20
16 19 8
6 10 31
7 9 6
23 2 12
18 20 17
13 17 26
14 17 13
10 14 33
5 6 24
17 19 33
11 16 41
2 5 25
23 1 6
18 22 42
3 7 27
19 22 35
15 20 23
18 22 32
10 13 28
20 23 20
22 23 24
19 23 29
0 5 28
22 2 11
10 10 3
3 7 7
0 2 25
1 2 1
22 0 2
9 10 32
19 22 27
17 19 41
21 23 9
8 13 2
2 5 10
11 16 13
7 9 29
12 15 26
12 15 18
22 0 4
13 19 33
6 10 14
11 15 13
22 2 1
16 18 30
15 18 37
10 14 38
11 14 40
9 12 2
10 13 24
19 22 34
19 22 37
1 4 4
21 0 15
0 3 40
1 3 22
13 17 12
22 0 24
2 6 13
5 10 29
18 21 26
9 13 42
7 10 23
18 23 9
13 17 7
21 23 30
16 19 18
3 7 7
21 1 8
14 19 38
6 9 33
13 17 20
2 6 18
8 12 14
12 14 12
6 11 14
4 6 18
14 18 10
22 1 15
7 10 11
6 7 28
15 20 36
21 0 24
4 7 26
2 5 23
8 11 15
12 14 7
15 19 9
8 13 35
13 16 25
23 1 36
1 5 2
13 17 13
22 1 3
21 0 11
5 8 23
6 11 38
0 4 14
13 18 16
13 17 23
17 19 26
8 11 24
14 17 33
20 23 41
5 8 1
15 18 17
19 20 18
4 5 30
14 15 29
7 9 13
16 19 17
20 0 39
12 15 14
14 16 3
1 2 8
18 20 28
13 15 25
13 16 42
8 12 38
0 2 43
8 10 34
17 21 42
23 0 7
21 23 31
10 13 3
3 7 18
15 17 21
15 18 29
18 21 40
22 1 20
11 14 16
15 18 30
4 6 32
20 23 35
21 0 23
15 18 29
16 20 40
0 3 38
12 15 21
9 13 6
13 17 3
17 21 22
12 16 3
7 10 23
1 3 2
23 1 20
17 19 14
23 3 13
1 4 6
22 23 28
10 13 8
3 6 38
7 10 22
13 18 42
4 6 21
23 3 38
20 22 22
6 10 32
23 3 28
21 1 11
2 4 31
1 4 36
10 12 8
16 20 35
3 5 37
14 17 30
16 18 12
20 22 35
19 22 30
2 3 22
13 16 41
17 20 35
5 7 31
12 16 33
9 13 20
17 22 28
10 13 9
17 19 31
22 1 18
23 2 29
13 14 25
10 13 15
2 5 10
14 16 29
4 7 6
2 4 30
4 7 40
3 6 2
3 5 16
5 9 7
3 7 25
2 5 10
16 20 2
19 23 24
4 8 35
7 10 18
2 5 34
21 0 2
6 10 36
6 9 34
1 4 38
1 4 1
17 21 26
19 23 15
19 22 21
19 21 4
22 1 12
22 1 26
16 19 15
1 5 16
23 2 22
5 7 35
15 17 7
19 22 10
17 18 39
19 21 5
0 3 6
12 16 20
1 5 4
17 20 31
14 17 15
4 7 27
7 11 13
7 11 4
22 2 18
5 7 43
15 18 5
18 22 42
13 16 36
4 6 10
6 9 3
9 12 38
1 5 39
13 17 43
12 17 41
6 9 26
2 5 41
3 5 6
8 10 28
2 4 39
4 8 11
4 7 15
6 7 2
12 14 42
22 2 21
13 17 19
21 0 8
5 7 9
16 17 42
8 11 4
12 15 38
6 10 24
3 7 37
17 21 13
6 8 40
17 21 19
23 4 43
1 2 9
16 18 18
12 13 5
5 8 22
22 1 29
22 3 11
13 14 2
14 18 3
14 16 20
15 20 13
1 4 31
0 3 41
20 23 31
12 16 2
8 11 19
4 8 38
22 1 39
23 1 12
14 18 30
14 18 24
4 7 14
9 13 4
17 19 7
3 5 29
19 0 35
8 11 21
19 21 11
23 1 14
8 13 6
2 5 4
18 21 12
10 14 8
16 18 5
9 12 43
5 8 38
17 20 11
9 13 35
15 17 19
14 17 8
11 12 18
18 22 21
18 20 24
2 6 37
11 13 6
1 2 1
20 23 19
13 16 32
5 7 34
20 23 28
14 18 18
2 5 28
21 0 34
12 15 11
20 22 28
6 10 26
19 23 35
6 9 7
23 1 40
23 3 43
14 16 9
16 20 18
12 13 11
5 8 25
2 6 14
17 21 30
14 18 30
15 18 13
2 6 26
5 9 2
8 10 10
18 21 30
2 6 33
10 13 37
0 4 10
19 22 1
4 5 1
0 4 1
20 22 32
5 8 3
2 5 5
10 13 16
22 1 22
2 4 29
12 16 33
12 17 11
7 10 31
0 3 34
12 15 36
10 13 3
12 15 19
3 5 21
15 17 2
12 16 41
14 17 28
2 6 34
8 11 21
4 6 33
23 3 17
8 13 11
16 19 6
6 8 32
6 9 37
0 1 13
22 0 34
10 13 16
7 11 13
17 18 29
0 2 14
21 1 17
11 14 27
12 15 37
3 6 39
18 21 17
18 21 6
17 20 25
13 17 12
7 10 43
1 5 34
13 16 3
23 1 4
20 0 36
1 4 36
21 23 43
17 22 33
9 11 35
8 12 36
10 15 28
22 3 6
9 10 27
10 13 14
2 5 11
1 3 40
13 17 38
9 13 22
4 6 15
18 20 38
0 4 42
16 18 14
15 19 23
12 16 29
23 2 34
9 10 31
10 12 5
23 2 14
20 23 31
23 1 22
17 19 33
16 19 23
17 19 27
11 13 30
9 13 13
8 11 11
1 5 25
23 3 4
5 8 9
7 9 25
13 17 35
18 20 37
22 1 4
21 1 15
7 10 19
12 15 21
7 9 17
8 10 15
20 23 9
2 4 5
15 18 30
15 18 16
12 14 38
14 18 32
20 0 14
5 7 7
15 18 13
2 4 19
2 5 17
12 14 20
23 3 18
9 11 26
1 3 13
6 9 7
2 5 13
14 18 34
11 14 26
16 20 38
4 7 14
5 8 26
16 20 39
11 14 31
18 20 15
5 8 19
12 14 23
6 9 9
19 23 6
17 22 38
8 10 7
8 10 14
18 20 20
2 5 19
14 18 19
2 4 4
7 11 27
0 3 13
22 0 32
2 2 18
2 7 18
23 2 9
16 18 31
10 13 4
0 2 24
7 10 11
19 20 24
23 3 19
6 8 19
15 17 30
6 8 38
17 20 19
5 7 34
0 2 33
9 13 41
17 19 21
15 17 15
21 1 23
21 2 19
13 16 20
10 13 34
21 0 24
8 12 16
8 10 39
17 21 37
4 8 5
5 8 27
6 9 30
17 20 41
21 2 13
11 16 25
18 20 30
18 20 16
2 5 29
23 2 19
1 4 32
19 23 14
19 0 3
7 10 20
0 3 2
13 17 26
0 2 9
21 1 7
7 10 38
0 2 29
6 10 25
15 19 7
11 14 35
17 19 18
0 2 26
8 12 3
8 10 16
6 10 35
22 1 32
3 6 23
11 16 24
10 12 11
7 10 30
0 2 18
13 17 21
12 16 34
19 22 40
7 8 29
0 3 27
13 16 42
6 8 36
16 19 11
4 5 2
20 23 8
10 13 3
9 12 28
21 1 29
11 15 3
7 11 33
18 21 39
21 0 29
17 20 26
2 5 1
9 13 10
20 23 41
9 13 4
4 8 29
5 10 40
4 8 6
20 23 24
15 17 18
5 8 27
18 21 2
11 17 20
14 17 43
11 13 20
23 1 37
7 9 9
20 22 27
23 3 10
7 9 23
17 21 8
10 12 36
12 14 1
21 1 39
20 1 5
0 2 13
2 4 31
22 1 20
1 5 39
11 12 35
1 3 4
12 15 10
9 10 14
7 10 20
12 15 13
16 19 24
7 9 8
5 9 2
21 1 32
10 14 10
3 5 42
10 13 5
13 16 36
14 17 38
13 18 27
3 8 28
20 23 26
12 15 29
7 11 35
3 7 25
3 7 43
23 4 14
22 1 2
7 9 31
3 6 34
9 11 17
14 15 38
12 16 26
21 22 3
12 16 21
5 8 34
22 1 11
12 14 12
16 19 5
17 19 40
0 5 34
1 3 2
9 12 14
19 23 8
11 14 7
10 13 26
8 11 18
18 21 5
0 4 37
4 9 39
0 3 21
0 4 29
2 6 42
15 18 27
2 6 38
16 18 27
8 11 9
19 23 41
4 10 38
17 20 36
1 5 13
18 22 7
10 13 42
7 9 35
6 9 34
10 13 1
7 10 2
21 0 43
18 20 5
13 15 26
4 7 35
5 9 24
10 13 19
7 10 1
2 6 35
7 8 4
20 2 24
11 13 2
17 21 8
16 20 31
14 15 14
19 22 12
20 23 30
20 0 34
0 2 41
23 1 39
19 22 38
14 17 31
3 7 41
17 19 13
0 4 35
4 8 11
10 11 26
18 20 19
16 19 13
5 9 22
19 21 9
9 12 12
5 9 14
4 6 15
3 7 28
21 23 30
14 16 20
5 9 7
0 1 2
20 22 4
23 2 21
1 3 29
3 6 16
7 10 33
20 23 37
12 15 17
11 13 20
5 9 26
12 15 22
1 5 25
11 12 17
4 7 34
15 17 8
7 10 35
19 23 37
4 5 33
4 7 2
20 0 39
15 17 28
5 8 34
4 6 31
1 3 8
13 15 28
14 17 21
12 14 2
21 1 12
21 23 33
8 10 20
20 23 34
14 18 12
9 12 33
9 12 24
17 21 19
22 1 23
23 4 16
23 2 8
18 21 1
10 13 41
21 0 36
1 3 28
3 6 19
19 22 25
0 3 12
0 4 8
16 21 29
3 5 27
20 0 11
20 0 14
7 9 42
11 15 43
11 15 22
17 18 5
16 20 40
22 1 26
1 5 1
5 8 7
10 13 2
7 12 16
5 9 35
1 3 18
7 10 2
10 14 8
18 22 2
21 0 10
18 21 14
18 21 8
12 14 34
12 16 36
2 6 12
13 16 15
11 15 5
21 23 20
21 23 14
1 5 19
21 0 9
6 10 15
3 5 15
0 3 9
8 12 22
18 21 41
4 5 24
18 21 15
17 21 6
20 0 2
11 15 6
3 7 4
7 9 40
0 3 27
5 8 6
9 12 29
13 17 6
0 2 7
17 20 29
13 17 18
5 10 30
3 5 11
0 5 37
0 3 42
9 12 17
18 21 29
21 1 6
12 15 11
5 9 38
15 18 28
17 21 19
19 22 12
1 4 24
12 14 29
4 6 11
4 7 37
5 7 10
19 23 1
21 1 34
6 10 8
10 14 33
16 18 42
4 9 13
6 8 24
1 4 7
6 10 25
3 6 30
18 22 6
3 6 34
13 15 23
12 14 1
2 6 9
4 6 39
13 16 5
12 14 12
20 21 4
16 19 41
0 2 22
21 23 11
17 19 19
21 0 11
22 2 37
8 11 8
3 5 5
0 2 39
4 6 1
13 17 36
15 16 22
11 14 37
23 3 29
13 15 13
20 23 15
13 15 28
13 17 43
12 16 42
1 5 6
5 9 16
12 14 25
17 19 3
23 2 26
1 3 22
20 22 4
22 2 6
14 19 25
9 10 12
6 8 28
23 1 8
3 6 14
4 5 7
3 8 17
1 3 21
19 21 38
12 16 31
17 19 12
12 16 25
17 20 22
19 22 38
0 4 39
8 14 12
11 14 34
8 12 43
21 0 31
14 16 32
5 8 24
12 15 7
17 21 43
14 17 30
18 20 11
13 14 40
10 14 30
4 7 24
22 1 36
15 20 22
9 12 37
23 1 22
15 18 18
14 15 6
9 13 15
7 11 1
23 2 36
12 15 15
4 9 13
5 7 21
8 10 9
10 12 26
15 16 1
2 4 14
19 22 24
22 3 30
20 23 1
20 1 16
21 23 13
18 20 20
11 15 33
1 4 41
20 0 24
7 10 16
16 17 29
11 14 13
15 18 35
15 21 33
13 15 29
0 3 19
6 10 2
7 10 30
10 12 27
21 23 3
18 20 15
17 20 9
2 4 30
19 21 10
1 5 12
15 19 37
0 2 13
1 5 1
14 16 29
13 17 3
23 3 42
12 14 35
7 9 37
19 23 7
19 21 36
15 20 5
18 0 8
17 20 20
16 20 2
8 11 8
13 16 11
14 16 29
4 8 7
12 14 16
14 16 6
8 10 33
17 19 16
0 2 43
23 3 7
22 0 28
14 17 18
13 17 9
22 23 29
11 14 2
7 9 16
23 3 4
14 18 32
0 4 15
20 1 17
11 16 3
18 21 32
7 11 10
19 22 26
1 4 22
11 15 2
15 18 17
7 8 13
9 13 21
0 2 41
5 7 20
14 16 30
7 9 39
1 4 30
9 13 30
5 9 29
14 17 32
12 15 13
7 11 7
1 4 17
4 5 5
0 2 39
15 18 13
22 1 12
22 1 11
7 8 1
15 19 42
10 12 19
0 4 13
12 14 37
22 2 5
22 1 17
6 7 12
6 10 24
18 21 39
11 12 29
21 0 18
22 0 10
5 7 23
23 2 36
8 12 27
11 16 7
1 5 17
9 13 6
10 12 20
23 4 29
18 21 32
6 9 27
3 5 38
2 5 7
17 19 28
1 3 29
5 9 42
18 21 20
10 15 26
8 12 19
18 22 37
6 10 9
18 21 31
3 6 5
17 20 13
15 18 30
15 17 14
20 0 14
0 2 28
22 23 33
18 20 6
8 12 38
16 20 27
23 1 17
12 15 4
3 5 39
7 11 34
2 7 23
18 22 19
5 7 36
17 21 36
3 6 38
9 13 35
11 15 8
1 5 30
8 9 15
9 13 36
16 21 11
6 9 14
8 13 31
15 19 43
3 5 17
19 21 24
22 3 17
18 21 32
16 18 29
12 16 19
15 20 10
16 19 2
12 15 28
9 13 9
20 21 14
10 11 30
23 4 13
7 9 20
2 6 17
21 23 24
15 18 17
11 14 38
8 11 1
13 16 35
11 16 38
16 19 2
18 20 17
2 6 17
23 3 27
14 17 24
22 0 24
20 22 31
3 5 17
7 9 42
7 11 3
23 3 43
0 3 28
20 0 5
17 19 23
20 21 16
22 23 41
23 0 5
11 16 27
7 9 14
12 16 2
15 18 28
11 14 15
9 14 14
21 1 42
15 19 34
23 1 27
20 23 19
17 20 23
6 8 21
16 20 25
21 23 28
5 7 39
15 19 14
0 4 8
5 8 42
2 5 42
17 19 27
8 11 4
2 5 27
1 3 30
22 2 18
6 7 12
3 7 22
13 17 24
12 17 20
6 9 32
8 10 17
4 8 15
3 6 3
23 0 34
10 14 4
10 12 35
13 17 23
19 23 15
20 0 37
20 23 4
13 16 15
15 18 4
4 6 5
21 0 8
5 8 27
8 11 10
7 10 16
20 23 24
14 16 43
1 4 36
18 20 16
3 5 35
1 3 34
23 3 18
5 9 4
2 5 23
22 2 24
17 21 18
16 20 12
2 6 42
15 18 43
14 16 14
16 18 20
3 7 18
3 4 22
14 17 22
22 3 23
15 18 33
16 19 27
3 5 35
3 5 19
8 11 18
8 10 38
1 4 16
18 20 39
4 8 6
7 11 42
3 7 3
14 16 36
13 16 17
4 8 1
0 3 5
20 22 33
20 1 23
7 10 20
13 16 34
2 5 18
21 23 42
17 20 1
16 18 3
15 16 38
23 3 30
0 3 5
13 16 6
21 0 13
11 14 35
7 11 28
18 21 34
13 15 28
13 15 3
18 21 1
1 4 13
18 21 42
1 2 19
21 1 2
3 6 11
12 17 31
16 18 34
6 8 8
7 11 32
8 11 41
18 21 22
4 6 18
16 18 1
13 14 22
22 0 25
8 11 10
0 2 29
9 12 25
6 8 2
17 21 6
13 15 42
14 16 8
21 1 8
16 20 42
18 19 15
17 19 3
18 22 25
18 19 38
15 20 17
11 15 37
11 14 14
21 3 27
12 15 12
14 18 39
14 17 21
2 6 33
23 1 26
23 1 22
2 5 34
7 11 34
4 7 42
9 12 4
16 20 42
10 13 43
4 6 30
5 9 11
13 17 22
3 8 27
20 22 42
3 6 30
17 19 21
5 7 3
1 5 4
8 12 31
21 23 38
11 13 42
5 8 7
5 8 13
0 2 25
0 3 15
20 22 1
2 3 20
6 10 17
13 17 1
10 12 39
3 7 20
13 16 33
9 12 39
17 20 17
11 15 6
21 0 26
6 8 19
21 0 21
12 15 20
2 5 37
5 8 10
8 13 24
1 1 12
2 5 14
15 18 4
8 10 41
10 14 38
16 18 11
20 2 43
9 11 24
13 16 31
12 14 5
17 20 20
3 6 37
5 9 34
2 4 36
1 4 20
2 6 34
8 10 22
10 12 23
0 2 28
0 4 22
11 14 11
1 4 25
20 0 23
17 20 10
12 16 4
18 21 3
18 21 35
13 16 9
14 16 28
11 15 40
5 7 2
19 21 37
5 8 21
16 19 35
7 11 32
8 11 15
14 18 17
13 17 8
7 12 5
3 7 24
14 17 6
22 1 8
5 10 1
12 15 23
20 23 5
13 14 35
5 8 33
7 9 8
15 19 43
10 12 24
22 0 35
9 11 35
11 14 27
4 8 40
23 3 26
8 11 24
13 17 32
7 10 38
13 16 17
15 18 34
14 16 36
6 9 34
9 12 1
8 12 41
11 14 10
5 8 18
7 9 40
21 0 17
16 18 18
22 2 37
19 22 10
1 5 39
4 6 33
1 2 32
15 17 42
13 15 30
19 21 5
2 6 5
3 5 18
0 4 25
15 19 35
19 22 7
6 9 17
0 3 23
2 4 35
16 20 6
10 11 15
21 3 37
8 11 10
15 19 34
14 17 18
18 21 16
12 16 8
6 11 36
15 18 32
19 22 9
22 2 40
10 12 34
16 19 40
19 23 24
20 22 26
2 6 8
8 12 26
8 13 15
8 12 24
3 5 21
19 22 12
8 10 15
18 20 13
21 1 22
0 2 34
18 23 37
18 21 39
13 16 10
11 14 42
15 18 9
6 9 18
14 16 13
16 20 7
16 19 7
16 20 27
2 4 28
21 0 1
4 8 22
6 10 23
7 10 31
14 17 2
22 1 5
10 14 34
21 3 38
2 8 33
20 23 30
5 7 12
21 0 30
16 18 37
1 5 16
13 16 15
20 23 24
23 2 36
7 11 41
22 2 35
3 6 42
19 22 29
15 20 5
16 19 35
19 21 35
4 6 22
20 22 38
15 18 19
18 18 40
13 16 1
1 4 24
22 0 2
13 15 25
3 5 2
18 20 27
13 17 32
16 19 23
18 21 6
15 18 38
20 1 17
0 3 4
22 1 6
21 0 13
9 13 35
1 3 32
9 12 27
7 10 2
14 20 3
4 8 43
16 18 21
20 22 5
9 11 39
18 20 16
16 19 23
18 18 19
13 16 2
22 23 22
5 9 33
20 23 29
20 23 24
17 20 2
17 21 9
11 13 18
0 4 32
7 9 19
9 13 4
2 5 41
13 15 9
15 20 10
18 21 42
5 5 19
23 3 4
2 5 32
14 19 4
23 3 31
21 0 12
22 1 20
6 9 33
22 22 1
5 9 11
20 23 18
9 13 32
6 7 28
21 1 40
12 14 7
17 19 14
0 2 29
2 5 39
12 14 6
7 11 39
7 12 43
13 15 4
0 4 33
22 1 23
11 14 7
16 18 13
15 19 11
6 7 25
10 11 10
8 11 31
17 20 30
11 16 12
15 19 12
13 15 22
10 13 30
15 19 5
16 19 4
13 15 23
19 22 38
8 11 23
11 16 22
13 15 37
12 15 9
23 3 34
19 21 38
23 2 14
21 1 10
23 3 39
13 16 21
4 9 4
1 3 43
20 23 43
0 3 9
12 14 40
11 15 32
11 15 35
21 23 42
12 14 29
17 18 23
9 12 27
16 19 33
21 0 16
15 17 2
19 21 22
11 15 23
15 19 34
3 6 1
21 23 19
9 12 15
17 21 38
12 15 32
19 23 2
3 7 12
8 12 15
3 6 12
5 7 7
18 0 37
12 16 5
19 22 10
16 18 11
20 0 36
1 4 18
0 1 30
15 18 6
5 7 1
0 4 24
12 16 18
6 7 12
21 1 4
13 17 41
14 17 18
2 4 15
8 12 20
9 12 38
19 1 1
11 14 39
10 13 32
6 8 23
4 7 8
12 16 24
8 10 24
0 4 4
3 4 18
12 17 30
17 19 35
12 15 40
15 19 9
18 21 8
15 19 41
15 16 36
14 18 39
21 0 6
0 4 7
22 1 42
20 22 42
16 18 9
21 2 33
15 19 42
13 16 7
21 0 16
7 10 28
1 4 33
22 0 8
8 11 1
10 13 31
9 14 14
2 4 28
8 11 40
18 21 10
10 15 24
19 22 28
22 1 3
14 15 7
15 18 1
10 12 31
15 18 4
15 15 5
20 0 7
9 11 10
13 16 15
23 1 20
22 1 34
1 3 30
4 8 42
9 12 14
21 1 17
2 5 34
6 10 25
6 9 21
15 15 43
14 18 14
0 3 12
19 21 5
3 6 9
7 9 34
18 22 14
19 0 9
15 18 3
10 14 19
13 16 39
3 5 40
16 19 42
14 18 10
1 5 13
0 2 31
19 0 35
10 13 13
8 12 9
19 22 16
18 20 37
13 16 7
22 1 35
2 6 33
20 23 14
16 18 35
8 11 22
13 15 26
19 22 40
0 2 27
6 10 30
12 14 2
10 14 8
15 16 12
8 10 10
23 3 38
13 15 34
6 8 25
3 5 33
23 1 40
10 11 3
17 20 31
3 5 36
4 4 6
18 21 7
23 3 29
3 7 26
11 14 24
13 16 9
18 20 26
5 8 29
8 13 18
11 15 12
19 22 28
7 11 8
1 5 32
21 1 38
17 20 18
3 7 12
8 10 8
20 23 16
19 23 42
21 1 34
7 9 38
20 23 32
14 17 21
7 10 41
17 18 12
11 16 22
4 8 4
10 13 42
22 0 31
15 19 32
19 22 16
6 9 42
5 6 13
5 8 18
13 16 33
8 10 8
17 20 34
22 0 14
20 0 25
0 4 6
17 20 39
1 5 23
14 18 7
17 20 4
3 4 11
14 15 17
14 18 28
10 10 8
12 15 38
2 5 23
1 5 4
13 18 14
18 22 5
0 3 17
18 21 1
11 14 28
8 12 32
12 14 3
2 5 17
22 2 7
14 16 4
2 5 24
9 12 23
6 9 24
23 2 24
16 19 10
5 8 24
16 19 27
11 16 40
8 10 4
5 7 36
9 13 7
18 21 36
10 14 4
5 8 40
23 3 39
6 9 17
11 15 10
14 19 22
13 15 30
4 6 43
10 12 25
15 18 13
14 18 24
10 16 6
3 4 28
1 4 34
0 3 35
14 18 26
6 8 7
15 17 23
7 11 31
19 22 25
21 23 7
22 0 29
15 19 38
22 2 19
18 22 2
18 21 27
6 9 30
15 18 41
14 17 2
10 13 22
6 11 40
18 21 2
13 16 4
20 23 7
18 20 27
18 21 6
17 20 14
5 9 15
1 5 12
10 12 26
3 8 39
8 10 37
18 22 6
11 14 30
11 15 34
4 6 21
9 12 1
15 19 32
7 8 32
1 2 19
16 20 9
17 20 18
20 23 21
21 0 5
4 8 6
0 3 13
7 10 23
2 6 34
13 14 27
21 0 18
0 4 3
6 8 30
12 15 43
17 21 27
8 11 32
23 2 23
23 2 7
12 15 21
21 0 9
15 17 22
16 17 29
1 4 19
16 19 32
20 22 15
0 3 30
5 9 14
19 21 30
13 17 10
13 17 14
13 16 14
2 4 10
13 16 31
14 17 11
16 19 13
20 0 31
21 1 18
10 15 39
21 22 6
23 1 13
19 22 33
12 14 28
13 16 10
18 20 17
18 22 23
2 6 39
4 9 42
12 16 27
7 10 17
3 6 43
9 12 15
3 6 27
4 8 41
22 1 39
9 12 20
6 9 22
14 17 41
20 22 24
6 8 31
8 11 30
5 9 19
4 6 19
12 15 12
13 16 12
23 2 36
12 18 28
14 16 24
23 2 19
13 15 3
0 3 29
13 16 23
6 9 3
14 16 27
14 16 29
17 20 38
2 4 41
10 12 43
12 14 34
5 7 17
0 4 41
1 3 40
5 7 33
11 15 4
9 10 32
4 6 16
4 7 26
3 6 43
0 4 36
20 0 30
19 1 17
19 23 31
20 21 20
20 23 24
14 18 7
5 9 36
4 6 25
6 10 39
1 2 25
2 4 34
20 23 5
16 19 8
13 17 36
21 1 37
4 6 19
1 4 4
1 4 20
19 0 1
0 3 22
11 14 27
4 8 42
23 3 8
7 11 5
12 15 24
11 12 10
12 15 1
11 15 16
4 7 37
16 18 25
5 8 28
17 19 22
4 7 1
18 21 42
20 23 17
21 1 1
1 4 28
10 14 28
3 6 43
12 16 11
19 21 9
2 6 17
20 0 39
9 12 42
10 14 15
19 22 26
12 16 19
14 17 6
5 8 2
6 7 35
1 3 42
20 0 24
16 18 21
7 10 41
9 12 8
4 7 16
1 4 7
21 23 35
8 11 42
6 8 29
12 16 32
20 0 33
11 13 13
14 17 33
8 13 16
18 21 39
1 3 40
17 19 29
14 18 17
11 15 24
17 21 6
17 19 4
22 1 26
21 0 26
5 8 36
2 5 11
6 11 40
3 5 12
7 11 41
9 12 28
21 22 11
8 10 6
3 7 38
23 0 27
11 14 22
18 20 32
18 20 4
2 4 33
1 3 27
3 7 13
12 14 18
12 16 9
20 21 11
23 3 10
4 5 18
10 10 30
17 19 43
4 7 18
8 11 21
6 7 23
19 21 42
7 9 27
20 22 11
15 17 25
19 21 42
19 22 22
0 2 32
2 6 8
3 5 15
21 23 18
22 3 26
14 18 1
9 13 36
17 20 1
12 15 24
14 15 12
21 0 32
16 16 27
6 8 6
19 23 43
7 10 12
17 20 24
6 9 6
3 6 30
12 13 37
23 2 32
16 21 8
2 5 28
17 18 21
18 22 33
11 14 14
17 19 5
12 15 41
9 13 32
8 9 20
4 8 15
3 6 2
3 7 13
10 13 24
18 20 38
18 22 37
13 16 40
19 21 15
5 8 7
19 20 25
15 17 22
19 22 20
8 11 43
4 6 38
19 23 18
7 9 25
21 1 2
9 12 27
20 21 5
4 7 33
19 23 10
9 12 7
0 2 32
3 5 40
21 0 35
10 13 13
13 18 37
12 13 12
14 16 37
15 16 28
23 3 42
20 1 34
1 5 2
19 22 11
7 9 30
5 9 30
19 23 9
9 13 24
11 14 18
7 12 35
0 3 6
20 22 19
3 5 3
2 4 42
16 19 43
11 13 6
22 1 26
8 11 23
9 13 18
15 17 15
21 1 38
11 13 35
14 16 25
11 14 34
0 3 17
8 11 16
7 11 29
20 22 22
15 18 30
3 6 4
15 18 39
12 15 17
14 17 41
13 16 16
21 2 41
1 6 15
12 16 5
4 7 35
16 18 28
4 9 13
2 6 2
21 23 16
3 7 1
16 21 6
4 8 16
0 3 25
19 22 2
8 11 40
6 10 10
8 12 38
8 10 1
15 19 18
12 15 32
14 18 33
17 19 39
2 5 36
13 17 30
13 18 20
8 12 2
10 14 23
6 8 36
6 10 8
10 13 30
5 7 24
20 23 7
0 4 15
15 19 6
0 3 27
16 19 33
2 5 26
4 9 10
21 0 23
16 18 37
8 12 18
16 19 25
16 19 28
1 4 34
9 12 19
14 17 7
7 10 31
0 3 36
12 14 15
23 1 22
14 18 35
4 5 25
13 17 43
17 20 36
22 0 35
16 19 33
17 20 41
14 17 1
13 16 25
12 15 22
9 11 32
18 21 5
4 7 30
4 8 16
5 8 36
13 19 9
20 23 14
2 5 12
17 20 36
16 18 26
2 3 9
1 4 3
20 23 17
8 10 5
3 5 10
22 0 10
4 8 15
12 15 39
7 10 33
12 17 4
23 2 35
4 5 15
4 6 8
16 19 36
6 10 26
2 6 23
13 16 19
4 7 24
15 16 12
19 21 20
20 23 30
8 11 26
14 16 8
5 8 6
7 10 24
15 16 43
11 13 34
5 9 41
8 12 26
12 15 27
11 15 32
7 10 26
5 6 34
2 5 31
2 3 30
15 19 10
20 23 13
16 18 35
8 10 41
17 22 30
14 17 21
4 5 14
10 13 17
6 9 10
6 9 23
23 2 31
17 19 34
8 12 26
11 13 3
16 20 16
9 12 11
10 14 35
2 3 30
11 13 10
5 7 30
10 13 34
16 21 7
23 3 28
5 9 12
9 12 24
7 9 22
8 12 35
19 22 39
16 20 43
10 12 32
14 18 43
0 4 23
3 6 17
19 23 1
23 4 9
21 22 31
5 10 37
20 1 15
3 7 22
22 3 37
17 21 30
7 10 12
18 20 9
15 18 14
13 16 25
18 21 40
6 10 36
6 8 2
20 0 35
17 17 31
5 10 34
23 2 10
14 20 41
11 15 3
2 4 34
21 0 2
16 19 6
8 10 3
20 22 27
15 19 22
13 17 10
14 17 23
18 21 8
12 15 13
22 1 14
16 22 16
6 8 26
15 18 10
2 5 19
15 20 4
6 10 16
9 13 41
5 8 25
17 19 21
13 15 5
19 0 28
17 19 9
22 2 32
23 3 7
1 4 40
23 3 23
10 13 24
0 4 32
5 8 36
22 1 7
10 13 13
9 12 8
1 3 24
18 21 5
15 18 4
17 20 4
0 5 29
5 9 25
7 11 19
12 16 30
3 5 21
23 0 28
14 18 8
0 2 40
9 13 1
14 17 29
18 19 11
19 22 31
2 3 36
20 23 15
19 22 19
12 15 23
1 5 13
1 4 10
9 11 3
15 20 37
3 6 28
1 5 39
3 8 20
0 1 17
1 4 19
13 15 22
9 13 23
5 9 3
12 15 27
12 14 4
11 14 37
4 8 10
9 11 22
13 18 2
10 14 40
19 23 32
4 8 38
3 7 31
20 23 33
9 11 1
15 19 25
23 0 26
8 11 25
21 1 34
11 14 24
4 6 20
14 17 16
9 13 1
2 6 18
20 22 41
5 7 42
0 3 27
16 19 36
1 5 18
19 22 38
14 15 2
0 5 26
0 3 19
22 1 43
23 3 18
22 1 32
23 2 24
18 20 19
2 4 23
0 5 39
15 16 12
11 13 8
20 23 18
16 19 4
22 0 35
1 3 4
5 7 23
20 23 8
11 14 14
17 22 40
9 12 16
16 17 35
7 10 20
14 15 6
23 4 1
21 23 1
7 10 30
9 12 18
17 21 29
0 4 21
6 9 43
16 19 13
2 5 30
14 17 7
18 21 39
6 8 32
6 9 10
10 12 6
6 8 7
5 8 14
13 17 23
15 18 34
12 15 20
11 16 35
10 13 21
5 8 38
4 8 30
5 8 11
5 7 13
21 23 38
17 20 16
15 19 17
13 17 16
8 12 11
13 16 12
12 15 24
4 7 15
1 4 12
8 10 30
12 13 21
0 2 17
23 1 38
8 11 4
5 9 36
16 19 12
11 15 19
11 14 35
10 15 22
19 21 25
10 12 12
1 4 21
22 23 25
12 15 7
5 8 20
10 13 3
2 7 35
15 17 17
15 18 32
13 15 19
4 8 2
6 9 40
12 14 31
5 8 36
21 22 25
23 3 11
3 5 14
2 6 22
3 7 29
14 18 39
15 17 20
13 16 42
14 17 20
6 10 27
3 5 19
19 22 35
16 19 23
12 14 4
3 8 25
18 20 36
4 9 38
23 1 6
2 5 4
11 15 27
3 6 37
4 7 2
15 17 40
22 2 1
14 16 38
4 7 33
0 4 28
7 9 41
13 17 31
6 10 15
10 13 8
5 7 35
16 19 34
20 0 21
9 12 34
15 17 1
19 23 27
3 8 31
0 3 1
3 6 32
2 5 21
18 22 42
19 21 35
4 5 39
8 12 32
15 17 41
12 13 33
21 0 8
9 11 5
23 1 9
11 14 34
3 5 32
4 8 27
9 11 35
7 11 28
21 2 39
5 9 26
2 6 7
1 3 39
12 15 42
3 6 10
20 23 9
1 5 3
6 7 10
3 5 9
12 14 15
3 6 31
12 14 38
3 6 28
20 22 1
20 23 10
3 6 42
20 23 27
16 17 38
2 6 26
11 14 22
7 10 13
23 1 34
3 5 14
20 23 28
9 13 12
0 3 9
11 13 11
17 20 28
8 11 31
6 8 19
16 18 4
7 10 30
16 16 35
14 14 43
8 10 26
4 8 3
23 2 28
11 13 38
9 12 40
3 6 37
19 22 43
13 18 6
17 19 43
5 7 15
18 20 17
12 15 37
9 12 18
0 3 22
6 9 17
10 15 2
3 6 13
12 17 41
10 13 4
12 13 28
20 23 15
22 2 40
7 10 11
2 5 30
4 7 21
23 3 39
1 4 7
3 5 34
11 11 23
2 4 20
7 8 10
0 3 27
20 22 35
23 4 29
11 13 32
9 12 16
13 14 15
10 14 41
5 8 24
22 2 12
8 9 13
13 15 35
16 20 1
13 15 10
22 2 30
4 7 4
17 20 20
3 7 43
3 7 43
11 12 36
11 14 8
13 16 24
18 20 19
8 10 15
21 0 25
23 1 1
18 20 11
18 20 40
13 16 19
17 20 20
5 8 17
8 12 24
6 9 9
4 6 15
11 14 28
1 5 34
14 16 25
11 14 20
14 19 20
23 2 31
1 3 34
19 22 35
14 17 34
0 2 18
2 5 3
3 7 11
7 10 42
2 5 41
0 3 24
15 16 16
16 18 12
15 18 29
19 23 10
10 13 6
3 7 24
16 19 16
2 7 41
22 0 36
7 10 16
21 1 35
11 15 23
5 8 15
16 19 21
11 14 23
11 15 27
8 9 22
16 18 34
5 8 19
21 23 5
8 10 1
2 5 35
7 8 39
13 16 19
18 19 2
14 16 26
21 1 38
7 11 23
7 11 32
19 22 40
19 21 17
15 18 25
21 2 31
10 14 29
13 16 33
5 8 15
8 11 5
9 10 10
4 7 41
9 11 10
13 17 32
5 9 19
16 19 3
18 19 26
21 0 7
4 7 43
0 3 22
0 3 5
9 14 19
10 14 4
22 1 7
5 9 5
19 22 12
1 4 15
23 2 36
0 4 6
12 15 1
11 15 23
10 12 39
23 2 42
17 20 34
17 19 22
22 23 13
14 18 12
11 14 9
2 5 1
20 22 21
16 20 1
8 12 25
22 1 25
5 9 3
16 19 25
10 13 42
5 8 5
12 16 13
3 6 17
15 17 14
13 16 5
14 17 13
10 14 28
8 9 16
6 11 29
21 22 12
10 12 28
19 22 34
13 17 10
4 7 6
18 21 6
21 0 24
7 11 6
11 14 22
0 4 25
6 9 29
22 1 34
4 6 28
17 20 26
6 8 2
4 5 27
22 0 43
8 14 7
15 19 6
4 6 13
0 5 29
23 4 37
9 13 20
8 10 24
20 23 6
11 15 7
6 9 8
12 15 2
9 13 12
17 20 19
20 21 33
16 18 35
5 7 24
19 22 3
4 7 28
11 14 32
7 12 7
15 19 7
18 20 27
10 15 28
12 15 43
7 10 42
16 19 5
9 12 6
11 15 41
15 17 32
21 23 15
7 11 35
16 19 16
19 23 6
16 19 43
23 1 38
3 6 8
22 3 41
0 2 25
5 8 8
21 0 27
12 15 23
13 17 12
20 22 9
11 13 17
10 13 11
5 9 35
11 14 24
2 5 4
4 8 37
23 2 7
11 15 36
18 21 16
11 12 34
14 17 38
11 14 39
20 21 24
20 0 33
19 22 34
22 0 33
4 6 27
8 11 4
12 16 14
23 1 5
7 9 14
10 11 33
16 18 23
12 14 43
23 3 28
3 6 7
2 5 6
3 5 13
0 4 15
14 17 15
4 6 14
23 3 37
18 20 43
17 22 5
3 5 6
15 19 34
17 20 7
10 14 31
15 19 16
3 6 29
14 18 31
7 10 42
0 3 4
20 23 27
21 0 16
21 23 33
23 3 2
16 19 43
19 21 9
13 18 18
3 5 32
19 21 22
7 11 1
4 9 17
21 0 31
0 3 35
14 17 14
18 21 32
0 5 8
11 16 18
4 8 29
13 15 41
10 14 23
5 8 16
4 7 34
13 16 42
9 14 13
4 6 33
22 2 29
0 3 32
5 7 2
11 14 37
12 15 3
8 12 23
8 11 24
20 22 4
11 15 4
1 4 6
0 4 29
8 10 8
16 20 5
9 12 43
0 2 15
18 22 13
6 9 40
11 13 28
5 7 9
13 15 39
14 18 11
17 20 26
20 23 39
9 12 22
17 20 40
23 3 3
10 12 41
23 3 1
15 21 34
0 1 35
15 19 23
17 21 19
23 1 29
13 15 34
9 12 37
2 4 25
4 7 11
5 7 23
18 20 17
4 8 31
10 13 41
18 20 10
0 3 8
15 19 9
8 9 4
12 15 5
4 8 37
20 21 9
0 3 14
16 18 30
6 10 9
11 14 41
20 23 38
8 11 15
9 12 38
18 21 38
19 23 21
11 15 10
23 3 21
20 22 10
5 9 8
22 0 42
22 2 43
16 18 39
19 23 27
9 12 19
22 1 19
23 1 30
1 6 27
5 8 19
17 19 9
23 3 6
19 22 21
10 13 38
7 12 21
2 6 30
3 6 1
22 1 43
22 0 23
3 6 39
12 15 2
22 0 1
20 0 18
9 13 1
15 20 18
9 14 29
20 0 1
3 5 37
23 3 9
18 21 31
1 5 18
17 20 6
22 0 15
3 5 5
12 14 33
12 15 23
15 18 32
1 4 26
11 14 36
12 14 30
14 17 29
15 18 20
23 4 29
17 20 8
14 19 40
5 7 9
2 4 39
7 11 8
22 1 11
10 11 21
13 15 21
19 22 34
11 14 20
23 2 26
2 4 40
8 12 35
14 18 6
8 11 42
21 23 21
21 23 16
7 10 39
5 8 11
20 22 40
10 13 32
22 0 4
5 7 28
2 6 20
4 8 12
17 20 2
9 12 40
16 18 15
2 5 14
19 22 8
20 23 42
8 12 11
5 7 29
9 13 21
4 8 23
18 20 41
19 21 26
17 20 4
10 13 23
15 18 20
9 12 14
5 8 24
6 11 7
16 18 38
8 11 3
19 22 39
19 21 9
16 19 22
11 13 33
4 8 40
11 14 2
22 2 32
2 6 6
16 19 39
2 6 21
6 10 30
23 1 24
4 6 36
2 4 16
7 9 9
4 9 12
21 1 14
21 0 38
4 7 11
19 23 22
8 12 20
14 17 29
5 8 36
19 22 17
19 23 31
4 8 20
18 20 2
21 23 32
16 19 12
12 15 22
12 14 37
12 13 34
8 11 6
23 4 30
6 9 10
3 4 6
13 18 23
4 8 40
1 4 38
20 0 14
12 14 20
23 2 40
1 2 40
0 1 37
5 7 36
15 20 37
12 15 3
23 1 23
7 11 28
14 16 1
10 14 33
10 13 13
20 0 39
9 13 25
0 2 36
19 21 25
10 13 30
15 19 20
6 10 4
18 22 41
21 23 11
21 0 4
16 19 14
16 19 17
10 15 31
19 21 22
13 17 39
17 19 10
9 12 4
18 21 6
23 3 37
2 5 4
7 9 21
8 11 37
4 6 23
1 5 37
10 13 43
14 16 29
7 8 1
1 4 22
0 3 23
19 21 13
4 8 10
15 18 43
6 11 13
6 8 8
17 21 41
0 1 10
2 6 29
15 17 18
20 0 36
23 2 35
0 3 18
14 18 33
22 3 25
1 4 22
2 6 31
15 17 13
16 22 27
16 20 21
14 18 37
22 0 23
17 19 16
20 23 30
17 19 26
11 13 38
11 12 26
2 5 28
2 5 3
22 2 35
12 15 21
14 16 38
23 1 3
5 8 13
23 2 31
7 11 9
10 13 1
23 1 24
12 15 27
12 16 22
15 18 16
13 18 9
3 6 23
21 23 8
17 19 35
14 17 40
3 6 22
23 1 5
23 2 7
3 6 7
17 21 2
15 20 29
21 23 25
18 22 18
13 15 7
13 16 12
17 20 35
2 5 22
14 16 40
2 7 30
3 6 27
18 19 27
16 19 9
19 20 15
17 19 28
6 10 33
16 19 8
7 11 2
21 0 30
20 0 25
3 9 17
6 12 16
13 16 15
15 20 39
12 14 4
22 0 5
23 2 5
11 16 4
8 11 24
15 17 11
1 3 38
8 11 1
2 4 2
20 22 3
6 8 5
16 18 11
20 22 18
20 23 22
11 14 32
12 17 17
13 16 2
10 14 36
13 18 6
12 14 15
18 20 20
0 3 31
19 0 3
7 8 1
20 0 32
11 11 43
18 21 32
7 10 22
15 18 22
12 13 17
2 7 14
4 6 11
7 8 24
16 20 26
15 18 16
10 13 25
5 9 12
15 17 43
16 19 10
4 7 20
22 2 20
17 20 21
12 16 43
1 5 12
18 20 30
2 4 33
9 13 26
15 17 33
10 14 7
10 13 39
4 7 19
13 16 34
18 23 5
12 16 33
17 18 42
15 18 24
5 7 10
4 5 28
11 15 36
21 1 17
9 12 15
9 12 26
13 17 35
17 20 4
14 16 24
5 7 29
16 18 11
19 23 12
20 22 9
11 14 36
15 17 16
18 22 12
11 13 16
15 18 19
9 12 23
15 19 29
9 11 14
1 4 11
18 23 22
22 0 13
18 20 12
13 16 17
2 5 42
13 16 4
18 20 20
0 3 7
2 5 35
1 4 38
18 22 14
14 17 36
21 22 38
7 9 28
22 4 40
9 13 30
22 3 31
20 0 17
11 15 19
9 12 43
11 14 33
12 15 29
15 17 16
17 20 43
17 20 6
20 23 3
15 19 38
19 23 40
9 11 32
8 12 27
20 23 6
15 18 15
1 4 3
16 17 16
23 3 14
14 17 27
4 8 1
3 6 31
8 11 30
5 8 12
2 5 41
8 11 36
17 19 8
9 13 30
0 1 26
18 20 27
5 9 35
8 11 20
11 14 24
6 9 39
14 16 13
2 6 17
20 23 19
6 8 25
23 2 23
11 14 6
1 4 19
9 13 6
2 7 13
16 20 37
18 21 31
17 20 24
4 5 18
5 7 37
13 16 10
20 0 10
1 3 25
8 11 37
17 20 30
5 8 42
21 1 7
22 23 23
15 18 19
9 12 8
4 7 17
22 2 33
14 18 24
3 5 26
12 12 27
14 17 25
4 6 6
11 13 2
11 16 24
21 0 42
2 5 28
10 13 39
12 16 19
22 0 1
18 21 30
11 14 15
20 0 3
7 8 6
17 20 42
18 22 31
9 10 39
22 2 19
23 3 40
22 1 17
9 11 37
9 10 25
15 17 23
18 20 13
23 0 16
19 0 2
22 0 14
22 22 32
6 11 36
15 19 20
5 8 13
19 22 5
18 23 40
12 14 28
13 15 12
18 21 9
18 21 27
13 18 4
11 15 18
13 15 36
20 22 6
8 10 2
7 12 40
21 2 24
20 22 43
13 16 24
17 22 24
13 16 40
5 9 23
16 19 11
6 9 43
15 17 32
2 5 1
22 2 21
6 9 42
12 16 41
1 3 36
0 2 11
3 7 17
23 3 37
9 12 13
21 1 38
1 2 29
17 19 3
6 10 32
3 7 12
6 9 40
22 3 13
6 7 28
17 19 38
9 12 4
7 11 8
3 6 9
2 6 31
12 15 42
21 0 16
12 14 4
7 10 40
17 19 36
1 5 11
9 13 8
21 0 8
11 15 9
19 23 42
1 3 11
17 20 39
1 5 35
2 5 5
19 23 12
6 9 42
9 14 25
18 20 7
1 5 33
9 12 34
8 10 24
5 9 14
8 12 34
19 23 13
14 19 38
12 14 36
15 17 40
12 17 39
13 16 16
21 0 16
8 11 25
7 10 10
15 18 12
12 16 35
7 10 18
0 4 13
7 11 36
15 19 21
1 4 20
8 12 10
3 6 8
5 9 11
19 23 38
6 8 28
1 6 28
15 19 7
15 16 27
11 13 36
4 9 41
13 15 8
6 8 25
4 6 17
22 0 39
5 9 4
15 16 41
11 14 28
22 1 1
23 3 14
1 2 26
19 21 30
11 14 2
12 14 35
9 11 18
12 15 29
5 8 2
19 22 8
6 8 6
16 20 21
7 10 3
8 11 40
16 19 1
3 5 19
8 13 10
18 21 12
5 11 17
8 12 37
3 6 35
19 21 27
12 15 32
11 13 4
15 19 32
0 3 36
7 11 31
6 9 42
3 7 8
22 0 6
0 3 28
14 18 1
1 3 5
17 20 27
6 9 23
16 19 35
11 14 1
0 3 5
16 20 30
19 22 29
19 22 7
20 0 16
18 20 29
15 19 4
13 16 38
22 1 42
6 8 32
7 9 4
21 0 27
14 17 18
21 23 43
8 10 6
17 20 42
14 17 2
8 11 36
22 1 23
6 8 24
15 18 16
2 4 11
15 17 7
11 13 30
5 9 29
13 17 36
11 13 35
15 17 32
4 8 21
22 1 31
5 8 23
13 18 1
17 21 9
21 0 27
6 8 40
1 4 33
5 6 20
6 9 41
11 15 13
2 3 33
6 9 1
0 3 38
9 13 14
15 17 30
20 0 32
10 13 6
0 3 34
23 3 6
18 21 29
5 7 35
23 4 7
10 13 15
23 4 19
22 2 8
13 15 27
5 8 23
3 6 41
15 19 2
11 16 20
19 22 38
14 18 23
23 3 30
12 15 20
9 12 12
20 23 1
12 14 3
17 22 38
3 6 15
16 18 8
1 5 1
8 9 10
5 9 29
5 8 13
8 10 13
4 7 26
21 0 36
14 18 40
12 15 25
11 15 23
21 23 35
0 4 36
7 11 8
4 7 37
15 16 12
21 23 15
16 18 6
2 6 20
9 10 5
11 14 31
12 14 15
20 1 1
7 8 3
14 18 37
19 23 36
3 6 6
21 23 2
11 15 14
9 12 11
23 2 17
22 0 15
19 22 11
19 22 30
10 11 37
19 22 41
5 9 21
23 3 31
21 0 10
16 21 1
1 4 10
17 23 2
15 17 20
10 13 32
11 13 31
5 8 27
6 9 42
7 12 28
6 10 28
7 10 39
15 20 31
4 6 7
6 9 28
9 13 19
6 10 16
9 11 5
19 21 36
9 13 13
14 16 20
23 2 16
1 4 1
11 14 3
22 0 4
3 7 20
21 0 40
15 17 26
9 13 4
3 7 15
6 10 19
22 2 20
3 5 11
18 22 29
1 5 14
14 16 12
19 22 28
7 9 33
12 14 2
21 1 21
16 17 41
8 11 4
6 10 31
13 17 13
22 1 25
0 3 22
8 13 8
17 20 17
12 16 20
1 4 18
22 1 25
3 5 43
12 15 37
4 7 13
5 9 10
2 5 31
5 8 11
11 15 16
23 2 40
9 12 39
1 5 41
11 14 7
10 13 5
13 13 31
23 2 20
7 10 25
9 13 38
12 15 19
23 3 14
15 17 1
3 5 25
17 19 1
5 9 25
17 21 25
1 5 5
16 19 31
8 10 26
1 5 43
20 0 37
6 10 28
5 9 42
11 15 32
8 13 25
2 6 34
14 16 41
21 23 41
7 10 26
22 1 17
4 8 16
1 1 16
15 19 20
8 10 13
1 3 25
16 20 30
7 8 8
2 5 23
7 10 33
3 6 12
1 4 36
21 2 25
17 22 13
4 7 23
13 16 33
3 7 5
3 6 9
15 18 31
22 0 4
15 17 9
12 16 7
21 2 8
18 21 41
17 20 26
6 9 35
20 23 38
4 7 10
0 2 29
3 7 16
5 8 43
17 21 43
0 3 28
13 17 30
21 23 27
11 14 8
22 2 35
17 19 40
17 19 19
6 9 10
14 18 43
23 0 39
0 4 24
0 3 22
14 17 17
1 1 18
10 13 27
10 13 3
5 7 27
5 9 25
2 5 11
4 8 29
1 3 6
12 14 28
15 17 41
12 15 6
17 21 15
0 3 1
7 11 16
3 6 19
15 18 27
11 15 42
23 2 19
12 16 37
16 20 13
21 1 4
19 21 34
21 0 31
5 7 29
5 7 32
13 19 37
20 23 18
11 13 18
5 9 2
16 19 27
15 17 17
6 6 2
8 12 2
2 5 30
6 8 7
18 21 12
5 8 7
10 13 26
19 21 41
9 12 36
6 9 42
16 19 19
2 6 34
19 20 8
3 6 22
11 13 17
8 11 28
18 20 9
21 2 41
1 4 21
6 9 4
4 6 40
18 20 16
15 19 13
19 23 33
22 0 40
20 23 8
19 21 6
23 3 24
14 17 21
17 19 26
17 22 38
3 7 10
22 3 36
12 15 33
16 19 34
19 22 12
21 22 28
16 19 42
7 10 40
22 1 9
1 6 18
4 6 35
1 5 28
20 0 26
6 9 19
2 5 6
9 11 19
4 8 25
19 21 4
1 4 8
10 12 1
18 21 28
6 9 19
4 8 30
0 2 29
3 7 28
13 15 3
14 16 11
10 14 41
6 9 15
19 22 29
6 9 23
13 16 38
7 11 18
19 23 37
16 18 33
9 11 11
9 11 25
1 6 43
17 19 40
0 4 31
13 16 29
0 5 24
7 10 9
11 15 24
16 19 29
9 12 23
8 10 10
3 8 10
9 14 25
23 2 7
12 17 36
12 14 16
4 7 6
11 13 13
13 18 37
13 16 40
13 15 2
2 5 34
1 3 19
5 6 11
2 7 6
11 16 30
23 2 43
8 11 1
1 6 21
1 4 10
8 12 6
14 17 36
20 22 32
19 22 14
8 11 36
1 5 14
0 2 2
19 23 4
1 5 12
6 8 12
3 3 21
18 21 29
12 16 25
11 13 32
12 15 42
13 14 8
4 6 6
17 21 14
18 22 40
21 0 7
15 18 22
1 4 29
23 3 5
21 23 12
0 5 17
16 19 32
22 1 6
18 21 24
4 7 2
13 16 9
14 16 29
12 16 43
7 10 36
19 22 28
11 16 1
17 20 36
16 19 19
11 15 13
19 22 27
0 0 10
12 15 9
12 16 20
2 5 36
11 13 33
11 14 33
15 18 41
8 14 31
7 10 10
20 0 37
20 23 35
9 13 29
10 13 5
3 7 17
3 7 39
2 4 12
7 11 41
21 1 14
8 11 23
13 17 2
5 8 17
15 19 43
16 19 25
10 13 2
15 17 36
19 23 33
12 13 14
4 6 4
8 13 20
3 5 26
11 14 41
10 12 41
8 11 18
22 1 26
2 4 29
7 11 20
10 13 30
15 17 30
3 6 17
8 12 2
11 14 43
15 16 24
7 10 20
9 12 32
6 9 20
11 14 21
10 12 32
7 12 14
17 21 42
19 23 20
23 4 38
4 8 2
7 9 17
0 4 7
23 2 30
11 14 41
21 2 19
22 1 18
20 0 5
4 6 9
22 3 24
5 8 25
4 6 2
19 23 13
4 5 40
18 21 19
6 9 1
15 18 28
1 4 7
8 13 37
10 14 36
11 13 17
0 2 22
16 19 2
4 8 32
11 15 39
16 20 29
6 8 40
10 13 10
11 14 38
21 1 21
7 10 26
16 19 20
9 11 31
5 6 21
10 13 17
17 19 30
2 3 1
23 2 8
8 10 5
20 23 32
9 12 38
20 0 5
4 8 26
20 0 22
