8000 47
26 9 46 32 2 42 6 32 42 43 19 18 16 43 25 47 14 13 29 43 25 14 38 31 1 30 33 25 4 45 26 34 18 24 41 5 16 3 3 42 31 1 36 16 5 18 41 
9 11 45
1 6 23
6 9 24
0 5 47
22 2 2
6 10 3
16 19 22
22 23 15
2 6 35
0 4 47
6 8 46
3 5 22
1 4 2
18 19 21
17 20 39
20 22 24
12 13 1
6 8 36
15 18 31
18 20 24
4 7 12
20 23 18
13 15 37
15 18 44
0 3 41
18 22 7
11 15 31
6 9 23
6 9 29
1 4 6
14 17 20
11 12 45
15 17 40
8 12 35
1 3 3
1 6 33
19 22 1
11 14 38
9 12 13
6 9 46
16 20 38
1 3 27
8 11 20
13 16 11
17 19 16
18 21 43
22 0 42
6 10 45
1 4 9
9 12 39
12 16 14
16 19 15
4 7 36
20 23 16
19 22 4
8 11 15
2 6 45
6 9 43
3 4 11
0 3 13
3 7 3
22 23 22
1 5 44
14 16 13
12 14 4
13 16 44
22 1 25
11 13 21
11 16 23
23 0 29
1 4 7
17 18 7
0 3 40
21 0 43
19 21 40
13 13 39
5 8 21
13 16 3
19 21 29
5 9 1
1 3 26
22 1 12
11 16 12
6 10 33
6 9 10
4 6 21
23 3 34
0 3 19
10 13 5
9 14 30
10 14 36
4 8 21
22 2 40
10 13 15
23 1 45
8 11 34
14 17 40
11 15 30
3 6 3
10 12 5
13 17 44
16 18 44
0 3 43
12 15 4
5 10 9
16 18 4
12 16 13
0 3 29
23 0 41
3 5 43
4 6 23
18 20 29
19 21 8
8 10 43
8 12 29
6 8 1
17 20 34
4 8 42
21 0 37
4 6 34
3 6 2
7 10 9
17 18 4
13 16 2
16 18 1
21 0 15
10 12 6
19 0 7
13 16 1
8 12 13
7 10 39
21 0 39
22 2 27
16 19 28
16 19 33
7 10 41
6 9 3
0 1 14
12 15 11
5 9 45
21 1 13
11 13 37
12 15 6
17 20 22
3 7 4
10 13 3
0 2 35
5 7 8
10 14 34
3 7 39
9 10 47
10 14 12
6 10 6
16 19 25
6 9 21
6 8 12
0 2 10
3 7 36
19 22 35
11 14 6
6 11 37
13 15 3
8 12 18
18 22 12
21 1 8
8 11 4
17 20 11
0 2 4
18 22 43
12 17 47
19 22 22
22 2 26
23 0 36
3 7 5
19 22 3
4 8 21
22 1 35
8 13 26
4 7 38
15 18 19
8 10 25
16 19 16
7 11 47
0 4 25
23 2 3
13 17 25
0 3 19
6 9 34
17 20 13
20 23 27
1 4 27
4 6 10
0 2 36
22 2 13
18 20 1
16 20 34
11 11 25
0 2 6
17 20 32
10 14 11
1 3 26
1 3 14
5 8 29
19 21 25
15 17 29
20 23 30
11 16 33
15 20 39
22 1 37
10 15 38
2 6 28
23 3 12
6 8 27
3 6 11
10 12 17
4 7 44
7 11 5
0 2 1
22 0 25
21 0 44
23 3 20
14 17 21
19 23 43
19 23 6
8 11 35
1 4 41
13 17 23
11 15 11
12 13 41
22 2 17
12 14 11
22 1 12
7 10 17
20 23 18
16 19 21
8 11 5
19 22 47
16 20 38
19 22 17
9 11 7
2 6 31
14 17 38
7 9 46
16 17 47
21 0 9
15 18 8
4 6 42
16 19 28
22 2 27
11 15 37
0 5 28
6 9 7
7 9 38
18 22 29
3 6 3
13 15 38
1 3 37
22 0 28
4 7 23
11 13 37
6 9 20
15 19 46
15 18 27
17 20 14
19 21 10
18 20 6
22 0 44
0 1 10
22 23 32
9 12 21
2 6 36
21 1 7
8 11 39
14 16 37
5 7 10
8 10 45
0 4 8
2 7 46
5 8 20
22 1 36
4 7 39
16 18 38
1 3 27
8 11 37
8 12 23
11 15 22
8 10 46
15 20 22
20 22 40
9 12 31
15 18 15
1 5 44
22 1 9
22 2 11
4 7 1
7 12 39
12 15 12
22 2 30
12 15 38
5 9 11
23 3 32
13 15 15
13 16 14
18 21 34
22 2 13
20 23 14
4 7 14
3 6 44
17 19 39
3 5 20
17 20 19
17 20 16
1 5 44
19 21 35
22 1 15
6 7 33
1 4 33
10 14 35
23 1 16
19 21 24
2 4 18
14 18 17
17 18 11
5 6 44
6 9 41
12 14 20
16 20 12
14 17 44
18 21 14
4 9 27
15 17 28
7 11 46
1 3 11
6 10 41
18 22 12
12 13 7
8 10 44
2 5 14
11 14 45
18 21 16
13 17 3
13 16 46
22 1 20
1 2 30
2 6 35
16 18 45
0 3 12
2 6 21
12 17 14
2 4 36
20 2 7
18 20 5
22 1 4
5 6 7
11 14 26
3 6 22
0 3 33
6 8 1
0 3 39
5 8 2
6 10 45
23 3 34
21 0 17
5 8 12
12 15 8
15 19 11
7 11 44
8 11 3
11 15 9
16 21 38
1 5 45
3 7 45
3 5 23
3 5 13
2 4 13
4 7 5
8 11 8
8 11 33
10 13 1
12 16 13
8 11 33
22 2 15
19 20 43
14 16 32
15 19 3
8 10 16
12 14 43
16 18 45
18 22 19
23 2 13
23 2 27
22 1 23
18 20 43
21 0 31
12 15 26
23 2 24
17 19 5
5 8 29
16 19 13
8 10 16
3 5 8
17 21 39
6 10 25
10 13 38
1 3 22
19 21 20
12 14 34
8 10 28
7 11 34
10 12 37
7 9 14
10 12 5
3 6 13
13 16 31
3 7 41
0 3 24
1 4 30
4 7 1
4 8 35
12 16 39
20 23 6
19 23 10
1 4 3
2 5 34
16 19 19
12 14 22
21 1 22
7 11 15
7 12 7
4 8 29
3 6 19
12 15 19
1 4 47
19 21 7
1 4 12
0 3 23
8 13 9
14 17 7
1 7 36
4 9 20
2 4 21
9 13 32
17 20 14
6 9 44
8 12 47
13 17 15
6 8 41
5 8 24
12 15 25
16 20 38
23 4 20
9 10 16
21 23 3
19 21 38
23 1 9
2 5 39
4 8 41
5 8 25
4 7 35
3 6 10
1 5 40
0 2 10
8 10 1
19 22 43
6 10 14
13 17 16
6 11 9
19 22 24
4 8 22
6 10 15
0 3 1
15 17 16
17 20 12
3 6 28
4 6 14
14 18 33
11 14 14
14 17 29
19 21 46
20 22 18
3 6 21
2 4 27
13 16 7
16 19 41
5 8 25
10 15 20
7 10 16
8 11 13
23 1 43
14 17 25
21 0 47
4 7 16
18 21 22
20 22 3
21 23 36
7 11 45
16 21 40
18 21 23
23 4 35
8 13 1
6 10 43
12 16 13
1 3 30
5 6 47
11 13 1
4 8 40
10 14 22
7 9 44
17 22 15
18 23 12
1 3 36
7 12 39
7 9 33
20 0 13
20 23 6
3 6 34
18 19 29
2 4 35
11 14 18
10 13 37
18 21 11
7 10 14
21 23 36
2 5 3
8 12 43
16 19 25
8 11 14
16 19 40
5 7 44
11 15 13
23 4 10
5 7 30
23 1 24
17 22 23
5 8 8
2 4 14
17 22 25
9 11 26
14 15 26
7 10 1
10 11 13
6 11 37
19 23 11
9 12 36
8 10 41
8 13 21
14 18 14
0 4 6
3 3 13
20 1 16
17 20 20
15 19 15
21 0 3
1 5 34
12 15 41
2 4 46
21 2 1
14 18 35
8 13 26
9 11 16
12 15 34
1 4 26
13 19 38
2 7 38
21 0 34
8 11 26
15 17 33
14 18 33
8 12 19
13 16 30
0 2 13
20 23 40
10 15 7
23 3 3
21 23 17
20 22 43
14 17 9
18 22 30
4 8 1
6 11 47
21 23 5
14 18 16
9 12 11
18 21 25
23 2 15
15 19 6
20 21 8
1 6 3
8 10 41
16 18 19
0 4 36
12 15 33
18 22 31
3 4 4
8 12 9
1 4 39
15 18 33
22 2 32
12 16 35
14 18 23
22 0 31
22 0 39
6 9 24
15 19 19
5 7 9
1 5 40
14 18 47
8 12 5
19 22 26
13 17 15
9 11 42
23 1 10
23 2 1
6 8 42
10 13 29
5 8 13
19 22 13
11 15 21
12 13 38
11 15 4
11 14 2
7 9 21
23 2 31
21 0 30
10 10 28
16 18 31
6 8 23
19 20 6
20 0 6
5 8 18
21 1 37
3 6 35
20 22 29
6 8 21
20 1 14
23 2 18
2 7 14
1 4 46
8 11 37
18 21 40
17 19 46
14 16 5
20 23 2
22 2 22
14 18 21
23 0 6
21 0 19
13 16 22
1 5 42
23 0 30
22 23 29
12 15 40
1 4 21
2 6 27
6 8 31
20 22 10
7 9 3
9 10 4
8 11 19
14 17 29
12 15 23
10 14 21
9 12 8
20 0 39
1 5 18
7 10 19
7 11 29
9 13 38
10 14 3
3 6 25
6 8 37
3 7 39
9 11 37
15 19 10
20 23 24
13 17 31
12 15 12
7 9 34
16 20 34
22 2 17
4 7 5
9 11 34
0 3 30
22 3 30
4 7 32
5 8 24
14 16 43
4 7 30
17 21 33
6 12 30
14 17 2
15 18 4
8 11 29
18 21 8
17 20 37
11 13 11
0 2 36
18 21 29
3 7 32
2 5 17
2 7 40
11 14 14
0 3 42
0 3 36
6 8 25
8 10 33
10 12 5
6 8 28
18 22 42
9 13 3
3 7 46
8 11 41
16 18 5
17 20 13
3 7 28
18 23 41
5 8 17
22 0 30
8 11 45
16 18 47
18 22 12
2 4 37
0 3 25
10 12 37
22 3 19
2 3 19
15 19 45
17 21 27
18 22 35
1 3 14
11 15 25
6 10 41
0 2 46
3 7 6
4 7 12
2 5 45
17 21 4
2 6 14
16 19 20
12 17 33
6 9 17
4 7 46
7 9 44
21 21 34
23 2 22
18 21 5
23 2 18
10 13 16
7 11 2
23 2 18
8 9 45
10 16 10
19 22 18
19 21 44
5 8 9
14 16 25
2 5 15
16 19 45
0 4 9
23 2 1
11 13 46
21 0 36
16 19 4
5 8 4
11 14 6
16 18 1
19 22 22
20 22 28
4 8 12
9 12 7
17 19 3
5 8 29
16 19 27
5 9 4
2 5 9
11 15 16
9 11 21
23 1 17
10 14 35
21 0 46
0 2 34
0 3 21
17 20 38
23 3 37
21 1 43
0 2 25
20 22 26
17 21 4
13 17 26
15 19 37
20 23 28
10 12 23
1 5 1
23 2 26
17 20 47
12 13 24
20 23 33
23 2 3
0 3 32
20 23 23
2 5 25
19 23 26
12 15 39
3 6 30
8 9 36
13 14 29
3 7 27
12 14 35
9 13 21
22 2 1
19 22 31
13 17 1
14 16 1
22 1 44
1 4 22
7 11 13
2 5 45
18 21 7
7 12 31
1 4 30
18 21 43
21 1 32
11 13 19
21 0 10
13 17 42
5 6 7
21 1 31
13 16 34
2 4 4
3 6 42
14 18 13
23 2 6
2 4 7
21 23 32
22 1 31
17 20 45
8 11 33
4 8 45
1 4 38
9 11 23
2 5 35
8 11 35
5 8 34
6 11 34
14 17 6
15 17 32
22 1 33
7 10 40
1 3 40
2 5 22
14 16 13
5 10 39
23 3 30
3 6 38
22 2 5
22 1 17
8 11 13
6 8 36
7 10 6
11 15 3
10 11 33
6 9 41
15 19 36
14 16 45
2 7 16
15 19 18
21 23 10
22 0 8
21 0 3
3 5 36
20 23 32
22 0 13
4 6 12
22 2 14
20 23 9
2 3 6
10 14 24
10 13 12
18 22 15
18 21 20
1 5 22
1 3 33
14 16 12
8 13 41
10 13 4
9 12 32
10 15 3
18 21 24
11 14 36
2 4 10
12 14 39
16 19 21
18 20 40
16 19 35
22 4 33
11 13 9
16 20 27
8 11 16
6 9 3
11 14 8
13 17 7
11 14 3
23 5 5
3 7 13
5 8 47
10 12 35
21 0 18
4 10 12
16 19 47
1 5 34
10 14 47
21 22 17
2 6 44
4 7 21
4 8 10
0 3 7
23 3 46
11 13 38
1 4 36
2 5 36
6 9 27
9 14 39
14 16 12
8 13 24
14 17 42
1 3 41
11 13 47
21 1 38
6 11 45
21 1 35
1 2 20
21 0 26
17 20 19
21 0 34
22 1 6
5 9 30
2 4 9
2 4 21
0 1 10
5 9 16
20 0 21
1 5 12
19 21 28
14 17 29
12 15 17
20 23 38
23 1 22
8 9 7
7 10 42
11 15 43
3 6 18
1 5 45
18 19 15
15 16 25
11 16 11
5 9 26
7 10 32
4 8 25
3 6 12
5 8 35
22 2 31
4 7 29
22 0 2
9 11 1
7 8 23
12 16 38
8 11 44
21 0 41
20 0 33
3 7 15
8 11 6
1 4 21
2 3 11
15 18 27
18 21 15
0 3 40
22 0 18
11 15 47
4 7 11
23 4 37
16 19 30
19 21 17
6 9 44
2 4 13
5 6 35
16 18 46
15 19 45
21 23 24
11 12 7
9 12 10
11 14 27
14 18 25
6 10 25
19 20 34
12 16 16
4 7 13
5 8 7
5 10 22
9 13 22
21 22 28
2 5 37
7 10 17
8 10 45
11 13 37
20 1 27
18 22 8
0 2 46
7 11 38
2 4 38
17 20 35
11 13 43
6 8 3
19 22 14
13 15 28
5 7 29
8 11 41
8 12 44
22 2 6
0 1 23
19 21 8
19 22 32
14 17 24
3 7 3
0 1 27
6 9 9
13 16 32
14 18 24
9 12 45
0 2 31
4 6 13
7 11 5
13 15 35
23 1 22
3 6 38
5 8 29
5 7 6
21 1 21
13 14 46
16 19 42
18 20 30
16 19 47
16 19 19
13 16 40
16 16 3
16 19 35
10 14 2
5 7 27
16 18 3
20 21 11
1 5 43
16 19 43
9 12 46
20 23 28
1 4 7
3 5 33
5 8 37
7 10 15
13 17 14
1 2 10
18 22 35
7 10 46
3 7 24
13 18 42
2 3 29
12 16 18
12 13 6
4 6 25
5 9 39
21 1 16
11 14 4
0 4 44
6 10 34
19 23 30
5 6 8
3 5 9
7 10 31
9 12 47
10 13 1
13 15 14
22 0 16
13 15 34
10 13 15
19 22 17
15 19 6
7 10 42
7 9 13
15 17 1
2 6 39
3 6 37
6 9 42
9 12 26
10 14 19
17 20 37
22 2 30
19 22 35
18 20 2
1 4 38
21 2 41
2 6 28
23 1 4
9 13 41
20 2 47
2 6 28
1 4 26
9 13 35
17 20 15
1 3 22
3 6 4
21 23 14
22 23 16
21 23 11
5 7 40
17 21 33
7 8 40
19 23 11
9 14 31
12 15 15
20 1 4
9 11 33
9 12 25
20 23 32
8 12 20
9 13 23
14 18 46
3 7 11
2 6 43
5 9 30
11 13 41
20 22 39
12 15 38
6 9 36
13 16 21
6 9 1
13 15 42
23 3 47
19 21 6
15 19 5
12 14 42
2 4 3
3 4 33
12 15 24
11 14 30
0 3 39
19 22 37
8 10 44
21 23 41
19 23 33
9 12 42
15 19 4
10 13 46
3 6 2
14 17 25
12 12 39
11 13 4
18 22 3
1 5 3
19 23 7
3 5 25
8 12 9
4 6 2
19 22 23
10 12 28
9 12 3
16 20 12
14 16 36
20 0 39
2 7 20
16 20 41
17 19 33
8 10 12
16 21 32
10 12 23
13 16 14
21 0 37
20 23 3
13 16 32
10 13 8
12 16 40
5 7 25
11 15 29
13 16 12
10 13 17
15 19 24
15 17 47
23 3 3
15 18 25
6 8 19
5 9 42
23 1 2
20 23 5
19 21 19
1 5 4
23 2 43
8 11 37
11 15 2
11 13 47
6 10 18
7 11 36
2 6 33
22 0 9
7 9 3
21 1 16
14 16 15
13 17 14
9 12 27
15 18 30
4 8 46
11 15 30
2 6 10
14 18 32
12 13 18
10 12 22
11 14 16
5 7 38
3 6 23
2 6 10
10 14 23
1 4 11
6 10 46
12 15 22
23 3 45
2 5 47
0 0 10
0 3 14
12 16 30
8 11 12
16 19 16
20 23 34
21 23 13
1 5 19
16 19 19
21 0 15
22 23 1
15 18 27
3 6 29
0 4 19
23 2 22
21 23 16
12 13 46
0 3 23
10 13 45
16 18 43
0 3 39
17 21 30
7 11 5
8 11 43
23 3 27
18 21 21
3 4 38
18 21 4
20 22 32
3 7 21
11 13 9
1 4 23
7 10 14
17 18 5
22 0 13
19 22 43
6 11 13
6 9 44
22 0 40
15 19 23
2 5 23
0 3 16
20 22 31
10 13 22
12 15 38
1 4 24
11 14 12
0 2 42
10 11 40
9 10 13
23 3 4
1 5 39
23 3 21
16 22 37
1 5 34
5 7 37
12 16 11
11 14 23
3 5 30
13 18 24
6 7 14
14 18 14
19 23 18
2 4 16
11 14 17
19 22 21
13 17 16
17 19 27
4 7 47
21 0 26
20 22 1
0 2 4
22 1 18
10 15 23
14 17 44
3 6 31
22 2 22
23 3 13
23 3 21
10 13 1
4 8 10
19 23 23
21 1 13
22 0 31
8 11 2
18 20 32
5 8 17
13 15 26
7 10 10
11 14 11
12 14 27
16 18 3
11 15 1
0 3 22
12 14 11
9 13 25
22 1 36
16 21 19
14 18 2
9 12 10
21 0 30
0 3 20
18 20 1
20 22 35
13 17 11
0 3 4
0 2 32
2 6 20
22 0 44
8 12 10
20 0 18
7 9 37
1 5 23
16 19 6
10 12 23
22 0 25
8 10 21
22 0 32
9 13 23
4 6 14
3 5 3
11 12 42
9 10 19
3 5 21
9 10 10
11 13 15
20 22 44
18 21 39
15 18 46
2 5 39
22 3 38
8 11 14
17 21 27
2 5 26
3 6 27
14 16 32
14 17 44
22 0 45
0 2 15
12 16 18
5 8 29
19 21 16
21 23 22
21 1 20
5 9 19
4 8 3
16 17 19
20 0 29
3 7 16
7 10 3
17 21 45
16 19 16
1 4 5
19 22 46
10 13 42
6 7 40
13 17 33
8 10 29
0 2 44
5 7 11
15 19 40
13 15 11
18 20 26
9 11 32
6 9 21
4 7 43
13 15 29
19 22 41
4 6 21
23 3 24
0 2 2
14 17 15
1 4 45
19 22 38
23 3 8
19 22 23
19 22 29
11 13 28
3 5 27
17 22 8
17 19 12
20 23 29
13 18 20
15 18 16
4 6 37
10 13 32
14 17 16
3 7 10
16 19 14
3 5 32
10 13 39
0 2 25
0 4 38
16 18 3
7 11 22
17 20 21
12 14 3
9 11 8
15 17 11
10 13 25
18 19 28
19 22 17
19 23 29
22 0 26
11 14 44
19 23 26
12 14 24
14 15 10
11 15 47
22 3 43
15 18 12
14 17 11
9 12 3
9 13 38
2 5 9
11 13 14
10 11 47
11 15 16
15 16 17
12 17 14
7 10 20
12 16 15
18 22 46
4 7 19
18 20 40
16 21 8
10 13 34
1 5 27
10 12 6
21 1 7
4 7 18
0 4 14
21 1 28
15 19 29
0 4 28
12 15 23
14 17 17
8 11 31
2 5 20
1 4 46
23 3 14
4 8 4
19 22 15
20 23 21
0 1 43
16 20 27
16 20 18
16 21 7
17 20 25
2 6 30
20 0 4
10 14 10
18 21 22
1 5 1
16 19 20
8 10 34
23 1 42
0 3 41
15 18 17
8 9 33
5 8 10
11 14 2
16 18 12
3 5 19
3 6 45
5 8 33
8 12 11
6 9 45
4 9 30
15 19 45
18 21 18
0 2 37
8 11 17
7 10 8
14 18 33
2 5 15
16 19 41
14 17 46
1 3 45
15 17 11
16 19 29
1 7 45
11 13 8
21 0 24
3 6 6
14 17 34
8 11 9
21 0 31
22 2 39
20 22 32
17 19 2
12 14 9
4 9 11
2 6 36
6 8 17
1 5 14
7 10 45
9 11 40
17 19 20
13 16 45
15 17 18
3 7 47
8 11 25
9 12 17
12 15 25
6 9 38
2 3 43
18 19 30
1 5 18
19 19 45
17 19 25
9 11 41
23 2 9
12 16 2
14 17 41
17 20 17
23 2 27
10 13 37
7 10 4
13 17 41
21 0 24
11 16 43
16 19 19
10 13 29
20 23 29
13 18 39
7 11 27
17 19 32
18 22 30
11 16 25
11 14 23
10 12 18
1 3 26
23 2 7
1 6 24
8 11 39
1 5 39
12 16 23
9 13 12
4 8 23
1 5 45
1 3 7
23 2 38
13 15 27
7 10 3
15 16 1
17 18 24
19 22 22
21 23 33
1 3 26
3 5 14
23 3 33
11 14 34
20 23 9
1 6 8
10 15 40
6 8 47
8 11 37
18 21 34
4 6 4
5 8 46
6 8 35
6 8 1
13 17 31
9 14 7
20 0 39
12 15 18
21 23 8
15 16 9
3 5 32
11 14 34
10 11 29
15 18 10
21 0 26
0 3 46
11 14 10
12 16 14
18 20 35
20 23 24
0 3 5
8 12 27
7 12 44
13 17 11
21 1 22
11 13 35
15 19 26
5 8 26
23 3 18
4 7 31
13 16 15
22 3 25
20 0 38
1 3 32
2 5 43
7 9 36
12 15 11
21 23 28
14 16 13
6 9 45
1 2 42
0 3 9
20 22 17
3 5 44
3 8 5
6 10 12
16 19 10
14 16 40
13 18 17
4 6 27
11 13 46
1 4 42
12 16 28
9 12 44
20 23 28
13 17 4
6 9 12
12 15 3
5 6 35
23 1 5
20 23 6
14 18 45
19 22 16
16 18 37
3 6 7
5 6 31
6 9 9
12 17 29
9 13 37
8 12 14
14 17 1
20 22 43
19 22 33
11 14 20
23 3 36
15 20 41
11 15 28
22 2 2
3 7 18
20 23 38
13 17 18
22 23 46
6 9 1
12 15 16
1 3 6
17 19 39
21 1 37
9 12 30
6 11 4
22 1 25
20 23 36
1 3 44
14 17 25
13 16 29
0 4 4
2 6 6
17 20 25
2 4 39
1 3 33
15 19 5
16 18 4
4 7 23
18 20 1
0 3 33
13 18 10
16 19 46
8 12 25
8 11 7
13 14 28
9 13 38
6 7 28
15 19 38
7 11 31
18 21 20
22 0 46
23 3 17
9 12 11
19 23 23
5 9 44
20 23 19
19 22 41
0 5 2
23 0 29
6 7 5
21 1 26
19 22 21
4 7 28
20 21 23
20 0 31
9 13 27
19 22 27
15 19 45
8 11 37
19 23 42
12 15 23
21 22 4
19 22 34
13 16 15
12 15 6
1 5 11
13 17 47
1 5 9
1 3 6
12 17 45
12 14 35
14 18 10
19 21 15
14 18 44
0 4 43
22 0 40
16 17 6
3 7 24
3 7 9
12 14 39
14 17 40
2 4 4
13 15 32
23 2 3
16 19 13
11 15 8
15 17 1
18 20 13
7 10 12
5 9 30
7 10 18
14 17 9
6 8 10
4 7 1
15 18 11
11 14 24
0 3 41
2 3 7
9 12 25
0 5 13
20 22 3
17 19 11
11 13 32
4 6 6
16 19 37
19 22 19
19 23 29
11 14 3
16 19 9
1 4 5
9 11 3
12 14 24
21 0 18
22 1 22
13 17 5
19 21 19
0 2 12
10 12 6
21 23 42
12 15 29
16 20 27
8 10 35
2 5 5
15 19 17
22 2 13
13 17 18
22 2 15
0 2 45
12 15 38
7 9 6
11 13 33
9 11 39
5 6 35
8 10 7
4 8 9
2 6 42
2 3 36
3 5 12
2 6 9
20 23 10
5 9 11
21 1 12
8 10 15
17 19 16
9 11 26
3 4 8
12 15 23
13 16 16
17 21 39
23 2 33
21 0 21
13 15 7
1 2 47
18 23 8
0 2 39
3 6 7
13 16 27
23 2 36
10 12 10
14 16 6
16 18 42
3 6 18
21 1 7
16 18 39
7 10 23
7 10 44
14 20 24
2 5 31
1 3 10
8 11 12
16 18 15
21 0 39
21 23 19
4 7 21
5 6 42
18 20 27
20 23 29
3 6 1
14 16 8
22 2 6
22 0 45
10 12 18
19 22 6
13 16 26
9 14 13
7 9 28
8 10 41
20 23 31
23 3 28
23 2 8
11 14 12
0 4 8
19 23 3
18 20 31
15 18 7
6 10 25
23 1 21
3 5 1
21 1 1
12 17 12
19 23 29
4 5 13
20 0 47
9 12 30
8 11 23
14 18 37
18 20 39
14 18 16
18 21 6
1 5 39
9 11 20
3 7 9
12 17 22
23 4 25
22 1 35
16 19 47
21 0 8
19 23 29
15 18 5
3 7 28
7 10 35
13 15 45
14 16 15
8 11 39
8 11 47
10 12 5
4 4 32
22 2 43
4 6 6
12 16 35
19 23 47
23 1 19
6 10 1
17 19 7
16 20 25
10 12 2
12 15 39
5 8 6
21 0 44
7 11 43
15 19 28
3 7 21
10 13 43
1 4 29
23 3 12
2 4 38
18 21 24
15 17 10
23 1 2
3 5 46
7 9 6
3 6 22
5 8 38
1 5 43
13 16 15
6 9 42
14 17 27
5 8 42
1 5 31
17 21 13
6 8 3
1 4 44
8 12 15
1 6 36
9 11 42
16 19 46
12 15 39
18 23 42
16 18 29
7 10 24
7 9 32
7 9 4
4 8 32
21 23 44
20 21 30
6 11 24
1 5 5
2 6 10
23 2 18
5 8 25
18 21 44
10 12 19
20 23 28
2 4 46
22 2 15
4 8 45
1 5 11
17 20 18
16 19 7
23 3 26
12 16 13
13 17 15
19 22 46
10 13 24
3 6 7
4 8 42
1 2 43
22 2 21
23 2 46
14 18 11
20 0 30
19 21 40
23 2 1
22 2 27
22 0 19
9 13 29
6 10 22
1 4 30
3 5 31
18 22 29
20 22 5
8 12 35
15 17 31
11 14 39
7 10 17
9 9 40
15 18 41
17 20 20
16 20 39
18 21 21
8 10 45
14 16 30
3 8 10
16 19 13
15 18 24
11 12 19
10 12 8
19 23 47
8 11 38
22 0 41
11 16 32
0 3 6
19 22 9
6 11 45
21 23 34
12 14 19
11 14 18
14 17 3
11 14 23
1 2 17
22 1 2
20 23 42
4 6 40
16 20 17
5 8 23
2 6 41
15 18 47
11 15 39
5 7 40
18 20 12
5 7 26
2 5 43
10 13 12
16 19 2
2 5 23
5 7 16
21 1 12
22 1 31
3 6 46
13 18 4
7 10 36
22 1 32
19 21 22
10 13 42
9 10 36
23 4 36
8 12 35
17 21 1
19 21 41
23 2 11
20 23 34
12 15 47
7 9 44
8 10 23
19 22 23
5 6 39
15 20 12
19 21 30
17 20 9
4 7 33
15 19 17
20 23 5
0 3 14
0 2 11
1 2 40
10 15 34
22 0 11
4 6 13
14 17 34
23 3 12
8 11 29
19 22 44
9 12 11
6 8 21
19 21 40
14 19 29
18 20 22
4 6 15
4 6 34
3 6 19
9 12 23
15 18 26
18 20 34
9 13 38
22 0 21
14 15 35
15 17 5
7 11 37
9 13 37
6 9 21
18 20 7
15 20 16
15 18 37
2 6 28
22 2 8
17 20 29
7 10 37
14 19 22
2 4 18
17 19 20
0 1 28
20 23 47
23 2 34
12 14 5
17 20 7
11 13 25
20 0 19
18 22 35
22 0 2
14 17 15
23 3 39
1 4 24
6 9 21
23 3 47
4 6 12
10 13 12
23 3 24
4 6 45
4 7 33
7 10 29
5 9 43
10 14 29
9 12 14
4 6 29
16 21 25
10 14 21
17 20 13
23 2 31
16 20 11
14 17 11
16 19 42
21 0 13
23 1 19
8 11 41
1 5 1
20 22 21
16 20 33
14 18 44
9 12 42
3 6 28
22 2 33
12 17 18
20 0 13
4 8 10
9 12 41
21 23 45
7 10 16
20 21 4
0 3 45
10 12 18
2 5 35
1 4 19
11 16 21
22 3 4
5 7 4
7 10 42
23 1 22
8 12 47
17 20 2
13 17 26
23 2 10
6 9 34
20 1 14
6 6 14
13 16 35
17 20 30
21 0 33
22 23 19
20 23 11
14 19 4
10 13 25
8 8 39
6 10 40
9 11 10
6 9 26
16 21 27
17 18 14
17 20 22
20 21 46
22 2 47
6 10 29
14 17 13
2 5 10
8 11 44
22 3 33
11 14 38
1 6 30
18 20 40
20 23 28
5 6 30
18 20 31
3 4 12
19 22 39
6 8 26
17 18 14
20 23 23
13 17 28
2 6 40
15 18 5
14 17 21
4 7 29
8 11 25
8 11 44
18 22 46
11 14 36
5 7 17
9 11 35
17 17 29
23 2 32
2 5 21
14 16 14
1 3 12
23 3 29
11 14 36
15 19 11
19 23 44
14 17 34
14 17 41
23 2 19
16 19 4
5 8 31
18 20 12
2 4 5
22 23 2
18 21 11
7 12 2
5 9 28
20 23 38
6 9 43
17 19 5
23 2 16
14 16 22
13 15 10
20 1 8
9 11 25
5 10 19
12 14 41
17 21 7
22 0 15
7 9 13
19 22 40
11 12 11
17 19 7
8 9 25
9 10 42
9 14 7
8 10 39
20 0 37
17 18 6
22 1 7
6 9 3
23 2 43
5 8 38
17 20 39
1 3 14
11 13 38
15 18 14
12 14 9
12 16 29
21 23 45
22 1 47
2 5 14
12 14 7
9 13 24
21 0 13
21 0 28
12 16 44
1 4 13
21 0 47
22 1 18
14 17 18
16 21 24
20 23 11
17 21 5
8 12 39
5 6 5
23 3 6
17 21 20
19 23 13
5 9 11
13 16 11
9 13 5
14 16 31
17 20 33
20 23 31
23 3 11
3 5 33
23 0 20
11 15 2
22 1 46
19 22 47
7 8 23
12 16 3
21 0 16
9 14 6
8 11 16
8 11 36
18 21 41
3 6 10
0 2 34
10 11 7
16 18 24
20 0 5
21 2 3
15 17 3
12 16 16
18 21 12
15 18 15
5 10 29
6 9 38
14 15 41
21 1 47
19 0 11
10 14 2
22 1 9
22 1 10
2 5 11
5 7 23
10 13 36
9 12 9
7 10 5
12 13 18
20 0 27
18 21 36
21 1 26
15 19 32
22 1 2
3 6 26
14 17 2
17 19 35
1 4 23
1 3 37
19 21 13
18 22 47
10 13 3
2 6 16
9 12 30
7 10 35
22 1 32
20 23 36
16 19 39
0 3 41
16 18 14
0 4 6
7 10 16
0 5 44
13 16 19
2 6 30
15 17 8
22 2 46
20 21 27
16 20 17
16 20 22
8 10 34
20 22 25
3 6 14
8 11 44
7 11 31
9 11 1
1 3 5
2 5 40
3 4 47
2 7 12
7 11 15
0 2 3
14 18 24
20 0 47
8 14 3
4 7 43
11 15 27
4 6 43
2 6 38
2 6 8
7 9 34
18 20 12
0 2 31
23 1 20
7 10 21
4 8 41
6 9 7
11 14 45
8 10 8
1 3 24
8 10 4
16 19 32
3 6 45
5 7 26
14 16 40
23 2 2
12 15 39
4 7 41
0 4 43
9 11 23
3 5 33
18 22 3
2 6 43
11 12 10
23 1 22
7 8 11
0 3 34
12 16 17
2 2 8
14 17 41
0 3 17
9 12 25
12 14 27
21 23 27
20 0 13
10 15 6
3 4 35
14 18 8
0 1 41
20 0 3
10 12 10
8 12 25
14 15 13
23 1 7
9 11 39
22 0 42
3 6 18
14 17 47
3 5 33
11 13 10
21 1 43
4 6 12
3 7 21
7 9 19
14 17 34
8 11 3
5 9 28
11 12 23
14 17 9
7 10 14
10 14 38
4 8 4
21 22 33
17 19 22
11 15 34
8 11 24
9 12 18
16 20 18
4 5 41
10 11 2
12 14 19
9 12 18
21 0 41
23 2 23
8 10 46
15 17 40
17 19 25
2 6 38
21 0 20
12 16 2
7 11 7
20 0 5
2 5 42
8 12 40
14 16 9
11 14 38
21 23 33
2 5 20
14 18 2
22 0 35
4 6 17
20 1 3
14 16 23
19 21 20
3 6 4
5 9 9
1 2 42
21 1 20
17 20 11
8 10 32
18 22 37
4 7 38
6 9 16
22 3 34
21 0 11
21 23 19
14 17 43
7 11 38
15 18 5
9 14 32
15 17 25
10 14 39
16 19 16
14 16 33
2 6 23
13 14 22
18 20 8
18 22 31
10 14 18
1 4 15
18 19 23
10 14 39
0 4 45
11 14 29
11 15 2
8 10 6
6 11 46
5 7 13
18 22 46
11 13 14
16 18 42
11 13 12
11 15 46
18 22 8
0 4 39
17 20 17
11 14 23
2 6 37
23 2 9
6 10 15
16 21 34
17 20 41
3 6 37
17 21 20
3 3 27
16 18 6
2 3 21
21 1 2
9 13 13
14 17 23
4 9 28
11 16 18
4 5 8
22 0 20
6 9 43
0 5 42
16 18 39
0 3 16
2 6 36
23 3 36
19 22 13
10 15 34
20 23 12
4 7 24
5 8 34
18 20 9
2 5 35
16 19 25
22 3 12
7 10 27
16 19 15
10 13 2
18 21 31
12 14 46
11 12 14
3 7 14
23 2 11
2 7 12
6 9 35
19 21 47
5 8 4
6 9 44
19 22 33
6 9 21
21 0 45
1 4 37
22 2 27
23 4 1
9 12 16
0 3 31
17 19 8
7 11 5
21 23 10
1 4 38
2 5 13
19 22 10
17 21 30
4 6 35
1 4 24
1 5 4
13 17 37
14 18 9
21 0 46
18 21 22
0 4 43
4 7 17
13 16 6
15 16 23
14 18 18
8 11 42
19 21 10
6 8 17
9 11 37
3 5 45
23 1 34
2 4 38
5 8 45
9 13 5
4 8 4
9 11 6
8 9 3
12 14 18
20 22 28
22 1 2
8 11 46
1 3 21
20 22 3
11 15 19
19 21 35
23 2 8
9 13 23
15 20 34
0 4 9
13 16 42
17 21 13
16 20 30
16 17 21
20 0 43
11 14 30
11 13 7
20 23 31
9 13 44
16 19 12
13 16 35
17 19 9
18 18 21
16 19 32
19 22 13
5 9 24
0 2 3
10 14 18
23 3 36
2 6 15
16 19 9
6 11 42
14 17 20
16 18 41
5 9 31
0 0 38
11 15 18
16 19 38
3 6 25
14 17 5
7 10 7
15 16 25
23 2 33
16 18 33
14 16 37
4 5 1
13 17 39
17 20 42
13 17 33
2 7 10
19 22 8
11 15 9
7 11 14
5 8 25
2 5 31
2 6 24
21 22 5
14 17 36
5 8 46
21 1 28
2 6 35
18 20 25
21 0 16
13 15 4
15 18 39
18 22 27
3 5 25
0 3 44
16 20 26
5 6 38
1 4 47
21 0 1
13 16 29
15 19 46
22 2 42
15 17 45
15 17 11
11 13 24
16 19 8
7 11 25
13 14 10
23 3 3
12 16 23
23 2 38
7 10 26
9 12 17
3 7 34
10 14 11
2 5 34
11 12 42
12 14 23
6 10 9
13 16 12
10 15 3
7 10 39
2 6 19
2 6 25
21 23 6
6 10 8
14 17 33
2 5 18
10 12 32
7 9 10
17 19 28
13 15 12
9 10 31
21 0 39
14 17 31
5 8 45
6 8 40
18 19 20
16 18 7
21 23 44
20 22 34
14 17 27
9 12 47
3 6 8
5 7 24
13 17 38
6 9 19
17 20 33
6 9 19
2 6 22
4 6 18
18 20 39
0 4 16
21 0 15
4 7 30
21 23 42
16 18 26
12 14 19
2 5 30
15 17 1
16 18 25
4 7 38
14 19 12
6 9 38
3 6 18
15 19 1
4 7 22
23 1 20
16 19 21
2 5 21
19 21 40
5 6 26
16 21 8
10 12 42
13 16 19
10 13 30
0 2 33
22 1 38
7 12 32
12 16 27
13 17 32
3 8 25
21 0 24
4 7 12
16 18 14
7 10 45
12 16 35
1 5 20
5 8 9
7 11 26
6 9 35
21 22 27
16 19 44
6 9 30
8 12 23
16 19 29
16 19 26
9 12 46
1 6 17
1 4 20
7 11 44
10 12 25
11 14 36
2 5 8
14 19 29
2 7 18
18 20 6
7 10 7
18 21 44
22 0 1
4 6 47
16 19 45
10 15 41
16 20 23
4 10 22
20 0 7
23 4 33
23 2 6
8 12 15
5 7 1
20 23 9
0 3 25
4 6 46
3 4 38
17 19 24
4 5 21
0 4 39
7 10 25
7 11 11
17 20 24
6 8 9
14 16 13
0 2 41
1 5 6
14 17 36
18 19 8
5 8 42
8 12 15
21 23 16
15 16 29
8 13 2
12 13 1
16 19 16
15 18 27
8 11 11
7 11 31
21 0 3
18 19 23
5 10 45
20 22 16
17 20 34
9 11 15
17 20 27
23 1 8
10 13 24
23 3 9
0 3 20
1 3 11
10 14 44
21 1 38
21 0 43
15 19 37
0 2 33
7 10 43
1 3 25
18 20 15
16 21 13
13 17 4
6 11 33
22 1 16
17 20 11
1 4 38
20 22 19
12 15 42
4 6 4
17 19 41
14 17 41
0 3 43
8 10 22
7 10 19
21 0 26
18 21 34
19 21 35
13 16 32
1 5 40
19 22 42
4 6 2
8 10 29
2 4 44
8 10 35
21 22 11
12 15 10
11 14 22
3 7 11
16 19 3
6 11 20
6 10 18
9 11 47
10 12 29
8 12 46
8 9 2
1 3 42
3 6 39
19 0 25
20 23 15
3 5 20
7 10 24
13 17 33
12 17 9
21 0 39
16 19 11
19 22 39
9 12 7
1 6 6
0 3 11
0 4 3
12 15 46
5 8 41
4 7 11
6 10 9
21 1 32
11 13 9
8 13 11
4 6 4
23 3 13
23 2 39
21 1 8
3 5 7
1 3 35
2 5 36
13 14 9
10 15 32
6 9 9
18 23 18
2 6 25
23 2 20
7 11 11
16 19 10
16 20 22
15 18 4
9 13 10
16 17 30
2 4 34
6 9 7
22 0 40
8 12 1
6 9 8
0 3 5
4 9 15
16 19 33
13 15 34
17 20 11
15 19 23
20 23 20
23 2 11
19 23 22
18 20 33
10 13 39
16 21 42
18 22 11
4 8 41
17 19 11
20 0 3
21 23 23
11 15 20
11 15 20
10 14 5
15 19 47
7 10 9
7 11 31
0 3 12
4 7 22
12 15 36
20 23 36
1 4 3
21 0 30
7 12 24
9 11 12
23 3 43
20 22 41
3 6 7
17 21 22
10 13 8
6 10 13
16 20 17
16 20 3
15 19 4
16 21 44
18 22 31
13 15 29
10 14 30
5 6 47
16 18 41
6 11 2
20 0 25
4 8 24
22 0 37
5 7 33
12 14 43
0 2 45
17 19 17
5 9 39
6 8 31
1 4 10
7 9 7
15 18 4
2 4 6
13 16 33
9 13 43
4 5 12
12 16 44
11 15 7
9 13 25
4 8 25
21 0 23
19 22 24
7 11 15
21 0 35
10 12 32
5 8 36
0 4 33
2 4 37
17 22 9
13 17 36
11 12 3
0 4 38
17 20 39
4 9 47
21 0 11
21 1 28
7 11 44
0 3 8
3 6 14
6 11 8
0 4 24
12 14 12
16 19 42
19 20 36
1 3 14
2 5 29
18 19 10
8 13 12
8 11 18
17 19 8
14 18 2
21 0 43
9 12 17
12 16 16
5 10 20
15 18 5
20 23 4
18 21 27
16 20 24
13 17 40
4 6 43
10 15 10
23 3 17
9 11 30
3 7 24
17 19 16
18 20 6
12 16 38
16 21 12
1 5 17
19 22 35
14 16 4
10 11 20
4 8 11
9 13 38
16 21 7
9 15 25
11 13 37
15 17 22
19 20 6
3 5 11
18 20 10
6 9 28
21 0 11
14 16 47
8 12 34
14 17 18
5 8 2
16 19 10
0 3 15
11 14 26
21 23 4
7 10 44
17 21 16
22 1 12
10 14 12
7 12 15
6 8 41
19 23 16
22 1 17
22 2 20
21 0 11
10 15 42
17 19 16
8 11 8
20 23 36
5 8 45
2 6 7
4 7 7
21 23 38
12 16 3
13 16 2
17 20 26
8 12 46
23 0 9
2 6 16
4 8 24
2 4 46
8 11 39
15 17 31
19 21 7
23 1 9
0 2 43
23 2 27
19 20 35
9 13 39
3 6 21
14 16 35
7 10 1
0 3 8
9 11 37
22 23 16
9 11 38
19 23 4
22 2 10
18 20 21
8 10 42
19 1 34
2 6 38
11 16 24
21 23 14
14 17 45
19 23 42
12 17 18
0 3 12
9 12 3
1 6 11
13 15 19
15 18 43
12 15 15
20 0 45
20 23 18
4 8 24
5 6 31
2 6 8
18 21 40
1 4 36
7 10 8
8 11 34
19 21 43
4 6 7
19 22 45
6 10 8
2 3 3
2 7 37
2 7 30
23 2 16
4 6 19
5 6 36
16 19 10
8 13 22
1 4 19
7 11 5
3 5 36
8 10 41
10 12 33
4 8 19
15 19 18
22 23 46
2 5 22
1 5 33
15 19 13
20 0 15
7 7 7
5 8 36
1 5 32
6 9 40
15 18 16
22 1 46
1 4 20
5 9 6
9 11 36
10 13 16
10 13 45
8 11 5
13 15 42
8 10 13
23 3 39
6 10 44
20 0 25
4 7 13
13 17 41
19 22 17
10 12 45
10 13 42
9 10 33
8 11 1
19 21 9
0 4 27
6 10 35
20 1 23
0 3 5
7 10 1
12 16 31
5 6 5
4 7 13
18 22 28
20 23 31
7 9 20
10 14 6
18 21 15
4 7 18
20 0 4
5 8 17
15 18 11
2 6 28
15 19 31
23 1 27
9 12 40
6 9 15
13 17 20
20 22 5
15 18 20
11 13 40
15 18 22
15 18 38
12 14 18
18 22 46
7 10 32
16 20 8
2 3 45
23 1 34
17 20 15
16 20 37
2 5 25
15 19 40
17 21 13
12 15 34
11 15 28
15 17 17
2 3 14
10 13 16
4 5 19
22 1 15
10 13 4
4 6 15
14 16 44
17 20 16
3 6 43
15 17 14
9 10 37
1 3 17
20 23 15
8 11 13
14 17 36
23 2 3
0 3 30
12 16 23
1 2 25
17 20 42
22 23 3
13 16 34
0 3 40
2 5 7
12 16 21
3 6 21
7 9 21
19 0 34
23 2 26
6 7 39
19 21 38
10 13 36
21 23 5
5 8 8
11 13 27
3 6 44
21 2 35
4 7 45
22 0 33
8 11 5
1 3 40
12 14 45
22 0 27
6 8 11
9 13 23
3 6 1
19 22 2
13 17 36
23 3 5
11 14 10
18 22 20
3 4 35
12 16 40
9 12 46
13 16 15
21 0 21
1 4 6
15 17 13
4 6 26
13 17 17
17 20 14
14 18 41
18 19 9
16 17 17
5 7 24
6 10 27
23 2 11
9 11 2
15 18 8
22 0 35
22 1 34
21 0 27
5 7 31
22 1 45
2 4 37
19 21 23
9 12 31
21 0 35
21 1 31
13 15 22
7 10 38
23 1 28
16 17 13
16 18 10
4 8 28
20 0 35
15 17 42
22 23 37
23 2 1
22 0 41
19 22 12
6 9 11
15 18 5
4 6 41
14 17 7
15 18 38
12 16 4
2 4 7
9 12 20
12 16 38
17 21 1
2 4 6
1 3 9
4 8 32
7 10 25
15 17 46
23 2 47
2 4 35
19 22 41
8 10 29
22 0 6
1 4 43
19 22 41
5 6 26
16 20 44
8 10 34
9 11 11
8 12 12
14 16 33
0 2 4
16 19 37
19 21 5
13 16 11
10 13 15
4 6 15
23 3 19
1 6 2
18 21 19
11 15 9
8 11 42
7 9 36
16 19 28
21 1 18
19 22 39
10 14 44
22 1 33
8 11 13
9 11 33
13 17 28
1 3 19
7 11 14
18 22 10
15 17 28
13 16 45
10 12 27
15 20 29
18 20 3
16 18 30
0 2 15
19 23 34
3 4 23
9 11 9
8 11 8
11 14 43
13 17 34
7 10 16
7 10 32
2 6 23
2 6 18
17 19 24
14 17 39
12 15 9
14 16 35
5 8 33
4 8 14
17 20 17
17 21 43
11 13 36
2 7 11
9 12 1
2 5 27
19 21 42
11 15 28
18 20 31
20 23 40
16 20 5
17 19 14
10 13 44
12 13 12
22 2 14
1 4 23
3 7 28
23 2 42
5 8 32
2 6 21
3 7 25
12 14 9
23 0 31
7 9 37
0 3 8
13 17 14
14 17 37
3 7 39
9 12 31
5 8 5
21 23 44
18 20 2
5 8 40
6 7 27
5 8 20
1 4 1
6 10 31
22 1 27
14 17 29
21 1 12
15 18 22
15 19 4
7 8 17
14 18 25
6 10 24
20 1 35
20 1 16
16 20 44
23 3 21
5 10 30
0 3 39
12 13 5
3 6 27
0 4 28
4 8 40
7 9 36
7 9 44
11 15 39
11 12 6
1 2 14
6 9 35
14 18 16
6 10 16
13 16 35
21 23 23
13 15 29
4 7 34
22 1 46
15 20 11
16 19 29
14 17 5
12 15 12
12 16 18
18 20 12
20 22 26
10 13 18
2 5 22
5 8 40
23 2 9
17 18 11
17 21 39
6 8 9
4 7 42
16 20 30
18 20 26
10 14 42
20 23 11
23 0 41
1 3 11
6 10 12
21 0 43
5 7 23
7 9 2
1 5 26
4 7 22
19 21 33
0 1 16
4 5 16
13 15 28
0 4 36
7 11 26
0 3 41
5 8 22
22 0 25
13 14 11
6 9 15
20 0 27
16 20 34
14 19 7
9 12 8
21 23 20
9 14 47
22 2 7
14 17 7
21 1 33
13 15 9
9 12 45
7 10 41
20 0 30
22 1 12
9 12 33
23 1 38
8 10 42
18 20 33
12 16 35
18 19 32
13 17 2
4 7 28
9 13 1
1 3 33
1 3 3
4 9 32
11 17 39
23 1 25
21 0 14
7 11 22
1 5 19
17 20 25
8 11 1
16 19 42
12 16 29
19 22 29
16 18 16
18 21 25
6 9 8
12 15 47
20 23 17
2 4 35
22 0 27
0 2 37
0 4 36
6 10 30
22 0 19
3 7 35
18 20 31
19 23 12
16 18 32
2 5 10
7 11 17
1 3 30
0 3 42
16 19 30
20 23 4
13 15 8
15 18 12
22 2 21
0 4 44
8 11 41
0 3 44
12 15 16
20 23 5
5 7 41
22 0 23
6 9 4
21 22 42
10 12 26
22 23 30
22 3 4
5 8 32
14 16 22
4 7 31
23 2 43
2 7 25
9 12 17
20 0 46
0 5 36
14 18 25
16 19 26
14 17 36
7 10 18
23 1 47
4 8 12
9 11 16
15 18 42
14 18 28
17 20 8
23 2 43
22 0 13
14 17 8
21 2 3
9 12 4
14 18 25
21 1 31
15 19 6
17 21 14
20 21 14
3 7 1
17 20 46
10 13 36
18 20 5
10 11 38
12 15 32
18 21 33
6 8 24
8 9 35
1 4 39
18 22 32
4 9 10
4 7 5
14 17 3
19 21 30
4 10 1
3 6 34
6 9 22
4 5 4
6 9 17
21 0 34
16 19 41
9 12 39
10 14 1
6 10 21
12 15 21
18 21 30
4 6 44
8 11 12
20 23 36
0 2 8
18 21 22
21 0 21
4 7 29
10 13 43
8 12 34
13 16 42
15 19 19
15 17 33
5 8 36
1 4 15
5 6 26
1 2 2
8 12 19
12 15 39
20 23 31
22 1 4
7 10 3
12 14 3
20 23 46
23 3 6
4 6 32
22 0 32
11 14 7
23 0 28
20 0 41
19 22 29
18 22 44
19 22 24
23 23 19
3 5 18
17 20 40
4 7 6
21 23 1
23 2 27
0 3 37
13 16 47
0 4 44
18 22 3
1 4 22
4 7 25
10 15 33
8 11 3
19 21 41
12 16 1
19 22 10
11 14 46
10 15 42
7 10 34
6 10 45
12 14 42
0 2 45
7 9 43
12 16 39
13 15 1
15 17 41
20 0 1
9 12 21
6 9 18
3 5 40
7 10 13
9 11 43
13 15 1
14 17 42
11 14 27
4 8 34
17 19 37
7 9 38
17 21 46
0 3 47
3 7 43
17 21 11
21 1 18
15 16 22
22 3 41
2 4 36
18 20 1
1 4 34
12 15 25
18 20 22
6 9 31
7 10 21
4 6 13
3 7 3
23 3 17
14 16 33
7 11 5
16 20 26
20 23 18
17 21 35
16 19 9
1 4 4
0 5 37
5 8 26
14 17 32
2 3 24
1 4 47
1 4 33
16 18 45
21 0 38
16 20 40
0 3 19
13 16 38
3 5 16
10 14 5
2 5 41
17 20 25
5 11 4
17 19 22
20 1 22
18 20 25
14 16 29
20 22 21
22 0 6
8 11 15
2 6 14
1 4 26
3 7 45
23 1 36
8 12 12
16 20 8
14 18 24
17 22 23
20 23 44
0 3 3
15 18 17
4 7 24
10 12 1
14 16 37
17 20 13
6 9 32
23 3 7
2 4 5
0 2 13
14 17 22
10 14 33
22 2 40
22 0 5
16 20 14
5 9 31
20 22 5
14 19 6
8 10 1
0 3 22
22 23 25
19 0 40
21 1 8
17 20 47
11 14 41
11 14 47
6 7 1
5 8 36
17 19 2
18 20 24
17 19 31
4 7 18
17 22 38
11 12 8
7 9 32
10 13 2
8 11 10
20 23 41
21 0 5
18 21 35
20 23 44
20 23 9
19 23 2
0 4 8
8 12 24
3 8 39
17 22 9
4 6 19
3 6 36
10 14 14
12 16 7
20 0 38
15 18 14
8 10 5
21 23 26
3 5 3
1 3 23
13 16 1
15 18 22
19 23 36
12 14 13
1 4 1
11 12 43
7 11 13
20 22 15
2 4 34
23 1 21
4 8 35
1 3 47
3 8 47
1 4 24
19 21 32
11 13 21
18 22 4
13 15 28
6 12 11
16 19 3
23 2 34
9 10 5
14 15 8
12 15 7
6 9 14
12 16 11
18 20 28
0 4 22
11 15 39
17 20 5
15 18 32
21 1 13
15 18 46
4 7 25
8 11 43
5 7 11
4 8 10
13 16 15
10 12 18
6 9 33
17 20 14
14 17 28
16 18 7
4 8 8
21 1 8
3 6 1
20 22 32
9 13 24
2 6 5
7 9 39
20 21 47
3 7 35
19 22 37
18 21 5
3 7 2
14 18 33
2 6 40
16 18 4
12 15 44
13 17 7
22 1 28
15 19 26
10 14 19
14 18 31
8 12 36
12 17 14
5 5 12
22 1 8
21 0 2
21 3 40
11 15 38
18 21 30
21 2 28
3 6 3
20 23 11
17 21 1
23 1 6
1 4 9
11 14 13
17 19 39
8 9 10
11 14 18
2 7 31
16 19 9
12 15 23
14 17 27
17 20 27
8 12 30
23 2 38
20 22 4
12 13 35
4 9 40
11 14 30
16 18 26
17 21 10
6 8 42
11 13 18
6 7 2
20 0 1
3 5 38
12 15 25
5 9 8
9 13 19
11 13 36
17 23 22
23 2 1
18 22 18
20 21 5
12 15 44
12 15 7
18 20 36
0 4 39
2 6 46
6 9 33
11 13 29
13 14 25
9 12 13
13 15 6
22 2 36
23 2 46
5 9 22
20 21 18
17 21 38
11 14 6
17 21 16
1 5 30
10 13 21
13 17 6
2 4 18
22 1 42
21 1 5
2 3 17
1 6 38
7 10 18
7 10 44
18 21 6
1 2 12
8 10 33
22 1 13
7 10 32
15 18 5
6 10 35
2 4 30
9 13 32
7 10 13
1 5 10
20 23 21
16 19 16
23 2 33
21 0 25
12 16 10
4 6 33
11 15 40
19 21 28
6 10 26
12 15 39
8 12 4
8 11 26
13 15 16
0 3 36
18 18 46
14 16 31
6 8 41
4 7 15
11 13 33
2 5 6
2 5 14
16 19 8
14 16 39
14 17 5
23 1 8
8 12 30
5 7 17
19 23 44
20 22 13
21 1 11
11 14 9
13 18 11
7 10 30
1 5 36
8 12 4
13 17 7
15 16 5
16 18 31
18 20 18
23 3 37
9 13 36
19 21 25
5 7 35
2 5 10
18 22 2
8 11 33
4 5 12
23 2 34
18 20 10
19 22 14
18 19 25
22 2 25
3 6 8
17 20 4
20 0 40
2 7 37
18 21 8
14 16 5
23 1 26
4 9 22
22 1 44
17 21 6
21 23 9
15 17 45
9 11 39
0 3 20
17 20 7
7 8 45
3 5 39
14 18 40
18 20 23
19 23 8
7 8 5
16 19 15
21 23 34
10 15 19
7 10 29
12 15 40
9 14 18
3 6 40
9 12 19
5 8 17
12 15 11
12 15 10
19 22 29
8 11 25
13 17 35
6 11 27
8 11 24
22 2 27
11 12 14
13 16 12
2 4 31
10 12 47
15 17 8
21 0 22
20 23 22
16 18 2
14 16 29
23 2 5
7 10 6
3 5 11
8 9 18
22 0 34
8 12 25
9 15 2
15 19 37
21 0 6
12 15 16
18 21 22
15 19 29
12 16 46
0 5 17
23 2 2
11 16 3
13 16 46
8 10 23
13 15 36
9 11 17
22 0 7
6 9 32
7 9 14
15 17 45
14 15 37
9 12 40
1 4 32
15 18 31
12 14 2
6 10 21
10 13 40
8 11 11
4 7 23
2 5 8
15 18 34
4 5 2
21 1 18
1 2 13
13 15 44
2 4 10
3 8 35
21 1 15
8 10 10
12 14 36
19 22 32
11 13 5
12 15 13
8 11 13
0 3 25
19 22 3
9 13 16
9 12 31
8 12 47
7 9 14
8 12 18
21 0 8
10 13 46
6 8 14
15 18 20
9 12 30
22 1 32
11 13 25
14 17 32
18 22 25
16 17 46
8 11 26
10 14 44
9 13 36
20 0 8
7 11 13
19 23 43
6 8 7
9 14 32
10 13 13
14 18 16
20 0 26
13 16 30
6 10 34
16 19 34
6 10 33
13 16 3
5 7 39
20 22 45
15 18 2
18 21 37
18 20 31
1 4 21
4 7 40
3 6 39
17 21 42
15 19 9
8 12 10
16 19 27
8 12 36
23 2 3
6 8 26
22 2 22
11 14 19
12 14 17
8 11 38
18 20 8
8 10 40
13 17 31
9 9 25
22 0 38
10 14 19
23 1 1
22 1 27
7 9 9
7 10 12
11 14 21
7 12 9
7 9 9
10 13 26
0 2 28
6 8 29
11 16 47
3 6 16
22 3 34
10 12 36
1 5 43
10 13 4
11 11 7
7 9 3
15 19 12
0 3 41
22 2 17
21 1 14
5 8 7
8 12 43
23 3 19
16 18 35
0 2 4
11 15 32
3 5 45
13 17 34
23 1 20
0 1 38
22 3 15
19 20 34
4 6 32
12 14 9
10 14 12
22 1 19
18 21 40
12 15 36
21 0 43
13 16 22
10 13 34
16 20 41
2 5 45
6 10 17
3 6 47
8 9 32
19 23 22
17 20 7
22 2 34
9 14 23
5 9 15
2 3 38
14 18 32
16 19 5
4 6 26
4 7 9
13 16 19
19 23 6
20 0 29
7 9 35
20 0 6
12 17 14
17 20 33
16 19 16
1 4 5
1 5 47
4 7 27
0 5 19
10 13 32
10 13 4
7 10 39
4 6 19
2 6 36
22 1 43
19 23 31
19 22 41
19 22 34
12 15 37
19 0 8
13 15 8
5 9 12
18 21 9
7 11 3
0 4 5
14 18 19
10 14 30
22 0 26
18 23 1
4 7 23
4 7 26
5 7 19
5 9 37
4 7 27
19 23 11
18 19 42
12 14 34
0 2 14
23 1 46
10 14 35
4 8 5
7 10 4
11 11 6
0 3 33
7 9 19
4 8 46
22 1 39
5 8 37
15 18 25
5 8 5
18 22 32
10 12 17
20 22 1
11 14 31
11 15 5
2 6 43
9 12 30
10 14 42
19 21 19
22 0 32
0 5 31
22 0 34
20 22 35
2 7 23
7 11 18
19 0 15
5 8 10
22 0 30
14 18 16
3 5 29
18 21 41
19 23 47
0 2 2
19 22 2
5 8 13
8 10 20
13 16 22
12 16 33
3 5 12
2 6 22
12 15 11
2 5 47
11 15 39
1 4 15
20 23 47
17 19 13
21 23 3
13 15 21
16 21 32
11 14 35
0 5 28
20 23 12
20 22 11
15 17 22
14 17 5
19 21 27
11 13 35
22 1 25
14 16 36
6 10 38
1 5 27
21 2 16
12 15 9
0 3 44
12 15 31
1 4 46
11 15 5
10 14 40
5 7 40
10 13 13
14 19 43
7 10 24
20 22 14
6 7 4
20 22 40
6 9 47
13 18 42
5 8 37
16 19 5
0 3 45
9 13 2
7 10 1
4 7 10
3 7 6
20 0 8
0 1 23
22 23 9
6 8 20
23 1 3
2 5 20
16 19 8
6 10 38
21 23 45
13 15 6
8 11 26
1 3 20
21 23 41
0 3 41
11 15 37
21 1 32
11 14 6
12 13 5
4 6 19
19 21 35
10 12 32
12 15 33
17 19 3
21 0 46
2 4 27
19 21 6
5 7 2
10 11 16
11 14 25
20 22 21
14 18 34
2 6 9
5 6 10
2 4 13
6 9 20
4 7 5
12 15 11
6 8 29
9 12 18
9 12 36
13 16 10
7 11 36
1 3 7
13 16 47
0 4 46
22 1 25
15 18 47
18 21 37
4 7 19
1 4 28
2 6 42
17 22 36
2 6 8
18 21 20
20 23 37
8 11 13
11 14 40
3 6 14
8 11 46
10 13 9
7 10 8
22 3 39
2 6 9
14 16 46
22 1 3
5 8 29
5 8 13
6 7 20
7 10 4
20 21 42
21 23 23
13 17 25
0 3 42
23 2 31
6 9 6
14 18 15
0 1 12
13 16 28
3 7 43
6 10 28
22 1 13
13 16 40
0 2 25
1 5 6
11 14 16
14 16 10
10 13 7
3 8 30
23 3 13
13 17 2
16 19 7
5 8 37
19 21 16
0 3 40
3 4 43
1 4 46
5 8 6
19 21 15
13 16 3
18 22 37
4 8 2
8 12 26
2 5 39
12 15 39
17 20 43
10 12 32
17 20 22
19 22 41
6 11 36
5 9 40
12 16 8
1 5 46
23 2 20
7 10 9
8 12 28
23 3 26
23 4 2
14 17 43
10 12 10
6 8 45
2 4 13
7 11 1
16 20 33
5 9 40
11 14 21
11 14 28
13 15 33
18 22 34
18 22 2
6 9 14
9 10 29
9 11 8
23 3 28
14 16 44
22 1 38
16 19 33
13 17 22
19 20 38
12 14 6
4 5 41
21 0 5
20 0 22
20 22 7
19 22 3
3 5 36
7 10 14
17 20 7
11 12 34
1 3 11
2 4 33
18 21 43
2 4 38
6 10 16
0 4 27
9 13 30
21 23 44
1 3 3
12 14 35
3 6 28
22 2 1
1 6 13
8 10 31
5 7 12
18 20 36
21 3 37
2 6 8
7 9 25
14 18 37
21 1 6
17 20 6
11 14 22
20 23 7
22 1 42
16 19 2
1 5 39
20 23 16
5 8 43
13 15 19
14 16 24
14 15 43
8 14 45
21 1 21
8 12 21
17 20 18
0 2 45
19 22 12
14 17 24
18 20 30
6 8 39
18 21 16
14 17 10
13 16 2
1 4 26
2 5 10
2 7 17
16 18 4
8 10 10
12 15 41
16 18 28
17 21 21
7 10 4
7 10 32
15 18 47
8 11 5
19 20 5
16 20 42
22 23 39
8 12 46
6 9 15
11 13 38
16 19 44
2 5 39
20 22 39
8 10 11
16 18 47
12 14 15
5 9 13
17 18 10
18 21 7
1 3 17
6 9 19
12 14 40
14 18 24
16 18 4
16 20 36
23 2 28
12 14 6
13 17 24
21 1 35
7 12 36
12 14 42
18 21 44
11 14 38
3 5 34
10 13 47
10 13 17
20 22 36
8 9 24
19 22 38
16 19 44
18 20 2
15 18 32
4 7 41
20 23 25
15 18 33
4 6 8
1 3 43
4 6 35
18 21 39
17 19 41
5 6 46
7 10 17
6 9 8
18 0 12
20 1 11
6 9 21
4 7 43
2 5 47
0 1 5
11 14 18
11 13 25
0 2 13
1 4 6
6 9 24
6 9 1
12 14 40
12 16 30
22 23 20
17 19 34
13 16 22
17 21 25
0 3 19
1 5 47
0 5 30
6 10 4
16 19 14
2 6 39
16 20 33
18 22 32
21 1 20
0 3 32
16 18 13
20 0 17
5 9 15
9 13 30
23 2 6
7 10 1
10 15 47
20 23 26
7 10 26
7 8 16
6 7 13
3 7 1
13 16 8
20 22 33
9 12 9
3 5 19
7 11 24
3 5 26
10 14 10
9 12 44
9 13 30
9 13 21
4 7 25
20 0 37
21 2 1
16 17 9
5 8 22
15 18 30
6 9 29
4 9 14
19 22 12
14 18 46
14 17 42
22 0 12
6 7 38
11 13 14
18 21 9
22 3 22
8 11 26
12 15 25
6 8 43
20 22 5
18 21 34
11 13 44
6 6 35
15 19 8
17 20 17
9 11 32
22 23 25
20 23 47
15 18 13
9 12 4
0 4 16
15 18 5
7 10 23
8 10 25
0 5 2
17 23 17
2 5 13
11 15 11
6 8 46
3 6 42
16 19 18
21 2 43
22 0 18
15 18 19
9 11 31
14 18 5
3 6 23
19 21 33
14 18 26
16 19 13
19 23 43
4 8 15
1 6 12
13 15 25
10 10 3
5 7 39
19 21 24
18 19 22
12 16 20
7 8 38
0 3 24
15 18 46
16 18 24
19 22 45
1 2 5
2 5 7
0 3 1
22 1 28
4 7 18
14 20 39
21 1 11
19 22 43
11 14 18
8 12 13
14 17 11
2 4 32
4 7 16
15 18 41
11 14 13
0 4 19
10 14 34
14 17 44
9 11 30
7 10 42
19 20 15
12 14 39
19 23 39
9 13 39
15 17 14
11 15 21
22 1 20
5 8 10
19 23 2
21 0 17
12 14 16
9 13 4
4 6 14
7 12 2
9 13 13
7 11 23
21 3 31
10 14 15
13 16 14
19 21 9
13 15 42
19 21 16
13 15 40
6 8 17
3 6 33
2 5 25
2 5 43
12 15 5
14 19 24
17 18 40
14 16 10
19 22 36
20 0 19
17 19 41
9 13 1
2 5 29
1 4 22
8 11 5
3 3 26
0 4 13
10 14 31
1 4 15
17 21 5
23 1 32
3 4 41
7 10 33
20 22 46
17 20 7
2 5 42
3 6 31
6 9 38
18 20 29
19 23 22
8 11 15
2 5 5
20 0 8
22 2 40
17 18 18
12 16 25
8 10 26
19 22 33
7 11 4
15 18 22
9 11 28
2 5 15
7 10 22
4 7 12
0 4 40
18 21 36
7 9 10
14 18 25
17 20 11
13 16 14
10 14 1
23 2 36
10 12 23
21 0 19
17 19 46
7 8 8
22 1 21
12 14 8
20 22 38
3 5 14
21 2 24
11 15 33
14 17 15
11 12 13
4 6 14
9 11 43
1 5 29
20 23 40
3 5 15
15 17 33
18 20 29
0 3 2
6 11 13
5 9 44
8 10 40
9 12 12
14 17 17
12 15 3
21 0 16
12 15 30
23 1 9
18 21 31
5 8 32
19 21 41
6 9 29
7 11 8
10 12 6
1 5 42
18 20 28
11 16 8
14 18 12
19 23 36
14 17 37
0 3 36
17 20 37
2 6 30
0 2 18
10 13 19
11 14 43
0 2 9
1 3 2
4 6 18
10 13 33
9 11 10
4 7 41
11 15 24
14 17 42
5 10 40
13 16 22
1 3 13
1 3 34
18 22 17
0 3 30
11 13 39
19 21 34
10 13 41
23 1 35
15 17 42
9 14 35
12 15 27
9 12 7
0 4 35
5 8 44
9 13 15
21 23 10
18 21 20
13 16 44
22 0 12
12 14 22
12 14 37
17 21 26
13 16 43
13 15 46
15 18 9
4 6 24
2 4 27
5 8 18
15 15 38
22 0 5
20 1 32
4 5 13
23 1 7
16 18 4
10 13 43
19 23 23
15 18 37
4 6 42
0 2 18
22 0 45
22 1 20
16 21 40
4 5 15
20 21 1
19 21 32
19 23 27
5 7 33
5 9 13
2 5 12
19 23 38
15 18 40
21 23 46
15 17 36
4 8 16
8 10 29
2 6 46
11 13 18
5 8 7
23 1 33
19 21 37
3 7 29
22 2 24
8 11 36
3 4 27
9 12 40
18 20 41
20 22 20
11 12 11
1 4 21
1 4 41
7 9 23
4 7 7
1 4 6
21 23 15
21 0 32
10 13 25
21 23 24
2 6 18
0 3 22
7 11 12
13 15 43
20 0 11
13 16 19
1 4 12
12 14 17
18 21 31
7 10 7
0 3 13
5 10 20
7 8 40
1 3 12
16 20 46
19 23 5
1 3 25
20 23 31
9 13 31
19 23 11
1 4 3
5 7 28
20 1 15
5 9 3
12 16 35
9 11 38
14 16 29
3 4 28
15 17 40
17 21 46
14 17 3
5 8 31
0 5 10
20 23 31
9 13 46
13 17 27
23 3 3
4 7 5
7 8 9
7 12 35
0 1 4
19 23 3
15 19 34
10 14 42
3 6 23
15 17 7
14 18 44
6 10 14
16 19 31
12 15 38
4 7 19
16 18 31
11 15 37
6 10 30
17 19 46
7 10 22
0 2 9
20 22 13
8 11 34
17 20 22
17 20 35
10 11 10
20 0 16
16 17 18
15 18 36
6 9 46
17 21 3
23 3 13
4 5 15
19 21 45
18 21 36
22 4 23
0 1 27
0 3 21
17 20 27
1 5 15
5 9 17
8 9 20
1 4 37
7 11 36
23 0 38
9 11 4
9 12 42
5 9 42
17 19 38
0 2 39
22 23 5
12 13 31
0 4 14
20 23 27
11 12 42
8 11 32
23 2 31
10 14 37
20 23 34
18 20 39
12 16 3
14 17 2
4 5 22
7 9 2
7 12 28
3 5 33
15 18 1
12 14 8
3 5 26
1 4 15
15 17 14
9 12 37
17 21 10
22 23 39
11 15 26
10 13 16
18 22 23
9 13 26
18 21 19
1 3 4
15 19 45
10 13 3
23 2 43
18 22 15
12 15 32
8 12 1
19 23 17
21 1 1
16 21 21
22 2 7
11 14 39
19 22 39
0 4 38
17 22 33
2 6 11
2 8 31
10 12 13
7 9 44
5 8 1
6 8 34
16 20 4
6 8 42
9 14 4
13 17 45
5 9 35
7 10 22
9 11 10
1 4 29
8 10 36
6 9 45
18 21 26
17 20 21
9 13 46
15 18 46
17 21 47
15 20 40
2 4 40
5 8 28
22 1 43
12 14 3
22 2 10
2 5 2
2 5 3
17 22 35
6 9 7
10 13 32
5 9 45
4 6 8
2 5 36
12 16 24
21 23 34
5 8 30
14 17 2
21 1 7
20 0 42
23 2 26
14 18 2
23 1 8
11 13 25
12 14 22
16 19 36
20 22 39
12 16 7
2 5 46
2 3 34
15 19 10
19 21 1
14 16 33
21 23 43
16 19 5
0 5 26
9 13 8
18 23 9
21 1 23
16 19 34
17 18 32
9 12 14
4 6 45
14 20 39
15 17 31
21 1 28
6 9 25
0 3 22
13 15 29
3 8 35
13 16 28
5 8 13
11 14 12
16 20 20
7 11 38
16 18 27
15 18 25
20 0 15
8 12 18
23 0 7
15 18 36
22 1 18
18 21 47
13 18 19
13 16 11
6 8 47
9 11 35
18 23 21
14 16 24
22 0 15
5 8 21
22 2 20
0 3 16
6 9 19
20 23 2
8 11 25
12 15 34
19 23 27
19 22 33
17 22 44
6 9 20
8 14 46
0 4 42
12 13 12
8 12 20
15 18 14
15 17 15
16 18 45
12 16 34
22 1 18
13 16 36
23 2 23
21 1 35
5 9 27
16 18 35
6 8 30
12 16 19
7 12 2
14 17 18
9 12 13
14 17 2
11 14 40
13 16 27
14 18 35
22 1 38
14 18 12
21 23 10
20 23 25
22 1 13
4 8 4
19 0 18
4 7 32
4 8 13
21 0 11
14 17 40
14 18 4
8 13 12
13 15 11
21 23 10
13 16 43
17 20 31
23 2 6
11 14 42
5 6 24
2 4 10
13 15 35
5 9 6
22 1 43
11 15 44
21 23 38
22 1 7
1 3 47
2 5 14
5 8 42
12 15 38
21 1 28
8 10 1
16 20 15
11 15 29
5 8 8
3 5 28
17 22 28
16 21 31
11 15 3
15 18 8
13 16 28
13 16 2
2 5 39
16 18 25
11 14 31
6 10 23
18 20 15
3 6 13
21 0 43
18 22 33
22 1 2
12 15 47
19 20 41
9 12 1
10 12 34
2 5 40
4 6 1
5 9 41
15 18 33
13 17 10
23 2 38
18 21 12
9 13 31
13 17 15
2 5 43
20 0 29
2 5 47
17 20 6
19 23 3
8 10 24
5 8 18
21 23 34
2 6 15
13 17 22
10 14 40
5 8 10
23 2 1
19 21 11
3 6 40
0 4 45
11 14 14
16 19 6
12 15 21
17 22 27
22 1 20
18 22 38
7 12 20
0 6 22
1 5 8
8 10 1
9 13 47
20 0 22
7 10 3
0 5 38
20 22 7
21 0 33
5 9 20
0 3 11
17 19 10
6 10 44
1 5 14
4 8 36
1 5 14
20 23 35
5 10 7
4 9 20
9 13 13
4 7 15
4 7 38
14 17 18
23 3 35
4 7 18
0 3 9
9 10 34
4 8 33
0 3 5
14 18 2
13 16 17
19 23 3
13 15 10
8 11 26
5 9 26
7 11 1
4 6 19
21 23 41
7 10 30
7 11 13
21 23 40
22 1 34
9 14 35
12 15 12
16 19 18
20 23 42
1 4 4
23 3 14
8 10 19
21 1 10
6 6 31
13 17 47
11 13 18
15 18 10
10 10 25
7 12 30
0 2 3
6 9 6
17 21 23
8 10 45
13 14 33
13 16 39
2 4 38
18 21 18
23 2 2
19 21 22
19 21 28
9 11 25
20 0 39
16 19 20
6 12 16
21 22 15
18 22 4
21 23 40
3 5 19
1 5 15
4 8 27
3 6 31
8 10 12
4 7 33
20 22 2
0 4 2
15 18 45
16 19 39
16 18 11
4 9 32
9 12 5
13 16 1
11 13 6
10 10 47
20 23 14
14 17 46
3 8 16
18 22 22
3 5 5
20 0 2
1 5 10
4 7 15
8 12 17
7 10 18
16 20 14
19 22 25
1 3 45
18 21 2
20 23 7
16 20 31
23 3 12
11 12 29
1 6 31
17 20 19
19 21 2
10 12 29
9 11 19
8 12 34
21 23 31
6 8 30
11 15 32
6 8 27
13 17 2
4 7 44
17 19 12
22 0 4
6 8 23
2 7 12
19 23 32
23 3 7
15 18 7
23 1 31
12 13 35
1 6 7
10 14 38
11 14 23
1 4 35
3 6 20
11 13 4
0 2 39
15 19 47
7 11 23
9 12 7
22 0 26
0 3 18
4 7 3
20 0 36
18 21 44
9 15 14
4 7 17
18 21 38
14 17 34
23 1 38
0 1 22
6 10 18
6 11 32
6 10 44
11 14 13
12 16 4
15 18 12
0 2 15
13 14 31
1 3 1
17 20 34
13 17 35
11 12 4
0 3 17
13 18 18
9 11 27
3 5 23
9 11 14
21 1 10
12 15 47
0 5 37
17 22 17
3 5 10
20 23 42
22 2 37
7 10 25
20 0 33
22 1 24
19 0 38
1 5 16
4 7 39
18 22 27
18 19 2
13 14 43
7 9 43
9 11 31
22 2 29
16 20 13
0 3 35
0 4 37
23 3 45
22 1 31
10 13 37
18 21 26
4 7 6
17 19 35
12 15 23
13 16 27
3 7 14
17 19 10
15 18 26
3 7 22
17 20 45
18 21 43
9 12 45
9 11 4
9 13 1
11 14 35
4 7 44
20 21 6
23 0 43
2 3 32
6 9 24
20 0 36
0 4 44
23 2 46
18 20 46
18 21 2
19 21 27
17 19 6
2 5 47
2 5 1
16 18 8
16 20 30
9 12 27
15 17 47
8 11 28
10 12 22
14 17 46
8 11 24
0 2 30
13 16 27
19 23 32
21 1 31
23 3 24
19 21 46
7 9 14
2 4 36
15 18 5
19 21 34
7 9 23
22 1 21
2 7 27
21 1 25
5 8 3
5 9 8
23 2 21
10 13 20
11 14 43
21 1 37
17 20 30
17 20 38
7 8 35
22 0 6
6 9 9
16 19 46
12 14 43
9 9 22
2 6 32
23 1 11
11 14 22
19 21 37
0 4 2
13 17 26
19 23 4
4 7 37
14 15 45
19 22 45
13 16 18
10 12 44
21 23 8
17 20 35
15 18 20
19 21 42
7 11 39
22 3 30
14 17 3
7 9 41
5 9 12
4 9 30
9 11 33
20 21 28
10 12 9
20 23 14
20 23 14
0 3 5
13 16 35
2 4 33
10 13 37
19 23 2
2 5 36
18 21 47
0 4 40
1 4 6
5 7 36
12 16 3
2 4 42
3 7 35
15 18 39
20 23 1
1 5 46
16 19 42
21 23 33
18 21 23
14 18 33
0 2 31
20 23 32
13 16 29
15 18 26
8 11 9
18 19 35
0 3 14
22 0 45
6 10 12
14 17 20
3 7 12
13 20 40
14 19 21
21 0 32
10 14 39
2 7 21
17 20 32
16 19 39
4 7 31
8 11 29
5 9 6
17 20 10
12 15 18
11 14 19
11 15 43
15 19 47
19 20 40
10 13 17
8 9 28
11 15 15
1 2 6
5 8 25
2 5 35
11 15 30
22 1 17
19 22 19
0 0 16
23 2 35
5 9 17
11 12 22
8 11 6
20 23 40
18 19 11
20 23 30
1 4 7
12 15 17
9 12 2
16 18 37
3 6 9
5 8 4
8 10 21
12 15 12
18 20 38
8 10 39
2 5 1
10 14 29
19 23 29
15 19 26
16 20 5
3 5 23
21 21 14
12 15 18
22 1 43
16 20 38
22 23 13
1 5 47
7 10 29
8 11 22
1 4 26
15 18 47
23 1 18
1 5 22
3 6 19
3 6 33
22 3 24
4 6 6
19 22 2
0 3 46
22 1 47
19 21 19
1 3 16
5 8 41
20 0 11
17 19 28
3 5 45
18 22 33
18 21 25
1 5 47
0 3 4
12 16 10
23 2 3
5 7 5
23 4 31
3 4 15
1 4 8
0 1 26
7 11 7
1 5 22
3 7 33
6 10 36
19 23 30
18 20 18
2 7 11
4 7 21
21 1 25
4 5 4
15 18 8
14 17 15
10 12 36
20 22 27
2 6 15
12 14 4
3 7 13
10 12 44
17 19 21
10 11 27
5 9 18
16 21 1
23 4 46
11 13 22
21 1 37
4 6 18
15 17 14
1 4 2
12 15 37
20 23 4
8 10 20
3 3 14
6 7 36
19 23 17
7 10 16
16 22 27
2 5 22
22 23 36
3 8 18
1 2 7
20 0 3
3 6 42
21 23 23
13 17 1
21 0 36
18 22 33
0 3 33
8 11 33
21 0 36
4 7 39
16 20 38
13 17 2
10 14 16
9 12 16
15 17 21
15 18 32
12 15 10
11 14 32
8 12 39
11 14 6
11 15 31
20 22 11
4 7 35
14 18 28
4 7 38
6 10 3
16 21 38
13 16 24
2 7 31
14 17 35
20 0 36
17 19 25
3 5 39
19 23 7
23 1 24
13 17 39
4 8 33
10 11 5
3 8 29
19 22 41
19 0 24
13 15 18
22 1 37
22 1 9
8 11 19
5 8 40
12 15 46
19 22 34
14 18 40
23 3 20
16 17 3
22 2 22
0 2 12
9 12 7
12 15 45
6 10 5
16 17 41
12 16 6
11 15 21
18 22 21
13 17 20
13 16 20
1 2 19
4 8 22
12 14 21
23 1 38
9 13 46
23 3 19
19 22 24
18 20 35
0 3 27
0 3 42
9 13 39
20 0 36
13 15 19
22 2 22
3 7 37
5 8 41
0 4 32
22 1 47
3 5 9
4 8 45
9 12 41
8 12 43
22 0 7
19 23 7
13 15 14
21 1 23
3 7 30
9 12 45
12 16 41
13 14 25
15 18 11
7 11 35
4 6 42
19 23 25
18 22 28
22 0 27
0 4 35
2 7 3
9 11 15
23 3 28
13 14 1
8 9 41
20 0 19
1 5 4
5 8 36
18 22 14
8 12 3
5 8 17
0 4 30
15 19 36
0 3 18
0 3 43
15 18 47
15 17 13
0 4 37
3 7 26
23 1 14
11 14 29
1 5 29
13 15 35
23 1 12
7 11 3
9 12 21
15 19 9
19 23 8
21 1 42
23 3 23
19 22 29
16 20 25
3 5 46
21 0 36
14 18 44
5 9 42
5 7 32
6 8 10
8 10 8
7 11 24
1 4 32
1 5 25
15 18 43
21 23 47
22 1 20
18 19 39
1 4 14
12 15 12
0 4 43
13 16 33
2 5 35
17 20 5
2 6 43
10 14 24
22 3 19
9 11 27
17 20 23
16 18 38
23 3 3
9 12 3
0 4 35
4 6 35
20 22 30
6 13 18
16 18 5
12 15 43
23 2 40
23 3 29
19 23 32
21 0 26
19 22 7
2 6 43
5 11 5
21 23 25
19 20 31
0 2 3
14 18 43
17 20 31
22 3 12
15 17 10
2 6 19
13 15 38
1 3 21
11 14 26
0 3 30
5 6 29
18 21 25
19 23 12
17 22 45
6 9 46
5 7 7
17 21 39
12 17 39
11 13 11
9 13 17
7 9 8
22 1 28
0 2 19
9 11 6
2 5 32
21 2 13
7 9 44
10 14 40
20 0 18
17 19 23
1 3 40
5 7 29
22 1 30
22 1 11
7 11 11
20 23 24
17 19 23
12 16 29
14 18 29
1 4 5
18 23 25
1 3 10
21 2 43
6 11 24
15 17 2
5 9 17
0 2 19
23 3 12
22 1 33
20 22 18
20 23 14
22 0 2
22 2 34
6 8 14
22 23 42
12 15 36
9 13 14
23 0 9
8 12 20
13 17 10
7 10 36
6 10 12
7 9 36
0 3 35
3 5 44
11 14 37
12 16 22
4 8 42
19 22 36
3 4 17
3 7 38
17 21 43
12 15 40
10 14 40
17 20 39
14 17 27
6 10 14
4 9 38
7 10 28
19 23 47
7 8 13
6 7 21
1 5 20
18 19 12
23 3 12
10 11 41
14 17 18
17 21 38
23 2 33
2 4 40
2 6 38
7 11 5
9 12 30
16 18 15
18 21 42
5 7 28
9 12 27
9 10 41
6 9 40
6 8 42
7 11 29
16 19 41
19 22 17
2 8 38
4 7 5
19 23 23
0 4 22
13 16 25
20 22 5
22 0 43
18 23 45
5 6 2
13 16 25
20 23 16
3 7 41
14 18 2
22 1 9
7 11 35
3 5 30
10 13 33
8 11 45
8 12 22
20 23 12
10 13 14
3 6 27
19 23 2
7 10 24
16 20 8
9 13 11
3 7 42
19 21 38
20 23 2
20 0 26
15 17 12
15 18 36
4 7 31
6 9 10
20 23 14
22 2 23
4 7 10
10 14 9
8 13 4
20 23 31
18 20 1
7 8 28
18 19 3
21 23 2
17 20 16
8 10 7
23 1 27
18 19 10
19 21 8
3 6 27
21 2 10
18 20 30
22 1 20
15 18 22
11 14 6
18 20 20
18 20 14
16 18 42
22 23 13
7 11 19
10 15 13
1 5 4
18 22 23
6 9 36
21 0 29
6 9 27
11 15 28
1 3 3
3 8 43
21 1 9
11 14 47
16 19 27
14 16 46
7 12 32
8 11 3
15 21 13
20 0 12
13 16 42
6 9 11
17 21 46
14 17 31
10 13 35
9 11 17
22 2 43
3 6 5
22 0 31
7 9 35
12 16 2
6 9 32
14 14 24
2 5 8
8 13 27
20 22 30
10 13 19
12 16 38
12 15 24
16 18 1
21 0 25
14 17 43
21 1 42
12 16 22
13 16 2
8 12 32
4 8 21
3 4 33
14 17 15
18 20 37
23 2 22
0 2 42
12 15 38
18 20 16
11 14 1
11 14 35
18 20 31
7 11 36
16 17 1
8 9 30
0 3 15
15 18 38
7 11 34
18 22 4
23 1 20
14 16 22
10 13 11
8 13 34
0 3 1
0 4 8
20 2 26
14 18 18
10 13 18
9 12 26
11 14 34
10 12 12
12 13 24
21 1 29
3 5 2
7 10 27
3 6 42
2 4 30
22 0 3
17 21 17
11 15 23
4 7 40
17 20 17
21 23 26
21 22 16
23 2 7
23 2 5
12 13 31
21 1 39
10 13 15
9 13 39
12 13 30
10 13 37
1 4 43
21 2 38
13 16 14
5 7 23
2 5 26
11 15 8
18 21 10
7 11 10
2 4 8
2 4 43
12 16 41
3 7 38
8 10 9
8 10 38
1 3 27
9 12 22
19 22 32
10 14 29
20 23 24
7 9 17
23 2 10
19 23 43
13 17 24
5 7 44
6 7 14
6 9 23
18 22 6
8 12 34
17 21 44
9 12 41
12 15 36
16 19 30
16 20 41
2 5 47
12 14 36
10 15 46
10 12 4
14 17 30
19 23 40
14 17 24
21 23 21
10 12 33
7 9 13
20 22 11
9 11 39
15 18 21
16 18 2
0 4 8
1 4 14
8 12 38
13 15 29
17 20 23
1 4 27
22 1 8
19 0 33
2 4 1
13 16 42
19 21 46
4 9 1
18 21 23
7 10 39
10 12 42
14 16 45
16 19 42
16 19 6
17 20 9
10 13 31
1 5 9
10 12 47
22 1 32
17 19 23
19 20 35
3 5 2
6 9 4
17 18 9
22 2 14
18 21 9
12 15 33
3 7 2
14 17 43
17 19 23
7 9 44
13 15 32
6 7 15
19 21 36
10 11 2
23 1 22
9 13 25
7 10 25
10 15 10
7 11 11
7 9 9
8 11 46
21 1 47
17 20 23
22 23 38
0 1 33
7 10 1
14 18 31
11 14 38
23 4 6
15 18 26
18 20 32
0 3 25
6 10 16
10 12 28
8 13 45
15 19 24
14 18 24
17 19 16
22 0 38
22 1 13
15 18 27
5 8 17
4 6 47
19 23 42
14 18 45
2 7 22
18 21 37
23 2 29
11 13 21
9 12 24
13 16 2
23 2 28
20 22 12
19 22 43
15 18 47
14 17 28
13 16 27
19 22 24
19 22 36
20 0 34
19 0 20
2 4 18
6 11 5
1 4 17
8 11 46
20 23 20
0 2 13
10 13 2
3 5 36
5 9 11
20 0 20
6 11 28
2 5 17
23 0 30
7 9 45
4 6 4
11 15 47
13 15 15
2 5 8
22 0 6
1 4 26
3 6 11
16 19 5
5 6 2
12 15 47
20 0 30
17 21 5
7 10 28
12 15 9
17 21 16
3 9 6
16 21 46
11 14 11
18 21 21
18 22 1
13 18 27
7 9 8
10 13 24
22 1 36
13 16 7
5 7 24
3 6 16
0 4 44
8 10 23
3 6 26
17 20 34
17 19 35
18 22 12
6 10 2
11 13 25
19 22 5
16 15 17
3 6 38
9 13 43
5 8 16
9 11 37
18 20 37
12 17 16
4 8 12
5 8 34
17 21 24
4 6 17
16 20 19
15 16 34
15 16 37
12 14 30
13 17 20
4 7 33
22 22 46
9 13 40
23 3 16
11 14 44
8 9 8
4 9 35
10 14 28
21 1 47
7 11 43
6 10 34
16 18 32
15 18 6
7 10 47
1 5 9
13 16 42
2 5 14
5 6 6
12 14 44
21 1 12
5 9 39
2 6 24
11 15 43
2 6 16
14 16 47
14 18 9
20 0 4
4 7 16
12 15 32
22 0 47
9 11 16
21 23 13
10 13 22
8 11 5
10 13 43
2 8 35
19 0 2
21 23 7
3 4 5
13 15 14
5 9 31
7 12 19
6 9 41
11 13 29
0 2 7
3 5 37
1 5 25
16 20 18
12 15 14
18 21 6
1 4 1
17 21 9
20 22 3
20 23 35
11 13 12
3 5 40
0 3 14
3 7 24
12 15 5
22 0 14
10 13 21
21 0 16
17 20 3
9 10 9
21 23 31
20 1 3
2 5 14
0 3 30
8 10 41
15 18 33
19 22 12
20 23 47
8 12 5
2 7 38
16 21 10
15 18 3
20 22 25
11 13 18
5 9 14
10 12 44
15 18 20
16 20 4
2 4 10
14 17 17
18 21 16
3 8 28
9 14 30
7 10 20
5 9 8
0 3 15
14 18 2
18 18 16
11 13 24
15 16 32
20 0 1
13 15 21
1 4 39
2 5 24
23 2 36
15 17 6
2 5 19
0 3 15
16 18 26
11 15 12
15 18 41
2 5 47
13 17 9
7 9 26
22 1 40
14 16 33
21 23 14
3 4 39
9 11 17
3 8 5
19 22 40
4 8 2
0 4 18
2 6 18
2 4 33
8 10 34
9 10 22
22 2 36
16 21 43
8 12 45
23 3 13
12 15 38
17 20 8
18 22 21
19 23 47
11 15 5
6 10 46
17 21 18
11 13 19
19 22 18
2 7 16
5 9 6
3 6 5
5 7 11
6 10 14
20 22 38
2 6 28
2 6 13
6 8 6
0 4 19
18 22 4
20 23 8
21 23 1
12 13 4
22 2 42
13 16 15
7 10 18
7 8 8
16 19 8
6 10 13
5 9 12
6 8 4
22 0 8
20 1 24
7 12 18
2 3 32
10 13 44
7 10 41
19 22 27
2 6 7
23 2 2
8 11 40
13 15 34
15 18 7
16 19 45
0 2 21
16 19 22
3 5 14
3 6 38
11 14 44
14 19 22
2 5 42
18 22 30
23 2 21
3 8 23
16 20 14
15 18 23
1 4 22
23 2 30
21 0 24
21 23 11
5 8 12
17 21 44
10 14 16
13 17 24
16 17 2
18 22 44
16 17 13
20 0 27
10 12 10
6 9 28
8 10 11
23 3 12
4 7 42
14 16 6
13 17 9
20 22 27
13 16 9
6 9 5
11 13 10
18 20 39
15 19 6
18 22 42
8 10 2
6 8 43
20 23 9
1 3 4
5 8 13
12 16 38
1 2 11
6 10 6
14 16 18
10 12 44
10 15 10
9 12 37
10 14 11
6 9 36
0 3 25
6 9 20
21 23 35
0 2 46
22 23 1
12 14 16
7 11 35
22 0 41
11 13 41
14 16 9
9 11 5
17 21 13
4 7 3
5 8 30
10 13 36
2 4 39
14 17 37
23 3 35
23 1 1
3 5 30
22 2 32
8 12 20
22 1 21
8 11 15
16 20 11
12 15 30
17 18 2
3 7 6
0 3 5
8 11 17
23 1 13
14 17 30
9 13 20
14 18 43
20 22 22
16 18 36
4 6 38
2 6 13
2 4 1
22 1 47
3 6 28
6 8 25
2 4 12
5 7 12
8 10 41
19 21 39
5 8 2
8 11 11
15 17 20
22 1 18
2 7 47
18 21 13
3 4 16
6 10 44
6 9 39
13 16 29
2 6 10
23 2 29
5 8 25
5 9 29
3 5 40
7 11 36
1 4 27
0 3 10
12 15 40
18 21 2
0 4 6
4 6 9
1 5 1
8 11 40
11 14 10
5 8 5
23 2 10
16 20 25
14 17 6
20 23 26
0 3 45
2 4 31
17 20 30
15 17 24
10 15 3
19 20 28
11 13 23
1 3 47
11 13 22
5 9 38
9 12 8
11 15 23
1 1 9
12 16 16
16 18 47
3 5 11
13 14 3
14 18 34
6 11 43
8 12 22
18 22 19
17 20 44
4 8 12
18 22 19
13 15 33
15 18 15
8 12 25
6 8 13
2 4 18
9 11 41
19 21 27
7 9 36
23 1 30
23 3 22
1 4 44
15 17 1
7 11 43
6 10 16
10 15 18
18 21 6
10 12 11
22 0 35
13 16 46
22 2 10
15 19 30
0 4 11
23 2 43
4 8 21
15 18 4
12 14 9
16 20 38
0 5 18
12 16 37
9 13 32
20 1 41
10 13 28
23 1 32
4 6 10
20 0 8
19 0 41
19 20 47
6 8 2
2 4 39
8 10 47
5 9 45
15 19 36
19 21 5
3 7 42
16 19 18
5 7 38
1 2 1
1 4 12
5 7 41
4 7 25
3 8 8
9 13 3
2 5 10
7 10 1
20 23 16
1 5 31
5 8 27
0 4 6
23 2 37
18 23 1
8 11 6
13 15 14
16 18 33
7 10 27
5 7 21
4 5 33
16 19 36
7 8 12
15 18 18
19 20 46
13 15 31
4 6 43
3 7 7
3 7 15
0 4 27
21 23 25
11 13 24
3 4 35
4 7 8
14 16 13
14 17 8
14 17 40
9 11 7
21 1 22
8 11 1
0 4 15
15 17 6
22 0 19
11 15 25
6 9 26
4 7 24
9 12 20
12 15 30
14 17 24
19 22 38
16 20 38
21 1 38
7 9 31
20 22 33
15 17 41
18 20 40
20 0 32
12 14 43
12 16 18
8 11 18
12 15 46
15 18 39
0 4 21
23 2 47
20 1 32
11 15 38
11 13 20
20 0 40
6 8 1
3 6 24
16 19 19
8 11 24
9 12 15
22 1 21
16 19 17
7 9 3
0 2 38
15 18 44
8 12 13
10 14 17
4 7 8
0 4 27
17 20 44
5 7 28
16 20 10
20 22 23
19 22 11
0 5 4
8 12 8
5 9 10
13 15 11
6 9 14
22 1 29
15 19 31
17 20 21
21 23 21
22 2 1
17 19 33
3 7 32
4 5 8
0 3 21
6 8 39
9 10 32
12 15 37
6 8 26
0 3 45
18 21 3
15 19 36
1 5 18
0 3 31
1 3 43
14 15 33
19 21 21
14 16 10
21 0 33
19 22 43
23 3 33
19 22 9
14 16 43
1 4 30
2 5 8
3 7 39
17 18 3
14 18 31
14 18 9
13 15 8
18 21 26
0 3 17
0 3 28
10 13 28
17 21 8
16 19 5
21 0 13
14 18 3
19 22 43
20 0 10
4 7 27
3 5 3
15 19 27
12 14 17
16 21 18
18 21 1
11 15 23
2 5 2
3 4 47
15 17 47
5 8 41
16 20 1
22 1 18
0 1 8
10 14 36
2 6 3
11 15 40
20 22 40
4 9 11
18 20 40
4 7 30
8 11 35
0 2 5
12 16 6
3 6 5
17 20 3
19 21 38
21 23 19
18 19 43
19 21 12
18 20 42
9 11 35
19 22 25
19 22 16
15 18 31
7 10 41
7 11 7
3 6 27
14 18 13
7 11 44
3 6 32
16 18 37
16 18 13
14 18 8
19 21 2
3 7 29
18 21 12
9 13 44
21 0 13
5 7 13
18 21 41
17 21 14
0 3 6
0 4 5
20 22 26
22 2 13
11 13 12
7 11 4
13 16 21
13 17 6
0 2 12
17 21 25
13 16 45
7 10 27
16 19 39
22 0 44
14 17 32
18 22 38
1 4 1
10 12 41
2 5 6
3 5 25
13 15 11
5 9 26
1 4 2
3 6 30
6 7 29
4 8 24
8 13 38
20 23 21
17 21 25
9 13 31
16 19 23
10 14 26
16 18 23
16 20 4
11 13 41
12 17 30
6 9 3
12 15 30
7 10 43
19 21 29
15 18 10
6 9 45
4 6 30
5 8 17
0 1 29
23 2 24
20 23 47
0 4 38
7 7 9
1 3 2
19 23 14
9 10 15
21 0 18
16 17 11
21 1 44
21 1 9
7 9 25
3 6 7
13 17 5
23 1 25
14 19 21
19 0 33
22 1 33
23 2 8
13 17 45
2 4 9
3 7 2
16 17 40
0 3 41
15 18 34
14 15 17
4 6 31
13 16 26
4 8 12
3 6 32
0 2 5
9 13 28
3 7 8
23 2 43
4 6 9
3 7 28
8 12 40
16 18 10
1 3 27
6 10 12
20 23 31
20 1 5
22 1 38
1 1 41
1 3 38
2 4 16
5 9 2
12 15 44
12 15 47
7 11 39
1 4 23
23 2 2
19 0 39
4 7 46
18 21 31
11 14 1
4 7 45
11 16 44
23 1 21
6 9 1
10 12 6
17 21 43
3 6 29
4 7 14
2 5 31
18 22 38
2 5 7
21 23 13
17 20 16
3 6 2
1 4 2
21 0 26
2 3 20
6 8 26
18 20 30
8 11 16
0 4 12
12 16 5
11 14 21
5 9 1
8 10 21
17 19 26
9 13 37
20 1 25
20 23 3
18 20 28
8 12 24
7 11 8
13 17 39
12 16 34
22 1 27
0 2 37
1 4 44
9 12 29
5 9 8
18 22 42
11 14 26
2 4 5
9 14 12
23 2 7
3 6 4
13 16 1
3 8 13
13 17 14
4 7 44
4 7 7
4 7 45
8 11 35
14 18 15
17 20 30
0 2 40
10 12 39
23 2 15
20 23 44
14 19 14
0 3 36
22 23 44
12 16 15
7 10 10
22 2 1
14 17 26
21 2 35
18 22 5
19 23 39
9 13 27
4 7 12
1 5 46
1 3 40
3 6 30
19 23 33
20 23 38
1 3 35
10 14 28
7 9 33
7 10 7
15 19 30
10 13 44
1 5 13
8 11 6
1 3 9
0 3 32
14 16 12
10 14 9
14 17 13
3 6 30
19 21 25
13 17 5
20 22 20
16 20 33
17 21 4
17 20 14
8 11 14
11 14 20
20 1 31
4 7 23
18 20 31
21 1 39
0 3 26
11 15 10
6 10 43
13 17 12
2 6 43
20 23 31
6 9 29
3 5 47
18 21 37
7 10 1
14 16 23
6 8 12
2 5 1
20 22 40
16 19 11
21 22 43
21 23 47
22 1 6
15 19 8
12 16 20
9 11 14
15 18 12
18 21 1
11 13 9
13 15 25
2 5 46
8 10 10
13 15 41
23 1 2
10 13 26
15 17 3
5 10 6
15 16 17
10 13 19
1 2 19
3 5 19
7 10 2
10 11 20
19 21 12
11 14 42
6 11 22
17 22 1
2 3 31
6 9 7
4 6 44
4 6 19
22 0 1
18 19 32
4 6 27
9 13 22
20 23 18
7 10 24
21 23 2
17 20 19
8 10 21
1 3 41
5 9 22
12 17 25
13 15 41
12 15 1
12 16 32
7 10 38
23 3 39
19 23 35
12 13 16
2 3 30
21 23 37
5 9 43
23 3 9
3 7 31
16 20 41
22 2 40
2 5 16
3 7 10
12 17 42
16 19 26
9 13 33
15 18 16
0 4 24
10 14 18
13 15 31
14 18 26
16 19 33
6 9 13
14 17 21
22 1 33
7 10 30
9 11 1
16 18 17
0 5 3
0 3 12
13 17 2
3 6 17
13 17 15
10 12 20
1 4 27
3 7 23
18 21 19
22 2 29
8 11 6
3 6 34
12 17 31
8 12 44
13 16 12
15 19 4
8 13 5
6 9 3
22 3 19
21 0 7
8 10 47
7 10 21
11 15 43
23 3 47
5 8 8
18 20 6
12 14 26
15 19 31
21 22 1
5 7 4
12 15 14
14 17 15
23 3 3
4 6 7
3 7 8
21 23 25
13 15 17
14 15 33
13 17 15
11 16 6
13 14 39
20 22 47
14 17 47
21 22 43
0 3 35
18 20 10
20 23 45
12 14 40
10 12 8
10 14 31
14 17 5
11 12 40
20 1 18
17 18 42
2 4 21
0 5 1
16 21 17
7 10 35
5 8 4
6 6 31
23 2 8
8 10 45
13 16 42
5 7 4
4 7 40
21 1 12
9 13 4
18 20 27
23 2 46
3 6 29
23 1 18
10 13 46
10 12 37
9 12 44
4 5 20
5 8 33
18 23 4
0 2 9
5 8 37
0 1 5
5 9 35
16 19 36
14 17 42
0 4 22
10 13 24
11 15 47
19 22 1
0 4 2
16 19 43
0 3 29
20 22 18
0 3 44
7 10 33
9 11 36
13 17 34
19 22 39
7 9 28
8 10 38
0 2 3
1 4 10
18 22 20
21 1 36
7 9 39
18 20 30
8 10 47
8 12 27
16 19 28
15 19 25
20 1 16
19 21 3
4 8 3
22 1 4
2 5 39
9 11 43
11 15 33
2 6 28
11 14 23
18 21 8
17 21 18
18 22 39
4 8 46
7 8 7
15 18 44
15 17 13
10 13 46
16 18 47
15 18 45
12 16 46
20 23 14
6 9 10
6 10 30
3 4 27
16 20 1
10 13 5
4 6 41
8 12 45
2 5 12
11 14 30
4 7 27
20 23 18
12 16 26
14 16 27
16 17 19
23 2 23
4 7 12
14 17 5
5 7 43
14 16 29
15 18 22
9 10 2
23 3 33
5 10 19
12 16 11
11 13 8
23 3 3
6 9 23
12 15 25
6 8 14
7 9 9
3 7 41
9 12 4
21 0 46
12 14 47
10 13 26
18 22 7
10 11 35
20 23 27
16 19 44
21 23 33
19 22 22
20 22 8
19 22 47
7 9 1
18 21 44
6 7 13
20 0 10
10 12 24
9 14 41
7 13 22
1 4 2
6 12 39
5 9 23
16 20 47
10 14 28
0 1 15
8 13 34
21 0 2
12 16 44
7 11 44
16 18 44
11 15 5
8 11 1
7 8 6
21 23 38
8 11 16
12 15 21
12 15 25
0 2 22
9 13 14
21 0 31
11 13 38
10 11 26
22 1 37
14 16 44
7 11 4
7 10 40
22 3 36
9 11 4
17 21 30
16 21 19
0 3 44
3 6 27
2 4 31
7 9 20
13 17 28
19 22 2
20 1 16
12 15 2
10 12 21
12 15 24
2 5 35
23 4 8
9 12 36
13 15 45
9 12 36
16 19 19
11 13 31
12 13 24
3 7 17
0 4 18
13 17 20
9 12 22
4 7 20
8 12 5
6 6 42
20 21 41
17 20 15
14 17 13
0 4 41
2 5 20
11 14 22
22 1 17
12 16 20
19 23 38
8 11 18
22 23 26
11 16 12
10 15 25
22 23 29
9 12 18
20 22 47
6 10 32
15 18 42
1 4 30
3 5 22
21 0 22
23 3 32
15 20 14
23 0 42
17 21 45
23 2 4
8 11 17
18 20 30
21 1 35
22 2 17
19 23 18
18 21 37
16 19 45
12 16 4
0 4 15
2 5 5
20 21 2
0 2 1
4 7 27
11 15 29
9 13 33
8 10 35
0 3 10
21 22 3
2 4 2
8 11 1
0 2 3
2 6 43
18 21 17
1 2 23
13 16 32
8 12 46
4 8 12
20 22 22
1 3 31
13 15 24
20 23 35
13 17 6
12 14 9
2 3 10
6 10 32
12 14 34
15 17 15
8 11 12
3 6 11
13 15 26
1 4 9
23 3 13
13 16 21
9 13 8
17 19 22
23 1 38
0 2 16
5 7 10
13 17 27
22 3 6
0 1 16
0 4 11
13 18 8
1 4 1
8 13 17
0 4 13
7 10 37
16 17 3
2 6 41
2 5 20
15 20 7
16 20 20
17 20 39
17 19 25
16 20 19
22 2 9
10 13 46
15 16 3
19 23 26
2 6 8
18 22 2
7 10 42
6 10 14
22 1 10
9 14 9
6 8 14
17 18 24
3 6 44
17 20 9
19 21 18
8 11 19
10 12 12
17 21 12
12 15 11
7 10 18
1 3 22
20 0 27
6 10 33
3 5 21
19 22 44
17 20 3
6 9 11
12 14 34
5 9 21
0 4 31
0 2 36
19 22 20
8 11 20
22 0 18
8 11 8
21 0 38
17 19 5
3 7 43
15 18 14
6 9 13
5 7 42
20 0 27
21 22 6
6 8 13
7 11 22
3 6 3
18 21 38
16 19 15
4 8 30
15 17 15
10 14 18
1 3 1
12 16 40
17 21 33
21 23 43
15 18 12
19 22 19
14 15 45
4 7 34
22 3 28
17 20 34
4 6 13
5 7 14
22 0 13
22 1 29
11 15 1
6 10 19
22 0 27
22 3 30
1 4 19
21 1 11
16 20 20
20 22 41
12 15 17
1 5 18
4 9 32
8 12 15
12 14 10
18 22 44
6 9 30
23 2 2
3 4 14
15 18 14
4 7 36
22 2 13
4 7 25
9 13 45
18 22 7
7 9 10
21 22 28
20 0 16
13 16 31
10 13 34
22 23 33
14 19 11
13 16 46
0 5 13
4 7 13
14 19 20
4 7 17
5 9 29
1 3 38
17 21 47
23 2 16
14 16 19
16 19 17
1 4 1
18 21 4
10 12 33
14 17 6
21 1 35
18 20 22
8 10 42
4 7 7
4 6 13
18 20 32
22 0 44
15 16 31
14 17 28
9 11 26
13 17 34
13 16 32
15 17 39
7 10 18
10 12 29
2 4 19
4 8 39
12 14 21
5 9 13
0 3 13
11 14 33
1 5 37
20 22 29
19 23 1
9 14 14
0 3 26
6 9 16
18 21 42
4 7 17
23 0 38
22 0 27
20 23 9
22 1 34
21 1 38
3 6 16
22 2 21
23 1 31
12 15 38
22 0 43
19 23 30
3 5 41
2 3 16
6 9 38
16 19 22
7 12 21
19 22 7
3 7 23
16 18 26
14 18 26
21 2 6
0 2 8
6 9 11
1 3 11
5 7 2
7 11 39
14 16 7
21 2 29
12 14 43
4 7 25
10 13 40
13 17 6
1 3 28
17 19 36
20 0 12
7 8 26
7 9 33
3 5 42
20 23 30
3 8 1
20 23 13
22 1 5
12 13 17
22 1 43
16 20 35
14 17 14
16 20 25
9 13 44
1 5 4
6 10 14
12 15 44
8 11 24
2 6 14
22 23 14
23 2 4
3 4 30
9 12 18
15 19 30
19 22 8
7 8 24
2 5 38
16 16 45
22 0 28
20 21 39
3 5 3
16 18 31
2 5 45
10 11 13
13 17 38
7 11 12
4 6 43
19 0 31
0 3 16
4 7 41
6 10 6
18 22 23
5 8 26
17 20 31
15 19 29
4 7 37
19 21 24
5 8 18
9 13 41
6 8 39
20 22 13
9 13 44
2 5 32
23 2 12
18 23 9
19 22 8
5 8 10
12 12 5
5 8 19
15 18 26
9 11 33
17 19 13
16 19 9
15 19 4
5 9 45
16 18 13
9 12 11
1 4 8
22 2 46
13 16 47
19 20 15
5 7 12
15 17 28
17 23 33
8 12 4
17 21 8
12 15 29
6 8 25
9 13 31
23 2 47
13 16 39
17 19 27
15 21 47
21 1 12
8 11 41
19 22 6
16 18 32
3 4 41
0 2 16
7 10 44
19 21 30
19 22 34
5 8 30
0 4 36
21 1 4
13 17 34
19 22 12
10 13 28
7 11 24
3 6 26
13 14 11
20 22 43
19 22 40
15 18 3
22 0 7
12 15 20
16 20 14
23 1 20
5 9 17
21 23 47
16 19 24
20 0 42
3 6 24
2 6 35
18 21 6
9 11 24
10 14 1
14 17 12
21 22 1
4 7 32
4 5 42
21 1 13
20 23 18
22 0 41
18 20 25
3 6 45
6 9 5
21 1 11
22 1 16
11 13 34
23 1 22
13 15 2
20 22 36
1 3 45
5 6 42
15 19 28
20 23 5
10 13 29
11 16 25
6 9 33
2 6 20
5 7 39
7 10 29
3 6 45
1 4 32
15 19 7
20 1 38
2 5 11
2 5 4
2 6 4
23 0 27
6 7 33
6 9 27
9 13 1
20 23 12
11 14 14
7 9 27
5 8 7
6 7 4
23 3 18
22 1 41
19 23 23
5 8 37
16 18 26
19 22 42
4 8 22
8 11 30
2 5 26
5 8 11
18 20 45
19 22 22
23 3 27
0 3 22
5 8 47
15 18 45
0 3 27
3 4 37
3 7 9
4 7 10
3 7 29
0 4 4
23 4 39
0 4 22
12 14 42
14 17 30
1 4 25
8 10 16
2 4 47
15 17 10
19 23 20
4 8 18
1 5 19
6 10 4
12 15 8
19 0 7
20 22 3
14 17 13
12 14 43
10 14 16
0 1 36
4 5 34
4 9 42
8 10 2
19 22 42
3 6 21
0 3 2
17 20 39
1 3 16
10 12 25
17 19 45
3 6 35
14 18 43
22 1 37
17 20 25
3 6 7
5 8 14
14 17 9
21 1 42
17 21 36
20 23 35
7 10 34
2 5 6
8 12 6
0 3 11
18 21 4
23 2 18
7 11 28
6 7 10
8 11 44
23 1 19
5 6 3
23 1 9
15 18 29
17 21 38
14 17 34
6 8 21
17 21 4
17 20 40
14 17 29
16 18 30
9 12 12
3 6 5
17 21 29
10 13 5
6 9 15
19 22 23
8 11 46
9 12 46
10 13 41
12 15 13
1 3 24
12 15 5
18 22 2
11 14 33
16 20 40
22 2 40
13 14 18
12 17 42
16 20 2
17 20 42
2 4 6
22 0 25
22 0 10
7 11 23
0 2 3
18 19 25
4 7 28
6 7 35
20 0 24
9 14 28
22 1 15
20 23 22
22 1 36
16 18 23
8 12 3
13 16 30
18 21 42
9 11 33
5 8 16
9 10 34
20 23 45
17 18 44
17 19 34
17 21 39
22 1 24
12 15 33
4 8 47
13 16 39
7 11 1
22 1 20
4 8 35
7 10 28
3 5 21
0 3 26
15 18 7
6 9 40
21 23 8
21 2 27
22 23 27
0 2 8
1 3 21
1 4 34
12 15 33
16 19 45
19 20 19
19 22 37
5 9 33
14 18 2
9 12 41
18 22 1
3 6 39
5 9 34
14 17 37
19 21 12
22 1 34
5 10 27
1 4 12
12 16 16
1 6 43
17 20 29
10 14 18
1 6 45
13 16 22
2 5 6
12 16 47
11 14 7
19 0 20
17 19 43
1 4 10
17 20 31
11 13 43
14 18 34
4 6 34
7 11 22
2 5 8
9 13 7
20 20 13
1 5 29
22 4 47
8 12 29
12 17 2
