2000 34
23 32 25 22 31 5 4 15 25 21 23 30 32 16 6 7 18 20 31 19 27 13 1 16 21 15 2 21 29 24 12 29 1 12 
0 3 17
4 6 8
8 11 34
8 11 28
11 14 8
11 16 5
21 23 14
0 4 13
9 12 34
20 23 27
21 23 4
6 10 30
15 18 1
3 6 12
19 21 16
6 8 19
11 13 15
1 2 30
3 6 22
15 21 13
10 13 19
14 18 13
21 1 27
15 18 2
3 5 10
20 23 15
20 23 7
3 6 25
21 23 25
20 0 19
21 2 19
15 18 7
23 1 4
16 19 18
22 0 10
13 17 31
0 3 32
19 22 30
18 21 29
15 18 16
19 22 12
6 9 31
10 13 15
7 10 19
6 9 10
1 3 2
18 21 11
12 15 5
2 5 17
21 0 23
7 10 22
5 7 21
11 16 14
16 19 12
18 0 19
20 22 1
1 2 14
20 23 29
13 17 28
19 22 22
0 3 10
15 17 34
22 1 16
12 13 14
21 0 2
12 15 25
15 18 17
21 23 22
17 20 28
14 18 9
18 20 13
18 20 7
14 16 7
23 2 16
14 15 3
17 20 18
8 12 3
14 17 21
4 7 29
21 0 13
19 20 24
16 18 20
0 4 30
21 0 3
1 4 12
12 15 25
6 8 11
7 9 1
14 16 16
8 12 28
15 18 15
11 15 34
23 1 26
4 5 24
5 7 28
15 19 5
4 7 14
6 8 13
0 2 32
7 11 6
8 11 5
2 5 14
9 12 16
19 21 4
12 16 10
15 17 11
13 16 27
4 6 22
5 8 23
15 17 9
6 10 11
22 1 32
20 23 24
7 10 9
0 3 15
13 16 16
15 18 29
1 4 24
2 5 16
21 1 24
8 11 27
14 18 31
7 10 8
12 18 31
11 14 4
22 1 9
20 23 28
13 15 7
21 1 4
17 20 34
10 14 27
20 0 11
1 5 13
3 7 21
5 9 6
0 2 7
8 9 20
20 22 21
15 20 22
12 16 28
21 23 22
16 19 17
14 17 9
0 3 25
16 19 7
23 0 20
5 10 13
4 6 21
14 15 6
2 4 22
19 21 6
8 11 30
1 3 5
13 15 8
22 1 3
5 7 33
23 1 25
2 6 12
14 17 7
1 5 31
5 8 13
12 17 3
0 2 20
7 10 34
6 8 18
4 6 14
20 23 13
0 4 5
17 19 9
17 18 33
1 3 19
14 17 10
22 1 11
5 7 26
11 13 32
4 7 26
20 23 33
13 16 3
20 0 32
13 15 27
0 5 15
9 10 23
10 13 28
23 2 7
15 18 15
23 1 16
2 5 31
8 12 17
9 10 3
20 0 26
11 14 19
7 11 4
3 4 11
2 5 34
7 11 29
2 6 12
21 0 5
9 12 1
7 10 7
18 21 1
8 9 9
2 6 14
6 9 1
23 2 6
8 10 31
20 1 14
17 20 22
16 19 5
4 5 6
7 8 23
11 14 26
13 17 10
18 21 17
3 5 20
14 19 10
5 10 20
19 22 20
10 13 30
19 21 20
13 15 27
16 19 33
9 13 6
8 10 33
22 0 6
13 15 22
18 19 10
7 11 9
22 3 8
6 11 25
12 16 19
2 5 5
8 11 7
0 3 2
13 16 11
12 14 30
21 1 9
12 16 5
4 6 31
22 1 29
19 22 21
6 6 5
11 14 30
1 5 15
9 12 11
2 5 2
15 17 3
17 20 34
1 4 4
11 13 32
1 5 4
6 10 3
9 13 34
9 12 10
1 4 17
15 18 10
12 15 28
22 2 13
17 21 26
0 3 30
16 20 24
1 4 23
20 22 21
11 13 19
10 15 32
10 14 4
14 15 25
4 7 32
4 8 1
1 5 1
22 1 3
10 14 27
3 6 3
7 11 33
6 10 23
11 15 26
8 9 25
21 1 4
15 18 32
2 4 9
5 9 28
1 4 6
4 7 33
7 8 9
3 5 5
16 20 25
20 22 15
10 14 21
23 2 14
22 1 28
16 20 18
4 6 13
21 1 34
5 6 33
18 21 22
4 5 8
17 20 7
8 12 15
13 16 4
19 21 32
10 13 23
11 14 20
2 4 16
20 22 12
18 20 25
2 6 4
14 16 6
13 17 3
17 20 27
22 1 4
3 6 19
7 10 17
4 7 15
17 19 30
9 12 6
8 11 20
20 0 18
16 19 20
5 8 6
7 9 23
9 11 24
12 15 26
7 12 25
4 9 16
20 23 29
2 4 29
11 13 19
4 7 1
11 15 26
7 10 13
17 21 19
12 15 14
0 4 23
3 7 31
20 23 5
15 17 13
17 20 31
23 2 15
4 5 33
14 15 9
2 7 17
23 0 26
2 4 31
4 7 11
22 1 15
8 10 30
18 20 6
21 0 25
3 8 8
9 12 30
2 4 8
21 22 34
3 6 20
10 14 28
14 17 22
10 13 11
3 6 8
9 13 27
17 20 18
10 14 16
19 21 5
1 4 30
2 4 33
15 19 14
23 2 28
1 5 8
19 22 14
1 3 32
0 3 18
6 10 15
20 22 2
3 7 31
4 7 16
19 23 21
11 14 24
9 13 16
19 22 7
13 15 28
17 19 20
13 17 7
18 21 26
19 22 27
5 9 20
15 16 11
3 7 29
0 3 30
22 0 13
2 7 5
15 18 6
12 15 11
17 22 16
14 17 9
11 13 30
18 19 22
18 19 20
21 1 14
20 0 5
0 2 17
22 0 5
14 18 28
19 1 4
0 4 29
8 11 33
6 10 25
11 14 30
7 11 5
5 8 16
16 21 11
14 17 24
22 0 26
8 11 9
13 16 18
9 12 4
3 6 12
11 14 25
16 18 9
10 13 23
6 10 3
20 22 34
3 6 28
16 20 31
10 11 4
2 5 9
4 9 18
21 1 34
15 18 25
15 17 5
14 17 8
22 1 6
19 1 19
10 12 25
11 13 34
11 16 34
20 22 10
5 5 34
8 10 30
22 1 27
6 8 12
3 5 28
0 2 13
21 0 21
2 7 13
1 6 26
13 19 33
12 16 31
9 11 15
5 9 23
19 21 8
9 11 3
7 9 15
1 4 9
19 0 13
4 8 32
0 4 20
3 7 27
22 2 26
5 7 4
2 6 1
17 19 22
19 22 15
20 22 23
20 21 2
19 22 15
16 18 22
0 3 23
0 3 23
2 8 16
5 8 33
12 16 4
18 22 23
0 4 27
10 12 24
14 14 7
7 10 20
21 2 14
0 4 7
9 12 18
10 14 15
17 20 22
6 9 13
0 3 10
16 20 27
17 20 25
9 12 11
4 8 11
20 23 10
22 2 32
12 15 34
7 9 20
5 8 22
12 15 16
9 12 24
11 16 13
7 11 2
7 10 23
21 0 15
8 12 33
4 7 10
8 10 1
17 18 33
19 21 7
15 18 29
4 8 3
0 2 24
11 15 26
7 10 17
22 1 27
7 9 31
8 11 17
18 21 31
20 21 28
4 7 23
10 14 2
21 0 10
12 15 23
0 3 4
3 5 24
17 21 25
14 16 28
21 23 11
7 11 23
7 11 31
21 1 5
9 11 14
23 2 5
20 22 22
0 4 30
0 2 10
2 4 12
10 11 21
10 14 30
7 8 1
16 21 22
14 16 30
0 4 34
14 18 20
10 14 14
1 2 31
10 13 16
10 14 30
15 19 12
2 5 20
2 3 22
10 14 16
21 0 12
19 23 33
18 20 15
23 2 19
9 12 4
22 0 33
23 2 2
1 5 23
10 13 10
17 20 5
2 6 21
3 5 2
0 3 30
8 11 22
0 2 24
16 19 29
21 1 17
23 2 1
17 20 15
16 20 3
20 22 8
4 6 4
17 20 9
16 17 12
9 13 23
3 7 15
5 10 25
2 6 27
21 22 8
23 3 32
17 20 5
19 21 24
9 11 28
18 22 25
3 7 25
1 4 20
13 17 19
11 14 31
4 8 11
9 10 15
21 1 7
0 4 9
2 4 21
2 7 13
19 22 17
17 19 18
18 19 28
11 14 27
15 18 14
11 15 25
15 18 26
2 7 10
16 19 24
14 16 14
21 1 9
23 2 3
7 9 7
12 16 21
15 17 30
22 2 23
6 10 33
23 3 26
3 6 10
9 13 1
10 14 29
18 23 15
15 19 6
12 15 17
3 6 30
5 9 14
23 2 8
17 22 28
13 16 11
20 1 11
1 3 12
7 10 14
9 13 28
3 5 6
10 14 18
5 6 19
20 23 7
21 22 7
17 22 26
7 11 33
11 13 16
23 2 23
17 21 21
17 19 28
17 19 13
4 7 9
2 6 8
15 19 17
6 9 4
6 9 10
23 2 26
22 2 16
17 22 2
4 7 13
8 11 33
1 4 6
9 12 25
6 7 13
18 20 16
4 8 9
3 6 8
11 15 32
22 1 19
19 0 24
14 18 18
7 8 23
8 9 4
19 22 8
14 18 30
11 13 9
6 9 5
18 18 27
8 11 27
6 9 25
10 13 8
22 1 32
8 11 2
11 14 23
13 15 24
22 0 23
20 23 34
7 10 33
12 14 2
18 21 31
12 14 1
3 6 26
5 7 5
15 19 19
4 8 26
11 13 15
14 18 15
13 16 26
14 17 26
2 4 25
4 7 19
21 0 15
19 21 20
9 11 14
11 14 30
4 7 15
23 2 8
22 1 20
11 12 15
18 21 10
1 4 32
22 1 32
12 14 13
13 17 12
4 7 26
17 20 13
3 6 8
22 23 32
3 5 4
16 18 14
7 11 28
14 16 6
15 18 14
5 7 28
10 12 5
11 13 2
4 5 15
3 6 31
22 0 22
13 17 23
4 7 33
5 8 19
2 5 15
15 16 28
9 13 25
2 4 16
6 10 10
10 13 20
11 15 32
18 21 7
4 6 18
22 1 27
22 0 28
8 12 22
21 23 2
20 0 24
14 19 8
10 12 10
16 19 25
10 13 26
12 16 10
9 11 7
21 2 19
18 22 3
7 11 7
0 1 17
12 15 14
16 19 21
2 7 34
17 20 33
18 21 32
3 6 7
21 0 32
5 8 30
17 21 34
2 6 27
19 20 24
18 21 17
19 21 9
9 11 26
9 10 25
13 15 3
23 1 12
9 12 3
21 0 26
19 22 19
18 20 1
8 11 6
12 16 5
5 8 8
22 2 17
3 6 9
16 19 33
11 12 33
15 19 34
19 23 27
14 17 20
4 6 33
18 20 27
3 7 31
13 18 24
16 19 1
17 20 32
3 6 7
17 19 11
20 23 31
19 23 33
1 4 23
13 16 19
18 21 24
8 11 25
23 2 13
12 15 6
11 15 21
11 16 14
20 0 11
22 1 21
9 12 6
15 16 17
22 1 25
15 17 9
21 1 16
8 11 15
20 23 14
5 9 34
23 3 28
10 11 3
11 14 10
22 1 29
19 22 16
18 21 16
0 3 4
12 14 32
7 9 3
23 2 19
0 2 15
23 2 14
19 22 28
7 9 6
13 17 5
11 12 22
18 22 17
9 11 33
6 8 19
22 0 25
17 20 19
6 9 2
23 0 31
13 16 4
1 3 18
16 17 11
13 17 32
2 4 11
2 6 11
23 3 27
20 21 10
20 0 28
22 1 18
13 17 15
20 23 13
13 16 4
18 21 32
21 1 26
3 8 1
13 16 25
19 23 23
6 9 31
7 9 31
1 3 33
22 1 23
20 23 1
0 3 3
15 17 9
15 21 7
21 1 7
19 22 18
2 4 8
20 19 27
20 23 29
9 11 11
20 0 28
9 11 3
22 1 10
21 0 10
23 0 9
17 21 8
2 5 13
2 6 32
17 20 28
20 0 26
15 19 23
19 22 20
21 0 1
23 2 20
11 14 5
13 16 28
14 17 2
12 16 19
23 1 25
1 3 17
12 15 6
15 17 20
5 8 7
10 14 5
8 11 18
19 21 13
6 10 34
3 5 27
7 7 15
0 2 18
21 2 30
12 13 1
12 17 29
23 1 7
19 0 7
15 16 14
15 18 11
8 13 30
13 17 15
16 18 7
4 5 21
5 7 25
13 16 24
11 15 31
1 3 19
2 5 7
21 23 19
23 1 7
7 10 26
6 10 17
15 19 10
7 10 17
7 9 11
17 20 33
3 5 9
10 13 33
11 15 30
23 0 2
21 23 27
2 6 29
2 5 2
11 15 1
0 2 16
20 0 31
4 7 23
5 9 29
20 23 8
19 22 9
1 3 9
5 9 9
4 6 2
21 1 27
14 20 16
19 22 10
21 23 9
0 3 10
16 20 26
18 20 1
19 22 2
18 21 20
16 19 27
2 4 27
18 20 15
13 16 31
22 2 15
10 12 1
9 11 13
19 22 34
2 5 5
2 7 23
5 10 13
10 13 3
20 22 31
5 7 31
14 17 17
16 19 6
11 14 23
8 12 21
17 19 17
17 21 6
5 9 30
16 19 28
3 5 9
22 1 7
23 3 19
4 8 3
15 19 13
23 1 4
5 8 19
20 23 12
21 0 13
22 1 29
2 4 17
0 3 21
3 7 29
7 9 28
1 4 2
19 23 29
5 7 15
17 23 6
22 0 1
17 21 16
1 3 30
23 1 3
5 6 12
10 12 11
17 18 30
3 7 5
22 1 7
20 20 32
1 5 25
5 9 24
12 16 8
11 15 27
4 7 9
16 19 5
22 2 5
2 4 11
19 23 25
8 10 23
3 6 10
13 15 8
22 3 2
12 15 19
19 23 15
6 11 23
0 2 18
9 12 33
0 3 18
7 10 30
20 23 17
21 0 22
13 16 14
17 21 20
10 13 10
17 19 21
5 9 29
21 1 31
13 15 11
17 21 28
9 12 4
11 13 24
12 16 27
22 1 6
12 15 8
3 6 29
1 4 7
20 21 33
1 4 34
4 9 21
16 19 11
10 13 31
12 15 2
10 12 22
9 11 1
20 0 9
22 2 5
7 10 7
6 8 29
2 7 33
14 17 8
1 3 8
17 21 10
3 7 25
21 23 30
17 19 16
17 21 21
22 0 19
16 22 32
10 14 12
13 16 4
19 22 17
20 23 29
22 1 21
17 20 4
3 6 2
19 22 30
5 7 23
10 13 5
17 19 21
13 16 1
19 21 21
23 2 20
2 4 21
1 5 6
9 11 14
16 18 15
16 20 4
3 7 31
13 16 19
4 6 13
15 19 21
10 12 22
3 6 6
16 18 28
9 13 29
18 20 11
8 11 22
9 13 5
21 2 26
21 0 7
12 14 11
2 6 34
12 15 11
1 4 16
13 15 10
8 12 20
11 14 14
22 0 14
12 14 15
11 12 24
11 15 1
6 9 28
11 14 33
14 16 14
2 5 34
16 18 21
12 15 30
22 0 14
12 15 3
0 3 24
21 23 3
12 14 20
21 23 15
11 14 23
10 14 24
6 9 13
4 5 12
7 11 28
16 18 16
23 1 30
21 0 34
12 16 6
15 17 3
13 15 3
0 2 11
4 8 27
8 11 30
10 12 6
18 20 15
18 20 21
3 7 30
15 16 28
16 19 7
12 16 21
0 4 10
15 19 20
8 11 21
0 3 1
7 8 27
10 13 11
16 18 27
21 0 22
5 8 26
17 19 8
17 19 28
8 11 13
9 11 15
19 21 13
9 12 9
6 10 26
4 7 15
23 0 30
13 15 30
17 21 20
0 4 2
4 6 15
5 8 18
7 9 15
20 22 33
1 6 2
3 7 12
2 4 25
19 22 32
6 8 28
13 15 34
1 3 18
11 14 14
11 12 20
17 20 4
7 9 21
7 11 28
4 7 4
15 18 16
15 19 33
8 10 6
22 1 9
12 15 14
7 10 14
16 19 10
15 19 14
16 19 7
20 23 14
22 1 23
17 20 28
14 16 4
0 7 30
9 10 20
21 1 13
23 2 6
22 2 18
21 1 20
19 20 20
14 18 20
23 2 30
10 11 22
1 3 24
20 22 6
4 6 26
8 13 26
13 16 5
6 7 25
17 19 27
4 5 18
10 13 2
20 23 30
7 9 23
9 12 23
15 17 1
6 10 5
19 22 25
7 11 26
5 9 7
21 0 4
4 8 31
16 19 27
4 8 30
13 14 7
12 14 23
15 17 31
7 10 2
10 13 18
19 21 2
10 13 20
22 1 18
23 1 21
3 6 16
20 23 12
2 7 2
18 22 32
11 14 13
23 2 29
23 5 25
6 10 13
0 3 20
23 1 16
21 0 15
0 2 6
22 0 11
0 4 24
15 19 11
18 22 23
9 11 13
10 13 8
4 8 13
17 19 8
4 8 26
4 7 16
20 23 31
2 6 4
3 6 12
11 14 13
16 19 10
15 18 4
14 18 26
4 7 23
11 14 34
2 5 26
21 23 18
15 17 1
11 15 24
22 2 8
21 23 16
10 13 26
10 14 19
7 11 2
21 2 17
19 23 9
9 12 5
7 12 18
21 1 20
23 3 30
6 8 16
12 16 31
19 23 25
10 15 17
19 23 24
16 18 11
7 9 22
22 1 30
23 2 33
17 20 23
7 10 23
9 12 27
6 8 1
17 21 7
16 18 18
8 11 18
13 16 12
23 3 26
17 21 26
1 4 10
14 19 21
23 2 18
7 10 19
18 20 33
2 5 33
13 16 8
12 16 16
7 11 7
18 20 1
1 5 24
13 17 15
18 21 29
23 1 34
7 9 17
15 19 13
2 4 17
0 2 7
18 22 31
13 14 32
2 5 33
23 2 11
16 20 13
17 19 26
14 16 14
3 6 15
18 21 16
5 8 4
20 23 7
14 17 34
21 1 12
4 8 1
1 5 7
14 15 12
5 7 5
6 7 4
13 17 26
16 18 15
11 13 31
13 17 31
3 5 24
1 5 26
7 9 3
12 16 5
20 0 24
23 2 3
20 22 26
3 8 14
12 14 10
1 2 7
0 3 27
7 9 25
23 2 7
22 1 12
13 17 25
12 15 9
11 14 9
21 23 11
4 8 19
14 16 27
3 8 14
7 9 23
21 1 29
19 22 18
17 21 5
18 23 2
6 11 8
7 9 12
2 4 12
11 14 1
20 22 5
9 10 2
9 13 18
22 2 26
8 11 31
14 18 8
4 7 21
10 14 11
3 7 13
16 20 24
2 8 9
16 18 30
21 0 19
16 20 7
12 13 15
2 4 16
19 22 14
8 12 31
9 13 13
2 4 27
20 22 5
7 11 9
21 1 4
7 10 23
22 0 34
19 21 5
21 0 31
6 9 17
9 12 1
10 16 2
15 18 18
8 10 19
19 22 32
22 3 20
16 18 26
17 19 25
4 5 24
1 4 17
3 7 6
7 9 22
23 0 23
7 10 33
22 0 26
13 16 20
5 6 9
4 5 17
10 12 23
3 4 25
3 8 7
15 17 17
19 20 8
6 9 34
1 3 15
17 19 8
11 13 26
20 0 31
12 15 16
17 19 25
10 14 1
23 3 33
17 19 21
16 19 31
22 1 11
14 16 26
18 21 21
4 6 30
20 22 24
7 9 30
3 7 22
9 13 14
10 12 2
10 14 21
14 16 25
23 1 26
2 6 32
15 19 23
18 20 12
21 23 7
8 12 24
7 10 29
18 19 7
9 12 33
13 17 28
1 2 32
14 17 16
19 20 31
3 6 28
23 3 11
17 19 28
21 1 9
22 0 15
15 17 9
14 17 21
17 21 15
10 12 17
21 0 5
6 9 10
19 22 28
20 0 17
11 13 15
14 18 9
18 21 30
23 3 27
6 11 31
14 16 13
14 16 14
10 12 9
10 12 30
17 20 18
4 6 7
12 14 21
5 7 8
2 5 19
10 12 5
3 6 28
1 3 15
3 4 22
8 12 30
22 1 3
22 1 5
5 8 14
2 4 15
7 10 3
4 7 29
19 21 7
7 9 16
2 4 33
9 12 21
21 2 30
6 9 33
5 8 10
9 11 19
14 18 21
22 0 9
13 16 34
8 9 20
2 5 29
21 1 2
22 1 23
18 22 32
11 15 11
12 14 32
19 22 33
16 19 18
23 2 8
2 5 26
20 23 22
20 23 24
4 6 33
16 20 7
1 3 22
0 4 18
19 21 32
2 6 18
14 17 19
5 9 16
13 13 17
12 16 11
21 23 22
6 9 20
15 19 30
18 22 11
11 15 4
14 19 34
0 1 23
0 5 27
11 13 12
16 21 33
4 8 28
3 7 29
12 15 31
3 6 5
7 9 19
14 18 18
11 15 21
15 18 17
12 15 26
22 2 4
2 6 28
23 2 15
18 21 22
7 11 17
21 1 3
8 12 33
4 7 6
11 14 30
11 13 14
22 1 20
5 8 18
4 7 30
14 18 5
15 18 13
15 19 17
1 4 11
6 12 16
5 7 14
10 13 17
5 7 12
9 10 3
5 6 10
7 10 12
8 11 32
8 11 1
5 8 23
11 16 33
7 10 9
15 17 5
15 20 29
12 16 16
17 20 28
6 9 23
4 7 23
2 5 25
7 9 24
2 5 24
20 23 32
8 11 21
13 15 16
10 13 24
22 0 22
22 1 29
18 22 12
3 6 33
14 17 12
22 1 3
11 14 25
22 0 12
5 9 4
16 21 32
5 7 20
13 16 8
22 3 6
22 2 28
13 17 27
8 10 22
1 4 26
5 9 1
18 20 12
14 16 26
19 21 24
6 9 27
14 15 2
10 13 19
4 6 23
11 14 25
12 15 8
23 4 10
14 16 5
18 20 1
21 1 14
14 17 8
6 8 19
14 19 31
11 13 29
13 16 11
13 15 34
5 9 19
7 9 14
21 22 14
4 8 18
6 11 7
13 15 16
3 5 28
12 16 1
9 13 14
9 14 22
6 9 2
6 10 25
1 6 23
17 22 31
8 10 7
5 8 16
10 13 29
4 7 11
14 19 25
9 13 12
10 13 12
9 12 17
13 17 32
7 12 14
23 0 30
12 17 33
15 18 11
10 13 13
20 1 33
8 11 22
16 19 27
2 4 18
9 13 24
14 17 33
17 20 11
12 14 7
19 21 23
16 19 6
14 17 6
18 20 18
15 17 11
15 18 1
11 12 12
14 17 12
8 11 6
5 10 30
5 8 25
6 8 5
10 14 20
3 5 34
16 20 17
23 2 14
2 5 16
0 4 22
16 19 27
7 10 12
17 21 19
7 9 14
18 23 15
20 23 6
11 14 14
8 12 9
2 6 28
5 9 4
22 1 24
1 4 11
5 8 25
0 3 13
17 21 28
20 23 3
20 22 3
0 4 17
23 0 20
15 17 6
10 12 30
10 13 31
22 3 20
6 10 12
6 9 3
5 8 25
16 19 4
8 10 6
10 13 27
5 7 17
1 4 16
9 12 9
23 2 4
16 18 8
17 20 5
3 5 9
5 9 30
16 19 24
16 19 11
16 19 27
22 1 7
7 10 21
23 2 19
18 22 27
23 2 23
20 22 31
21 2 16
15 18 3
6 11 28
16 20 24
7 10 29
3 5 3
23 3 16
10 12 24
12 14 26
8 11 32
15 17 31
7 9 32
10 13 27
13 17 30
19 22 2
12 14 26
20 0 4
7 10 28
15 16 16
14 18 20
0 0 30
17 20 13
5 8 24
4 6 7
16 19 30
4 5 30
3 6 32
4 7 31
21 0 2
15 16 21
18 20 3
10 12 3
6 10 30
11 15 8
15 19 7
22 0 20
11 14 30
1 3 26
4 8 17
18 23 29
17 18 30
19 21 12
5 9 11
4 7 4
4 8 25
21 2 21
22 3 12
23 2 15
19 23 19
23 3 14
12 14 23
17 20 12
14 18 10
23 3 23
16 19 11
0 3 27
5 9 16
23 2 19
8 11 13
10 14 13
15 19 33
5 7 19
9 11 18
19 22 13
20 0 19
18 20 33
2 5 26
8 12 29
17 18 16
20 23 6
3 6 21
1 3 31
4 8 18
22 0 23
10 12 30
19 22 19
4 7 4
8 12 32
7 11 21
15 19 2
23 2 34
11 14 4
10 14 10
3 5 32
16 19 1
9 12 9
17 20 14
5 9 17
10 14 32
1 2 22
22 0 23
8 11 30
6 8 33
21 0 17
10 14 6
21 23 18
22 23 7
12 14 26
13 17 26
7 9 33
17 21 14
4 6 3
16 20 33
23 2 22
7 9 12
20 21 2
5 8 29
3 6 7
10 13 20
7 9 21
19 23 17
11 13 19
6 8 21
7 11 28
9 13 30
11 13 15
5 7 6
1 4 17
17 20 8
19 23 24
11 14 7
3 9 24
10 13 26
10 14 32
14 17 3
13 15 4
13 15 30
19 21 12
5 8 14
22 0 21
21 3 1
23 3 12
11 15 26
19 21 8
15 18 27
2 3 24
5 8 8
21 23 7
15 19 12
21 0 14
7 11 12
18 21 15
20 22 1
8 10 16
0 3 28
2 5 29
8 11 27
20 1 11
8 11 20
14 17 8
12 14 26
16 18 22
0 3 14
17 19 2
11 14 11
3 6 16
2 4 14
3 7 17
20 22 14
19 22 25
14 16 24
0 4 20
11 12 25
6 9 16
2 5 18
15 19 29
16 19 9
14 18 23
2 3 12
15 18 22
8 11 33
18 21 16
12 15 7
12 15 4
0 3 32
20 21 3
20 0 28
14 17 12
8 11 6
21 23 14
22 23 10
5 9 33
4 7 19
2 7 13
4 8 1
7 10 12
14 17 23
17 20 15
21 23 26
9 10 31
8 9 27
21 21 18
13 16 7
14 19 15
20 23 30
4 7 24
22 1 30
22 23 25
2 4 5
6 9 3
13 16 12
19 21 16
6 9 3
2 4 20
23 4 3
12 14 13
15 18 27
4 8 27
20 22 34
18 20 34
7 10 3
9 11 30
13 16 14
20 22 28
18 22 24
13 15 31
3 6 9
15 17 18
2 5 19
2 4 16
0 3 26
14 18 34
23 0 26
11 13 11
9 13 28
2 4 21
12 16 30
20 23 29
13 18 20
12 15 34
9 13 9
1 4 6
16 19 12
13 17 21
2 5 23
5 7 18
3 6 3
2 7 31
10 12 27
14 17 28
6 10 15
12 13 9
18 22 11
13 17 13
8 10 11
13 15 29
17 20 23
19 20 28
18 20 14
17 20 23
11 14 34
1 6 17
20 0 32
15 18 21
12 13 31
18 21 5
3 6 1
14 17 13
13 17 28
18 22 4
11 14 28
0 3 2
16 17 22
12 14 11
8 10 26
7 11 21
9 13 3
3 6 27
12 15 15
4 5 10
4 6 34
6 9 21
19 22 10
9 12 34
10 13 4
11 15 24
3 7 21
0 3 15
1 5 2
3 5 17
0 3 31
17 18 30
19 22 5
22 1 17
23 1 12
6 7 3
5 8 3
23 2 11
2 6 13
9 14 4
1 4 6
14 17 15
0 2 28
3 5 10
14 18 2
23 2 6
17 20 4
12 17 34
13 15 33
15 18 15
9 11 15
17 19 32
