1000 27
17 21 15 13 22 20 18 6 2 6 22 13 8 14 16 7 11 25 24 22 6 16 27 12 7 7 5 
7 9 11
11 15 14
13 15 8
19 22 1
16 19 3
21 23 10
15 17 23
7 7 26
20 0 16
16 20 7
4 6 5
1 3 8
18 20 18
20 0 1
21 23 16
1 4 11
15 19 9
11 14 18
14 15 27
0 2 10
15 19 17
15 19 18
8 11 22
23 3 24
19 22 19
14 18 26
19 21 24
19 23 14
14 19 11
20 21 23
7 10 7
11 15 1
23 3 15
23 1 13
13 13 6
22 1 23
7 9 2
9 13 7
16 17 13
21 0 14
16 20 2
3 7 17
15 18 12
13 18 19
22 1 22
18 22 5
9 11 5
5 6 26
0 3 20
17 20 24
21 0 1
23 2 20
9 13 5
22 1 13
13 17 19
15 18 13
7 8 8
22 1 23
12 15 16
21 1 19
23 1 9
20 23 3
11 14 10
1 3 4
12 15 4
14 16 22
2 5 21
16 21 24
7 9 25
14 16 24
5 8 8
5 7 3
22 0 13
21 23 24
1 4 1
16 19 3
16 19 9
20 22 17
15 20 3
17 22 15
4 8 17
16 20 15
13 15 12
20 23 4
18 21 3
9 11 23
12 16 19
2 4 2
14 16 27
17 21 15
17 19 1
4 6 5
11 13 15
19 22 8
9 12 14
18 20 18
12 14 2
6 9 18
5 8 22
11 13 12
4 6 21
17 20 27
21 23 5
18 23 26
7 8 23
3 5 12
6 9 25
11 13 17
20 23 9
10 12 11
5 9 16
7 12 2
7 11 16
22 0 24
7 8 25
14 16 25
3 6 22
19 23 10
7 10 16
16 18 1
8 12 9
19 23 10
2 5 7
15 19 8
1 4 12
6 10 4
7 10 10
4 6 5
20 21 8
11 13 7
14 17 9
4 7 22
18 21 27
16 19 4
10 13 11
8 10 25
8 10 24
10 13 19
9 12 23
12 17 9
20 22 4
18 19 25
8 11 18
7 10 15
12 14 1
21 0 26
5 8 22
13 16 2
5 8 8
13 14 24
11 13 8
5 7 17
11 11 6
23 2 14
21 1 26
15 17 4
14 17 18
10 14 11
23 1 24
19 23 2
20 23 15
1 4 6
5 6 11
2 4 3
3 6 4
23 2 23
13 17 20
7 10 6
5 8 6
22 1 13
19 22 10
8 9 24
4 8 22
2 6 1
22 23 15
23 3 11
9 13 19
16 20 12
22 1 7
12 12 22
3 7 6
0 3 3
15 19 26
21 0 17
14 18 2
7 10 9
13 16 6
11 14 7
5 8 17
13 17 5
6 9 13
22 1 10
17 22 17
23 2 8
20 0 6
5 7 11
7 10 17
12 14 8
3 5 23
2 4 25
21 1 22
2 5 4
7 12 13
17 19 12
10 12 17
11 14 21
18 20 18
20 1 15
19 21 19
15 17 7
21 0 22
0 3 3
3 6 3
21 1 19
8 11 19
3 6 10
15 17 25
0 3 5
7 11 1
2 3 24
20 23 2
12 16 18
6 10 8
23 3 27
3 6 24
3 7 15
15 16 2
12 15 17
23 3 13
22 0 7
3 7 14
13 14 27
12 15 26
18 22 11
17 19 15
1 3 23
21 0 21
8 11 14
2 4 11
14 15 22
14 18 22
5 8 23
5 9 10
13 16 7
19 23 14
8 11 26
10 12 4
6 9 25
16 19 24
11 12 16
17 20 10
5 8 9
10 12 25
6 10 27
11 14 14
3 6 20
13 15 14
17 21 12
23 1 17
0 3 7
21 22 7
10 12 9
16 19 22
3 7 25
12 14 4
7 12 13
5 7 26
1 4 7
19 22 10
6 10 26
10 12 18
1 3 24
6 9 15
4 9 9
14 18 20
2 6 20
23 2 1
11 14 15
22 0 25
13 17 19
4 8 20
20 22 8
4 7 9
12 16 6
11 14 18
19 22 3
10 14 1
23 3 20
10 13 16
13 14 14
11 14 8
1 5 16
22 2 6
21 23 12
4 7 9
18 21 3
10 13 17
13 15 22
20 23 20
22 2 15
1 5 16
1 5 20
7 10 1
12 14 3
3 5 13
18 20 2
4 6 3
8 11 3
10 14 8
19 22 14
2 6 9
13 16 27
2 6 7
3 5 17
0 3 9
14 15 16
15 18 10
4 7 26
2 5 2
14 18 10
11 13 22
20 22 10
22 0 18
3 7 24
17 20 4
19 21 24
11 15 2
2 4 26
9 12 20
6 8 20
5 9 8
9 12 4
2 4 15
9 12 25
4 8 18
15 19 27
10 12 14
16 20 2
20 0 26
10 12 9
2 5 14
18 19 14
10 13 5
14 17 17
8 12 4
0 4 15
14 19 1
21 1 14
1 4 23
23 1 15
12 15 14
6 8 26
9 11 4
20 22 2
9 13 3
11 12 15
21 2 5
8 11 23
17 19 5
12 14 1
0 2 22
20 23 23
3 5 11
21 1 23
18 20 1
21 23 26
21 0 27
4 7 15
8 12 26
19 22 8
1 5 7
2 6 24
3 5 11
15 18 26
1 4 18
0 3 4
11 13 7
0 4 13
8 12 5
9 12 20
21 0 13
4 7 26
12 14 5
9 14 24
13 17 3
14 19 27
13 16 13
6 10 13
7 8 18
11 14 24
15 19 15
10 11 6
2 6 4
19 20 19
5 9 3
0 4 15
15 19 1
11 12 25
14 16 5
11 13 25
11 14 1
8 11 17
23 1 22
1 3 15
22 0 6
6 8 25
13 17 11
15 20 4
6 9 4
19 0 19
19 21 23
2 6 12
6 10 20
13 18 19
3 7 27
1 2 19
8 11 11
5 7 25
23 1 5
17 20 26
13 16 7
18 20 9
9 11 4
8 12 10
12 14 3
12 16 23
6 10 13
2 5 20
16 18 9
21 0 25
8 11 8
6 9 3
7 11 16
10 13 26
1 5 12
22 23 7
10 15 22
1 3 26
18 21 12
15 19 20
8 11 13
14 18 20
6 8 19
22 2 25
9 11 25
14 17 6
10 12 12
18 21 25
5 7 20
13 15 13
10 14 3
22 1 4
7 10 8
2 6 14
0 3 9
15 18 20
23 3 23
6 6 21
1 5 11
15 18 21
3 6 12
15 19 4
23 1 18
12 16 19
23 2 22
12 14 25
11 13 12
23 1 9
6 8 6
15 17 27
21 0 13
6 9 25
14 20 14
7 11 25
10 12 25
13 15 22
16 20 13
8 11 1
16 21 8
6 10 2
15 17 9
14 17 26
6 9 11
8 11 12
3 7 5
10 15 1
6 9 16
2 6 19
17 19 8
22 1 1
9 12 12
10 12 25
3 6 8
17 21 4
13 15 3
17 20 16
20 22 17
10 14 7
11 15 3
14 16 9
5 9 13
9 12 20
17 20 2
18 22 13
7 10 19
10 16 9
21 0 10
3 7 12
7 10 11
23 3 22
19 21 9
2 4 7
1 5 6
19 23 7
18 20 18
18 21 25
16 16 8
15 17 3
8 10 23
22 1 24
9 13 12
12 14 16
2 3 21
3 5 13
17 18 11
13 16 10
22 0 24
22 1 16
5 5 14
19 22 27
14 15 10
0 4 18
4 10 8
8 13 5
19 21 2
19 23 10
14 18 5
2 5 1
17 20 14
0 4 13
4 7 8
1 4 19
10 13 2
9 13 22
1 5 18
9 12 23
3 6 11
6 10 2
12 14 24
4 8 25
12 14 14
0 3 8
9 13 10
15 15 25
17 20 3
22 3 11
23 3 21
3 6 4
7 9 12
10 14 12
4 7 19
4 8 2
10 14 9
21 23 7
14 17 15
23 1 15
16 17 21
14 17 22
6 7 2
9 13 25
17 20 17
20 23 23
21 2 23
10 14 22
6 8 5
20 23 16
15 18 4
3 7 10
9 13 5
3 7 12
7 11 16
11 15 10
22 1 23
20 0 21
20 22 7
8 11 14
20 23 24
10 13 12
2 7 24
20 22 2
3 7 19
15 19 23
14 18 9
1 3 6
22 1 1
12 14 16
0 5 3
2 5 7
7 7 4
20 23 15
11 16 12
0 3 19
15 20 21
7 8 10
6 8 20
6 8 5
16 20 21
21 1 1
5 8 10
11 15 16
13 18 26
10 13 25
8 10 23
18 23 19
21 23 7
8 12 22
20 22 19
6 9 6
2 4 20
18 22 24
18 21 14
16 19 23
0 3 26
21 23 27
1 4 6
14 17 21
7 11 20
9 12 4
5 7 9
17 22 3
12 15 24
16 19 13
5 9 23
11 15 11
16 19 21
3 8 21
2 3 15
13 15 24
1 3 20
6 10 24
5 8 4
14 17 19
15 17 2
20 23 7
9 12 4
2 4 17
4 6 15
5 7 4
21 1 7
13 16 21
0 3 1
7 11 12
3 6 21
2 5 2
20 22 3
9 13 17
17 20 6
9 12 24
18 21 7
0 3 17
7 8 21
22 1 16
13 16 11
17 20 12
21 23 14
19 21 19
5 10 18
23 2 22
4 6 12
18 21 13
19 23 6
12 15 21
20 23 18
2 4 5
22 1 15
19 21 8
0 3 12
12 14 7
9 14 4
14 17 3
23 2 26
1 5 9
22 2 14
23 1 12
11 14 9
23 1 26
11 15 20
7 9 19
17 20 2
0 3 13
12 17 21
15 19 11
8 12 19
3 8 8
7 12 14
19 23 3
4 6 20
0 3 16
15 18 23
12 14 2
1 5 16
13 16 13
9 12 24
2 5 9
20 1 22
18 23 22
22 1 13
1 6 11
2 6 1
19 21 5
11 15 12
18 22 12
4 7 23
4 8 24
2 5 6
21 23 23
7 9 20
13 16 18
21 0 21
6 9 17
17 20 26
5 7 20
20 1 25
17 19 2
23 2 6
1 3 13
13 18 1
21 0 14
4 7 18
11 13 16
2 5 10
15 19 13
12 15 22
18 21 26
7 10 7
20 22 26
21 0 20
22 1 10
6 10 9
1 3 12
2 5 26
2 2 19
1 3 25
15 19 20
12 13 8
0 1 20
16 19 15
23 5 5
16 20 7
22 1 10
11 13 7
10 12 6
22 2 25
1 3 27
8 11 7
23 2 9
8 10 18
6 9 9
21 0 7
11 14 12
17 18 25
14 15 2
15 18 22
7 9 9
1 2 18
20 0 4
9 13 6
19 22 8
10 13 3
14 17 16
10 13 27
21 2 23
8 10 22
12 15 12
0 3 20
8 11 5
9 12 15
2 4 14
10 13 2
4 7 27
16 19 8
9 13 27
21 23 27
11 15 2
17 19 24
14 16 26
19 22 5
22 1 9
22 23 1
0 5 4
12 16 9
11 14 21
19 21 22
16 20 6
8 10 19
5 9 7
18 21 10
12 15 1
21 23 12
1 3 13
7 10 12
10 12 27
20 0 7
16 19 5
2 5 23
7 10 5
3 6 11
18 22 15
15 17 20
10 12 27
17 21 18
4 6 9
10 13 19
16 19 24
17 20 17
23 2 6
3 7 9
2 5 6
1 5 18
3 6 25
11 14 20
11 15 20
19 21 4
1 2 1
3 6 18
18 22 25
8 11 13
22 0 6
8 11 3
19 22 23
11 15 15
9 11 3
8 12 21
5 8 11
23 2 8
22 23 27
0 4 11
1 4 12
23 0 8
13 15 14
9 13 6
2 5 2
2 7 10
22 0 21
4 7 11
9 13 3
12 14 6
18 22 8
11 15 17
2 5 27
21 22 1
2 5 15
19 22 11
1 2 8
15 19 8
9 11 16
2 6 21
23 1 6
9 12 9
5 9 10
12 16 27
19 21 11
18 21 12
10 14 12
3 7 13
1 4 24
9 11 23
2 5 25
4 8 19
9 10 19
9 11 12
11 15 11
8 10 15
2 4 12
19 22 10
17 18 4
20 21 1
7 10 25
0 3 2
18 21 21
10 13 21
20 23 15
0 3 25
1 3 8
23 2 1
15 18 5
18 21 19
2 4 11
19 22 24
10 12 9
1 2 5
4 8 10
23 2 20
11 16 16
12 15 24
8 11 8
15 18 6
18 19 27
4 5 14
5 7 8
20 23 4
23 1 21
5 9 16
18 19 21
9 11 4
12 14 13
4 8 27
7 10 20
23 2 16
10 13 27
16 18 27
11 12 6
23 2 6
10 13 11
22 1 4
23 2 26
3 5 17
4 7 5
16 18 16
20 23 25
19 21 20
2 3 13
3 4 22
20 23 27
14 18 19
1 3 14
0 2 19
20 22 14
18 20 23
3 7 27
21 0 3
9 11 2
0 2 16
14 18 27
5 7 19
13 14 5
10 12 23
21 23 13
18 18 10
8 12 9
4 9 24
11 14 19
0 6 15
17 20 12
16 19 2
19 21 18
18 21 15
16 19 17
16 19 3
11 14 21
12 16 24
0 0 27
12 15 27
13 16 8
22 1 12
7 9 2
16 20 21
4 7 17
22 1 8
23 2 22
17 22 18
19 23 7
17 19 8
19 23 5
19 22 25
0 2 20
9 12 7
13 15 13
23 1 11
5 7 25
21 0 13
8 11 12
20 23 20
20 23 2
9 10 26
9 15 20
16 20 22
22 0 23
0 3 12
19 22 26
15 20 11
22 1 3
6 8 2
17 20 12
0 2 8
7 10 10
11 15 23
4 7 16
20 0 17
17 22 4
23 3 13
10 14 16
5 6 11
22 1 7
1 3 6
3 6 7
9 13 12
16 20 26
7 10 17
13 16 22
