1000 7
7 2 1 3 7 7 4 
20 22 5
20 22 3
2 4 5
3 5 6
23 3 3
10 12 3
12 16 1
6 9 3
13 16 4
20 21 2
8 13 1
10 13 1
8 11 4
4 7 2
9 12 5
4 7 3
4 7 1
23 2 5
12 15 5
16 18 5
14 16 3
19 0 3
13 17 5
15 16 2
17 20 6
15 15 2
6 9 7
2 6 4
16 21 2
19 23 4
2 5 4
6 10 3
15 19 3
9 13 2
15 18 3
19 21 4
5 8 5
18 20 1
10 13 1
9 12 7
11 14 5
7 11 7
23 4 6
4 7 5
19 23 1
3 6 5
7 10 4
20 23 7
22 0 4
22 1 4
7 10 7
19 22 4
20 22 6
9 14 7
23 2 3
18 21 6
15 17 3
21 0 1
5 9 6
3 5 5
9 12 1
6 10 7
9 13 4
23 1 2
21 0 3
1 4 2
8 11 1
5 4 6
7 12 1
1 3 5
22 2 3
18 21 3
12 15 1
5 8 4
7 10 4
0 4 3
9 12 1
3 4 6
16 20 4
10 13 3
4 6 3
0 5 1
10 14 3
18 20 4
11 14 2
3 7 7
1 4 1
12 15 7
20 23 7
17 20 6
14 17 4
4 7 2
15 17 6
0 2 5
12 16 1
11 13 1
9 12 2
12 14 3
16 20 2
10 13 2
2 6 5
15 18 2
17 20 6
19 23 5
11 15 7
5 9 4
8 11 1
13 15 6
8 11 1
21 23 2
5 8 3
13 14 5
5 8 4
0 3 3
15 17 3
12 14 3
10 14 2
7 11 7
9 13 1
12 15 3
10 13 6
13 17 7
2 5 6
11 14 5
23 3 4
22 2 4
22 23 5
16 18 7
2 4 6
10 12 6
19 21 7
10 12 3
4 6 2
9 14 1
20 0 6
9 11 2
18 21 4
1 4 2
22 1 6
9 10 6
7 10 5
10 13 4
15 17 4
18 22 2
1 6 5
21 0 6
8 11 6
15 19 7
22 0 4
2 6 2
22 2 5
2 5 1
7 10 1
5 9 1
10 14 2
6 8 1
18 22 3
16 20 6
0 2 1
14 16 4
16 19 3
23 3 4
7 10 6
12 15 7
12 15 5
15 18 6
21 22 4
10 16 5
21 0 2
4 6 1
2 4 5
2 6 4
7 11 2
13 16 3
15 16 1
12 15 1
12 14 5
0 2 5
18 21 1
3 5 2
5 8 6
20 0 6
6 8 2
12 14 4
1 4 3
8 11 7
0 3 4
20 0 7
23 2 5
5 8 7
3 5 2
0 1 6
11 14 7
18 22 2
9 12 5
11 13 5
3 7 6
23 1 7
6 9 5
6 8 5
16 18 3
3 8 7
15 19 2
23 2 7
19 22 3
21 0 7
0 3 7
0 3 5
14 18 7
11 14 6
6 9 3
4 6 5
13 15 1
10 13 6
1 5 7
10 13 5
14 18 7
13 16 5
14 17 1
14 19 7
12 15 2
2 4 7
21 0 7
14 18 4
1 4 7
16 19 3
15 18 3
4 8 4
7 12 5
12 18 4
8 11 7
13 17 1
2 5 2
23 1 2
5 8 1
6 9 3
12 16 7
5 9 1
11 13 6
20 0 2
8 10 4
5 8 5
13 17 1
17 19 7
14 18 5
7 12 3
12 15 6
10 12 1
11 15 6
22 0 5
11 14 6
19 1 3
20 23 7
5 9 4
2 5 6
14 16 7
17 20 4
18 21 3
7 9 7
8 9 3
7 11 3
4 6 7
9 12 2
17 21 6
1 3 1
17 21 7
8 9 7
19 23 6
4 8 4
14 18 3
9 12 5
19 22 3
15 19 7
1 4 7
23 2 3
7 9 4
14 16 1
17 19 2
10 14 5
9 12 3
3 4 1
1 5 5
12 15 3
20 23 6
10 12 5
13 16 4
16 19 4
15 19 5
21 23 7
1 4 1
1 4 7
10 11 6
18 23 1
21 23 2
17 20 3
0 4 3
2 7 1
19 21 3
18 21 2
10 15 3
9 13 5
15 18 4
14 18 1
15 20 1
17 21 4
14 16 2
14 18 5
4 7 7
18 23 4
22 1 7
3 5 3
15 18 6
2 4 1
23 2 3
23 2 3
15 17 2
11 14 3
9 13 5
3 6 5
7 8 5
8 12 2
14 18 2
7 9 2
20 23 4
19 22 7
20 0 7
17 20 1
14 18 3
10 13 6
21 23 4
14 17 4
16 22 4
15 17 3
21 1 4
8 11 1
4 8 1
11 14 3
19 22 3
12 16 5
2 7 6
23 2 1
16 18 5
3 7 5
9 10 7
6 8 4
16 19 5
19 22 5
0 4 1
8 12 5
4 6 5
4 7 1
7 9 5
22 2 3
19 23 4
9 12 6
9 12 2
0 3 2
13 16 7
7 9 2
4 7 7
17 22 1
11 13 3
18 21 4
5 8 5
19 23 3
22 2 3
0 3 3
8 11 5
18 20 5
2 5 6
21 1 2
20 22 2
13 16 5
4 6 6
6 9 2
17 20 2
18 20 1
2 5 5
19 21 6
6 7 3
0 3 3
23 2 5
7 10 5
1 4 6
2 5 7
13 16 6
7 9 1
18 20 3
19 21 3
9 12 5
5 8 1
14 17 6
3 7 5
5 8 7
6 11 5
10 14 4
8 11 7
8 10 3
6 10 7
12 17 5
18 20 6
5 7 6
12 14 5
19 22 1
20 0 1
14 16 1
8 12 7
5 7 1
12 16 4
14 18 7
7 8 4
15 19 1
23 2 1
11 14 7
12 16 2
2 4 6
22 0 2
12 13 4
10 11 1
16 21 3
13 15 6
0 2 4
5 8 5
4 9 2
23 3 5
11 15 7
15 18 1
10 13 4
4 8 4
23 3 1
23 3 7
22 1 3
0 0 3
10 15 6
16 20 7
8 11 4
17 21 1
15 19 6
0 1 1
22 1 6
8 11 1
2 5 6
1 5 2
15 17 6
5 9 5
19 22 4
8 11 2
18 22 5
23 2 7
11 14 3
3 5 2
8 11 6
16 18 7
10 13 3
20 0 4
13 15 3
3 5 3
20 21 2
4 6 3
3 6 7
0 3 5
23 0 1
13 17 4
1 3 5
23 1 4
0 2 6
7 10 5
19 21 4
17 20 2
16 19 6
15 17 6
17 20 6
12 15 7
21 1 4
12 15 4
10 15 5
2 4 2
18 20 6
8 10 6
4 7 4
5 8 3
16 20 4
4 8 6
15 17 4
5 6 2
3 6 1
5 9 7
12 16 6
19 22 1
13 16 7
23 3 2
21 1 6
14 17 7
19 23 2
2 3 4
17 19 6
17 22 1
12 15 6
10 14 2
6 9 7
22 0 4
9 11 5
6 7 7
20 22 1
23 2 1
7 11 2
13 16 1
5 8 6
15 19 1
11 13 2
19 21 5
19 0 3
0 1 2
4 8 2
6 9 3
20 22 2
13 17 4
13 17 3
2 6 5
1 2 3
22 1 7
4 6 7
9 11 1
15 16 7
13 15 6
1 5 2
17 20 5
16 18 7
1 3 6
23 2 5
20 1 7
6 9 1
18 21 7
15 19 3
14 16 3
4 9 2
15 19 6
16 19 2
16 19 5
12 16 3
7 10 2
10 15 4
0 4 4
23 1 7
20 23 4
6 8 7
5 7 5
5 7 7
7 9 6
23 2 3
21 0 4
7 10 3
16 20 2
18 20 1
11 13 5
6 8 5
12 17 7
5 8 2
7 12 6
1 5 5
18 21 1
18 23 5
18 22 5
0 3 2
5 7 6
5 7 7
4 8 4
9 13 1
5 8 6
0 2 6
3 8 6
5 8 4
17 20 4
8 12 6
11 15 5
22 1 6
1 4 5
17 20 6
18 21 2
6 8 7
16 17 2
17 19 7
15 18 1
22 1 6
11 15 5
2 5 1
0 1 6
5 5 5
21 21 5
9 15 7
9 11 1
22 2 4
23 2 2
10 13 3
14 16 2
4 8 2
2 5 4
9 13 4
7 11 4
1 4 4
21 1 7
21 23 2
17 22 7
14 15 3
10 14 2
17 19 7
22 1 7
15 17 1
16 19 3
1 3 1
4 7 5
23 2 2
19 21 2
7 10 2
18 20 3
12 15 5
17 20 3
7 12 4
12 15 1
2 3 1
1 5 5
22 2 5
20 23 7
0 2 6
11 14 7
12 16 5
14 18 7
6 8 2
3 5 4
21 23 5
19 23 6
2 6 1
23 2 4
12 15 2
11 14 6
9 13 4
15 19 1
5 7 2
7 11 2
4 7 1
16 21 3
2 5 2
15 19 2
22 0 7
20 22 6
16 18 7
10 12 7
3 6 4
4 7 2
16 17 7
11 14 1
11 14 3
1 2 2
17 19 5
19 0 1
2 5 6
2 5 5
4 5 1
3 7 5
23 3 5
19 21 3
18 21 1
2 7 4
22 1 3
23 4 4
3 6 6
16 18 5
13 16 4
6 8 7
19 22 6
9 13 6
6 8 7
22 23 3
21 23 2
20 23 1
19 22 4
6 8 5
1 3 1
15 18 6
7 11 6
22 0 2
9 13 2
17 19 4
23 3 7
15 17 6
21 23 3
13 15 2
13 16 6
22 1 4
18 21 6
7 10 2
20 0 2
7 10 3
12 13 5
19 23 1
16 18 5
6 9 1
3 5 2
10 12 7
11 14 5
3 8 6
10 13 6
10 12 7
6 10 5
19 23 2
19 22 1
20 0 1
22 2 5
3 6 1
5 9 7
21 23 7
7 10 6
21 2 4
10 13 4
2 6 5
19 0 6
19 21 3
15 19 1
1 4 7
4 5 5
16 18 7
4 7 1
22 2 2
12 16 2
4 7 1
5 7 7
1 3 7
20 22 3
23 1 1
4 5 7
16 19 3
21 0 7
20 23 6
18 21 4
11 15 6
19 23 4
3 4 4
12 14 6
15 18 1
22 0 1
8 10 4
3 6 2
13 17 5
6 9 5
19 22 4
23 2 4
12 15 2
7 10 5
5 10 4
5 8 2
6 10 5
3 5 1
2 6 5
1 3 1
13 15 2
1 5 3
3 5 4
3 5 7
10 13 4
17 20 4
8 12 6
11 14 7
15 17 1
1 5 7
15 18 1
17 20 4
7 10 2
22 1 6
2 5 2
0 4 1
14 16 1
0 3 2
5 8 7
17 19 4
5 8 1
12 15 5
12 14 1
22 2 7
19 22 5
19 21 4
8 11 7
3 7 4
10 13 4
8 9 2
9 10 1
15 18 2
2 6 3
15 18 5
21 0 7
2 6 2
12 15 7
9 12 6
1 4 1
22 2 2
16 19 5
8 11 1
18 21 7
1 4 7
22 2 4
15 19 2
11 13 4
11 13 5
17 21 2
6 9 2
15 18 2
23 2 3
16 19 3
0 5 7
16 19 7
1 4 1
2 5 1
12 14 2
2 3 7
6 8 6
12 16 3
21 1 6
15 18 4
0 4 6
1 4 6
2 5 7
14 18 5
9 12 1
2 6 3
18 22 1
12 15 6
3 5 4
8 12 6
21 23 1
5 7 4
14 18 5
11 16 6
19 23 3
21 0 1
7 9 6
12 16 1
19 22 3
6 9 6
20 22 1
22 2 1
23 3 7
13 14 5
7 9 3
11 15 1
17 21 4
7 9 7
19 23 2
6 9 1
10 13 1
6 7 3
0 4 1
20 0 4
15 18 7
14 15 3
12 18 1
19 0 4
19 22 1
7 11 3
17 22 5
6 8 3
4 6 3
20 0 1
14 19 3
20 0 3
2 5 7
7 9 5
4 8 6
11 15 7
1 5 4
11 15 6
16 19 7
21 0 7
2 6 6
17 19 5
9 13 5
0 3 4
12 15 1
16 17 4
16 18 4
0 3 6
8 12 2
6 9 6
17 21 6
10 13 4
3 7 2
9 10 6
23 3 2
23 2 7
20 21 4
12 16 1
23 3 4
7 10 2
20 23 4
20 23 4
8 11 6
20 22 7
6 8 4
22 1 1
9 12 7
22 2 3
19 21 2
23 2 7
12 14 5
3 6 6
10 13 1
9 14 6
9 11 4
5 7 5
22 0 7
20 23 2
12 15 6
12 14 4
10 14 1
6 8 7
20 0 5
23 3 4
13 18 5
21 0 2
1 5 1
16 20 6
9 12 4
6 8 1
8 11 2
9 12 3
12 16 4
5 9 7
20 0 4
3 7 1
11 14 6
6 10 5
13 15 1
2 5 4
13 15 4
20 21 1
17 21 3
14 18 1
2 7 3
10 13 5
14 17 7
1 5 5
7 11 5
11 14 1
22 1 2
23 3 6
10 14 4
4 8 4
9 13 4
14 17 2
15 19 1
11 12 2
8 10 5
12 15 5
20 22 2
4 7 5
10 14 6
5 7 6
15 20 1
21 0 4
2 4 2
4 8 2
16 20 1
8 12 7
11 14 6
21 1 5
4 8 7
3 6 4
4 8 6
7 9 3
23 2 6
17 21 2
10 14 6
9 12 2
15 19 6
16 19 6
17 21 2
13 17 3
4 8 7
13 18 4
5 7 3
12 15 7
5 10 5
1 5 1
0 4 4
23 0 2
11 13 6
10 11 4
7 10 4
14 19 1
16 17 4
22 2 6
18 19 5
11 12 7
3 5 4
21 0 7
9 12 4
15 18 3
11 14 2
2 4 5
2 6 6
13 17 6
21 0 5
