3000 33
29 24 30 19 18 28 10 10 27 2 28 5 1 16 10 29 21 11 15 6 25 5 19 4 24 17 10 9 26 1 7 13 30 
17 19 13
4 7 29
10 13 21
20 22 26
2 4 2
4 7 16
10 13 19
23 0 26
2 5 7
15 20 31
12 16 19
17 19 21
0 3 26
2 5 5
1 5 3
11 13 23
16 19 18
9 12 33
5 8 33
12 15 14
11 16 3
23 2 32
7 10 7
12 16 17
9 12 30
1 3 31
8 11 30
20 0 8
22 2 11
15 18 32
14 16 28
17 21 6
12 14 4
20 23 21
14 17 23
7 9 10
10 13 3
16 20 18
2 5 29
19 0 9
21 0 18
21 1 6
16 20 13
16 18 32
16 18 26
23 4 32
9 13 30
21 23 24
18 23 3
10 12 18
21 23 15
0 5 14
9 12 2
4 6 22
14 15 3
19 23 2
0 3 30
6 9 16
23 0 19
0 1 5
21 23 30
23 3 22
20 22 20
5 7 14
7 11 24
23 1 20
1 3 7
22 2 8
5 7 33
8 12 27
10 11 23
11 13 27
0 4 23
5 8 26
17 21 18
9 12 17
21 1 18
3 7 23
13 16 20
5 7 17
1 5 31
10 12 27
3 8 11
1 4 30
12 14 20
16 18 17
11 13 29
13 15 30
12 14 31
6 10 12
7 11 4
14 16 14
21 0 33
12 16 29
7 11 3
20 22 10
16 19 4
4 8 17
6 9 2
5 9 14
12 15 27
23 1 6
7 7 30
4 7 29
8 11 32
22 1 7
11 14 30
22 2 25
12 15 6
14 17 12
13 17 27
6 8 29
5 10 25
21 1 7
6 9 33
0 2 27
22 0 21
22 3 26
15 17 5
18 22 29
16 19 29
5 5 18
23 3 32
7 9 8
10 13 8
9 12 20
22 1 10
1 3 32
0 3 10
16 19 27
23 3 26
7 10 15
20 0 3
11 15 33
17 19 29
20 23 18
10 15 6
1 5 3
0 3 21
4 6 27
19 21 16
15 18 16
3 6 5
4 6 26
11 13 29
15 18 22
21 0 10
19 20 20
12 14 28
15 18 12
1 4 29
9 13 33
20 23 31
5 8 27
22 3 29
1 3 10
23 1 26
12 14 26
15 17 27
8 10 32
23 3 15
3 6 16
19 21 15
14 18 22
6 8 15
21 0 5
1 4 22
21 23 21
16 21 28
23 2 1
22 0 27
3 5 3
23 3 29
20 0 20
16 19 25
18 22 8
17 21 15
13 17 28
4 6 2
7 11 11
11 14 19
10 12 11
10 14 4
13 16 4
3 7 15
8 10 11
7 10 20
15 20 16
1 4 10
4 8 32
20 23 16
1 5 18
18 21 27
17 20 26
3 5 16
22 23 33
20 23 25
22 0 20
19 22 19
7 10 9
14 18 22
4 7 22
15 20 21
2 5 6
12 16 21
6 10 10
6 10 30
20 0 25
12 13 17
5 9 26
21 23 28
10 14 4
15 17 23
13 15 11
7 9 22
14 15 11
11 13 10
11 14 12
15 17 25
17 19 33
2 6 3
11 14 18
21 0 17
6 9 12
16 19 22
19 22 32
0 3 23
22 2 9
11 14 32
23 2 1
18 21 6
18 22 8
21 1 9
5 9 24
15 15 8
5 7 8
12 15 28
5 8 33
11 15 23
14 16 20
1 6 8
22 0 27
5 8 25
0 4 33
23 3 22
20 0 25
1 5 27
5 9 33
11 12 10
7 11 6
13 17 2
22 2 26
23 4 29
2 6 4
7 11 30
0 2 8
3 6 10
12 14 2
22 1 32
14 17 28
11 14 21
8 12 32
13 15 29
8 11 6
11 13 30
20 23 25
1 4 7
2 4 17
13 16 6
9 12 31
1 4 6
1 3 12
0 2 5
20 23 28
10 13 25
18 20 20
22 1 5
4 7 19
11 15 31
15 17 17
13 18 5
11 13 15
23 2 8
15 17 21
8 9 14
10 12 29
7 10 3
9 13 16
14 16 27
21 0 32
3 5 8
1 4 26
0 1 25
1 5 12
7 10 20
13 17 31
21 23 13
8 11 9
6 11 3
15 18 10
23 2 17
2 5 19
18 20 28
16 22 29
6 8 3
6 7 26
3 8 14
16 19 31
11 13 30
12 16 18
14 16 9
16 20 4
17 17 10
12 14 20
22 0 4
16 19 13
15 18 4
9 10 32
3 5 2
10 13 28
5 9 4
10 11 33
17 22 1
11 12 22
4 6 16
21 3 16
19 22 30
20 22 10
20 23 25
2 5 9
22 2 3
9 13 26
14 18 17
2 6 23
6 8 17
4 7 7
6 10 19
15 19 18
5 8 26
6 9 10
11 14 26
5 8 8
18 21 4
22 1 15
16 19 10
20 0 25
11 16 32
11 13 7
2 3 25
19 23 7
10 13 18
0 3 22
17 20 1
17 20 1
7 10 3
9 13 30
15 16 16
10 13 12
6 9 11
6 7 33
19 21 5
20 22 30
20 23 4
14 18 24
18 21 9
19 22 30
17 19 14
2 5 21
2 5 27
5 8 16
2 6 9
10 12 4
9 12 16
14 16 31
10 11 28
9 12 18
10 12 1
20 21 30
22 0 2
5 8 13
2 5 21
19 22 27
19 23 22
5 7 32
2 5 7
0 3 29
7 9 33
13 17 2
20 22 26
9 11 23
13 14 23
22 0 9
19 22 29
11 16 22
15 20 21
2 6 3
7 11 6
2 6 2
11 14 26
3 4 2
1 6 8
3 6 24
23 1 22
15 19 20
4 6 3
4 7 9
0 3 30
20 0 19
21 1 20
3 5 7
14 17 30
8 10 15
18 22 13
5 9 5
20 23 20
11 15 28
21 23 4
5 9 25
5 8 3
0 2 24
0 3 29
19 21 16
17 19 33
3 5 25
14 17 15
2 4 23
13 17 2
7 8 27
13 16 15
8 11 15
23 4 17
13 16 9
0 5 24
6 10 18
16 20 17
15 16 18
14 17 23
19 22 9
10 12 33
23 3 7
20 23 15
12 15 10
13 16 32
21 1 26
2 5 19
1 3 30
22 1 26
18 22 6
14 19 30
17 19 22
0 3 22
1 4 1
10 12 30
4 6 7
21 23 17
5 6 27
7 10 9
19 23 25
21 0 17
6 9 19
20 22 5
23 2 32
17 21 11
13 15 16
23 1 15
18 20 3
18 21 6
15 17 7
0 5 18
1 4 32
1 5 30
18 22 16
14 16 4
12 17 2
9 12 4
5 8 15
9 13 33
23 2 13
8 12 11
6 10 4
8 11 27
1 4 18
4 8 1
0 4 24
16 20 3
3 7 27
13 17 13
14 18 1
21 23 19
2 5 4
12 16 3
1 4 18
7 11 30
22 1 24
10 12 20
6 9 14
17 20 2
1 4 11
9 10 28
16 18 15
22 0 33
5 8 13
14 17 28
14 16 31
19 21 32
18 22 23
4 7 2
15 17 29
3 6 24
10 12 2
10 12 22
5 8 17
13 17 32
17 19 23
5 7 19
7 10 21
16 19 27
13 16 4
7 10 8
2 7 29
3 5 16
6 9 23
22 1 1
0 4 14
7 12 25
0 3 16
20 0 9
5 7 13
18 22 32
5 8 21
12 15 25
14 18 29
17 20 21
14 16 19
14 17 14
23 1 32
16 20 2
13 16 19
14 16 30
9 12 23
4 7 6
16 17 9
8 11 12
8 10 30
7 10 2
6 9 23
1 4 20
18 19 5
9 12 18
4 8 24
22 2 8
16 18 13
10 12 1
1 4 26
8 12 14
1 4 23
12 15 9
6 7 8
20 23 10
15 17 25
23 2 29
22 2 1
10 14 27
3 8 20
12 14 3
20 23 9
23 2 3
22 2 18
14 17 31
6 8 18
21 1 14
5 6 15
4 8 6
5 7 22
21 1 5
3 7 4
0 4 10
14 17 23
22 0 16
22 3 30
13 15 11
16 19 19
18 21 23
23 1 16
21 22 32
14 19 30
22 1 5
18 23 1
4 8 16
4 6 3
17 20 8
5 6 20
20 23 29
13 17 32
4 8 7
15 16 31
1 5 24
3 6 25
19 22 26
4 6 22
1 3 20
8 12 10
13 16 14
11 14 30
11 14 19
4 8 29
0 2 20
17 21 13
21 22 5
21 0 29
1 4 27
14 18 30
19 23 26
17 19 17
13 15 23
21 0 17
6 7 31
3 7 5
23 3 27
9 14 14
15 17 33
10 13 21
22 1 4
1 3 25
14 16 6
17 20 25
4 6 31
15 18 6
20 23 18
22 1 9
22 2 3
12 16 23
22 2 13
15 18 30
7 12 23
0 5 28
23 0 10
5 8 17
8 12 15
15 17 13
22 1 23
23 2 2
11 15 10
14 17 30
17 20 21
12 14 25
21 1 16
21 1 7
5 9 1
4 7 32
22 0 7
20 22 11
12 16 22
1 5 29
12 15 19
10 14 15
0 5 10
3 6 5
3 7 7
22 1 17
8 11 3
23 3 28
20 21 23
12 15 1
6 7 20
15 16 21
17 19 14
4 7 13
23 2 26
18 22 2
0 2 24
13 17 25
7 12 11
16 17 4
15 17 26
0 3 16
11 14 22
2 4 24
14 16 33
1 5 19
8 10 14
20 23 3
8 12 10
6 11 4
1 5 24
10 11 3
0 2 18
4 7 8
10 12 4
1 3 16
6 9 21
12 14 10
20 23 27
10 13 2
20 0 24
10 11 4
3 7 2
6 8 19
23 3 13
22 0 4
17 19 23
19 0 13
23 3 1
22 1 14
5 8 24
11 15 14
4 9 23
22 2 7
4 7 9
11 14 33
0 2 7
12 14 24
0 3 30
12 16 26
7 10 13
0 2 26
4 8 8
11 12 30
9 10 26
13 16 20
19 22 7
12 12 11
12 16 25
1 3 32
7 10 12
3 7 31
4 7 30
4 7 26
15 19 23
17 21 8
2 3 26
13 15 30
12 17 25
8 11 14
8 10 31
21 0 6
10 14 31
6 9 28
10 13 8
22 2 9
17 20 2
9 11 29
20 23 2
10 13 4
11 14 1
9 13 27
15 17 30
13 17 27
3 6 14
18 21 4
15 18 15
7 11 20
10 13 31
5 7 2
5 8 14
4 8 30
0 2 18
9 13 15
15 19 11
16 22 21
21 1 5
21 0 8
23 1 29
9 12 11
7 11 1
9 11 28
5 7 2
18 21 15
17 20 20
9 10 2
13 16 3
0 4 1
3 6 23
16 21 6
16 18 11
0 2 10
11 15 8
17 20 12
2 6 16
3 6 16
13 17 28
2 7 17
6 10 17
11 14 1
1 4 31
21 1 30
9 13 9
20 23 14
6 9 14
20 22 19
5 8 1
0 2 18
21 1 17
5 8 3
16 19 29
10 14 12
16 18 30
3 5 5
4 7 26
15 19 24
23 4 17
10 13 18
23 3 15
4 6 25
7 10 7
21 1 2
9 12 29
18 23 31
17 21 18
2 6 21
19 0 7
14 17 18
5 7 17
0 5 25
23 3 16
10 14 22
16 18 22
4 6 12
23 3 18
9 13 11
4 7 1
5 8 9
14 16 3
15 16 2
10 13 23
20 23 31
6 9 4
4 7 17
2 5 13
23 2 27
1 5 14
0 4 26
1 2 33
21 0 11
19 22 33
21 0 18
16 19 32
8 12 32
18 23 14
23 2 2
14 17 12
2 4 16
7 9 13
10 14 10
2 3 23
2 4 5
20 22 30
8 10 23
20 0 18
17 19 12
4 7 25
21 23 18
8 11 31
20 0 11
8 12 26
12 14 3
4 5 8
1 5 9
1 2 15
6 11 29
13 16 1
19 21 15
22 2 13
14 17 12
15 18 1
9 13 8
22 1 26
13 16 29
7 12 10
8 10 5
13 15 23
13 15 26
21 23 26
10 14 24
12 16 16
18 20 7
23 23 9
4 7 19
12 15 20
23 1 1
10 12 1
16 18 31
11 13 5
0 3 16
16 20 26
1 4 28
18 20 1
23 2 11
7 10 18
14 18 18
16 20 10
21 0 28
18 22 7
20 0 9
7 8 1
10 13 20
9 11 24
15 18 27
19 22 1
1 4 27
21 0 17
22 2 25
0 4 25
8 11 20
23 3 1
1 5 33
11 14 22
8 12 33
9 11 16
13 19 7
10 13 5
11 12 9
14 16 14
15 18 9
7 10 20
4 8 9
16 18 2
21 0 12
9 11 29
9 12 22
7 9 30
8 12 10
14 17 19
16 17 23
16 21 20
8 11 18
18 21 26
6 9 9
23 4 18
17 19 12
23 1 10
0 4 14
22 2 7
8 11 15
14 17 16
21 0 2
19 22 24
2 5 12
1 3 8
1 5 22
15 19 12
0 2 2
17 21 28
2 4 32
12 17 20
14 18 7
17 20 32
5 8 22
3 5 23
7 9 31
0 2 1
22 23 2
20 22 15
9 13 23
14 17 11
20 22 32
0 3 22
10 12 26
6 9 18
8 9 21
5 7 1
21 1 18
12 16 4
17 20 32
23 2 30
0 3 24
1 5 31
15 19 3
17 19 4
5 9 19
0 0 32
22 1 9
10 12 13
11 14 28
0 2 24
6 9 27
16 20 15
18 22 1
10 15 12
15 19 14
2 6 21
18 20 26
14 17 13
21 0 22
9 12 15
19 21 3
20 22 24
6 8 7
11 16 10
21 0 2
2 3 16
8 12 3
11 13 13
19 22 7
21 1 19
5 7 1
20 22 20
19 23 18
16 21 26
2 7 7
20 22 26
8 11 3
8 12 1
16 18 20
0 2 19
17 21 16
20 23 19
0 1 4
3 6 9
10 13 10
16 18 26
1 3 7
5 8 26
18 21 18
10 13 28
19 21 10
23 3 13
7 9 22
22 1 6
5 8 18
12 13 6
21 22 13
23 3 33
8 10 13
11 14 14
8 10 26
23 2 20
17 20 4
4 6 28
23 3 8
6 11 3
19 22 9
3 7 18
10 16 28
18 20 7
20 0 31
14 18 9
9 13 16
8 11 9
5 7 25
12 16 6
7 11 17
20 23 4
21 1 6
2 6 19
21 23 8
8 11 33
8 11 1
16 19 25
14 16 11
5 7 16
16 19 31
6 10 17
11 14 8
16 17 4
20 1 2
1 3 14
6 9 19
19 23 33
13 17 11
10 13 19
6 10 27
7 10 20
7 11 11
12 16 17
11 15 28
9 12 31
5 8 23
1 4 9
11 15 23
15 18 15
9 10 19
1 5 8
14 18 2
7 11 14
21 0 12
12 14 26
3 6 19
13 16 17
21 0 18
8 9 12
15 19 18
17 18 18
22 1 29
7 10 33
2 7 10
6 8 8
18 23 18
11 15 18
9 11 11
12 14 3
8 9 20
8 11 19
11 14 23
5 9 11
2 7 18
4 6 2
14 17 13
2 5 24
2 6 14
20 22 1
17 21 10
11 14 22
3 4 4
1 5 30
2 5 13
9 12 29
7 9 11
9 10 20
19 22 31
5 9 28
18 20 4
7 11 25
17 18 15
21 1 1
2 4 3
20 22 7
16 18 4
7 8 12
22 1 31
9 11 25
17 20 26
14 18 21
0 4 26
14 14 32
9 13 19
8 12 27
15 18 25
21 0 21
11 14 24
15 17 20
1 3 25
9 12 4
8 10 16
20 23 7
7 11 18
1 4 10
3 7 8
3 7 26
20 0 24
20 23 26
9 12 27
22 1 1
23 2 16
9 14 32
9 11 26
1 4 17
3 6 9
6 8 24
15 18 22
11 13 28
18 21 27
18 21 27
15 19 3
20 23 29
18 19 14
1 4 32
9 10 32
22 1 7
13 15 10
5 7 14
5 7 10
9 12 5
19 21 16
18 21 31
0 5 32
10 15 14
12 14 24
5 8 16
22 1 3
21 0 22
4 7 22
1 3 33
4 8 22
20 0 16
6 9 6
13 15 6
20 23 29
21 23 27
2 5 1
3 7 17
10 14 27
22 1 7
17 19 18
18 21 11
19 1 14
19 21 30
2 6 17
18 21 19
8 13 3
10 12 12
15 18 14
5 8 8
17 20 2
20 23 30
8 10 14
0 3 2
10 14 33
20 0 14
6 9 9
4 7 28
19 19 6
6 9 21
11 13 14
8 12 21
9 11 4
1 3 4
11 12 25
15 18 20
11 12 33
9 11 13
21 0 33
10 14 8
11 15 32
21 0 28
17 21 25
7 10 10
21 0 26
9 12 13
20 23 10
12 15 19
6 8 9
14 17 16
20 1 10
9 12 15
20 21 31
16 18 25
21 0 13
20 21 9
16 20 10
15 19 3
3 6 15
23 1 24
18 23 23
22 0 22
10 14 12
7 9 13
8 11 7
14 16 4
10 14 13
21 1 8
4 6 1
3 8 27
15 17 27
6 10 32
11 13 13
22 1 29
10 13 11
12 14 8
20 23 15
3 6 2
13 16 12
11 13 8
17 20 15
2 5 11
9 11 7
10 13 21
5 8 26
22 1 32
12 14 1
5 7 1
4 9 4
9 11 2
19 23 25
21 23 15
22 1 8
1 4 15
8 11 12
0 3 17
20 23 4
4 7 25
16 18 13
9 10 33
2 5 1
5 8 24
13 17 24
23 2 29
21 0 18
20 22 18
9 12 15
17 19 21
6 10 28
7 10 31
11 13 23
7 10 23
1 4 11
2 5 10
1 4 30
6 8 26
14 16 4
14 17 11
13 16 28
14 16 15
20 23 10
4 7 23
0 3 30
12 14 6
19 21 13
2 4 8
17 22 25
18 21 25
23 2 18
3 6 17
15 20 23
17 20 30
14 17 5
2 5 4
9 12 33
3 6 1
23 2 25
14 17 8
1 8 13
12 15 27
21 0 5
3 5 25
14 19 17
13 17 31
17 20 1
8 10 17
1 6 9
23 3 25
16 20 2
17 21 31
19 21 24
22 2 11
20 23 32
22 1 12
5 9 16
9 9 17
4 7 19
5 9 22
10 12 15
15 16 1
5 8 3
1 4 10
17 20 9
14 16 31
23 3 27
22 1 19
5 9 22
16 18 18
14 18 13
22 3 22
8 10 14
7 10 21
19 22 22
9 13 13
22 2 31
6 10 28
9 11 11
4 7 3
3 5 10
23 1 28
13 16 25
0 3 18
0 2 18
6 9 8
14 17 32
22 2 2
22 1 18
21 1 28
17 19 21
3 6 23
22 0 14
3 7 16
8 11 3
12 15 31
1 4 3
2 6 16
11 14 8
11 15 20
6 9 31
4 6 19
17 19 7
0 3 20
13 17 18
22 0 17
11 13 16
11 13 2
0 3 12
1 6 15
5 7 33
17 22 29
21 2 15
13 14 20
5 9 24
15 18 2
21 2 23
13 16 32
0 3 19
0 3 32
20 22 8
20 22 17
22 1 1
18 22 15
22 0 31
17 20 8
9 12 32
21 0 18
5 8 6
22 2 6
0 3 24
23 2 24
20 1 3
17 20 12
19 22 16
16 19 24
11 14 14
20 22 24
5 7 16
8 11 32
10 13 25
12 16 30
7 9 33
1 4 26
8 11 24
3 7 19
4 7 11
17 21 8
5 8 24
10 14 13
9 12 16
17 19 11
20 21 23
0 4 3
11 14 12
18 21 30
4 8 28
0 4 1
8 12 5
12 14 31
15 19 4
14 17 7
2 5 2
0 2 17
10 14 25
1 3 2
16 18 11
0 3 8
22 1 1
1 2 32
5 8 7
3 8 2
16 20 13
18 22 3
10 13 29
20 23 18
18 20 25
4 9 15
16 17 11
13 16 32
1 4 22
12 13 4
8 9 21
15 18 13
5 8 6
2 5 10
14 16 32
21 3 15
22 3 16
18 23 31
11 13 1
17 20 19
10 13 23
11 16 30
15 19 33
5 9 8
23 2 22
4 6 33
11 14 7
17 20 20
15 18 8
14 18 15
17 20 16
7 9 25
2 7 26
17 19 16
1 4 32
10 13 23
18 21 14
14 17 22
8 12 32
14 17 12
18 22 25
8 11 16
12 16 25
18 21 25
10 12 10
0 3 20
8 11 33
4 8 6
20 23 6
19 21 20
10 10 28
21 0 8
7 12 28
8 12 14
14 17 12
4 6 9
7 10 32
10 12 29
8 11 32
12 15 10
17 21 17
1 4 30
7 10 1
23 1 1
19 23 20
6 9 13
15 19 25
23 1 10
1 4 25
5 9 25
12 18 3
10 12 6
9 12 6
10 13 33
5 9 1
12 14 27
2 5 27
13 17 32
4 7 12
13 17 28
17 20 15
6 9 9
6 12 27
7 12 33
4 8 33
11 16 30
14 18 9
7 10 4
3 6 27
4 9 6
4 7 20
12 15 1
1 5 21
13 17 20
12 16 26
4 5 33
19 22 17
1 6 31
6 9 3
21 0 12
11 12 1
21 2 19
23 0 18
15 17 9
17 19 15
16 18 5
0 3 6
0 2 29
14 18 17
2 7 22
12 14 5
20 21 8
1 3 27
4 6 17
3 5 27
14 18 6
9 11 2
5 8 22
10 13 5
17 19 21
13 15 26
17 22 26
20 23 29
15 17 24
15 17 33
7 12 23
16 20 20
3 7 19
0 2 23
18 21 25
19 22 18
16 20 30
16 18 20
19 22 25
8 9 24
19 23 8
14 18 10
19 20 31
13 16 20
16 20 20
2 5 27
20 22 23
10 13 33
16 20 18
4 6 9
9 14 5
21 22 22
21 0 10
6 9 26
3 6 11
14 18 6
3 6 24
5 8 13
4 7 14
15 17 1
2 5 26
5 7 2
19 23 20
20 22 23
10 13 19
21 0 5
13 16 32
12 16 2
23 1 2
6 10 12
0 3 14
1 4 16
4 6 22
2 5 3
22 2 20
12 15 33
14 17 21
3 6 23
3 6 17
1 4 31
23 1 2
18 21 14
7 10 10
14 18 2
11 15 9
17 20 6
4 8 26
19 22 10
19 22 31
4 7 3
22 1 1
4 6 9
1 5 19
20 23 26
11 13 6
7 10 21
14 18 24
14 17 27
4 8 13
6 11 8
12 13 18
3 7 12
13 14 2
20 22 15
16 19 28
16 19 25
19 22 19
21 1 2
0 2 20
7 10 1
19 23 22
9 12 25
3 5 6
17 21 12
20 22 31
8 12 14
19 23 30
22 2 33
0 3 32
7 10 4
3 5 33
8 10 15
1 4 26
4 6 5
19 22 23
5 10 32
3 5 14
16 20 9
18 20 9
22 23 17
5 8 30
22 2 9
9 11 27
14 18 22
12 15 1
12 15 15
13 16 14
20 23 18
15 17 21
6 10 23
21 1 3
18 20 1
20 0 14
0 4 20
17 20 16
8 10 4
18 22 28
14 18 15
20 23 11
17 21 32
5 9 24
11 14 14
12 16 20
14 17 20
0 3 7
13 16 10
18 23 17
15 17 20
1 5 26
21 23 26
23 2 27
12 15 6
18 22 15
14 16 14
6 8 26
8 10 33
14 17 26
7 12 14
6 10 18
0 2 22
13 16 2
2 4 24
1 6 15
8 10 30
13 16 7
10 13 22
20 0 8
22 1 23
18 22 1
0 4 31
12 16 10
8 10 15
20 23 9
18 22 32
22 1 28
13 17 21
11 15 15
8 9 16
14 17 23
21 1 20
20 0 2
20 0 19
14 18 30
4 6 21
10 13 23
14 18 6
7 10 16
5 8 6
16 19 23
22 1 21
4 8 15
15 17 9
10 12 21
14 18 10
6 8 4
14 18 16
14 18 26
21 2 7
2 7 6
2 4 21
17 19 14
7 9 14
13 17 15
12 15 10
2 4 14
9 13 20
1 3 25
4 7 27
22 0 6
11 15 11
8 11 25
13 17 28
14 17 13
20 22 9
13 16 13
15 18 28
4 8 11
19 21 4
8 11 19
7 9 33
18 21 13
21 2 3
19 22 25
15 17 23
18 22 19
13 18 14
6 9 21
7 11 14
2 4 32
0 4 7
1 5 11
18 21 18
2 4 29
14 18 6
21 23 10
5 6 28
8 12 15
6 10 27
12 14 4
12 14 7
2 5 22
4 8 9
6 10 3
12 17 1
15 18 21
5 9 25
12 16 14
20 23 23
11 14 20
4 6 12
0 2 29
10 13 18
19 21 12
3 6 31
11 14 15
21 23 33
3 5 29
22 0 10
7 9 20
14 17 26
8 10 13
5 6 30
17 19 7
12 14 7
13 14 11
9 10 23
14 17 10
12 15 26
23 1 22
23 3 31
20 23 3
7 11 14
20 22 32
20 22 13
11 13 28
11 16 15
14 17 19
18 19 11
15 21 9
17 22 19
10 14 10
5 8 10
9 14 32
7 10 5
13 15 31
6 8 2
11 14 29
22 0 12
23 1 24
11 14 19
8 13 31
13 16 7
14 16 9
12 16 5
0 5 29
22 1 24
19 20 22
20 0 32
1 5 4
1 6 31
8 13 21
23 3 32
0 5 9
9 12 31
11 14 19
16 19 8
4 8 6
18 23 23
20 22 15
14 17 11
21 1 8
12 17 10
15 18 33
13 15 7
12 17 5
1 4 3
6 9 30
1 3 19
20 0 32
4 8 2
7 9 14
15 16 31
22 1 26
0 3 21
22 0 11
21 0 3
15 16 31
11 14 17
1 5 6
23 3 30
23 3 10
9 11 33
20 23 21
12 15 3
18 21 22
4 7 19
5 10 32
17 20 20
10 13 17
2 5 8
7 10 4
8 10 5
23 3 7
18 23 23
14 18 18
19 23 24
10 12 25
21 0 26
6 10 1
20 1 1
2 5 8
11 15 12
9 14 32
22 23 31
7 10 6
8 12 28
0 3 33
1 4 20
7 9 28
15 16 13
1 5 18
6 9 11
22 3 2
19 22 3
2 6 14
7 8 9
10 13 28
20 21 13
2 4 5
21 23 17
1 4 12
10 12 8
1 5 14
0 4 29
15 16 8
16 22 27
11 14 30
16 19 20
6 9 16
15 19 20
22 0 11
12 16 2
18 21 1
11 13 17
0 2 32
10 11 3
15 19 27
18 20 24
16 19 6
7 11 24
1 3 3
23 2 12
8 10 10
7 11 16
10 11 32
20 1 13
7 10 18
23 2 20
2 6 8
6 10 16
21 0 16
1 5 1
20 0 26
11 16 4
16 18 2
10 14 4
22 0 7
11 13 21
14 18 30
8 13 33
19 22 28
15 17 32
9 12 24
13 18 21
12 16 11
17 20 18
4 7 21
15 18 27
5 10 7
8 11 15
13 18 11
6 10 25
22 1 28
7 9 19
6 9 29
7 10 19
12 14 20
12 14 3
6 10 18
19 0 2
21 23 19
23 2 10
12 15 24
20 23 18
12 16 23
10 13 29
21 0 9
5 8 17
17 19 10
15 19 18
21 0 30
13 16 3
11 13 8
17 21 7
20 22 4
16 17 10
20 20 12
20 0 23
18 21 3
19 20 30
6 10 18
14 17 23
2 5 1
10 12 28
4 8 33
2 5 29
10 12 14
20 0 14
9 11 14
2 4 9
23 2 23
21 0 24
0 2 3
19 23 2
15 20 7
19 22 24
4 8 4
12 15 18
18 20 24
3 5 24
7 8 8
19 22 13
4 6 23
7 10 19
5 10 26
19 22 15
19 23 25
21 0 15
16 20 22
3 5 27
6 8 17
2 6 1
19 22 26
18 21 11
0 2 24
12 14 22
21 0 22
6 9 27
9 11 3
6 10 2
9 12 16
4 6 4
20 23 29
2 7 26
17 22 8
22 1 4
5 8 24
7 10 2
22 0 25
2 5 22
8 11 30
16 19 29
0 3 23
8 12 25
22 2 8
14 16 21
0 4 30
15 17 26
6 10 2
22 2 2
23 3 16
15 19 6
3 7 28
15 19 24
20 22 14
5 9 29
17 20 17
6 9 32
3 7 22
20 22 12
13 15 9
11 15 2
21 0 25
14 16 15
6 10 9
13 15 1
7 10 19
19 20 30
6 9 21
0 3 21
9 13 25
17 20 20
23 2 30
0 4 6
21 0 32
20 1 8
6 9 6
12 15 7
1 6 16
16 19 13
18 21 14
8 12 29
13 18 4
8 11 31
6 8 27
18 20 27
18 22 6
23 3 25
14 18 5
21 0 31
9 13 6
5 6 5
15 19 6
0 4 7
21 0 3
10 13 4
4 6 6
21 1 21
11 14 11
5 7 1
11 15 26
10 14 16
10 13 8
8 10 20
22 0 12
11 14 24
4 8 14
12 15 20
15 18 16
9 12 28
19 21 13
10 12 12
6 9 18
12 15 18
19 21 9
8 12 13
14 17 19
8 10 2
9 11 6
2 5 10
19 21 33
3 6 2
2 5 29
11 14 19
1 5 3
7 11 24
14 18 32
3 6 29
15 19 3
13 18 21
15 19 4
17 20 13
22 0 5
10 14 27
23 1 6
16 18 26
6 7 8
11 15 27
19 22 5
1 3 17
2 4 21
13 16 22
7 9 3
2 5 9
5 8 28
22 1 17
21 23 22
15 18 5
14 18 29
5 9 11
13 15 32
14 17 5
9 12 26
1 5 4
23 4 14
14 16 28
2 7 30
1 4 8
22 3 13
22 1 7
4 8 19
20 23 4
11 14 33
7 11 6
4 8 28
6 9 28
6 9 28
3 6 7
0 3 14
20 22 10
1 3 33
20 22 4
5 6 22
11 14 11
0 3 26
6 9 12
11 13 24
14 16 3
8 12 7
22 2 19
5 9 4
5 8 28
12 16 13
1 3 31
20 23 29
5 8 4
1 5 18
8 13 3
13 14 31
20 0 33
16 20 21
16 20 27
10 12 10
22 1 31
14 18 21
5 7 4
14 18 23
4 5 12
18 20 14
18 21 21
14 18 23
20 23 30
15 18 27
14 19 20
21 0 9
17 20 17
4 6 19
8 8 13
16 17 16
4 7 26
20 23 7
2 6 32
22 1 8
0 3 30
2 6 32
3 6 24
17 20 13
2 5 16
17 20 13
22 2 24
22 1 28
10 12 3
12 16 19
16 18 24
6 11 5
8 11 19
3 7 16
10 15 8
2 5 21
4 6 26
4 6 9
20 0 30
22 2 12
15 18 29
9 11 24
12 15 7
9 12 24
9 12 32
19 22 28
3 6 33
13 16 15
3 6 25
15 20 32
10 12 21
13 17 20
11 13 6
13 16 12
12 16 15
17 20 1
3 6 20
13 15 29
18 21 4
11 14 33
6 7 11
3 7 30
2 7 8
16 19 16
13 14 29
11 12 4
16 20 11
21 1 7
16 17 4
2 6 9
5 9 26
5 9 15
23 3 10
22 1 7
16 19 30
20 22 22
13 17 3
22 1 19
3 6 31
20 0 16
9 10 31
19 19 15
6 8 27
3 6 27
3 6 29
18 22 23
11 14 22
6 8 10
4 8 28
10 13 9
11 13 30
19 22 25
21 22 7
5 9 14
8 11 15
11 13 11
22 2 27
4 7 4
18 21 1
4 8 14
22 2 33
16 18 10
20 23 13
1 3 25
19 20 7
4 7 22
1 3 33
11 15 4
20 0 18
22 23 18
6 9 11
11 13 26
7 9 4
0 4 2
6 8 21
16 18 10
19 21 22
16 19 24
5 10 2
7 9 3
1 3 32
12 14 4
20 23 26
9 12 10
20 22 25
8 11 18
15 18 14
6 9 10
4 7 26
4 6 2
9 12 32
12 14 6
14 19 24
9 11 10
9 12 11
9 12 13
16 16 19
19 22 10
6 9 20
12 15 15
22 1 22
7 11 2
1 4 29
5 8 27
20 0 26
13 16 23
16 19 31
7 10 5
15 17 11
15 18 19
8 14 25
23 3 31
22 0 32
20 0 15
22 1 21
8 10 19
12 15 19
14 16 5
1 5 7
11 14 21
9 13 22
18 22 33
20 23 9
1 4 26
15 17 6
17 20 6
12 16 27
13 13 10
11 14 19
8 11 18
1 2 18
9 12 20
2 5 12
7 10 13
2 4 18
15 18 4
16 22 17
1 4 23
21 23 6
5 9 7
17 21 33
19 23 3
1 3 2
7 11 31
19 21 13
5 9 13
9 14 5
3 6 5
15 18 26
21 2 11
14 18 31
5 7 6
9 12 6
8 11 32
19 22 20
2 6 26
17 20 13
23 1 33
7 11 10
11 16 29
1 5 17
2 4 27
1 5 4
11 14 26
14 16 29
3 4 3
15 19 8
3 6 24
18 23 26
10 14 16
21 0 14
7 9 21
19 23 8
3 6 20
12 13 28
10 14 8
18 23 9
7 9 26
14 17 11
17 19 23
13 16 4
14 18 19
14 17 28
21 0 4
15 19 32
12 14 4
14 17 1
5 5 28
8 12 20
18 21 10
5 9 13
13 17 20
23 3 2
2 5 27
17 20 2
3 7 27
1 5 24
19 22 12
6 8 8
5 9 10
19 23 14
2 5 6
11 14 4
17 20 17
14 17 8
12 16 24
12 14 18
20 23 12
23 2 12
2 5 18
10 13 15
10 13 31
13 15 8
9 13 15
19 23 33
20 23 14
6 8 18
18 21 1
13 15 30
1 2 15
19 21 29
13 15 17
4 8 6
17 20 8
18 21 29
23 1 21
9 11 25
18 22 17
23 1 24
11 13 31
11 14 21
11 15 5
22 0 33
7 10 21
4 9 2
4 8 20
22 23 19
20 23 3
5 9 9
12 15 10
4 8 28
5 9 21
3 5 15
15 18 31
9 14 31
18 18 6
23 1 3
17 19 7
15 18 8
15 17 17
4 7 27
0 5 13
10 15 16
10 12 5
8 11 15
17 19 19
20 22 11
15 15 19
4 5 4
5 9 30
11 13 11
19 22 11
22 0 2
1 5 4
13 16 27
19 23 16
14 18 6
10 13 31
7 10 14
16 18 25
12 12 30
16 20 1
15 19 1
12 15 19
22 0 22
22 0 18
14 17 20
7 10 28
3 3 26
5 10 12
5 7 27
3 4 2
15 18 26
1 3 24
5 9 5
6 8 1
2 4 30
12 13 17
14 14 2
19 22 3
21 1 30
6 6 17
5 9 15
3 6 17
0 3 13
1 4 15
11 15 18
17 21 7
15 18 2
19 23 31
8 9 27
18 20 5
16 19 20
5 8 17
19 0 32
7 10 15
10 13 5
10 12 14
14 16 8
2 6 11
21 0 22
20 23 16
22 1 24
5 6 6
10 14 28
4 6 25
1 4 3
19 23 22
8 11 29
0 3 14
20 1 4
14 19 30
22 0 31
13 14 19
23 2 23
10 14 23
5 6 18
11 13 32
19 21 15
16 20 16
1 4 9
1 3 2
1 2 14
12 14 14
17 21 12
9 12 27
22 1 33
6 10 16
15 20 4
11 16 11
10 12 14
13 16 20
12 15 3
21 23 5
4 6 16
9 9 9
22 0 20
7 11 27
7 10 18
4 7 32
7 10 24
6 9 13
9 12 24
15 18 9
14 17 26
6 9 29
1 4 9
4 8 2
2 4 1
11 15 6
12 15 32
0 3 33
9 11 28
15 18 19
2 4 23
21 0 12
13 16 17
2 3 2
12 12 20
1 4 33
0 3 1
18 23 9
3 7 1
16 19 31
5 8 31
7 10 7
2 6 25
11 14 6
18 21 12
17 21 16
7 11 17
23 1 32
5 7 4
21 0 25
4 7 21
2 5 5
9 11 1
21 0 20
21 0 24
16 19 9
9 13 26
10 12 29
14 17 13
15 17 27
14 16 20
10 11 4
3 7 14
10 13 20
23 4 16
3 7 19
3 7 24
10 14 14
10 14 4
2 5 26
11 14 28
0 4 7
10 13 5
0 3 31
15 18 29
3 7 27
6 9 29
10 14 4
5 7 18
9 13 26
13 16 32
23 1 29
4 6 31
2 6 13
6 10 13
1 3 19
8 12 31
21 0 8
1 4 8
22 1 12
19 22 20
3 5 20
7 10 11
16 19 15
7 11 30
2 6 19
18 20 26
18 21 19
2 6 12
1 5 26
10 13 29
12 15 14
15 18 12
18 21 28
15 18 9
12 15 4
14 18 29
6 9 31
18 22 20
20 0 31
14 18 20
2 6 18
11 13 29
18 21 10
19 22 5
5 9 10
13 16 6
8 12 31
14 17 12
8 11 20
3 7 27
16 19 16
19 0 3
10 14 33
8 12 13
7 12 7
3 7 14
18 20 18
18 22 16
2 4 23
14 16 5
5 9 1
8 12 8
21 23 16
7 10 32
18 20 15
15 17 1
21 0 28
3 5 10
23 4 5
1 4 6
6 9 7
23 0 2
10 12 3
21 0 32
12 17 28
4 7 23
6 10 25
3 8 10
0 2 24
18 21 28
18 22 25
22 0 25
23 0 27
2 3 18
16 18 20
3 6 23
18 23 30
0 3 23
15 16 27
11 14 6
9 12 28
8 11 21
18 20 8
13 14 11
1 2 23
8 11 31
0 5 27
21 23 32
21 1 8
19 23 19
4 6 9
1 5 3
20 21 15
3 7 9
5 8 6
5 9 8
20 23 26
3 6 28
13 16 18
5 8 28
14 17 24
19 21 14
15 18 4
23 0 9
2 5 3
18 19 9
16 19 24
6 7 14
20 22 27
21 1 6
3 6 20
18 22 24
4 5 19
11 14 24
22 1 28
21 0 19
21 23 15
23 2 13
1 5 18
4 7 23
13 16 31
1 4 8
23 2 7
4 5 18
23 2 3
1 4 27
9 13 10
20 22 11
1 4 11
17 18 25
10 15 2
4 8 1
0 1 30
21 1 11
2 3 28
22 1 13
5 11 28
8 12 31
18 20 19
15 18 5
8 12 11
19 21 24
9 13 13
2 5 12
8 12 14
19 23 32
3 5 21
11 15 19
17 20 33
3 6 22
18 20 13
12 12 11
22 1 25
19 22 16
0 4 10
11 14 3
21 22 19
14 16 31
10 15 7
9 13 3
4 7 7
16 21 32
15 19 21
4 6 28
19 20 8
4 7 23
16 18 12
7 11 24
9 12 12
9 12 5
3 5 21
10 11 8
22 23 5
10 12 3
5 8 18
9 11 9
19 22 9
3 4 18
2 6 13
19 0 20
17 18 22
22 1 15
17 20 28
9 11 11
18 20 4
14 17 18
2 5 28
21 1 21
17 20 14
4 7 23
5 9 16
21 21 7
1 4 14
13 17 24
3 5 20
6 8 20
21 23 4
22 2 13
4 9 27
9 13 6
23 4 28
3 5 17
21 23 8
14 17 32
19 21 31
0 4 12
1 4 23
9 10 6
5 7 32
7 9 2
1 6 11
12 15 17
14 17 15
2 6 12
11 15 8
18 21 32
15 19 27
9 12 32
17 19 31
23 2 14
7 10 10
7 12 33
22 1 10
7 11 22
17 20 11
12 15 33
7 12 18
16 20 14
5 9 16
12 16 6
6 7 9
0 2 8
12 14 22
10 13 5
18 21 1
4 7 20
22 2 23
12 15 12
7 9 28
8 12 23
18 20 4
23 4 6
6 9 11
12 14 4
22 1 21
16 19 2
18 19 21
2 4 15
2 4 28
13 14 28
9 13 4
8 11 20
4 8 31
21 23 7
7 10 32
6 8 26
21 0 9
17 21 22
14 18 9
3 6 29
19 22 7
9 12 16
22 2 21
0 4 31
13 17 18
8 10 10
17 20 23
21 1 11
4 6 8
18 22 10
3 6 24
23 3 32
14 17 17
5 8 19
10 13 23
4 5 3
14 17 11
14 17 3
19 22 6
8 11 7
0 5 4
20 21 32
16 20 28
23 1 33
7 11 7
19 21 5
18 21 9
14 18 30
11 15 22
6 9 24
12 16 4
22 2 10
11 12 31
12 14 12
11 14 9
2 5 32
3 7 5
22 2 19
16 18 2
6 11 27
1 4 16
3 5 13
3 7 13
1 4 4
4 7 2
18 20 1
18 20 19
21 23 31
13 15 25
7 10 7
0 4 29
9 13 31
9 13 30
17 20 16
0 2 28
9 12 5
11 15 23
22 0 7
18 19 28
3 7 18
19 22 1
22 1 33
4 7 22
15 19 6
17 19 26
21 0 5
23 3 10
14 17 1
16 18 27
9 14 16
7 9 31
20 23 16
15 17 16
17 19 1
11 13 3
19 21 15
23 1 16
5 8 11
5 8 5
12 14 10
17 21 27
19 21 10
7 9 29
15 18 16
