6000 41
7 13 28 3 28 35 17 21 25 15 26 41 20 18 33 5 3 10 18 21 5 41 28 7 16 27 6 28 18 31 20 13 7 37 33 19 8 25 5 29 25 
15 18 12
16 20 1
15 17 13
18 21 8
21 0 21
5 8 6
12 14 39
10 12 20
4 7 36
22 1 26
0 3 21
15 19 21
0 3 5
7 11 28
21 0 41
8 10 14
18 21 21
12 14 29
4 6 22
12 14 25
15 18 29
23 3 12
15 17 2
1 4 40
17 19 31
22 1 22
19 0 3
12 14 11
16 20 23
0 3 24
15 18 10
5 8 11
21 0 8
22 0 1
6 8 20
10 16 30
9 12 24
9 11 28
4 6 19
8 12 35
21 3 15
6 8 11
3 7 11
21 1 28
16 18 28
7 11 36
20 23 30
17 19 21
1 4 4
2 6 24
16 19 39
2 6 19
19 22 33
8 11 28
14 16 40
8 12 31
6 9 16
6 10 8
7 9 25
15 18 32
8 12 6
6 10 32
22 2 38
19 22 14
8 10 20
0 1 13
0 4 16
14 18 6
5 9 23
3 8 9
13 15 1
8 11 22
9 14 37
14 16 10
6 10 3
21 1 29
13 17 3
8 11 17
18 18 41
11 14 12
13 15 5
14 17 32
0 2 19
18 20 40
2 5 40
4 8 27
12 14 22
0 3 32
12 16 33
18 21 19
16 19 3
23 1 6
0 2 23
16 18 1
11 14 30
9 12 25
7 13 22
10 12 10
11 14 20
9 9 32
5 10 17
23 0 41
13 15 20
13 15 41
14 17 37
20 23 20
23 1 23
5 7 7
7 10 15
19 22 25
2 5 20
23 2 9
19 22 32
15 18 30
17 21 22
0 2 34
4 6 9
10 12 23
17 21 24
17 21 17
6 9 32
8 11 1
13 16 15
7 10 15
23 2 10
19 22 40
23 2 33
17 20 41
10 12 15
16 19 39
5 9 21
6 9 24
9 12 4
23 2 3
20 0 32
0 3 4
12 15 41
13 18 4
6 10 11
8 10 20
3 6 16
20 23 31
18 21 24
23 0 31
8 12 1
0 4 2
3 4 40
13 14 28
0 3 17
6 8 1
10 14 4
0 4 20
2 5 17
0 -1 6
5 9 7
19 22 41
0 3 6
4 5 34
4 5 32
14 18 25
9 12 12
23 3 12
2 5 9
9 12 26
9 12 17
21 0 16
8 12 27
11 14 25
22 2 37
18 21 17
19 23 24
8 9 1
2 4 17
15 16 7
7 9 5
6 10 14
16 21 17
6 9 18
21 23 31
22 2 31
3 4 40
17 20 24
20 22 1
6 9 28
10 12 18
3 7 31
7 10 2
17 20 30
12 14 32
3 7 38
12 16 11
11 14 19
4 5 28
5 8 25
21 22 11
16 20 16
8 13 35
11 13 2
10 13 6
14 17 28
1 2 22
20 23 24
19 22 23
1 5 37
14 17 17
1 4 15
14 18 16
5 10 31
21 0 4
17 21 35
6 8 13
9 11 38
12 16 17
1 2 18
11 13 19
13 16 19
15 19 39
22 1 5
9 12 18
19 21 39
3 7 40
13 16 4
13 17 24
17 19 20
8 12 12
16 18 34
11 13 41
3 6 19
11 15 12
18 21 30
6 9 17
3 7 4
1 4 26
22 0 18
17 20 21
0 3 3
21 0 29
8 12 7
6 11 20
1 2 33
11 13 41
10 13 4
21 1 18
6 7 21
22 2 30
0 3 36
4 7 13
21 23 6
16 19 7
19 22 27
12 14 2
2 5 36
19 21 11
7 10 19
12 13 2
8 12 2
12 17 5
12 16 3
12 13 40
6 8 22
14 16 22
18 21 9
23 2 8
20 23 2
14 17 39
3 6 35
11 14 9
11 14 3
3 7 40
11 15 39
12 15 16
16 19 35
18 20 22
5 10 36
23 2 24
19 22 29
20 0 7
11 14 20
0 2 12
11 16 9
22 1 30
15 18 10
14 17 29
5 7 29
1 6 12
22 1 21
16 19 25
0 3 24
14 16 20
3 6 30
14 17 4
17 18 26
13 15 36
9 12 6
13 15 10
16 20 25
4 7 16
5 8 29
16 17 12
16 19 39
4 8 18
19 21 23
21 0 24
1 7 32
11 16 8
0 3 10
23 2 26
2 5 39
7 11 36
9 12 38
11 14 24
6 9 18
21 23 31
16 20 25
0 2 32
1 4 26
22 0 1
21 1 3
0 3 10
13 16 32
13 15 36
16 18 34
19 23 39
14 17 24
13 15 1
4 7 7
22 1 10
12 16 36
23 3 3
19 22 11
9 12 39
14 19 19
9 12 2
2 6 18
1 5 40
3 7 41
7 12 2
5 7 32
9 12 12
9 13 3
4 10 39
17 22 9
0 2 30
9 11 37
14 17 25
23 3 18
15 18 37
1 3 20
13 14 41
12 17 19
22 0 27
16 19 8
20 0 17
13 17 30
6 10 18
8 11 25
3 6 1
1 5 4
15 19 13
7 11 28
1 6 20
18 21 32
20 1 29
6 8 18
10 12 30
8 13 35
23 3 15
1 2 15
11 14 21
17 21 35
16 19 5
11 15 17
20 22 20
3 8 36
0 5 10
10 14 20
19 22 23
5 7 18
11 15 22
3 5 40
18 21 20
8 11 7
6 7 12
16 18 15
16 19 21
11 16 9
3 4 19
15 18 11
5 7 4
9 14 16
9 13 16
16 19 40
12 15 23
11 14 25
7 10 4
21 0 29
19 22 8
22 3 3
0 2 35
4 7 12
23 1 25
12 15 28
15 18 1
6 10 32
8 11 17
23 2 30
16 20 37
0 5 39
13 16 27
15 18 20
4 7 3
23 2 35
18 21 10
17 20 13
16 18 1
23 1 16
1 6 37
0 2 23
19 22 10
5 7 35
12 14 1
7 11 22
0 2 23
10 14 30
21 1 24
8 11 8
15 19 27
4 6 4
20 23 21
13 14 18
15 17 29
10 14 16
0 4 33
22 2 3
21 23 35
21 0 6
7 11 40
0 2 18
17 20 13
23 3 33
2 5 22
8 12 41
2 5 31
15 18 11
12 17 15
11 15 25
14 16 37
9 12 13
15 17 21
20 22 36
21 2 35
16 17 5
3 5 41
11 14 8
6 10 22
7 10 3
1 5 5
16 20 39
22 0 40
15 19 8
11 13 14
0 3 22
6 9 11
10 14 18
9 14 14
16 20 40
17 19 38
5 7 16
1 5 17
8 11 10
13 17 9
12 14 18
20 21 25
13 15 12
4 6 27
15 20 20
18 20 24
14 18 33
6 10 3
9 12 18
18 22 29
17 21 3
11 15 8
18 21 27
3 5 20
1 6 23
17 20 3
16 20 23
14 18 18
3 6 37
8 11 35
10 14 37
3 5 40
11 13 41
9 11 14
17 17 33
4 7 3
19 22 40
3 7 36
7 10 3
23 2 25
1 5 6
1 3 26
12 17 41
3 7 1
4 7 36
23 3 22
3 8 29
2 4 6
6 10 28
9 11 8
0 3 26
10 13 17
11 13 27
20 22 6
15 18 15
3 6 8
10 12 35
17 20 27
11 14 20
0 4 27
18 19 6
13 17 33
7 11 32
0 5 41
22 1 31
12 15 32
23 2 39
7 10 33
4 6 41
16 19 11
6 10 20
20 22 28
23 3 26
3 6 9
9 11 33
18 20 23
6 9 22
5 9 5
7 12 21
18 21 33
5 7 31
1 4 21
4 8 8
17 21 20
23 2 25
0 4 1
12 15 37
21 0 18
22 1 30
23 2 1
16 17 18
16 20 34
5 7 9
23 3 36
17 20 19
18 21 21
2 6 15
12 16 16
1 4 24
10 12 4
15 18 7
4 7 23
11 13 27
9 11 39
1 5 26
9 11 24
0 4 12
16 18 38
21 22 38
1 4 24
23 3 8
16 21 33
8 11 35
5 9 4
4 8 8
11 13 10
0 4 6
10 14 5
11 12 7
15 17 22
2 5 10
4 7 5
7 10 28
2 6 20
16 19 32
21 0 41
23 2 41
13 17 33
4 6 29
6 8 26
18 21 11
2 5 12
13 16 3
17 19 3
20 23 23
20 21 13
5 6 37
5 8 1
1 6 12
21 1 33
14 17 35
19 20 32
16 18 18
22 1 1
1 3 34
10 14 33
1 3 10
7 10 8
13 17 4
6 8 21
23 1 20
16 20 2
22 2 24
13 15 3
7 9 34
0 1 35
18 20 22
2 5 1
13 16 18
14 16 28
8 12 18
13 17 14
2 5 8
8 13 11
0 2 39
10 11 17
9 12 13
11 15 37
14 18 28
14 16 1
3 5 2
7 11 1
0 3 17
9 11 40
12 15 25
18 23 28
21 1 20
5 8 17
9 11 41
6 8 12
8 11 16
17 19 20
20 22 12
1 7 14
15 18 23
8 11 25
6 11 19
17 21 2
18 20 34
17 19 16
12 15 39
22 3 37
16 19 25
17 19 29
2 6 4
0 5 2
19 22 37
4 6 19
10 12 20
4 6 35
17 21 34
19 23 15
3 7 27
6 8 5
3 5 5
13 16 22
21 1 11
20 21 33
3 5 25
15 20 26
6 7 29
20 22 20
3 4 28
3 6 24
21 1 23
12 17 18
8 11 32
2 6 31
0 3 19
7 12 13
7 9 26
16 19 39
23 3 28
23 2 24
15 17 38
21 23 39
18 19 20
18 22 3
5 8 28
22 0 34
16 18 4
22 1 3
5 8 10
20 22 25
3 8 3
9 12 12
8 11 37
14 19 40
7 11 18
22 2 29
9 13 24
4 7 24
6 8 24
1 4 26
11 14 19
3 5 2
5 9 30
3 6 30
20 0 27
9 10 13
3 8 1
2 6 19
8 11 19
15 16 16
2 6 27
10 13 3
9 10 23
20 23 23
7 12 13
7 10 5
22 3 24
23 2 22
7 10 21
2 5 35
10 14 29
5 8 34
8 12 22
8 9 9
11 15 7
11 13 16
6 6 14
12 16 10
18 20 27
11 14 24
14 16 41
11 13 21
6 9 32
2 6 1
9 11 10
14 16 30
20 23 21
10 14 12
1 4 41
17 20 8
4 7 18
14 16 31
4 6 29
15 18 7
20 23 18
9 11 24
11 14 21
2 5 13
18 20 10
4 8 11
20 23 21
23 2 23
23 3 36
6 9 34
6 10 27
21 1 30
4 5 19
11 14 3
23 3 41
20 22 26
20 23 10
12 15 4
2 5 35
7 12 35
8 10 19
23 2 15
15 17 25
18 20 6
19 21 5
11 14 22
8 10 6
2 5 24
3 5 22
11 14 27
4 5 35
2 3 15
16 18 32
15 16 24
8 9 20
23 4 1
5 9 6
1 4 40
15 18 38
10 14 30
4 8 40
6 8 19
2 5 38
23 2 13
10 13 28
4 8 1
16 19 31
16 19 24
8 12 19
15 18 29
23 4 16
11 15 22
10 13 21
10 14 15
13 17 41
11 13 39
21 23 16
17 19 36
18 21 3
12 16 27
16 20 38
18 19 1
3 8 41
0 3 24
20 23 9
11 16 40
22 1 36
11 14 24
12 14 6
20 23 5
12 16 13
13 15 8
4 5 40
12 17 37
10 13 13
4 8 40
7 10 39
2 5 11
2 5 7
7 9 29
23 2 30
5 9 30
0 3 10
10 13 36
6 9 26
5 9 14
9 14 37
14 17 25
22 0 24
2 7 10
6 8 28
18 0 38
20 0 40
15 19 28
7 10 19
10 14 35
1 3 18
19 23 24
20 0 18
14 16 14
15 18 22
4 8 7
0 3 2
23 3 15
11 15 9
5 7 16
18 22 7
1 5 21
15 18 12
2 5 31
1 4 26
16 19 19
9 11 5
18 21 4
5 7 32
15 17 3
9 12 29
14 17 10
13 16 39
8 11 8
15 17 38
12 14 17
16 18 4
1 3 32
15 18 38
14 17 23
17 20 41
20 22 30
12 16 29
7 9 3
13 18 30
18 21 23
11 13 38
12 16 7
19 21 37
19 22 30
19 22 28
17 20 35
7 10 7
14 17 15
1 2 4
17 20 2
16 19 26
15 18 13
21 0 13
10 13 4
12 14 29
15 19 1
18 20 32
23 2 29
18 21 22
12 13 10
15 18 14
20 0 18
1 4 6
18 18 3
19 23 40
19 21 22
4 7 23
2 4 24
1 3 5
6 10 27
12 15 23
17 21 16
18 22 7
11 14 35
18 19 31
22 0 39
13 16 25
8 8 27
23 4 11
13 16 11
10 13 41
22 1 31
11 14 34
15 19 37
3 6 33
11 12 39
14 18 30
12 14 22
15 19 1
19 22 36
21 23 22
16 19 2
6 10 18
20 20 13
4 6 22
5 7 17
6 9 13
23 2 32
20 23 2
0 2 10
10 13 24
2 4 40
14 16 13
21 0 29
19 21 24
4 8 7
15 17 8
13 17 9
23 1 20
12 17 40
13 15 8
3 5 38
0 2 23
11 13 30
9 13 41
22 1 32
10 12 9
13 17 36
12 16 32
11 15 7
19 23 37
18 21 35
19 23 15
2 5 36
22 3 31
16 19 24
4 8 24
1 4 36
3 7 36
17 20 10
11 15 14
14 16 39
19 21 14
10 13 8
6 7 33
0 4 30
1 5 18
7 12 4
11 14 21
19 21 1
8 10 36
22 0 37
10 13 17
21 0 23
12 15 11
14 16 20
5 8 29
13 14 20
2 5 35
2 4 21
11 15 31
18 22 27
8 11 24
14 16 28
13 18 40
3 6 26
16 18 21
22 23 20
2 5 11
15 20 33
9 12 34
14 17 9
9 13 31
21 0 25
2 6 3
23 1 27
13 14 4
13 16 38
18 22 7
19 21 39
6 8 29
20 23 3
16 17 20
21 1 6
9 11 33
14 18 10
10 12 17
18 22 9
12 16 16
10 13 7
2 4 39
8 12 1
0 3 1
1 5 1
21 0 7
4 7 15
22 2 41
19 23 4
19 20 8
9 13 3
13 17 23
5 7 15
23 2 36
18 20 36
23 3 29
12 17 38
1 4 25
18 19 8
1 4 2
17 18 25
3 6 38
1 4 29
22 0 19
10 12 34
8 10 7
12 15 18
2 6 4
20 0 37
6 7 2
23 1 38
5 9 28
8 10 5
4 6 10
6 10 23
22 0 23
6 11 33
3 7 6
13 15 39
9 11 6
12 15 32
17 21 3
20 22 12
18 21 4
16 20 36
15 20 21
1 5 24
10 13 39
5 8 31
11 14 29
20 22 10
8 12 4
6 8 22
0 3 14
12 15 27
0 2 7
21 23 41
5 7 2
6 9 11
17 20 9
21 0 24
14 17 34
18 20 39
19 23 11
18 20 11
15 17 27
10 11 17
12 15 32
6 6 4
9 13 12
4 7 29
23 1 17
19 21 4
19 22 26
18 22 12
22 1 10
13 16 2
14 16 30
17 20 13
22 1 6
3 5 34
18 22 26
15 19 17
5 7 2
2 5 26
14 17 27
3 7 4
12 14 10
23 3 38
10 12 9
21 0 11
10 12 10
18 23 16
22 1 39
1 3 7
4 5 5
3 6 25
15 16 20
9 10 8
14 17 36
10 13 7
19 23 20
8 11 36
8 11 18
21 0 27
23 2 34
11 14 5
0 3 37
19 22 28
21 23 5
6 9 34
17 18 7
7 10 18
10 15 21
7 10 24
19 22 28
5 8 17
22 23 36
18 22 22
0 4 38
5 9 23
9 13 18
12 15 9
23 2 3
11 14 1
6 9 23
12 14 40
2 7 18
15 19 18
22 1 37
19 21 22
1 4 34
23 2 22
10 13 37
19 22 23
17 19 3
14 17 29
2 5 10
2 6 8
3 7 2
14 17 30
1 3 39
2 3 41
16 15 31
12 16 16
12 15 10
2 4 17
21 0 41
20 1 37
19 20 17
17 19 41
12 15 10
12 14 27
1 4 10
13 16 21
22 1 41
5 9 3
7 10 35
13 17 20
0 4 41
12 16 3
14 19 16
12 15 25
14 18 37
14 15 22
23 3 37
8 11 33
14 17 4
11 14 6
1 2 41
1 4 7
13 16 33
18 20 33
4 8 36
18 20 2
14 15 5
16 20 20
4 7 36
0 4 33
13 16 22
6 8 31
16 18 16
15 18 36
18 23 30
1 3 8
5 7 24
3 6 31
16 18 33
3 7 21
7 10 20
13 15 28
22 1 28
6 7 28
21 23 41
19 22 6
14 18 1
11 15 18
23 2 32
23 1 16
16 18 41
9 12 14
19 22 21
14 15 9
10 13 7
17 20 37
6 10 5
8 11 19
11 14 25
21 23 14
2 4 30
10 13 14
14 16 40
14 17 27
0 3 31
12 15 30
0 4 17
21 1 10
3 7 23
1 4 9
11 15 16
1 3 21
23 4 36
22 3 8
2 6 21
18 22 27
16 19 24
9 11 4
4 9 30
5 6 12
22 2 39
6 7 38
14 17 40
20 23 16
21 23 14
19 22 31
23 4 35
9 14 5
22 1 17
23 2 9
15 18 40
13 16 25
19 21 6
8 11 24
20 22 37
3 7 18
4 8 21
7 11 17
17 20 32
14 18 9
10 13 38
20 23 26
19 23 28
8 10 16
15 19 5
3 8 1
23 2 35
15 19 29
4 8 13
3 5 34
4 7 35
19 22 17
12 16 8
2 6 26
7 11 9
9 12 13
3 7 24
23 2 27
3 8 12
23 1 35
23 3 14
10 13 7
17 21 22
4 10 28
10 14 16
6 9 18
15 18 7
11 14 3
10 13 34
20 0 11
2 3 16
3 7 5
23 1 39
14 18 26
23 4 35
10 14 4
20 23 2
2 5 21
7 10 17
17 21 23
21 1 14
20 23 6
23 2 22
16 20 2
10 14 31
23 2 2
7 10 22
21 21 17
14 18 17
3 6 26
9 10 30
11 14 33
19 21 36
23 1 19
1 5 7
1 3 41
22 23 15
4 8 25
8 10 1
20 22 9
6 11 8
13 18 3
19 21 14
22 1 20
15 18 34
15 16 17
13 16 14
17 19 27
5 8 27
3 3 22
22 4 28
17 22 1
16 19 23
20 23 32
13 17 8
15 18 20
8 11 22
8 11 26
12 14 25
1 3 33
17 19 1
4 7 27
14 16 35
13 18 26
21 23 19
20 22 12
2 6 16
23 0 22
8 10 25
17 20 28
15 17 31
17 20 41
17 19 22
4 6 1
21 23 30
11 15 25
5 8 25
20 22 21
7 11 38
1 3 38
9 10 9
4 7 8
4 7 13
11 14 20
17 20 31
13 18 22
11 14 5
19 22 23
8 10 31
9 11 19
18 21 10
18 19 19
3 7 4
18 22 4
8 12 1
18 22 25
13 17 10
18 22 15
3 6 28
9 13 40
20 22 26
15 18 20
21 0 11
6 9 33
4 7 10
12 15 36
8 11 20
21 1 6
5 7 36
12 15 38
6 7 29
19 20 41
0 3 19
20 23 13
17 20 18
11 15 28
17 21 7
17 19 23
18 21 35
7 12 35
21 1 12
23 3 19
8 10 27
9 14 5
23 2 1
5 7 5
6 9 36
14 16 38
7 9 22
12 14 12
19 21 31
6 9 10
7 11 11
1 3 33
21 23 39
12 16 30
14 15 13
20 23 31
21 23 16
4 5 11
22 0 28
18 22 20
23 1 17
0 2 23
16 20 20
13 16 31
7 10 6
19 21 2
23 3 41
19 0 23
13 18 36
14 17 29
0 3 10
23 3 20
18 20 36
18 21 19
13 16 2
5 7 24
4 8 3
13 15 24
7 10 15
8 11 9
23 2 33
3 5 39
17 19 3
10 14 17
6 9 38
8 11 41
6 9 38
2 5 28
12 16 2
20 21 22
20 23 10
13 19 16
6 7 35
12 15 27
21 1 8
11 12 32
18 22 31
17 21 39
3 8 35
18 21 1
13 16 33
16 19 31
2 6 8
1 5 23
4 7 13
3 6 18
20 0 30
5 7 9
17 20 3
10 12 32
18 20 39
14 17 34
19 21 35
18 22 1
12 15 28
14 17 7
22 2 41
8 11 10
21 0 29
23 4 17
21 2 29
20 23 34
6 9 15
22 2 20
14 17 11
14 17 28
6 8 31
14 17 32
9 12 3
21 0 30
20 22 36
16 20 26
10 12 20
22 1 38
8 11 23
8 12 13
20 23 25
2 6 28
15 18 2
1 6 26
5 8 25
20 22 29
16 17 11
18 19 15
17 21 33
21 0 22
15 19 9
2 5 41
0 3 13
15 18 31
8 11 9
6 9 29
19 22 16
4 6 18
23 4 25
5 9 16
17 21 33
4 8 20
4 7 1
16 18 11
0 3 19
10 14 7
1 4 1
5 9 20
15 17 9
9 12 34
16 19 27
3 7 4
16 18 25
17 21 8
11 15 9
14 17 14
9 12 23
1 5 27
9 12 7
0 3 11
18 20 36
23 23 4
5 8 34
8 12 33
7 12 41
2 5 19
11 13 20
10 14 20
14 16 6
6 7 25
16 18 6
15 19 25
22 2 31
12 14 39
3 6 7
17 22 37
19 22 16
7 12 37
9 12 27
22 0 33
12 14 12
3 5 29
22 0 19
4 7 25
10 13 11
4 6 8
20 23 8
12 14 21
19 23 27
7 9 22
0 0 27
7 11 19
6 8 36
3 7 12
9 11 22
22 1 40
4 6 38
4 5 8
18 21 6
13 14 1
19 0 16
3 5 21
4 7 25
6 10 3
23 2 27
23 2 40
7 10 40
22 3 21
22 3 32
7 8 7
11 12 26
6 9 8
20 21 34
21 23 28
17 20 41
11 13 29
4 7 28
4 7 21
7 9 26
10 13 27
18 21 28
1 5 5
15 18 11
0 3 28
15 19 20
20 1 11
18 21 23
9 11 17
23 3 37
18 22 35
20 23 6
21 0 2
4 7 28
20 23 38
16 18 10
9 12 38
17 20 10
18 21 24
6 9 18
9 12 1
3 5 41
2 3 5
12 15 4
20 23 39
1 5 36
1 4 38
8 11 8
12 14 32
22 0 2
8 12 2
5 7 33
3 7 28
17 20 37
10 13 36
21 23 32
1 2 10
15 17 30
20 23 6
22 2 40
1 3 31
0 3 18
0 5 32
0 3 6
8 9 34
15 19 37
13 13 39
4 7 23
18 20 27
18 18 17
14 19 15
5 9 6
22 1 22
19 21 7
11 12 19
18 20 39
20 22 31
18 21 6
20 22 40
10 12 25
15 19 33
4 6 2
7 11 39
17 19 10
9 10 37
17 20 27
0 3 41
23 3 32
19 20 31
1 3 23
22 1 15
21 1 36
15 17 7
18 19 2
14 17 17
1 4 18
16 20 39
8 10 40
23 3 30
9 10 30
5 8 36
20 22 20
13 16 13
22 2 29
4 7 41
12 17 17
19 23 1
0 3 34
17 21 6
20 23 22
1 5 1
16 18 10
8 11 37
11 13 21
1 5 39
23 2 16
9 11 27
7 10 33
10 12 6
7 9 10
9 12 15
17 19 27
20 23 7
11 16 1
15 19 5
19 22 9
16 20 37
19 23 21
7 10 3
0 2 22
21 0 5
4 7 6
1 4 23
7 11 14
15 17 21
7 9 10
2 6 3
17 20 35
13 17 28
16 20 6
19 23 29
13 16 32
9 12 17
13 17 23
13 16 2
18 21 24
17 21 8
11 13 26
6 8 17
6 7 13
12 12 2
0 4 21
3 6 2
8 10 10
12 14 1
9 12 2
17 20 18
16 17 17
15 19 8
22 1 25
15 19 24
17 20 11
1 5 33
10 14 5
14 16 33
17 19 16
4 6 39
9 13 36
7 10 20
11 15 13
15 16 41
19 21 17
6 9 31
11 14 24
14 16 16
19 22 12
7 11 14
6 10 2
10 11 34
3 6 1
3 5 21
10 15 24
13 18 4
21 0 23
21 22 15
21 0 39
14 17 14
9 12 40
16 18 31
14 18 22
21 2 1
3 7 16
1 3 40
21 1 32
0 3 39
14 17 28
2 4 7
18 22 14
7 11 9
9 12 33
15 19 29
10 14 26
13 16 34
22 1 14
21 0 27
16 19 18
5 9 25
3 5 5
23 2 23
7 10 36
8 12 9
2 4 24
13 16 38
10 13 30
18 21 15
8 10 25
6 10 34
16 20 27
0 2 19
12 15 21
15 19 28
13 15 2
23 2 14
7 8 13
7 11 40
16 17 7
14 18 28
16 18 38
18 22 12
15 17 8
7 11 1
1 3 14
4 8 40
13 17 17
15 19 6
16 20 34
11 15 16
17 20 20
12 15 9
0 3 24
6 9 41
23 3 14
21 23 30
6 10 20
12 16 28
13 16 25
7 8 38
12 15 1
20 22 26
15 18 19
13 17 37
17 20 13
13 15 20
16 21 11
1 4 35
2 4 18
11 13 15
9 12 39
15 20 4
22 1 17
1 3 21
5 7 40
20 0 16
1 3 24
18 21 11
9 12 40
13 14 31
4 5 27
3 6 7
1 4 29
18 22 21
12 15 39
8 9 1
11 15 34
1 4 24
3 5 22
12 19 21
20 0 40
6 7 12
3 7 13
19 21 9
6 10 2
5 9 28
23 2 12
4 8 4
13 16 37
5 7 23
18 21 26
0 3 8
16 18 34
13 17 36
17 20 10
14 17 1
2 5 40
8 11 39
13 17 40
12 14 31
6 9 33
13 14 15
13 17 14
18 23 14
16 17 6
6 8 14
9 10 8
18 21 29
7 10 39
16 16 33
14 17 32
4 8 27
11 14 41
2 3 20
7 11 39
13 16 2
21 0 25
17 20 24
13 15 1
11 13 19
10 14 39
11 14 36
3 7 22
6 9 18
16 21 15
6 9 13
9 9 40
17 20 21
5 8 28
12 16 35
4 8 28
20 21 24
19 22 7
21 0 41
4 6 38
9 11 12
20 22 30
15 19 24
19 22 37
7 10 39
16 17 41
19 23 21
12 13 23
6 8 12
5 7 40
5 9 41
8 11 28
12 14 8
1 4 11
11 12 12
20 0 15
8 12 27
15 19 25
11 15 26
23 2 5
2 7 4
4 6 36
17 20 28
14 17 32
20 22 31
3 6 17
19 20 25
19 21 14
12 15 20
6 9 21
4 6 31
5 9 38
21 0 14
14 17 38
7 10 27
6 7 18
23 1 20
2 7 9
2 6 32
21 0 18
20 23 22
11 13 31
2 4 23
8 9 32
12 16 39
15 17 25
14 18 40
21 23 36
11 14 16
21 0 22
4 6 1
12 14 17
13 16 4
17 20 7
10 12 35
8 11 37
16 18 39
11 14 18
22 0 40
23 2 20
12 17 7
18 21 11
8 11 10
1 6 17
12 15 34
17 20 13
6 9 39
19 23 22
4 8 14
6 10 6
19 23 8
2 5 14
21 2 33
14 16 7
15 18 22
1 4 38
5 9 22
4 8 14
12 15 40
10 14 18
15 20 5
11 13 35
14 16 12
14 17 34
11 14 16
6 8 9
7 10 25
4 6 7
10 12 24
7 11 20
19 23 23
4 9 28
18 21 38
18 19 30
12 17 39
20 22 25
0 1 37
20 22 11
0 2 8
4 7 3
9 10 18
12 16 18
5 8 40
4 7 35
13 17 10
7 10 6
22 0 8
10 12 34
6 9 2
5 9 28
10 13 23
20 23 34
6 8 20
11 14 16
20 23 24
22 1 5
12 16 6
12 16 12
1 5 39
14 17 3
3 6 10
13 15 22
11 13 41
21 23 26
10 13 12
20 0 31
5 10 30
9 13 26
0 2 28
6 8 7
10 12 16
14 16 8
8 11 27
5 7 5
1 5 29
14 17 5
17 19 41
6 11 21
1 3 28
23 2 18
12 17 34
21 23 26
11 15 41
22 2 28
1 5 38
22 2 25
3 7 7
13 16 40
14 18 32
18 21 15
3 7 31
7 11 38
8 13 11
1 3 30
8 10 1
11 13 24
11 14 23
9 12 23
2 5 4
22 1 8
9 12 19
20 0 6
9 11 40
21 1 30
12 16 8
16 20 18
0 2 5
14 18 32
10 9 2
11 14 18
16 18 3
13 16 11
23 3 15
19 21 20
15 17 10
1 4 7
3 6 36
10 13 3
6 7 39
23 3 2
17 21 25
23 3 25
12 16 26
18 20 41
15 17 15
0 1 30
22 2 23
15 17 40
1 5 41
16 19 22
9 11 5
18 20 1
9 12 31
0 2 23
15 17 2
6 10 6
10 13 29
5 7 12
1 3 5
10 13 14
23 2 1
7 10 27
11 13 9
16 20 9
10 12 2
22 0 38
20 0 27
2 6 38
20 23 37
15 18 11
4 8 34
3 6 13
21 0 17
14 17 17
7 11 26
1 5 16
14 16 9
15 17 38
21 1 41
0 2 34
12 17 19
18 21 17
10 14 35
11 15 33
9 12 7
8 11 7
0 3 4
4 7 31
15 18 8
13 17 10
4 7 34
22 0 41
22 2 28
6 9 7
22 2 14
17 21 31
23 2 18
12 16 8
15 17 28
15 18 38
9 12 6
10 14 19
23 2 13
1 6 1
5 8 19
23 3 22
20 22 19
16 20 12
15 18 39
15 18 40
9 12 14
20 21 25
13 17 31
5 7 33
15 18 18
3 7 13
15 18 33
4 9 24
13 18 35
3 7 6
15 19 15
3 6 4
22 1 8
12 14 21
5 8 36
12 13 21
19 23 29
7 10 5
20 23 18
13 15 35
14 16 37
14 17 1
1 3 36
22 2 37
2 3 3
18 22 37
15 18 9
0 5 39
10 14 21
9 13 10
21 22 26
5 5 35
20 23 29
2 5 22
6 8 23
17 20 11
4 7 16
18 19 29
22 23 19
17 20 15
16 19 31
0 4 17
5 7 15
14 15 39
2 5 19
18 21 40
2 7 29
1 3 18
20 23 34
3 6 2
1 3 4
2 3 10
1 5 1
22 0 1
2 5 36
4 5 22
17 21 21
1 2 16
18 22 12
17 19 33
4 8 4
10 14 24
21 2 36
23 1 8
12 16 28
16 19 9
14 17 41
1 4 4
15 17 30
10 13 12
19 21 4
12 16 39
1 4 19
5 7 6
22 1 4
10 14 12
4 7 1
2 5 36
19 22 21
3 8 23
18 21 38
1 3 26
8 10 20
4 7 9
2 7 13
18 22 38
3 6 18
18 20 14
23 2 24
10 13 12
2 5 23
4 8 9
4 6 13
10 14 16
5 8 14
1 5 11
13 15 3
23 2 34
19 21 29
19 22 35
3 7 14
5 9 21
18 20 35
14 19 2
2 5 34
8 13 7
14 14 27
0 2 15
6 8 5
11 14 8
3 7 21
7 8 19
12 15 15
12 15 32
7 10 30
4 7 38
6 9 11
20 22 17
5 9 5
6 9 5
9 13 7
20 23 25
0 3 26
8 10 17
20 22 5
12 13 16
8 9 32
4 7 28
0 1 1
15 17 18
20 1 28
7 10 6
8 10 40
13 14 17
17 19 13
0 3 41
15 18 21
16 20 34
0 5 22
18 22 26
23 3 26
6 8 29
16 21 26
15 18 20
7 9 30
9 13 19
16 20 38
13 14 37
20 0 36
4 6 39
13 16 26
23 2 28
17 18 22
2 4 21
11 15 17
7 10 7
9 12 8
8 10 33
2 5 14
2 6 10
10 12 6
20 22 37
7 10 28
1 3 17
4 9 10
4 7 29
20 23 13
18 21 31
13 16 8
13 18 25
8 10 1
1 2 9
14 18 21
9 10 26
16 20 31
7 11 6
19 23 41
13 16 22
20 23 3
19 22 35
20 23 18
19 23 2
2 4 6
20 0 16
6 8 36
3 6 15
8 11 35
15 19 8
21 22 26
0 4 28
1 4 2
1 4 41
19 22 1
10 13 41
6 8 31
19 23 33
22 1 16
8 13 9
8 11 37
0 1 25
2 5 24
10 12 12
22 2 30
14 18 37
10 13 6
4 7 7
12 15 16
19 0 14
23 23 26
21 22 20
3 5 27
23 1 28
20 21 36
13 13 37
23 3 13
2 6 4
22 1 5
10 13 35
13 15 15
17 20 16
1 4 13
2 6 40
6 8 14
6 9 19
19 21 40
5 7 27
22 1 10
5 7 31
11 15 36
15 18 14
17 21 13
0 2 22
14 16 3
5 8 2
6 9 39
2 6 10
1 5 26
10 14 11
5 7 2
7 9 10
2 4 23
8 10 11
15 18 19
10 13 41
21 1 10
18 21 12
21 23 15
21 0 9
0 3 41
11 14 23
14 19 34
9 11 31
16 18 34
4 8 19
19 22 23
9 13 27
13 15 21
10 13 32
0 3 8
2 5 1
6 9 10
13 15 4
7 8 40
6 7 14
17 17 29
12 17 16
10 11 28
0 4 6
17 21 21
21 23 16
3 7 40
16 19 8
11 14 20
1 2 17
14 17 8
14 16 17
15 19 29
16 18 32
19 22 29
19 0 36
22 1 5
2 5 20
15 18 40
5 9 18
1 3 19
17 20 32
19 22 35
18 21 26
16 20 5
18 21 22
20 1 7
11 14 10
4 5 31
6 10 34
0 3 4
10 13 3
22 0 38
1 5 17
5 6 31
9 12 8
10 12 5
22 1 40
21 1 26
11 14 2
19 22 17
21 1 19
19 0 13
14 18 31
14 15 32
1 4 26
2 4 6
4 8 21
6 10 31
18 21 12
10 13 32
18 20 18
8 12 2
6 11 13
0 3 16
22 0 9
11 13 11
19 21 15
10 12 40
10 13 12
7 11 20
15 19 8
13 17 39
15 18 30
6 8 31
13 16 7
12 16 27
19 21 25
1 5 38
1 3 38
5 8 16
18 22 28
21 22 30
3 6 32
6 9 40
19 21 15
20 0 39
14 17 30
8 10 23
14 15 19
19 22 14
23 2 12
15 18 34
6 7 31
4 8 23
4 7 36
9 14 3
22 23 6
17 20 1
17 22 6
6 8 30
18 21 6
6 9 6
3 5 6
4 9 9
9 11 29
10 12 10
0 3 21
8 11 25
11 15 18
19 20 22
20 22 32
13 15 11
11 14 41
4 9 41
19 22 37
12 16 35
0 3 9
2 6 11
0 2 36
13 17 4
12 13 38
6 11 28
14 17 38
21 0 29
19 22 22
20 21 34
3 5 18
12 15 10
14 16 32
23 0 13
12 15 29
6 11 8
9 11 19
8 10 16
4 7 30
7 9 11
14 16 33
19 22 29
19 0 40
12 16 7
5 9 32
8 10 31
4 7 27
23 3 37
17 22 32
19 23 17
8 9 13
15 19 26
19 22 10
1 4 38
19 22 14
11 13 10
10 11 34
5 9 26
1 3 20
17 19 22
6 9 3
21 23 35
6 10 33
11 14 17
16 20 33
6 7 20
21 23 6
17 20 38
5 8 23
7 8 31
11 12 35
4 5 16
17 21 4
21 3 16
22 1 28
6 9 5
7 10 38
21 23 11
5 8 8
0 5 40
10 13 19
22 1 4
6 8 23
0 4 34
7 10 38
0 2 40
0 2 34
0 1 14
16 20 8
23 4 16
20 21 3
17 20 37
11 12 14
23 0 3
14 17 36
3 6 25
18 21 4
14 16 32
19 22 16
0 4 6
22 1 24
4 8 12
0 3 38
21 0 2
14 18 12
12 16 24
18 20 35
23 2 6
20 22 37
13 16 32
13 17 40
1 4 3
12 15 15
9 12 34
1 6 32
9 12 30
10 13 12
2 5 17
6 8 30
5 8 16
14 17 16
21 1 26
5 8 18
4 6 31
6 10 19
19 23 38
22 1 12
19 23 1
21 2 7
19 23 2
3 7 36
4 8 14
18 19 33
18 20 12
0 3 41
9 12 38
9 11 35
0 3 22
23 3 35
0 2 35
22 1 17
0 4 23
0 3 10
4 5 30
17 20 11
2 5 29
21 0 39
2 6 37
3 5 7
15 19 2
1 3 10
2 5 2
8 11 23
19 22 21
16 21 22
16 19 36
3 7 24
15 20 20
20 0 30
4 6 25
10 14 35
14 19 15
1 3 12
0 4 16
5 9 18
22 1 35
9 14 17
7 9 2
2 4 38
6 8 22
11 16 13
23 1 15
12 15 37
6 9 10
9 11 11
21 22 7
2 7 21
6 9 31
14 17 16
3 6 6
15 18 17
8 10 35
2 4 35
21 23 10
6 9 29
21 1 37
13 15 31
23 2 7
22 23 9
10 14 3
4 8 27
11 14 33
3 5 12
10 12 40
1 5 15
15 18 5
1 4 13
21 23 32
9 12 10
22 1 31
13 15 9
10 11 25
21 23 19
9 13 5
3 6 5
2 3 24
13 18 40
0 2 12
8 12 1
7 10 7
3 4 30
4 5 14
7 9 16
2 3 10
3 6 17
2 5 8
18 20 22
5 9 20
12 15 1
19 23 33
9 11 27
7 11 27
13 17 6
13 16 40
11 12 28
21 0 21
1 5 37
21 23 13
4 7 13
23 2 16
7 10 13
22 3 37
6 8 36
2 4 35
0 3 17
9 13 13
23 1 17
17 20 6
1 5 15
5 7 15
6 8 6
22 2 19
12 13 18
7 10 1
16 18 28
9 12 39
9 12 13
7 9 25
6 9 4
0 3 27
12 14 22
17 20 20
21 0 40
20 23 2
5 10 10
2 5 3
2 4 27
14 17 41
12 16 31
17 19 3
1 3 20
13 16 16
6 10 26
22 0 6
7 8 3
4 7 37
19 22 21
15 18 29
2 5 9
15 18 37
16 17 23
5 10 10
12 14 30
17 20 37
2 5 26
10 12 12
23 2 35
16 19 19
8 12 2
5 10 9
19 23 10
23 4 13
10 14 5
3 7 19
8 10 33
12 14 39
12 15 16
0 4 23
12 14 22
19 21 30
18 21 26
1 3 9
22 1 12
17 21 35
10 13 41
17 18 20
0 2 31
8 9 41
19 21 39
5 8 5
15 18 9
22 1 22
4 6 11
2 4 16
21 1 35
10 13 34
22 23 12
11 14 25
20 1 41
21 22 3
14 15 41
3 7 22
18 22 40
17 21 30
7 10 41
11 15 4
22 1 19
17 17 37
12 15 30
8 11 16
5 8 11
2 4 35
23 2 5
12 16 36
8 12 14
15 18 13
3 6 29
0 3 27
13 17 12
10 13 11
20 22 8
13 17 39
23 1 1
21 1 12
6 9 41
3 9 37
11 15 28
20 23 40
9 13 16
15 18 1
11 14 4
20 0 1
5 7 18
0 3 34
19 21 26
7 9 2
7 9 22
19 21 35
15 18 20
9 13 29
15 19 3
10 15 33
4 6 14
23 0 30
1 3 14
10 12 37
13 15 4
19 21 30
22 0 12
11 14 6
21 1 27
5 9 33
10 14 23
16 19 7
22 1 27
12 13 37
23 2 23
5 7 28
11 15 36
21 23 31
15 19 24
17 19 20
13 17 40
20 23 27
9 12 9
5 8 14
3 6 19
21 23 35
5 7 10
19 21 41
4 8 29
3 6 14
9 13 39
12 14 23
12 15 16
20 1 27
0 4 3
0 3 15
4 6 3
8 9 17
7 11 26
4 6 1
13 14 41
18 20 8
21 0 7
4 7 28
22 2 37
12 15 23
23 2 28
4 6 28
6 10 18
9 12 36
6 9 40
22 2 18
5 9 1
13 16 9
11 15 11
10 14 29
5 6 24
9 15 1
14 18 41
1 3 28
4 7 36
16 19 8
3 6 28
7 10 37
22 0 32
4 8 3
11 13 16
10 12 20
3 6 12
18 22 34
15 20 37
10 15 24
1 3 5
2 4 2
23 3 39
8 11 37
7 10 27
21 1 2
12 14 33
1 2 16
21 1 41
22 1 8
6 7 33
1 6 25
2 4 41
15 17 27
0 3 17
0 2 27
2 5 35
16 19 10
20 21 4
11 13 4
17 19 35
14 16 32
1 5 26
2 6 41
18 21 17
13 15 11
17 19 35
6 7 26
17 19 36
11 13 31
5 7 22
15 19 2
22 0 36
11 14 24
8 11 2
12 16 3
3 6 16
21 0 26
0 3 41
2 5 30
4 7 1
1 3 38
16 19 17
11 14 24
15 20 15
1 4 37
8 10 27
8 11 23
10 14 20
0 4 41
19 20 8
23 1 20
19 23 19
4 8 26
14 17 40
18 22 36
20 23 3
4 6 37
13 17 37
10 13 29
16 18 6
7 9 34
2 5 22
19 20 11
2 5 5
9 13 15
3 6 19
6 9 38
19 22 16
11 15 10
21 22 3
0 3 23
9 12 32
13 16 4
13 17 15
8 11 16
8 10 22
18 21 36
0 2 6
0 3 37
22 2 39
20 23 12
11 14 6
3 7 1
2 5 33
3 7 14
15 18 19
19 23 27
21 0 12
15 20 30
10 13 39
6 10 28
1 5 13
9 11 10
7 10 22
9 10 34
14 16 34
19 23 26
0 3 13
22 23 4
14 17 1
20 23 33
20 23 11
10 14 22
0 4 24
2 6 15
17 20 7
5 9 22
1 4 17
20 0 9
6 9 11
21 22 9
17 22 23
17 22 4
5 7 6
20 22 38
2 4 3
11 16 36
23 0 32
6 8 40
5 8 18
17 17 40
16 18 9
2 5 5
0 3 34
7 10 23
13 16 22
15 17 7
9 11 28
2 4 27
3 6 15
22 2 18
11 13 20
7 10 16
16 19 30
4 7 25
11 15 8
11 14 9
17 20 1
6 7 35
20 22 18
10 13 16
11 14 12
12 14 5
7 11 3
17 21 14
13 16 5
19 22 20
13 15 4
17 20 12
22 2 40
13 16 23
21 1 19
22 0 1
0 3 26
8 11 33
4 6 7
5 7 4
2 3 24
20 0 28
22 1 3
2 6 19
13 16 29
7 10 39
22 0 25
20 23 6
12 14 8
13 17 29
3 6 2
4 6 11
13 17 25
5 8 40
18 20 5
12 16 16
8 10 29
5 9 16
14 16 16
14 16 31
19 22 11
23 2 3
1 4 32
0 2 25
14 16 31
7 10 37
15 17 29
2 5 22
19 23 8
3 6 37
17 21 9
3 5 6
10 14 32
12 15 9
10 12 20
20 23 36
21 0 4
21 23 7
17 20 15
18 21 27
0 4 26
2 5 4
20 0 23
11 14 25
4 7 31
22 2 2
17 20 31
18 21 14
10 13 6
16 19 2
9 13 35
9 11 36
2 6 15
3 7 19
16 18 24
4 8 27
0 2 10
19 22 31
11 16 4
23 2 40
7 9 1
5 10 15
11 14 38
11 15 5
3 5 8
10 12 3
8 12 22
23 1 41
15 19 22
16 19 11
9 13 33
19 22 28
13 14 28
12 15 9
0 3 36
4 7 34
18 21 32
20 23 37
8 12 18
19 21 16
7 11 24
1 5 41
9 10 29
21 0 40
12 17 4
4 9 5
11 15 9
4 7 17
15 18 36
12 14 10
8 10 23
11 14 16
0 2 5
3 6 27
21 23 26
18 19 34
1 5 12
21 0 37
8 11 8
6 8 7
5 9 3
3 6 29
16 20 38
10 15 19
16 20 30
1 3 30
12 16 13
4 6 39
5 9 29
18 21 37
9 11 20
16 19 19
22 1 2
4 5 7
9 12 12
0 5 20
5 7 31
16 18 16
6 8 3
18 20 30
0 3 26
5 7 26
22 2 31
6 10 33
20 0 2
14 16 28
16 19 22
23 1 27
4 7 27
22 2 40
15 19 29
4 6 12
22 1 24
1 3 36
1 5 29
22 1 19
7 10 29
20 22 39
23 2 2
0 3 20
15 17 18
11 15 23
4 8 19
9 13 34
8 11 31
8 11 12
1 4 19
18 21 30
13 16 14
8 11 28
23 0 33
17 20 31
13 15 5
18 20 3
5 8 2
2 6 12
3 6 37
18 21 13
12 15 35
13 17 35
22 1 36
8 12 37
1 5 19
5 8 37
17 20 7
19 0 35
21 2 35
7 11 12
6 9 8
3 7 7
16 19 5
17 22 23
5 6 28
5 8 12
23 3 31
3 6 27
2 6 2
18 20 2
19 20 35
16 18 2
1 4 35
20 23 14
15 17 34
5 8 30
10 13 39
2 5 1
5 7 21
8 11 29
3 6 12
14 16 7
14 15 29
18 22 27
21 23 2
19 22 5
19 22 40
18 20 32
6 8 20
18 23 30
13 16 24
2 6 38
0 3 38
1 5 26
7 10 33
0 1 37
10 13 20
8 12 32
14 18 25
9 13 37
8 11 30
19 20 6
16 21 34
16 19 22
8 10 22
1 3 38
21 23 8
17 21 29
6 8 29
5 8 15
0 4 8
13 16 18
0 3 5
11 13 27
7 10 11
19 22 24
11 15 7
19 22 14
5 10 14
14 19 27
11 13 20
21 0 38
4 4 33
11 14 36
6 9 6
18 22 33
22 2 18
1 3 35
13 15 25
0 3 21
23 3 39
8 9 17
13 15 8
21 23 36
20 23 5
0 4 12
18 21 19
1 3 33
8 11 23
8 12 20
4 6 25
2 5 36
3 5 28
14 17 25
20 23 30
10 14 17
19 23 26
20 21 31
23 3 25
11 15 39
15 17 16
14 19 38
20 0 24
14 17 25
16 19 6
10 16 13
12 17 28
11 14 39
22 1 15
11 13 16
4 8 12
0 4 7
20 23 11
4 7 13
19 23 13
5 9 24
3 4 21
1 4 40
23 2 40
8 11 27
4 5 31
22 1 22
5 7 34
16 19 33
17 20 20
7 9 15
0 2 35
0 4 5
15 18 18
15 17 35
7 10 1
9 12 38
9 11 19
22 1 22
7 11 33
8 10 25
12 15 32
17 20 34
17 21 6
6 8 41
3 6 30
7 10 39
4 7 10
3 7 24
20 23 1
0 2 15
5 9 30
19 21 28
10 13 36
4 6 9
18 20 35
22 23 4
16 19 16
12 17 23
22 0 26
2 8 25
19 22 20
2 4 36
15 17 13
10 13 32
8 11 24
7 10 27
22 0 32
16 19 40
5 10 37
22 0 11
13 17 3
23 3 8
13 15 35
11 12 23
2 4 39
11 11 8
15 17 8
23 2 40
1 6 26
12 16 6
16 19 21
8 12 35
4 9 19
23 2 1
2 6 27
16 18 10
18 21 30
14 17 14
0 2 41
14 17 3
8 11 12
8 11 23
6 9 22
20 21 11
16 20 33
7 11 9
20 22 20
2 5 7
22 1 38
20 0 35
4 8 14
22 0 3
0 3 38
11 14 34
8 10 27
21 0 6
2 4 38
11 14 29
20 23 38
18 21 11
13 16 37
12 15 14
9 11 29
5 8 12
8 10 22
23 2 34
20 22 30
9 13 39
20 23 33
9 12 18
21 0 30
9 14 30
21 1 22
18 21 37
8 9 31
5 8 33
20 22 11
5 9 13
3 6 33
6 9 7
10 13 10
21 3 28
19 21 39
17 19 23
5 9 32
4 7 11
18 22 23
20 23 5
22 1 21
2 5 36
4 7 19
5 8 5
5 8 18
6 8 28
15 18 11
7 11 33
21 0 26
13 18 11
1 5 28
16 19 32
15 19 27
12 14 30
21 23 32
2 5 1
16 18 40
9 14 4
0 2 33
16 20 11
0 4 17
21 0 6
23 0 1
21 23 16
9 12 36
8 10 28
1 3 37
6 10 20
12 14 11
13 15 4
16 19 16
12 14 3
7 11 13
20 0 37
14 16 36
12 17 39
13 16 4
13 16 5
17 21 7
6 8 32
1 4 18
10 12 2
22 0 10
3 8 35
12 14 30
11 14 21
15 16 40
18 21 3
6 8 19
17 20 19
14 16 29
12 16 8
15 19 16
11 13 5
15 18 31
23 0 12
15 17 13
1 3 1
22 0 22
8 12 20
20 1 27
22 1 5
12 17 9
8 10 18
15 19 32
15 16 28
2 5 21
23 2 16
23 4 12
18 22 30
1 4 1
13 16 31
10 12 29
10 13 31
18 23 33
18 22 30
0 2 41
1 5 5
9 11 22
1 6 27
13 15 12
23 1 41
7 9 22
9 12 17
11 16 13
7 10 25
8 10 11
23 3 30
18 21 3
2 5 22
11 14 12
21 22 3
12 16 41
18 21 27
16 20 29
18 20 36
5 8 12
6 8 9
0 3 22
2 5 30
16 19 16
23 3 41
11 13 14
5 9 7
20 0 9
15 16 25
10 13 25
15 19 1
4 6 22
21 1 24
6 8 40
15 18 20
17 20 7
15 16 14
12 15 15
15 18 23
13 18 20
6 9 6
21 23 2
13 17 11
13 16 32
9 11 7
3 7 16
7 11 13
17 20 8
21 1 32
6 7 27
2 4 11
14 17 10
5 9 14
19 22 31
14 16 41
11 16 33
21 1 25
14 18 23
15 18 13
5 7 33
17 21 1
3 5 36
1 2 8
0 2 13
20 21 40
3 7 34
18 20 26
3 5 39
13 15 33
15 19 29
3 6 10
15 18 23
3 7 3
8 10 5
20 0 20
15 18 8
1 3 14
8 11 8
7 10 19
7 9 6
0 4 35
22 3 9
10 15 29
3 7 20
21 23 30
8 10 1
12 16 5
10 12 1
2 6 41
5 8 13
4 7 16
2 4 15
17 18 39
22 3 14
8 11 34
7 8 33
15 18 22
3 7 30
1 3 41
2 5 37
1 3 13
22 1 31
23 3 6
4 5 18
6 8 20
6 9 5
20 21 27
8 11 23
3 7 30
19 22 39
13 16 27
18 19 29
6 9 32
9 13 18
4 8 23
20 23 39
22 2 29
16 21 30
6 8 23
5 7 19
3 5 26
4 7 39
14 16 16
2 5 16
12 16 6
18 21 21
23 2 34
9 11 26
12 15 6
14 16 12
19 22 33
6 10 36
8 10 31
17 22 41
13 18 7
5 7 29
15 19 13
20 22 40
23 2 35
19 23 12
20 22 8
2 6 40
19 21 6
16 19 2
14 16 29
18 22 36
3 5 5
18 20 28
3 6 6
18 20 30
5 7 26
14 16 34
21 0 17
15 18 32
14 18 12
4 7 9
18 22 6
8 10 34
7 10 24
6 10 32
15 18 40
11 14 33
15 18 19
20 23 2
3 5 8
22 2 16
6 7 11
15 17 39
18 20 15
19 22 25
9 11 36
8 9 35
10 13 33
12 15 2
4 7 37
6 10 22
15 17 5
2 5 36
0 4 41
22 1 30
13 17 15
18 20 6
19 22 28
14 16 29
22 0 36
7 10 37
15 18 6
19 0 5
6 8 11
9 13 27
17 20 34
5 8 18
3 6 28
5 7 7
15 18 13
18 20 23
12 13 39
2 8 31
17 20 2
1 4 26
9 12 38
18 21 14
3 6 29
7 10 19
6 9 2
16 19 26
16 20 20
19 21 34
5 9 7
12 13 27
0 4 29
4 8 24
1 6 28
11 13 10
1 5 18
1 5 9
16 18 19
23 2 34
3 4 35
20 22 26
17 18 23
10 13 5
11 15 1
14 16 7
0 3 30
14 17 41
2 5 11
19 21 41
21 0 17
16 19 23
10 13 20
0 3 2
11 15 13
1 6 4
2 5 29
23 2 30
21 23 31
11 13 13
17 19 16
7 9 7
4 7 7
10 14 1
21 23 14
19 22 27
11 15 18
13 15 20
19 22 10
18 22 32
2 5 4
1 3 29
21 1 6
11 12 24
20 23 35
16 19 15
17 19 7
7 11 26
13 17 27
4 5 34
13 17 20
20 22 4
15 18 6
4 7 36
1 5 9
20 0 22
10 13 38
21 23 15
5 8 25
16 19 5
6 8 7
17 18 4
17 21 35
23 3 40
9 12 7
17 19 4
13 16 34
16 20 33
11 13 27
9 12 19
21 23 40
4 7 33
3 6 23
19 1 31
7 7 4
11 14 27
7 11 32
12 14 10
5 9 31
8 12 5
22 1 37
3 5 41
12 14 36
0 4 6
6 8 35
11 14 37
9 12 12
6 9 18
5 7 25
8 11 14
22 3 41
10 13 5
14 19 17
3 6 10
22 0 41
0 5 40
3 6 35
2 6 10
0 2 18
8 10 12
7 9 28
10 12 19
1 5 27
22 2 4
5 8 36
4 6 1
1 3 4
17 21 28
13 14 22
21 23 14
0 4 24
23 1 16
0 2 33
15 18 34
20 23 18
10 13 9
19 22 38
2 5 28
2 4 21
23 1 29
15 20 20
4 7 41
21 1 6
3 6 11
12 16 4
11 13 15
12 15 13
3 6 34
22 2 33
4 7 31
21 1 30
8 11 5
15 17 36
8 9 18
0 3 17
6 9 19
12 15 11
1 5 22
10 13 24
15 17 25
16 20 17
9 12 24
4 6 36
10 14 25
1 4 37
23 0 11
12 17 37
22 2 10
19 22 23
11 13 16
3 8 13
22 0 35
0 3 10
3 7 10
2 5 2
12 14 36
18 22 22
12 14 17
21 0 11
20 22 20
17 18 13
0 3 28
18 21 27
4 6 32
22 1 14
4 7 30
0 3 37
4 8 7
16 20 3
14 18 4
18 19 1
20 0 12
1 3 31
22 1 12
12 13 32
12 16 16
10 14 12
7 9 13
9 10 30
8 11 38
16 20 27
2 2 6
6 8 28
20 1 16
23 2 9
14 17 40
15 18 12
17 20 33
13 15 11
20 21 15
8 10 21
16 21 5
2 6 14
16 20 3
21 22 3
11 14 4
1 4 11
3 5 14
22 23 32
18 20 22
6 10 13
5 8 11
11 15 25
22 0 13
6 8 25
4 6 1
4 8 34
6 9 6
18 23 36
15 19 29
2 6 38
4 8 8
0 2 17
11 13 33
14 17 6
7 10 32
7 10 13
15 17 17
13 14 12
4 8 10
8 9 26
5 8 11
19 22 21
5 7 36
8 11 12
20 23 18
10 12 1
5 6 36
14 17 4
7 10 8
14 16 39
4 7 7
5 8 15
12 16 6
23 2 21
4 6 37
14 15 31
4 7 40
13 18 41
2 6 13
4 7 35
23 2 33
15 18 6
22 1 19
12 16 21
3 7 38
2 5 15
14 16 30
8 12 6
12 16 29
18 20 23
16 18 9
12 14 10
6 9 13
23 1 7
0 4 20
9 11 17
10 13 26
5 9 6
7 11 6
4 4 11
12 15 4
0 2 19
1 3 36
20 22 39
8 11 8
2 6 17
1 5 15
3 8 17
8 11 15
4 7 29
7 10 36
17 21 5
15 18 12
5 7 35
21 23 31
13 17 17
1 3 31
11 14 40
23 3 28
12 16 37
4 8 23
10 11 27
21 0 19
12 16 11
13 18 37
5 7 17
7 10 38
8 11 3
21 1 14
18 22 2
9 11 37
18 21 40
7 11 25
1 5 14
14 18 36
14 17 41
21 1 16
19 20 2
12 15 30
6 9 16
19 20 33
13 17 35
0 2 16
11 14 4
19 23 30
2 5 41
9 12 2
9 14 19
19 21 8
1 4 34
23 2 3
14 17 16
1 4 21
17 20 8
16 17 39
19 21 16
18 21 9
15 17 22
21 0 14
16 19 24
20 22 8
1 5 39
4 5 8
4 5 31
2 4 38
21 1 33
22 1 15
14 16 8
13 15 12
10 12 25
19 22 31
5 9 9
23 3 2
0 2 41
4 7 10
23 3 28
20 23 33
19 21 22
5 8 24
7 10 35
7 11 7
12 19 17
13 15 14
11 16 26
21 23 39
16 19 23
7 12 21
3 5 29
0 2 13
7 10 21
16 20 13
16 20 4
0 3 4
10 13 1
2 5 17
6 9 17
14 17 15
1 4 17
12 14 14
5 9 33
9 11 37
5 7 29
13 16 16
5 8 35
5 7 25
19 23 40
15 19 33
18 22 31
13 16 37
19 22 23
3 6 34
7 10 5
0 4 14
22 1 28
16 19 36
6 6 18
7 8 14
15 18 40
7 12 36
22 0 23
5 7 6
6 10 8
22 1 2
7 10 18
10 13 37
14 17 7
17 21 1
10 12 17
21 22 21
23 2 40
14 16 24
5 9 3
1 5 17
22 1 39
7 10 7
17 20 6
2 5 4
7 10 19
11 13 34
0 2 14
15 19 1
19 21 22
8 11 36
19 22 29
15 19 22
21 23 35
19 21 18
3 4 10
7 9 34
14 19 22
8 12 1
18 22 11
17 19 36
8 11 29
9 11 36
7 10 37
9 11 7
3 7 21
9 12 17
23 2 31
5 8 30
14 19 2
10 12 29
21 1 21
7 10 3
19 22 27
3 8 15
13 15 39
6 9 21
17 21 39
8 11 22
13 16 21
11 15 4
2 6 40
23 1 11
21 0 17
9 11 20
15 19 15
0 4 19
13 15 27
5 6 8
17 18 39
9 12 28
12 14 36
22 0 38
21 0 16
10 13 36
21 1 21
7 9 18
23 0 30
7 10 40
15 18 31
0 3 17
6 11 9
18 21 19
14 17 38
4 7 22
22 2 16
18 20 33
17 19 3
13 16 40
3 6 29
12 17 27
11 14 25
11 15 21
5 7 38
13 16 16
16 18 15
3 5 19
0 4 35
4 6 17
9 11 19
5 8 23
20 0 10
10 12 22
7 9 12
20 22 28
22 1 34
11 14 25
15 17 40
9 12 4
16 18 5
2 5 12
21 23 32
22 1 40
21 22 28
19 22 5
19 23 37
9 12 31
12 14 14
20 22 33
21 0 23
7 10 1
23 2 12
14 19 29
12 16 39
8 11 15
0 2 22
6 9 36
18 21 3
1 4 13
5 9 3
8 12 10
18 0 34
10 11 10
22 2 35
19 22 6
19 0 30
3 7 31
0 2 28
18 21 24
23 3 23
2 6 15
5 9 38
21 1 9
5 8 19
7 9 2
0 3 16
23 1 19
6 12 4
13 17 32
6 10 3
18 22 39
23 1 19
12 14 1
13 17 41
1 3 10
22 3 22
7 11 26
17 21 34
19 22 17
0 3 30
3 8 25
19 22 38
12 14 15
9 11 2
15 18 39
4 7 11
22 2 40
22 2 28
13 16 29
12 14 37
6 9 11
8 12 29
21 23 7
1 4 3
5 7 37
2 4 5
2 7 38
7 9 4
14 18 23
6 9 32
23 2 6
13 17 11
14 17 4
1 2 19
22 1 13
0 2 40
14 18 11
11 14 21
13 16 26
21 23 20
22 1 36
9 12 30
4 8 33
14 16 4
3 6 4
6 8 15
5 6 38
23 1 37
8 12 11
4 9 22
11 14 2
18 20 9
3 7 23
14 16 26
2 5 8
1 4 20
5 9 32
7 10 1
6 9 28
10 14 36
11 13 39
17 20 2
19 22 28
19 22 25
2 5 8
9 13 16
11 14 26
0 5 24
10 14 9
1 4 5
3 5 20
22 1 13
3 6 31
5 8 31
5 7 36
1 4 8
11 14 37
10 14 22
13 16 37
0 2 1
2 6 27
1 3 37
13 17 1
18 20 24
19 23 37
18 21 40
14 17 9
5 7 25
14 15 22
23 2 2
0 2 20
11 13 35
6 9 16
15 18 6
17 19 27
14 16 36
7 10 41
7 10 20
21 22 40
20 23 31
12 15 2
3 6 25
1 2 33
4 6 15
7 8 22
20 22 39
19 23 28
4 5 7
5 10 30
15 18 21
7 11 31
0 3 10
0 2 13
11 15 23
14 16 17
11 11 10
15 20 22
5 7 31
20 23 41
19 21 37
22 1 24
7 10 32
19 21 29
8 11 25
19 22 9
5 8 35
16 19 8
16 18 7
19 0 3
8 12 27
3 6 12
13 17 1
10 14 5
17 19 35
19 0 21
6 9 8
15 18 27
13 15 3
0 1 10
21 0 24
22 2 33
20 23 12
22 1 21
1 5 11
19 21 8
23 4 16
11 14 41
21 23 7
17 20 15
4 9 41
5 7 18
1 4 35
14 17 27
5 8 34
3 6 24
19 22 5
1 4 3
15 19 13
1 4 24
9 12 32
21 1 19
1 5 15
17 19 36
19 20 3
8 10 19
15 18 40
0 2 39
9 12 33
10 14 41
19 20 4
19 21 40
6 8 18
23 3 3
9 11 40
5 11 1
2 6 4
0 3 24
21 0 33
7 10 16
9 13 29
17 20 17
16 17 7
10 13 41
4 6 21
0 4 5
2 3 4
21 1 19
14 16 16
0 3 36
4 7 31
2 4 2
17 21 25
4 8 6
1 5 18
10 13 15
17 19 36
1 5 12
12 16 29
12 15 26
8 10 40
0 2 17
14 18 20
8 11 20
20 23 17
5 8 27
15 19 22
8 12 14
18 21 6
20 23 41
7 10 30
12 13 14
15 18 4
8 11 5
6 9 30
20 23 35
4 6 3
16 21 19
2 5 34
12 15 39
1 5 40
20 0 14
19 21 5
18 20 34
13 17 14
9 11 2
11 14 31
20 23 11
2 5 17
9 14 3
15 17 2
22 1 30
15 19 32
20 23 39
16 18 28
20 0 16
21 22 17
22 1 14
19 21 25
9 12 10
22 1 13
11 13 34
3 7 16
7 9 30
18 20 33
2 5 6
16 19 23
11 14 38
2 5 5
10 13 21
13 17 31
6 10 38
22 1 4
9 13 11
10 13 10
14 17 21
3 6 1
12 15 31
19 23 4
17 20 2
19 22 11
2 4 25
5 9 16
7 10 30
13 16 1
17 20 10
6 10 10
14 15 37
7 11 5
1 4 10
0 2 3
8 10 8
20 0 12
7 9 1
22 1 41
16 19 31
6 9 11
15 21 11
12 14 8
8 12 8
6 9 1
7 11 41
3 7 31
8 12 29
7 11 27
22 2 20
21 0 38
22 23 4
19 0 18
5 7 28
14 17 39
10 13 12
10 12 40
16 18 35
0 2 38
10 13 33
2 5 7
5 8 35
23 2 37
6 10 27
9 13 10
22 1 31
5 8 14
5 9 23
13 17 34
4 8 36
0 4 10
0 2 33
6 8 14
7 10 9
1 3 29
8 9 8
21 0 38
21 1 11
19 22 21
15 18 21
10 13 18
15 18 22
11 14 41
0 2 6
17 21 28
3 6 22
15 18 21
23 2 32
14 16 2
0 3 1
16 19 41
12 15 16
5 8 39
0 5 41
16 18 15
0 2 30
23 2 32
4 8 34
17 20 3
6 9 22
12 15 7
3 5 40
19 22 29
22 2 25
4 8 36
7 10 5
3 6 37
8 10 11
0 3 1
18 19 19
14 17 25
13 15 13
13 15 24
12 15 24
14 16 28
15 17 2
17 19 31
16 20 14
6 9 28
23 3 14
1 4 5
14 17 36
2 3 2
15 19 24
8 11 37
10 12 17
19 22 2
10 14 13
15 17 39
18 22 28
11 15 25
4 6 6
16 19 7
15 17 17
10 13 3
12 14 5
18 21 4
2 5 15
20 23 36
15 19 24
4 7 22
5 7 40
3 5 3
1 5 15
21 23 41
12 15 12
21 0 23
23 2 3
5 8 14
22 2 2
18 20 9
21 23 10
10 11 10
1 5 35
20 22 41
6 9 10
9 11 19
22 0 11
5 6 41
5 9 7
22 0 32
2 6 15
4 6 11
9 13 22
14 19 22
4 6 14
22 2 14
16 18 29
18 22 2
15 16 34
20 1 36
13 14 21
0 2 25
3 5 15
2 6 30
13 15 39
7 12 10
17 19 19
1 2 9
5 10 2
4 7 35
15 19 32
18 20 18
4 6 37
14 18 38
5 9 31
8 11 15
5 8 7
19 23 10
11 15 2
1 2 25
0 1 9
6 9 23
4 6 38
22 2 23
0 3 39
1 4 40
23 2 6
23 1 21
9 12 17
20 22 19
21 2 7
12 18 12
5 8 16
14 17 41
17 22 36
19 21 1
4 6 35
3 6 5
2 5 40
0 3 24
21 22 39
14 17 29
4 6 13
23 2 22
14 18 40
22 1 14
10 14 34
8 10 36
21 1 34
22 0 36
0 2 34
17 19 11
3 6 25
11 15 27
0 4 16
13 14 37
10 15 7
14 17 41
2 7 41
19 22 20
16 19 22
5 6 29
20 23 17
3 6 24
19 22 18
7 8 17
3 5 28
19 21 7
6 9 8
18 22 39
19 22 38
8 12 15
10 13 14
13 17 28
4 8 27
16 19 13
3 8 3
3 7 20
6 7 15
0 2 1
0 2 15
12 14 39
6 9 16
9 13 7
20 22 3
23 1 11
18 22 9
10 11 14
20 0 10
17 21 40
23 4 16
10 13 40
8 10 9
16 20 16
13 18 38
4 6 2
5 8 21
12 14 3
21 1 31
5 8 30
1 2 32
7 11 12
17 22 9
21 1 4
17 18 12
10 14 21
10 14 25
7 9 22
17 21 22
16 18 18
0 4 3
3 5 5
14 17 35
18 0 2
15 17 33
14 18 1
17 20 6
18 21 4
23 4 8
18 21 1
13 18 28
6 8 23
19 23 3
14 18 1
23 1 19
10 13 5
10 12 33
1 3 24
2 4 40
5 8 40
2 7 23
19 22 34
3 6 4
15 18 41
12 13 1
20 22 6
10 15 13
20 23 40
19 22 40
11 13 41
13 16 7
2 4 7
15 16 2
5 8 40
8 10 19
8 11 38
8 11 27
9 14 23
5 8 10
22 1 27
16 18 16
22 0 4
7 11 6
0 2 30
3 5 38
3 7 31
1 3 5
7 10 29
17 21 3
4 7 6
10 13 24
15 18 20
23 1 35
10 12 26
13 15 28
19 23 26
22 0 7
12 16 27
17 20 10
9 12 12
14 16 20
6 8 31
13 14 8
23 23 8
1 3 38
17 21 36
13 15 28
1 5 23
8 13 8
17 21 39
18 21 21
5 8 16
15 19 19
16 20 24
15 18 34
15 18 1
11 14 26
9 12 28
15 20 19
3 4 15
2 5 25
6 10 34
22 0 24
12 14 39
16 18 21
16 19 24
18 21 12
15 17 27
5 8 16
11 15 34
3 7 11
10 13 25
12 16 23
21 23 10
9 11 32
16 18 2
14 17 2
1 3 17
4 8 16
12 16 12
1 3 37
8 9 22
7 11 26
4 7 23
7 11 26
6 10 2
4 8 26
18 22 17
20 23 20
8 10 10
3 5 29
9 14 4
7 9 36
1 3 4
17 21 24
16 21 20
20 0 36
13 17 14
1 4 34
21 1 24
21 0 9
9 13 28
1 3 34
19 22 31
15 19 41
11 13 26
13 15 8
20 0 29
18 21 26
7 10 38
11 14 11
19 22 3
13 16 18
22 1 22
21 0 32
13 17 11
1 5 18
0 2 39
5 7 20
12 15 15
2 5 7
4 5 25
8 10 4
11 14 9
7 9 25
20 23 27
9 12 4
20 22 26
12 16 40
4 7 16
11 14 39
5 9 31
21 0 19
8 11 18
9 13 20
21 23 23
1 5 20
20 23 28
22 1 23
9 13 26
5 7 1
16 19 28
18 21 29
16 19 19
7 12 34
22 3 27
9 12 8
1 5 9
12 14 11
12 15 35
11 13 4
8 12 22
6 10 29
19 23 8
5 7 25
0 3 5
15 17 27
22 2 36
23 2 24
6 9 41
12 15 13
15 18 27
6 8 41
23 3 5
0 1 21
10 15 26
11 14 27
7 11 39
3 6 35
0 4 15
6 8 14
7 10 14
17 20 23
9 10 26
8 12 6
16 19 41
6 10 14
14 16 27
18 23 27
5 7 17
6 9 9
22 1 5
22 1 11
20 0 15
22 0 27
13 15 28
21 2 26
8 10 16
6 9 13
9 13 16
10 14 31
14 17 7
4 7 25
8 13 35
16 17 32
9 11 7
14 17 33
10 12 4
1 3 3
4 8 16
13 16 1
14 18 1
6 10 4
4 9 19
17 19 37
0 3 22
9 14 37
9 13 16
5 9 24
12 16 31
18 22 38
18 20 7
2 5 3
16 19 29
3 4 40
12 15 18
20 22 20
9 12 1
18 0 38
0 1 17
17 20 38
11 14 20
21 0 7
14 15 21
3 8 6
19 0 29
7 10 38
21 2 21
0 5 33
8 11 17
9 10 18
22 2 21
4 7 30
20 0 35
20 22 5
5 9 18
3 7 32
14 17 34
16 19 34
20 0 17
16 18 36
3 5 11
8 12 19
10 13 5
21 0 3
6 10 38
3 3 33
6 9 40
4 6 34
8 12 7
11 13 33
16 19 22
2 6 3
11 13 8
14 16 29
18 21 41
17 20 26
0 2 35
17 19 13
14 16 13
5 9 30
0 3 16
5 7 1
18 21 15
19 21 4
18 21 17
13 16 8
20 23 7
16 19 1
8 12 41
4 6 30
22 2 22
12 15 23
13 16 4
0 1 13
11 15 18
12 16 32
22 1 16
6 10 29
0 2 11
23 1 41
18 19 6
13 16 32
0 3 39
6 9 6
8 10 32
6 12 17
3 8 18
21 23 9
10 13 6
5 9 34
4 8 39
9 13 26
13 16 21
14 17 17
13 16 16
3 7 32
2 6 20
11 13 27
0 2 15
4 7 34
8 8 21
13 16 3
19 22 11
7 12 34
23 1 39
5 8 10
19 23 10
4 8 39
15 18 15
15 19 22
9 12 15
6 8 17
12 13 20
13 15 15
14 16 18
13 16 22
20 1 17
6 9 34
8 11 37
20 22 27
7 10 26
23 1 4
6 9 28
19 21 39
8 10 32
11 14 22
22 23 1
23 3 13
10 15 19
20 22 3
1 3 20
0 4 35
4 8 31
17 0 27
18 21 1
6 8 12
19 23 15
8 12 16
4 7 13
13 14 8
4 8 28
21 2 5
19 22 25
22 0 15
4 7 30
6 9 30
3 6 40
13 16 40
21 23 3
1 4 25
0 3 22
14 17 11
21 0 9
6 9 24
3 6 21
16 18 8
18 20 10
3 5 18
2 5 41
22 0 34
15 18 31
0 2 6
2 5 24
8 12 35
18 21 33
12 17 18
11 13 39
13 16 36
2 5 2
19 22 3
1 4 6
10 14 31
3 6 34
20 22 10
21 1 40
2 7 36
2 6 36
0 3 13
10 14 33
14 15 30
17 23 29
17 19 31
3 5 33
11 15 6
2 6 17
12 14 8
8 12 21
17 19 26
16 21 36
7 13 23
4 8 19
15 16 27
2 4 33
0 4 31
15 19 16
6 9 41
16 19 22
2 3 6
7 9 19
21 0 13
18 21 7
14 16 14
17 19 35
0 4 5
8 11 19
11 13 16
22 3 37
14 16 7
4 6 10
9 14 12
13 17 30
2 3 36
3 5 33
8 12 35
11 13 25
3 6 39
0 3 41
0 3 5
5 8 28
21 23 20
18 22 36
12 13 2
10 13 24
12 15 26
16 20 10
7 9 36
4 6 4
19 22 31
20 23 15
5 9 2
13 16 21
5 7 19
8 12 41
9 11 25
18 22 31
9 12 17
11 14 36
23 3 23
23 3 10
1 4 38
13 15 6
15 19 27
22 0 9
11 15 17
5 7 30
1 5 35
15 17 17
10 11 26
1 4 24
17 20 1
20 23 3
1 4 3
2 5 1
1 3 27
13 17 27
2 5 18
15 19 40
15 20 30
21 0 34
17 19 19
20 23 41
2 6 13
1 4 6
8 11 4
18 20 17
16 17 30
7 10 25
15 18 24
2 5 18
18 21 28
4 7 40
18 20 5
14 15 11
1 5 29
17 19 22
8 11 34
21 0 40
15 20 14
1 3 23
1 6 26
9 11 19
7 10 8
2 4 2
15 19 35
22 1 21
16 19 17
22 2 16
1 3 14
17 20 41
20 0 4
7 8 19
10 13 29
11 13 38
16 19 15
22 2 10
23 2 26
9 12 25
9 13 23
20 23 25
22 3 40
20 0 1
4 8 9
14 18 2
23 1 9
4 8 19
19 22 23
1 2 3
9 14 32
17 20 19
10 13 5
6 10 28
16 19 23
1 4 24
13 17 18
9 13 32
5 6 11
14 18 34
17 20 1
21 0 25
12 15 9
7 12 26
12 14 17
9 13 9
1 4 33
17 21 37
21 0 14
21 1 38
11 14 5
4 5 40
23 1 24
10 13 12
17 20 18
5 8 37
11 14 39
4 8 19
21 0 30
19 0 22
5 7 28
18 20 16
2 4 5
15 20 33
10 12 27
20 22 22
13 18 30
18 22 22
2 6 39
13 14 4
17 20 39
4 6 30
14 16 31
18 22 15
9 13 9
3 7 15
15 19 4
3 5 1
3 6 28
21 2 4
21 23 12
0 3 38
20 23 24
19 21 15
23 1 26
4 7 35
21 23 4
15 17 19
13 16 36
20 0 28
20 22 31
4 7 29
3 8 15
14 17 5
22 1 22
7 12 41
14 16 35
7 9 15
0 2 40
10 14 16
11 14 19
8 10 12
16 19 22
7 10 40
12 14 9
19 21 40
7 11 21
12 14 17
13 17 40
7 11 26
9 11 24
18 22 6
17 20 6
14 16 16
16 20 9
11 14 22
7 9 37
6 10 22
4 7 38
3 4 29
17 20 28
2 6 41
16 19 39
14 18 1
5 10 2
22 0 15
4 6 8
5 8 2
8 10 9
21 1 24
20 0 7
12 14 4
13 17 6
10 13 8
17 19 36
19 0 34
19 22 32
14 16 9
12 14 26
23 2 37
23 4 27
0 3 13
14 17 16
23 2 30
16 19 34
12 15 23
6 8 34
15 18 39
10 14 11
9 12 5
7 8 21
1 3 20
18 21 23
8 11 17
10 15 34
4 7 1
22 3 1
6 8 15
0 3 27
12 14 26
11 13 19
16 20 25
14 19 26
15 18 31
1 4 23
12 15 22
1 4 5
19 22 2
20 22 4
6 9 30
19 23 9
5 7 27
14 16 40
0 2 3
13 16 22
10 13 5
20 1 20
17 21 35
19 0 17
0 4 1
1 5 39
9 12 7
10 12 40
13 16 25
15 18 36
3 5 24
14 15 16
3 7 32
8 11 37
21 0 15
16 18 37
18 23 8
23 1 3
1 5 27
7 9 22
20 0 11
3 7 15
12 13 2
6 10 9
12 15 12
5 9 24
0 3 37
6 8 29
0 4 28
21 0 33
17 18 32
21 0 35
16 19 9
15 19 8
10 11 12
13 16 7
4 7 20
10 13 33
15 17 11
14 16 40
13 17 35
9 12 10
20 0 37
6 9 17
9 13 1
19 22 14
6 9 17
0 2 17
14 16 5
9 12 16
12 16 30
14 18 32
19 23 2
0 2 28
8 12 8
10 13 13
3 7 7
6 9 22
10 13 36
5 9 28
5 6 31
7 10 18
13 15 22
6 10 39
23 3 17
18 22 36
16 21 30
12 15 30
2 6 16
12 16 10
1 7 9
21 1 5
20 0 34
17 18 17
7 9 20
17 20 19
14 17 3
3 6 38
17 20 33
18 21 28
4 7 39
6 8 12
3 5 22
13 15 31
9 12 26
10 14 4
14 17 38
7 10 28
17 20 10
21 0 13
23 2 31
20 23 35
21 23 32
19 23 24
4 5 14
20 23 12
8 10 31
19 0 22
0 0 1
12 14 22
3 6 2
18 21 15
20 23 35
12 15 34
18 20 28
7 10 32
10 12 7
13 16 1
1 6 24
1 4 34
11 13 31
2 4 7
5 8 4
9 13 26
2 4 23
15 17 26
5 10 31
11 13 35
11 12 19
13 17 18
3 6 28
16 18 41
21 23 12
0 2 2
22 1 10
18 20 1
20 23 2
19 22 12
12 14 23
15 17 13
16 19 33
19 21 39
19 23 38
22 1 3
4 7 24
3 7 39
19 21 20
19 22 33
2 3 34
3 5 34
17 22 30
6 9 39
0 4 18
15 18 13
10 13 3
17 19 39
2 4 8
9 13 7
8 11 40
16 20 14
0 2 18
17 20 38
3 6 14
7 12 30
3 7 34
14 16 40
0 3 11
0 2 11
14 19 40
11 14 23
19 22 17
1 5 39
14 17 24
17 19 35
10 15 13
10 15 33
3 6 31
16 16 35
6 9 13
13 15 22
13 16 3
21 0 27
12 15 12
9 12 6
13 16 21
22 2 30
15 16 13
2 6 28
1 3 4
23 3 27
0 4 10
9 11 29
21 0 3
16 19 31
10 14 34
0 3 3
10 13 34
14 16 6
8 10 28
10 13 7
23 2 28
17 20 33
5 8 3
4 8 8
14 17 35
11 14 28
2 5 25
21 0 12
2 5 6
12 14 16
4 7 6
18 23 32
13 17 1
18 21 19
22 2 6
10 13 18
3 4 21
12 15 30
18 21 26
8 10 33
18 21 4
22 2 7
1 5 21
8 12 35
14 17 27
5 7 23
11 13 25
14 19 10
4 7 25
16 17 2
13 16 37
2 8 4
21 22 20
16 17 21
17 21 35
10 14 12
20 23 32
22 1 18
22 1 13
12 15 27
15 19 11
5 8 30
17 19 31
3 7 25
23 3 16
8 9 10
5 7 27
2 5 1
14 16 32
2 7 25
11 15 21
22 0 11
23 3 36
2 5 15
16 21 20
20 21 27
4 6 28
1 3 31
12 14 36
18 22 17
18 20 26
23 3 25
10 14 13
17 19 14
1 5 25
1 4 41
17 19 3
3 6 28
17 22 1
18 20 26
21 23 20
10 15 15
17 20 17
0 2 11
1 5 21
17 22 36
10 12 36
9 14 13
20 22 32
13 17 6
17 21 32
11 16 12
2 4 34
22 1 28
16 20 8
2 6 1
9 13 37
22 2 7
23 0 21
10 15 33
16 19 27
19 21 15
5 8 9
18 23 40
10 14 19
8 12 10
1 5 32
7 10 5
8 13 6
4 8 10
4 7 32
19 22 22
6 9 19
7 7 26
4 7 19
15 17 12
21 0 20
12 14 33
4 7 27
2 6 6
7 10 23
3 6 27
14 17 5
17 20 4
12 15 17
5 9 14
4 7 20
5 9 24
23 2 13
4 6 11
16 19 32
22 2 38
20 22 3
4 7 18
5 8 25
6 9 32
7 11 16
6 9 4
1 4 40
21 2 7
9 11 41
2 4 1
1 4 35
22 1 31
8 10 38
0 4 38
9 13 10
13 17 32
7 10 15
5 7 32
14 19 27
13 15 11
11 13 26
6 11 34
8 11 41
20 23 25
2 5 3
6 9 16
0 4 10
14 17 3
6 8 26
5 8 32
12 15 16
10 12 35
11 15 26
4 6 27
3 6 8
11 14 31
13 15 33
7 10 40
6 10 29
19 21 38
18 19 26
20 21 40
21 23 22
17 19 25
11 16 24
15 19 29
14 16 29
4 7 15
23 2 4
10 14 32
19 22 39
11 15 23
7 10 13
20 23 29
22 0 34
7 10 36
3 6 35
14 17 10
11 13 41
9 12 22
15 18 34
23 2 21
12 17 33
4 7 32
6 9 38
19 22 23
9 11 16
2 4 33
3 7 17
19 23 28
13 15 17
7 10 6
0 1 21
3 7 29
15 19 10
11 14 8
10 13 2
18 21 28
18 22 25
6 8 10
20 23 37
15 17 6
23 3 7
6 9 31
16 18 29
9 12 29
5 8 26
23 2 26
7 11 23
6 9 10
16 18 13
2 6 6
11 15 8
17 18 25
7 9 3
17 21 34
23 2 31
17 21 3
0 3 16
18 20 21
12 14 37
3 6 37
21 2 12
9 13 33
4 6 29
0 2 2
19 22 15
21 23 3
18 19 29
7 10 26
12 15 5
18 20 15
2 5 37
23 1 12
16 21 19
13 15 19
12 15 38
19 0 33
2 5 19
22 1 23
16 17 7
15 18 39
20 22 32
20 23 38
23 1 14
9 11 27
1 3 20
9 13 2
22 1 33
15 18 35
9 11 12
13 16 26
19 22 28
3 6 22
23 3 40
6 10 34
21 1 1
18 21 16
4 6 35
3 6 40
11 13 40
7 9 28
22 1 31
11 14 26
23 3 37
19 21 20
1 3 30
13 16 10
18 22 24
13 15 23
4 6 5
12 14 14
18 21 36
1 6 23
23 3 34
22 1 26
22 1 19
13 15 19
21 0 23
0 2 22
19 21 32
1 6 9
12 14 26
8 10 39
17 19 7
12 17 31
2 6 28
14 17 8
16 19 20
0 4 2
13 16 20
13 14 24
23 2 29
20 0 27
4 8 41
8 11 18
9 12 23
18 21 6
5 8 7
9 12 10
6 9 26
12 14 26
9 12 39
8 14 14
10 14 20
0 3 14
17 21 25
19 21 36
21 0 7
21 23 9
12 16 35
21 22 9
16 19 36
14 18 16
22 0 15
1 6 11
18 18 20
15 18 21
