3000 42
15 40 25 31 28 14 28 9 23 16 5 40 11 18 34 4 27 34 32 33 9 11 33 4 18 2 35 34 1 7 16 24 37 1 8 31 31 9 35 34 39 40 
3 6 42
9 11 32
3 5 13
10 13 21
6 11 26
8 12 39
11 14 11
10 13 42
14 18 11
9 12 15
15 18 17
0 3 11
17 19 27
21 22 12
10 12 31
22 2 37
16 18 26
0 2 20
6 8 6
16 20 33
19 22 15
15 19 26
10 13 23
0 4 7
8 11 29
22 0 8
13 15 27
3 4 35
0 2 33
14 19 42
11 14 23
16 20 34
6 9 34
23 1 30
6 10 22
0 1 5
6 10 2
8 10 28
5 8 38
8 11 41
7 9 19
10 13 16
14 16 38
7 9 12
10 13 25
23 1 41
22 2 3
18 22 42
19 20 37
22 1 36
5 9 11
16 19 11
4 5 29
7 10 1
0 3 5
5 8 28
7 10 38
13 15 41
16 20 18
15 17 41
3 6 1
23 1 13
13 17 18
19 23 31
2 6 38
23 2 31
10 14 30
5 7 17
13 16 9
4 8 37
11 13 5
16 19 20
1 3 26
12 15 2
22 2 22
8 11 2
3 7 29
18 20 2
21 0 32
12 14 41
10 13 22
4 8 27
7 12 42
15 18 31
23 3 12
5 8 6
7 9 3
17 19 14
21 0 11
21 0 6
16 19 11
3 6 39
9 10 32
16 19 12
11 15 31
0 3 28
9 13 33
16 18 17
15 18 1
5 9 42
10 14 8
12 15 22
21 1 9
12 16 9
12 14 6
23 3 9
8 10 40
18 21 5
19 22 14
10 13 16
0 3 25
21 23 28
17 18 1
6 10 16
0 2 4
23 2 30
5 8 17
13 17 32
21 0 10
15 19 14
4 8 40
14 16 17
11 13 24
20 23 9
3 6 32
0 3 36
7 9 33
12 16 38
22 0 1
16 19 39
12 13 28
21 0 34
3 5 28
14 17 19
1 4 3
18 22 24
3 7 36
7 10 33
1 4 33
6 9 34
11 15 38
12 14 40
14 18 42
12 14 14
2 4 4
9 11 38
23 1 8
5 8 10
5 8 16
4 6 22
2 2 27
14 17 10
20 21 7
3 6 30
19 22 1
1 5 14
10 14 14
1 5 3
7 10 30
10 13 31
12 14 40
5 5 9
9 12 24
22 2 10
4 8 30
11 16 20
19 23 8
0 4 2
11 13 38
3 6 34
15 18 26
9 13 25
7 9 20
12 16 6
20 22 29
2 5 38
14 16 25
14 18 25
4 9 22
20 22 12
11 12 33
21 2 34
20 22 5
17 21 30
1 3 26
17 20 17
7 12 28
1 4 27
0 4 24
16 20 12
13 16 26
1 3 2
4 8 20
12 15 18
7 10 5
17 19 30
14 16 24
17 21 21
17 19 33
11 12 24
0 2 11
22 1 21
1 4 32
11 14 28
11 14 34
15 17 5
16 19 11
17 21 20
11 16 16
0 4 37
6 8 31
6 8 26
11 11 42
10 14 10
0 3 17
15 19 7
6 8 18
8 12 37
23 3 13
13 15 22
4 7 39
14 17 18
18 19 37
19 0 6
1 2 12
4 8 10
12 16 2
10 12 34
18 22 1
15 17 8
11 13 32
0 2 19
14 17 14
19 22 36
10 13 28
15 17 4
3 7 35
11 13 15
19 23 10
19 19 37
22 0 17
7 10 9
0 1 36
8 10 20
9 12 5
10 11 23
21 0 2
4 8 4
4 8 30
23 1 40
22 1 13
19 21 41
21 22 34
5 7 12
22 1 30
8 11 34
15 18 28
18 21 10
4 8 2
13 16 17
13 16 37
23 3 25
14 16 21
1 5 3
4 7 11
23 2 1
17 21 8
19 23 16
16 19 3
17 20 35
10 14 31
2 5 40
9 13 34
0 2 22
6 11 15
1 4 5
4 8 20
19 23 23
15 18 17
2 5 2
4 6 35
5 9 24
11 14 11
15 17 23
12 15 8
6 9 5
10 13 4
20 0 16
7 10 35
17 19 36
23 2 9
16 18 3
3 6 16
6 8 2
17 20 6
18 22 1
16 18 11
13 18 21
6 10 14
23 2 14
21 2 20
13 14 4
6 10 32
17 21 15
19 22 8
6 9 2
4 6 42
2 6 3
23 3 23
8 11 22
8 11 22
15 18 40
6 8 41
15 18 25
19 21 35
13 16 6
3 7 14
20 22 25
4 7 6
11 15 38
9 11 38
22 1 37
5 8 15
3 6 3
8 12 21
21 23 37
17 19 10
3 5 30
5 7 16
16 19 19
19 22 3
11 15 32
19 21 12
3 6 37
9 13 23
7 10 27
11 15 23
21 0 38
8 11 17
20 0 38
20 22 22
9 12 8
1 3 40
6 10 39
22 1 22
5 8 18
8 11 9
10 13 5
10 13 8
19 22 30
3 5 29
3 4 25
5 9 34
9 10 4
10 13 10
10 13 31
6 10 19
17 20 33
3 6 11
18 20 25
18 19 12
4 7 41
15 18 17
9 13 34
2 3 28
3 5 24
11 14 23
9 11 36
17 20 11
19 21 6
22 23 6
21 23 5
9 11 40
9 11 6
5 6 38
17 21 38
0 3 28
16 19 7
1 5 12
12 14 36
6 10 32
14 17 8
13 14 36
20 0 42
17 21 15
13 17 30
9 12 18
3 6 26
22 0 19
4 6 38
11 15 28
13 15 3
2 4 31
3 6 7
10 14 35
9 12 42
21 23 30
5 9 24
9 10 41
0 5 34
8 11 10
19 22 33
3 8 22
16 18 2
10 14 32
4 8 25
4 8 40
5 7 30
1 4 22
17 20 11
16 19 6
9 12 10
21 0 41
5 8 22
4 7 42
7 8 40
18 22 12
0 2 17
16 18 28
21 23 38
9 13 5
21 0 20
8 10 16
13 16 27
9 13 36
15 18 40
2 7 4
12 16 6
21 1 35
3 7 23
3 4 36
2 4 37
2 8 27
0 0 23
7 12 36
12 13 31
0 3 34
20 23 41
20 0 16
6 9 25
16 20 26
2 5 25
19 21 42
14 18 38
12 16 15
0 4 7
21 0 17
23 2 18
5 8 13
9 12 16
2 7 9
14 16 8
20 23 29
16 21 33
23 3 18
20 21 15
18 22 30
16 19 6
0 4 41
19 22 12
12 16 11
16 21 33
7 10 19
20 0 9
9 12 36
16 18 29
5 8 34
18 20 3
20 20 29
18 20 33
21 23 14
6 9 5
12 15 26
12 14 30
13 15 3
9 11 21
15 19 39
22 1 13
15 17 30
16 19 40
10 15 33
8 11 22
11 14 28
20 21 17
2 7 30
18 21 32
1 3 32
14 17 31
17 19 5
23 0 12
0 3 16
12 14 1
3 6 41
9 11 8
10 13 21
15 17 24
16 21 17
10 11 39
7 8 2
12 16 34
18 22 34
14 17 3
1 3 30
17 20 15
19 22 34
5 9 16
4 6 39
17 22 39
3 7 14
17 20 21
5 9 4
3 4 36
13 16 15
14 17 12
9 11 17
8 11 9
17 19 33
15 20 33
5 8 13
11 13 39
12 14 1
19 21 42
16 20 39
3 5 9
8 11 41
1 4 20
21 22 25
6 7 12
4 8 31
11 13 41
17 20 20
3 5 25
15 17 33
13 15 33
17 21 20
6 11 9
8 10 13
11 14 16
10 11 4
0 3 9
0 2 34
16 19 24
4 7 41
20 23 30
11 12 24
23 2 35
12 17 30
8 10 9
18 21 22
14 17 35
9 12 8
9 12 39
11 15 42
4 5 18
20 23 21
4 6 12
14 17 35
10 14 39
22 1 7
5 8 5
20 22 32
3 7 2
13 17 32
20 22 18
5 8 6
2 5 15
19 21 7
7 10 22
15 18 15
0 3 36
7 10 33
14 17 1
18 21 36
13 15 10
14 18 12
22 3 16
22 0 28
6 9 36
15 19 28
5 8 7
9 12 42
3 5 40
9 13 32
9 12 11
4 6 34
17 20 15
2 8 29
20 23 13
21 0 30
7 11 31
15 20 1
7 10 4
2 4 34
13 15 37
1 3 38
11 12 39
7 10 40
11 14 37
20 1 2
15 18 9
21 23 14
12 15 2
23 3 4
5 10 14
22 1 4
12 14 29
12 15 4
2 3 19
22 2 30
11 13 26
6 7 18
13 16 19
3 5 14
2 7 5
0 4 18
5 9 13
23 0 6
0 3 3
12 17 2
20 21 15
12 15 7
19 22 2
2 5 4
17 19 23
13 17 9
1 5 38
10 15 5
4 7 37
5 6 34
22 2 5
12 14 23
22 0 26
5 7 5
14 17 26
0 2 1
19 21 41
12 14 19
23 1 8
10 12 24
13 16 32
2 5 1
9 12 2
6 9 29
20 21 22
22 1 36
12 14 8
14 16 38
1 4 17
16 18 27
9 14 41
12 16 21
20 22 27
23 2 40
15 18 11
21 0 29
21 1 2
2 5 7
12 15 30
11 14 33
2 5 7
2 4 20
12 15 5
16 20 40
22 2 18
19 23 15
1 4 12
8 12 16
3 6 12
10 13 24
8 9 36
11 13 33
16 18 33
22 0 20
20 22 30
6 10 14
0 4 4
13 16 20
20 0 24
1 4 12
16 17 12
0 3 28
21 0 27
10 13 18
16 17 25
8 11 14
20 21 7
12 15 31
17 19 18
17 20 21
10 14 39
5 8 7
21 0 36
19 21 33
10 13 15
0 2 23
14 16 31
1 5 23
13 17 33
14 16 9
3 6 36
16 19 32
5 10 3
5 8 23
7 11 15
23 1 26
5 7 41
5 8 17
20 23 8
15 18 39
21 0 11
13 17 5
3 4 2
20 0 35
17 20 25
5 9 24
15 17 14
1 5 7
19 23 8
22 0 5
15 18 1
11 15 35
6 9 15
23 3 32
2 5 19
17 20 3
4 7 41
12 17 14
4 9 41
13 15 16
4 7 27
8 11 42
7 10 40
18 21 42
8 10 40
23 3 10
11 15 9
12 15 7
11 14 23
21 0 12
20 23 8
18 20 17
14 17 9
5 8 24
23 4 38
5 7 5
4 7 18
8 10 27
13 15 9
2 4 7
5 7 37
7 9 23
15 17 37
18 21 33
16 20 41
20 0 28
2 4 6
5 9 10
4 8 27
9 12 15
3 5 23
9 13 33
13 17 36
8 13 6
5 7 40
17 22 31
8 12 21
23 3 25
12 15 39
10 13 19
7 10 3
21 1 31
14 17 41
18 22 27
13 16 13
5 10 4
2 5 11
21 23 9
1 4 18
13 16 15
7 10 20
20 1 30
0 5 40
22 0 22
15 17 4
16 19 4
3 5 30
7 10 24
11 15 33
17 20 11
2 5 25
7 10 35
9 12 37
8 12 13
6 9 33
22 2 29
1 2 29
17 21 35
12 15 24
4 7 24
18 19 29
18 21 13
18 0 17
18 21 24
5 8 41
22 1 38
6 8 36
16 19 9
20 23 27
3 5 42
23 2 3
5 9 1
11 13 18
18 19 16
13 16 22
2 6 24
18 21 6
3 6 10
16 18 28
9 12 4
1 4 2
7 11 11
10 13 18
10 12 10
14 16 16
14 18 3
17 19 28
8 11 34
12 14 22
16 21 11
22 2 30
1 5 26
8 11 5
14 18 11
6 10 23
3 7 26
13 14 9
11 16 7
3 7 5
3 6 4
16 18 41
19 22 39
21 23 25
9 13 34
4 5 3
13 18 28
21 23 1
9 14 19
19 22 30
21 1 33
4 7 33
16 19 27
19 22 33
7 9 35
8 12 9
20 0 29
7 10 37
10 14 17
5 8 8
11 14 30
17 21 8
12 16 1
1 5 10
6 10 30
3 5 27
6 9 24
5 8 18
4 6 42
22 0 36
7 11 30
0 4 41
12 15 39
6 7 11
0 4 9
15 17 20
20 22 3
22 0 8
21 23 33
19 22 24
10 13 16
21 0 2
11 15 13
23 3 37
9 13 9
2 6 17
12 13 10
21 23 22
12 16 28
0 3 28
22 0 39
6 7 20
14 18 12
10 14 41
13 16 35
2 5 27
15 18 23
4 8 19
10 14 10
11 13 25
7 11 31
1 4 21
20 23 10
23 2 8
13 16 8
17 20 31
2 5 6
11 15 37
11 15 28
3 8 11
3 6 25
15 18 2
9 12 38
22 2 7
3 4 21
22 1 6
23 0 17
23 1 36
22 23 18
8 10 15
16 18 11
12 14 8
6 10 32
20 0 18
20 0 34
8 11 13
18 21 42
3 4 14
4 7 32
6 11 23
0 1 23
6 8 5
23 2 15
9 13 27
20 0 26
22 1 36
4 7 30
23 1 5
11 13 18
8 12 37
15 16 40
10 13 9
21 22 7
12 13 38
21 1 5
15 18 25
7 12 15
19 23 27
7 11 33
13 15 26
22 2 19
7 9 12
7 9 36
17 21 21
0 3 36
7 10 5
2 5 19
23 2 27
4 6 35
14 15 41
16 17 18
10 12 6
5 8 12
10 11 34
22 23 14
6 9 40
11 15 28
1 4 16
7 10 22
20 22 11
20 0 21
4 6 7
9 11 24
6 8 21
22 1 10
16 18 15
6 10 20
5 6 30
7 10 6
12 16 21
0 3 37
19 22 40
18 19 36
19 23 7
23 2 35
21 0 3
6 8 19
15 17 13
6 9 5
3 8 31
7 11 13
6 9 30
14 18 17
23 2 31
11 14 33
19 22 28
1 3 23
11 14 38
5 8 30
18 22 21
15 19 22
12 14 7
10 11 36
23 3 29
5 6 15
14 15 2
8 9 23
2 6 35
20 23 12
16 20 5
11 13 17
3 5 16
20 22 18
9 13 12
7 10 23
0 5 4
15 18 17
0 3 1
3 7 9
17 19 20
16 19 34
22 1 19
0 3 16
6 10 39
1 4 37
3 8 39
0 3 36
8 10 30
0 4 20
10 12 7
6 10 8
23 2 22
9 11 1
5 9 14
0 0 39
0 3 30
16 17 37
18 21 19
8 10 22
8 11 40
14 16 2
16 18 32
9 11 24
23 2 31
15 17 11
18 21 9
7 11 40
5 6 42
1 5 23
0 2 22
3 6 35
19 21 10
19 23 29
20 23 36
21 23 17
22 2 18
0 3 37
4 8 1
22 1 5
8 10 6
3 5 38
15 19 30
19 21 5
18 22 17
5 9 28
16 21 13
5 6 7
9 11 15
22 3 22
2 5 25
19 21 9
10 15 10
0 3 9
0 5 9
13 17 2
8 11 32
14 16 35
12 16 20
7 10 26
15 19 23
17 19 38
14 16 27
15 16 21
4 8 20
10 12 4
8 11 3
21 23 42
1 6 17
7 9 23
22 1 24
20 23 30
14 18 14
23 2 13
5 10 15
0 2 37
20 22 19
16 19 37
14 14 41
19 23 8
10 13 12
13 16 28
5 9 13
10 13 21
15 19 40
1 4 23
3 5 2
21 1 10
21 1 37
22 2 40
10 12 7
15 18 26
4 8 14
22 23 7
13 14 35
5 9 2
20 23 2
13 15 30
14 17 25
8 11 6
22 1 22
17 22 18
2 5 5
23 3 6
2 5 13
8 11 17
0 4 24
6 11 7
9 11 40
5 7 29
21 23 15
22 0 24
7 11 4
20 23 29
8 10 26
20 23 11
9 12 6
23 2 4
19 21 41
20 0 21
4 8 8
14 17 37
3 5 21
21 0 2
7 10 23
6 9 35
10 13 25
6 10 22
16 19 24
8 12 38
21 0 35
6 9 35
3 6 6
9 12 32
16 18 8
21 22 16
4 6 24
1 3 34
18 20 27
11 14 5
22 0 15
17 19 32
7 11 35
23 0 13
23 2 37
16 18 20
8 12 33
1 5 27
3 6 13
20 22 23
15 17 26
0 2 12
4 8 22
1 3 16
6 10 15
1 3 38
4 7 33
5 8 33
12 14 26
11 14 6
21 1 5
15 18 27
7 9 40
3 6 1
21 0 23
6 8 9
8 10 3
23 1 8
15 19 22
6 9 36
7 10 18
3 5 12
22 1 40
1 3 35
16 20 32
13 16 19
1 4 14
22 1 33
12 14 7
8 11 22
9 11 26
23 2 40
17 18 11
4 7 33
22 23 41
11 14 4
12 15 32
2 4 17
20 21 34
9 13 3
8 11 41
5 7 29
10 13 30
9 11 26
19 23 40
10 12 31
13 16 36
12 15 33
3 6 14
17 20 7
16 20 22
7 10 22
17 21 30
18 20 23
22 1 25
9 12 7
6 9 26
8 12 4
7 12 23
10 15 16
11 13 14
5 8 10
5 9 31
10 13 24
16 18 9
23 1 39
10 13 17
23 1 30
19 21 28
8 10 5
20 22 22
18 21 9
14 18 27
15 19 7
8 11 5
19 22 26
3 8 8
14 17 6
22 2 21
20 1 18
2 6 22
0 4 19
15 17 20
22 2 20
21 23 36
5 9 31
3 5 4
11 14 6
10 14 8
23 2 23
18 21 22
9 13 25
3 7 37
22 1 7
18 22 4
22 0 12
11 15 11
19 22 36
21 1 31
19 23 29
15 18 16
1 4 26
5 6 33
12 13 2
18 21 2
15 17 41
17 19 11
9 11 25
18 19 9
15 18 21
20 1 9
2 6 14
3 6 10
9 11 36
22 1 10
9 13 7
17 20 19
13 15 8
6 7 16
1 4 41
13 17 11
11 14 16
17 21 4
1 4 13
0 3 6
16 18 14
20 23 24
0 3 32
19 22 19
6 10 14
13 16 4
18 20 31
13 16 24
15 17 8
13 15 7
8 11 14
13 15 41
20 22 15
12 13 30
13 15 25
9 13 4
15 18 32
9 12 9
0 2 39
0 3 11
1 4 39
20 1 17
16 19 24
12 16 30
8 9 9
10 11 27
1 5 29
8 11 30
16 19 15
15 17 32
5 7 31
6 10 39
22 0 23
0 3 13
2 5 13
22 0 33
6 10 36
10 12 37
21 0 38
5 7 25
1 4 30
8 11 8
19 21 37
1 3 37
0 4 22
23 2 35
7 12 23
6 10 5
2 4 11
3 7 41
5 8 16
17 20 37
22 22 27
5 6 18
21 0 21
3 6 15
4 9 35
23 3 26
19 20 22
7 9 13
0 4 38
0 2 39
1 3 14
0 3 23
21 23 25
20 23 20
12 15 32
3 6 37
0 4 41
21 0 33
20 22 14
21 0 9
12 14 23
15 18 22
6 7 27
1 6 22
17 20 20
10 14 24
1 4 32
6 8 41
21 21 19
21 23 6
2 6 6
5 7 41
11 15 35
9 11 18
5 8 19
18 19 6
9 12 25
18 22 20
2 5 3
20 0 37
19 23 7
19 20 8
21 23 8
13 15 37
23 1 2
1 6 23
17 21 7
8 11 41
8 10 29
12 16 7
6 9 15
17 20 9
15 19 4
2 4 32
4 8 27
15 18 12
5 6 5
1 4 31
2 4 36
0 4 20
23 2 17
23 0 40
7 11 30
6 9 22
3 5 15
7 11 2
5 5 14
8 9 13
19 22 38
6 9 35
12 15 1
4 7 4
10 13 25
10 12 25
20 22 14
6 8 22
21 1 17
8 9 27
15 18 17
14 17 24
13 16 40
10 14 34
15 18 22
14 16 39
23 2 13
4 8 2
9 12 15
14 16 8
9 12 40
20 0 37
4 7 17
21 0 40
19 0 22
14 18 10
13 17 26
11 12 3
11 15 29
17 20 16
4 7 10
15 18 22
9 12 3
19 22 41
7 10 15
23 2 8
10 12 35
4 7 37
19 21 13
14 17 34
21 0 27
4 7 25
22 2 29
16 19 23
0 3 12
20 0 20
12 14 8
17 20 13
19 22 26
3 8 38
10 11 32
19 22 18
21 0 8
8 13 11
18 21 9
12 15 25
13 16 27
23 2 6
10 12 17
15 18 13
2 6 21
16 21 1
12 16 16
14 17 14
3 6 2
14 18 1
0 3 3
18 21 1
16 19 24
2 5 2
6 9 31
18 21 39
20 23 26
18 19 40
15 21 14
4 7 36
2 5 17
7 9 12
12 15 17
8 11 42
15 19 27
22 0 29
8 12 34
6 8 33
7 11 19
13 16 36
15 19 24
9 11 36
9 11 38
12 16 42
20 0 32
22 1 1
8 12 33
1 4 19
18 21 16
11 14 41
1 5 21
13 16 11
3 5 16
20 22 11
3 6 18
10 13 33
22 2 37
1 5 1
11 13 2
15 17 12
23 1 1
2 5 35
16 20 5
0 4 40
11 14 8
3 5 9
10 13 40
5 8 3
4 5 16
23 3 31
2 4 27
0 4 36
18 22 19
17 21 16
2 5 9
22 1 14
17 22 3
17 21 24
8 10 20
3 5 40
1 6 22
8 12 16
7 9 25
3 7 18
3 6 4
7 10 22
5 8 29
18 21 5
21 2 30
18 23 18
13 15 32
15 19 1
15 19 41
14 17 14
14 18 17
18 21 13
2 5 8
3 5 1
7 10 10
15 18 20
23 1 15
17 22 3
18 21 16
1 6 10
13 17 8
19 21 24
19 22 9
2 6 3
2 5 42
12 15 25
6 8 25
9 12 11
22 1 34
3 7 22
9 9 3
18 19 3
20 23 37
16 19 2
9 11 21
1 5 39
1 3 16
13 15 31
0 2 36
11 13 34
6 9 9
3 6 25
15 19 42
16 19 28
3 5 26
3 7 17
22 1 25
0 1 22
3 6 8
0 3 17
22 3 26
6 10 27
3 6 20
16 18 4
18 23 1
21 23 19
11 16 30
13 17 39
23 2 31
7 11 11
7 11 2
9 12 37
14 17 11
10 11 26
18 21 22
4 6 27
13 15 41
21 23 30
9 13 7
15 19 13
1 5 9
12 15 1
23 1 18
14 16 3
5 8 40
16 18 39
3 5 5
22 0 25
7 11 8
12 16 15
10 14 17
8 10 1
14 17 12
3 6 42
4 9 29
6 7 24
10 14 41
2 4 1
5 8 2
11 13 4
19 22 22
2 4 15
6 9 37
18 21 32
16 21 32
15 21 27
23 3 26
5 7 14
7 10 16
21 23 26
8 12 18
5 9 25
12 15 12
1 4 13
13 15 37
6 9 37
20 22 36
8 12 19
15 19 24
6 10 30
7 9 9
23 0 41
18 22 41
11 14 39
17 20 35
5 7 13
11 16 7
16 19 28
1 4 3
19 21 36
14 17 6
1 2 17
2 4 20
18 21 19
22 1 41
7 8 30
17 19 29
9 11 13
17 21 41
3 6 37
16 21 2
3 7 37
9 13 28
21 0 12
10 12 39
5 8 40
21 1 5
8 13 16
16 19 32
11 14 36
14 17 1
21 0 8
11 14 22
11 13 6
12 15 22
14 16 1
12 12 9
17 19 38
22 3 10
7 12 16
12 15 13
16 20 33
5 8 23
16 21 15
0 4 20
15 19 10
12 14 24
4 8 20
20 21 34
22 2 3
15 19 28
4 8 30
13 17 17
22 2 15
7 12 42
21 1 19
6 11 11
17 20 14
8 12 9
6 8 6
20 22 12
14 18 39
15 18 5
3 5 10
15 18 10
16 19 21
1 4 3
13 17 8
7 11 13
4 8 24
2 6 23
13 16 14
10 13 28
16 19 25
3 6 11
21 23 39
0 3 9
22 0 20
21 2 16
8 11 38
15 18 31
19 22 38
7 9 1
12 15 39
1 5 9
4 4 34
21 0 41
20 23 6
17 20 41
8 9 30
16 19 34
15 18 41
14 19 5
21 0 32
10 12 42
11 13 35
4 7 1
11 14 32
17 18 2
8 10 2
5 9 32
4 7 42
3 6 15
13 15 37
4 8 14
14 17 26
11 14 26
18 21 20
6 8 32
14 18 37
5 8 39
16 19 18
17 20 29
4 5 19
16 18 23
10 13 33
7 11 22
7 9 7
20 22 9
0 4 7
5 8 12
22 3 21
17 19 24
6 9 17
4 7 11
18 20 32
17 19 13
11 14 8
7 11 28
12 16 42
13 13 12
14 18 34
10 14 14
10 13 18
9 14 9
10 12 12
9 13 5
18 21 35
15 19 31
7 9 28
20 21 38
16 20 38
17 20 12
0 4 29
12 15 37
21 22 27
20 23 37
1 5 10
16 20 20
15 17 21
6 7 5
10 13 6
19 0 6
12 16 6
23 3 30
12 16 20
21 23 1
19 22 35
17 21 25
8 9 6
18 21 9
15 19 1
6 11 5
15 18 7
7 9 31
3 8 38
5 8 4
17 20 42
2 4 23
7 11 27
22 0 19
11 15 17
22 3 37
15 17 19
16 18 23
23 2 25
12 15 2
0 3 5
7 9 11
17 22 18
5 8 1
19 20 6
22 0 13
23 2 31
9 11 14
8 11 23
9 11 28
22 2 30
1 4 28
2 5 32
23 2 37
11 14 10
8 10 5
16 19 31
19 23 16
7 10 3
5 7 5
6 11 12
4 8 15
14 19 25
6 10 21
3 5 35
14 18 21
17 20 41
1 4 40
2 4 12
23 4 15
11 14 12
23 4 32
1 3 42
19 22 30
14 17 17
21 1 7
23 3 7
23 3 18
0 3 15
6 8 37
14 15 42
5 7 34
14 16 12
8 12 24
11 13 3
11 15 3
12 13 36
9 12 33
20 0 22
16 19 1
6 10 41
20 23 29
7 10 7
4 8 5
4 8 3
13 15 41
18 20 39
4 8 22
11 13 37
13 17 30
5 9 37
5 10 19
0 4 27
15 21 4
18 21 35
12 13 20
15 18 9
6 8 34
15 19 34
15 18 28
22 1 18
4 6 32
17 21 10
4 6 11
19 20 11
17 20 23
2 4 26
21 1 3
22 1 31
19 22 13
7 9 18
17 19 5
22 2 21
22 0 30
1 4 29
8 12 6
8 11 2
12 15 13
18 20 1
20 23 37
3 6 37
22 2 34
2 5 9
4 7 42
3 7 3
18 21 17
8 11 21
10 12 40
7 10 41
6 9 31
8 10 2
20 23 23
8 12 3
15 19 8
4 8 34
8 11 33
4 8 27
21 1 37
1 2 33
20 22 29
18 22 39
15 19 42
13 15 38
6 9 18
4 7 31
0 2 12
23 3 3
9 11 6
1 5 16
16 18 41
20 22 32
5 6 25
22 2 37
8 13 6
0 4 21
23 0 42
6 11 40
18 22 4
17 19 24
5 8 12
2 4 38
7 11 42
12 16 22
9 12 11
6 11 15
0 2 27
15 20 13
12 15 15
17 20 16
15 18 34
6 9 21
6 10 10
1 5 38
0 3 31
8 10 1
17 19 15
3 6 25
3 5 38
11 14 41
21 23 32
9 12 20
12 15 7
12 16 41
20 23 5
1 4 7
2 6 20
2 2 16
14 18 19
16 19 9
1 4 7
0 3 36
17 20 37
22 1 33
19 22 19
12 16 4
17 19 41
17 20 25
21 0 1
7 9 39
2 6 11
15 18 12
0 5 25
8 10 12
15 18 11
11 16 35
23 1 14
18 21 34
2 4 21
2 7 15
3 6 7
14 15 4
12 15 21
5 9 22
16 19 10
15 19 30
22 2 27
7 10 28
13 17 6
10 14 8
19 23 15
13 17 29
17 20 14
19 21 34
20 23 20
16 19 25
11 17 41
0 3 34
10 13 16
6 8 8
8 12 11
0 3 8
2 4 3
9 11 35
17 19 17
10 15 41
10 14 41
6 13 23
20 23 20
14 15 26
10 11 6
8 11 38
19 23 33
17 20 25
3 6 41
18 21 1
17 22 23
16 20 41
1 3 41
12 15 20
10 14 27
0 3 25
9 10 29
20 1 5
0 2 21
1 4 26
20 23 8
22 2 24
17 20 19
19 23 14
21 0 21
23 4 22
23 1 40
0 4 10
2 5 42
18 20 34
2 6 15
8 11 38
23 1 22
12 16 24
20 22 6
20 22 40
18 20 8
19 21 6
17 21 9
21 23 29
9 13 24
13 16 35
17 20 41
16 18 14
19 22 7
12 15 23
6 7 4
15 18 36
4 9 39
11 13 36
4 8 42
20 23 10
8 11 29
1 4 16
14 18 38
13 16 12
19 21 25
20 0 42
4 9 6
15 19 28
5 8 20
17 20 12
18 21 25
16 18 39
9 10 37
14 15 6
6 8 29
9 12 35
3 6 21
10 13 26
21 23 27
1 5 14
5 8 29
22 0 6
21 0 29
4 9 20
2 7 11
10 15 36
4 6 33
2 6 9
14 17 7
17 21 2
15 17 32
14 16 30
1 3 35
13 16 13
19 22 38
6 10 14
21 22 36
20 1 8
3 6 23
12 15 40
1 3 16
11 13 23
13 17 38
21 1 1
7 9 40
12 14 32
22 1 36
15 18 13
14 19 17
18 20 15
10 13 29
15 18 23
20 23 21
6 8 38
4 5 35
2 5 10
9 13 10
3 7 1
11 14 13
19 23 37
22 1 20
23 1 2
16 20 22
9 12 4
17 19 11
19 22 11
4 7 6
1 4 10
12 16 20
16 19 30
7 10 19
15 18 14
18 20 26
19 21 37
8 12 27
2 7 41
0 3 16
10 14 42
17 18 34
7 9 15
21 0 23
6 9 32
18 22 17
6 9 40
13 16 34
5 9 7
0 3 22
5 6 13
10 12 38
17 19 9
0 3 41
21 1 20
20 0 15
6 10 1
22 2 36
21 23 16
8 11 39
10 14 36
18 20 30
5 10 39
6 11 23
5 10 25
2 6 36
3 6 26
23 2 5
1 4 15
21 0 14
0 3 22
5 9 24
18 21 15
20 23 6
21 23 27
23 3 6
8 11 21
22 1 3
8 12 11
5 7 8
20 21 15
5 8 41
8 12 5
0 3 21
2 6 3
13 16 41
10 14 39
1 2 16
7 10 12
20 22 27
14 15 15
17 19 12
20 23 32
15 18 30
18 21 40
16 19 6
5 9 36
11 16 39
19 22 1
6 6 34
19 22 42
5 7 14
17 18 19
18 20 29
23 3 4
14 17 34
3 6 12
2 4 28
1 5 12
1 3 31
1 4 3
23 4 26
1 3 22
13 15 9
10 14 13
10 11 41
7 10 10
2 6 17
0 3 1
9 12 16
8 10 8
6 7 27
11 16 31
0 2 18
16 19 19
13 16 5
19 23 7
1 4 37
7 10 15
11 14 14
13 16 17
6 8 42
2 5 13
16 19 13
12 15 2
22 3 19
16 19 9
17 21 36
9 12 8
14 15 7
11 14 26
21 2 34
15 19 3
5 8 35
5 8 1
0 3 30
0 3 5
17 21 19
19 22 30
19 23 9
15 18 31
21 22 33
20 22 3
12 17 37
8 10 9
22 1 29
5 7 41
22 3 9
8 11 1
1 4 38
5 9 9
23 3 32
9 12 6
4 7 37
10 13 13
2 5 40
16 20 41
14 18 8
5 8 21
17 19 13
23 3 6
17 21 3
19 23 17
23 2 2
3 6 29
16 18 31
4 6 25
22 1 41
22 0 6
16 19 11
17 20 3
7 8 36
6 9 15
13 17 24
18 21 1
20 22 32
12 14 35
15 20 35
20 0 11
0 4 33
5 9 41
18 22 42
9 11 24
16 18 27
13 16 1
20 23 15
16 19 30
11 13 27
21 0 32
5 8 29
12 17 41
12 14 20
22 3 28
21 0 40
18 21 21
1 4 18
11 14 40
23 2 7
0 4 23
12 15 40
17 20 29
14 18 39
3 5 40
4 7 6
15 19 40
8 12 16
13 18 1
12 15 32
16 20 4
4 7 31
16 18 24
2 5 25
3 6 33
5 7 4
9 12 11
6 9 31
7 11 28
13 16 22
17 20 35
14 17 11
23 1 14
4 5 22
10 12 6
5 9 26
12 15 10
6 10 3
1 2 9
11 15 41
11 14 5
15 16 9
5 6 10
8 13 35
16 19 8
14 16 30
9 12 22
18 18 4
12 14 39
22 2 39
18 20 19
18 23 40
22 2 36
12 16 41
12 15 15
9 12 35
23 0 11
17 22 18
1 4 29
23 3 24
0 4 1
6 9 36
11 14 2
11 13 3
11 13 19
0 4 18
19 22 12
21 0 16
9 13 3
21 0 26
0 4 36
15 19 26
23 2 37
23 2 19
4 8 7
21 0 4
9 11 4
4 7 39
2 6 30
4 7 5
3 7 26
10 12 9
16 18 38
18 19 3
15 17 24
9 12 32
12 14 22
22 0 33
9 12 7
22 2 39
5 7 13
3 7 9
7 8 21
12 15 17
0 1 10
8 11 9
14 16 25
18 22 36
9 13 28
21 2 4
17 19 17
10 13 5
0 2 2
2 6 2
0 4 20
7 11 18
3 6 19
14 15 30
21 0 12
2 3 23
4 7 6
23 1 6
22 23 39
15 18 5
2 5 17
4 6 7
6 8 16
22 3 17
20 22 24
0 3 18
3 6 13
8 12 22
13 15 12
10 12 5
11 12 24
2 4 41
23 2 11
3 7 1
8 11 7
5 8 35
23 3 20
6 7 31
19 22 2
17 21 39
21 1 16
1 6 23
19 21 10
20 22 33
2 5 2
16 21 27
1 4 34
23 2 3
23 4 10
11 15 24
7 11 9
21 1 34
7 10 36
3 5 24
9 10 9
1 4 34
16 19 9
3 8 27
5 10 34
9 11 15
15 21 29
18 21 16
4 7 27
11 15 12
6 10 41
10 14 7
21 23 2
9 13 19
12 15 32
7 10 35
4 4 33
7 11 16
5 6 7
13 16 39
6 8 35
17 18 24
4 6 37
2 6 20
12 15 30
21 23 35
6 9 32
18 21 25
0 4 3
13 17 25
13 15 34
13 16 36
9 11 35
6 9 28
18 22 9
16 18 31
19 21 16
19 22 18
22 1 7
12 15 9
4 6 14
17 21 26
12 15 1
17 20 29
1 4 3
9 13 41
1 4 35
5 9 11
6 10 15
21 1 30
2 5 16
12 16 5
4 8 7
23 3 17
14 16 30
14 18 29
23 3 4
14 16 5
22 2 30
13 16 22
15 19 38
5 8 9
4 6 42
22 0 38
17 19 25
22 0 8
12 13 16
17 19 12
7 9 9
11 15 7
11 14 35
8 11 25
2 5 13
9 13 27
15 18 30
3 6 35
5 9 33
22 2 5
17 20 34
13 15 8
8 10 32
18 23 29
19 22 7
8 9 15
22 1 13
0 3 17
0 4 11
11 13 2
23 2 21
11 13 35
11 14 26
11 13 34
11 14 10
13 16 5
18 22 32
3 6 29
5 8 31
9 10 31
6 8 6
6 10 14
13 15 24
7 10 13
7 10 35
15 17 25
5 8 5
1 5 8
10 12 5
18 21 3
23 2 4
1 4 10
6 9 21
17 21 31
17 21 32
2 4 1
5 9 1
4 7 22
5 9 6
12 17 41
15 18 22
23 2 3
15 19 24
6 9 20
19 23 17
12 14 2
6 10 33
12 15 25
3 5 1
18 21 21
5 9 22
4 7 14
7 10 13
16 18 31
18 22 19
5 9 27
17 19 3
19 22 36
23 1 38
5 7 5
20 23 16
7 9 24
15 17 21
10 13 42
5 7 31
20 22 23
11 15 33
15 17 39
9 12 13
14 16 1
13 17 39
20 21 22
9 11 1
0 3 20
15 18 18
14 18 25
23 2 36
13 15 28
17 20 5
11 12 33
4 6 40
5 7 36
9 12 23
23 1 15
9 14 30
18 21 31
3 6 17
3 7 37
22 0 14
21 0 15
4 7 26
16 20 29
19 20 35
14 17 32
1 5 22
12 16 16
2 4 1
15 17 38
23 2 34
6 10 33
8 12 32
0 4 32
3 6 32
23 2 12
23 3 1
20 23 42
11 14 15
21 0 34
18 21 22
9 13 14
14 15 23
21 1 4
9 14 23
12 15 42
9 13 18
13 15 38
6 8 5
17 19 30
17 18 24
17 19 14
22 0 7
14 15 27
21 23 11
7 9 41
14 18 23
21 23 5
6 11 29
8 11 39
18 23 10
9 10 41
10 12 21
15 19 20
19 22 40
1 4 23
9 12 32
23 2 8
3 5 5
15 20 14
11 14 3
7 10 10
4 6 26
15 18 4
12 14 12
19 22 7
10 13 34
6 9 4
12 15 32
4 7 25
21 0 15
9 10 13
13 16 29
7 9 4
8 10 22
18 20 33
12 15 41
9 12 31
13 17 32
5 8 32
23 1 8
13 16 29
19 23 22
10 13 28
23 2 17
17 20 27
9 13 28
16 20 13
2 6 36
16 19 4
12 15 25
10 13 14
3 6 22
21 0 21
11 15 9
16 20 6
21 1 2
2 4 6
19 23 35
3 3 28
18 21 38
2 6 25
23 2 33
6 10 25
8 12 22
0 2 3
23 3 38
19 22 16
9 11 36
0 1 26
18 21 28
6 8 17
10 13 34
8 10 15
23 1 25
23 1 19
14 19 39
8 11 33
23 1 28
11 12 26
16 20 41
5 7 19
1 4 6
16 19 10
23 2 31
15 19 32
1 4 25
23 1 21
22 0 35
10 14 34
8 12 18
20 23 40
5 9 38
22 1 23
2 4 30
5 8 27
23 2 6
9 12 37
4 7 18
3 4 28
7 10 1
14 17 6
19 23 40
3 4 25
21 1 40
8 13 3
12 15 33
12 15 32
7 10 37
16 19 25
1 6 42
12 16 39
12 14 8
14 17 21
4 8 6
20 22 38
17 19 13
9 12 9
0 2 14
16 19 12
23 3 37
21 1 42
22 2 40
19 22 34
14 17 33
3 7 29
19 22 35
0 3 31
9 12 7
19 22 20
23 1 27
14 16 17
14 17 37
7 10 1
9 12 35
8 11 2
17 21 1
23 3 37
15 16 15
14 17 2
21 1 33
3 5 20
8 12 20
20 21 36
1 5 21
19 22 39
23 1 40
1 3 12
4 8 8
13 17 15
10 14 21
22 1 9
4 6 17
17 20 12
16 18 22
0 3 34
11 14 6
12 15 25
6 9 8
15 18 30
16 19 33
8 11 32
15 17 25
23 3 14
7 10 32
16 20 7
0 2 7
15 18 29
19 22 3
0 2 29
14 16 8
12 16 22
18 21 35
1 3 38
19 23 27
13 15 24
19 23 8
11 14 18
0 2 7
22 2 42
6 9 30
16 20 14
11 13 2
10 13 5
15 20 40
2 5 13
5 9 35
21 0 12
1 5 4
21 0 36
18 22 36
8 11 1
10 13 15
21 23 11
12 16 25
4 7 40
4 7 27
23 2 26
17 20 24
13 16 3
16 20 22
13 15 40
9 12 18
13 16 5
8 12 8
20 23 17
1 5 23
22 1 39
16 17 41
17 21 23
12 13 8
9 10 1
7 10 19
16 19 42
14 16 10
17 22 16
21 0 7
2 5 35
7 10 26
19 23 33
3 6 40
14 17 11
15 19 10
7 12 8
18 22 13
1 4 13
21 1 3
23 1 39
12 17 7
0 2 25
19 23 37
19 20 11
22 1 22
6 8 20
3 7 29
18 20 32
14 18 41
15 19 11
22 2 31
11 16 14
23 1 38
16 20 16
2 5 12
0 5 38
22 0 29
10 14 21
22 1 17
1 4 1
23 2 25
23 2 23
8 10 2
17 21 38
14 17 23
19 19 37
7 10 20
8 11 23
6 10 31
16 20 6
9 13 22
16 18 8
19 21 25
23 2 13
17 21 34
7 9 16
19 23 7
9 14 16
16 18 29
15 18 23
13 15 3
4 6 19
12 15 20
17 20 18
20 23 12
19 22 42
22 0 12
21 0 39
16 19 20
22 1 37
4 8 40
23 2 33
8 11 23
1 3 19
0 1 34
1 4 16
1 5 17
22 2 12
10 13 1
9 13 14
5 8 18
6 8 35
21 1 10
16 19 23
12 15 30
20 1 2
13 17 1
4 7 26
23 2 37
3 7 1
9 13 36
12 16 41
13 15 4
22 1 3
18 22 17
20 22 30
23 0 14
2 6 35
4 7 9
22 1 24
12 15 30
10 12 22
4 7 23
18 20 17
23 2 30
6 11 40
0 3 32
22 1 4
21 1 1
1 6 21
10 14 19
0 4 23
5 8 42
12 15 40
0 3 40
4 6 18
22 1 13
7 9 24
22 23 40
12 16 39
19 21 27
12 15 8
8 10 35
7 9 38
2 6 35
3 6 39
6 9 4
