7000 44
2 34 3 40 6 13 10 15 6 7 20 35 33 3 7 24 18 38 30 14 35 43 25 15 9 39 8 37 19 44 24 21 5 28 35 32 17 42 17 12 34 7 30 3 
8 11 7
10 11 34
3 6 43
15 18 22
14 17 40
12 16 32
10 13 30
12 16 4
4 7 12
4 5 21
0 2 6
23 1 31
16 20 28
13 17 3
11 16 30
19 20 28
15 21 6
21 1 20
10 13 13
9 12 2
3 5 18
9 12 7
14 19 6
5 9 6
11 13 12
0 3 41
17 20 43
19 21 35
21 0 29
8 11 7
5 8 1
23 3 15
20 23 16
14 17 21
11 12 2
3 4 13
5 8 7
22 1 16
8 12 29
17 17 21
19 21 34
1 6 41
20 1 36
17 19 43
11 14 44
20 22 10
6 9 36
1 5 17
15 18 40
19 21 8
7 10 33
3 4 23
11 15 12
0 4 42
3 6 8
14 17 17
12 14 21
3 4 7
11 14 39
7 8 3
23 2 15
20 23 39
22 1 43
23 1 36
14 18 28
2 5 44
2 4 18
18 19 42
0 4 39
2 6 33
7 10 3
20 0 17
17 20 4
7 10 42
13 16 26
22 2 13
0 2 31
1 4 6
10 12 26
9 11 43
18 22 44
17 20 19
21 2 38
14 19 34
16 20 22
22 1 8
9 13 9
3 6 34
3 4 21
15 20 1
12 16 18
23 1 19
0 3 36
23 2 17
16 19 4
16 18 40
18 20 28
13 15 37
6 11 14
9 12 8
18 21 15
3 4 4
3 7 44
21 1 5
22 1 23
14 17 41
20 22 4
7 9 8
18 22 39
17 19 39
8 11 42
8 11 39
21 1 30
4 8 39
13 15 22
4 8 6
16 19 11
11 14 10
4 7 16
6 10 39
11 13 30
7 11 1
11 13 31
15 18 39
18 21 28
19 21 39
8 11 3
4 8 2
19 0 40
19 23 8
22 1 12
8 11 27
5 9 32
2 5 4
14 18 44
20 22 5
9 11 18
4 7 16
4 8 20
20 22 13
7 10 12
19 21 1
4 8 44
0 2 3
1 4 10
13 16 32
12 15 41
17 19 37
15 18 8
0 3 9
3 4 10
10 13 27
22 2 15
15 17 16
18 19 28
11 14 13
17 21 28
1 3 20
13 15 29
13 16 18
4 7 41
15 15 14
5 10 10
0 3 40
5 8 44
7 11 14
14 18 42
16 17 25
8 12 28
20 21 33
18 20 2
7 10 13
11 13 32
1 4 33
7 12 23
10 14 9
14 18 27
12 16 18
14 16 11
20 22 39
18 20 32
16 19 25
7 8 20
19 22 5
16 20 31
8 11 32
4 6 28
20 23 41
21 0 17
23 3 9
3 6 11
16 18 42
9 12 25
18 21 14
18 22 40
5 7 44
3 5 14
5 9 44
23 2 4
23 1 24
15 18 34
11 16 22
4 8 18
22 2 36
10 13 6
16 19 8
17 20 17
7 10 20
17 21 6
3 4 18
23 2 14
13 16 34
18 19 11
19 22 37
22 2 2
1 6 41
22 2 26
1 4 31
4 7 30
17 21 3
19 23 15
14 16 30
8 9 23
7 11 35
2 5 29
19 22 27
18 21 19
5 8 13
23 2 43
21 1 44
5 8 5
0 3 27
14 16 19
5 8 4
11 14 3
5 8 37
13 16 31
20 0 12
12 14 37
11 15 9
9 11 5
0 3 2
6 9 24
20 0 14
14 17 16
17 20 8
12 16 17
20 23 17
17 20 2
16 19 11
3 7 16
15 19 41
2 6 29
3 6 26
20 23 11
7 10 42
15 19 18
14 16 14
17 21 11
17 20 12
2 5 33
10 12 26
20 23 35
23 3 14
23 3 1
13 15 40
21 1 42
2 5 16
7 11 7
9 12 8
18 20 28
21 0 14
14 17 6
3 6 34
20 22 36
22 2 32
12 14 19
11 14 5
8 11 23
4 6 30
23 3 25
4 6 25
19 22 25
3 7 4
11 13 1
19 22 37
17 19 12
21 1 43
7 11 28
12 15 33
16 21 27
17 20 20
14 17 38
2 5 21
23 2 27
6 10 23
16 20 8
10 13 43
15 18 33
5 8 10
21 22 1
11 14 41
16 20 8
6 9 18
5 8 3
7 12 31
23 1 32
11 15 32
8 12 17
8 10 28
4 8 3
12 15 19
6 9 30
15 18 12
19 21 22
1 4 32
23 4 20
19 22 21
7 12 12
6 8 26
11 11 29
4 6 33
22 3 13
21 0 32
8 11 24
10 13 43
10 14 29
18 22 37
2 7 12
21 0 18
15 17 39
6 8 30
8 11 37
21 23 31
20 22 19
2 6 35
5 9 15
21 23 4
5 9 40
0 4 21
15 21 24
10 14 4
0 2 4
20 23 27
8 10 36
14 17 36
10 11 24
5 7 17
5 7 34
13 15 32
10 12 42
18 20 39
10 14 19
7 10 11
7 10 23
14 18 32
21 2 10
9 11 11
10 15 40
2 5 26
5 8 32
11 17 30
12 14 42
2 5 28
15 17 18
12 16 32
13 16 13
23 3 14
17 19 10
7 9 27
20 23 11
21 0 43
11 13 44
9 12 14
14 17 19
12 15 29
12 15 21
9 13 18
17 21 15
8 11 30
22 0 14
1 2 6
14 17 28
12 15 14
20 22 42
15 17 20
1 3 24
4 8 43
5 8 21
15 17 28
12 15 35
22 1 42
17 22 35
5 9 10
6 9 26
18 23 19
23 4 19
21 23 38
0 4 10
23 1 7
15 18 42
22 2 38
16 19 21
7 11 41
11 14 14
2 6 31
22 2 13
20 0 1
12 15 24
21 0 30
16 18 34
19 21 6
22 1 33
20 23 35
10 12 5
2 3 26
21 1 26
15 17 6
11 13 32
20 0 12
21 1 14
7 11 39
21 0 13
12 16 1
2 5 40
17 20 6
15 17 27
18 22 26
20 23 31
0 4 34
0 4 2
10 13 19
1 4 34
4 7 15
10 13 10
23 2 13
21 1 9
14 18 19
14 17 34
21 2 1
0 2 43
1 5 41
14 17 6
13 16 9
18 20 25
9 15 21
12 14 19
9 11 33
11 13 41
17 20 38
18 21 8
13 18 17
6 9 36
3 6 9
8 9 14
8 12 36
19 21 36
17 21 18
12 14 12
1 4 37
9 13 39
13 17 4
14 17 2
4 7 40
16 18 16
4 6 18
23 1 20
8 11 5
3 6 43
13 17 38
3 5 32
10 12 28
9 10 6
18 19 5
1 3 4
1 6 42
22 2 5
9 13 20
20 0 15
14 16 44
2 5 26
2 6 2
4 7 29
20 23 27
2 5 16
13 16 6
4 7 13
11 14 13
4 7 22
11 14 5
4 6 4
6 8 40
9 11 24
5 8 39
0 4 8
9 12 8
11 13 28
16 19 15
23 2 43
8 11 21
19 22 15
6 9 2
20 2 12
13 17 6
22 23 42
12 15 20
4 6 23
11 13 38
3 6 31
15 18 7
5 9 21
14 18 18
12 15 19
8 13 7
4 7 12
22 1 18
9 13 33
7 9 18
6 8 41
7 11 31
17 20 23
21 0 13
12 15 12
11 15 9
7 12 10
12 15 19
18 19 38
19 21 42
14 16 10
5 9 2
8 10 35
1 4 20
6 7 23
7 11 24
1 2 7
18 20 10
3 7 27
22 1 23
14 18 37
22 1 10
21 0 23
21 0 30
1 4 13
20 23 15
3 6 31
4 8 44
4 7 8
7 10 12
13 16 19
13 15 18
10 12 43
18 22 28
21 23 22
13 15 20
11 15 28
3 6 14
12 14 26
17 20 43
11 16 42
17 21 43
16 18 7
23 1 5
17 20 40
10 11 34
17 20 8
13 15 16
22 1 20
8 11 34
21 0 40
8 11 25
4 8 32
2 5 36
14 17 13
0 3 31
19 22 4
5 9 33
15 19 15
19 21 39
13 15 29
17 22 38
8 11 25
16 19 13
0 3 36
0 4 20
7 9 12
0 2 14
11 14 30
11 15 33
16 19 21
22 1 13
13 17 9
4 7 23
0 3 7
10 13 29
9 12 29
19 22 19
18 21 30
20 23 31
21 23 33
21 1 15
0 3 19
20 0 44
13 16 3
2 4 7
10 11 38
0 3 6
3 8 34
16 18 44
18 20 6
19 21 21
21 22 35
9 11 21
10 14 30
13 16 20
4 8 2
15 17 18
3 6 32
8 12 24
20 0 12
0 3 21
5 9 14
13 18 13
10 13 32
22 1 35
5 8 13
9 11 29
6 8 23
11 15 26
1 4 25
9 13 12
19 0 17
8 11 28
10 13 15
8 10 41
14 18 36
21 2 25
20 23 28
21 0 39
0 3 20
19 22 17
13 16 40
3 6 29
11 16 28
10 13 14
10 13 43
12 15 40
22 3 4
3 5 7
0 3 35
17 20 1
14 17 11
13 17 27
19 23 3
2 5 2
10 13 19
6 7 35
15 19 4
10 14 34
15 18 11
23 2 40
3 6 26
11 14 16
17 21 26
16 18 16
18 21 42
9 11 7
2 6 35
19 23 22
8 10 2
2 5 18
13 17 6
14 17 39
19 21 42
5 7 33
23 1 23
11 14 1
7 10 26
11 12 9
4 8 34
18 23 7
21 0 29
9 11 33
19 22 11
7 10 39
16 19 15
10 14 11
4 8 24
20 0 20
16 18 28
14 16 16
22 0 19
14 17 19
17 20 31
5 7 1
18 19 38
4 6 36
22 3 30
4 7 14
9 11 32
0 3 31
20 0 37
17 22 37
2 5 10
15 19 1
1 2 28
17 20 5
0 2 10
2 6 32
9 12 5
10 15 8
15 18 30
21 22 11
0 4 43
5 9 25
4 6 15
9 13 29
23 3 12
5 9 40
9 12 35
1 3 6
5 9 27
20 23 18
20 1 11
19 22 30
13 16 4
0 3 14
10 13 29
18 21 23
14 18 6
14 15 2
12 15 14
21 0 31
7 11 22
19 22 14
22 1 28
7 9 17
1 6 44
16 20 3
13 17 41
6 10 34
6 9 14
12 14 41
12 14 10
22 1 20
3 6 3
4 7 21
17 19 13
20 23 2
11 14 44
9 11 4
20 1 8
0 3 36
1 2 40
20 23 35
5 8 14
7 10 15
2 4 44
13 16 2
17 21 41
11 14 11
1 3 25
14 17 40
6 9 12
23 2 31
10 12 31
5 8 6
16 20 33
4 6 15
11 15 30
21 0 22
18 23 20
14 16 38
9 14 26
4 7 34
21 23 41
10 13 3
15 17 22
11 13 31
22 0 12
15 18 35
2 4 10
16 17 18
2 6 21
7 9 26
23 2 28
8 11 15
16 19 24
1 3 4
9 11 13
6 9 11
10 14 5
18 21 15
3 4 26
0 3 8
6 10 3
9 12 22
19 23 39
6 9 8
17 19 44
5 8 37
2 5 12
10 12 30
4 8 43
10 15 32
2 7 38
18 22 22
13 16 22
21 23 17
20 1 36
18 22 37
15 18 4
9 13 28
7 10 16
23 2 24
3 6 15
9 13 38
23 2 20
10 12 9
3 7 12
13 16 40
14 16 40
19 22 1
17 22 30
15 18 6
23 2 43
10 15 6
7 10 5
20 22 6
18 21 13
13 16 9
6 9 37
14 18 36
20 22 7
7 9 43
6 11 41
1 3 42
15 17 16
9 14 8
13 16 19
0 2 33
13 17 26
23 2 17
15 19 25
16 20 4
19 22 10
19 23 8
20 0 27
10 12 23
12 15 9
10 12 22
11 13 24
19 0 33
3 5 4
2 5 13
8 10 33
19 21 26
11 13 16
15 17 18
12 16 7
11 12 1
1 4 32
23 1 12
11 14 23
3 6 39
14 17 5
11 13 1
13 16 17
15 17 34
5 8 13
11 14 12
14 16 19
15 18 7
13 15 27
18 21 15
2 5 22
19 22 38
13 16 41
16 21 3
9 13 23
23 1 27
11 13 21
23 2 39
21 23 2
11 13 35
21 1 2
22 3 8
11 15 8
23 2 17
6 11 25
23 1 31
21 22 25
18 21 36
13 17 41
11 16 35
13 15 23
17 18 22
21 1 13
12 14 26
14 16 16
7 12 16
0 2 1
8 10 4
5 9 42
12 16 15
2 7 7
6 9 24
8 10 43
1 4 7
16 19 3
7 10 33
18 21 10
11 14 10
1 4 10
22 1 36
10 14 10
19 0 16
1 4 23
5 7 14
23 3 38
9 13 34
3 7 40
13 17 5
1 5 20
7 8 37
13 14 2
9 12 2
15 18 11
15 18 9
4 5 27
4 7 28
6 8 24
2 5 28
20 23 7
17 21 38
1 5 16
2 5 15
23 3 7
0 3 41
2 4 33
14 16 5
0 3 34
4 7 39
1 5 24
20 22 10
8 11 35
16 19 15
2 6 6
2 7 38
1 6 30
20 20 26
20 0 21
2 4 32
13 17 8
8 9 8
19 0 38
9 13 7
1 4 10
2 4 7
9 11 22
18 20 30
22 1 43
23 2 38
11 14 27
5 7 8
18 22 23
22 0 42
8 11 16
2 4 1
13 16 17
14 18 11
21 23 36
16 17 23
6 8 13
13 15 40
7 9 20
4 6 39
6 9 40
10 14 17
3 5 20
23 3 16
22 23 20
0 4 25
3 6 34
8 11 30
22 0 32
13 15 23
3 5 33
8 11 42
14 16 28
21 0 4
2 6 1
22 0 14
7 11 14
6 11 32
19 23 43
1 5 20
9 11 24
1 4 33
21 1 8
10 14 25
14 18 18
13 14 5
8 14 26
3 6 24
1 5 14
4 6 43
23 2 31
17 20 16
8 11 39
0 5 26
16 21 32
22 1 39
3 6 1
22 1 34
17 20 4
22 2 19
3 5 4
7 10 26
1 4 18
11 14 23
0 2 10
15 17 5
3 9 11
5 7 34
3 7 34
0 5 12
3 5 7
20 23 27
3 5 36
14 15 19
0 4 29
10 14 6
15 18 5
11 13 7
14 17 19
10 14 39
14 17 21
16 19 10
18 21 12
0 3 31
16 18 23
22 2 35
21 23 1
15 19 8
11 15 3
6 9 2
6 9 27
18 21 7
6 10 2
7 9 4
21 1 28
20 22 43
8 11 17
1 3 20
18 21 33
6 9 31
19 21 28
0 2 21
10 14 24
7 11 34
8 11 20
5 9 3
10 12 11
14 18 19
3 5 9
22 23 41
1 4 2
17 18 37
5 8 4
6 9 36
23 3 8
20 21 30
3 6 10
15 17 35
23 2 6
17 21 21
2 5 26
18 22 21
3 5 33
22 1 16
12 14 42
13 17 14
16 20 4
4 6 33
18 21 28
7 10 43
6 10 5
14 16 12
4 6 15
11 13 35
18 21 41
16 19 42
0 2 27
10 12 25
13 16 5
2 6 10
21 0 36
3 5 43
10 14 11
1 4 38
18 21 26
18 19 12
20 23 44
8 11 15
11 15 28
11 12 20
20 0 40
10 13 30
9 10 3
21 0 15
12 16 42
1 3 29
14 17 33
2 3 4
20 22 42
18 22 21
23 2 24
0 4 5
1 6 16
8 13 14
8 10 36
13 16 37
21 2 38
14 15 11
17 22 20
22 0 25
18 21 5
8 11 2
10 11 22
9 12 39
4 7 4
1 5 32
23 2 19
23 3 44
1 4 26
14 18 25
18 20 8
6 8 39
19 21 31
14 17 30
18 21 4
0 3 16
14 19 22
18 22 11
4 7 12
6 8 16
23 1 43
1 5 5
16 19 1
20 0 19
22 1 30
13 17 3
18 22 14
18 22 42
8 11 8
20 23 16
8 10 29
21 0 17
17 20 39
7 9 42
2 5 24
1 5 5
17 19 4
9 13 33
14 16 40
17 18 34
18 21 17
2 6 25
21 23 21
16 19 18
21 1 22
8 11 39
11 15 7
12 17 15
14 17 39
11 14 14
15 20 23
14 16 11
23 1 34
12 14 44
17 19 22
5 9 1
1 4 23
19 22 34
11 15 44
18 21 28
0 3 14
3 6 34
0 2 25
2 5 35
4 5 21
18 21 13
23 2 25
10 14 28
2 8 20
4 6 25
15 19 8
5 8 10
11 15 14
1 5 35
23 2 12
23 4 23
20 1 21
11 13 10
18 20 40
7 9 21
19 22 8
23 1 19
3 6 44
10 11 40
11 14 18
16 20 41
13 17 15
9 13 33
10 11 39
19 22 10
7 9 3
19 22 39
9 15 41
11 14 26
3 5 18
9 13 12
5 7 3
1 4 40
8 13 11
21 1 34
12 14 24
7 12 25
2 6 18
5 7 26
7 10 39
10 12 17
13 16 41
18 21 4
8 11 23
5 8 14
17 19 16
12 15 44
5 8 22
21 0 10
11 13 6
15 18 16
7 12 44
21 23 35
23 1 1
11 15 38
23 2 9
21 0 35
19 21 40
0 3 23
23 2 9
19 22 34
10 12 11
2 5 8
18 22 31
22 1 3
23 2 23
21 0 33
1 3 2
11 16 11
23 3 24
19 22 43
17 19 34
19 22 14
22 1 28
10 13 17
1 3 42
9 10 39
23 1 32
20 0 23
1 4 3
21 22 22
20 23 21
18 22 18
12 15 21
4 7 12
21 23 1
12 15 5
10 13 37
6 9 5
23 1 21
10 13 15
8 12 30
10 13 31
23 2 42
22 1 27
15 20 5
0 1 43
14 17 26
18 20 10
4 6 41
3 6 6
4 6 31
10 14 24
18 21 32
4 9 11
21 23 7
22 2 12
15 18 38
1 4 28
1 4 34
19 23 16
9 13 20
13 17 32
4 6 28
9 12 30
1 2 24
7 10 3
16 19 34
0 3 30
9 12 24
1 5 24
10 14 34
14 18 43
4 7 36
0 2 18
16 17 43
12 17 35
19 22 38
11 14 2
9 14 41
17 20 17
16 18 2
13 16 3
8 9 13
6 9 37
13 17 18
3 5 41
0 3 28
10 13 17
13 16 28
0 3 19
15 18 13
15 19 11
15 18 42
23 2 8
14 17 11
15 18 4
10 14 23
6 10 6
12 12 29
17 20 30
21 22 41
4 7 19
21 2 36
22 1 4
20 23 35
16 19 43
9 11 24
9 11 19
20 23 1
19 22 28
14 18 21
0 4 12
22 1 41
23 3 22
13 16 27
7 9 35
9 11 35
14 17 24
8 11 44
11 13 26
10 14 37
19 23 2
8 10 17
4 8 13
8 9 3
5 9 33
14 17 14
4 7 43
6 8 5
1 4 36
3 6 25
13 15 11
11 14 35
14 18 17
11 14 29
4 8 38
7 10 22
4 7 13
19 21 6
9 12 14
18 21 12
15 18 9
14 18 15
11 15 1
17 19 15
22 1 20
23 4 28
18 22 43
12 16 10
17 18 4
21 2 19
1 4 24
19 21 15
23 3 28
23 1 14
18 21 38
6 9 17
22 1 1
2 6 18
1 6 8
4 7 39
9 11 24
0 4 37
9 13 33
16 18 4
14 17 29
8 14 13
0 4 43
21 0 6
18 21 21
14 17 32
13 15 20
7 11 2
22 3 15
23 1 14
2 4 38
7 10 28
5 9 23
15 20 9
3 5 37
1 5 16
0 4 9
3 7 39
12 14 11
22 0 23
19 21 40
8 10 22
8 11 35
3 7 26
9 12 41
8 11 44
23 3 36
2 5 33
23 2 3
21 0 26
14 15 10
17 21 28
1 3 33
0 1 21
13 16 19
20 22 40
5 9 42
16 19 26
1 4 28
17 20 35
4 7 29
5 8 2
18 21 27
13 15 24
9 13 17
20 23 1
15 17 42
21 0 16
12 15 23
3 5 23
10 13 20
10 12 15
6 10 1
20 23 13
5 7 37
16 20 28
1 5 30
9 12 32
1 4 23
18 21 33
5 7 38
11 15 21
18 19 29
13 15 15
19 22 7
9 13 13
17 20 42
9 12 8
18 21 8
7 10 24
11 14 14
20 23 24
8 11 7
12 16 5
2 6 16
22 3 3
19 22 43
8 12 29
6 10 6
9 13 32
17 20 39
23 3 28
22 2 10
9 12 6
17 20 36
19 22 26
0 5 24
18 22 19
16 18 44
22 3 12
15 18 35
13 14 37
5 8 30
23 3 31
8 9 22
19 22 26
12 16 30
23 1 14
5 7 6
2 5 15
9 12 29
21 1 10
20 22 39
18 21 30
21 23 1
15 18 2
7 12 28
6 9 11
9 11 12
1 4 5
15 17 26
0 3 23
2 6 30
19 22 31
17 19 6
16 20 25
17 19 34
11 13 12
3 7 28
9 13 27
20 0 40
23 2 12
16 20 37
14 18 9
23 2 35
5 8 43
14 15 4
19 23 38
17 19 8
7 8 17
18 21 3
5 8 22
0 2 7
19 22 24
17 22 27
3 5 10
12 15 13
15 18 18
2 5 36
15 16 37
9 11 26
4 5 3
19 0 26
22 2 8
16 20 38
15 18 41
15 16 24
11 14 25
11 13 2
5 9 18
6 9 39
3 5 39
9 12 18
6 10 20
12 16 29
20 0 17
20 23 6
18 21 12
13 16 35
0 1 17
21 2 33
0 5 8
3 8 44
5 9 23
14 17 26
15 18 26
11 13 5
14 15 5
6 9 12
3 6 12
0 4 43
18 22 33
16 18 36
4 6 1
20 22 16
21 0 29
20 23 5
18 21 6
13 16 25
23 3 23
6 8 11
15 19 38
10 13 23
4 7 16
14 20 28
19 21 4
16 20 19
19 22 27
7 11 34
6 9 16
10 13 22
23 2 15
2 6 21
20 0 21
16 18 18
15 18 32
15 20 26
16 17 3
3 5 1
8 12 18
9 12 38
2 5 21
23 4 19
7 10 29
19 22 8
9 12 36
10 13 39
17 22 16
23 2 19
15 17 14
9 11 17
1 5 43
13 16 28
9 12 10
20 0 7
1 5 33
20 1 22
8 11 24
15 17 36
1 3 41
4 6 18
3 5 40
21 23 22
11 13 29
14 19 10
21 22 19
6 9 32
9 11 39
18 21 15
5 8 37
4 6 40
6 9 18
1 3 38
22 3 42
13 17 18
13 16 13
10 13 32
10 14 5
5 9 14
3 9 8
9 13 34
15 17 42
4 6 13
1 4 3
21 1 28
15 18 2
11 14 12
17 21 6
10 14 6
12 14 2
14 17 23
21 1 40
1 5 20
8 12 38
14 17 2
13 16 42
18 21 42
8 10 9
19 23 10
13 15 3
16 19 14
15 17 18
23 2 29
16 19 1
13 16 23
11 15 8
8 10 12
16 18 2
22 0 33
13 16 20
10 14 27
23 1 21
0 3 17
15 18 37
17 21 3
20 1 17
5 9 37
20 23 31
14 17 31
17 21 40
17 19 23
12 16 25
21 2 14
15 17 37
13 16 2
19 23 18
5 8 38
23 2 7
9 12 30
10 13 21
20 22 2
11 14 19
15 17 7
21 0 11
13 17 11
15 17 2
0 2 5
20 23 35
20 0 30
21 0 3
13 16 41
12 15 14
22 1 17
21 0 41
3 6 33
6 7 25
10 14 40
23 2 27
22 2 13
7 11 40
23 2 7
7 11 42
9 13 14
0 3 27
22 0 17
8 11 11
10 14 4
6 9 25
21 0 9
22 23 1
19 23 25
12 15 5
4 7 5
22 2 24
4 6 40
20 22 4
2 6 38
8 11 2
15 16 40
4 8 24
23 3 10
18 20 39
13 15 34
20 0 39
12 15 9
10 12 1
15 18 8
20 22 20
5 7 18
19 2 21
3 6 8
11 14 12
6 10 11
20 23 15
5 7 20
20 22 44
18 21 22
2 5 2
16 19 27
5 8 14
14 18 34
1 3 18
16 18 9
1 4 8
5 9 21
4 6 12
21 1 26
6 10 39
10 13 5
6 10 20
3 6 11
11 15 24
5 8 37
10 13 5
13 17 44
19 21 16
22 2 31
8 12 12
19 22 36
6 9 24
7 10 38
5 9 29
11 15 26
11 14 5
6 9 42
9 12 44
2 4 6
2 5 16
23 3 30
12 17 41
23 3 3
17 20 16
1 5 40
23 1 18
12 15 42
22 2 25
20 23 44
0 3 31
14 18 42
20 22 41
23 2 13
3 6 19
15 18 24
17 19 3
23 2 35
11 13 24
18 20 14
15 18 38
17 20 17
10 13 38
12 16 20
0 3 27
5 9 25
13 16 15
23 4 41
10 12 39
20 23 5
23 2 2
20 0 9
21 0 44
12 15 22
0 4 17
0 2 26
5 8 1
15 18 41
10 12 37
3 6 34
18 22 8
3 4 35
15 18 5
8 10 28
0 4 42
20 21 27
18 19 37
19 21 12
21 0 36
16 18 30
3 7 44
19 21 31
0 4 38
14 16 35
17 21 33
2 6 34
1 3 43
14 18 36
23 3 4
4 6 9
4 8 6
1 4 32
10 12 39
8 11 9
9 11 13
23 2 30
8 11 17
9 13 7
10 13 18
5 7 12
22 2 33
6 10 34
5 8 21
20 23 42
11 14 33
5 8 43
16 18 10
4 6 1
4 7 43
17 19 4
18 19 19
14 17 9
12 15 19
18 21 10
19 23 17
15 19 34
15 17 5
7 7 12
12 14 29
17 19 17
17 20 7
6 9 15
11 13 33
16 19 27
1 5 39
12 15 39
10 12 21
11 13 5
9 12 28
6 10 24
18 20 37
21 0 30
22 4 40
23 2 29
12 16 38
17 20 33
14 18 39
0 3 13
3 6 1
8 11 17
0 5 7
4 5 21
22 2 39
15 17 5
12 15 2
14 17 2
5 8 28
4 6 35
17 20 20
15 19 13
23 3 17
1 5 37
4 8 38
14 17 12
12 13 29
13 16 33
1 3 35
6 9 37
7 12 18
3 7 1
9 12 20
2 7 6
14 15 10
12 15 11
4 7 13
5 8 40
1 5 23
9 12 38
9 11 1
23 4 39
20 22 3
8 10 43
19 23 16
9 12 11
4 7 7
11 13 10
1 3 31
10 12 9
19 20 6
20 0 36
15 18 1
3 7 21
17 20 9
22 1 5
19 23 26
6 9 2
0 4 24
15 17 3
17 18 32
6 9 18
12 15 22
16 19 1
9 12 41
10 16 1
11 13 10
15 19 20
17 19 28
14 16 12
21 23 42
2 4 19
0 4 23
6 12 42
10 13 30
23 1 2
8 11 8
20 23 44
19 22 43
8 10 43
4 7 38
7 12 3
7 11 18
1 4 31
3 6 32
19 22 41
21 1 22
22 2 9
8 13 32
13 17 42
22 2 10
6 8 36
13 18 35
2 5 22
14 15 19
3 7 27
9 12 23
9 13 12
19 23 22
9 11 18
17 19 9
21 0 7
7 10 5
21 2 31
12 16 10
6 10 6
4 6 5
3 6 16
22 1 20
22 1 13
22 1 19
22 0 37
20 0 4
2 5 11
19 23 18
14 15 15
23 3 33
5 8 1
12 15 14
9 13 8
11 15 6
4 8 22
20 21 5
18 21 39
1 4 20
3 4 11
2 6 13
17 19 35
16 16 35
19 23 39
4 8 34
6 9 19
14 17 31
4 8 9
4 6 21
16 21 28
7 10 12
1 5 5
22 1 3
21 0 3
6 9 44
10 13 41
23 3 21
19 23 14
9 13 22
23 3 37
20 0 36
8 10 32
21 22 6
18 19 26
22 0 21
2 5 19
20 23 30
3 7 38
19 22 29
1 3 32
0 3 35
18 21 28
12 15 6
23 2 25
7 9 18
21 23 7
4 8 33
12 16 5
16 21 40
12 15 12
23 2 19
6 9 28
12 15 3
21 1 26
22 1 1
6 9 18
14 18 42
19 21 42
0 1 1
17 19 20
8 11 12
15 19 40
20 21 12
0 4 37
18 20 27
9 11 38
3 5 20
8 10 28
20 23 19
15 19 34
6 9 27
8 12 13
2 6 42
4 8 25
4 7 4
12 16 39
20 0 17
7 11 20
23 2 20
1 5 19
6 9 9
3 5 35
8 10 33
8 11 19
21 1 27
13 17 26
4 8 18
22 1 35
19 0 42
6 10 10
2 6 35
15 20 22
6 9 38
10 13 35
1 4 25
18 21 42
10 11 28
16 18 42
18 20 7
7 9 3
10 13 7
23 2 24
15 18 7
17 20 18
12 15 34
6 10 22
17 20 16
5 8 36
11 14 42
7 10 2
9 12 9
8 10 27
7 10 5
19 22 1
18 20 35
17 19 32
0 4 4
17 21 25
10 13 32
2 6 13
18 22 16
17 22 32
5 8 41
3 7 26
18 22 14
21 1 17
22 0 31
5 8 19
6 9 11
22 2 40
10 14 16
8 11 3
4 7 8
19 22 39
15 18 10
5 7 5
12 14 20
10 13 42
4 8 41
13 15 39
14 18 16
6 9 12
18 23 19
7 10 3
12 15 21
14 16 41
16 18 1
19 22 32
0 3 40
17 20 33
1 3 34
15 18 29
20 1 6
5 9 33
17 21 2
20 23 3
23 2 36
10 12 24
22 2 12
16 19 9
10 13 27
1 3 15
13 17 7
5 7 6
10 13 42
4 7 28
13 14 31
17 20 14
17 20 21
12 16 19
19 23 29
20 0 33
11 15 39
12 14 30
21 3 12
2 6 19
18 22 2
5 8 11
1 4 29
17 20 15
17 20 8
0 2 11
4 6 1
14 16 8
21 2 31
21 0 40
4 4 35
1 4 16
3 6 22
19 22 41
16 18 33
9 12 14
19 23 23
4 7 6
4 7 41
21 1 9
20 23 20
7 11 41
11 15 25
16 19 29
21 0 3
18 20 27
17 22 37
0 2 32
22 0 34
21 23 29
18 21 4
23 2 29
14 16 34
21 23 2
15 19 21
1 3 17
22 3 22
5 8 36
3 5 8
2 7 15
2 6 27
16 20 31
15 19 32
2 6 40
2 7 12
14 17 5
11 16 34
5 7 17
23 1 36
15 18 31
10 14 33
4 9 13
0 3 43
18 20 4
21 1 37
8 13 11
15 18 18
18 22 34
7 11 34
16 21 3
11 13 18
14 16 15
9 12 30
18 21 19
18 21 29
20 23 13
18 21 2
9 12 5
17 21 24
11 15 6
2 5 31
20 0 24
16 18 25
23 3 13
3 7 35
12 16 38
16 22 15
13 16 40
11 13 5
1 4 15
0 3 39
15 19 11
6 9 24
17 22 23
3 7 39
14 16 11
8 11 1
16 19 10
8 11 39
21 23 31
19 21 38
21 0 26
19 20 30
4 6 43
11 14 36
11 13 33
7 10 24
8 12 8
23 2 29
14 17 2
6 9 37
14 16 15
13 15 11
13 15 43
15 17 19
9 13 33
23 2 25
6 9 14
13 17 4
2 7 39
23 2 38
0 2 19
7 11 19
14 15 1
19 21 10
0 3 42
1 5 19
15 19 19
11 13 34
20 23 5
23 2 44
3 5 27
19 22 8
1 5 25
13 16 15
1 2 21
8 13 14
18 21 22
11 14 17
21 0 35
10 14 28
11 16 15
21 23 12
10 14 36
13 16 37
5 8 31
13 17 38
11 13 8
13 17 15
13 15 11
2 3 4
1 3 34
23 3 18
5 8 6
2 6 17
12 16 39
22 23 16
11 12 29
8 9 8
13 14 36
17 22 24
21 0 13
15 18 23
12 15 16
6 8 35
13 17 7
5 10 39
12 16 40
10 14 44
2 6 25
14 18 6
10 14 25
8 11 21
4 8 28
18 21 31
21 0 9
21 0 11
18 21 17
4 7 35
22 2 29
14 18 24
20 23 23
7 8 6
2 5 1
17 20 37
22 2 36
20 23 10
6 8 4
23 0 14
4 8 27
3 7 39
2 6 12
0 3 6
19 21 23
15 18 42
7 10 22
10 12 33
14 17 17
3 5 2
12 14 27
9 14 3
14 18 11
8 7 3
2 5 39
23 3 19
17 20 42
13 15 30
3 8 43
11 14 38
14 17 6
17 21 25
23 3 34
1 4 9
21 0 21
17 20 16
8 11 18
0 1 44
13 16 11
2 7 30
16 19 15
23 3 23
3 6 41
15 18 14
3 5 40
14 17 35
16 18 17
14 18 16
14 14 9
13 17 40
20 23 23
3 5 27
8 10 26
1 4 37
21 22 9
4 7 23
1 4 42
14 16 43
11 14 15
17 20 21
21 0 3
16 18 38
2 6 37
0 3 17
15 18 27
19 22 41
15 17 22
16 17 35
23 1 4
10 12 36
8 12 26
11 14 36
23 23 12
23 4 18
17 20 24
9 12 15
10 13 1
19 21 27
18 21 4
9 12 30
8 10 22
4 8 42
6 9 11
1 4 12
12 16 27
3 6 34
18 23 31
10 13 4
16 20 12
18 22 4
1 4 19
13 15 21
1 4 2
11 15 23
5 8 35
13 16 10
5 8 43
21 1 26
2 5 38
5 8 26
21 0 20
12 16 42
3 7 11
21 0 11
9 14 11
11 14 29
12 13 22
19 22 10
9 10 8
6 10 18
4 8 42
5 9 7
1 3 8
1 3 5
2 4 11
9 13 25
8 12 16
5 7 13
12 15 13
16 16 1
17 20 2
4 7 11
20 22 32
1 7 18
9 14 30
15 18 28
5 9 25
21 0 44
17 17 19
20 22 5
19 23 21
6 9 34
12 15 13
1 4 14
18 21 15
1 4 36
13 15 28
2 6 15
6 9 1
7 10 18
8 13 16
12 15 8
21 1 44
4 8 31
17 20 3
8 12 38
3 5 24
6 8 22
12 15 40
21 1 22
13 15 39
5 5 40
8 11 39
21 23 18
4 7 32
5 9 1
5 9 5
18 22 37
0 3 4
5 8 37
17 20 28
6 10 35
20 23 40
3 5 21
5 7 32
18 22 13
0 4 4
6 8 44
5 7 18
7 10 5
12 14 41
1 6 15
15 17 39
17 21 26
19 22 16
6 8 38
16 21 18
20 23 21
11 14 8
13 17 13
7 9 32
3 7 11
13 17 41
17 20 43
2 6 20
13 15 19
1 4 33
10 14 14
11 15 43
21 1 29
5 7 27
19 22 12
6 10 27
5 9 6
13 16 21
21 23 14
20 23 4
5 7 13
6 10 33
20 23 2
11 14 16
2 5 9
20 23 38
14 18 38
0 2 2
6 8 26
1 4 44
22 0 9
14 15 35
19 22 40
9 13 16
12 14 28
11 15 31
6 7 9
19 21 8
18 20 19
21 0 24
5 9 18
22 1 30
18 19 13
22 1 4
15 18 1
23 0 44
16 16 7
20 23 2
6 8 2
4 8 5
22 1 11
0 3 44
17 20 43
4 8 6
23 5 11
9 12 42
5 5 14
16 19 12
20 23 33
11 14 26
12 13 31
12 14 14
0 2 38
8 11 8
21 22 16
10 13 4
16 18 13
23 2 40
19 22 37
9 12 29
7 12 40
23 3 8
12 15 12
20 0 14
14 17 17
18 23 38
0 3 4
6 9 13
14 16 4
11 14 37
22 2 30
10 12 32
8 12 9
23 1 42
16 20 21
0 1 21
19 22 7
7 8 32
5 8 32
10 12 18
17 22 44
22 1 20
21 23 43
8 12 44
13 14 15
14 16 18
10 13 41
15 17 27
21 0 21
12 15 38
9 13 21
8 10 20
10 13 28
0 5 9
4 7 27
17 19 13
1 3 14
23 3 16
15 18 22
15 17 25
23 3 29
11 16 28
19 20 31
16 19 39
6 10 21
13 16 24
11 13 18
10 13 23
13 17 23
19 22 35
2 6 7
22 2 40
7 10 36
13 17 3
5 7 26
10 14 36
4 8 28
14 18 44
15 18 30
0 4 39
8 12 2
2 5 21
19 21 40
11 15 9
22 0 12
2 5 34
10 11 12
10 12 25
18 22 25
5 9 7
6 10 44
15 19 23
9 12 34
6 9 5
6 10 12
1 4 41
5 8 22
15 20 25
5 8 36
4 6 3
12 16 43
12 13 24
20 23 28
12 15 43
23 4 15
4 6 34
18 21 24
11 14 20
6 9 35
23 2 36
19 22 36
3 6 20
17 20 29
23 2 16
11 13 32
19 22 12
4 7 26
7 9 7
5 6 32
13 17 15
8 11 20
16 18 16
6 9 10
12 15 18
7 11 43
0 2 36
15 19 40
12 16 13
9 14 37
22 2 3
4 8 12
5 8 26
6 9 11
20 23 22
15 18 32
19 21 40
13 18 10
23 3 12
5 6 8
0 1 28
13 15 34
1 4 6
15 19 23
23 4 14
12 15 40
10 14 3
19 22 2
19 21 29
16 20 31
18 22 40
6 11 30
2 5 39
16 19 26
0 3 20
3 7 24
20 21 17
2 6 36
8 12 20
10 12 2
3 8 37
20 23 10
3 5 37
21 23 20
14 14 30
21 2 8
6 10 15
3 6 26
15 18 15
15 18 33
0 3 27
6 6 8
1 2 4
13 16 8
22 0 41
20 21 7
4 7 14
1 5 39
0 3 15
23 2 7
4 7 6
13 17 39
17 21 39
18 22 32
16 16 28
6 10 2
20 23 27
1 3 41
18 22 29
7 10 9
12 15 1
3 7 5
3 7 5
20 0 9
2 8 28
0 3 3
3 6 17
14 17 36
10 12 9
21 23 42
10 12 19
22 2 31
16 20 31
9 11 40
19 23 14
15 17 6
3 5 35
16 18 10
16 17 24
0 4 9
17 20 36
7 11 6
8 11 12
15 17 25
12 15 21
9 13 19
4 5 23
9 10 27
22 1 34
9 11 25
16 20 39
6 9 30
6 8 40
13 16 40
4 7 22
2 6 23
6 9 20
3 7 5
18 19 11
18 22 31
6 8 10
16 20 43
17 21 15
16 17 15
12 15 36
13 18 12
9 13 19
4 6 28
8 9 42
23 2 38
18 22 16
7 12 17
13 15 32
22 2 42
11 14 26
18 21 20
10 15 20
12 14 41
23 2 40
21 0 39
2 5 32
4 8 39
12 14 34
9 11 40
5 8 10
20 1 43
21 1 7
18 21 1
1 3 35
18 20 20
10 13 1
23 1 21
21 23 1
8 12 13
21 2 36
20 22 43
21 0 40
14 19 40
15 19 29
11 14 44
3 6 1
7 9 43
18 22 11
1 5 29
22 1 28
8 11 30
4 7 6
3 6 31
3 6 33
0 3 14
7 8 42
9 11 29
15 17 36
7 10 21
21 1 43
1 3 8
13 17 25
7 10 34
5 8 22
11 14 40
3 6 22
15 17 4
2 5 42
5 9 35
22 2 39
11 15 42
0 2 10
16 20 22
18 22 26
15 18 39
4 8 7
2 6 29
16 19 7
15 18 30
10 13 36
9 12 32
21 0 27
16 20 3
20 0 38
20 1 41
3 6 39
0 2 17
12 15 33
22 3 26
7 11 3
10 11 23
7 8 4
11 14 15
18 0 22
4 7 13
21 23 14
4 7 14
14 16 31
0 4 16
2 4 42
16 21 20
0 4 6
20 0 31
22 1 11
4 6 24
10 13 5
10 13 3
16 17 4
0 2 9
0 4 29
23 2 36
23 2 36
1 4 16
19 23 6
13 16 7
8 13 19
15 17 34
19 22 11
5 8 23
7 10 33
10 12 2
2 6 37
3 6 22
3 5 3
12 14 23
11 14 7
0 1 16
3 7 33
4 7 7
13 15 6
16 18 44
11 15 31
16 20 26
2 3 17
11 13 43
22 1 14
15 17 5
2 4 12
16 19 19
14 17 7
21 23 23
5 8 17
16 18 19
12 16 37
14 18 42
21 1 15
9 12 39
13 15 8
22 0 7
19 0 40
3 5 14
15 18 37
0 3 37
23 1 32
9 12 44
8 10 31
22 0 43
22 1 7
12 16 30
7 9 28
11 13 33
2 5 7
11 13 5
19 20 33
1 2 23
23 3 35
0 2 17
18 20 36
1 2 13
11 14 23
3 6 14
14 16 26
1 4 18
0 3 41
9 11 37
4 8 30
10 14 17
4 7 12
17 21 1
19 22 2
23 2 23
23 1 30
15 19 33
21 2 29
17 21 38
11 13 16
12 15 11
15 19 11
8 11 34
10 14 35
5 6 8
4 6 13
9 13 29
13 16 8
11 15 42
13 19 19
3 6 28
11 14 43
1 5 8
0 2 18
23 2 30
21 0 40
6 11 22
0 2 39
10 13 40
3 5 19
18 20 35
10 13 39
14 16 25
2 5 22
2 6 25
11 15 3
7 11 35
18 21 43
23 2 33
9 12 40
13 18 35
22 23 38
21 1 1
4 7 20
14 17 26
23 0 20
1 4 24
6 8 31
6 8 24
14 17 36
17 19 7
11 15 42
21 2 33
3 6 32
13 17 2
20 23 25
7 12 6
5 9 36
8 12 6
8 12 7
7 12 5
3 7 41
4 8 30
22 2 43
19 23 38
13 15 14
19 22 21
7 10 33
4 5 5
0 4 32
16 19 10
5 9 37
13 16 30
21 23 3
22 1 38
18 20 13
10 13 8
4 7 30
13 16 26
12 15 2
12 17 24
6 8 29
19 21 24
18 21 10
21 2 43
12 14 41
4 5 20
0 4 22
13 15 31
8 11 8
23 0 44
22 2 10
15 18 32
15 18 20
13 16 25
3 5 30
4 7 4
9 12 18
10 13 34
11 13 5
13 16 2
5 8 34
3 4 42
10 12 32
4 7 29
5 7 20
20 23 41
5 7 40
12 16 42
16 19 39
18 21 39
22 3 42
5 7 10
21 2 41
18 21 42
18 20 30
16 18 39
16 18 3
6 7 22
15 19 23
19 22 44
10 12 8
6 10 39
16 19 26
17 21 16
15 18 39
14 17 26
1 3 35
1 4 12
11 15 10
16 20 11
8 12 36
21 0 11
18 21 25
8 11 34
6 10 27
12 15 19
17 21 31
23 3 9
6 8 19
18 22 26
17 21 24
5 8 30
9 12 15
10 12 40
5 9 13
17 20 20
19 19 42
12 14 15
15 17 3
3 5 7
2 5 37
9 9 13
1 2 36
1 5 1
6 9 36
0 3 43
19 21 42
20 21 22
20 1 26
18 21 30
20 21 5
15 18 20
2 6 41
15 19 44
10 12 20
14 16 26
4 7 26
12 15 18
15 18 31
22 2 37
21 22 40
3 9 36
3 7 1
0 2 22
12 14 8
7 10 38
8 12 27
22 0 29
10 12 8
1 3 14
18 20 11
22 1 30
20 22 44
5 8 11
0 4 1
4 7 40
20 23 35
20 22 35
17 20 31
2 5 40
7 9 6
13 14 25
15 18 23
15 19 9
14 17 32
20 1 14
23 2 21
2 5 43
22 22 14
0 3 34
17 20 7
21 0 5
8 12 39
6 8 33
18 0 22
3 6 20
15 18 23
18 21 24
6 10 17
23 2 17
19 20 36
7 9 4
7 10 19
15 19 2
6 9 16
17 22 28
10 11 30
18 22 25
7 12 25
9 11 7
10 14 23
16 18 16
19 21 15
18 21 6
14 16 31
1 3 30
17 19 23
0 3 39
6 8 31
0 4 23
22 2 3
11 13 12
12 15 9
10 13 5
18 21 43
19 20 21
13 17 3
6 9 14
4 7 15
23 1 42
7 9 5
21 1 40
5 8 19
12 15 11
0 3 18
22 2 5
12 15 26
15 17 8
15 18 39
9 11 18
23 2 36
6 9 28
22 0 4
4 6 4
22 0 37
11 14 16
10 12 41
12 15 16
22 1 38
9 13 7
4 7 26
15 17 21
12 15 3
17 21 5
12 15 35
16 19 28
0 4 40
1 4 29
1 6 28
8 11 4
23 4 15
4 7 33
15 18 7
12 16 36
8 11 27
10 14 23
18 20 14
2 5 40
1 3 23
5 7 41
10 12 3
20 23 36
4 7 8
8 12 18
10 14 1
2 4 3
4 7 38
6 9 26
1 3 38
15 17 2
0 2 13
21 23 38
3 4 15
20 0 16
11 14 36
6 8 36
4 8 36
10 12 18
9 11 31
17 20 23
12 15 23
22 0 35
16 19 25
1 2 12
18 22 6
7 10 44
16 20 41
2 4 26
3 5 1
2 4 11
7 10 11
15 19 37
3 7 1
14 17 8
11 15 17
5 9 19
5 9 8
2 4 35
4 7 15
13 15 33
14 18 35
16 18 35
9 11 26
2 4 9
1 3 32
15 17 42
22 1 8
19 23 35
3 6 43
10 14 38
20 23 6
2 6 32
10 12 19
15 20 30
5 7 29
20 21 31
7 9 13
19 22 33
2 4 33
11 14 4
9 11 35
13 16 30
21 21 35
18 20 3
2 5 19
22 1 19
8 12 31
4 6 33
21 23 8
14 17 15
20 22 1
0 1 40
15 18 3
7 9 6
3 5 9
4 8 26
3 4 42
7 10 19
13 17 44
9 14 11
11 14 18
1 3 3
14 16 26
20 22 24
19 22 27
7 8 19
13 16 22
11 13 39
6 9 9
10 12 33
1 3 12
18 20 33
5 8 4
23 2 35
0 4 38
17 20 44
18 21 30
18 21 3
11 14 13
18 20 42
2 5 29
19 21 31
0 2 20
2 5 9
5 7 12
18 20 10
3 5 37
7 10 39
4 5 43
1 3 38
21 1 22
3 5 1
13 16 27
1 4 34
20 23 24
2 7 23
3 7 34
9 13 13
19 22 10
10 13 7
21 1 19
21 1 26
2 6 10
22 0 21
19 22 15
2 7 3
1 4 6
1 2 9
12 15 39
1 5 35
5 9 23
23 2 29
20 22 24
5 7 8
14 17 19
4 6 32
19 22 17
9 10 9
23 1 28
15 20 5
10 13 26
4 6 32
10 13 38
17 20 31
7 10 38
21 23 28
22 23 11
2 7 33
23 2 20
12 17 6
2 6 30
8 12 43
7 11 32
19 22 25
4 7 42
1 2 1
16 20 30
12 14 3
15 19 20
12 13 2
9 13 26
11 12 2
17 23 24
19 21 43
3 6 19
4 6 4
5 7 12
2 5 21
1 2 24
9 12 21
7 10 41
18 22 3
3 6 42
14 17 7
16 19 2
22 1 31
16 19 36
12 15 33
2 5 23
2 3 32
4 8 22
18 22 20
12 15 25
17 20 23
18 22 19
2 5 10
11 14 29
15 17 37
14 16 11
20 1 31
15 18 1
11 14 19
10 15 4
13 15 28
6 9 28
3 6 16
5 7 21
19 21 17
1 4 20
19 21 12
5 10 9
1 6 7
8 11 30
17 20 12
11 14 33
16 20 25
6 7 17
4 7 27
16 18 31
9 11 19
5 9 23
1 3 38
5 8 3
0 2 10
13 17 15
13 17 3
23 4 21
2 5 24
21 0 23
15 20 14
20 23 37
17 18 28
9 11 15
21 23 20
12 14 44
12 14 13
19 22 34
18 22 9
19 23 11
6 9 38
6 11 43
15 19 11
9 11 9
0 3 9
2 7 8
17 19 43
16 19 36
16 18 44
21 1 43
16 17 13
22 2 1
5 6 4
4 7 41
6 8 18
13 18 8
2 4 3
6 12 35
3 7 44
5 9 22
6 11 5
21 0 37
17 20 3
0 4 19
8 9 1
3 7 43
16 19 7
23 2 5
3 6 5
14 17 13
16 20 19
21 1 12
14 18 21
20 0 8
15 18 24
19 21 42
7 11 10
9 13 32
8 11 4
1 6 12
0 3 3
14 16 37
13 17 13
7 10 19
8 12 4
1 4 36
23 1 2
19 23 10
16 19 28
15 18 18
9 13 16
19 23 17
13 17 33
11 14 16
5 9 26
17 20 20
22 2 3
18 22 37
16 20 10
9 12 40
23 2 19
21 23 22
7 10 29
8 12 5
13 15 17
7 11 21
0 3 34
3 4 29
2 6 14
3 7 9
9 12 18
1 4 5
16 20 40
15 19 40
7 12 8
22 3 27
5 8 39
0 5 6
10 14 14
21 22 9
15 17 9
1 4 12
21 23 15
15 17 3
22 2 2
12 17 28
23 1 1
6 10 35
9 12 5
7 8 40
2 5 22
20 0 4
12 14 22
0 3 36
20 1 9
8 12 11
13 15 28
16 19 11
11 12 44
6 8 28
17 20 22
4 7 19
15 16 6
4 6 4
20 22 38
22 0 41
1 4 3
8 10 3
14 16 1
15 18 39
22 1 39
8 12 40
11 15 11
11 13 36
14 16 6
4 7 22
5 7 25
0 4 33
5 8 3
20 22 18
12 15 3
0 6 42
17 20 12
22 1 37
16 18 12
9 13 34
17 19 34
22 3 19
20 22 1
10 12 37
8 11 6
19 23 14
6 8 43
9 12 13
14 17 34
23 1 39
11 14 40
19 22 34
2 6 9
0 3 5
7 9 34
14 18 11
12 16 6
10 14 27
11 13 18
5 8 31
2 3 38
18 20 26
6 9 12
19 0 37
13 14 4
10 11 12
21 1 34
6 9 21
12 13 21
2 6 2
3 5 43
3 6 44
11 14 2
14 15 39
23 0 16
13 16 26
5 7 27
17 20 34
7 10 29
15 19 5
10 12 19
2 6 30
11 15 35
9 12 28
13 16 34
5 7 41
5 8 44
1 5 19
17 21 26
2 6 10
20 22 7
14 17 21
4 6 30
6 11 28
6 8 23
4 7 44
12 16 41
18 22 29
22 1 14
12 16 16
13 17 9
6 10 17
0 3 5
10 14 20
19 23 25
9 13 36
6 8 11
1 3 40
20 0 32
18 22 11
11 12 3
6 7 5
8 12 9
21 0 29
7 10 25
1 3 3
4 7 9
17 19 14
3 5 25
23 3 39
0 3 14
1 4 34
9 12 42
20 23 39
19 22 7
23 1 22
8 10 7
9 11 20
22 0 4
17 20 14
20 23 40
16 19 18
12 14 34
12 15 21
22 2 24
4 7 13
7 9 44
6 9 28
14 16 43
0 4 3
21 1 20
20 23 6
21 0 42
17 19 19
8 13 1
5 9 18
4 9 22
3 6 29
1 5 34
0 3 2
7 10 6
14 15 19
9 12 42
18 21 34
17 20 43
22 3 20
22 0 43
22 23 14
7 9 10
15 17 25
4 6 31
3 7 21
10 14 32
22 1 11
15 18 15
22 2 38
9 12 15
13 16 17
6 10 33
17 20 18
16 19 18
9 13 28
22 2 27
18 22 36
18 21 10
8 11 37
3 6 29
13 15 5
1 5 17
4 8 23
8 11 38
20 22 9
9 12 19
3 5 20
2 4 1
10 13 23
5 8 38
12 16 7
7 9 37
16 18 35
4 6 5
8 12 7
20 23 25
16 19 33
2 4 34
9 13 39
11 13 21
16 19 40
13 16 42
12 14 28
19 21 22
1 5 13
19 21 5
7 11 21
3 5 33
3 4 17
1 5 17
11 17 40
18 19 18
2 4 24
13 17 18
22 2 5
12 14 12
20 22 13
23 0 12
12 14 40
4 7 39
18 21 30
20 23 39
2 5 24
15 17 13
16 18 36
19 22 30
18 21 22
3 6 34
6 8 42
20 1 13
20 23 32
7 11 22
11 14 8
4 5 28
0 5 10
15 19 34
7 11 23
12 14 19
8 11 7
14 17 11
11 13 8
1 3 13
23 3 25
5 10 26
17 20 30
9 10 14
2 5 22
20 22 24
14 21 12
15 18 37
17 21 25
1 3 21
4 6 11
15 20 5
9 13 15
13 19 19
7 10 5
20 22 16
20 21 36
6 10 5
23 0 42
9 13 5
3 6 41
8 11 28
1 4 11
6 9 27
12 15 36
12 15 13
5 8 31
2 4 42
0 2 40
1 2 32
11 13 41
10 14 24
23 3 38
8 12 37
12 16 12
6 9 17
3 7 25
20 23 4
4 6 33
3 8 41
4 7 38
0 3 15
1 5 36
1 5 6
16 19 26
19 23 16
7 12 13
2 4 27
21 1 17
10 11 28
16 18 9
13 15 32
9 14 32
8 11 37
5 7 28
4 7 8
23 2 30
8 11 43
15 18 28
8 11 27
22 1 41
9 13 22
16 20 29
12 15 35
20 22 35
19 23 34
8 10 22
4 6 36
17 20 9
4 7 29
17 18 39
18 20 27
5 9 31
5 7 1
8 12 39
0 4 41
8 11 36
7 11 20
9 11 17
9 11 43
19 20 1
22 2 6
5 6 8
23 2 25
13 16 30
15 17 24
4 6 13
12 16 39
8 11 3
4 7 2
11 15 17
21 1 18
9 12 6
5 7 22
1 5 33
4 8 14
1 5 43
17 19 18
1 5 23
0 2 7
4 6 27
13 16 10
15 19 17
8 11 20
11 13 37
13 17 4
2 6 39
17 20 14
11 15 8
6 8 31
7 9 14
2 6 13
14 19 11
2 5 35
17 20 15
0 3 28
13 16 30
19 22 36
2 5 11
3 6 19
1 2 3
19 21 28
1 1 33
17 20 43
4 7 33
4 7 16
10 13 6
0 4 15
13 16 26
0 4 42
11 17 13
5 7 26
20 23 10
12 16 10
23 2 13
10 13 21
14 18 22
21 0 41
1 5 14
4 7 24
4 6 35
1 4 39
22 0 19
17 19 37
6 8 38
13 16 4
12 16 42
17 19 13
1 3 1
7 10 25
4 7 15
21 23 5
17 21 7
18 22 3
21 1 27
3 4 38
4 8 21
20 23 1
21 1 7
2 6 38
13 16 23
5 7 33
1 4 43
5 10 40
9 12 4
16 20 14
7 8 8
20 0 13
6 11 15
17 19 32
12 14 23
11 14 29
2 4 35
18 19 6
21 23 29
16 20 38
15 17 18
7 9 22
14 16 32
13 16 26
3 6 4
9 13 31
14 17 30
1 5 29
19 21 20
18 21 16
5 8 21
22 3 41
20 21 27
23 0 42
11 15 39
15 16 25
8 10 20
4 7 20
9 13 18
16 19 19
21 23 22
16 19 2
4 6 2
14 17 37
12 16 15
14 16 32
1 3 35
12 15 38
4 7 24
17 20 44
12 15 10
22 1 30
11 14 2
18 20 35
10 14 23
19 23 23
10 12 22
17 21 9
22 0 42
4 6 38
1 4 16
19 22 3
17 21 16
13 15 7
4 10 8
15 17 12
13 17 38
11 14 31
21 2 23
7 11 19
11 14 37
4 6 43
18 20 9
3 5 5
22 1 29
5 8 1
12 16 31
22 2 6
23 3 43
18 21 25
19 23 44
16 20 6
17 20 24
7 9 18
17 19 41
15 18 33
18 21 13
22 2 11
20 1 27
21 0 39
14 17 41
7 11 34
2 5 1
1 3 4
11 16 22
18 22 33
23 1 23
9 13 44
22 3 27
16 18 30
16 19 21
7 11 11
12 15 3
10 14 18
1 4 4
17 22 9
10 13 10
23 3 28
1 4 20
20 22 10
7 10 38
15 17 35
6 9 15
9 13 14
2 5 16
13 16 37
0 4 9
20 22 39
19 21 17
4 6 29
9 14 43
5 9 27
17 20 1
5 8 13
3 7 1
22 1 3
20 23 2
8 12 14
1 4 7
2 6 21
22 1 44
6 9 43
0 3 26
9 11 40
22 0 25
4 9 38
9 12 41
13 17 29
2 6 43
11 13 34
11 14 23
15 16 44
0 3 35
9 12 20
19 21 32
17 20 17
20 22 15
8 14 21
22 23 7
5 8 25
1 5 8
2 6 8
12 16 8
4 7 11
1 4 12
2 3 8
8 11 40
19 22 3
23 1 11
1 5 32
8 10 11
0 3 44
3 6 8
10 11 27
10 15 8
19 22 8
13 16 38
4 6 23
8 11 31
22 0 12
5 8 36
13 15 34
1 4 15
2 5 35
2 5 24
19 1 38
3 6 37
12 15 36
11 13 29
1 4 32
13 15 23
0 4 36
14 16 13
5 10 34
6 8 26
5 9 38
7 10 21
21 22 41
6 7 6
3 6 44
23 2 39
17 19 5
10 14 11
6 10 4
10 12 17
7 10 43
12 15 41
13 17 22
8 11 25
0 3 26
19 22 25
2 5 21
4 7 2
5 9 36
23 2 17
7 11 25
7 9 17
15 18 38
7 11 2
1 5 17
3 6 13
12 15 34
18 22 27
2 4 1
2 4 19
14 17 43
21 0 19
17 20 31
10 14 12
23 3 11
5 8 7
7 9 8
2 4 9
1 3 40
20 0 11
22 0 33
8 11 29
13 14 29
8 10 2
21 2 13
2 7 10
18 21 33
11 13 22
16 20 35
14 16 9
13 16 33
12 14 8
8 12 2
10 12 37
12 15 35
14 16 19
6 8 32
12 17 32
1 4 43
20 23 2
21 1 21
4 6 6
6 10 12
19 21 4
20 22 43
5 7 38
16 19 30
12 15 39
17 19 11
20 23 4
5 9 4
15 17 27
17 20 35
4 7 11
1 5 32
6 8 39
19 0 43
23 3 2
3 5 4
14 16 39
21 1 31
18 22 27
5 7 2
7 11 30
23 3 3
17 20 16
5 8 24
18 21 15
11 15 36
6 10 27
13 17 29
13 15 33
5 9 28
22 1 16
7 10 36
22 1 30
10 13 43
15 18 30
11 14 13
2 4 4
17 22 29
14 17 43
20 23 31
21 1 10
22 1 3
8 11 40
7 9 16
19 22 27
10 12 44
3 5 44
23 2 39
0 2 13
20 23 35
10 13 28
0 6 2
16 20 34
9 13 20
9 13 38
2 3 41
11 14 15
13 14 28
22 0 10
0 4 20
4 7 11
4 6 37
10 14 15
15 15 38
6 8 5
8 12 16
21 1 6
18 20 12
16 20 18
19 22 12
3 4 41
10 13 35
7 10 12
15 17 4
23 3 18
17 21 32
4 7 13
20 23 28
5 7 41
8 11 38
5 9 34
20 23 22
11 14 10
23 1 26
21 23 28
3 8 25
2 6 40
14 17 23
14 17 28
22 0 6
8 11 42
12 15 8
5 8 18
7 10 32
17 22 20
14 18 18
10 13 44
8 10 43
3 3 31
2 3 20
17 19 35
0 4 2
13 17 21
6 9 32
16 18 36
7 11 36
18 20 29
0 3 28
1 4 11
7 11 30
20 23 20
2 5 33
19 0 7
3 5 23
23 4 27
18 21 41
12 16 4
22 2 36
3 7 15
4 6 18
8 12 8
11 13 32
13 16 41
11 13 23
12 16 17
8 9 33
5 8 21
15 16 7
3 7 14
16 17 38
2 5 31
10 12 11
8 12 29
1 4 33
17 21 14
2 4 33
8 11 13
22 1 34
6 10 1
16 19 9
22 1 1
12 16 14
15 18 38
8 10 24
15 18 7
9 14 6
3 8 27
19 23 20
15 19 4
4 7 6
5 8 27
14 15 32
16 19 34
5 7 25
16 20 44
10 12 29
22 1 14
16 21 33
4 8 23
6 8 12
19 23 25
0 1 12
13 16 6
12 15 18
22 1 30
0 3 33
6 7 16
12 15 37
4 6 10
11 14 36
22 23 21
14 16 43
7 10 19
3 6 26
11 14 41
8 11 39
12 14 28
22 0 43
16 20 29
0 3 3
12 15 35
20 21 26
0 2 31
0 1 9
8 11 43
8 11 42
22 2 20
3 5 41
6 9 15
18 21 4
6 8 2
23 1 4
6 10 36
17 18 27
13 16 17
0 3 33
14 16 4
6 6 6
21 1 28
21 23 42
0 2 23
19 23 42
14 17 6
8 12 34
9 14 17
22 0 22
5 8 36
17 19 35
9 11 16
20 1 33
6 9 2
21 3 37
8 11 36
21 0 42
2 6 7
2 5 20
2 5 5
11 15 7
8 11 8
16 20 10
3 6 11
11 13 19
22 0 19
10 12 17
15 17 29
15 17 43
10 14 32
3 6 26
6 8 20
14 16 20
10 12 19
11 15 31
9 11 21
17 21 22
4 8 14
0 1 35
6 8 44
17 21 9
20 23 41
14 16 24
23 3 33
17 20 25
6 10 31
19 22 15
21 0 29
6 9 20
4 7 26
6 8 33
22 1 16
7 9 28
12 13 12
20 23 29
14 17 43
12 14 24
21 23 34
16 18 42
5 10 15
10 14 3
13 17 5
1 4 26
9 13 42
1 5 42
4 7 34
11 11 1
13 16 39
14 17 4
5 7 18
18 21 30
18 20 14
8 11 37
20 23 20
0 3 20
19 22 39
16 18 27
12 16 18
18 22 14
2 4 2
1 2 40
14 16 4
6 8 38
12 15 13
11 14 9
2 4 43
4 8 43
16 20 3
17 20 1
10 12 13
12 15 3
5 9 1
16 18 7
9 13 19
20 0 10
19 21 5
8 11 20
9 11 10
23 23 18
21 0 36
5 7 41
12 15 12
11 14 6
1 5 39
23 3 3
6 9 12
13 18 18
10 13 17
7 11 4
12 16 40
23 23 42
2 5 23
15 18 25
3 6 22
0 2 13
2 4 40
20 1 44
4 6 30
18 20 3
14 17 38
19 21 34
23 2 18
22 0 1
11 14 36
17 21 39
1 2 31
17 20 20
10 13 31
0 3 7
4 7 37
1 5 29
1 4 27
21 0 30
21 23 1
1 1 29
18 21 37
18 22 17
3 6 31
11 14 33
3 5 15
10 13 13
13 14 32
7 9 32
10 14 27
19 22 3
12 15 43
19 0 21
11 13 29
21 0 31
20 22 11
6 8 31
3 8 24
23 3 11
21 2 11
22 2 19
4 7 10
0 4 15
5 8 26
12 15 16
9 11 29
2 6 5
10 14 19
10 14 42
11 15 20
8 11 16
20 0 4
6 10 19
23 3 18
9 12 25
15 16 38
16 20 38
6 9 8
15 18 16
4 7 9
12 14 15
6 10 33
2 4 38
13 16 34
15 17 32
0 3 5
11 14 6
12 17 1
14 18 10
21 1 14
22 1 34
8 10 34
18 21 44
10 12 36
3 5 17
23 2 30
14 16 44
8 12 33
21 0 7
7 10 41
15 17 32
6 8 19
21 1 3
12 14 35
13 16 39
4 5 30
15 19 34
3 5 5
14 17 18
17 21 41
18 21 19
5 9 19
23 3 4
20 0 4
20 22 1
18 19 10
13 16 19
11 15 44
6 9 15
21 23 1
3 8 1
9 11 25
18 21 17
5 7 17
15 19 11
20 0 35
2 3 38
14 16 16
8 11 4
14 17 33
14 18 4
15 19 35
0 4 39
19 23 15
3 5 19
0 3 2
18 22 7
3 5 21
5 8 18
23 2 8
15 20 22
2 6 8
22 1 33
2 4 17
3 6 16
14 19 40
0 4 41
0 3 23
9 13 7
21 0 42
2 2 22
23 3 10
10 13 44
19 21 32
18 23 21
9 13 8
11 15 18
21 23 40
1 4 23
8 11 14
11 14 21
21 0 41
2 4 31
1 5 7
19 22 9
13 16 36
18 21 27
20 23 37
23 3 32
8 11 29
7 13 22
12 14 38
13 16 20
14 18 36
6 10 22
12 15 21
14 18 7
2 5 5
19 21 39
18 20 36
1 4 3
21 23 21
6 10 31
20 0 17
1 4 2
3 5 13
13 17 9
0 5 19
9 14 18
14 16 24
11 15 43
14 17 16
17 20 18
5 8 2
15 19 21
16 17 32
21 23 15
13 16 15
0 2 6
15 19 23
20 22 6
20 0 20
6 10 36
8 11 11
20 0 18
4 6 13
17 19 13
23 2 1
11 14 11
4 8 38
15 17 3
6 11 11
17 21 40
7 10 2
7 10 26
7 10 42
14 19 11
9 12 31
1 5 42
15 19 10
8 12 23
1 5 35
19 20 23
6 7 43
0 2 43
16 18 35
1 3 23
7 11 35
2 5 26
15 17 26
1 5 1
9 14 31
15 19 3
1 3 22
17 19 22
4 8 21
11 12 25
18 19 23
0 3 12
22 0 23
14 16 25
16 18 37
19 22 5
8 11 6
8 12 3
23 2 36
4 7 26
1 5 9
2 5 23
20 0 36
10 14 39
7 10 26
7 9 13
14 17 11
12 15 17
12 14 15
3 6 25
1 6 6
5 8 5
17 21 24
15 19 7
21 1 36
18 21 25
12 16 27
18 21 18
0 4 29
6 8 8
18 20 31
0 3 44
4 7 16
21 23 5
0 3 23
13 17 12
3 6 23
7 9 43
10 13 27
8 12 8
14 17 38
21 1 44
1 5 10
7 8 26
23 3 20
22 3 22
2 6 30
3 6 35
12 15 2
15 19 12
11 13 36
8 11 25
8 11 44
4 7 12
11 12 20
6 8 18
14 16 16
18 0 7
7 11 3
14 17 26
22 1 43
1 5 19
21 22 29
17 21 38
21 2 12
19 22 7
18 20 42
5 9 33
0 2 21
19 21 28
2 4 12
10 12 14
5 8 26
0 4 12
7 10 35
9 13 19
6 9 14
21 2 10
3 7 13
18 22 24
11 15 14
5 9 13
5 8 40
20 0 2
14 16 14
22 2 40
8 10 26
20 22 1
8 10 25
12 15 18
16 18 29
9 12 38
19 22 35
5 7 20
8 11 10
11 15 23
6 11 40
0 3 10
9 10 6
16 19 40
17 17 43
3 5 44
16 19 36
13 17 7
23 1 26
8 13 22
1 3 2
12 15 19
9 12 18
10 15 34
14 17 3
5 7 12
15 19 28
5 8 24
13 15 20
14 17 44
5 9 23
14 18 34
11 13 24
1 6 20
7 10 5
0 3 31
11 14 28
3 7 20
23 2 31
23 2 4
5 8 33
19 22 28
5 8 38
5 6 40
20 0 17
6 9 26
1 4 41
0 3 9
2 4 11
22 2 13
4 6 31
16 18 14
21 23 43
21 1 25
11 13 4
3 4 41
14 17 21
8 11 24
16 20 20
16 18 19
7 9 43
0 3 44
8 11 16
10 13 23
16 19 18
16 17 31
19 22 38
7 9 13
3 5 18
15 17 37
4 7 2
15 18 34
18 21 6
8 11 11
13 17 4
3 7 5
18 21 44
5 10 15
2 4 34
2 7 42
0 2 10
5 8 1
19 23 32
2 5 1
1 4 14
2 6 3
19 23 17
13 16 41
7 9 11
9 12 38
20 22 28
9 11 40
1 4 30
0 4 35
21 0 30
15 19 39
15 18 20
15 17 15
17 19 26
9 12 39
6 8 17
8 11 38
9 11 16
14 18 12
22 1 43
6 10 39
9 11 18
8 9 44
16 20 30
9 12 37
0 3 3
16 17 33
3 5 28
4 7 19
23 1 24
12 15 25
18 20 19
8 10 34
9 13 5
18 22 21
15 18 43
14 16 43
0 1 16
8 12 35
10 11 8
4 8 25
23 0 34
16 18 36
2 5 41
5 9 16
19 22 38
13 15 6
15 18 8
12 17 40
10 14 14
2 5 16
20 23 1
21 0 36
23 3 12
20 23 41
2 6 41
10 13 35
13 16 9
17 18 35
10 14 42
6 9 34
17 19 23
0 2 34
8 11 26
1 3 34
8 12 13
5 9 2
11 15 4
14 15 2
18 22 9
19 22 9
6 10 42
4 8 12
16 20 17
8 11 31
21 1 1
5 9 43
13 14 25
1 3 32
2 6 26
3 8 10
18 23 1
11 15 17
6 8 12
23 2 4
17 23 36
16 19 12
15 17 5
4 5 44
15 16 43
18 21 5
8 12 27
7 10 8
21 23 26
13 16 25
18 21 8
5 8 23
16 17 33
3 6 4
1 4 39
1 4 11
20 23 20
9 14 33
18 22 2
18 21 15
7 10 4
14 16 34
12 14 36
11 17 17
13 17 26
15 18 16
18 22 21
17 20 13
5 9 3
9 13 11
6 9 21
2 6 30
14 17 20
23 2 38
11 15 1
19 20 41
10 12 33
11 14 2
2 4 10
21 2 15
1 4 6
13 15 19
18 21 22
13 14 35
11 13 27
8 11 1
22 23 3
5 8 16
12 15 31
15 21 29
14 16 22
16 19 3
22 1 20
3 6 14
23 1 35
16 20 32
4 6 34
17 20 43
14 17 25
14 17 37
19 23 42
0 3 8
11 14 44
18 20 27
11 14 1
14 17 2
1 6 38
1 4 30
19 23 43
9 11 30
20 23 4
4 7 15
2 4 10
23 2 17
23 2 29
17 19 28
0 2 17
12 16 13
12 15 16
6 11 43
9 11 14
13 16 2
13 14 11
10 15 31
13 15 12
10 13 18
19 0 25
4 9 20
23 3 26
11 13 9
6 8 12
2 3 5
2 4 42
2 4 4
15 19 37
21 0 33
17 20 15
2 6 6
12 15 15
19 23 19
19 23 31
15 19 4
16 20 11
2 6 43
20 22 44
13 16 12
18 21 6
0 5 41
17 20 13
22 0 28
4 7 19
23 1 16
12 14 33
8 10 16
6 10 44
11 13 18
17 20 8
10 12 14
22 2 8
18 22 43
5 8 22
23 1 27
7 8 9
2 5 24
19 21 27
4 6 30
1 6 9
3 5 35
6 10 8
20 22 11
20 22 24
9 13 38
3 5 30
7 10 15
5 6 19
17 19 21
18 20 6
14 17 27
17 19 33
9 11 8
22 1 27
23 1 13
17 21 20
5 7 29
6 8 41
9 13 41
4 9 15
19 22 23
16 19 6
1 4 24
18 22 28
6 10 16
2 6 1
11 10 7
0 3 5
6 8 30
23 4 14
10 14 5
13 16 14
4 6 44
1 3 20
12 14 3
7 8 36
20 22 37
15 18 5
14 17 44
21 23 28
8 11 19
17 20 42
7 12 40
8 11 43
21 23 18
7 9 21
5 6 3
21 23 2
9 11 20
3 7 36
11 12 28
5 8 44
9 12 11
11 16 24
14 16 29
13 17 34
4 7 18
9 13 2
17 19 12
14 17 23
0 3 4
17 20 16
2 5 27
4 8 6
6 9 23
17 19 9
5 7 30
5 7 37
22 2 4
23 1 6
7 9 34
21 0 15
19 20 14
11 14 30
17 21 11
3 8 29
3 6 44
0 3 29
23 0 33
0 3 10
2 4 1
21 22 12
18 21 43
6 9 37
20 22 7
23 1 36
22 1 14
21 0 26
12 15 41
20 22 15
22 2 31
23 1 40
15 18 13
8 11 17
3 6 6
9 10 22
22 2 9
0 3 21
19 21 24
13 17 43
10 13 3
11 14 1
15 18 9
14 18 40
8 10 33
0 3 40
2 5 38
12 15 26
1 5 23
21 0 18
5 7 18
10 12 35
17 21 31
4 7 33
8 12 41
12 17 24
14 17 13
21 23 33
3 6 34
3 5 21
17 21 8
19 21 37
16 19 20
6 10 2
15 19 7
13 15 15
18 22 41
4 7 25
4 6 41
4 7 1
6 9 17
14 17 40
14 17 34
15 19 2
10 12 29
20 0 30
12 14 38
2 5 5
17 19 3
5 7 19
12 14 7
13 16 19
0 2 18
9 11 12
13 17 27
10 13 15
5 9 21
5 8 37
20 1 1
2 5 33
1 5 11
15 19 12
21 0 13
16 18 31
19 22 32
8 10 27
17 19 18
20 23 34
20 23 4
10 13 16
1 3 31
21 22 6
18 22 20
8 10 9
22 2 4
6 9 10
16 18 40
1 4 16
2 3 28
8 10 15
8 11 23
15 18 22
13 16 36
22 0 1
13 18 16
5 5 42
20 0 7
18 21 4
0 5 23
2 4 16
22 2 19
5 7 10
4 6 29
16 19 7
4 7 43
8 11 7
9 13 44
10 13 44
18 19 37
7 11 18
15 18 26
15 18 1
21 22 15
13 16 20
7 10 40
23 5 21
13 16 39
3 6 40
3 6 8
11 14 43
12 15 43
1 5 12
2 6 37
21 0 16
5 7 42
19 23 40
20 23 8
22 1 44
14 19 6
10 10 44
13 16 2
10 13 39
9 12 40
5 8 43
5 8 18
17 19 19
23 1 29
9 12 33
23 2 4
18 20 26
22 0 6
19 22 43
15 19 2
6 11 44
6 8 29
19 23 39
6 9 30
18 21 26
20 22 2
7 11 16
18 20 21
0 1 1
6 9 11
22 1 8
16 20 16
17 19 22
3 4 8
12 16 29
13 15 34
20 0 37
11 15 31
5 9 35
0 4 23
16 18 9
18 21 40
10 14 9
11 15 17
15 17 37
1 4 14
3 6 15
0 2 38
15 19 44
10 13 32
11 17 14
10 14 36
8 12 43
9 10 43
17 20 29
4 8 33
18 22 14
4 8 37
1 4 4
4 8 21
8 11 30
9 12 12
18 20 29
7 9 44
7 11 31
8 11 20
11 14 1
16 19 39
20 23 40
9 12 9
17 20 29
20 23 8
19 22 27
23 3 25
7 9 10
13 16 42
2 5 25
10 13 29
1 3 22
5 7 17
0 3 33
2 4 43
20 23 43
0 4 33
14 17 15
17 23 14
3 6 37
9 13 26
8 10 20
11 13 10
23 2 34
23 3 41
5 8 19
21 23 34
3 5 44
8 12 38
21 2 14
14 17 9
19 22 43
15 19 35
3 6 27
18 21 39
17 20 28
12 12 9
13 16 21
4 8 3
22 1 7
18 20 12
10 13 37
1 5 32
4 7 24
16 20 17
22 2 37
15 19 35
6 9 39
5 7 24
0 4 6
23 2 29
15 19 27
18 23 6
6 10 43
20 23 4
13 15 26
4 7 6
18 20 2
8 10 10
1 6 32
21 0 21
17 19 9
16 20 34
17 19 9
3 5 31
10 13 34
12 14 15
9 12 25
22 23 16
0 1 41
0 4 9
14 16 27
22 1 2
11 15 12
12 14 10
3 6 39
5 9 13
15 18 28
14 16 17
7 10 18
23 4 5
7 11 6
11 13 11
7 9 7
21 0 1
14 15 13
12 15 23
20 22 38
16 19 1
0 3 27
14 17 16
13 16 17
13 16 17
10 13 27
7 10 5
0 2 1
1 4 30
1 5 15
6 8 12
20 0 19
12 15 6
18 20 19
8 15 26
17 21 29
14 17 24
16 18 43
4 8 19
23 2 9
15 17 41
2 5 20
2 5 15
2 7 7
19 22 21
20 0 38
10 13 38
11 14 17
14 18 11
6 10 11
8 10 19
5 10 2
16 20 14
21 22 38
15 18 42
15 18 35
21 23 7
14 19 11
11 12 4
1 4 30
14 16 16
22 2 15
13 17 17
13 16 21
14 17 19
18 21 21
23 2 18
12 13 11
16 19 35
9 13 2
7 10 39
8 11 23
5 8 34
11 15 3
1 4 15
16 17 16
11 15 37
20 23 19
4 7 18
2 5 24
10 13 40
22 2 6
4 6 30
15 18 43
9 13 11
22 2 24
19 22 9
20 1 29
23 1 12
12 16 19
2 6 43
5 9 23
21 1 22
1 5 33
15 18 18
9 13 30
11 14 42
22 0 9
16 18 19
8 11 36
3 6 27
2 6 25
23 0 5
9 11 19
22 1 36
5 8 44
10 13 30
21 0 22
4 7 39
0 5 4
1 4 11
15 19 22
19 22 20
12 16 17
10 11 34
0 2 39
17 18 22
16 20 35
2 5 22
3 6 6
16 20 43
16 21 34
16 19 43
9 11 12
7 11 42
3 8 40
10 13 32
10 14 39
19 0 38
2 4 42
4 8 43
14 15 12
15 19 40
19 23 24
19 22 12
21 2 44
15 18 44
21 1 26
3 7 39
5 8 32
12 14 42
21 0 4
22 2 23
21 2 32
14 16 36
20 23 33
2 3 36
8 9 27
20 0 32
10 13 2
4 7 20
1 5 21
22 2 9
5 10 21
16 19 32
15 19 20
23 3 19
14 17 14
21 0 44
23 1 33
21 0 7
14 17 1
17 20 3
6 8 6
6 9 23
23 2 25
22 2 19
15 18 7
9 12 37
7 10 32
1 4 44
9 10 9
19 21 22
22 22 21
3 6 34
23 1 19
15 19 2
19 22 33
9 9 17
6 9 3
3 4 41
15 17 31
13 16 6
23 2 25
21 0 32
18 20 9
18 20 8
7 11 44
16 20 28
2 3 24
5 7 2
19 22 17
23 3 22
18 23 39
7 9 18
11 14 25
8 11 30
21 1 42
5 6 29
16 19 38
20 0 36
21 0 15
10 11 1
20 0 31
7 9 20
17 18 28
21 0 21
4 8 32
21 22 5
17 19 22
9 13 18
2 7 38
15 18 39
22 1 38
9 12 12
16 20 44
23 3 40
0 2 1
1 4 3
0 2 29
3 6 14
7 9 8
4 6 14
14 18 16
8 12 25
13 15 41
9 12 28
12 15 44
5 9 26
13 17 3
5 8 10
22 1 23
3 7 9
7 11 33
15 20 24
19 21 3
8 13 33
1 4 18
1 6 10
6 9 30
14 17 22
1 5 11
12 14 9
7 10 11
0 1 30
11 15 16
3 5 40
21 0 42
17 20 3
3 6 11
13 15 24
19 0 41
20 23 7
17 19 19
1 3 27
19 21 32
22 2 29
6 8 27
18 20 9
23 1 43
10 13 43
13 16 12
10 13 5
5 7 41
6 9 8
17 20 1
8 12 10
5 7 31
12 15 17
13 16 43
13 15 7
0 4 36
21 1 3
8 10 6
23 2 27
7 10 42
2 6 33
10 12 1
12 16 23
18 22 30
0 4 21
15 18 4
4 8 12
10 12 37
2 5 26
1 6 4
5 9 37
18 21 31
22 1 29
11 14 13
22 0 39
1 3 22
16 20 42
8 11 43
6 11 10
16 20 38
5 8 27
10 13 7
8 11 28
14 19 16
7 11 3
2 6 22
12 16 37
0 4 27
3 6 39
1 4 29
2 6 15
2 5 41
13 17 33
18 21 16
10 14 19
19 20 39
23 3 6
18 19 13
14 18 1
18 22 5
10 13 6
10 11 44
4 7 29
11 13 33
3 6 39
17 21 37
6 9 10
3 6 35
3 6 27
19 22 44
9 12 5
0 3 35
19 21 25
12 18 27
23 0 9
17 20 31
20 23 40
23 4 40
17 20 34
21 1 24
15 18 29
23 2 8
0 2 5
4 6 30
18 21 10
23 3 20
18 21 2
5 9 6
5 8 39
4 8 37
0 3 21
3 6 44
10 14 6
9 10 12
20 23 40
14 16 8
19 23 14
15 17 1
8 11 19
5 9 2
18 22 14
11 14 22
2 6 14
7 10 21
3 7 14
23 2 23
10 13 29
6 7 21
8 10 19
7 10 2
2 5 7
14 16 22
13 16 13
13 15 23
14 16 29
7 10 37
19 21 11
22 1 4
5 8 33
1 4 32
0 4 10
20 22 39
9 13 35
10 12 44
18 21 38
14 18 21
10 11 16
0 1 22
4 6 36
4 7 1
14 16 10
10 13 16
11 14 5
20 23 41
4 6 38
16 18 22
4 5 7
19 22 9
19 21 40
20 23 2
0 4 5
5 8 30
23 3 30
23 1 31
5 9 4
20 23 44
10 14 11
15 18 22
1 6 26
19 21 12
3 7 33
17 20 27
20 0 19
19 23 41
0 2 18
7 8 42
5 8 23
22 0 1
6 10 18
12 18 4
11 16 24
16 18 12
22 2 4
9 11 41
1 3 41
6 9 35
14 17 39
7 10 16
0 2 18
15 20 18
21 0 39
0 3 1
21 0 42
12 16 18
6 9 18
11 14 28
0 3 15
4 8 35
12 15 17
1 5 41
14 17 24
2 4 3
11 13 5
15 19 27
18 21 15
7 11 2
15 18 11
19 22 16
13 16 5
0 2 2
19 22 34
23 2 4
9 12 26
13 18 20
2 4 40
1 5 36
16 17 4
4 5 29
8 11 40
3 4 5
10 13 22
5 9 10
21 1 3
20 0 3
2 7 6
18 21 23
6 10 30
17 18 19
23 2 16
20 22 33
14 19 15
21 0 14
20 0 19
8 13 20
20 23 1
1 3 2
0 0 9
1 3 10
3 7 25
13 18 22
18 22 36
20 23 36
11 14 10
16 19 12
0 1 14
22 0 4
21 1 30
0 3 4
9 14 14
6 10 9
3 6 7
3 6 9
11 12 8
17 20 10
17 19 9
13 14 13
3 5 37
3 7 35
17 19 38
21 0 37
16 19 7
5 8 7
10 13 5
17 19 33
13 16 22
10 14 1
23 0 25
14 18 8
13 17 34
4 8 7
2 3 42
13 15 32
21 0 30
22 0 36
16 20 11
22 2 12
12 15 38
9 11 15
20 0 26
14 17 40
5 7 36
4 7 21
14 15 4
14 16 8
9 12 24
21 0 14
6 9 24
3 6 12
13 17 4
17 21 37
20 23 8
22 3 19
23 4 7
5 9 1
2 6 26
14 19 6
7 10 20
16 19 37
13 16 40
10 13 8
21 23 32
12 15 35
4 7 20
16 20 25
3 6 13
10 13 13
15 20 16
11 14 10
5 8 31
22 2 6
7 10 32
2 5 36
19 20 18
9 11 42
15 18 19
14 18 34
11 13 1
3 5 12
16 18 4
1 3 10
15 17 5
1 4 19
18 21 38
17 20 3
1 4 31
23 2 9
1 4 9
16 20 26
13 16 28
4 6 18
9 12 22
5 8 32
11 15 37
0 3 4
15 18 20
16 18 23
20 0 34
7 9 9
6 8 41
5 10 29
23 2 18
1 2 30
22 2 29
10 13 5
9 13 2
13 15 7
4 6 20
14 15 19
14 16 20
22 1 24
18 19 40
20 0 11
14 17 32
6 9 25
19 21 30
2 7 10
16 19 3
3 6 13
6 9 34
20 22 27
12 15 40
12 15 44
6 10 41
18 21 18
20 23 29
21 0 13
19 22 42
16 18 10
14 16 37
0 2 7
12 15 20
18 19 37
5 8 29
20 22 23
19 22 3
8 11 18
23 3 7
5 8 15
5 7 38
17 18 13
0 4 5
8 10 16
12 15 5
16 19 5
16 18 44
3 5 38
4 9 11
10 15 2
8 10 29
3 5 8
3 6 5
4 6 35
15 18 4
11 14 40
8 11 24
23 3 18
13 17 6
10 12 35
14 16 32
12 16 28
20 22 32
17 20 28
10 14 42
17 20 31
11 14 30
11 14 3
13 15 16
6 9 23
14 18 44
10 12 13
17 21 8
21 23 28
0 2 32
23 1 40
6 11 7
7 9 44
15 19 12
6 10 15
23 1 28
0 3 21
15 20 17
16 21 16
22 2 23
0 5 42
2 6 44
13 19 25
23 2 3
1 4 12
17 20 41
6 10 13
16 19 13
19 22 17
18 23 27
0 5 15
17 19 17
18 21 14
9 11 9
0 2 25
17 20 14
4 7 22
18 19 24
18 21 13
14 18 23
4 8 22
5 8 23
0 3 24
0 2 32
3 7 20
16 20 38
12 15 12
17 19 37
23 0 16
12 16 38
22 1 21
21 1 34
20 23 6
20 23 24
1 2 3
12 16 21
12 16 39
21 1 18
21 0 26
0 1 17
18 20 6
15 17 44
11 14 29
11 15 4
7 7 42
19 22 33
13 15 24
3 8 6
13 15 14
14 18 17
23 4 36
22 2 37
15 19 6
19 22 8
7 9 41
22 1 34
16 18 32
20 0 37
0 4 5
4 7 23
9 11 21
10 15 42
13 15 6
7 10 32
3 5 14
11 14 24
5 7 41
11 14 40
10 14 43
18 19 30
10 13 32
6 9 28
23 4 27
11 14 17
17 21 34
14 17 13
3 4 38
22 0 32
12 14 28
19 20 7
12 15 8
7 10 29
6 9 38
20 0 12
9 11 35
21 0 29
13 16 37
16 19 27
10 13 8
15 18 44
2 4 1
17 20 2
17 19 43
6 7 20
21 23 19
14 18 38
0 3 14
23 3 21
9 13 39
20 0 38
15 17 32
12 14 32
17 20 23
10 12 8
11 14 44
7 11 20
21 23 35
8 11 37
8 13 13
8 11 17
22 1 18
18 21 31
1 4 24
2 6 12
18 21 16
12 13 37
23 3 3
10 13 6
4 7 9
20 23 38
17 20 41
5 9 32
15 18 32
14 18 2
20 0 28
4 6 30
9 13 20
10 12 1
11 14 39
12 15 12
0 3 11
3 5 11
5 7 29
16 19 42
2 7 14
1 5 12
1 4 14
1 3 14
23 4 31
15 19 27
17 20 26
20 23 30
11 13 2
18 21 35
20 1 6
15 17 2
19 23 37
13 15 38
10 14 38
12 14 27
0 4 7
0 4 4
1 6 18
23 1 31
2 3 43
22 1 26
7 10 11
11 15 24
11 14 3
18 22 18
0 3 27
19 23 24
5 8 14
7 12 21
18 22 21
8 12 38
4 6 3
8 11 27
11 14 18
20 23 1
19 21 26
11 17 4
8 11 22
19 23 35
20 22 14
23 0 30
15 17 18
2 4 29
7 11 16
20 0 40
15 19 25
20 23 10
14 16 18
2 4 10
16 19 32
0 4 35
5 7 12
9 14 2
3 7 32
19 22 33
11 13 13
17 19 37
15 18 18
21 1 12
12 15 35
17 21 6
3 7 11
8 12 2
19 21 30
22 0 12
0 3 30
3 6 15
8 12 7
3 7 37
19 22 29
4 6 43
23 4 37
7 10 14
13 16 1
21 23 6
20 0 7
19 20 41
12 15 31
23 2 5
12 17 32
21 21 41
4 5 38
10 14 18
23 2 22
14 17 18
6 10 35
13 15 13
0 3 35
10 15 24
1 4 15
19 21 29
13 14 42
2 2 22
6 9 28
5 9 21
9 13 21
6 8 27
20 22 6
18 21 24
4 7 17
1 5 28
7 10 35
5 8 14
0 2 43
1 5 13
16 19 19
16 20 12
12 16 41
9 11 20
23 1 43
3 5 2
5 8 10
0 3 20
3 6 23
3 5 13
15 19 39
2 4 31
23 1 16
6 8 18
7 10 28
7 11 23
22 0 10
13 14 12
6 9 7
8 9 18
2 4 39
10 12 43
23 3 17
2 5 20
23 1 22
17 19 39
2 4 24
2 4 27
5 7 42
8 11 8
23 1 17
13 15 7
11 14 42
10 12 30
21 1 19
0 2 37
17 21 23
11 15 4
19 0 42
10 13 44
5 8 2
14 15 43
23 2 2
15 21 14
4 7 23
20 0 38
20 23 30
9 12 39
1 3 4
18 21 28
16 19 16
19 23 9
14 17 42
21 22 11
11 13 19
19 22 11
6 10 6
5 8 15
5 9 39
11 13 44
12 16 30
13 16 31
9 12 19
6 10 25
20 23 3
1 3 24
3 7 21
12 16 24
11 14 19
13 16 41
12 15 20
15 19 17
8 10 23
11 15 24
17 21 23
8 11 8
13 14 7
16 18 14
21 2 3
22 3 8
8 13 36
19 23 38
2 4 30
7 11 26
14 16 16
22 0 31
11 14 40
17 21 9
17 20 16
2 4 22
0 4 40
9 12 5
23 2 20
4 6 5
19 21 43
6 9 22
23 2 5
6 10 23
15 17 30
2 3 10
23 2 13
11 12 40
8 11 31
20 23 22
10 13 17
12 15 40
8 10 13
11 14 28
3 6 11
12 17 1
3 7 35
14 18 24
19 21 11
1 3 15
12 14 5
23 2 18
15 20 5
23 2 40
13 16 29
16 20 15
1 4 11
6 9 36
23 4 11
21 0 28
5 7 26
4 5 42
9 11 37
2 5 4
11 13 2
22 23 42
23 2 28
18 21 33
7 7 17
7 10 3
10 13 43
22 22 3
8 9 13
3 3 13
1 4 38
18 20 1
18 21 14
23 2 31
3 5 18
4 9 12
3 6 7
19 21 20
19 22 37
1 4 3
7 10 27
3 6 42
13 15 23
4 7 10
16 19 21
5 8 29
17 19 39
22 1 5
22 1 6
3 6 43
11 14 42
16 20 34
3 7 14
14 17 10
14 17 16
23 2 28
7 9 36
13 18 22
21 0 24
19 23 31
1 3 34
5 8 15
23 2 1
12 14 5
13 17 38
22 1 38
23 3 43
8 11 1
5 9 19
5 9 22
3 7 20
20 23 41
15 18 36
15 18 18
8 11 18
17 20 8
1 3 15
8 12 8
19 21 33
20 21 2
0 4 29
4 6 19
11 14 42
15 16 11
1 3 43
5 7 24
20 23 41
19 22 3
15 19 25
2 6 23
7 10 11
20 21 3
4 7 39
22 1 17
22 0 44
6 7 7
16 19 14
8 13 30
18 22 35
18 21 23
10 12 11
22 1 5
5 7 19
8 13 11
0 2 21
11 14 26
1 3 27
8 12 24
7 8 21
3 5 17
20 23 12
1 4 15
1 4 34
11 14 7
0 3 33
6 8 23
21 1 12
17 21 18
16 18 16
12 15 28
1 4 13
20 23 2
9 13 39
5 7 35
13 15 23
1 4 15
2 5 15
11 14 13
12 14 33
21 0 22
14 18 38
17 22 8
23 1 33
13 16 27
21 23 18
16 19 22
1 1 1
15 18 9
19 23 16
8 10 39
20 23 22
3 8 14
23 2 19
20 23 7
19 22 13
11 13 29
14 17 37
1 4 17
2 6 22
7 9 3
0 2 6
18 21 25
10 11 7
14 17 39
13 18 36
5 9 13
6 8 29
7 10 13
13 15 31
16 20 9
6 10 24
19 21 14
21 1 17
16 21 26
6 9 22
15 18 5
21 23 29
4 8 24
8 11 2
18 21 25
17 21 43
23 3 18
0 3 32
21 0 19
19 23 39
0 1 37
16 19 25
12 15 38
2 4 21
4 6 26
10 13 22
4 8 44
14 17 22
13 15 34
8 14 11
5 9 16
12 15 7
15 18 3
4 8 44
8 10 40
6 8 34
13 16 15
13 16 27
5 10 5
7 10 22
6 10 27
10 11 4
16 22 32
6 8 44
23 3 35
21 0 28
0 3 42
11 12 9
0 2 30
12 14 34
13 16 18
21 0 11
5 7 6
21 1 29
19 22 19
23 2 8
4 7 18
11 13 32
10 13 29
17 17 8
22 0 29
8 11 10
12 15 3
12 16 22
10 12 40
6 8 17
2 6 43
10 14 44
16 21 7
11 16 7
12 16 3
21 23 37
21 23 40
23 1 9
14 15 37
14 18 41
10 15 31
13 16 5
8 11 42
0 2 15
10 12 4
16 19 21
8 13 42
23 3 4
23 3 18
12 15 11
5 9 8
1 5 13
0 5 9
23 1 35
12 16 33
4 7 10
23 2 30
2 5 37
17 21 26
15 19 2
5 7 31
20 1 5
13 16 41
11 13 25
12 15 27
5 9 1
10 12 7
12 15 16
3 6 23
7 9 41
23 1 4
3 7 37
23 3 26
9 12 22
7 10 25
11 13 44
17 20 15
0 5 4
17 20 25
16 18 32
2 6 14
10 15 14
1 4 18
7 12 21
4 7 14
21 1 11
7 9 10
16 18 33
6 9 43
0 2 43
5 8 7
20 0 7
19 0 13
0 1 41
19 22 11
13 15 44
7 9 9
2 7 24
3 8 10
18 20 33
12 15 41
23 2 4
5 7 7
9 10 26
17 20 13
5 6 27
13 16 2
6 10 11
9 11 39
9 12 1
11 14 7
12 15 10
0 2 25
9 13 14
7 11 31
6 9 21
5 8 1
15 18 2
7 11 42
22 1 34
14 17 5
13 16 1
3 6 12
5 8 2
17 19 38
10 13 37
2 4 33
12 13 13
9 11 15
7 11 4
0 3 2
7 10 32
3 6 18
2 6 27
1 3 10
11 13 37
6 9 43
15 20 37
2 5 42
8 10 18
20 22 30
23 4 34
16 17 43
9 12 19
17 20 9
17 19 17
15 18 30
17 22 24
19 20 10
8 11 41
12 15 40
0 2 9
0 2 24
14 16 32
21 0 5
9 12 6
22 1 10
14 16 34
11 12 11
19 23 36
9 12 40
16 20 16
15 19 35
4 6 29
18 21 19
11 14 8
21 0 1
22 0 25
17 20 30
22 2 35
3 6 13
20 22 3
2 5 44
3 5 37
13 16 2
20 21 32
1 4 33
6 9 20
0 3 41
11 15 21
3 7 10
14 17 44
9 12 33
2 5 7
10 12 15
19 22 4
15 17 35
7 8 23
8 10 13
0 3 27
23 4 1
14 17 14
12 15 32
3 5 38
4 7 27
18 22 4
2 6 8
4 6 32
11 15 41
22 2 1
8 9 5
8 10 24
10 12 43
20 23 17
2 6 33
12 13 9
0 5 18
9 13 6
4 5 9
13 17 9
15 19 1
21 23 3
3 6 38
13 15 14
18 21 14
16 19 33
11 15 27
7 11 36
21 2 1
9 13 5
11 14 12
0 0 16
10 13 3
15 17 17
20 0 14
16 18 3
6 8 18
14 17 10
14 17 35
22 1 30
17 19 9
20 22 20
0 3 37
5 8 32
23 1 17
2 7 24
13 14 20
4 7 27
1 4 9
6 9 27
23 1 9
9 11 33
21 1 18
10 12 33
19 1 1
2 6 2
1 4 33
17 20 43
12 17 36
14 15 44
17 18 3
15 18 38
23 2 44
3 6 25
0 3 25
19 21 36
19 22 18
20 23 29
2 7 16
13 15 31
10 14 5
1 3 11
22 1 31
15 20 44
22 1 28
4 8 34
7 11 14
16 19 39
9 11 27
7 9 24
15 18 33
22 1 14
8 10 35
20 22 8
11 13 24
20 22 36
12 15 16
10 13 44
14 17 27
18 20 29
6 8 14
12 14 5
3 7 29
3 7 6
8 14 23
7 10 43
3 6 2
17 17 34
16 21 9
5 9 41
1 4 41
8 10 29
22 1 24
21 0 22
22 23 18
1 4 38
5 7 24
18 22 15
2 6 19
15 18 42
20 23 32
5 8 9
22 2 44
13 16 44
1 5 25
23 4 24
20 22 39
2 6 2
12 14 37
17 21 5
17 20 38
5 7 11
6 7 13
0 3 38
4 5 10
21 0 13
19 21 24
19 23 40
14 16 30
3 7 36
13 14 41
14 16 5
15 18 30
1 4 43
22 1 42
9 12 9
1 4 30
9 12 17
9 13 26
10 12 25
3 6 10
3 7 20
8 8 38
8 13 16
5 8 1
10 13 20
10 13 26
8 11 32
0 3 24
2 7 8
2 5 37
11 15 30
5 10 38
6 9 10
