6000 40
40 33 11 11 5 21 33 24 31 27 35 8 30 2 35 11 12 20 19 39 17 26 17 19 6 1 40 27 6 16 30 21 12 30 6 30 31 27 21 27 
7 9 20
8 10 5
15 18 7
17 21 29
22 1 13
20 23 13
17 21 13
23 0 5
22 0 9
20 22 18
10 14 24
21 0 11
6 9 21
12 15 16
0 1 11
0 1 18
0 2 20
19 21 22
1 3 4
4 6 4
22 1 7
17 20 24
17 18 35
23 2 23
17 19 10
11 15 23
9 12 9
15 18 16
19 21 31
3 8 25
13 15 17
4 7 29
13 16 26
13 16 34
0 5 8
15 15 37
3 7 21
12 14 3
16 19 10
4 6 17
12 14 39
7 11 19
7 11 8
23 2 24
23 3 34
10 13 29
4 8 33
23 2 35
11 14 23
12 15 17
9 13 17
14 18 20
13 15 16
6 9 19
3 8 40
21 0 29
3 5 12
7 11 27
18 20 11
13 16 7
20 0 29
22 0 3
3 6 37
11 12 23
16 19 37
5 9 33
17 20 21
5 6 20
22 1 19
4 8 8
14 20 40
6 7 10
19 0 18
19 22 6
9 13 36
19 22 18
9 12 11
9 13 4
9 12 4
9 12 12
13 17 24
0 3 28
20 22 10
4 8 10
8 11 13
18 23 3
7 9 16
9 11 23
20 0 1
3 5 17
5 7 22
18 20 3
22 1 36
11 16 18
15 19 7
6 9 1
13 16 27
16 22 6
4 6 17
21 0 8
3 6 37
23 2 39
22 1 25
21 23 2
7 10 39
23 2 24
11 14 28
1 4 5
23 2 27
19 23 36
17 21 3
9 13 25
12 16 22
21 1 25
13 17 9
15 19 37
5 7 9
5 10 28
7 10 34
0 3 8
17 21 40
16 20 10
17 20 19
19 21 7
12 15 37
8 11 23
16 20 7
18 20 33
21 1 14
4 6 17
22 1 5
22 0 33
19 22 6
21 23 9
5 8 12
18 21 17
16 18 17
3 6 37
11 15 32
14 18 38
20 23 22
4 7 24
17 21 11
7 9 13
21 0 38
23 0 2
19 23 37
0 3 31
4 6 32
3 6 7
1 3 4
13 15 13
9 13 25
6 9 7
5 7 6
19 23 13
10 12 12
5 8 34
4 5 12
5 9 6
1 5 10
6 7 32
2 5 5
7 10 30
4 8 21
4 6 31
21 0 27
12 14 21
3 6 18
23 0 22
10 12 29
5 9 3
16 20 17
13 15 7
9 11 33
7 10 8
15 17 23
19 23 26
22 1 3
21 23 23
18 22 28
2 3 25
22 2 10
12 14 7
19 22 21
15 16 24
18 21 34
4 7 40
20 0 12
19 22 29
10 13 27
18 21 25
6 10 16
12 15 19
21 0 39
0 4 3
20 23 12
17 19 6
22 0 40
6 11 22
4 7 39
12 15 31
18 21 6
5 7 20
14 19 15
17 19 32
20 0 36
19 23 10
9 12 9
9 13 19
17 21 34
10 14 24
20 22 30
15 17 24
19 22 4
22 2 1
18 22 20
17 20 11
7 10 27
13 17 12
22 1 16
11 13 14
18 21 18
4 8 13
3 7 34
4 7 32
5 6 12
7 10 29
20 22 37
20 2 10
19 22 26
13 16 2
14 19 4
17 19 13
2 5 13
4 8 28
19 21 39
20 22 23
18 22 14
13 17 29
5 8 34
5 8 13
0 1 26
11 15 31
16 19 19
3 6 31
12 15 25
1 3 29
13 18 36
18 19 24
4 6 6
14 16 36
3 5 16
18 21 26
8 11 20
13 15 23
21 0 17
0 2 39
2 4 29
17 19 32
6 8 14
10 12 23
4 5 38
4 6 39
22 1 38
14 16 2
9 12 28
19 22 17
2 4 37
17 20 9
20 0 6
21 0 38
16 19 23
23 0 1
14 17 34
14 14 18
4 7 25
9 12 12
7 9 21
6 8 32
6 9 38
6 7 12
14 16 8
7 11 38
11 14 27
12 14 17
23 2 32
9 12 26
0 4 16
13 17 25
16 19 33
9 12 13
4 7 10
22 0 40
2 6 6
19 0 32
4 8 17
14 15 34
12 15 27
4 7 28
17 22 7
18 20 11
15 17 39
19 0 25
12 15 23
19 21 9
23 1 19
10 14 32
18 20 36
14 17 23
6 9 35
20 23 13
0 1 33
22 2 11
3 5 32
10 13 2
13 14 25
9 12 10
18 22 33
10 11 14
14 17 19
18 23 12
13 18 15
1 4 10
3 7 28
14 17 20
7 9 13
10 16 25
13 17 11
16 20 15
11 14 15
14 19 11
23 2 13
6 10 5
15 20 15
8 10 40
0 3 26
9 13 26
14 17 30
9 13 23
13 17 30
5 8 20
15 18 38
2 5 17
3 5 24
0 3 19
4 8 40
4 9 14
12 16 36
4 8 29
9 12 22
2 4 6
2 5 10
8 12 38
18 21 16
17 21 28
19 22 6
20 22 1
20 23 8
8 12 36
14 16 39
8 11 27
3 5 26
5 6 20
19 0 6
13 17 9
18 20 19
11 13 32
9 11 13
16 18 34
14 16 3
6 9 38
17 20 30
11 13 27
18 23 23
3 4 25
2 4 20
7 10 12
11 15 16
4 7 25
17 18 10
22 1 33
7 11 25
12 16 20
10 14 6
20 23 32
6 9 12
2 4 35
13 15 17
19 22 12
16 17 23
10 13 7
16 18 31
11 13 7
0 2 19
18 22 10
21 1 18
17 20 7
19 22 39
20 22 5
18 21 21
15 18 26
2 5 10
13 15 14
15 18 34
5 8 30
0 3 27
17 20 8
7 9 3
4 8 35
5 9 29
20 0 7
8 12 24
7 10 29
10 12 28
0 2 32
17 19 1
11 15 19
11 14 2
23 1 9
7 10 33
15 17 37
10 12 12
20 0 18
2 3 7
11 15 4
16 20 17
7 10 39
3 7 12
10 14 26
7 10 36
1 5 21
10 13 7
2 5 8
19 21 16
20 22 10
3 6 4
14 16 30
2 5 39
16 19 23
9 12 6
18 21 14
21 1 22
4 6 22
21 23 12
3 7 25
10 16 34
17 21 12
15 18 34
13 17 36
5 6 31
7 10 19
23 3 38
23 2 30
18 22 9
21 0 34
18 22 19
3 4 28
2 6 5
3 7 24
15 19 24
8 11 19
11 13 39
1 4 37
11 15 9
6 12 21
4 8 23
23 2 34
10 13 7
13 16 6
10 13 14
2 3 24
14 18 24
4 6 2
19 21 9
16 20 29
5 9 9
8 11 36
0 2 21
7 9 29
2 6 3
20 23 5
0 5 20
0 2 2
16 20 33
0 2 15
13 15 27
5 7 33
6 8 22
11 12 34
22 2 21
5 6 34
16 18 15
0 4 27
14 18 30
12 15 16
9 14 40
6 9 27
3 5 23
21 2 23
14 18 16
17 21 8
13 18 32
16 19 14
10 12 29
21 23 32
1 3 29
6 10 12
11 14 10
17 21 20
18 20 32
11 16 14
7 11 11
11 14 31
0 4 27
0 4 25
0 3 4
8 9 16
4 8 32
2 4 36
11 13 9
15 17 31
1 3 39
21 23 4
4 8 26
6 9 22
3 6 25
2 4 9
20 23 38
14 18 27
9 13 15
3 5 22
3 6 32
11 14 4
5 9 32
5 8 5
12 17 5
0 3 4
13 15 26
21 23 7
17 20 38
4 9 2
12 13 40
5 8 36
22 23 21
23 2 40
15 18 4
12 16 5
3 6 25
19 23 28
9 12 37
16 20 30
11 13 2
6 10 3
14 16 13
15 19 12
5 8 28
14 15 12
1 4 5
20 22 24
21 0 1
19 22 29
13 15 15
22 2 5
4 4 14
10 13 30
22 2 3
18 21 32
23 2 6
4 7 35
21 0 4
2 7 5
20 23 18
4 7 11
23 4 38
2 6 2
13 15 35
22 0 20
8 10 13
5 9 5
6 9 34
6 10 23
2 4 34
20 23 33
21 1 39
22 1 23
17 21 19
16 20 11
7 9 16
15 17 2
1 5 10
2 6 15
20 23 7
2 4 35
13 17 14
1 2 38
4 7 27
1 4 2
15 19 26
0 4 30
6 9 17
15 19 27
3 5 26
1 3 40
4 8 6
20 23 15
19 21 23
21 23 36
21 3 38
20 22 30
23 4 40
0 2 4
22 1 5
19 21 40
7 11 37
5 8 1
5 10 6
13 15 10
19 0 20
19 22 38
6 8 27
7 11 36
21 23 23
11 14 1
18 21 2
18 21 28
15 20 29
3 5 16
21 0 8
23 2 22
7 10 20
7 10 13
10 13 27
4 7 34
15 18 2
11 14 31
2 4 7
22 0 39
13 16 26
18 22 15
8 10 39
15 17 18
5 8 7
18 22 6
14 16 25
14 16 22
2 3 6
0 3 5
22 1 9
1 4 14
21 1 32
0 2 20
10 12 36
19 22 11
22 2 15
18 22 21
21 23 33
16 20 5
3 5 15
16 18 37
13 16 8
7 11 20
9 10 26
1 3 34
17 19 3
17 21 1
9 14 24
12 16 14
9 11 22
20 0 6
19 21 18
2 5 30
3 6 23
12 16 32
19 23 39
3 7 22
12 16 36
17 20 15
14 18 11
3 6 32
4 7 39
23 4 9
12 14 37
1 3 3
18 22 3
10 14 14
3 5 39
12 15 15
7 10 32
7 11 8
17 21 9
20 21 4
1 3 12
13 15 1
13 17 22
17 21 31
7 12 18
5 9 21
14 18 22
9 12 29
13 15 29
11 13 14
19 21 5
19 21 24
10 13 13
7 10 36
11 15 39
7 11 17
19 0 1
4 6 9
23 0 37
1 5 27
2 5 16
18 20 5
21 23 18
9 12 11
3 6 27
11 12 32
13 17 7
3 7 17
7 11 27
11 15 8
4 7 8
2 5 3
15 19 38
13 18 18
20 23 9
7 10 23
6 10 27
10 14 9
2 4 36
15 18 5
8 10 7
13 16 12
15 18 6
4 7 17
16 20 24
20 22 36
11 13 11
14 19 35
19 22 25
21 0 5
19 23 23
15 19 26
5 8 15
21 23 38
18 20 16
15 17 6
14 17 14
1 4 39
10 14 22
17 19 38
18 22 23
10 13 15
9 12 18
21 23 35
16 19 8
19 23 24
15 20 30
16 18 40
18 22 33
18 20 15
11 14 26
8 12 26
9 13 6
4 7 8
6 9 36
12 14 36
17 21 11
9 12 1
16 21 1
7 9 38
8 13 25
23 4 20
11 13 19
7 11 6
10 13 9
21 1 11
15 19 28
9 11 16
9 13 3
11 14 2
18 23 21
21 23 40
13 17 13
18 21 13
12 14 16
16 20 16
1 3 17
10 16 20
2 4 22
8 11 17
11 14 4
8 10 18
20 23 12
21 1 27
18 22 22
11 13 10
10 13 7
18 19 11
20 23 6
7 8 14
0 3 17
21 23 30
18 21 26
15 18 4
22 2 28
8 10 15
20 0 27
20 21 30
8 11 4
4 8 8
17 21 17
8 11 10
20 22 27
13 17 15
0 3 7
23 2 27
12 16 29
9 12 25
7 8 26
11 14 32
7 9 19
23 2 29
15 19 12
17 18 15
22 2 38
7 11 10
23 4 25
8 12 14
14 18 36
19 23 24
17 20 12
23 0 11
1 5 32
8 11 1
11 11 22
2 4 15
0 3 39
2 4 21
23 2 21
4 7 36
9 11 28
6 9 7
11 14 21
21 23 20
6 9 9
4 6 37
22 23 31
23 1 31
17 19 40
3 7 31
8 10 27
6 8 30
10 13 6
15 17 23
11 13 30
0 4 17
18 23 4
16 18 8
22 2 23
0 4 1
19 21 33
15 19 34
12 13 27
1 3 1
15 19 17
17 20 2
16 19 10
0 3 5
15 19 22
0 4 2
13 17 11
15 19 25
16 21 6
18 21 16
13 16 17
12 15 6
20 23 26
3 5 8
5 9 35
20 3 26
5 7 24
13 16 36
3 7 1
3 5 3
2 4 27
9 10 29
23 2 37
20 23 3
5 9 26
19 22 30
6 8 1
21 0 24
13 14 16
4 7 12
8 11 15
11 14 14
15 19 9
19 23 1
23 1 40
21 1 25
2 7 15
11 14 38
14 18 20
10 14 12
1 3 4
1 4 38
12 15 12
17 19 34
19 22 29
20 22 26
6 9 30
6 8 11
11 13 2
19 21 2
13 16 2
10 12 20
9 13 16
21 0 11
9 12 15
21 0 21
13 15 1
0 3 28
6 10 11
10 11 40
17 21 10
2 3 35
20 23 2
11 15 38
21 22 3
3 6 33
8 11 34
0 5 35
14 18 26
0 4 20
15 18 32
8 10 31
16 19 4
4 6 8
20 23 28
17 19 36
8 12 35
9 12 19
8 10 31
10 13 28
2 3 8
1 4 5
16 18 6
7 10 11
10 13 16
13 14 25
15 17 35
12 15 15
10 13 40
15 19 10
8 10 20
22 0 20
7 11 16
13 14 24
0 3 40
14 18 10
11 13 14
8 10 19
4 7 5
0 4 17
11 15 2
4 8 19
8 12 16
14 16 13
1 3 29
4 6 9
1 6 17
4 8 2
16 18 24
1 4 8
4 5 5
12 16 37
11 14 25
10 13 16
20 0 40
6 9 9
2 5 6
15 17 22
21 2 34
21 3 23
5 7 27
19 22 32
3 6 39
3 8 32
17 21 2
21 23 40
5 8 33
13 15 25
16 19 14
16 18 2
8 10 17
3 6 18
7 12 1
23 2 6
0 3 11
22 23 35
8 12 31
21 23 28
19 22 17
3 7 15
18 22 36
11 15 27
9 11 29
19 21 27
1 3 2
16 19 19
10 12 15
6 8 35
23 3 18
11 14 10
0 3 25
20 0 28
7 10 17
23 3 39
20 21 27
1 3 16
13 18 38
14 16 18
6 9 27
21 23 30
18 22 21
3 5 12
23 1 30
4 7 8
21 2 8
22 2 25
6 8 26
12 16 36
16 20 21
6 9 5
3 5 14
3 5 26
20 23 6
23 1 4
22 0 23
18 22 18
1 5 13
10 13 8
8 12 14
20 22 39
21 1 33
22 2 3
15 16 12
20 23 15
8 13 20
15 18 30
16 18 21
20 22 12
4 8 4
10 13 23
17 19 22
15 18 27
22 23 31
16 19 22
21 0 28
20 0 15
20 22 36
7 9 4
12 14 2
2 5 24
14 17 7
21 23 27
10 13 1
4 6 18
2 6 27
10 13 12
13 17 37
5 9 39
4 6 11
10 10 34
6 10 4
4 5 37
12 14 6
9 15 19
0 4 32
17 20 3
22 0 28
2 5 19
15 17 32
6 8 11
20 0 8
6 10 23
12 15 37
20 22 8
16 18 11
11 13 2
10 14 12
3 5 13
18 22 4
6 10 27
11 14 7
8 9 32
1 3 36
16 19 28
18 20 9
9 14 30
10 14 16
0 3 26
21 23 16
18 20 19
12 14 21
4 6 21
3 6 4
19 23 12
17 20 40
1 4 39
7 10 8
1 3 31
13 17 8
0 2 35
11 13 22
3 7 31
7 8 16
0 4 28
9 14 32
18 22 34
5 8 17
15 17 14
5 8 7
7 10 25
23 2 24
0 2 22
23 4 17
5 8 17
1 5 2
15 20 23
20 22 28
3 5 2
9 13 15
18 21 37
17 20 13
10 12 38
7 10 26
0 4 32
20 21 21
12 16 26
10 14 4
14 17 24
6 9 12
1 5 2
8 13 20
8 11 8
12 17 28
5 8 30
14 19 26
11 12 13
1 4 24
18 21 7
1 5 28
15 18 6
15 18 36
23 3 10
14 17 32
22 23 17
17 20 33
0 2 40
13 16 32
5 8 17
2 3 14
13 14 22
21 1 28
8 12 27
5 8 26
2 4 9
11 15 2
10 14 17
4 8 14
17 19 40
10 13 5
5 9 31
7 10 7
1 2 18
11 15 8
10 11 15
21 1 27
5 9 1
22 1 30
15 18 32
18 21 36
11 14 26
9 12 20
13 15 6
17 20 21
13 17 30
10 11 21
14 16 27
4 9 10
1 5 1
10 14 2
10 10 13
7 11 33
23 3 22
18 22 34
17 19 21
6 8 23
4 8 28
3 4 6
8 12 31
23 2 37
19 22 17
16 17 13
21 23 37
3 5 38
22 1 7
16 20 10
17 20 31
3 6 18
14 19 28
7 10 32
1 4 4
0 4 27
6 10 12
18 20 9
22 2 29
7 9 11
16 17 4
9 12 2
4 8 34
10 13 30
22 2 38
5 8 38
10 13 28
8 12 34
0 3 40
2 5 16
7 9 10
14 18 36
1 4 26
21 0 36
21 23 26
20 23 27
16 17 36
16 17 40
11 13 32
20 0 27
10 12 1
4 5 2
23 1 29
10 12 29
15 18 21
7 11 29
3 4 40
7 9 16
20 23 14
7 11 4
22 1 38
1 5 36
23 3 27
19 23 38
8 11 11
22 1 37
2 6 16
17 21 31
6 8 3
19 21 39
21 23 8
15 17 40
21 23 19
22 0 30
20 0 19
13 14 12
12 15 19
7 11 6
21 0 1
20 0 18
20 23 17
12 14 30
8 12 38
1 4 36
7 12 23
13 17 34
18 20 11
17 19 13
9 13 10
14 18 32
20 23 11
3 7 26
11 13 22
15 17 38
13 16 14
7 9 30
20 22 4
3 4 26
20 21 26
15 19 21
3 7 2
19 22 6
23 1 6
5 7 10
5 9 13
3 4 15
2 5 19
15 18 3
20 21 12
20 23 2
10 13 11
8 12 2
16 20 4
14 16 17
18 23 31
23 2 22
23 3 21
19 21 7
11 13 40
2 5 38
1 4 31
15 17 4
17 21 12
4 6 33
12 14 20
3 7 2
10 14 28
6 10 1
5 8 34
8 12 21
6 7 39
10 13 40
20 23 33
18 22 39
12 17 31
2 6 7
2 3 34
7 12 38
18 20 25
21 23 26
15 18 10
17 19 20
5 7 12
4 7 14
11 14 25
18 21 1
16 18 15
17 18 3
19 21 28
11 14 2
1 3 6
18 20 6
12 14 22
8 11 14
0 3 9
1 4 37
16 19 23
18 21 34
21 0 18
4 5 14
21 0 20
2 3 10
1 5 8
16 18 39
12 15 10
16 19 34
2 4 14
16 19 35
4 5 15
17 19 25
5 9 15
13 16 8
6 9 18
15 19 30
0 5 4
5 7 22
22 0 34
4 6 24
20 23 26
13 17 11
9 12 34
20 23 40
12 15 20
23 1 25
23 3 40
23 3 33
22 3 2
16 18 21
1 4 37
20 0 15
9 12 8
2 6 20
7 10 3
12 12 3
2 4 16
22 23 23
7 9 25
7 12 27
14 15 27
0 3 38
1 5 28
20 21 23
9 14 8
9 12 28
4 9 4
18 22 24
20 0 14
21 0 20
21 23 5
22 1 1
0 5 8
15 18 32
3 6 18
7 10 20
14 16 9
4 8 28
16 18 25
9 11 34
2 5 22
22 2 28
0 2 36
4 8 7
10 11 32
8 11 38
9 13 3
13 15 35
17 21 34
17 20 11
15 19 33
0 3 8
23 3 35
19 22 19
17 20 8
5 9 15
15 17 22
15 18 16
20 1 27
3 6 9
19 0 12
4 7 39
16 19 8
13 16 27
7 10 39
5 8 36
7 10 32
16 20 33
12 14 3
8 10 12
9 13 32
21 23 23
16 17 32
6 8 31
19 22 33
21 23 9
11 15 8
18 18 8
7 11 25
13 17 23
6 11 36
17 20 25
7 12 19
17 21 3
0 5 11
1 3 38
16 20 15
17 20 38
6 8 20
0 2 37
18 20 23
5 8 25
12 14 11
17 20 17
18 21 12
16 18 39
9 11 36
18 21 24
19 22 38
7 10 8
6 9 7
9 11 23
18 21 2
0 3 37
2 5 17
20 22 10
15 18 29
2 6 27
5 9 19
2 5 40
9 11 30
13 17 10
15 16 40
22 2 24
22 2 4
1 4 34
20 23 27
22 0 11
2 6 37
0 3 39
17 20 22
8 10 4
23 2 35
1 4 26
5 8 20
15 19 27
1 4 31
7 10 1
21 1 3
21 23 2
7 10 26
11 14 15
19 22 8
12 15 31
1 2 23
21 0 22
14 17 6
14 15 19
18 22 10
3 7 38
21 23 38
6 9 24
6 10 5
10 13 3
15 18 8
14 19 32
11 14 4
18 22 27
11 14 16
0 4 13
6 10 36
17 19 12
16 19 6
2 5 36
13 18 40
8 12 32
23 1 35
23 4 35
10 12 18
1 4 34
21 23 32
12 14 29
6 8 11
19 22 30
14 17 26
16 18 31
1 5 34
10 12 6
6 10 3
3 7 16
13 16 8
0 2 21
21 1 40
12 16 21
22 1 8
21 22 36
5 7 9
8 12 15
3 7 31
7 9 32
11 15 1
9 11 25
13 16 37
11 13 14
11 15 7
20 22 5
5 8 35
13 15 33
3 6 23
23 2 32
23 2 1
15 20 15
7 10 10
13 16 18
18 21 17
20 23 11
2 5 5
11 15 36
6 8 17
1 4 37
20 23 23
12 15 6
21 23 13
10 15 34
18 20 3
0 3 11
18 21 40
10 13 16
16 19 40
16 18 12
7 11 28
10 10 21
9 11 33
18 20 12
5 8 6
0 3 21
16 21 22
18 23 18
1 5 3
22 0 18
20 1 26
18 23 8
3 5 20
3 6 32
12 14 19
18 22 31
14 16 31
4 6 39
8 12 21
22 1 34
2 4 7
22 0 23
22 0 13
16 18 25
15 18 29
1 5 35
20 22 8
1 6 10
6 9 20
10 12 21
23 1 14
8 11 31
10 14 5
2 5 28
22 1 38
19 21 37
14 15 11
15 17 9
3 5 11
17 20 39
14 17 5
5 9 35
13 17 21
18 22 31
13 17 28
12 15 21
23 1 40
22 3 5
17 19 30
19 22 13
5 6 32
22 1 25
10 13 3
17 19 12
7 11 15
14 16 28
6 7 21
6 8 7
1 4 17
8 11 14
3 7 16
22 2 35
4 7 4
15 16 21
3 5 5
3 8 6
1 2 1
9 12 37
3 6 23
7 10 9
10 11 14
10 12 36
5 9 38
4 8 18
7 10 21
23 2 23
9 12 36
19 22 18
11 13 29
16 18 16
10 12 29
18 20 8
3 7 1
18 22 25
19 0 20
14 17 33
21 0 31
6 9 6
4 7 2
22 1 6
17 20 22
2 4 34
16 19 12
20 21 10
5 6 23
4 6 3
7 10 21
6 10 40
6 10 29
15 18 22
4 6 38
11 13 7
2 4 2
14 17 22
12 15 5
17 20 4
13 17 13
18 22 13
11 15 38
5 9 18
19 22 17
20 0 7
15 17 38
4 9 2
21 0 1
16 16 38
12 15 25
13 16 1
16 19 10
5 7 6
23 1 3
7 10 12
4 7 3
5 9 29
17 19 13
12 15 36
21 0 20
19 22 30
10 14 25
9 14 33
13 15 1
17 19 12
20 0 37
3 6 3
10 12 37
12 15 15
5 9 40
3 6 17
1 4 2
16 18 4
23 3 10
5 8 25
16 20 24
23 4 23
12 15 23
7 10 2
15 17 8
23 1 16
0 3 30
20 23 37
6 10 15
21 23 31
2 5 17
20 0 29
9 12 9
23 3 9
1 5 16
20 0 23
9 12 11
1 4 23
2 5 11
9 11 2
12 16 22
0 1 30
5 10 34
9 11 13
23 2 5
15 17 18
0 3 9
4 7 12
2 4 3
1 4 22
19 20 15
5 7 3
18 21 28
18 20 26
3 6 38
17 21 35
13 16 2
21 0 17
16 19 17
23 2 11
11 14 12
4 7 18
10 13 8
4 8 16
20 0 40
20 0 14
3 7 4
9 12 31
15 18 27
15 18 19
10 14 31
21 0 25
14 16 26
13 14 1
10 14 2
18 20 36
0 3 5
19 21 32
18 22 10
22 2 1
7 11 6
15 17 14
0 5 33
8 11 10
18 22 14
9 12 22
11 14 32
15 17 28
10 12 6
12 15 9
3 5 4
17 22 17
13 16 12
4 6 15
10 13 22
1 4 32
16 18 17
12 15 32
15 21 20
5 8 20
10 12 20
6 8 26
10 14 28
1 3 20
12 17 9
13 16 37
4 6 20
18 22 13
11 13 39
21 2 3
23 1 2
1 4 28
13 17 7
20 1 14
6 10 33
12 16 31
0 2 32
7 10 24
20 1 18
2 5 25
22 2 16
13 17 27
7 9 14
13 15 4
5 8 2
7 10 24
23 2 23
19 22 39
2 6 17
17 19 19
2 6 16
21 0 26
6 8 29
1 4 38
10 13 35
11 14 38
0 4 6
22 1 10
5 9 28
1 3 13
4 9 18
12 16 2
5 6 29
3 5 13
16 19 29
7 10 29
18 23 21
10 12 28
10 13 20
0 5 16
5 7 2
15 18 19
14 16 6
16 17 9
10 13 17
6 9 18
15 17 37
17 20 6
4 9 21
13 17 12
22 1 12
21 1 4
15 18 15
13 16 9
22 2 6
11 13 16
0 1 26
20 21 32
17 21 7
6 10 3
5 8 2
6 8 21
1 3 39
5 8 18
20 0 4
8 10 37
3 5 25
19 21 22
13 17 1
8 11 33
7 10 40
23 2 38
10 14 9
23 2 10
0 2 39
19 21 27
18 21 10
20 23 36
14 17 23
10 11 4
12 14 27
10 12 5
18 20 21
9 10 7
8 10 2
5 7 5
8 11 12
8 12 3
13 16 10
1 5 34
14 17 39
3 6 37
7 10 28
16 20 23
8 10 28
0 5 36
3 7 24
12 15 15
16 20 19
21 0 9
8 10 24
8 11 16
9 12 32
17 21 7
22 2 32
15 18 3
3 6 21
16 21 39
16 19 24
3 6 29
12 15 15
3 6 21
7 11 18
6 10 5
19 22 18
4 6 4
14 17 8
11 14 34
2 4 36
20 0 22
18 21 35
7 11 34
19 22 9
12 16 22
6 8 34
6 9 15
16 19 19
15 18 38
10 14 1
15 18 40
17 20 11
5 9 14
0 3 21
5 8 14
8 11 27
20 22 26
16 18 6
9 12 23
23 1 26
21 23 39
1 5 35
23 4 36
8 12 30
5 8 6
6 9 16
5 7 6
19 22 12
4 5 23
3 6 8
1 4 10
12 16 17
14 17 11
17 19 33
18 21 14
4 7 8
11 11 6
13 17 31
2 6 35
17 20 23
3 7 7
10 11 2
6 9 32
8 10 38
23 0 38
16 18 39
16 20 13
20 21 31
15 18 30
17 20 33
5 8 40
12 15 17
5 9 3
8 10 17
21 1 34
3 8 7
21 23 22
0 2 27
7 11 30
1 3 15
1 5 2
10 12 26
17 23 33
12 15 32
5 9 19
8 12 19
15 17 11
23 1 22
11 14 36
19 22 12
20 0 18
19 22 11
3 6 5
18 21 10
16 18 22
17 18 22
12 15 38
2 6 35
17 20 40
9 13 21
17 21 5
8 11 34
11 12 3
15 17 34
15 18 9
21 1 25
5 9 24
12 16 7
7 10 37
23 1 30
15 18 14
3 6 24
15 18 27
4 6 10
3 6 2
21 1 4
4 8 18
19 22 18
11 15 23
21 0 18
4 8 40
13 17 38
16 20 7
9 10 25
0 1 32
20 22 24
13 15 11
1 3 17
8 11 15
22 1 2
12 14 40
12 14 20
22 1 2
10 14 14
9 13 17
4 9 16
6 8 9
21 1 19
23 3 30
7 9 39
13 16 26
21 23 33
0 5 37
5 8 21
23 2 37
16 21 10
21 23 40
10 13 12
10 13 15
3 6 10
1 4 33
19 23 15
17 19 29
15 18 25
22 2 30
17 19 14
16 18 34
12 13 16
17 20 12
1 5 35
0 1 15
16 21 1
16 19 27
7 12 31
2 4 25
12 14 8
3 3 8
21 1 20
0 2 2
21 0 18
12 14 38
12 15 38
3 5 3
1 3 26
19 21 36
17 21 32
8 11 18
23 1 14
6 10 11
11 15 13
4 7 19
14 18 32
10 11 2
18 21 39
14 18 33
6 9 38
19 20 31
2 6 8
10 11 37
19 22 5
10 13 24
22 0 25
9 12 40
7 11 7
17 21 24
8 12 11
1 4 27
6 10 34
17 20 3
6 9 31
16 18 21
23 3 3
19 23 19
5 8 23
20 0 28
21 23 25
20 1 37
18 21 22
9 10 24
11 13 39
22 0 39
4 8 11
18 21 27
1 4 14
20 23 33
13 16 4
21 0 20
14 17 12
22 0 37
9 11 15
15 17 15
18 21 21
12 17 20
15 18 27
11 14 25
22 0 18
9 11 11
4 8 20
23 2 14
17 21 35
13 16 11
15 19 37
21 22 31
4 6 35
15 18 17
17 21 6
12 17 40
14 15 37
1 4 37
16 17 3
4 7 3
20 1 24
21 4 39
12 14 32
17 19 35
8 13 7
20 23 26
1 4 28
14 15 8
4 8 28
19 21 17
2 5 39
14 17 16
14 17 38
13 16 7
23 0 11
13 15 28
19 23 27
3 5 17
8 11 8
16 20 5
17 21 8
2 4 3
11 15 3
6 9 22
11 13 18
6 9 19
18 22 16
1 3 14
20 21 4
21 0 12
13 16 37
7 10 28
14 18 13
23 1 29
3 6 3
15 16 13
8 10 23
11 13 34
15 18 25
2 5 40
20 0 9
10 12 12
23 1 33
2 3 39
12 14 33
21 0 1
6 8 32
17 20 25
0 3 16
22 2 25
10 12 32
7 10 25
4 9 4
6 7 7
2 4 9
21 0 6
4 5 35
0 1 35
13 17 36
21 1 40
7 9 33
10 15 14
16 21 22
14 18 15
0 3 34
4 7 7
5 7 27
19 23 24
23 2 23
3 6 30
8 10 15
4 6 22
22 2 1
16 19 13
16 18 39
14 17 14
17 19 29
12 15 20
9 12 26
12 15 7
5 8 7
2 6 14
21 23 28
1 6 40
13 16 31
15 17 7
5 9 3
4 8 38
6 9 28
1 4 5
20 21 22
22 1 5
9 13 35
21 0 36
7 10 9
6 10 23
18 20 17
16 20 4
19 21 20
13 13 29
17 20 12
7 11 39
18 23 26
3 6 5
12 15 6
7 8 40
22 0 9
1 3 31
20 1 30
13 17 14
14 17 31
15 19 11
23 3 9
1 3 36
9 11 25
12 16 22
12 17 18
13 16 6
9 11 23
14 16 23
4 6 35
12 14 27
9 12 1
6 9 37
5 5 17
14 16 38
14 16 16
13 17 17
0 3 26
17 20 20
16 20 25
16 21 24
9 11 10
8 10 27
6 10 23
20 23 14
5 9 20
3 4 12
1 4 28
10 13 6
16 19 18
0 2 36
4 7 24
8 9 37
4 9 7
23 3 23
17 21 21
7 11 33
6 10 30
1 5 22
10 13 27
1 5 28
1 5 1
11 14 39
22 1 20
10 13 39
2 6 1
20 23 28
2 4 15
11 14 23
22 2 26
10 13 36
19 21 27
6 9 16
18 22 24
18 21 21
3 6 5
4 7 40
12 14 25
18 22 14
5 7 25
7 10 38
23 4 8
7 9 20
11 14 14
4 7 12
11 15 13
2 6 8
3 5 34
13 14 5
6 7 23
9 13 32
13 17 19
22 23 39
13 15 22
1 3 20
15 18 15
12 15 4
1 4 25
16 20 1
0 3 2
5 8 35
17 21 5
14 16 20
14 17 7
11 15 11
18 20 27
15 19 36
2 5 30
11 16 5
18 20 40
23 3 3
21 1 5
15 19 5
9 11 5
11 14 32
15 18 28
11 14 32
5 9 31
4 5 22
16 19 27
2 5 12
14 17 3
10 13 4
10 13 22
21 0 29
21 0 35
12 16 34
16 20 34
22 2 1
5 8 37
20 23 1
1 4 35
5 6 12
21 23 25
18 22 10
4 7 1
3 4 30
16 17 12
6 9 6
18 23 25
8 11 10
17 20 11
2 4 18
4 7 18
12 15 26
9 13 4
14 20 13
19 22 39
12 14 8
0 3 18
10 14 8
21 23 19
0 4 32
3 5 13
8 10 39
7 10 31
23 4 27
20 0 5
1 5 26
5 7 7
13 15 30
19 22 10
6 10 25
13 16 23
7 11 27
18 23 20
2 5 31
15 19 4
20 23 6
21 0 20
2 5 37
14 18 31
0 4 30
10 12 8
0 3 7
13 16 11
22 1 8
9 10 34
7 8 40
8 14 25
6 9 15
0 3 3
23 2 30
6 9 16
7 11 34
14 17 34
21 2 13
1 3 18
13 17 29
17 21 19
6 9 36
9 13 17
9 13 32
18 22 29
12 13 7
7 11 22
5 9 31
4 8 12
11 14 26
11 14 15
4 5 21
4 7 28
10 13 35
0 3 12
22 1 26
10 12 31
4 7 40
6 8 33
4 7 6
18 20 19
21 0 38
1 4 34
7 11 30
22 1 33
19 23 1
21 23 6
18 21 40
15 17 31
3 4 13
10 12 2
0 3 29
17 21 22
7 9 9
23 3 23
2 6 16
10 13 4
8 10 29
19 21 28
17 19 8
12 15 25
15 18 31
0 2 34
23 1 1
21 0 20
19 22 4
2 4 7
19 21 8
16 18 14
17 20 1
4 8 22
11 15 14
10 13 28
10 13 33
22 2 30
4 7 29
9 12 5
19 23 26
5 7 28
13 16 24
18 21 5
14 18 39
18 19 32
4 9 21
14 17 18
11 14 4
22 1 32
22 2 12
5 9 21
6 7 22
20 21 19
23 3 15
21 1 30
21 21 39
7 11 11
22 2 24
0 2 40
3 6 4
12 16 4
5 7 16
0 5 10
13 17 32
22 0 21
2 6 15
12 15 19
0 3 8
9 12 24
16 17 40
7 10 17
19 21 10
20 23 1
15 19 10
0 3 31
6 8 33
14 17 16
18 22 25
10 13 8
0 1 5
3 7 38
7 9 17
23 1 36
19 21 1
18 22 3
9 14 29
12 16 14
8 10 12
4 8 40
2 4 35
14 17 39
7 11 1
7 8 11
22 2 34
22 0 23
0 3 32
10 13 36
19 23 15
6 9 20
7 10 38
8 11 7
20 22 28
0 4 1
13 17 19
1 6 28
15 20 29
22 2 12
20 21 1
11 13 3
22 2 35
22 0 36
0 3 37
7 10 5
12 14 15
16 17 7
0 6 38
20 23 28
20 0 27
0 2 20
23 4 23
13 17 7
13 16 32
11 14 35
1 3 8
4 6 4
19 22 2
11 13 22
10 13 2
14 15 17
1 6 20
19 21 33
15 19 30
5 8 23
22 1 22
0 3 1
3 8 27
19 0 24
0 3 34
4 6 8
21 0 24
11 15 7
22 23 12
19 22 17
11 14 9
21 23 21
17 21 33
0 2 34
12 16 28
10 13 3
7 10 33
23 2 11
16 20 31
8 9 13
5 7 36
10 13 22
16 19 16
21 0 5
6 10 18
7 9 22
12 15 14
16 20 22
21 0 34
6 10 14
4 8 12
11 14 10
15 18 24
13 14 15
8 11 28
18 23 25
11 14 18
9 10 33
20 23 7
6 9 37
17 19 30
4 7 17
9 11 16
7 10 15
16 21 38
10 11 18
20 23 27
22 3 31
14 17 27
10 13 28
23 1 21
12 15 9
23 2 5
11 15 33
23 2 35
0 6 2
1 5 18
3 6 30
13 15 13
12 14 23
11 15 15
5 7 4
0 4 14
14 17 7
6 8 37
18 22 19
13 15 11
12 15 16
22 2 27
22 2 25
17 21 32
19 21 19
14 19 1
2 5 10
15 20 22
15 19 32
20 23 18
22 1 27
7 9 25
9 11 26
4 7 5
22 3 36
9 13 6
22 1 20
6 8 19
1 4 11
14 17 2
7 10 40
9 12 29
17 21 27
12 15 29
8 10 1
1 3 23
13 17 3
19 21 38
7 10 27
1 4 40
8 11 18
2 6 20
16 19 32
10 11 21
3 6 17
15 18 36
13 15 38
21 1 22
13 15 36
22 1 18
20 23 13
12 14 5
20 0 23
3 6 8
15 17 4
4 8 17
14 17 25
2 6 28
19 23 39
22 2 4
7 12 12
2 6 21
1 2 15
3 5 31
6 10 30
12 16 21
7 11 37
19 23 18
19 22 1
14 18 16
8 11 19
20 23 19
16 19 7
3 5 30
19 23 9
14 17 3
18 22 40
2 6 31
23 1 3
18 21 33
21 1 6
16 19 7
9 12 6
15 17 37
20 22 35
6 8 6
16 19 25
19 22 31
16 21 33
9 13 6
15 18 20
19 21 18
13 15 13
17 19 37
3 6 6
18 22 39
22 1 27
18 21 10
5 9 24
19 22 38
16 18 17
22 1 36
15 20 28
20 23 31
16 19 37
19 21 24
9 12 33
9 13 39
21 2 25
14 17 18
8 11 8
6 9 26
20 22 21
23 1 38
12 14 38
7 10 38
20 23 33
21 0 40
11 16 2
23 1 14
21 1 26
15 18 12
0 3 16
9 12 26
0 2 9
0 2 40
5 6 28
15 18 29
22 0 29
13 14 10
23 3 1
23 2 13
23 2 17
13 16 10
2 6 27
14 19 20
18 21 5
8 10 37
16 18 25
8 9 8
12 15 32
23 3 38
18 20 6
2 6 31
2 4 4
23 3 17
18 21 32
0 5 35
18 21 23
19 21 29
19 23 19
6 9 31
21 23 29
15 18 27
9 10 33
17 20 34
21 1 28
18 22 31
15 17 34
8 12 20
7 10 26
18 19 35
19 22 19
0 3 36
3 8 1
1 4 29
23 1 10
18 21 25
16 18 14
16 18 22
20 22 4
2 4 22
13 16 28
18 21 38
7 10 3
7 9 37
6 10 27
23 3 5
16 19 30
18 22 25
4 5 19
3 7 6
23 2 16
16 19 19
3 6 9
8 11 26
14 17 11
19 19 1
15 17 15
19 22 3
16 20 35
22 0 5
5 8 10
11 13 21
14 16 28
3 7 18
9 12 10
5 7 14
2 5 39
21 1 9
2 5 15
14 16 15
6 10 13
8 12 33
8 12 11
3 4 18
20 22 8
3 6 13
23 1 35
16 19 23
13 16 30
3 4 14
1 5 15
8 10 13
20 23 36
12 15 21
11 14 5
19 22 24
5 8 31
8 11 10
3 6 22
2 5 22
21 1 15
22 3 34
0 4 8
19 23 26
19 22 23
4 8 29
6 8 33
7 8 18
17 19 14
7 11 39
13 15 14
4 6 11
3 6 29
1 5 16
22 1 19
0 3 16
9 15 29
6 10 19
22 2 14
11 15 24
5 9 26
0 3 21
15 18 6
19 22 30
9 13 24
4 7 9
23 0 16
14 17 1
22 0 29
21 2 4
20 23 4
13 16 6
6 10 18
9 13 8
10 12 33
17 20 40
12 16 18
22 0 27
23 1 19
17 19 5
22 0 18
4 6 4
3 6 40
17 19 14
18 22 12
19 21 33
4 7 1
0 3 15
7 10 20
5 8 13
14 16 28
23 3 18
2 5 6
13 16 36
15 18 33
23 2 29
7 9 26
19 22 4
19 21 34
3 7 15
4 7 14
8 10 37
20 22 28
6 9 31
13 15 17
17 20 17
4 6 19
7 11 27
0 5 23
14 18 35
20 23 40
15 20 8
0 2 1
2 5 3
14 19 11
8 10 29
10 15 10
6 10 5
17 18 27
16 18 12
5 5 22
14 16 10
18 20 24
22 23 21
21 23 16
21 0 35
8 11 9
2 6 26
14 18 5
11 13 35
23 2 1
8 11 27
4 7 15
14 16 9
5 6 34
3 7 8
18 22 22
19 20 23
10 13 12
5 9 27
23 3 19
9 11 28
19 22 32
15 17 17
5 7 18
3 4 22
14 17 26
11 15 17
4 6 17
23 2 23
5 9 1
0 5 40
23 3 13
1 3 28
0 2 1
19 22 5
5 8 30
21 0 33
2 4 3
0 2 10
7 9 21
18 22 2
6 8 30
15 19 30
22 0 6
14 15 7
1 3 23
2 7 29
22 3 34
7 9 13
12 16 9
4 7 17
3 5 13
9 13 39
14 18 38
0 3 36
5 7 24
12 13 28
16 18 30
6 9 35
18 22 35
19 22 21
20 23 26
8 13 22
15 17 14
10 13 20
15 18 40
4 6 9
8 9 16
0 4 5
2 6 30
16 18 7
12 14 34
13 15 12
2 5 21
12 15 39
18 20 5
15 18 36
10 14 16
19 22 38
2 5 27
15 19 12
21 0 39
4 5 3
22 23 35
12 15 6
10 12 29
9 14 35
10 13 20
0 3 39
20 23 10
9 13 33
7 12 10
2 5 24
4 5 13
22 1 5
4 8 4
14 16 3
13 16 3
1 3 25
21 0 17
6 9 21
23 1 16
13 17 12
10 13 8
1 3 1
5 7 27
23 2 19
18 21 29
9 13 27
20 22 30
4 8 16
9 13 8
8 9 27
9 12 28
19 20 34
7 11 24
13 16 7
18 21 31
10 13 31
19 0 8
2 6 6
14 17 6
2 6 37
22 2 22
23 2 30
18 21 36
8 11 34
7 9 11
3 5 27
23 1 21
0 2 15
11 15 10
16 19 26
7 10 38
0 2 25
7 9 33
5 8 12
10 15 21
2 4 30
10 14 21
16 18 33
17 20 33
12 14 27
10 14 9
21 0 26
21 0 11
5 10 21
7 11 4
21 22 29
16 20 12
23 3 26
16 21 1
0 2 39
19 20 19
4 6 28
0 2 34
3 6 16
9 11 23
21 3 25
16 18 12
20 23 5
4 9 10
2 5 22
15 16 36
2 5 14
8 11 4
9 12 24
13 15 26
13 16 25
2 5 19
16 19 21
14 17 31
16 17 3
19 23 39
22 2 5
3 5 20
17 20 16
23 4 26
15 19 11
19 22 23
14 17 30
14 17 31
8 13 13
0 2 8
0 3 36
10 13 15
7 10 8
11 13 27
0 3 22
11 15 37
1 3 23
12 16 19
23 2 39
12 16 20
16 19 24
22 2 32
0 4 26
1 4 17
11 14 25
19 23 25
10 16 9
8 11 6
21 23 2
3 6 7
5 8 7
11 13 40
11 14 15
6 10 1
2 5 31
14 17 25
6 10 21
10 14 9
17 19 26
21 2 33
13 16 32
3 6 34
3 7 4
20 23 23
8 11 23
7 9 6
23 3 14
17 22 5
8 10 25
5 7 19
9 11 37
18 21 23
7 9 37
8 11 34
4 8 16
19 21 29
13 16 19
14 15 18
21 22 25
0 3 8
20 23 40
12 14 29
22 0 8
22 2 35
6 9 26
12 15 15
8 13 38
6 8 11
15 18 31
3 7 17
15 17 31
9 14 20
22 1 9
15 18 32
16 18 28
22 1 21
11 14 4
0 4 27
11 13 28
5 8 2
12 15 13
17 22 9
1 5 15
6 12 14
23 0 2
6 10 7
8 11 1
0 2 6
11 14 8
2 4 4
16 19 7
8 12 8
4 8 37
10 14 7
15 18 21
8 11 18
23 3 23
0 4 29
18 22 25
8 10 40
13 14 6
4 9 9
0 3 18
2 6 34
10 12 26
2 5 12
2 6 21
14 16 35
20 22 6
22 2 39
8 11 10
5 8 8
4 7 38
6 10 35
13 15 33
1 5 14
15 18 17
6 10 14
0 4 18
21 0 8
5 6 32
22 0 30
14 17 19
5 9 15
6 9 22
9 12 31
15 17 32
9 12 37
10 12 11
7 9 28
10 15 22
0 2 33
16 19 8
6 8 8
16 20 35
1 5 39
17 20 14
8 10 12
9 10 31
9 14 22
4 5 29
8 11 9
9 12 18
10 14 39
4 7 33
8 11 36
21 1 38
23 2 2
6 8 6
5 6 25
10 14 10
4 6 36
14 17 15
5 7 24
7 11 1
20 22 34
3 6 17
20 23 40
11 15 6
19 0 32
21 1 16
18 22 27
10 13 32
0 3 21
19 22 40
12 16 10
5 8 33
4 9 19
17 19 25
4 8 7
12 15 21
19 23 34
12 17 26
12 14 10
13 16 16
23 2 7
22 1 3
9 13 17
11 14 37
15 20 32
20 22 3
16 20 22
7 10 19
22 2 27
8 10 38
13 16 34
18 22 7
7 10 31
15 16 39
17 22 20
7 9 16
13 17 29
16 22 4
11 15 30
18 21 19
1 6 19
16 18 19
17 19 18
21 1 19
6 8 13
1 5 6
5 7 23
22 2 28
14 18 31
2 7 18
13 15 25
19 22 30
1 5 1
9 11 8
4 6 37
10 12 20
22 0 13
10 13 28
7 9 5
12 16 40
18 20 19
14 18 13
10 13 2
9 11 32
16 19 5
14 16 13
15 20 13
19 22 7
5 7 30
5 8 3
15 17 9
12 16 22
11 15 4
11 13 12
18 22 31
1 4 14
16 20 4
4 8 37
12 15 38
1 5 20
20 0 1
9 12 28
11 14 36
15 20 14
21 1 6
11 14 4
13 17 19
7 11 23
5 7 27
4 6 4
16 18 33
16 19 34
7 10 37
13 16 18
22 1 40
22 2 38
23 0 27
3 7 29
12 17 26
6 8 19
20 0 32
23 2 13
4 7 38
22 1 35
3 8 21
14 18 7
7 11 11
20 22 19
3 5 34
15 20 25
13 18 21
11 14 14
8 11 12
14 16 32
10 13 15
2 6 30
23 1 35
22 0 11
12 16 36
18 22 32
15 18 37
8 11 15
20 22 33
18 21 19
21 23 38
12 14 13
6 10 20
14 16 30
19 22 19
3 6 24
4 7 24
1 4 11
1 5 1
8 12 20
10 12 32
14 17 15
14 17 11
6 9 2
18 22 21
19 22 4
9 12 10
22 23 14
20 23 13
18 22 26
19 23 15
7 9 17
0 5 3
12 15 27
8 9 15
6 9 28
18 23 4
2 4 15
21 1 23
4 8 5
11 15 18
13 15 40
2 6 14
14 16 14
22 0 21
8 12 6
17 19 21
18 21 29
19 22 31
15 19 18
17 21 40
7 10 12
3 7 14
11 14 30
11 14 3
8 11 15
13 15 34
22 0 7
21 23 5
18 21 22
7 11 30
9 12 35
20 23 16
6 9 19
22 0 16
3 7 2
6 8 24
4 6 24
3 7 22
9 11 13
12 16 14
14 18 14
1 5 31
19 23 3
5 7 26
12 15 23
4 7 12
10 13 25
5 8 29
5 9 25
3 7 25
15 19 31
16 19 16
18 22 17
21 23 16
12 16 21
5 7 15
0 3 2
2 5 24
18 19 4
16 19 33
6 9 12
12 15 30
11 15 34
10 14 9
0 3 23
0 3 35
23 2 35
2 6 6
16 18 37
22 2 4
22 2 23
10 12 7
18 20 35
0 3 31
3 7 6
1 3 29
16 20 16
11 15 26
10 13 32
1 4 38
18 21 20
6 10 36
2 5 5
2 2 1
9 13 12
9 13 7
23 1 34
20 22 35
13 15 23
20 22 23
19 22 22
6 11 33
4 6 10
10 13 32
19 0 6
11 13 35
3 7 14
20 23 35
17 18 16
9 13 7
3 6 31
6 9 19
5 9 6
3 6 6
13 17 7
14 16 9
12 15 17
0 1 35
12 15 1
15 17 15
17 20 24
12 14 28
12 15 21
12 16 27
9 12 15
0 2 37
21 23 21
17 21 4
18 22 24
13 17 36
12 15 8
4 8 15
5 8 25
3 6 11
23 2 7
18 22 15
0 1 7
20 23 26
16 20 1
19 23 27
2 5 15
0 2 26
8 10 11
18 22 5
6 7 7
9 14 7
11 13 32
7 9 19
9 10 5
7 11 30
1 6 9
19 22 39
2 7 4
19 23 27
3 6 5
13 16 38
6 9 34
17 21 29
21 23 10
11 15 7
11 13 13
3 5 18
1 5 33
17 21 37
3 5 27
10 13 24
16 18 37
3 5 34
5 9 19
0 3 19
9 10 35
19 23 28
15 21 29
7 12 1
4 8 31
9 14 32
23 2 40
11 14 25
0 4 36
16 19 20
19 23 30
8 9 28
20 23 6
20 0 19
8 13 5
8 11 35
11 14 38
7 10 15
6 10 13
0 5 20
14 17 17
11 14 12
13 15 18
22 23 33
15 17 38
23 2 31
10 12 3
10 14 28
20 23 11
3 6 1
15 17 5
13 14 34
2 6 33
23 2 35
1 6 11
15 17 33
5 9 35
10 12 9
7 9 36
20 22 27
19 22 23
18 21 2
5 9 26
5 8 8
7 11 10
10 13 17
18 21 1
21 23 10
3 6 13
13 18 22
23 3 38
22 2 31
1 4 27
21 0 31
12 15 24
23 2 36
11 13 32
4 7 32
1 4 22
7 10 19
2 6 5
7 9 5
9 10 14
6 8 19
22 23 14
15 20 39
13 16 38
18 19 15
11 13 18
9 12 36
14 18 24
22 1 15
18 20 21
16 18 39
4 9 32
3 6 33
16 19 7
7 10 39
16 21 8
3 8 31
10 13 1
8 12 1
23 1 35
16 18 39
15 17 22
1 2 27
10 12 31
19 21 23
5 8 20
0 3 6
11 14 8
12 15 40
9 12 15
19 22 31
20 20 4
6 8 24
0 4 18
6 10 35
5 8 11
16 18 17
22 3 1
13 17 8
19 21 13
6 9 35
9 13 4
1 3 23
14 17 39
13 15 14
2 4 30
0 4 11
19 22 28
0 3 37
4 7 14
9 12 19
17 21 7
16 20 8
18 21 36
8 10 11
16 21 29
3 7 24
5 7 30
8 10 39
21 1 4
21 23 9
9 11 7
22 2 28
20 23 17
3 6 21
6 9 36
18 23 17
19 21 10
20 22 39
11 15 37
1 3 3
1 5 36
2 7 16
4 7 25
10 15 19
9 12 8
14 18 28
2 6 32
12 16 3
0 4 37
19 22 25
14 16 39
19 21 38
15 20 14
3 5 39
13 17 31
3 6 25
23 2 26
3 5 2
7 11 4
7 10 13
18 21 24
16 19 30
3 6 32
9 12 38
12 15 1
13 18 10
17 20 40
4 8 24
16 19 9
2 5 10
7 11 20
2 5 31
12 14 36
18 22 29
1 5 31
22 1 37
17 19 9
11 14 36
12 15 8
19 21 4
17 21 20
5 9 31
22 1 24
16 21 27
22 0 15
18 22 39
9 13 6
23 3 15
7 11 7
21 23 38
21 23 24
4 7 3
5 7 27
11 14 35
20 23 40
8 10 13
11 14 39
11 15 35
6 8 21
17 22 18
10 13 2
8 12 38
15 18 37
3 3 23
21 23 27
16 20 36
3 6 35
23 0 36
14 17 21
16 20 24
11 13 20
6 8 11
20 22 8
14 17 3
14 15 36
23 3 12
10 15 32
11 15 35
9 12 22
17 19 29
1 4 20
5 6 16
9 13 32
7 10 19
8 11 35
0 2 8
13 16 4
16 20 36
11 15 25
2 7 12
3 6 15
22 1 24
8 11 10
12 15 11
5 9 34
20 22 19
5 8 5
17 20 3
2 6 1
15 19 32
20 0 3
16 18 16
15 20 16
11 13 1
17 21 20
4 7 3
12 15 15
10 15 9
15 17 4
20 22 18
19 23 32
15 19 26
21 1 21
23 4 11
17 20 7
7 10 27
16 19 12
10 14 38
4 6 7
9 12 27
20 23 2
9 12 9
23 4 10
18 22 5
9 11 7
16 19 3
20 0 28
1 4 22
14 18 6
3 7 27
15 16 6
3 8 23
0 2 23
13 16 8
3 6 13
19 21 28
11 13 6
14 16 40
8 12 27
8 11 18
3 7 15
3 7 38
20 23 12
12 13 32
12 14 29
16 20 16
1 5 11
1 3 22
14 17 10
12 16 9
15 17 13
18 19 27
0 4 36
9 12 27
5 8 9
17 20 26
1 6 19
18 22 36
17 21 35
9 13 9
6 9 8
9 10 32
11 13 5
11 15 25
22 2 37
9 11 29
20 1 26
9 12 18
4 9 36
6 10 25
11 14 24
14 18 1
22 1 10
0 3 4
6 9 28
9 12 31
1 5 39
14 17 7
20 22 15
5 6 14
9 10 6
7 9 6
21 23 39
10 11 34
0 3 5
8 11 31
2 6 20
9 12 33
12 14 19
18 22 2
0 3 17
18 21 33
9 14 35
22 21 34
12 14 39
20 22 38
6 7 22
12 14 1
7 10 5
21 0 4
20 23 40
14 18 12
12 15 3
11 15 39
19 22 12
7 11 15
4 4 11
21 1 30
1 4 37
2 3 10
2 5 29
13 16 18
2 3 36
18 21 15
1 4 27
10 13 27
9 13 34
14 17 5
6 8 37
19 0 40
9 11 1
1 3 19
8 11 19
12 15 32
12 13 13
13 16 6
22 0 39
0 2 10
2 6 20
18 21 38
18 23 40
11 14 8
4 8 18
7 12 17
6 9 20
23 2 28
17 20 30
23 2 27
14 16 20
16 19 39
20 23 35
22 1 3
5 9 15
23 3 7
2 5 13
7 9 20
15 18 1
2 5 17
2 4 9
5 8 25
23 0 33
9 12 37
14 17 7
11 15 38
20 23 31
0 5 29
2 5 27
18 21 14
13 14 25
16 18 22
4 8 12
12 14 3
2 4 27
15 20 20
13 17 33
6 9 28
18 23 31
0 3 21
23 3 16
7 9 34
15 18 8
11 14 27
18 22 4
7 10 31
8 10 15
21 1 24
23 1 39
2 5 21
7 10 24
22 2 5
18 21 28
6 9 15
5 9 29
21 1 39
10 13 32
15 20 14
14 17 18
16 17 27
6 8 21
10 13 36
6 9 8
8 12 6
2 5 1
8 11 31
5 8 37
14 18 31
2 6 22
12 15 26
13 15 16
0 2 10
21 0 16
4 5 21
3 8 33
23 1 24
2 5 8
9 12 29
20 0 23
22 1 28
4 7 17
9 12 30
6 8 33
16 20 23
12 17 23
23 0 22
10 14 1
19 23 1
11 13 1
19 22 19
18 21 8
22 1 21
9 12 24
9 11 10
20 22 10
10 13 38
18 23 7
18 19 3
2 5 13
8 10 8
15 19 21
1 4 20
8 12 26
19 20 24
5 7 19
21 23 35
10 12 28
15 18 1
4 9 17
6 9 6
5 9 4
18 20 3
3 5 26
4 7 40
12 14 34
7 7 25
8 11 25
11 14 29
13 14 16
12 15 22
12 14 5
10 12 13
5 8 35
9 12 5
0 0 2
0 4 29
6 10 12
18 21 38
12 13 21
0 2 12
8 10 38
10 11 34
11 14 33
6 7 2
23 2 28
19 22 31
3 6 14
17 20 15
13 15 7
16 20 26
6 9 9
10 12 28
11 14 14
3 6 34
17 20 1
14 18 37
21 0 17
17 20 34
13 16 21
18 18 7
11 15 40
19 23 20
15 19 23
16 20 38
7 12 23
9 12 21
3 5 30
18 19 19
17 21 6
6 9 16
6 9 18
22 3 29
2 5 19
8 13 35
6 9 16
17 20 25
0 3 18
23 1 15
15 19 7
1 4 3
22 2 31
14 16 11
12 15 28
7 10 35
21 23 16
18 21 11
7 11 16
19 23 38
21 23 22
17 19 5
19 23 25
22 1 29
11 14 36
3 5 29
6 9 14
16 20 40
0 3 29
23 2 34
11 14 31
3 6 23
3 6 22
12 16 13
10 14 15
13 18 26
16 18 8
19 22 5
15 19 37
17 19 28
19 21 8
16 21 26
21 23 2
20 0 5
21 23 20
15 17 6
18 19 15
23 2 7
17 18 9
17 19 7
11 15 35
17 19 18
14 17 30
20 23 31
9 12 34
14 18 31
4 6 23
13 14 7
13 17 3
10 12 35
5 8 39
20 22 21
0 1 29
10 13 7
5 8 16
17 19 24
5 9 8
20 23 32
5 9 4
0 4 34
17 20 23
17 20 24
23 2 14
1 4 11
2 5 40
17 21 20
23 1 39
8 10 27
20 0 31
3 5 16
9 13 38
14 17 14
18 21 10
19 23 12
13 16 40
17 20 34
9 14 27
2 5 16
9 12 31
2 6 9
9 13 4
23 2 25
23 2 33
16 18 37
19 23 7
2 5 18
10 14 25
23 4 9
3 6 33
10 13 6
22 1 39
23 1 17
6 10 36
12 15 8
17 20 3
17 18 16
16 18 27
6 9 13
17 19 16
11 13 9
18 22 36
21 23 37
5 7 40
11 12 34
4 7 28
17 20 19
22 1 31
18 20 22
0 4 11
22 1 21
23 1 21
20 23 14
21 1 9
22 23 4
19 23 20
21 1 6
23 2 9
7 9 18
11 13 40
16 21 10
6 8 26
14 16 27
0 3 12
23 2 23
6 7 24
16 17 20
14 16 13
5 9 40
6 7 35
2 6 15
19 0 38
1 4 31
0 4 20
6 8 5
9 13 10
22 0 11
6 10 39
3 5 32
10 13 20
6 9 28
2 7 40
4 6 30
17 19 40
2 5 40
0 2 29
16 18 17
15 18 17
0 1 9
23 2 36
5 5 20
18 21 40
23 4 18
19 22 10
21 0 28
23 0 16
13 16 13
2 7 3
20 0 17
14 18 4
22 2 28
0 2 16
2 4 32
20 23 40
3 5 22
23 1 30
11 13 39
20 23 11
14 18 10
22 23 30
13 15 18
14 16 28
9 13 13
16 19 6
22 1 27
3 7 35
23 1 7
15 20 35
7 13 3
22 2 11
14 18 14
20 21 1
15 18 36
9 12 15
9 14 38
12 14 15
13 15 33
18 20 40
19 20 29
8 11 4
8 12 5
1 4 39
16 18 14
19 22 30
21 1 9
16 19 18
1 4 16
13 16 9
14 17 10
7 12 35
5 8 22
3 7 24
23 1 11
9 12 34
5 9 6
3 7 39
9 12 40
13 18 22
9 11 5
13 16 40
2 5 28
4 7 34
12 17 18
12 14 30
10 13 35
9 12 25
18 21 38
11 13 23
13 16 1
22 2 12
5 8 33
16 21 30
15 18 5
15 17 20
19 23 17
4 7 25
2 7 40
20 22 17
1 5 18
5 8 2
9 12 15
16 18 4
15 17 4
15 17 38
11 14 10
9 12 35
2 5 21
17 21 40
2 5 32
18 19 11
7 10 32
19 23 31
14 17 24
1 3 22
19 21 17
7 9 11
12 14 23
5 9 1
20 1 32
15 17 31
2 5 1
15 16 26
20 0 13
2 5 27
1 4 5
17 21 24
7 11 27
2 4 39
4 8 36
1 5 16
17 21 14
14 19 15
8 10 1
7 10 21
22 1 40
12 16 26
11 13 9
15 17 36
4 7 26
8 10 12
18 20 40
3 6 25
2 4 32
19 22 15
18 22 29
9 12 18
9 12 40
19 21 34
18 21 15
16 19 11
2 6 21
4 7 17
3 7 36
13 16 15
21 23 10
15 17 23
15 18 18
15 17 5
14 15 7
16 18 32
15 18 9
15 17 33
20 22 18
19 23 17
11 13 5
0 3 31
19 19 2
22 1 33
8 13 6
9 11 32
1 5 34
5 8 2
19 22 10
5 9 1
9 14 19
19 23 38
5 10 34
7 8 39
10 13 1
9 13 7
5 9 26
8 11 11
11 13 21
19 22 16
2 3 6
23 3 13
14 18 17
5 8 10
16 18 20
20 23 17
3 5 35
1 4 5
21 23 21
7 10 13
17 19 5
9 13 33
13 16 2
3 6 12
7 10 40
2 4 35
13 17 36
12 15 23
17 20 15
19 23 38
21 0 17
12 14 30
2 6 25
23 1 6
3 5 22
5 7 18
4 6 35
6 10 35
4 8 40
13 17 1
23 1 9
17 20 33
15 17 23
6 8 10
19 22 12
6 12 40
22 0 36
20 22 3
9 12 7
11 15 25
19 21 32
15 17 19
22 2 20
14 17 9
20 3 31
3 4 19
2 5 20
14 17 26
5 8 5
20 2 32
5 7 4
3 7 23
21 0 31
0 2 34
10 13 20
17 20 32
3 6 16
15 20 25
16 21 20
9 11 38
16 20 21
23 2 35
0 3 4
18 20 39
14 16 23
3 5 21
16 20 19
1 4 32
19 22 28
8 10 35
2 7 21
14 16 30
17 21 12
22 1 35
0 3 12
15 19 38
12 15 17
10 12 19
8 11 33
22 3 30
16 18 11
17 20 19
15 17 3
3 5 3
15 18 16
3 5 22
3 5 6
23 3 26
4 8 23
13 16 20
18 21 32
23 0 2
8 12 31
17 20 20
14 18 32
3 6 22
5 8 39
15 16 12
5 9 2
0 4 29
16 19 24
14 16 15
2 3 39
19 23 36
12 15 38
21 0 25
20 22 22
17 22 13
4 7 9
12 13 11
7 11 22
11 14 30
2 5 37
11 15 6
10 13 33
4 7 14
8 9 12
4 5 5
11 14 20
3 6 28
22 0 11
22 0 19
8 10 30
5 8 25
5 11 17
7 8 6
6 9 28
23 23 27
8 12 21
21 0 36
0 4 24
7 10 30
1 4 9
16 20 4
13 15 36
19 22 12
21 0 15
22 1 28
23 1 26
16 18 33
16 19 2
18 21 31
0 3 33
8 11 6
19 22 9
19 21 8
8 8 39
21 0 20
15 18 4
21 22 17
13 14 14
14 17 16
10 14 16
22 0 1
3 7 11
12 15 32
18 20 20
2 6 33
19 22 38
23 1 38
1 3 2
2 6 4
10 12 37
18 20 23
12 16 25
17 20 12
7 9 38
12 16 28
2 6 28
1 4 21
18 20 3
1 4 34
3 6 1
0 3 32
21 23 18
21 1 3
4 6 4
1 4 24
21 0 28
2 4 6
3 6 16
7 10 17
1 3 14
4 8 14
12 16 25
5 7 15
22 1 11
7 9 13
7 11 16
2 7 36
19 22 1
15 16 9
0 3 5
7 8 27
23 3 23
1 5 9
1 4 6
16 17 4
11 15 8
17 20 23
17 20 39
12 16 18
20 23 27
5 9 30
19 22 17
17 19 33
5 9 26
22 1 22
20 22 19
7 9 14
5 9 28
14 17 3
16 20 23
12 15 17
14 17 12
22 1 13
10 11 6
3 5 6
7 10 26
13 17 8
16 19 26
10 13 40
4 6 30
2 7 6
18 22 18
3 6 37
4 6 2
10 14 22
15 19 31
5 8 16
18 18 33
7 10 12
22 23 29
22 2 19
2 5 28
18 22 7
18 21 33
14 15 1
10 14 5
6 9 24
14 17 20
9 13 11
17 21 16
11 13 31
2 5 30
3 6 37
7 10 26
2 5 17
3 6 31
13 15 6
11 14 1
12 15 7
16 17 30
6 9 25
7 10 2
21 0 34
9 12 28
21 2 32
22 1 4
14 16 15
6 10 4
18 22 31
23 1 34
3 6 31
14 18 29
23 3 14
9 13 30
16 19 19
18 22 24
19 22 26
22 2 16
23 3 24
17 21 25
21 22 21
21 1 30
9 10 5
1 4 28
5 8 24
3 5 12
13 18 28
11 14 7
3 6 39
4 8 19
4 7 4
18 21 10
11 16 27
3 7 10
0 3 35
8 11 6
2 5 37
0 4 2
5 7 7
17 20 16
6 9 23
1 5 38
12 15 37
2 5 21
3 6 20
6 10 15
1 2 34
19 22 32
21 23 25
11 14 17
19 21 38
23 3 9
13 15 16
6 8 10
22 2 17
18 21 16
20 22 4
12 13 19
1 4 23
17 20 28
18 21 32
1 4 22
16 20 33
1 3 21
15 20 6
12 16 6
6 8 11
4 7 19
6 9 33
19 22 10
9 13 40
17 21 28
18 23 30
16 19 1
16 19 26
7 10 40
18 22 36
20 23 26
22 1 2
21 23 30
16 21 28
14 19 21
2 4 12
13 15 2
13 15 26
6 7 40
20 23 14
18 22 19
11 15 2
20 22 20
10 13 12
7 9 30
1 6 14
17 19 11
23 3 21
21 1 25
5 8 38
11 13 12
3 6 36
5 8 39
7 10 8
8 12 40
19 21 30
8 11 21
9 12 32
4 8 30
23 4 18
7 9 16
6 7 15
2 5 23
18 23 26
0 3 3
4 5 17
5 8 29
9 12 35
21 1 17
6 8 10
7 9 3
23 2 40
5 8 24
0 2 20
5 8 17
7 10 19
13 18 18
15 17 33
5 7 31
2 6 40
11 16 9
21 23 3
12 16 3
21 3 12
13 15 29
10 13 16
19 22 35
5 9 34
13 17 7
2 6 23
14 17 20
11 14 23
7 10 35
1 3 39
17 22 3
10 14 16
6 10 19
4 8 25
12 15 1
2 5 31
17 19 21
11 14 11
19 20 2
6 7 29
11 14 23
16 21 36
13 17 9
13 15 22
9 12 40
13 16 37
5 8 5
3 5 35
12 14 1
6 9 39
15 17 23
2 5 14
22 1 14
8 12 3
22 0 36
8 11 3
16 20 40
12 15 33
17 22 12
7 10 8
19 22 30
19 22 36
3 7 14
22 23 8
11 13 38
15 16 12
16 20 40
10 13 5
9 10 36
1 3 40
4 7 3
14 16 7
9 13 13
1 5 29
11 13 37
1 4 18
9 12 12
7 11 24
7 11 9
22 1 24
2 6 32
11 14 6
4 7 16
0 4 35
22 1 38
8 10 20
6 9 32
14 17 27
22 2 40
23 2 27
20 0 33
15 17 22
14 19 25
20 21 11
15 18 35
2 5 26
21 0 9
13 17 19
19 23 11
15 18 23
14 17 23
3 6 16
5 8 39
20 22 18
12 14 3
2 6 16
21 0 18
11 13 10
20 23 40
23 1 14
2 3 5
12 16 11
21 1 13
13 15 15
2 4 32
15 18 14
16 19 11
2 5 21
7 9 20
6 10 37
6 9 33
11 14 30
18 20 27
17 20 40
20 22 2
16 19 23
7 11 19
13 17 26
0 3 20
15 18 12
22 3 24
16 18 24
15 17 8
0 2 21
15 19 26
11 14 28
8 10 17
13 16 9
23 2 23
10 14 5
17 22 9
10 14 11
9 12 19
9 11 23
6 9 19
12 16 33
23 2 2
2 7 34
17 21 29
9 12 23
20 23 31
15 19 27
3 5 21
18 20 16
23 2 6
8 11 11
2 4 9
6 9 19
3 5 27
7 10 27
8 10 31
14 16 28
11 13 23
21 1 3
1 5 26
21 1 14
20 21 26
3 7 12
0 3 33
17 20 39
0 4 10
6 9 17
18 21 19
8 11 27
16 20 26
5 9 11
10 14 27
20 1 1
11 13 35
5 10 34
16 19 29
3 6 25
20 23 10
0 4 6
18 22 13
23 3 14
13 17 30
9 14 11
4 5 28
23 4 5
13 17 12
9 11 32
12 16 9
4 6 5
5 8 15
7 12 7
19 22 23
9 12 37
15 18 4
17 20 5
5 7 9
8 11 40
10 12 29
15 18 11
4 7 26
15 19 16
15 17 17
14 18 26
13 14 24
12 15 23
11 14 6
7 8 33
9 11 29
18 21 26
9 12 5
17 18 34
7 11 39
1 5 5
19 22 7
21 0 6
4 6 36
22 1 37
7 8 22
11 14 10
7 9 18
0 3 8
21 0 15
2 6 38
5 9 39
2 5 16
13 18 21
23 2 4
5 8 12
4 8 22
20 0 14
22 2 6
1 4 36
14 15 26
23 2 8
0 5 5
16 19 17
1 4 24
17 19 19
22 2 37
18 20 15
8 11 26
14 17 14
18 22 3
23 1 13
20 23 31
15 19 4
18 21 29
9 14 3
19 22 37
20 23 22
6 8 33
21 0 29
14 19 37
8 11 19
12 15 13
5 8 30
0 4 1
13 16 27
17 20 30
19 0 34
9 12 3
14 18 10
3 8 36
7 10 36
2 4 6
13 17 30
20 22 9
14 18 9
22 2 18
15 18 22
19 22 39
22 2 20
23 2 30
16 17 30
6 9 38
1 3 20
4 6 20
1 3 30
22 2 25
2 5 7
13 16 11
20 1 14
1 5 12
10 11 12
7 10 15
10 13 8
23 3 24
18 22 17
18 20 10
17 21 11
13 18 19
10 15 33
23 0 39
12 14 29
17 20 19
2 4 1
0 3 38
3 6 12
16 19 16
23 1 35
5 8 23
4 8 36
9 11 2
8 12 4
2 4 5
5 8 2
15 18 37
12 14 8
20 0 37
0 3 23
16 20 18
0 2 29
18 21 14
6 10 39
20 0 27
3 5 5
20 23 3
12 15 15
4 7 28
3 7 27
12 16 28
5 9 21
17 22 19
3 6 38
12 17 7
9 13 4
23 3 16
11 13 23
22 2 1
0 2 9
5 9 6
9 14 33
5 7 4
5 8 37
5 8 7
12 17 39
23 1 35
23 2 20
6 10 30
7 11 33
23 3 2
20 23 16
12 14 16
4 6 3
12 15 25
12 16 28
4 6 40
1 2 4
8 11 13
2 5 24
15 19 23
16 18 33
14 15 4
8 11 23
10 13 37
12 14 27
15 17 13
13 15 25
14 17 18
1 3 35
16 20 26
23 2 27
11 14 7
18 20 36
9 12 28
9 12 17
7 10 33
11 13 28
11 14 4
5 8 22
22 2 3
10 15 30
6 8 24
21 23 24
22 1 32
2 6 16
22 0 27
4 8 40
13 15 40
12 15 5
3 7 29
3 4 28
18 20 31
18 22 36
10 14 16
23 3 36
23 2 39
23 3 33
19 21 2
5 8 11
16 20 36
7 8 9
5 6 35
6 8 7
11 14 18
9 11 32
10 12 35
3 5 31
14 17 13
10 13 7
0 2 34
7 12 37
15 17 28
6 10 13
7 10 12
11 12 26
1 3 40
19 22 2
19 22 25
12 14 39
13 15 8
11 14 12
22 1 23
5 9 32
3 7 36
11 14 3
6 10 9
23 3 3
22 1 37
19 21 4
12 16 21
9 12 18
9 11 6
18 22 28
10 12 28
17 19 5
3 7 39
5 8 20
8 12 3
0 3 15
21 0 24
16 20 33
7 10 4
15 18 9
6 10 25
13 15 10
13 17 8
21 1 5
22 2 34
9 12 16
7 10 7
3 8 16
19 23 24
18 20 15
0 2 16
14 14 32
13 14 22
19 0 36
12 15 6
18 21 9
19 23 6
19 23 19
19 22 34
3 5 16
13 18 39
8 11 21
23 2 29
6 7 16
21 0 30
14 19 8
9 11 7
10 12 34
7 8 18
13 14 5
7 10 14
11 12 16
17 21 1
6 10 32
23 2 24
17 19 9
0 2 38
21 0 26
17 19 4
14 19 26
19 0 19
12 14 24
20 2 25
12 17 32
14 19 30
3 6 16
4 7 5
20 23 10
10 14 28
20 0 39
0 3 10
16 19 17
13 17 17
13 14 23
4 8 33
12 14 12
12 15 25
3 8 34
0 3 29
15 18 3
0 3 10
4 6 30
17 20 20
12 16 20
4 7 22
10 11 39
7 9 19
12 16 16
23 1 24
23 1 23
6 10 10
5 9 16
11 15 27
2 7 28
8 12 24
1 4 9
22 1 38
18 19 27
19 21 38
9 12 12
18 22 1
8 14 27
8 14 4
22 3 13
19 21 13
9 12 38
2 4 23
5 8 40
18 21 16
11 13 33
1 4 18
5 8 1
8 11 15
23 2 33
13 16 13
3 7 8
17 21 9
16 19 21
11 12 28
21 2 28
5 8 29
9 11 11
2 5 5
19 21 13
6 9 21
13 16 9
9 12 28
7 10 14
4 6 29
2 5 24
21 23 8
9 12 39
21 1 10
1 4 20
5 7 12
11 15 40
9 11 38
11 14 5
17 20 25
22 1 7
18 21 29
14 15 38
23 2 40
18 20 21
17 20 29
8 10 14
8 12 38
13 15 18
11 14 25
3 8 37
4 8 35
17 21 6
23 2 13
5 8 21
19 22 30
22 23 30
4 8 12
8 9 33
23 2 7
8 11 7
18 21 23
3 7 15
19 23 14
3 7 35
20 23 15
13 17 23
17 19 31
3 7 23
6 7 17
18 21 39
18 19 14
19 21 28
3 5 37
10 13 22
11 13 29
7 9 6
1 3 1
1 4 29
14 16 8
11 15 38
16 19 22
6 8 26
6 10 37
21 0 15
17 20 16
12 15 24
23 2 34
20 23 19
4 6 31
0 2 29
0 2 40
9 13 30
17 20 29
23 4 28
21 0 32
20 23 31
3 5 8
13 16 23
3 7 35
0 3 30
8 10 13
23 3 10
15 19 33
19 23 32
0 2 14
16 20 10
6 8 18
1 3 37
14 17 26
17 18 14
22 2 35
9 10 33
22 23 38
23 2 4
5 8 5
7 10 24
18 21 13
3 7 11
9 11 22
17 21 14
2 5 32
3 6 37
0 2 26
7 11 33
10 13 15
18 21 9
9 12 21
13 16 32
12 15 40
3 7 31
2 3 38
21 0 35
16 18 23
14 17 1
3 6 20
14 18 12
16 20 35
14 16 22
12 14 9
5 6 18
12 16 39
15 19 36
16 18 8
20 22 33
20 0 6
17 19 13
22 2 31
13 16 12
13 17 19
11 12 33
15 19 13
4 7 21
12 16 22
1 5 17
17 19 6
12 14 7
15 18 34
15 17 25
8 10 1
2 4 12
15 18 3
14 18 38
10 13 12
4 9 31
22 2 22
22 1 27
16 19 35
7 10 21
4 6 8
2 6 16
18 21 10
13 15 4
16 19 35
21 1 17
22 2 31
15 19 31
12 14 2
6 8 36
22 1 23
14 16 30
18 22 30
3 5 27
10 14 7
8 11 35
11 14 16
15 18 13
21 22 25
2 7 13
1 5 36
18 21 23
18 22 5
3 6 4
12 15 15
22 1 5
14 16 29
9 14 32
3 7 2
1 4 28
11 12 20
7 8 36
3 6 8
14 17 1
15 18 9
11 13 32
15 19 37
4 7 38
3 4 34
17 21 10
13 18 36
13 15 6
6 9 14
21 22 25
18 20 17
22 2 10
12 13 2
8 11 4
16 19 19
19 23 7
1 5 13
6 9 28
0 1 37
16 19 3
6 9 39
6 8 27
21 2 16
15 18 25
18 21 13
20 22 25
15 16 16
18 21 17
10 12 28
15 18 13
10 14 39
9 11 26
23 1 25
11 15 29
0 2 7
7 11 6
6 10 28
14 16 13
21 1 7
12 14 38
9 11 28
19 23 21
16 19 10
11 14 14
3 7 4
8 10 3
17 19 38
5 8 38
4 7 15
4 7 14
22 1 24
2 5 13
5 9 35
1 4 25
20 0 11
18 22 34
6 10 18
9 11 7
1 3 10
4 7 11
4 7 24
5 7 40
20 23 9
10 14 2
7 9 26
9 13 26
9 11 8
16 18 11
3 6 26
12 17 20
20 0 2
17 19 18
4 6 5
3 7 16
11 15 24
12 15 23
22 0 18
22 2 23
21 1 7
2 6 25
14 17 34
21 0 6
10 14 38
5 8 1
19 21 28
22 0 32
22 2 34
20 23 21
6 10 14
3 6 25
4 6 23
3 6 27
23 0 38
21 23 29
10 12 39
13 15 37
5 8 28
5 6 2
5 5 17
6 8 39
23 4 4
4 7 7
22 2 12
6 10 21
19 21 4
10 13 10
0 3 14
22 2 29
8 11 34
20 23 6
10 15 6
15 18 28
11 14 19
21 0 29
9 10 16
21 0 7
19 22 9
5 9 10
9 11 33
11 13 6
2 4 37
15 17 33
6 10 28
5 8 35
0 4 37
12 14 18
8 10 33
12 15 9
2 5 8
8 11 7
4 7 21
3 6 4
15 16 4
13 18 4
1 4 31
9 12 22
8 9 1
22 2 12
5 7 20
11 13 6
16 18 38
19 23 16
0 1 18
22 0 12
17 19 29
22 0 37
0 5 27
15 18 18
2 4 6
16 18 26
0 2 9
5 8 31
3 7 1
3 6 15
9 12 16
20 0 7
2 4 24
12 16 7
4 7 6
19 22 25
8 10 9
1 3 16
15 19 17
2 4 37
11 14 13
6 9 39
11 15 29
9 13 39
11 13 2
9 9 30
23 4 4
5 7 38
15 19 11
5 7 4
23 3 38
22 2 16
23 2 19
10 13 39
19 23 25
5 8 39
13 17 39
23 1 5
7 9 14
6 9 5
16 19 12
18 21 1
15 18 29
11 12 11
9 11 9
7 10 39
8 9 36
19 22 2
15 18 23
16 19 21
1 5 10
6 11 35
20 22 29
20 0 33
4 7 3
9 11 25
7 11 7
6 9 8
4 8 21
9 12 5
19 22 31
4 8 5
11 14 20
7 12 4
18 20 40
20 0 40
16 20 19
17 19 39
4 9 4
19 23 40
1 4 29
8 13 37
16 17 30
12 17 19
10 14 9
17 21 40
1 2 28
11 13 24
2 6 19
6 9 11
13 16 11
12 16 23
7 11 10
11 13 18
0 3 10
7 9 6
10 14 20
11 14 31
7 10 22
19 21 40
17 19 2
4 6 7
1 4 36
1 4 37
14 17 20
10 14 33
8 9 14
15 18 2
5 9 14
7 10 12
14 18 37
13 15 39
22 2 10
13 17 3
8 9 3
0 4 21
11 14 33
6 9 2
14 17 7
19 22 35
19 22 24
7 10 18
19 21 24
14 18 3
17 20 15
23 3 19
20 0 33
3 5 25
16 19 25
11 14 38
22 2 36
5 9 18
20 22 20
15 19 4
15 18 31
8 12 19
15 19 7
11 14 29
8 12 31
4 7 8
19 0 31
8 13 2
15 19 3
2 4 27
11 16 24
16 21 22
1 5 12
7 10 28
4 7 10
17 20 15
14 16 11
12 15 37
2 5 37
22 1 17
23 2 40
7 10 8
20 22 30
9 12 25
18 21 29
7 10 25
15 17 12
6 9 36
10 14 18
22 3 25
8 9 12
5 7 16
19 22 3
0 4 17
12 15 26
9 12 4
9 12 29
22 1 4
0 1 8
22 23 17
20 23 5
5 9 32
17 21 37
6 8 6
21 1 38
22 0 38
23 1 24
3 6 22
5 7 21
0 3 17
8 10 15
20 0 17
8 10 24
2 7 6
11 14 24
0 3 32
21 2 13
3 7 2
2 5 35
5 8 31
5 10 30
17 19 37
18 23 37
2 6 4
12 16 23
16 18 30
22 2 21
7 11 35
16 19 33
15 18 30
11 14 15
18 22 12
14 16 20
17 21 12
20 23 34
1 3 26
4 8 14
17 18 3
12 13 38
12 16 11
4 7 30
19 21 12
1 1 7
3 7 23
7 11 23
17 20 29
5 5 13
3 6 10
16 19 3
2 3 1
6 9 37
23 2 18
20 22 25
12 16 9
15 20 25
16 19 11
16 19 12
17 18 36
7 10 39
11 15 6
22 1 35
13 15 20
13 16 14
10 12 8
17 20 37
0 2 8
15 17 26
9 14 20
0 3 30
2 5 25
4 6 12
3 6 24
12 15 14
8 10 36
14 17 26
9 12 26
0 2 40
5 8 7
9 13 38
11 12 33
11 14 27
17 19 34
21 1 27
7 9 32
22 1 10
15 18 18
12 15 15
22 2 3
15 18 5
19 22 7
8 11 40
21 23 32
20 0 1
19 23 13
19 22 25
12 15 18
13 16 28
9 12 14
22 0 24
9 12 5
2 5 15
0 5 27
23 1 11
6 9 38
21 0 10
16 19 6
14 18 18
1 3 40
16 20 14
20 23 34
11 11 11
18 22 38
3 7 9
16 20 38
13 18 23
20 22 21
18 20 1
12 16 20
0 4 12
8 12 38
21 23 10
17 22 11
10 12 27
3 8 17
5 9 13
11 14 39
19 20 15
2 6 15
16 18 14
22 2 21
16 18 15
19 23 21
9 11 12
10 14 14
0 2 28
21 23 30
20 22 40
12 15 1
6 8 30
13 17 33
13 14 35
5 7 1
19 23 12
10 14 40
13 17 33
4 9 19
5 8 5
14 18 6
15 18 40
10 12 26
10 12 36
5 9 22
5 8 13
3 5 14
15 18 16
3 6 38
7 9 24
9 14 24
16 20 24
13 16 29
19 22 31
12 14 20
22 1 27
9 10 23
18 23 30
5 6 37
10 13 13
21 23 19
4 8 39
6 9 31
2 6 35
4 7 23
1 5 16
16 18 25
18 22 5
2 6 25
12 14 30
21 2 20
18 22 14
3 5 27
3 5 18
5 9 27
3 7 22
0 3 12
5 7 23
9 11 13
21 0 40
1 4 30
