2000 38
7 21 15 33 7 19 18 35 7 19 25 14 5 18 1 31 31 15 35 28 18 6 26 26 17 14 31 30 37 4 32 19 35 3 4 18 5 30 
8 11 13
20 23 2
16 19 32
2 5 26
23 2 16
7 10 7
19 21 28
13 14 28
14 18 16
10 14 8
6 11 26
16 18 18
23 2 14
19 21 22
21 3 23
10 13 16
15 20 9
0 4 17
17 21 18
19 23 10
20 23 4
19 23 13
6 10 29
6 9 19
19 22 38
21 0 13
4 7 34
13 16 16
5 9 34
18 20 3
2 5 12
16 19 18
16 19 14
16 20 24
12 15 1
3 8 34
11 13 37
4 5 10
13 16 9
3 6 25
9 13 25
18 21 26
4 6 25
8 11 37
0 3 33
22 2 37
7 11 16
16 20 2
3 5 16
0 5 32
4 6 38
22 1 26
11 14 6
7 11 19
9 14 22
19 22 5
15 18 3
16 20 36
2 6 38
10 14 24
19 21 14
13 14 2
8 12 23
23 3 36
17 20 16
9 12 30
20 22 32
21 0 25
8 11 27
4 9 5
3 6 23
9 12 35
11 13 22
21 0 28
8 11 7
21 23 38
4 6 19
3 6 11
10 13 4
13 15 23
6 9 9
12 16 33
20 22 14
22 1 37
14 17 2
2 7 35
23 2 37
4 5 1
9 11 21
0 3 29
5 9 18
5 8 7
7 8 14
10 12 23
1 5 13
16 20 19
4 7 16
10 13 26
11 15 32
1 5 35
19 23 32
1 5 13
8 11 38
1 2 31
17 21 5
5 8 31
12 15 34
0 2 25
18 21 20
16 18 9
2 4 4
12 15 29
5 7 35
18 21 26
11 13 23
0 2 35
3 6 26
14 18 9
22 23 5
17 22 18
21 23 2
7 10 22
9 12 24
6 9 31
22 3 12
16 18 25
10 15 8
16 18 31
5 7 23
2 4 25
23 2 28
21 0 8
9 12 8
11 15 24
5 9 14
13 16 11
12 15 15
20 23 35
12 16 36
8 11 21
20 0 21
0 3 12
19 22 36
4 8 28
21 2 12
16 20 20
15 16 12
0 1 7
12 15 22
8 11 15
17 20 1
7 10 29
15 19 8
3 6 23
7 10 36
17 20 20
4 6 14
9 12 29
14 16 15
9 11 31
10 14 28
21 1 18
16 19 3
21 1 34
23 0 28
14 16 13
11 14 32
10 12 23
1 3 3
1 3 17
20 22 7
10 13 38
4 5 10
17 23 23
16 18 24
3 5 28
12 14 19
13 15 23
2 5 27
21 0 25
13 16 30
13 16 19
23 3 38
13 16 8
22 23 37
6 9 25
8 11 37
18 0 10
9 14 33
18 21 15
21 0 36
23 2 25
10 12 15
18 22 26
3 7 17
1 4 5
11 14 22
21 2 28
8 9 32
14 15 23
11 13 38
20 1 31
14 17 33
5 9 11
20 23 11
9 12 6
23 1 15
4 6 5
10 12 10
21 23 4
5 9 12
14 17 21
11 14 17
0 4 37
6 11 13
10 13 29
14 17 11
18 22 5
20 23 21
22 0 8
3 8 31
19 22 20
5 9 11
8 10 34
0 2 36
1 4 34
19 20 28
12 14 17
2 5 34
6 9 14
11 15 30
13 17 6
14 17 18
12 15 20
10 14 5
17 17 19
21 2 20
2 6 38
20 23 27
8 10 29
0 2 27
3 6 8
23 1 15
7 9 17
6 8 33
16 19 36
6 10 35
13 16 6
12 16 25
14 18 12
3 8 16
5 8 2
23 0 36
9 11 35
13 15 15
11 14 13
15 16 15
12 16 7
11 14 22
18 21 14
21 22 26
19 22 1
18 20 34
6 7 30
20 0 8
20 0 4
16 19 10
1 6 29
13 17 12
17 20 32
4 8 11
13 15 33
7 9 31
0 4 27
2 4 22
21 0 30
1 3 34
3 5 31
5 9 9
19 22 12
11 15 6
0 3 12
13 16 23
22 0 17
15 18 31
7 11 1
8 11 34
14 17 26
3 7 25
0 2 34
8 10 10
1 4 16
10 12 7
14 17 22
21 0 21
14 17 34
9 13 13
4 8 36
16 20 27
16 20 11
8 10 4
17 21 1
2 5 37
18 21 37
2 7 23
12 17 30
20 23 25
18 19 4
22 0 1
9 12 30
7 9 16
12 16 35
2 3 12
19 21 17
3 6 29
12 16 16
1 4 15
4 7 11
19 20 30
7 11 11
0 1 12
21 0 19
19 21 37
13 16 30
22 1 17
9 10 12
2 5 36
15 17 11
18 19 21
21 23 32
4 7 26
3 6 8
11 14 29
3 5 17
13 16 37
19 23 12
21 0 13
5 10 2
23 2 21
1 2 34
23 3 23
9 12 29
13 17 33
5 7 33
16 19 25
12 16 36
3 7 25
13 14 24
10 11 15
20 0 13
10 14 32
19 22 16
19 23 9
12 17 25
0 4 4
7 10 34
21 23 26
23 3 17
2 3 17
17 18 25
13 15 30
4 6 22
9 13 23
13 16 22
13 16 37
18 21 36
4 7 12
10 12 4
19 22 23
4 6 24
18 22 12
3 6 7
23 2 31
14 16 30
21 0 33
17 19 9
17 19 30
10 12 37
11 14 27
13 17 18
6 9 24
7 11 21
17 17 22
14 17 31
8 10 34
20 0 1
12 15 12
5 9 28
14 18 27
4 6 15
0 4 36
11 14 23
0 3 20
6 9 19
4 8 16
19 0 2
9 12 1
18 22 16
19 23 3
1 4 13
12 16 2
6 9 31
21 1 23
20 23 11
0 1 35
8 9 10
5 7 12
17 19 12
9 11 1
13 15 10
5 9 25
18 22 13
10 12 10
21 0 14
11 13 22
19 22 31
5 8 11
11 15 12
8 11 8
14 16 27
9 13 24
13 16 28
4 7 10
8 10 26
16 18 9
6 8 1
6 9 23
4 8 4
4 7 29
4 6 18
20 22 15
2 6 23
2 5 6
7 10 23
13 14 27
18 21 27
6 10 4
2 4 29
11 14 32
13 15 5
7 10 26
13 15 3
16 18 3
12 15 4
22 2 32
18 21 10
19 22 4
22 1 10
9 11 14
10 13 20
13 16 20
0 2 13
0 2 22
6 10 22
2 3 33
18 21 14
20 23 4
22 1 16
22 1 23
18 20 2
13 16 3
12 16 7
1 4 31
11 13 22
17 20 18
13 14 32
7 10 17
12 14 35
18 20 13
19 22 12
10 12 36
18 21 31
12 14 27
3 7 8
8 10 9
17 22 8
22 2 32
21 23 15
21 23 27
18 0 35
17 19 30
21 1 12
3 7 27
9 11 8
17 20 31
10 13 15
3 7 12
4 9 28
1 4 18
3 7 2
16 20 28
19 22 4
7 12 13
9 13 20
18 20 38
7 9 13
16 19 32
20 23 3
17 20 11
19 22 18
17 20 34
23 2 28
15 18 20
1 5 11
16 19 18
20 23 23
16 18 28
13 14 2
16 19 38
10 11 34
16 17 37
0 5 2
17 22 31
4 7 29
22 2 32
9 10 2
11 16 24
12 14 16
5 8 19
23 4 13
10 14 13
6 9 3
12 15 11
8 14 17
15 19 35
8 12 7
12 14 25
9 13 37
21 0 13
7 11 27
12 15 13
3 6 12
0 3 35
11 13 26
21 0 36
20 23 1
12 15 17
22 2 12
9 12 25
11 15 3
14 17 25
5 7 25
14 18 15
10 13 11
18 21 8
1 6 23
6 10 14
12 15 5
0 4 13
4 9 19
17 20 10
0 3 29
20 0 13
10 12 34
22 2 27
2 4 28
11 17 9
10 12 17
7 9 28
21 1 8
10 11 12
1 4 12
15 20 19
23 4 37
0 0 23
0 4 34
10 15 2
13 15 6
10 13 25
20 23 11
17 21 8
21 0 11
17 20 30
6 8 20
19 22 4
12 15 30
8 11 30
21 23 25
18 22 8
19 0 14
17 21 13
16 20 38
7 10 14
14 17 9
6 8 15
8 10 32
0 3 33
12 14 20
3 6 1
1 3 14
0 4 4
5 8 27
16 20 20
1 5 25
14 19 35
18 23 4
21 0 7
12 15 4
23 3 12
21 1 25
18 19 36
8 11 9
0 4 13
17 19 37
11 15 24
23 23 33
9 13 2
15 18 34
4 9 5
20 0 20
2 4 32
3 5 34
12 15 15
1 4 5
16 21 28
18 21 8
2 5 32
16 17 25
7 10 21
18 22 12
8 12 16
21 1 34
4 8 24
12 16 26
16 21 7
13 16 37
1 4 38
22 1 32
15 18 8
11 14 15
12 15 28
18 21 25
11 16 17
19 21 35
18 22 22
22 0 11
0 3 17
10 12 34
9 12 6
8 10 19
14 17 19
5 8 32
4 7 15
17 22 9
1 3 24
21 2 38
12 16 12
10 13 4
21 0 19
9 11 20
15 18 31
19 23 9
5 8 11
20 23 16
1 4 20
0 3 33
6 10 20
23 1 8
0 4 27
14 17 8
4 8 35
22 2 27
12 16 21
4 8 5
0 2 6
23 2 15
10 15 24
13 17 8
16 19 5
0 5 25
19 22 38
11 14 37
13 16 35
7 9 27
12 15 6
10 12 28
11 14 19
9 13 28
6 10 7
14 17 33
0 3 8
18 22 30
21 1 1
5 8 9
5 10 13
4 7 18
9 12 24
3 3 30
20 23 2
10 11 3
20 0 17
12 16 2
11 15 18
1 2 17
0 3 6
3 6 28
3 5 11
16 21 21
19 0 7
11 15 5
11 14 2
8 11 26
19 21 22
13 16 32
2 4 35
23 2 3
16 19 8
22 1 28
21 0 2
14 18 12
21 0 32
17 19 13
17 20 1
7 12 18
17 19 4
12 14 36
10 14 10
14 17 25
3 7 1
15 18 20
14 17 17
10 14 8
11 14 19
6 8 1
14 16 25
15 17 37
8 10 19
3 5 6
22 2 37
5 7 2
0 4 19
9 12 21
22 1 28
14 17 29
11 14 13
4 8 30
23 1 8
11 15 15
2 6 30
21 23 4
17 20 28
19 0 3
0 2 2
6 9 6
21 23 3
9 13 15
9 11 37
21 0 24
12 14 19
9 12 9
13 16 25
3 7 13
20 23 8
2 4 24
18 21 23
6 8 1
1 3 20
3 6 13
14 17 19
13 16 26
4 8 31
22 1 36
13 15 18
18 22 33
13 16 12
19 22 11
19 21 35
0 3 8
9 13 16
7 8 38
22 1 9
10 11 13
10 15 27
1 4 16
2 4 7
19 21 13
12 14 26
10 12 1
1 6 36
1 3 13
9 11 18
1 4 24
14 17 10
13 16 24
18 22 8
0 3 10
15 17 2
1 8 13
12 14 22
16 19 13
19 22 32
13 15 7
1 5 35
3 6 11
19 21 20
11 14 3
15 19 3
22 23 18
14 17 15
18 21 4
13 17 26
19 21 25
19 23 17
15 18 15
10 13 18
11 14 31
0 2 28
0 2 17
22 0 5
19 21 31
22 1 32
3 5 20
15 18 15
12 14 32
4 7 32
6 9 33
13 15 34
10 12 32
0 3 29
23 3 2
17 21 20
5 8 18
17 20 27
8 11 18
4 6 15
6 8 14
15 17 15
21 0 15
1 3 22
6 10 22
10 15 9
10 13 9
2 5 8
23 3 12
9 11 1
9 13 10
2 4 4
19 22 36
21 0 13
0 3 28
8 10 16
15 17 29
10 14 2
9 13 1
5 7 18
15 16 16
9 12 28
22 2 1
3 6 5
6 10 14
3 6 1
5 9 18
7 9 9
16 19 28
17 19 15
0 3 22
17 20 33
6 11 8
3 4 12
17 20 19
3 7 16
23 0 2
14 17 1
13 15 31
14 16 25
5 9 24
2 5 6
18 22 14
0 1 14
10 14 5
17 19 12
19 21 24
5 8 1
0 2 17
19 1 20
5 8 30
4 6 8
15 18 13
12 15 6
10 13 10
11 16 29
19 23 30
22 2 1
23 3 36
19 22 30
15 19 38
9 13 7
19 22 27
17 21 26
7 10 4
12 15 18
10 11 29
20 21 25
13 16 30
8 9 16
4 6 19
8 11 11
21 1 30
4 8 6
14 16 7
14 17 29
23 2 32
17 19 38
23 3 6
14 17 37
13 15 22
16 19 26
9 12 38
17 20 33
3 6 34
15 19 4
13 16 18
20 23 25
10 13 6
6 9 12
20 0 38
7 8 14
3 5 1
20 23 18
8 11 12
20 0 17
7 10 16
23 4 34
20 23 21
9 10 38
6 9 2
7 8 7
9 10 4
5 8 15
1 5 8
0 1 23
23 2 24
8 10 15
21 23 31
12 16 4
16 19 5
15 18 16
4 6 14
13 16 25
12 15 20
4 5 23
4 8 8
9 12 13
6 9 2
3 6 7
3 6 38
14 18 15
11 16 24
9 12 29
16 19 17
10 12 29
4 6 12
14 18 36
10 14 13
8 9 14
11 12 29
21 23 11
21 1 6
9 12 4
7 9 21
23 2 8
15 20 24
11 15 34
18 21 11
1 4 29
19 23 15
7 12 5
8 11 36
19 23 3
21 23 10
5 7 10
1 4 36
16 19 33
10 14 32
13 18 5
5 7 32
7 9 9
21 23 37
1 4 32
5 8 32
4 6 34
22 1 38
13 15 16
19 23 26
12 15 12
7 9 1
3 7 36
13 17 34
4 6 22
23 2 18
16 19 25
3 6 35
5 10 5
14 17 26
21 23 10
22 3 12
2 3 25
15 17 13
23 3 16
0 1 5
10 12 30
5 7 27
18 21 26
1 3 6
14 19 10
8 10 3
14 17 37
10 12 38
9 10 12
2 6 2
1 4 33
22 23 1
10 12 9
9 13 15
1 5 37
7 11 36
17 20 30
22 0 24
9 11 31
12 16 20
23 4 3
20 22 20
16 19 38
9 11 32
12 15 17
4 8 30
15 18 1
18 21 13
9 13 21
2 4 6
21 0 10
13 15 19
8 10 25
4 6 37
22 0 13
6 11 38
20 22 26
0 3 1
23 0 5
19 23 5
22 1 34
11 16 6
6 9 25
7 10 5
2 5 31
16 19 30
6 8 9
1 7 33
10 13 32
10 13 20
13 16 35
13 16 22
7 8 13
5 8 14
0 2 20
21 1 3
18 21 11
22 0 34
16 19 17
18 21 33
8 12 22
23 3 28
0 5 28
7 11 7
0 2 25
17 20 10
3 8 36
3 7 38
7 8 27
9 13 7
15 17 32
14 17 23
10 12 23
11 14 35
9 12 31
15 19 29
8 10 24
11 12 16
2 4 13
14 18 24
21 0 26
12 13 11
18 22 34
0 4 24
12 14 11
9 13 19
2 6 14
23 0 38
16 17 26
23 2 29
12 16 15
2 5 5
14 16 3
5 8 33
18 20 24
14 17 30
7 10 13
2 5 17
22 0 15
16 19 35
16 19 37
14 18 6
6 10 6
2 6 37
14 18 8
12 15 22
18 20 34
14 18 16
23 0 4
19 23 15
12 16 6
23 1 28
17 18 36
3 4 26
19 22 12
10 13 2
17 21 9
11 14 19
14 17 6
22 0 8
9 13 10
4 8 24
16 18 24
22 0 31
19 21 17
0 2 11
20 0 17
3 4 19
23 2 13
13 17 9
14 18 29
17 20 17
4 7 18
21 0 21
23 2 15
9 11 29
13 16 36
20 1 36
22 0 11
0 4 12
2 5 10
1 6 17
7 11 34
3 6 7
11 15 26
6 10 24
2 6 4
1 5 33
19 23 23
3 5 19
15 18 10
23 1 12
8 11 8
15 18 5
6 9 21
11 15 22
13 17 5
15 18 26
23 2 2
2 7 26
19 22 1
3 5 5
0 2 9
6 10 11
20 23 5
12 15 25
5 9 32
1 2 19
4 7 31
10 14 13
22 2 31
7 8 2
22 0 25
21 22 25
6 10 2
9 12 22
8 9 13
7 9 34
17 20 10
0 4 22
15 18 32
5 8 1
13 17 11
18 21 2
14 15 19
17 19 31
1 3 25
21 1 15
15 17 11
3 7 3
16 20 4
4 6 27
9 12 21
13 16 2
14 18 20
1 5 35
22 1 14
22 1 12
5 8 13
0 4 31
9 12 6
23 2 25
12 16 35
0 3 32
23 1 1
8 10 2
19 22 4
18 22 30
0 1 5
2 5 27
14 17 9
3 6 16
8 10 23
8 9 34
14 17 7
3 8 1
15 17 4
22 2 29
2 4 4
0 4 36
7 11 4
20 23 14
3 6 30
4 6 12
21 22 30
22 0 28
9 12 15
1 3 3
20 21 7
15 19 1
17 20 27
14 17 30
9 12 23
20 22 17
19 22 13
16 18 2
18 20 6
8 11 36
18 21 29
19 22 12
8 8 23
13 18 18
19 22 8
16 18 33
12 14 27
10 12 26
1 3 16
20 1 23
19 22 31
9 12 37
21 22 38
7 10 3
22 0 23
16 20 3
7 11 1
6 10 1
2 4 10
13 15 33
9 12 19
14 16 32
14 16 24
19 0 21
12 15 5
18 21 20
2 6 33
5 8 21
12 15 22
1 4 14
16 20 15
10 12 6
0 3 11
13 16 35
19 22 24
7 11 27
3 7 19
20 1 15
5 8 32
6 9 30
7 10 25
15 18 12
18 22 25
18 22 18
19 21 13
18 21 20
4 9 17
5 8 36
16 19 2
16 21 11
1 3 34
15 17 31
2 4 24
14 16 6
5 7 14
9 13 11
6 10 38
20 22 34
9 13 12
16 19 9
10 14 28
13 16 4
5 8 25
8 11 16
2 5 5
0 4 12
19 22 23
17 21 11
15 17 21
19 22 34
11 12 5
2 6 19
19 20 33
21 23 32
19 22 34
20 23 13
0 1 12
11 11 2
16 20 10
11 15 28
1 6 18
3 7 34
5 9 15
13 15 5
4 7 21
13 15 24
11 15 3
17 20 10
21 1 15
14 16 9
22 0 26
11 13 32
19 22 24
5 8 34
22 23 26
6 8 35
15 18 19
9 13 19
14 18 3
9 12 33
15 19 7
10 14 33
12 13 33
13 16 3
11 13 23
10 12 1
14 16 8
15 19 15
12 14 30
12 16 28
16 19 7
15 17 6
13 16 7
4 6 36
14 17 10
6 9 17
16 18 7
13 16 9
13 15 15
7 9 11
22 1 17
13 17 27
3 7 30
15 17 9
6 9 38
13 15 15
14 17 25
3 5 7
11 13 19
12 13 23
0 4 11
5 7 28
5 8 8
17 19 11
13 16 23
7 11 32
15 17 34
11 13 11
2 5 30
13 14 26
6 9 14
21 23 18
1 5 16
5 7 36
11 14 6
23 2 34
21 23 5
20 23 29
3 6 38
17 17 2
9 12 4
14 16 11
20 23 10
21 2 1
0 4 31
14 16 17
11 15 33
5 7 27
12 14 21
17 20 1
20 23 11
15 19 13
10 14 26
22 1 7
18 22 21
5 9 13
13 16 34
8 10 2
19 21 30
13 15 20
15 16 5
23 2 10
10 14 18
16 21 37
6 9 2
14 17 20
12 15 16
19 22 16
20 22 35
1 5 18
22 2 38
14 17 33
14 17 28
1 3 21
19 21 32
6 10 17
5 7 30
18 20 4
3 6 24
11 13 33
2 6 22
22 0 1
22 0 21
10 13 1
9 13 36
13 17 3
10 14 23
13 13 35
7 9 32
15 18 31
11 15 9
13 16 7
14 17 24
14 18 29
12 17 13
16 20 15
7 9 21
13 17 12
13 16 31
18 21 35
7 10 15
7 9 12
14 17 1
20 23 23
2 5 20
12 14 6
22 1 21
21 0 26
18 21 25
23 2 21
21 0 22
3 7 32
17 20 6
12 16 6
4 8 38
3 5 35
10 13 12
0 6 9
17 20 26
0 3 30
10 12 20
4 6 7
23 1 19
4 6 21
7 8 4
9 12 3
16 17 11
12 14 15
17 21 2
13 15 4
4 7 25
2 7 27
6 8 28
9 11 10
6 9 37
17 21 28
0 3 36
5 9 15
11 13 9
8 10 7
19 23 8
11 15 3
15 17 16
8 9 5
7 10 12
12 14 20
1 5 35
9 12 26
14 16 21
12 15 28
7 10 28
5 8 28
21 1 17
21 23 29
10 12 1
14 18 23
7 10 28
19 22 13
4 6 33
1 6 1
8 10 1
7 10 35
11 14 33
19 21 27
18 20 18
23 2 3
8 12 1
3 6 5
19 22 38
7 8 12
0 3 33
3 8 1
13 17 3
8 12 7
23 3 13
10 13 25
16 18 5
6 11 22
9 12 9
3 5 1
22 1 31
21 1 38
2 3 23
9 12 10
22 2 14
4 7 5
7 10 38
0 4 26
13 16 26
15 18 17
5 8 9
14 16 37
5 6 2
13 15 6
10 12 4
18 22 1
21 0 35
22 0 35
22 3 28
7 10 35
15 18 1
8 11 30
7 11 2
22 1 14
1 4 25
7 10 16
8 11 3
18 21 15
10 12 8
15 18 28
15 18 4
18 21 25
10 13 23
13 17 29
9 12 12
0 2 7
18 21 12
19 22 11
18 22 7
8 12 15
16 21 34
5 9 34
10 13 35
22 1 9
5 8 6
3 5 2
7 10 26
3 6 5
9 11 17
9 13 22
22 3 25
7 11 14
18 22 30
5 6 7
19 22 33
7 10 15
4 6 6
1 3 18
15 18 9
1 3 37
10 12 7
21 23 34
10 14 35
10 12 2
0 2 23
22 0 6
18 21 19
22 1 7
13 17 28
6 10 2
22 2 20
23 3 17
2 6 13
10 12 24
9 12 11
18 20 20
3 6 37
10 11 4
7 11 2
9 12 30
17 21 8
10 13 6
7 9 9
7 9 18
7 11 21
12 15 30
2 6 27
11 13 16
6 9 24
10 15 15
21 23 21
5 7 22
10 13 6
6 8 21
13 17 16
17 19 26
19 23 7
15 18 17
19 21 23
2 6 38
6 10 22
13 15 7
20 23 28
2 6 21
18 22 13
0 4 23
0 4 3
0 4 10
1 2 10
21 0 29
3 7 23
19 23 30
8 12 7
23 4 28
6 7 33
1 2 12
9 12 2
14 16 13
12 15 31
21 2 38
23 3 13
21 0 14
20 22 23
13 15 26
16 19 37
15 18 29
4 7 28
14 16 27
5 8 23
4 6 35
17 19 6
11 14 12
12 15 9
23 1 10
16 19 14
9 11 17
23 2 2
19 23 28
7 10 22
4 5 6
1 4 12
17 20 30
18 21 20
17 20 20
19 23 1
8 9 30
23 2 1
22 0 23
0 2 25
8 11 10
5 8 12
18 21 20
20 23 27
7 9 21
10 12 31
5 8 7
21 23 16
10 13 27
2 3 16
3 7 23
3 6 21
22 0 24
6 9 20
21 1 12
22 1 12
0 4 23
2 5 4
8 12 8
13 16 35
14 18 27
13 16 17
16 19 32
22 23 13
8 9 36
17 21 36
17 20 34
22 2 18
20 22 13
7 7 11
7 12 15
15 18 31
15 19 11
20 22 4
19 23 25
14 17 24
16 20 38
0 2 35
2 4 7
4 9 13
11 14 31
13 17 16
10 11 7
9 12 29
12 14 23
3 7 32
20 22 27
20 23 19
22 4 38
8 12 9
4 7 1
8 12 38
21 1 3
10 12 19
23 0 19
19 22 8
7 11 7
23 4 3
21 1 30
19 23 7
19 22 11
22 1 2
3 5 17
9 12 17
8 11 31
22 0 25
13 14 5
8 10 22
13 17 24
7 9 8
15 19 31
19 21 3
21 2 4
22 2 17
20 23 37
11 14 2
4 7 30
13 17 17
15 19 21
20 23 12
22 1 23
11 13 19
15 18 18
0 2 17
17 21 9
20 22 8
18 21 21
14 17 12
23 1 17
3 7 7
2 6 25
21 22 19
9 11 2
3 7 29
5 8 5
16 20 28
19 23 11
5 8 35
22 1 23
14 17 1
6 10 12
2 4 25
9 13 27
23 2 24
13 16 7
13 17 17
2 6 22
17 20 11
21 22 9
16 19 17
4 7 19
13 16 16
22 1 1
11 14 31
22 0 38
2 6 38
0 3 23
22 3 23
17 20 12
20 23 19
13 15 10
23 3 19
22 3 21
14 19 38
7 10 14
10 13 32
23 1 34
13 17 14
16 19 22
22 0 28
2 4 38
10 14 36
3 5 27
10 11 25
23 4 38
21 0 9
16 18 8
21 1 18
2 6 19
13 16 17
13 17 7
5 7 3
22 0 34
1 5 28
20 21 2
16 21 34
4 7 27
13 16 15
7 10 34
10 13 18
18 20 24
17 21 19
13 15 10
18 20 10
19 22 15
5 6 9
13 15 38
21 0 23
23 3 21
7 10 22
2 3 1
6 7 26
2 5 3
3 4 2
18 21 24
22 2 36
14 17 9
9 13 13
4 7 34
0 2 12
10 12 7
5 8 18
10 12 23
12 16 29
1 5 28
15 18 2
16 18 23
9 11 31
7 9 29
8 9 7
10 15 15
2 4 7
8 11 36
6 8 3
21 23 35
12 15 19
17 20 38
1 3 18
14 17 19
1 4 21
1 4 13
15 16 5
0 4 29
19 22 3
20 0 38
5 9 3
9 11 37
15 17 7
9 13 25
0 1 23
2 5 22
21 0 37
11 14 33
4 5 15
13 15 20
18 22 34
9 13 21
23 1 30
15 18 27
8 11 33
6 8 36
4 7 13
20 23 22
3 5 37
15 18 30
13 14 6
22 23 5
18 23 23
9 12 25
12 17 5
1 3 32
14 17 20
19 0 14
0 3 20
0 1 2
21 22 9
18 20 22
21 0 31
16 17 7
9 11 34
13 15 20
16 17 35
18 21 29
6 8 1
11 15 34
11 15 33
14 17 29
15 19 37
1 4 15
14 17 19
5 8 15
0 3 29
12 14 3
4 6 5
3 6 14
14 15 18
8 11 18
11 13 35
12 15 6
11 15 28
15 20 34
20 22 15
21 0 33
0 3 26
21 0 8
4 8 22
6 8 38
5 7 29
18 20 37
1 4 23
7 10 31
4 7 2
12 14 12
14 17 27
22 1 28
9 13 16
19 22 19
15 20 25
15 17 36
11 14 35
23 2 6
21 0 3
22 2 30
8 12 14
2 6 28
22 0 34
21 0 14
23 2 32
10 12 22
6 10 31
5 7 12
14 15 31
21 0 15
19 23 6
22 23 27
8 11 14
23 3 14
23 1 1
13 17 32
18 20 29
5 6 20
6 10 15
1 5 27
22 0 22
20 22 32
12 15 15
1 3 18
15 18 31
12 14 6
0 2 34
7 10 9
18 22 1
16 18 34
9 13 9
11 12 3
9 13 25
14 17 38
8 9 6
17 20 33
7 12 24
2 6 22
18 20 35
0 3 29
7 8 25
17 20 6
0 4 27
16 19 4
12 16 32
4 5 31
8 12 38
11 14 26
7 11 8
16 19 18
