1000 10
5 5 6 8 2 2 2 9 6 6 
3 6 4
12 16 9
18 21 2
6 9 7
23 2 2
9 12 1
11 13 4
20 0 1
2 6 7
3 5 5
10 13 2
2 3 7
2 3 8
9 11 5
15 18 7
8 10 3
9 13 6
15 19 1
9 11 2
0 4 10
7 10 3
4 7 4
8 11 5
22 2 7
18 22 3
23 2 2
18 22 7
2 4 2
14 18 7
7 8 4
3 6 4
4 6 6
4 7 7
1 3 1
15 19 2
9 11 8
7 10 3
10 12 2
0 1 2
13 16 3
14 16 6
7 10 2
21 0 10
12 15 8
18 21 9
5 8 10
6 9 6
1 4 5
3 6 9
16 18 5
4 8 7
3 6 1
5 8 7
19 21 9
0 2 4
21 22 10
1 4 10
8 11 9
7 10 9
2 6 9
5 8 8
0 3 6
12 13 3
12 13 10
18 22 5
23 2 1
20 22 2
13 15 8
13 16 9
0 3 4
11 14 5
15 18 8
4 6 3
2 5 3
7 10 9
10 13 10
21 1 8
9 13 8
17 20 6
17 20 9
16 20 6
13 16 10
20 22 1
9 10 5
1 4 2
11 14 5
17 19 9
5 7 4
11 15 5
19 23 1
21 1 6
1 6 3
19 23 7
10 12 2
1 4 8
1 5 3
18 22 4
5 6 8
4 8 5
4 8 1
15 18 10
3 6 6
12 16 1
10 14 6
2 4 6
11 12 10
2 5 10
9 10 4
13 16 6
12 16 10
15 18 10
14 17 10
4 6 1
21 22 3
15 16 7
9 13 8
0 2 2
7 11 1
1 5 8
22 23 3
7 11 3
15 18 1
2 6 8
23 3 2
19 22 6
4 7 9
13 15 8
10 14 1
8 11 3
17 19 3
7 9 9
6 9 3
11 12 5
20 23 10
10 14 4
13 16 5
18 22 8
0 3 2
13 17 6
10 14 5
11 13 3
20 21 10
7 10 10
16 17 6
18 21 1
14 17 6
15 17 3
2 5 2
4 7 3
2 4 2
11 13 10
0 3 10
20 21 8
4 8 7
7 11 7
15 17 5
2 4 4
8 11 9
17 19 6
3 6 10
0 4 3
3 7 9
13 16 10
14 18 10
19 22 1
22 2 6
16 17 7
20 23 8
8 10 1
2 5 1
22 1 9
6 11 7
9 11 2
23 1 3
6 7 4
11 16 1
10 13 8
8 10 5
23 1 1
2 3 7
6 10 2
5 8 2
9 12 5
14 19 7
18 20 6
22 1 10
23 2 10
12 14 9
18 22 2
11 14 8
18 22 4
4 7 6
9 13 2
10 13 8
9 10 1
16 19 8
2 3 5
15 18 6
21 23 2
16 19 2
20 0 4
22 1 3
19 23 7
12 15 3
15 19 3
17 19 2
20 23 2
20 23 2
1 4 2
3 7 3
8 9 10
11 15 2
19 21 9
21 22 10
17 20 9
12 16 5
10 14 2
14 19 2
12 15 1
17 19 2
7 10 7
23 2 10
13 17 2
8 10 5
1 5 7
7 9 7
5 6 7
19 21 8
21 0 10
8 12 9
7 11 6
11 13 2
5 8 2
20 23 7
21 23 3
6 9 8
4 6 1
23 0 9
6 9 6
2 6 4
12 16 2
16 18 7
19 20 3
21 2 1
18 22 3
0 4 5
0 4 7
3 5 6
10 14 7
2 5 5
13 15 10
22 1 8
20 0 10
8 10 4
21 22 5
11 14 1
18 21 1
10 13 9
1 3 2
0 2 4
8 13 4
16 18 1
19 20 8
4 8 1
19 21 5
22 0 9
8 10 6
6 9 1
11 16 1
12 14 5
10 14 1
14 17 6
23 3 3
5 9 5
14 17 1
8 11 3
12 17 9
13 15 3
13 16 10
7 11 6
21 0 6
19 22 1
3 7 3
15 19 3
17 19 7
14 17 1
20 23 6
3 7 6
4 7 4
13 14 7
21 22 10
15 19 7
19 20 3
2 5 7
1 5 10
0 3 1
11 15 9
20 23 1
5 9 8
7 8 2
5 9 5
8 10 6
19 0 4
3 8 6
9 12 1
6 8 3
13 16 5
13 15 7
8 8 10
6 8 3
12 16 4
20 23 7
9 12 4
7 11 7
20 0 6
14 18 9
5 7 5
13 16 5
16 20 6
17 22 10
19 21 7
15 19 7
9 13 5
9 11 3
0 1 3
16 19 4
4 8 9
23 2 10
19 23 8
2 4 4
11 13 1
13 17 5
15 20 6
12 15 4
11 14 2
13 15 7
18 21 10
18 20 5
4 8 1
13 16 10
16 20 5
23 0 10
16 18 1
23 2 10
19 21 7
9 12 5
20 0 2
8 13 4
18 23 10
8 12 6
14 17 10
20 23 10
0 2 5
16 17 10
0 3 6
6 10 2
21 1 8
7 11 8
10 15 7
9 12 5
19 22 9
21 23 5
10 13 8
15 18 1
23 2 10
22 1 10
23 3 6
7 11 2
7 11 7
1 3 4
19 22 1
17 20 4
19 23 7
18 21 5
12 14 3
14 19 8
15 18 3
7 10 8
17 21 10
2 6 3
16 19 1
19 22 4
5 9 4
6 10 4
16 18 1
7 11 6
21 1 5
3 6 2
13 17 6
16 19 2
15 19 9
0 3 2
16 19 8
20 23 10
14 17 3
0 3 10
9 11 1
0 3 7
2 5 3
3 4 8
21 0 3
12 15 6
22 2 3
0 4 10
22 1 10
1 3 6
4 7 4
3 5 6
21 0 10
23 3 2
22 1 2
4 9 4
15 19 9
7 12 10
0 4 1
9 11 4
22 23 5
14 16 10
22 2 7
12 15 1
19 23 9
21 1 5
11 15 9
21 0 5
11 12 4
3 5 8
7 10 1
14 18 2
22 1 2
19 20 5
19 21 1
11 14 2
2 3 8
8 11 5
23 2 7
18 20 9
18 20 6
22 4 5
3 7 5
23 1 1
11 14 7
19 23 6
18 20 3
6 9 4
10 12 6
2 6 10
19 21 8
18 21 2
9 12 2
5 8 5
9 12 1
14 18 7
20 23 8
14 17 3
4 8 6
19 23 10
2 6 5
2 6 10
12 13 9
7 11 1
3 9 4
19 22 9
21 0 8
15 17 9
16 18 3
6 10 6
12 16 4
4 7 8
23 1 7
16 18 4
11 13 2
10 14 6
7 8 4
22 1 3
14 17 5
19 22 10
2 3 3
10 15 4
12 16 2
5 9 10
15 18 10
5 7 5
23 3 1
0 6 6
6 10 5
13 15 2
13 16 3
13 16 2
17 21 10
12 15 5
12 15 5
1 3 7
18 20 3
1 5 5
10 13 5
20 0 2
6 9 2
7 9 7
5 9 2
1 3 5
5 8 3
11 15 9
17 19 2
3 5 10
19 21 7
10 13 7
16 20 9
2 6 3
3 6 7
3 7 6
15 16 7
0 3 2
7 10 2
5 8 4
4 7 9
6 8 5
22 1 3
6 9 10
1 4 2
7 10 7
1 6 9
17 19 3
7 10 1
22 3 9
0 3 5
14 17 3
4 7 1
2 3 5
20 23 10
14 17 4
23 3 5
0 3 9
12 16 3
7 11 10
23 2 8
14 17 7
9 13 7
10 13 6
19 22 3
12 14 5
21 2 10
23 1 1
1 4 4
22 1 6
10 12 3
17 18 5
2 5 9
0 3 4
20 22 8
9 11 1
18 22 5
10 12 6
18 19 2
6 10 4
14 20 6
10 14 6
11 15 6
22 3 1
15 17 6
17 19 1
5 7 1
22 23 10
12 16 5
15 18 3
0 3 10
14 18 4
1 4 8
20 22 5
10 12 7
3 5 8
7 11 6
1 4 4
20 23 9
13 16 1
17 20 10
9 11 4
1 3 1
18 22 2
18 20 10
8 11 3
16 20 10
22 1 9
15 19 7
10 12 1
2 5 2
6 9 8
16 19 3
9 13 10
17 22 6
12 16 3
2 5 7
16 19 3
8 10 7
15 18 2
21 1 6
21 23 10
9 12 10
19 22 10
21 22 2
2 5 6
20 22 1
10 13 10
4 9 9
13 15 10
14 18 4
23 3 5
4 6 8
23 3 5
1 3 4
19 20 6
13 16 5
19 23 6
2 4 4
15 17 1
8 10 1
18 23 1
1 4 2
13 14 4
11 13 8
4 6 5
23 23 2
5 8 1
20 23 9
17 18 4
20 0 7
9 13 7
19 22 4
18 21 10
15 19 4
7 11 4
12 14 8
23 4 3
21 0 10
9 11 3
10 11 9
15 18 4
1 3 8
10 14 6
11 13 10
8 11 4
2 5 7
20 23 10
0 2 3
0 3 1
21 0 6
10 14 5
9 10 2
14 17 1
5 8 6
22 1 7
14 18 9
23 2 10
3 6 9
18 20 1
15 18 1
10 11 1
10 13 8
23 1 5
2 4 3
3 5 6
12 14 8
10 14 6
21 1 1
5 8 8
4 7 8
20 0 1
0 4 6
4 6 9
7 11 5
0 4 2
9 12 8
4 7 2
12 15 2
10 12 3
7 8 3
13 17 2
0 4 3
15 18 2
22 2 5
14 15 4
16 19 6
21 0 7
3 6 2
0 2 2
1 5 9
19 22 4
20 23 3
3 6 4
23 3 4
9 12 8
9 11 6
21 0 3
10 13 10
16 20 7
7 11 10
17 20 7
2 7 4
20 22 2
15 18 4
18 20 6
4 7 1
0 3 3
3 8 6
19 23 1
21 23 10
4 7 4
16 18 9
23 4 9
22 2 5
22 2 5
16 19 9
6 10 7
8 10 7
6 8 3
17 21 9
23 3 1
21 0 6
1 4 9
11 15 10
14 17 8
15 17 6
2 6 4
6 10 2
15 18 9
18 21 4
7 10 3
22 23 3
13 16 7
7 12 8
4 6 1
10 13 1
19 23 6
19 21 3
20 23 9
17 20 8
5 7 5
8 12 7
21 22 10
5 9 2
20 23 8
14 17 6
22 1 10
10 14 7
18 22 4
0 2 4
2 5 1
1 4 8
16 18 10
15 18 8
11 13 1
13 17 5
2 6 2
4 7 7
10 14 6
10 13 3
17 20 5
22 0 6
23 2 8
22 1 7
9 13 6
16 17 4
15 17 7
0 3 7
21 0 9
15 18 1
0 3 2
3 7 3
16 19 7
5 7 4
3 5 9
1 5 8
17 19 5
4 5 3
17 19 1
6 10 6
20 23 2
14 18 3
22 2 7
13 14 1
8 10 3
14 18 1
18 19 4
14 17 6
8 10 6
18 19 4
18 22 5
23 2 7
20 23 10
8 11 10
9 12 3
3 6 9
1 4 8
19 23 5
23 4 1
19 21 8
8 11 7
19 23 8
0 2 2
5 7 5
19 22 8
23 2 8
5 9 8
9 13 1
5 9 4
17 20 5
3 5 4
5 9 2
11 14 2
20 0 10
11 15 3
22 0 3
14 17 4
19 22 3
0 4 2
21 0 2
2 6 3
9 12 4
15 18 1
3 5 1
22 0 4
17 19 10
1 5 5
16 19 8
14 17 7
23 2 7
6 9 9
18 21 4
3 7 5
15 19 1
12 15 9
18 22 4
21 23 3
1 3 5
22 2 10
23 4 1
21 0 3
20 23 10
4 8 4
23 3 10
6 9 2
21 23 7
5 9 2
6 9 8
9 14 6
13 15 9
2 5 9
8 10 8
11 16 1
2 5 2
23 3 6
4 10 1
18 22 9
4 7 9
17 21 5
22 0 3
17 18 1
7 12 2
2 6 8
13 16 9
12 16 10
6 9 10
14 17 7
2 5 4
6 9 6
8 11 2
11 15 4
3 6 7
17 21 10
15 18 9
8 11 7
9 13 8
7 9 2
4 8 5
18 22 4
10 14 3
19 22 10
8 12 1
1 5 9
15 18 4
20 23 7
4 6 9
1 5 5
13 17 9
3 4 7
13 16 4
6 9 10
10 14 7
18 20 9
6 9 3
2 6 9
3 6 9
11 15 4
17 19 2
17 19 10
2 5 9
6 11 6
7 12 2
9 14 6
10 11 4
18 20 8
9 12 7
19 21 8
11 15 3
23 2 10
2 6 4
14 16 2
3 6 3
15 19 4
11 15 4
12 14 3
13 17 10
18 19 9
7 9 8
14 17 5
20 23 6
21 0 9
17 21 8
11 13 5
2 6 2
22 1 5
13 16 5
12 15 2
14 17 4
5 8 5
23 2 2
23 22 9
15 19 8
23 1 1
11 15 2
20 23 6
7 11 3
14 18 1
10 14 1
14 18 6
16 19 8
14 18 7
12 16 7
17 18 3
21 0 5
7 10 1
19 22 4
4 9 4
17 21 4
10 14 9
6 8 2
22 0 10
2 6 4
0 3 1
10 13 9
10 12 9
8 12 6
4 9 10
22 1 2
23 1 5
22 2 8
9 12 7
5 9 3
21 1 8
9 12 4
0 4 6
7 9 2
13 14 5
10 13 7
1 5 3
15 17 10
1 5 10
12 16 8
11 15 1
9 12 6
15 17 4
19 22 9
8 11 3
3 5 8
7 10 5
3 7 1
22 2 4
5 9 9
22 1 2
21 0 2
9 11 9
6 9 7
13 16 6
1 3 6
0 3 7
21 0 9
22 1 7
6 9 9
22 2 1
4 8 5
10 12 2
9 13 5
16 17 7
23 3 4
17 19 9
17 20 6
1 4 1
22 1 5
14 17 5
4 9 9
13 17 2
