5000 45
1 5 28 21 36 13 17 15 15 28 12 25 13 40 29 9 22 24 15 31 8 39 6 29 26 37 30 35 13 20 31 35 11 38 39 34 27 20 37 35 29 19 27 19 5 
4 7 40
0 4 6
15 18 21
8 11 14
4 7 43
3 5 33
12 13 11
14 18 44
2 3 10
9 13 43
9 12 41
1 5 39
22 1 30
14 17 19
23 3 7
1 4 13
11 14 18
10 13 21
11 13 27
22 0 18
14 17 37
6 10 41
2 6 15
19 22 37
4 5 3
10 13 42
2 6 26
13 15 42
16 18 12
10 14 42
21 0 40
8 10 15
6 10 41
7 9 43
4 6 3
23 2 41
20 0 32
14 17 33
18 22 39
19 21 10
9 11 25
21 1 15
6 11 22
19 22 22
1 6 6
20 0 42
7 11 2
5 9 32
19 23 11
20 21 5
7 11 10
5 8 31
21 0 43
2 6 44
23 1 1
7 10 7
20 22 16
13 17 27
15 17 36
13 15 25
8 9 25
16 19 27
19 22 8
8 11 16
13 15 7
22 2 7
0 3 24
12 15 5
17 18 5
4 8 9
13 16 45
3 7 45
19 22 12
1 5 29
21 1 30
6 8 37
22 23 8
19 20 44
17 19 20
18 19 39
11 15 30
19 22 19
17 18 3
12 16 18
9 10 42
19 22 6
19 23 24
15 17 8
17 20 31
17 21 27
15 19 11
1 3 17
1 3 21
3 7 21
9 12 42
18 20 2
9 12 43
18 22 45
7 8 42
18 20 45
14 16 1
12 14 6
4 6 40
19 23 35
17 19 19
1 1 22
16 20 15
9 11 9
14 16 42
16 18 30
20 1 11
22 0 1
6 10 35
20 23 26
9 11 17
13 15 28
15 16 17
5 7 10
18 20 15
14 16 38
19 0 33
20 23 21
0 2 1
23 0 7
1 4 2
12 16 5
23 1 18
5 7 32
4 8 36
12 14 24
13 16 43
10 13 15
16 17 35
23 2 12
14 18 28
18 23 4
0 3 1
1 6 35
8 10 41
14 17 9
13 16 42
19 0 27
3 8 42
15 17 10
5 8 17
19 22 18
12 15 13
20 22 40
0 1 37
19 22 20
10 14 7
16 18 24
20 22 23
22 1 16
22 1 23
17 20 17
16 21 10
6 9 3
17 19 17
14 18 20
18 22 40
16 20 15
5 7 3
5 9 33
23 3 31
13 17 20
1 5 16
16 19 21
5 9 36
14 17 2
19 23 36
7 10 25
2 6 1
10 14 14
2 5 18
0 2 13
6 8 4
12 14 3
3 6 27
5 8 24
11 15 35
7 11 4
21 23 3
7 10 1
3 6 42
18 22 35
5 8 44
6 11 16
2 6 30
5 8 38
18 21 14
18 20 22
5 6 13
7 9 30
15 18 35
19 22 22
2 5 22
19 22 37
12 16 18
23 2 16
10 14 33
21 0 35
19 21 26
6 10 26
16 18 6
10 13 20
21 1 2
21 0 26
7 10 31
17 20 19
19 21 31
18 22 4
21 0 26
5 8 19
6 10 30
13 15 15
6 11 3
3 5 30
6 9 42
19 22 15
21 23 41
23 2 11
13 15 9
18 20 44
4 7 17
7 10 38
9 12 26
12 15 45
16 19 31
7 9 22
5 7 42
23 1 12
5 8 45
22 2 23
19 22 14
8 11 33
10 12 37
8 10 22
23 1 8
11 14 44
6 9 45
15 18 3
4 7 24
21 0 25
14 18 2
20 23 21
2 6 14
11 13 35
13 17 38
23 1 28
6 10 20
21 1 14
14 19 38
9 11 45
19 21 28
4 8 11
20 23 35
22 2 32
17 19 44
0 1 26
17 20 18
4 9 37
22 1 25
23 2 9
12 15 8
12 15 32
9 12 5
10 12 35
3 6 16
12 15 27
19 0 33
14 15 27
14 17 8
3 7 38
22 0 4
3 8 44
7 8 17
7 11 23
20 0 17
15 19 42
10 12 30
4 7 10
1 4 24
7 12 32
15 18 30
21 2 11
14 17 22
18 23 34
21 1 10
3 5 10
17 20 1
4 8 42
6 9 36
2 5 20
5 9 16
10 12 20
22 1 27
17 20 22
21 0 39
13 17 9
9 12 14
9 13 15
5 9 8
0 3 4
2 5 9
15 20 22
1 5 34
23 2 16
22 0 32
12 15 44
12 14 6
2 5 30
10 13 14
12 16 10
1 5 22
12 15 1
6 11 40
22 0 26
21 0 44
10 13 4
13 16 24
8 10 33
18 22 41
7 11 7
14 16 33
18 22 8
0 3 34
3 7 19
10 12 24
15 19 4
3 6 10
9 12 40
9 13 2
8 11 42
0 4 1
0 2 29
22 22 2
22 3 29
4 7 19
8 11 3
4 6 45
23 1 20
5 7 29
20 23 24
6 9 4
8 13 9
21 0 10
14 16 44
19 22 30
8 11 8
19 23 27
16 19 8
6 10 16
8 10 12
10 13 43
10 11 31
22 2 1
16 19 18
1 3 4
16 19 20
5 8 12
12 17 26
5 8 11
21 1 4
14 16 40
5 8 43
16 19 16
18 23 31
15 17 2
3 6 23
17 18 21
1 5 31
10 12 2
16 18 15
7 11 24
6 10 10
23 2 32
5 7 32
10 14 18
7 10 10
18 21 41
12 16 40
7 9 15
23 2 30
4 8 27
20 23 23
3 6 5
20 23 29
13 16 17
5 8 29
11 15 37
20 23 34
15 18 13
10 14 41
18 20 42
14 18 29
14 16 39
22 1 28
2 5 10
14 18 40
6 7 2
11 14 43
0 2 7
8 14 32
2 6 16
3 5 41
11 14 25
22 1 4
7 10 29
21 0 33
0 4 11
4 7 30
4 6 23
3 6 18
15 18 18
22 1 27
3 7 11
0 2 39
6 8 40
17 19 27
19 21 29
3 6 45
5 8 36
7 10 3
15 20 35
19 22 10
2 3 9
0 2 5
0 2 37
6 9 29
3 6 5
23 2 45
7 9 45
2 5 42
2 5 37
3 6 1
18 21 18
7 9 17
14 17 34
23 2 40
2 5 12
2 5 39
21 23 22
6 10 24
8 11 22
6 10 11
23 3 24
21 23 12
5 6 34
0 3 34
12 15 13
22 1 10
16 18 23
11 16 45
13 17 45
14 17 26
16 18 10
3 7 9
7 11 28
15 17 20
9 12 38
4 6 2
23 2 26
1 4 27
1 4 36
19 21 23
9 11 6
18 21 5
23 1 42
1 4 37
10 12 11
15 17 11
7 10 11
21 0 30
19 22 7
19 22 39
3 5 12
8 11 31
18 20 17
8 11 40
5 10 29
4 6 27
13 15 40
19 23 7
14 17 36
14 18 23
12 15 4
18 19 20
21 0 28
3 6 23
12 15 44
16 19 24
22 2 41
8 11 32
22 0 45
11 13 6
20 21 1
16 20 14
6 9 28
6 9 38
6 8 19
12 16 10
21 0 29
22 0 22
4 7 39
10 14 39
13 15 4
4 7 2
15 20 18
4 5 19
10 12 30
2 4 11
8 12 14
11 11 21
22 1 2
8 11 36
14 18 14
5 9 14
13 16 7
11 14 32
13 18 20
13 15 3
21 1 25
0 3 8
2 4 9
13 16 34
6 8 26
7 10 37
22 0 14
1 4 35
18 21 14
1 3 35
16 20 7
5 8 30
6 9 45
2 4 9
18 20 44
11 14 1
21 23 20
15 16 28
1 4 11
0 4 18
22 1 7
3 6 45
12 17 8
21 23 41
23 3 42
19 23 25
17 19 30
19 23 2
11 12 18
17 21 6
3 6 1
15 17 27
8 11 12
15 19 42
7 11 32
13 16 10
8 13 17
2 6 43
6 10 22
18 22 3
4 9 45
2 5 18
2 5 31
18 20 28
6 9 34
11 14 27
19 21 16
12 16 22
12 16 32
17 17 44
13 17 33
18 22 20
15 16 32
4 8 14
0 2 9
5 7 2
2 5 29
12 14 16
3 7 13
3 7 14
17 21 28
3 7 9
7 10 40
5 7 33
0 3 28
7 10 43
15 20 20
17 19 13
14 16 24
18 22 9
14 17 34
8 11 19
8 11 34
12 15 11
7 10 34
15 18 24
1 4 33
14 15 39
1 4 43
6 9 6
21 23 29
15 18 32
18 21 18
8 10 1
21 0 13
17 20 6
16 19 10
7 9 31
14 16 39
11 13 8
14 17 42
11 14 3
1 4 19
23 2 42
18 20 24
3 6 14
22 23 45
6 8 10
4 8 45
22 1 35
11 12 35
17 19 24
23 2 9
20 23 9
4 6 24
7 10 43
18 20 15
8 10 4
19 21 34
17 19 42
11 15 3
6 10 21
15 17 18
10 14 33
13 15 24
18 19 17
8 10 20
12 15 8
16 18 35
12 15 15
21 23 36
16 17 25
8 11 23
6 9 16
23 1 10
4 7 23
4 8 4
11 13 8
17 20 21
8 12 44
16 16 20
8 11 44
23 2 15
8 8 37
19 1 14
18 20 30
2 4 29
6 9 4
0 3 25
23 3 25
3 6 16
9 13 23
15 18 11
12 15 44
21 23 28
1 2 22
14 16 36
10 11 6
10 13 25
10 13 37
10 15 23
7 11 14
3 5 22
2 6 10
20 23 29
19 20 34
8 11 13
20 22 4
13 15 28
10 12 17
22 2 2
20 1 20
7 10 40
16 21 18
10 14 6
12 15 1
2 7 8
11 16 9
20 23 37
23 2 34
12 14 12
16 19 34
12 16 7
19 23 33
23 0 42
18 18 5
8 13 3
16 19 36
14 15 40
3 5 13
1 5 20
15 18 6
16 20 23
6 8 12
17 20 2
12 14 1
17 21 17
18 21 33
23 2 16
20 23 40
14 18 31
22 2 6
13 17 18
0 3 14
23 2 39
22 1 23
12 17 21
8 10 29
4 7 25
12 16 24
3 4 19
6 10 35
10 13 35
2 6 7
11 14 31
8 10 29
14 17 7
12 15 19
8 12 35
18 21 11
8 12 29
23 2 23
3 7 30
11 14 42
0 3 5
1 4 9
4 6 33
3 6 7
2 5 10
1 4 15
13 18 14
23 1 35
10 12 23
15 17 31
8 11 4
6 7 19
6 10 20
23 2 38
20 23 1
15 18 6
5 10 1
12 16 35
10 10 42
9 12 22
7 9 40
9 10 7
1 4 15
17 20 26
15 17 28
21 2 42
16 18 28
12 15 10
0 2 29
14 16 7
7 10 8
22 1 11
20 23 10
13 17 4
13 16 16
3 7 3
12 15 36
4 7 25
3 7 10
3 7 20
23 2 3
17 20 6
4 8 33
10 13 15
10 13 11
12 16 20
19 22 19
12 15 28
15 17 6
6 11 16
23 1 18
14 17 34
13 16 25
16 19 6
11 13 35
1 6 29
19 20 11
10 13 40
10 11 14
19 22 37
21 0 24
4 8 38
23 3 31
3 6 42
8 11 22
15 18 17
11 14 44
11 13 8
13 16 31
22 1 29
23 1 8
22 0 36
10 13 41
1 4 45
2 7 10
20 23 28
19 22 2
0 3 31
22 1 30
7 9 3
21 23 27
20 23 37
9 13 5
23 2 3
17 21 39
16 20 40
5 7 45
5 8 31
7 8 40
1 5 30
12 14 30
14 17 36
4 8 34
4 7 15
0 2 1
18 22 43
5 9 17
1 3 15
19 21 16
9 10 33
7 9 45
7 12 27
17 19 45
22 1 14
18 22 12
20 1 22
20 1 21
22 0 4
13 15 14
0 3 41
11 15 17
5 8 28
20 0 38
23 2 23
9 12 7
3 6 25
10 12 27
6 9 28
0 3 34
11 14 23
23 0 7
15 16 32
12 16 29
3 6 22
18 21 20
1 5 40
18 20 4
15 19 1
20 0 41
23 1 16
18 20 7
6 10 11
0 5 40
14 17 5
0 4 34
23 0 33
21 1 42
18 18 3
21 23 41
23 3 6
13 14 2
16 19 14
11 14 44
2 5 6
17 20 21
0 4 44
8 10 37
18 20 37
5 8 26
22 0 11
22 2 13
0 2 34
1 4 36
21 2 28
12 17 1
2 5 5
18 21 2
3 7 30
5 9 15
2 5 3
9 14 1
13 15 28
23 2 39
19 0 9
9 12 34
13 17 34
6 9 34
23 2 21
3 4 10
18 21 35
19 22 16
0 4 9
23 3 39
17 21 12
0 4 13
15 18 23
19 22 26
22 1 31
13 15 40
5 7 12
9 13 37
22 2 44
5 7 31
15 18 6
5 8 29
19 23 19
9 12 39
10 14 39
12 14 4
10 14 6
21 1 22
10 14 8
11 13 3
0 3 12
8 11 30
2 5 14
15 16 34
20 23 34
15 18 2
20 0 21
12 16 28
20 23 28
3 8 31
17 21 19
11 15 1
1 3 27
0 1 29
13 17 8
14 18 28
10 14 12
21 1 43
10 14 7
16 20 44
10 14 34
15 18 1
19 23 6
14 17 25
22 0 6
16 19 3
15 19 42
18 21 9
19 22 3
6 11 26
3 7 40
9 12 30
4 7 38
11 15 38
21 0 40
7 9 34
1 3 12
12 15 44
22 0 23
22 1 5
9 13 6
9 11 17
22 1 20
0 4 7
12 15 37
5 8 35
20 23 9
10 13 21
10 13 39
6 11 6
2 5 29
20 23 3
2 3 35
12 14 39
2 5 40
2 6 22
17 21 29
16 17 36
16 18 8
12 16 36
5 7 28
15 17 18
23 2 32
10 13 19
23 3 26
9 12 5
20 23 17
3 7 19
10 13 18
4 8 37
6 10 38
10 12 38
3 5 38
7 8 1
7 11 4
12 13 21
13 18 21
2 5 11
16 20 25
17 20 28
0 4 14
14 18 43
15 17 41
23 2 39
11 15 2
23 1 42
12 16 6
4 8 37
12 15 6
2 5 33
18 20 42
5 9 7
21 0 15
16 19 13
9 14 22
5 10 35
20 0 10
3 6 18
0 2 41
6 10 28
9 12 40
16 20 33
18 21 25
0 3 6
4 7 16
23 2 24
20 23 7
7 10 15
16 20 40
22 1 6
12 14 23
9 13 27
12 16 30
23 1 2
11 14 12
11 15 41
2 5 10
21 0 24
14 18 25
18 21 45
8 11 2
17 20 32
7 9 30
19 23 15
17 20 31
5 9 4
3 8 3
6 11 12
15 18 15
1 6 13
14 18 30
14 19 8
0 3 30
23 2 38
23 2 37
21 2 31
14 16 3
11 13 7
11 13 38
7 10 34
14 18 43
3 7 12
14 16 37
11 15 2
16 19 21
9 12 21
3 6 17
22 1 14
3 5 10
21 1 41
20 22 33
14 14 37
17 19 7
18 19 39
19 0 2
14 18 16
21 22 40
22 0 5
21 2 35
22 0 29
21 22 22
8 12 11
22 1 41
14 17 36
6 8 9
1 4 14
9 11 4
0 4 30
10 14 23
18 21 6
10 12 3
10 14 41
17 19 5
4 7 17
6 9 40
15 18 4
21 23 20
3 6 15
3 6 6
3 7 36
23 2 27
16 19 27
3 7 11
11 14 41
21 0 3
16 19 38
12 16 6
9 11 7
16 19 1
14 17 23
4 7 11
9 11 9
0 2 14
17 20 29
21 0 44
4 8 13
15 18 1
5 6 32
17 20 35
14 16 8
6 9 42
1 4 21
23 2 32
5 6 25
14 18 5
22 1 6
5 6 9
11 14 35
12 18 35
0 1 4
7 11 30
8 13 33
9 13 35
16 17 31
22 0 28
13 17 15
23 2 12
12 14 23
3 8 2
22 1 36
8 13 14
6 9 7
13 16 8
10 13 23
3 7 35
23 2 5
5 8 35
16 17 5
0 2 33
15 20 13
2 3 34
13 17 15
6 10 2
15 18 6
6 8 43
14 18 11
1 5 8
7 11 22
10 13 9
13 16 11
3 7 18
11 13 39
16 18 25
12 14 36
11 13 38
6 10 29
15 19 7
1 2 30
18 22 42
16 21 44
6 8 3
15 19 6
9 11 27
22 1 8
1 3 24
0 2 15
7 11 29
11 13 26
22 0 40
6 8 10
17 19 9
16 18 33
11 13 6
12 17 24
21 23 45
13 15 11
1 5 8
4 8 42
9 12 32
2 6 43
2 4 30
23 3 8
14 18 42
14 18 37
17 18 3
4 5 7
22 1 6
4 9 25
0 2 8
5 7 9
8 11 1
8 10 22
18 20 33
9 13 23
22 0 24
9 14 24
2 3 37
8 11 25
19 23 45
22 0 32
9 11 24
16 19 19
21 0 44
18 21 31
12 13 17
19 22 30
13 17 43
0 4 38
9 13 39
0 2 44
12 13 15
17 19 3
20 0 24
1 4 13
1 5 2
6 8 45
3 7 12
1 4 19
15 17 33
21 1 31
6 10 14
10 14 23
20 0 3
0 2 14
13 16 40
0 3 36
15 18 21
18 21 28
4 5 8
21 0 7
11 16 31
23 2 39
18 22 39
10 14 26
3 6 14
14 17 29
14 17 28
8 10 12
15 19 30
2 5 38
15 18 23
13 17 44
10 12 29
21 22 19
14 17 11
5 8 27
18 22 26
15 19 27
0 4 40
2 4 14
16 20 38
11 16 31
14 17 13
8 12 3
7 10 22
21 23 25
3 6 32
8 10 18
18 19 42
1 4 22
14 20 30
17 20 25
17 20 25
15 17 24
11 14 32
0 2 11
18 22 45
11 13 36
20 23 42
23 4 31
18 20 34
9 12 33
7 11 1
19 21 39
1 2 7
11 12 9
20 21 33
15 17 10
13 16 15
21 0 35
4 5 15
5 9 43
13 16 44
20 0 14
9 12 35
22 1 45
4 7 1
11 14 21
9 12 29
9 13 27
1 3 42
19 21 38
17 19 45
0 4 45
4 8 42
3 6 44
10 14 25
11 16 21
1 5 19
15 19 44
17 19 7
10 13 28
20 22 6
20 22 37
3 5 38
6 9 12
19 21 18
15 19 27
12 16 9
6 9 33
20 22 35
21 0 24
23 3 10
15 17 35
2 6 19
13 16 17
16 19 5
19 22 5
16 20 21
16 18 7
22 1 7
16 20 43
16 19 5
12 15 1
7 11 35
6 11 22
8 11 28
9 12 19
2 5 22
5 7 14
8 10 1
19 22 43
17 20 2
21 22 21
5 7 44
21 23 2
14 17 41
8 10 33
9 13 41
14 18 42
6 9 3
0 4 32
7 11 36
22 2 9
18 22 21
10 14 15
15 18 8
11 14 28
2 6 17
2 5 33
3 6 2
4 7 20
11 13 34
1 4 32
16 20 34
9 12 17
18 22 19
8 12 34
14 16 42
9 12 16
15 19 24
11 13 2
12 14 12
9 12 1
20 0 9
2 5 28
2 5 22
3 6 7
16 19 13
17 20 30
2 4 45
0 4 40
11 14 8
10 13 39
10 12 2
10 13 16
9 13 5
14 17 40
1 2 23
7 10 38
12 14 33
3 5 5
11 14 11
11 13 11
16 18 16
23 2 36
9 13 35
9 12 18
16 19 2
6 9 9
21 1 41
16 18 18
6 9 19
12 15 14
23 1 17
6 9 30
8 12 36
21 1 23
4 7 28
9 13 11
0 3 19
15 18 33
12 16 19
6 8 28
18 22 34
22 2 29
3 8 16
11 15 5
1 3 10
18 21 41
15 19 28
23 2 1
17 22 17
19 20 19
13 16 32
6 8 32
0 4 24
5 10 45
8 11 25
12 17 27
11 14 17
12 15 23
2 5 39
18 21 24
15 16 40
9 13 4
19 23 4
10 13 18
12 17 43
13 14 45
11 13 8
20 22 21
14 18 27
6 10 17
8 10 3
0 3 43
3 6 7
4 7 26
2 5 13
4 7 3
4 7 38
13 16 23
3 7 5
9 11 37
1 3 36
5 8 26
7 9 18
22 2 8
20 23 7
8 12 16
10 13 24
12 15 14
8 11 7
21 0 22
21 0 16
3 6 19
9 12 17
9 13 34
20 23 4
2 4 18
1 3 40
19 23 26
4 6 16
22 1 27
6 10 42
21 2 17
0 3 45
3 7 37
13 15 38
9 10 20
15 17 20
7 10 23
2 5 10
18 21 27
8 13 32
1 4 41
10 14 9
23 3 6
23 2 26
8 10 23
17 22 34
22 0 26
8 11 10
7 10 14
6 9 44
4 8 4
12 15 36
16 21 13
12 17 40
3 7 45
20 22 5
4 7 13
19 22 27
0 2 38
14 17 2
8 12 16
7 11 38
7 11 31
15 15 7
12 15 27
22 0 14
0 1 23
14 18 21
21 1 45
23 3 36
9 11 7
4 8 6
23 2 45
2 4 11
13 18 20
12 14 15
0 4 22
16 20 29
2 6 5
11 14 1
10 14 6
19 21 34
8 11 20
17 19 10
21 0 6
19 21 12
5 9 20
8 11 22
0 3 39
9 13 13
9 11 27
17 21 19
2 5 43
1 3 44
8 10 13
16 19 2
22 2 45
0 2 34
17 21 26
1 3 16
17 20 31
2 4 39
7 9 40
0 2 41
11 15 1
21 0 34
10 12 23
19 21 30
4 8 32
17 19 41
13 15 32
9 13 12
1 3 7
22 2 11
22 2 3
8 10 29
6 10 10
8 10 44
19 21 36
11 15 13
18 20 31
11 13 36
16 17 9
6 8 32
15 18 34
7 10 1
4 6 28
16 19 30
21 23 5
4 9 8
18 20 27
10 14 6
1 3 45
5 8 38
23 2 19
18 20 12
4 6 16
10 12 28
15 18 13
13 17 20
0 3 14
7 10 41
9 11 13
7 11 19
7 9 32
12 14 6
2 4 41
0 4 18
3 4 13
19 23 26
19 22 37
0 2 6
6 9 10
22 0 16
16 20 35
19 22 45
14 17 25
2 4 35
16 19 24
6 9 8
0 2 19
18 21 41
7 11 15
22 2 28
4 7 20
11 14 14
0 3 10
18 21 3
9 12 7
4 7 29
13 17 39
23 1 8
16 17 12
2 6 35
19 21 32
1 3 12
23 2 42
23 1 37
7 9 29
16 19 28
20 23 43
1 5 41
23 2 42
0 4 23
18 21 36
18 21 19
22 0 3
11 13 24
21 1 30
19 20 30
0 2 36
2 5 17
10 13 43
7 9 41
7 10 28
5 9 6
7 11 41
15 17 3
21 0 30
14 16 25
7 9 34
15 19 44
1 4 19
17 20 13
9 12 7
0 3 16
10 14 20
13 15 28
20 23 1
22 1 28
16 18 43
0 1 5
17 17 11
16 18 2
12 17 29
20 22 3
22 2 8
15 17 29
22 1 13
4 7 7
15 19 2
23 1 8
0 2 33
6 9 6
23 2 26
19 21 15
18 20 30
9 13 10
5 7 4
3 4 32
15 17 45
3 7 41
15 17 27
22 3 24
22 2 33
1 5 8
12 15 11
14 18 36
17 18 11
21 0 10
10 13 29
14 16 5
1 4 36
13 14 28
3 7 40
19 20 34
10 12 21
7 8 13
1 5 42
4 8 18
19 22 19
4 7 21
23 3 19
10 12 7
10 12 35
13 14 10
4 7 32
5 9 12
22 4 1
17 21 29
10 13 14
22 1 8
14 18 32
12 15 22
18 21 33
1 4 5
10 11 44
15 18 25
14 17 31
2 5 20
13 15 45
5 8 43
7 10 17
8 13 18
17 19 31
12 14 8
19 21 26
2 5 31
16 20 32
4 8 3
14 18 36
23 2 45
19 23 14
1 3 3
16 18 23
21 1 41
10 14 43
19 23 35
8 11 21
7 10 14
0 4 20
3 4 32
5 10 6
11 13 16
17 20 37
19 21 29
5 8 35
9 12 23
17 20 3
4 7 7
8 11 17
12 15 29
3 4 1
3 5 27
2 6 33
12 15 18
17 19 44
4 8 6
0 2 41
15 18 3
2 3 39
1 4 4
22 1 15
8 11 26
21 0 7
11 14 14
10 12 41
11 15 2
20 23 35
19 22 30
7 10 14
13 15 44
15 17 7
6 9 5
7 10 12
18 19 25
21 0 25
13 16 34
3 4 43
23 1 23
23 2 12
0 2 17
12 16 15
1 5 19
4 8 11
12 14 45
15 18 18
15 18 1
3 7 24
21 0 13
9 11 2
10 13 3
19 21 8
6 10 6
7 9 17
19 22 1
18 20 24
4 6 43
4 8 15
17 20 24
7 11 3
7 10 16
6 10 15
17 19 14
1 4 12
6 12 43
2 5 31
15 18 42
1 4 43
10 14 36
23 2 31
18 20 27
5 7 12
16 18 7
1 4 25
16 17 29
18 19 29
12 15 30
11 14 20
6 9 21
20 21 15
1 4 3
6 10 18
18 22 19
18 21 33
5 7 40
11 13 27
10 14 12
18 21 23
0 3 34
20 22 40
5 7 15
16 18 14
4 8 25
6 8 27
17 22 8
18 20 27
8 11 32
15 17 39
4 6 26
8 11 10
11 14 40
22 23 8
5 8 11
20 23 17
3 7 45
14 16 44
1 4 8
15 18 43
4 9 23
2 6 16
5 9 41
22 2 22
12 16 9
10 13 14
1 5 17
0 2 15
4 7 14
22 0 15
1 5 43
7 10 39
20 22 44
20 0 40
21 23 45
3 5 19
11 15 25
15 18 23
2 5 44
20 1 42
15 18 21
22 1 7
4 6 29
20 23 8
20 21 6
15 18 36
3 4 9
1 4 40
2 5 40
6 10 39
5 8 5
12 15 22
1 5 30
12 15 14
20 23 45
9 12 32
22 0 25
22 1 40
23 3 40
22 1 16
18 21 7
9 13 19
19 22 35
9 12 9
21 0 24
13 16 33
11 14 2
17 21 29
10 14 1
23 2 23
19 22 6
4 6 19
8 11 15
6 9 29
22 2 6
5 9 10
11 15 15
20 0 44
4 6 5
12 17 26
16 18 41
3 7 34
17 20 42
14 17 36
9 13 14
11 14 26
21 2 18
11 14 15
14 15 17
11 15 37
23 2 45
5 9 28
15 19 34
20 0 1
5 9 4
3 5 40
13 16 32
7 9 31
0 4 6
23 3 41
6 10 7
8 13 41
11 14 14
22 0 25
19 23 37
5 8 33
17 19 21
3 6 25
16 16 44
22 1 22
12 14 29
3 5 33
0 3 18
20 23 17
18 22 11
6 9 18
9 11 39
19 21 7
23 3 4
21 23 24
12 16 34
9 12 13
9 12 35
5 9 34
18 20 21
6 8 38
18 21 1
16 20 3
1 5 4
7 9 19
20 23 22
22 0 45
23 1 27
1 3 27
6 10 45
2 4 21
17 20 20
23 1 3
10 12 31
16 18 41
15 17 8
19 22 20
22 1 29
15 20 7
12 13 5
9 12 45
4 8 16
6 9 45
6 10 21
3 6 28
11 15 16
4 7 23
9 11 43
3 6 27
13 18 37
4 5 18
5 9 16
13 15 20
13 16 39
6 8 5
9 10 27
18 20 1
18 21 35
10 14 12
22 1 21
14 18 25
16 20 17
8 11 30
12 14 45
3 6 38
2 4 6
4 9 40
2 4 21
16 17 41
21 22 12
12 15 32
1 4 10
5 9 38
3 6 23
3 5 8
16 17 6
3 7 27
13 16 4
4 8 32
10 13 12
3 6 18
2 6 12
5 8 43
22 2 33
4 7 38
4 8 26
7 9 39
16 19 9
20 23 1
23 2 31
4 7 23
5 9 26
5 7 12
16 19 25
7 12 2
9 13 5
17 20 9
6 9 38
4 7 3
8 11 36
19 21 28
12 16 41
22 2 19
8 10 37
1 3 31
6 8 12
13 16 1
17 20 31
15 18 23
10 12 29
9 13 11
14 17 12
9 13 21
19 22 29
5 9 39
0 3 23
5 7 35
22 0 33
13 16 38
9 13 10
4 8 30
4 7 13
12 16 14
22 2 2
12 17 45
14 17 37
22 2 13
10 15 9
14 17 8
12 15 45
13 18 8
6 8 1
14 16 24
14 18 45
4 8 23
1 3 36
18 19 42
23 1 37
3 4 24
15 19 37
13 16 19
21 23 43
18 21 42
8 12 27
9 13 30
14 19 10
17 21 39
23 5 13
12 16 29
20 1 18
23 2 38
2 4 10
12 16 21
3 4 4
3 6 27
3 7 27
8 12 38
23 0 37
22 0 36
13 17 8
8 12 24
1 4 19
5 8 30
18 21 8
2 6 39
21 22 5
16 18 43
21 1 21
6 10 36
11 14 14
16 19 27
3 8 1
21 1 6
0 4 38
11 14 43
5 7 24
11 13 2
11 14 19
14 18 2
3 5 21
14 17 32
5 8 5
3 5 32
12 16 3
3 6 39
15 19 14
21 22 35
6 9 27
14 18 10
17 20 35
20 0 37
0 4 22
18 20 29
11 13 38
10 13 13
9 12 11
7 10 22
8 11 27
18 22 29
4 8 21
10 11 25
0 2 44
21 1 21
2 4 25
11 15 25
5 9 24
10 11 42
17 21 31
19 21 4
15 19 29
19 23 19
6 10 36
15 18 20
20 1 31
2 5 6
23 2 30
6 10 32
17 19 40
20 22 26
4 6 24
13 16 37
14 18 23
19 0 27
20 0 9
6 9 20
6 9 4
5 9 36
10 11 1
20 22 26
5 8 33
22 0 27
12 16 26
15 18 12
20 22 5
20 22 15
22 0 33
7 10 35
16 19 7
6 8 28
15 17 13
4 7 40
11 13 34
5 9 45
18 18 10
15 19 22
13 16 43
8 12 25
1 3 36
17 21 35
11 15 4
10 13 17
22 0 3
21 23 38
1 4 8
6 10 40
17 20 4
8 10 2
14 17 2
14 15 1
0 3 8
19 21 40
9 12 40
6 9 37
13 16 8
19 21 6
6 9 34
10 12 21
7 10 23
14 17 35
7 10 16
16 20 19
10 11 24
10 13 1
21 0 42
6 9 9
20 0 41
16 20 21
21 0 40
12 14 40
20 0 4
19 23 35
3 6 44
14 17 7
18 20 4
18 21 29
6 7 43
19 22 4
13 16 32
13 18 40
6 8 4
0 2 18
0 4 39
4 7 37
5 8 2
16 19 40
6 11 2
16 18 38
1 3 41
2 5 39
22 0 38
6 9 29
3 6 12
7 10 3
14 16 30
11 13 17
2 4 25
2 3 34
23 2 43
8 11 24
11 13 38
2 5 19
13 16 26
15 18 13
3 7 19
22 23 13
13 16 4
5 8 26
17 22 41
23 4 45
3 6 15
22 0 44
22 0 41
4 7 17
0 4 6
16 19 1
20 0 40
7 10 44
19 22 31
10 12 16
21 0 26
5 7 2
15 18 14
10 13 3
20 23 19
10 12 14
21 1 38
9 9 33
4 8 36
7 10 38
9 12 25
9 13 27
4 7 16
10 12 37
17 20 26
4 9 26
10 13 42
3 6 14
15 17 30
16 17 39
15 18 45
7 11 4
21 22 28
6 9 20
3 6 12
22 1 30
21 0 2
3 7 11
18 21 3
23 2 11
6 9 43
9 12 19
1 4 22
20 0 30
0 1 32
13 17 7
18 21 20
6 8 12
4 7 27
22 23 5
8 11 37
23 4 12
19 21 29
4 7 4
19 23 16
6 11 29
3 6 42
0 2 37
22 1 31
18 20 10
23 2 3
6 8 2
4 8 30
23 5 35
0 4 37
12 14 5
21 0 45
0 4 22
15 19 41
8 12 12
13 16 33
21 23 36
5 9 34
7 10 19
0 5 21
18 21 26
5 9 7
23 0 31
7 11 21
3 5 35
6 8 3
1 6 44
3 7 5
14 17 8
10 13 42
16 19 45
3 6 24
22 23 8
16 18 13
19 20 1
9 12 37
11 16 17
6 11 37
21 23 16
14 20 30
8 11 4
7 10 32
16 19 17
1 4 7
15 17 28
4 8 19
8 11 24
1 4 5
21 23 29
7 10 11
11 15 24
10 14 38
3 6 32
20 0 43
23 2 16
9 12 2
10 13 3
11 13 30
0 5 9
2 4 3
14 16 2
6 11 7
12 14 20
8 12 20
23 3 40
16 20 30
13 17 21
15 20 40
15 17 17
2 4 38
14 16 31
23 1 36
3 6 6
13 17 40
17 21 4
7 11 22
17 21 27
16 19 40
19 21 43
7 9 36
15 20 33
11 12 43
9 13 43
22 1 32
9 12 31
17 19 6
14 17 32
2 4 27
22 22 42
3 5 9
23 3 6
7 10 14
6 8 37
11 13 14
0 4 1
3 7 38
2 5 44
2 6 29
14 17 30
15 18 2
4 7 27
4 9 18
16 20 18
8 12 15
3 5 38
9 12 27
9 13 23
18 21 33
15 18 24
20 0 45
3 7 12
10 14 27
3 6 4
20 21 2
13 16 15
20 1 19
4 8 36
9 13 41
17 19 18
19 22 12
8 11 39
6 9 37
0 2 18
4 7 26
10 13 44
12 16 28
1 2 33
17 20 6
12 14 25
17 20 7
4 6 36
10 13 6
0 4 41
18 21 24
21 23 19
14 16 30
0 4 26
11 16 3
18 23 17
6 8 10
12 16 25
16 19 22
4 8 18
15 16 27
1 4 13
23 2 7
17 20 18
4 5 3
10 13 18
11 13 39
14 17 39
17 20 42
1 2 23
0 2 26
3 7 33
21 0 10
9 12 17
18 23 23
17 19 25
22 1 11
21 22 12
5 10 16
4 7 11
16 19 28
9 11 3
14 17 12
10 12 10
1 4 39
11 13 39
5 9 11
10 13 4
2 6 31
17 18 43
5 8 36
11 16 20
17 19 41
3 4 9
1 3 6
12 15 5
23 4 18
3 5 12
16 19 44
13 16 31
21 23 32
23 2 13
16 20 26
23 2 31
17 19 11
2 5 15
7 10 28
18 21 34
17 18 2
3 6 35
20 21 22
12 13 3
3 6 28
23 3 10
21 23 31
17 20 9
17 19 5
0 4 40
16 19 8
21 1 14
21 22 14
7 8 40
16 17 12
5 7 33
20 1 20
22 2 3
13 17 14
7 9 26
14 18 20
20 23 36
7 9 19
12 15 37
9 14 1
20 22 5
14 17 44
19 22 27
23 4 32
11 13 45
11 15 6
10 10 32
1 5 24
11 12 25
17 21 24
16 20 23
15 18 31
0 4 40
16 18 5
8 11 5
9 12 5
1 4 12
15 17 33
10 14 13
20 23 27
11 13 9
10 13 19
3 8 41
11 14 25
23 3 21
20 23 25
14 15 18
18 23 36
4 7 2
12 16 31
4 9 7
9 11 12
8 12 30
13 15 26
7 10 13
23 0 28
23 0 15
13 16 45
14 17 28
0 3 44
7 10 4
23 2 36
11 15 25
2 3 36
7 12 29
8 13 24
20 23 42
8 12 24
4 8 14
4 6 26
8 10 34
2 5 26
3 7 13
13 16 17
23 4 3
21 22 40
3 4 44
2 6 7
14 16 17
4 7 25
16 20 24
19 21 12
2 6 9
11 13 13
2 4 23
4 7 8
18 21 36
7 9 27
10 14 13
0 4 33
12 15 24
1 4 1
11 13 37
11 15 3
6 9 4
20 0 27
17 20 17
0 4 13
3 5 6
17 20 2
23 0 41
14 17 21
20 0 41
23 3 10
13 16 24
10 13 33
11 14 19
12 14 36
8 9 13
4 6 33
11 14 12
12 14 9
3 5 27
12 18 26
7 12 11
20 23 16
2 6 23
9 10 38
6 7 2
10 12 24
18 20 37
6 10 20
19 21 14
2 5 4
0 4 7
8 12 38
5 7 34
20 23 45
5 8 20
7 9 22
20 23 15
5 8 27
5 8 10
12 17 13
4 8 38
0 4 27
11 14 9
12 15 8
23 3 19
16 20 1
7 9 17
17 21 39
21 23 17
12 16 19
16 19 40
7 11 27
17 20 27
3 8 43
11 15 39
3 6 6
10 15 21
10 12 8
9 11 22
20 0 19
23 3 9
23 2 15
4 7 13
1 2 2
1 5 11
21 1 2
4 6 4
14 19 41
21 22 7
19 23 18
1 5 42
18 20 23
10 11 42
17 21 22
12 15 44
17 20 12
1 3 19
2 5 45
13 17 7
21 23 35
18 22 3
3 6 24
9 12 35
16 17 1
8 11 44
10 13 7
4 6 7
12 13 24
5 8 38
13 17 28
20 23 1
20 23 29
17 22 34
7 10 42
4 7 42
21 0 8
20 23 8
12 15 17
0 3 19
21 0 5
16 20 22
21 0 24
0 3 3
2 5 19
16 19 33
18 21 18
15 18 44
2 6 11
18 21 21
0 1 17
12 14 12
9 13 17
8 10 39
13 16 10
8 11 45
6 9 34
10 12 33
13 17 11
0 2 36
14 17 30
18 20 17
18 21 27
14 17 34
16 19 6
18 20 41
3 6 40
17 20 25
11 15 25
7 10 25
10 11 33
0 3 33
17 21 26
6 9 28
16 18 19
5 7 37
18 20 17
18 22 2
17 21 37
0 2 20
16 19 44
2 4 13
21 23 25
18 21 9
19 22 8
19 21 23
17 20 44
10 15 1
5 7 23
3 7 18
9 12 40
11 15 38
20 23 36
20 21 6
13 15 10
21 1 8
16 19 43
5 7 38
14 19 14
3 7 3
3 7 19
2 6 43
10 13 24
11 15 20
6 7 24
10 11 22
1 3 9
3 5 17
22 0 10
16 18 1
0 3 21
12 14 41
0 2 2
22 3 42
4 7 9
11 14 21
19 21 20
22 3 1
14 14 9
16 21 5
5 10 29
16 20 25
9 13 41
9 13 40
15 18 43
16 20 23
22 3 18
17 21 27
7 11 45
21 0 45
0 4 25
11 13 27
8 11 14
3 7 11
3 6 11
7 10 19
15 18 11
21 23 15
5 6 35
0 3 15
11 13 31
14 17 44
11 13 43
17 18 44
4 6 21
6 7 36
11 14 27
10 13 40
0 2 42
17 20 43
14 17 13
5 9 25
11 13 15
3 6 16
0 1 10
10 14 9
3 6 12
18 20 35
3 5 40
11 14 29
0 3 18
3 5 16
23 3 5
8 11 22
18 21 34
7 9 4
21 0 35
17 22 42
22 3 1
2 4 36
10 13 26
4 6 35
23 1 15
17 19 17
13 16 37
23 2 28
0 4 1
2 4 5
18 20 26
2 7 42
10 13 28
3 6 42
18 21 5
4 6 45
7 9 4
6 11 35
0 4 2
21 23 33
8 11 23
6 8 38
17 20 11
22 0 13
1 4 17
9 13 41
1 5 40
4 7 43
15 19 25
0 5 31
5 7 26
11 15 2
4 8 6
9 11 4
18 22 16
12 16 2
14 18 44
3 6 36
13 15 21
19 20 10
9 11 43
23 0 23
16 19 45
7 8 43
1 6 20
16 19 4
22 0 41
15 19 35
6 10 25
11 14 9
7 10 26
2 4 3
4 9 27
22 2 44
4 8 4
1 5 43
18 20 15
15 19 42
8 11 44
0 2 37
2 5 3
14 16 14
15 18 22
2 4 43
20 23 6
4 6 27
9 13 15
13 17 31
16 19 8
19 22 38
13 16 44
12 15 3
5 9 23
9 11 41
0 4 7
6 8 26
17 22 5
2 5 9
16 21 24
23 5 43
10 13 33
5 8 23
7 9 29
17 20 39
21 0 12
6 9 4
15 18 6
6 8 26
19 21 10
19 22 43
20 23 41
11 13 11
10 13 39
0 3 45
0 3 27
21 1 11
2 5 8
21 23 7
18 21 13
8 12 33
14 15 7
16 18 28
16 18 11
15 17 28
1 4 26
8 12 5
15 18 10
13 16 45
19 22 36
19 22 33
0 3 5
5 9 25
21 1 44
0 3 6
14 18 4
8 10 30
6 11 14
15 20 33
9 13 28
18 22 8
11 13 16
9 13 44
17 23 20
19 20 15
19 23 27
9 13 28
19 20 12
6 11 21
11 15 36
21 2 8
0 2 4
2 6 43
14 14 34
8 11 18
0 2 3
22 0 13
18 21 5
9 12 13
22 3 6
5 6 30
5 9 16
14 18 39
8 11 5
11 15 30
20 21 16
3 6 27
15 18 18
3 6 8
11 15 37
1 4 41
4 5 15
9 11 12
14 16 23
4 6 26
4 6 19
20 22 45
19 22 16
10 13 40
15 18 42
12 14 40
3 6 13
3 5 26
22 2 37
23 1 8
8 10 34
2 5 39
14 18 20
22 0 40
2 6 30
11 14 23
17 21 10
9 10 31
15 18 1
19 23 19
20 1 11
22 23 33
18 21 14
21 0 20
15 18 11
20 23 33
17 20 8
10 14 24
12 15 17
19 22 33
10 14 11
21 1 29
2 5 41
16 21 38
21 1 22
21 0 26
13 16 45
7 11 44
3 6 35
12 17 41
17 21 33
9 11 42
6 9 27
3 7 9
18 21 44
9 12 40
0 3 18
15 20 22
12 17 9
20 0 9
21 1 19
19 20 41
11 14 23
10 14 9
7 9 17
13 14 1
15 19 45
13 16 21
20 0 10
3 4 9
13 16 31
9 11 21
3 6 21
12 15 3
21 2 24
12 16 3
17 21 2
16 17 12
5 9 5
12 14 6
0 4 12
11 15 42
11 14 34
16 18 28
8 11 41
19 21 35
20 0 3
15 16 30
1 3 19
11 13 12
4 8 18
2 5 12
6 10 29
23 1 39
21 0 35
13 16 40
2 6 45
8 11 34
22 1 17
18 20 6
8 11 23
7 11 18
20 22 27
19 22 18
9 11 45
18 22 30
6 11 6
16 17 26
13 16 15
5 9 44
5 9 44
15 17 7
19 22 44
5 8 15
0 3 6
1 7 5
3 6 6
9 15 25
19 22 37
12 15 44
3 5 19
13 17 17
14 17 33
6 10 45
3 5 26
13 15 41
8 12 3
16 20 21
3 9 29
16 18 26
0 4 35
0 4 1
0 3 9
20 23 5
8 10 25
14 17 13
22 1 43
11 14 7
7 11 10
18 21 4
14 18 43
4 7 24
23 2 16
19 23 12
11 14 40
16 20 13
21 0 31
22 0 14
2 5 35
11 14 12
17 21 35
10 12 15
7 11 4
9 13 25
23 3 21
11 14 28
16 17 43
16 20 29
13 16 18
6 8 28
10 14 24
7 9 34
5 8 38
15 17 31
3 7 33
4 7 8
2 3 5
13 16 21
19 23 45
2 5 34
8 10 30
8 10 8
14 17 27
12 16 4
6 10 19
8 12 16
15 19 13
12 13 33
13 18 28
21 2 19
22 0 13
12 16 42
10 13 8
9 13 2
15 16 20
22 3 8
13 18 33
3 5 6
0 2 36
2 4 24
14 17 22
0 2 39
8 10 14
17 19 13
19 23 29
21 22 32
1 3 39
3 5 15
8 11 32
12 13 12
21 0 43
1 4 14
18 22 27
19 0 7
20 23 1
23 5 23
19 23 19
5 6 32
4 6 10
2 6 34
2 4 29
16 19 6
3 5 12
16 21 33
1 3 33
19 0 25
1 3 45
13 17 23
19 22 32
14 17 43
3 7 34
23 1 2
2 6 33
16 19 7
7 10 32
13 15 30
10 14 22
2 4 33
10 13 4
11 14 10
7 10 21
17 20 38
4 9 5
13 14 27
23 2 30
19 22 43
15 19 36
0 3 13
5 8 16
3 6 32
13 19 10
0 3 9
20 1 32
23 1 43
1 4 44
20 23 34
14 17 31
11 14 39
6 10 18
23 1 29
18 21 29
19 22 15
13 15 8
19 21 17
14 19 41
11 16 38
11 15 14
14 16 39
13 17 22
13 15 13
20 22 18
0 4 26
23 2 7
7 11 13
13 17 17
6 11 28
22 1 34
20 20 8
20 0 29
11 15 19
11 11 24
6 9 18
15 19 22
10 16 1
2 6 5
15 16 31
12 15 31
13 16 18
10 14 17
21 0 11
0 3 11
11 15 12
11 14 42
0 4 10
7 9 3
23 3 44
15 18 30
14 17 33
5 7 22
21 0 37
14 17 13
19 21 31
18 20 4
20 0 6
7 10 4
23 2 17
18 20 43
14 18 13
4 6 2
11 11 28
17 18 22
12 15 21
6 8 5
17 21 18
12 15 4
18 22 8
18 23 23
23 2 38
2 6 34
14 17 34
13 15 11
8 13 27
2 5 10
17 18 2
13 16 38
8 11 38
1 2 39
5 7 11
18 20 15
13 17 36
3 5 36
8 10 31
18 21 5
9 12 45
12 16 28
22 2 16
8 11 8
8 10 20
16 18 6
8 12 17
1 3 41
22 1 43
19 22 38
4 8 10
17 19 1
17 22 21
14 16 22
15 19 26
1 3 42
11 15 32
2 4 37
22 1 33
18 22 8
21 23 14
8 12 32
6 9 23
8 11 9
22 1 34
8 11 19
21 0 44
1 5 42
8 13 24
18 23 12
0 2 20
8 10 22
4 9 24
2 4 31
3 6 8
23 1 17
16 18 37
7 8 25
2 5 40
1 4 1
3 6 1
14 17 25
19 22 15
19 23 17
18 22 9
0 3 3
13 16 38
19 22 6
10 13 40
7 9 5
5 8 10
16 20 9
5 6 26
23 2 22
13 17 22
10 13 20
18 22 26
5 8 30
3 5 5
14 18 11
15 19 45
19 21 34
21 22 40
2 5 24
11 14 14
5 7 22
17 19 26
10 13 44
15 19 44
23 1 37
12 15 38
23 3 2
12 16 22
18 22 6
10 13 26
7 8 5
5 9 5
2 7 5
6 10 9
14 15 14
2 4 11
11 15 28
5 8 41
6 8 1
10 13 28
0 3 34
5 9 34
15 17 41
20 23 12
15 17 5
4 7 28
20 1 28
19 0 20
18 21 33
7 11 10
16 19 19
13 17 2
15 18 28
12 15 39
16 19 13
17 20 36
12 16 26
0 2 31
2 6 36
15 17 16
18 21 5
12 16 33
17 19 19
15 19 41
15 19 28
10 12 4
2 6 38
8 12 1
6 8 14
6 9 16
15 19 8
14 16 22
0 4 44
15 18 11
4 7 16
18 21 39
1 5 11
10 13 8
7 9 30
22 0 11
8 10 22
9 12 9
8 11 8
3 7 31
13 15 29
14 16 6
4 7 2
16 17 34
0 4 30
15 19 44
9 11 45
17 20 21
9 12 22
7 11 32
19 21 26
5 9 20
10 12 40
9 12 45
4 7 26
14 18 34
10 15 38
17 21 6
20 22 40
10 13 8
1 5 3
17 21 18
6 10 2
20 22 5
14 17 32
18 21 3
11 12 41
23 2 36
23 2 36
23 2 43
18 20 13
4 6 22
20 23 35
21 23 16
1 5 41
12 15 31
10 12 12
17 21 37
6 9 39
12 13 19
15 16 44
16 19 41
4 6 26
12 13 33
21 0 41
0 4 35
6 8 36
13 17 4
8 13 30
22 23 4
11 15 40
11 14 35
12 13 45
5 7 2
14 18 30
12 14 7
10 13 12
12 15 41
13 16 28
6 11 31
22 1 12
22 1 39
11 14 25
22 1 2
11 15 39
3 4 7
16 19 5
1 4 39
20 0 5
16 20 24
19 21 4
21 0 32
16 18 25
7 10 22
2 4 24
11 13 37
10 13 6
12 13 44
0 2 12
6 10 28
1 3 36
22 0 9
19 20 17
22 1 24
23 3 39
14 18 44
20 23 39
3 4 22
11 14 40
19 22 33
19 22 2
21 0 22
3 4 13
17 19 44
10 12 30
12 16 43
17 19 2
11 13 19
3 4 44
10 13 14
15 18 12
3 7 14
6 8 42
14 16 31
20 22 5
18 20 23
23 2 9
15 19 3
15 18 20
1 5 1
10 12 15
7 10 4
16 19 45
3 5 11
21 1 45
14 17 31
19 23 10
21 0 4
11 15 45
13 16 8
6 8 19
1 3 25
2 6 45
8 11 29
20 23 6
0 2 45
0 3 26
6 8 16
4 8 40
5 8 31
15 16 15
1 5 28
23 1 16
0 4 33
16 19 17
9 11 23
18 21 9
13 16 1
1 4 9
10 14 40
7 9 43
13 15 44
16 20 14
0 3 3
18 20 43
0 3 19
10 14 43
15 18 33
16 20 38
9 14 11
10 12 35
0 3 33
8 11 11
20 23 10
20 0 7
0 5 7
7 10 5
7 9 16
9 12 21
5 7 39
15 16 16
8 12 39
22 1 29
6 9 28
19 23 26
1 3 29
0 3 11
22 1 45
15 17 28
21 23 1
17 21 33
18 21 34
23 2 6
6 10 25
5 9 5
0 3 32
10 11 5
22 0 34
23 1 32
1 4 30
4 8 33
23 1 14
4 8 33
1 4 4
14 17 18
3 5 37
6 9 10
5 10 26
17 20 3
20 23 37
11 12 22
12 14 21
12 14 8
16 20 43
6 10 43
1 4 26
12 15 21
8 11 37
21 0 17
4 8 3
20 23 45
0 2 9
8 12 2
6 9 17
1 4 7
23 2 12
3 6 28
7 12 20
3 5 39
0 3 24
23 1 45
15 19 42
3 7 13
11 13 12
2 4 15
20 1 43
2 5 29
2 3 37
12 14 13
4 7 13
19 22 14
5 7 31
0 2 22
7 9 27
4 7 24
9 12 20
12 14 45
20 1 13
18 20 42
8 10 44
14 18 28
7 9 29
6 9 37
14 17 30
1 4 31
19 0 1
12 14 22
0 3 13
7 12 22
18 21 38
7 7 30
11 16 19
14 16 41
7 10 13
1 3 14
10 13 10
15 16 41
17 21 30
17 22 34
22 1 9
7 10 38
23 2 36
17 20 23
20 23 6
20 23 14
19 21 10
8 12 28
10 12 3
1 4 29
15 18 20
5 8 16
5 8 18
11 14 23
12 17 17
23 1 15
11 15 16
18 0 23
22 23 15
5 9 45
1 4 10
14 17 25
5 8 29
7 10 8
18 20 43
4 7 9
12 17 10
6 10 37
15 19 40
8 11 2
20 22 6
4 6 5
0 2 10
6 8 35
12 15 29
1 3 39
16 19 20
8 10 4
20 0 30
8 10 29
18 22 17
4 6 30
19 22 16
11 16 8
1 5 15
11 14 31
3 8 34
16 19 19
0 2 33
21 23 36
12 16 3
7 12 1
2 5 15
16 18 14
21 22 26
15 17 13
18 21 19
15 16 27
2 5 16
6 11 7
9 13 32
13 15 34
18 20 15
23 1 2
8 11 23
16 16 44
11 15 39
15 18 39
20 0 43
7 12 35
18 21 18
1 4 28
14 17 5
13 15 39
20 22 28
17 20 23
10 13 13
10 14 4
20 23 21
9 12 8
15 19 9
1 5 35
6 8 30
12 13 3
16 21 7
7 9 38
11 15 7
7 11 22
17 22 17
9 13 35
13 18 22
23 4 38
0 3 40
2 5 34
2 4 42
22 1 14
4 8 17
14 19 3
5 7 40
10 13 19
6 7 12
16 19 18
11 13 18
9 14 1
18 21 23
6 9 28
12 14 20
12 17 31
1 3 31
14 16 8
23 3 2
9 11 29
20 23 45
6 8 40
19 22 26
16 18 42
17 19 3
11 14 22
12 14 13
16 20 9
17 19 17
1 5 26
6 10 32
6 10 41
20 0 40
9 12 4
7 12 36
0 4 26
12 15 24
2 5 35
21 22 7
13 17 2
3 6 17
4 8 30
21 1 10
9 13 11
20 22 38
7 11 29
16 21 45
1 3 21
0 3 4
10 12 32
7 11 37
11 15 19
9 11 10
13 15 8
5 6 5
22 1 33
15 17 45
0 3 26
20 21 14
19 20 37
8 10 28
5 8 41
21 2 37
3 5 43
13 16 22
6 9 28
11 14 31
0 3 7
15 19 4
7 11 19
23 2 27
0 2 21
19 22 33
18 21 11
10 11 19
1 4 32
0 3 40
1 3 33
2 5 2
7 10 31
10 12 4
5 8 11
12 14 22
19 22 43
5 7 10
15 17 35
16 20 8
7 10 16
18 21 21
9 13 35
22 2 22
10 13 19
12 15 37
2 4 44
4 7 37
10 14 20
3 6 14
19 23 23
2 6 9
11 13 13
7 8 8
7 11 36
2 5 24
19 22 5
10 14 19
23 0 19
20 22 33
17 20 20
12 15 38
19 21 7
4 9 27
5 8 30
14 16 17
23 0 43
22 23 2
17 20 36
17 20 31
18 21 14
15 18 13
14 16 17
11 14 25
20 1 7
19 23 17
20 23 45
5 9 39
23 2 11
13 17 15
10 14 37
2 6 4
21 1 21
12 15 18
11 14 13
4 6 13
19 23 10
22 23 11
0 3 17
6 8 24
7 11 1
9 13 34
8 12 26
5 7 7
8 11 14
9 11 13
17 21 25
21 2 3
19 22 39
3 6 23
2 5 10
9 12 45
23 3 10
22 2 15
0 2 26
12 16 29
0 2 22
2 7 30
22 2 33
1 3 17
7 11 19
18 21 43
4 6 30
14 17 1
1 5 29
5 7 6
13 16 45
3 7 1
10 12 3
8 11 1
8 11 3
2 5 37
7 12 38
9 11 35
22 0 12
11 15 2
21 0 42
15 19 36
3 6 37
5 7 23
8 10 40
11 14 41
7 10 8
1 4 24
11 12 14
9 13 13
8 12 15
10 15 5
2 5 44
19 23 17
7 12 38
17 22 38
9 13 25
10 13 25
15 17 35
0 3 44
8 11 25
9 13 18
7 10 4
10 14 26
19 22 12
18 22 44
7 9 22
14 16 2
22 2 30
15 18 38
3 7 45
12 16 28
3 7 27
12 16 10
22 2 19
8 10 25
22 1 5
19 23 2
3 4 3
4 9 8
18 20 26
21 0 33
9 11 37
10 13 42
1 5 19
12 15 27
6 10 23
7 10 5
12 15 29
23 3 1
15 18 22
15 18 22
18 20 21
0 4 12
1 6 35
22 23 33
16 19 33
13 17 2
9 10 21
22 2 16
9 11 41
5 8 18
14 17 34
0 4 32
9 11 31
10 13 23
10 15 23
11 13 10
10 12 29
10 13 29
9 11 8
0 3 14
12 14 30
4 7 33
22 0 41
11 15 28
14 17 26
6 8 22
23 2 43
2 5 41
16 18 22
22 1 25
1 5 38
15 18 38
7 10 8
3 7 4
13 16 4
12 16 6
13 16 2
23 1 42
10 13 22
21 0 25
8 12 31
4 7 31
19 22 12
5 8 13
23 1 15
3 7 31
11 14 33
23 1 21
0 2 45
17 18 4
19 23 38
5 8 21
5 7 40
23 1 6
19 20 41
23 1 12
20 23 21
5 7 12
23 2 14
2 6 23
13 15 1
14 19 20
2 6 19
11 14 16
7 10 26
19 22 17
18 22 17
6 10 36
3 5 2
23 2 14
2 4 29
20 1 20
0 4 38
10 13 10
7 9 13
23 1 30
3 5 32
14 17 9
21 23 22
22 23 16
3 6 39
9 11 30
15 18 10
0 4 26
15 18 10
21 22 4
16 17 3
14 18 31
23 2 11
7 9 13
5 9 28
15 18 32
17 19 13
7 9 36
22 2 10
2 7 29
19 23 44
1 5 41
6 8 4
9 12 2
6 8 45
17 19 33
19 20 43
12 17 43
10 12 35
23 1 10
13 16 18
13 18 32
21 0 6
18 23 24
22 1 5
20 23 13
16 20 17
4 9 15
7 12 4
4 7 31
1 3 42
23 3 2
21 1 24
18 19 1
10 14 1
22 0 41
19 21 39
7 11 25
11 12 28
2 6 42
1 4 30
3 6 1
5 7 6
15 19 21
21 23 35
22 23 16
22 1 19
17 18 22
21 0 36
14 17 10
7 10 7
20 23 17
7 9 26
6 9 41
15 17 22
20 0 37
18 21 30
10 12 15
22 0 25
7 10 26
2 5 38
16 19 27
14 15 9
23 0 16
18 22 27
16 20 33
18 22 12
14 17 33
3 5 39
23 2 45
6 10 41
21 1 15
7 10 43
4 7 16
14 17 45
8 10 37
16 20 23
16 20 31
1 5 7
9 11 27
1 5 1
6 10 7
2 5 20
18 0 25
5 7 13
15 17 15
5 8 23
3 4 3
19 23 34
23 1 7
0 3 10
8 10 11
18 21 17
5 7 2
6 9 3
3 7 45
12 15 13
23 3 8
18 22 8
21 0 1
10 12 9
21 23 1
3 7 12
16 21 31
14 17 44
18 23 15
15 17 35
10 13 1
20 23 18
1 4 20
6 9 3
3 5 36
8 11 1
0 1 39
2 5 23
14 17 44
9 12 40
11 14 10
16 18 26
15 17 45
2 3 2
8 11 13
23 3 28
11 13 33
3 7 28
23 0 7
12 14 25
19 21 19
0 3 23
23 1 30
4 6 13
16 19 10
16 19 32
12 15 13
17 20 8
14 18 41
17 20 40
20 23 25
18 21 21
8 10 45
4 8 12
3 6 27
1 4 41
12 15 41
12 16 24
13 15 11
10 14 18
17 20 34
2 4 7
12 16 5
19 22 10
6 8 15
6 8 22
10 12 14
16 18 17
16 19 12
23 1 17
8 11 17
21 0 5
7 9 41
19 23 8
15 19 36
21 23 36
18 20 12
1 5 38
4 7 33
12 16 23
1 4 5
9 11 42
8 11 22
7 9 18
20 23 29
18 21 22
10 15 14
10 11 20
17 20 7
20 0 11
22 2 37
19 22 6
9 12 10
22 0 24
18 22 22
7 10 12
0 4 26
16 19 43
6 10 8
2 5 13
6 10 25
17 21 12
5 9 6
17 19 3
17 19 11
19 22 22
16 20 21
17 19 10
7 10 31
22 0 41
7 9 13
4 7 12
15 19 28
7 10 27
0 4 33
2 5 32
17 21 15
4 7 26
4 6 18
21 2 43
1 2 45
20 23 32
5 8 3
15 18 40
4 7 36
14 17 22
21 23 11
11 15 6
19 22 32
20 23 12
19 19 35
15 17 40
21 23 25
6 7 19
23 3 14
1 4 38
5 7 12
7 8 10
22 2 10
1 3 39
0 4 31
19 22 30
19 21 12
9 11 32
22 2 32
23 2 11
2 5 24
20 1 45
8 10 8
9 10 25
11 13 43
6 10 14
10 13 14
18 22 21
0 1 38
5 7 10
6 10 28
11 15 21
21 0 6
19 20 44
19 22 24
0 4 20
17 20 3
0 4 25
12 17 44
15 18 21
3 6 9
9 12 29
12 16 26
8 12 28
15 17 6
7 10 43
15 18 6
23 2 24
12 14 21
12 15 15
17 20 15
12 15 34
17 21 40
11 14 43
15 19 26
5 7 5
22 2 13
5 6 24
6 9 13
3 6 12
9 10 4
22 1 32
17 20 44
11 14 44
18 23 37
5 8 26
21 1 30
23 1 36
23 3 35
16 18 7
0 2 40
0 2 23
20 23 5
16 20 28
15 19 19
6 8 39
13 16 36
9 12 18
15 18 32
23 3 4
15 17 10
20 0 7
4 7 45
4 7 37
16 20 44
3 5 6
21 22 45
6 9 44
23 1 18
6 8 4
3 6 34
21 0 27
13 16 22
23 4 22
23 2 2
7 11 29
6 10 11
17 20 1
6 8 21
18 20 36
22 1 3
22 1 37
19 0 32
0 3 41
2 5 13
17 21 12
7 11 23
14 18 12
7 9 43
14 18 34
6 10 2
5 8 15
1 5 7
17 21 45
15 18 37
15 19 32
17 19 20
2 5 40
0 2 16
13 14 26
8 10 3
2 4 29
8 11 10
15 16 4
13 15 8
20 22 34
12 15 5
15 17 10
18 22 2
3 6 22
8 11 3
16 21 12
10 13 42
12 15 25
17 21 27
16 20 39
5 9 30
19 0 24
22 0 44
2 5 6
18 20 1
0 4 12
19 21 14
23 2 35
2 3 43
6 8 29
22 2 36
16 20 7
7 10 32
23 3 12
4 7 5
9 11 45
14 19 20
21 1 36
6 8 32
8 10 12
7 9 11
14 17 18
17 19 5
14 17 21
0 5 6
6 8 7
8 11 2
13 18 28
23 1 25
19 23 4
0 1 28
13 16 38
0 3 39
2 5 4
3 6 30
19 22 18
7 11 32
9 11 7
6 9 21
22 0 8
4 6 42
19 22 38
17 20 15
22 0 17
18 22 21
3 6 44
21 23 20
20 0 29
9 12 10
1 4 18
21 23 11
6 10 21
21 0 32
5 7 39
9 13 36
10 14 7
12 14 22
3 4 27
12 16 16
16 21 44
19 22 37
22 2 30
3 7 22
2 4 16
20 22 3
12 15 1
23 1 2
21 1 42
21 0 22
20 21 43
6 10 39
2 6 45
13 18 41
3 5 38
21 23 4
14 17 40
17 20 10
17 20 21
7 11 1
7 10 40
8 11 20
6 9 41
4 6 16
17 20 5
14 17 45
20 23 3
12 16 11
23 3 34
7 8 9
6 8 7
9 13 39
5 7 30
3 6 43
17 20 41
4 6 14
8 11 29
5 8 11
4 9 40
14 17 29
8 10 2
19 22 42
10 13 22
21 23 42
2 5 4
5 7 21
20 23 43
23 2 13
3 5 44
8 10 36
4 8 12
4 7 35
14 17 34
22 1 6
18 21 27
19 21 37
7 12 19
5 9 6
3 6 1
5 7 1
10 13 23
17 19 19
3 6 16
18 23 11
7 10 44
21 1 39
18 20 28
22 1 16
2 4 20
13 18 19
6 10 4
8 10 12
3 6 7
23 2 36
19 22 42
5 9 40
1 3 30
11 14 38
12 13 19
15 19 19
23 1 45
12 15 28
15 18 20
11 14 28
8 11 20
11 13 18
11 15 32
9 13 23
5 6 25
0 2 25
15 18 26
10 14 15
8 14 29
16 20 26
7 9 42
8 10 41
22 1 20
1 3 21
23 2 42
0 1 34
5 9 5
11 14 29
8 11 26
12 15 3
7 11 21
20 22 32
23 1 37
11 13 1
6 10 3
5 7 8
18 22 25
15 16 24
20 0 16
14 17 18
23 2 22
17 21 12
6 7 22
10 13 18
23 1 30
14 18 29
10 13 10
13 17 25
4 9 11
22 2 14
18 20 20
2 4 41
10 13 19
20 0 13
4 8 1
1 3 11
1 5 6
21 1 8
5 8 15
8 12 18
7 10 33
8 9 24
9 12 39
0 1 9
4 7 33
12 15 7
2 6 33
8 12 32
6 10 10
22 2 43
5 8 10
18 21 37
23 2 26
4 8 26
19 20 41
16 17 34
15 15 10
21 23 17
2 5 39
16 20 34
22 23 27
10 13 28
6 7 36
6 10 32
7 9 34
16 19 29
10 12 9
23 1 12
5 8 43
2 6 10
15 19 4
17 20 9
17 21 5
2 6 40
7 11 27
20 23 15
13 15 29
12 15 34
8 13 44
21 22 6
0 3 40
16 20 28
14 19 29
7 11 16
21 0 33
15 18 44
22 1 36
11 11 8
13 16 34
8 11 39
3 8 42
9 12 28
4 8 4
8 11 25
15 19 15
20 22 4
9 11 8
0 2 40
7 8 7
7 10 41
15 17 25
16 20 25
21 0 38
5 7 35
9 12 38
14 16 37
13 15 40
2 5 24
14 19 6
3 7 21
16 17 14
23 1 2
5 8 27
13 15 40
16 20 7
0 4 15
22 1 17
6 9 17
23 1 19
14 17 10
12 14 7
15 19 29
19 20 26
0 4 7
10 12 17
1 5 11
5 9 36
0 3 35
11 13 15
7 9 31
22 23 5
5 8 27
11 16 21
14 15 9
1 4 1
9 13 41
14 18 27
3 6 33
2 4 24
22 0 34
23 3 15
23 2 7
11 14 33
6 8 14
16 20 14
5 7 28
15 17 22
13 16 9
7 11 35
2 4 3
5 9 36
11 13 22
7 10 17
19 22 24
4 5 22
15 17 16
7 11 37
20 1 25
12 14 37
20 22 15
2 5 23
11 14 44
20 23 2
2 5 32
23 2 5
4 7 15
12 14 31
23 1 28
4 5 5
9 12 4
13 16 40
5 8 11
5 7 20
2 6 16
6 9 31
7 10 32
18 22 11
13 17 43
12 14 28
4 5 28
4 8 36
0 4 39
4 8 30
20 22 45
15 18 1
17 22 10
15 17 22
21 0 10
13 17 18
18 21 2
6 9 3
16 19 14
14 17 22
23 2 28
19 22 30
15 20 7
21 1 22
22 2 14
7 9 4
15 16 19
7 12 25
9 12 38
17 20 3
2 5 16
10 14 22
21 23 22
5 9 32
23 2 10
10 12 13
18 21 37
13 17 9
6 8 14
20 22 16
8 11 8
3 5 19
22 1 36
15 18 39
11 14 17
4 6 2
12 16 5
2 4 39
18 20 7
22 1 35
17 20 39
19 22 13
7 11 17
16 20 21
22 23 16
10 13 31
22 23 6
21 0 24
6 9 39
7 11 13
19 22 28
12 15 3
14 17 8
23 3 39
13 15 19
15 18 33
18 22 8
17 19 16
13 17 44
21 0 7
13 16 13
19 22 3
6 10 3
5 9 37
20 0 3
5 7 16
12 17 16
4 8 3
22 0 28
8 13 16
0 3 12
13 16 3
5 8 36
9 12 34
18 21 4
12 13 31
20 0 36
4 7 39
18 20 4
12 15 13
16 19 44
8 12 19
22 2 6
2 6 1
17 20 31
2 4 29
3 6 45
23 2 42
0 3 18
11 13 16
22 0 24
20 22 1
21 2 12
6 11 32
23 1 27
1 4 22
1 4 21
3 6 2
9 12 11
17 21 31
1 3 18
9 12 11
0 4 20
6 9 34
13 16 20
6 9 31
14 17 27
12 15 12
5 8 36
13 17 44
18 21 20
10 12 20
5 9 27
3 6 9
15 18 22
5 9 10
4 7 3
15 20 33
2 6 42
23 3 19
23 2 21
13 16 20
9 11 34
5 7 23
0 2 35
8 10 39
0 2 20
8 11 22
9 13 26
12 17 45
7 11 10
11 13 24
13 18 7
3 6 18
11 14 17
9 12 37
18 20 17
6 9 13
23 2 5
10 14 29
18 21 45
23 2 28
19 23 37
0 2 32
13 15 30
18 21 31
6 10 9
18 21 4
21 1 17
8 11 31
0 4 27
9 13 7
22 0 39
18 21 1
22 3 22
4 8 31
5 8 11
2 5 7
7 10 32
9 14 4
12 15 32
10 11 36
19 20 40
19 23 27
16 17 22
15 19 20
0 3 6
10 12 44
1 5 33
0 4 14
2 5 3
21 1 43
18 20 35
20 0 25
1 6 23
10 12 33
18 22 35
17 19 19
15 18 13
16 18 37
13 17 2
1 3 8
19 21 42
8 11 13
20 0 26
10 13 39
22 0 41
9 10 44
22 2 36
17 21 25
21 0 23
9 11 34
21 1 20
22 1 32
11 13 33
23 2 22
16 21 27
21 0 43
1 3 14
9 11 3
10 12 22
3 7 15
22 2 19
3 7 32
0 3 12
15 18 39
15 17 22
8 9 36
6 10 18
2 5 9
12 13 23
20 23 25
7 11 26
7 10 41
8 10 35
23 1 14
16 19 35
10 14 15
17 20 14
22 23 2
20 22 26
11 14 1
8 12 6
22 0 8
8 10 39
6 9 39
23 2 7
21 23 19
9 12 15
12 14 22
19 22 19
11 13 27
11 14 20
1 2 5
18 22 34
18 21 30
21 23 35
8 12 7
