6000 45
23 3 2 14 35 42 6 16 17 25 14 35 27 3 1 43 2 25 41 31 11 20 29 41 11 29 37 27 9 9 4 14 28 43 36 41 25 36 18 32 33 2 15 16 32 
23 1 45
18 21 33
17 20 28
12 15 40
21 0 31
7 10 23
11 14 17
17 20 44
13 17 25
21 22 2
6 10 41
21 0 45
0 4 9
4 8 39
1 5 26
7 12 26
12 15 3
2 6 7
1 4 10
18 21 20
23 3 17
23 0 38
23 1 19
11 14 40
21 0 10
17 21 4
23 4 9
14 18 12
12 14 19
18 20 34
16 19 36
18 22 2
16 20 31
19 21 36
5 6 29
20 23 2
11 13 37
0 3 31
4 7 15
1 4 20
19 22 27
10 15 19
19 21 16
16 19 20
9 13 9
6 8 8
0 5 27
3 4 25
5 8 2
19 22 22
16 20 27
14 18 39
22 0 15
1 4 8
18 22 18
11 16 34
14 17 22
0 1 15
17 21 44
21 0 11
6 9 44
0 2 18
23 3 4
19 23 35
8 10 2
0 4 37
15 17 30
4 7 17
15 18 1
6 9 26
1 4 41
9 13 44
2 4 41
17 21 17
22 3 43
20 22 4
16 21 14
1 4 3
8 12 11
23 2 3
0 2 13
10 13 9
13 18 28
2 3 23
3 7 39
12 16 28
13 17 41
0 3 37
12 13 41
13 16 37
13 16 4
22 3 35
9 11 14
12 16 36
2 6 17
17 20 7
9 11 43
1 1 42
3 7 36
4 7 28
23 2 20
3 6 19
12 15 20
2 6 26
10 13 32
23 1 17
5 9 36
15 18 5
9 12 28
2 5 27
1 4 36
10 13 23
15 17 45
13 17 16
22 1 10
15 18 38
7 10 9
4 8 7
12 15 11
10 14 38
9 11 35
18 21 32
9 12 9
5 8 14
15 17 22
3 7 27
7 10 10
4 6 1
0 4 4
1 4 6
7 9 37
20 22 20
3 6 42
8 11 26
3 7 2
12 12 14
14 16 34
20 0 41
2 4 1
5 8 38
22 1 39
15 18 19
4 8 42
5 8 24
7 9 24
14 17 42
22 2 14
7 11 13
8 12 31
2 5 4
22 0 42
1 5 10
17 19 1
10 11 35
20 1 43
2 6 1
5 9 33
9 12 22
19 22 24
9 12 24
0 4 13
15 18 18
17 20 30
11 14 16
1 4 43
7 12 33
15 18 20
8 12 29
8 10 11
2 5 43
22 3 25
21 0 20
14 17 12
0 3 16
8 10 32
5 7 25
12 16 23
10 14 14
16 19 7
14 18 16
13 15 9
21 0 42
4 5 9
8 11 45
9 11 43
22 2 25
20 0 15
12 15 43
19 23 33
7 10 30
21 0 30
23 2 30
0 3 33
16 18 40
11 14 41
1 6 14
19 22 38
13 15 21
20 0 20
16 18 23
6 9 11
0 3 17
14 16 38
16 18 32
0 2 6
19 23 9
20 23 12
3 5 5
10 13 25
22 1 15
8 10 1
23 3 40
15 17 5
17 21 8
17 20 13
6 7 37
10 14 42
23 2 45
3 6 24
7 9 27
5 8 38
17 20 24
16 18 28
8 12 9
4 6 4
14 18 44
19 23 34
20 23 5
23 0 7
13 17 40
8 11 21
3 7 40
13 16 5
21 0 34
6 8 21
9 11 37
22 2 28
19 22 7
18 20 14
15 20 19
0 3 2
23 1 5
7 8 25
19 22 15
13 17 6
1 5 38
18 21 19
19 22 18
6 8 1
11 12 42
15 16 34
15 18 27
10 14 15
8 11 11
2 7 21
20 0 22
4 6 36
2 4 20
14 17 43
11 13 40
9 13 45
2 5 28
9 11 35
18 19 24
19 23 26
3 6 44
11 14 38
18 19 19
20 22 19
18 20 25
4 7 27
17 20 36
10 14 12
17 21 26
1 3 41
13 17 24
19 22 45
14 16 33
17 22 43
3 7 37
3 6 5
22 1 28
8 12 5
16 20 36
14 16 1
3 6 32
12 16 23
6 8 13
4 7 28
12 14 36
15 19 7
10 13 37
0 4 25
12 15 18
22 1 39
23 1 12
1 5 1
4 7 42
14 17 16
11 15 10
2 6 43
13 16 34
12 15 18
22 2 29
22 0 19
20 21 10
14 17 13
5 9 11
6 8 20
17 21 45
20 21 33
11 13 8
14 17 35
4 7 6
15 17 32
5 10 10
12 15 35
9 13 45
0 2 15
19 23 4
0 5 31
15 19 24
9 12 22
10 12 34
16 18 3
3 6 30
12 16 11
0 2 3
0 2 41
7 9 18
1 3 6
19 21 4
0 3 17
6 9 13
6 10 24
21 2 7
14 16 15
2 5 34
11 13 14
4 8 43
18 22 2
2 5 34
22 0 24
18 20 23
7 9 37
21 23 37
10 13 29
13 16 22
22 22 25
23 2 19
22 2 37
16 17 1
21 0 37
21 23 25
2 7 28
9 11 23
18 21 42
0 1 22
20 0 2
21 0 42
7 10 44
8 12 44
10 14 5
17 20 26
11 15 29
8 12 12
13 14 21
17 19 32
15 18 45
9 11 9
8 11 33
18 22 39
4 8 34
13 17 5
18 22 43
6 10 1
2 6 35
7 9 34
6 10 45
2 5 34
22 2 19
7 11 14
15 17 35
13 15 33
19 21 16
13 15 16
12 14 44
4 8 1
17 20 40
3 7 27
15 18 5
9 12 13
23 1 41
20 0 41
12 15 36
10 12 31
2 5 43
18 22 40
18 20 18
13 15 26
4 6 33
5 9 39
4 5 18
10 11 25
16 20 23
1 5 1
15 18 19
19 22 37
0 4 37
19 0 17
2 5 8
3 8 45
15 19 39
7 10 24
15 20 29
5 8 42
14 17 35
2 6 17
16 19 15
19 21 37
22 1 29
15 18 35
14 17 10
11 13 17
10 13 5
10 14 3
21 23 11
18 20 4
22 1 38
6 9 26
17 19 45
6 8 42
23 3 32
15 19 22
22 1 44
6 10 19
12 15 31
9 12 35
19 23 37
23 3 16
7 8 17
15 18 38
1 6 10
4 7 23
19 22 31
8 10 5
20 23 6
3 5 42
12 16 31
2 7 10
0 4 36
10 13 30
4 6 33
2 4 1
13 15 7
8 11 42
7 10 17
17 18 25
22 0 25
10 12 25
0 2 43
7 8 32
5 8 8
15 17 16
7 10 7
8 12 27
12 17 18
0 2 43
22 1 28
14 18 42
2 5 39
10 14 4
10 14 7
6 10 2
14 15 18
20 23 28
19 21 1
12 14 22
10 14 5
9 12 41
19 23 31
17 20 7
4 5 36
9 12 44
0 2 4
7 11 13
16 20 16
15 21 16
15 19 32
7 9 44
18 22 15
18 21 7
20 23 18
9 12 43
5 9 8
9 13 33
10 13 42
18 20 44
13 15 11
2 5 45
12 16 3
7 11 5
19 0 37
1 4 6
3 6 30
12 14 10
17 21 39
12 15 12
1 4 21
18 21 13
7 9 23
4 6 4
3 7 7
7 11 4
4 8 20
21 0 12
3 4 12
2 6 42
23 2 5
13 15 43
22 1 23
18 20 25
8 11 16
6 7 16
21 0 6
0 3 15
10 12 20
9 12 32
21 0 2
13 18 17
15 18 23
21 2 32
17 21 24
17 20 32
1 4 28
3 6 25
22 1 2
4 6 12
1 1 18
19 22 20
3 7 3
17 20 8
8 11 18
17 20 37
13 15 44
18 20 20
14 17 31
16 19 15
21 1 32
23 2 8
18 20 19
22 3 31
7 8 15
2 6 27
18 23 44
7 10 17
4 8 4
21 0 23
10 12 27
15 17 30
22 3 29
2 5 32
16 20 16
4 6 29
3 6 3
2 6 44
16 18 36
4 7 39
13 15 12
19 21 26
22 2 24
8 12 2
23 2 25
15 17 40
21 0 39
0 5 20
14 18 19
13 17 19
23 4 44
16 18 27
4 6 1
18 23 22
20 0 28
12 16 31
2 6 3
4 8 7
23 3 6
11 14 23
21 0 35
18 20 17
2 6 19
16 20 36
7 10 35
12 15 11
10 13 12
5 8 35
0 3 10
11 13 7
11 15 13
18 21 23
10 12 38
13 18 44
8 11 26
17 20 23
21 0 38
1 2 28
10 14 11
13 17 8
3 7 6
19 22 1
5 8 19
20 23 27
14 18 7
14 16 6
21 0 22
14 17 8
18 21 12
3 7 10
0 3 24
8 10 30
12 14 33
12 14 21
14 17 15
1 4 35
22 0 16
4 7 9
4 7 6
1 5 25
8 12 8
1 3 6
22 0 42
15 17 29
8 12 42
16 19 9
5 8 4
1 5 37
23 2 8
5 9 10
1 4 42
3 6 27
16 20 3
20 22 9
11 14 29
16 18 43
0 5 29
0 1 25
4 6 2
22 1 5
5 9 22
15 18 45
2 4 37
7 12 12
0 4 21
5 9 23
2 6 8
3 7 26
21 0 37
7 9 31
9 11 43
8 10 13
3 5 7
23 1 33
0 1 38
18 22 12
6 11 17
11 13 1
23 3 29
20 0 13
9 13 45
11 15 25
19 0 39
13 15 16
10 13 22
9 12 1
15 19 45
15 19 39
13 17 9
3 7 13
1 4 20
23 1 1
3 6 22
20 2 37
10 12 41
6 8 7
0 2 41
19 21 15
7 11 42
12 15 36
8 11 32
19 23 30
1 3 9
21 0 12
13 16 31
22 0 28
5 6 13
3 6 4
12 14 25
6 11 21
22 1 44
0 0 4
6 10 45
22 23 9
10 12 1
11 14 7
2 5 35
1 3 24
10 14 6
12 15 12
16 17 35
22 3 35
13 18 29
21 0 18
21 23 6
3 6 35
15 15 34
13 15 25
3 7 42
21 2 31
13 17 8
7 8 24
7 11 27
4 7 32
9 13 14
23 2 41
20 23 6
11 13 32
11 14 30
9 12 5
12 14 2
18 20 25
9 12 40
21 1 44
6 9 18
22 1 31
14 16 29
7 9 8
17 19 11
11 16 28
22 1 25
4 7 21
13 16 20
11 15 17
7 11 22
17 20 10
10 13 21
23 2 13
11 14 21
23 2 1
0 1 19
21 22 22
16 19 17
2 3 25
17 19 17
2 6 43
5 9 21
18 23 12
23 3 11
4 8 13
20 23 4
12 13 44
21 0 3
18 21 19
7 10 38
2 4 5
16 19 40
13 18 12
20 23 4
10 14 19
7 11 5
0 3 29
19 21 5
18 22 36
6 10 41
12 14 15
12 14 34
23 1 43
22 2 21
10 13 45
14 16 13
21 23 26
22 2 44
9 11 10
1 4 36
23 2 3
5 8 41
7 11 21
4 8 11
0 4 30
20 0 6
13 17 7
14 18 32
20 0 22
15 18 5
17 21 1
21 23 9
20 21 21
10 14 28
9 12 36
10 14 19
14 17 25
5 10 3
19 23 15
1 2 31
1 6 16
9 12 3
2 7 34
1 4 24
15 19 9
19 21 21
8 11 13
8 10 31
7 12 40
1 6 10
11 15 12
8 9 24
13 16 10
18 21 34
9 14 11
17 21 27
16 18 19
2 4 16
16 19 39
16 19 27
13 18 11
16 19 22
3 7 10
7 9 29
3 5 10
3 4 32
5 11 33
18 21 10
12 15 27
2 5 19
16 20 45
17 21 32
6 9 41
0 3 21
8 10 16
3 5 34
4 7 33
18 21 36
16 17 28
4 9 28
18 21 12
14 16 17
11 14 13
0 3 15
4 5 23
20 23 5
14 16 37
20 23 29
14 16 37
20 23 3
1 5 24
8 11 17
10 14 26
18 21 18
14 16 44
0 3 16
19 23 10
20 0 31
18 22 8
19 23 44
1 3 35
22 1 43
14 18 21
6 10 35
20 22 30
15 18 18
16 20 38
16 20 21
20 23 29
19 22 2
6 9 41
21 22 29
14 17 16
19 21 27
21 23 2
2 4 13
5 10 34
16 20 33
12 16 23
21 0 5
15 17 45
3 6 31
19 0 12
11 14 30
20 22 20
23 2 33
6 9 12
21 1 42
17 20 44
0 4 36
9 11 33
23 2 9
3 7 25
19 22 14
2 5 39
17 20 20
11 15 37
10 14 25
13 17 13
17 20 16
11 14 39
22 0 17
21 1 2
23 2 7
3 6 37
14 18 12
20 23 26
16 19 37
9 13 25
18 21 36
21 1 43
9 11 8
16 18 18
0 3 9
18 21 39
16 18 19
22 2 7
16 18 10
15 17 5
20 22 9
0 4 38
20 0 21
20 23 22
2 4 2
1 4 44
19 22 25
0 3 6
4 6 12
20 23 36
0 3 15
5 8 3
15 20 34
7 9 7
23 3 28
11 16 24
16 20 2
8 11 25
8 11 15
23 1 30
11 16 40
0 3 41
2 5 13
2 5 37
12 16 30
21 22 30
2 5 1
4 6 41
12 17 19
4 8 17
23 2 21
5 7 17
1 6 10
8 10 15
10 15 2
12 14 4
4 8 28
14 18 34
8 12 10
1 4 38
18 21 1
6 11 13
7 9 30
16 19 2
20 23 24
13 14 11
13 16 38
1 3 11
5 7 34
16 18 26
20 22 28
20 22 19
6 9 9
5 9 36
1 3 32
21 23 11
20 23 29
0 2 26
22 3 9
0 4 16
21 0 45
6 9 42
7 9 35
7 10 3
2 5 36
7 11 27
0 3 31
19 22 26
6 8 31
9 12 45
7 10 13
9 12 28
9 12 26
22 1 19
20 23 36
21 2 42
17 22 2
13 15 9
17 20 40
9 12 40
16 20 34
22 23 13
7 10 29
21 1 26
7 9 43
8 11 30
20 23 10
14 17 19
18 22 24
7 10 31
18 22 6
15 18 6
2 5 33
18 22 23
2 5 18
10 13 36
23 1 44
20 23 31
15 18 17
23 2 7
14 18 11
17 20 30
18 20 39
17 19 37
5 9 30
6 10 3
22 2 35
12 13 22
11 13 32
20 23 38
17 18 26
9 14 1
20 21 38
21 2 12
1 2 25
21 23 2
1 4 16
13 16 2
21 1 14
22 2 29
7 10 2
1 5 35
22 2 9
0 5 43
15 18 27
1 4 2
9 12 9
10 12 12
22 1 41
2 4 2
14 18 11
3 7 44
10 12 36
6 7 20
14 16 13
9 12 9
7 11 33
4 7 32
6 10 30
23 3 2
16 19 40
21 1 40
6 10 14
11 13 40
18 22 39
0 5 43
15 19 24
13 16 7
16 20 26
12 17 23
3 6 34
16 19 19
9 12 32
1 3 6
11 12 19
21 1 19
3 4 21
4 8 27
15 17 40
2 4 25
10 12 3
0 3 5
1 4 6
8 12 36
21 22 19
16 19 30
8 12 28
22 1 12
3 5 1
18 22 6
15 18 39
15 17 15
5 9 17
10 15 1
17 19 5
17 20 14
15 16 41
17 22 44
4 6 6
8 10 11
16 18 2
14 18 12
3 4 37
7 10 23
20 0 33
4 8 20
4 7 7
3 5 27
18 21 37
10 14 7
3 7 32
4 8 3
20 0 6
13 15 17
10 10 4
6 8 6
16 20 12
0 2 29
8 10 25
5 8 34
15 18 45
19 22 30
17 21 19
8 12 38
21 1 4
23 1 40
18 21 25
7 10 35
17 20 37
10 13 4
11 13 10
6 10 3
19 21 41
20 23 44
15 16 14
21 1 32
1 5 25
12 15 23
20 23 23
20 0 36
15 19 29
6 9 41
23 3 44
9 13 29
7 11 16
13 16 21
14 17 12
13 17 45
19 23 32
8 11 21
21 2 5
5 8 12
5 8 9
0 3 43
4 5 38
23 1 13
15 19 39
3 4 25
5 7 43
19 21 30
5 8 36
7 11 26
0 4 15
15 19 36
9 11 13
20 23 26
8 10 20
7 10 15
22 1 3
21 0 29
15 17 26
16 19 26
22 1 44
8 10 7
12 16 31
4 8 20
13 17 26
22 2 19
4 8 41
12 15 3
11 14 42
19 21 14
19 21 29
18 20 37
19 23 22
5 9 15
23 2 33
9 13 1
2 4 29
5 7 18
18 22 43
22 1 39
0 4 42
13 15 36
11 14 18
13 15 45
6 10 40
23 2 18
21 0 4
20 22 24
10 13 38
14 17 44
19 0 42
23 1 42
3 8 39
10 12 45
1 5 16
16 19 30
20 22 23
0 3 12
1 5 8
9 11 24
9 12 12
19 22 7
21 0 8
2 6 29
4 7 16
5 9 11
16 18 41
7 9 22
9 12 33
12 15 39
17 18 6
6 8 35
6 9 2
23 1 23
4 6 30
6 9 32
1 4 45
13 15 4
19 22 19
21 1 9
3 7 9
4 9 3
23 1 14
8 13 2
0 2 4
9 12 13
1 7 15
9 11 31
17 19 2
11 14 16
6 8 13
11 15 4
14 18 42
3 7 43
15 16 38
22 2 13
18 21 12
20 22 27
6 12 37
20 22 35
20 0 41
11 14 1
22 0 7
16 19 23
1 6 2
18 22 43
13 15 26
9 13 3
21 23 16
23 1 13
11 14 1
5 9 27
20 23 43
6 8 42
20 23 14
2 6 27
15 17 27
22 4 21
17 20 32
13 16 10
13 16 34
13 17 44
17 20 31
6 9 36
17 21 20
13 15 21
12 13 3
23 3 29
8 11 42
2 3 35
6 8 42
12 13 27
1 4 2
22 1 22
14 17 22
18 20 14
12 15 10
23 2 6
6 8 14
21 0 26
4 8 4
14 16 9
20 0 39
5 7 19
14 19 28
22 2 33
0 3 14
17 20 28
10 13 22
3 5 8
9 14 22
16 19 21
17 20 24
13 15 12
0 4 19
4 6 19
7 10 10
1 4 20
21 3 43
10 13 43
20 0 8
17 21 29
21 0 33
8 10 8
8 11 30
18 20 45
21 0 40
11 15 33
1 4 42
7 10 41
16 18 2
0 3 41
19 21 18
4 6 21
11 14 1
4 7 33
17 20 37
8 12 34
3 7 30
2 6 5
17 21 20
0 4 14
14 17 29
23 2 29
8 13 13
20 1 29
22 1 35
8 10 2
10 13 43
11 14 1
13 16 29
1 3 25
12 13 23
3 5 35
18 20 38
13 17 25
4 5 28
17 19 2
23 2 15
2 4 42
0 2 7
23 1 38
4 6 5
2 6 44
6 8 16
14 17 14
7 11 42
13 16 21
3 7 19
20 23 25
1 5 42
20 0 20
22 0 27
22 2 2
18 19 39
20 0 13
6 10 17
23 1 14
8 11 41
13 18 25
23 2 9
8 11 22
10 12 18
16 19 20
13 17 21
15 18 20
10 15 37
17 19 36
15 20 36
12 15 3
9 12 22
14 18 26
22 2 17
2 5 15
1 4 14
22 2 29
2 4 35
23 2 13
5 7 11
15 17 39
3 7 10
19 22 19
18 22 2
14 20 30
12 13 38
7 10 9
12 15 1
23 2 10
14 17 37
19 21 14
19 23 20
2 5 36
5 8 29
8 11 6
21 1 40
10 15 2
6 9 26
3 9 9
22 1 30
7 13 40
6 8 33
4 6 32
17 21 6
22 1 29
5 7 39
2 4 10
8 10 29
3 6 35
2 4 36
5 8 4
13 16 39
9 12 9
23 2 30
11 14 21
14 18 15
7 10 2
23 1 12
21 0 37
15 18 45
12 14 37
20 23 37
14 17 11
2 6 3
9 14 25
12 15 10
16 19 36
1 7 10
14 16 4
7 10 34
18 19 24
6 10 8
14 17 45
3 6 33
17 20 14
6 10 30
0 4 8
10 13 33
10 13 29
14 17 30
12 14 12
14 16 26
19 22 20
20 23 19
10 12 16
6 9 27
3 3 8
19 0 18
0 3 39
3 6 5
15 19 11
7 10 17
2 4 25
12 15 19
16 20 37
4 4 28
20 0 26
15 18 13
6 8 22
13 16 34
17 21 34
17 21 10
15 18 7
14 18 35
5 8 27
22 1 38
21 1 28
19 23 24
17 18 25
2 6 7
7 9 18
21 0 7
15 19 20
1 3 8
22 3 29
7 11 30
13 17 18
13 15 37
16 18 13
13 18 36
22 2 24
10 13 36
17 19 18
3 8 5
17 21 6
20 23 39
23 2 9
8 10 14
0 2 42
11 15 42
23 4 28
18 20 27
5 8 21
1 4 30
19 0 2
11 15 11
14 17 17
22 1 21
3 6 45
22 1 7
14 17 17
5 9 21
6 8 23
0 0 25
8 9 13
12 15 5
3 7 32
12 14 9
6 11 17
9 13 14
8 10 24
14 18 40
12 14 12
11 13 43
20 23 12
2 4 13
0 2 29
7 10 14
19 0 35
2 5 34
20 23 31
19 21 36
23 2 32
20 22 26
23 3 35
20 23 36
6 10 32
19 21 18
17 19 12
1 5 31
8 12 20
16 20 31
17 20 26
18 20 33
12 15 34
5 9 37
23 2 18
17 21 6
7 9 8
13 15 16
13 16 40
15 18 37
2 6 22
3 4 7
22 2 24
5 9 37
21 0 39
5 10 39
7 11 30
3 6 6
7 10 24
9 12 26
1 4 3
23 2 27
7 9 2
1 4 1
22 2 33
0 4 6
23 4 22
2 6 25
10 13 34
10 12 18
9 12 42
4 7 15
5 7 4
20 2 11
1 3 31
3 7 22
2 5 26
22 2 7
0 3 38
11 14 16
20 0 10
13 15 27
0 5 43
9 12 35
19 22 11
9 12 15
3 6 10
15 17 9
10 13 3
5 9 3
6 9 7
20 0 5
15 17 39
14 17 8
8 11 16
11 12 28
23 3 42
7 9 4
14 18 7
9 13 24
18 22 45
10 12 18
9 12 29
22 1 45
20 22 12
19 21 44
20 23 9
17 20 41
13 16 15
11 13 39
21 1 14
20 22 37
11 14 22
22 0 35
10 14 43
2 6 9
14 19 5
21 1 1
21 23 44
6 9 8
16 18 13
17 19 23
0 3 19
20 23 32
8 10 21
12 16 29
8 12 38
9 12 25
23 3 32
7 10 29
13 16 12
9 13 29
20 0 30
2 4 19
12 15 17
6 9 26
4 7 20
16 18 17
11 14 27
3 7 41
3 7 28
17 20 11
5 7 7
6 8 13
17 20 16
19 23 28
15 18 24
13 18 42
6 10 11
23 0 34
16 19 43
8 11 15
17 20 29
0 3 19
6 7 29
22 0 29
8 12 28
18 21 42
16 21 16
8 8 10
12 15 6
17 20 25
16 20 2
1 3 35
18 20 11
11 14 33
6 9 13
17 21 4
0 2 9
12 15 15
15 18 13
5 8 5
21 23 25
7 11 22
4 8 16
19 21 38
19 23 11
9 14 37
4 6 13
9 12 8
15 20 15
7 11 33
5 9 9
12 12 41
23 2 22
5 7 23
20 0 25
14 16 42
16 19 10
10 14 11
4 6 22
19 21 21
7 10 11
8 10 12
18 20 10
9 12 24
19 22 4
9 13 32
14 16 37
2 4 14
8 11 17
2 4 25
3 4 28
15 19 20
19 23 6
2 5 30
18 21 30
7 11 4
19 20 18
7 9 4
20 22 24
17 20 21
15 18 25
22 1 1
21 0 42
15 18 19
17 19 22
3 5 45
1 5 21
5 9 34
4 7 41
19 20 26
2 5 39
4 7 21
21 1 22
23 2 21
17 21 17
10 13 19
8 12 42
17 18 12
15 20 35
5 7 4
18 19 36
20 21 8
17 20 10
5 7 43
13 17 3
1 3 44
19 22 18
13 17 37
10 12 41
0 3 35
11 16 1
20 23 34
19 22 32
13 15 1
6 9 37
3 6 32
0 6 13
1 3 39
1 7 38
14 15 32
4 8 24
12 14 33
10 14 8
14 17 34
17 20 24
1 4 29
15 17 7
10 15 5
18 21 34
23 1 2
14 16 21
5 9 29
3 6 18
7 11 35
7 10 10
3 5 15
13 15 37
13 16 5
18 20 32
8 10 17
6 9 40
19 21 16
23 2 43
13 16 44
20 23 2
13 15 23
14 18 41
1 3 16
9 11 6
0 2 41
2 5 26
10 14 34
4 5 36
18 21 9
9 12 12
22 1 28
17 20 34
20 23 23
14 18 6
13 17 9
14 18 17
19 0 38
11 14 44
15 19 41
4 6 34
22 1 6
11 14 6
20 0 22
13 15 32
12 14 17
11 12 6
1 6 26
5 9 36
14 18 10
18 19 33
0 4 38
0 3 7
1 3 7
16 19 24
20 0 27
18 20 22
14 17 32
15 18 25
16 19 44
10 14 29
3 5 45
13 17 4
0 3 44
6 10 40
1 2 9
3 6 14
19 20 12
14 19 35
18 20 40
9 13 26
7 9 37
15 18 24
20 22 12
10 12 18
3 6 21
20 22 4
22 4 38
9 12 12
15 18 1
20 0 3
21 0 1
14 17 13
18 20 40
2 4 38
8 11 32
9 12 20
0 3 32
11 13 1
0 3 36
19 1 19
2 6 1
4 6 1
1 5 45
8 12 18
23 3 43
2 6 19
20 22 34
9 13 44
9 13 39
21 0 11
8 12 30
22 1 43
15 20 32
20 22 15
2 3 4
16 20 19
2 5 34
5 7 20
18 22 34
10 12 17
18 20 33
12 16 5
1 4 23
14 15 36
12 16 7
6 8 7
7 9 32
5 9 14
1 3 22
3 5 13
2 5 18
9 11 30
13 16 17
7 11 31
13 15 38
21 0 42
20 0 28
15 18 43
3 5 20
2 5 17
14 16 20
18 18 20
18 20 34
12 15 8
17 18 23
3 5 32
10 13 28
21 1 35
17 21 41
9 11 1
16 18 42
6 8 23
10 13 14
0 4 13
6 11 11
6 8 7
19 22 5
17 20 34
1 4 37
10 13 16
8 10 26
19 21 2
15 16 14
2 5 31
9 12 5
17 21 3
17 19 1
16 19 21
9 12 2
0 2 3
19 21 32
10 13 38
7 8 13
19 22 30
11 14 4
3 9 43
11 15 12
10 14 27
14 18 43
16 18 7
1 4 32
0 3 42
16 19 44
14 19 13
16 20 28
5 7 34
16 18 5
14 15 8
5 8 32
7 9 15
23 5 7
20 22 18
15 17 12
2 6 27
18 21 39
7 10 44
10 12 11
5 8 12
21 1 11
17 20 45
16 20 15
17 20 43
14 17 18
1 5 19
14 17 30
17 19 28
15 17 36
19 20 25
2 5 23
18 22 5
20 23 21
2 5 22
0 3 27
13 16 42
11 14 30
0 4 38
13 18 2
3 6 40
7 10 16
16 18 9
10 14 31
2 4 37
3 4 13
9 11 30
15 18 43
20 0 35
11 14 30
20 22 5
4 9 26
2 6 41
1 4 4
2 6 20
11 15 37
8 10 36
23 0 28
16 19 17
5 8 9
12 17 43
12 16 17
4 5 33
1 3 14
10 15 42
5 9 18
17 20 42
12 16 14
22 1 16
16 18 37
5 7 7
9 11 37
1 3 15
3 6 29
19 23 22
23 3 3
8 13 8
12 16 21
1 2 31
3 6 14
6 10 39
21 2 36
9 14 14
8 10 6
19 23 44
23 1 40
3 5 43
6 8 23
4 7 44
23 2 41
12 17 41
20 23 34
8 12 45
10 13 44
8 12 1
6 9 1
1 3 9
11 13 16
13 16 44
6 8 6
22 1 26
13 16 33
7 11 45
2 5 30
15 18 5
5 9 1
13 15 24
18 22 29
0 2 2
13 17 27
8 10 42
17 19 37
10 13 34
0 3 32
8 10 25
1 4 15
23 2 20
15 19 18
13 16 33
6 9 7
14 19 9
0 3 37
16 18 26
18 20 25
22 2 37
3 8 16
7 11 7
20 23 8
11 14 6
9 10 10
15 18 10
5 7 41
2 6 8
7 10 32
3 6 2
15 17 20
7 9 41
13 17 21
15 19 14
6 8 25
9 12 23
19 21 3
14 15 29
15 20 42
19 21 14
22 2 26
21 0 30
1 6 43
20 22 2
5 10 21
16 19 34
0 1 15
18 21 5
3 5 31
4 6 36
13 17 15
12 15 7
18 22 21
16 20 13
11 15 34
19 21 18
20 23 32
1 5 40
11 13 13
1 5 20
22 1 29
11 14 28
8 10 21
12 16 1
5 8 20
18 21 17
9 12 35
16 18 34
5 8 44
8 11 9
16 20 25
2 5 33
7 12 38
22 1 32
9 12 22
10 11 45
20 21 29
17 18 34
12 14 39
3 7 11
20 1 32
10 14 15
1 3 41
15 17 37
9 10 14
7 10 36
0 3 9
12 16 11
21 1 14
21 23 22
14 18 26
22 1 42
20 0 10
1 4 37
2 6 13
0 2 44
13 18 21
19 22 26
3 5 17
13 16 39
21 23 16
21 0 30
8 9 11
19 22 20
17 21 23
21 0 5
6 9 29
9 10 44
21 0 20
19 20 1
19 22 1
20 23 28
9 13 2
13 17 39
15 19 39
14 17 35
11 14 40
6 8 5
15 19 24
9 12 36
6 8 1
15 19 36
10 15 21
17 21 41
21 1 3
16 19 27
8 10 5
7 10 22
20 23 6
1 3 42
17 20 41
16 20 45
1 6 28
12 15 14
19 22 13
5 7 8
19 23 34
5 8 39
8 11 6
22 0 1
23 0 27
8 12 40
13 16 36
2 5 36
16 18 43
17 20 16
6 9 27
16 21 22
6 10 31
21 0 17
19 21 10
14 17 28
20 1 36
11 14 13
11 14 44
23 2 28
12 15 30
22 1 34
3 6 32
22 1 19
9 13 33
23 2 42
11 17 21
13 14 23
16 19 17
23 3 28
13 17 22
13 15 11
13 16 19
20 23 39
3 4 11
1 3 43
19 22 28
9 13 44
23 2 40
1 6 23
2 6 32
4 7 39
11 16 10
23 2 44
12 16 9
2 6 26
0 4 24
13 16 11
7 10 38
12 15 12
13 18 30
8 14 35
21 2 20
18 20 1
18 21 11
10 14 23
7 9 14
4 8 34
5 8 45
3 7 40
15 17 2
19 23 19
13 14 4
7 10 28
3 6 7
2 4 28
13 15 8
5 7 37
19 22 7
12 15 2
1 6 2
14 18 36
17 20 12
21 1 10
10 14 30
11 14 43
17 20 23
19 23 33
20 23 42
15 17 6
11 14 4
23 2 25
4 7 14
20 22 8
13 16 40
4 7 14
13 16 31
13 16 22
22 0 42
4 7 3
2 4 35
8 10 14
1 3 35
22 2 6
12 15 3
18 22 15
12 15 42
20 23 20
16 19 19
21 0 37
17 22 43
21 0 43
2 4 16
3 5 8
3 5 45
20 23 5
19 20 28
16 20 19
9 11 8
4 7 41
16 17 21
2 6 27
0 1 15
16 20 33
15 17 15
4 6 19
6 11 19
1 4 4
9 14 28
4 8 27
22 0 38
22 0 4
3 5 6
11 14 2
16 18 1
3 7 35
9 11 40
0 3 23
17 20 16
3 6 33
4 8 22
16 17 40
4 7 9
21 0 19
11 14 27
9 11 1
16 19 27
14 17 22
5 8 42
20 21 32
21 1 23
1 4 21
22 0 9
16 20 41
9 13 14
7 10 24
15 18 11
7 10 37
0 4 38
5 9 16
6 10 34
16 19 16
6 9 41
13 14 10
14 16 22
7 10 3
23 2 14
7 10 8
7 10 26
7 10 12
18 22 42
0 2 27
5 6 7
17 19 42
15 18 7
12 13 45
8 10 5
1 5 5
18 21 34
7 11 15
5 9 13
18 22 45
9 10 25
22 1 8
23 2 17
13 17 35
15 18 1
11 12 37
4 8 2
17 21 33
12 16 25
22 0 16
6 12 4
9 12 14
6 9 7
0 4 13
7 10 14
23 3 20
18 20 35
3 5 40
13 16 5
8 11 24
21 23 37
13 15 23
5 8 23
10 13 41
19 22 22
22 1 36
14 18 15
1 4 24
9 12 34
2 5 43
13 16 1
2 5 39
16 19 41
0 3 37
21 0 43
19 21 4
6 8 15
18 23 11
0 3 26
2 6 36
14 18 8
14 17 22
13 16 42
14 16 9
18 23 22
4 8 14
1 5 45
23 3 39
11 14 10
0 2 34
23 1 12
3 5 22
6 9 38
1 4 37
20 22 9
9 10 29
18 21 2
7 11 26
5 10 41
7 9 37
4 8 10
3 5 21
0 3 29
11 14 19
6 8 27
4 9 11
7 10 1
9 12 19
20 22 22
1 4 28
4 10 15
17 20 30
23 2 13
18 19 19
12 15 12
18 20 16
22 2 6
18 22 36
19 22 34
22 23 29
11 14 23
17 20 28
0 4 2
12 15 42
5 7 2
6 9 39
13 16 45
16 19 34
5 10 1
5 8 40
1 5 39
4 7 11
10 14 25
0 3 24
23 0 20
16 21 19
7 10 29
10 14 9
3 5 1
3 7 42
12 16 23
7 11 36
13 17 10
20 23 44
4 7 25
1 4 13
12 15 34
5 8 26
6 8 28
22 1 25
7 8 40
3 4 45
6 9 14
11 15 31
5 9 6
6 9 31
19 23 39
9 13 33
17 21 26
7 11 31
1 4 28
18 22 10
19 21 1
13 16 8
17 21 33
4 6 37
8 12 25
19 21 6
12 15 27
23 2 22
1 3 26
19 23 40
22 0 17
2 6 25
19 22 44
9 11 6
11 14 2
0 2 2
1 7 27
19 22 20
21 1 9
21 1 45
17 20 37
14 16 41
13 15 10
19 23 2
14 16 21
19 22 8
11 12 40
21 1 20
5 7 44
12 16 14
16 20 37
14 19 6
3 4 20
22 1 34
3 8 42
20 0 18
19 22 22
5 7 45
21 1 37
21 22 24
17 20 43
16 18 38
21 22 26
4 8 18
2 5 32
2 5 19
2 3 37
0 4 15
17 20 39
19 22 20
8 11 21
2 4 13
6 10 11
2 6 27
3 6 18
15 18 9
7 10 33
16 18 6
21 0 30
3 6 31
21 0 45
14 16 34
17 21 45
22 0 21
1 4 12
21 2 11
6 9 35
13 17 36
6 8 22
22 2 13
0 2 31
19 23 31
7 10 24
10 13 44
11 12 35
21 23 8
15 17 3
0 3 45
20 22 27
4 7 24
5 8 41
18 22 10
20 0 3
17 20 2
3 5 33
22 0 24
21 23 18
6 10 6
11 16 20
0 3 25
2 5 3
15 20 12
15 17 28
21 0 23
16 19 4
17 20 12
8 12 18
0 3 31
6 9 44
17 19 5
21 0 6
19 21 29
7 9 32
22 0 23
13 15 15
10 13 37
21 0 4
20 0 31
19 22 40
14 16 3
5 8 44
17 19 12
16 20 5
10 13 1
20 22 3
1 4 30
23 2 45
2 5 34
19 20 10
2 5 37
3 6 23
20 22 41
9 12 44
7 10 3
7 11 7
18 22 9
7 8 24
12 16 42
22 2 21
2 5 9
13 17 40
14 15 27
17 21 31
16 19 2
18 20 13
22 1 40
12 16 10
11 13 39
7 10 15
22 3 13
6 10 13
15 18 3
8 11 2
10 13 25
6 9 13
3 7 38
10 14 26
19 21 7
11 13 10
0 2 17
5 7 32
4 9 4
15 17 2
21 1 34
13 16 23
16 19 45
17 19 14
0 4 28
23 2 19
12 16 38
12 14 44
14 17 38
5 8 19
9 14 31
1 7 45
10 13 17
19 23 43
21 0 28
18 20 18
8 11 35
21 1 14
12 13 20
2 6 14
0 4 36
18 23 34
23 2 6
20 23 35
14 15 42
7 10 30
19 20 36
4 6 7
18 21 43
1 4 12
22 1 29
17 20 22
13 13 14
12 14 5
3 5 1
1 3 17
20 22 31
21 0 43
10 13 43
20 22 32
12 14 8
11 15 27
8 11 13
22 0 27
10 12 38
21 1 31
13 16 13
14 17 12
19 22 44
19 23 1
3 8 40
20 23 20
4 7 4
10 12 13
11 14 42
13 15 2
1 4 1
22 0 9
16 19 5
3 7 5
22 1 38
8 10 31
16 19 41
21 23 3
0 3 45
11 15 37
13 16 40
17 19 24
5 8 30
17 20 27
0 4 10
8 11 42
1 4 6
0 3 17
11 14 20
7 10 33
20 22 1
6 9 40
14 17 17
8 9 32
22 2 26
17 19 39
16 18 23
7 11 10
17 21 36
17 20 10
8 10 21
22 2 36
9 11 41
16 20 4
19 22 24
1 4 17
14 19 5
13 17 22
8 9 33
1 5 38
10 11 26
8 12 15
21 0 31
14 17 40
21 1 4
11 13 28
10 13 14
10 14 11
19 22 28
10 14 2
17 19 8
15 18 45
0 3 38
22 2 34
21 1 30
10 15 38
9 11 9
20 22 13
6 11 36
3 7 17
0 2 7
18 20 31
1 3 1
0 2 13
23 2 26
11 13 29
22 23 6
8 10 12
15 19 19
10 12 17
21 23 39
10 15 1
9 10 21
20 23 6
21 2 27
15 17 7
7 9 25
6 10 34
8 9 30
12 15 8
13 17 29
5 8 23
16 18 6
22 23 23
3 7 39
8 9 25
1 3 1
4 8 42
3 7 1
7 11 7
9 13 41
5 8 41
16 18 22
3 8 10
23 3 13
23 2 40
13 16 6
9 11 45
11 13 17
9 12 26
10 13 8
8 10 17
10 13 20
1 3 18
22 2 28
19 21 25
12 15 25
23 2 45
10 13 21
4 7 17
6 11 43
12 17 40
2 5 28
14 18 45
12 15 1
17 20 24
8 12 39
11 14 12
9 12 14
19 21 17
2 5 28
9 13 30
3 6 12
19 22 43
23 0 20
1 5 44
20 0 19
3 5 33
7 10 5
0 2 14
16 20 16
5 9 35
14 17 13
22 0 17
5 8 29
9 12 22
23 1 2
5 9 16
15 18 9
7 10 9
3 5 10
5 9 37
17 20 38
1 5 24
8 12 11
6 9 39
14 18 18
15 18 5
22 3 29
12 15 39
5 8 27
7 11 43
1 4 6
22 0 42
13 16 25
11 13 4
20 23 6
17 20 35
8 12 39
22 3 24
6 8 38
15 17 2
14 18 45
6 10 25
14 17 20
10 13 5
21 0 44
17 22 31
11 14 10
11 14 11
5 9 12
9 13 2
1 5 25
0 4 42
22 23 15
15 17 20
23 3 16
12 16 16
1 5 42
13 15 18
17 21 24
7 10 6
5 6 37
20 23 27
3 6 17
21 0 18
10 14 23
23 1 10
15 16 16
13 17 36
11 14 35
19 22 41
15 19 22
0 2 7
17 20 41
3 4 29
18 21 33
10 14 23
1 5 38
8 10 39
15 20 38
15 16 18
18 21 10
20 0 4
10 13 2
18 20 30
12 15 41
3 7 20
11 14 27
4 7 9
16 20 33
21 1 32
0 2 41
17 20 19
13 17 24
2 5 12
7 9 44
9 12 34
21 1 42
1 3 18
3 7 12
11 14 14
21 1 11
12 15 44
8 10 42
20 23 18
6 8 38
8 9 16
9 13 24
19 23 9
15 16 15
18 22 6
0 6 31
0 3 44
13 14 13
9 12 30
18 21 39
23 2 8
5 9 23
2 6 42
14 17 39
0 3 3
10 14 27
6 9 6
3 7 32
1 5 11
3 6 31
13 16 7
7 11 22
0 4 33
6 8 34
4 9 33
11 15 37
18 21 14
12 15 6
8 12 32
15 17 1
6 8 43
9 14 3
14 17 9
16 18 24
6 10 25
11 12 22
19 22 23
18 20 32
2 5 30
21 1 3
22 1 44
2 6 27
10 12 9
16 19 18
18 22 26
17 20 4
18 21 16
8 11 2
4 5 20
5 8 7
17 20 18
14 16 1
6 8 35
16 20 36
15 18 36
8 9 28
11 14 24
18 21 15
19 21 13
18 20 45
19 21 27
0 2 31
16 19 20
23 2 19
6 10 41
5 9 15
5 8 37
15 18 42
4 7 16
5 7 5
8 12 10
11 15 5
15 18 41
2 6 10
6 12 31
11 15 10
15 19 1
5 9 31
8 12 4
9 14 17
19 21 38
15 18 36
3 6 14
21 23 36
0 4 15
15 18 24
2 4 33
22 2 30
19 21 13
10 13 36
16 20 30
7 11 20
18 21 20
0 3 2
23 3 27
5 8 7
3 7 17
12 16 43
1 3 21
19 22 26
10 13 18
4 8 19
17 20 23
17 20 33
12 13 27
16 19 3
12 16 35
21 0 10
9 12 22
8 11 39
1 4 4
14 18 7
17 19 37
10 13 34
22 1 27
10 12 27
20 23 38
18 21 25
13 15 42
11 13 27
9 12 14
3 6 15
9 12 29
6 9 26
6 10 39
9 12 25
19 23 1
19 23 22
3 6 21
16 20 7
12 12 10
7 11 37
10 12 18
6 10 28
12 15 29
18 22 45
17 18 20
12 16 20
19 0 17
15 19 1
0 4 12
12 14 24
18 21 26
13 15 40
8 10 2
18 22 27
15 17 38
18 21 13
4 7 2
14 17 37
12 16 15
4 8 39
20 23 18
15 19 21
4 7 3
1 4 31
14 15 29
6 11 41
17 20 17
13 17 12
17 20 44
0 3 40
19 21 33
12 16 29
14 18 29
23 2 25
3 4 33
3 5 22
2 4 37
4 6 20
23 3 15
15 19 17
12 15 9
18 20 18
4 6 14
15 17 5
0 4 10
23 2 19
8 11 9
23 1 40
8 11 37
11 16 37
11 15 25
11 14 11
20 0 3
7 9 11
4 4 34
12 15 37
0 1 31
10 14 44
22 1 13
1 4 14
0 2 45
15 17 21
17 20 11
3 4 19
3 7 26
7 10 32
17 19 17
6 9 12
17 21 26
8 10 5
2 7 25
9 12 36
15 18 45
9 11 22
7 10 42
11 14 10
18 22 45
15 17 3
11 14 12
0 2 26
22 2 21
5 9 9
18 22 15
1 4 19
18 20 3
3 6 13
22 1 24
7 11 40
9 12 6
13 16 16
5 7 44
6 9 31
21 23 32
13 16 8
9 11 39
0 3 37
4 4 5
12 15 45
5 8 39
6 8 45
13 14 4
12 16 10
13 15 31
16 18 18
9 12 39
7 10 4
9 12 35
14 15 30
17 21 35
6 9 5
21 23 30
10 10 6
20 23 9
15 18 15
14 17 4
5 9 16
16 20 12
13 17 38
18 20 6
2 4 26
1 4 24
3 6 2
7 10 5
3 6 40
16 20 7
21 0 42
5 8 33
13 18 8
18 20 13
9 13 15
17 20 26
21 2 30
7 10 15
23 2 23
11 15 13
13 15 10
5 7 40
2 4 14
3 7 29
2 3 31
23 1 25
15 19 16
6 8 42
19 22 42
15 17 3
21 0 24
4 6 14
8 11 37
4 8 34
3 5 42
23 3 6
17 20 27
12 14 3
18 20 32
20 0 29
7 9 1
22 1 1
10 14 18
10 13 14
20 22 45
4 7 36
8 13 33
18 20 4
8 11 30
17 20 25
5 7 16
4 7 37
15 17 26
16 17 38
13 17 44
9 13 44
3 7 43
11 14 6
0 4 45
4 7 17
11 13 39
6 10 26
0 3 9
9 12 27
0 4 6
16 18 42
2 5 23
2 5 22
3 4 34
15 17 36
3 7 28
5 7 28
8 11 10
5 8 33
19 19 32
14 14 39
14 19 32
15 19 8
15 16 36
7 10 8
9 12 20
20 23 1
8 10 13
16 20 4
7 13 25
15 17 25
1 4 27
9 11 4
19 22 20
18 20 28
8 12 25
0 3 13
13 16 36
11 14 5
17 20 20
19 21 35
6 9 26
8 12 10
6 10 26
1 3 30
12 17 16
1 4 40
17 19 43
5 8 3
21 2 33
11 14 37
5 6 27
18 21 19
14 18 43
16 19 45
22 23 25
18 22 18
23 0 5
3 6 8
8 10 37
6 10 34
9 12 36
23 2 43
12 16 33
1 5 3
1 3 39
22 0 26
7 9 33
8 10 34
4 8 17
17 20 37
2 6 9
7 10 37
1 4 9
16 20 24
10 13 18
22 0 1
21 0 20
23 2 10
11 15 31
15 16 37
18 22 4
20 22 43
21 0 44
0 2 10
3 5 31
21 0 26
9 11 24
11 14 14
23 3 27
12 15 35
6 8 18
6 8 8
18 21 12
4 9 23
16 21 25
19 21 12
5 6 1
12 13 15
22 0 15
5 9 44
14 18 34
13 17 26
8 10 37
1 3 40
11 13 19
4 7 29
9 12 4
17 19 4
9 12 16
23 1 9
6 10 20
21 1 3
17 19 35
4 6 2
20 23 9
1 4 16
14 16 9
6 8 3
2 4 35
23 2 16
9 13 5
16 18 24
22 0 9
22 0 28
3 7 43
5 9 35
7 11 31
12 15 13
1 4 14
4 6 31
12 14 33
23 0 40
16 20 18
19 22 15
12 14 27
11 13 41
4 5 31
7 11 37
12 16 11
2 5 5
18 21 9
11 14 37
18 21 13
16 19 40
11 15 5
2 5 20
11 14 7
8 10 29
1 6 9
2 4 15
12 15 39
15 20 15
16 19 25
12 15 15
15 18 41
8 10 10
23 2 28
14 17 18
20 0 22
8 10 4
12 16 35
1 4 14
18 22 36
3 7 8
0 4 15
0 5 11
23 1 43
18 21 3
14 19 35
6 8 2
17 20 28
8 11 24
20 22 15
17 20 29
16 20 29
21 1 43
1 5 8
3 6 39
16 20 30
8 10 8
9 14 18
12 14 25
23 1 28
19 22 21
21 1 30
7 11 7
21 23 20
13 17 20
11 14 18
23 0 43
13 14 36
23 2 14
21 1 12
7 10 19
14 16 39
14 15 11
4 7 33
9 12 43
8 12 9
16 20 31
1 5 45
12 17 34
19 22 45
20 21 42
3 6 9
18 23 21
4 7 6
5 7 37
18 22 11
18 21 40
1 4 32
12 14 13
13 16 29
21 2 43
0 1 40
20 22 26
22 0 26
22 1 33
8 11 14
11 13 23
11 14 41
19 0 14
1 3 9
22 1 38
17 20 13
9 13 36
21 0 34
0 1 38
17 20 9
2 6 16
8 11 16
3 7 32
0 4 17
14 18 35
5 8 16
13 15 5
5 7 24
6 9 7
5 7 33
0 5 40
12 14 10
6 9 45
11 16 8
13 16 23
20 0 40
9 11 18
10 13 23
2 5 30
10 14 12
4 6 22
17 20 25
13 16 27
4 7 1
12 16 6
11 14 12
23 2 15
4 6 7
11 14 24
16 19 38
19 23 32
9 13 10
20 0 33
7 9 44
21 0 13
5 7 16
23 3 33
0 2 28
5 7 23
1 5 32
10 12 34
2 5 6
4 8 44
19 20 10
0 4 27
21 0 13
20 0 36
7 11 29
19 20 6
2 3 44
7 10 42
19 21 45
8 11 40
1 4 15
0 3 11
19 21 41
18 20 41
19 23 41
18 21 5
23 3 12
12 16 33
18 21 6
3 6 43
14 18 41
17 21 21
15 17 39
8 11 22
13 17 9
13 15 42
17 20 8
19 21 34
17 20 9
12 15 7
5 9 16
0 2 35
6 9 35
17 20 34
17 20 43
21 1 7
12 14 19
6 9 42
5 9 15
9 11 4
16 19 38
12 16 38
9 13 17
18 20 3
6 9 23
15 21 12
9 11 10
15 19 37
9 13 40
20 0 26
16 18 11
12 13 28
13 17 29
15 19 29
9 12 28
3 6 30
18 20 29
10 12 7
1 5 45
1 3 4
9 10 7
1 5 17
14 18 45
21 0 9
18 21 10
19 22 23
17 19 12
13 14 7
3 7 36
11 15 31
12 17 6
10 14 7
14 19 19
12 16 27
18 21 9
0 2 22
5 8 21
1 4 18
20 0 13
9 10 19
20 23 12
7 10 23
8 11 22
1 5 37
0 2 16
21 23 6
10 13 22
22 3 19
11 14 1
16 19 11
13 16 6
7 10 31
14 17 4
17 21 25
9 12 41
19 22 40
15 19 4
7 10 6
7 9 2
9 12 11
10 11 44
0 3 22
0 3 39
13 17 17
12 16 2
18 21 37
6 8 13
22 2 8
20 22 44
14 17 43
12 14 17
5 8 33
8 10 28
17 22 34
23 2 33
6 8 19
6 9 33
22 1 40
1 7 2
5 8 18
14 16 8
6 9 42
17 19 39
0 2 37
22 1 38
7 10 31
13 17 18
5 8 37
0 3 3
0 3 40
10 13 1
20 21 10
19 21 25
23 2 9
22 0 27
22 1 18
2 4 35
8 10 4
18 21 10
0 3 32
5 8 20
20 22 27
3 6 12
18 21 14
23 3 22
0 2 30
9 14 39
12 15 36
12 16 13
17 20 43
18 22 37
16 19 25
14 18 45
18 22 32
19 23 12
22 0 29
1 4 3
21 1 19
11 14 3
11 15 30
12 15 17
20 22 30
17 19 45
23 2 2
14 17 17
14 16 25
20 23 16
20 23 21
19 23 3
1 4 12
22 2 33
3 4 29
23 2 44
3 6 35
0 4 23
16 18 27
2 6 8
17 19 34
6 8 36
13 15 45
13 16 2
22 1 36
23 2 35
14 17 31
10 13 17
14 16 35
20 22 22
15 19 43
7 8 12
9 12 2
4 6 43
12 15 6
15 19 37
18 23 6
21 1 30
10 13 9
22 1 14
12 15 16
13 16 5
9 12 6
23 1 20
13 16 16
16 19 13
23 3 33
7 10 5
18 22 10
12 16 43
19 23 5
4 8 12
7 10 12
6 8 1
4 6 37
2 6 18
3 4 20
13 18 36
9 14 44
11 14 20
12 14 41
6 10 18
23 3 28
21 23 41
21 0 18
1 4 13
3 7 38
19 20 34
16 19 39
11 17 13
13 15 26
19 22 18
5 8 32
20 0 28
10 13 8
1 5 42
9 12 20
20 21 36
8 10 29
19 23 5
2 6 34
6 10 30
11 15 31
15 19 5
12 16 2
3 6 31
20 23 30
17 21 27
17 18 25
21 1 2
12 15 44
0 5 29
16 20 16
14 16 27
4 7 4
3 6 14
1 4 4
6 10 13
1 3 13
18 20 9
8 11 16
1 6 5
6 9 43
23 1 33
14 17 29
22 1 27
1 5 43
20 23 27
14 17 21
2 5 34
16 19 32
15 19 22
23 3 31
11 13 3
10 14 20
17 21 20
18 23 20
1 4 25
23 3 36
21 1 22
21 23 22
19 23 35
18 22 33
19 22 11
15 18 12
8 13 7
10 14 3
8 10 28
23 1 45
20 23 31
11 14 33
23 1 5
10 14 1
3 6 9
15 18 13
2 4 36
11 14 27
21 23 17
5 6 43
8 10 1
4 6 5
12 15 9
14 16 32
2 6 18
17 18 20
13 14 40
13 17 15
14 20 13
6 8 38
18 21 36
10 13 3
7 11 1
23 2 8
5 9 36
5 7 27
19 22 43
23 2 30
22 1 23
18 22 19
10 11 28
4 7 20
14 18 45
20 22 22
2 5 9
9 12 11
7 11 35
18 21 16
5 8 15
18 21 15
1 5 17
5 9 41
8 11 38
7 9 6
4 7 19
6 9 42
8 12 32
15 18 39
11 14 23
17 21 41
12 15 8
6 9 26
14 17 16
16 18 11
11 13 14
12 15 40
8 12 23
5 7 25
13 16 15
20 23 3
13 15 30
2 4 36
18 21 45
2 5 16
16 18 17
21 23 32
16 19 13
19 19 21
3 5 4
21 1 37
4 7 8
21 1 29
7 8 30
4 9 30
1 5 44
7 11 17
22 2 27
5 7 11
1 4 8
15 16 33
19 22 36
2 5 44
2 4 22
7 11 45
1 4 4
18 21 39
23 2 11
1 4 45
15 18 44
23 1 32
6 10 2
4 6 35
13 15 7
8 11 35
12 14 19
8 12 35
19 22 25
9 14 34
16 19 13
5 6 27
2 4 39
23 2 2
9 13 5
1 4 1
16 19 33
2 4 34
20 22 29
11 14 33
14 19 4
0 2 45
20 22 9
4 7 28
20 23 28
5 6 14
18 21 7
8 11 9
1 3 14
15 18 45
15 18 2
11 15 41
9 13 39
22 0 14
3 6 21
9 12 34
14 18 29
18 21 44
9 11 41
11 13 9
16 20 10
19 22 5
19 22 14
22 0 18
2 4 3
0 5 14
0 5 36
7 10 9
10 13 37
13 15 43
11 16 27
17 20 41
21 1 6
8 9 2
4 7 22
7 10 33
20 21 3
17 18 23
9 12 25
0 3 43
22 1 26
18 20 9
17 21 10
2 5 33
11 15 16
11 12 32
12 17 39
11 13 26
4 7 38
16 19 21
4 7 41
16 20 13
2 6 17
16 18 33
17 21 8
17 20 18
13 16 31
17 20 14
11 12 15
9 10 41
21 23 11
3 5 23
2 6 31
6 9 24
1 6 11
18 21 31
15 20 35
0 4 26
17 21 17
14 17 8
19 22 18
1 3 39
0 4 32
19 23 34
3 6 44
20 1 4
19 22 20
10 13 7
13 18 9
10 13 21
21 22 12
17 20 5
22 0 45
10 14 7
18 21 17
4 8 41
10 12 27
7 11 40
6 8 14
20 22 7
1 5 18
20 0 23
5 7 25
11 14 45
0 3 45
7 10 21
10 13 28
20 1 29
12 16 29
12 15 34
6 9 37
8 11 18
0 2 5
4 7 12
12 14 35
19 22 12
4 7 24
14 17 43
11 15 11
14 17 37
19 22 33
13 15 1
21 0 18
22 23 45
7 9 9
15 17 17
5 8 31
12 14 34
0 1 30
5 8 39
12 15 21
13 19 2
17 20 33
12 15 22
10 12 26
8 12 15
5 7 26
20 23 10
5 9 13
1 3 23
7 9 26
1 4 13
7 11 29
18 23 25
13 17 18
4 7 31
7 9 43
1 4 23
19 22 29
14 18 36
6 10 11
9 13 37
3 7 35
6 9 21
12 14 20
8 12 12
19 23 17
11 16 45
2 3 31
3 7 21
9 11 7
22 1 8
6 8 31
21 1 7
16 20 39
2 5 39
22 0 36
11 15 21
15 17 6
21 23 13
9 12 37
7 9 40
9 13 16
2 6 31
3 7 19
19 20 28
22 0 44
6 9 7
4 8 3
14 16 32
18 21 40
13 18 30
18 19 37
11 14 31
11 15 34
19 23 19
16 19 18
22 1 16
1 6 15
18 22 26
10 13 10
10 12 40
13 17 13
21 23 6
4 7 22
22 1 19
8 11 3
17 21 18
3 3 33
17 20 18
8 10 44
3 6 20
12 15 10
4 8 4
23 1 19
2 6 17
17 17 13
5 7 23
6 11 37
5 6 32
6 10 38
23 3 23
5 7 3
14 16 1
12 15 31
5 8 32
22 0 41
8 12 3
8 12 23
5 7 28
5 8 22
3 5 41
15 19 26
12 15 26
17 18 21
22 2 38
19 21 27
17 20 40
0 2 16
18 21 2
9 13 27
12 16 14
7 11 23
23 4 22
10 13 22
4 7 20
1 4 41
18 20 15
21 1 18
4 5 37
11 15 27
20 23 15
1 5 34
10 14 35
10 14 39
15 17 2
8 10 31
2 4 8
5 9 3
22 2 37
18 23 9
7 11 19
18 21 37
5 7 26
5 8 11
21 1 43
6 8 13
16 19 41
12 15 12
17 19 33
5 7 38
16 18 37
1 5 19
18 20 31
17 19 21
12 15 11
23 2 9
3 8 8
23 2 5
4 8 21
14 17 32
0 3 15
22 2 19
8 12 38
1 4 10
5 7 27
3 5 7
7 9 26
16 18 1
3 6 38
16 18 36
13 18 24
14 18 4
0 3 43
18 21 43
6 8 27
12 16 4
17 20 29
14 17 15
2 4 43
19 22 37
20 1 24
14 17 32
2 4 18
10 16 32
17 20 19
5 10 45
1 3 27
6 8 8
9 12 13
15 19 20
6 9 13
20 22 45
4 5 5
18 21 34
10 12 35
19 21 16
19 0 43
13 17 34
21 0 33
20 23 31
2 4 33
14 16 11
2 8 12
18 20 3
14 17 37
18 20 1
19 23 27
4 7 34
7 9 8
17 22 9
9 13 33
4 7 4
22 0 13
6 9 16
2 5 19
1 4 33
18 20 18
20 21 15
20 23 2
18 22 45
4 6 3
7 9 31
3 7 27
8 11 6
17 20 28
13 15 45
15 18 33
23 2 35
17 20 25
9 11 10
11 14 32
17 23 15
9 11 33
7 10 22
16 19 36
11 15 4
13 16 20
14 17 11
2 3 4
2 5 33
6 10 7
13 17 3
14 17 4
9 12 4
3 7 42
3 6 25
8 12 27
13 15 45
7 11 3
1 5 33
8 12 23
17 19 45
17 19 40
14 16 1
1 4 12
0 4 22
1 3 41
12 14 12
22 1 19
4 7 21
12 14 26
20 23 26
10 14 44
0 2 1
20 23 2
12 14 30
4 7 21
23 2 39
7 10 39
6 9 42
17 19 30
6 9 19
13 14 37
15 17 40
1 4 13
16 19 14
17 18 4
11 15 2
18 20 11
4 8 18
2 4 27
13 16 33
5 11 5
1 3 2
18 23 16
13 17 8
15 18 42
1 6 30
13 18 15
18 20 11
13 15 22
19 0 33
20 23 40
9 12 9
4 8 19
18 21 13
11 14 13
4 7 42
11 13 25
23 1 23
12 16 25
17 20 14
4 6 30
17 20 11
17 20 31
12 15 2
21 1 3
3 6 40
18 20 41
20 23 1
6 8 36
19 21 37
20 23 41
16 20 43
3 5 39
3 5 33
20 23 37
20 0 11
6 10 36
6 8 30
13 17 26
8 13 1
17 20 40
0 4 39
7 10 4
18 21 20
6 10 43
15 16 26
16 20 4
20 0 12
13 16 2
11 14 2
23 1 31
5 8 6
15 18 24
0 2 22
0 3 43
13 17 26
19 21 14
12 15 4
1 4 2
13 17 19
1 3 16
23 1 18
16 19 10
2 5 12
8 12 12
23 1 25
10 13 11
6 10 14
19 23 23
1 5 6
19 22 45
22 1 9
15 19 36
0 4 37
16 19 16
16 18 16
19 22 30
1 3 14
2 6 38
11 13 30
9 11 20
17 19 10
13 14 37
9 14 15
23 1 32
10 14 42
16 18 7
21 1 23
22 1 19
1 7 9
8 11 8
11 14 17
4 6 40
11 16 9
1 3 16
16 19 40
16 19 33
22 2 19
13 17 20
4 8 38
11 14 33
9 13 18
4 6 25
20 23 34
18 22 14
20 22 38
2 4 3
16 18 6
21 0 16
15 19 25
4 6 40
20 22 19
6 9 21
9 13 2
9 13 27
9 13 10
11 14 7
13 17 3
13 16 20
4 9 35
17 21 45
23 4 45
17 22 17
7 8 32
22 0 40
1 5 41
7 9 18
8 11 25
7 9 40
14 15 27
13 16 33
8 10 35
16 19 38
18 22 22
10 14 42
23 1 9
1 3 38
7 9 33
15 20 32
1 6 34
17 20 7
12 15 43
16 19 45
8 12 39
20 23 8
14 18 5
6 8 16
21 23 37
10 13 44
18 22 15
14 17 40
19 22 20
16 18 2
1 5 24
9 13 12
16 21 14
5 8 24
13 17 12
17 20 34
10 12 28
14 16 7
10 13 41
8 12 20
4 8 18
9 12 43
2 4 8
1 5 35
17 21 25
10 13 32
7 11 4
1 6 5
19 21 11
9 12 10
1 3 16
12 16 33
12 14 2
17 21 8
5 10 34
17 20 10
2 4 14
2 6 19
10 12 10
18 21 27
23 0 2
21 0 45
8 11 44
10 14 9
1 4 42
1 3 9
6 9 8
0 4 34
19 21 9
8 10 1
8 11 10
10 14 30
23 2 34
2 5 42
19 23 45
5 9 9
14 16 33
15 18 10
12 14 13
0 3 30
20 20 9
7 8 35
23 3 19
21 0 35
5 9 44
8 11 26
12 13 38
19 21 1
22 0 33
12 17 37
4 6 37
16 19 39
15 17 4
3 6 25
22 2 20
21 23 27
19 22 44
17 20 36
17 18 4
5 9 2
23 1 3
1 4 44
18 20 38
14 18 36
22 0 38
20 0 6
17 18 36
20 22 42
2 4 43
2 4 7
20 0 45
7 10 39
0 4 39
9 13 36
21 23 28
21 1 2
20 23 44
7 11 20
15 17 10
2 5 25
2 4 18
11 13 12
17 22 35
14 19 28
17 20 4
17 19 9
14 19 39
10 12 36
19 21 34
0 2 3
5 7 27
15 18 34
6 10 7
2 6 7
23 3 18
23 3 41
13 16 13
11 15 27
3 5 43
8 12 15
3 7 2
20 22 24
3 6 21
16 18 3
5 9 22
3 6 33
16 18 23
16 20 41
23 1 26
2 5 41
12 17 38
22 1 38
11 17 25
13 16 44
18 19 16
12 15 16
16 19 26
4 6 1
21 1 2
3 5 8
7 11 18
12 14 18
11 13 19
1 4 16
6 9 21
6 8 32
23 1 9
10 13 4
1 4 25
12 14 32
3 7 33
6 8 15
0 3 37
13 16 23
4 6 8
8 10 38
10 15 17
15 18 38
4 7 44
1 4 22
3 6 32
18 21 35
16 19 26
13 15 23
19 21 44
19 23 7
10 13 44
11 15 45
4 6 15
4 7 28
13 15 32
8 9 24
12 16 40
22 1 8
22 23 5
23 1 21
14 17 38
9 11 41
9 11 27
3 8 28
12 14 10
21 21 29
18 21 14
8 11 43
23 3 28
22 2 1
6 9 42
7 11 24
15 19 36
8 12 24
21 23 8
18 20 14
18 20 9
20 23 44
11 12 17
16 18 28
13 16 2
17 20 44
1 3 32
5 7 36
3 6 1
16 21 45
16 18 42
19 22 10
16 20 36
10 13 7
20 21 11
18 19 43
10 12 4
4 8 38
18 21 11
3 6 36
19 21 43
19 22 34
18 19 17
19 21 21
22 2 30
0 3 41
1 3 3
5 7 35
14 17 27
16 19 7
0 4 2
5 6 18
0 5 11
16 19 18
15 17 19
4 6 15
16 20 28
5 9 32
4 7 12
0 2 41
5 9 41
16 19 44
2 4 12
17 21 19
8 9 4
9 13 4
17 20 36
18 20 10
1 3 16
3 6 45
21 0 36
20 0 35
18 19 41
18 20 24
1 6 5
15 18 27
6 7 42
18 21 28
6 9 24
12 14 40
16 20 4
16 19 6
9 12 39
2 3 12
21 0 30
15 20 1
14 17 14
0 3 36
1 3 25
18 20 11
12 16 37
5 9 5
1 4 27
6 10 45
18 20 5
11 16 34
23 2 35
23 1 19
22 0 33
3 4 28
1 4 37
0 2 33
11 13 24
19 23 42
1 5 15
13 16 3
2 5 32
4 5 27
8 10 39
7 13 18
9 13 6
9 13 5
16 18 30
16 19 45
23 2 4
13 16 31
20 0 36
23 1 16
13 16 19
22 0 27
0 3 22
6 8 30
8 11 23
4 7 11
22 1 9
19 20 6
7 10 30
16 18 35
17 19 26
17 20 11
15 18 13
18 22 29
4 8 2
23 3 24
23 2 11
17 20 31
23 1 14
9 12 38
19 22 30
10 13 40
16 19 21
15 20 17
6 10 40
8 10 34
14 16 30
5 7 7
1 4 26
20 0 21
11 15 19
13 14 37
9 13 9
8 12 7
4 7 5
9 12 33
13 17 20
2 5 3
3 5 33
10 15 26
18 21 22
22 1 23
3 7 34
2 5 17
3 7 15
1 6 35
12 14 25
6 9 15
17 21 27
1 4 4
4 7 8
10 14 25
2 6 27
7 11 24
22 1 21
5 8 31
12 15 19
14 18 26
17 20 16
13 15 36
18 22 2
8 11 16
15 18 27
3 6 5
5 8 17
11 14 34
16 18 30
22 1 6
17 19 28
6 9 41
12 14 9
2 5 20
10 14 21
11 11 6
17 20 26
8 11 27
6 8 43
23 2 12
17 20 18
20 0 1
1 6 22
12 15 37
0 1 19
5 7 14
5 7 4
16 18 42
14 16 26
2 4 16
2 3 18
22 1 45
2 6 23
10 14 27
22 0 14
21 0 2
18 22 10
10 16 26
20 0 37
2 5 6
5 8 35
12 16 29
2 5 8
23 4 40
22 1 33
12 13 34
12 15 14
13 16 45
7 10 32
8 10 36
14 18 40
16 18 11
15 19 7
6 9 39
9 12 43
16 22 31
21 0 40
12 14 5
19 23 2
7 11 1
5 7 35
15 18 2
18 21 37
5 8 41
3 7 25
9 12 38
18 20 3
10 12 17
23 1 20
17 21 3
0 2 26
3 6 22
5 8 42
22 0 45
9 10 16
14 16 16
16 18 5
19 22 27
5 9 28
15 18 20
20 23 28
21 0 42
4 7 23
10 13 42
13 17 42
22 1 31
2 6 38
2 3 35
3 5 17
4 6 7
6 10 21
8 10 12
0 3 2
7 10 15
6 10 24
8 10 39
1 3 15
19 0 14
15 18 27
13 16 7
15 17 42
9 12 12
16 19 22
16 20 17
22 0 17
9 11 9
14 17 21
17 20 30
0 3 25
7 10 21
15 19 30
15 18 44
8 11 45
5 8 30
4 7 42
1 3 1
8 12 4
16 20 3
13 14 29
2 5 32
3 6 25
12 14 26
15 18 9
12 14 8
13 16 13
7 10 40
5 8 12
18 20 16
21 0 45
8 11 40
3 7 42
2 5 10
12 16 16
7 10 10
8 11 21
2 5 33
4 6 10
21 1 9
2 5 10
0 4 27
3 6 35
6 10 27
15 18 39
19 22 44
9 11 2
20 21 26
11 15 34
19 22 14
22 2 17
1 5 11
14 18 2
21 23 18
20 0 13
0 2 12
2 5 29
5 8 21
1 5 41
13 17 43
3 7 31
8 10 16
10 13 7
7 10 18
20 23 40
17 18 12
1 4 37
7 10 30
13 15 40
13 16 18
4 6 2
11 16 24
9 12 16
9 13 35
12 13 18
9 12 43
12 16 15
6 9 30
3 5 6
7 8 16
7 9 6
12 13 6
11 13 7
6 9 35
12 16 11
11 11 27
16 18 6
10 14 6
20 0 4
14 16 18
11 14 42
15 19 8
5 10 5
16 17 45
13 17 31
14 17 28
4 8 19
2 4 22
11 14 24
7 10 7
0 5 26
9 12 7
10 12 14
3 7 22
15 16 18
7 9 18
0 2 32
5 8 33
14 17 2
8 10 14
15 19 34
9 12 38
4 7 25
15 18 26
20 23 34
19 21 15
5 7 15
1 3 5
0 3 20
11 14 35
19 22 21
17 21 43
6 9 8
2 5 39
0 4 39
0 4 2
23 3 19
2 6 44
14 16 18
17 21 16
13 16 34
23 3 16
9 13 36
3 6 37
10 13 41
17 19 28
21 0 35
7 11 15
4 8 21
9 13 17
11 15 45
4 7 9
14 18 29
1 6 2
5 8 6
10 13 28
11 13 13
22 2 3
6 8 25
10 12 18
10 12 40
11 15 43
9 12 3
4 7 2
17 22 16
7 9 36
16 18 36
6 9 25
9 10 28
2 4 26
23 3 39
7 11 33
3 6 22
6 9 1
12 15 5
2 6 2
22 2 8
4 5 12
3 7 3
15 17 25
7 9 16
19 21 21
21 23 40
23 3 42
4 7 15
3 8 36
9 11 35
18 22 10
1 2 7
9 13 39
0 1 25
14 18 9
18 21 10
23 0 10
22 1 19
22 0 34
23 1 4
22 3 8
0 3 29
22 1 9
22 1 35
10 12 41
4 7 26
13 14 21
11 15 18
17 20 45
22 0 45
10 12 27
3 7 21
2 4 13
23 2 37
15 18 14
15 17 21
2 5 4
19 22 39
19 22 20
3 5 12
15 18 14
9 10 19
0 1 33
10 13 4
11 14 13
14 16 33
22 0 30
15 18 21
16 21 40
15 19 43
15 17 14
1 4 15
21 1 40
10 12 19
3 6 33
17 20 11
18 19 17
10 13 1
12 15 2
4 6 37
10 13 11
0 3 7
5 8 8
11 12 1
13 16 42
8 12 42
20 0 20
9 12 1
22 0 7
11 14 7
1 5 3
21 0 33
2 4 41
1 3 9
6 8 35
8 10 12
3 6 27
9 10 29
16 19 18
2 6 10
8 10 31
6 9 29
16 20 10
21 23 38
0 3 29
13 15 30
10 13 27
7 12 17
5 7 1
21 23 2
8 9 45
2 4 7
9 13 22
8 12 16
2 4 43
11 13 14
0 4 7
23 5 13
4 6 43
19 22 25
8 12 17
5 8 14
23 2 12
2 5 26
21 1 16
7 9 44
13 15 12
13 17 24
6 8 8
0 3 38
11 13 37
2 4 10
22 0 42
5 7 40
16 19 10
4 6 12
10 14 11
8 11 30
13 16 43
11 13 13
22 0 20
16 19 36
6 8 45
17 21 20
20 22 39
11 15 20
2 4 17
17 20 24
19 22 5
14 17 3
17 19 17
0 3 26
23 1 6
19 23 41
17 20 3
12 14 31
19 22 32
8 11 39
1 6 37
3 7 45
8 10 9
2 5 23
9 15 2
6 10 7
3 5 3
22 1 31
4 7 36
23 2 23
16 19 24
18 20 33
10 15 10
23 2 2
13 17 22
13 14 18
3 4 1
14 18 41
2 4 19
2 4 41
4 7 16
12 15 39
8 12 22
4 8 34
10 14 20
5 9 30
22 1 32
9 13 38
6 7 18
7 9 11
3 7 25
15 19 36
7 8 45
21 1 3
23 0 3
1 3 9
2 5 7
22 2 23
22 1 38
19 23 13
17 19 44
2 5 18
19 22 2
4 9 38
22 0 6
12 13 42
9 13 4
9 13 5
0 3 14
12 16 28
21 0 17
2 6 41
5 10 39
8 12 26
6 9 14
4 9 11
13 15 9
9 12 15
20 23 19
2 5 25
7 12 36
12 14 13
23 3 45
23 2 20
7 10 15
23 1 39
6 8 27
8 9 16
2 5 6
13 16 2
3 4 23
5 9 19
5 7 8
14 16 10
19 22 9
10 14 33
2 5 45
13 17 29
0 3 37
5 8 3
21 2 21
13 16 38
6 10 42
5 8 35
18 20 14
0 3 23
21 2 22
4 7 42
6 10 10
17 22 1
7 11 41
5 6 7
11 15 42
23 2 22
8 11 28
23 2 17
17 21 3
22 1 18
16 19 34
23 2 1
10 14 40
0 3 14
7 10 16
19 22 34
3 6 17
2 5 5
20 22 24
23 0 1
3 5 22
0 3 16
0 4 40
15 19 17
17 21 9
22 3 23
0 5 11
7 8 41
6 7 38
13 14 27
19 22 44
12 16 41
19 22 7
1 4 9
1 3 3
23 5 29
10 12 18
7 10 34
2 5 7
9 13 19
19 23 29
18 23 33
7 10 10
16 19 22
1 4 22
8 11 40
14 17 1
1 2 9
20 22 10
19 20 11
9 12 10
21 0 17
14 15 40
23 2 35
13 16 41
16 20 36
10 12 8
21 2 34
17 21 16
3 7 36
13 17 12
12 16 31
8 12 45
15 18 4
7 10 29
3 5 11
15 18 31
20 23 36
2 5 21
1 5 20
19 23 35
18 19 7
13 16 24
23 1 28
13 16 21
19 21 11
22 2 45
3 6 26
1 5 36
23 3 45
23 2 28
18 20 2
19 21 28
17 19 13
7 10 3
13 15 26
15 18 12
16 19 23
4 6 11
7 9 10
4 8 21
9 12 13
19 23 37
11 14 17
9 13 5
15 19 42
1 5 41
15 20 32
13 15 27
22 1 5
21 0 16
10 13 17
15 20 6
19 22 31
9 12 16
20 23 16
18 21 38
8 10 21
16 21 37
11 11 20
19 22 13
4 7 6
12 15 41
23 0 20
18 22 24
17 20 9
23 0 39
18 20 31
0 4 44
11 15 22
2 7 5
8 11 21
4 7 16
11 13 13
5 8 36
19 22 19
11 13 14
16 20 37
1 2 17
0 5 36
12 15 11
15 18 44
8 11 8
21 0 28
22 0 17
21 0 6
23 1 25
7 11 3
14 15 30
12 16 38
4 7 9
18 23 44
12 13 23
22 1 6
3 8 44
14 17 26
5 6 29
20 0 28
17 19 32
7 9 26
11 13 1
15 17 23
22 1 44
21 23 34
20 23 41
8 10 19
23 3 18
16 19 43
20 22 39
0 3 15
11 16 37
13 16 5
16 18 32
9 13 21
11 12 30
5 6 8
20 23 7
14 16 44
10 13 3
6 8 34
14 18 27
11 13 42
23 3 18
6 11 3
23 3 15
17 20 19
19 0 11
15 18 27
18 19 11
12 16 22
19 22 21
7 11 39
2 7 23
8 11 26
2 7 30
17 22 18
16 17 19
6 10 13
11 13 33
0 4 14
1 6 22
2 5 32
6 8 23
12 15 2
19 20 21
4 7 8
14 17 35
11 14 41
23 1 18
13 17 2
22 2 38
11 14 15
12 16 26
8 9 32
17 19 26
7 9 14
0 5 22
22 3 29
18 22 2
18 21 31
15 17 36
20 22 24
4 7 30
6 10 10
6 8 43
16 18 7
14 18 2
21 2 15
12 16 7
10 13 28
9 10 39
18 18 27
15 16 34
1 5 6
21 23 37
20 23 7
17 19 2
4 8 23
19 23 16
0 2 33
20 0 43
17 21 13
9 13 36
6 9 21
5 7 15
2 4 13
8 11 4
15 19 2
8 12 27
11 13 14
5 8 3
8 12 27
23 2 25
11 14 18
20 23 1
13 15 13
10 13 5
16 18 29
11 16 20
8 11 15
6 10 11
19 23 20
13 15 6
6 11 36
19 21 40
5 8 33
21 23 4
5 7 28
12 15 17
22 2 5
23 2 23
8 11 38
4 8 30
18 21 21
5 8 4
7 10 39
1 4 3
9 11 3
17 21 2
15 18 36
19 22 8
22 2 24
14 17 15
15 18 17
20 23 24
21 23 21
2 6 27
9 11 17
7 10 1
14 18 21
10 14 41
1 3 22
19 23 25
22 1 42
16 19 29
1 5 31
17 19 6
13 17 42
10 13 27
20 22 30
2 5 28
15 17 17
0 3 9
9 12 36
3 6 29
8 12 10
6 6 26
6 8 8
15 17 10
13 16 35
22 0 11
11 15 35
2 5 19
5 7 10
18 21 35
1 4 4
13 16 1
3 6 21
8 11 44
18 22 7
9 13 26
7 10 27
13 16 18
6 8 4
0 1 32
3 6 3
20 0 8
20 0 10
20 0 33
19 0 17
19 21 30
13 15 37
0 3 29
8 11 9
0 3 34
15 19 1
19 22 7
19 22 22
11 13 15
22 3 27
0 4 21
7 10 31
13 17 7
16 20 13
10 11 44
10 13 23
15 18 19
0 5 11
1 5 7
0 4 7
23 3 14
8 10 1
20 22 23
12 15 28
2 3 40
23 0 38
6 10 6
2 7 28
2 4 35
0 4 3
22 2 43
18 0 27
3 7 11
18 21 34
13 17 13
2 6 17
15 18 5
0 4 19
13 16 14
1 2 6
14 17 36
15 18 22
14 16 5
8 11 36
17 22 20
21 23 2
15 18 24
5 8 32
7 10 15
12 16 31
17 19 16
1 5 6
10 14 30
10 12 43
23 1 23
2 5 29
9 12 2
19 22 42
12 15 2
7 10 21
21 1 39
17 20 4
14 16 21
18 21 6
12 14 31
16 19 22
2 5 39
23 3 17
21 23 40
4 7 4
0 5 6
7 9 19
18 20 10
12 15 3
10 14 11
8 11 6
20 23 42
10 14 3
3 8 27
13 15 22
5 8 26
1 3 35
14 16 14
10 13 6
23 2 33
14 17 4
18 21 28
7 8 33
6 10 42
9 13 29
2 5 26
19 23 1
11 14 19
5 7 23
2 6 10
3 7 1
1 4 7
9 14 29
7 10 33
12 17 6
2 6 16
17 19 26
3 6 12
14 18 38
18 22 10
14 17 33
19 22 8
10 12 27
0 3 34
6 10 42
14 17 17
12 15 16
12 16 42
8 10 20
20 23 30
22 2 12
20 0 15
19 21 41
5 8 5
0 2 12
5 7 16
7 9 7
23 2 10
7 11 45
20 0 2
2 5 44
18 22 5
20 1 45
1 6 3
19 22 44
2 5 15
19 22 36
16 19 38
15 18 26
0 3 6
4 8 25
1 2 38
12 15 22
19 22 32
22 1 34
9 11 11
18 21 35
18 23 11
4 7 35
20 23 14
1 5 17
2 3 7
17 20 16
14 16 36
21 0 17
17 20 33
9 11 40
15 18 12
22 1 32
3 4 6
17 19 24
17 21 11
3 7 41
20 23 29
2 4 25
2 4 8
4 9 8
7 10 2
3 7 25
10 12 34
20 22 29
2 5 41
8 10 41
1 5 5
0 2 16
0 3 41
18 20 21
7 9 41
19 22 18
22 3 6
7 11 35
5 7 23
6 10 41
10 13 31
10 15 28
20 22 17
12 15 29
19 20 14
4 7 22
12 16 1
2 7 30
19 22 14
21 23 30
3 5 5
10 14 4
23 0 30
22 1 42
16 19 2
6 8 23
17 20 24
2 4 19
23 2 38
12 16 12
23 2 22
14 16 43
20 23 42
9 13 13
1 4 27
2 4 29
19 21 9
8 13 2
2 4 41
8 12 39
18 22 4
20 23 20
10 14 37
0 3 41
22 0 43
4 7 37
5 6 39
16 20 32
22 0 18
18 21 41
0 4 41
16 20 42
18 20 1
11 17 39
13 16 25
9 14 4
21 0 14
9 12 45
15 19 15
2 5 1
19 23 34
21 0 6
6 9 38
21 0 14
7 10 27
15 19 30
1 3 31
20 23 14
23 0 18
13 16 29
15 17 16
17 20 11
2 4 10
10 13 32
18 22 2
13 17 29
2 5 18
13 14 32
19 20 7
21 2 20
7 11 29
1 4 44
11 15 14
2 3 41
8 13 43
8 12 26
10 13 10
6 10 40
17 20 15
13 15 15
19 22 1
2 5 2
1 3 15
6 9 44
7 11 41
2 4 36
23 2 9
14 16 1
17 19 21
21 0 2
18 21 10
5 7 23
2 5 21
17 20 13
23 1 15
20 23 21
13 15 4
10 13 26
23 1 8
16 20 27
0 2 34
23 1 22
16 20 18
8 11 40
21 0 16
6 11 24
2 4 35
0 2 41
21 0 3
3 6 36
21 1 1
10 13 9
2 5 29
22 23 19
22 0 22
2 4 45
8 11 17
12 15 37
9 12 37
6 11 16
7 9 41
20 21 36
18 21 43
14 15 10
12 13 11
12 16 23
7 11 27
1 4 38
13 17 45
19 22 32
13 16 16
16 19 6
11 13 43
6 8 6
23 2 12
5 8 4
9 11 41
22 0 7
4 9 12
13 16 14
5 9 15
0 3 16
1 5 14
0 2 36
14 17 18
6 9 28
14 15 42
2 5 35
23 2 40
16 19 2
20 0 29
18 21 31
6 10 42
12 14 27
14 18 43
14 18 18
8 9 26
14 17 11
4 6 19
7 9 31
7 10 19
6 10 40
11 12 14
7 9 6
6 10 14
21 23 14
19 21 38
6 9 22
12 14 42
19 22 2
12 16 18
11 12 21
20 23 24
4 8 28
16 18 20
3 8 9
17 18 36
12 15 2
5 8 40
14 16 4
0 3 33
8 12 31
12 15 8
17 21 1
13 15 12
11 14 22
13 16 38
23 4 39
21 0 14
8 10 1
10 12 4
21 22 37
19 22 4
9 13 3
2 5 26
7 9 20
16 18 8
22 2 21
5 7 35
17 20 29
21 1 36
12 17 30
17 21 11
15 19 14
6 8 16
2 5 41
8 10 7
17 21 44
12 15 30
3 6 39
15 17 17
16 17 38
11 15 3
9 12 10
8 10 4
20 23 35
18 20 1
10 13 26
22 1 10
1 3 23
10 13 21
9 11 34
5 9 15
15 17 34
18 23 16
10 14 21
23 2 25
13 17 17
4 7 43
17 20 39
10 12 12
19 21 3
3 6 13
23 3 34
0 2 39
21 0 44
10 12 35
9 12 29
7 7 43
21 0 15
8 11 17
4 6 12
14 15 7
20 1 11
10 12 38
0 3 14
14 16 20
2 6 14
7 11 30
2 5 29
8 12 40
5 9 11
21 23 10
7 10 7
10 13 21
21 0 1
5 8 43
8 11 28
19 22 32
14 18 11
2 6 1
16 20 8
1 3 24
13 18 19
0 3 22
23 1 29
23 1 37
11 15 32
