2000 32
19 7 26 13 15 8 10 1 11 17 23 31 31 9 30 20 28 23 21 21 17 7 28 32 25 30 4 7 28 10 25 27 
17 20 3
0 3 5
3 6 1
5 8 25
23 2 11
10 13 25
12 14 13
0 4 25
8 10 1
13 14 11
18 21 12
4 8 11
12 16 6
16 19 9
4 8 19
0 2 7
1 5 7
10 13 31
18 21 32
12 14 26
15 20 22
12 16 5
22 1 2
11 16 7
18 21 30
18 22 7
4 6 7
20 1 27
19 23 1
22 1 2
16 19 17
4 8 28
8 11 2
5 7 13
6 8 5
5 8 18
17 19 25
0 3 4
7 10 21
18 23 5
9 13 17
6 11 7
15 18 25
21 2 19
9 12 1
1 3 32
8 12 22
16 19 26
23 1 27
4 9 16
14 17 14
22 0 11
7 11 5
12 14 16
22 2 17
4 6 30
16 18 27
22 0 17
11 16 11
22 0 8
7 9 32
16 18 6
3 7 28
10 14 9
5 8 32
16 18 3
5 7 3
5 6 32
12 13 30
1 3 23
1 2 11
11 15 10
7 9 16
11 14 12
3 7 14
11 11 8
8 11 22
1 5 24
22 1 2
17 21 14
17 18 13
1 5 27
10 12 32
5 9 11
16 21 20
19 23 8
12 16 9
11 13 12
16 20 16
0 4 30
17 19 24
0 6 8
7 10 14
8 10 29
23 2 15
14 17 31
21 0 30
23 0 23
10 15 26
10 12 4
12 12 3
21 23 31
1 3 27
16 20 26
6 8 3
20 22 13
19 0 24
0 4 14
12 15 17
12 14 17
2 6 20
10 14 20
3 5 32
4 7 3
19 22 1
7 10 8
17 18 20
7 9 32
18 22 32
21 1 15
21 22 30
21 1 8
5 7 22
23 3 14
10 14 23
4 7 6
21 0 31
5 8 1
17 19 3
16 19 32
15 18 14
21 23 28
22 1 25
17 20 2
7 9 7
20 0 11
2 4 31
19 22 15
11 14 30
15 16 10
12 14 23
17 19 24
13 16 23
22 1 18
4 6 4
4 7 11
6 9 17
17 20 21
14 17 26
9 11 5
5 8 29
20 21 4
13 17 19
12 14 15
8 12 4
23 4 29
18 22 21
3 7 15
8 11 12
3 6 9
18 21 1
9 11 9
23 0 19
18 20 7
15 17 27
19 23 3
17 19 28
19 23 6
19 21 25
3 6 6
4 6 32
4 6 13
16 18 30
18 21 32
8 10 15
19 22 12
11 12 31
16 18 32
2 6 17
9 13 24
8 10 19
23 3 16
22 2 1
22 0 18
14 17 2
2 5 25
4 7 32
12 16 21
14 17 25
4 7 2
23 0 27
0 2 17
20 23 5
16 19 12
21 22 9
10 13 19
18 19 27
17 22 9
12 16 5
18 19 15
20 23 28
3 4 6
11 14 10
8 10 1
10 14 16
4 8 10
7 10 24
23 4 20
23 3 14
6 11 30
4 6 7
23 2 28
14 15 6
15 17 6
6 8 18
11 12 24
17 17 32
3 7 20
0 4 1
14 16 29
15 17 6
9 13 15
4 7 7
0 4 3
23 1 5
2 4 26
23 3 21
17 19 13
23 0 15
16 17 22
11 13 28
11 14 16
5 8 23
4 7 15
22 1 16
7 11 31
13 16 11
11 14 4
19 21 23
15 18 6
1 4 23
6 8 14
20 0 1
14 14 3
2 7 18
8 9 21
13 16 32
14 18 5
0 4 16
12 15 9
11 13 28
10 11 22
22 23 4
12 14 29
11 16 1
1 6 18
15 19 32
3 4 29
16 20 28
8 10 21
18 21 9
3 7 5
19 21 14
8 12 31
4 9 5
20 23 3
15 16 29
20 21 2
10 14 14
1 3 3
5 7 21
23 2 24
8 9 3
22 1 2
10 15 18
4 7 26
22 1 24
22 23 15
15 16 17
7 11 19
3 7 17
22 0 22
1 2 17
10 12 17
8 11 10
3 4 16
6 10 2
21 0 21
11 15 29
10 14 13
21 0 14
22 0 7
20 22 1
18 20 25
23 1 28
6 10 29
16 19 29
0 3 16
1 5 24
15 19 7
18 21 12
19 21 5
1 4 29
9 11 1
13 17 27
4 7 30
4 8 9
10 13 20
22 0 13
18 21 11
15 19 30
13 18 22
23 2 11
20 23 26
22 22 20
2 5 5
18 21 26
21 23 27
15 18 5
12 14 8
13 16 22
3 5 16
15 18 31
9 13 2
18 19 22
7 10 6
20 23 2
21 0 5
11 14 8
2 4 20
13 16 27
0 3 9
17 19 6
20 0 31
17 20 1
9 14 27
20 21 3
17 20 10
10 12 27
12 16 20
5 7 19
20 0 21
7 11 16
8 11 29
2 7 20
7 7 17
2 6 3
21 0 22
4 7 1
13 15 21
5 8 25
19 23 15
11 13 27
6 11 25
4 8 30
14 19 26
22 1 7
17 20 20
8 11 18
2 5 10
0 3 4
2 5 12
13 15 13
3 7 27
13 17 10
9 13 6
21 0 2
12 13 17
4 8 8
20 23 27
17 19 32
9 11 27
23 3 14
4 7 29
18 21 11
4 8 31
15 19 31
10 14 5
6 10 27
0 3 27
8 11 25
7 10 27
14 18 30
10 14 28
18 22 9
2 7 28
18 22 15
11 14 15
21 1 8
0 4 7
21 0 16
16 20 6
3 6 1
3 7 27
7 9 18
0 4 28
0 2 6
23 2 29
13 15 17
7 9 24
16 18 16
11 15 25
10 12 4
6 9 23
7 10 11
22 0 10
19 22 32
5 7 5
23 1 27
19 23 10
8 11 23
8 11 11
23 2 6
18 20 24
22 0 18
20 0 3
4 7 29
2 3 5
19 23 20
22 0 29
2 6 21
8 12 6
8 12 5
15 19 14
10 12 8
15 18 3
17 21 16
11 15 9
17 19 24
23 2 29
15 17 14
12 16 30
20 22 5
14 16 14
13 16 25
12 15 12
16 19 15
5 7 16
4 7 14
5 7 29
16 20 15
22 23 22
6 10 16
18 20 27
3 6 9
22 0 18
17 20 29
20 22 31
23 1 26
5 8 17
23 3 2
4 7 30
21 23 16
22 23 8
8 12 4
11 13 8
6 8 30
2 5 12
7 10 8
4 7 6
16 19 18
1 4 20
5 8 13
15 18 27
18 22 32
3 7 10
13 16 25
4 7 13
14 18 6
1 4 10
0 4 10
11 15 7
17 22 14
4 7 22
4 4 2
19 21 23
4 7 10
10 13 8
16 21 22
17 21 3
2 5 4
21 0 24
23 2 14
15 19 28
11 13 27
23 2 10
17 20 21
18 19 10
23 3 1
5 7 12
17 20 24
10 13 4
23 1 19
23 2 22
10 13 17
3 9 15
6 9 6
4 6 12
23 3 23
12 16 13
3 6 9
3 7 6
8 10 17
4 8 29
15 17 13
16 19 28
10 13 12
20 0 4
20 22 30
3 5 32
22 1 4
2 5 26
8 10 15
13 16 13
22 3 8
23 1 7
4 6 30
3 6 18
3 6 6
14 19 20
2 7 7
23 2 26
1 3 21
0 3 29
12 16 7
19 22 15
19 22 24
23 1 16
21 23 22
17 22 22
12 13 10
2 6 5
20 23 31
5 7 20
7 12 7
18 21 19
0 4 5
21 23 14
10 14 9
12 17 13
19 21 15
21 2 17
23 1 13
19 22 14
4 8 6
8 12 26
7 11 21
2 5 17
10 14 1
0 6 20
1 4 3
12 12 10
8 11 15
5 7 28
13 16 1
3 4 7
19 22 5
7 10 12
17 19 3
17 21 3
22 1 4
6 9 27
14 15 9
15 17 9
6 10 5
8 11 18
23 2 19
12 16 25
1 3 10
9 12 16
10 14 20
21 0 8
7 10 11
22 2 1
21 0 13
20 21 27
20 23 8
20 21 5
21 2 26
5 6 16
21 22 8
10 13 30
21 0 12
14 15 13
5 10 31
7 9 23
15 19 23
4 7 24
2 4 21
23 1 13
2 5 13
9 13 17
14 16 19
23 1 3
19 23 20
18 20 24
3 5 26
18 21 11
13 16 15
19 21 15
0 2 9
17 20 3
8 10 25
7 11 27
0 2 1
4 7 26
0 2 21
5 9 1
10 11 4
6 11 8
10 14 24
8 10 16
7 10 14
10 12 22
7 10 25
2 6 14
14 17 7
23 2 32
18 20 14
18 21 23
23 3 25
4 7 26
21 2 2
9 10 5
1 3 30
5 7 5
10 14 1
16 19 15
19 23 26
23 3 20
22 2 13
11 14 18
16 21 13
3 6 5
9 12 16
17 22 23
7 11 19
19 22 18
0 2 24
2 5 1
21 3 4
23 4 9
19 0 18
5 9 15
8 10 19
15 20 9
7 9 5
5 7 6
22 0 15
22 0 6
9 13 16
2 6 2
8 11 25
10 14 11
19 22 23
9 14 27
18 21 3
6 8 22
7 9 24
11 14 28
14 17 14
14 17 24
3 5 26
10 13 12
19 22 23
21 1 1
13 15 30
4 6 5
21 0 5
22 2 8
2 6 5
12 15 2
1 3 18
21 0 12
12 14 16
12 15 18
18 22 21
1 4 26
21 23 2
9 12 24
11 13 26
1 3 32
16 17 23
19 22 25
16 20 18
14 17 16
1 4 21
2 5 6
6 9 16
20 23 17
16 18 10
21 1 13
22 2 26
3 5 14
22 2 21
16 20 20
7 10 25
8 10 9
3 4 4
23 2 5
0 3 15
5 7 11
2 5 10
10 14 26
2 5 13
13 16 23
21 23 22
14 17 18
15 18 13
6 8 1
21 1 20
1 3 17
20 21 23
5 8 22
19 22 7
10 12 32
22 0 29
21 1 6
22 0 5
0 3 1
0 4 14
9 13 24
8 13 26
2 6 1
6 9 9
14 16 12
4 5 25
5 8 26
22 2 32
14 16 25
7 9 26
15 19 1
17 21 7
13 14 25
20 21 21
4 5 28
21 0 7
19 21 11
13 18 5
10 12 9
1 2 16
17 19 29
12 17 21
0 4 11
5 7 7
5 8 26
1 3 18
18 21 10
19 23 16
3 6 23
21 0 27
13 15 14
6 8 1
13 15 8
13 17 8
22 0 22
12 14 15
23 3 16
0 4 13
3 6 24
22 1 21
8 12 17
8 11 9
20 22 5
4 7 4
1 4 9
4 7 14
17 20 27
20 23 20
0 4 7
3 6 6
3 4 8
16 19 17
10 13 6
8 11 31
11 13 8
13 15 8
21 22 26
3 6 14
18 22 29
0 2 16
6 9 21
7 9 8
15 20 1
22 2 15
15 19 30
6 8 23
14 17 8
19 21 4
10 13 28
2 4 9
3 6 18
0 1 9
3 7 3
12 14 15
14 17 32
20 23 28
3 7 16
6 9 14
10 15 6
7 10 27
1 5 5
5 7 22
20 23 6
0 1 26
19 22 15
13 17 22
19 21 16
17 20 7
23 2 29
4 6 9
16 18 7
8 13 31
18 21 22
15 17 22
2 5 14
0 3 4
4 10 5
19 22 1
17 20 32
23 2 27
0 2 6
14 18 23
15 18 16
6 8 27
23 1 11
4 6 15
2 5 24
23 2 23
10 13 5
23 1 31
8 12 12
16 20 24
6 9 23
3 5 7
14 17 21
23 3 32
4 7 25
15 18 19
0 2 8
1 4 14
16 19 21
1 4 2
5 8 22
17 21 14
19 21 6
22 1 28
16 21 32
19 22 14
4 6 17
5 9 28
19 21 3
17 18 21
2 6 6
19 21 20
18 20 14
16 19 8
5 8 15
4 8 14
22 1 18
19 23 2
8 13 16
7 12 29
16 19 24
14 17 12
18 0 29
3 6 3
1 5 6
17 19 31
20 23 4
20 23 13
13 18 24
16 20 8
2 5 28
18 21 16
13 17 14
15 18 8
13 15 28
14 16 22
0 4 14
20 21 13
0 5 17
14 18 9
18 23 9
5 7 16
22 0 30
15 17 25
23 2 21
14 17 4
17 21 23
7 9 6
10 12 23
17 21 25
8 12 11
14 17 21
9 11 7
4 7 7
4 7 18
3 7 5
14 17 30
15 16 20
3 8 15
22 0 28
1 5 30
4 7 19
22 2 25
13 16 4
20 23 30
3 6 12
13 15 4
22 1 10
1 3 3
9 14 30
22 0 4
20 0 16
7 8 4
4 7 24
11 14 20
15 19 1
8 10 19
11 14 19
10 12 26
9 13 14
11 14 26
14 17 16
20 0 18
21 0 23
17 19 10
20 23 26
13 18 31
22 2 5
20 23 30
17 18 14
19 22 26
18 20 19
14 18 18
6 9 24
10 14 23
23 1 2
17 21 7
11 13 12
20 23 32
3 5 26
22 3 15
23 3 27
10 12 12
9 11 19
4 8 4
19 23 31
21 23 4
11 14 1
15 18 20
2 4 11
7 10 28
20 22 16
13 16 1
9 11 3
12 15 24
7 10 27
9 13 27
6 10 20
12 15 24
17 19 25
23 3 32
16 19 17
18 20 30
11 13 21
20 23 6
8 11 18
12 15 23
18 22 29
17 20 20
2 4 19
9 12 18
1 3 8
2 5 27
23 2 9
23 3 10
12 16 30
9 13 17
7 8 8
9 11 23
9 14 14
17 19 2
10 14 24
12 13 2
22 1 30
21 23 17
6 8 18
17 20 7
4 7 4
1 4 23
20 23 3
15 17 11
18 20 15
1 3 25
10 12 3
15 18 27
13 16 13
20 0 8
5 7 17
16 19 20
6 10 31
6 9 3
8 11 23
14 18 23
13 18 4
20 21 9
5 7 27
18 20 28
22 22 7
22 0 31
3 6 29
1 4 12
16 20 14
6 11 21
20 22 30
13 17 31
20 0 17
23 2 25
20 22 23
16 19 18
5 10 28
22 2 28
20 22 14
8 11 15
4 7 25
11 13 10
22 1 19
23 4 3
21 1 26
22 1 14
9 12 9
12 16 11
22 0 31
10 13 5
23 1 12
11 15 3
20 23 10
7 11 26
1 4 28
19 22 22
12 14 13
2 6 20
1 5 9
16 19 5
3 6 24
23 2 8
12 16 21
0 2 4
5 8 4
19 22 9
18 20 20
14 16 23
5 9 15
23 2 1
22 2 24
0 3 8
21 2 4
13 16 3
23 1 18
15 18 10
0 3 13
7 8 5
18 21 32
14 18 21
8 10 13
22 2 11
16 20 13
21 23 20
20 0 19
21 1 12
14 15 13
7 11 29
16 17 2
17 19 30
20 0 23
11 15 13
0 5 2
5 9 20
17 20 8
22 1 23
23 3 17
6 8 19
9 13 20
18 21 25
10 12 30
1 2 9
10 11 27
14 16 4
17 19 26
15 18 1
16 19 9
10 15 21
10 12 31
4 7 7
12 15 9
4 6 21
10 13 12
7 10 31
13 17 10
13 15 17
15 18 8
15 20 4
9 12 31
18 22 30
4 8 12
2 6 3
20 22 20
12 15 27
6 9 5
0 3 23
0 5 1
6 8 9
6 8 28
8 11 29
5 11 25
12 15 32
9 12 23
9 12 27
7 11 28
0 4 12
4 7 12
12 17 2
5 8 10
23 1 11
2 7 28
20 0 11
20 23 29
17 20 16
6 9 26
17 20 23
22 2 3
0 4 18
22 0 30
0 3 11
15 17 22
19 22 13
9 12 7
9 14 30
10 14 17
7 9 28
12 15 4
20 23 17
11 14 1
22 0 11
2 6 32
1 5 31
4 7 20
19 21 18
19 22 16
9 14 20
23 3 2
0 2 21
15 17 6
19 21 23
11 12 27
1 5 20
3 6 18
7 11 20
19 21 23
22 2 1
1 6 5
3 6 3
2 4 29
0 2 15
6 9 10
19 21 12
8 10 28
22 1 24
1 4 21
8 12 22
10 14 12
15 16 14
10 13 9
7 11 7
12 15 10
6 9 9
23 1 13
6 9 22
17 20 3
23 2 25
7 10 13
3 8 12
11 15 8
4 8 5
20 0 23
0 3 7
19 23 27
11 14 25
7 10 26
19 21 28
3 6 20
13 15 11
3 6 31
22 0 25
1 5 4
7 10 27
7 9 30
11 15 14
2 3 3
6 6 4
0 3 2
18 21 17
14 17 10
2 6 7
19 23 29
6 8 3
23 2 26
2 4 2
14 16 19
2 6 23
19 21 30
7 11 2
4 10 25
16 19 32
20 22 2
0 4 6
20 0 10
7 9 1
4 6 25
23 2 3
1 4 16
17 19 15
20 22 25
23 1 24
14 18 18
3 6 22
11 14 15
19 21 13
22 1 23
0 3 12
6 10 7
11 15 14
22 1 30
7 8 15
16 19 27
23 0 32
2 4 9
21 1 15
14 17 17
11 13 30
8 12 14
23 1 25
6 9 20
17 20 21
17 20 13
15 19 25
19 22 27
9 12 17
21 1 11
19 22 18
10 14 5
8 12 18
4 6 13
15 17 14
12 15 27
13 17 17
17 20 22
3 6 2
11 15 4
4 8 26
11 13 22
20 23 18
6 10 6
11 13 3
3 6 32
3 5 8
10 13 29
10 14 20
2 4 28
6 8 30
12 15 17
10 13 16
10 14 2
16 19 28
12 15 17
12 16 10
6 10 25
10 13 14
15 18 32
9 11 1
7 11 7
8 9 9
23 3 13
3 5 16
18 21 19
17 21 17
23 2 7
12 16 31
11 14 28
10 12 24
9 13 15
5 9 5
17 20 27
15 18 28
7 9 15
3 8 11
12 15 14
1 5 31
19 1 32
7 9 19
21 23 29
8 12 21
0 3 15
9 11 21
8 12 23
7 9 10
7 10 28
22 0 14
10 11 25
23 0 20
21 0 22
19 21 3
13 14 14
12 15 4
13 16 17
5 8 29
6 9 13
12 16 22
21 0 12
20 1 8
5 9 10
6 12 12
15 19 9
10 14 23
7 10 2
11 15 1
20 1 5
10 14 22
0 2 14
15 17 23
18 20 8
16 19 27
8 12 31
9 10 2
2 5 22
9 13 11
10 12 15
6 9 8
16 19 30
14 18 22
5 9 26
6 8 21
6 10 22
4 7 4
13 16 5
20 22 23
16 19 30
10 13 20
20 23 14
12 16 6
8 13 32
2 4 3
22 1 4
7 9 10
7 9 11
4 8 32
8 11 32
16 20 26
14 17 26
4 5 1
14 17 14
3 6 6
21 1 25
16 18 17
21 0 28
4 6 31
19 23 17
12 15 24
17 20 13
18 22 15
6 10 11
20 23 14
17 22 23
14 17 11
22 1 18
0 0 7
13 14 24
4 8 4
3 7 18
17 19 8
11 13 28
14 17 12
5 8 8
11 13 28
12 15 6
2 5 31
20 23 13
3 7 12
16 19 31
18 21 7
5 6 9
3 7 2
14 16 1
5 7 32
18 20 16
16 20 10
12 16 10
9 13 29
10 13 9
7 11 18
20 23 31
9 13 32
20 0 25
18 21 9
22 2 4
14 17 7
16 18 15
5 7 9
19 22 11
10 12 25
10 14 22
20 23 32
4 8 18
5 8 1
13 15 22
23 3 19
21 2 25
1 2 29
8 11 13
16 19 2
6 9 16
18 0 23
13 16 13
14 18 30
18 20 7
17 19 7
17 21 2
8 12 28
10 13 23
3 7 16
11 13 30
19 23 21
22 0 26
15 20 31
6 10 8
20 22 7
12 14 20
5 8 14
12 15 20
18 22 12
11 16 27
3 6 10
11 13 29
4 7 30
23 3 6
2 5 18
17 19 5
18 0 32
11 13 7
6 9 7
2 6 14
8 10 21
18 23 9
23 0 18
6 10 12
9 12 15
0 2 23
2 6 12
14 15 5
20 1 2
15 19 12
9 11 8
8 12 18
23 1 21
5 8 4
19 0 20
0 4 2
0 4 11
3 6 9
23 3 23
7 10 17
13 17 27
7 9 30
0 3 32
8 12 15
9 12 9
19 20 15
13 15 30
21 0 6
12 16 19
22 3 1
0 3 20
1 2 28
11 12 23
8 10 11
1 2 5
17 18 18
1 4 4
4 8 6
6 6 16
22 0 2
18 20 13
20 22 1
9 12 9
11 14 15
3 5 8
12 14 10
11 14 14
0 3 22
20 23 17
23 0 5
14 17 14
12 13 10
4 5 29
3 4 31
17 19 32
19 21 4
21 0 28
5 8 9
19 22 3
23 2 28
15 18 15
23 3 28
18 21 17
3 5 22
8 11 30
9 10 17
21 1 22
19 21 12
14 18 11
19 23 7
7 9 11
5 8 21
7 10 26
4 10 26
15 18 25
10 14 14
6 9 24
23 2 24
1 4 6
17 20 8
2 4 5
6 10 22
4 7 7
13 15 30
0 2 18
18 21 3
11 14 7
16 19 20
20 0 21
5 9 30
20 0 2
0 5 20
3 7 22
23 3 24
0 4 7
10 14 11
4 6 26
15 17 12
8 9 2
7 9 6
14 18 3
21 0 16
16 20 31
4 7 25
16 18 11
16 20 1
3 7 6
20 0 13
8 12 1
12 15 22
23 1 21
17 19 6
11 14 25
13 16 29
3 7 8
22 2 4
14 18 28
14 16 19
7 11 10
23 0 3
21 23 26
8 11 27
22 1 10
11 15 12
16 17 27
21 1 9
10 12 30
12 15 21
1 4 19
19 22 18
7 9 23
1 6 7
9 12 25
4 8 22
13 17 21
11 15 26
19 21 4
6 9 18
0 2 25
9 13 30
22 1 20
20 0 14
23 2 15
19 23 14
8 10 1
4 7 7
9 14 20
13 15 1
6 10 5
11 14 10
8 10 17
16 18 1
19 22 26
7 12 13
0 3 24
14 15 10
2 5 30
6 9 24
23 3 20
3 7 31
12 15 17
21 23 32
22 2 22
5 9 8
17 20 1
15 18 9
23 1 4
5 8 23
6 10 9
20 1 22
0 3 3
8 12 19
6 10 22
23 2 15
23 2 27
9 12 23
19 22 30
2 7 20
18 20 16
12 15 22
3 6 29
14 17 22
15 18 22
3 7 22
18 21 31
16 19 15
5 7 8
14 17 10
11 12 7
11 14 5
6 8 18
13 16 9
4 5 30
12 15 13
1 4 16
8 11 17
11 14 23
0 4 18
22 2 27
20 0 6
7 10 21
20 23 8
0 2 25
5 7 26
13 15 2
11 14 22
1 3 32
10 13 21
19 21 14
12 15 25
1 4 24
15 18 1
16 18 15
23 5 20
8 11 22
2 5 13
3 7 10
12 16 24
10 13 27
11 14 28
7 11 10
13 14 13
18 23 20
12 15 30
16 19 23
20 22 30
14 17 19
11 14 18
7 10 26
3 6 20
23 1 2
10 14 20
6 8 19
11 15 23
0 3 4
22 3 14
3 6 11
14 16 20
6 10 5
6 9 14
5 6 2
17 20 17
17 20 17
11 14 10
7 10 18
3 6 18
5 7 27
2 6 21
19 22 13
17 22 16
4 6 30
0 5 8
17 20 23
12 18 7
9 13 30
18 22 25
9 10 10
20 0 4
9 12 26
6 10 9
21 0 19
12 16 3
4 8 15
5 10 7
15 18 2
0 2 5
7 9 32
4 6 8
22 0 3
11 15 4
12 14 2
0 3 15
2 6 17
1 5 4
3 6 17
1 7 2
17 20 15
3 7 31
20 0 17
11 15 30
17 19 19
11 14 4
17 18 23
15 18 29
16 19 26
1 3 10
21 1 21
3 6 8
5 8 7
11 14 14
22 2 4
19 0 11
17 19 32
13 16 2
18 21 19
20 0 7
10 14 5
13 17 3
9 14 11
23 2 15
5 8 24
19 23 15
18 22 13
5 8 13
19 22 9
13 14 19
4 7 18
7 11 21
12 15 18
15 19 3
15 17 14
13 16 29
0 2 30
0 3 22
22 2 21
3 6 22
2 5 11
18 21 10
17 20 4
4 6 31
19 0 27
4 6 12
2 4 13
13 17 11
5 7 9
11 13 7
5 7 23
14 16 24
6 12 24
18 21 12
4 7 29
2 7 10
22 0 14
14 16 20
16 17 3
5 6 25
20 23 7
20 23 14
21 0 4
1 4 22
22 1 22
11 13 24
22 1 9
4 8 23
4 5 22
9 11 7
14 15 13
18 23 2
13 16 25
4 7 18
18 19 15
20 23 27
15 18 13
9 12 4
21 22 27
7 11 27
7 11 27
9 11 16
9 12 10
15 17 29
11 16 2
3 6 9
23 2 1
15 18 22
12 15 23
7 12 24
5 7 16
23 3 27
3 7 3
7 9 31
21 0 30
20 22 24
1 3 3
22 1 30
4 6 32
18 22 31
17 20 18
0 4 21
21 23 29
12 15 12
7 9 28
23 2 23
21 23 2
2 7 14
23 3 31
12 14 32
23 2 4
9 13 6
18 21 23
2 4 7
9 13 9
4 7 11
2 5 5
3 7 4
7 11 21
14 17 15
16 19 12
22 1 26
9 13 21
13 15 6
16 18 14
20 23 23
21 1 9
11 13 5
7 10 8
19 22 21
18 21 19
7 12 1
4 6 25
11 15 25
9 12 18
8 11 9
23 4 17
17 20 23
13 16 23
9 13 25
15 19 2
23 2 1
14 17 21
0 4 19
13 18 7
1 2 13
22 0 31
21 0 32
1 5 5
14 16 21
2 4 32
0 3 27
6 8 32
0 5 6
19 21 19
16 17 5
20 23 32
10 14 1
3 4 21
15 18 4
19 22 29
6 10 21
16 19 24
0 2 16
21 1 16
22 3 18
3 6 26
7 10 22
14 18 17
20 22 22
2 5 6
3 6 26
10 13 21
19 20 10
18 21 13
11 14 23
1 4 25
23 1 4
18 20 1
5 8 4
11 13 12
15 18 32
16 20 28
21 0 2
15 19 21
22 1 29
3 6 21
11 13 26
5 6 9
2 4 3
7 10 9
7 9 1
3 5 14
16 19 18
12 16 9
8 12 2
15 17 6
12 14 27
18 20 30
10 14 23
6 9 23
15 19 5
22 0 25
0 3 16
18 20 17
10 14 23
8 13 24
16 19 25
7 10 26
7 10 9
7 10 23
19 21 13
15 19 19
22 0 12
7 9 2
13 16 4
4 8 27
15 16 23
16 18 31
4 7 3
6 9 3
9 11 10
8 11 32
20 22 11
17 20 14
3 7 12
18 22 8
4 8 5
14 17 9
23 1 9
21 1 22
21 0 30
23 1 2
2 7 18
7 11 5
9 12 15
14 18 4
6 8 27
21 23 5
10 14 14
5 8 27
0 5 17
7 11 9
13 18 32
20 21 26
1 3 7
19 22 5
2 6 20
22 0 3
14 16 4
8 10 5
11 14 17
8 12 19
9 11 8
8 12 31
13 16 20
9 11 20
13 16 14
17 20 10
20 22 16
13 15 27
14 17 20
6 8 5
23 0 16
21 0 20
11 15 27
8 11 31
10 12 6
3 7 11
8 10 13
10 13 17
