1000 37
3 11 17 34 14 28 13 1 20 5 19 35 13 9 16 1 33 33 15 24 27 15 31 2 5 25 36 22 19 12 35 18 13 1 3 3 27 
11 13 18
5 9 11
1 3 21
6 9 26
5 9 29
19 23 37
5 8 28
6 9 6
3 7 10
18 21 26
14 16 33
10 12 33
11 13 16
15 18 17
7 11 37
22 1 33
0 2 22
14 17 32
19 22 6
19 23 17
15 17 7
12 15 34
6 7 28
5 6 22
10 13 18
14 18 4
21 0 2
1 4 32
7 9 13
4 8 35
15 17 25
20 0 26
15 17 4
23 3 13
4 8 9
10 12 10
20 23 17
9 12 32
14 15 17
15 16 2
11 13 29
10 11 26
10 14 11
17 21 35
3 8 16
5 10 11
10 13 10
17 19 22
9 14 26
5 8 9
8 11 6
14 15 9
17 21 1
15 19 33
17 21 5
19 23 3
14 18 2
23 1 14
14 15 19
20 22 15
1 3 21
15 19 5
22 1 15
13 16 37
14 16 30
12 16 17
5 7 13
19 22 2
15 19 32
8 11 4
21 1 16
7 12 15
21 0 28
10 13 30
5 8 27
14 17 4
6 10 9
16 18 6
5 9 9
20 22 20
4 8 22
9 11 23
20 23 35
3 7 8
15 18 6
5 8 26
5 6 33
6 9 5
1 4 1
18 20 20
3 5 27
18 20 30
14 17 20
8 11 29
9 12 12
10 13 2
20 23 16
2 3 14
20 22 10
1 3 20
19 20 18
9 11 21
23 2 20
9 12 15
18 20 8
20 23 29
13 16 16
11 11 15
1 3 19
16 18 8
14 18 25
19 21 13
9 12 9
6 9 6
6 9 21
6 10 29
5 9 31
13 16 8
14 18 31
6 8 24
17 20 7
22 0 14
4 8 9
10 13 31
18 22 34
13 16 25
4 8 32
0 0 37
19 0 17
16 17 5
5 8 2
15 20 26
3 6 4
7 11 25
12 16 19
9 13 37
22 1 31
8 10 9
15 18 9
3 7 35
9 12 2
19 21 12
22 0 26
20 23 13
7 9 20
23 1 2
13 16 10
0 2 21
23 3 8
20 23 17
18 19 21
0 3 20
16 18 30
14 16 31
17 21 9
4 7 8
5 8 30
5 6 27
15 18 34
7 11 3
7 10 30
18 20 24
3 7 18
14 17 13
8 12 2
14 17 5
2 4 9
9 12 29
14 17 19
15 18 31
10 12 24
22 0 20
6 8 29
9 12 14
7 11 37
17 19 20
20 0 8
22 2 12
6 8 16
14 18 6
4 5 6
1 3 12
23 0 1
20 22 19
10 15 14
6 10 3
6 12 36
1 4 36
0 2 2
10 13 17
11 14 33
7 9 28
1 4 10
8 12 33
20 21 34
20 23 13
8 12 37
1 4 29
12 14 19
9 11 17
21 0 3
12 15 3
5 9 5
1 5 7
21 23 32
13 15 14
18 20 16
0 2 5
14 17 36
15 16 3
7 11 36
6 9 21
18 21 17
8 11 34
3 5 11
5 9 7
9 11 35
10 12 24
19 22 5
7 10 6
21 23 12
16 17 27
20 21 18
16 18 12
13 17 11
22 2 24
13 15 16
3 6 24
3 6 17
10 11 21
16 19 5
8 11 5
6 10 3
0 4 25
9 10 12
16 18 15
1 4 22
13 16 12
21 0 19
1 6 4
12 16 17
7 12 9
19 23 26
9 11 6
1 3 37
8 11 23
7 11 29
11 13 5
14 16 21
6 8 15
10 13 23
11 14 11
10 14 5
5 8 37
20 23 17
9 11 9
22 1 30
0 0 11
5 9 11
10 16 5
12 15 14
14 17 16
10 13 30
1 5 19
16 19 26
3 6 37
3 5 16
2 5 30
21 0 26
9 12 21
3 7 28
16 19 2
20 22 16
9 10 2
17 20 30
0 1 16
15 18 1
0 4 7
5 8 14
16 19 23
18 22 15
0 6 4
23 2 10
13 17 12
2 5 33
12 14 5
12 16 1
20 1 27
5 9 33
23 3 30
16 19 3
2 6 5
12 15 6
10 13 20
7 10 16
3 7 30
2 8 1
22 2 29
8 10 16
12 13 18
17 21 3
22 1 21
9 12 32
17 20 34
6 9 18
18 23 37
11 13 13
7 10 5
20 0 4
15 18 19
10 14 12
6 8 2
18 21 20
16 18 31
18 19 9
22 1 17
3 5 4
17 20 35
17 20 15
4 6 5
12 13 31
10 14 9
1 2 12
4 7 32
2 6 27
13 17 15
16 20 13
1 2 36
12 15 24
18 20 2
20 23 19
19 23 3
19 23 21
10 13 21
9 13 33
1 4 35
3 6 8
19 23 23
3 6 34
22 0 25
9 12 12
20 23 22
12 15 37
5 9 25
17 21 18
3 7 35
22 1 35
3 7 9
13 16 8
13 15 33
8 11 14
5 7 27
5 8 6
15 16 10
18 20 30
10 12 3
22 0 36
16 21 32
14 16 13
2 6 23
14 17 1
13 16 28
18 23 12
14 16 5
1 5 36
17 21 11
20 22 24
23 3 28
16 19 32
8 10 33
12 17 28
21 23 30
9 11 15
12 15 9
12 15 26
15 18 4
7 10 31
15 17 33
21 0 23
22 1 4
13 15 12
18 21 12
8 14 4
18 21 17
9 14 19
14 18 36
23 3 36
0 4 25
6 10 15
18 22 31
14 16 17
16 20 14
12 16 2
14 17 20
9 12 10
3 6 25
6 10 25
4 7 31
14 17 18
17 18 23
23 1 35
17 20 28
5 8 6
5 9 34
9 13 14
5 8 21
1 4 29
5 8 14
14 17 25
14 18 19
11 14 16
8 9 25
13 17 24
21 22 13
3 7 20
10 14 19
15 19 23
6 9 30
5 8 31
3 6 37
1 4 5
14 17 37
17 18 26
1 4 36
5 8 34
15 18 36
7 10 16
20 23 11
15 18 14
7 10 14
9 13 9
19 23 13
2 4 22
9 12 25
0 4 22
23 3 27
16 20 3
15 19 26
3 5 12
17 19 23
6 9 36
6 8 33
22 1 34
14 17 6
13 16 20
21 22 19
8 11 21
3 7 30
3 6 1
5 7 36
9 10 26
9 12 2
19 21 23
15 18 10
21 0 27
22 1 14
0 2 3
19 23 5
3 6 17
2 6 5
4 6 5
23 2 31
22 1 27
20 22 23
19 20 36
9 11 30
20 21 5
17 18 19
16 18 33
14 17 19
18 19 35
19 0 22
19 22 33
16 20 23
5 8 33
4 7 11
10 13 8
7 11 16
5 9 15
6 9 6
6 9 9
14 17 37
8 12 21
7 10 2
17 20 33
3 6 37
13 14 4
14 19 13
2 5 4
9 13 11
11 13 22
22 1 16
19 23 12
12 15 31
7 9 31
4 7 8
3 6 23
13 17 1
9 13 29
15 19 2
20 0 32
1 4 36
22 2 23
7 11 2
20 1 7
22 0 22
7 11 18
18 23 7
1 3 28
2 7 18
7 10 1
4 7 5
21 0 11
16 19 33
17 21 24
0 5 31
15 17 23
11 14 3
2 7 4
17 20 32
8 11 8
14 16 26
17 20 37
8 10 11
5 7 11
6 11 7
17 22 26
5 8 30
11 14 14
1 3 30
18 21 18
5 9 20
17 22 7
7 9 18
22 2 11
17 18 20
1 4 16
14 16 35
11 13 30
2 3 36
16 19 23
15 19 4
1 3 10
11 17 37
2 7 23
17 20 27
6 8 23
3 7 18
17 20 12
23 3 19
6 9 18
13 16 25
0 4 15
16 19 11
23 2 5
17 21 22
18 20 17
0 2 12
7 9 13
12 15 7
13 16 25
3 7 18
3 6 34
17 19 2
0 2 22
1 3 15
1 5 30
4 7 17
17 19 24
8 9 2
5 10 6
14 17 20
17 20 17
12 15 31
13 16 16
12 15 31
13 16 30
21 1 31
15 17 23
6 8 32
20 22 26
17 20 36
15 18 11
0 3 2
23 1 19
22 1 6
14 19 3
4 8 9
17 22 6
16 20 18
23 0 4
14 17 6
17 21 9
15 18 21
18 22 14
1 5 5
21 0 1
14 17 13
15 18 35
12 14 3
9 12 26
1 5 11
13 16 37
13 17 36
20 1 7
6 9 15
17 19 34
16 21 20
17 21 8
5 7 16
3 6 31
10 13 31
2 5 37
10 14 5
9 12 26
15 14 23
8 13 18
21 0 9
23 3 23
8 12 29
23 2 22
2 5 37
4 8 21
2 5 35
10 13 7
18 21 6
9 11 19
0 2 9
19 22 29
10 12 17
12 16 5
1 4 11
13 17 24
0 2 6
9 14 35
20 23 7
6 7 21
22 1 9
18 21 12
8 12 11
11 13 17
1 3 14
7 9 18
20 23 12
13 16 12
10 13 14
1 4 16
1 4 5
2 5 8
3 7 16
0 2 36
15 18 34
6 9 12
13 16 24
22 1 26
0 2 12
15 18 14
9 13 12
15 16 24
18 20 11
19 22 18
16 20 2
4 4 2
9 14 22
20 22 14
6 10 30
23 1 36
7 10 15
0 4 32
20 23 10
11 15 32
9 11 19
22 2 37
3 4 35
21 0 3
10 12 10
20 23 4
8 9 3
7 10 9
22 0 34
14 18 6
2 4 11
19 21 34
9 13 21
0 4 6
21 1 25
3 6 37
9 12 18
20 23 23
10 13 34
1 4 2
3 5 33
3 6 13
4 6 33
8 11 28
20 23 15
19 22 12
2 4 25
20 20 4
9 12 22
8 11 15
0 2 19
19 22 22
7 9 4
16 19 24
11 14 18
15 19 34
8 10 8
12 15 28
7 10 27
4 8 6
21 2 17
4 7 33
22 0 12
16 19 30
4 9 35
22 0 21
22 0 19
14 17 25
16 18 3
7 10 18
15 19 17
21 1 37
22 3 6
5 7 6
0 3 5
13 17 14
0 3 12
14 17 3
7 10 32
18 20 30
22 0 28
1 4 28
18 21 28
10 12 4
20 23 24
9 12 30
11 14 23
3 7 34
21 0 18
12 14 10
5 7 7
7 9 1
10 12 32
17 20 6
22 2 5
7 10 27
23 2 28
19 22 4
15 20 16
8 12 32
18 21 23
22 2 25
5 7 35
19 0 5
14 17 32
22 2 26
22 2 29
20 0 18
23 2 28
17 20 18
12 16 37
2 6 3
23 2 7
23 1 7
22 1 21
14 18 20
12 15 32
18 19 26
19 21 4
21 1 1
9 11 1
15 17 30
11 15 33
13 17 21
9 14 35
21 0 25
23 0 19
2 6 22
21 22 31
23 3 17
7 11 10
17 19 6
14 17 18
23 2 23
2 4 10
15 17 10
10 16 16
21 23 12
1 4 15
7 11 35
21 2 26
10 13 34
15 19 32
1 5 8
13 16 25
17 21 17
13 14 4
20 22 15
4 7 32
11 13 16
20 0 13
8 10 35
19 21 24
14 17 21
2 6 25
12 15 28
0 5 34
12 16 17
3 4 5
7 7 35
1 4 30
20 21 4
6 8 18
16 20 2
20 23 6
22 1 17
6 10 33
19 21 6
9 10 23
2 6 29
8 13 36
8 10 9
23 3 14
23 3 11
1 4 11
0 3 24
3 8 35
4 8 31
10 14 7
13 16 27
3 6 6
1 4 32
15 19 11
13 16 29
7 9 8
21 1 9
8 10 34
20 22 37
4 7 35
12 17 2
12 16 2
7 9 37
3 6 7
5 6 33
8 11 6
2 6 17
9 11 36
13 16 24
13 16 23
16 20 31
2 4 27
5 8 11
6 7 33
5 9 18
14 17 37
8 11 1
10 14 22
11 13 19
20 23 31
8 11 22
1 3 20
7 10 13
23 2 17
22 1 24
10 13 15
6 8 13
2 4 21
18 20 21
19 22 36
6 10 7
12 14 21
16 20 35
3 5 8
0 2 30
15 19 7
15 17 24
17 19 10
17 21 12
2 5 35
8 12 13
9 14 28
16 18 4
4 8 6
9 12 34
4 7 3
5 7 6
14 16 18
11 14 2
8 12 30
3 7 26
14 17 18
22 0 37
3 6 29
5 9 26
13 15 15
16 20 13
13 17 29
2 4 2
13 16 20
9 12 25
10 14 34
15 19 25
19 23 5
17 21 6
2 5 3
6 11 22
17 21 7
3 7 28
22 1 21
3 6 23
14 15 32
19 21 34
13 16 8
20 22 11
5 9 11
15 17 19
2 5 31
11 14 1
0 3 4
19 23 37
13 18 27
14 17 23
4 7 11
2 6 16
8 11 34
11 14 27
5 6 37
22 2 12
5 8 12
17 21 36
12 15 9
17 20 26
17 20 22
22 2 5
4 7 16
11 14 30
10 13 31
16 19 30
0 3 28
10 11 12
2 7 15
14 16 18
7 10 20
2 5 25
7 10 32
21 23 29
7 9 24
21 23 24
9 13 29
17 22 29
6 9 12
5 7 24
18 22 27
19 21 28
16 18 11
12 16 10
0 3 14
16 17 8
13 17 35
11 14 1
4 7 12
3 6 16
15 18 20
15 20 33
3 5 28
10 12 3
17 19 19
5 9 35
9 10 5
10 11 29
19 23 23
3 6 21
7 12 36
6 10 26
23 1 28
15 18 22
0 4 25
13 17 29
9 14 7
14 16 34
2 6 12
7 9 4
5 9 23
12 15 30
4 5 29
22 0 17
7 10 18
19 23 24
8 11 21
1 5 13
4 7 16
20 22 23
11 15 37
19 21 9
6 9 36
1 4 27
18 21 14
0 5 8
23 3 11
