1000 21
11 10 18 5 18 10 17 15 6 7 20 18 15 2 15 11 21 12 3 13 6 
14 19 12
9 13 9
9 12 10
21 0 8
10 13 11
21 1 3
21 0 3
3 6 14
1 4 11
18 23 17
22 3 8
15 18 4
8 12 17
19 22 14
11 14 15
22 1 19
12 15 20
23 3 3
22 2 18
10 12 19
0 3 11
18 22 14
7 10 18
0 5 12
17 19 13
18 22 16
15 18 2
4 7 15
5 7 12
1 5 20
18 21 5
5 8 21
22 1 17
21 0 21
9 12 21
15 18 3
21 1 12
7 9 11
8 13 10
6 9 6
21 1 19
9 13 11
7 11 15
2 5 16
20 23 7
18 20 6
9 11 20
6 9 15
20 23 4
11 13 17
15 20 5
14 16 9
19 22 5
4 7 15
18 20 20
17 20 2
5 6 20
13 16 8
0 2 21
15 18 7
17 21 2
23 2 1
5 9 2
18 21 6
6 10 5
21 23 1
2 5 5
21 1 18
21 0 19
10 14 12
21 23 14
4 9 4
0 2 2
15 18 17
21 23 19
21 0 15
13 16 1
17 20 15
3 5 1
18 20 5
4 7 14
2 7 2
12 13 13
3 7 21
18 21 15
10 14 12
1 3 21
17 19 8
3 9 21
19 22 12
11 12 6
3 6 16
1 5 14
15 15 16
12 14 15
7 9 10
13 16 8
12 16 8
14 18 10
9 12 9
7 8 14
10 12 17
6 10 19
13 15 14
12 14 21
6 10 10
14 17 3
12 16 21
9 12 20
6 10 1
18 21 1
16 17 1
10 11 12
16 19 2
10 12 1
3 6 4
10 14 2
1 5 8
22 0 3
17 18 12
8 11 15
10 13 9
21 1 20
10 12 3
16 18 9
9 12 1
10 13 21
10 12 1
5 9 15
17 23 2
9 11 21
14 18 21
21 22 21
14 15 15
19 20 16
15 17 5
7 9 12
16 20 8
22 1 19
17 20 5
18 19 10
0 5 19
9 11 6
2 5 19
15 17 1
6 9 13
3 5 13
8 10 13
18 21 10
23 0 8
3 7 3
7 10 20
23 2 21
18 20 16
5 7 10
20 22 7
5 9 14
15 19 21
3 6 16
5 7 8
14 18 15
1 4 20
5 7 10
4 6 10
8 11 17
1 4 19
10 14 5
16 19 4
5 9 12
14 17 12
23 2 20
1 6 1
22 0 1
15 17 1
8 10 11
11 15 13
23 2 11
8 12 6
10 12 21
18 21 4
10 12 19
2 4 16
22 1 19
18 21 3
23 2 21
16 18 5
7 10 6
18 21 7
5 8 14
14 16 13
3 5 11
0 4 12
5 9 4
6 9 3
1 4 17
6 9 16
20 0 8
2 6 14
7 11 18
13 16 13
2 4 14
11 13 10
17 21 3
15 17 2
6 9 4
11 15 1
8 12 12
16 20 9
15 18 15
7 12 6
7 10 19
13 15 19
18 22 4
2 4 10
22 1 8
18 21 21
15 17 3
10 14 16
20 22 3
8 10 15
12 14 18
2 4 18
5 7 17
21 23 10
12 15 3
21 23 10
23 2 8
17 21 6
21 1 16
12 16 15
5 9 18
5 9 12
11 14 19
3 6 11
1 4 13
13 15 14
5 6 3
23 4 11
4 7 5
11 15 1
18 22 12
11 13 18
20 22 6
4 8 12
13 16 4
2 5 9
13 16 5
8 11 14
4 7 14
13 14 20
4 8 9
4 7 20
19 22 2
17 21 10
21 23 6
15 16 15
7 11 12
9 13 18
3 5 18
19 23 10
14 18 10
0 1 21
0 6 8
4 6 21
11 16 21
4 7 3
11 17 2
14 17 14
12 14 10
12 16 19
2 6 17
0 3 19
13 17 19
11 15 12
20 22 12
14 18 13
21 23 7
21 1 21
7 12 12
4 7 4
18 21 11
16 20 4
6 12 17
0 3 9
0 2 1
20 23 20
22 2 11
16 19 14
13 14 10
19 23 10
17 20 17
1 5 12
3 6 5
18 21 20
23 4 2
3 5 2
16 18 12
4 7 2
10 15 5
4 6 21
21 1 21
5 8 8
19 22 1
11 14 9
11 13 19
11 15 1
13 17 21
0 4 9
5 8 6
15 18 14
7 9 17
9 13 11
16 19 20
13 16 12
21 0 6
21 1 11
20 23 6
16 19 6
4 7 21
8 14 9
12 14 16
18 21 12
12 15 2
19 22 2
23 2 19
19 23 10
17 21 3
17 21 13
4 8 15
9 11 15
12 15 1
5 8 18
6 8 19
5 8 4
1 3 2
0 2 2
19 22 19
9 12 3
7 9 3
11 15 19
1 5 20
4 7 2
0 4 20
19 20 3
13 15 1
8 10 11
13 14 17
16 20 2
2 3 3
22 4 10
21 23 6
21 0 5
7 10 16
14 17 7
10 12 21
6 10 10
13 18 16
10 13 5
17 20 21
0 3 1
6 8 10
0 3 4
3 7 12
10 15 2
9 13 20
23 0 14
14 17 19
2 5 2
4 7 2
11 13 4
2 4 2
16 19 8
0 3 16
16 20 4
18 19 20
20 0 10
19 0 12
16 19 12
16 20 16
7 8 15
4 8 20
9 11 11
11 15 11
6 9 10
7 12 8
10 13 17
20 23 18
2 4 13
17 18 13
13 14 5
17 20 8
6 9 10
20 23 16
14 17 19
1 3 5
7 12 5
22 1 16
1 5 5
20 23 16
23 2 16
16 18 20
7 12 14
17 21 12
23 3 15
10 13 19
21 23 10
17 18 21
0 4 19
15 18 10
2 6 19
14 16 15
6 7 9
11 12 10
8 11 14
4 7 21
12 15 12
18 22 12
13 15 21
10 12 21
7 11 7
5 8 16
8 12 6
16 20 11
15 19 15
9 12 6
13 16 3
12 14 14
7 8 8
14 16 13
11 14 4
8 11 12
18 20 5
22 1 7
11 14 18
18 19 17
6 10 10
2 4 6
18 21 18
3 6 1
20 23 20
2 5 17
5 9 2
19 22 14
3 7 16
6 10 7
2 5 15
4 7 21
11 14 7
22 2 3
22 2 14
7 9 6
17 21 12
17 20 13
1 4 19
4 7 17
15 19 9
17 20 11
23 2 18
6 10 18
10 12 10
17 19 20
13 16 6
0 4 6
6 8 7
1 4 7
21 23 4
15 18 13
6 9 7
7 11 11
5 9 18
7 9 5
2 6 7
10 13 21
6 9 21
7 11 10
5 9 17
2 5 18
15 18 3
4 9 21
4 9 19
5 7 9
19 23 4
4 8 14
16 20 4
0 4 17
23 2 4
17 20 4
14 18 3
6 9 16
2 5 15
6 8 20
22 1 12
12 15 21
15 18 15
9 13 4
10 13 19
2 4 8
22 1 11
11 14 11
8 10 7
3 6 11
11 16 4
1 4 20
14 17 9
8 11 4
6 8 1
19 23 2
23 3 1
11 15 11
13 17 10
22 2 2
10 10 16
11 13 14
15 20 16
4 7 11
15 17 8
22 1 8
10 13 14
10 14 7
0 2 5
10 12 7
22 3 12
17 20 16
6 10 21
15 19 1
0 5 17
0 3 13
7 9 15
8 12 2
8 11 5
1 5 15
10 12 14
7 9 16
15 18 16
16 18 16
22 0 17
9 12 4
21 23 2
16 19 10
6 9 10
1 4 16
22 2 19
9 12 7
14 18 14
19 22 13
17 20 7
3 7 2
13 15 17
18 21 11
8 11 5
14 18 3
18 21 5
1 2 1
18 21 18
19 22 10
14 16 8
20 0 2
20 22 9
2 4 3
3 7 20
19 23 12
23 2 12
9 13 7
14 17 8
3 7 17
3 6 1
17 20 3
19 23 11
9 12 3
7 9 15
4 7 16
14 17 2
2 6 1
12 15 16
4 9 19
11 13 12
1 4 8
1 3 12
5 6 9
7 11 13
10 14 12
19 22 18
15 16 14
8 10 11
4 7 8
14 16 19
11 14 16
14 17 9
3 6 10
2 3 8
2 5 5
13 15 1
7 11 21
8 10 21
0 3 6
10 12 21
16 19 11
0 3 7
0 3 14
11 14 20
6 11 3
18 21 1
20 0 17
2 5 1
10 13 15
14 17 1
16 20 11
0 4 9
11 13 4
5 7 6
8 13 4
19 22 7
3 7 21
17 19 11
22 23 4
5 9 14
21 22 12
13 16 13
14 18 4
20 0 20
2 7 6
18 21 18
3 5 11
12 14 3
0 2 10
14 18 8
14 18 13
17 19 2
15 18 2
16 19 9
22 2 6
16 18 9
0 2 18
16 18 7
23 0 6
7 10 5
19 23 3
4 6 1
21 1 17
14 18 18
7 11 20
7 11 3
17 19 6
1 6 1
4 7 16
9 13 5
12 15 12
13 15 1
12 15 17
11 15 12
9 13 6
5 7 19
23 1 8
13 17 4
7 11 16
20 0 3
21 1 16
0 1 18
15 19 18
20 23 1
1 5 15
20 23 12
16 18 9
2 5 17
10 13 1
2 3 19
17 19 3
18 20 1
7 8 1
8 11 19
2 5 8
12 15 19
4 6 11
19 22 15
5 8 9
16 19 14
2 5 7
6 8 2
5 9 18
22 0 9
23 2 18
10 13 1
0 4 6
20 0 3
20 0 21
12 14 7
5 7 7
15 20 7
13 17 10
9 12 1
12 14 9
17 20 9
10 13 5
4 7 12
20 0 15
11 14 11
8 10 17
3 5 9
15 21 21
6 9 12
8 11 20
10 13 3
23 1 11
20 23 21
0 3 9
17 19 5
16 17 1
6 6 16
22 2 14
4 7 13
8 10 5
8 10 2
13 17 4
23 4 8
11 16 6
8 11 9
14 18 1
11 12 20
1 2 16
18 21 18
22 2 15
8 11 6
22 1 18
20 1 18
3 8 20
14 17 9
23 2 15
1 3 2
9 12 15
12 16 18
15 17 21
6 7 6
18 20 5
18 21 9
10 14 9
11 14 2
19 22 3
8 12 19
0 4 14
3 5 21
0 5 20
4 5 8
11 11 10
21 1 1
23 4 19
8 11 4
5 8 10
12 15 12
11 14 5
0 2 8
2 4 4
10 12 3
19 21 12
22 1 6
4 6 8
21 0 18
12 16 13
14 16 13
8 10 8
23 1 7
19 21 14
19 22 18
22 2 21
7 11 16
6 9 21
18 20 5
18 20 18
20 1 3
11 14 17
23 1 18
8 10 2
1 4 15
3 6 7
17 20 1
23 2 8
12 15 8
13 16 10
5 7 11
4 8 4
9 11 21
4 7 15
8 10 8
18 21 11
22 1 7
1 4 8
16 19 15
15 17 3
4 6 17
23 3 20
18 19 4
0 4 7
19 21 7
14 18 7
7 11 21
17 18 11
12 14 12
8 13 15
0 3 11
1 5 3
0 1 4
22 3 8
18 22 17
19 22 14
14 18 13
23 1 19
4 8 2
0 3 6
5 9 5
4 8 1
4 7 6
18 23 11
20 22 8
23 1 17
13 17 8
13 18 1
9 11 14
22 0 2
15 19 21
5 7 6
6 9 17
7 10 15
5 9 13
13 17 20
2 5 1
20 23 15
2 5 5
16 19 12
17 20 18
20 0 1
14 15 16
21 0 15
14 17 18
16 21 18
1 4 20
22 3 16
9 10 2
9 12 19
21 0 1
5 7 2
16 20 11
9 11 1
23 2 2
14 15 12
20 22 10
19 22 14
4 6 7
1 5 1
13 16 9
18 20 6
3 6 1
2 5 21
9 12 1
11 14 1
4 9 15
16 19 3
6 10 8
11 15 7
11 13 12
10 14 1
8 12 19
6 9 18
6 8 10
11 14 10
5 9 7
2 5 1
2 5 11
10 14 20
16 19 13
13 17 10
12 15 5
21 0 16
1 3 10
11 14 13
17 19 21
10 14 13
21 0 9
1 2 20
7 10 1
23 23 11
12 14 16
0 3 14
19 21 17
18 20 2
16 20 16
17 20 9
22 2 15
11 14 7
18 21 1
3 7 2
23 2 4
5 6 8
22 2 17
18 19 10
19 0 15
23 3 17
5 9 5
1 3 6
19 22 18
18 22 16
16 20 17
1 5 12
5 9 3
9 11 4
6 8 14
4 5 3
17 20 11
17 20 18
12 14 19
23 3 8
17 20 5
1 3 17
18 23 6
17 21 12
21 23 18
6 7 14
9 13 14
18 22 3
8 11 8
12 16 12
2 6 3
1 3 9
5 8 21
6 7 5
12 14 7
14 17 16
0 3 20
10 12 4
2 5 12
2 5 14
10 13 13
13 16 15
0 3 16
19 23 12
13 17 10
16 19 2
13 15 9
17 19 5
23 4 16
19 21 6
21 1 12
16 19 6
4 7 5
0 4 10
19 22 17
13 15 5
2 4 2
7 11 9
14 16 11
6 9 12
0 3 11
13 15 5
23 3 18
14 18 5
4 7 12
9 12 2
14 18 21
5 8 15
22 1 6
22 3 14
2 4 2
6 9 17
8 11 15
1 4 12
14 19 2
20 0 21
16 20 14
13 16 11
17 19 17
14 17 20
17 20 2
19 21 1
2 5 18
17 21 1
19 22 11
15 18 9
23 3 12
19 23 3
13 15 9
10 14 13
9 12 20
5 6 11
23 2 19
11 13 18
15 17 19
16 17 20
11 14 14
12 15 14
14 15 11
12 12 16
11 13 4
19 23 4
20 2 10
12 15 7
13 16 16
9 14 11
7 9 9
14 18 21
18 23 6
7 10 18
17 20 16
