1000 50
23 18 38 24 18 11 9 44 8 45 33 46 18 42 31 40 36 38 31 40 12 33 23 23 29 3 28 21 31 21 48 34 34 2 43 20 25 3 7 49 44 12 29 32 7 25 6 28 15 20 
0 4 7
7 11 20
21 23 12
2 4 13
21 1 19
22 0 10
8 11 42
3 5 25
0 3 22
17 19 48
13 16 32
19 20 10
19 22 37
18 22 50
16 19 32
10 13 28
15 19 36
14 16 37
23 0 29
12 14 37
12 16 28
2 3 32
4 6 31
8 12 50
8 10 44
13 16 49
20 22 16
18 21 1
0 3 26
5 10 1
6 11 47
16 21 28
11 14 37
16 19 33
13 18 46
0 2 50
23 1 23
21 0 29
19 21 6
20 23 33
19 23 7
13 17 23
13 17 23
0 4 6
22 1 1
23 2 31
1 4 8
18 20 3
22 23 1
5 8 6
0 1 42
19 22 38
22 2 39
20 22 4
23 1 39
1 4 29
3 5 45
19 22 46
5 7 25
19 21 23
14 15 40
1 3 13
14 18 39
2 5 43
6 8 15
9 12 39
20 23 1
13 15 37
16 17 10
6 12 34
14 17 10
23 3 32
19 23 25
5 9 11
20 22 8
7 9 43
11 14 6
6 9 46
5 8 12
18 22 16
13 16 44
23 2 12
0 2 12
4 8 15
17 20 41
14 17 37
2 5 48
23 2 45
19 21 14
21 1 8
13 17 15
1 3 32
18 19 39
12 15 48
1 2 7
13 14 24
16 20 30
10 14 1
20 23 20
1 5 41
7 9 3
11 16 11
15 18 15
11 13 40
8 12 46
13 15 23
10 11 50
7 9 44
0 3 22
4 8 22
17 21 35
17 20 8
17 21 3
1 2 44
8 9 12
13 13 13
4 7 2
17 20 19
6 7 49
22 0 50
20 0 29
7 10 26
6 10 29
19 22 6
13 15 30
11 13 35
12 15 44
11 13 18
13 16 25
17 20 34
8 11 36
5 7 18
8 11 31
17 22 27
5 8 12
12 14 27
7 9 31
1 3 25
6 8 26
6 9 1
3 6 50
10 13 48
6 8 27
20 21 15
20 21 5
2 5 8
2 6 10
4 6 32
6 7 40
3 6 41
16 19 32
14 15 32
14 17 31
10 12 7
7 9 20
5 6 5
16 19 37
20 23 19
22 2 7
6 8 6
16 20 26
4 6 49
17 19 20
16 19 47
8 10 13
1 5 11
18 22 3
2 6 28
13 14 43
23 3 7
0 3 4
15 16 48
13 16 40
7 10 19
3 6 2
5 8 14
17 19 25
23 2 1
18 21 5
7 9 39
2 5 28
7 10 37
14 18 30
1 3 48
3 7 22
1 5 20
11 14 47
17 19 5
5 9 42
19 23 45
8 11 2
13 16 31
15 18 47
13 16 33
6 9 43
10 12 39
21 0 9
14 15 35
17 20 13
9 12 40
18 21 14
0 2 50
23 1 43
2 6 11
14 17 31
4 7 44
9 11 35
5 9 40
17 19 36
18 22 36
22 0 23
23 3 31
15 18 48
16 20 31
0 2 47
7 10 41
9 12 35
1 5 23
22 3 44
20 23 43
11 14 46
13 17 26
14 18 24
4 9 40
9 11 7
22 1 29
10 14 48
4 7 15
4 6 25
12 16 15
23 1 46
15 17 48
22 1 11
2 7 44
16 19 10
22 1 22
23 3 40
12 13 8
7 9 16
2 4 28
20 0 48
10 14 1
16 19 43
0 3 26
13 17 22
6 10 22
16 18 41
16 19 2
6 10 7
0 3 13
5 8 19
5 7 11
22 1 16
20 22 29
4 8 40
4 7 46
2 5 22
5 8 40
10 14 35
19 21 8
12 13 16
8 9 42
5 7 50
23 2 48
17 20 20
9 12 21
10 14 42
4 7 37
4 8 44
4 7 11
0 4 34
13 18 10
3 6 44
12 15 12
21 0 26
7 10 20
9 13 22
16 19 21
0 4 6
17 20 29
6 10 48
5 9 42
19 21 8
16 19 26
16 20 5
2 6 20
6 8 26
0 2 18
12 14 39
6 11 10
4 7 4
19 22 35
0 4 20
13 15 30
23 3 5
9 14 47
8 11 3
19 22 42
17 20 12
0 3 10
10 13 13
0 3 27
0 4 36
9 13 40
5 9 45
7 11 20
14 18 18
18 21 29
0 3 23
18 21 45
11 15 37
9 11 13
18 20 27
17 21 20
12 17 1
9 12 32
20 0 12
13 17 46
0 3 31
23 0 42
11 16 24
19 21 20
13 15 2
10 15 7
13 17 40
13 17 32
23 2 31
22 2 19
4 8 29
17 21 12
23 2 39
21 23 31
15 19 44
3 5 7
1 4 2
7 10 22
13 16 30
11 14 15
11 14 14
19 23 39
13 15 43
8 12 25
16 20 17
20 0 46
17 19 42
16 19 4
3 7 22
21 2 22
1 4 49
3 6 7
13 17 20
14 15 40
14 17 5
23 3 17
9 12 13
1 3 19
21 1 48
16 20 46
10 14 14
10 11 46
11 15 42
12 14 41
21 23 40
2 7 32
4 7 12
18 21 36
15 17 48
4 9 26
22 2 6
13 17 39
15 18 11
20 23 50
4 6 28
0 4 43
14 18 48
3 6 30
7 10 7
18 21 4
5 8 1
16 19 13
7 10 41
19 21 45
13 16 46
1 4 13
4 10 25
16 18 10
15 17 21
3 5 20
0 3 41
17 18 35
18 21 42
18 22 22
2 7 21
1 4 37
14 15 12
8 12 26
5 8 46
21 0 14
3 5 25
2 6 39
4 7 33
15 19 36
15 18 48
15 19 40
18 19 9
3 7 29
19 23 16
19 22 50
5 9 4
7 11 7
2 6 19
19 22 20
15 18 27
13 15 33
18 20 18
23 1 26
5 7 17
11 14 50
21 22 35
20 20 46
17 19 42
19 22 49
18 22 48
5 8 35
23 0 39
1 6 9
2 5 43
17 19 25
23 2 32
5 7 19
6 9 42
8 11 45
16 19 3
14 17 31
16 21 36
4 8 17
9 12 3
3 5 47
9 12 42
4 7 31
11 14 29
22 1 6
11 14 18
10 13 11
22 3 40
23 2 5
14 17 49
15 16 28
20 23 18
16 20 46
18 22 29
1 5 6
7 10 12
10 11 50
19 21 2
1 3 37
5 8 27
20 22 44
17 21 19
13 15 19
3 6 10
20 23 36
19 22 4
9 11 9
11 14 5
17 19 30
14 17 37
9 12 21
6 9 32
21 1 28
4 6 38
0 3 23
9 11 29
19 21 1
21 22 39
7 9 44
23 2 35
15 17 16
0 5 26
8 11 23
12 16 18
6 9 2
21 23 45
8 10 43
17 21 40
10 13 8
11 14 22
8 9 29
23 2 15
17 21 23
5 8 41
5 8 6
4 7 14
22 0 48
23 2 26
9 11 40
12 16 35
12 16 12
4 8 24
15 16 34
17 18 14
19 22 2
10 12 21
20 0 22
14 17 20
9 13 34
0 3 17
13 16 27
11 15 44
16 19 13
22 0 1
6 10 18
6 10 24
9 12 41
7 10 35
11 14 19
2 6 27
15 19 43
11 15 3
20 22 50
3 4 3
19 22 48
23 0 48
11 12 46
0 3 41
14 17 15
5 8 10
21 0 6
16 18 29
0 3 32
12 14 17
5 8 16
8 10 20
3 5 19
22 2 29
21 23 32
1 4 32
3 6 21
12 14 38
14 16 21
1 5 3
8 9 23
14 18 30
4 7 18
18 20 44
5 8 14
15 17 42
19 23 37
2 6 20
2 4 16
0 4 41
13 15 44
11 14 29
14 18 8
3 3 36
8 11 14
4 9 28
3 5 39
6 10 29
18 20 30
2 5 32
23 2 36
6 10 50
16 18 33
3 6 42
20 23 39
10 13 7
5 8 4
13 15 43
3 6 3
18 22 45
18 20 8
14 18 6
11 15 31
10 12 23
5 9 32
11 12 26
5 7 47
2 3 35
4 6 5
21 1 7
14 16 31
10 11 28
16 18 13
11 12 39
0 2 21
4 8 40
2 5 7
8 10 48
18 21 9
11 14 17
19 21 4
3 6 41
1 3 47
23 3 34
1 6 14
11 15 32
0 4 23
0 2 19
9 12 18
13 16 23
12 15 24
11 14 3
9 13 43
7 11 9
14 18 2
8 11 13
22 0 14
15 16 37
12 16 48
15 19 14
0 2 14
12 17 45
16 20 4
17 21 16
8 12 4
9 12 4
14 15 9
20 22 26
21 0 43
6 9 40
20 23 19
20 23 29
14 17 26
12 15 20
9 11 47
23 1 34
15 19 35
17 20 6
2 5 21
1 5 24
14 17 42
15 18 7
1 3 13
0 2 13
13 18 20
15 16 24
20 21 28
8 13 5
5 8 9
8 13 43
23 1 9
2 4 36
15 17 45
13 16 32
2 6 14
15 17 48
0 4 38
19 21 49
16 20 48
2 5 23
15 18 42
20 23 16
12 15 9
11 15 39
0 2 12
19 0 46
9 13 14
19 20 27
13 17 42
2 4 20
20 23 9
21 1 24
23 3 20
0 3 21
5 7 5
3 7 11
13 17 47
7 10 7
14 16 25
22 2 39
18 20 33
7 10 44
21 23 6
18 22 1
1 5 35
23 3 35
13 17 39
21 22 29
2 5 34
4 8 33
7 9 35
10 12 49
9 13 19
8 13 30
13 18 13
14 17 38
1 5 39
2 5 39
19 22 29
22 2 23
19 23 37
8 12 11
3 7 9
11 14 39
19 22 30
9 12 7
6 9 12
23 1 38
7 10 41
9 10 21
10 13 42
11 15 24
12 15 36
8 12 10
5 8 8
9 11 40
21 0 33
0 4 1
22 0 37
12 15 9
20 22 8
6 8 29
9 12 21
21 1 16
15 16 32
6 10 22
15 17 24
16 19 35
13 16 22
9 12 29
11 15 46
3 4 30
13 17 23
17 20 31
8 10 35
6 11 26
21 1 26
16 19 16
6 8 11
23 1 35
11 15 36
19 23 27
8 10 19
7 10 23
15 19 8
6 9 35
13 15 43
18 21 18
17 20 14
16 21 23
18 19 50
1 4 4
23 1 28
9 11 10
23 2 24
14 17 3
22 0 28
15 17 1
19 22 3
23 3 14
21 0 41
16 19 27
9 12 41
8 11 27
5 9 4
13 17 12
0 3 27
15 18 18
21 23 48
7 10 16
7 11 46
17 19 34
13 17 6
20 23 30
12 15 43
1 4 48
21 23 44
20 0 37
14 18 23
7 10 46
4 9 4
6 9 22
3 6 24
7 13 38
20 23 33
22 3 21
0 3 37
12 14 16
7 11 27
3 6 17
21 23 10
16 18 31
5 8 46
16 21 39
1 5 45
21 1 30
12 14 44
9 12 23
2 6 19
18 21 37
9 11 29
6 8 18
23 1 10
21 22 25
9 11 44
13 14 45
14 18 4
23 1 32
0 3 44
2 5 35
4 7 20
5 8 20
2 6 21
9 11 3
17 20 44
15 17 18
6 8 21
19 22 40
8 10 12
4 8 31
11 14 31
14 17 35
15 17 44
20 21 20
0 3 28
9 11 5
19 23 15
6 9 21
18 22 2
20 23 25
8 9 19
15 18 4
3 6 45
5 10 38
0 0 39
5 7 48
8 12 35
10 13 42
11 16 3
14 17 34
5 9 35
23 1 15
20 22 48
22 1 32
22 2 48
11 14 20
16 19 40
13 15 1
1 4 29
16 18 32
11 14 37
6 9 27
14 15 28
9 11 44
9 12 4
2 7 36
22 0 3
23 2 21
14 16 40
19 20 18
20 22 25
4 6 44
17 19 43
14 17 16
19 21 37
7 10 8
8 8 45
11 14 33
19 22 22
19 23 25
21 3 49
9 11 14
21 1 3
22 3 10
22 1 7
15 18 30
3 4 47
5 8 28
17 19 28
23 1 28
8 11 45
13 17 35
4 8 47
7 9 4
3 6 4
21 1 10
23 1 18
15 20 30
2 5 23
14 16 50
21 22 21
19 22 39
23 2 39
8 12 36
16 19 34
5 8 1
18 20 10
22 0 29
20 0 43
7 10 8
9 14 29
20 1 38
10 12 19
13 15 48
5 8 41
10 13 41
9 11 37
15 20 15
3 6 4
0 3 38
7 10 35
18 21 14
17 20 8
15 18 49
20 0 47
15 19 4
2 6 43
12 15 34
17 19 5
20 22 46
23 1 3
8 10 11
12 14 50
4 7 2
8 10 13
12 16 27
3 7 3
18 22 32
7 11 31
7 11 4
12 15 28
20 0 31
16 20 3
20 0 38
16 18 15
14 15 1
21 23 17
21 23 1
21 23 4
5 6 11
16 19 37
22 2 5
7 12 8
18 20 21
16 18 17
7 10 10
0 3 27
14 17 50
17 21 8
19 22 44
13 16 36
4 6 1
11 13 38
6 10 43
23 4 36
5 8 26
14 17 46
11 14 40
14 17 23
23 2 22
20 0 13
9 13 6
8 10 40
10 12 14
13 16 43
6 10 41
6 9 36
13 16 5
12 15 48
4 8 50
0 4 4
23 2 6
16 18 34
1 4 37
4 7 40
17 21 50
19 22 24
23 2 5
15 19 11
7 8 2
8 12 26
11 13 47
23 3 48
23 1 16
4 7 23
0 3 39
19 0 30
12 14 40
4 5 15
13 18 4
16 19 38
5 7 49
4 6 35
22 23 47
13 15 14
22 2 11
11 14 16
11 14 40
2 5 48
4 6 4
7 10 31
22 1 24
3 6 49
5 9 28
10 14 33
12 16 43
3 7 44
6 7 2
12 14 40
