2000 24
10 24 4 15 1 10 1 2 22 6 22 3 11 21 6 18 11 17 15 6 5 23 14 16 
18 21 19
18 19 20
13 16 9
21 22 18
3 6 16
2 5 9
17 19 9
16 20 8
12 17 17
5 8 18
9 12 8
23 1 15
12 14 18
23 2 18
22 23 5
3 6 24
0 5 7
11 13 11
7 9 13
3 6 17
5 8 6
19 23 7
19 22 13
16 20 1
22 3 10
13 17 8
5 9 18
18 22 11
5 8 22
1 3 9
12 16 16
16 19 21
13 15 3
2 7 13
9 11 15
14 18 12
22 23 10
11 13 15
13 15 5
0 2 7
15 18 3
15 19 15
15 18 5
23 2 14
6 8 12
13 16 3
11 15 24
1 6 8
18 21 16
17 21 24
2 5 23
22 0 19
17 20 9
18 22 5
10 12 2
13 15 21
16 20 10
17 17 11
2 6 24
14 17 16
16 19 20
19 23 4
17 20 22
15 19 1
18 20 8
11 14 23
19 22 13
22 1 18
4 8 11
10 14 23
3 6 20
5 9 9
21 1 23
11 13 23
11 14 5
16 18 24
8 12 9
2 4 23
4 7 10
5 8 15
1 5 3
1 5 17
15 17 11
22 0 3
2 4 18
20 0 8
17 20 15
22 2 24
22 1 11
2 7 8
12 14 8
4 6 15
16 19 6
4 6 5
4 7 24
2 5 11
16 18 16
18 21 2
8 10 13
4 7 9
20 23 5
11 14 6
23 1 19
4 8 3
7 11 21
13 15 19
6 10 6
21 0 3
4 7 13
3 5 23
18 22 3
5 8 13
13 16 6
8 11 7
2 3 8
7 10 22
6 9 19
13 16 2
22 1 1
22 0 6
14 17 12
21 1 9
17 20 18
9 11 1
8 10 6
17 22 15
17 21 13
22 1 1
4 8 12
20 22 18
15 18 16
1 4 5
12 14 24
7 10 23
18 21 2
2 6 9
19 22 21
8 12 23
6 9 9
18 21 2
1 5 17
22 2 9
16 19 20
4 8 2
3 6 18
0 0 4
8 11 6
11 16 12
12 15 1
7 10 24
5 8 6
19 22 12
11 15 23
12 15 24
20 23 3
15 17 18
20 22 6
10 13 14
3 5 16
23 0 18
18 23 6
8 10 20
14 15 17
17 21 1
22 2 21
20 22 18
9 12 24
4 7 3
2 5 24
19 21 5
18 21 17
9 12 1
1 4 11
9 9 15
10 14 16
10 13 24
22 0 8
19 21 22
2 5 1
19 23 11
2 5 4
15 18 14
0 4 14
18 21 22
1 3 22
1 4 19
23 2 12
14 18 18
6 9 4
20 22 5
6 8 20
5 8 1
19 23 14
7 11 18
15 16 6
20 23 10
1 3 10
11 13 19
14 18 8
5 9 6
16 18 8
20 1 4
8 11 7
13 17 21
10 12 4
5 7 19
21 1 21
15 18 2
9 11 17
7 9 20
11 15 16
7 10 6
4 6 1
13 17 11
20 22 22
13 17 2
2 6 15
9 11 14
0 3 8
19 22 11
9 11 11
22 2 4
18 21 16
8 11 6
9 13 21
20 1 2
10 15 21
22 0 14
2 5 13
13 13 10
5 9 6
17 17 1
16 20 20
1 4 20
22 0 23
2 4 16
16 19 5
4 5 17
18 22 19
8 12 5
5 8 13
5 8 13
7 10 24
15 19 7
20 1 16
6 8 12
5 8 16
7 10 13
9 13 15
14 15 17
3 7 9
14 19 23
9 13 16
14 17 17
7 8 2
19 21 16
17 20 15
20 0 4
6 9 24
18 20 15
7 12 22
8 12 3
19 22 16
3 6 12
15 18 24
16 19 13
9 12 20
9 13 23
6 10 8
2 5 5
12 15 12
8 11 8
13 15 3
14 16 24
14 17 9
20 23 12
16 18 19
2 7 24
19 21 9
3 7 11
20 23 10
11 15 3
19 23 15
17 21 16
19 0 4
18 22 2
9 12 23
16 18 8
17 19 11
20 23 17
9 11 10
22 3 12
3 6 18
3 7 21
10 14 3
18 20 3
21 0 17
20 22 21
12 13 13
20 1 24
20 0 5
17 19 22
0 4 17
15 18 19
4 8 12
7 9 23
5 8 15
7 10 3
17 20 16
3 4 12
11 15 19
13 17 4
19 22 10
12 15 8
20 23 11
17 20 18
3 5 20
9 11 14
1 5 15
8 12 9
8 11 24
17 20 4
0 2 24
6 9 15
10 11 5
7 9 16
22 0 15
9 13 10
19 21 21
4 7 8
21 23 19
11 13 1
15 18 3
5 7 4
12 15 5
12 14 14
12 17 6
10 14 7
12 14 16
7 9 3
7 11 8
3 8 2
1 3 2
10 13 2
16 19 11
19 22 5
15 18 23
20 23 8
12 16 21
7 9 11
16 18 17
1 5 3
3 5 23
13 15 22
6 8 15
20 22 20
11 14 7
0 3 12
14 16 21
12 13 15
6 9 7
1 4 7
23 3 19
1 4 23
20 0 14
3 5 9
5 8 13
3 5 13
22 1 19
11 15 1
10 12 20
2 5 16
21 0 14
19 22 11
2 4 3
15 18 19
1 3 5
3 6 16
0 4 12
5 8 23
8 10 18
14 19 16
13 16 1
4 9 2
7 11 17
7 12 3
22 2 1
12 14 6
19 23 21
20 0 10
0 4 3
19 22 12
7 10 18
14 17 3
6 9 24
22 23 2
14 17 12
3 6 22
23 2 11
0 2 6
6 10 12
19 21 19
9 14 1
3 7 6
9 12 4
23 2 8
12 15 24
22 2 13
12 16 21
21 1 24
15 19 7
7 10 19
0 2 14
22 0 4
7 11 2
19 20 24
2 4 1
16 18 16
11 15 12
1 2 1
16 17 15
19 22 12
7 10 21
20 1 21
13 17 1
14 16 10
9 12 1
9 13 10
4 7 7
14 18 1
5 8 7
14 14 3
0 2 24
6 10 10
10 15 14
17 19 5
13 15 17
10 15 10
19 22 22
4 8 20
21 23 3
11 13 1
22 1 13
12 15 6
11 12 19
16 18 13
0 2 24
22 0 20
7 11 10
15 18 15
7 10 10
17 20 24
12 15 18
17 22 3
7 12 22
5 8 21
10 14 6
0 3 7
19 22 22
10 15 6
5 8 10
0 2 3
13 18 17
9 11 23
15 18 23
16 18 11
22 3 24
8 11 17
23 2 3
20 22 8
21 0 2
5 7 11
1 4 22
23 3 8
9 9 23
7 11 1
10 13 22
4 6 19
0 3 8
23 3 5
4 7 23
8 12 20
15 17 1
14 17 20
23 3 17
13 16 24
21 23 7
7 11 8
1 5 23
4 6 11
1 3 4
4 5 16
15 18 14
0 2 2
8 11 21
15 17 13
8 11 24
17 20 18
8 11 19
2 3 13
16 20 8
22 0 11
8 10 11
13 16 23
2 6 20
17 19 17
0 2 11
18 21 19
11 13 12
3 8 23
2 3 20
5 9 22
17 19 2
22 2 2
9 11 16
6 9 4
13 16 23
0 2 21
9 12 16
22 2 13
12 16 12
11 14 16
16 20 24
2 5 7
14 16 13
23 3 23
10 14 3
8 10 21
12 15 22
21 0 14
20 23 7
8 11 11
19 20 12
5 8 11
11 15 11
6 7 9
20 1 6
4 8 20
21 1 6
7 10 22
8 12 1
23 1 3
15 17 10
14 18 9
7 8 13
3 7 2
2 6 7
17 20 14
3 7 11
18 21 2
5 8 11
3 6 2
1 2 18
20 23 24
0 4 20
20 23 15
9 11 17
4 8 3
6 9 4
16 19 18
19 23 1
8 10 3
10 13 11
19 23 21
10 14 21
7 10 20
10 13 12
4 6 5
6 10 1
12 16 24
21 0 5
7 12 5
22 2 6
8 11 24
17 21 21
8 13 14
3 6 21
13 17 12
10 12 3
6 8 24
9 11 9
5 8 10
12 14 24
14 17 23
6 10 9
12 15 23
0 2 19
11 12 2
23 2 19
18 20 6
7 10 12
3 5 22
6 8 9
17 19 13
9 10 23
2 3 8
3 4 16
8 11 16
18 20 15
19 23 20
22 1 21
18 22 11
17 22 7
13 17 16
22 2 13
6 9 14
21 23 1
20 0 3
6 9 13
14 17 12
12 16 6
9 11 2
16 19 1
13 16 2
9 11 6
21 0 22
4 8 24
13 15 22
13 15 5
6 10 16
15 18 8
5 9 24
21 23 5
21 23 24
17 21 20
23 2 9
17 20 8
20 0 1
11 13 12
15 17 10
22 1 19
9 13 21
20 23 15
12 16 23
2 5 13
0 3 8
15 16 13
13 15 14
6 8 10
7 7 12
1 3 4
22 0 3
18 22 9
0 5 4
15 18 11
16 18 20
18 21 20
3 6 21
6 6 12
7 12 7
19 22 6
14 17 22
2 4 17
17 21 15
13 14 23
14 17 22
5 9 17
2 5 24
15 18 4
16 20 10
0 5 5
10 12 23
3 3 4
8 12 15
22 2 12
14 17 3
1 3 15
22 0 11
10 13 3
9 11 18
21 23 6
13 16 16
23 2 2
23 1 8
18 20 8
3 5 9
15 16 7
21 0 11
12 14 12
21 0 21
1 5 16
12 14 10
14 16 5
20 22 15
9 12 17
7 10 7
3 6 8
21 23 16
11 13 1
23 3 20
6 9 14
10 12 2
4 6 4
2 4 3
21 0 7
2 5 4
2 6 1
22 2 17
21 0 4
20 1 1
10 12 9
20 21 18
16 19 6
2 5 6
3 5 18
3 5 22
3 7 5
2 7 24
20 21 12
2 5 22
10 13 8
15 18 7
3 5 17
0 2 1
17 20 19
22 1 22
15 17 17
6 9 24
11 15 16
21 23 21
4 7 16
0 2 10
4 7 9
21 0 17
0 1 4
15 17 6
10 14 15
17 20 21
11 14 10
20 22 6
8 11 2
20 22 13
4 6 19
1 3 10
5 9 20
19 23 1
9 13 17
15 19 7
15 18 20
20 0 14
21 1 5
23 3 14
11 16 24
12 16 2
3 6 15
7 9 14
23 3 5
0 4 13
21 0 16
17 20 20
8 9 4
23 2 6
9 14 12
2 5 5
4 8 16
19 22 13
2 5 22
11 16 24
11 15 5
22 1 21
13 16 14
12 15 17
22 1 19
5 8 17
4 7 6
7 9 9
3 5 21
13 16 3
22 1 13
4 7 16
8 12 1
10 13 21
22 2 20
5 8 21
11 12 22
2 2 14
3 5 13
23 1 12
22 0 19
8 11 15
21 23 6
19 23 22
2 5 22
11 15 19
18 21 6
2 5 8
19 23 8
7 9 18
19 21 7
5 8 4
0 1 23
22 0 18
5 9 15
17 18 1
19 20 20
12 13 15
0 5 13
2 5 5
7 9 8
17 20 15
15 19 17
18 20 17
13 15 4
3 6 4
1 5 24
0 3 4
3 5 3
21 1 13
4 9 15
4 6 13
6 9 5
4 8 5
7 10 10
16 20 7
12 15 24
21 0 19
4 7 20
23 3 1
6 8 15
18 21 4
7 10 12
23 1 20
6 10 17
4 7 15
14 16 21
3 6 7
14 16 14
23 2 18
0 2 20
19 22 3
14 18 16
23 3 9
3 5 7
22 1 13
4 5 19
8 12 22
23 3 8
16 19 6
20 23 10
4 7 6
17 21 5
20 23 18
21 1 23
19 22 5
5 8 9
18 21 4
3 7 22
23 2 19
8 13 16
23 3 20
13 16 5
14 18 14
8 11 21
0 2 12
16 19 11
10 12 23
0 3 20
2 5 8
8 13 14
2 4 22
7 11 9
10 14 14
16 19 7
20 22 9
4 6 14
7 13 15
14 17 17
7 12 15
17 20 23
5 8 16
4 7 15
15 20 21
7 8 1
5 7 10
10 11 6
13 14 3
7 10 2
20 0 21
19 22 18
14 17 10
2 4 5
5 5 20
16 20 4
7 10 22
20 23 19
15 17 23
19 23 3
18 21 10
11 13 14
2 6 4
7 11 12
22 0 3
19 22 10
0 3 22
12 13 3
1 3 23
6 10 5
0 3 14
10 14 17
22 1 22
10 13 5
8 11 2
15 20 7
18 22 16
9 12 13
9 12 13
8 11 22
4 8 22
17 20 4
19 22 8
13 16 13
2 5 9
9 12 22
18 21 15
3 7 21
19 22 10
2 5 13
13 16 7
13 15 16
16 19 22
8 11 16
17 22 5
8 12 1
5 8 20
11 15 2
21 23 2
20 23 12
9 13 11
22 0 4
23 2 6
13 16 8
21 23 21
5 6 14
19 22 21
9 11 22
2 5 15
13 18 16
21 0 2
16 19 3
10 11 14
13 14 4
0 4 17
1 5 18
15 18 9
0 2 6
3 6 9
18 20 15
13 17 20
5 7 24
11 14 18
23 1 10
12 16 22
5 7 2
18 20 17
13 14 23
14 18 1
13 16 5
20 1 6
21 23 13
12 14 15
2 7 7
9 12 22
21 23 19
12 16 3
9 13 22
11 15 1
10 14 19
16 19 16
6 8 6
22 1 21
12 16 20
18 23 3
3 5 23
9 11 15
22 0 1
7 9 15
18 23 13
15 17 5
10 14 8
2 4 5
14 16 5
18 23 14
13 16 7
14 16 24
13 15 21
20 0 11
14 17 11
13 14 21
8 10 16
2 5 2
20 0 8
15 18 4
8 13 3
3 6 16
16 20 20
16 18 6
6 9 16
22 3 3
7 10 5
9 13 5
3 5 7
1 5 14
3 6 4
18 20 13
14 17 12
18 20 15
13 18 8
18 21 13
20 0 2
4 7 17
22 2 15
6 7 10
6 9 19
3 5 17
11 13 7
2 5 18
6 12 3
1 5 9
3 6 8
5 9 22
14 17 17
4 7 19
0 4 24
6 8 24
12 15 5
23 2 4
9 13 19
8 12 10
18 19 8
9 13 2
3 6 2
8 10 1
16 16 18
13 15 2
14 17 17
1 4 24
3 4 9
15 19 16
18 21 5
7 10 1
0 2 10
1 3 7
2 5 12
2 5 9
7 10 10
7 10 20
15 21 23
13 17 9
10 14 17
19 21 4
13 17 15
15 17 7
0 3 1
1 5 12
4 7 23
3 6 9
6 9 15
17 19 8
21 0 10
23 2 15
1 5 13
17 20 2
23 1 5
7 9 3
21 0 8
20 0 19
13 16 22
2 8 21
5 7 7
23 2 6
8 13 3
16 19 11
15 18 9
5 8 15
6 10 8
4 9 8
6 8 2
5 8 17
3 6 12
9 11 5
6 10 10
19 23 20
23 4 2
5 8 9
6 9 14
10 13 9
20 22 14
4 7 20
3 6 2
8 11 8
11 13 5
20 22 12
10 11 21
16 19 6
23 0 18
16 20 24
7 8 4
18 20 24
19 21 6
19 23 18
20 0 5
15 19 18
6 10 13
18 23 22
23 3 16
10 13 19
10 14 13
18 22 5
17 20 19
21 0 20
22 2 14
17 21 19
10 14 13
18 20 18
17 19 19
22 22 22
16 19 5
12 14 15
0 4 11
16 19 5
5 7 14
5 8 8
5 7 14
16 18 10
6 11 13
16 20 7
9 13 9
18 21 14
13 16 15
13 16 21
19 22 13
3 6 23
9 11 20
20 21 2
13 17 21
11 14 14
10 11 13
0 4 6
9 14 17
5 8 1
15 19 21
11 14 8
22 2 17
8 12 7
10 12 19
12 16 18
6 9 14
9 13 4
4 8 10
20 23 16
5 8 4
15 17 20
22 1 4
3 3 20
4 7 8
1 5 21
4 7 24
5 8 17
12 14 19
17 19 14
22 0 7
1 3 13
11 13 22
7 10 2
3 8 16
22 0 18
19 23 9
9 11 3
10 15 19
15 18 21
23 0 14
12 17 2
6 10 6
17 19 4
19 23 23
22 23 11
0 3 3
4 7 22
21 1 20
1 4 16
9 13 22
7 12 24
20 22 2
23 1 16
17 20 7
14 16 19
3 6 3
17 20 4
10 12 16
14 17 2
13 16 11
2 5 18
23 1 7
22 23 14
20 1 3
20 22 19
21 0 1
1 4 16
11 13 14
18 21 8
22 1 22
21 2 15
7 12 1
13 16 14
0 3 10
14 18 14
21 2 3
23 1 1
9 12 9
15 19 14
1 4 7
19 23 10
12 17 11
16 19 8
23 2 16
20 22 23
17 18 10
20 23 12
23 1 2
22 23 1
11 14 4
18 22 2
12 15 12
22 0 2
12 15 8
15 18 15
0 3 17
23 1 23
18 21 8
20 23 20
9 13 8
20 23 4
12 15 17
5 7 24
5 8 2
13 15 2
0 1 21
13 16 14
7 11 12
14 15 1
5 8 3
0 3 20
4 4 24
3 6 8
9 13 20
11 14 21
0 3 19
17 20 1
4 6 2
17 20 8
9 12 14
1 5 12
2 5 3
22 2 12
10 13 23
2 5 4
7 12 3
0 2 9
14 17 3
7 11 11
16 19 23
22 1 5
8 12 2
0 4 3
6 9 5
21 1 23
12 15 14
18 22 13
21 2 3
4 7 6
10 16 4
1 5 1
20 22 3
6 7 10
17 20 2
8 13 21
22 1 20
15 19 20
3 6 20
11 15 19
14 18 18
8 10 21
8 11 5
14 16 9
0 4 18
14 16 18
5 8 1
19 22 21
3 6 15
4 8 24
20 23 1
7 10 2
22 1 12
11 15 22
0 4 3
10 11 15
1 3 15
6 9 7
11 14 17
22 1 20
23 2 10
15 19 10
7 10 10
6 9 5
3 7 1
1 2 10
1 5 7
5 8 18
8 11 13
18 19 6
8 11 1
6 11 3
2 5 16
15 17 5
23 2 20
19 22 7
15 19 22
17 20 15
0 2 18
3 6 4
20 0 16
18 21 19
21 22 16
2 5 14
14 15 5
17 18 5
13 16 9
19 22 15
16 19 14
12 14 17
18 20 18
11 14 18
14 17 8
1 4 19
17 21 14
7 10 24
7 10 1
13 14 8
7 11 5
8 11 19
10 12 12
7 12 5
19 21 8
5 8 3
22 1 21
1 3 12
13 16 20
8 11 13
11 13 9
19 21 15
3 6 2
10 13 14
17 18 20
14 17 14
21 1 1
23 2 8
17 20 8
10 14 15
23 1 16
0 3 4
21 0 8
15 21 16
23 2 1
5 7 10
3 7 9
20 23 10
16 19 19
7 9 14
22 0 8
13 17 12
7 9 19
14 18 17
16 17 17
5 7 2
12 16 16
14 18 17
20 0 16
20 22 17
23 3 14
10 13 12
14 16 20
15 17 7
3 5 18
7 11 3
21 0 19
2 4 20
17 19 4
8 11 3
11 12 11
3 6 24
14 17 7
11 14 14
18 23 10
7 10 18
10 14 13
3 7 20
1 2 1
14 17 19
11 15 18
17 19 24
15 18 24
2 4 13
8 11 18
5 7 22
20 22 23
14 18 23
11 13 20
21 1 7
17 20 14
20 0 10
10 13 19
14 18 1
11 14 10
9 10 23
16 19 15
3 8 3
5 10 3
6 10 16
6 8 19
12 15 19
7 10 4
9 14 20
18 20 12
18 21 22
13 16 11
23 3 6
18 21 4
20 0 6
7 8 14
8 11 24
8 11 18
19 21 8
22 2 17
23 2 22
17 21 21
11 14 5
0 4 15
15 17 19
15 17 6
22 2 6
17 20 18
7 10 4
11 13 21
14 17 6
21 0 16
23 2 1
9 10 23
23 0 7
15 19 16
1 4 20
0 3 15
14 17 1
17 22 22
6 9 9
19 22 5
9 13 23
2 4 1
21 23 15
11 14 2
8 11 12
11 14 14
2 5 7
2 5 21
22 2 23
1 5 6
1 3 2
15 17 22
0 2 6
5 7 9
23 1 18
21 22 5
0 2 2
1 4 15
10 13 24
9 14 16
19 20 17
18 22 13
23 1 12
15 17 13
22 2 3
9 11 17
3 6 7
17 20 23
8 11 5
10 11 19
9 12 7
16 20 3
23 1 13
13 16 23
7 8 1
8 11 12
19 22 6
4 6 9
1 4 12
22 23 24
1 4 19
11 13 9
15 19 24
22 1 15
6 8 22
17 20 20
10 13 13
23 2 21
15 18 6
13 17 15
2 6 2
12 15 23
9 12 17
2 5 24
2 6 3
18 20 4
20 22 13
4 7 18
17 20 2
23 2 15
6 8 13
4 6 15
13 16 21
23 3 12
2 5 24
17 21 4
17 20 11
5 6 23
15 18 6
23 1 19
21 23 15
12 15 4
21 0 16
2 6 2
15 18 4
18 22 3
13 17 4
17 19 7
17 19 2
14 17 16
8 11 13
5 8 17
1 3 19
23 3 17
23 1 7
15 16 7
13 17 7
18 20 3
6 7 16
0 4 8
5 9 22
4 6 22
12 14 13
12 15 17
12 14 12
6 9 19
20 0 17
15 18 22
11 14 4
4 6 20
4 7 23
15 17 14
0 4 16
0 0 14
13 16 8
7 11 6
2 6 8
7 9 23
18 21 22
10 14 17
23 2 1
15 17 13
2 5 19
22 2 11
9 12 6
22 1 18
18 20 24
11 15 11
15 18 20
20 0 18
21 0 7
5 8 7
20 23 8
15 17 13
16 18 19
12 16 12
10 12 13
18 20 24
10 12 20
16 19 15
16 19 5
12 15 21
13 17 23
12 15 17
3 7 20
18 22 21
10 10 19
21 0 19
2 6 17
12 16 4
17 21 22
8 12 10
9 13 9
6 8 14
21 0 21
1 3 2
14 16 20
5 9 2
13 16 8
1 6 18
7 11 9
17 20 22
1 3 2
9 12 9
18 21 15
5 6 15
9 13 3
22 1 23
15 17 11
21 23 4
23 2 21
17 21 20
12 16 3
11 12 1
4 6 8
14 19 22
10 12 14
15 17 19
10 14 2
20 22 19
9 12 12
19 22 19
6 9 21
2 5 9
4 6 4
12 14 20
18 20 8
6 9 19
5 8 4
1 4 14
13 17 12
22 0 20
21 0 20
1 3 5
17 21 3
11 17 1
15 16 14
17 19 18
5 7 15
22 0 12
22 1 16
1 4 9
14 18 4
12 16 6
9 11 8
11 14 24
5 8 19
22 0 5
12 14 12
12 16 17
12 16 16
7 11 22
6 9 2
12 16 11
3 6 8
23 1 3
15 21 4
11 14 18
15 17 19
23 2 19
2 3 11
2 6 12
3 5 9
9 11 16
14 16 18
13 15 21
6 8 18
9 14 5
10 13 7
10 14 1
2 4 11
17 19 7
2 6 17
18 22 22
16 19 15
7 11 20
19 20 7
13 16 15
6 8 24
16 19 21
7 8 21
19 23 3
22 1 14
19 23 6
20 0 21
2 4 10
18 20 15
0 2 13
15 18 9
10 14 1
3 7 2
7 10 15
12 16 13
17 20 1
22 1 15
7 10 14
22 2 4
13 15 5
16 19 16
2 6 18
14 17 13
15 18 22
22 2 5
9 12 17
3 5 8
4 6 17
21 23 11
3 8 3
16 18 22
19 23 2
8 11 8
4 7 11
4 6 22
12 17 20
2 4 2
7 10 16
4 9 16
6 11 7
1 3 21
10 13 15
8 11 24
1 5 17
9 11 20
2 4 1
1 3 2
20 1 14
14 18 10
11 14 13
9 12 23
8 11 23
5 8 13
16 17 5
1 4 18
18 20 5
19 22 22
11 15 13
8 11 15
3 5 17
21 1 1
20 22 6
2 4 18
2 5 15
17 20 16
21 0 23
3 7 12
12 16 11
6 9 15
7 11 3
14 18 6
5 8 11
16 20 14
3 5 8
14 17 11
6 8 20
7 9 4
3 6 2
22 23 17
0 2 13
23 2 3
2 5 7
14 16 2
21 23 14
2 2 10
3 6 16
8 11 3
10 13 9
19 22 6
4 7 12
8 13 24
15 18 10
17 20 13
21 0 15
11 14 17
20 22 9
1 4 2
13 16 10
2 4 21
21 1 3
3 7 14
22 2 6
2 5 24
20 1 22
13 16 16
8 12 11
6 10 17
18 21 22
10 13 3
9 13 4
4 6 7
18 21 8
0 4 13
3 4 6
18 19 23
15 18 24
23 1 1
0 3 9
9 13 4
0 3 3
9 12 20
16 20 22
15 19 2
4 6 18
5 7 11
15 18 19
23 3 20
3 5 4
14 17 10
22 1 24
15 19 21
16 19 11
10 13 10
4 7 2
18 22 24
7 11 21
7 10 18
19 21 5
20 22 5
3 7 4
16 18 21
8 11 20
21 0 24
13 15 21
10 13 7
21 23 16
9 11 21
10 14 7
4 7 17
10 13 22
16 18 2
0 3 1
7 11 1
18 22 3
5 8 20
2 4 18
22 3 6
17 21 17
6 8 8
19 20 11
16 18 3
15 19 14
8 11 23
6 8 19
12 16 20
20 22 17
18 0 18
8 10 9
2 6 14
7 11 22
0 4 21
22 2 16
15 17 10
13 16 14
4 6 19
19 0 23
11 16 8
14 17 5
0 3 14
7 10 13
9 11 19
17 20 7
19 21 9
6 9 8
22 0 22
2 4 12
14 17 24
3 7 19
13 17 3
20 0 13
15 17 21
0 2 11
23 1 17
1 3 9
6 9 14
3 5 4
13 15 15
10 12 7
18 20 1
17 21 22
5 8 19
15 17 20
23 1 2
1 4 22
6 10 12
17 19 13
6 9 19
12 15 13
11 14 11
3 7 17
10 12 13
11 14 10
19 23 13
20 23 23
13 17 6
15 19 5
1 4 16
13 14 13
2 4 1
3 6 23
3 7 7
4 8 10
11 14 12
6 9 13
23 3 17
4 6 10
11 13 15
20 23 21
12 15 10
17 19 22
10 12 24
6 10 1
4 8 5
19 22 14
11 14 20
23 3 16
9 13 18
23 1 14
16 20 9
17 18 6
13 14 23
6 9 2
1 5 14
6 9 23
20 22 3
16 17 23
14 16 21
12 14 20
18 20 22
15 17 7
14 19 20
17 21 12
10 14 23
10 13 22
21 1 19
7 11 12
23 3 5
12 14 23
7 10 16
10 13 4
21 23 13
3 6 1
12 13 2
4 7 13
18 21 5
9 14 3
9 10 5
4 8 11
15 19 4
15 16 8
0 4 7
15 18 4
10 14 8
11 12 10
7 12 22
2 6 11
1 4 12
15 19 17
16 18 16
6 9 11
0 5 20
7 10 3
20 23 1
17 20 4
23 3 15
1 4 8
7 11 1
19 21 3
8 10 21
11 13 7
8 9 8
7 11 23
5 8 9
10 12 8
20 22 11
17 20 19
9 12 17
14 19 10
17 20 22
9 12 5
7 9 16
8 11 5
12 13 14
6 10 6
12 17 13
13 16 5
4 7 2
4 6 21
14 17 14
7 9 1
5 9 17
15 20 13
10 14 9
20 0 7
4 6 15
4 10 8
6 9 22
