1000 12
8 11 3 9 10 4 4 3 5 1 5 8 
13 17 11
7 9 5
3 7 12
3 5 11
2 6 7
14 18 2
16 19 9
23 1 5
13 17 11
23 3 4
8 9 7
21 22 12
8 10 10
4 7 4
14 16 2
3 4 5
16 21 12
5 10 9
1 4 12
10 14 4
18 23 6
17 19 1
9 11 4
5 9 11
12 15 4
8 12 7
21 0 5
7 10 4
0 3 12
1 4 8
21 0 8
8 10 4
5 7 10
3 5 1
20 22 7
15 17 3
3 4 10
21 1 2
2 5 5
2 6 7
18 23 5
10 13 2
3 4 1
6 8 3
1 4 2
22 1 3
21 0 1
4 8 10
13 15 2
6 8 8
18 21 10
19 22 9
18 19 4
2 6 8
18 21 4
21 23 12
2 5 9
13 16 12
16 20 3
4 9 10
7 11 3
0 3 9
13 19 9
16 20 3
16 18 7
2 5 2
15 18 6
8 9 8
0 4 6
9 11 5
18 19 6
21 23 3
6 9 6
14 19 3
14 17 9
12 17 3
20 23 9
22 23 1
4 7 9
18 20 1
22 1 12
8 10 12
13 16 2
1 3 6
21 0 10
22 1 6
17 20 10
1 3 8
12 14 9
1 2 2
10 13 8
7 10 10
20 22 3
2 4 2
14 17 5
19 23 12
22 1 9
21 1 5
22 1 1
3 7 11
5 8 1
11 15 10
16 20 6
15 18 12
20 22 6
5 8 10
7 10 3
2 5 8
12 15 4
12 14 12
16 18 4
1 3 9
16 18 6
10 13 7
23 2 3
0 3 2
17 21 12
7 11 2
13 15 5
12 16 12
10 12 11
6 10 5
5 9 4
2 6 4
16 19 12
22 1 4
22 1 4
0 4 2
17 19 9
21 2 4
19 21 6
0 2 2
9 11 6
18 21 9
9 13 5
3 6 6
5 9 8
5 9 4
21 0 12
10 12 6
1 3 3
22 1 11
1 3 1
4 6 9
7 9 4
5 7 10
8 10 11
4 7 11
15 17 11
2 3 5
0 3 12
1 3 9
20 23 11
7 9 1
22 1 10
21 0 4
13 14 10
21 1 3
12 14 3
4 7 11
22 1 9
11 14 11
11 15 10
23 2 2
20 22 6
3 6 5
13 17 3
18 20 4
8 11 7
3 6 1
23 1 4
6 9 6
10 14 3
17 21 5
11 14 4
20 22 2
16 17 11
17 20 7
22 2 8
20 22 8
4 8 2
18 23 12
0 2 8
10 12 10
1 5 6
10 13 12
19 21 1
18 22 10
3 6 2
22 1 9
18 22 2
7 12 4
22 3 10
17 20 4
13 15 2
18 21 8
1 2 4
4 8 4
18 21 7
17 19 6
12 17 7
9 11 6
5 8 1
0 3 5
19 23 6
21 23 6
14 18 1
0 1 8
7 10 12
11 14 6
5 7 6
16 18 11
21 23 6
10 13 2
9 13 1
11 13 1
2 4 3
7 10 7
22 1 3
6 8 1
20 1 12
12 15 2
11 15 4
5 6 2
2 6 3
0 3 2
17 20 12
1 5 10
2 4 11
1 5 10
3 8 11
2 4 9
11 16 3
19 22 10
17 19 11
6 10 11
23 3 10
15 20 5
13 17 10
19 21 5
10 14 7
20 22 4
16 20 1
11 16 10
4 10 3
7 9 5
19 21 1
8 9 12
4 7 7
9 12 6
12 16 5
11 15 11
1 3 2
9 12 5
20 23 11
14 18 10
21 2 5
10 11 12
10 14 8
3 6 1
21 1 12
3 9 1
21 23 7
3 6 2
7 9 11
19 22 8
19 23 2
6 7 8
10 14 6
8 11 11
8 10 3
22 1 9
9 10 7
7 10 4
21 23 12
10 14 12
23 3 4
2 5 7
16 19 10
19 20 3
17 20 3
13 16 8
11 16 11
12 15 7
3 7 1
4 7 3
21 0 10
17 20 7
11 13 10
2 5 12
0 5 3
2 4 3
16 19 8
20 22 11
11 15 8
4 7 11
23 3 10
23 2 2
16 19 8
23 1 11
17 22 1
3 6 8
15 18 9
20 23 9
23 2 5
17 19 8
17 20 11
23 1 11
15 18 8
20 23 6
22 0 8
2 7 6
8 11 6
13 16 5
16 18 11
8 11 12
15 17 6
20 22 5
10 13 12
1 6 2
20 23 9
17 20 1
15 18 2
7 9 4
8 13 11
1 7 5
20 22 1
20 23 10
18 23 4
19 22 12
7 10 7
8 12 11
16 20 12
10 13 12
6 6 2
11 15 11
17 21 3
18 22 11
4 7 3
20 22 6
0 4 12
13 15 3
8 12 1
5 7 6
21 23 10
23 4 7
23 1 6
7 12 8
6 10 11
8 11 4
15 18 3
19 23 8
12 14 7
10 12 12
8 11 2
14 18 10
10 14 1
16 20 12
3 7 9
10 14 6
5 9 12
3 6 3
20 0 9
0 3 1
13 16 10
0 4 7
10 13 1
8 10 3
22 0 5
10 12 5
10 15 12
18 20 9
6 9 3
7 9 10
18 20 4
22 1 11
13 16 5
18 21 5
3 5 1
10 12 11
22 2 12
5 7 1
3 6 3
16 19 4
0 2 10
12 15 3
20 23 4
7 10 3
0 3 4
0 2 11
8 11 5
15 17 4
2 5 12
22 0 8
17 21 6
8 11 1
12 13 6
15 19 5
9 13 11
5 8 1
23 3 6
19 21 2
10 12 3
5 7 1
3 7 3
16 18 7
14 15 6
1 4 5
4 4 8
17 21 7
15 18 1
2 4 5
16 19 6
5 8 5
20 0 3
23 2 8
18 22 4
10 12 3
2 6 1
15 18 9
2 5 4
20 22 4
1 4 2
16 20 3
8 9 10
0 3 4
0 3 5
18 20 4
21 0 1
11 13 4
23 2 6
19 21 9
17 20 4
22 0 11
9 11 5
18 21 12
11 13 2
21 0 2
10 14 6
19 0 1
2 5 2
18 21 6
20 21 8
14 18 2
19 22 1
23 1 8
16 19 11
8 12 12
15 18 8
3 6 8
16 18 9
15 19 5
21 23 3
19 21 11
4 7 5
12 15 8
7 10 9
2 4 1
11 16 7
7 10 2
19 22 3
15 20 10
0 4 11
4 6 6
5 9 9
21 0 10
3 5 10
3 6 11
23 4 2
7 9 5
8 13 1
1 3 2
17 21 4
0 3 2
14 17 4
18 22 1
6 7 12
10 12 6
19 23 2
2 5 9
13 16 11
5 9 3
14 16 12
16 18 9
6 8 5
9 11 10
17 21 4
22 2 5
14 16 10
7 8 4
18 21 4
14 19 4
17 21 3
14 17 3
2 4 6
4 8 3
2 5 3
16 18 12
12 14 4
16 21 8
9 13 9
10 14 4
5 8 6
9 13 5
3 5 7
14 16 11
19 23 1
5 7 10
13 15 9
20 0 8
22 3 8
5 6 8
21 1 8
6 9 7
16 19 1
9 11 10
20 22 3
4 7 3
4 7 7
22 23 4
9 12 3
6 8 1
14 17 1
7 11 5
19 21 9
5 9 3
15 18 3
15 16 12
12 16 2
4 6 2
1 3 7
17 19 5
12 14 4
20 23 9
23 1 2
19 22 5
8 10 7
15 17 10
17 19 10
4 9 10
1 4 10
22 1 9
14 16 10
3 7 5
12 15 2
16 18 11
7 11 3
11 14 5
23 2 11
23 2 8
12 14 8
20 23 8
19 22 12
10 13 2
8 12 3
23 1 3
12 15 7
18 21 4
13 16 5
22 1 1
1 5 2
1 4 5
10 12 3
17 20 9
3 4 6
4 7 1
9 12 3
3 5 3
6 8 11
2 5 8
3 6 11
10 12 5
5 7 3
15 19 11
16 19 9
3 6 10
11 13 3
19 22 5
6 9 1
6 10 8
3 5 2
17 19 4
2 3 9
5 8 8
8 10 10
14 18 12
1 3 10
2 5 4
0 1 3
21 1 10
4 6 5
0 3 4
17 22 10
21 23 11
11 14 1
19 22 2
15 19 7
7 10 6
23 2 12
7 11 6
20 22 2
22 2 5
12 16 12
15 17 12
11 14 11
13 15 12
1 5 12
5 10 7
16 19 7
8 11 10
20 22 2
10 12 10
18 21 5
16 19 5
8 12 12
8 12 11
4 9 4
20 0 9
0 2 6
4 7 8
9 12 2
1 4 3
15 20 4
23 2 11
6 8 10
17 21 9
11 14 5
12 14 5
23 2 8
23 3 5
6 8 2
13 17 9
22 1 6
21 0 9
4 6 1
14 18 7
11 14 8
6 10 1
19 21 8
16 18 1
1 4 8
19 23 12
22 0 11
3 6 2
13 16 11
6 8 4
7 10 1
5 10 4
21 1 2
2 4 3
16 19 8
15 17 3
1 3 9
20 23 4
16 20 1
21 1 12
1 3 6
3 6 3
2 6 4
13 16 4
23 2 9
11 12 7
1 4 2
22 3 5
10 13 10
11 14 12
11 15 2
2 5 9
22 2 3
13 18 2
17 20 3
23 1 11
8 11 9
23 2 1
19 22 7
8 11 2
13 17 6
3 5 9
4 6 5
16 19 5
9 13 8
10 14 4
2 5 4
23 2 3
1 3 8
12 12 5
16 21 7
23 4 3
19 23 8
16 20 2
5 9 3
2 6 5
20 23 6
5 9 4
10 11 7
14 18 7
3 6 8
6 10 5
23 2 3
15 18 7
7 11 1
10 15 4
16 18 3
6 9 7
22 2 2
8 11 8
1 5 2
15 18 1
5 7 6
1 4 6
17 19 12
9 13 7
14 18 12
0 2 8
16 18 5
20 0 9
8 11 11
2 5 3
11 15 10
13 17 4
19 22 1
21 20 2
10 13 3
12 15 6
15 19 6
7 11 5
22 1 3
2 5 5
5 8 9
4 8 10
5 8 3
7 10 7
19 23 4
9 13 11
18 20 3
20 23 12
23 2 9
21 0 9
18 23 8
6 9 10
17 19 5
7 10 1
8 10 5
22 0 6
6 9 4
1 2 8
13 16 5
9 12 10
18 22 1
6 10 4
2 5 2
0 3 1
1 4 12
11 14 1
23 3 9
19 23 4
8 10 9
7 10 2
15 17 9
5 7 5
6 8 8
22 2 10
17 20 8
12 15 9
13 16 4
23 3 11
21 1 6
5 11 9
16 19 8
19 22 3
9 12 2
5 9 8
21 1 6
9 11 11
11 16 6
1 4 12
17 19 7
0 4 5
1 5 7
22 2 4
7 10 1
0 2 4
14 15 11
4 7 1
2 6 9
13 16 4
3 6 1
21 1 5
0 4 8
10 14 3
23 1 9
2 8 2
5 6 11
9 12 9
0 4 4
10 11 4
3 5 10
0 3 9
5 8 9
18 21 3
1 3 3
1 4 7
12 16 10
4 7 12
23 2 3
16 20 7
15 17 12
7 10 9
2 4 4
18 22 7
19 23 7
8 11 2
6 9 12
6 9 9
10 15 1
11 15 3
22 2 12
1 5 1
22 0 7
11 13 5
8 12 5
18 19 12
19 22 7
6 7 11
20 23 3
0 3 1
0 4 3
23 1 6
16 21 1
3 8 1
23 2 1
7 9 12
0 3 2
8 10 4
8 13 9
7 10 2
19 23 6
4 7 4
23 3 3
7 10 12
16 20 9
10 12 4
21 23 3
22 1 10
0 5 8
16 20 8
3 6 2
4 8 6
9 12 12
20 23 5
16 18 4
3 6 12
10 13 8
14 18 3
23 2 4
12 15 10
20 23 5
3 5 2
0 5 10
20 22 7
2 5 3
23 2 7
19 23 7
22 2 3
0 5 3
12 16 4
0 4 9
8 11 7
4 6 8
23 3 3
16 20 8
6 10 7
3 5 8
0 1 2
3 5 11
21 0 9
10 15 6
20 0 1
7 10 6
10 14 12
23 0 9
12 15 12
10 13 3
2 5 12
5 8 8
16 20 6
16 18 12
3 7 12
23 2 5
12 14 12
10 12 2
0 3 11
10 12 9
14 16 3
20 23 1
20 22 5
23 2 6
17 21 6
1 6 5
22 1 3
15 16 2
10 13 2
20 21 8
8 10 12
11 15 10
5 8 5
7 11 1
23 3 12
14 16 2
21 1 11
19 22 3
15 18 9
11 12 2
16 18 2
7 10 3
13 16 12
8 11 10
20 1 8
10 13 9
10 14 4
8 11 1
12 15 2
16 19 4
5 9 5
13 15 10
4 6 10
8 11 2
6 9 10
14 19 1
20 23 3
9 11 12
19 22 10
0 4 1
14 17 8
16 20 5
18 21 5
11 15 3
7 9 2
9 13 2
21 0 8
5 7 4
17 20 11
8 11 2
10 14 7
9 10 2
19 23 7
14 17 7
5 7 4
11 13 2
9 10 12
17 20 9
19 23 8
23 1 7
0 4 12
17 19 10
7 10 3
8 10 7
9 11 5
22 2 4
3 8 10
9 13 11
19 21 7
0 2 4
19 23 4
15 19 3
6 7 8
18 19 3
23 2 3
9 12 10
19 20 2
13 18 10
23 1 7
6 10 3
4 7 4
23 2 2
4 8 2
7 12 12
2 5 3
6 8 6
23 0 2
5 9 7
12 15 1
13 15 3
8 12 2
15 18 7
7 8 4
16 19 9
12 16 9
10 12 12
21 1 11
21 0 11
12 14 11
7 10 5
6 10 11
1 4 10
19 22 10
13 16 12
19 22 7
0 2 5
18 20 5
