2000 28
20 25 7 3 26 12 3 17 15 13 12 25 1 16 27 18 8 15 13 21 17 20 13 25 9 4 16 21 
17 20 4
18 19 26
18 19 21
4 8 20
12 14 1
11 13 10
16 19 21
1 3 19
7 10 23
23 2 15
1 3 11
16 19 21
15 19 9
2 4 14
3 7 12
15 19 3
12 14 18
9 12 25
23 2 25
14 17 2
20 23 12
15 19 11
20 23 8
4 6 11
18 21 12
2 4 28
19 23 14
21 23 10
19 22 4
1 5 5
4 6 11
20 23 10
15 19 5
8 11 18
21 1 13
23 2 15
7 10 2
5 7 18
7 9 19
20 23 2
5 6 12
22 3 27
14 16 2
4 7 17
11 13 7
14 16 11
21 23 17
17 20 7
18 23 27
18 22 20
2 5 20
8 10 4
23 1 17
21 23 13
14 18 20
19 22 10
1 3 7
15 17 5
18 21 2
10 12 18
4 7 11
7 9 22
6 7 18
6 10 21
22 1 26
1 4 17
18 20 3
10 15 12
18 20 7
15 20 4
19 23 14
22 1 7
8 11 23
10 13 21
15 19 12
14 17 22
19 22 20
4 9 7
12 14 25
19 22 26
6 8 7
1 4 20
4 8 16
0 2 18
0 1 8
21 0 6
4 6 4
9 12 13
23 2 21
0 3 14
9 13 15
0 3 4
19 22 26
23 2 26
22 2 5
22 1 5
19 22 17
15 17 5
3 5 24
7 9 20
15 18 18
18 20 26
18 20 21
21 1 15
13 18 5
10 14 9
3 6 28
19 23 10
13 16 20
14 15 13
3 7 3
23 2 15
18 21 22
6 9 22
18 23 9
3 6 3
6 9 19
1 6 7
14 17 22
7 9 12
4 8 8
12 15 23
1 4 15
19 23 20
4 7 13
2 6 25
22 23 16
23 0 4
20 23 23
13 17 25
16 19 27
0 3 6
18 19 9
12 15 17
5 8 18
4 8 21
2 7 16
3 3 10
7 9 4
9 11 19
18 20 24
16 18 27
0 3 16
19 19 11
18 21 17
12 14 7
7 10 25
23 1 11
11 15 15
20 22 18
13 16 21
8 12 10
8 10 11
1 3 16
6 8 21
8 12 25
17 20 25
22 2 7
9 13 8
5 8 3
6 10 12
18 21 10
1 5 6
11 13 22
16 20 20
10 13 13
5 7 7
19 23 27
2 4 6
9 10 22
1 5 4
11 14 14
7 9 23
23 2 1
5 9 20
12 15 6
6 8 15
11 13 4
2 7 17
10 14 10
15 18 28
6 10 13
15 18 1
7 9 23
4 6 17
13 17 9
2 4 17
0 5 12
17 20 17
23 1 5
2 4 15
8 12 20
18 21 19
6 7 16
6 8 7
9 13 8
1 4 21
23 3 24
11 15 14
22 1 10
22 2 21
16 20 8
14 17 26
23 1 7
18 20 24
15 18 12
21 0 25
18 21 25
17 19 22
9 13 23
18 21 15
5 9 21
8 12 24
16 19 13
11 14 20
0 3 25
22 1 1
3 6 28
15 19 24
21 1 2
13 16 26
17 23 2
9 13 10
4 8 22
23 2 13
15 17 8
15 18 11
1 5 19
14 17 25
11 14 12
1 4 14
9 13 21
20 0 8
12 14 16
1 4 6
4 8 13
2 4 11
6 10 3
16 18 21
7 9 26
0 5 26
8 12 7
16 19 9
8 12 21
4 6 10
16 22 17
3 7 6
19 21 24
9 13 24
1 4 16
18 21 20
16 19 22
11 13 2
14 18 22
7 11 16
2 4 9
13 16 5
7 10 18
5 8 19
3 8 11
18 22 7
14 18 12
22 2 18
0 3 15
12 17 27
16 19 6
19 23 21
12 16 9
15 19 6
22 2 28
10 12 25
3 8 2
6 9 23
15 18 10
9 14 27
19 22 19
18 23 2
6 12 1
11 14 25
16 20 18
6 8 2
17 19 1
9 11 5
6 9 27
21 1 20
16 19 19
2 7 11
5 8 13
22 3 8
9 11 22
7 9 24
11 15 9
19 21 23
4 7 13
10 13 10
5 7 8
22 2 5
1 5 1
23 1 6
1 3 4
8 9 16
1 5 1
10 13 20
11 14 10
17 21 19
12 14 10
22 1 17
20 22 23
7 8 8
19 21 9
21 0 8
22 0 20
23 1 12
13 16 16
23 2 13
2 4 25
3 7 22
21 0 19
20 23 12
16 21 22
10 13 5
14 17 20
1 5 2
1 4 8
13 15 28
11 13 12
16 18 15
15 18 28
21 0 4
0 3 19
5 8 5
18 21 20
4 7 26
12 15 28
7 9 13
0 3 18
0 1 20
0 3 8
15 17 26
20 0 2
12 13 10
10 12 23
19 21 2
11 12 11
17 19 28
13 16 6
14 16 16
14 19 21
6 6 11
7 11 27
5 7 14
9 12 3
11 14 26
3 7 8
15 20 27
20 22 23
4 8 3
21 23 8
12 14 8
21 23 9
16 19 16
7 10 14
10 13 20
9 16 13
9 12 28
10 13 9
12 14 12
5 8 27
15 18 2
13 16 18
13 17 3
5 8 18
22 1 15
0 3 2
6 9 13
1 6 25
20 23 7
13 16 26
8 11 28
6 9 24
12 14 15
9 13 6
8 11 21
17 18 27
3 5 13
5 8 9
23 0 22
14 18 16
4 6 7
15 18 1
12 15 14
16 19 6
10 14 12
13 15 22
14 18 20
1 4 28
16 19 10
1 3 2
8 11 22
13 16 21
11 15 25
4 9 4
3 6 7
19 22 7
10 12 27
3 7 2
17 20 11
9 13 9
16 19 9
13 18 26
8 11 8
1 3 20
10 14 23
4 7 21
1 4 3
11 13 24
9 11 21
23 1 2
15 18 10
15 19 17
20 23 15
19 22 5
5 9 25
9 12 25
6 8 14
14 17 19
21 0 27
17 20 12
0 4 10
23 3 24
9 10 23
17 20 5
0 2 24
0 4 19
10 13 22
7 9 24
1 3 23
6 4 2
14 18 21
11 15 4
17 20 17
2 4 4
16 19 28
7 11 1
13 15 6
14 17 4
18 22 24
6 9 24
20 1 19
10 11 2
7 12 18
13 17 19
6 8 9
20 22 28
2 6 15
19 22 13
22 1 25
14 17 24
1 5 21
2 3 25
3 8 6
19 0 24
18 20 4
12 15 6
23 2 23
4 7 11
17 21 13
9 13 23
11 15 18
19 21 6
21 0 19
2 5 8
23 2 6
23 0 19
14 17 13
17 19 12
5 8 6
12 16 17
5 9 21
10 14 27
0 4 20
20 22 6
4 8 2
21 0 15
8 11 8
21 0 5
11 14 1
7 9 4
1 5 5
9 11 16
17 19 21
13 15 9
18 21 8
17 19 9
4 7 12
14 17 6
22 1 11
17 20 9
23 2 10
0 2 11
10 12 24
13 16 17
6 7 17
13 15 7
18 22 22
12 16 16
14 18 25
22 1 1
13 17 6
6 9 23
0 2 3
16 18 21
19 23 7
21 0 24
20 23 12
17 19 14
7 9 9
22 2 21
4 7 28
18 19 25
9 13 22
14 17 2
9 12 16
3 6 21
7 10 1
1 6 11
13 17 26
19 21 14
11 14 16
20 0 18
10 12 19
15 19 9
14 18 26
3 6 5
22 0 11
1 4 3
10 13 4
12 15 15
6 8 7
10 11 10
9 12 22
17 20 11
2 4 22
12 17 8
19 20 19
22 1 20
12 14 22
3 6 1
9 10 11
1 5 25
4 7 4
3 7 21
3 7 8
0 4 22
20 23 12
2 5 1
12 16 2
18 20 2
1 3 19
10 13 23
14 16 7
21 1 23
16 19 17
9 13 27
21 22 9
7 8 25
8 13 8
22 1 6
19 21 15
5 8 23
17 19 2
12 15 2
21 0 16
19 23 12
14 16 23
7 11 13
16 17 26
3 5 25
16 19 19
3 7 17
12 15 9
16 18 20
7 9 24
19 22 7
23 3 6
13 15 20
14 16 5
15 18 11
15 18 3
8 12 25
22 1 1
23 3 15
2 6 17
8 11 7
8 11 12
1 5 5
13 18 18
14 16 14
23 2 5
7 11 4
11 14 21
10 11 4
9 10 1
17 22 15
23 0 5
11 14 12
21 0 26
15 17 18
6 9 12
9 13 26
20 0 23
21 1 14
2 5 28
0 5 7
22 23 6
16 17 18
21 23 27
17 20 16
15 18 15
15 18 2
23 3 25
0 5 1
12 17 10
5 6 8
17 19 18
12 16 27
19 22 14
4 8 10
18 21 8
15 18 8
1 4 2
1 3 7
19 23 5
18 22 8
7 11 21
9 11 2
1 5 23
14 18 22
21 23 12
15 18 25
0 4 18
3 6 13
7 8 3
22 0 11
22 0 9
1 4 6
19 22 17
17 19 23
21 1 21
23 1 16
8 12 24
21 22 22
7 10 5
1 3 20
13 16 5
3 7 9
15 16 3
9 13 18
4 5 7
7 11 13
3 6 27
8 11 26
2 7 9
12 14 10
2 4 2
5 7 17
23 4 14
23 2 4
11 14 26
2 6 1
13 14 11
11 12 8
10 12 17
20 22 25
9 12 22
12 15 22
3 5 27
4 7 23
13 15 25
19 21 26
15 20 22
9 13 9
5 7 5
3 6 3
23 3 16
3 5 17
9 13 25
3 6 26
3 6 3
2 5 13
2 4 9
15 19 3
12 16 12
20 23 20
3 6 18
5 9 3
15 17 22
5 9 13
20 23 8
18 21 21
8 12 19
7 8 24
4 8 2
16 20 22
0 4 27
11 14 10
0 4 3
17 20 22
11 13 21
7 10 8
8 11 6
3 7 5
5 8 18
9 11 3
10 13 10
19 23 15
8 10 25
10 12 25
14 16 22
21 23 22
17 20 28
1 3 11
5 7 21
11 12 9
12 16 6
8 12 28
11 13 25
18 22 19
18 21 22
10 13 24
13 15 3
4 7 23
13 15 18
21 1 11
21 1 25
2 4 23
14 19 15
1 3 17
7 10 26
19 0 18
8 10 26
20 23 20
10 12 6
11 15 1
11 14 22
2 6 17
12 15 16
14 17 12
3 6 13
21 2 6
19 22 18
22 0 3
22 1 13
19 20 9
6 9 21
3 4 2
17 21 12
20 23 25
18 22 23
10 13 21
10 13 21
9 12 17
14 16 22
21 23 15
22 2 17
15 19 19
15 19 15
18 22 17
22 23 18
18 20 7
6 9 14
9 10 5
1 3 3
16 21 10
18 23 5
2 5 20
17 22 10
8 9 8
16 19 28
17 21 16
15 18 4
0 3 21
9 11 16
14 16 1
14 16 12
22 2 26
2 4 22
20 0 8
10 14 12
17 23 28
9 14 28
11 14 10
17 20 1
18 20 9
16 18 18
18 20 4
14 18 7
19 23 14
5 8 18
20 0 10
16 19 4
22 0 14
23 1 24
12 15 19
8 10 4
9 12 13
7 11 26
6 9 21
6 9 14
0 2 27
20 23 23
2 4 21
13 16 6
14 18 27
1 4 23
14 17 1
14 17 23
16 20 1
1 4 7
16 18 22
11 14 28
22 2 28
11 13 22
3 7 25
18 20 2
21 0 12
4 9 10
11 14 2
14 18 18
2 5 27
20 23 26
21 0 4
1 5 12
7 11 1
14 19 23
11 13 16
20 23 5
3 4 25
7 11 8
20 23 15
5 8 7
9 12 3
15 17 25
17 21 14
5 10 14
0 2 10
7 11 15
15 17 23
0 2 24
0 2 3
15 19 7
5 11 24
14 15 16
8 13 25
17 20 26
10 13 12
3 7 21
6 8 23
17 19 28
18 21 25
3 5 20
20 23 25
11 14 17
13 15 20
17 19 26
1 6 27
9 12 20
9 11 3
20 22 8
19 23 5
5 9 3
10 13 14
10 14 20
20 23 6
23 2 7
12 16 16
15 18 4
21 0 3
7 9 19
13 15 21
2 5 26
19 21 9
7 10 25
3 5 5
1 5 19
7 11 6
19 23 27
7 11 10
2 3 6
2 4 13
7 10 6
18 20 4
17 20 16
7 11 10
8 11 23
8 13 18
11 13 7
11 12 23
5 8 19
7 9 12
7 11 26
20 23 26
16 18 12
7 8 26
10 12 13
16 18 25
22 1 20
13 17 28
3 6 9
3 6 5
23 1 15
10 13 24
20 21 25
21 22 15
21 2 15
8 11 17
1 3 25
2 5 20
19 21 1
17 19 28
19 23 17
23 4 4
20 23 5
20 22 26
10 14 21
15 19 10
4 7 13
23 3 3
15 18 14
10 14 14
3 5 26
6 9 19
15 16 5
15 18 15
5 9 18
6 10 25
16 18 25
3 7 5
9 11 19
3 5 27
8 12 7
16 20 2
8 12 18
14 18 26
8 11 25
23 2 7
9 11 17
12 17 19
6 8 2
20 23 26
13 15 11
3 6 11
8 13 18
17 19 4
22 2 17
16 19 3
18 22 12
21 0 27
2 5 26
19 23 15
3 4 20
14 17 1
20 23 8
19 20 8
21 23 25
11 14 12
10 14 14
17 21 2
13 16 24
9 13 23
7 12 23
17 20 11
2 5 26
10 13 4
22 3 11
18 20 17
0 3 21
14 16 19
20 0 28
7 11 2
5 8 26
3 7 15
9 14 16
15 19 1
21 23 15
15 17 22
21 23 22
6 7 8
13 16 28
23 3 27
19 21 28
2 4 6
12 15 1
14 15 3
2 5 1
2 5 23
18 22 14
2 5 22
16 17 22
20 23 25
22 1 19
7 10 6
22 0 7
7 10 5
8 9 24
1 4 8
13 16 3
6 8 10
3 7 21
23 3 26
14 18 28
7 10 22
9 13 18
7 11 26
0 2 7
16 20 19
1 4 10
13 16 16
8 9 20
6 9 28
21 0 26
2 7 24
10 13 12
5 9 9
3 5 7
23 1 14
12 15 24
11 13 11
1 3 6
17 20 24
1 3 15
13 16 2
17 21 13
13 14 15
19 0 7
20 0 20
23 1 8
10 12 8
20 23 23
13 16 14
10 13 8
20 23 13
22 2 14
0 6 10
0 3 8
16 19 19
13 18 11
12 15 19
21 0 3
4 5 16
22 0 2
22 1 1
14 16 27
15 18 26
18 22 22
7 11 13
16 19 1
19 23 22
8 10 15
1 6 18
9 13 10
15 20 14
20 23 27
12 14 13
17 20 27
13 16 17
21 1 2
22 2 17
5 8 15
8 11 23
1 2 23
21 23 23
2 5 27
1 4 3
12 16 27
2 4 19
0 2 15
13 15 6
14 16 5
8 12 28
14 17 14
23 1 13
3 7 26
15 18 24
13 17 19
17 21 14
14 19 17
11 14 11
12 14 16
1 3 11
4 6 23
11 13 24
11 15 22
19 22 26
21 2 10
22 0 23
0 2 17
8 12 24
4 9 6
0 4 11
15 18 18
7 10 14
0 5 25
5 7 3
5 8 12
20 23 17
3 6 21
11 13 8
14 16 6
3 8 16
19 21 15
17 21 17
6 9 16
10 12 12
9 13 7
11 12 2
18 23 28
11 15 13
0 4 7
23 1 13
4 7 5
0 4 2
6 10 15
0 2 28
4 6 9
7 9 9
17 18 14
3 7 4
13 17 19
19 22 27
21 0 10
6 9 24
1 4 28
18 19 20
0 4 2
10 13 2
0 3 24
10 13 28
8 10 4
5 8 7
8 12 4
0 2 18
17 19 15
21 23 2
5 7 9
21 0 25
23 3 24
23 3 26
12 15 4
3 5 20
3 5 11
8 10 6
14 18 23
23 2 17
19 23 20
13 17 22
14 17 4
2 6 14
16 20 20
11 15 11
16 19 2
16 20 12
3 6 11
5 9 27
13 17 24
0 3 18
5 8 9
19 20 14
13 15 26
10 14 16
11 15 7
6 8 4
0 4 13
9 13 23
4 8 24
12 14 25
11 14 25
5 8 13
1 4 23
19 20 21
4 6 13
14 16 27
23 2 26
10 12 18
23 3 20
1 3 3
7 8 6
3 4 22
11 13 26
16 20 9
2 6 15
11 15 1
8 12 5
19 0 23
19 22 27
3 5 3
23 0 20
4 7 8
2 6 8
10 12 2
21 0 5
20 22 12
2 7 9
6 10 20
23 1 12
0 4 16
7 11 11
5 10 6
15 18 6
4 8 24
9 15 24
9 11 11
6 9 17
22 1 20
13 15 7
6 9 12
23 4 7
17 20 9
20 0 7
15 18 10
10 13 23
1 5 16
18 22 18
23 2 17
3 7 16
18 21 24
16 19 27
6 8 10
14 17 14
0 3 5
18 23 4
14 16 14
1 5 2
3 7 1
13 15 9
20 0 26
1 4 15
4 6 18
4 7 22
14 18 26
12 15 10
19 20 6
12 16 23
17 20 16
19 22 10
17 20 26
23 4 11
21 23 28
18 23 1
22 2 26
14 17 8
21 0 8
13 15 12
21 23 12
21 1 7
23 0 7
0 3 15
13 18 17
15 17 20
13 16 14
9 12 19
6 9 5
23 0 17
17 21 23
12 15 6
7 8 4
13 16 27
13 17 3
10 13 7
2 6 17
14 16 27
16 19 25
6 9 11
3 9 1
19 21 10
4 8 14
12 16 6
18 22 8
0 3 20
19 20 14
6 8 25
21 23 8
11 14 5
6 8 13
8 12 25
1 4 3
8 9 4
21 23 5
18 21 14
5 9 7
7 9 4
8 13 13
22 1 7
2 3 10
7 9 28
17 19 14
6 8 18
13 14 21
9 13 2
13 16 22
8 13 10
10 13 14
19 22 20
20 23 11
23 3 3
5 8 19
15 18 24
3 5 26
11 16 27
18 22 5
2 5 5
1 3 1
18 23 17
15 17 17
6 8 13
12 15 2
12 14 8
5 9 23
20 22 12
5 8 28
3 7 6
23 0 26
18 21 24
3 6 22
6 8 20
8 10 22
1 3 14
14 18 28
5 8 21
3 5 12
6 10 5
8 9 14
0 2 22
21 0 20
3 6 12
9 12 13
9 13 7
5 9 10
9 12 9
4 7 4
13 17 19
21 0 19
17 19 2
1 3 4
20 23 11
13 15 9
12 15 18
16 19 20
16 18 5
9 11 6
22 1 17
23 2 1
23 22 26
5 8 18
8 10 16
18 22 4
4 8 23
19 22 3
19 20 8
18 18 18
9 10 11
6 8 8
20 22 11
4 6 26
0 3 17
1 4 18
6 6 25
20 1 13
7 9 7
3 4 10
16 18 16
16 19 19
17 20 27
22 1 15
10 14 19
1 3 3
1 2 2
13 15 9
14 18 6
6 9 21
1 5 10
7 9 17
7 9 11
11 15 7
7 10 6
23 1 21
21 22 14
11 12 23
3 7 5
6 8 17
9 14 13
2 4 17
9 12 25
0 3 13
13 17 21
4 7 11
15 18 20
5 7 20
17 18 26
4 8 20
9 12 14
9 12 27
1 3 18
0 3 21
12 15 14
8 9 25
18 22 25
10 13 23
0 3 7
16 20 26
21 0 13
5 8 5
20 1 18
4 7 2
12 18 4
19 0 15
6 9 8
8 12 28
20 22 21
9 12 23
12 14 9
20 23 4
9 13 19
13 17 28
15 19 18
0 2 1
11 11 15
12 16 15
1 3 8
20 22 18
20 23 1
8 12 13
22 1 22
10 13 10
14 17 15
23 2 28
4 5 11
6 10 26
10 13 26
2 6 15
12 16 23
21 22 18
15 17 25
19 21 17
8 11 22
15 19 26
14 17 7
14 16 25
17 19 3
22 2 11
19 23 19
9 11 26
21 1 2
21 0 17
22 1 19
19 22 1
14 18 24
21 0 20
8 11 26
4 6 17
13 17 2
16 20 18
7 11 13
5 8 22
0 3 6
0 2 24
0 4 15
1 5 19
5 8 27
7 9 4
14 19 19
12 16 20
3 5 6
17 21 26
1 4 22
3 5 2
20 0 7
13 14 3
4 7 1
7 10 1
1 6 26
21 22 21
11 13 15
16 20 25
4 6 20
20 0 21
13 17 13
1 6 21
1 6 16
14 17 22
14 17 10
10 12 21
14 17 25
19 0 18
18 21 1
22 1 27
17 19 22
5 6 6
21 0 28
19 0 17
18 21 24
17 20 8
10 13 3
1 3 24
9 12 6
7 11 27
21 1 28
22 2 9
16 20 25
7 10 13
10 13 22
12 16 13
20 23 3
13 15 25
13 15 24
18 20 11
10 13 11
14 18 1
12 15 9
14 17 5
13 16 7
23 2 16
5 7 18
7 10 17
2 6 25
23 3 23
18 19 28
21 1 13
16 19 22
22 0 19
14 16 4
3 7 2
0 4 17
8 11 19
8 12 13
11 14 6
8 12 3
7 10 26
11 15 27
13 18 17
4 7 1
4 6 22
8 10 18
15 19 20
2 6 13
18 20 27
16 19 24
0 4 7
7 10 6
2 6 5
1 5 18
19 23 28
17 19 3
22 0 6
5 8 27
8 10 27
22 1 23
20 22 6
1 4 10
16 21 28
2 6 21
12 15 20
19 21 15
19 21 5
19 23 25
19 21 21
7 11 2
21 1 26
1 3 3
2 5 21
8 11 1
11 15 26
16 19 18
21 0 24
20 21 26
10 14 3
15 17 28
17 21 5
13 16 10
17 21 24
14 17 5
16 20 20
9 13 5
15 18 13
15 18 1
7 10 11
19 22 1
4 7 23
16 19 24
3 5 14
17 22 24
14 16 26
4 6 16
3 5 24
7 10 14
16 17 27
14 18 1
12 15 24
13 17 13
20 22 20
5 8 28
3 7 16
17 20 10
19 21 25
20 1 16
21 0 21
2 6 5
17 21 15
18 21 10
16 18 9
1 3 24
12 15 6
16 20 5
12 15 18
18 20 12
9 14 15
0 3 4
11 14 4
19 23 24
22 2 11
5 8 28
10 12 12
13 18 21
9 9 24
17 20 21
7 11 3
4 7 10
0 4 2
10 13 15
1 4 19
10 12 5
1 4 12
8 12 21
7 9 17
7 8 20
10 13 3
16 18 18
7 9 4
9 13 22
23 3 15
0 2 4
13 16 22
1 3 13
10 13 14
8 14 13
11 15 25
16 19 20
21 1 8
19 20 13
22 0 22
3 6 3
10 11 24
18 21 21
21 0 9
20 22 26
4 5 20
0 2 20
16 19 3
5 7 12
15 17 20
13 15 18
20 0 28
0 3 3
4 8 11
7 9 16
5 9 1
22 1 27
13 17 16
20 0 22
9 12 26
21 1 2
10 13 7
13 17 15
11 13 13
0 2 6
21 1 19
10 13 7
11 15 26
1 3 21
19 22 17
8 12 11
15 18 8
11 14 25
18 22 5
22 1 8
22 0 27
4 8 18
1 4 16
0 3 21
0 4 26
15 18 12
21 1 26
21 22 20
13 16 13
9 13 2
20 23 9
13 17 18
4 6 8
23 1 22
2 5 8
12 15 21
18 20 6
6 10 27
0 2 23
0 3 25
17 20 15
22 2 4
23 1 20
9 11 6
2 7 4
0 5 28
9 11 7
5 8 9
9 12 27
6 11 9
1 4 17
7 11 3
11 15 11
1 4 18
2 5 4
17 17 24
4 8 15
12 15 5
12 14 14
6 10 27
9 10 2
12 16 9
18 22 18
19 22 25
8 11 24
8 11 1
2 5 13
16 20 14
11 14 10
21 0 28
15 20 8
9 12 21
17 20 26
19 20 5
2 5 18
13 14 22
11 13 25
17 21 7
11 15 1
15 19 4
15 18 15
20 1 3
5 6 23
14 17 23
16 20 13
1 5 9
1 5 12
13 15 17
14 18 18
13 17 24
7 10 28
12 14 20
9 11 2
10 11 20
12 16 17
7 8 1
4 7 27
13 16 4
15 17 25
2 5 22
19 23 2
13 17 2
21 0 28
19 20 11
12 15 7
23 1 17
14 17 19
12 15 27
17 21 18
13 17 15
6 9 9
11 14 3
20 21 14
15 18 3
16 20 26
15 17 14
11 15 13
8 11 25
7 8 2
10 13 17
4 7 12
18 21 20
15 18 27
1 4 14
21 0 13
18 21 6
19 22 26
1 2 14
0 3 28
2 6 22
5 9 12
10 13 26
6 10 21
19 22 28
2 6 25
1 3 28
15 19 12
11 16 14
6 7 19
3 7 16
10 13 27
6 9 13
2 2 24
5 8 17
22 2 9
19 0 11
17 19 11
6 9 11
2 4 24
5 8 2
10 13 24
4 8 26
10 13 19
6 10 1
7 10 21
12 14 22
17 21 10
14 16 15
10 13 14
2 4 9
2 3 11
14 17 16
8 10 11
1 2 2
21 1 3
13 14 5
5 8 27
8 11 9
3 6 16
5 8 28
18 21 2
17 20 21
23 1 1
14 18 11
7 8 4
4 8 25
4 5 7
5 7 9
19 22 17
1 4 16
8 12 27
23 0 1
10 13 25
3 6 6
23 2 7
16 18 4
22 1 17
14 17 5
11 13 14
23 4 2
7 11 16
6 10 7
1 5 17
13 16 8
11 14 22
18 21 14
13 16 15
12 14 9
3 8 21
8 13 21
16 19 11
17 20 27
0 2 17
21 2 17
2 5 18
6 9 24
9 10 14
15 18 6
14 18 24
20 1 14
0 3 19
8 11 18
11 15 13
13 16 28
5 7 15
8 12 24
10 13 8
22 0 18
16 19 25
6 8 4
23 3 2
1 3 22
11 13 11
19 22 18
18 22 18
5 9 17
20 23 18
14 18 3
4 6 15
10 12 16
19 21 17
19 22 13
3 7 20
9 13 11
16 19 25
12 15 6
17 20 27
2 5 18
0 3 25
20 23 5
11 13 16
20 1 13
11 14 11
1 6 25
16 19 4
12 15 19
13 16 14
12 17 10
16 19 2
19 22 20
14 17 17
7 11 13
5 8 9
23 1 12
10 13 3
0 2 9
17 19 27
16 18 26
12 15 13
5 8 18
18 20 15
15 18 5
22 1 4
4 7 5
8 12 8
3 5 20
18 20 14
9 11 3
0 3 2
21 0 27
2 5 28
10 11 2
2 6 2
15 19 15
3 5 5
16 18 10
13 17 8
15 20 26
2 4 22
12 14 6
13 16 12
22 1 19
23 3 7
23 2 18
5 10 4
7 10 14
15 16 24
21 1 3
15 19 25
2 6 21
18 21 11
0 3 22
11 13 11
23 3 8
0 3 25
11 13 6
19 22 27
6 8 28
23 3 11
19 20 8
20 0 17
6 8 4
10 13 4
22 1 10
9 13 12
17 18 24
6 10 12
18 21 2
11 14 20
14 18 26
7 11 17
12 16 22
3 5 10
9 12 24
12 16 20
13 15 28
17 20 23
1 4 5
19 22 13
15 18 2
10 14 14
8 12 12
17 22 18
8 10 24
12 14 21
7 9 18
14 17 28
22 0 20
8 10 17
10 12 25
16 20 24
13 17 28
0 2 23
15 17 18
14 16 4
