11000 47
8 18 15 40 2 46 1 6 16 4 38 35 3 33 35 45 2 33 9 16 24 3 8 42 33 13 47 36 20 19 7 31 31 32 45 16 34 37 43 35 45 35 12 11 5 41 2 
3 7 31
22 0 41
16 19 27
19 23 15
10 14 39
5 8 9
15 18 33
22 1 47
3 7 25
19 22 22
14 17 7
5 8 4
10 14 9
6 9 11
0 2 29
9 12 40
23 1 37
16 19 47
20 23 14
14 16 43
22 2 5
2 6 39
9 12 5
10 14 7
8 11 7
4 6 15
5 7 28
1 4 26
3 6 19
20 22 4
23 1 15
6 9 40
1 4 43
12 16 44
14 17 34
3 7 8
9 13 16
3 5 21
0 3 5
6 9 38
14 16 14
2 5 25
3 5 14
2 4 21
16 20 30
12 15 20
10 12 32
6 10 45
15 18 21
9 11 10
22 1 7
20 23 30
12 17 42
8 10 19
16 19 7
5 8 4
19 22 26
12 17 22
20 22 38
15 17 29
4 8 20
16 18 7
11 15 3
23 1 4
19 0 41
17 18 34
20 23 44
15 19 43
5 7 26
21 1 13
4 6 11
14 16 37
7 11 21
23 1 19
7 10 36
8 10 8
9 12 43
14 16 34
6 11 42
17 19 16
8 13 8
12 14 26
4 9 33
11 13 12
4 8 37
2 6 24
14 16 26
0 2 31
12 14 34
8 11 30
4 8 30
19 22 29
13 14 12
9 13 46
8 11 23
11 14 19
0 4 15
21 22 46
23 1 4
8 13 13
17 19 34
13 15 24
3 6 45
14 18 1
20 22 19
10 14 11
9 13 7
17 19 9
14 18 6
5 7 27
17 21 37
21 0 33
22 0 20
23 2 45
22 3 18
17 20 15
9 12 41
15 17 43
14 20 26
19 22 30
11 14 21
3 7 11
3 5 35
10 13 5
22 0 38
17 20 5
23 2 16
8 11 36
3 3 42
16 19 21
6 9 20
6 7 42
22 23 24
2 4 37
5 9 22
19 22 3
21 0 21
15 20 47
13 15 42
21 1 5
10 15 23
16 20 35
12 13 33
8 12 7
23 1 28
16 19 39
7 10 34
20 23 30
17 20 21
13 15 18
20 22 32
2 5 14
12 16 35
20 22 27
6 8 17
2 5 31
21 0 26
22 2 35
17 19 9
8 12 37
9 13 14
8 12 8
6 9 7
13 16 20
11 16 44
7 10 39
20 22 9
23 5 36
18 21 5
10 12 5
9 10 23
18 21 47
9 11 39
19 22 40
7 11 46
9 12 47
1 4 16
0 3 41
13 17 42
14 18 33
14 17 2
14 16 5
8 10 21
11 15 40
7 11 47
3 6 26
4 9 24
17 19 23
19 21 1
1 3 8
15 17 46
14 17 22
23 2 12
18 23 1
9 13 28
13 15 30
1 4 44
5 7 13
6 8 45
15 18 37
16 21 3
18 23 5
15 17 34
18 21 31
6 12 15
4 7 28
4 6 20
5 9 23
15 19 35
18 21 45
10 12 32
4 9 44
8 13 28
6 8 41
12 14 15
2 7 28
17 19 30
13 15 31
23 4 36
8 11 18
12 16 14
14 16 39
0 3 45
0 2 38
22 0 28
16 20 7
16 20 42
7 13 10
17 21 28
6 9 42
22 2 36
4 7 30
2 5 34
20 22 38
20 22 25
14 18 27
17 23 14
13 15 37
21 22 31
13 15 8
2 2 16
12 14 21
7 8 9
11 12 26
13 17 41
17 21 22
6 8 9
0 4 1
7 9 23
15 19 4
19 23 13
7 9 11
13 17 9
8 9 35
6 9 14
2 5 41
17 21 15
4 7 44
5 8 34
8 11 31
1 5 33
17 19 11
0 2 45
14 18 42
5 7 30
9 11 18
19 22 16
9 11 40
16 19 10
19 23 13
3 7 37
18 22 3
2 5 40
4 8 25
17 19 2
0 6 19
8 11 5
5 8 12
23 4 22
7 9 26
21 0 23
2 5 43
14 16 13
11 14 42
7 11 35
8 11 31
23 2 32
5 8 36
0 1 1
16 19 20
9 11 24
18 20 14
17 20 33
21 23 42
16 18 27
8 11 43
8 11 34
14 19 17
17 22 39
6 9 9
15 19 5
23 2 4
13 16 6
14 18 32
7 9 20
17 19 27
1 4 10
2 4 45
1 5 6
4 8 38
15 18 34
19 0 41
17 20 27
17 20 33
11 13 35
19 23 38
3 6 14
3 7 10
14 17 34
22 2 40
3 5 43
17 21 37
2 5 23
13 17 32
14 17 40
16 21 44
21 0 10
4 6 7
18 20 35
1 4 16
14 15 42
5 9 41
15 18 27
12 15 44
9 14 38
23 3 15
16 20 25
19 22 37
11 13 33
14 17 4
13 18 24
18 19 23
7 11 45
3 7 32
5 9 29
8 10 26
15 16 44
15 19 37
3 5 21
7 12 17
19 22 34
10 13 40
17 19 35
3 7 44
8 12 38
13 16 33
16 18 36
18 20 26
8 11 21
17 20 34
16 19 13
12 15 19
3 8 45
23 2 13
16 19 17
15 19 16
9 11 33
6 9 20
17 19 44
3 8 35
13 15 26
16 18 22
12 16 20
1 4 4
22 1 11
20 0 12
1 4 37
21 1 12
12 16 21
22 2 26
17 18 38
20 21 16
4 8 22
21 0 2
17 20 9
18 21 38
19 23 4
6 8 37
18 22 44
20 22 37
23 2 20
7 11 2
10 12 34
15 18 9
15 19 47
16 20 36
10 15 23
2 6 14
10 13 22
0 4 41
20 0 6
1 3 41
18 22 37
1 4 5
19 21 11
2 5 14
7 10 19
22 0 3
16 20 3
4 7 45
8 12 44
10 15 16
18 20 40
6 8 10
3 7 37
23 4 26
11 12 10
23 3 33
7 12 37
1 3 39
21 23 6
15 17 2
10 15 47
2 5 45
17 21 45
1 4 24
8 10 15
4 7 13
11 15 41
2 4 47
12 15 45
21 0 2
1 4 44
10 12 24
12 17 1
16 20 15
23 1 32
5 8 41
8 11 25
14 17 2
15 16 24
9 12 37
20 22 18
20 0 8
0 3 26
20 23 18
0 3 31
22 1 26
22 2 46
14 18 23
1 3 38
4 7 37
16 21 15
20 22 46
20 22 44
22 0 7
6 9 35
15 19 20
20 21 31
4 7 6
20 23 43
10 13 31
1 6 35
22 1 33
16 19 20
12 14 20
8 11 5
15 19 12
7 10 38
22 1 36
20 0 34
17 21 18
13 16 14
16 19 23
0 4 19
9 13 28
20 23 31
14 18 37
14 15 8
2 6 30
13 14 21
13 16 11
3 4 36
3 6 32
11 14 41
4 6 2
12 15 9
18 21 29
1 3 28
8 11 10
13 16 15
18 23 10
12 13 20
12 16 47
21 1 9
1 4 10
17 21 35
13 17 35
14 15 44
3 5 11
15 18 14
23 0 19
7 8 22
23 1 44
20 22 32
9 12 11
21 22 41
19 22 35
15 17 21
11 15 17
7 10 20
7 11 27
12 15 21
21 2 44
23 1 35
21 23 45
16 19 20
6 9 17
6 9 17
16 20 19
11 14 37
22 2 3
17 20 12
6 10 46
20 22 47
3 5 7
6 10 22
11 14 14
3 5 10
4 10 20
14 17 39
5 6 27
2 6 19
22 0 8
17 20 11
23 3 27
17 21 41
8 11 11
21 0 35
18 22 23
1 4 1
7 10 23
20 0 47
22 0 6
16 21 2
8 10 3
11 14 47
5 8 14
14 16 27
17 20 22
12 16 42
3 4 4
9 13 25
1 6 17
8 10 6
0 2 41
6 8 11
3 6 14
14 19 31
8 11 12
5 7 30
5 7 19
13 14 4
11 15 30
23 1 37
5 8 1
11 15 12
12 16 4
4 6 8
19 22 28
18 18 25
20 1 26
0 3 5
14 16 20
11 14 42
12 15 8
18 21 40
9 10 7
1 4 14
7 11 31
9 11 33
0 4 3
3 5 21
0 2 9
14 16 16
3 7 18
10 11 5
1 4 36
21 1 7
10 12 12
3 4 47
1 6 4
20 23 46
9 13 8
4 7 32
21 0 18
3 9 35
19 21 38
17 20 32
8 11 21
6 10 18
8 11 47
10 13 1
23 2 33
9 12 30
7 10 3
8 12 23
13 16 10
7 10 20
22 1 24
10 14 37
1 4 25
4 6 23
0 5 25
2 5 31
10 11 38
17 20 32
21 1 41
16 18 25
3 5 6
10 13 2
6 7 19
10 13 31
15 17 17
11 14 46
10 13 45
21 0 18
6 11 35
17 20 43
7 12 7
19 22 26
6 9 10
19 22 36
4 7 44
0 4 8
6 8 39
2 5 44
16 19 16
22 1 7
13 14 28
10 13 7
4 8 7
21 0 32
17 20 14
14 19 13
6 10 45
10 13 9
7 10 47
2 5 1
5 7 10
17 20 41
23 2 36
19 21 42
16 17 20
10 12 21
16 19 4
16 19 12
5 7 38
1 6 46
23 3 13
20 0 30
6 8 30
5 9 25
11 15 30
9 12 37
2 7 16
6 9 6
17 19 24
3 6 5
10 13 24
9 14 29
19 22 5
19 22 21
0 4 29
0 5 47
15 18 7
20 22 27
0 2 46
7 9 14
11 15 34
3 5 4
12 14 10
6 9 4
7 11 47
6 8 14
19 21 33
8 10 5
13 17 44
18 22 23
10 13 27
13 15 25
1 3 28
12 13 45
18 22 43
12 15 34
14 19 34
13 15 2
11 15 17
23 3 28
2 5 3
0 3 47
9 12 1
1 5 14
18 22 31
2 5 44
13 16 31
14 17 33
20 22 32
3 5 25
5 8 14
13 17 41
17 21 4
19 21 18
16 19 40
16 20 31
5 7 43
23 1 28
1 4 28
7 10 14
19 22 47
6 9 20
20 0 23
19 22 31
4 7 7
19 20 34
21 0 33
16 20 32
4 7 42
15 17 33
14 16 11
4 6 26
11 15 44
23 4 43
0 1 2
2 5 13
11 14 15
6 10 23
17 19 42
18 21 15
2 6 6
22 1 21
14 16 1
20 22 7
7 9 21
7 10 32
16 20 12
6 8 37
13 15 13
6 11 31
13 16 3
23 2 4
12 14 21
12 16 36
21 0 9
18 20 7
7 8 17
6 9 16
15 16 30
7 11 23
23 1 14
6 9 31
0 3 28
13 14 10
6 7 16
21 0 8
18 21 3
10 14 32
12 14 18
5 9 36
9 13 22
10 12 16
16 20 44
9 13 13
10 12 14
21 1 19
15 17 7
2 6 7
18 20 19
9 12 46
21 1 9
16 19 13
3 7 1
6 10 33
20 1 31
8 10 7
14 17 8
17 21 8
22 23 22
11 14 34
12 15 45
1 3 37
16 21 7
19 22 28
21 22 38
1 4 22
19 23 26
2 5 47
9 12 16
15 19 16
13 17 1
17 20 26
3 4 37
6 9 46
10 15 12
0 4 14
3 7 4
9 13 3
3 8 40
8 11 27
19 21 15
15 19 13
21 0 47
0 2 41
9 11 44
5 9 16
23 1 27
2 5 44
21 1 29
20 22 1
18 22 22
19 21 28
16 20 35
6 10 10
14 16 38
15 17 34
11 14 32
2 5 4
23 2 35
22 1 21
20 22 8
16 18 18
6 10 9
4 9 6
19 21 7
15 19 38
16 19 41
21 0 13
8 11 6
2 5 39
15 20 33
1 4 17
23 0 2
11 14 45
19 21 31
20 1 9
0 1 40
8 13 15
22 1 41
14 18 12
1 3 26
7 12 36
19 22 18
1 5 24
9 12 20
0 2 14
10 13 39
16 19 46
3 4 13
6 9 15
8 10 8
11 14 9
22 3 22
17 22 41
17 20 40
12 15 3
10 15 17
11 14 7
2 5 9
11 15 37
17 21 18
0 4 37
5 8 10
12 16 24
22 2 15
4 8 30
8 11 28
2 5 42
17 20 16
10 13 24
8 10 10
18 20 38
4 6 3
13 14 23
14 17 14
12 16 8
11 13 10
17 20 3
13 17 23
18 22 41
23 2 34
20 1 27
12 15 5
12 15 5
5 8 5
7 9 35
14 19 31
15 18 23
15 17 8
10 13 35
23 2 34
19 23 18
0 4 42
5 7 36
12 15 29
7 8 12
0 2 16
8 12 6
13 15 10
7 9 40
5 9 15
8 12 3
21 23 45
6 9 1
4 7 23
20 21 10
8 11 3
8 12 10
16 20 18
18 21 35
18 23 2
11 15 28
23 4 23
14 17 26
7 11 2
9 10 13
6 11 19
23 3 31
0 2 1
1 4 44
0 3 7
21 1 23
6 10 17
20 23 28
14 17 31
19 22 19
17 21 10
1 5 24
18 21 22
12 14 36
14 18 24
7 12 18
10 12 40
14 18 41
17 18 43
5 8 18
11 15 2
10 14 4
21 0 31
16 18 13
11 13 18
5 7 47
15 19 26
1 4 24
16 19 35
2 4 22
20 1 21
4 7 36
17 18 26
0 3 19
6 8 11
10 13 39
18 21 3
11 13 16
4 7 43
1 4 5
18 20 1
6 9 34
20 22 44
6 9 47
1 4 37
23 1 7
5 8 26
3 6 23
20 23 20
13 16 15
6 9 17
4 8 14
5 8 45
22 0 2
8 12 8
20 1 9
5 7 37
8 9 13
8 12 6
14 16 25
20 0 47
10 12 30
3 5 42
4 7 28
14 15 5
1 5 17
19 23 2
3 4 36
8 11 7
20 23 33
8 10 46
12 15 26
23 3 33
6 10 32
7 9 21
4 6 24
23 3 37
13 15 37
7 10 25
5 11 4
19 22 16
3 6 3
18 22 47
11 16 16
17 23 35
16 20 42
10 15 28
10 13 7
2 5 4
21 1 46
9 12 32
7 13 2
18 21 45
0 2 24
22 2 26
20 22 36
10 13 23
17 22 41
3 6 47
22 2 28
14 17 25
4 5 19
0 2 43
0 3 35
21 23 16
13 17 47
8 11 32
7 10 22
5 8 6
4 9 26
6 9 1
9 11 5
15 18 24
13 15 5
0 3 32
5 9 28
20 22 35
16 19 24
18 20 34
18 22 1
18 20 1
12 15 44
20 0 35
20 22 47
17 19 10
20 0 22
6 9 11
1 4 40
20 0 14
0 4 47
0 4 46
14 17 3
7 9 9
16 19 2
2 5 6
6 8 34
7 10 45
8 12 29
21 1 7
17 21 22
13 16 6
3 6 6
8 11 24
13 16 34
15 19 32
15 19 3
22 1 14
3 4 28
9 12 37
0 3 9
13 17 33
19 22 5
10 12 3
19 20 22
6 11 29
15 19 7
2 5 15
0 2 33
16 20 28
16 17 13
10 12 6
3 5 37
10 13 22
23 1 40
11 16 26
14 17 14
14 16 27
20 0 25
7 10 43
15 17 44
18 21 18
12 15 28
7 12 9
18 22 34
11 14 27
23 4 28
9 10 47
5 8 35
1 3 21
22 1 8
13 17 21
9 13 10
16 19 29
9 11 41
10 11 27
6 9 37
1 4 38
1 5 3
7 10 47
17 21 5
17 20 15
6 9 39
0 2 1
9 12 33
20 22 5
11 13 47
18 21 28
5 8 8
4 6 29
5 9 29
11 14 33
18 21 29
19 23 9
5 8 14
5 8 9
18 20 21
8 11 25
0 3 22
0 6 47
10 13 17
20 22 6
14 17 46
13 15 34
14 14 34
23 3 9
12 14 29
22 1 24
8 12 2
9 12 44
17 21 1
7 12 23
17 20 23
3 5 14
17 20 37
16 19 13
21 2 23
4 7 46
7 10 15
21 0 36
15 18 47
15 18 32
4 8 3
7 12 31
5 9 11
15 17 44
12 15 17
22 2 44
13 15 30
4 8 26
10 14 3
7 10 20
15 18 25
0 4 1
22 2 44
22 2 22
9 12 5
9 13 36
19 22 14
0 3 19
11 14 20
17 19 39
22 1 33
17 19 35
5 9 12
9 11 21
18 22 33
12 14 17
12 14 45
12 15 35
4 6 5
15 20 15
20 0 39
14 18 36
10 12 25
21 1 35
5 8 33
18 22 18
4 7 10
11 14 15
17 19 9
18 21 34
16 20 37
7 11 6
23 1 38
18 21 38
19 21 5
19 22 22
7 10 5
17 19 27
22 23 33
7 11 21
7 10 44
22 23 39
19 21 20
7 9 39
7 9 3
23 1 38
9 11 10
3 6 4
19 0 7
16 20 15
4 8 10
6 9 11
10 12 10
16 20 45
10 13 19
11 13 9
22 1 38
5 9 6
19 22 31
18 22 18
12 14 25
1 5 27
21 0 44
22 0 22
19 22 24
22 1 8
13 16 47
5 10 21
16 18 24
16 20 42
14 15 24
0 4 44
10 14 12
8 12 21
9 13 15
0 5 39
5 7 41
10 15 40
7 11 8
7 10 46
12 13 36
11 14 1
15 17 5
21 0 19
22 1 9
7 9 27
10 14 38
8 12 24
17 20 3
23 2 23
16 21 12
7 10 46
7 10 15
2 4 27
22 1 47
7 10 15
0 3 30
21 1 5
7 11 41
7 8 6
15 18 31
5 7 39
17 21 15
23 3 42
2 5 30
15 18 14
6 9 26
1 4 3
10 13 1
22 2 40
2 5 17
14 17 28
1 2 1
18 20 23
19 23 8
15 18 38
20 23 27
17 19 24
9 9 46
18 19 16
19 21 41
22 1 19
2 6 14
20 1 47
22 1 16
8 12 12
2 5 15
8 11 14
2 4 23
18 19 39
12 14 45
12 16 5
23 4 41
0 4 2
22 1 19
17 18 17
5 7 8
3 6 35
3 6 46
3 6 12
9 12 14
16 20 45
20 22 2
13 14 28
9 13 37
15 18 36
5 9 10
0 2 26
4 5 29
4 7 45
3 4 20
0 6 37
22 1 10
1 2 34
23 3 17
13 15 30
22 2 20
21 0 46
20 23 46
0 3 44
6 10 39
9 11 15
0 2 17
21 1 38
5 6 32
17 19 10
17 22 28
20 0 32
20 0 40
5 9 16
5 8 35
18 21 32
18 20 39
4 7 34
23 1 27
8 14 40
11 14 24
19 23 45
14 18 5
6 7 1
18 20 19
6 10 24
21 23 11
21 1 41
19 22 41
17 21 36
9 12 46
5 8 39
8 11 37
12 14 14
12 16 45
22 1 42
14 16 15
10 13 17
17 22 33
0 2 31
1 5 30
23 3 7
1 2 16
15 18 6
16 20 33
17 21 40
4 8 1
19 22 43
3 7 24
2 5 6
8 10 26
10 13 45
6 9 14
23 4 17
22 0 26
21 0 4
2 5 38
15 18 36
15 20 32
22 0 26
14 17 2
10 13 41
21 0 44
19 23 32
15 18 7
4 6 1
2 4 17
12 15 21
17 21 20
4 8 32
10 13 7
13 14 24
6 10 39
12 16 44
16 18 42
11 13 28
3 6 32
8 9 26
13 16 3
0 4 1
23 2 41
22 0 3
5 8 35
9 11 46
18 21 31
2 4 25
8 12 21
11 15 31
4 7 6
15 17 35
11 14 40
1 5 5
23 2 20
14 18 20
4 8 14
1 5 42
5 9 1
5 8 47
20 23 17
0 3 15
15 17 5
12 17 10
17 21 23
3 6 11
22 0 20
9 12 6
23 2 29
1 4 32
2 5 38
0 3 45
18 21 40
8 12 27
14 16 28
9 11 19
6 10 46
12 15 14
20 23 12
0 3 24
11 14 42
19 21 5
4 6 16
15 16 37
18 20 15
2 7 43
12 17 26
4 7 37
5 9 25
8 11 22
14 18 20
6 11 6
14 15 23
21 1 23
12 15 26
8 11 19
13 17 3
17 18 23
18 22 6
2 5 13
16 18 47
20 23 21
17 22 26
2 5 42
11 14 8
6 10 45
3 6 41
10 13 18
22 2 19
21 0 28
5 8 11
12 15 41
19 0 3
0 3 2
16 20 35
23 2 10
10 14 2
18 22 4
1 5 7
7 12 18
23 2 44
16 20 29
8 11 34
23 2 44
0 1 25
12 15 35
21 22 23
21 23 29
16 20 3
15 18 45
2 6 16
15 16 32
18 21 34
2 7 29
15 19 16
13 16 25
20 22 38
15 21 34
6 10 31
13 15 15
15 18 8
2 4 14
20 23 8
9 12 22
6 9 12
10 13 34
15 19 28
18 22 21
3 7 17
11 16 3
23 1 39
3 7 8
18 22 32
2 5 16
21 0 33
13 15 28
8 11 13
3 6 4
16 20 30
4 6 16
7 10 29
5 9 10
2 3 31
18 23 11
11 14 33
22 1 7
21 23 5
19 21 6
23 3 7
17 21 28
16 18 20
3 6 23
4 7 10
3 5 10
3 6 38
19 0 45
20 22 17
1 5 4
9 11 3
9 11 38
3 5 1
3 7 37
18 22 35
3 6 2
12 14 15
7 10 5
7 10 26
23 2 35
1 3 27
6 9 42
20 22 46
19 22 16
3 5 46
4 6 1
18 21 40
12 15 25
17 21 47
19 22 13
0 3 5
18 21 37
11 12 30
7 12 44
9 12 32
8 11 12
13 17 26
7 10 18
13 14 2
17 18 2
14 18 6
4 7 21
14 17 9
20 0 12
10 11 36
6 9 33
11 14 26
22 1 38
21 0 24
11 15 32
7 9 6
13 17 38
20 0 40
11 14 28
21 23 18
19 21 28
9 11 4
16 20 39
19 0 16
13 16 7
0 4 17
0 4 1
16 19 37
15 18 3
19 19 15
21 0 45
14 17 5
20 22 4
12 13 18
1 4 10
14 16 7
10 14 8
8 10 14
23 0 44
6 11 43
15 18 40
1 4 42
17 20 29
0 1 15
1 2 7
17 21 1
3 7 8
2 5 25
6 9 5
11 13 38
11 14 10
23 4 46
8 10 15
20 23 2
15 17 19
1 3 36
4 6 30
17 20 26
8 11 40
3 6 8
22 23 7
21 0 47
5 9 3
1 5 10
21 23 16
5 8 38
1 2 46
19 22 12
19 20 1
11 14 17
11 12 37
1 4 33
7 10 3
23 2 41
19 23 7
21 22 7
3 7 5
3 6 35
2 3 20
17 18 39
10 13 35
23 2 3
17 20 46
5 7 47
19 22 37
11 14 31
22 0 31
20 22 38
15 17 1
3 6 43
13 16 37
16 19 15
6 11 31
1 3 36
17 21 4
20 0 15
10 12 23
13 17 44
8 11 44
9 12 47
8 10 41
16 18 21
21 23 38
19 23 39
10 13 19
9 12 28
20 22 10
5 10 6
15 18 25
22 0 41
4 7 46
12 15 11
19 23 40
5 8 26
6 9 21
5 8 7
1 3 31
20 0 10
13 16 45
21 2 27
2 5 11
22 1 9
16 19 42
0 3 47
23 2 11
7 11 35
17 20 23
23 4 10
8 12 29
18 21 43
10 14 30
17 21 47
2 5 39
21 0 42
3 7 25
13 14 9
18 21 34
20 0 25
16 19 46
4 7 20
7 9 27
0 3 15
11 14 25
21 22 38
19 22 9
7 10 44
12 14 16
16 20 13
8 11 28
13 16 37
23 2 26
2 4 14
10 12 14
1 4 3
0 3 24
6 9 3
12 15 8
21 0 20
1 3 42
19 20 39
18 21 16
21 2 43
19 22 20
2 3 40
23 2 23
22 3 45
15 16 40
23 3 10
0 3 29
23 2 25
17 21 15
10 13 11
2 4 30
23 1 4
1 4 7
23 2 18
8 11 40
18 21 25
8 12 26
6 9 32
13 16 5
15 19 39
7 10 39
1 5 45
10 14 12
9 12 25
8 11 32
9 12 35
11 14 27
20 23 28
6 10 43
9 11 37
15 17 14
22 1 19
22 2 37
18 21 41
18 23 35
11 13 22
8 9 41
18 20 6
10 13 8
18 20 32
19 21 6
21 23 16
18 22 44
15 16 47
8 11 17
17 19 14
11 13 19
5 6 8
1 4 24
20 0 38
4 8 6
7 10 24
21 23 26
23 5 30
22 2 3
13 19 13
19 21 4
9 10 45
2 4 23
17 19 39
11 12 33
19 21 35
21 1 8
21 0 26
5 8 40
20 1 24
11 14 30
10 14 11
18 21 15
1 3 4
2 6 40
4 6 41
18 22 5
12 14 8
18 21 39
5 8 13
6 10 17
10 14 38
21 23 11
14 16 41
17 21 6
23 2 2
4 7 33
15 18 34
4 8 12
0 4 37
20 23 44
8 13 32
2 4 42
18 21 46
15 15 25
1 3 5
9 10 15
15 18 23
8 11 24
13 15 6
9 11 30
17 18 22
10 14 17
8 9 30
22 0 11
5 8 44
13 17 14
9 11 6
17 20 47
7 9 18
4 7 10
13 15 19
10 15 12
11 14 42
4 8 30
8 11 9
16 19 28
9 15 8
20 0 24
21 1 29
21 1 13
15 18 15
11 14 17
23 0 29
10 13 12
23 2 7
15 17 7
4 7 11
22 1 41
21 1 41
15 17 10
2 5 24
4 7 21
9 13 7
22 1 27
18 21 17
0 2 41
15 19 6
19 21 7
3 6 33
19 23 21
13 18 39
11 15 29
19 22 40
13 15 31
16 19 43
18 20 2
13 16 11
4 6 40
9 12 9
14 17 30
21 2 21
5 9 8
3 6 20
21 23 42
8 12 14
15 17 41
8 11 26
2 6 7
19 22 39
18 22 29
12 15 22
14 18 32
1 4 47
21 0 7
8 9 43
8 12 7
2 5 35
20 23 9
4 7 35
20 0 24
12 14 33
0 2 42
2 4 29
6 9 35
10 12 16
17 18 35
4 6 5
21 23 20
13 17 6
17 21 5
7 11 44
20 0 33
9 14 14
5 9 17
10 13 19
7 10 18
22 1 29
21 2 7
9 13 31
13 16 39
5 8 45
14 18 47
22 0 37
21 23 25
4 7 9
21 2 47
11 14 38
11 15 29
9 14 43
23 2 6
0 3 11
8 11 10
1 4 28
21 0 1
15 19 9
9 11 15
20 0 45
17 21 1
5 8 16
23 3 35
21 23 11
23 4 3
7 11 19
5 8 40
6 9 5
21 23 21
15 17 23
10 13 29
10 12 45
11 13 4
1 4 40
21 0 14
19 21 9
21 1 15
22 1 39
7 11 32
7 11 15
20 22 44
21 1 20
20 23 37
12 14 5
4 6 46
19 0 23
17 21 45
9 11 9
16 18 14
7 10 12
9 10 1
13 16 29
1 3 21
13 16 1
7 7 9
11 13 15
11 14 29
20 23 36
21 0 5
1 5 37
8 11 45
9 12 37
8 12 35
11 14 20
13 16 8
15 17 15
8 11 26
19 21 23
8 11 17
13 17 33
7 11 26
4 7 46
14 17 30
2 5 35
13 16 9
12 16 7
22 0 36
17 20 3
7 9 15
10 14 3
11 16 27
16 20 3
16 20 7
0 2 33
15 18 35
17 21 16
7 11 23
1 7 6
21 0 5
1 6 25
19 22 4
23 3 26
18 22 38
7 11 25
8 11 40
13 16 26
20 21 8
2 4 4
19 21 11
10 13 32
22 3 21
13 17 40
13 15 23
19 23 38
2 6 47
15 18 7
1 4 21
22 3 4
21 0 19
13 17 24
1 3 28
20 23 43
12 14 47
20 0 22
4 8 37
10 13 10
17 20 43
19 21 7
21 2 30
19 20 27
1 4 17
11 15 20
5 8 4
18 21 34
1 3 16
8 10 10
0 4 15
13 17 14
15 18 1
11 13 28
9 11 13
7 11 29
15 18 15
16 21 29
17 20 21
4 8 16
20 21 15
14 18 16
2 5 25
23 2 29
6 8 5
7 9 16
10 12 21
0 4 18
4 6 3
18 22 6
15 19 18
12 15 27
16 18 15
21 23 20
0 3 10
15 16 29
21 1 12
20 23 43
11 13 21
10 14 33
10 14 5
20 23 7
9 13 12
13 18 42
7 10 36
8 10 1
16 19 23
19 23 25
2 5 18
20 21 21
3 5 17
21 0 28
18 22 9
10 13 11
20 22 18
13 15 37
9 11 32
0 2 44
16 17 25
18 21 18
4 7 30
5 9 36
11 14 30
23 3 43
0 4 3
14 17 27
8 11 31
13 15 24
12 13 23
3 6 45
10 14 17
11 14 31
16 18 7
19 23 44
19 21 41
7 9 23
20 23 46
7 11 24
19 21 31
4 6 37
6 9 47
14 17 45
14 15 46
11 15 38
15 16 1
4 5 17
6 9 45
14 18 7
15 18 38
23 2 42
19 22 35
2 4 44
5 9 18
17 21 8
1 3 29
23 3 26
10 12 23
2 5 42
22 0 11
2 4 15
8 11 17
7 11 34
2 5 41
19 22 3
17 21 22
0 3 16
0 3 25
15 18 8
12 15 38
21 0 27
19 22 46
1 4 35
20 0 10
8 12 46
4 7 36
2 4 40
11 12 34
7 9 46
9 11 7
4 8 36
18 21 20
15 17 11
17 20 25
21 0 24
10 12 32
14 16 44
14 16 5
6 8 38
9 13 36
20 23 1
20 0 13
8 12 17
3 7 30
15 18 15
12 13 21
13 17 16
15 19 6
2 6 11
17 22 24
15 17 44
9 12 20
22 2 41
16 19 26
19 22 26
1 5 8
17 19 8
6 8 11
20 23 23
23 1 38
13 16 26
20 0 23
3 7 5
16 20 44
8 11 33
3 5 22
11 15 26
17 20 29
22 1 38
9 12 20
18 22 5
23 1 1
3 6 47
21 0 5
20 21 38
15 19 12
2 5 1
1 4 45
12 15 43
20 22 45
2 7 31
7 10 1
4 6 20
8 9 44
20 23 14
4 7 40
2 5 23
23 1 33
17 21 3
20 0 5
13 17 16
18 19 11
7 9 1
8 11 21
5 8 31
11 15 33
5 7 24
20 0 17
13 17 10
22 1 42
16 18 7
12 17 24
22 2 15
15 16 22
5 9 36
17 21 35
9 12 47
10 13 31
21 21 35
18 22 22
7 11 44
0 2 22
6 10 20
6 9 19
14 18 17
11 16 42
12 14 13
8 10 33
3 5 21
9 10 36
6 8 18
6 8 8
12 16 8
7 9 25
16 20 41
6 8 45
3 5 3
14 17 47
1 3 40
13 16 1
19 22 46
23 1 29
0 3 26
3 6 10
20 22 21
11 13 33
14 17 5
19 23 38
13 15 43
9 10 13
20 23 13
8 10 43
4 6 46
17 19 30
14 18 31
3 6 41
16 18 38
20 0 32
1 4 20
16 20 26
21 23 27
22 1 25
16 18 10
20 22 35
11 13 35
12 15 13
22 0 46
7 11 8
16 20 19
2 6 34
14 17 29
0 0 47
11 13 46
11 14 46
4 7 6
9 10 14
15 19 15
18 21 35
6 10 22
14 17 45
13 16 13
0 3 9
22 2 46
23 3 26
13 16 43
15 19 47
9 11 30
0 2 15
8 10 7
13 16 18
8 11 13
19 0 11
14 17 40
12 15 45
7 10 27
8 10 13
5 8 28
18 22 11
14 18 10
9 13 14
3 7 10
6 7 41
6 11 46
23 3 47
6 8 19
12 14 7
19 23 44
17 19 35
19 23 46
10 12 35
19 23 9
23 3 17
7 12 3
12 14 7
15 20 37
4 6 41
21 23 34
20 22 43
7 11 47
17 19 39
6 10 47
3 6 13
14 17 34
1 3 1
0 4 17
16 18 42
0 4 13
0 4 32
9 10 20
13 16 28
13 16 30
19 23 14
19 23 42
9 12 30
14 17 21
12 15 6
16 20 34
0 4 32
12 16 22
1 4 31
20 23 41
21 1 2
0 3 47
23 3 11
2 4 5
23 1 16
11 15 19
18 21 35
12 14 13
17 20 11
23 2 44
17 20 24
10 14 2
5 8 24
15 17 18
6 9 4
1 4 33
11 14 20
16 20 28
4 7 7
5 10 31
5 8 42
20 23 2
6 8 10
12 17 25
12 14 35
3 7 42
17 19 38
3 5 47
7 10 15
18 21 31
15 17 45
5 8 17
2 4 38
2 6 38
11 14 5
17 21 6
1 4 8
17 20 2
2 3 45
19 22 16
19 21 19
4 8 38
6 9 11
9 13 36
13 15 31
23 3 28
20 0 23
13 15 18
9 13 47
21 2 5
21 1 1
18 20 6
7 9 4
7 9 15
1 4 40
11 15 13
1 3 38
1 4 3
14 17 29
14 16 18
4 8 7
17 19 3
19 22 20
7 10 9
16 20 42
10 12 15
3 7 24
3 7 2
23 2 13
6 9 44
0 2 46
17 21 10
20 22 45
2 5 31
0 2 33
22 1 14
4 7 28
3 5 35
15 17 47
0 4 30
13 16 41
2 7 16
23 1 33
18 20 42
5 7 14
18 0 26
16 20 3
14 17 37
17 21 10
19 22 12
12 15 15
3 8 3
9 11 27
2 6 38
3 6 21
18 22 31
23 1 3
13 16 23
0 2 16
16 19 27
15 18 37
18 21 14
10 12 39
2 5 12
19 21 13
19 22 1
23 1 20
6 10 12
7 9 39
6 10 13
6 8 24
1 4 16
11 14 14
23 3 36
13 14 1
11 14 35
20 22 19
6 8 19
23 5 19
22 0 45
6 9 25
13 17 30
17 20 20
12 15 36
10 12 22
14 16 18
9 12 31
0 2 33
15 18 34
6 8 19
23 0 37
11 13 41
17 21 12
5 8 42
4 8 13
19 23 43
11 13 31
16 19 9
7 10 23
10 13 24
22 1 9
1 5 36
17 19 13
12 14 27
19 22 18
15 18 41
17 19 31
17 20 25
14 16 33
22 2 29
17 20 39
4 6 42
16 19 15
2 4 18
19 22 9
18 22 42
1 3 8
16 18 40
5 9 34
3 6 46
2 4 32
14 16 44
4 6 41
13 17 15
17 20 38
11 15 11
19 23 42
14 17 17
5 9 34
0 4 44
17 18 9
4 7 46
11 15 13
20 22 39
23 3 11
8 9 37
2 6 40
10 12 41
21 0 40
22 1 22
17 19 45
17 22 17
19 21 38
16 19 31
23 1 38
12 14 36
19 22 40
3 7 18
0 3 28
11 14 28
15 18 21
7 10 11
17 21 18
7 10 22
2 5 30
9 13 36
21 23 42
4 6 27
15 17 38
1 5 14
6 8 10
18 23 4
22 23 10
10 12 47
17 18 25
15 18 21
1 4 43
16 20 30
12 16 1
2 6 33
9 11 36
15 21 7
16 19 6
22 2 5
1 3 2
12 15 36
7 10 47
22 1 8
18 22 11
0 3 20
11 12 13
15 17 20
12 16 20
4 7 11
16 19 3
5 8 5
14 17 39
1 5 10
22 2 29
15 15 37
13 15 27
8 11 46
3 5 45
10 13 42
4 8 14
3 4 9
4 6 14
0 4 41
6 9 34
17 20 34
22 1 15
0 3 18
22 0 26
12 15 3
16 20 9
7 9 30
12 14 2
6 7 28
15 19 46
13 16 12
23 4 40
22 0 10
12 14 42
1 4 14
0 3 39
17 19 43
13 17 47
17 21 36
6 9 7
8 10 5
14 17 12
21 23 25
10 15 36
17 19 9
21 23 27
8 12 32
13 16 33
12 14 22
12 15 39
6 9 22
12 13 39
23 2 9
2 6 35
5 10 45
3 5 38
16 20 11
10 12 16
9 12 2
8 12 7
11 13 22
0 3 41
7 10 30
23 3 37
15 18 26
18 19 1
23 2 45
3 6 9
18 21 43
9 12 34
11 15 30
23 2 15
9 12 4
15 17 37
16 20 22
11 13 32
17 20 42
2 5 41
10 13 19
23 1 28
21 23 27
21 23 22
17 20 25
15 18 21
18 21 14
17 20 9
22 2 33
5 8 15
20 0 37
8 11 38
10 13 24
3 7 47
16 19 36
17 21 47
0 2 1
14 16 41
11 14 12
3 7 35
21 23 45
19 23 17
2 4 40
20 23 34
10 13 3
20 23 14
18 20 30
14 17 41
17 20 1
19 22 17
4 6 20
6 9 9
18 22 34
22 1 21
2 3 2
14 18 47
20 22 38
7 12 27
8 13 47
0 4 26
2 5 19
11 14 22
21 2 21
20 0 6
14 16 9
4 7 12
4 7 15
17 20 45
0 4 16
23 3 10
12 16 36
11 15 10
20 23 29
1 4 4
5 8 15
22 0 3
7 11 10
22 0 39
15 19 13
16 21 36
20 23 43
19 23 3
10 13 45
4 7 11
0 3 8
1 4 18
9 11 3
16 19 2
4 7 38
7 10 44
15 19 29
18 22 36
6 8 35
19 0 13
15 17 44
9 12 31
17 21 39
9 13 35
8 9 26
5 8 38
17 20 1
22 1 16
12 16 21
13 18 5
13 16 8
1 4 27
19 22 15
21 1 10
3 7 18
6 8 9
15 17 35
16 20 31
2 6 3
9 13 10
7 9 19
2 5 40
13 15 12
4 5 23
6 9 14
10 10 34
21 22 25
1 3 27
20 22 14
0 4 10
6 9 22
16 19 2
9 13 2
5 7 33
5 10 35
4 8 29
18 22 5
8 11 17
16 16 14
12 16 6
5 7 6
14 19 29
19 21 7
7 9 4
17 20 1
23 0 8
19 21 44
9 12 41
8 10 12
18 20 47
2 4 7
9 13 5
4 7 14
8 10 5
19 22 29
3 6 6
17 20 18
13 17 3
14 18 35
11 15 29
9 11 33
23 2 28
18 21 24
12 15 12
12 14 46
16 19 7
14 18 14
18 23 1
2 6 17
22 2 18
6 10 29
14 16 38
0 3 21
5 7 7
16 21 31
21 0 26
14 14 2
21 23 11
18 21 29
10 12 14
7 11 4
20 22 30
23 3 3
16 20 8
2 5 7
11 13 32
16 18 3
0 2 6
1 4 26
8 10 44
18 20 26
2 5 37
4 7 19
12 14 20
20 23 39
20 22 7
10 14 14
21 23 18
9 12 24
6 8 44
23 3 12
15 18 32
2 5 39
12 15 40
14 16 11
16 18 34
15 18 29
9 14 33
5 9 8
23 3 23
18 21 5
12 14 17
9 12 9
6 12 38
15 19 34
20 23 38
3 5 29
12 16 18
1 5 47
19 22 6
10 14 8
18 23 23
11 14 39
19 22 2
15 18 47
11 12 1
11 15 38
4 9 6
8 11 3
5 9 32
20 23 27
17 19 18
18 21 18
1 5 15
8 13 47
23 4 37
6 7 42
21 1 39
19 0 41
0 3 13
16 17 13
7 10 15
17 20 10
11 15 5
5 7 2
18 20 17
13 18 2
7 12 37
11 13 24
5 9 14
6 9 13
4 6 11
7 11 29
20 21 39
8 12 12
5 8 30
0 4 11
17 19 25
14 19 39
11 13 5
13 15 38
19 23 9
22 3 28
23 2 37
18 20 32
3 5 6
17 19 37
1 4 19
15 18 23
14 18 9
13 15 8
15 18 26
11 13 18
5 5 14
1 4 43
18 21 46
22 0 14
4 8 40
7 10 44
7 10 33
4 7 44
9 13 23
1 4 37
8 10 27
8 10 43
19 21 26
10 13 4
12 14 39
17 22 1
4 6 32
23 3 32
16 20 43
4 6 7
22 2 41
6 10 47
10 12 2
7 9 15
19 22 40
13 18 39
16 18 19
4 7 19
16 19 1
16 20 8
11 14 24
8 12 3
19 23 46
6 8 7
13 16 22
20 23 24
2 5 5
12 14 18
3 7 2
17 20 2
14 19 36
22 2 12
21 1 10
0 3 13
4 7 23
23 1 15
0 2 23
20 23 44
22 1 8
8 11 40
22 1 34
8 11 25
17 23 29
5 8 32
7 10 43
6 8 14
1 4 21
21 0 45
5 7 7
3 8 42
16 19 31
14 19 14
12 16 8
18 21 43
5 7 12
6 9 46
5 9 3
13 18 39
3 5 33
11 16 17
16 19 37
4 5 7
14 18 43
21 1 15
15 19 8
22 1 16
1 4 41
2 3 17
16 20 4
2 7 17
22 0 37
20 0 10
14 16 33
13 17 36
16 19 12
8 10 6
0 3 1
7 10 47
17 21 7
15 20 15
22 23 8
16 18 4
9 12 35
8 9 4
1 5 31
11 12 2
7 9 5
21 0 5
3 6 43
20 0 31
7 10 33
15 19 21
8 10 4
22 0 44
9 11 10
0 4 30
3 6 36
12 16 28
4 6 4
20 23 41
9 11 15
13 16 38
17 21 25
21 0 16
17 21 45
22 23 10
8 10 11
13 15 5
6 10 39
20 23 22
16 19 13
12 15 37
17 20 46
22 2 45
18 21 34
9 14 22
2 3 2
5 7 43
22 2 13
5 6 25
13 18 47
19 21 10
5 8 18
13 14 4
21 23 19
17 21 25
13 17 45
22 1 19
6 10 14
16 20 20
7 10 14
6 10 30
5 9 46
17 20 21
11 16 43
22 1 29
0 3 43
17 21 4
23 2 35
15 18 11
5 8 14
10 12 31
8 11 45
18 21 14
13 15 19
5 7 27
17 21 42
22 1 3
21 0 41
14 16 2
23 2 24
6 10 10
14 16 42
1 3 23
20 22 38
18 21 39
13 15 3
0 4 46
8 12 39
11 13 4
3 5 25
20 23 46
18 21 15
11 14 18
0 5 24
11 12 45
5 7 23
17 20 20
14 16 31
9 14 12
2 5 42
10 12 9
4 6 38
0 3 2
21 0 24
6 8 31
17 20 33
5 9 41
13 16 11
21 1 41
3 5 47
19 22 42
23 1 29
6 10 5
22 1 15
11 13 6
0 3 31
3 7 35
10 14 17
2 7 37
16 19 15
8 11 46
10 13 14
10 13 15
14 15 36
17 21 28
11 15 23
20 22 39
3 7 23
5 9 44
1 4 46
20 23 35
22 1 41
15 18 30
11 14 6
3 7 46
4 7 13
4 9 6
20 23 9
13 15 37
19 22 31
3 6 25
21 0 3
18 22 12
9 12 24
16 20 2
14 17 3
20 21 13
0 1 13
6 9 26
1 2 2
15 18 3
18 20 44
20 0 39
3 7 32
17 22 19
8 10 32
8 10 19
4 7 7
12 15 25
8 9 22
12 14 17
22 1 34
15 18 25
2 5 47
8 11 39
9 12 28
19 22 1
1 4 19
7 9 19
22 2 10
8 13 12
0 3 11
19 21 14
3 5 25
13 17 37
21 0 20
7 10 44
8 12 9
15 19 15
21 2 34
18 22 10
9 11 12
8 11 4
13 16 34
17 20 1
7 10 15
17 20 29
13 16 5
13 16 8
3 8 40
16 18 42
5 8 41
11 13 18
9 12 20
20 23 34
22 1 12
3 4 23
6 9 43
20 0 19
23 1 26
20 0 4
18 20 23
22 0 10
5 6 3
14 19 3
2 6 32
8 11 13
20 23 16
8 14 24
8 11 46
20 1 33
6 8 14
12 15 11
19 20 7
21 0 39
18 0 32
7 10 23
16 19 35
11 14 29
4 5 18
22 2 24
18 21 13
15 17 5
16 18 23
17 21 37
20 22 3
20 22 44
2 4 11
6 9 6
20 22 31
22 2 27
19 21 40
1 4 9
16 20 43
11 13 25
0 2 7
2 4 40
16 19 3
19 21 11
11 15 26
21 0 32
2 5 34
13 15 25
4 7 32
14 16 29
10 12 21
10 13 6
1 3 21
12 16 40
8 10 46
11 14 19
4 7 46
15 16 21
19 22 16
19 22 36
5 8 2
6 9 24
18 21 9
16 19 9
14 17 17
6 8 20
21 0 43
4 7 18
20 21 39
22 23 2
10 15 28
12 14 10
12 16 46
0 2 18
11 16 7
0 3 21
7 10 10
6 9 46
16 21 40
15 19 43
23 3 21
15 18 21
23 2 22
7 10 3
23 3 46
16 19 8
4 8 23
7 11 21
9 11 3
9 14 30
17 20 46
7 10 10
6 9 4
15 18 35
12 15 6
5 9 42
18 22 35
7 8 12
22 0 4
19 22 40
21 0 9
8 12 29
19 22 11
13 17 25
5 8 44
13 17 37
18 21 32
19 22 39
8 12 39
4 6 34
21 0 1
11 14 38
23 3 42
20 22 37
10 13 16
7 10 45
0 4 36
8 10 29
23 2 17
17 20 37
18 20 25
18 22 42
18 21 24
22 23 45
19 22 44
2 4 17
1 4 18
2 3 30
19 23 7
20 23 30
7 10 38
3 4 35
14 16 8
14 17 14
21 1 35
8 10 18
9 13 36
23 2 26
15 17 9
11 14 3
4 7 18
10 11 27
10 15 4
15 18 37
21 23 39
4 6 1
3 6 16
8 11 29
14 16 33
22 1 36
15 19 30
4 8 14
6 11 29
3 8 18
12 16 12
22 2 41
7 9 23
8 11 39
18 21 31
1 3 21
17 19 4
7 10 11
9 13 17
8 11 33
11 13 33
2 4 19
15 19 10
7 11 31
12 15 35
17 19 2
1 4 6
5 8 23
5 7 12
5 7 12
8 11 23
0 4 34
19 21 25
3 7 32
16 19 34
10 12 29
21 1 35
16 19 41
23 2 33
8 12 30
19 21 17
14 18 15
14 16 32
0 3 4
12 16 28
22 2 40
9 11 11
19 22 46
3 5 36
14 17 27
1 4 46
20 22 41
16 18 36
8 13 18
18 21 27
9 12 4
21 1 34
13 15 28
22 3 33
8 11 4
16 20 43
17 20 5
14 18 33
0 6 18
16 19 10
21 21 36
15 18 46
14 18 7
18 22 39
2 6 32
20 23 30
11 13 11
10 14 8
1 5 34
1 4 35
20 23 11
10 11 36
3 6 39
6 8 12
13 16 19
7 9 46
10 13 37
5 7 37
13 15 26
22 1 21
21 1 45
8 12 12
12 15 25
9 14 8
1 3 13
6 8 17
8 11 3
8 10 43
19 21 13
20 23 14
21 0 3
1 5 44
12 15 46
14 17 21
21 0 17
20 21 23
8 11 19
7 12 35
8 12 38
10 13 10
13 15 4
14 18 15
5 7 2
18 22 12
11 16 8
19 22 1
8 12 42
1 6 9
13 16 43
5 8 10
17 20 2
1 3 16
20 23 44
10 12 9
23 2 38
2 4 32
16 18 6
9 12 10
1 4 21
23 3 7
17 19 7
10 13 8
19 21 8
19 0 18
9 13 39
2 5 46
19 22 45
13 17 20
0 3 47
12 16 19
10 14 40
15 18 45
1 3 6
21 23 21
15 18 28
1 4 26
16 20 32
12 16 34
2 5 19
0 2 5
21 0 41
7 10 35
19 22 33
4 6 6
19 22 17
1 4 16
20 23 20
13 15 22
21 0 42
9 14 30
10 13 12
6 9 6
19 21 27
17 21 47
12 14 12
0 3 46
15 18 40
17 18 45
11 15 27
22 2 4
19 22 20
3 5 21
16 18 5
9 10 27
3 6 7
1 5 30
1 4 10
3 6 11
2 5 4
20 23 43
15 17 18
13 16 17
13 18 11
16 17 26
11 15 31
15 19 33
21 0 5
10 12 16
2 4 34
18 22 19
8 10 4
8 12 4
13 15 23
11 15 19
16 20 29
7 11 17
19 23 31
22 1 29
7 12 22
9 10 6
1 5 29
23 1 12
6 9 36
9 11 3
15 17 13
20 23 16
4 7 38
1 5 15
11 15 10
4 7 34
15 18 35
14 18 20
11 15 24
13 17 26
17 18 20
6 11 24
9 12 27
14 16 11
17 20 39
8 8 27
11 14 35
17 18 35
7 8 25
19 22 41
1 6 12
19 22 2
23 2 42
13 17 9
0 4 26
18 21 13
18 21 9
4 6 15
23 3 22
13 15 21
18 23 6
12 15 12
20 23 44
0 4 9
13 16 41
1 3 39
3 5 15
18 21 24
23 3 25
7 7 28
13 14 26
11 14 14
16 19 13
2 7 13
0 3 8
16 20 30
20 0 47
12 13 6
5 7 45
23 0 7
6 9 4
12 14 40
16 19 17
6 9 46
13 15 10
16 20 35
6 9 14
20 23 11
22 23 37
14 16 2
16 16 12
20 23 7
6 9 20
17 21 32
19 23 5
6 10 34
8 12 17
7 10 33
22 0 6
19 23 1
15 18 37
7 10 12
8 9 5
4 7 26
17 20 44
19 21 43
8 13 7
5 7 26
2 6 39
9 10 33
11 14 11
20 23 31
13 16 21
22 1 30
17 22 19
19 21 33
12 15 4
7 11 5
22 2 41
7 10 24
22 2 21
20 23 44
6 10 2
5 7 28
17 19 37
11 14 45
17 17 34
10 14 46
4 5 37
6 8 32
7 10 18
13 16 32
23 3 13
7 11 26
5 8 33
12 16 33
21 23 40
15 18 8
23 0 35
6 8 22
7 9 12
9 13 17
2 5 34
12 15 22
21 2 5
0 4 30
3 6 15
17 19 41
1 4 26
3 6 22
14 16 44
13 14 24
19 22 6
18 21 29
1 3 15
5 9 22
4 8 47
0 2 45
14 16 21
8 10 16
21 23 37
18 22 10
14 17 24
13 15 31
4 5 32
15 19 31
13 15 25
14 16 19
8 11 6
1 4 40
8 12 30
6 11 46
5 9 44
8 10 16
22 0 26
19 21 34
8 12 30
22 23 6
0 3 35
23 3 28
6 9 11
2 4 35
0 2 19
22 2 14
20 23 30
9 11 39
4 5 1
17 19 31
0 4 8
19 22 33
21 0 19
15 19 25
13 15 19
13 15 19
10 13 38
21 1 34
20 0 5
13 17 15
0 4 29
21 0 2
17 19 22
8 11 23
4 7 44
21 1 10
5 8 11
6 9 47
6 10 2
10 12 34
9 12 3
1 5 23
16 18 25
4 8 15
14 17 40
9 12 21
10 13 30
18 23 21
7 10 3
1 4 28
14 17 30
8 10 40
5 8 15
4 6 16
9 12 20
4 6 15
14 18 20
19 22 22
7 9 38
5 10 40
19 23 42
21 1 15
6 9 4
8 11 1
21 1 31
14 17 35
20 0 4
8 11 43
22 0 3
17 20 1
9 13 12
1 4 4
11 12 41
12 14 6
19 23 23
14 17 5
3 4 3
18 22 14
6 8 41
18 20 36
4 7 13
10 12 15
2 3 30
0 3 14
7 9 14
3 7 39
12 14 20
7 11 22
14 15 34
21 23 19
11 15 24
6 8 42
19 22 35
1 4 36
14 16 19
23 2 7
20 1 9
22 0 41
7 10 19
22 1 44
12 15 35
10 13 27
6 10 30
13 17 5
19 22 28
20 0 9
0 3 10
16 19 43
4 8 21
8 10 31
11 13 7
15 18 28
12 16 24
21 2 6
23 0 1
5 7 9
13 17 42
23 1 31
2 5 2
12 15 34
16 19 8
12 15 20
6 9 17
17 20 46
10 12 7
5 8 13
6 10 19
16 19 40
19 22 41
4 7 41
12 16 21
1 3 19
23 1 2
23 2 16
16 20 23
22 1 34
7 9 36
8 12 34
20 0 11
6 11 7
23 3 17
1 5 11
0 1 17
23 1 34
8 10 20
21 23 8
23 2 21
12 15 46
17 21 39
18 23 28
23 2 4
20 23 13
15 18 34
19 22 32
7 9 3
16 19 17
23 1 40
0 3 10
11 15 16
12 17 20
2 5 23
14 17 31
17 20 30
2 5 22
2 5 13
9 13 30
20 22 11
22 2 26
9 13 25
11 14 28
12 15 22
23 1 32
22 4 19
23 2 29
4 7 19
23 2 1
9 12 22
0 3 24
17 20 15
2 5 17
19 21 3
17 20 21
21 23 40
12 15 29
21 4 18
9 11 34
10 12 33
10 14 22
22 3 19
7 11 46
21 23 40
8 11 46
6 9 12
5 10 20
1 5 42
11 13 24
3 5 12
1 4 14
11 15 45
18 20 10
10 13 29
8 11 33
22 0 47
5 9 18
18 20 26
15 18 40
9 13 25
18 23 24
0 3 42
22 1 19
22 1 21
11 14 9
2 4 44
2 6 23
8 11 2
23 1 27
17 20 36
22 0 32
11 13 30
19 0 22
4 8 36
2 6 5
10 14 3
13 18 20
23 0 21
10 13 2
5 7 46
17 20 30
6 9 29
16 18 18
8 10 32
19 22 30
18 22 36
12 14 11
0 2 37
15 18 24
5 8 3
0 4 7
9 12 2
12 15 40
6 10 26
5 9 13
17 18 46
17 22 28
15 19 25
17 19 32
6 11 46
13 15 34
16 19 38
10 12 44
21 23 39
22 1 11
20 23 10
22 1 33
20 22 26
14 17 19
21 1 23
14 17 21
6 8 41
21 1 12
14 16 8
18 22 23
3 4 36
12 15 44
3 6 35
6 9 47
4 7 33
0 2 15
20 0 18
6 9 9
19 21 23
0 2 28
22 2 14
1 4 44
0 3 3
16 20 34
7 10 45
13 16 11
2 5 33
22 2 39
14 17 18
8 12 15
6 9 29
19 23 29
1 3 24
14 18 41
8 11 21
23 1 39
18 21 8
0 2 8
16 19 36
11 14 34
20 22 43
4 7 32
8 10 9
13 15 12
23 2 30
6 11 1
21 23 42
4 5 45
20 22 31
20 22 15
3 6 4
5 9 11
3 6 39
17 20 27
23 3 33
3 6 8
16 20 20
4 8 42
20 22 12
16 19 41
19 22 18
10 13 46
12 15 43
11 15 26
21 0 45
21 23 42
5 8 6
7 10 22
10 12 5
1 4 28
18 20 32
5 10 25
7 10 16
11 14 17
12 14 29
5 6 18
2 3 8
23 1 18
5 8 37
23 3 6
13 15 20
7 11 5
7 10 1
20 0 5
3 5 28
13 13 23
23 1 5
19 22 18
18 22 8
11 13 2
20 23 13
20 22 30
10 14 38
9 13 30
2 4 4
16 19 30
15 17 19
7 9 37
4 6 38
9 12 19
21 0 40
5 9 25
18 21 40
3 6 17
17 20 10
10 16 46
10 12 15
8 12 33
11 16 19
13 18 10
8 12 9
3 4 18
15 18 32
22 0 21
15 19 37
8 10 10
22 0 6
1 5 3
5 7 28
10 13 36
10 14 25
22 0 9
2 3 4
2 6 21
2 4 11
0 3 40
9 11 44
4 8 44
11 13 40
12 15 38
17 20 28
12 15 25
23 1 20
21 23 20
5 8 21
17 17 9
16 19 23
19 22 37
15 19 8
10 13 29
5 7 44
0 4 39
9 11 47
10 13 40
17 21 36
4 8 27
6 8 33
11 13 18
16 21 44
6 10 11
2 4 19
6 9 33
6 7 14
6 8 34
18 19 32
23 3 2
4 4 38
22 1 39
6 8 12
17 18 2
2 4 26
11 14 18
11 14 27
21 23 9
2 3 11
23 2 23
18 20 38
22 0 15
3 7 20
21 1 19
7 10 5
11 14 45
16 19 47
15 17 21
12 15 17
11 13 10
18 21 9
11 12 1
18 20 25
22 2 8
22 1 11
23 1 2
11 13 4
7 10 47
21 2 40
6 9 23
12 16 34
4 5 28
22 1 31
19 22 40
5 8 26
6 10 37
8 13 35
20 23 27
16 20 4
20 0 23
8 11 34
10 13 34
6 9 36
17 19 45
0 4 22
3 6 45
22 1 8
3 6 35
0 3 12
6 10 45
22 2 29
8 9 20
0 2 15
2 6 46
15 19 24
9 11 45
4 6 33
23 3 37
4 8 20
15 17 13
7 10 26
9 14 30
12 14 34
0 3 39
22 1 22
0 3 17
2 4 5
6 10 19
19 22 12
1 4 2
20 0 12
10 12 36
2 6 16
9 13 23
4 5 12
10 12 7
13 16 45
17 21 39
1 3 29
21 1 30
11 15 26
22 1 37
6 9 9
21 1 17
21 2 45
11 13 34
1 6 25
20 23 24
20 0 11
14 17 16
10 12 41
19 22 32
6 8 43
15 18 1
4 9 9
5 8 24
21 1 9
3 5 36
4 7 38
7 10 21
23 2 2
23 3 20
11 14 8
10 13 23
13 16 19
2 6 19
12 13 39
7 11 6
2 4 31
15 17 30
10 12 44
14 18 25
4 7 40
5 7 32
16 19 23
0 4 27
2 6 15
12 17 33
4 6 14
10 12 32
16 19 46
18 22 23
5 8 14
3 4 46
18 20 23
8 11 46
12 14 9
15 19 43
3 5 27
12 14 39
23 3 14
15 19 40
17 20 1
14 18 2
17 21 45
13 15 6
17 20 6
3 6 40
7 11 42
8 12 6
8 13 41
21 23 5
20 0 28
11 14 1
3 6 23
5 8 32
12 16 16
21 23 18
21 0 6
0 6 12
8 12 30
22 1 28
4 8 27
19 23 43
1 5 31
0 3 32
13 16 38
10 12 6
1 5 36
12 15 23
2 5 13
7 10 26
5 7 3
11 13 34
12 15 12
3 6 28
13 16 16
18 23 17
17 20 8
14 17 29
4 7 39
13 17 1
16 19 25
2 5 15
7 9 47
7 10 15
6 8 15
20 23 24
22 2 32
5 9 27
2 4 34
19 23 9
18 21 39
8 11 8
18 20 21
5 8 6
1 3 5
11 14 22
1 5 10
17 19 46
12 15 39
4 7 27
10 15 39
23 2 25
6 8 41
6 10 28
13 16 7
3 5 39
7 9 21
9 12 34
8 13 43
2 5 31
4 9 26
0 4 1
0 2 18
2 4 1
6 8 37
5 10 38
8 10 39
2 6 28
18 20 29
16 17 44
2 4 25
19 22 18
12 15 11
18 21 21
23 2 20
12 16 36
16 19 10
15 20 24
18 21 5
12 16 33
4 7 43
8 12 34
12 14 37
4 7 18
20 0 30
23 3 44
9 13 23
10 14 26
15 18 33
23 3 44
8 8 42
18 21 2
13 17 31
11 16 38
21 0 29
2 5 42
17 20 1
21 0 29
17 19 41
20 23 23
16 19 25
14 16 38
8 10 15
8 10 9
6 10 44
10 11 32
19 20 6
21 1 6
2 7 32
0 3 5
1 3 8
4 7 28
6 10 36
6 9 22
22 1 33
17 21 5
23 1 41
15 17 42
12 13 35
9 12 20
1 3 1
21 23 26
14 17 23
8 11 25
6 9 28
6 9 31
16 18 44
11 15 26
13 16 12
5 8 44
4 5 1
0 3 1
5 8 12
15 19 33
15 16 21
4 8 36
17 19 11
13 16 6
2 5 21
11 14 9
11 13 41
19 23 39
4 7 26
15 19 24
14 15 28
7 10 40
16 21 6
5 11 11
21 0 11
17 20 1
22 1 2
12 15 16
4 8 36
7 10 3
16 18 45
17 19 8
6 10 16
19 21 35
5 8 24
0 2 35
23 2 5
14 18 22
13 15 25
9 13 9
6 9 23
1 4 20
2 6 12
18 22 3
3 8 43
10 13 26
9 11 15
15 17 39
19 22 32
12 16 12
12 14 8
14 19 29
3 5 28
11 14 14
20 22 43
12 14 27
19 22 12
7 10 46
6 7 28
15 17 33
2 6 14
11 15 18
6 9 15
7 10 11
16 17 21
4 5 8
11 14 45
14 17 2
4 6 2
23 3 30
10 13 20
21 23 42
13 15 41
0 3 42
12 15 6
11 14 47
22 23 42
9 15 44
10 13 20
22 2 36
15 18 5
3 6 17
7 9 37
2 5 17
1 4 27
13 16 37
6 9 21
1 4 29
4 7 24
6 10 21
4 5 30
0 3 11
8 10 35
23 2 21
16 19 40
0 3 11
8 11 15
20 23 3
23 2 15
2 5 14
10 13 17
20 1 46
10 14 30
23 1 22
1 5 38
13 16 9
13 16 16
17 20 6
13 15 37
8 11 36
7 10 44
6 9 29
10 14 45
2 6 34
2 8 27
4 9 1
14 16 37
21 0 41
8 11 6
8 11 11
8 10 12
20 23 7
19 23 5
14 18 22
23 2 18
9 12 10
12 15 25
12 16 29
3 4 14
3 7 3
3 5 30
11 15 10
19 22 38
15 18 4
17 21 14
21 1 24
6 10 43
22 0 36
16 18 16
22 1 30
21 2 13
21 23 39
16 18 40
14 15 40
17 18 8
21 0 13
10 14 30
11 15 27
13 14 40
3 6 47
7 9 37
14 18 45
20 0 40
23 2 25
2 6 12
18 22 15
15 17 1
0 4 20
6 12 44
1 5 47
2 5 14
15 18 15
0 2 2
12 14 45
23 2 22
19 21 4
4 6 36
3 5 3
13 16 17
11 15 27
22 1 44
1 4 35
4 8 10
5 8 4
17 20 6
20 0 31
21 23 40
9 11 5
10 14 22
16 20 40
18 20 33
14 19 14
12 14 24
15 18 38
18 19 26
7 11 43
3 5 25
4 7 21
14 18 47
11 13 44
17 21 30
7 11 14
12 15 29
7 11 3
10 12 15
16 18 2
23 2 44
7 9 42
9 13 3
22 0 37
1 5 43
1 4 24
23 3 42
12 15 3
11 14 30
17 18 7
14 15 14
4 8 14
11 14 18
16 19 1
1 4 37
7 9 34
21 0 32
21 1 26
12 16 16
7 10 26
5 9 42
3 4 16
11 13 44
15 18 36
5 9 18
1 4 13
13 17 18
20 0 35
23 3 5
22 2 14
22 2 13
17 20 10
21 23 12
9 13 32
13 16 39
23 2 14
20 23 11
5 8 15
20 21 13
14 15 13
2 5 36
1 5 31
2 5 27
13 15 24
18 19 44
23 1 46
20 23 1
2 6 16
18 22 30
0 4 11
7 12 22
14 17 17
18 20 30
10 13 17
7 10 5
9 13 26
13 17 14
19 23 42
23 2 11
13 16 35
4 6 11
20 23 36
22 23 35
16 18 39
16 18 14
18 22 13
10 12 30
6 7 5
1 5 7
18 20 43
5 8 44
9 12 20
10 12 44
5 6 18
17 20 24
5 9 46
7 10 30
14 16 44
6 9 5
23 1 14
1 4 25
18 22 17
12 15 39
3 5 13
0 3 41
18 22 14
4 10 13
18 21 32
4 8 20
3 6 27
5 9 4
23 4 18
2 6 26
21 1 31
5 7 25
21 0 1
10 15 12
20 23 45
0 3 20
1 2 27
23 1 22
22 1 31
9 12 25
4 6 2
3 6 25
10 14 5
14 15 29
20 23 23
16 18 19
12 15 1
15 16 17
5 8 26
13 14 24
22 1 40
23 1 46
15 18 26
8 11 34
15 18 14
22 1 8
15 18 33
0 2 31
14 16 35
14 19 1
22 2 14
0 3 20
8 11 13
9 14 28
10 13 23
1 2 44
2 6 22
13 16 43
8 9 36
6 10 29
16 19 37
2 4 8
17 19 30
16 20 45
5 7 45
13 16 29
13 16 12
22 0 23
21 23 21
19 22 42
20 23 23
7 10 12
9 10 11
13 15 32
20 22 6
16 20 10
9 12 39
23 1 5
20 22 43
22 1 34
9 11 32
15 19 9
13 16 25
9 13 21
0 3 33
20 22 29
21 0 43
9 14 44
6 7 37
5 8 38
2 4 39
10 13 15
16 19 12
21 23 33
23 1 13
1 3 34
1 4 18
22 3 45
20 23 16
6 10 8
6 9 29
17 19 14
22 1 25
7 8 9
0 3 44
19 0 35
7 10 41
15 17 20
2 5 46
1 4 13
20 22 44
10 13 44
7 9 26
21 23 45
13 17 16
6 9 9
7 9 34
2 6 37
2 4 28
22 2 19
13 18 47
15 17 43
3 7 6
13 16 19
11 14 15
20 23 24
1 3 21
22 2 30
3 7 8
0 6 17
2 6 23
0 3 27
19 22 42
22 2 42
16 19 41
10 13 33
12 14 40
20 23 24
2 5 45
1 6 42
0 2 24
6 10 6
15 20 2
18 20 36
18 19 19
17 19 27
4 7 15
22 2 36
6 8 1
5 7 14
1 4 19
7 10 21
18 20 43
9 13 17
16 17 13
7 8 47
14 17 17
7 9 43
22 1 23
5 7 40
3 5 20
6 8 36
10 12 34
7 10 1
16 20 40
23 3 40
0 4 19
4 7 8
21 22 26
17 21 18
20 0 37
14 17 43
14 15 12
4 7 33
1 5 18
22 2 7
15 19 26
15 16 24
8 11 5
8 9 20
1 5 12
7 10 37
7 9 37
1 4 25
7 11 10
12 15 12
20 0 12
14 18 11
18 21 1
20 23 21
18 20 42
7 11 30
17 21 43
0 2 9
5 10 12
8 12 23
19 21 33
13 16 38
17 21 17
4 5 39
5 7 37
1 5 2
14 16 5
22 1 16
16 19 19
7 11 45
12 14 12
20 23 36
7 9 12
22 3 28
18 20 45
9 11 37
2 6 18
22 3 18
16 19 4
7 11 23
3 7 39
15 17 26
0 5 31
16 19 26
1 4 32
16 19 13
3 6 19
14 17 1
13 17 19
16 19 41
9 12 28
0 4 5
21 2 15
21 2 30
20 22 33
20 23 11
17 20 3
15 20 30
21 0 28
23 2 28
1 5 21
22 0 5
8 11 19
16 18 20
16 18 8
12 15 9
9 12 15
4 6 31
1 5 35
19 21 29
7 10 37
14 17 46
6 11 40
0 2 3
1 4 21
12 14 5
20 1 30
17 19 1
4 6 35
5 7 34
13 17 11
21 0 14
21 2 41
12 14 10
18 21 4
13 14 33
14 17 7
5 7 26
17 22 17
2 5 14
0 4 30
10 12 13
10 13 1
23 1 25
20 22 16
12 15 43
14 17 22
22 1 46
23 4 38
16 19 19
14 17 39
18 21 15
11 14 38
2 5 21
10 12 11
22 1 15
4 7 15
13 16 19
9 14 27
2 4 39
5 8 9
0 1 47
13 16 10
22 0 21
20 23 39
16 19 5
14 18 41
6 8 24
18 22 43
8 14 44
14 16 37
18 20 34
23 2 27
21 23 14
9 12 33
11 13 30
3 8 17
19 21 29
4 6 41
3 7 6
2 5 9
0 4 2
13 16 21
7 11 31
22 3 39
8 12 20
16 19 21
0 1 33
0 3 2
2 4 5
8 11 44
8 12 27
10 11 39
10 15 6
23 1 20
4 9 47
3 6 30
15 16 39
18 22 8
19 22 37
0 4 36
13 16 39
20 0 26
6 8 27
4 5 9
19 21 37
15 17 37
22 23 23
18 21 24
7 9 32
0 2 37
19 20 6
6 8 13
23 1 19
22 1 45
22 23 18
1 3 19
2 5 4
16 20 25
22 1 11
3 7 11
22 1 43
16 18 15
20 1 10
4 6 21
20 1 45
9 11 41
12 16 19
21 0 15
3 8 16
2 5 8
0 2 30
12 15 12
1 4 15
2 4 24
8 11 36
16 19 21
22 0 16
17 20 42
13 16 11
20 0 13
4 8 46
12 15 19
17 20 15
12 14 19
19 21 24
22 2 11
7 10 28
19 22 39
22 2 42
9 12 19
23 2 38
21 1 17
4 7 16
1 5 4
0 3 42
19 22 2
22 1 8
9 10 23
18 20 31
10 12 33
17 19 37
23 4 17
13 16 36
21 0 22
14 17 12
7 8 7
22 2 46
15 18 7
10 13 8
11 13 29
4 6 6
20 23 38
12 16 37
8 12 41
7 9 43
19 0 45
22 2 34
14 17 43
5 8 38
18 19 5
17 19 14
13 15 38
21 22 41
20 21 18
8 9 21
14 18 25
4 8 32
12 16 43
11 13 26
5 9 14
9 13 13
15 17 12
21 0 36
6 10 39
11 15 18
0 3 42
9 12 41
20 23 12
5 9 43
12 13 36
11 15 43
3 6 3
1 5 44
2 5 24
1 4 18
19 20 30
18 22 30
18 21 21
5 9 47
15 18 8
18 21 24
17 21 8
19 22 19
11 14 46
16 19 32
23 2 4
11 14 9
6 9 34
19 22 3
7 12 15
3 4 23
21 0 18
15 18 11
16 21 17
16 19 6
1 4 33
16 19 29
10 14 5
20 23 27
12 15 1
10 14 12
3 5 35
9 13 4
21 1 41
18 21 25
10 13 37
12 16 45
21 23 12
1 4 13
12 13 5
8 11 10
23 2 15
6 9 21
20 22 13
18 23 43
9 12 39
3 7 33
20 0 6
7 9 32
7 8 6
16 18 38
23 1 22
23 2 5
20 23 24
3 6 33
19 22 31
7 10 12
16 20 11
13 17 24
23 2 36
15 17 10
14 17 42
9 13 45
1 4 14
23 3 47
10 14 10
8 12 28
20 22 42
19 22 33
2 6 11
2 4 40
7 11 31
0 3 26
12 15 43
3 7 22
17 19 4
21 0 15
10 12 23
2 5 36
21 1 10
13 17 4
7 10 43
18 19 34
20 23 30
2 6 44
14 15 45
4 8 28
0 2 30
14 17 8
2 5 25
2 4 42
12 16 17
5 7 35
6 9 45
5 10 12
15 20 42
15 18 25
23 1 1
21 1 1
22 1 43
18 20 8
8 11 25
0 3 12
5 8 22
15 19 8
9 11 4
13 16 5
22 2 31
14 17 37
6 8 41
12 14 24
15 16 46
6 9 45
16 19 8
7 11 15
14 17 20
3 6 18
19 22 18
22 1 27
21 0 39
2 5 45
13 15 14
1 4 40
16 19 37
6 9 39
11 14 27
9 13 8
23 3 14
13 16 42
20 0 41
10 12 16
7 9 44
16 17 37
3 4 37
2 6 37
20 23 23
4 10 2
5 9 36
0 3 45
14 15 43
21 0 23
23 3 26
3 6 2
5 7 6
4 7 34
11 14 46
17 18 46
1 4 35
7 11 28
20 23 28
1 4 14
21 0 7
12 16 45
13 17 21
0 4 36
5 6 31
9 13 6
0 2 44
2 4 12
20 23 31
11 14 47
17 20 47
17 20 22
3 7 47
18 20 26
2 5 20
7 8 15
6 10 14
14 18 28
15 20 9
17 21 26
16 18 6
19 23 36
22 0 17
3 7 15
7 10 13
10 12 27
20 22 42
13 16 5
21 23 33
9 11 21
19 23 5
22 1 13
17 20 4
2 6 30
20 23 23
3 6 8
13 16 34
21 1 20
23 2 42
15 17 37
6 8 11
22 1 1
23 2 15
7 9 6
1 5 2
8 11 16
3 6 44
22 1 16
17 21 45
20 23 15
14 18 22
22 1 15
9 13 25
20 23 26
14 16 24
11 14 42
9 12 25
11 13 27
15 17 39
2 4 29
7 10 18
22 1 30
5 8 30
11 15 7
3 6 20
12 15 7
21 2 13
10 12 9
11 14 16
12 17 33
10 14 46
12 16 22
17 19 1
13 15 2
22 1 37
0 3 17
17 20 44
9 12 15
11 15 12
15 18 10
5 8 16
5 7 11
23 2 3
0 4 31
5 9 25
2 6 36
23 2 11
13 16 46
1 4 25
7 10 25
21 23 46
9 11 4
17 20 42
0 3 14
11 13 9
12 13 24
8 11 41
17 21 35
15 18 15
18 22 2
19 22 9
3 7 22
8 8 29
14 19 46
4 7 43
21 0 28
16 19 26
22 1 17
4 6 16
17 20 3
10 15 4
7 10 26
14 18 37
18 21 41
13 15 4
12 15 5
20 0 21
8 11 38
14 16 14
21 0 32
0 3 20
0 4 37
6 10 10
7 10 1
4 8 31
0 2 16
4 7 3
1 5 36
15 16 43
14 17 17
18 21 15
0 4 2
16 19 12
20 21 30
12 14 18
5 9 26
11 15 15
3 8 21
6 9 24
5 9 41
9 10 39
12 17 11
22 1 23
10 13 23
5 8 27
11 14 47
4 9 33
19 23 47
18 20 46
3 7 24
21 23 5
10 14 42
19 22 6
16 18 29
17 19 35
16 19 7
23 1 46
10 14 41
6 8 33
18 21 41
1 3 9
6 9 20
8 11 35
11 15 19
11 12 2
18 22 8
11 14 46
8 11 2
2 5 44
9 11 22
6 10 12
18 20 32
3 6 34
14 16 23
2 4 31
3 7 17
10 13 4
11 14 31
12 16 32
1 5 20
7 10 34
23 2 25
11 13 5
19 20 33
2 5 24
0 3 5
18 20 6
23 3 22
23 2 21
23 3 22
23 3 4
4 8 33
4 7 25
19 22 36
0 1 44
19 21 37
20 0 5
7 9 23
15 18 47
6 10 39
6 10 18
17 20 27
5 7 1
19 21 4
3 6 4
4 7 24
7 10 19
12 18 39
4 7 36
9 11 36
9 12 19
19 21 33
5 9 19
19 22 3
12 15 1
10 15 26
3 6 42
4 6 9
18 21 19
3 6 14
3 6 44
16 18 25
6 8 6
23 1 20
14 16 33
14 17 36
17 21 18
21 1 10
16 19 25
0 3 14
18 21 39
9 12 47
4 7 20
17 21 38
2 6 24
5 11 30
6 9 44
8 11 32
15 19 13
15 17 32
2 4 8
15 19 17
6 10 47
2 6 44
5 9 35
11 13 6
5 10 38
2 5 19
7 10 37
17 19 1
23 3 36
2 6 47
14 17 33
3 5 10
11 14 13
21 0 15
7 9 17
23 2 9
10 13 4
15 19 43
11 15 29
5 6 45
22 0 40
18 21 8
2 5 10
1 3 19
9 13 11
4 8 15
18 20 5
2 4 9
9 12 14
21 23 25
13 16 40
9 12 11
22 0 22
10 12 45
17 20 16
17 20 24
14 17 27
8 12 40
11 14 6
22 2 21
3 4 41
16 19 14
8 10 5
19 23 1
22 0 29
21 2 32
21 23 35
8 11 5
2 4 9
19 23 1
20 0 41
5 8 47
1 3 18
9 11 25
6 10 37
19 23 4
20 0 35
14 17 11
0 3 5
5 7 47
4 7 19
21 0 20
10 12 12
3 8 9
9 10 43
17 20 16
15 18 29
14 17 9
12 15 45
19 22 35
5 7 15
0 5 28
10 13 5
22 4 40
9 11 43
20 23 32
3 5 7
2 6 12
19 22 8
0 2 30
4 7 41
10 14 43
5 7 21
2 4 29
11 15 46
12 14 4
21 2 15
5 7 33
16 20 41
1 6 27
17 20 27
17 21 8
13 17 4
22 1 44
8 12 31
1 4 17
2 5 42
21 1 19
21 0 37
18 22 26
6 9 33
12 15 7
14 16 3
22 1 2
16 18 1
10 14 7
19 21 40
10 12 3
6 8 44
19 20 12
5 8 15
12 15 45
4 7 2
7 10 4
11 15 15
2 5 19
20 0 8
22 1 31
20 23 30
20 0 10
15 17 15
1 3 10
15 19 31
10 13 26
22 1 7
15 17 41
17 21 11
20 23 6
4 7 22
5 8 43
4 6 3
16 20 11
7 11 11
0 2 9
0 4 19
9 14 18
20 23 16
20 23 20
20 23 19
5 10 19
2 5 43
0 4 34
14 18 47
15 18 33
15 18 8
5 8 14
7 11 16
6 9 11
3 5 33
4 6 8
15 19 15
3 5 23
14 17 24
7 11 1
10 11 36
5 7 11
8 11 11
2 5 19
6 10 17
17 19 20
19 23 6
0 4 4
20 23 16
4 7 27
2 4 26
18 20 13
9 13 3
15 17 27
23 2 47
3 5 15
22 1 7
9 11 37
16 18 28
8 9 14
17 19 18
19 23 25
22 3 36
6 6 3
3 7 7
13 16 2
9 11 33
18 21 10
5 8 18
9 10 31
12 16 8
1 3 43
15 19 43
23 3 15
16 20 2
0 2 34
7 11 25
0 4 16
18 23 15
13 17 11
19 23 31
9 11 24
19 23 3
7 10 34
11 15 18
23 1 8
20 22 10
13 17 37
0 2 3
3 6 14
17 20 25
18 21 19
17 21 38
15 18 29
21 2 46
16 19 43
16 17 1
11 14 3
12 15 31
2 4 27
6 10 1
6 8 41
6 10 3
0 3 8
13 14 21
23 1 37
5 8 17
18 22 1
10 14 20
3 6 33
3 5 46
14 15 34
8 12 42
13 16 10
10 13 25
23 4 28
4 6 9
22 2 46
19 20 8
4 6 33
1 3 21
20 21 39
22 1 5
4 6 47
22 1 40
3 5 19
17 21 6
23 1 36
2 4 45
11 13 7
13 17 27
1 4 28
21 1 6
10 14 3
2 6 7
8 11 8
11 14 30
6 9 10
1 4 9
0 2 4
20 0 10
4 8 35
9 12 7
8 12 9
10 13 31
22 1 5
22 0 10
10 11 9
9 12 10
4 6 24
17 20 9
0 2 22
1 4 30
13 16 2
2 6 23
8 11 27
15 18 7
8 11 20
12 16 36
14 17 6
17 19 7
12 15 29
12 16 38
23 3 33
20 23 38
22 2 33
2 3 7
11 13 47
14 19 5
22 1 44
8 11 11
12 15 10
13 15 34
13 17 45
4 8 22
19 22 30
4 5 7
1 3 41
13 15 21
13 16 6
16 19 25
7 12 32
12 17 12
1 5 3
21 0 10
1 4 20
18 20 30
9 12 13
15 17 3
20 22 11
22 3 20
23 0 30
10 13 42
8 13 26
14 17 46
12 13 25
1 4 36
17 20 29
8 12 9
11 13 44
4 6 38
0 2 43
13 14 16
14 18 42
2 6 27
11 16 28
18 21 6
0 3 43
4 7 47
4 6 22
9 11 17
15 18 36
15 19 8
13 16 3
12 15 44
18 21 25
6 9 37
21 1 46
20 23 16
12 13 12
20 22 8
7 10 31
9 12 32
5 9 22
6 8 5
6 10 8
5 8 39
16 20 18
19 21 45
20 22 16
15 18 3
14 19 42
17 18 7
16 19 29
23 1 42
4 7 32
7 10 15
20 23 1
16 18 34
17 19 5
16 20 18
18 21 42
21 22 35
13 17 20
5 7 21
8 11 38
9 13 22
2 5 47
5 9 40
0 2 10
12 12 27
11 12 14
23 1 7
2 6 32
12 14 26
9 12 31
13 17 16
14 16 22
20 23 33
9 11 24
13 18 17
16 19 32
3 7 3
0 4 3
0 1 47
11 14 21
13 13 46
5 9 17
10 14 20
6 9 21
3 6 31
17 19 35
5 7 18
19 22 7
13 16 8
9 11 47
12 15 8
10 14 32
17 20 41
10 13 9
14 15 10
3 4 21
9 12 25
11 14 21
3 5 14
23 3 46
17 21 6
1 5 7
17 22 35
17 21 39
2 4 10
19 22 37
2 6 40
18 21 15
4 8 35
20 22 13
10 14 5
3 6 37
18 21 41
20 21 38
10 12 42
9 11 32
18 21 29
16 18 26
23 2 37
16 20 22
4 6 27
16 18 32
10 13 19
2 7 41
7 11 19
22 0 5
14 16 15
23 1 1
22 0 10
5 7 21
15 18 31
19 21 22
15 19 37
19 22 11
21 23 29
4 6 10
16 19 28
19 22 44
0 3 36
9 14 33
11 15 39
14 17 8
14 17 30
15 18 26
2 5 21
6 8 35
18 20 35
3 8 12
21 22 17
15 19 6
19 21 3
1 5 28
15 18 36
17 20 16
1 3 40
1 5 22
5 9 26
23 2 2
5 6 37
20 1 24
18 22 43
16 19 25
16 19 20
8 10 43
21 23 46
12 15 11
20 22 18
22 1 18
21 1 18
14 19 2
11 14 23
6 12 32
21 1 2
20 22 39
23 4 26
4 7 7
6 9 41
16 18 32
19 22 3
15 17 3
3 5 3
9 12 37
4 9 37
0 4 14
18 23 15
9 11 6
12 15 38
20 23 26
21 0 32
5 8 38
12 14 3
6 9 47
10 13 42
13 16 21
2 3 18
17 21 22
20 22 24
22 2 3
23 4 15
6 10 14
19 22 19
1 4 7
0 3 28
16 20 9
13 16 9
21 0 43
12 15 41
9 13 13
14 17 2
1 4 45
7 10 19
19 22 39
11 15 3
10 12 9
6 9 18
22 2 4
19 21 47
0 2 26
4 6 13
16 19 23
18 22 37
21 23 27
5 11 46
1 4 3
2 5 42
1 5 30
10 13 1
12 16 32
20 23 16
9 12 13
14 15 31
16 19 23
20 23 29
3 7 8
19 0 27
8 9 15
3 4 25
19 23 24
1 6 16
3 6 45
9 12 32
12 14 39
11 15 10
7 10 35
3 6 42
9 11 41
3 3 3
9 13 15
20 0 36
16 18 13
3 7 20
17 21 39
15 17 12
1 6 20
4 8 24
12 13 47
8 11 30
3 7 35
6 9 33
11 13 20
13 17 21
14 15 13
18 21 47
18 22 17
16 18 32
22 2 45
10 13 10
0 3 2
17 20 10
17 21 42
3 5 43
10 12 34
0 4 29
0 4 33
9 13 34
10 13 35
22 1 37
19 21 32
14 17 23
12 16 45
7 10 26
7 10 18
23 3 38
7 9 25
22 1 14
0 2 41
2 4 34
22 2 32
15 18 27
9 12 31
13 16 37
18 21 7
15 16 11
19 22 44
9 15 35
6 8 30
21 1 19
16 18 9
22 0 26
10 13 21
9 10 16
3 6 12
7 10 23
9 11 25
0 3 27
12 15 3
10 13 15
19 21 12
13 17 12
8 11 31
7 10 26
18 20 16
19 23 7
22 1 12
23 3 42
5 8 36
5 8 40
4 7 8
1 3 18
12 15 43
12 15 4
14 18 5
7 10 4
20 23 34
5 8 7
2 6 29
16 20 10
2 5 43
17 20 34
10 13 14
15 19 12
7 11 14
18 22 10
8 11 16
11 13 14
6 8 4
17 19 27
1 3 9
20 1 9
19 23 8
0 1 45
3 6 4
3 6 27
23 2 14
8 12 24
1 3 10
16 18 6
9 12 45
19 0 16
9 13 27
12 18 6
6 9 2
18 22 12
12 15 29
2 6 4
7 11 26
23 2 4
9 13 36
5 7 8
22 2 33
14 16 45
12 15 14
18 21 38
12 15 32
11 14 33
2 5 23
16 17 14
19 23 46
23 0 33
21 1 12
18 21 41
10 15 29
5 9 25
0 2 16
14 17 46
11 13 47
23 4 40
5 9 8
10 11 35
4 6 24
7 10 14
21 22 35
6 9 26
16 21 36
7 10 25
9 12 3
8 12 16
8 11 36
19 23 38
19 23 35
12 16 9
7 10 24
15 19 39
23 3 8
8 11 12
10 14 30
4 6 4
11 15 4
22 1 4
10 11 1
16 19 8
0 3 10
9 12 31
20 22 27
9 11 17
18 22 33
7 9 1
13 16 33
22 1 43
1 4 21
14 17 12
0 3 27
6 10 17
7 10 19
0 3 23
15 19 36
4 7 36
21 0 45
18 21 20
5 9 39
9 13 6
10 14 42
3 6 19
0 4 39
23 2 10
7 9 20
4 6 3
18 21 38
4 9 22
0 2 45
18 22 3
19 22 26
20 23 28
6 8 13
15 18 38
2 5 44
14 17 34
10 14 23
17 19 38
20 2 37
18 22 19
2 4 8
3 8 20
7 9 34
11 14 23
18 20 5
5 7 24
20 23 37
9 13 15
20 1 16
3 6 15
18 20 24
9 12 18
16 20 22
5 6 28
0 4 6
0 3 2
13 17 38
1 4 22
20 23 38
4 7 11
9 11 35
14 17 16
6 10 39
14 18 4
21 1 1
4 7 6
0 4 47
3 6 41
21 23 26
15 19 9
19 21 36
9 13 16
0 4 40
21 1 24
15 19 17
15 19 43
14 15 8
2 5 44
0 2 36
8 10 40
1 5 47
12 15 17
8 9 7
14 19 13
20 22 1
14 16 36
4 6 34
8 10 18
21 0 8
21 1 10
14 18 47
11 14 46
14 17 5
14 18 27
0 2 22
11 14 5
20 1 35
14 18 22
13 16 24
6 9 27
4 7 5
7 11 11
0 5 6
18 21 37
2 4 33
14 17 44
9 12 18
9 12 12
9 12 47
5 8 47
19 21 33
18 21 29
21 1 15
20 22 14
4 8 24
21 0 15
12 14 45
6 8 46
15 17 37
16 19 1
23 3 43
19 22 39
3 7 29
2 5 24
0 2 34
6 8 30
2 5 8
4 8 30
6 8 35
21 0 46
20 0 40
16 20 45
21 23 23
10 12 46
7 10 41
8 10 7
5 8 17
18 21 31
3 3 23
13 16 33
6 10 43
12 16 30
18 20 13
17 19 9
7 10 2
17 21 31
21 23 12
12 15 34
7 10 42
16 19 30
9 13 9
3 7 6
21 1 43
9 12 46
6 9 18
16 19 41
4 8 13
4 5 21
8 13 12
23 2 37
5 8 35
21 22 10
17 20 28
15 18 15
4 8 47
23 1 41
19 0 42
12 16 43
21 0 31
13 17 22
23 2 23
7 10 27
20 0 36
10 16 6
15 17 32
7 10 19
4 9 34
13 15 14
9 11 5
5 7 22
17 19 39
15 18 47
6 9 18
23 4 13
9 12 17
5 8 6
2 6 44
12 15 12
14 16 5
2 4 7
4 7 28
8 13 2
12 16 46
1 3 16
17 20 7
10 14 30
2 6 18
0 2 24
0 5 6
2 3 16
5 7 40
0 3 40
1 5 43
8 10 42
5 8 17
9 13 7
23 3 23
1 3 30
0 4 23
10 11 47
23 2 21
9 10 15
8 11 29
18 20 2
11 15 6
11 12 15
11 13 3
19 21 16
17 22 18
11 16 42
15 17 26
22 2 10
20 0 3
8 11 25
23 1 3
11 14 25
23 1 28
13 16 18
3 7 15
9 13 39
12 15 7
9 14 41
8 10 37
23 3 47
14 15 19
3 6 12
5 7 5
17 20 43
23 2 34
13 19 18
22 3 14
18 22 30
6 8 23
4 8 39
9 14 24
6 9 31
15 18 4
0 4 16
16 19 33
16 17 29
3 7 40
13 15 10
10 12 13
18 23 39
21 0 3
19 22 41
17 22 29
18 21 20
12 15 30
21 1 14
20 22 21
21 1 33
14 17 33
0 3 46
4 9 45
23 0 2
13 15 39
16 20 47
6 10 28
8 12 39
23 2 43
13 15 28
5 9 41
18 21 1
2 5 1
3 8 6
0 4 45
1 4 41
5 7 7
10 13 8
6 10 25
20 0 7
21 1 35
18 20 20
1 3 43
13 17 42
16 18 1
12 15 4
22 2 44
12 14 41
22 0 11
17 20 18
18 20 33
15 17 27
15 18 10
14 18 37
14 18 29
11 14 27
7 9 20
19 0 5
4 8 42
5 10 15
14 17 39
14 17 39
4 8 36
15 18 3
0 4 14
18 21 2
21 0 2
3 4 2
3 5 41
16 18 18
17 19 8
2 4 18
9 11 28
14 14 4
7 10 10
6 8 2
19 20 21
12 13 26
11 14 14
12 14 3
6 9 29
20 0 10
13 16 43
23 3 1
8 12 7
7 11 37
3 8 42
17 19 21
7 11 30
12 15 27
10 12 5
12 14 15
13 15 7
21 22 4
5 10 44
9 12 31
16 18 26
20 1 19
5 7 9
17 19 17
13 17 43
8 11 20
12 15 22
13 17 39
3 4 11
14 16 19
4 7 46
4 6 6
10 15 9
13 16 32
6 8 34
13 17 24
2 5 11
19 21 44
10 13 9
6 9 11
23 3 27
1 3 17
19 22 10
9 13 13
20 23 5
0 2 41
12 15 15
2 4 40
11 13 29
12 15 33
6 9 18
23 3 3
0 3 10
15 18 17
16 17 33
11 15 1
23 0 21
17 20 11
13 17 28
21 23 40
12 16 40
4 8 32
2 4 31
4 7 34
5 8 7
17 21 38
15 16 3
16 19 9
4 8 7
7 12 32
2 3 32
1 4 27
7 11 44
0 2 34
4 6 22
19 22 6
21 0 4
15 19 37
3 6 41
7 10 10
17 21 27
16 20 19
13 17 42
8 12 17
6 8 42
15 19 5
2 4 8
10 14 19
6 7 45
13 16 19
17 19 19
0 1 22
14 18 20
1 3 23
13 16 39
19 22 12
12 16 4
16 20 30
14 17 8
5 8 46
6 9 21
16 19 43
14 16 16
13 17 43
19 22 32
4 7 1
0 2 23
11 13 27
16 18 22
18 20 39
16 17 21
3 7 25
10 13 19
15 18 1
9 12 31
12 15 6
6 7 19
7 10 18
14 18 26
20 22 27
7 11 41
8 9 6
5 8 5
5 7 9
9 11 2
6 9 16
13 18 21
5 9 47
17 0 47
13 15 13
22 2 4
22 0 15
14 17 42
13 16 28
13 15 31
16 21 1
13 16 43
3 8 13
5 9 36
9 11 40
17 19 45
3 6 14
16 19 37
17 21 19
20 23 22
2 5 11
0 4 26
17 19 38
16 21 9
11 14 38
2 5 14
0 1 23
14 17 31
20 23 7
21 1 26
20 23 37
10 15 29
17 19 47
1 2 37
7 9 38
12 15 36
23 2 21
6 8 26
5 9 38
12 14 42
23 2 33
7 10 40
13 17 2
14 18 14
6 9 19
5 7 46
21 0 32
23 1 6
18 21 1
10 14 2
17 19 38
21 23 7
9 12 14
5 8 1
22 1 38
16 19 42
8 10 46
20 23 28
12 14 19
13 15 43
20 0 6
20 1 40
8 11 6
7 10 8
0 3 5
14 16 41
23 1 30
5 9 36
16 19 38
22 0 6
12 13 31
20 0 43
3 8 6
19 21 6
19 22 35
19 22 18
19 23 2
17 19 34
0 3 42
7 7 1
11 16 28
0 4 19
5 7 38
12 15 8
7 12 29
11 15 34
11 14 37
9 12 21
23 2 8
16 19 6
0 3 18
5 9 41
1 5 1
7 9 1
6 10 45
1 2 14
6 9 24
22 1 22
2 6 14
8 13 23
0 0 40
17 19 30
1 4 23
4 7 29
10 12 24
18 23 33
22 1 26
6 9 18
9 11 20
7 9 4
18 23 42
21 1 14
13 16 1
3 5 43
22 3 15
0 4 45
16 19 42
13 15 20
1 5 26
13 18 18
8 11 22
12 15 29
1 4 35
6 8 7
0 3 1
4 8 47
3 7 43
10 12 36
23 1 4
2 6 21
18 22 43
6 9 10
19 21 13
4 7 15
9 13 34
11 15 16
23 2 35
3 5 34
2 5 32
7 10 16
2 4 30
14 17 15
18 19 19
18 21 23
13 15 24
5 10 44
7 9 22
18 20 18
2 3 21
21 0 39
21 1 27
21 0 2
11 15 9
20 0 46
19 21 30
11 14 42
13 15 29
23 2 43
21 1 6
20 23 33
17 20 9
23 3 2
20 22 30
12 14 20
2 5 26
15 17 14
8 12 44
22 2 27
18 21 7
23 3 30
8 10 25
3 6 6
7 9 2
1 4 16
16 19 7
12 14 42
17 20 22
19 21 14
14 17 35
17 18 7
1 5 2
0 2 10
18 21 29
17 21 34
12 15 18
23 1 39
23 2 45
5 7 28
16 17 6
21 0 43
14 18 11
0 3 42
22 23 17
10 13 43
21 0 1
13 17 35
21 2 3
5 8 18
14 18 42
19 22 47
16 16 42
10 12 35
17 21 45
8 13 11
10 11 4
13 16 19
11 12 39
15 19 11
9 11 34
9 12 16
9 14 34
23 1 30
19 23 30
16 18 8
7 8 1
1 3 12
2 5 14
11 14 30
2 5 32
9 12 21
12 16 43
3 5 32
13 16 43
23 2 31
6 8 31
0 3 47
23 2 17
17 21 3
8 12 29
16 21 15
20 23 15
16 18 27
15 18 21
12 14 23
7 9 30
4 7 37
12 15 27
11 15 9
6 9 9
17 19 36
1 5 22
11 14 33
1 3 26
23 3 39
23 3 14
11 13 27
11 14 47
15 18 34
20 0 27
3 5 40
16 19 17
4 6 27
4 8 37
2 4 24
1 4 44
3 6 6
2 6 11
17 20 34
4 9 3
14 17 2
21 2 13
18 22 15
13 15 2
21 23 39
7 10 19
17 21 37
6 10 19
12 15 17
22 1 25
11 12 33
5 6 47
11 15 18
23 2 1
5 8 9
8 11 8
9 13 30
17 22 39
7 9 5
10 14 12
2 3 30
3 6 4
14 18 47
14 17 30
13 15 2
6 9 38
16 17 1
20 22 26
0 2 2
14 19 17
15 20 22
0 4 19
2 5 42
19 23 32
17 21 14
19 21 4
15 17 10
1 5 37
8 12 27
12 15 14
12 15 26
18 20 16
3 6 15
3 7 30
17 21 26
14 18 11
16 17 31
14 16 43
0 2 2
7 10 45
16 19 31
16 17 26
13 16 45
17 19 19
18 21 44
3 6 43
12 15 4
14 18 22
7 9 22
7 11 34
19 21 38
19 22 26
13 15 46
10 13 15
11 14 5
19 22 17
15 19 14
16 18 36
22 0 21
0 4 29
20 22 19
17 23 27
9 13 45
19 23 25
7 10 37
14 17 47
4 8 34
13 16 5
22 0 24
23 3 22
18 20 13
4 6 11
21 0 23
12 15 22
4 7 22
17 19 17
10 12 11
4 7 4
5 8 8
23 5 36
12 14 19
20 21 9
16 19 3
11 13 5
23 0 8
13 15 39
6 9 16
19 23 32
21 0 23
2 6 18
11 13 28
13 17 35
6 10 6
9 12 13
4 8 17
16 19 44
21 0 47
2 5 9
17 20 10
9 11 35
15 18 15
4 7 9
10 15 2
1 3 37
7 10 29
0 4 23
8 10 35
6 9 47
18 21 45
1 5 43
21 23 38
11 14 4
21 23 39
10 14 26
15 18 40
22 0 24
11 13 11
15 18 7
2 5 39
12 16 32
2 8 23
17 20 3
2 5 38
7 12 26
9 12 38
0 3 17
15 18 11
23 2 2
4 7 23
10 11 37
14 17 5
5 9 44
21 0 4
14 16 29
0 4 7
12 15 43
11 14 41
20 23 22
17 22 22
23 1 16
18 21 31
10 12 47
9 12 17
23 1 14
9 13 12
23 4 23
12 14 18
22 1 18
14 17 47
12 15 43
11 12 33
4 6 10
15 19 24
8 9 20
11 14 41
7 9 46
14 17 2
0 3 41
16 18 4
16 20 39
8 9 9
11 14 1
8 11 31
16 20 32
1 4 25
12 15 35
11 17 28
0 4 5
2 4 46
21 0 46
3 4 41
17 20 22
9 14 45
1 5 45
2 6 26
22 3 39
6 10 4
15 18 34
14 17 31
18 20 15
20 23 3
5 5 33
1 5 37
17 20 37
0 3 45
9 12 19
23 1 10
16 18 5
12 15 11
20 23 29
13 16 25
18 20 14
21 0 9
13 16 16
9 13 39
19 23 43
17 20 30
11 14 38
10 12 35
10 13 37
11 13 30
3 7 8
12 15 30
7 9 41
6 8 26
13 17 8
9 14 2
1 5 11
22 0 2
3 7 26
9 13 42
10 13 5
7 11 24
8 11 20
9 13 44
22 2 14
19 0 28
18 20 6
1 6 35
10 14 11
4 7 9
2 6 25
23 2 3
9 10 42
2 4 9
21 1 31
21 23 5
12 15 28
19 22 47
19 23 31
1 2 18
21 1 35
7 11 4
10 12 24
3 5 8
13 15 42
14 16 13
20 23 27
20 0 3
16 19 2
22 2 19
2 6 4
5 7 18
6 11 32
22 0 31
13 15 28
3 5 38
17 20 44
12 13 21
15 19 47
11 15 7
14 18 43
3 7 6
15 19 46
3 5 39
1 3 23
18 20 13
4 8 24
11 13 20
18 21 28
6 7 24
13 17 6
18 23 31
21 23 16
0 3 18
7 11 32
20 1 43
6 8 44
5 9 37
10 12 22
10 12 30
16 20 10
20 22 46
23 1 4
16 19 15
11 15 30
15 17 4
13 18 40
17 20 5
22 23 36
11 15 45
3 6 1
11 13 20
4 7 16
8 10 38
16 22 39
0 4 1
11 15 18
11 16 2
9 11 39
13 16 10
22 1 33
15 19 32
21 0 33
9 11 25
20 22 35
3 7 14
17 20 13
17 18 11
13 16 14
21 1 18
20 23 23
20 0 15
16 18 11
19 22 47
5 8 32
9 13 13
14 17 19
21 0 39
17 19 30
23 2 38
1 4 23
16 19 9
3 7 23
20 0 25
17 20 21
21 23 25
5 7 45
22 1 5
13 16 5
0 3 3
12 14 6
5 8 26
4 5 36
3 7 33
20 23 33
2 8 7
8 11 32
12 15 46
0 3 30
15 17 18
5 7 9
18 21 19
0 1 42
14 17 26
6 10 21
15 18 38
1 4 28
4 7 7
14 15 35
17 22 16
8 9 47
11 13 24
0 4 37
12 17 29
16 18 11
22 2 17
20 1 44
17 21 13
11 15 16
9 11 33
22 1 24
3 6 30
0 3 31
15 16 36
11 15 9
15 18 23
3 4 10
8 11 43
3 5 39
10 12 5
15 19 30
7 9 4
14 17 19
20 23 33
20 0 24
6 10 47
2 5 38
12 14 40
20 22 23
20 0 4
5 9 6
11 15 43
20 1 19
17 20 32
21 0 43
23 5 47
22 3 32
19 21 39
20 23 39
4 8 33
4 6 30
12 14 8
19 22 13
22 2 1
22 1 9
13 17 14
2 6 27
2 5 26
19 22 31
0 3 41
11 14 45
15 20 7
7 11 21
17 20 5
11 15 15
11 13 30
13 15 29
5 7 2
21 1 14
12 15 12
4 8 37
5 8 43
15 17 25
15 19 29
12 16 41
11 16 9
5 9 38
6 7 23
21 2 13
19 22 42
5 6 31
22 0 9
2 4 26
21 23 2
1 5 44
17 20 18
15 18 14
7 11 10
9 13 29
23 2 18
7 11 34
1 4 26
11 12 18
13 15 8
21 0 40
22 0 3
13 14 5
10 14 9
23 3 3
12 14 42
23 1 7
19 22 29
1 4 44
10 14 15
8 10 23
12 14 47
15 18 33
7 10 10
14 18 17
5 8 32
11 15 42
5 7 16
8 11 45
2 4 8
23 2 12
21 1 29
20 23 33
11 14 26
4 8 26
23 3 25
0 1 11
13 14 7
9 12 12
8 11 19
4 7 16
2 5 5
17 21 43
21 1 26
15 18 37
6 10 43
16 18 17
10 14 22
12 14 11
7 11 41
21 0 19
9 11 33
21 23 41
7 10 41
6 10 33
15 19 32
12 14 47
7 10 31
2 5 31
19 22 35
23 3 33
7 9 32
4 6 2
6 9 47
22 3 9
7 10 35
10 12 38
8 11 42
6 8 43
4 7 16
23 0 10
10 12 12
22 1 14
1 3 46
12 15 19
0 4 10
22 1 3
9 12 20
12 16 39
4 8 21
17 20 44
19 20 7
8 9 38
15 19 26
20 1 28
13 17 19
19 21 29
19 22 46
14 17 1
13 16 36
5 8 8
5 7 1
8 11 39
12 17 15
3 4 33
14 17 30
13 17 14
2 5 37
5 8 35
16 19 5
14 17 44
17 22 13
16 17 31
8 10 37
17 21 16
20 23 43
7 11 46
15 18 29
7 10 5
20 0 25
16 19 38
6 8 34
2 6 6
7 10 31
8 11 9
0 3 40
17 19 33
14 17 33
21 0 8
4 8 18
12 16 37
18 20 13
11 15 18
3 6 42
2 3 41
3 6 14
3 5 8
8 11 20
23 3 4
17 20 47
14 19 22
11 13 28
14 16 11
21 1 12
10 15 8
9 13 40
17 18 12
4 8 30
1 5 17
21 23 5
13 17 27
2 5 39
11 13 44
4 8 33
18 21 5
3 7 30
12 13 24
18 19 38
19 22 40
17 17 28
2 6 38
6 10 47
5 10 8
6 7 37
9 12 14
7 8 21
12 15 43
7 11 37
4 8 26
7 9 22
8 11 19
14 17 42
3 7 34
0 1 28
16 18 29
21 2 10
2 6 8
17 20 32
5 9 8
5 9 40
1 3 12
2 5 27
11 16 39
15 18 8
22 1 2
21 23 13
9 13 29
18 22 15
2 4 3
9 14 29
16 18 47
10 13 39
15 18 18
19 21 19
8 12 29
8 11 20
23 4 37
8 13 22
23 1 42
4 6 14
8 12 17
19 22 41
12 15 23
22 3 44
8 12 26
22 1 14
17 19 14
1 3 4
1 3 1
9 12 42
20 22 32
22 0 23
1 5 13
8 12 44
21 0 12
12 15 43
21 0 42
21 23 28
11 13 27
14 18 36
13 16 36
14 17 16
18 22 33
22 0 15
2 4 42
9 13 42
21 23 1
4 6 14
19 22 28
3 7 36
16 18 43
2 5 26
18 22 17
0 1 46
12 17 45
3 5 28
12 15 17
22 1 43
4 8 33
19 21 14
2 6 39
18 22 25
4 5 41
19 23 13
6 10 8
6 7 32
0 5 38
12 13 29
4 7 43
12 12 24
8 12 39
10 13 28
21 23 9
0 3 2
13 16 38
10 13 45
1 4 17
17 19 32
0 3 34
3 6 37
17 20 34
14 15 4
15 18 31
19 21 25
23 3 24
23 1 34
16 20 36
18 20 44
7 10 42
22 2 47
6 11 45
1 5 45
17 20 11
0 3 18
15 18 26
4 7 43
15 17 3
6 8 38
15 19 21
14 17 17
11 13 34
4 7 7
14 18 41
18 21 27
18 22 41
19 0 46
23 1 1
22 2 37
8 10 20
9 12 35
10 12 30
16 19 13
9 12 18
17 20 26
1 5 39
10 13 18
17 20 3
12 16 32
21 0 9
8 12 38
14 17 23
10 13 47
10 13 44
1 4 7
3 5 20
6 9 25
11 12 29
11 14 1
4 6 2
23 1 35
8 12 8
22 0 10
14 14 31
16 20 21
4 6 24
17 19 24
3 5 32
3 5 43
17 20 8
16 18 28
18 20 12
17 20 14
8 11 25
9 14 12
4 7 7
23 0 45
23 2 22
1 4 32
18 20 9
11 14 15
22 2 2
1 4 2
23 2 32
11 12 8
18 21 17
12 16 2
16 18 35
21 0 35
13 18 1
17 21 19
9 12 4
8 11 39
8 13 7
15 20 23
21 22 8
16 19 3
23 3 5
16 18 14
16 19 27
19 22 36
4 7 1
0 4 19
1 4 6
8 10 2
8 11 46
23 3 36
6 9 29
7 13 33
21 2 2
10 13 20
23 3 2
20 23 31
3 6 32
11 14 26
5 9 36
10 11 42
20 23 31
15 19 33
13 16 41
2 6 42
22 0 45
5 8 39
2 5 35
19 22 28
17 20 19
4 6 24
23 4 34
2 5 37
2 4 26
14 16 40
22 0 27
3 6 16
0 4 42
23 2 8
13 17 10
5 6 16
22 1 43
15 18 22
9 13 33
20 23 22
12 14 19
3 5 23
1 5 46
1 3 6
14 18 24
22 0 29
0 3 46
2 5 7
23 1 4
8 11 40
22 1 26
19 23 45
12 15 41
4 9 32
17 20 20
9 11 2
1 4 27
11 14 44
23 1 44
8 11 24
11 14 29
13 15 40
5 8 40
6 10 9
14 18 26
7 11 20
14 18 12
4 8 47
14 17 9
4 8 11
14 18 17
8 11 25
9 12 46
16 18 14
5 8 22
0 2 38
8 9 30
12 15 39
17 20 9
0 2 28
18 21 47
9 12 46
0 3 27
9 12 16
12 18 39
23 3 12
22 0 39
13 16 39
16 21 14
20 0 16
17 19 24
19 23 13
15 19 26
1 3 43
23 1 33
6 10 30
11 15 44
10 11 20
23 1 28
21 0 45
6 9 40
19 22 20
23 3 1
21 1 5
10 13 24
8 12 12
15 19 15
17 21 22
22 2 17
14 18 36
23 3 10
5 8 23
6 11 37
14 17 13
1 6 9
18 21 23
3 6 32
4 9 37
3 9 3
0 2 31
11 14 1
0 4 33
22 1 39
4 7 27
0 3 25
3 6 19
8 10 42
21 1 46
7 9 21
8 13 26
9 12 33
17 21 45
18 20 9
23 3 34
13 16 30
23 3 25
7 10 40
3 6 19
13 15 27
10 13 7
2 5 31
3 6 34
17 22 29
22 23 44
9 13 24
18 21 43
12 14 11
9 11 1
4 7 18
17 21 46
8 11 4
23 2 32
21 0 38
14 17 22
14 17 43
18 21 21
8 12 38
21 1 18
20 0 14
20 22 19
4 8 18
17 20 34
7 10 34
17 21 47
9 11 36
14 18 18
6 10 38
12 17 47
17 20 35
9 12 2
23 1 30
10 13 39
23 3 9
12 16 11
13 17 13
21 0 41
17 19 36
6 8 8
19 22 6
19 21 36
3 5 36
12 15 10
20 23 32
11 14 4
19 22 42
2 6 4
6 11 17
4 6 46
1 3 32
17 19 21
15 17 2
9 13 32
18 20 7
2 4 32
10 12 34
13 16 30
21 2 19
14 16 2
6 8 34
12 14 19
9 11 30
10 13 10
3 5 16
20 23 40
11 12 42
6 9 2
1 4 6
10 12 10
21 2 42
3 6 6
1 5 41
14 17 19
4 6 40
10 13 43
21 0 1
19 22 46
21 23 30
14 16 19
10 12 23
20 21 45
2 6 27
22 3 29
15 18 47
23 2 42
23 2 12
1 3 45
7 10 20
14 16 25
15 16 5
10 13 12
20 1 19
3 8 29
9 12 8
23 1 2
2 3 6
14 18 20
22 0 15
2 6 19
18 20 26
18 20 32
17 20 5
0 4 16
15 18 2
22 0 45
14 17 4
23 3 36
8 12 23
17 21 16
6 10 7
3 6 15
1 5 9
14 17 20
19 21 6
21 23 31
21 23 23
9 12 21
22 1 18
15 17 1
14 16 29
21 23 1
4 7 10
2 4 22
2 5 11
17 21 6
3 7 42
17 21 9
9 11 4
4 5 41
3 6 42
4 5 46
11 14 5
19 22 24
9 13 7
21 2 41
14 16 35
12 15 21
1 2 41
4 8 29
15 19 8
7 9 14
5 10 15
10 13 3
3 7 2
10 12 27
12 16 38
21 1 15
13 16 3
19 21 24
5 8 25
21 0 24
23 2 20
3 6 37
21 1 6
13 18 39
11 13 31
23 3 37
18 22 7
20 0 23
0 4 25
17 20 2
6 10 45
3 5 2
23 4 34
7 9 13
22 2 39
13 17 29
10 12 21
18 22 46
13 16 43
20 1 4
4 7 25
1 4 43
17 20 32
19 23 1
14 18 45
1 5 22
11 11 35
0 3 32
18 22 5
0 2 45
18 20 17
0 5 3
0 3 41
7 10 3
13 15 22
13 15 40
14 18 18
1 5 28
3 5 35
3 5 17
16 22 10
16 18 42
6 7 26
5 8 7
18 22 30
4 8 5
6 9 11
6 8 4
20 22 17
7 10 13
0 4 32
12 14 12
0 2 41
7 10 9
10 11 37
7 10 12
17 18 5
15 18 19
1 4 29
20 23 6
18 20 14
12 16 47
19 0 30
6 10 45
21 1 23
4 5 13
1 3 34
6 11 43
8 13 8
22 1 47
2 5 15
0 3 1
3 5 16
10 14 41
5 8 9
13 15 28
18 22 17
11 14 2
12 16 33
0 5 1
5 7 15
23 2 41
21 1 42
17 20 22
19 22 18
14 17 33
9 13 35
20 23 40
6 9 45
6 9 11
0 3 20
16 20 9
8 10 14
15 18 10
14 15 15
6 9 1
5 9 4
0 3 39
20 0 10
14 17 36
16 18 20
8 10 6
7 9 9
19 23 37
6 10 21
1 4 16
12 15 19
0 1 20
11 15 33
10 13 1
15 18 29
4 7 45
16 19 18
23 2 41
23 4 10
12 14 39
16 22 8
12 15 17
22 0 13
15 16 8
5 10 23
17 21 39
2 5 41
7 10 2
20 23 13
11 14 3
5 8 32
13 15 16
9 11 41
23 2 37
22 2 5
21 0 9
1 2 2
6 8 14
19 0 23
1 4 39
7 11 27
1 2 14
7 9 7
1 5 12
9 11 7
2 4 7
11 16 4
14 18 20
22 1 35
4 8 30
22 0 37
0 2 20
19 0 6
19 22 21
11 13 21
17 21 15
5 7 16
3 6 21
2 6 44
22 3 37
13 17 11
0 3 15
21 0 27
8 11 1
23 4 25
2 5 1
0 1 41
10 12 13
9 12 37
11 13 44
10 15 40
18 20 38
21 1 40
9 12 7
3 8 38
13 14 38
21 0 17
1 4 11
4 7 37
16 19 30
4 5 31
9 14 34
0 3 2
14 15 9
8 13 22
0 2 12
22 1 27
8 12 32
7 11 9
16 20 28
19 22 41
6 9 44
15 17 1
10 13 13
8 10 21
23 3 40
16 18 40
9 13 20
12 13 25
8 10 22
15 18 33
16 19 33
8 13 6
15 17 12
19 23 42
8 13 42
16 18 4
9 12 13
4 8 6
6 8 45
0 2 17
19 22 22
12 14 16
5 9 24
6 9 21
21 1 46
5 7 14
22 1 41
23 2 13
3 5 14
15 20 7
7 9 45
22 1 17
20 22 24
19 23 46
6 9 34
8 10 30
7 11 45
10 14 4
2 5 32
3 6 41
12 13 8
3 6 9
8 11 33
14 17 26
8 11 10
17 21 45
14 16 46
22 1 39
20 20 21
19 21 11
10 11 41
1 4 3
2 5 26
19 21 46
12 14 3
4 7 34
17 20 9
11 15 13
15 17 20
2 4 44
16 19 2
20 0 46
12 16 12
21 0 30
6 9 47
22 3 25
9 11 4
1 5 36
5 6 36
10 15 17
23 2 32
20 22 35
12 14 38
4 6 20
1 3 6
18 21 40
18 22 11
16 20 8
19 21 14
4 9 12
21 0 44
0 3 35
23 0 16
16 18 15
0 3 41
15 17 6
1 3 5
15 17 28
13 16 31
5 8 30
17 21 40
9 12 2
17 19 41
20 0 37
16 19 32
22 0 42
17 21 30
6 10 40
1 5 45
7 10 35
9 12 3
7 10 22
21 0 5
12 15 21
10 13 42
10 13 46
19 23 14
22 1 38
13 14 35
8 12 47
8 10 17
19 0 2
21 1 10
21 0 32
1 5 34
23 2 22
15 18 42
15 17 7
11 14 24
11 13 21
12 13 6
21 23 30
10 15 35
9 12 43
3 7 42
20 23 44
4 7 31
10 15 1
1 4 40
1 2 20
12 15 28
12 16 4
21 2 18
17 21 46
0 3 6
7 12 1
5 8 24
2 5 5
11 12 33
12 15 19
23 1 8
5 9 47
11 14 25
20 23 30
11 14 17
3 4 7
20 23 32
3 4 23
17 19 13
6 8 19
7 11 40
18 20 18
8 13 24
0 3 6
16 20 36
22 2 17
19 21 8
12 16 6
18 22 10
5 7 33
22 1 9
1 6 18
12 16 12
17 19 8
6 8 28
3 6 22
19 22 8
17 21 34
19 23 41
18 20 21
1 4 31
8 11 28
8 9 18
2 5 28
10 12 44
23 2 41
5 7 39
7 9 22
4 8 43
8 11 19
3 6 25
13 15 7
14 17 44
22 0 18
16 20 41
15 18 22
19 22 32
6 9 33
18 21 27
1 2 24
23 1 37
22 1 18
14 15 15
19 21 34
6 8 43
3 5 29
20 23 44
12 13 13
9 13 31
10 14 47
3 6 2
6 9 33
20 0 23
21 23 13
18 21 27
9 13 8
22 1 33
7 10 1
2 5 12
21 23 21
4 7 41
11 15 8
16 19 33
23 1 11
19 22 28
12 17 13
0 3 6
4 6 1
0 2 16
23 2 29
20 21 14
13 17 8
15 19 27
19 22 38
0 4 24
16 19 30
5 7 29
2 5 35
1 4 22
22 0 17
14 18 43
6 10 32
11 14 30
17 19 45
1 4 16
4 8 37
9 11 8
20 22 5
4 6 4
13 17 10
7 11 44
10 15 10
11 14 42
2 5 32
2 5 16
1 4 28
19 23 16
15 18 44
2 4 45
8 12 40
18 21 35
0 3 25
4 7 2
8 11 37
12 12 42
1 3 22
18 22 13
0 4 26
18 21 35
9 12 6
2 6 28
1 4 9
7 10 43
10 13 3
10 14 9
21 1 2
6 11 7
17 21 15
22 1 16
9 12 36
3 6 20
19 22 29
15 20 41
13 16 28
1 6 1
9 14 19
6 11 32
11 12 25
20 23 43
15 17 42
11 14 4
14 19 33
1 3 9
18 22 38
10 13 2
5 9 18
4 4 32
8 10 37
21 23 44
17 19 15
17 19 32
19 0 18
17 17 6
12 15 14
14 17 27
9 12 17
3 6 9
0 3 17
4 6 30
22 0 23
2 6 19
3 7 46
3 4 4
20 0 13
3 6 46
15 18 30
5 8 17
10 13 39
11 13 6
3 6 33
15 19 37
16 18 41
15 19 33
12 17 13
6 9 47
15 19 16
13 17 8
2 6 11
0 2 11
5 7 11
3 7 8
6 8 31
5 9 40
3 6 10
4 6 17
14 16 35
3 7 35
11 14 18
22 1 3
21 0 3
1 4 7
9 12 18
11 15 11
5 8 33
12 15 40
17 20 44
19 19 36
9 11 15
1 4 21
7 10 9
11 14 23
7 10 21
2 7 38
18 22 1
9 10 39
13 17 35
8 13 20
23 4 30
7 8 21
8 9 7
1 4 18
23 3 3
5 8 37
18 20 43
6 9 45
12 16 27
4 9 36
3 6 16
1 5 30
12 16 26
5 10 45
8 12 32
6 9 7
13 14 5
4 7 30
7 11 13
14 18 7
17 18 26
13 16 26
19 21 16
8 11 13
7 10 27
2 4 20
7 9 39
14 18 15
10 13 20
7 9 32
17 20 32
17 21 10
5 8 28
5 9 42
17 19 23
22 23 3
5 8 13
16 19 3
2 5 14
14 17 27
18 21 40
11 15 28
2 5 37
19 21 27
0 4 28
21 0 16
7 9 15
18 21 18
5 7 26
6 10 43
9 10 34
15 19 19
11 15 42
19 22 24
10 13 29
5 7 47
19 23 3
14 18 41
14 18 39
16 19 35
8 12 45
3 6 32
0 2 20
12 15 38
23 3 23
15 18 44
7 9 20
23 2 10
16 18 38
1 3 20
4 6 47
5 8 3
8 11 22
4 7 35
14 17 15
9 11 25
6 9 29
14 16 43
1 4 22
11 13 1
12 16 27
12 15 9
17 22 38
15 19 8
14 16 9
4 5 11
20 22 2
14 17 38
21 23 33
18 20 17
13 17 36
0 3 40
17 20 15
8 11 8
4 5 4
1 5 1
23 1 46
0 5 11
8 11 2
8 11 9
16 19 43
13 16 34
5 8 27
13 17 28
23 1 43
19 22 40
4 6 23
9 13 23
18 21 23
6 7 28
1 3 25
23 1 2
7 8 22
2 5 43
12 13 13
19 22 42
3 6 18
7 11 14
15 17 30
20 0 8
22 1 20
7 9 47
4 7 46
3 5 2
15 17 3
5 7 25
20 23 36
12 16 16
10 13 36
19 21 41
9 11 6
3 6 18
13 16 41
3 7 30
21 23 28
11 14 36
18 21 18
8 11 21
2 6 26
5 6 10
23 1 47
23 2 2
7 9 24
2 5 40
9 13 38
11 14 33
19 21 24
6 7 41
5 8 5
0 4 9
3 5 6
10 13 5
18 21 14
17 21 24
20 23 31
2 3 37
13 16 26
15 18 28
18 20 39
4 6 13
9 13 10
14 17 4
19 22 38
0 4 15
7 10 25
15 18 31
23 2 41
10 13 33
3 6 45
7 11 46
5 8 30
0 3 21
6 8 5
6 11 31
11 13 19
15 18 46
7 9 31
21 23 29
5 7 27
6 10 35
2 5 14
18 22 11
17 21 22
0 3 1
7 11 15
7 10 39
3 7 23
20 22 7
15 17 40
7 10 19
0 4 39
9 13 4
6 8 9
1 5 28
15 18 27
19 21 41
11 13 26
8 10 18
4 8 35
5 8 32
17 19 13
19 23 10
12 17 44
9 13 17
7 10 34
16 18 9
16 18 34
22 0 27
6 7 6
8 11 18
18 21 25
14 16 27
21 23 7
10 14 31
6 10 24
20 22 3
2 5 23
8 12 10
3 5 38
20 0 37
17 20 18
8 10 36
23 1 16
8 10 38
11 15 33
3 7 5
7 10 33
15 18 46
14 17 11
6 9 16
14 16 7
0 2 25
11 14 11
11 14 13
6 9 5
11 13 37
16 19 39
20 23 16
2 7 41
16 19 30
18 23 28
5 10 42
15 18 19
2 5 2
12 18 3
8 12 27
13 16 27
4 7 6
1 2 26
0 2 40
12 15 31
20 0 41
20 2 31
16 18 26
14 18 6
8 11 35
0 3 3
0 4 6
16 19 15
1 4 12
6 8 16
5 9 16
20 22 45
20 22 18
17 21 41
1 4 6
2 5 14
4 9 45
1 6 36
10 12 18
21 22 20
6 10 38
17 19 41
5 7 4
6 9 6
12 16 34
12 16 32
21 0 31
18 20 34
10 11 18
22 2 29
16 19 46
16 20 30
0 5 7
1 4 17
1 4 6
11 14 23
14 18 35
7 9 28
20 22 12
19 22 16
15 18 47
18 23 41
13 17 3
7 9 17
20 0 12
11 13 24
7 10 35
5 8 47
9 12 11
12 15 35
22 1 1
11 14 9
10 13 12
8 12 41
2 7 47
8 10 15
19 23 35
23 3 39
8 12 36
0 4 44
21 23 25
23 1 1
14 17 21
11 15 25
8 12 15
0 2 46
14 17 23
11 13 22
21 2 7
15 16 19
6 10 30
23 3 17
22 1 34
1 5 13
19 0 47
3 6 2
21 0 40
0 4 1
9 11 24
3 8 21
1 4 17
0 2 37
3 6 43
20 23 43
14 18 37
11 13 37
10 12 11
0 4 34
22 2 17
16 19 42
8 11 40
1 2 45
18 21 22
10 13 14
9 12 20
22 1 47
22 2 17
2 3 32
18 21 15
10 13 19
2 5 10
17 19 11
0 4 6
1 4 20
18 20 17
20 22 41
16 19 47
10 13 6
21 0 8
15 18 1
0 3 18
5 8 47
15 17 44
22 1 47
2 5 45
8 10 13
6 8 38
19 21 17
4 7 3
5 9 6
22 0 19
14 16 2
15 16 17
6 8 38
19 22 17
0 4 42
18 22 38
9 12 39
16 21 36
20 22 5
10 13 7
21 23 24
17 19 35
17 20 35
16 18 45
22 0 19
18 22 23
12 16 35
6 11 32
7 9 24
12 13 9
22 0 40
21 0 11
5 9 4
10 13 35
15 17 27
16 18 42
9 12 16
5 8 20
5 7 26
12 14 46
10 14 10
13 15 22
10 14 4
11 14 9
14 17 1
22 2 29
8 10 23
14 18 20
5 7 19
4 8 38
0 4 44
10 11 37
13 16 18
8 11 43
10 14 35
6 9 31
18 21 46
4 6 18
5 7 31
5 7 16
21 1 23
3 6 41
10 14 8
23 2 43
4 6 3
6 8 39
18 19 10
17 20 46
3 7 30
22 0 39
13 13 28
16 19 24
4 6 25
21 1 18
9 12 4
18 23 11
23 3 23
21 0 17
14 17 4
11 13 26
18 21 6
9 12 41
8 11 1
14 16 5
11 14 35
2 5 9
9 12 36
13 15 29
10 12 15
11 13 31
0 2 43
4 6 5
11 15 5
12 14 31
8 9 4
9 10 3
21 1 22
22 2 43
11 15 14
13 16 33
4 7 28
16 21 45
13 17 20
11 15 11
5 8 22
1 5 42
21 0 10
1 4 45
1 3 14
3 6 36
1 4 3
18 20 34
16 18 43
6 10 7
3 6 24
12 13 47
16 20 41
8 11 9
5 8 8
12 13 25
23 1 42
9 12 8
22 0 44
22 1 19
20 0 19
19 23 37
6 8 3
4 6 42
1 4 24
3 6 20
8 13 16
4 9 22
7 11 14
19 22 44
17 20 22
12 15 3
5 8 31
11 14 47
2 5 32
14 18 2
8 11 33
3 6 15
19 22 8
13 15 28
16 18 23
2 6 15
13 17 17
19 22 4
5 9 31
5 7 26
17 19 18
0 4 30
7 11 31
5 8 14
20 22 30
5 8 4
4 6 47
12 15 40
15 18 23
22 0 18
18 20 2
5 6 10
14 16 4
6 10 32
11 15 46
21 0 32
15 19 6
15 18 6
18 21 10
21 1 34
5 7 4
21 0 37
21 23 29
1 5 16
2 5 21
16 20 41
4 6 24
20 23 4
18 21 11
16 22 34
17 19 40
2 3 43
5 8 5
2 5 21
5 10 20
3 5 41
15 17 34
15 19 14
14 18 21
17 21 35
10 11 32
17 20 40
2 4 1
22 2 35
14 18 17
6 9 30
19 22 23
1 3 7
11 13 45
22 1 43
9 13 21
8 13 44
10 15 30
6 11 7
7 10 38
17 21 3
14 18 39
15 17 21
7 10 26
4 9 29
2 5 36
16 20 27
1 5 31
9 13 35
23 2 16
17 20 38
8 10 2
21 0 37
1 2 42
20 23 36
18 20 24
22 1 13
1 2 43
8 10 33
0 2 33
17 20 18
5 7 19
8 12 12
2 4 8
1 4 3
1 4 6
16 20 4
9 13 9
19 22 33
6 10 24
10 14 33
14 15 46
1 6 37
15 19 44
4 6 25
5 9 44
0 4 31
22 3 16
22 0 39
3 5 6
23 2 5
0 1 32
18 22 1
20 23 38
12 16 16
18 21 30
6 11 4
9 14 32
15 19 27
23 1 6
23 3 29
1 5 44
10 12 42
10 15 29
16 19 2
12 15 12
11 16 5
3 7 20
9 10 25
23 3 3
9 10 33
2 5 30
1 4 3
0 3 1
12 15 27
22 1 5
19 20 38
7 8 7
16 20 28
19 22 41
10 12 43
17 19 10
11 14 41
22 1 19
22 0 4
17 21 47
19 21 45
11 13 31
5 9 9
1 4 40
8 12 12
13 16 19
14 15 17
8 10 14
20 22 33
3 4 1
1 3 3
17 18 38
3 7 16
19 22 42
0 3 35
15 18 23
22 3 44
7 9 20
15 19 39
18 20 47
13 16 2
7 10 47
0 1 43
14 18 12
15 18 16
17 20 11
5 8 46
8 12 29
15 17 46
3 5 6
12 15 47
17 18 43
2 4 6
4 8 25
3 5 15
18 21 33
23 0 21
7 10 4
12 16 22
7 11 19
15 17 20
2 4 8
13 16 46
21 0 25
14 16 26
21 1 25
11 12 20
4 8 39
20 0 20
13 16 47
21 1 19
12 15 33
19 22 27
10 12 44
19 21 46
18 19 46
10 13 9
12 15 46
23 2 5
2 6 5
11 14 14
16 20 37
3 4 4
21 0 38
3 6 4
11 14 46
3 7 8
3 5 11
16 19 10
2 5 46
1 5 28
12 16 45
17 19 46
23 1 38
1 4 29
5 7 23
15 17 40
11 15 47
10 11 47
5 10 9
0 2 4
0 5 16
4 7 22
7 9 46
14 17 24
6 10 47
23 3 4
14 15 25
0 3 1
7 9 26
5 8 36
7 11 21
14 18 21
14 17 40
14 18 3
0 1 40
1 4 42
16 19 16
12 15 15
1 3 12
11 14 5
6 9 36
3 6 4
23 2 38
18 21 28
20 23 37
0 4 42
6 7 29
14 18 5
8 9 42
15 19 19
3 8 19
18 21 3
0 3 14
20 22 24
13 16 14
17 21 8
1 3 21
18 21 9
19 23 4
19 23 20
13 16 19
17 21 44
15 19 14
21 22 46
2 5 43
5 9 24
15 19 11
21 1 30
10 15 35
12 15 26
7 11 41
19 21 18
17 20 26
13 17 10
10 13 40
7 8 15
22 2 3
13 17 4
8 10 26
1 3 23
20 21 13
8 11 8
1 4 21
8 10 1
5 8 12
14 18 45
11 13 23
18 22 47
20 23 18
13 16 21
8 10 44
13 16 24
17 19 40
9 12 4
1 5 11
5 7 16
5 8 1
6 10 30
23 2 7
20 21 11
12 16 45
5 9 32
17 21 4
2 6 14
14 16 3
1 2 17
7 11 12
9 11 36
5 7 34
7 8 31
0 4 23
8 11 47
8 10 28
14 16 15
20 22 18
20 23 21
6 9 39
18 21 21
5 9 2
10 14 22
23 3 10
4 9 26
18 22 26
23 1 42
14 19 12
18 22 26
21 23 6
4 6 45
16 19 8
10 13 15
1 4 24
17 20 24
20 0 3
2 5 34
11 13 19
20 23 40
14 17 28
0 4 11
5 8 7
22 0 17
22 0 17
1 6 31
12 16 19
3 8 17
20 23 45
20 0 6
13 16 18
15 18 29
22 2 40
0 3 23
9 10 5
1 2 7
11 13 26
15 17 47
11 12 32
15 19 44
21 1 13
6 11 10
19 23 15
17 20 26
15 18 41
18 21 5
6 8 26
20 22 41
19 21 36
8 12 34
14 20 4
21 0 29
13 19 19
4 4 40
13 16 35
22 1 12
3 7 8
14 17 29
11 16 47
13 15 45
13 17 42
22 2 26
7 11 9
2 4 2
20 22 39
6 9 12
0 2 29
1 3 41
8 11 34
21 0 40
2 5 31
4 6 42
23 3 35
23 2 18
22 2 39
14 17 47
10 15 26
12 14 7
9 12 8
6 9 33
14 17 42
23 3 6
14 17 37
16 19 2
1 4 45
13 17 13
4 9 8
0 1 19
9 12 34
16 20 40
14 18 42
22 2 25
4 7 22
14 17 28
23 0 13
2 4 29
6 10 29
15 21 31
22 1 16
14 17 15
2 7 6
16 20 43
7 11 26
1 3 8
22 23 40
19 22 42
19 23 6
15 17 20
14 16 41
4 9 30
15 18 6
22 1 4
7 11 28
4 7 40
7 11 31
18 22 3
2 4 32
22 1 32
9 11 18
23 3 25
5 7 1
22 2 11
4 6 4
5 8 46
15 18 36
1 4 19
12 15 30
20 2 13
12 15 37
5 7 32
10 15 19
17 18 26
23 1 35
19 21 28
15 18 1
23 3 18
10 14 9
19 22 36
6 8 45
23 3 6
15 19 15
2 5 38
18 20 31
2 4 31
1 4 45
19 23 19
20 22 31
22 2 1
11 14 29
3 8 21
18 22 17
17 21 36
23 2 9
18 0 1
6 10 45
0 3 25
18 20 3
0 2 2
17 20 6
4 9 45
18 20 14
18 20 28
13 16 21
21 23 46
21 23 4
6 8 14
23 0 3
2 4 8
17 19 38
17 21 33
21 1 38
21 1 30
18 21 8
12 15 46
15 19 40
13 18 9
17 20 9
13 16 8
12 16 28
14 20 14
7 8 3
12 15 26
4 7 4
9 14 19
15 18 27
20 23 2
12 15 42
6 9 20
15 17 3
16 20 9
21 23 41
16 20 9
16 18 36
1 4 20
22 1 3
13 15 30
20 1 32
1 3 28
13 14 38
0 3 36
23 1 33
5 9 23
6 8 29
13 16 39
23 2 36
23 2 29
12 14 19
7 7 11
8 11 29
8 8 10
22 0 9
9 14 21
12 15 24
1 3 20
6 8 27
20 23 30
19 22 42
21 0 8
5 8 18
14 18 6
20 23 21
15 18 21
19 23 11
5 8 3
0 3 38
11 14 28
0 2 42
18 21 44
16 19 12
0 3 20
13 17 22
19 21 45
16 20 46
14 17 24
6 11 5
4 8 30
1 3 10
20 23 22
12 15 30
3 5 13
5 7 47
8 10 47
9 11 10
13 15 8
21 0 25
5 8 35
9 10 31
16 19 25
12 13 27
18 21 31
3 8 25
18 21 25
21 2 3
13 15 30
13 16 19
18 21 20
15 17 41
15 19 9
6 9 20
4 7 29
18 20 44
7 9 30
22 1 16
3 6 29
22 2 23
23 1 39
22 1 37
12 14 26
13 15 2
5 7 39
23 3 21
20 0 45
1 4 20
14 19 11
16 18 29
12 15 27
19 21 16
2 6 17
6 10 22
16 19 43
20 22 19
17 19 13
16 18 18
5 6 22
3 6 34
19 21 11
4 8 23
9 14 6
16 18 6
22 0 46
6 10 34
15 18 36
1 5 1
17 21 12
22 0 37
13 15 28
14 17 12
8 12 10
22 1 4
7 9 31
3 6 38
3 4 21
11 13 31
3 7 30
6 11 46
18 22 5
7 10 15
17 22 41
1 4 30
18 21 32
23 1 42
19 21 28
12 14 34
23 3 38
12 15 21
19 21 28
13 17 20
6 9 29
12 15 14
15 17 38
20 0 19
15 18 45
13 15 24
13 17 41
4 8 11
17 20 5
21 1 3
15 19 6
6 7 43
15 18 5
10 14 16
11 15 26
12 17 12
11 14 21
5 7 42
13 15 27
11 14 3
4 6 43
0 3 13
15 17 31
7 9 2
23 2 18
18 21 34
15 17 32
12 14 45
23 2 45
5 7 46
0 3 27
14 18 2
14 16 25
22 1 1
21 1 21
6 8 9
14 17 26
2 5 27
0 2 13
4 7 10
22 2 8
13 15 34
15 18 5
1 2 44
4 8 32
15 17 7
9 13 31
8 10 7
8 12 6
12 14 31
7 11 17
21 1 3
22 1 2
9 11 34
22 2 5
0 4 23
10 12 46
16 19 18
18 22 25
11 15 21
0 3 47
4 7 2
9 11 2
19 0 30
9 12 38
1 5 37
17 20 13
1 5 47
18 22 36
13 16 15
15 18 20
3 6 39
7 12 6
10 13 34
18 22 4
18 20 35
15 19 26
16 20 11
5 7 11
23 2 10
11 16 26
19 0 44
5 7 46
19 21 4
6 9 25
11 15 6
8 11 12
10 15 1
11 14 11
12 16 11
17 20 43
4 6 11
17 18 41
2 4 34
5 8 23
6 9 25
2 5 7
6 10 3
22 1 21
6 9 16
21 22 2
4 6 18
22 2 39
10 14 14
21 1 20
17 21 25
0 3 30
6 9 30
5 7 42
15 19 10
19 22 7
17 20 45
15 19 19
5 8 25
22 1 28
9 12 8
13 17 39
1 3 36
22 1 34
10 12 19
14 15 4
17 20 24
6 8 17
0 2 30
0 2 45
14 16 16
13 16 17
12 13 44
23 2 28
8 12 7
3 6 27
6 9 25
22 1 43
10 12 36
13 15 13
20 0 13
13 16 6
20 23 2
23 3 45
21 21 30
5 9 45
2 7 30
7 10 12
9 13 24
2 6 23
14 18 21
16 18 12
3 8 34
18 23 7
6 10 16
14 17 22
17 21 8
1 3 1
14 19 6
9 13 5
9 13 4
8 12 9
9 12 32
17 19 13
20 23 20
19 22 12
23 3 18
1 3 10
16 20 4
4 8 20
13 17 30
21 23 11
8 12 22
2 5 42
8 11 19
6 8 22
22 0 31
5 8 36
5 8 4
8 11 1
9 11 19
9 11 46
17 20 11
19 22 14
1 3 22
8 11 35
7 10 14
3 5 37
22 3 7
14 18 14
9 14 21
17 20 33
3 4 8
13 17 35
14 18 38
20 0 27
4 9 28
1 4 29
13 15 31
0 3 17
3 6 36
16 18 13
19 21 32
2 6 28
21 0 41
11 15 41
23 1 34
23 2 19
15 18 30
4 7 1
22 1 3
10 11 1
14 18 23
4 8 23
16 20 25
20 22 35
11 14 26
0 4 12
23 4 23
8 10 45
14 16 23
15 19 15
10 13 35
6 9 27
2 4 43
9 11 40
9 12 27
3 7 46
7 12 47
6 10 9
1 4 46
2 5 27
3 8 46
1 5 22
18 20 2
20 22 26
19 22 22
0 3 24
9 11 36
18 21 34
8 9 20
0 2 46
15 19 25
16 19 16
12 15 31
0 3 26
14 16 12
20 23 9
20 23 13
23 2 17
17 19 20
10 14 16
10 14 10
2 6 42
22 3 40
0 3 43
4 7 2
8 9 2
10 13 4
1 5 39
20 22 12
17 19 20
9 14 4
19 22 5
21 0 15
14 17 5
8 11 17
14 16 17
0 3 29
14 18 5
2 5 15
15 18 3
11 15 19
16 19 15
3 7 17
16 18 33
19 22 19
5 9 20
23 1 13
16 19 46
13 16 46
17 19 21
5 7 29
6 10 42
7 10 43
22 0 43
0 4 23
5 9 6
0 3 13
19 22 24
20 22 33
12 15 46
9 10 30
10 15 30
9 12 7
5 7 12
5 8 30
13 17 13
9 12 27
8 10 14
19 21 22
20 23 25
21 0 44
3 8 32
19 21 17
5 8 17
0 3 11
12 17 30
8 13 41
11 14 34
11 15 30
0 3 28
17 20 33
16 18 7
7 11 10
11 15 17
12 14 44
15 17 21
23 3 24
21 0 8
22 3 25
4 7 35
14 16 11
4 8 17
13 16 32
3 7 47
1 3 20
5 7 13
17 20 8
9 12 40
3 6 33
15 18 12
3 6 15
19 21 28
9 11 47
12 15 11
22 0 13
4 6 37
8 11 22
23 2 21
17 21 25
11 15 30
15 20 18
18 19 13
10 12 41
22 2 45
8 10 3
18 20 32
0 4 5
9 12 41
11 14 34
11 12 28
13 15 8
0 5 44
4 7 14
11 14 16
7 9 16
21 1 5
22 1 7
16 21 7
22 23 12
16 17 5
18 23 24
13 16 15
15 18 47
2 6 18
2 5 45
19 21 16
15 18 45
4 8 26
18 21 6
6 8 17
8 11 28
7 11 22
15 18 41
10 14 27
2 6 3
8 12 12
0 4 21
9 13 17
20 23 26
8 11 41
13 16 25
20 21 16
9 11 37
3 6 35
15 17 17
9 11 5
0 4 4
13 17 13
20 22 37
23 4 3
21 23 12
7 11 4
19 23 40
11 15 24
19 0 31
4 7 42
17 21 38
5 6 24
2 4 7
20 23 16
3 6 16
2 5 33
8 12 30
12 15 40
6 10 45
2 5 6
6 9 18
11 14 7
8 10 31
21 0 36
11 13 2
20 0 25
14 15 36
4 7 38
13 17 36
12 15 27
15 17 44
10 14 45
23 1 3
12 15 28
9 13 30
4 7 47
19 21 18
4 7 41
1 2 2
16 18 43
16 18 28
8 10 35
2 5 5
15 20 5
8 11 24
11 12 5
22 1 45
21 23 38
14 16 7
1 4 44
14 16 2
12 16 42
20 23 17
23 2 11
21 0 12
9 11 5
20 0 41
6 9 8
20 0 27
18 21 42
4 7 13
0 2 26
4 7 3
2 6 3
16 19 37
19 22 37
2 6 34
4 6 37
9 12 9
15 17 46
15 17 2
16 20 40
3 5 38
5 9 26
0 2 16
20 0 37
14 18 4
1 5 42
17 20 35
5 8 17
22 1 26
5 8 7
2 4 33
15 18 24
2 5 1
18 19 21
9 12 17
5 8 2
10 12 4
18 20 46
5 8 28
16 20 25
13 15 22
12 17 16
16 17 34
9 11 6
3 6 22
10 14 11
6 9 22
12 14 19
5 7 2
16 18 40
6 7 10
2 6 36
14 18 28
16 19 10
6 8 8
3 5 34
1 4 24
14 17 13
19 22 19
3 7 23
13 19 33
23 3 45
17 20 1
15 19 18
9 9 15
8 13 8
2 6 41
6 9 15
9 11 35
3 7 41
2 4 42
19 21 18
20 22 34
12 16 27
16 19 19
4 7 43
8 11 32
10 14 7
18 22 6
13 17 46
18 21 7
4 6 26
15 17 28
10 12 18
3 6 3
22 2 30
9 13 8
12 17 8
5 7 38
21 22 36
22 0 2
12 16 32
2 4 11
10 13 15
8 12 17
21 0 11
2 5 32
17 19 39
12 18 13
4 6 14
22 2 26
17 18 5
15 17 11
2 5 20
2 5 12
10 12 25
22 3 44
14 18 34
11 13 12
1 5 30
11 14 2
12 14 8
2 5 47
16 19 4
8 12 29
21 0 35
11 15 17
1 2 42
11 14 4
18 21 40
9 11 29
6 9 4
22 0 12
14 16 16
19 23 9
23 2 32
2 6 4
9 13 22
21 23 23
3 7 2
6 8 11
14 18 5
17 22 41
10 13 5
17 20 14
8 10 33
7 9 47
4 7 24
6 9 13
14 17 46
10 13 3
9 12 31
11 17 20
23 2 6
10 14 31
6 9 11
18 20 46
9 12 30
16 20 47
3 4 47
9 11 44
5 9 31
21 0 10
18 19 33
5 7 46
3 5 14
2 4 27
13 14 31
2 4 8
15 17 10
13 16 42
1 2 12
7 10 47
17 18 36
11 15 21
7 12 40
14 17 30
9 12 17
2 5 11
6 10 3
22 1 36
12 15 44
7 8 10
14 16 28
6 11 39
4 7 28
17 20 8
4 4 12
14 17 14
21 1 24
11 13 43
15 16 44
17 20 23
10 11 47
3 6 1
17 20 39
11 14 10
9 11 8
19 20 37
2 5 20
19 21 42
12 14 12
5 8 39
9 13 30
16 18 20
18 19 20
0 3 13
20 23 7
4 7 6
9 12 24
1 4 37
23 0 5
20 23 9
19 22 36
5 8 32
15 18 42
22 1 44
22 23 26
6 10 22
2 5 19
7 10 22
4 8 21
12 17 16
3 6 20
17 21 27
6 8 41
10 12 18
13 16 32
16 17 47
7 10 33
4 7 23
13 16 22
7 11 4
16 19 9
15 18 32
16 17 10
9 11 22
17 21 14
7 11 25
19 22 43
2 4 12
21 23 20
10 10 29
9 12 4
16 19 34
6 8 6
8 11 43
5 8 20
8 12 18
19 22 40
9 11 28
4 6 21
9 11 8
0 3 12
11 14 20
16 19 11
6 10 33
0 3 44
20 23 10
13 16 46
6 10 13
14 17 28
15 16 12
18 19 47
5 9 7
22 1 44
12 16 5
10 13 4
15 17 22
2 7 5
18 21 12
19 22 8
17 20 31
13 15 13
16 20 25
3 6 32
23 3 8
3 6 11
12 14 34
21 23 13
2 6 5
13 18 10
15 19 16
23 0 7
3 5 14
21 0 6
2 3 1
2 4 36
9 11 2
1 3 31
6 8 15
5 8 35
4 5 32
9 11 23
8 12 46
22 1 46
19 22 43
1 4 6
2 8 6
12 16 37
22 0 44
2 5 18
2 5 16
7 9 39
0 4 47
7 11 18
9 13 27
19 22 45
21 23 4
4 8 21
13 16 17
21 0 29
22 1 9
7 11 10
12 13 9
20 21 13
6 8 31
9 12 5
3 4 32
4 6 34
0 3 12
22 1 28
6 7 7
12 14 9
10 14 39
17 18 7
5 9 24
23 3 16
6 9 26
21 23 31
4 7 34
11 13 33
17 20 9
8 10 38
4 7 31
0 4 14
2 5 1
2 7 10
21 0 20
9 12 40
14 16 34
19 22 40
10 13 24
17 20 14
1 5 15
17 19 8
4 7 43
19 22 39
20 0 42
21 0 8
23 1 41
5 8 7
12 15 23
13 17 39
11 14 36
17 20 38
21 23 25
10 13 1
14 16 29
12 12 26
11 14 17
7 11 39
17 21 4
18 20 16
2 4 37
4 6 35
16 22 6
2 6 13
13 16 31
18 21 8
4 6 17
1 3 44
21 1 45
19 23 38
13 16 28
4 7 38
4 6 12
16 19 5
7 10 2
12 16 13
5 8 15
13 16 15
14 18 36
19 20 18
12 15 27
7 12 11
22 0 18
4 6 9
6 10 44
15 19 12
18 20 21
23 0 36
6 10 37
6 11 18
10 13 17
14 17 18
16 19 14
7 10 11
11 14 43
7 11 42
5 9 29
14 19 12
16 19 47
15 18 44
19 20 17
6 9 32
16 20 39
7 11 14
5 6 29
14 16 7
22 2 6
3 7 23
20 0 16
21 0 25
8 13 37
14 18 14
7 12 41
8 11 30
19 20 35
17 20 9
16 19 37
16 18 31
13 16 18
8 11 36
3 7 7
10 13 40
10 12 27
17 19 22
17 22 11
6 9 39
19 23 41
0 3 34
12 15 6
10 12 14
8 9 36
10 15 9
14 18 21
16 19 25
12 16 41
0 4 6
2 7 15
1 5 11
14 15 16
0 3 5
8 12 26
14 17 30
14 16 31
17 18 45
20 23 35
12 15 32
3 6 22
0 4 11
14 18 42
23 4 32
5 8 8
14 19 36
17 20 11
16 19 33
0 3 25
1 5 27
15 15 25
6 9 22
1 2 9
1 4 5
16 19 7
11 13 7
19 21 14
5 8 44
5 9 29
8 12 28
8 11 12
9 12 44
23 2 8
10 12 38
5 8 3
18 21 15
2 6 17
2 4 39
17 21 28
8 13 37
22 3 7
21 23 19
14 17 27
0 3 16
4 8 38
20 0 11
14 17 29
19 21 1
17 19 3
15 18 47
17 19 39
4 8 37
11 14 36
9 12 46
13 18 27
16 19 38
23 2 2
0 4 19
5 4 36
0 2 45
5 8 11
16 18 39
1 4 32
11 13 3
0 3 10
3 7 10
6 9 41
18 20 30
15 17 47
20 23 45
7 10 41
16 19 2
21 2 8
18 21 36
19 22 17
6 10 9
16 19 27
13 16 28
0 2 22
8 13 39
17 21 1
18 22 15
13 15 28
5 7 10
7 9 38
15 19 21
6 7 11
21 0 39
14 17 8
8 13 33
21 1 17
17 21 18
23 1 5
12 14 28
10 13 31
13 17 20
5 9 32
5 9 23
11 14 36
20 0 21
13 16 8
15 19 28
11 12 19
9 13 42
12 14 11
17 21 6
11 14 28
8 12 25
3 8 22
22 0 10
3 6 31
18 22 25
13 17 42
3 5 8
11 14 5
17 22 27
17 19 11
0 2 20
8 12 38
9 14 29
13 18 20
10 14 43
17 20 31
12 16 31
3 6 36
9 10 30
9 12 38
15 17 37
1 4 9
13 15 6
13 17 1
3 6 1
13 17 34
15 18 43
21 0 32
17 20 46
18 21 32
9 12 32
21 1 32
10 13 30
1 3 9
2 6 44
16 20 15
13 17 41
18 22 10
5 9 22
20 23 44
11 15 39
7 10 39
11 15 26
6 9 34
8 12 44
0 5 13
14 17 32
1 4 22
10 15 4
10 12 39
16 17 14
5 10 45
3 6 1
9 11 9
17 19 33
1 4 5
4 6 39
2 6 39
14 17 15
3 7 12
22 0 38
23 2 15
15 17 32
23 4 29
17 18 44
11 13 8
8 11 41
11 14 16
1 2 24
7 9 40
10 12 42
10 12 44
12 16 41
11 14 36
8 12 33
6 10 3
9 11 42
10 11 20
3 6 40
14 16 19
5 8 9
11 13 21
14 16 8
14 16 38
19 21 41
8 12 10
17 20 35
4 7 40
14 16 19
19 22 8
4 7 31
13 15 43
12 16 17
8 10 20
22 0 16
16 20 19
5 8 36
3 5 36
8 11 33
20 21 29
19 23 40
2 7 11
5 8 2
3 5 44
14 16 36
14 17 20
4 8 29
22 0 35
5 10 21
14 17 39
18 20 33
2 5 35
7 9 38
1 3 18
7 10 26
13 16 29
9 11 45
0 2 21
9 13 20
4 7 37
4 8 18
7 11 30
3 8 44
23 4 22
23 2 25
8 11 47
4 7 22
0 3 6
8 8 34
18 19 26
10 13 7
6 10 25
23 2 38
10 14 42
6 10 12
11 14 1
16 20 32
17 20 24
3 7 39
16 19 5
20 22 39
11 14 16
7 10 2
18 21 8
1 3 27
9 12 41
23 3 1
10 13 33
16 19 27
11 14 7
7 12 46
6 7 8
12 15 46
12 15 19
8 9 9
18 22 10
14 16 22
16 18 33
4 7 10
11 14 36
15 17 18
19 22 10
6 9 12
2 4 1
21 0 47
19 23 19
14 18 41
6 11 19
17 21 39
4 8 8
23 3 17
21 0 46
18 21 29
21 1 23
12 16 2
16 19 9
4 4 3
14 19 25
18 21 6
1 4 46
10 12 16
15 19 40
1 5 7
5 7 20
1 5 40
20 21 1
16 17 7
1 6 37
2 5 12
4 6 33
2 4 31
15 18 16
12 14 2
18 21 28
21 23 38
13 16 13
21 2 8
22 1 9
22 2 13
22 1 14
11 16 27
6 9 28
17 19 5
11 13 26
18 20 24
20 22 34
18 21 4
2 6 1
21 1 28
17 19 1
10 14 25
1 5 40
11 15 2
12 14 5
15 18 28
8 10 20
5 8 33
23 2 11
12 16 38
11 14 20
16 20 40
3 5 21
2 5 43
6 8 20
10 12 4
4 8 5
5 7 6
11 15 12
21 0 40
20 23 12
20 21 1
23 3 26
21 0 36
16 21 37
14 18 32
9 11 38
15 19 27
12 14 36
18 22 33
6 8 16
17 19 4
13 16 4
18 21 20
6 11 20
15 21 5
3 5 34
4 8 35
7 7 16
10 12 12
3 6 40
21 23 37
1 4 6
2 5 3
16 19 28
18 22 15
23 3 5
23 3 13
0 4 13
15 19 9
17 22 37
1 3 37
6 7 33
6 9 11
6 10 37
20 23 9
23 2 18
16 17 41
16 19 24
18 22 20
13 16 5
10 11 27
13 17 9
19 21 24
20 22 40
23 3 47
8 11 45
2 3 11
7 9 16
8 12 44
19 21 34
5 9 16
0 4 1
1 4 11
13 16 6
19 22 32
12 15 5
12 15 36
19 21 6
17 19 47
18 21 29
2 5 42
0 2 8
18 20 32
13 14 39
9 13 24
14 18 42
22 1 20
11 16 17
10 12 41
15 18 28
9 13 39
12 15 44
20 23 8
10 13 31
2 6 17
21 0 18
20 0 34
14 18 34
4 6 30
7 8 23
22 2 40
7 9 26
0 3 43
2 4 15
0 3 20
22 1 28
20 23 20
23 2 7
9 12 20
11 14 23
4 7 5
19 21 38
10 13 23
8 9 2
14 15 40
8 11 27
22 3 46
23 1 43
9 11 29
19 21 31
3 6 41
4 6 27
11 14 31
2 6 19
22 1 42
16 19 38
23 1 5
18 23 45
16 19 38
9 12 12
8 12 12
7 10 16
12 16 41
21 22 18
7 12 21
7 12 20
9 12 11
0 3 41
13 16 30
11 14 15
13 15 38
7 8 11
1 3 4
13 15 25
0 4 43
12 14 43
1 3 37
8 9 20
4 5 36
13 16 45
3 4 14
22 2 16
23 3 38
10 12 33
11 13 34
9 10 37
1 4 41
17 21 37
2 6 42
17 21 5
6 8 4
18 21 38
22 23 6
18 20 12
11 15 23
13 13 22
20 23 44
22 1 7
17 22 37
2 4 47
0 3 28
18 22 22
5 8 6
4 7 47
17 19 10
6 9 24
13 17 34
20 0 31
7 11 23
7 10 25
18 0 1
18 19 47
4 6 7
3 6 42
2 4 37
19 23 2
10 14 32
14 18 4
10 12 12
12 15 12
17 19 33
20 23 7
9 12 11
6 10 23
21 2 6
4 9 15
10 14 42
19 22 42
6 7 4
21 23 29
23 3 25
2 5 31
17 20 23
0 3 39
18 20 35
10 13 3
5 7 9
21 22 22
8 12 27
13 17 33
14 15 6
1 4 43
17 20 12
2 6 46
22 0 38
0 3 28
9 13 41
7 10 14
12 16 45
8 13 1
0 2 40
10 13 1
13 16 12
16 19 43
13 19 16
19 23 29
23 3 9
11 15 45
22 22 46
3 5 11
16 18 34
15 19 17
20 22 22
3 7 27
13 16 40
23 3 14
5 5 15
17 19 36
22 1 39
0 4 16
21 2 10
16 18 47
9 13 4
18 20 40
2 4 3
20 0 15
0 2 29
11 16 35
5 8 14
8 10 41
13 16 34
18 22 25
12 16 38
7 12 1
8 13 10
14 17 8
9 13 20
20 0 34
17 19 25
10 15 17
9 12 17
7 10 10
18 22 7
12 16 35
9 12 17
6 10 19
9 13 21
8 11 3
14 18 43
18 22 42
3 5 37
13 16 10
6 8 15
16 18 14
15 20 12
6 9 31
12 16 32
21 23 8
16 19 47
0 4 9
