6000 49
5 38 26 5 17 22 49 39 43 21 42 26 22 36 34 6 7 42 25 5 32 47 16 14 21 25 48 20 41 30 48 12 23 49 14 9 26 3 36 46 10 30 40 24 30 45 41 16 32 
4 6 35
4 9 2
21 23 18
4 8 31
2 3 6
6 9 25
6 8 19
12 16 5
1 4 38
3 7 36
2 5 40
13 15 45
2 5 32
3 8 21
23 3 31
21 22 41
9 10 36
18 23 6
0 2 46
19 23 44
12 16 2
17 18 48
5 8 9
19 21 47
5 10 19
17 20 11
1 5 12
1 3 15
4 6 27
3 5 3
10 12 34
6 9 33
20 0 2
4 9 38
4 8 40
16 19 10
21 22 29
11 14 49
13 15 27
18 21 20
2 4 28
1 4 3
16 19 27
2 6 10
17 20 21
2 5 16
19 0 38
17 21 5
19 23 31
11 15 32
5 7 26
11 14 3
8 11 47
9 11 47
15 18 26
2 3 47
7 11 20
17 23 35
11 15 43
0 3 27
12 15 23
5 9 30
10 12 24
12 15 38
6 11 23
20 23 33
17 20 4
21 0 4
2 7 18
16 19 27
20 22 47
13 14 32
19 21 15
9 14 22
11 14 27
10 14 35
20 23 8
1 3 24
4 6 11
10 13 9
7 11 35
4 6 20
4 5 29
9 12 47
10 11 44
20 0 44
11 15 29
12 14 36
17 20 7
6 10 27
5 9 45
0 0 13
9 11 27
13 18 48
23 4 38
18 19 4
1 5 42
3 5 42
19 21 17
3 5 22
6 10 16
6 9 33
3 6 2
1 4 5
21 23 41
14 18 47
1 4 15
1 3 37
14 18 6
4 6 10
2 4 22
13 15 7
5 7 14
23 2 1
20 0 22
12 14 29
21 23 23
10 14 38
14 17 5
16 21 35
13 15 18
1 6 39
18 22 47
1 5 32
5 9 12
19 21 2
9 12 34
20 23 6
17 20 25
12 16 40
8 11 25
3 5 45
10 12 46
6 8 28
5 9 4
12 18 34
8 9 32
0 4 17
17 22 1
19 22 9
14 18 37
19 22 30
8 12 4
22 23 45
8 11 27
17 22 13
0 3 22
12 17 28
18 21 21
20 1 3
5 8 8
0 5 19
13 17 16
13 17 23
17 21 31
22 3 42
20 0 5
14 17 39
14 18 30
6 10 31
10 16 40
0 3 1
12 14 2
17 21 40
16 21 32
19 22 41
9 12 28
5 8 48
9 12 47
5 8 38
22 1 44
22 2 3
1 5 27
7 11 18
2 5 8
0 2 35
4 8 8
22 0 14
11 13 30
21 0 4
17 18 17
14 18 15
0 3 44
21 0 41
8 14 17
0 2 28
0 3 31
9 12 19
19 20 1
14 16 17
10 12 38
13 16 4
1 6 43
9 11 11
21 1 36
19 23 7
8 10 47
17 21 3
11 12 6
4 5 38
14 18 36
3 6 25
20 23 4
13 16 28
23 1 42
9 13 7
20 22 1
7 10 11
8 10 39
3 5 39
19 22 2
13 16 45
13 18 27
8 13 44
4 6 10
5 8 35
3 7 15
6 8 14
8 12 25
14 15 41
19 23 49
7 9 46
8 11 23
4 8 26
17 20 2
8 13 43
10 12 6
19 22 21
20 22 37
20 22 6
3 6 2
20 0 23
22 23 34
1 3 28
3 5 47
8 11 47
16 19 37
18 23 23
3 6 41
1 5 4
3 5 2
1 4 23
15 17 45
0 3 2
0 3 46
5 7 33
20 23 16
13 16 29
15 19 41
12 15 4
13 16 1
3 6 41
11 14 4
11 15 8
4 5 6
9 11 45
15 17 4
13 18 31
0 1 5
19 22 35
7 12 19
15 17 5
14 16 46
7 11 5
17 21 18
12 14 27
4 8 32
0 4 3
8 9 22
15 19 26
0 3 24
4 7 26
18 22 5
20 23 24
2 4 44
7 9 46
3 5 44
1 4 6
14 18 20
2 5 19
17 19 45
13 16 15
23 1 32
2 6 48
20 22 25
14 18 45
2 4 27
6 10 38
23 2 30
14 18 6
23 2 3
11 13 4
6 10 25
5 6 14
17 19 8
4 5 13
8 11 1
18 20 24
11 14 15
15 20 46
22 3 42
8 10 23
7 10 7
5 9 20
4 7 34
5 9 49
9 12 8
0 2 45
0 3 6
23 1 43
1 2 25
18 21 45
5 9 43
5 8 37
7 12 25
13 16 10
15 18 17
13 15 48
12 15 16
6 12 28
1 2 5
21 1 33
1 5 41
8 12 45
14 17 7
4 8 40
12 14 14
7 10 41
9 11 35
1 3 26
23 2 32
7 9 36
5 8 11
4 7 47
10 11 12
11 14 6
13 15 20
10 13 3
7 10 25
10 11 14
5 9 39
8 10 45
5 7 15
7 12 36
1 3 18
19 21 4
0 2 5
3 8 17
16 20 31
21 0 18
2 5 16
1 2 42
22 0 46
22 2 14
14 16 26
8 11 24
19 22 45
16 20 30
12 14 35
14 16 36
20 22 41
4 7 8
19 22 21
13 17 4
13 17 24
19 23 21
17 20 18
6 9 7
11 15 18
22 0 16
5 8 26
13 17 14
19 23 31
4 7 27
2 3 14
12 15 4
3 6 43
0 3 33
20 21 42
22 2 28
4 5 40
16 20 37
22 0 35
19 22 20
23 3 43
15 18 9
8 13 46
1 3 19
17 20 34
0 3 2
5 8 10
11 14 35
22 1 37
10 11 13
8 12 28
20 22 46
17 20 15
18 20 21
14 16 31
23 1 37
5 9 20
3 6 36
13 16 19
15 17 29
19 23 46
1 7 11
20 23 45
12 16 19
1 4 8
6 8 41
15 19 41
16 17 42
3 6 46
4 7 23
16 19 19
19 23 23
1 4 2
14 16 27
20 23 2
6 9 41
5 8 1
6 11 7
11 13 32
19 20 7
3 7 41
10 12 42
4 8 26
3 5 39
20 23 9
19 23 21
15 18 13
19 21 49
10 11 29
14 17 37
9 11 12
17 21 44
10 12 43
21 1 21
16 18 19
9 12 14
20 0 42
6 11 35
17 20 32
8 11 40
23 4 5
4 7 38
19 20 26
12 14 5
16 19 42
18 21 33
8 11 18
4 8 8
13 15 18
2 5 47
4 7 12
0 3 45
3 7 31
17 18 22
4 7 9
3 5 33
9 11 7
19 21 48
4 8 47
19 21 45
3 7 17
21 23 11
4 7 44
18 21 29
2 5 28
13 15 36
13 16 21
13 15 34
9 14 23
6 9 7
1 4 23
17 21 19
15 16 45
4 8 31
12 15 22
23 3 38
20 21 45
8 12 44
5 8 37
2 4 16
3 5 49
6 9 47
23 3 42
0 2 35
10 13 2
1 6 48
10 15 4
19 21 4
0 3 2
6 8 7
14 17 35
18 21 39
22 1 22
0 3 39
5 8 19
1 5 4
7 10 30
6 9 38
9 12 9
10 15 21
3 8 17
17 19 24
16 20 7
23 1 28
9 12 36
14 16 37
8 11 16
13 17 2
10 12 41
10 13 45
20 22 35
21 23 7
18 20 18
21 23 30
2 7 27
4 9 23
8 13 12
12 15 13
4 8 8
4 7 20
18 22 6
18 21 7
13 15 36
14 17 1
14 16 36
13 15 18
18 21 2
2 5 41
15 17 10
19 20 6
5 7 31
11 15 10
7 10 39
3 7 24
15 18 29
17 20 3
7 11 33
3 5 5
13 15 35
4 6 46
4 7 26
6 10 41
1 4 25
9 12 30
10 12 41
20 2 33
23 3 3
7 9 47
2 4 1
15 16 1
20 22 40
12 13 13
7 9 23
6 9 31
9 13 42
19 22 31
22 2 47
19 21 36
18 21 38
3 6 10
6 11 37
13 17 15
3 5 30
20 21 6
4 7 16
3 5 15
3 6 45
11 14 49
21 1 49
6 8 46
13 16 16
0 3 22
17 21 5
7 11 18
3 6 27
16 19 10
16 20 15
8 10 9
16 20 8
8 11 26
17 20 44
13 16 34
21 1 10
16 19 40
5 7 29
17 19 40
22 0 7
11 15 14
6 10 12
3 7 12
10 13 41
17 19 38
20 23 15
4 6 38
9 13 16
8 10 10
22 23 31
0 3 10
5 8 24
10 13 13
1 6 1
14 17 44
17 19 23
18 21 8
8 10 27
23 3 3
13 16 23
16 20 33
8 9 11
22 3 27
6 9 39
19 22 37
10 14 24
8 12 1
20 23 3
9 11 27
10 12 24
19 22 38
21 0 41
11 15 21
17 20 37
20 0 21
22 3 29
9 12 18
3 6 32
22 2 41
9 11 28
19 21 45
15 20 46
23 2 13
12 14 8
4 7 29
9 12 20
8 10 7
8 11 11
2 6 13
10 13 28
23 1 36
4 7 30
2 5 26
6 10 42
17 22 38
2 3 17
3 4 48
6 10 38
22 2 6
23 2 18
5 8 27
8 11 2
23 3 10
2 6 24
11 16 15
23 2 4
6 10 36
14 17 17
7 9 44
15 18 42
12 15 19
12 15 46
6 10 19
8 12 24
11 16 29
4 6 9
6 9 31
20 23 29
11 13 42
15 17 12
13 16 20
23 1 48
7 10 48
10 13 9
12 17 14
22 23 17
6 9 49
8 10 35
21 0 24
3 4 21
9 12 25
23 3 34
23 1 8
17 21 36
4 8 40
18 20 43
17 20 44
6 9 47
8 11 21
17 20 24
14 17 16
23 2 32
3 8 12
1 4 1
7 11 43
3 7 36
9 11 49
19 21 35
15 18 1
19 22 36
19 21 23
17 19 22
22 0 25
7 10 8
20 22 14
0 3 22
2 4 12
11 13 24
14 17 13
14 18 3
11 13 33
1 5 25
17 17 46
13 15 25
14 17 32
7 11 46
13 13 13
19 20 5
3 7 39
21 1 27
20 0 39
11 17 3
16 19 15
7 10 49
16 20 39
13 17 17
6 9 43
4 7 33
1 2 42
10 12 17
0 2 5
22 0 15
9 15 40
5 8 39
15 18 13
23 1 37
8 13 18
3 6 3
6 10 49
12 15 24
0 4 8
23 2 22
12 13 7
1 3 11
13 16 13
15 18 10
21 0 33
11 15 18
1 5 40
16 18 30
20 0 2
6 11 48
4 8 43
1 4 29
2 6 26
16 19 44
4 6 40
17 20 48
15 18 29
13 17 12
7 11 16
5 6 13
17 20 15
11 15 27
23 1 23
13 15 39
13 17 25
8 11 45
18 20 1
20 23 18
0 4 41
2 5 27
10 13 29
10 14 14
13 15 31
19 22 32
6 8 18
12 16 20
11 14 46
1 3 27
14 16 2
11 14 2
5 9 12
9 10 32
21 1 43
10 14 4
7 11 22
3 5 31
16 18 3
22 0 4
20 0 14
14 16 22
9 13 39
16 19 7
6 9 25
1 4 31
12 14 14
2 3 26
3 6 41
5 8 10
3 6 8
13 17 16
21 0 25
9 14 21
2 6 47
16 20 37
0 4 8
9 12 20
18 23 2
18 20 21
6 10 29
4 8 28
17 20 31
6 8 45
0 3 32
13 18 8
11 13 41
0 3 25
6 10 3
21 2 8
14 17 42
16 18 13
19 21 10
20 23 20
4 7 7
1 6 22
18 20 21
20 22 16
23 3 41
3 5 15
10 12 42
20 0 46
15 18 7
14 17 10
0 4 37
8 12 9
19 22 7
12 15 45
14 16 22
21 1 13
9 11 42
8 9 29
11 14 49
12 15 45
15 17 14
8 12 2
1 5 42
18 21 3
22 1 49
5 8 39
14 17 4
8 10 21
3 5 37
16 20 4
2 6 17
5 9 49
17 22 38
19 22 35
0 3 40
17 19 34
1 5 39
21 0 39
18 23 43
0 2 15
17 20 25
21 0 40
21 0 38
5 9 32
3 6 8
20 0 27
18 21 43
1 3 25
23 4 39
21 1 35
16 19 3
9 12 19
6 11 33
13 15 35
15 18 26
14 16 22
20 23 17
11 14 4
17 21 10
7 9 43
13 15 15
16 20 34
23 2 1
6 12 49
7 9 37
17 20 44
11 15 19
8 10 14
20 23 25
15 18 2
16 20 7
6 9 8
3 5 39
12 14 34
4 6 15
20 21 22
6 9 30
9 11 41
3 6 36
12 15 17
14 18 23
18 21 6
9 13 8
10 12 27
9 11 8
13 14 39
10 13 31
3 7 13
0 4 45
22 2 4
13 16 14
10 14 6
16 19 34
4 5 5
7 10 27
10 11 10
11 13 40
1 3 32
6 9 4
12 14 47
23 2 25
20 0 36
12 15 49
0 2 40
20 21 12
5 7 16
20 0 34
16 20 8
9 11 43
15 18 41
7 10 39
18 22 49
0 2 43
17 19 6
23 2 4
0 2 5
6 9 12
17 19 4
12 14 41
10 12 46
13 15 34
5 10 17
20 23 38
4 7 15
0 1 24
2 4 35
14 15 43
23 2 22
0 2 40
1 5 4
13 16 11
18 21 3
3 6 5
4 8 32
5 7 5
20 22 33
8 10 45
8 11 36
18 20 43
18 22 1
2 4 32
17 18 38
6 10 36
11 13 39
10 12 18
10 14 21
8 11 10
16 20 37
12 16 30
17 20 6
6 9 31
11 14 2
18 19 31
3 5 2
2 4 47
1 3 41
2 4 22
11 15 36
20 0 18
17 19 8
6 10 23
5 7 6
14 17 3
0 1 28
0 4 46
18 22 22
6 11 21
16 19 29
19 21 33
11 13 6
17 20 30
13 16 18
22 0 25
21 0 10
7 11 10
23 1 7
5 7 18
12 15 21
15 19 11
4 7 44
23 0 27
13 15 1
12 16 11
12 15 3
12 14 14
14 18 31
10 14 46
4 8 35
5 7 43
9 12 6
8 10 1
20 23 18
13 14 22
15 17 38
0 1 40
10 12 14
21 0 48
5 8 15
9 13 20
18 22 10
12 15 26
23 4 11
6 11 27
1 5 28
23 0 27
1 5 29
0 2 4
21 23 10
7 11 18
21 22 14
10 14 23
5 8 1
14 18 11
7 9 40
14 17 32
23 4 29
21 23 43
21 0 41
2 6 13
0 2 23
8 10 22
12 14 15
20 22 13
13 15 45
13 15 37
18 20 31
23 2 10
13 17 2
1 4 34
21 0 46
15 17 14
6 9 27
15 19 23
8 10 32
3 5 27
18 20 37
1 4 40
17 20 37
2 6 26
2 5 34
15 19 10
10 12 6
4 8 44
17 20 3
14 18 41
3 5 34
14 18 40
0 3 32
5 9 7
1 3 7
8 9 31
14 16 37
6 8 28
8 12 5
18 20 44
20 23 27
15 17 7
16 20 7
15 18 8
0 3 5
9 12 32
11 14 20
19 23 6
20 23 34
1 4 39
4 7 16
21 0 8
6 10 16
3 6 47
6 11 32
6 11 41
14 17 13
22 1 22
8 9 44
1 5 47
21 23 28
20 22 36
23 2 47
6 8 48
13 16 14
15 17 36
23 2 49
14 17 24
20 21 33
3 6 37
19 23 39
5 10 21
19 22 37
22 2 37
21 0 8
13 17 25
4 6 35
17 20 41
6 8 32
9 12 48
13 15 34
3 7 38
17 20 19
5 9 3
23 1 33
15 18 46
14 17 40
13 14 19
1 4 38
1 4 31
15 18 27
12 17 47
12 14 36
11 15 35
10 16 35
20 23 11
12 16 43
20 22 21
19 22 36
7 11 48
19 23 22
3 7 39
21 23 23
2 6 20
2 7 28
7 10 19
4 8 20
4 7 37
11 13 4
2 6 3
21 1 35
11 15 32
11 13 6
13 16 47
12 16 21
23 3 8
6 8 21
9 12 3
7 8 37
18 20 36
8 11 28
12 15 46
20 0 25
22 0 27
12 14 1
3 7 5
21 0 12
0 3 22
7 10 10
19 22 14
13 16 39
19 22 30
22 23 1
16 20 39
2 4 9
18 21 35
14 17 14
9 11 27
16 18 44
3 6 17
23 5 42
23 4 36
18 19 14
10 14 23
20 22 25
9 12 8
19 21 13
13 15 15
9 12 7
3 5 48
6 9 11
4 6 21
22 2 31
19 20 49
10 12 18
3 6 49
20 22 40
12 15 19
6 8 11
9 12 34
13 16 44
16 19 6
1 4 15
9 12 22
14 18 27
9 12 14
19 22 42
9 11 24
14 16 44
7 8 47
18 22 18
17 21 34
14 17 11
16 18 12
0 3 47
16 19 17
5 8 14
11 14 25
5 9 17
9 11 26
3 6 18
0 3 6
7 10 45
6 9 21
9 10 41
7 10 20
14 19 28
21 23 47
12 14 17
15 17 48
12 15 13
9 12 10
1 5 11
14 18 30
6 10 11
21 2 29
20 22 17
10 14 6
15 17 18
4 8 40
18 23 14
14 16 18
22 23 22
7 11 1
9 12 22
16 19 45
1 6 27
10 13 39
10 12 45
12 15 29
23 2 16
22 2 13
3 4 9
12 15 23
9 10 5
12 14 1
14 16 12
7 10 30
9 12 6
15 18 35
8 12 24
14 16 34
11 12 35
2 6 28
23 2 2
17 22 14
7 11 47
13 17 38
2 6 10
14 15 30
17 19 4
12 15 41
0 4 41
16 20 37
15 18 28
7 9 45
23 0 20
10 13 48
16 19 11
6 8 37
14 18 21
3 7 9
9 12 4
17 20 21
8 12 17
9 12 43
9 13 49
5 8 44
15 19 39
2 5 27
21 2 34
17 19 38
3 7 25
10 13 47
14 18 44
17 21 25
9 12 49
15 19 17
7 10 38
10 12 39
10 12 11
15 20 4
6 9 28
7 9 24
22 23 19
11 15 26
9 11 34
2 5 33
21 2 49
15 17 15
14 19 36
5 6 44
22 3 28
7 11 21
22 0 11
9 10 46
13 14 19
21 2 46
10 12 44
7 11 40
22 1 4
16 18 42
14 16 2
10 12 16
15 18 31
6 8 11
12 15 43
6 8 47
18 21 35
12 14 6
14 19 29
8 11 36
4 7 1
0 3 26
21 23 48
21 23 7
12 15 1
1 4 48
3 7 20
7 10 30
14 16 2
13 18 10
16 19 9
22 0 31
19 22 4
20 23 30
2 6 25
8 12 31
17 19 41
17 20 48
18 23 4
15 17 3
16 18 44
5 8 14
14 18 13
13 16 38
2 7 30
13 16 36
21 0 44
19 21 34
17 19 17
5 9 27
14 16 42
20 0 32
16 18 3
6 9 43
9 14 44
18 20 10
19 22 31
4 8 43
12 14 25
18 21 38
23 3 14
12 15 14
6 9 37
18 22 22
3 6 24
21 0 7
17 21 39
17 20 40
5 8 42
6 10 46
15 19 41
18 22 36
20 21 6
7 10 2
20 22 29
0 3 7
16 20 33
5 8 4
10 12 37
6 11 3
2 6 12
1 3 21
22 0 14
6 8 4
17 20 17
0 3 8
0 2 7
4 7 16
23 2 40
17 19 39
14 16 32
5 8 13
1 5 46
11 15 23
8 10 45
2 5 37
21 0 33
6 10 13
19 0 17
10 14 19
7 9 33
14 17 31
0 2 38
23 4 24
22 1 36
3 6 45
7 8 47
10 12 15
1 5 24
2 5 13
6 9 28
16 20 49
0 2 34
18 21 39
17 20 40
23 1 26
17 20 3
15 20 26
1 4 34
23 3 10
20 0 4
19 1 5
1 6 23
8 12 14
16 19 27
18 21 46
21 23 1
19 22 21
19 21 33
0 5 11
0 5 29
12 15 16
6 8 11
14 16 41
21 1 7
9 10 35
13 17 8
9 12 27
1 4 42
21 0 45
4 6 5
2 6 39
1 5 15
2 6 40
4 7 35
22 1 26
7 11 27
17 20 11
11 12 28
18 21 36
19 21 44
15 19 29
1 4 24
4 7 32
11 15 21
10 14 44
10 13 33
20 21 24
17 20 27
6 10 18
22 1 11
17 18 5
13 17 40
7 10 3
19 23 31
2 5 41
21 1 11
1 5 29
13 15 14
4 8 40
3 6 41
14 16 41
18 20 33
15 17 32
8 12 12
3 5 25
22 0 48
23 2 46
11 12 49
22 1 7
11 12 28
9 12 24
9 13 25
20 22 16
2 4 9
22 3 28
12 13 10
15 18 15
16 19 24
22 2 45
8 10 5
14 17 2
7 10 23
18 20 26
17 21 31
1 3 19
20 1 8
11 15 22
4 5 9
19 23 20
21 23 14
16 19 44
4 8 41
23 2 25
1 5 28
16 18 23
2 3 49
10 13 16
3 6 44
18 21 33
13 17 26
9 10 36
10 12 29
20 23 21
6 10 12
9 12 48
2 3 45
3 6 37
16 18 49
1 5 22
16 19 36
23 0 9
21 1 45
17 19 14
12 15 49
2 5 12
12 17 13
23 2 44
14 18 38
14 16 38
22 1 41
3 5 14
23 1 46
20 23 45
21 23 8
4 9 12
14 17 47
4 7 6
1 4 30
17 18 32
6 9 10
1 3 8
19 22 44
17 21 14
9 11 42
4 7 24
5 9 11
2 6 39
2 6 7
8 10 25
12 15 7
17 19 43
12 16 34
19 22 40
16 17 19
8 9 46
7 11 19
4 8 21
4 6 49
14 18 42
16 19 23
6 8 49
9 10 22
5 9 28
11 14 16
12 15 36
17 19 48
22 2 13
11 14 21
18 22 20
13 16 42
9 10 25
16 19 34
5 6 25
10 13 7
11 14 7
8 11 20
4 7 7
11 14 40
18 20 29
19 22 8
23 2 39
7 12 10
4 7 38
19 20 12
18 22 23
21 1 40
15 19 6
16 17 38
6 9 31
6 7 46
19 22 25
18 20 43
20 23 40
14 17 17
23 3 33
13 16 2
22 23 49
22 0 36
23 2 26
10 12 39
14 17 34
6 9 39
17 19 23
1 5 23
5 9 27
10 13 45
15 18 49
11 14 48
7 8 37
14 16 49
13 17 6
12 15 43
22 1 37
11 16 6
2 7 28
6 9 33
4 7 19
20 22 12
18 21 20
18 22 16
3 7 7
20 22 4
5 10 19
13 17 16
6 8 19
19 23 38
23 2 32
12 14 27
13 16 30
17 21 8
14 17 13
2 5 33
21 23 26
10 13 7
6 8 32
19 21 24
20 0 2
20 1 46
14 16 47
2 3 34
10 13 47
11 13 45
15 21 45
19 22 30
11 14 31
20 23 6
21 1 22
23 1 17
2 5 38
4 6 9
1 4 41
2 5 18
17 20 48
9 11 17
23 3 48
23 1 49
13 14 2
21 1 12
0 2 9
6 9 38
15 16 10
19 21 43
8 13 12
16 20 38
5 8 41
7 11 20
10 11 28
20 22 40
1 6 20
15 17 14
14 18 22
16 20 19
3 4 25
5 9 46
3 7 31
6 9 6
9 12 36
23 2 4
11 14 39
4 7 2
10 12 3
8 9 35
19 21 39
16 20 8
5 9 2
11 13 38
4 6 11
1 3 4
15 18 6
19 23 11
12 14 22
1 3 47
13 17 28
20 22 28
0 3 13
20 0 8
20 0 26
8 11 17
2 5 22
7 11 29
22 0 14
18 22 42
0 3 23
15 17 37
11 14 24
20 0 24
17 21 37
11 14 5
6 9 37
20 1 19
21 23 40
3 7 13
16 20 26
18 23 1
20 0 43
8 10 28
16 18 38
14 19 40
2 5 14
3 6 9
21 0 5
7 10 15
0 4 23
18 22 1
9 12 17
7 10 12
13 17 16
2 5 39
4 8 1
3 7 21
6 9 21
2 2 28
6 9 12
4 6 42
6 10 17
18 21 40
19 22 25
6 10 21
19 22 40
13 17 4
1 3 16
23 1 9
3 6 17
0 4 22
10 13 12
20 0 12
12 17 31
15 17 27
13 15 42
21 1 3
20 22 30
6 10 48
5 8 14
21 0 20
9 13 10
11 14 26
11 14 7
0 3 45
13 16 49
12 16 20
7 8 48
4 4 7
1 4 41
2 5 29
11 15 11
22 2 19
15 19 29
11 11 18
4 8 29
15 20 47
12 16 43
0 1 15
9 12 5
9 12 26
17 19 44
13 15 2
16 18 36
14 17 43
14 17 29
0 3 18
3 6 40
19 22 48
12 15 30
11 14 44
1 4 32
8 12 37
22 0 15
16 20 40
20 23 30
14 18 41
18 20 38
3 6 22
16 19 28
17 19 17
1 5 39
16 18 23
3 8 45
6 8 28
11 14 38
23 3 49
10 15 39
14 17 42
15 17 47
10 12 23
18 21 33
4 8 23
22 4 49
15 18 2
11 14 48
15 18 22
23 3 29
6 9 1
13 18 32
15 16 9
23 1 4
14 17 11
11 14 20
1 4 16
5 8 36
13 16 24
18 19 1
13 16 9
16 19 5
4 7 2
15 19 10
16 20 27
12 16 3
22 23 4
2 6 6
14 17 32
23 2 24
17 20 8
1 2 21
10 13 32
20 0 13
5 8 16
23 1 41
9 13 49
22 0 28
4 5 29
11 14 22
23 2 21
9 12 10
5 8 3
19 22 28
0 3 1
22 2 29
1 4 30
3 6 20
6 8 17
21 23 2
11 14 37
21 1 45
22 2 30
7 11 5
15 19 23
22 1 45
22 23 15
14 16 5
10 11 33
10 15 3
13 17 48
13 15 17
13 15 28
17 20 34
4 8 28
19 22 33
10 11 13
23 0 8
16 17 11
17 22 14
17 21 3
3 5 24
14 17 18
12 16 10
18 22 4
13 16 38
13 16 33
8 11 32
3 5 34
5 6 32
13 16 2
8 9 1
6 7 13
11 14 23
17 20 43
23 1 29
3 7 12
22 2 22
3 8 44
9 12 35
4 7 42
1 4 46
20 23 17
13 17 23
2 4 36
6 9 40
18 20 7
8 11 21
13 17 5
22 1 17
1 4 9
7 10 12
23 1 29
17 18 41
20 23 32
18 21 15
10 14 18
1 4 7
19 22 34
11 13 20
1 3 31
8 11 24
16 19 26
8 11 12
9 12 6
16 20 33
7 10 9
2 5 49
11 15 17
4 8 25
0 2 35
17 20 26
4 5 3
3 6 42
13 16 42
21 0 29
3 7 44
13 16 6
3 5 39
4 7 2
7 10 9
15 19 22
13 16 40
14 16 14
23 3 16
1 4 35
13 14 31
21 0 38
11 15 17
4 9 20
7 12 40
17 19 12
7 8 33
13 17 26
14 16 37
21 22 29
14 17 14
23 4 40
1 3 39
12 15 12
8 10 27
6 9 30
8 11 34
20 23 43
9 12 22
11 15 34
18 22 49
11 14 11
7 10 30
19 22 43
5 9 40
6 10 28
4 7 25
22 2 7
3 7 6
8 9 37
13 15 17
21 23 1
17 19 26
14 17 43
18 20 32
20 21 24
0 3 41
16 20 22
1 6 6
11 15 24
8 12 10
21 23 35
3 8 15
10 11 2
15 17 3
13 16 18
9 10 23
1 3 21
19 22 24
10 14 16
17 18 27
13 15 30
12 16 3
22 23 45
20 0 12
13 16 7
10 11 38
16 19 16
23 2 11
21 23 44
16 19 9
2 5 49
23 1 44
10 13 42
13 15 28
21 23 36
9 12 47
2 7 19
7 9 44
12 16 38
2 5 29
1 3 28
13 16 37
22 1 4
7 10 19
2 4 8
21 1 20
18 23 25
19 22 27
1 3 36
13 15 1
16 19 34
13 17 29
13 15 37
21 1 41
10 13 18
23 1 43
19 22 26
18 22 22
2 5 28
10 14 40
22 0 49
15 18 14
1 4 26
10 13 2
21 1 4
1 3 23
12 14 21
7 9 21
18 20 36
2 6 4
18 22 31
15 18 32
0 2 32
14 17 6
14 18 45
8 10 1
12 14 2
12 15 31
16 20 21
19 21 6
13 16 31
21 0 46
15 17 47
2 4 43
21 23 4
20 0 28
15 16 15
18 21 6
18 22 10
0 3 23
15 19 31
16 19 6
13 16 25
0 3 17
16 20 32
15 17 45
17 20 33
16 19 3
19 21 21
15 19 33
23 3 3
7 9 43
9 11 10
0 2 45
5 7 36
22 1 30
4 6 43
10 14 18
6 9 18
18 19 31
16 21 16
9 11 45
12 16 12
0 4 45
4 7 33
17 19 13
3 5 6
13 17 21
11 14 39
17 17 18
5 8 23
18 21 14
23 1 44
21 1 31
0 4 18
18 21 47
23 1 46
23 3 3
21 23 33
17 20 6
20 22 27
16 18 36
20 21 45
23 1 21
18 0 18
6 10 35
18 20 41
17 19 7
21 23 24
2 6 36
15 17 26
8 12 15
12 15 17
7 9 1
20 22 45
11 15 49
4 6 46
4 9 3
20 23 15
23 1 35
12 13 14
18 20 42
14 18 33
4 5 14
4 7 34
5 8 48
9 12 34
3 6 14
19 0 48
19 0 20
9 11 20
4 7 43
5 8 20
14 19 17
1 4 2
8 11 2
2 6 5
17 20 3
23 5 25
9 12 34
17 21 49
7 8 33
12 16 37
20 0 48
9 13 31
22 1 16
20 0 19
18 21 16
10 11 15
8 11 34
20 23 15
15 18 30
11 15 38
13 16 31
21 23 28
9 12 32
8 10 5
0 2 19
1 4 43
17 20 27
17 20 2
20 23 33
5 6 10
3 6 16
21 23 35
7 10 46
20 22 35
0 3 42
17 20 26
0 2 11
9 14 2
13 15 42
6 10 49
8 12 40
11 16 5
0 3 39
1 5 47
12 15 28
19 22 49
18 23 44
21 0 49
8 11 38
1 5 36
16 20 38
23 3 22
23 1 26
9 12 49
22 1 15
17 20 48
4 7 4
14 18 45
17 19 21
8 12 37
0 3 27
4 6 2
5 9 33
12 16 17
19 20 19
7 9 35
0 3 14
13 16 2
14 20 1
0 4 7
14 18 43
20 22 40
8 13 44
6 9 21
1 4 37
1 4 46
16 18 39
18 21 1
20 23 33
18 22 45
19 21 49
16 19 37
20 0 42
0 4 11
7 11 1
2 3 3
22 3 14
14 19 17
8 10 28
16 19 11
22 0 22
3 5 34
9 13 30
7 10 32
9 12 2
10 13 7
9 12 45
8 10 31
7 11 6
18 23 46
2 5 46
23 4 49
21 0 10
19 0 6
9 12 27
1 2 31
1 5 27
21 1 24
18 20 38
17 19 21
13 17 48
15 18 44
20 23 35
6 10 23
23 1 39
15 20 43
10 12 43
9 12 24
6 8 33
13 16 40
11 14 31
7 9 8
22 1 5
13 15 5
0 3 42
3 6 45
8 11 13
2 6 31
6 10 17
6 9 27
9 13 47
5 10 22
18 21 19
6 8 15
9 12 39
13 16 28
16 17 46
10 14 44
13 17 18
19 23 21
5 8 3
16 20 28
15 18 44
13 17 13
14 17 25
15 18 6
16 20 22
14 17 19
11 14 12
5 8 14
18 22 47
19 22 43
18 22 27
6 8 21
23 2 7
5 8 13
0 1 18
7 8 8
17 19 28
16 20 24
1 5 48
16 20 39
4 8 48
5 7 6
4 6 11
0 3 34
9 12 1
1 5 17
4 7 11
4 8 25
22 3 5
8 13 24
6 9 42
13 15 44
16 18 17
9 12 26
18 20 49
22 0 30
7 9 23
17 21 16
18 21 47
16 19 37
7 11 42
4 7 5
18 21 19
21 0 45
1 4 10
19 21 19
17 20 6
23 3 4
13 16 22
22 0 7
13 17 41
13 17 10
22 1 16
22 2 26
9 12 48
16 17 13
12 13 41
23 0 15
22 1 19
6 8 29
22 0 6
18 19 9
10 12 28
16 19 42
19 22 35
20 0 34
5 8 48
12 15 26
14 16 24
12 14 30
4 6 29
15 16 47
4 7 2
20 0 42
5 7 38
4 6 6
9 12 2
17 20 27
23 3 26
18 22 29
19 22 23
7 10 45
2 6 19
21 23 44
13 18 15
20 1 16
4 6 31
1 3 19
16 18 28
1 4 9
2 6 31
18 22 11
21 23 43
11 15 33
19 22 44
5 10 35
15 21 40
16 20 47
8 11 25
23 3 46
8 11 6
2 4 45
8 11 11
0 4 44
6 9 9
4 9 15
13 15 17
14 16 7
9 11 7
12 15 13
18 21 7
11 13 21
8 11 46
3 5 20
14 16 46
13 16 9
13 16 39
19 23 48
13 16 46
12 13 21
10 15 31
8 10 12
22 3 18
8 9 15
4 6 12
4 6 33
14 16 40
11 13 41
17 20 20
0 4 46
23 3 31
10 13 39
10 12 45
4 8 13
13 17 34
19 21 8
12 15 49
6 11 25
2 6 25
19 23 41
10 12 43
18 21 22
23 2 5
23 3 42
8 12 25
18 22 11
18 20 9
22 0 20
11 14 7
18 19 28
9 10 3
4 10 38
21 23 5
10 13 29
6 10 26
20 23 29
5 9 18
3 4 33
7 10 10
6 9 48
16 20 44
8 12 16
18 21 1
12 16 39
2 6 14
20 22 14
22 2 27
3 8 27
1 4 21
17 22 36
3 6 23
15 19 42
8 10 25
18 22 19
5 9 9
20 0 23
1 4 25
7 8 48
9 12 15
23 1 9
3 7 26
2 6 15
8 11 45
20 22 3
13 14 25
23 2 14
3 7 48
5 8 22
18 21 39
4 7 30
9 12 40
19 22 22
10 14 36
11 13 40
9 13 9
8 11 36
20 0 14
20 23 39
3 6 9
6 10 37
1 3 38
12 15 16
8 11 12
2 6 36
10 12 41
14 17 9
17 19 38
23 2 4
7 9 15
2 2 36
15 19 6
15 18 38
20 1 20
0 2 41
19 23 10
7 11 33
8 10 1
15 20 3
19 22 7
4 7 14
21 23 24
21 0 2
9 10 23
20 23 35
6 10 34
18 21 16
15 19 1
23 3 19
9 10 40
7 9 1
12 14 18
2 6 29
22 1 8
12 15 1
10 12 2
16 19 36
3 6 48
21 1 25
10 13 2
12 15 43
21 1 48
3 5 6
20 23 37
22 0 32
22 0 38
4 6 33
5 8 16
16 18 19
13 16 12
21 23 28
2 6 19
1 3 45
20 23 31
13 19 6
18 23 27
6 10 3
2 4 5
9 10 13
15 17 10
18 20 34
18 20 36
21 1 30
17 19 24
12 17 23
2 4 22
20 22 48
3 6 48
8 11 37
21 2 12
11 14 22
4 8 26
7 10 41
12 15 25
23 1 18
13 16 2
2 6 17
21 0 37
18 21 22
15 20 12
9 11 48
18 21 38
5 7 48
7 10 34
15 18 32
16 19 48
19 20 4
10 14 3
6 9 40
17 20 4
1 4 10
6 9 7
18 21 22
11 13 33
11 13 43
4 6 46
19 21 27
18 20 11
9 12 27
8 10 27
22 1 5
3 5 34
0 4 15
3 6 8
12 14 47
13 18 42
14 16 38
20 23 41
0 3 16
10 12 18
15 17 41
13 16 22
14 15 33
14 18 1
23 2 28
2 5 26
3 8 8
16 19 15
21 23 16
3 6 20
9 12 15
10 15 10
17 19 26
22 1 43
3 5 25
6 10 17
15 18 22
1 5 5
6 9 35
9 12 48
11 15 11
6 7 9
0 3 25
21 0 49
8 10 14
7 9 23
2 4 49
14 17 18
7 12 47
16 19 18
5 9 27
0 3 5
9 11 49
4 5 27
4 6 6
23 1 31
5 8 4
8 12 23
16 18 5
9 12 20
0 3 8
5 6 46
0 2 43
14 17 20
12 14 23
7 11 43
14 17 41
0 2 29
11 16 7
23 2 43
17 22 42
2 4 25
17 20 40
23 3 34
4 8 31
5 8 24
7 10 22
3 7 48
8 12 12
4 6 46
19 23 25
4 6 25
16 20 46
2 6 15
19 21 44
7 11 18
16 19 30
3 7 32
15 18 38
4 8 31
10 13 10
17 23 43
20 0 22
0 3 8
17 20 22
12 13 17
16 18 45
0 3 46
0 3 14
22 1 21
15 17 35
20 0 9
20 1 20
15 18 36
8 9 15
13 17 26
1 3 45
7 9 16
1 4 34
10 14 2
19 21 11
6 8 13
8 11 27
0 4 25
3 7 23
10 13 49
14 18 49
18 21 31
18 21 39
17 21 19
19 21 7
10 13 12
9 14 17
3 6 22
0 5 30
23 2 2
21 0 29
22 1 28
14 17 23
18 20 7
23 2 44
17 20 23
23 0 24
10 13 49
9 12 41
19 21 1
18 19 22
14 17 30
5 8 5
12 14 17
21 23 33
13 16 15
20 1 36
19 22 33
8 11 19
22 3 13
12 16 43
21 0 43
19 22 7
6 9 35
15 17 7
1 2 36
19 21 38
17 18 15
8 12 23
10 12 12
1 4 32
1 4 12
5 8 36
0 2 34
15 17 27
9 12 14
9 10 22
18 20 20
23 0 43
23 3 18
8 11 19
5 8 1
13 18 45
11 14 18
3 7 6
0 4 46
7 9 37
10 13 10
5 9 29
19 22 38
2 6 40
12 16 10
2 6 26
20 23 41
21 23 43
12 14 15
22 2 16
20 22 40
14 16 3
10 11 45
0 3 31
23 2 26
3 3 23
20 0 34
1 5 43
23 2 42
11 13 33
6 8 40
7 9 7
6 9 2
18 20 13
7 9 45
1 4 5
0 2 33
22 1 25
14 17 19
23 1 5
21 0 30
23 2 43
2 4 42
3 6 32
10 12 13
13 18 10
3 6 24
12 15 26
12 16 5
20 23 44
3 5 12
12 15 31
11 16 36
10 13 40
9 11 4
15 18 24
12 14 20
16 18 23
13 16 30
17 17 42
9 11 49
14 18 5
20 23 29
6 11 35
11 15 22
10 12 13
18 22 40
18 20 15
17 20 14
1 2 9
9 9 42
7 11 42
2 4 6
20 0 48
6 9 41
0 2 19
8 12 20
22 0 44
6 9 24
17 20 6
10 13 9
10 15 36
14 18 2
8 12 11
18 20 23
12 16 14
8 11 29
3 4 11
1 4 42
18 20 28
15 18 34
18 21 31
3 6 19
22 0 43
16 19 2
6 9 36
23 2 33
22 2 2
19 21 3
12 17 20
23 2 23
22 2 4
0 5 27
23 3 30
21 0 32
14 17 6
3 5 41
6 10 12
3 6 15
15 18 37
4 6 32
1 5 34
8 12 30
18 22 45
16 19 36
23 2 24
13 16 26
13 16 16
9 13 12
10 12 10
19 0 23
8 10 11
20 1 41
17 20 1
14 17 25
2 6 33
5 9 40
12 15 6
9 11 31
7 10 46
10 12 36
1 4 28
5 6 2
10 12 12
9 12 6
6 9 39
0 2 43
5 8 11
1 2 33
4 5 15
6 9 26
1 4 39
21 0 13
17 21 4
6 11 15
2 6 40
12 14 42
17 21 42
7 11 47
22 1 12
6 9 37
11 15 3
17 21 3
19 21 14
2 5 49
14 17 23
19 22 22
7 11 18
16 19 45
20 1 15
15 19 6
21 23 24
18 22 14
22 2 12
6 7 39
23 1 28
15 18 5
5 7 25
3 5 22
3 5 42
0 4 7
4 8 49
9 12 46
19 22 49
20 23 43
13 17 8
17 19 9
5 6 9
7 8 43
11 14 27
16 20 25
14 14 22
22 0 26
16 21 3
14 17 35
10 12 21
19 22 37
16 17 8
12 13 33
12 17 20
4 5 17
0 4 32
22 1 34
9 12 1
21 0 14
11 16 21
7 10 8
23 1 10
6 9 36
4 5 32
1 4 4
13 16 32
11 15 40
1 5 4
18 21 33
23 1 25
23 2 41
16 18 33
10 16 22
5 9 18
17 20 24
4 5 9
18 22 17
3 5 34
14 18 24
2 5 28
23 1 38
1 4 13
23 3 23
8 11 23
13 15 23
21 2 44
11 14 44
8 11 13
7 12 26
17 19 23
22 1 9
7 10 15
21 0 32
23 2 38
3 4 29
8 9 20
7 10 44
21 0 37
20 23 7
12 16 43
10 14 40
21 23 8
13 17 36
2 5 42
14 17 7
6 9 10
10 11 8
12 15 4
8 12 48
9 14 38
6 9 26
12 17 16
6 9 35
8 13 7
5 7 24
4 6 17
1 5 1
5 7 48
0 5 13
22 3 16
23 2 12
2 5 40
10 14 21
23 1 14
21 0 45
6 9 18
21 0 12
0 5 48
23 2 48
15 19 33
20 21 38
4 5 33
17 20 20
0 3 24
14 18 39
19 22 21
1 4 33
0 2 4
3 6 47
10 14 3
11 12 42
0 2 18
17 20 29
14 17 30
21 22 28
3 7 30
20 22 5
20 22 49
4 9 27
6 12 13
14 16 23
6 9 42
12 15 22
0 3 31
11 13 5
13 16 25
14 17 46
5 7 18
17 19 5
12 14 46
14 18 18
14 17 14
15 20 10
10 12 9
6 8 24
0 1 39
11 15 32
10 12 18
3 5 32
13 18 42
22 1 39
22 0 33
16 18 20
8 10 27
10 14 21
12 16 5
4 6 37
9 11 22
6 10 34
15 18 49
19 21 37
16 22 28
13 14 3
15 17 24
6 8 3
22 0 14
23 2 19
16 18 15
8 13 48
22 1 27
15 15 30
12 13 23
15 20 14
11 15 32
22 1 27
18 19 24
6 8 2
10 12 2
5 8 15
17 20 26
23 3 2
20 22 26
0 5 31
19 23 44
2 5 16
2 4 12
5 10 1
18 21 24
12 15 1
2 7 20
6 8 16
9 13 9
2 5 15
17 19 9
5 8 6
17 19 23
9 13 34
21 1 1
20 0 7
18 23 15
4 7 26
12 14 20
8 13 14
12 16 12
21 0 36
2 5 29
1 6 15
4 8 6
7 9 32
17 20 23
3 8 35
6 7 31
3 6 42
1 5 28
6 9 6
7 8 9
21 23 35
1 3 41
8 10 42
1 5 19
1 4 29
6 7 49
13 15 36
19 22 33
3 8 23
6 8 42
1 4 10
15 18 6
8 11 7
0 3 45
2 5 4
16 19 3
12 14 11
12 15 2
18 21 44
19 23 18
17 19 4
17 19 26
19 22 19
13 16 28
21 1 36
15 17 30
21 23 22
8 11 40
13 16 2
10 12 45
8 12 21
22 1 38
0 2 38
21 22 12
23 1 15
23 1 3
12 13 20
13 15 3
0 3 19
6 9 24
14 17 26
2 7 21
4 9 32
19 22 34
15 19 6
14 17 26
21 23 45
11 14 7
14 15 26
14 19 28
1 7 26
21 23 36
12 14 38
3 6 9
0 4 47
22 2 30
3 6 44
17 19 12
16 20 29
10 13 45
13 15 9
14 17 40
7 9 17
15 18 21
1 6 20
3 7 44
8 9 19
4 7 8
10 10 2
5 9 31
8 13 17
20 0 27
12 14 22
4 8 45
13 15 48
16 19 44
17 20 30
20 0 33
1 4 31
10 12 6
22 1 16
4 6 1
19 23 27
21 1 11
9 12 49
16 18 12
18 21 6
4 7 13
16 20 37
11 14 2
1 6 12
7 9 44
18 19 38
7 11 11
13 15 36
23 1 47
2 7 4
22 1 25
7 11 19
2 6 8
0 4 20
2 6 44
10 14 45
12 14 40
1 4 15
5 6 30
2 6 38
14 18 48
20 22 20
4 7 25
17 20 15
23 1 41
19 22 10
8 11 12
14 18 16
6 10 27
10 13 5
13 16 13
18 18 26
20 22 20
12 14 22
19 0 6
3 6 12
21 23 6
22 3 17
6 8 37
18 21 42
13 18 5
11 14 49
17 21 3
19 22 5
1 3 38
12 14 25
2 6 28
20 22 11
18 22 21
13 16 27
10 13 41
2 5 12
22 1 9
8 10 15
0 3 22
9 13 2
14 17 27
13 15 45
15 17 13
2 5 23
5 7 13
1 4 48
0 2 32
17 20 13
2 6 34
12 14 7
9 12 15
19 23 41
7 9 46
0 5 31
18 21 35
16 17 48
21 23 11
12 15 1
7 11 11
19 22 9
12 14 27
11 14 13
14 17 18
5 8 11
1 5 32
2 5 47
5 7 21
10 13 19
20 22 38
2 5 14
20 22 23
10 14 43
5 8 39
9 12 26
21 0 10
8 10 27
22 3 20
9 12 38
11 15 37
0 3 2
6 8 47
7 10 32
3 7 39
20 0 24
21 2 40
1 3 1
1 5 46
3 6 13
23 2 6
13 15 1
13 17 3
11 15 35
10 13 14
15 17 19
19 21 44
14 18 30
6 9 30
22 1 40
3 7 35
2 5 11
1 6 37
2 5 47
9 13 5
0 2 14
10 12 49
12 12 44
1 4 9
3 8 35
8 12 34
7 11 20
9 13 2
13 18 45
16 19 13
13 15 48
18 21 14
19 22 35
19 23 18
10 12 24
4 7 24
1 4 40
0 4 15
18 21 10
3 7 40
15 18 5
9 11 6
17 20 21
12 17 39
14 18 12
12 14 15
21 0 31
13 15 27
23 3 1
4 7 14
20 0 35
19 22 48
20 21 20
20 22 37
19 23 25
7 9 49
0 4 37
2 4 32
12 14 14
5 9 3
0 3 41
3 4 10
3 5 49
0 2 38
0 3 39
20 23 32
9 13 36
13 15 14
4 6 33
1 2 39
11 13 44
21 23 9
17 21 10
14 17 37
22 0 13
0 5 28
4 7 7
12 16 11
15 18 37
2 7 48
14 20 29
19 22 28
23 3 18
8 10 37
21 0 41
4 7 6
19 22 21
23 2 7
0 1 47
2 4 4
14 16 19
1 4 40
5 9 29
5 8 10
18 22 20
1 3 46
10 12 18
14 18 13
13 17 20
5 10 28
19 22 34
21 1 3
22 1 39
1 2 44
1 3 20
20 0 12
8 13 30
17 21 47
11 14 3
7 11 21
2 6 20
13 16 46
21 1 18
22 2 18
11 13 42
6 7 26
20 23 17
18 21 16
19 21 32
14 16 1
4 9 26
18 21 3
9 13 25
1 5 41
18 23 22
19 21 39
15 17 26
14 16 36
15 16 42
11 14 49
0 2 37
7 10 3
3 7 11
1 2 44
9 13 12
17 20 26
2 6 27
15 19 22
1 4 37
7 10 49
9 11 38
21 1 26
14 16 42
10 14 1
20 22 15
13 16 20
0 3 42
5 7 46
18 21 1
3 6 10
23 2 16
13 15 39
8 11 18
10 13 7
20 22 13
6 9 43
17 20 9
18 21 26
20 0 6
5 8 20
23 2 33
13 17 6
6 9 6
1 4 39
14 17 35
12 15 14
8 10 3
22 2 41
16 19 8
4 8 30
3 6 30
5 8 45
7 9 33
17 20 48
21 23 32
16 20 2
21 0 31
12 15 11
17 19 26
20 22 43
0 3 33
19 21 45
17 22 33
20 20 42
23 1 10
2 5 40
18 22 31
8 11 39
3 5 10
14 17 29
11 15 39
20 0 8
18 22 12
7 11 18
17 20 40
23 4 30
19 21 18
14 18 25
13 16 37
17 21 5
18 22 21
20 23 21
23 2 47
2 5 32
20 23 49
5 7 46
21 23 34
1 4 22
17 20 22
1 3 42
8 12 21
21 0 2
20 0 35
8 9 6
8 11 26
6 9 3
5 7 34
11 13 8
15 17 36
12 15 6
3 7 22
1 5 26
23 2 39
8 10 38
6 8 11
13 16 4
8 12 34
17 20 13
14 17 6
10 13 46
8 12 28
12 15 44
22 0 40
18 19 38
3 5 47
19 22 17
21 23 38
12 14 36
21 23 13
4 7 27
6 10 43
7 11 4
4 8 39
19 23 44
5 9 4
16 19 16
13 17 23
23 1 41
16 20 42
13 17 42
18 21 24
16 21 2
3 5 46
9 11 4
21 1 29
9 11 35
4 7 46
12 15 37
4 8 44
1 4 16
1 3 39
0 4 44
9 13 49
21 0 41
10 13 28
9 12 48
1 3 42
10 12 44
22 0 35
23 1 20
3 6 16
1 5 7
22 2 29
3 6 11
4 7 41
13 15 3
6 8 10
5 8 17
17 20 11
17 19 39
15 20 13
16 19 13
1 3 11
3 5 2
2 4 1
19 23 12
23 3 1
10 12 20
11 14 12
13 17 22
12 16 33
18 21 23
21 1 18
9 11 36
11 13 23
2 5 46
19 21 23
8 12 10
11 13 19
19 20 4
0 4 30
1 4 40
11 14 23
12 15 45
16 19 20
8 11 30
16 19 20
15 15 34
0 3 29
14 17 29
2 4 31
16 20 2
5 8 4
2 5 33
0 1 46
11 14 21
3 7 24
13 16 7
14 16 33
11 14 23
12 17 32
17 18 16
0 3 37
19 23 31
7 10 13
3 4 2
2 6 44
13 15 5
17 19 26
14 16 41
1 3 14
2 3 18
5 9 14
4 8 4
14 17 14
9 12 48
15 18 41
1 4 49
18 22 24
22 1 10
7 10 48
23 2 12
15 17 35
18 22 21
8 10 25
17 22 32
20 0 2
14 19 2
11 13 34
20 22 45
10 12 4
5 7 4
16 20 7
9 12 31
23 1 29
0 5 32
12 14 6
0 4 15
13 16 37
23 4 6
16 21 33
13 16 6
0 1 7
15 19 42
23 2 33
11 15 34
17 20 14
16 19 38
0 3 33
19 21 18
14 17 8
3 7 28
8 9 16
19 21 7
3 7 2
10 12 29
23 3 42
4 8 2
12 15 23
17 22 44
23 4 37
8 10 41
19 20 48
2 6 49
6 9 2
23 0 33
3 7 41
11 14 31
23 2 49
15 19 12
21 23 18
11 14 17
8 9 43
8 12 3
7 10 3
10 12 37
17 20 33
10 13 17
0 3 41
18 22 21
14 17 11
15 17 28
18 22 9
13 15 41
12 14 24
22 1 37
14 17 32
13 16 49
4 6 46
5 7 43
13 15 32
13 16 26
20 23 13
22 1 43
11 15 21
6 9 43
21 23 18
0 4 24
17 20 48
16 18 12
6 8 44
7 9 5
6 9 27
23 1 24
22 1 31
1 6 38
22 2 19
2 6 41
4 7 40
10 13 14
13 18 18
21 2 23
6 7 22
6 11 13
13 14 48
9 13 36
5 8 43
20 23 3
12 14 24
17 19 4
16 19 43
11 15 15
3 7 40
18 20 16
4 7 48
16 20 26
6 7 26
8 10 25
20 22 31
2 4 11
15 17 34
9 14 43
11 14 41
12 14 41
16 19 14
10 12 24
23 3 38
11 14 25
7 11 2
15 18 4
3 6 34
8 11 37
6 7 3
20 22 40
0 2 37
16 19 14
17 20 48
8 11 14
12 15 45
1 4 15
15 19 23
9 11 35
4 9 5
5 7 21
22 3 36
8 10 29
22 0 37
12 16 7
23 1 15
11 16 4
20 23 20
13 14 9
16 20 10
11 14 3
22 2 33
23 1 42
16 19 42
23 1 30
5 10 30
17 20 7
10 14 36
7 10 16
4 7 39
3 7 5
1 1 10
20 0 24
9 14 38
22 0 3
7 11 30
15 19 47
9 12 20
0 3 11
9 12 44
5 6 20
4 7 24
19 22 29
23 3 10
19 23 6
13 16 24
5 6 44
5 11 14
13 16 10
13 16 23
14 17 2
14 18 19
4 7 44
16 20 15
15 18 15
16 22 2
15 17 18
14 17 40
3 6 31
20 23 16
17 20 32
1 6 36
6 10 18
12 15 42
15 17 15
15 18 21
7 12 6
0 3 16
13 17 28
7 9 41
23 3 15
5 7 47
6 10 35
11 15 21
6 10 45
16 19 18
8 12 22
12 14 2
1 5 34
16 18 9
2 5 27
3 5 22
18 21 27
13 16 18
17 21 49
6 9 32
5 7 9
5 8 17
15 16 3
9 11 43
2 4 31
10 12 27
18 20 45
21 23 1
5 10 8
7 11 27
7 11 4
23 0 2
7 10 20
5 7 41
7 12 18
2 5 25
23 2 22
23 2 29
12 13 39
9 15 38
9 12 40
4 7 7
19 23 4
1 4 18
9 11 7
4 7 35
19 23 43
13 17 4
3 7 41
11 13 36
2 4 1
15 19 5
11 14 31
5 8 38
5 10 40
13 17 15
0 4 31
1 4 6
17 18 5
22 1 25
2 5 9
23 1 5
5 8 41
20 1 22
23 3 44
15 15 5
2 6 20
5 6 7
6 9 45
4 8 11
6 9 16
4 7 3
22 1 14
4 8 48
16 20 1
0 4 4
3 7 10
2 6 26
5 8 39
6 9 45
20 23 17
16 19 36
5 8 19
18 21 3
12 14 46
2 5 44
9 12 22
0 3 21
0 3 12
15 20 6
16 19 5
21 1 2
9 12 41
7 9 15
11 13 14
20 20 35
3 6 7
20 22 1
16 19 49
13 16 36
9 12 23
9 11 46
23 2 8
15 18 37
10 13 41
14 16 27
22 1 11
15 18 43
6 11 35
23 1 8
11 13 37
16 20 29
17 20 13
16 20 43
20 23 25
11 15 15
18 21 13
12 17 4
9 13 6
16 18 37
22 1 15
1 4 23
20 0 29
1 4 39
21 1 21
13 17 11
14 17 48
17 20 31
6 8 45
10 14 42
10 12 27
2 7 13
14 16 41
13 14 38
23 0 45
6 10 4
0 3 2
11 12 6
8 12 14
16 17 42
16 20 22
14 16 16
20 1 34
23 3 28
21 23 15
2 7 37
11 15 15
22 1 3
16 19 46
14 15 4
2 3 4
6 8 30
21 23 4
17 20 33
22 1 27
15 17 19
21 0 35
0 2 32
14 18 2
18 20 41
0 3 18
2 5 6
14 19 30
15 18 5
13 15 31
14 16 39
6 11 15
8 9 27
16 19 46
8 10 43
22 23 23
3 8 18
21 22 38
8 10 41
16 18 16
6 9 48
4 9 7
5 7 25
8 8 1
12 15 31
19 21 15
13 16 34
7 10 12
2 4 41
6 8 24
1 5 25
7 11 18
1 4 48
17 20 24
1 5 42
18 21 39
19 22 47
15 18 46
3 8 40
7 9 18
1 3 47
17 19 28
21 0 15
9 12 29
18 22 42
1 3 34
10 16 40
5 10 14
16 19 3
19 20 21
15 16 37
16 19 10
14 18 18
16 20 44
0 4 14
16 17 19
11 14 27
13 17 1
21 23 6
11 14 31
6 7 40
20 23 32
22 0 26
7 10 16
16 19 49
3 5 39
0 3 7
13 17 13
14 18 28
4 6 18
6 7 46
17 20 49
17 20 44
7 10 32
11 14 47
14 17 33
17 18 32
7 11 34
6 8 20
2 6 39
5 6 33
13 16 37
8 12 17
13 14 38
0 6 2
10 13 31
16 18 47
22 0 35
20 22 34
18 18 3
18 21 30
18 21 47
16 21 30
17 21 8
9 12 44
0 3 6
13 17 11
0 5 47
4 6 23
2 5 5
11 15 43
6 8 5
2 5 15
0 3 11
20 22 2
3 6 26
9 10 12
5 8 10
18 20 32
8 12 15
20 22 15
8 10 39
7 10 34
23 3 44
5 9 16
15 19 44
4 7 11
14 17 4
15 16 15
7 10 30
1 5 31
21 0 42
13 15 16
17 19 20
5 10 15
2 3 49
16 17 45
7 10 30
3 7 45
1 4 33
5 9 26
10 14 22
21 0 12
1 3 39
21 23 5
2 6 36
2 5 15
14 18 17
7 9 7
1 3 27
12 14 2
22 3 7
20 23 33
11 14 2
2 6 7
17 20 24
12 14 30
7 8 1
15 17 18
10 12 35
13 14 26
15 16 25
17 19 30
3 7 9
0 2 28
21 23 13
6 9 39
20 23 43
17 20 20
8 11 29
10 14 44
5 8 48
2 6 16
6 8 28
2 5 22
4 7 18
14 18 25
17 19 25
14 16 17
18 21 43
10 15 1
3 7 46
3 5 22
16 20 31
10 15 34
11 14 40
6 9 17
9 14 4
18 0 45
20 23 35
2 4 41
17 20 1
16 18 22
11 15 10
0 3 33
0 4 5
6 9 6
22 2 48
4 5 40
4 6 39
1 4 16
4 7 23
17 20 5
11 13 38
7 10 4
16 19 12
20 23 43
12 14 22
5 8 28
9 11 47
13 14 33
12 14 3
14 18 17
17 19 20
20 22 36
1 4 48
14 17 43
16 18 8
22 1 41
3 8 3
16 19 37
3 5 10
7 9 7
19 20 35
15 19 20
21 2 20
16 19 40
12 16 21
19 23 44
20 23 1
0 1 21
0 4 8
10 13 7
23 2 21
2 5 46
20 0 13
9 11 15
16 20 46
20 22 11
17 20 24
9 11 22
19 0 12
2 5 42
23 1 26
1 4 46
4 7 45
0 2 18
2 5 37
7 10 22
20 22 42
21 0 30
22 23 17
22 1 18
23 4 17
14 17 22
18 22 46
10 13 4
1 3 38
0 3 28
10 15 42
21 0 14
2 6 48
22 2 31
17 20 26
11 14 47
14 17 6
15 18 18
11 15 31
3 6 10
15 18 13
2 5 23
1 3 24
19 22 15
4 7 44
5 9 46
19 0 14
10 13 26
18 20 32
14 17 35
10 14 45
23 1 18
17 19 42
23 3 30
15 20 46
8 11 24
6 10 43
4 6 6
19 22 46
2 6 7
17 20 1
6 7 39
22 1 48
4 7 19
6 8 33
1 4 39
9 13 31
1 3 38
21 2 12
2 4 12
6 10 10
20 23 43
6 10 8
19 21 29
0 1 46
19 21 24
4 8 44
22 2 28
19 22 14
6 8 41
13 16 39
14 16 27
3 5 24
4 6 24
10 14 22
8 10 37
20 23 11
12 16 34
10 12 12
11 15 35
14 17 2
3 5 15
1 6 43
2 4 20
8 10 33
6 9 24
15 17 29
0 3 36
12 16 19
12 15 47
19 0 27
21 23 27
21 0 9
14 17 9
22 0 7
18 21 22
20 0 36
18 0 24
16 21 7
7 8 48
7 11 9
7 11 26
23 3 14
22 1 19
20 23 49
0 2 38
6 8 25
7 10 40
10 16 32
9 13 49
2 6 9
1 6 20
8 12 13
17 20 39
6 9 13
8 11 35
11 14 39
7 11 11
14 17 48
11 14 41
7 10 39
15 18 45
5 9 26
15 18 21
17 21 32
20 23 11
12 13 42
7 10 8
11 14 33
2 5 22
23 2 11
14 16 5
1 3 16
19 23 32
17 20 31
6 9 18
5 7 6
0 3 12
11 15 14
17 19 38
17 21 29
3 6 49
11 14 20
2 5 41
11 14 20
20 22 28
23 3 25
18 19 5
8 12 9
3 6 15
20 23 20
16 21 38
1 3 20
9 13 40
2 4 34
16 17 16
19 22 15
16 19 18
20 23 6
18 22 23
16 21 28
7 11 39
3 4 11
21 1 34
0 3 4
13 16 8
20 0 36
10 13 29
15 17 11
22 1 7
6 10 12
6 10 38
2 5 25
19 23 20
2 5 27
7 13 14
8 13 26
19 21 13
20 1 10
8 12 28
3 4 47
0 4 19
0 3 44
15 18 47
15 18 4
17 19 21
2 5 45
1 2 2
7 10 31
15 19 1
22 3 21
16 18 28
4 7 4
0 3 2
7 10 41
13 16 20
8 12 41
2 5 3
16 20 48
17 22 23
3 8 7
7 10 15
3 5 45
23 2 24
5 10 8
11 13 9
15 20 12
13 14 35
3 6 16
13 15 23
11 14 38
19 23 39
15 20 5
4 8 36
0 4 10
3 5 29
4 7 12
18 22 40
5 8 10
18 21 1
16 18 8
22 2 44
1 4 20
22 1 31
7 9 33
15 17 29
19 21 29
0 4 5
19 22 31
19 0 4
0 4 21
18 20 8
13 16 4
4 6 32
9 11 28
6 9 17
15 18 2
12 15 21
2 7 42
8 11 2
7 11 17
4 7 49
20 22 3
1 4 37
2 4 29
4 7 47
6 9 20
8 10 49
15 17 15
2 6 13
17 20 16
16 18 44
18 21 24
23 2 42
16 18 14
0 4 4
21 0 26
8 12 29
22 1 33
17 20 7
1 5 10
11 14 4
0 4 21
0 3 8
6 9 17
17 19 38
2 3 47
13 17 13
8 11 24
19 22 30
0 2 29
7 10 43
11 14 35
4 5 24
2 4 9
17 20 25
17 21 21
3 8 9
14 17 34
18 20 49
2 7 9
14 18 6
14 18 34
10 13 26
9 12 43
19 23 4
19 22 25
5 9 44
5 8 41
21 23 48
11 15 20
22 1 24
1 6 1
15 18 3
1 3 4
14 17 45
3 4 42
0 5 21
12 14 26
13 14 21
0 1 30
0 2 12
13 18 29
20 23 28
14 18 12
9 13 33
6 9 5
18 22 23
1 4 34
7 10 5
13 16 40
20 23 26
16 19 7
8 10 16
11 15 1
21 0 29
2 6 22
17 22 29
16 19 18
3 7 39
17 20 28
6 8 37
22 1 7
17 19 7
15 19 19
16 18 39
22 0 30
13 16 12
0 4 41
22 0 23
22 2 28
22 1 46
2 5 14
2 7 3
3 6 41
4 6 14
22 2 13
8 11 12
7 8 7
4 9 41
6 10 38
8 12 20
4 8 7
6 8 32
1 5 15
7 10 48
19 21 23
13 17 23
2 7 20
7 10 35
16 20 23
9 11 46
6 10 9
8 12 27
22 1 27
7 10 48
0 5 7
22 1 46
13 16 22
17 20 13
14 17 10
22 2 37
0 4 9
10 14 26
12 15 11
8 11 20
18 20 30
23 3 27
13 16 49
12 15 14
23 3 25
23 3 10
13 18 1
11 15 41
7 8 14
12 14 13
5 9 23
1 4 10
17 19 32
13 15 8
0 3 46
15 17 10
3 6 1
5 9 13
6 10 22
2 4 31
9 12 32
18 23 19
13 15 2
20 23 4
16 18 39
11 15 14
15 16 8
12 14 30
23 1 39
5 7 45
3 6 38
20 22 27
13 17 12
15 17 16
21 0 15
16 18 32
8 11 28
22 1 48
21 23 17
7 9 38
11 14 11
23 3 18
4 7 30
4 5 33
6 8 3
21 1 12
21 0 38
11 15 7
6 10 46
6 9 9
2 6 37
6 8 48
9 11 30
19 21 17
14 17 3
3 5 20
3 7 13
15 17 44
7 10 7
15 19 29
13 16 7
14 18 11
10 11 32
15 19 48
18 21 32
10 13 42
18 0 7
8 12 6
9 12 33
18 21 28
22 2 10
5 8 33
20 23 35
22 3 24
2 6 31
6 10 46
11 12 21
23 1 33
21 23 49
1 4 11
16 18 42
5 8 38
13 16 31
1 4 47
0 4 21
13 17 41
8 10 6
19 0 37
7 9 9
17 20 40
17 19 39
18 20 33
3 4 33
14 16 49
5 8 48
18 21 31
20 23 29
4 7 49
22 0 1
2 4 37
5 7 23
3 6 38
11 15 20
5 9 25
18 21 3
1 3 11
9 13 25
19 22 9
10 13 36
1 4 34
22 0 3
4 8 28
13 17 27
4 6 45
13 15 19
5 8 1
23 2 5
1 5 19
7 11 18
10 12 21
22 2 7
19 23 29
12 14 17
7 11 33
13 15 4
5 7 4
1 2 48
2 6 40
4 8 49
11 14 25
16 17 36
17 19 13
4 6 43
4 7 1
23 1 11
11 14 14
17 20 12
14 16 9
21 2 42
15 18 34
13 16 24
0 3 15
3 6 16
18 21 21
4 6 16
1 5 38
11 14 21
21 23 15
10 13 36
0 4 16
21 0 26
2 6 21
23 0 23
14 15 17
1 4 1
14 17 15
14 18 48
5 7 19
10 15 30
20 0 2
19 22 35
1 3 1
4 8 39
20 21 17
6 8 32
14 17 29
22 0 7
23 1 45
23 1 44
19 22 12
15 20 24
8 11 15
2 3 12
3 7 23
3 7 8
23 2 19
16 18 24
15 18 43
7 10 37
9 12 42
17 18 29
17 20 22
22 1 11
0 5 40
14 17 22
3 7 21
18 22 42
0 3 4
16 19 43
14 17 5
17 19 11
0 3 27
9 13 41
5 11 13
1 5 34
2 5 32
18 22 42
19 21 11
4 8 14
9 13 21
0 1 18
18 22 8
12 15 36
22 2 40
12 13 46
21 0 39
1 3 45
22 0 16
22 1 19
13 13 45
4 6 42
2 4 4
6 10 28
13 16 49
6 9 28
17 19 12
19 23 33
10 14 14
6 9 11
9 12 1
1 3 24
2 6 8
18 22 40
18 20 28
22 1 1
19 22 8
1 4 19
1 3 28
11 11 26
15 18 23
22 1 3
7 9 17
22 0 41
17 21 15
10 13 11
13 18 7
5 10 28
10 10 16
2 5 13
13 15 38
13 16 33
7 9 22
18 22 14
16 21 12
4 7 26
6 9 27
12 14 14
2 4 17
6 10 18
17 19 43
19 23 34
7 10 7
13 15 21
14 17 33
4 6 44
15 16 49
1 4 19
16 20 44
19 21 31
0 4 15
21 1 33
6 8 48
15 18 6
19 23 18
19 21 46
20 23 46
2 5 23
2 4 34
6 6 44
19 20 49
11 13 13
19 20 35
20 0 5
11 13 33
12 15 38
3 7 36
23 2 5
15 18 39
16 19 10
17 21 1
2 3 3
0 4 12
16 19 36
1 4 30
23 4 5
19 21 16
7 11 6
1 3 24
13 18 39
9 11 38
15 20 45
19 21 24
18 21 36
8 11 22
16 19 30
5 7 16
5 6 26
1 3 32
10 12 5
21 0 40
21 1 22
12 15 31
5 8 44
9 12 22
7 10 39
4 5 16
13 16 33
6 11 5
2 6 46
1 3 8
18 21 38
5 7 43
7 11 5
6 9 33
3 7 27
10 12 26
8 11 9
20 23 14
1 3 34
11 14 37
20 22 41
16 19 24
13 15 1
2 6 26
1 4 19
13 15 36
2 6 46
14 17 11
3 5 49
2 4 49
9 10 8
12 16 23
9 13 46
2 7 20
14 16 3
12 17 38
17 20 8
17 21 14
0 3 22
4 7 18
8 11 17
12 15 47
2 4 30
20 23 20
1 6 12
10 14 31
13 14 39
23 2 16
5 7 47
0 5 29
17 21 5
1 3 25
16 19 2
21 23 17
4 6 42
9 14 38
21 1 46
19 22 9
21 1 46
8 9 40
4 8 46
13 16 35
18 20 41
15 17 10
5 7 44
13 16 44
12 16 22
2 6 41
13 14 17
13 15 45
19 23 38
0 2 29
4 7 43
23 3 22
0 4 20
20 22 17
0 4 36
13 16 11
23 0 42
22 2 5
0 5 33
10 13 7
10 13 45
8 11 10
13 16 26
17 20 41
23 2 2
0 3 6
12 15 28
13 17 3
22 2 15
2 7 15
10 13 42
18 22 9
11 14 3
0 3 28
7 11 17
14 19 35
23 2 38
10 14 36
15 18 40
8 10 7
13 17 10
13 16 25
17 20 33
9 11 35
21 22 42
15 19 22
13 15 37
10 14 28
0 3 17
18 21 27
8 10 18
9 11 33
19 22 49
21 0 14
5 9 23
4 7 18
21 1 34
5 9 16
11 14 40
17 22 28
3 7 4
13 16 48
0 2 49
1 4 10
14 18 44
6 10 40
17 19 35
0 4 18
0 4 21
23 0 23
10 14 10
0 3 44
15 18 1
14 17 28
13 15 30
17 20 21
14 17 6
1 5 4
3 7 28
6 9 42
11 13 32
2 3 36
15 19 6
13 17 30
20 22 47
2 4 18
21 22 41
23 4 39
0 4 30
19 22 41
0 4 18
23 2 5
3 6 18
19 21 30
14 18 11
19 0 17
7 10 41
13 15 8
6 7 22
11 15 5
6 10 48
21 2 21
1 3 38
18 21 17
6 9 1
15 18 23
2 4 47
4 6 8
9 12 15
12 13 22
19 23 19
7 12 28
0 2 27
6 8 38
3 6 22
20 23 23
14 16 14
1 3 49
9 12 9
13 16 45
7 10 37
23 2 43
13 17 8
0 3 35
17 21 23
13 14 30
7 9 2
11 14 35
13 17 44
4 7 47
11 13 43
15 18 25
12 16 12
2 5 39
20 0 22
15 18 26
10 13 25
4 9 23
2 4 23
7 10 35
13 15 46
0 2 45
17 21 15
18 21 28
5 9 8
18 23 37
14 15 23
8 11 24
7 10 12
8 11 4
6 10 7
18 20 19
8 12 21
2 5 13
13 15 23
12 17 6
8 11 1
8 10 4
7 12 40
10 14 4
10 12 29
11 13 17
5 7 12
15 19 40
22 0 26
20 23 1
2 3 24
15 18 44
17 21 33
5 7 42
9 10 48
23 0 2
10 14 32
16 19 9
15 19 13
9 12 16
8 12 36
13 15 25
4 7 37
2 6 34
5 6 8
7 10 19
22 2 22
23 3 13
9 12 10
22 2 44
12 14 35
9 12 39
4 7 44
12 16 18
12 14 45
18 19 40
11 15 1
5 9 24
7 10 38
3 7 37
0 2 6
2 3 15
16 18 38
12 15 9
19 21 9
2 4 39
23 2 27
22 2 24
22 2 35
18 19 18
19 21 47
22 0 3
18 21 16
23 2 17
18 20 5
17 19 8
22 23 4
4 8 27
22 1 29
11 13 1
0 3 42
5 7 41
15 16 39
10 14 43
15 19 10
19 21 41
5 8 24
1 2 3
22 0 22
14 18 12
18 21 33
12 15 40
0 4 2
20 22 46
10 14 12
2 4 20
14 17 4
16 17 6
15 17 18
3 5 14
4 6 36
0 2 36
6 8 3
20 0 44
2 5 1
0 3 37
20 0 11
14 20 42
12 15 22
13 16 24
20 22 14
22 1 33
8 10 32
2 5 1
20 22 42
14 18 3
19 23 35
4 8 46
0 3 31
12 15 25
19 22 34
1 4 33
1 4 2
8 10 25
1 3 9
17 19 21
5 7 6
5 8 28
11 13 9
19 22 21
8 11 3
21 0 2
20 23 18
20 23 42
19 21 7
18 19 22
5 7 14
23 4 14
3 7 27
11 15 35
14 18 11
15 19 6
22 0 23
1 2 9
21 22 38
22 0 33
6 8 10
19 22 8
23 2 33
20 0 47
10 12 33
5 10 41
3 7 39
15 18 28
17 20 30
11 14 25
17 21 6
8 11 1
15 17 26
6 9 5
1 4 16
15 18 37
15 18 21
9 10 10
19 23 39
22 0 24
13 16 46
20 23 1
13 16 7
12 15 25
14 18 34
5 8 23
9 12 39
7 9 44
19 23 17
12 15 27
9 12 47
19 21 9
10 14 44
20 23 4
4 7 32
20 0 47
22 2 5
14 18 2
0 1 9
6 10 43
10 11 36
5 8 18
21 0 3
11 13 41
3 6 39
8 14 46
19 21 44
23 3 16
15 17 6
5 7 35
2 6 49
0 3 30
3 6 22
13 15 39
22 2 12
13 15 23
13 17 13
2 7 43
18 19 17
7 11 10
1 5 46
14 18 27
23 4 1
4 8 42
9 12 19
15 17 1
13 16 10
15 17 6
16 18 15
3 6 20
10 13 14
7 10 16
4 8 33
4 6 35
6 11 40
22 2 37
14 18 6
21 1 37
8 11 10
23 2 12
13 17 13
7 9 6
19 22 39
19 22 10
23 1 13
3 6 40
12 14 10
21 1 32
1 5 35
17 20 44
9 12 11
4 6 3
6 8 23
16 21 19
16 19 11
19 22 5
19 20 21
5 7 3
1 4 27
14 17 3
19 22 5
18 21 39
11 13 5
5 8 11
20 23 45
16 16 7
1 4 10
8 11 2
16 20 14
23 2 37
13 16 36
12 15 49
3 6 11
14 16 42
21 23 33
11 14 38
17 20 23
11 15 16
10 14 15
4 7 44
8 12 33
7 11 14
1 5 13
12 16 23
5 9 20
12 13 37
17 20 13
22 2 17
10 15 13
15 16 20
6 11 3
16 19 9
8 9 34
4 7 12
6 9 3
14 17 25
21 23 34
9 12 8
22 2 4
7 10 1
23 0 46
22 23 16
22 2 36
5 8 48
23 3 33
19 21 35
3 7 8
16 18 26
6 7 38
3 5 29
18 21 29
1 4 31
23 2 21
19 23 33
23 2 46
6 10 48
17 20 15
22 0 17
15 19 15
16 19 41
8 11 39
19 20 13
19 21 16
18 21 21
23 2 32
17 22 1
14 17 5
0 3 48
14 16 47
13 16 26
8 12 27
22 1 45
23 1 40
19 21 28
10 13 8
17 19 1
12 17 6
22 2 7
9 13 5
18 22 20
6 10 8
23 2 19
19 21 46
20 0 9
4 7 30
15 20 13
15 17 27
22 1 32
0 3 11
7 9 39
6 7 36
11 12 38
6 9 47
18 22 5
10 12 8
23 2 16
23 1 7
1 3 15
11 15 2
0 3 46
4 7 16
15 18 6
3 6 16
22 2 45
0 2 47
16 18 18
6 9 7
15 18 5
6 8 32
7 10 47
3 7 28
16 19 24
23 5 9
21 0 46
21 1 29
18 20 4
3 6 28
20 23 28
23 3 32
20 0 19
14 18 24
4 8 20
19 22 23
13 16 33
2 4 18
19 23 39
22 1 47
15 17 46
1 3 31
9 11 37
17 22 48
19 22 46
18 20 22
18 18 26
13 16 26
9 11 42
1 4 8
21 22 10
20 0 27
9 12 48
6 8 41
5 8 24
10 12 18
17 20 11
2 5 34
9 12 18
15 21 39
10 13 18
19 22 39
17 19 34
10 14 7
2 5 14
10 13 41
21 0 25
6 11 2
6 9 34
23 2 39
22 0 8
16 20 12
15 17 22
8 10 4
1 3 16
1 3 37
17 19 34
3 7 25
12 16 9
4 5 20
18 22 31
16 17 46
21 23 34
5 11 26
2 5 42
22 1 2
1 5 23
12 17 31
11 14 29
23 1 17
4 8 24
8 9 33
17 22 11
9 13 12
17 18 31
14 18 23
20 23 12
0 2 31
11 14 10
7 11 27
0 4 43
5 8 46
18 20 6
5 6 7
7 10 33
4 7 39
5 10 36
10 12 36
23 2 16
7 9 12
17 20 38
2 5 22
8 13 4
1 3 22
1 4 8
11 14 19
9 13 19
9 12 8
12 14 27
15 18 27
10 12 26
11 14 8
7 9 23
2 3 5
21 1 34
10 13 23
9 11 29
5 10 1
23 2 14
13 15 29
2 6 21
11 15 34
1 6 44
2 6 38
2 5 44
0 3 14
5 10 3
23 2 29
7 10 23
14 15 18
18 21 34
0 4 25
0 2 21
9 12 46
8 11 10
2 8 35
7 10 20
21 23 26
1 4 24
15 19 30
21 0 1
15 17 1
13 18 9
17 21 33
16 19 11
14 16 8
17 19 12
19 21 35
13 17 34
10 12 23
11 13 43
9 13 45
18 20 34
18 18 17
10 13 12
10 13 26
0 3 27
6 10 35
13 14 28
0 4 49
2 5 17
19 22 14
2 4 3
14 17 48
10 12 28
13 17 35
12 16 3
16 18 48
3 8 13
14 17 5
2 5 47
22 1 29
11 17 26
23 2 7
5 8 41
20 0 44
13 18 34
1 3 44
17 20 27
21 23 29
22 0 23
9 12 22
23 2 19
18 22 25
16 20 8
21 22 23
7 10 12
23 2 5
5 8 44
8 10 21
14 18 38
7 11 2
7 9 41
10 11 49
8 10 23
10 13 40
16 19 31
1 2 1
4 5 37
4 8 25
11 14 45
10 13 24
12 16 38
1 6 45
15 18 30
2 4 43
23 1 48
2 5 24
20 22 15
11 14 38
16 19 25
21 1 41
12 14 41
16 19 18
22 1 29
16 20 8
18 23 42
22 0 49
8 11 37
16 19 4
21 2 22
8 12 1
11 16 26
13 18 6
8 12 31
7 9 20
23 2 6
2 4 45
14 18 14
9 12 8
23 4 23
7 10 44
1 5 20
3 8 30
10 11 15
20 0 28
20 22 44
15 20 19
4 8 37
13 16 47
15 18 21
11 15 45
7 10 38
11 15 21
15 18 32
14 18 10
14 17 18
12 15 45
10 12 32
16 19 37
2 5 43
16 20 27
3 7 24
19 0 32
1 4 37
23 3 37
12 15 23
20 1 40
17 21 42
5 7 14
19 23 21
20 22 18
23 2 13
3 8 18
11 13 34
14 17 34
13 18 22
8 12 8
3 6 29
17 20 39
15 18 5
12 16 23
7 10 45
0 3 41
18 23 24
16 19 20
6 10 24
23 2 34
8 12 45
22 0 28
19 21 8
10 14 17
3 5 24
9 13 49
8 10 35
6 8 48
15 16 19
14 17 9
13 16 34
19 21 44
10 14 19
22 1 9
14 17 23
14 17 3
23 3 49
13 18 25
9 12 24
16 21 1
22 0 42
18 22 10
22 2 5
18 21 45
19 20 17
0 4 43
1 4 20
23 3 22
9 11 13
11 15 23
4 8 26
5 7 44
11 14 43
23 2 34
23 2 46
22 2 29
3 6 23
6 8 20
0 3 16
23 2 26
7 10 18
11 14 3
9 12 33
2 4 36
13 16 7
19 22 39
16 17 25
12 14 35
20 23 49
19 20 9
21 0 21
11 13 27
23 1 17
3 5 14
19 21 10
7 11 7
15 17 43
1 4 35
16 19 6
17 20 32
8 11 14
21 1 13
6 9 34
16 19 34
10 13 36
9 11 46
17 19 15
15 18 14
18 21 26
10 14 1
18 22 49
8 13 4
22 1 47
3 6 48
21 0 15
20 23 32
7 11 23
23 2 26
2 6 6
16 18 35
14 17 21
5 8 11
16 20 49
17 21 7
20 0 13
23 3 43
14 17 26
12 15 29
11 14 14
2 5 47
19 23 24
16 18 25
18 21 41
21 0 47
18 20 16
17 20 49
6 8 3
15 18 34
11 14 1
17 20 6
12 14 12
16 19 12
14 16 15
17 20 10
12 14 12
0 3 4
17 20 26
1 3 36
3 7 9
2 6 1
15 19 36
21 1 21
3 5 22
6 8 37
2 4 28
23 2 47
20 22 22
4 7 29
1 4 10
5 8 10
4 7 44
16 19 1
17 22 36
0 3 4
11 13 27
10 12 34
13 16 13
15 18 4
7 9 25
16 20 43
8 12 29
16 19 35
23 0 6
19 23 19
2 5 44
9 12 38
8 9 1
1 5 14
16 18 21
1 4 6
23 0 49
3 7 41
15 17 48
9 11 49
21 1 8
21 1 48
15 18 42
1 5 28
18 22 16
20 23 21
9 13 18
1 5 34
20 23 24
15 19 13
19 21 40
23 2 47
8 10 9
18 21 13
20 0 48
13 16 15
10 11 6
8 13 1
10 11 18
5 10 7
15 19 26
11 14 24
9 13 49
16 18 1
9 13 42
18 21 34
4 8 15
17 20 43
22 1 47
18 0 7
2 5 19
2 4 30
18 21 35
20 23 16
3 5 46
13 15 9
3 8 17
18 22 36
1 5 23
16 18 15
9 12 36
10 13 26
3 4 27
19 20 3
16 20 44
10 13 2
8 9 34
19 23 49
14 18 6
6 8 1
13 17 35
2 4 46
0 3 39
15 19 41
21 0 42
11 14 14
10 13 46
11 14 8
3 5 30
0 3 25
10 14 44
10 13 1
13 16 33
21 1 18
19 22 7
0 3 41
12 15 44
12 15 38
13 16 20
6 8 25
6 10 49
11 16 8
1 4 36
14 16 13
19 21 39
21 1 34
22 1 15
5 6 33
9 12 15
19 23 21
15 19 14
0 3 8
7 10 37
19 22 23
9 12 37
8 12 4
11 14 14
2 4 9
13 16 15
0 2 12
3 6 4
14 17 26
17 21 4
1 4 46
5 8 19
16 16 14
23 3 48
1 4 47
8 10 12
18 21 25
23 4 39
8 11 23
14 16 36
19 23 17
18 20 12
8 9 33
6 8 1
20 23 10
19 22 7
10 14 21
19 22 6
20 0 20
23 0 4
21 2 24
4 6 31
16 19 32
20 22 45
7 9 25
10 15 41
9 14 16
12 15 36
3 6 15
9 13 13
4 6 44
10 12 36
22 0 10
23 2 35
12 14 32
15 18 26
7 10 13
15 18 36
13 17 16
1 5 47
12 16 26
15 17 26
1 4 37
14 16 1
21 0 23
14 17 33
21 1 34
11 14 20
17 20 31
7 10 28
21 23 25
8 12 10
1 5 39
16 18 28
5 8 6
16 20 26
19 21 22
18 21 40
1 4 7
17 20 47
10 12 39
17 19 44
5 7 49
20 1 24
15 19 6
6 11 10
9 11 17
12 14 7
8 13 39
