6000 46
1 18 40 35 6 3 1 43 7 20 10 6 38 29 6 19 10 15 29 17 1 15 22 3 35 46 13 36 45 10 2 4 15 27 32 42 15 20 17 17 25 14 5 22 16 27 
4 8 21
8 11 16
1 5 30
23 2 33
21 0 18
3 5 11
11 13 14
19 22 40
17 20 30
4 7 36
16 21 4
1 5 4
9 11 24
9 12 45
5 7 1
11 13 1
1 4 22
17 19 15
6 8 10
17 21 11
23 2 28
2 6 14
0 2 3
5 7 20
3 5 32
14 17 42
6 10 27
14 17 36
14 15 6
4 8 37
8 11 36
16 20 27
7 10 46
19 23 8
23 4 27
18 21 46
10 13 2
19 0 6
9 11 35
20 23 39
3 5 21
10 13 21
11 15 31
21 22 10
13 15 2
9 11 37
2 6 30
5 7 42
4 7 11
10 13 6
10 13 31
3 7 46
3 5 24
9 11 33
14 17 41
8 10 29
6 9 42
21 23 14
3 4 6
20 21 18
10 13 41
12 15 39
21 23 8
1 3 37
17 19 20
0 2 41
11 13 35
1 3 29
21 23 3
14 16 29
4 7 11
15 18 2
12 16 30
3 6 17
12 14 37
0 1 25
17 20 9
21 1 44
7 9 7
14 18 13
7 8 11
16 18 30
23 4 24
8 10 9
12 15 22
19 23 18
18 22 43
21 22 46
3 7 11
17 20 17
7 10 9
7 9 22
18 21 27
7 10 39
1 4 6
9 13 39
2 6 26
19 22 12
1 4 45
12 14 2
1 3 8
1 3 31
7 11 32
22 1 7
23 2 29
22 1 8
3 6 13
10 14 33
11 13 8
5 8 39
3 5 33
3 7 13
12 16 38
21 0 17
16 19 44
3 6 20
10 13 20
12 16 37
11 14 46
17 19 45
0 2 20
17 20 39
19 20 8
7 9 22
23 3 2
2 6 30
8 11 6
15 18 12
16 21 13
20 23 18
7 11 44
14 16 1
21 0 10
12 16 5
12 14 18
12 15 32
9 11 32
23 1 39
3 7 22
13 15 4
6 8 44
10 14 42
3 6 8
16 18 35
23 2 21
11 13 39
19 22 2
16 20 44
20 0 41
5 8 25
11 14 3
3 6 23
19 21 18
12 16 32
9 12 8
20 22 11
13 16 7
23 0 40
9 12 21
4 7 4
19 19 44
13 17 1
11 15 18
23 2 23
3 5 32
7 11 13
15 18 14
15 18 1
20 22 32
8 10 11
19 21 6
8 11 26
8 11 19
22 1 33
15 19 43
16 19 30
18 21 16
11 15 21
2 3 12
3 5 33
1 3 15
4 7 17
9 11 7
21 0 5
14 18 15
1 4 45
9 11 21
20 0 38
20 23 18
6 9 17
0 2 32
1 3 15
13 16 10
22 3 46
8 11 27
3 7 18
16 19 35
10 14 46
17 19 44
6 10 20
19 22 30
23 0 25
23 1 41
23 1 27
20 22 8
22 1 39
23 0 31
13 16 32
14 14 34
17 20 42
16 18 11
19 0 43
19 23 29
23 3 8
23 2 28
23 3 6
2 4 8
21 0 11
9 12 22
4 5 27
1 5 23
21 23 25
1 5 3
9 12 24
11 13 25
14 17 19
22 1 14
21 0 22
0 3 14
21 22 23
3 7 44
15 17 6
19 23 46
13 16 27
2 5 36
9 12 31
5 7 46
17 21 23
20 21 20
2 6 38
19 0 31
19 23 38
3 7 5
17 20 22
1 3 21
21 1 35
12 15 31
4 7 11
17 21 22
10 14 33
0 3 12
19 21 34
0 3 20
0 4 20
8 11 27
8 11 15
23 3 18
13 15 19
0 3 3
7 9 20
9 12 2
13 16 9
21 23 36
10 14 36
23 3 25
17 19 24
18 22 38
7 11 4
5 8 37
9 12 29
21 23 36
13 16 40
23 2 39
12 15 20
15 17 4
4 8 30
20 22 41
17 18 18
11 14 7
19 20 24
8 10 41
7 9 19
7 10 28
21 0 23
11 16 8
10 14 30
5 7 36
15 19 7
1 4 9
4 8 10
22 3 21
17 22 46
19 23 34
0 2 26
3 4 4
5 6 3
21 0 8
17 19 14
20 0 42
23 2 43
3 6 25
2 7 2
3 5 5
23 1 33
9 14 14
14 16 7
18 22 35
9 12 25
18 22 13
3 5 33
18 20 18
14 19 27
15 18 31
21 2 3
21 23 10
10 12 28
2 3 20
20 1 30
16 20 15
13 15 14
13 17 30
1 4 12
2 6 15
8 11 28
6 7 4
4 7 44
15 17 39
12 14 39
2 5 30
1 2 28
23 1 41
2 6 14
13 16 46
11 13 25
7 11 18
4 7 34
17 22 34
11 16 11
13 17 7
10 11 11
12 16 9
12 16 34
16 19 21
22 1 21
1 4 31
11 13 17
21 0 17
22 3 40
9 12 28
20 23 46
20 0 6
4 8 9
23 3 44
3 5 11
8 12 10
1 3 3
6 10 27
2 4 18
3 6 8
10 13 32
21 1 41
21 1 23
13 19 39
8 12 25
12 15 18
4 6 21
2 6 36
8 11 41
18 21 26
4 8 37
4 8 45
2 6 2
19 23 4
10 14 6
22 0 27
12 16 21
15 18 9
23 1 35
5 8 43
2 4 42
4 6 16
10 12 4
12 13 8
2 6 38
0 3 13
8 11 37
12 15 2
4 6 18
17 20 31
1 2 30
1 5 25
2 5 25
0 2 42
5 7 39
15 19 7
10 15 10
6 9 5
22 1 43
20 1 7
14 16 32
20 22 46
23 0 11
12 15 22
18 22 24
10 13 33
14 16 3
9 12 37
21 22 34
6 9 8
12 12 20
6 9 44
9 11 29
17 19 6
0 3 31
13 16 10
2 7 13
21 23 16
15 18 39
12 15 30
17 20 9
3 5 15
14 16 33
1 2 44
4 7 18
15 18 39
3 6 12
14 18 45
6 10 32
17 20 14
18 22 12
20 23 21
19 22 26
23 2 10
23 2 17
5 8 6
16 20 10
4 8 39
3 8 38
2 5 5
2 6 3
0 4 10
18 20 45
23 3 29
21 1 31
18 21 38
4 7 32
4 9 41
18 20 22
14 17 33
10 13 4
10 12 43
12 15 24
0 4 27
16 19 10
7 10 44
11 15 2
6 9 29
21 0 29
16 18 16
3 7 35
17 19 45
19 22 15
23 3 33
3 6 10
0 3 20
12 15 31
4 7 7
12 14 39
2 5 19
2 3 14
3 6 21
22 2 18
23 3 3
9 12 35
12 17 24
23 3 12
15 20 13
13 16 9
11 16 44
18 22 27
4 6 36
23 2 30
1 2 12
8 10 11
19 22 7
22 2 28
16 20 21
12 15 10
3 8 17
14 16 14
20 23 5
12 16 34
11 14 19
3 6 44
22 2 32
18 21 30
9 13 31
20 22 32
8 12 16
5 9 42
10 14 34
21 2 21
9 12 24
10 13 3
8 12 44
22 0 15
14 17 2
4 7 30
5 9 2
16 18 35
18 19 29
7 10 41
9 12 38
23 1 1
14 17 24
20 0 25
14 18 2
14 14 27
18 20 44
5 8 3
3 5 26
5 7 2
6 10 37
4 7 41
10 14 32
16 17 5
12 15 30
5 9 39
21 0 24
10 12 4
9 14 26
13 16 35
7 11 13
12 14 5
16 18 44
15 17 6
21 0 27
4 7 13
9 13 26
16 21 17
2 5 12
12 15 19
19 22 5
17 19 1
23 1 9
13 16 10
3 7 1
0 4 25
13 17 39
21 23 37
10 14 36
2 5 46
3 4 33
0 3 42
13 16 27
4 7 5
15 17 15
7 11 12
16 21 17
7 11 28
22 0 21
21 1 45
11 12 34
19 1 6
3 5 4
7 11 17
22 0 18
2 4 11
2 6 26
9 11 2
19 21 35
1 5 31
3 7 16
11 14 22
2 5 32
14 17 24
15 19 36
9 13 2
11 13 29
1 3 11
13 16 42
11 14 42
11 16 36
11 13 34
12 14 4
21 0 46
4 7 39
21 0 18
10 14 44
7 11 36
17 21 31
10 14 40
14 16 2
6 9 7
11 14 3
5 7 19
17 19 40
13 17 11
2 4 45
21 0 14
2 6 22
14 17 13
17 19 4
23 0 40
4 5 11
8 11 21
0 4 30
14 17 39
23 2 46
23 1 17
21 0 25
4 8 22
1 3 34
23 2 39
3 7 17
0 3 14
12 16 10
10 13 37
15 18 21
8 10 17
15 17 42
9 10 1
13 17 16
0 4 32
1 5 7
14 17 31
17 19 14
7 9 10
0 2 25
15 18 4
6 10 18
0 4 27
22 1 14
23 2 20
7 11 20
13 15 12
10 13 42
18 20 12
16 21 45
16 19 36
23 3 15
12 16 44
22 2 46
21 1 27
21 3 40
20 22 31
19 22 33
22 1 14
17 20 36
6 8 42
12 15 38
15 18 12
6 10 5
10 14 2
13 16 18
19 23 35
5 8 16
0 3 46
12 15 40
4 6 14
2 5 43
14 17 26
8 12 2
0 2 17
9 11 22
10 15 14
3 5 10
17 18 14
14 16 34
16 20 14
23 3 8
7 8 34
12 15 33
21 23 40
16 19 20
23 1 33
2 4 3
13 17 9
21 23 10
13 15 1
5 7 4
9 11 4
12 16 8
17 21 27
14 17 33
22 1 6
4 8 31
7 10 18
14 18 46
7 10 7
7 12 40
0 2 24
19 21 38
13 17 22
18 20 21
8 11 9
20 20 46
1 4 6
21 0 1
8 10 41
19 21 14
0 2 42
19 21 13
11 13 22
0 1 44
14 17 22
19 23 33
14 18 21
12 15 11
6 9 19
7 10 22
19 0 44
2 4 35
18 20 15
19 23 31
14 17 23
21 0 22
2 5 21
4 8 25
2 4 46
7 9 8
23 2 3
8 11 44
18 20 46
12 16 26
13 17 28
9 10 28
10 13 26
4 8 10
9 11 36
6 8 45
14 17 23
2 6 19
11 13 43
21 23 40
22 1 34
5 8 34
5 8 13
8 11 28
16 19 21
15 18 14
3 6 38
15 17 33
3 6 29
3 5 39
12 14 2
19 22 33
21 23 30
19 1 20
23 1 17
21 23 10
15 18 21
20 23 35
1 4 31
2 6 13
19 23 20
1 3 40
3 6 13
6 11 12
3 5 31
9 11 8
3 5 40
12 14 33
13 15 33
2 6 27
19 22 35
22 1 5
16 19 34
20 23 8
5 7 43
5 8 35
22 0 16
1 5 14
6 10 9
3 6 3
12 14 24
12 15 46
15 16 37
0 1 29
1 4 30
18 21 33
8 12 30
19 22 40
9 11 31
16 19 16
10 13 13
14 17 25
9 12 36
1 7 26
3 7 20
5 8 6
8 12 18
15 18 7
8 11 19
18 20 38
8 13 12
16 21 22
22 1 39
5 7 35
4 8 36
10 13 4
7 9 25
5 9 2
21 0 24
12 16 3
3 7 10
8 11 21
17 21 17
18 21 19
0 3 26
9 13 37
8 11 24
15 18 24
15 19 24
8 12 1
17 19 25
3 7 36
22 1 30
7 10 21
4 7 15
12 16 24
6 11 28
21 1 41
8 11 45
3 4 37
17 20 30
20 22 5
9 12 27
12 14 45
1 5 6
0 3 43
7 11 26
11 14 30
9 13 23
3 7 1
11 14 46
22 2 33
20 22 27
8 11 21
15 19 25
9 14 38
2 5 11
23 1 9
19 22 5
3 5 37
15 18 8
21 0 44
11 13 29
10 14 32
19 21 11
19 21 13
4 7 33
15 18 15
20 22 21
0 3 6
12 15 18
5 9 35
17 21 8
1 3 6
15 18 6
2 7 26
5 8 2
15 18 7
18 19 33
19 21 46
19 22 6
10 13 23
18 23 30
7 11 41
19 22 22
19 22 3
16 20 28
6 11 31
15 18 21
9 12 42
11 14 10
22 1 10
13 16 5
8 13 2
6 11 8
7 8 35
21 22 39
18 22 1
7 11 22
4 8 21
21 0 41
19 23 23
9 13 17
16 19 26
11 14 31
9 13 44
12 15 7
16 18 21
7 11 1
13 15 32
12 13 12
4 9 4
13 17 4
17 18 12
0 3 39
3 7 1
14 17 21
18 20 23
5 8 10
6 9 46
22 0 26
22 2 32
15 19 9
4 7 28
0 4 27
9 12 6
7 12 9
8 12 30
15 17 36
1 4 22
7 10 43
17 21 44
7 11 22
2 5 1
9 13 34
20 23 16
3 6 28
23 3 8
4 7 33
1 4 35
23 1 2
10 13 31
4 7 43
17 19 8
16 18 5
15 19 43
15 17 14
14 17 38
4 7 15
14 17 29
17 17 1
1 3 24
4 7 14
10 13 13
19 23 25
13 16 9
0 3 35
10 13 11
5 8 5
15 18 26
12 16 3
8 10 3
22 0 30
14 17 30
23 2 39
14 16 33
16 18 30
9 13 7
3 7 16
21 23 31
2 5 28
12 14 29
12 14 16
15 18 22
22 3 20
10 13 5
8 11 1
2 5 28
6 10 26
17 19 1
13 15 27
12 15 29
22 2 34
11 16 35
21 1 10
21 1 3
16 19 45
17 20 34
18 20 4
16 19 11
1 4 9
19 23 5
18 22 18
9 12 25
13 17 9
6 9 36
11 11 2
10 13 13
10 11 2
15 18 45
4 8 43
14 19 13
1 4 41
10 15 9
9 12 32
2 5 1
5 7 45
19 23 5
23 3 2
20 21 2
11 16 38
22 0 26
12 16 28
13 16 7
12 15 32
7 9 45
8 8 17
17 21 25
18 22 46
12 16 42
16 19 5
19 23 30
10 12 30
22 1 32
17 20 29
6 8 39
1 5 29
22 1 7
22 2 15
8 10 46
6 10 2
21 1 4
16 20 5
3 8 1
22 1 12
19 23 3
10 11 34
13 16 4
3 7 45
16 18 36
16 20 9
10 13 16
10 14 44
7 10 15
19 22 31
12 15 8
19 22 26
10 14 10
4 8 39
12 16 13
14 17 17
7 10 24
5 11 21
19 0 29
19 21 14
22 2 17
15 18 19
20 1 16
1 4 32
12 16 20
0 4 46
7 10 31
20 23 9
7 9 11
14 16 26
1 4 28
0 3 8
11 14 44
6 7 44
5 9 7
8 11 4
17 21 15
20 22 34
11 14 37
23 0 5
7 8 17
0 3 41
4 7 46
23 3 13
10 13 16
14 18 27
6 10 46
17 18 46
12 14 12
10 13 39
4 6 31
12 15 40
7 9 14
0 4 12
22 2 17
3 6 45
4 6 37
7 11 4
5 8 26
15 17 27
13 17 40
21 1 21
11 13 24
4 7 34
6 11 40
3 6 4
5 8 23
15 18 2
14 16 8
5 8 20
8 10 17
23 3 1
17 20 17
3 6 41
13 16 3
21 0 3
7 8 19
1 5 28
12 15 26
14 18 9
3 6 28
20 22 45
18 20 32
12 17 35
20 21 13
12 17 35
3 5 3
11 15 31
18 22 20
7 9 39
15 18 22
4 6 1
3 6 46
21 0 40
13 16 46
15 18 4
10 12 20
12 16 11
15 18 26
0 3 35
1 4 44
10 13 19
11 12 5
6 9 19
5 9 21
22 0 39
6 10 40
3 5 39
6 9 3
23 1 21
2 4 4
15 18 13
6 9 7
14 18 13
2 4 43
10 13 33
2 5 38
5 7 26
7 10 37
0 3 5
6 9 30
15 17 29
14 17 23
6 9 6
15 19 15
7 10 44
17 21 2
10 12 7
3 6 30
22 1 46
19 22 11
18 21 24
1 4 4
16 19 5
10 12 34
17 22 21
0 3 41
21 0 13
12 16 15
18 19 14
11 16 29
21 23 6
3 5 26
0 3 28
9 11 39
20 0 37
21 22 7
1 3 9
0 5 42
0 3 45
10 13 38
6 10 13
20 0 16
11 13 5
14 17 36
20 0 40
8 11 18
16 18 25
19 23 46
22 2 44
2 6 37
4 7 35
18 20 16
15 19 18
21 23 8
6 8 1
3 6 10
9 11 22
8 12 2
9 11 46
18 20 35
8 9 11
19 20 43
23 1 28
4 7 7
15 20 21
11 14 21
13 17 30
13 17 4
5 8 18
8 12 4
9 12 6
21 1 20
15 20 14
23 3 42
18 22 37
12 15 13
0 2 23
19 22 25
15 18 25
2 6 4
0 3 35
15 17 20
10 14 13
15 20 3
9 11 37
0 3 5
22 1 15
10 13 34
3 5 27
19 22 2
7 9 5
2 6 1
18 21 17
20 23 44
15 18 31
2 5 14
22 1 37
0 1 8
19 22 45
5 7 23
0 4 18
17 19 23
9 12 2
11 14 23
17 21 32
6 11 13
20 23 9
13 16 21
3 5 8
0 4 35
23 2 16
3 6 24
3 7 2
17 20 7
7 11 44
22 1 40
13 17 33
6 10 27
20 23 9
5 8 27
3 7 1
12 16 39
1 3 35
11 14 2
16 19 38
17 20 20
7 9 45
3 5 21
16 21 39
12 15 38
0 4 41
8 11 8
10 14 43
0 3 40
5 8 24
0 4 7
10 14 12
18 22 45
13 17 18
5 9 11
14 18 14
9 12 11
19 23 20
14 17 9
12 16 44
17 21 12
21 0 9
6 10 19
6 8 7
2 4 30
12 14 15
16 19 3
23 2 30
8 10 36
7 11 4
12 15 30
7 10 38
8 11 5
10 12 12
20 22 43
15 21 1
17 20 20
0 4 7
11 15 45
5 9 34
12 15 2
18 19 38
1 4 28
20 0 5
16 19 32
6 8 40
9 10 7
15 16 3
10 11 17
23 2 2
18 20 12
13 16 26
5 8 6
4 5 19
15 17 24
18 22 12
7 12 36
15 18 31
19 22 40
16 19 16
6 9 30
12 15 41
20 22 29
7 11 12
23 3 19
22 2 25
11 13 30
3 5 26
8 14 36
9 12 6
17 20 2
10 15 10
4 8 17
0 4 28
17 20 33
4 7 46
19 23 27
12 15 9
15 19 46
20 23 36
20 23 44
18 21 27
8 9 31
19 23 34
16 19 17
11 14 25
4 8 1
18 20 30
13 16 31
19 22 15
12 16 36
17 20 8
8 12 32
17 21 3
8 12 1
23 2 40
7 11 7
16 17 6
17 20 18
7 9 28
0 5 17
12 15 17
18 20 9
18 21 17
6 11 40
20 1 15
21 1 9
8 12 44
12 17 1
4 7 19
23 2 9
11 16 31
16 21 42
21 0 38
12 16 43
4 7 22
5 9 1
23 2 17
8 11 19
17 21 32
10 14 31
17 18 41
19 21 22
4 8 36
22 0 1
15 19 39
10 14 45
4 8 12
21 1 36
3 7 18
3 6 23
15 18 13
6 10 33
5 6 30
14 17 36
17 20 1
8 11 16
12 13 26
7 9 4
19 22 1
5 9 43
14 16 1
12 15 27
5 9 20
6 8 9
22 1 9
16 21 29
14 16 15
16 18 26
7 9 23
15 18 6
23 3 11
1 3 35
3 8 1
10 13 43
13 16 40
19 22 11
12 16 43
12 15 24
10 14 13
19 22 32
4 8 42
21 23 36
7 10 9
7 10 8
22 1 23
20 1 16
15 18 44
6 9 21
1 3 16
2 5 5
6 9 4
0 4 28
21 0 43
11 13 13
13 15 14
23 3 1
4 6 10
20 22 10
10 12 29
6 8 44
16 17 23
0 4 30
6 9 13
15 17 35
12 17 38
20 0 2
8 12 9
0 3 12
2 6 36
0 2 16
4 6 38
23 1 18
2 4 35
13 17 22
11 14 37
19 21 44
15 18 24
9 12 30
0 2 26
14 16 24
2 4 2
9 14 13
22 3 34
18 21 28
6 8 19
12 14 8
22 2 18
4 8 30
15 19 17
0 4 19
21 0 4
9 12 30
7 11 30
16 19 24
7 10 40
16 17 42
7 10 7
6 9 27
3 5 40
2 6 9
16 18 28
12 15 34
19 22 27
9 12 7
16 20 39
1 3 15
1 5 17
14 17 9
10 13 30
22 0 34
17 20 32
4 6 35
22 23 7
10 13 41
1 6 32
7 8 16
16 20 27
9 12 9
6 9 32
5 7 16
8 12 33
14 16 7
11 13 45
6 8 45
10 14 10
3 5 28
4 8 46
3 6 44
20 22 10
2 5 31
6 10 30
16 18 4
8 12 32
20 23 13
17 19 45
14 17 18
16 19 11
10 13 43
11 16 15
16 20 42
17 19 6
18 21 25
16 20 45
10 13 35
11 14 33
15 15 42
17 19 36
13 17 37
11 15 6
7 11 17
11 15 43
18 21 43
1 5 29
8 13 34
3 4 21
10 12 3
14 18 13
17 19 42
6 9 36
3 6 29
18 21 43
12 15 44
16 20 12
7 10 20
10 12 6
3 5 9
23 4 38
11 15 12
14 18 18
16 19 9
2 6 26
12 13 15
5 8 45
19 22 40
0 4 12
9 12 38
1 3 39
23 2 44
2 6 6
18 20 21
10 15 29
18 20 1
12 12 8
16 19 43
15 19 36
5 8 45
21 22 31
17 20 11
12 15 9
10 11 9
22 2 45
0 4 12
9 13 24
2 5 15
12 15 32
6 9 4
3 7 23
8 10 45
8 10 24
17 19 36
16 19 22
1 2 26
17 20 26
19 23 23
21 1 45
8 11 34
20 23 34
2 4 44
20 22 42
22 2 5
17 21 39
2 6 1
12 15 7
23 1 29
12 15 32
20 23 28
18 20 2
19 23 18
4 7 29
15 18 33
1 4 22
10 13 3
22 2 7
23 3 10
0 3 13
7 10 8
0 4 26
11 15 25
11 13 32
10 13 2
23 1 9
3 5 14
22 1 11
4 6 8
23 3 37
5 9 11
8 12 2
8 9 19
14 16 31
5 8 33
5 8 18
8 9 32
14 15 33
15 18 30
0 2 20
14 17 18
5 8 41
11 15 46
18 20 35
5 8 24
15 18 25
0 3 32
1 3 15
13 15 15
8 12 35
11 15 16
13 16 3
4 7 1
22 1 39
4 5 20
13 16 31
2 5 20
5 10 45
0 4 24
21 0 15
18 20 16
0 3 43
12 14 29
0 2 18
6 8 18
11 16 7
10 13 39
7 10 5
14 16 17
15 18 6
11 14 39
0 3 30
7 10 30
19 23 32
15 19 19
6 9 28
19 22 13
19 21 4
1 3 27
6 10 41
17 20 10
22 2 18
9 11 42
13 16 21
1 4 44
23 3 10
10 14 10
14 17 38
22 4 18
9 11 31
22 1 1
23 2 40
18 19 15
3 4 19
12 14 16
3 5 23
22 1 45
5 7 40
9 11 24
18 22 5
22 1 27
3 5 16
16 21 6
6 9 43
21 0 18
23 2 35
22 1 27
7 10 26
5 8 11
7 10 35
11 15 7
18 21 44
16 19 14
17 19 33
15 19 5
18 21 36
11 17 12
15 19 10
1 6 6
23 2 29
21 0 27
13 17 42
16 18 15
6 9 38
19 0 41
17 20 5
22 23 17
14 17 16
11 13 42
5 9 23
13 15 28
18 23 10
14 20 33
2 6 42
4 7 32
18 22 38
2 5 43
0 6 29
18 22 44
18 23 23
10 10 6
14 17 26
22 1 33
23 2 20
7 11 5
8 14 19
21 23 26
13 16 7
11 15 24
23 1 42
14 17 46
5 7 26
10 12 18
0 2 33
6 9 38
7 9 33
15 17 43
4 8 20
12 15 38
0 1 39
5 8 35
17 21 46
20 1 9
4 7 11
16 20 14
20 23 15
7 9 44
23 0 37
17 21 21
18 22 11
14 17 14
23 2 3
22 0 34
1 4 36
0 3 12
23 3 44
12 14 34
16 20 27
0 3 11
11 12 45
12 15 10
17 20 26
15 18 43
8 11 42
0 3 34
6 8 25
19 22 8
20 22 35
18 20 12
17 19 14
20 0 3
14 18 35
13 17 39
20 21 14
20 0 40
16 19 22
13 17 32
1 4 10
7 11 12
22 1 7
9 11 44
14 16 45
13 16 43
20 0 1
16 19 37
7 10 40
7 10 19
0 3 26
13 15 22
22 1 42
11 14 18
4 7 15
18 21 25
11 13 26
13 15 16
15 18 37
11 13 46
19 22 15
3 4 24
2 5 37
19 22 8
6 9 34
16 19 9
7 9 19
5 7 31
17 20 8
15 18 8
3 6 1
2 4 23
22 1 34
18 19 3
5 6 37
9 13 6
20 1 36
22 1 4
5 8 30
3 6 13
9 13 45
6 12 31
7 9 29
18 22 2
10 13 45
0 3 42
6 9 18
22 23 23
0 3 20
12 16 19
7 11 8
12 14 18
11 16 41
17 20 30
2 6 42
17 20 7
20 0 26
9 13 44
13 17 16
18 21 38
15 19 19
19 20 28
19 20 22
5 7 19
19 20 19
20 23 39
9 14 42
18 21 26
0 4 32
15 19 35
23 1 44
12 16 33
1 4 1
19 22 41
10 14 29
0 2 31
8 12 18
9 13 35
8 10 36
22 1 3
10 12 37
9 13 28
8 12 43
23 2 46
5 9 20
3 7 10
12 13 40
15 18 4
16 20 34
10 14 40
23 3 34
10 13 41
0 5 16
17 19 18
4 7 31
7 10 9
8 11 5
9 12 37
1 3 15
13 16 32
23 0 20
14 16 12
1 3 39
19 21 7
3 8 37
4 6 21
5 9 19
1 4 4
13 16 38
19 22 12
4 7 23
21 23 34
16 19 14
14 15 34
9 12 1
23 2 35
9 12 16
11 13 14
22 1 38
13 15 25
2 4 21
19 20 3
16 19 11
1 3 5
8 12 23
16 18 21
23 2 5
19 23 1
7 11 20
10 12 43
8 11 11
6 9 42
20 23 19
7 10 29
3 7 41
5 8 20
18 22 36
21 23 44
9 11 14
18 21 20
22 2 31
18 22 45
5 9 16
1 3 5
19 22 42
6 9 35
3 6 43
18 21 24
5 7 42
7 11 14
20 22 43
14 18 7
11 15 44
15 18 27
17 21 45
19 22 39
10 14 22
9 12 36
7 9 30
11 13 17
2 4 45
4 6 4
10 12 11
7 9 30
16 20 32
11 13 28
21 1 38
1 5 12
4 6 4
16 20 45
8 11 37
10 13 45
15 18 20
17 20 31
22 0 22
21 0 22
6 8 16
3 4 13
4 6 26
10 15 5
23 2 24
19 20 29
9 13 25
14 15 35
8 10 22
3 7 10
20 23 40
2 6 21
6 9 45
22 2 11
7 7 31
6 8 43
11 14 27
10 13 24
18 20 25
11 14 22
15 18 19
23 2 22
13 15 34
17 19 34
4 6 19
14 16 27
11 13 3
11 14 13
4 7 16
3 7 4
8 10 20
9 12 7
1 5 21
20 21 4
12 13 20
4 7 29
9 11 39
13 16 42
12 15 3
4 7 10
18 20 27
6 7 44
13 16 34
15 17 19
3 8 2
10 12 10
21 1 4
23 1 26
7 11 10
11 14 22
17 19 30
2 5 14
14 17 8
19 23 41
17 21 21
11 14 27
23 4 45
1 5 7
11 14 6
19 20 37
13 17 18
21 0 46
12 14 18
14 16 12
15 17 38
1 4 19
8 11 44
16 20 41
18 21 32
21 23 18
15 19 26
20 23 36
3 7 27
16 20 43
19 21 9
13 16 46
17 19 8
3 5 5
14 17 41
11 15 31
11 12 33
11 13 2
19 22 14
22 1 11
23 2 10
16 20 29
7 9 20
19 22 30
20 0 42
14 16 7
21 0 6
12 14 22
17 20 26
2 4 24
6 8 4
7 8 24
19 23 11
17 21 41
16 19 38
10 14 20
1 4 40
1 4 19
19 21 44
18 23 30
12 15 7
14 16 7
2 5 42
4 7 12
2 5 39
16 19 5
21 1 31
3 5 3
0 4 3
2 5 19
3 7 1
9 12 15
6 9 25
8 12 28
20 23 8
10 13 13
7 10 46
21 22 23
2 8 1
7 10 10
0 5 19
4 6 19
4 7 3
2 6 31
15 18 28
2 5 42
18 19 1
15 18 15
13 15 18
8 9 7
4 6 39
23 2 33
15 18 10
1 4 12
6 8 24
1 5 42
15 18 2
10 14 25
4 8 13
9 12 46
21 0 8
2 5 14
2 6 44
10 12 18
3 6 4
3 5 7
11 12 40
15 18 23
4 7 33
16 19 31
19 22 14
3 7 41
7 11 13
21 23 20
6 10 1
20 23 32
7 12 30
20 22 17
1 4 24
4 7 23
15 18 35
21 2 46
20 23 34
20 23 14
9 12 45
2 5 21
16 18 40
14 19 27
4 7 27
16 18 24
0 4 44
19 21 6
3 5 35
3 6 25
7 10 3
22 2 34
11 12 40
19 22 25
8 9 18
10 12 37
11 14 42
15 17 45
14 17 2
19 23 18
21 0 45
4 7 12
4 6 30
13 16 46
1 3 36
14 16 35
5 8 23
17 19 45
8 12 4
22 1 38
23 3 16
22 0 35
17 20 45
3 5 13
10 13 12
3 5 45
4 7 24
0 3 8
13 17 37
22 1 6
1 3 15
4 8 27
10 15 2
14 17 32
4 6 27
21 0 9
22 1 10
9 13 46
10 14 46
1 5 8
15 18 17
19 20 6
12 16 43
3 6 29
11 13 24
19 22 36
18 22 39
11 15 41
5 8 34
23 3 9
10 11 33
16 18 6
3 6 44
5 7 35
18 20 30
16 19 15
9 12 2
5 8 1
19 22 23
13 16 7
17 20 22
17 19 44
6 7 18
12 15 40
8 11 15
2 5 9
11 14 41
21 2 46
1 5 31
2 5 33
18 21 14
22 1 32
2 4 23
2 4 32
16 18 44
11 14 40
18 20 22
7 10 11
4 7 40
16 19 2
4 7 24
16 20 25
7 9 12
11 15 12
3 8 12
11 14 10
4 7 16
13 15 42
12 15 37
5 8 27
14 17 18
8 10 3
8 12 38
11 14 34
2 5 27
9 13 15
8 9 8
23 0 16
11 12 42
0 3 11
8 12 26
6 9 44
6 10 29
1 4 36
5 8 7
1 4 9
9 14 8
1 3 12
19 23 23
20 21 46
21 2 13
6 11 35
5 8 22
16 20 32
1 4 43
16 19 9
4 6 3
22 2 28
11 14 14
0 3 33
17 20 1
11 14 39
3 6 12
20 23 23
1 5 1
4 7 14
4 7 2
2 4 29
23 2 6
2 7 2
17 19 7
8 10 1
1 5 2
18 21 1
23 3 13
18 21 37
18 19 9
6 10 21
15 18 7
6 10 15
9 13 35
23 2 22
12 14 15
5 7 26
15 18 16
3 5 10
21 23 4
21 23 45
12 16 37
8 12 8
17 21 11
17 19 4
10 14 28
12 15 28
1 6 9
3 6 30
10 12 28
1 4 18
2 2 36
20 1 32
15 17 46
16 19 32
13 14 8
1 2 18
14 17 25
20 0 32
18 18 26
1 3 28
13 15 23
1 5 20
15 19 33
8 12 30
8 11 17
21 23 36
20 23 15
2 6 34
3 5 4
2 6 36
17 20 17
23 2 2
5 7 28
6 10 1
19 22 32
18 22 16
17 20 31
17 21 5
0 3 19
23 2 34
13 15 3
10 13 25
22 3 21
1 4 11
10 14 11
8 12 18
10 12 42
12 13 34
19 21 44
7 10 42
15 18 37
4 9 37
6 10 17
22 0 30
21 2 21
15 18 32
4 7 37
17 20 14
6 8 40
12 15 4
8 11 44
21 0 27
5 9 26
4 8 8
4 7 13
1 5 2
17 19 16
9 12 13
10 13 24
21 1 25
12 15 20
11 13 5
19 22 38
6 9 11
15 18 41
9 13 40
1 4 4
21 0 29
15 18 32
19 22 29
22 0 35
16 18 17
15 19 46
7 12 35
1 4 30
12 14 23
6 11 44
6 9 28
13 16 11
16 18 28
2 7 14
7 9 28
12 16 45
12 14 40
2 6 21
1 2 26
22 0 9
13 16 12
14 15 13
6 9 42
3 6 13
5 10 13
8 9 21
14 18 1
3 6 40
8 11 15
3 6 43
18 19 1
6 8 28
7 8 19
14 17 11
8 10 7
19 21 23
8 10 13
5 8 27
17 19 10
17 19 21
11 14 13
18 20 15
16 20 23
10 12 7
15 20 27
13 16 41
12 15 8
20 23 12
15 18 37
10 12 14
11 13 17
21 0 32
13 16 7
10 13 23
8 12 35
9 11 3
7 9 30
11 14 37
4 7 46
5 8 11
6 6 2
3 7 25
5 9 38
0 3 32
11 16 39
9 12 33
23 0 6
5 6 28
12 15 8
22 1 24
13 16 18
6 10 9
10 15 39
16 18 14
20 22 32
0 3 26
21 1 3
1 4 5
1 4 16
11 14 15
18 22 18
8 11 27
10 12 42
6 9 5
19 21 8
2 6 43
7 9 24
12 14 40
15 18 28
0 4 16
7 11 16
4 7 20
5 8 17
2 4 44
12 15 46
19 22 2
3 6 23
17 20 34
16 18 39
2 4 46
4 8 25
8 10 12
21 1 11
2 4 16
14 16 25
22 1 18
0 2 31
14 17 25
23 1 6
18 23 45
2 6 21
4 7 27
5 7 30
13 17 44
22 1 26
16 21 46
21 0 40
18 20 11
10 14 7
4 6 25
15 19 11
8 13 34
14 15 18
5 9 19
21 23 40
23 3 11
8 11 15
0 3 33
15 19 9
15 16 8
23 5 27
20 23 33
3 4 6
18 21 28
20 23 32
6 11 14
6 10 18
9 12 9
14 17 43
10 12 6
6 8 24
16 19 5
14 17 26
22 2 42
12 16 22
3 6 40
2 6 8
18 22 34
11 14 1
4 7 31
1 2 3
21 1 33
19 22 26
16 19 30
15 16 32
5 10 25
4 6 16
21 0 46
17 21 30
18 21 27
0 3 3
1 5 22
12 15 16
0 3 23
13 15 43
1 4 15
3 7 23
7 10 6
5 7 13
8 11 46
4 7 35
9 11 19
12 15 37
13 16 33
11 14 3
16 18 14
2 4 42
19 22 9
18 22 36
17 20 28
18 21 24
3 7 33
0 4 39
13 17 24
7 10 23
0 2 15
19 23 16
5 7 1
5 9 28
19 21 2
17 20 18
1 6 26
19 0 3
15 19 7
6 11 20
23 3 5
9 11 43
8 11 24
7 9 5
2 6 33
2 6 41
23 1 7
17 19 14
6 9 46
5 8 44
17 17 33
0 3 4
19 22 11
14 17 10
1 5 41
17 22 14
3 6 33
18 19 26
22 2 39
15 18 11
2 4 34
19 20 32
0 3 29
15 17 41
4 9 15
3 7 29
0 2 4
3 8 8
19 23 1
10 12 14
19 22 39
7 11 46
2 6 3
12 15 18
19 22 36
20 22 19
9 10 29
16 20 10
18 19 37
16 21 13
15 18 44
12 15 9
6 9 24
8 11 15
5 8 34
6 10 25
20 23 34
6 10 32
15 19 39
6 10 42
10 11 9
1 5 33
16 17 5
2 5 30
9 11 37
0 3 21
14 17 37
7 11 16
18 21 45
9 12 37
19 23 29
15 16 38
22 2 4
15 18 21
10 13 19
12 14 12
20 1 11
4 7 5
22 0 6
16 20 38
23 2 24
18 22 10
8 11 6
7 10 38
20 22 29
16 18 14
7 9 39
19 21 9
20 23 27
0 2 44
11 14 18
11 15 29
4 7 15
4 7 20
18 22 11
0 2 18
20 22 25
14 17 44
20 1 25
19 0 13
11 15 25
16 19 26
6 9 35
22 0 5
11 15 15
18 21 12
10 12 26
16 18 24
10 12 1
14 17 21
5 8 46
8 11 1
9 11 12
22 1 3
6 8 9
9 10 8
5 10 1
21 22 26
12 18 5
1 3 13
15 17 20
9 13 9
16 19 31
9 10 13
21 2 30
11 15 6
13 18 40
2 5 25
2 5 3
8 10 11
21 1 2
12 13 18
10 13 38
9 13 19
16 19 32
0 2 45
12 15 33
16 18 17
20 21 33
13 14 9
1 5 6
14 17 27
13 15 17
13 15 28
10 12 46
8 11 38
18 20 6
2 4 11
16 19 14
23 3 46
8 11 46
14 17 19
6 7 14
13 15 45
23 3 12
20 23 12
5 6 4
6 8 29
23 1 21
5 7 41
4 8 10
21 23 44
12 14 38
5 9 42
4 8 17
2 2 10
19 22 18
5 10 36
13 16 17
3 5 31
4 6 9
1 4 42
13 15 13
16 21 42
13 16 19
8 11 31
20 0 42
9 12 1
23 3 30
7 9 38
7 11 21
19 21 8
13 16 44
0 3 46
9 12 30
16 21 39
18 21 22
17 21 36
0 2 3
23 4 8
14 18 42
2 6 32
9 11 38
8 11 24
3 4 6
13 16 44
12 15 3
9 11 36
14 17 27
0 4 43
14 18 18
23 3 27
9 12 8
12 15 4
2 7 40
10 12 28
22 1 32
14 16 44
8 12 30
10 13 34
17 19 11
16 18 24
9 13 4
15 18 8
22 1 24
17 19 26
1 4 43
9 12 6
14 16 18
13 16 23
15 17 12
7 10 23
21 23 40
6 9 45
6 9 19
4 8 31
7 10 18
4 8 23
1 5 44
12 16 42
0 5 44
13 16 39
4 7 16
17 22 2
19 23 27
21 2 6
12 14 33
22 0 27
7 11 43
17 21 33
10 12 11
10 13 34
9 10 12
11 13 16
18 21 33
9 10 24
21 0 33
16 19 27
4 7 42
8 10 44
19 22 6
17 20 10
15 18 38
7 10 35
11 13 19
11 15 23
21 0 23
6 10 9
2 3 5
21 2 9
17 21 2
6 8 14
17 20 33
10 14 11
10 12 39
19 22 19
1 2 14
16 20 41
19 0 4
17 20 8
12 14 11
13 16 12
7 9 3
8 12 36
17 21 23
11 15 40
7 8 45
11 14 2
16 19 35
11 14 34
4 9 37
7 10 17
2 4 45
20 23 24
8 11 22
19 23 5
13 15 17
8 10 18
13 16 18
12 15 28
14 16 12
12 14 26
11 14 7
7 9 3
3 6 31
1 4 35
21 23 16
8 12 2
8 10 21
6 10 19
15 20 36
3 6 20
14 17 8
9 14 18
5 10 39
19 21 38
10 13 33
23 2 34
21 2 3
13 15 3
6 10 14
15 18 18
16 18 20
12 14 28
18 21 23
8 9 2
0 2 5
7 11 19
13 17 34
8 10 35
18 20 24
4 5 1
11 15 24
10 14 15
4 7 7
9 11 7
13 16 12
22 0 19
1 4 32
2 5 26
11 13 18
18 22 10
3 5 26
7 11 26
9 10 32
9 12 11
6 10 10
16 19 17
23 1 18
14 16 4
8 11 44
21 0 19
14 17 31
7 10 11
15 19 9
19 20 14
22 2 41
4 7 8
15 18 9
12 16 33
5 9 39
10 14 29
10 13 28
22 1 37
14 19 42
4 8 19
2 4 2
13 15 23
16 18 28
12 15 13
14 18 32
18 21 24
16 19 20
6 10 28
12 16 29
15 18 5
5 6 32
13 14 7
10 10 12
20 22 14
5 8 43
1 3 6
21 0 42
5 8 40
8 9 6
4 6 21
12 16 41
3 6 11
2 6 1
0 3 45
7 9 25
14 17 9
8 12 13
20 22 5
12 14 3
13 16 10
5 8 28
18 21 27
14 18 12
16 20 35
15 18 32
7 10 39
9 13 27
18 21 39
9 11 2
1 6 17
0 4 5
10 12 41
9 12 39
6 10 36
7 11 27
0 3 30
13 16 8
6 8 8
23 2 18
2 3 25
18 19 8
11 13 46
8 12 6
16 20 21
17 20 19
11 14 14
19 22 25
7 10 43
21 23 31
0 5 20
5 8 18
4 7 43
23 3 30
9 13 28
9 12 5
22 1 18
23 4 8
0 3 34
10 12 1
11 13 42
5 10 16
3 5 37
14 18 36
10 13 13
6 8 18
1 3 46
21 0 14
5 9 31
10 14 9
0 1 45
3 7 2
21 2 7
7 11 9
13 16 24
21 0 23
15 18 13
8 11 25
0 4 21
1 4 25
14 17 24
5 8 9
3 7 31
14 17 37
22 1 24
4 7 8
11 14 27
15 17 40
13 17 6
5 9 40
10 15 41
15 18 2
6 9 8
17 19 30
21 23 10
17 20 12
2 6 42
19 0 5
19 21 3
17 21 6
5 6 20
10 13 18
20 1 22
7 11 36
5 8 29
15 19 25
12 16 10
3 7 14
1 4 4
18 21 14
19 21 5
9 12 21
22 1 26
22 23 30
16 18 27
18 21 28
15 18 11
13 16 26
12 15 30
14 16 12
17 20 3
10 15 42
15 16 33
17 20 11
21 0 10
7 11 33
1 5 21
7 10 39
23 1 35
17 20 19
4 6 24
8 13 14
19 23 37
20 0 6
17 20 9
3 6 11
7 10 1
20 1 19
10 15 11
19 23 15
20 0 28
6 9 28
9 12 27
8 12 43
7 8 39
5 9 26
16 20 3
11 13 38
3 4 22
13 16 16
21 0 5
1 3 36
2 5 26
2 6 40
12 16 5
23 3 39
7 10 7
18 20 5
11 14 6
0 3 36
4 6 32
13 15 28
22 0 26
13 17 12
8 11 9
17 20 9
10 14 7
5 8 38
9 13 7
7 10 25
23 3 14
14 18 13
7 9 6
16 19 41
23 2 7
18 19 20
19 23 22
12 15 28
9 13 7
7 11 43
9 12 38
11 13 29
13 16 2
1 3 6
6 8 45
13 17 2
0 2 34
1 5 16
9 13 35
3 7 1
12 16 41
2 4 13
15 19 21
8 10 17
18 22 14
0 4 36
9 11 4
23 1 33
19 22 16
11 13 44
12 15 10
9 12 14
10 13 36
15 19 11
6 10 41
5 7 25
11 17 20
15 18 19
22 0 43
21 22 10
22 0 11
0 3 24
16 19 28
14 19 38
14 18 45
22 3 16
0 1 2
11 13 23
0 2 39
4 7 7
11 13 46
22 2 19
0 2 36
12 15 15
21 1 3
2 6 14
23 1 2
22 0 44
3 7 34
16 20 8
15 20 41
0 2 33
14 18 9
20 0 16
16 18 36
9 12 12
4 7 1
9 13 9
23 0 43
20 22 36
11 13 9
19 22 24
9 12 13
8 12 10
20 0 5
22 0 22
10 14 25
14 18 32
10 13 1
10 12 35
14 19 32
20 22 6
2 5 42
12 15 29
8 11 28
16 20 32
16 18 27
14 18 21
6 9 33
18 20 19
19 21 36
3 5 37
14 17 42
21 23 6
15 18 11
13 14 12
22 4 31
10 14 35
0 3 26
7 12 34
3 7 46
4 11 3
0 4 18
14 19 26
6 8 16
3 6 31
22 23 17
5 8 30
12 15 43
0 4 14
8 11 11
1 4 1
0 4 33
12 16 32
8 11 8
10 14 21
6 10 25
19 23 10
20 23 15
15 18 39
13 17 13
15 17 4
20 23 41
0 2 11
17 21 39
17 22 5
8 12 6
3 4 33
14 15 21
8 11 9
9 12 28
17 19 18
12 13 34
13 18 37
6 8 41
3 5 28
4 9 18
19 21 7
3 5 18
13 14 10
12 14 20
11 13 18
15 16 42
21 1 40
12 13 26
19 0 17
14 16 2
22 1 43
18 21 32
19 21 36
0 3 42
7 9 13
6 9 10
0 4 13
2 4 15
9 13 35
23 5 23
23 3 42
8 12 36
0 3 29
0 4 5
21 0 35
7 9 7
4 7 2
2 6 15
22 1 14
15 17 15
1 3 2
8 12 30
9 12 12
13 15 36
1 5 23
3 5 14
22 1 20
23 1 3
4 5 33
21 2 42
20 23 22
19 22 3
23 0 17
6 8 20
13 15 16
1 4 6
4 8 40
19 21 12
23 2 5
11 14 18
20 23 11
0 3 37
3 6 35
1 5 45
21 1 4
6 8 15
7 9 33
9 12 35
7 11 11
5 10 41
15 17 37
6 10 37
20 22 2
2 5 1
0 3 39
16 19 3
12 14 41
9 12 14
7 9 36
17 19 1
8 11 29
12 15 34
17 20 6
19 23 31
3 7 6
8 11 44
13 17 20
1 5 38
18 21 19
7 9 41
9 13 39
15 18 41
12 15 9
9 13 13
17 19 18
5 8 33
20 22 36
20 23 21
7 8 10
6 9 10
21 0 18
6 9 18
10 13 5
23 2 39
5 7 14
20 23 7
8 13 14
13 18 45
0 3 32
7 12 15
3 6 1
23 2 24
22 2 27
23 3 9
1 3 34
12 14 23
4 5 20
7 10 45
9 12 6
22 1 24
3 7 11
1 5 12
17 19 42
15 17 4
0 4 18
20 23 33
3 6 32
23 1 43
6 8 33
13 14 42
2 6 30
11 15 22
13 16 39
9 10 30
4 7 10
21 23 18
9 12 22
1 2 45
8 12 32
16 20 19
7 11 35
20 22 7
10 13 34
8 11 31
21 1 16
15 18 14
4 9 13
14 19 20
16 21 10
0 3 9
3 8 46
10 15 8
19 22 45
9 12 44
5 8 13
18 20 42
15 18 2
2 6 17
22 0 13
18 23 41
9 12 18
1 3 10
22 0 25
15 18 42
14 15 33
11 14 21
13 16 19
14 17 3
9 12 35
22 23 39
13 15 8
17 19 21
4 5 11
12 15 30
22 1 42
18 20 44
3 7 18
19 22 6
16 20 1
21 0 43
12 15 19
14 17 34
5 9 10
4 7 29
6 8 15
19 23 29
22 2 39
7 10 27
11 14 42
11 13 38
14 18 43
11 13 20
10 14 1
4 6 7
19 23 13
11 14 12
19 23 3
20 23 31
16 20 39
11 13 18
12 14 44
17 21 42
8 11 40
1 4 3
3 7 45
10 14 33
14 19 14
23 2 42
8 13 19
0 3 13
1 5 40
12 16 28
20 23 38
22 1 11
18 23 34
9 12 11
1 4 17
23 2 3
12 15 31
6 9 2
4 9 30
11 15 6
9 11 46
6 10 5
23 1 10
17 19 43
5 9 17
14 18 3
12 14 22
7 9 30
8 12 33
10 13 17
14 16 4
7 9 38
1 5 39
13 16 29
6 10 17
14 15 39
10 15 4
22 1 26
14 18 35
20 0 6
8 8 4
6 8 29
12 15 43
2 4 10
7 11 24
13 17 7
12 15 43
21 22 16
12 13 12
0 6 29
16 20 7
15 17 6
22 1 37
22 1 18
16 20 16
1 3 11
9 13 26
19 21 37
21 0 23
1 5 31
17 20 21
3 5 2
4 7 40
21 1 23
19 22 16
22 1 34
16 19 12
5 9 38
11 15 29
4 6 15
3 7 41
19 22 36
19 23 32
12 16 13
16 20 38
5 9 8
17 20 40
16 19 30
11 14 1
23 2 19
19 22 3
18 22 44
1 4 28
22 1 42
23 1 23
19 23 41
20 0 20
5 8 44
19 23 8
2 5 46
20 1 2
17 21 22
3 5 7
9 14 24
1 4 34
21 0 14
12 16 42
17 21 29
3 7 23
16 18 30
16 19 7
6 10 40
15 19 39
0 5 5
9 12 19
21 0 3
11 15 35
9 11 15
10 14 21
11 14 1
2 5 15
11 14 28
20 0 3
10 13 16
2 6 1
2 3 37
14 16 33
3 6 9
11 14 46
6 10 26
0 4 9
13 17 13
0 3 9
12 15 17
13 15 11
19 22 14
17 18 4
8 13 4
20 22 24
15 16 15
1 5 24
5 9 26
1 4 8
21 0 33
15 18 46
7 11 8
8 12 10
19 20 34
12 15 14
13 16 7
4 8 40
7 10 32
17 20 7
0 4 33
4 6 39
2 7 25
21 2 31
17 21 6
5 9 35
2 5 24
5 10 4
8 11 5
20 0 36
19 21 30
18 20 5
23 0 34
20 0 19
22 0 13
10 13 17
14 18 37
16 19 6
6 9 41
17 21 34
10 12 29
12 16 19
1 4 23
22 23 35
8 11 42
19 23 8
1 4 5
0 3 44
21 0 31
9 14 34
21 0 29
22 1 31
15 17 12
7 12 22
10 12 41
21 23 10
7 10 25
9 12 6
11 15 12
3 7 4
17 20 35
23 0 33
21 0 44
3 6 38
11 16 19
18 21 42
8 11 45
6 10 5
10 16 17
7 11 15
16 19 35
21 22 24
11 14 33
11 14 40
19 0 12
5 8 19
18 21 2
22 1 14
22 1 42
14 17 10
11 15 36
0 4 38
14 16 44
17 20 7
7 9 26
14 18 21
18 22 15
23 2 14
18 20 29
5 6 3
1 5 31
12 16 15
4 8 11
22 2 29
14 17 29
13 16 19
16 19 17
18 20 34
11 14 24
1 5 9
20 23 34
7 11 24
0 2 21
10 14 3
2 4 13
19 22 12
8 11 38
12 16 18
23 1 14
6 9 7
7 8 38
7 11 23
0 1 40
13 15 38
23 0 7
3 7 20
6 8 18
7 11 7
20 20 25
14 17 43
1 3 21
3 7 16
20 23 36
4 7 13
2 4 2
15 19 29
22 2 34
14 19 38
1 4 2
20 23 13
5 8 7
0 4 37
19 23 45
9 11 40
21 1 13
16 20 21
12 15 32
14 17 4
22 1 40
16 18 34
6 12 24
1 4 8
2 7 43
16 18 25
7 9 24
1 4 15
4 6 2
9 12 12
14 17 30
21 0 14
21 1 33
15 19 23
18 22 41
14 14 33
18 20 31
14 18 34
11 17 32
10 12 27
20 23 17
23 2 2
16 19 42
16 20 7
18 22 7
9 12 22
23 2 23
3 7 40
10 12 33
3 6 3
10 15 25
8 10 16
16 17 39
0 2 29
0 3 3
18 21 3
17 19 7
23 2 13
14 15 8
4 7 33
3 5 46
8 11 38
6 8 30
16 20 17
4 7 46
1 5 14
0 4 16
9 12 19
21 1 33
17 20 40
20 0 33
11 14 40
22 2 44
13 16 17
11 14 10
13 18 45
11 14 17
6 9 12
8 11 15
14 16 28
3 7 13
20 0 33
2 5 3
11 13 26
19 22 31
6 8 23
9 13 22
11 14 31
7 11 29
2 6 23
10 12 27
12 16 14
2 4 41
13 17 23
8 11 33
3 7 23
5 6 9
22 0 17
1 4 28
23 2 35
15 19 32
0 4 44
1 5 10
11 14 19
3 6 14
19 0 20
13 18 12
11 13 39
19 22 17
16 18 13
10 12 30
22 22 17
3 6 7
21 0 5
22 1 41
15 18 9
20 22 26
7 10 4
10 12 4
11 14 32
5 7 42
0 3 14
10 12 5
5 8 16
7 12 26
3 4 22
19 22 28
14 15 18
16 18 33
19 22 29
11 14 32
17 21 35
8 11 45
15 18 35
21 1 33
14 16 36
19 20 24
2 4 31
23 3 42
15 16 24
12 15 37
0 3 16
11 13 32
6 8 20
18 20 8
0 3 31
11 14 34
11 14 39
23 2 31
8 11 34
9 12 38
3 6 17
18 21 39
19 20 44
22 2 26
16 18 19
21 1 14
18 20 22
21 0 17
10 14 34
9 11 29
2 6 5
10 14 45
12 13 29
11 13 4
5 8 29
11 13 22
16 19 37
6 9 32
0 4 45
19 22 36
20 0 30
21 23 19
19 22 41
12 14 24
20 23 13
2 4 3
2 5 5
15 19 37
10 11 22
1 3 40
17 20 20
11 14 28
22 1 43
18 20 29
10 12 19
11 13 23
4 6 36
10 12 5
11 14 28
21 23 42
12 15 6
20 22 34
5 8 25
23 1 24
1 4 27
17 20 45
14 17 14
3 6 34
18 22 16
11 14 1
12 14 2
3 5 10
2 3 28
4 9 34
11 14 38
7 9 5
21 22 19
5 9 12
8 12 2
10 11 4
8 10 26
1 5 5
8 12 30
7 10 5
4 7 37
2 6 25
18 22 12
15 19 13
9 13 28
4 7 2
11 15 24
3 7 31
4 6 18
3 6 45
2 7 36
3 7 35
19 0 45
15 18 2
21 1 11
2 5 16
14 16 15
17 19 27
12 14 31
13 18 14
0 5 19
7 11 25
6 9 11
5 10 25
21 0 1
8 8 10
21 1 23
23 3 21
1 4 22
21 1 23
7 10 19
12 15 26
21 23 29
13 16 40
8 12 37
2 5 13
10 12 18
6 9 3
14 16 26
1 3 6
20 23 7
14 17 10
13 15 15
5 8 18
7 10 1
4 7 36
13 15 40
3 7 17
23 3 2
13 15 3
10 13 17
6 9 28
9 12 14
21 23 32
10 12 10
21 0 45
22 1 14
8 10 41
20 23 14
12 15 12
10 11 23
7 10 44
18 21 11
8 10 15
5 7 6
16 19 28
5 10 10
3 7 18
21 23 15
16 17 42
7 12 21
9 12 24
22 0 15
12 15 40
15 18 1
2 4 25
15 17 36
17 20 21
6 10 36
18 20 19
11 13 37
7 11 14
2 5 35
21 1 5
11 15 35
19 22 24
5 10 46
21 23 5
16 19 13
15 19 10
10 12 40
21 23 30
16 19 22
7 9 22
4 7 9
16 20 43
7 9 27
21 1 33
20 23 32
4 8 6
21 23 16
8 11 44
15 16 8
16 17 25
14 15 15
13 15 7
5 8 17
2 6 11
15 19 30
6 8 46
17 20 36
2 4 26
12 16 13
10 13 42
16 18 10
22 2 7
15 18 16
20 22 24
18 21 9
15 20 32
1 6 45
20 0 26
0 1 29
7 10 10
2 5 32
9 12 16
14 17 19
22 1 9
0 2 20
19 23 5
0 3 8
21 0 42
12 15 21
4 6 41
5 9 24
15 20 26
3 6 34
14 15 35
20 23 25
1 3 18
19 21 25
22 1 24
6 8 19
4 8 30
20 22 4
14 17 35
9 11 11
5 9 1
19 22 33
20 23 44
22 3 10
16 17 12
12 13 5
13 15 7
20 22 37
4 6 44
12 15 4
0 2 30
22 0 35
1 3 19
8 11 39
21 0 38
5 8 14
17 22 15
4 7 39
22 0 4
8 12 41
11 14 44
4 7 33
19 21 31
19 22 35
7 12 36
17 20 41
0 4 7
14 18 4
12 15 42
8 9 30
15 18 36
23 4 29
5 8 17
18 21 21
16 19 32
22 0 13
14 17 42
10 13 31
0 2 4
21 0 27
10 9 6
1 3 27
7 10 46
12 15 5
4 7 17
20 23 15
10 12 7
8 12 28
6 10 7
1 3 30
12 13 44
6 10 1
19 22 22
19 22 29
14 16 44
9 13 22
2 4 26
5 9 12
6 8 21
18 20 43
11 13 21
8 11 46
9 13 8
0 4 14
9 13 35
18 22 28
15 19 9
15 20 29
3 8 37
5 9 17
4 7 25
12 16 37
16 17 30
20 23 14
0 1 19
3 7 34
1 6 24
6 10 20
10 13 46
3 7 41
7 10 7
9 11 24
5 8 46
14 15 12
20 23 10
7 11 44
12 15 20
5 7 13
18 20 24
12 15 13
12 16 20
1 5 32
21 1 1
2 4 29
1 7 20
5 9 6
7 8 2
16 20 13
2 6 20
19 0 46
1 3 31
9 12 18
1 3 28
8 11 11
5 6 31
23 2 8
8 10 30
1 4 39
14 17 19
11 12 32
13 17 19
11 12 15
11 15 15
18 20 14
10 12 13
3 6 40
10 12 14
15 17 5
12 15 43
23 2 11
5 8 20
18 21 19
6 8 31
21 1 20
19 21 35
9 12 21
11 12 17
16 18 9
3 9 2
5 6 26
1 4 1
5 8 44
12 16 33
8 10 14
8 10 21
10 12 17
5 9 5
15 19 32
16 18 8
13 15 25
4 7 12
10 13 16
18 20 2
4 6 43
14 17 16
13 16 3
22 1 28
15 17 42
15 18 33
2 4 28
19 23 25
18 22 2
22 1 2
21 23 25
22 2 35
23 3 30
20 0 7
22 1 24
17 20 43
16 18 4
19 21 15
3 5 5
0 2 24
2 4 35
9 13 3
3 5 31
11 15 10
18 20 38
15 18 29
13 16 7
12 15 37
7 11 20
5 8 38
14 17 10
14 18 16
14 18 9
2 6 14
23 1 32
1 4 45
23 3 16
5 9 28
9 11 9
23 1 14
8 10 16
23 4 42
11 14 42
2 5 27
0 3 10
20 0 29
0 2 5
5 8 41
22 23 23
14 16 40
4 8 10
20 23 46
3 7 21
21 0 17
19 23 8
15 18 16
13 15 15
12 15 25
21 23 37
13 17 9
17 19 9
4 6 9
22 23 36
3 6 33
6 8 26
23 2 21
7 10 39
18 22 24
3 6 33
19 22 21
9 12 24
5 8 35
14 17 44
2 6 5
7 12 15
15 16 28
22 0 44
3 4 6
7 9 30
9 11 4
11 13 29
9 14 39
12 16 27
2 6 33
13 17 41
13 18 20
0 2 31
5 7 44
10 12 39
16 20 46
14 17 14
19 23 6
14 16 28
14 17 28
4 8 40
13 17 40
16 20 22
18 21 16
10 15 5
18 22 23
19 22 17
0 3 16
1 4 11
16 20 46
6 8 29
3 5 8
3 6 22
22 2 33
17 19 21
0 2 20
22 23 5
1 5 10
9 12 34
1 5 44
14 16 7
22 1 28
21 0 6
15 19 12
16 19 41
21 1 28
1 3 41
15 18 46
19 23 46
0 3 46
19 0 21
19 20 29
23 4 45
10 13 46
8 10 15
23 1 33
9 12 7
21 22 46
2 7 18
17 20 46
11 14 46
3 5 34
17 21 12
9 13 42
17 19 7
15 19 10
22 0 21
23 3 6
8 10 39
22 2 15
3 6 33
3 5 41
16 19 35
5 9 27
3 6 19
2 5 25
18 21 24
5 9 9
13 17 38
21 23 16
5 8 32
4 6 28
19 23 44
10 11 10
6 8 15
0 2 44
3 8 30
11 12 36
22 1 35
18 21 27
8 11 45
9 11 30
20 0 32
0 2 34
19 20 32
14 18 33
4 7 5
17 20 32
17 20 27
8 11 35
6 9 16
0 3 43
20 23 13
13 17 3
10 14 41
19 20 9
0 1 27
20 0 14
2 5 3
20 0 43
12 14 5
18 22 35
2 5 16
22 0 33
7 11 27
20 0 25
17 21 8
16 17 34
3 7 11
12 14 11
11 14 42
13 17 26
4 8 39
2 2 10
0 2 35
11 14 24
9 14 43
11 13 20
23 1 7
8 12 41
8 12 21
9 12 20
3 7 32
11 15 32
1 3 19
4 6 30
20 0 7
22 1 26
18 21 21
22 1 15
1 5 29
1 5 30
0 3 39
20 23 44
3 4 34
19 21 31
6 9 31
19 21 8
18 21 4
18 22 5
1 4 30
23 2 42
8 11 28
17 20 16
2 5 26
7 11 18
16 19 33
9 12 22
7 9 16
1 2 9
21 23 41
16 19 21
16 19 14
9 13 40
13 16 19
2 4 39
11 15 13
2 6 1
4 6 12
4 6 6
5 9 11
13 17 6
12 13 31
20 22 39
12 14 11
0 4 3
2 5 38
15 18 33
8 11 44
15 16 37
2 4 42
16 18 24
22 1 15
19 20 33
10 14 16
21 1 42
8 12 30
19 1 16
18 21 33
0 5 42
17 21 22
21 23 10
17 20 21
20 1 16
5 7 5
9 12 35
21 2 31
2 4 39
7 9 46
21 1 20
19 22 8
11 15 44
7 10 39
7 10 42
8 11 22
14 17 6
0 4 3
6 10 24
7 11 23
16 20 14
16 17 28
14 15 2
7 12 34
10 13 42
7 10 24
7 12 33
18 22 3
6 9 11
3 6 33
23 1 3
21 0 7
8 11 17
1 3 29
16 18 25
3 6 13
18 21 12
7 10 41
21 0 23
8 12 2
2 4 43
14 17 15
8 9 23
13 16 37
22 0 27
2 6 38
13 18 10
14 17 28
13 18 36
16 16 22
18 21 27
11 13 1
19 21 29
7 10 27
8 10 36
15 18 6
7 10 25
10 13 35
8 10 41
15 18 42
4 8 9
5 7 33
2 5 19
5 8 38
0 3 37
22 0 26
14 18 6
19 20 37
12 13 24
11 15 21
6 10 36
14 17 29
18 22 1
9 12 46
21 2 42
13 15 32
0 3 42
17 22 25
6 9 34
0 3 18
18 21 41
10 14 20
4 8 21
6 8 35
14 19 36
1 3 21
21 0 37
3 4 26
12 15 38
23 2 16
4 4 36
5 8 45
20 0 1
18 20 10
10 14 16
4 8 13
14 17 31
5 9 30
10 12 18
22 1 11
2 6 11
10 11 31
12 16 14
20 23 33
9 13 45
20 23 38
22 0 10
6 10 8
8 11 45
13 17 21
7 11 6
11 15 20
10 14 33
0 1 39
10 12 32
8 12 7
7 11 30
2 4 29
1 3 45
20 22 43
16 19 1
1 4 7
6 9 10
4 6 43
14 16 30
11 14 44
3 6 39
10 13 40
15 18 26
22 1 15
18 20 15
3 7 34
15 17 6
9 14 39
17 18 33
13 14 35
1 6 5
3 5 25
12 16 16
4 7 27
19 21 19
22 1 12
7 9 15
10 15 7
9 11 16
15 19 37
4 6 24
14 17 3
15 18 10
23 3 37
17 21 32
23 1 32
18 21 44
5 7 10
23 3 22
19 21 24
6 9 5
2 4 35
8 11 22
20 23 5
17 19 16
14 18 24
7 11 7
22 0 33
17 20 28
6 9 45
22 23 19
12 14 27
18 20 18
5 8 5
2 6 1
22 1 33
2 6 40
7 10 2
11 15 17
15 20 8
19 23 38
6 8 3
6 9 18
17 19 10
18 21 9
6 10 8
11 13 40
22 0 3
0 3 31
15 18 30
4 6 36
10 12 37
6 10 18
10 14 41
16 17 18
10 15 39
5 10 14
13 17 41
18 21 27
11 14 16
15 17 23
3 7 28
15 18 6
9 12 14
1 3 15
13 16 8
21 1 3
11 13 36
4 6 14
12 15 38
10 14 7
1 4 17
21 0 7
2 5 17
2 4 4
4 6 38
4 7 28
8 10 15
19 23 38
11 14 7
5 9 7
13 16 8
14 16 43
16 19 22
15 18 20
22 1 39
19 22 1
22 0 45
23 2 16
5 8 34
16 17 41
17 19 18
15 17 28
18 22 15
19 0 42
7 10 36
10 12 26
5 8 38
5 9 15
11 16 7
18 21 34
8 10 30
7 7 23
3 7 32
0 4 21
1 5 36
12 15 37
18 21 41
20 22 4
22 1 28
6 8 9
2 5 6
18 21 17
14 17 13
12 16 29
8 12 38
4 9 20
10 14 11
7 11 32
18 21 45
22 1 11
4 7 41
3 6 39
6 9 22
18 21 19
15 17 19
5 8 33
5 8 22
12 15 7
3 4 26
20 23 42
22 1 35
5 9 43
0 4 13
7 10 39
12 17 13
3 5 12
15 18 24
9 10 37
9 12 4
3 6 18
6 10 2
16 19 43
21 23 40
21 1 22
13 14 27
23 3 17
19 22 2
17 21 42
18 21 23
23 3 8
23 3 12
22 0 4
23 2 21
16 18 42
6 8 23
23 2 25
18 21 17
14 17 24
19 23 2
19 22 45
11 14 44
4 7 16
9 13 1
17 19 27
3 6 2
14 16 17
2 3 22
15 17 19
22 3 16
22 23 23
18 21 15
3 6 2
14 17 8
0 3 27
17 20 18
20 23 15
9 13 28
13 17 13
13 16 42
3 6 44
3 6 9
19 21 27
2 5 46
2 6 8
2 4 25
4 6 29
11 14 17
13 16 27
2 4 32
20 22 16
2 5 31
16 18 42
22 2 2
16 18 42
1 4 18
0 2 28
21 1 26
16 20 36
4 7 8
11 14 4
21 22 43
22 1 13
9 12 13
5 9 42
12 16 39
3 7 34
7 11 2
0 1 19
6 9 45
7 9 44
20 21 42
20 0 44
4 7 11
16 20 39
16 19 3
15 18 21
1 5 35
9 9 6
0 5 33
2 4 16
6 9 33
14 16 3
5 7 43
1 2 27
10 12 34
9 11 34
17 21 26
3 4 6
16 18 38
15 19 2
4 6 15
8 12 12
3 6 36
23 3 28
16 22 39
21 23 34
20 23 38
18 21 35
19 22 28
18 21 6
5 8 1
4 6 12
10 13 2
22 1 21
18 19 19
20 0 33
19 21 23
6 9 19
21 0 12
16 19 25
22 0 1
2 5 1
21 23 41
7 12 40
1 3 14
15 19 4
23 2 12
20 22 42
3 5 41
5 8 18
0 3 11
4 5 2
22 0 15
12 15 15
1 3 34
9 11 21
6 9 43
16 19 25
23 3 3
5 7 18
4 7 14
19 0 30
16 21 23
18 23 37
0 4 33
14 18 45
10 12 46
10 12 42
19 22 39
22 23 23
11 13 43
13 17 16
5 8 8
2 5 13
8 10 35
18 21 38
22 0 18
3 6 24
2 6 13
9 12 37
16 18 34
1 4 22
0 4 26
20 23 43
3 7 22
1 3 17
23 2 7
21 23 38
0 3 12
7 11 37
11 14 4
14 18 4
20 22 37
14 17 19
12 15 11
17 21 14
9 14 30
1 3 31
7 9 40
18 22 16
10 14 41
18 21 14
3 7 11
23 3 19
6 10 33
17 21 6
7 8 43
16 18 3
6 10 41
12 18 4
3 5 45
21 1 5
0 3 23
15 19 28
11 15 20
18 20 35
22 3 32
9 13 1
21 0 41
14 17 19
2 6 4
11 13 17
23 1 45
23 2 15
23 2 9
23 2 25
14 17 23
19 23 42
6 10 32
0 4 34
8 12 29
5 10 24
8 10 22
10 13 19
7 10 16
1 5 18
19 22 22
10 13 2
10 12 18
0 4 30
22 1 30
1 4 6
2 5 5
0 3 25
5 8 25
15 19 41
14 18 15
21 23 13
1 7 28
14 18 30
9 12 29
17 21 46
4 7 27
20 21 11
23 1 36
4 6 33
2 5 11
5 7 15
11 14 38
17 21 6
20 0 33
1 4 31
3 5 13
14 16 2
18 21 2
13 15 12
21 0 11
23 1 43
2 6 14
8 10 8
17 19 2
10 13 2
21 0 2
4 8 39
5 7 18
22 1 9
17 20 24
14 16 24
14 16 30
17 19 10
16 19 18
21 23 18
2 6 36
11 12 37
19 21 46
10 11 28
21 23 31
21 22 11
12 13 27
22 0 1
10 12 40
9 12 11
6 8 42
9 10 9
13 15 46
6 9 26
17 21 19
0 2 2
17 19 7
11 12 20
13 17 40
23 1 16
21 1 8
2 5 31
13 16 42
5 9 42
22 2 22
14 17 43
22 2 37
10 14 42
19 23 3
1 1 46
6 9 41
3 7 32
11 13 39
7 11 31
10 13 36
5 8 46
15 18 27
4 5 24
13 18 21
3 6 1
15 17 9
9 10 4
3 6 8
2 5 17
23 1 6
23 2 39
11 15 14
11 16 31
22 1 39
13 16 1
14 17 25
20 22 9
11 14 19
11 15 45
8 10 25
11 12 42
1 4 26
14 17 16
19 21 42
19 0 39
10 12 26
6 8 5
16 20 30
14 16 21
11 14 45
4 8 24
9 11 38
4 6 9
16 18 22
10 13 19
23 3 23
7 11 11
3 5 27
14 17 32
14 16 6
1 5 9
1 4 11
3 5 44
5 7 46
22 2 14
12 15 46
7 11 16
4 8 5
13 15 2
18 20 1
23 1 28
6 10 23
19 23 25
6 10 8
19 23 6
8 10 41
13 16 40
18 21 28
20 0 11
1 4 28
4 7 32
16 20 20
11 13 1
1 5 8
3 5 45
17 19 19
6 8 27
9 12 33
1 3 3
0 3 23
13 15 16
22 1 19
21 0 2
21 23 27
0 3 44
7 10 30
13 16 28
16 19 19
23 2 9
12 15 26
6 10 29
21 0 29
2 5 26
10 13 17
17 20 10
1 4 42
2 4 19
22 1 6
1 3 4
22 0 22
8 10 10
4 7 20
2 6 12
10 14 29
9 12 4
13 16 39
15 18 10
21 0 20
18 19 41
16 20 44
22 1 4
11 14 11
4 6 28
14 18 38
23 2 19
13 14 27
9 12 22
11 13 41
14 17 39
5 9 9
7 11 8
3 7 29
5 9 5
21 22 20
3 6 16
22 0 25
1 5 10
17 21 32
8 10 10
7 10 34
3 8 45
18 21 5
15 18 3
23 2 26
17 20 29
2 5 28
23 1 29
8 13 35
7 10 29
23 1 40
5 7 5
23 2 12
6 10 18
6 10 30
20 1 23
21 0 24
13 16 31
7 10 1
16 19 21
9 12 36
5 8 14
4 6 40
8 10 1
9 14 2
19 22 10
21 0 1
9 12 13
1 3 2
6 9 26
12 15 11
18 23 33
15 18 16
8 12 22
20 0 18
17 21 6
18 21 39
8 10 16
12 16 16
23 0 26
6 10 42
1 5 2
15 17 30
21 1 21
14 15 42
4 7 7
18 21 20
7 9 15
17 20 17
8 11 25
8 11 28
21 0 44
22 2 3
4 7 33
5 8 5
14 17 29
9 11 39
14 17 16
21 23 35
2 6 38
20 0 30
0 4 33
15 17 4
3 4 10
19 20 14
2 6 35
9 11 33
5 8 32
22 0 39
13 16 36
20 23 36
11 13 32
21 23 23
10 12 42
7 10 9
20 23 8
7 11 14
5 8 37
12 16 1
13 15 20
19 22 9
9 12 15
1 5 10
11 13 12
6 8 4
17 18 26
10 12 6
17 19 35
10 14 23
7 10 38
12 16 38
8 12 10
11 15 38
4 6 11
8 12 31
17 22 17
21 23 5
17 20 33
20 23 38
11 13 17
8 10 29
1 4 17
3 5 1
14 17 33
1 5 10
16 20 6
17 19 10
17 20 25
6 7 6
14 16 36
1 4 39
13 15 6
2 8 30
5 9 20
5 7 9
9 13 3
15 18 1
18 21 3
8 11 21
21 23 33
10 13 18
4 7 12
7 8 38
16 19 24
21 0 6
11 14 5
17 21 27
16 20 42
17 21 30
3 7 23
1 4 31
8 12 37
6 10 16
18 21 13
7 11 11
1 3 3
20 0 27
9 11 7
11 15 9
21 0 38
21 1 2
20 22 44
8 9 34
17 20 16
6 9 1
9 13 39
11 13 5
16 19 18
10 14 44
0 4 23
23 2 2
20 21 31
3 8 34
20 0 19
5 7 20
9 13 8
1 4 16
16 17 43
14 17 45
2 4 37
14 18 17
22 1 23
8 12 13
9 11 24
22 1 8
21 0 15
22 1 11
0 4 31
20 22 20
21 1 11
16 17 13
5 9 31
13 17 33
7 10 32
7 9 20
16 19 37
12 14 22
1 4 46
21 2 45
23 2 19
18 23 41
9 15 18
8 11 38
1 2 2
9 13 13
0 3 34
0 3 31
8 11 4
18 21 11
22 2 26
3 5 33
19 22 8
4 7 28
1 4 21
9 11 31
15 18 22
18 22 24
5 9 9
9 13 44
21 0 17
12 15 6
4 8 43
6 10 46
1 3 17
19 21 39
15 19 10
22 1 33
9 13 9
3 6 11
10 13 44
22 1 15
14 16 46
18 21 31
23 2 38
9 11 22
20 23 25
1 4 18
16 19 23
0 1 12
18 21 22
21 0 36
16 18 43
21 23 5
9 14 3
22 0 6
1 4 7
22 1 31
22 3 44
16 19 35
5 7 2
23 1 41
1 3 26
4 6 45
3 6 1
19 23 10
13 17 38
13 16 26
15 17 23
7 10 14
22 3 6
20 22 3
9 11 40
1 3 39
6 8 11
17 19 28
4 7 16
2 6 3
18 21 17
18 23 41
15 18 38
9 14 6
4 8 46
1 4 13
2 5 18
1 3 18
1 4 36
5 9 41
13 16 45
7 10 40
19 23 33
3 6 39
10 12 38
22 1 14
10 13 5
15 19 40
16 19 30
21 0 20
16 19 21
6 8 37
20 22 24
17 22 5
16 19 36
0 3 1
0 2 22
0 2 1
10 13 13
15 18 34
21 0 30
17 20 15
19 22 35
4 6 39
11 13 17
21 23 17
21 23 22
5 8 32
14 18 18
18 19 1
21 1 28
9 12 45
0 4 46
5 8 7
16 19 37
9 12 28
9 13 40
2 4 6
20 23 8
4 7 21
13 16 5
7 9 18
21 1 28
15 17 33
15 16 43
18 21 29
14 16 20
20 0 40
1 4 36
17 19 34
10 13 6
23 2 31
13 17 46
12 16 3
14 18 9
16 20 35
22 3 14
7 11 31
13 17 43
19 23 14
1 5 11
3 5 10
16 18 23
21 22 31
21 0 5
1 7 44
22 1 43
6 9 37
21 22 40
7 10 37
18 21 30
22 23 4
14 16 35
16 21 17
2 6 43
21 0 18
0 3 37
16 19 27
11 14 37
20 0 6
0 4 2
23 5 8
18 20 27
10 14 31
11 14 39
17 20 39
23 0 23
14 17 15
12 13 44
9 11 25
11 12 25
14 16 40
3 5 28
1 4 6
10 13 15
21 23 18
23 2 9
17 21 9
18 19 1
10 11 30
18 21 14
20 0 2
18 22 5
10 13 18
12 16 26
2 3 30
13 16 14
22 23 1
15 18 1
23 1 6
17 19 31
19 21 6
3 6 25
11 14 31
23 3 4
1 5 17
12 15 5
4 7 46
21 23 7
21 0 21
6 6 2
1 3 38
14 18 38
1 6 45
4 7 36
7 12 9
1 3 33
20 21 15
0 2 42
17 21 8
10 14 17
23 1 34
1 3 41
18 21 2
7 8 43
10 13 28
4 6 8
5 9 22
18 20 5
8 10 18
0 4 6
7 10 12
19 22 29
13 17 1
7 10 33
23 2 23
7 10 25
7 10 7
5 7 7
3 8 13
18 19 38
11 13 2
6 9 43
17 20 40
20 23 42
3 6 32
19 21 19
15 19 3
13 16 26
3 6 40
23 4 21
2 5 30
2 5 42
18 21 4
18 21 24
1 5 46
17 20 1
19 23 12
12 14 15
10 13 34
18 21 3
4 5 31
1 5 33
10 12 33
10 13 23
6 10 22
19 21 21
12 16 12
7 10 44
7 9 39
2 5 25
0 2 42
8 8 30
5 11 4
23 2 36
15 19 27
20 23 20
16 19 12
10 12 36
6 8 18
13 17 16
23 1 4
21 1 35
17 18 21
15 19 3
12 16 3
17 20 11
22 1 36
18 21 22
16 19 16
12 14 40
6 9 7
22 0 41
16 18 25
15 17 2
22 2 30
22 1 21
18 22 39
16 19 22
21 23 21
2 5 46
13 15 23
8 11 42
16 18 15
15 19 23
2 5 39
6 9 36
20 0 40
10 12 2
17 20 12
12 15 25
15 16 24
20 1 6
8 10 12
4 6 30
16 20 17
5 7 15
9 13 25
23 2 35
19 21 39
14 16 8
10 13 6
15 18 16
6 9 16
20 0 3
22 2 26
19 23 14
2 4 9
16 19 3
7 10 17
5 9 35
17 18 25
20 0 34
5 7 8
5 7 9
3 8 31
6 9 44
12 16 20
15 18 16
9 13 35
7 11 26
0 2 36
18 22 45
13 17 7
22 2 32
2 4 44
7 9 19
7 12 45
20 23 1
13 17 33
14 17 29
23 1 12
17 20 43
5 8 11
1 3 4
19 20 17
11 13 46
23 3 14
19 23 25
20 23 28
5 8 39
3 7 5
11 14 14
8 10 19
15 18 2
22 23 2
3 4 21
22 0 30
0 2 2
19 21 9
14 16 20
8 11 39
0 2 33
6 10 5
17 19 21
5 8 30
4 9 36
10 14 36
14 19 10
4 7 2
11 14 37
4 6 1
2 6 26
11 14 23
11 15 43
18 22 16
21 0 42
6 9 3
20 22 11
1 3 16
13 16 10
12 15 24
4 6 3
13 17 38
22 2 17
22 1 35
5 9 10
13 15 25
20 22 1
8 10 22
11 13 28
1 5 38
11 16 37
21 0 38
20 22 42
23 4 23
2 7 34
18 22 44
10 12 41
8 10 13
13 17 33
6 8 33
14 19 20
16 17 17
10 13 38
22 1 11
1 5 25
0 4 15
20 0 19
12 16 23
6 10 21
23 4 22
1 2 30
9 12 41
20 0 24
12 16 14
17 22 31
4 8 6
18 22 4
3 6 28
6 8 10
9 12 5
4 7 33
11 14 3
11 15 5
14 18 42
10 14 25
0 2 43
4 10 13
16 21 29
10 12 6
17 22 11
19 22 9
3 4 11
9 12 25
12 17 4
8 10 33
22 1 15
0 2 28
4 6 39
14 19 10
17 20 20
18 21 37
14 18 37
5 8 13
18 19 4
22 1 25
11 13 44
1 4 32
22 3 39
8 11 29
3 6 21
23 3 30
18 22 13
3 7 17
21 23 26
7 11 12
14 18 22
3 7 29
19 21 28
15 18 2
13 14 3
10 12 11
10 13 40
8 11 38
17 20 12
21 1 2
22 1 39
21 23 17
8 9 9
9 13 17
12 15 35
20 23 7
5 9 34
5 8 16
13 16 20
11 13 3
12 14 21
20 23 37
20 0 12
18 23 10
7 10 41
5 7 35
7 9 34
9 12 13
8 12 17
23 0 30
22 3 33
16 19 38
15 18 9
17 21 8
19 22 34
22 1 34
23 2 12
14 16 31
13 18 4
13 15 40
14 18 36
1 6 29
19 0 38
13 17 8
10 12 40
16 20 20
9 11 1
0 3 6
0 4 23
20 22 19
1 4 30
15 17 12
22 1 8
5 9 17
23 4 31
0 2 4
14 16 37
19 22 32
18 21 28
3 6 2
19 21 20
14 18 8
8 11 26
23 2 35
0 2 2
7 10 2
14 17 20
10 13 34
4 7 40
6 9 43
7 9 13
4 7 15
9 14 21
10 13 31
20 23 14
7 9 6
3 5 38
3 4 40
15 19 43
2 5 34
20 23 36
7 9 41
21 23 17
19 21 21
11 16 23
9 9 12
0 3 17
7 9 1
14 18 44
22 2 26
15 18 20
7 10 34
14 16 44
11 12 3
10 13 33
0 3 29
22 1 23
16 19 29
15 17 44
3 7 22
21 1 7
1 5 3
10 14 4
8 11 5
10 13 12
23 1 46
10 13 7
11 14 23
10 14 12
22 1 17
19 22 44
1 4 31
0 5 24
5 8 39
23 2 33
0 4 45
20 22 19
6 10 31
12 17 26
12 15 9
17 19 39
13 15 4
20 22 28
7 8 37
10 12 41
22 1 44
14 17 41
0 4 36
8 11 25
18 22 10
18 20 38
10 12 27
19 23 17
20 22 24
4 6 9
2 5 18
20 22 1
12 14 17
15 18 1
23 1 28
6 8 43
0 3 18
9 13 23
10 13 46
7 9 3
20 23 38
16 19 20
2 4 27
22 23 11
14 18 14
10 12 9
9 11 11
11 15 13
15 19 15
2 7 14
20 23 17
16 20 2
21 23 14
18 21 43
16 20 27
10 12 35
6 9 2
21 0 6
7 10 31
11 14 26
17 17 32
22 1 16
16 19 35
12 14 1
16 19 41
12 15 12
7 9 44
4 7 27
14 15 45
17 22 16
17 18 34
16 20 45
10 12 29
8 10 17
12 14 9
15 18 31
5 8 13
4 7 3
10 13 40
18 21 9
12 14 8
5 8 42
14 18 30
5 7 41
19 22 32
7 11 24
0 4 5
18 21 4
4 7 28
12 15 13
19 22 12
18 21 34
19 21 8
3 7 3
19 23 36
21 0 18
13 17 13
21 1 13
2 5 32
20 21 45
10 13 42
5 7 39
22 2 4
23 0 25
5 8 44
19 21 4
18 21 42
1 3 28
21 0 35
1 3 39
14 18 9
6 8 31
18 21 23
2 5 1
15 19 23
15 18 32
20 22 29
6 11 43
6 8 12
9 12 29
2 5 12
5 6 36
14 18 40
1 5 42
3 6 46
12 14 9
0 4 39
22 1 3
10 12 9
21 1 28
0 5 34
11 14 11
2 7 2
5 10 9
19 21 45
17 20 39
0 3 5
13 15 19
21 0 17
7 10 26
19 21 3
12 16 34
19 23 3
10 13 26
5 7 24
8 12 2
9 12 31
8 12 15
13 15 39
16 21 16
9 13 38
1 5 43
9 13 45
10 13 16
3 7 7
17 21 24
23 1 1
6 8 13
6 8 18
4 6 3
15 17 4
15 17 31
