6000 48
23 13 17 2 19 47 9 3 15 1 35 38 13 5 45 14 40 6 48 4 39 34 24 10 10 26 15 35 27 45 35 30 32 17 2 10 30 29 16 42 22 1 17 5 48 9 38 16 
0 3 21
11 13 24
23 2 36
4 6 13
7 10 14
5 9 1
16 18 28
10 12 44
21 23 27
13 17 30
12 14 11
5 9 27
5 8 37
22 1 41
1 3 37
7 10 41
2 7 31
7 8 34
0 3 23
23 0 8
14 16 31
13 14 11
3 6 17
15 19 36
1 2 28
4 6 2
23 0 48
8 11 4
20 23 25
4 6 36
2 5 28
14 16 19
23 3 45
19 23 38
11 14 16
20 22 22
14 17 40
2 5 41
20 23 48
13 15 36
19 20 2
5 8 41
6 8 5
10 14 17
12 14 43
0 2 35
11 15 28
14 17 8
20 0 25
23 1 6
11 14 40
5 7 27
1 5 15
8 11 22
8 13 16
18 21 39
11 13 41
17 18 43
17 19 17
8 12 15
0 3 30
6 9 15
3 6 46
6 9 7
10 14 10
3 6 10
6 7 6
20 23 21
2 5 7
21 23 44
3 6 19
1 5 23
8 9 46
17 21 46
6 8 48
23 4 12
5 8 10
20 21 28
20 22 16
14 17 7
16 19 36
18 21 15
5 9 2
2 5 22
23 1 46
7 10 29
2 5 43
14 18 5
23 2 37
9 12 39
11 12 22
18 22 31
7 9 27
16 19 5
9 12 30
2 5 2
19 21 2
16 21 40
11 14 3
22 23 9
4 9 43
16 18 19
21 0 27
15 20 48
23 1 28
18 22 22
17 21 37
10 13 33
1 3 30
9 13 16
7 9 35
23 2 33
12 13 17
3 5 1
19 22 33
4 8 33
9 11 43
0 4 6
7 11 11
9 13 35
0 3 12
22 1 34
3 5 24
18 21 24
2 5 43
14 17 35
15 20 26
15 19 19
18 22 43
20 23 8
21 0 6
20 0 28
22 0 7
0 3 2
19 22 31
1 3 10
15 18 16
14 17 37
9 14 27
9 14 29
13 18 45
16 18 34
20 23 2
2 4 20
0 1 14
2 5 9
0 3 31
3 6 6
8 11 5
6 8 44
2 4 42
23 1 5
9 13 5
1 4 16
4 7 34
7 9 2
5 7 23
0 2 8
9 12 21
3 7 16
8 10 39
20 22 19
15 19 7
14 17 47
16 19 35
0 2 13
9 13 41
4 7 18
1 3 31
18 22 2
1 3 29
1 4 19
2 6 4
4 8 7
20 23 20
17 18 45
1 4 22
12 15 33
5 9 39
20 21 48
2 4 38
7 10 25
6 10 6
21 23 24
8 12 40
18 21 46
15 19 15
15 19 31
0 2 48
7 12 23
20 0 26
23 1 7
9 12 1
4 6 7
13 15 8
6 10 43
2 5 25
11 13 9
4 8 29
11 13 39
5 10 41
10 12 19
20 21 5
20 22 12
8 9 25
0 4 21
0 3 3
12 15 6
9 12 25
19 22 21
4 7 40
16 20 48
21 22 27
22 2 38
4 8 23
7 10 42
0 3 38
16 18 21
19 23 7
16 20 15
23 3 22
10 14 12
10 12 4
1 5 16
0 0 33
20 0 19
7 10 26
15 19 6
16 19 17
19 21 31
17 21 21
5 11 8
14 17 38
13 17 14
15 19 24
1 4 9
15 18 16
22 1 24
17 20 19
3 6 34
8 11 38
23 4 32
0 3 33
18 20 24
23 1 16
18 22 43
12 15 21
17 21 46
10 14 13
19 22 42
14 17 3
23 3 22
4 7 31
5 7 8
0 5 28
14 15 15
21 23 25
3 7 1
0 1 9
5 7 19
13 16 33
7 9 22
13 15 4
9 13 12
15 17 24
11 14 34
23 4 33
8 10 43
2 6 36
13 17 13
14 17 13
0 4 25
1 5 37
19 23 46
11 14 42
10 13 48
0 2 11
2 6 8
9 11 41
1 4 40
12 15 3
7 10 10
23 2 35
1 5 9
12 17 39
3 5 27
14 16 2
2 5 11
16 20 24
0 2 42
14 17 30
8 13 16
12 14 17
0 5 5
2 7 20
23 2 13
22 1 38
18 21 35
10 13 43
14 17 46
12 15 39
14 17 33
4 6 42
19 22 4
13 15 38
19 19 5
18 21 12
13 15 18
13 17 32
22 23 2
17 20 4
2 4 6
16 20 3
14 16 19
7 10 48
2 5 5
9 13 28
6 11 41
23 2 33
1 3 36
4 7 33
16 20 17
0 3 27
22 0 44
12 14 25
23 4 45
16 17 22
18 21 21
17 22 35
11 15 36
3 6 22
22 0 7
19 22 7
15 16 18
12 14 9
1 4 40
1 6 36
16 19 23
1 5 7
13 16 22
16 21 36
10 15 12
20 0 27
18 21 22
6 10 48
2 5 11
20 23 11
0 1 17
4 6 26
19 23 45
7 11 34
9 13 37
7 9 41
10 13 5
4 8 2
14 16 34
20 23 5
19 22 7
8 10 33
19 22 25
12 15 1
20 22 43
9 12 48
19 21 20
7 9 9
13 16 19
4 7 29
16 18 1
14 15 11
8 12 4
9 13 35
1 6 2
0 4 16
2 7 19
15 19 29
14 17 6
19 21 10
23 2 45
17 20 44
9 12 36
11 13 23
15 17 11
11 16 1
13 14 24
20 23 36
18 22 25
17 18 39
13 16 29
17 21 5
17 21 30
15 18 13
10 13 36
21 23 36
13 15 36
14 18 22
17 20 40
12 16 46
4 7 7
22 1 37
11 14 28
5 6 38
4 6 6
19 22 26
23 2 36
17 20 48
4 6 5
21 22 13
18 20 40
14 17 34
8 10 11
3 7 12
23 0 35
0 0 31
18 20 20
16 17 26
0 2 15
23 0 26
21 0 8
9 11 4
0 2 37
5 7 25
1 3 18
10 12 36
8 10 36
0 2 34
19 21 41
18 22 9
20 0 28
23 0 21
19 22 8
2 5 1
10 13 12
2 6 8
4 6 15
7 8 16
20 0 6
11 13 24
3 5 40
18 20 25
11 13 19
20 0 48
14 16 33
15 19 16
14 17 34
2 4 8
5 8 37
9 13 4
23 3 37
20 21 37
1 5 37
15 19 22
7 12 48
6 9 19
7 10 39
10 13 19
6 8 27
15 18 42
9 13 26
10 13 34
4 8 35
11 13 31
14 19 16
7 11 1
14 18 4
8 11 32
22 3 27
19 23 5
21 23 15
19 21 17
12 17 10
21 23 27
18 22 4
4 6 23
10 13 26
14 17 33
5 6 42
2 7 33
6 9 19
5 8 13
6 8 34
11 15 17
0 2 25
11 13 18
19 21 1
22 1 8
1 3 1
18 22 31
2 3 22
3 7 30
0 3 11
17 18 38
19 22 42
16 19 14
12 17 5
4 7 22
4 7 9
19 22 36
13 19 16
20 23 42
15 20 4
5 8 1
4 8 33
11 14 15
17 19 18
8 10 8
13 15 46
19 20 11
22 1 41
16 21 16
4 7 34
21 0 30
6 10 6
17 19 33
3 5 48
1 5 37
19 22 4
4 6 1
15 17 36
11 14 41
1 5 47
15 18 14
12 15 27
15 17 3
6 9 1
21 0 38
21 23 26
19 22 29
11 12 39
7 11 44
7 8 41
17 18 28
0 2 20
2 6 48
3 7 1
20 23 35
19 23 37
16 18 45
15 18 47
5 10 27
15 19 3
6 8 37
10 12 27
7 12 12
18 21 41
6 9 20
13 17 14
19 22 1
1 5 18
16 18 48
17 20 35
18 21 16
3 7 41
7 10 46
17 19 9
5 7 22
14 17 6
12 16 7
23 1 20
19 22 42
23 1 34
14 18 34
19 22 35
23 4 44
1 4 21
8 10 42
9 11 22
3 8 36
18 20 32
8 10 2
23 3 11
11 15 10
20 23 18
13 14 43
0 3 39
15 18 22
14 16 29
20 23 5
12 16 42
7 10 44
1 5 37
8 10 38
0 1 34
1 3 48
20 0 41
5 8 30
6 10 15
0 2 45
1 3 48
12 14 3
14 17 21
10 13 23
18 20 48
3 6 17
15 18 48
1 5 23
9 9 26
13 16 2
11 14 35
0 2 26
0 2 36
11 15 14
20 23 6
1 4 46
4 5 42
23 2 35
20 0 39
12 14 36
21 23 43
0 3 27
14 18 5
11 15 26
23 3 16
10 13 16
12 14 44
15 17 14
1 1 12
4 7 34
2 5 48
16 18 29
22 22 41
3 5 47
17 20 25
19 23 39
21 22 24
8 11 15
22 1 31
6 9 18
4 6 28
21 0 37
4 5 42
15 18 7
6 9 25
1 3 46
21 0 10
1 3 11
9 13 47
10 14 5
22 1 6
12 14 15
13 15 28
14 17 11
20 22 13
0 3 39
1 4 11
21 0 36
6 9 41
19 21 11
15 18 10
16 18 40
5 8 47
6 10 21
15 17 27
4 8 11
8 12 22
10 11 20
10 12 8
2 4 27
11 12 9
23 4 4
21 1 35
20 22 30
11 14 19
10 12 29
18 22 8
17 20 17
17 20 43
7 10 43
14 16 33
9 11 13
18 18 9
8 10 4
13 16 22
23 4 27
22 1 28
4 8 32
7 10 34
10 12 22
4 7 37
12 15 44
22 1 14
7 10 22
12 15 33
11 14 27
13 15 47
22 2 40
20 23 44
15 18 22
20 0 42
23 1 7
23 1 30
7 8 27
2 6 6
8 11 10
12 17 48
17 20 12
14 18 33
23 1 32
2 4 27
7 10 31
15 20 43
21 0 43
7 10 45
14 18 3
15 17 47
17 18 30
5 8 17
4 8 41
10 13 20
21 0 16
13 16 12
16 17 19
0 1 21
3 8 19
5 8 23
7 10 11
4 8 5
21 1 20
2 6 27
6 6 10
10 13 7
5 7 10
15 19 34
5 7 42
19 21 41
15 19 20
12 15 43
4 8 46
5 8 23
12 15 16
0 5 3
1 4 17
12 15 21
5 7 11
3 5 5
13 16 26
13 14 3
19 21 47
23 2 28
12 13 34
0 3 17
18 23 30
19 20 11
6 9 35
19 22 9
12 15 39
1 4 39
15 16 9
9 12 46
9 11 32
16 19 47
5 8 39
13 15 45
14 15 16
4 6 18
2 4 2
20 0 4
21 1 36
17 19 10
17 20 39
11 14 21
18 19 23
12 15 31
0 2 42
1 4 22
23 2 38
18 20 1
3 6 35
20 0 43
9 12 17
19 22 9
12 15 9
9 12 10
20 1 38
18 21 32
23 1 45
18 22 24
16 20 1
10 13 6
7 10 25
5 7 16
18 20 19
0 4 33
11 14 3
17 19 5
3 6 32
0 3 30
6 8 38
8 12 42
7 9 48
9 11 43
21 23 22
10 14 15
8 12 13
0 3 39
2 6 19
7 11 19
6 9 45
3 4 25
3 6 36
23 3 10
23 2 6
18 19 44
20 23 3
11 13 3
22 2 47
4 7 6
5 8 7
3 7 32
6 8 33
22 1 42
5 8 19
20 21 25
3 6 41
2 5 19
12 14 28
22 2 30
9 12 11
15 18 15
22 0 5
17 22 22
15 18 34
12 15 4
19 0 34
1 5 27
16 19 36
21 1 5
0 3 21
3 6 20
0 3 9
11 14 6
9 12 39
2 8 40
0 3 20
20 23 31
2 5 12
23 1 6
7 12 17
21 1 30
1 6 2
5 9 23
10 14 13
16 21 23
22 2 7
14 16 44
1 6 3
0 3 45
18 21 5
11 16 44
9 14 13
7 9 37
15 17 11
17 19 35
16 19 4
11 14 32
9 11 16
19 22 4
14 18 6
0 0 7
13 16 27
4 8 39
15 18 11
7 10 17
19 0 33
13 16 28
10 13 15
15 17 26
13 17 5
9 13 6
3 6 38
18 19 1
4 8 20
10 15 48
8 12 19
14 16 29
2 6 16
4 5 39
3 7 39
2 6 3
8 11 10
1 5 24
22 1 45
7 11 40
19 21 38
19 22 42
10 12 27
0 2 22
5 8 7
14 18 36
8 10 41
15 18 42
3 7 48
19 22 25
3 6 27
21 1 15
18 23 48
13 15 6
12 16 33
12 14 6
3 5 13
10 13 29
5 7 42
17 20 28
18 22 40
3 5 28
6 10 3
10 13 6
5 7 45
23 2 31
11 14 4
17 21 42
23 1 38
8 12 17
14 18 14
6 10 6
22 1 12
23 1 31
10 14 31
4 6 33
16 18 41
10 12 14
20 23 4
11 15 16
2 2 24
17 21 32
1 2 23
5 9 7
11 13 27
7 9 36
20 23 42
9 11 9
4 8 24
16 20 37
4 9 46
16 17 29
21 0 13
20 0 7
21 1 21
0 5 24
2 6 20
0 3 23
16 19 46
0 3 9
19 23 6
15 19 7
10 12 7
21 0 17
20 23 3
16 22 27
10 12 26
9 11 21
3 5 27
4 7 2
2 6 48
6 9 27
3 6 43
18 0 37
18 21 24
15 18 12
20 0 16
16 19 40
14 17 24
13 16 13
0 2 45
22 0 23
9 11 19
7 11 34
13 16 30
2 4 2
14 18 3
11 13 20
5 7 26
13 17 33
16 18 41
9 14 37
15 17 4
13 17 28
10 14 39
7 10 15
14 19 22
20 22 18
15 19 1
12 15 28
6 8 1
12 16 35
7 11 37
2 6 11
9 11 9
20 22 47
16 19 28
2 6 26
18 23 13
15 18 35
16 20 30
19 0 8
3 7 35
18 21 41
7 10 23
3 7 28
23 1 30
8 11 22
4 7 35
3 6 16
14 18 14
17 19 39
1 3 25
11 14 37
21 0 6
16 17 45
7 9 31
20 23 13
14 17 38
22 2 31
1 6 10
7 9 37
15 17 38
2 3 26
3 5 14
15 17 39
3 5 47
23 3 32
17 19 36
22 0 41
9 13 48
19 22 3
3 8 17
19 22 23
8 13 39
18 21 43
22 1 44
21 0 38
1 6 23
15 19 22
20 1 8
22 23 23
5 8 7
20 22 33
18 21 4
7 9 40
21 1 30
15 20 16
10 14 11
6 9 28
11 16 2
19 22 24
11 13 38
15 20 36
22 3 14
19 0 6
10 13 15
5 9 40
8 12 17
1 5 3
15 20 7
18 21 5
1 3 45
17 21 2
11 15 16
10 15 33
1 3 42
11 14 45
15 18 23
23 1 46
5 9 42
14 18 2
17 19 47
1 6 29
19 20 10
0 2 13
19 22 23
11 14 35
19 21 1
14 17 32
20 23 13
8 12 29
0 3 37
0 4 10
9 11 21
23 1 32
16 19 43
0 3 23
2 5 34
4 6 11
16 17 24
2 5 18
11 13 41
11 15 20
17 21 48
14 18 12
4 7 45
23 2 40
0 3 42
11 16 21
23 1 31
2 5 2
15 17 18
5 9 40
3 8 4
9 12 41
22 1 2
18 21 2
11 15 15
13 17 37
5 7 26
1 4 22
5 8 45
8 11 32
17 19 35
18 20 20
4 8 42
18 21 13
2 5 21
19 23 25
2 6 25
9 11 13
22 0 42
14 16 43
8 11 6
23 2 25
5 8 19
12 16 35
4 7 9
7 11 36
5 7 27
22 1 16
13 15 30
1 4 35
21 0 15
12 15 13
6 10 22
5 9 41
4 6 42
9 11 6
22 2 32
8 11 1
10 13 11
2 6 32
14 16 39
10 14 40
0 4 37
3 5 40
0 3 33
1 3 30
3 6 41
7 11 45
20 0 31
12 15 11
3 5 30
12 15 4
20 23 47
23 3 10
10 11 42
19 22 15
19 23 11
2 7 27
16 17 18
4 6 41
21 0 15
17 19 14
5 9 17
10 11 6
2 5 2
6 9 20
9 13 26
7 10 19
21 23 24
10 10 14
20 23 2
18 21 16
9 12 30
8 10 25
9 14 16
8 9 35
21 1 42
11 12 35
3 5 35
19 23 46
1 3 25
4 7 22
4 7 47
0 3 9
2 5 45
0 5 45
13 14 15
13 16 21
12 15 1
7 11 31
23 4 1
6 10 40
16 19 1
16 19 43
12 13 8
6 8 23
14 17 43
10 15 1
1 5 37
22 23 48
9 12 20
3 5 18
15 17 35
12 15 4
9 14 26
12 17 5
1 6 14
20 20 2
8 11 23
13 16 30
14 18 1
19 23 13
14 17 47
4 8 28
15 20 46
15 18 2
16 19 15
1 3 28
1 4 20
20 1 24
16 18 21
14 17 18
10 14 17
7 11 8
16 19 30
19 23 41
21 23 45
13 18 12
12 17 15
15 16 39
4 7 32
21 23 5
23 2 48
12 16 22
6 10 16
14 17 19
7 11 17
18 21 32
15 18 44
13 17 9
0 2 23
1 4 14
0 3 32
0 2 46
1 3 3
1 5 14
9 12 29
18 20 8
16 20 26
1 7 16
19 0 8
13 16 4
9 14 34
14 19 15
10 15 41
14 17 32
23 2 8
5 7 46
4 6 23
22 2 37
2 4 29
21 0 2
18 22 28
3 5 46
15 19 8
14 17 41
6 9 46
14 19 22
2 5 37
17 21 30
22 0 15
17 19 14
18 20 27
19 22 25
20 22 12
13 14 11
2 5 41
14 16 24
8 11 24
10 12 41
6 9 2
22 1 8
7 8 16
19 21 25
8 10 32
14 16 43
10 13 2
15 17 25
13 16 44
2 2 14
3 7 10
20 23 22
8 11 11
23 2 4
1 3 20
4 8 7
8 12 15
3 4 12
19 23 12
0 3 19
19 21 18
12 14 26
23 3 45
0 1 19
17 20 31
0 5 32
21 1 19
0 1 44
14 18 33
8 11 17
5 8 7
5 9 30
8 12 36
10 12 15
1 4 47
11 16 6
21 0 18
13 16 11
18 21 48
7 9 16
13 17 33
17 21 46
3 6 36
11 13 11
20 22 33
9 13 2
3 6 45
19 23 9
7 10 18
16 21 6
10 13 25
14 19 18
16 19 2
3 6 6
2 5 35
7 10 44
17 22 32
16 19 37
5 9 24
8 10 15
0 4 26
18 19 27
18 20 1
18 21 22
1 5 26
11 13 19
22 2 48
15 19 16
23 2 3
14 15 3
6 8 31
23 1 19
20 22 5
7 9 32
8 13 8
10 14 21
9 11 14
12 14 4
10 13 22
17 20 7
12 15 27
13 15 29
13 15 19
7 9 8
2 3 37
6 9 34
22 1 18
18 20 20
16 19 9
10 13 35
6 10 41
18 23 9
10 14 47
3 5 2
12 14 4
0 1 30
23 3 10
16 19 5
3 8 38
22 1 48
0 2 12
13 15 4
3 7 41
7 9 47
8 12 23
16 20 28
14 16 26
14 18 40
15 19 43
17 21 17
7 10 21
21 23 45
12 17 22
14 14 48
5 8 16
8 12 9
1 4 23
6 8 36
16 19 21
4 8 4
10 12 22
16 19 37
11 14 29
16 20 45
12 14 28
17 20 25
18 22 7
11 14 27
1 5 34
0 5 42
6 10 48
21 0 13
11 13 23
23 3 21
8 10 5
8 10 20
8 11 22
21 0 45
19 23 28
2 7 39
7 10 13
1 5 34
2 4 15
21 1 27
21 1 38
14 17 39
4 5 3
17 20 6
12 13 3
17 20 15
23 4 26
3 5 22
6 9 11
16 18 29
6 9 48
7 11 46
10 13 36
8 11 22
3 7 47
20 22 4
10 13 48
21 1 45
5 7 8
10 14 16
6 9 27
11 13 42
17 20 44
17 20 8
2 5 14
9 13 41
16 18 24
20 23 17
23 3 21
17 22 20
15 18 36
3 5 17
1 4 27
13 17 16
5 8 43
20 22 6
6 11 10
5 7 34
8 11 45
4 7 3
5 7 28
14 17 13
1 4 40
22 1 17
19 22 38
2 5 21
5 9 5
12 15 16
21 22 27
20 22 33
16 20 47
5 6 15
21 23 25
21 0 40
19 22 45
18 21 15
12 15 24
12 14 45
21 1 23
2 3 43
22 0 41
17 22 27
5 9 8
13 16 28
13 14 40
18 22 22
7 10 30
21 0 12
13 15 12
22 1 27
17 20 3
5 8 17
2 5 23
4 7 23
4 7 44
12 14 44
21 0 37
22 1 26
18 21 20
4 7 16
2 5 39
3 6 24
7 8 4
3 6 18
3 7 2
21 0 31
2 5 37
21 23 28
0 4 34
15 17 17
20 23 3
16 20 20
15 17 34
23 3 5
8 12 8
9 14 18
20 0 35
9 12 43
1 3 24
13 17 36
23 1 20
22 2 28
1 4 5
13 16 16
3 5 18
3 6 15
21 0 40
14 19 2
1 4 3
18 20 20
22 1 47
5 8 7
17 22 37
15 19 23
7 11 10
9 12 25
13 15 34
15 17 10
14 19 26
2 4 2
3 7 43
17 20 4
18 22 10
12 14 43
2 6 6
15 18 16
1 5 6
14 18 30
15 17 43
17 20 46
17 19 46
0 3 14
22 1 44
1 4 45
8 10 32
10 12 44
21 23 48
6 10 12
3 6 9
7 12 43
23 2 33
15 19 12
11 12 23
17 19 38
12 14 2
4 7 30
12 13 2
11 14 48
11 13 25
7 9 14
8 12 9
20 23 22
15 19 41
2 5 40
22 2 9
7 12 30
4 7 46
8 10 42
18 22 5
17 22 38
6 8 20
3 4 27
14 16 6
21 22 11
23 1 15
19 22 11
1 5 21
13 13 17
2 3 22
8 11 43
15 18 3
11 14 12
9 14 34
9 10 25
13 15 3
5 9 33
14 16 18
18 21 10
15 19 40
1 4 46
23 1 25
0 2 8
4 7 20
20 22 39
21 0 31
17 21 44
16 19 47
17 19 39
11 15 17
14 17 18
5 7 33
13 16 10
16 17 40
16 18 17
10 12 15
8 9 32
8 12 24
3 6 11
21 1 31
5 7 31
16 19 10
23 1 48
20 23 17
10 13 48
21 1 3
1 4 26
7 8 19
23 2 20
11 15 11
21 23 44
8 12 36
4 7 14
8 10 34
10 16 46
19 23 36
5 7 1
4 8 15
12 14 18
16 20 11
15 18 22
3 5 42
4 9 25
6 9 9
18 20 34
19 22 15
13 17 23
3 6 26
10 14 16
7 11 4
10 11 10
4 8 22
18 22 48
15 19 23
20 23 39
12 15 40
6 9 45
0 3 18
18 20 35
14 17 31
17 19 3
15 18 15
10 14 21
20 23 34
13 16 28
6 9 28
1 4 3
6 10 47
0 4 39
10 13 28
15 19 14
10 14 1
8 13 42
3 8 29
3 5 5
13 18 9
2 4 12
19 22 39
5 7 44
8 10 22
18 21 37
10 13 22
11 14 12
4 8 26
20 22 26
8 11 45
1 5 32
18 20 11
19 22 7
5 10 46
16 18 36
10 14 27
22 1 46
21 23 34
19 22 30
12 15 41
19 22 17
20 22 39
20 22 11
22 1 6
13 15 39
11 14 30
11 14 9
20 22 38
0 2 26
21 1 26
12 14 21
14 17 34
4 6 31
23 3 6
16 17 48
23 1 5
19 23 37
23 3 7
3 7 29
6 9 14
22 2 44
2 5 26
21 0 19
9 11 2
18 21 38
4 6 39
3 6 28
4 6 33
12 18 46
4 7 40
15 19 38
11 15 38
12 14 16
15 18 15
0 5 5
20 0 9
14 16 33
16 18 26
14 18 4
18 21 22
8 13 30
23 2 39
1 1 9
17 21 31
5 8 5
7 13 10
1 3 16
1 3 35
12 16 28
18 23 15
21 1 20
1 2 25
15 17 7
20 23 37
20 21 43
23 2 10
8 12 14
9 12 42
19 23 15
8 11 15
14 15 8
1 5 48
17 22 13
15 19 30
12 14 35
22 0 4
23 1 3
10 14 48
13 16 1
19 20 35
8 10 38
7 8 11
22 0 37
3 5 48
0 4 8
8 11 7
13 17 46
7 10 34
3 7 25
18 22 18
13 17 25
19 20 15
3 8 7
22 0 28
15 17 21
7 9 40
20 22 38
15 18 40
17 20 44
19 22 10
2 6 36
20 23 7
2 4 28
5 8 34
21 2 12
3 7 3
22 0 28
1 4 35
1 3 46
14 17 32
17 21 27
23 2 4
11 14 35
13 15 5
2 5 38
8 11 16
6 7 31
15 19 17
11 15 12
4 4 36
20 23 40
3 5 29
21 1 45
22 0 5
13 18 1
14 18 2
21 1 39
0 2 22
13 16 21
19 22 27
10 12 18
0 4 30
7 9 25
6 9 16
23 3 4
18 21 19
17 20 41
17 21 25
16 20 38
6 8 14
17 20 23
23 3 38
0 4 4
10 15 32
18 21 17
14 16 11
6 10 11
18 20 12
16 21 37
2 6 19
18 21 27
2 4 5
5 8 23
6 8 4
16 18 38
1 4 38
0 2 32
1 4 47
9 13 14
10 13 1
6 8 10
16 21 3
22 2 14
19 21 16
4 6 23
0 2 32
17 20 19
16 18 45
11 15 31
20 21 17
12 17 3
1 3 11
17 18 40
12 14 21
17 20 38
3 6 14
11 14 43
22 2 20
1 3 40
19 23 15
23 2 15
12 14 29
20 23 48
0 3 45
1 3 43
21 0 6
3 6 36
18 23 22
16 18 39
14 17 6
9 12 28
18 21 5
20 21 5
5 8 12
2 3 7
9 13 1
9 13 18
17 20 45
22 2 33
23 1 10
23 2 25
1 4 30
4 6 15
20 1 24
1 4 8
9 10 40
12 14 25
1 2 8
9 10 36
8 12 23
22 1 1
3 6 30
14 16 15
12 16 27
10 13 26
0 3 25
10 14 9
23 3 7
5 7 1
12 16 16
10 13 40
20 0 44
12 16 8
17 19 16
9 12 12
23 1 3
21 1 10
17 20 33
2 4 25
0 3 40
20 23 10
4 7 19
11 13 41
15 17 33
11 14 14
3 6 21
5 8 27
17 21 42
6 9 30
5 7 16
5 8 6
9 13 46
13 15 33
18 20 9
23 2 42
2 8 39
3 7 12
4 7 37
20 21 29
9 13 35
9 12 34
23 3 22
22 2 30
13 16 4
18 23 21
14 17 22
22 1 9
4 6 2
23 2 25
5 8 24
20 0 20
17 21 35
17 19 25
11 14 23
19 23 27
21 0 9
13 15 41
13 16 24
20 23 15
14 17 32
21 1 11
0 3 10
7 10 19
17 19 31
2 4 36
10 12 43
3 8 45
4 6 35
15 17 41
10 13 11
19 21 29
17 19 37
17 21 19
1 4 33
5 7 19
23 2 14
16 18 23
7 12 34
1 4 17
8 10 4
17 21 30
17 20 33
22 1 7
7 10 36
7 10 10
20 23 24
11 13 9
17 20 19
23 1 18
21 23 38
4 6 41
3 5 38
20 0 29
4 7 18
3 6 10
23 0 5
9 12 38
15 19 35
6 9 15
15 18 17
12 17 34
18 20 23
23 3 26
22 2 47
1 2 32
21 23 45
10 15 27
14 19 8
20 23 39
19 21 32
11 14 46
20 0 27
0 2 22
4 7 47
5 9 23
23 3 3
22 1 7
16 20 40
14 18 18
16 18 25
4 10 37
0 3 10
18 20 29
6 10 10
6 10 19
9 12 21
12 16 5
8 10 28
18 21 38
14 16 35
21 0 21
3 7 22
15 19 9
19 23 32
19 1 11
3 7 33
19 21 21
20 22 8
10 12 2
11 16 21
2 5 38
22 1 30
15 19 37
3 8 17
0 1 46
17 20 4
11 14 37
1 5 21
13 17 33
21 0 26
8 10 25
23 4 18
2 2 17
8 10 25
19 22 44
10 12 33
9 13 7
11 14 38
8 11 22
13 16 3
13 15 11
21 1 7
4 7 36
8 11 14
21 0 37
10 14 31
23 3 44
18 20 29
17 20 19
5 7 44
18 21 48
9 12 19
5 7 34
8 13 35
12 16 29
14 16 21
14 19 1
8 9 7
6 8 38
16 18 9
16 19 38
8 10 21
18 20 6
14 19 28
4 7 12
23 2 42
10 12 31
4 6 40
16 19 39
13 14 11
4 7 23
22 2 25
6 9 28
3 6 9
19 21 42
13 17 30
20 22 23
12 15 36
2 6 34
9 11 48
16 20 3
5 10 19
17 21 18
22 2 35
15 17 48
7 10 39
1 5 40
2 5 47
4 7 33
7 10 24
5 8 43
18 22 10
23 0 48
11 15 43
9 12 9
22 2 37
5 8 15
0 4 27
23 3 16
12 15 2
18 22 12
8 10 13
15 20 39
15 19 44
2 4 19
21 22 28
2 6 31
2 6 46
5 9 16
10 11 47
15 18 4
22 2 17
13 18 7
0 3 28
4 7 14
11 13 11
12 16 28
16 19 17
19 21 36
14 17 4
23 1 24
9 12 44
2 6 27
1 4 31
8 13 20
9 13 22
23 2 29
15 19 16
19 21 43
2 5 45
8 11 36
5 8 3
15 19 21
4 7 25
7 11 37
10 13 2
4 8 39
9 12 2
18 20 39
10 13 12
3 7 32
1 4 26
5 7 29
9 11 1
3 7 36
15 18 7
4 7 20
19 23 4
2 5 13
17 19 10
20 0 35
3 8 25
17 20 47
14 17 11
19 22 14
6 10 9
16 19 5
0 4 47
4 7 28
11 15 40
15 19 1
17 20 37
12 14 3
11 13 34
18 21 33
23 3 38
22 3 25
4 7 10
8 10 45
19 22 22
1 5 38
21 1 30
8 10 41
20 21 14
21 1 7
3 8 1
23 2 24
15 18 5
7 9 32
12 15 6
4 7 25
10 14 44
0 2 25
15 20 1
11 15 34
2 6 20
20 23 39
16 21 6
1 2 37
12 15 8
23 3 26
8 9 31
14 18 2
18 21 34
6 10 9
14 19 48
2 5 3
20 23 28
10 14 43
18 21 46
20 23 19
20 22 45
20 0 33
23 2 4
17 21 43
8 13 3
10 12 25
4 6 13
9 10 20
20 21 14
19 19 4
4 6 25
22 0 42
2 5 47
4 7 9
8 12 37
13 16 22
15 18 16
0 5 6
16 19 24
22 2 28
10 12 12
12 15 3
9 12 21
9 10 46
3 7 17
23 2 27
14 17 43
9 11 30
3 6 29
12 16 39
22 1 20
0 3 18
9 11 10
14 16 7
7 10 30
3 6 14
20 0 41
2 5 22
4 7 11
2 5 13
8 10 1
3 6 12
1 4 32
14 17 21
4 6 31
7 10 1
11 14 44
0 2 34
18 20 46
6 10 8
6 10 30
18 19 7
20 23 15
21 1 11
18 20 23
9 13 23
12 16 6
4 7 10
11 15 26
4 8 32
2 6 47
1 4 45
10 13 36
13 17 16
18 22 14
22 2 46
11 12 19
12 16 45
6 10 9
19 22 5
22 0 34
7 12 34
2 6 21
20 21 23
19 22 14
1 3 13
5 8 33
17 19 3
21 1 44
12 13 14
12 17 21
17 21 13
1 4 36
4 6 19
16 18 32
4 6 25
4 7 31
6 10 35
7 8 43
2 5 30
15 17 44
11 14 28
18 21 37
1 3 1
21 23 28
5 8 40
19 23 44
9 13 48
20 0 3
22 1 37
11 14 19
1 4 33
15 15 48
16 20 23
11 12 47
21 0 40
18 23 28
9 12 26
9 12 6
3 3 40
19 22 1
10 12 4
20 23 23
8 10 7
17 20 17
20 22 18
18 23 6
9 12 10
13 15 17
5 7 24
3 7 32
8 10 24
13 18 5
18 22 8
2 4 17
4 6 46
4 6 45
18 20 40
0 4 22
18 20 14
9 13 14
0 3 23
5 7 47
6 8 16
2 5 19
2 6 26
16 20 32
21 23 24
4 8 31
3 7 45
17 21 2
16 21 41
14 16 20
19 21 5
6 9 11
4 8 5
21 23 30
23 3 41
19 23 37
19 19 2
0 3 45
10 12 46
8 10 23
6 11 14
7 10 27
21 23 15
3 5 37
18 21 14
4 7 41
23 1 3
16 19 25
0 1 23
16 19 33
9 11 48
6 12 28
3 6 30
2 6 6
2 5 2
13 14 23
0 4 42
10 13 27
17 21 25
18 20 4
15 18 35
16 22 38
13 17 30
0 4 7
5 9 8
8 10 30
18 21 43
8 10 9
20 22 34
3 6 33
7 11 39
0 3 20
2 5 40
11 12 25
19 21 42
6 10 3
11 14 45
18 20 29
12 15 27
3 8 22
6 9 27
2 6 44
6 11 16
12 15 18
21 23 22
6 9 45
18 20 16
12 16 1
1 4 6
6 9 11
19 23 13
6 8 47
12 16 6
21 0 15
13 16 33
9 12 44
21 23 14
14 17 29
3 6 20
3 6 12
1 5 46
4 6 29
22 3 14
2 6 42
23 3 37
11 15 43
4 6 29
13 15 43
15 18 12
15 17 26
5 6 6
20 0 28
6 9 45
22 1 22
18 22 2
22 2 13
19 23 6
22 0 21
7 10 10
4 8 23
12 14 10
12 17 39
23 2 11
6 9 24
17 20 25
3 7 23
10 12 18
14 17 15
8 10 10
18 22 31
7 9 19
23 2 19
17 19 5
5 9 37
5 7 40
23 1 43
23 3 22
10 12 48
20 0 40
15 17 27
23 3 32
6 9 29
7 10 7
22 1 29
6 8 7
17 20 46
3 7 1
3 7 7
2 5 15
19 23 31
0 1 46
20 22 5
9 13 24
23 2 10
16 19 3
17 17 41
15 17 45
22 1 17
21 0 23
21 23 15
18 20 35
9 12 2
14 17 11
13 15 44
8 11 32
15 19 29
16 19 35
18 21 24
0 2 3
19 22 4
23 2 20
11 14 41
2 5 46
8 11 2
14 16 5
14 16 45
20 22 5
3 4 3
11 13 15
20 23 21
6 8 27
5 7 30
8 12 6
5 7 40
22 1 44
22 2 13
17 20 2
21 23 20
14 19 10
7 9 25
9 12 5
10 11 48
6 8 45
21 23 20
20 0 31
14 18 15
18 20 3
17 19 38
12 14 13
20 23 46
16 18 14
13 16 25
5 7 24
2 4 40
6 9 10
11 15 21
4 9 48
16 19 10
14 15 18
1 3 6
13 15 2
15 18 16
7 11 38
6 8 6
5 7 34
7 11 4
7 10 43
6 8 5
20 0 37
3 7 27
18 20 23
11 13 3
22 0 25
17 19 9
5 8 22
18 20 7
21 2 31
22 1 14
1 4 2
6 9 15
1 4 27
14 17 20
16 19 7
5 9 16
17 20 40
0 3 28
10 13 39
12 15 15
8 9 38
13 17 20
1 5 44
11 14 44
3 7 26
10 14 19
8 11 8
6 9 9
21 23 40
14 17 3
9 12 34
18 21 39
10 12 37
3 5 25
5 7 16
10 12 16
5 6 15
17 20 43
23 2 39
20 1 8
10 12 18
8 11 45
7 11 35
6 8 17
15 17 14
10 14 31
17 19 8
0 3 38
18 20 12
20 22 35
7 11 17
9 12 8
16 20 9
20 23 18
6 9 44
15 16 28
6 10 40
7 10 15
6 8 3
18 22 10
17 21 41
14 18 12
13 15 5
7 9 32
17 21 44
1 4 32
13 16 41
20 23 27
17 21 15
17 19 48
20 21 30
20 22 17
13 16 9
20 22 1
18 21 14
0 1 2
21 1 31
11 15 10
18 19 36
14 17 8
16 20 41
22 1 34
13 15 32
11 14 24
1 4 3
14 16 24
18 20 17
11 12 45
1 4 47
4 7 30
8 10 32
17 19 27
11 13 26
17 20 21
20 22 34
14 17 34
15 18 5
7 12 14
10 15 32
11 15 13
19 20 45
4 7 33
15 19 21
19 23 3
22 23 36
20 22 30
19 22 34
23 3 25
5 8 45
5 8 20
20 23 35
1 3 32
15 20 12
19 20 14
21 1 27
11 16 10
9 11 29
0 4 13
15 19 31
17 20 10
11 14 29
13 15 10
22 1 21
0 1 26
22 2 29
21 2 29
13 18 27
9 11 5
22 1 48
22 1 21
22 3 42
18 22 26
11 13 27
13 17 39
0 3 44
13 15 8
15 17 20
14 15 23
9 14 31
1 2 2
9 11 1
18 21 47
5 7 15
0 4 20
15 18 16
10 13 23
14 18 29
9 11 35
14 16 4
17 21 39
8 11 42
3 4 42
13 16 4
0 1 17
6 9 19
6 9 12
14 18 32
20 22 25
7 8 48
2 4 2
13 15 14
21 22 46
18 22 13
5 8 38
22 1 26
17 21 21
23 2 14
8 11 8
13 17 16
17 22 2
22 23 8
23 0 24
3 8 44
18 20 44
23 0 23
10 13 38
4 9 32
19 22 46
22 0 30
0 1 29
21 1 22
13 16 23
12 17 42
3 6 14
12 16 48
17 21 27
0 5 45
23 3 1
22 0 35
1 2 39
7 10 39
21 0 10
4 6 42
10 12 31
14 16 23
4 6 7
20 0 37
23 3 36
13 14 12
1 2 16
19 22 14
19 21 19
12 15 22
6 8 23
9 13 22
11 13 20
0 3 32
21 23 15
2 5 33
6 9 23
12 13 18
3 6 36
11 14 30
16 19 1
5 6 48
21 0 41
15 19 35
16 19 44
21 21 38
11 16 22
0 1 48
2 5 41
20 22 31
7 10 14
12 14 2
1 3 16
17 20 46
0 3 46
11 16 33
19 21 20
1 5 36
17 19 14
12 16 5
11 14 11
8 12 24
15 18 8
22 1 3
14 17 6
21 0 5
7 10 39
14 17 17
2 4 37
7 11 27
2 4 26
0 3 45
19 21 24
2 4 27
10 15 21
5 7 26
4 9 32
20 0 21
14 18 2
20 0 25
21 1 46
6 9 1
7 11 14
16 21 19
11 14 16
3 6 33
3 6 19
1 3 17
20 23 29
5 8 22
11 15 31
13 16 14
15 18 44
17 19 39
2 5 29
5 7 9
15 17 31
18 20 28
22 1 18
2 5 33
16 18 27
3 7 18
11 13 32
12 15 20
13 15 7
14 17 23
5 7 27
9 12 8
18 23 11
4 7 31
18 22 1
9 13 45
0 3 2
16 19 46
9 12 14
11 14 8
3 3 35
4 8 9
9 13 29
1 5 16
18 22 18
17 18 34
17 21 1
18 20 34
18 22 7
18 21 6
12 13 12
22 2 1
13 16 35
22 1 10
0 2 20
13 16 7
20 0 12
22 0 2
0 3 12
0 4 42
13 15 40
12 15 22
3 8 10
13 17 23
16 18 3
16 20 33
16 19 30
21 2 41
0 4 12
12 16 29
6 9 23
20 23 16
21 23 45
8 11 7
21 1 3
14 17 36
18 22 4
13 15 18
0 2 14
15 19 11
12 13 11
6 10 2
12 15 40
12 17 17
5 8 16
22 1 44
23 3 39
8 10 13
15 19 19
3 8 13
6 10 27
22 0 38
14 17 1
13 16 28
16 18 39
15 18 23
0 3 10
21 0 19
2 6 18
4 6 41
1 3 14
8 11 38
3 6 25
11 13 39
6 8 22
13 17 36
22 2 47
6 8 47
18 19 3
22 1 20
16 19 33
0 1 18
18 20 30
16 18 9
16 18 4
20 21 25
19 22 40
2 4 23
17 20 15
6 9 12
11 12 24
0 4 30
16 20 10
22 0 8
4 7 41
18 21 18
13 17 13
20 23 28
6 9 5
23 2 48
5 8 7
20 22 29
1 4 9
4 6 36
18 22 25
6 11 13
16 19 38
19 22 2
18 20 48
6 10 21
13 16 22
18 20 19
20 22 7
17 19 37
22 1 47
21 0 36
23 2 34
13 16 46
15 18 34
11 14 27
21 2 45
4 8 15
18 21 35
21 1 35
4 6 43
9 12 15
13 16 29
7 10 22
9 13 29
18 21 11
10 13 38
5 7 27
14 18 29
11 14 27
9 14 41
20 23 19
10 14 47
10 13 29
6 9 11
0 3 33
10 13 43
21 1 39
22 3 9
8 12 14
1 6 19
10 14 9
11 14 6
10 13 17
19 23 34
10 12 28
10 14 14
11 14 15
11 15 34
15 20 6
5 10 20
22 0 41
20 23 40
6 9 35
5 6 8
11 16 41
6 9 45
21 1 35
22 1 19
19 23 31
9 13 15
6 8 29
10 12 16
13 16 33
19 20 5
12 15 10
15 19 46
9 11 48
23 2 8
12 15 42
11 15 17
20 22 11
18 22 8
5 8 3
15 18 2
13 16 5
14 17 39
0 5 25
0 3 27
12 15 2
0 3 13
14 19 45
5 9 14
2 6 38
15 19 2
19 22 31
16 20 16
8 12 1
12 15 45
22 0 29
3 6 42
3 3 1
21 0 13
14 16 43
1 2 2
9 11 43
19 21 11
19 21 41
23 2 34
14 18 16
22 0 33
12 14 35
1 4 36
4 8 41
19 21 10
19 22 13
9 12 40
13 16 5
11 15 17
23 2 3
1 4 1
3 5 16
17 18 30
0 2 26
19 23 36
14 17 8
22 1 18
18 22 43
6 9 9
14 16 38
14 18 8
9 12 29
23 2 17
19 22 5
8 11 6
3 5 41
15 17 25
9 13 43
14 15 12
11 13 6
21 23 19
23 1 33
0 4 12
22 1 32
11 13 47
11 13 25
10 11 47
14 17 36
20 1 25
8 12 2
21 0 17
3 5 48
20 23 24
21 0 40
21 1 13
17 19 7
5 7 43
2 4 26
2 5 42
13 15 43
0 3 32
21 0 31
7 11 27
12 15 48
14 16 17
14 17 32
19 22 23
1 4 40
5 8 11
6 9 33
10 15 48
1 4 25
14 17 40
18 21 5
15 19 30
15 20 43
5 7 16
22 1 15
1 3 28
3 7 21
17 19 14
5 7 12
17 22 32
14 16 47
15 19 47
12 15 4
15 17 20
21 0 5
13 15 14
9 13 21
2 6 27
23 2 1
15 17 37
1 4 41
5 9 35
10 13 35
19 20 40
1 5 40
13 16 11
0 3 37
7 11 12
2 5 31
19 22 30
20 21 10
21 0 13
23 3 11
22 1 25
23 1 5
6 7 48
3 6 42
16 17 15
16 19 29
2 5 24
20 23 5
1 6 35
20 23 6
8 12 10
6 11 38
0 2 14
4 6 16
19 23 15
4 9 18
6 10 9
7 9 40
8 13 2
18 21 28
5 10 22
2 7 35
19 22 3
17 22 31
3 7 34
22 23 47
6 8 3
4 8 27
4 6 26
2 5 1
3 6 18
19 21 15
14 16 13
9 11 5
7 10 36
12 14 47
21 0 22
15 17 9
12 17 12
13 16 12
15 18 20
4 9 28
21 0 13
16 17 39
0 4 1
13 15 43
18 21 23
22 1 22
9 11 24
23 1 15
14 17 10
14 16 44
10 14 12
13 15 44
21 23 18
0 5 8
6 10 13
4 7 5
2 8 19
23 3 36
23 3 17
12 14 7
20 1 1
2 6 24
3 5 1
23 3 23
16 18 39
17 22 38
0 2 36
3 6 30
23 3 25
5 7 16
0 4 4
3 5 36
11 13 2
14 17 28
7 11 17
12 15 43
20 23 36
23 0 26
9 11 46
0 3 42
21 22 10
14 16 9
16 18 9
11 14 36
7 9 25
15 18 40
15 19 37
5 7 9
13 16 5
0 2 27
13 16 26
11 13 12
5 8 21
5 7 24
18 20 2
14 18 43
20 23 27
2 5 3
11 14 8
13 16 28
19 22 22
7 12 22
15 19 17
6 9 24
9 12 38
13 16 1
5 9 45
3 6 28
9 11 14
17 21 16
22 1 1
15 18 19
0 4 3
4 7 23
0 3 29
1 4 27
10 13 42
19 22 40
20 21 39
2 5 19
18 23 32
23 3 20
16 19 28
9 12 29
23 3 27
18 20 6
14 16 11
1 4 18
10 15 46
20 23 42
14 18 30
6 11 16
5 9 34
0 3 6
13 16 1
17 20 35
7 10 1
6 9 38
11 15 19
15 18 16
12 15 2
16 19 45
2 5 13
5 6 13
22 0 44
1 4 41
1 2 9
0 4 23
11 15 25
13 17 48
5 10 40
11 15 33
0 2 1
17 21 20
14 15 2
12 16 38
21 0 21
9 10 25
11 13 8
16 18 10
6 10 35
5 8 47
13 15 48
15 18 37
1 3 27
5 8 6
6 7 24
6 9 40
17 21 11
21 0 32
0 3 3
7 10 27
21 2 23
16 20 5
23 2 25
21 1 19
3 7 35
8 11 20
1 2 38
11 13 11
18 19 5
21 0 16
14 17 5
8 12 39
19 22 47
12 14 10
22 0 10
5 9 43
20 23 2
17 19 3
1 4 21
2 5 3
21 0 41
23 5 47
19 23 22
5 7 26
19 22 31
6 10 40
10 13 12
22 0 30
1 4 10
16 20 40
21 0 40
19 21 9
6 8 11
2 4 25
12 16 18
19 22 28
14 18 31
10 13 8
21 23 23
17 19 7
6 9 48
13 17 20
16 19 28
17 21 39
16 19 11
21 0 10
0 3 4
14 18 13
5 8 36
19 21 1
0 2 21
18 20 18
0 3 1
23 2 24
18 21 16
13 16 20
14 17 44
0 2 44
11 14 46
11 14 32
0 2 44
3 3 8
7 8 42
21 0 47
11 14 8
11 15 6
19 23 47
3 5 23
12 14 8
13 16 27
8 11 29
6 10 25
22 2 19
1 4 28
16 18 19
21 22 30
19 21 5
6 10 13
11 15 39
0 3 28
13 16 46
17 19 17
21 2 2
4 7 30
19 22 21
20 0 8
17 21 29
14 17 46
19 23 24
17 19 42
16 18 2
17 20 35
4 8 39
6 8 34
21 23 15
11 14 29
22 23 8
19 21 45
3 7 43
6 10 43
11 14 25
11 15 1
20 22 23
0 1 42
22 0 36
22 1 17
2 5 40
1 5 20
9 13 25
6 8 11
1 4 33
16 20 16
19 20 7
0 3 19
15 18 16
4 8 6
13 16 26
23 2 47
0 2 44
22 0 13
15 19 15
20 23 36
4 6 25
11 14 44
8 11 23
14 17 36
21 0 9
3 6 6
16 18 48
5 7 17
12 13 5
20 23 47
9 11 17
11 13 45
20 22 1
23 1 1
7 12 15
23 3 47
0 3 14
3 6 28
0 4 37
22 0 21
12 15 41
6 9 8
8 12 41
3 6 12
5 7 48
7 10 32
23 1 19
8 10 48
3 7 12
10 14 41
8 12 48
17 20 16
6 8 32
11 13 33
14 17 33
4 5 34
3 6 32
11 15 37
20 23 27
11 12 36
11 15 12
4 7 10
2 4 2
5 9 34
3 6 44
5 7 44
22 3 9
6 7 47
8 13 14
5 6 8
2 6 26
15 18 18
23 2 27
2 5 10
1 6 29
8 11 15
11 15 16
11 13 32
13 18 36
7 9 39
20 22 41
14 18 46
6 9 27
14 16 46
17 19 29
18 21 19
6 8 3
22 3 26
13 17 7
5 7 20
10 15 15
19 21 2
11 14 1
9 10 12
6 9 36
19 21 38
5 6 27
19 21 44
23 3 26
21 23 3
0 4 16
18 21 12
0 2 34
19 23 13
6 10 7
16 19 9
16 19 34
11 14 39
10 13 3
6 9 10
20 0 10
20 23 11
3 8 10
0 2 8
10 15 34
19 23 25
21 0 8
17 19 29
18 22 21
2 5 11
22 2 28
7 9 45
14 18 40
12 14 7
20 23 34
7 11 11
23 3 36
13 14 2
9 13 42
15 18 46
1 5 25
11 13 33
17 20 2
19 23 29
21 1 40
4 7 38
23 1 33
21 23 21
16 19 2
8 12 36
6 10 5
12 15 25
0 2 14
12 15 42
15 18 1
7 10 21
22 3 26
20 1 47
7 10 45
8 11 12
4 6 43
11 14 27
10 12 20
0 4 8
12 16 42
16 20 21
0 3 5
17 18 19
22 1 9
17 21 16
21 0 13
9 13 23
1 5 47
15 18 27
18 21 10
11 14 45
21 1 47
3 6 25
14 17 43
13 16 16
11 14 19
22 1 31
16 19 6
14 17 10
7 12 6
12 17 39
23 2 44
16 18 39
8 11 6
21 23 23
17 20 45
7 10 15
14 18 1
8 10 11
17 19 16
3 6 26
2 6 7
1 4 14
4 7 3
11 15 30
10 13 15
15 17 30
0 3 33
11 12 32
11 14 21
13 16 37
20 23 14
16 20 45
14 18 17
17 19 22
13 16 5
14 17 33
3 6 46
3 6 13
0 2 43
13 16 35
11 16 28
11 13 46
21 1 42
4 8 6
20 23 46
17 21 21
11 13 48
6 8 13
3 6 6
23 3 3
11 13 45
6 8 43
10 13 9
22 1 46
17 20 48
3 7 42
16 20 11
11 13 47
6 11 6
5 9 27
18 21 36
17 19 15
6 9 29
21 2 32
17 20 7
12 15 9
19 23 35
17 21 31
21 1 40
3 6 44
1 2 34
17 21 33
7 11 13
1 4 23
1 2 42
4 7 10
22 0 23
8 11 34
12 16 9
5 7 19
2 6 27
23 2 3
10 15 46
8 11 22
16 18 14
9 12 44
19 23 17
14 17 24
4 6 30
17 19 5
10 12 46
23 3 4
15 17 13
12 15 1
9 12 3
1 5 7
17 17 19
16 19 3
7 10 38
15 18 3
14 16 15
13 16 31
19 23 6
18 22 36
7 11 19
14 17 4
17 21 38
3 5 27
16 19 20
20 23 1
22 1 36
11 12 39
11 13 43
4 6 39
13 16 8
19 23 36
3 5 35
21 0 15
6 10 16
12 15 11
6 8 15
12 16 44
0 5 46
11 14 16
11 15 31
9 12 21
10 14 44
5 8 23
4 9 4
7 10 3
21 23 27
1 4 39
4 6 3
14 17 44
13 15 33
1 4 33
23 3 16
8 11 9
23 2 27
16 19 25
16 19 3
9 13 46
8 11 9
2 4 11
1 4 17
17 21 30
0 4 8
2 6 14
22 1 20
21 1 40
6 8 16
2 4 3
20 22 27
0 1 37
16 18 5
20 23 45
20 23 16
11 15 7
12 14 12
17 20 11
10 12 11
19 22 30
3 5 29
20 23 37
17 20 19
17 20 24
18 20 47
3 6 7
7 9 42
1 3 40
23 1 25
7 10 48
11 14 21
0 3 28
10 13 26
23 1 26
18 20 14
23 1 40
16 19 14
6 9 41
1 4 13
10 14 23
17 20 45
11 15 35
9 12 21
17 20 34
16 19 25
4 7 33
2 5 34
14 17 11
13 15 39
18 20 36
15 19 45
23 2 24
0 4 34
13 15 4
8 10 42
6 9 44
6 10 4
5 9 43
21 0 15
21 23 8
21 0 24
4 8 47
10 15 46
23 2 27
10 12 24
5 8 9
16 18 32
21 23 26
23 2 22
8 12 31
1 5 45
0 3 1
23 0 21
5 9 43
3 6 33
5 8 18
18 23 40
21 0 42
16 17 23
22 1 9
22 2 12
12 15 33
14 18 7
2 6 35
4 7 15
14 17 12
9 11 33
22 1 19
11 15 41
10 12 27
13 16 4
11 14 28
18 21 45
3 6 20
6 8 13
8 12 43
3 5 44
23 1 47
7 11 17
5 8 31
11 15 1
4 7 28
19 22 29
18 19 26
21 2 20
8 12 5
12 15 40
3 6 45
13 15 31
14 15 12
19 22 7
0 1 12
14 17 2
11 13 2
3 4 40
2 6 5
6 9 18
7 11 30
0 2 21
18 20 47
0 2 13
17 21 4
22 2 29
10 12 34
6 9 40
7 8 43
16 18 32
9 11 36
15 16 26
14 18 21
8 11 25
16 20 18
9 12 11
0 3 12
12 16 38
19 23 41
8 11 25
18 23 31
5 8 46
23 2 44
10 12 37
14 19 15
16 19 21
22 0 3
21 0 47
9 12 41
6 9 3
23 3 6
13 17 7
1 4 25
1 4 4
10 14 5
4 9 44
15 16 44
7 10 43
2 5 31
20 0 35
6 9 29
4 8 22
7 9 40
23 3 27
0 4 5
1 3 15
0 2 35
13 18 20
1 4 7
15 18 46
11 15 37
5 8 24
15 19 13
15 17 40
5 8 47
3 5 32
5 6 24
6 10 6
22 2 5
20 21 17
6 9 16
20 23 6
10 13 35
16 20 7
7 10 46
22 2 14
9 11 39
5 8 21
23 3 35
13 16 20
3 6 14
0 3 13
8 11 34
6 9 7
20 22 34
14 17 17
16 19 32
21 1 28
20 0 13
9 13 41
1 4 1
20 1 25
11 14 37
8 10 8
15 18 35
19 22 33
15 18 18
0 2 30
19 0 29
21 1 2
15 16 36
6 8 45
4 8 22
2 5 14
1 4 39
1 2 21
18 20 19
3 7 22
8 11 42
9 12 14
15 17 30
5 9 14
22 2 42
10 11 19
15 19 40
17 18 15
23 3 6
3 7 11
21 23 47
13 15 20
7 10 38
15 19 43
2 6 25
4 9 10
5 8 16
23 3 43
20 23 14
12 15 42
20 22 36
16 18 24
15 15 22
2 4 33
19 23 30
7 9 38
22 1 43
7 9 6
1 4 45
6 9 5
18 21 24
12 16 16
7 9 34
6 8 48
18 20 24
14 17 7
23 0 22
13 16 3
4 7 11
14 16 1
18 20 30
9 12 27
8 12 30
13 17 9
9 12 17
23 1 26
17 21 1
13 17 10
5 7 23
9 13 29
19 22 37
11 16 6
18 20 26
2 7 24
21 23 47
17 20 43
4 8 40
5 9 7
22 2 43
14 18 10
14 17 13
11 13 40
5 9 31
21 1 39
6 10 24
7 10 10
22 2 11
6 10 25
21 0 34
18 20 32
10 11 11
12 14 37
10 14 43
16 20 2
17 21 46
10 14 46
15 21 13
11 15 6
18 19 42
15 18 38
4 8 24
19 23 4
22 23 40
17 18 1
13 17 6
0 2 28
23 2 32
23 2 40
9 12 10
7 8 18
13 15 23
9 11 6
5 8 5
18 20 21
14 18 29
23 2 35
21 2 32
9 13 26
1 4 38
3 7 43
11 15 39
21 0 21
19 20 44
9 12 37
0 4 2
1 2 30
16 18 1
3 6 38
8 11 32
16 19 43
10 15 9
19 21 19
3 7 44
15 16 9
9 12 43
19 22 48
20 0 26
19 21 7
16 18 37
7 10 13
21 1 25
12 15 18
22 3 44
23 5 10
1 4 19
12 15 21
9 12 46
3 4 28
14 19 48
15 19 46
12 15 20
2 5 40
21 2 47
0 2 34
14 16 36
0 3 29
18 20 23
16 19 29
8 12 21
5 10 40
10 13 24
12 17 8
2 5 35
9 12 14
15 17 13
9 14 44
5 9 32
11 14 37
18 20 30
11 13 20
20 22 44
2 6 42
5 9 2
3 8 23
14 16 32
5 10 4
11 13 12
21 0 25
17 20 16
23 3 25
17 20 21
9 12 1
11 15 46
20 23 48
9 12 26
8 11 25
7 11 17
1 2 3
21 4 5
10 13 40
9 12 10
23 1 8
16 18 46
0 4 1
10 14 3
3 5 36
18 22 34
22 0 17
7 11 9
13 17 1
15 17 22
6 9 29
1 3 31
8 11 47
7 10 27
9 14 18
13 16 11
9 9 27
14 18 24
13 16 16
23 3 14
4 8 7
11 14 46
21 23 48
13 15 41
6 9 20
9 12 36
22 1 26
8 13 33
0 2 14
12 16 28
10 12 16
15 19 40
12 14 14
4 6 45
8 11 28
21 1 30
5 10 35
21 23 6
7 11 6
22 2 14
3 5 31
5 8 22
22 1 2
20 0 34
18 0 18
21 23 25
13 16 33
0 3 40
15 17 1
13 16 24
10 14 4
0 1 20
0 3 8
16 19 32
17 20 2
21 1 44
15 18 30
13 13 28
22 22 4
4 8 6
6 10 39
2 6 17
18 21 30
8 9 48
12 15 28
1 4 17
16 20 20
7 11 10
12 13 22
4 9 17
8 12 24
13 16 23
20 23 38
20 23 23
16 19 15
22 1 37
0 3 3
14 18 29
9 12 12
15 18 32
18 23 10
11 15 26
13 18 25
16 18 21
18 20 8
19 21 26
2 6 20
20 0 10
20 23 26
13 16 32
22 2 16
19 22 33
3 9 2
21 1 4
16 19 3
5 9 9
21 1 21
11 13 4
9 12 10
1 4 13
17 21 13
16 20 32
0 3 8
19 22 47
5 7 29
3 6 14
13 16 47
23 23 2
16 18 34
20 22 22
22 3 14
4 9 16
0 0 44
3 7 29
23 3 32
14 19 16
16 20 21
19 21 32
22 1 23
7 10 35
18 22 32
23 1 45
11 13 37
0 3 39
13 14 5
3 6 18
23 2 33
13 16 38
14 17 22
20 22 1
22 2 24
19 20 22
10 12 9
4 5 45
22 0 2
14 15 20
0 2 25
22 1 23
22 1 5
5 8 8
21 1 11
6 10 33
7 10 36
2 5 10
8 10 4
5 8 18
21 23 23
0 3 40
8 11 21
3 6 27
17 18 38
8 11 15
2 5 5
10 13 30
0 4 31
19 22 30
20 23 22
6 8 32
5 7 27
15 17 31
12 15 7
2 5 10
3 4 48
0 4 25
5 7 48
17 21 30
8 10 33
10 14 44
13 16 9
2 3 8
23 3 6
23 3 7
12 14 7
11 14 45
21 2 4
2 5 21
10 12 43
15 18 36
16 19 18
15 18 3
22 1 12
14 18 11
22 1 6
18 21 7
7 10 41
1 6 15
5 9 37
22 2 23
13 16 2
13 16 33
21 1 34
19 23 29
13 17 32
9 11 20
2 6 7
20 21 11
17 20 42
17 22 33
3 5 48
16 20 28
0 2 45
15 17 3
10 12 11
17 19 33
1 3 37
5 8 30
8 11 20
8 11 5
19 23 15
12 14 18
15 20 32
7 10 11
9 13 3
15 19 29
22 2 36
18 21 42
23 3 18
1 6 2
7 9 15
22 23 45
5 8 14
1 5 9
18 20 34
8 11 28
3 7 11
0 3 30
1 4 35
11 15 29
7 8 18
3 7 33
16 19 3
5 9 36
22 21 17
11 13 36
2 5 22
20 23 18
1 4 44
16 19 45
6 9 39
14 18 5
0 4 9
13 18 17
17 20 34
17 19 39
0 3 20
23 2 23
7 10 13
11 12 11
21 1 14
3 7 27
13 16 12
15 17 17
23 2 23
11 14 34
15 18 16
9 14 8
20 0 4
18 22 32
10 12 39
16 20 40
9 14 46
11 14 48
2 5 18
21 23 2
0 4 12
2 6 13
17 21 21
2 4 9
19 22 18
12 15 31
20 0 26
4 7 27
9 14 38
6 8 29
6 9 19
19 23 16
12 15 38
6 8 44
20 0 30
19 21 36
20 0 34
11 13 27
13 14 7
12 16 15
4 8 20
12 16 32
16 19 15
13 16 15
13 15 6
6 10 6
19 22 19
7 10 27
1 5 16
3 5 9
10 12 45
14 19 25
4 7 45
15 17 9
19 23 1
12 14 18
15 19 8
2 7 48
7 12 33
6 7 2
16 18 32
17 21 33
2 4 30
5 9 10
9 11 32
2 6 8
0 3 25
2 4 33
9 11 18
23 2 15
11 15 41
1 4 3
16 21 37
16 20 27
18 20 24
22 1 30
21 22 48
1 4 26
12 15 28
11 14 28
7 9 31
4 6 34
18 19 45
19 22 1
3 8 29
19 22 37
20 22 33
13 16 3
19 20 9
15 19 21
7 11 27
14 16 32
19 21 23
18 21 19
0 4 19
23 0 38
18 20 33
22 0 23
19 22 8
3 6 33
16 21 31
18 21 21
17 20 44
23 1 44
21 23 10
11 13 41
16 19 23
14 18 38
0 1 2
12 15 23
7 10 8
3 6 22
15 19 47
15 21 6
14 18 5
8 11 27
9 10 45
17 19 11
12 16 5
11 14 12
15 18 35
7 10 15
16 19 2
1 3 26
19 20 33
9 12 14
20 22 10
9 12 39
2 4 40
5 9 7
8 10 42
22 0 19
17 20 13
2 5 29
8 10 18
23 2 40
11 15 40
9 12 14
10 14 8
19 22 14
19 22 14
23 0 10
17 18 1
4 6 20
19 22 4
18 21 47
9 12 35
16 19 17
19 23 5
5 8 20
4 9 3
19 23 16
3 7 19
17 20 7
19 20 20
12 16 4
17 20 1
8 11 24
8 11 25
18 23 21
3 7 37
20 23 11
6 8 21
11 15 32
3 5 21
23 3 14
12 18 43
8 11 27
5 8 19
3 7 43
4 7 30
14 17 17
12 16 44
6 9 9
22 0 24
0 2 15
7 9 3
9 12 35
16 20 39
7 10 6
20 22 48
21 0 19
0 3 32
4 8 48
11 14 45
13 16 47
11 14 42
15 19 13
0 2 32
3 6 21
8 11 6
16 20 37
12 15 13
17 18 36
1 6 10
1 3 4
7 10 8
7 10 30
20 23 17
0 4 34
23 0 46
19 21 42
18 22 40
22 23 39
6 10 8
19 0 5
6 9 16
14 18 34
8 10 31
10 13 43
0 3 13
5 9 20
12 15 16
9 13 29
7 11 23
16 19 7
5 6 30
18 21 33
11 13 13
12 16 4
14 18 43
2 5 44
6 11 40
4 8 18
2 6 3
11 12 20
20 23 47
15 16 45
0 3 15
16 19 2
9 13 34
20 23 45
13 17 19
14 15 29
18 21 13
12 15 40
9 13 28
7 11 27
4 6 4
5 10 14
21 0 9
16 19 21
17 20 22
12 14 46
8 10 35
17 22 16
23 3 3
14 16 14
3 5 22
10 13 36
20 23 17
19 22 28
8 11 43
17 18 11
5 8 34
21 23 29
17 20 3
3 7 5
1 5 37
2 6 23
0 2 18
18 23 10
6 9 46
6 9 47
18 20 4
5 8 47
18 22 1
19 21 18
8 13 6
8 13 7
16 18 44
21 2 12
17 19 22
12 15 29
4 8 1
10 13 5
22 1 46
3 5 19
22 2 20
2 6 27
12 15 22
4 9 6
5 8 35
7 10 45
13 16 17
7 10 18
22 1 7
17 20 39
13 17 29
9 12 36
20 23 16
19 23 8
7 10 21
17 20 23
13 16 16
4 9 11
7 11 31
6 9 39
11 15 41
12 14 25
13 15 37
14 19 28
8 12 16
19 21 27
18 22 11
8 12 15
14 17 48
9 12 8
17 22 14
5 8 22
22 0 37
2 5 45
14 17 46
5 7 18
14 15 4
9 12 32
20 23 28
5 9 27
23 1 46
9 11 21
11 14 25
6 8 22
19 22 7
23 4 11
3 5 36
22 2 48
13 16 15
23 3 9
17 20 45
11 14 3
10 13 32
23 1 47
19 23 7
20 23 43
3 5 3
5 9 4
4 7 34
13 17 15
19 22 33
4 6 3
3 5 34
6 9 1
15 18 43
14 17 17
20 22 15
22 1 23
20 0 35
1 4 15
2 6 31
10 13 45
23 2 33
8 12 19
22 2 2
14 16 39
16 20 16
19 23 29
15 19 23
16 20 32
20 0 32
16 20 14
5 7 27
7 10 40
9 12 25
12 16 21
17 20 10
19 23 27
3 6 6
19 0 19
8 10 9
18 22 18
18 21 2
11 14 5
5 9 14
22 2 5
13 16 30
15 18 30
10 13 9
2 7 29
2 7 12
15 18 6
7 9 45
16 20 21
14 17 46
3 7 14
3 5 30
14 17 18
15 17 23
6 12 11
15 16 25
6 10 18
13 16 25
22 1 38
13 16 44
1 5 5
18 22 19
7 10 15
6 8 17
16 21 31
4 7 2
10 13 44
5 8 5
5 8 17
13 15 21
11 15 35
15 19 41
8 11 12
3 5 45
19 21 46
11 15 13
4 7 23
1 4 14
7 10 42
17 20 46
11 13 5
16 19 18
2 3 3
14 17 41
6 9 21
1 3 29
18 22 13
14 17 35
5 8 24
5 8 35
23 2 24
10 12 13
2 4 3
21 1 47
5 9 2
3 6 26
3 5 33
14 15 32
7 10 18
15 17 30
10 12 47
15 18 14
7 9 33
12 16 1
5 8 41
15 18 28
15 17 8
1 4 19
11 15 15
1 4 19
18 20 32
11 15 25
10 13 48
14 17 15
0 3 33
1 4 1
3 5 45
10 13 10
5 9 47
11 15 20
15 18 2
8 11 25
23 3 11
19 21 19
18 23 37
5 9 15
0 3 45
8 10 11
22 1 21
6 9 47
13 17 36
19 23 32
0 2 9
22 2 20
2 7 29
5 7 34
21 0 4
16 16 2
6 8 12
19 21 37
1 4 33
18 21 21
15 18 6
6 9 29
23 1 22
21 0 33
9 11 6
15 20 32
14 17 6
10 12 5
4 8 26
7 9 6
19 22 11
4 5 47
15 16 12
19 0 4
20 0 44
3 5 5
6 9 26
23 2 41
13 16 30
21 2 39
20 22 4
3 6 38
23 2 29
13 14 27
9 12 39
23 2 17
17 19 7
10 13 37
8 12 16
23 3 17
16 20 46
17 22 44
8 12 19
22 3 11
15 18 31
21 0 7
9 13 43
5 8 19
14 19 31
16 18 45
12 15 20
18 21 23
1 3 26
13 15 47
1 4 3
16 20 45
17 20 39
11 15 43
21 1 31
22 2 40
8 11 10
19 22 30
5 8 48
3 8 45
2 5 22
23 2 10
7 11 24
0 3 5
20 23 29
8 11 20
11 13 2
8 11 47
15 18 29
2 5 5
12 16 2
15 18 48
19 20 7
21 23 1
10 12 20
15 16 2
12 16 45
8 10 18
21 0 4
19 22 6
19 21 43
2 6 30
3 6 24
7 12 22
5 9 39
22 1 22
11 14 43
9 12 34
10 14 42
2 2 42
11 13 47
13 17 14
1 6 22
16 19 12
1 5 1
12 15 41
19 22 32
1 5 38
20 0 32
5 5 22
0 3 47
9 14 45
5 7 48
12 13 37
18 20 45
6 11 47
6 9 11
16 19 12
22 0 6
11 15 34
8 11 6
4 8 44
0 4 36
7 10 11
23 4 45
1 4 7
6 8 2
4 7 22
4 8 31
5 9 13
22 2 39
22 1 30
5 6 4
12 15 39
0 4 14
7 8 40
16 20 27
15 19 32
1 5 13
1 3 11
3 6 37
9 13 33
2 6 26
17 21 35
22 1 22
14 17 13
20 23 5
1 5 1
11 13 32
14 18 19
9 14 35
1 5 22
15 18 15
5 9 37
16 20 18
14 17 9
14 18 19
18 22 25
19 22 15
10 13 35
4 8 24
9 12 19
13 17 21
21 1 9
20 23 16
20 22 22
6 10 44
5 9 19
6 9 28
20 22 45
16 20 44
1 4 13
12 15 13
17 20 24
3 5 1
15 20 3
6 7 13
9 13 33
16 19 33
9 12 25
0 4 26
0 1 20
11 15 5
13 15 3
20 1 8
2 4 19
10 15 6
4 6 17
12 15 4
21 1 47
12 15 30
2 5 32
7 9 41
18 20 30
8 11 10
3 8 41
22 1 46
9 13 12
15 18 36
12 14 32
6 9 42
6 10 5
0 3 37
13 17 45
18 21 24
7 9 1
22 0 20
18 22 13
13 16 8
4 8 24
17 20 15
17 19 42
8 11 25
1 4 36
5 6 23
6 9 16
12 15 6
8 10 30
7 10 16
6 7 6
9 13 45
12 16 48
2 7 43
11 13 48
18 21 28
13 16 27
17 20 37
0 2 10
10 14 23
10 14 19
8 12 26
18 20 22
22 2 46
16 19 15
10 14 19
20 0 41
13 16 42
6 7 48
7 11 33
23 2 48
0 2 29
1 5 5
15 18 25
11 15 9
17 19 42
5 7 36
7 10 30
20 23 19
3 6 17
8 11 11
8 11 10
22 1 26
13 18 45
15 17 6
2 4 3
18 21 10
1 5 1
8 10 44
16 21 31
1 4 24
3 7 48
12 16 20
19 22 46
15 18 28
12 17 24
20 23 20
8 11 34
19 22 4
14 17 19
2 6 38
22 2 2
7 10 25
0 2 19
8 11 37
7 12 20
7 12 20
13 17 6
14 17 45
1 4 18
17 20 48
0 4 47
5 8 10
12 16 25
5 8 1
4 6 26
18 21 20
8 9 17
13 16 5
5 8 25
11 14 7
17 22 37
21 23 12
21 0 16
18 23 21
20 21 1
14 15 40
1 5 22
2 5 10
14 16 33
17 21 36
2 5 44
5 10 26
7 9 48
12 16 4
4 8 23
9 14 17
0 2 36
4 7 26
11 15 34
19 21 47
11 15 8
8 13 45
14 18 40
14 18 14
18 22 21
9 11 7
15 18 34
12 16 26
17 20 46
2 6 33
22 0 2
17 22 12
16 18 2
17 20 9
1 5 34
3 5 30
6 9 40
2 6 35
0 2 32
5 6 8
10 13 6
15 18 19
7 10 40
22 0 18
0 4 9
23 3 25
18 21 21
5 8 14
4 9 31
9 11 19
7 11 2
20 23 7
17 19 29
23 3 30
23 4 12
19 22 42
2 7 35
2 6 35
3 5 11
22 2 23
0 4 38
12 14 41
10 14 23
10 14 20
15 19 14
11 14 28
16 19 42
5 9 18
13 16 8
23 2 48
0 2 19
16 20 11
21 1 19
12 15 13
4 7 38
17 22 18
13 15 46
7 10 9
4 6 40
15 19 39
21 1 26
22 0 40
18 20 11
19 21 31
12 13 46
3 5 8
6 9 18
21 23 38
22 1 44
0 3 4
0 3 9
0 4 39
19 23 43
9 11 14
9 13 10
1 5 34
22 1 21
22 23 10
8 11 31
14 16 2
3 6 46
10 14 9
16 17 25
16 19 15
12 14 42
3 6 4
17 20 11
19 22 6
16 19 43
10 13 36
11 14 32
13 17 47
10 13 14
22 0 48
1 2 8
1 3 34
0 1 27
5 8 4
4 7 37
23 3 30
3 3 32
16 19 47
5 6 10
22 1 12
11 14 27
3 6 29
19 23 13
11 13 7
6 10 36
23 0 5
20 23 27
18 20 19
12 16 18
8 12 1
9 11 33
4 7 3
9 12 4
0 4 14
6 9 11
19 23 30
4 7 1
5 7 5
10 15 38
20 23 2
15 19 26
19 22 32
19 22 39
1 5 9
12 15 10
17 19 21
21 1 19
13 16 35
10 13 48
1 5 10
15 18 26
22 23 8
7 10 39
17 18 30
10 13 31
13 16 32
23 1 15
18 20 36
5 7 46
18 21 3
8 12 45
1 4 25
0 3 1
6 9 35
14 16 33
6 9 2
13 15 15
15 20 38
3 7 27
23 2 11
23 2 29
22 1 24
5 9 18
10 13 40
16 18 34
18 22 24
7 11 6
2 4 48
23 3 19
19 20 35
12 14 25
17 21 5
3 8 12
1 5 11
19 21 13
4 6 4
19 21 15
5 7 37
15 17 16
2 4 21
16 20 41
17 21 23
14 18 46
16 19 41
9 13 6
23 0 35
22 1 20
19 23 33
4 7 3
5 9 6
4 9 26
4 6 25
1 3 1
15 18 12
3 7 30
5 7 19
5 8 15
0 5 41
17 21 13
16 21 3
11 13 40
3 6 21
6 8 36
1 3 29
3 8 29
0 4 34
22 0 29
14 16 36
18 19 14
18 21 20
18 21 12
0 3 23
0 3 45
19 22 42
22 0 19
3 6 27
8 9 31
0 4 13
1 2 9
6 10 15
18 21 5
2 5 47
19 23 1
22 23 32
21 1 38
5 7 45
9 11 43
6 8 11
16 20 27
21 1 48
21 1 42
4 7 5
9 12 17
18 22 19
4 6 25
19 22 5
17 20 17
0 5 37
15 18 36
2 6 31
4 8 13
20 1 14
20 0 43
14 15 33
0 2 6
0 2 6
15 18 6
17 19 31
11 14 13
15 19 42
8 10 26
18 22 3
0 1 40
10 12 17
13 16 25
8 12 29
21 0 47
8 11 42
2 4 15
16 19 34
19 20 24
0 1 40
17 20 31
17 21 11
0 4 17
8 11 33
21 0 38
10 12 11
17 19 39
4 6 25
0 3 19
15 18 15
22 1 40
3 8 47
8 11 46
17 20 46
8 12 33
4 8 27
22 2 43
16 20 6
0 5 33
11 15 18
16 19 7
5 6 6
17 21 36
22 1 42
4 7 22
5 8 7
8 10 40
6 10 3
13 16 28
0 4 10
14 15 38
1 6 1
8 10 11
19 20 23
19 22 18
0 2 25
12 14 42
2 5 36
7 10 25
6 9 36
19 21 46
7 10 44
6 9 42
16 20 39
22 0 30
18 22 3
23 2 32
2 6 29
8 11 30
8 10 46
3 6 5
15 18 2
17 22 13
10 13 10
18 21 21
6 7 30
21 1 4
22 1 29
9 12 23
0 4 38
14 16 35
0 2 7
16 19 5
17 20 30
1 5 30
5 8 48
11 14 7
0 5 14
14 16 14
14 16 5
4 7 2
11 14 24
18 21 3
0 4 22
8 11 22
1 5 37
6 10 27
19 23 7
8 12 9
18 20 29
18 21 35
9 12 46
17 20 5
10 11 34
13 15 17
16 18 46
6 9 9
9 12 32
18 21 17
3 8 9
21 22 14
17 21 42
19 21 10
19 22 47
9 12 10
7 12 20
13 15 4
11 14 2
20 23 46
21 2 4
13 17 41
0 4 17
17 21 1
17 20 21
21 1 48
15 16 33
14 16 2
17 20 25
18 21 9
1 5 17
16 20 44
14 18 24
6 9 42
10 12 48
1 5 17
5 7 31
17 20 41
8 12 40
22 2 17
0 2 10
8 10 26
11 15 6
7 11 27
2 5 30
7 11 42
3 7 8
2 5 4
22 0 19
13 14 37
8 11 40
2 6 16
11 14 11
0 3 28
6 9 23
1 6 46
21 23 10
18 21 6
6 9 25
8 9 15
20 22 42
16 20 4
12 14 15
7 11 11
9 13 42
1 2 15
18 20 3
23 2 40
9 13 37
0 2 7
14 16 1
10 13 17
23 1 20
21 0 31
5 7 30
21 3 20
12 14 9
13 17 46
23 2 37
6 11 10
19 22 17
2 6 15
6 9 48
1 4 23
17 20 7
5 9 32
16 20 26
22 0 32
8 12 16
20 0 47
21 21 25
12 14 46
14 18 40
1 4 24
2 6 5
15 18 9
14 18 35
11 13 1
23 3 15
22 1 19
14 16 34
21 0 30
3 9 32
16 18 31
21 23 11
23 1 18
13 18 3
19 21 21
21 0 44
5 8 28
13 13 35
0 5 1
3 5 31
14 18 41
19 22 43
21 0 40
3 4 39
9 13 48
22 2 42
5 7 24
11 13 17
20 23 11
19 22 45
10 14 6
10 12 21
19 22 39
6 8 26
21 2 10
1 6 40
0 4 41
12 14 28
14 18 23
0 0 6
2 5 37
8 11 47
3 8 31
20 23 9
11 13 24
6 9 10
6 10 10
16 17 44
14 18 25
3 7 15
7 9 2
2 5 9
7 10 11
10 13 35
23 3 35
22 1 30
17 20 41
17 21 34
22 1 15
19 22 35
0 2 15
17 19 24
17 18 42
13 16 42
7 10 37
20 21 32
12 16 29
12 15 1
16 19 12
19 22 44
18 21 21
18 20 33
15 19 42
8 12 12
20 0 2
4 7 18
0 3 28
8 9 3
22 0 19
11 15 25
21 0 27
22 1 23
6 8 13
13 17 2
9 12 19
20 0 12
5 7 48
6 9 13
4 8 35
12 15 34
21 2 20
7 10 48
6 9 5
12 15 34
14 17 47
20 0 5
3 6 18
7 10 39
20 22 16
15 17 21
10 14 6
22 0 34
10 15 46
13 17 38
5 9 18
1 5 2
23 3 11
19 21 16
2 5 42
11 16 12
15 18 21
8 13 20
16 21 5
12 16 25
6 9 14
3 5 39
8 12 13
10 12 31
16 20 11
6 10 4
23 2 9
19 21 1
21 1 12
5 10 15
5 10 20
19 22 3
15 19 27
11 13 3
22 2 8
6 8 28
7 9 24
8 13 14
12 15 20
5 8 23
5 6 14
0 4 38
3 6 36
13 16 21
19 22 33
8 10 23
21 23 23
14 16 21
22 2 3
3 5 28
5 9 21
14 17 21
10 12 10
23 1 43
9 12 21
3 6 21
14 16 38
8 12 12
9 12 8
8 12 48
1 4 27
9 14 7
19 21 17
19 23 21
14 17 39
21 23 28
16 18 7
12 14 13
14 17 38
18 20 39
0 3 43
13 17 35
3 6 21
4 7 47
19 23 1
10 13 34
15 18 28
18 21 47
23 0 3
18 22 38
9 11 30
12 15 2
14 17 47
16 19 1
23 3 38
3 6 8
11 14 48
0 2 46
4 8 14
12 16 25
2 5 42
0 4 11
9 10 8
0 5 26
6 9 41
7 11 27
8 12 2
9 13 16
22 23 11
23 2 42
20 23 28
4 6 33
22 1 8
6 11 2
21 0 34
9 11 2
17 21 16
22 23 25
23 2 15
0 2 30
6 10 1
0 3 37
6 9 37
3 7 42
15 18 47
18 21 40
13 18 28
1 3 41
10 13 38
20 23 19
16 20 6
19 0 5
14 16 27
17 19 16
4 5 46
20 22 34
20 1 27
3 6 21
5 8 31
3 4 20
13 16 3
17 19 35
6 9 37
18 22 12
2 3 17
13 15 7
9 12 25
19 23 35
11 15 46
9 11 16
4 5 18
23 2 23
4 7 48
23 1 2
19 21 19
4 7 33
7 9 31
21 0 44
1 3 4
3 6 38
18 22 6
23 2 41
13 17 34
18 20 2
21 0 34
16 21 18
3 6 6
16 21 15
19 23 29
22 1 1
14 16 1
7 9 7
5 8 12
2 4 44
7 10 30
8 11 46
0 5 42
4 8 15
18 22 42
3 6 24
3 5 3
2 6 47
22 0 14
22 1 45
0 3 10
16 20 15
10 14 2
4 6 8
21 22 4
14 19 5
5 8 3
9 13 20
2 4 43
16 19 20
13 16 28
7 12 47
9 10 21
22 2 33
21 0 18
12 14 20
3 5 36
23 3 25
0 2 15
10 14 34
2 5 16
10 14 28
16 19 25
8 11 7
7 9 40
1 3 10
16 19 13
0 2 6
22 0 29
2 5 9
21 22 47
17 21 13
12 15 10
18 18 8
3 6 14
22 1 33
3 7 20
7 10 27
2 6 14
6 9 19
12 15 41
19 23 43
20 22 1
0 2 13
15 16 32
0 3 34
7 10 12
10 13 45
20 0 35
20 23 28
1 4 31
14 18 17
3 5 37
20 23 46
20 0 42
6 8 22
4 8 16
21 0 45
14 18 25
6 10 11
9 13 22
17 20 3
16 18 14
2 5 18
17 19 9
18 21 46
5 8 41
9 12 11
4 8 19
3 4 17
2 4 5
0 2 48
3 5 22
22 2 38
16 19 9
11 12 22
19 23 3
23 3 21
4 8 47
4 6 44
2 3 14
14 20 15
3 7 45
23 2 23
15 17 8
10 12 15
0 3 10
0 1 39
9 12 14
19 22 33
8 11 10
17 20 48
16 20 39
0 2 16
13 17 7
14 18 5
7 8 24
9 13 40
23 1 10
3 6 25
15 19 21
8 13 11
14 18 24
23 2 36
5 8 36
0 3 48
2 5 23
18 20 2
20 22 22
18 19 45
16 19 7
20 22 21
8 11 36
20 21 10
18 20 35
15 16 2
2 4 47
11 13 9
16 20 30
16 20 27
4 8 30
23 1 3
1 5 22
18 21 11
22 2 7
13 15 13
8 12 43
5 7 8
15 18 21
22 23 11
5 8 25
20 22 6
22 2 11
17 20 45
8 11 19
2 5 39
19 23 7
4 6 42
4 7 6
9 12 17
23 3 25
9 12 39
12 16 8
16 18 31
3 7 23
10 13 19
13 15 25
19 23 5
13 16 48
13 16 12
17 20 24
15 17 4
4 7 8
11 13 44
11 15 37
19 22 8
11 14 5
5 8 14
10 13 45
2 6 36
11 13 33
11 13 13
12 14 32
9 12 32
11 13 9
8 11 43
16 21 24
11 13 2
22 1 44
19 23 19
18 22 23
21 22 39
19 23 18
10 13 28
15 20 3
3 5 48
12 16 24
7 11 7
17 22 28
23 3 48
22 0 4
12 15 32
18 19 11
13 17 36
6 10 47
14 17 21
5 9 43
14 19 15
23 2 15
22 23 48
8 11 24
17 22 3
20 23 14
23 2 29
13 15 30
