8000 41
31 17 4 39 19 10 27 12 18 1 1 14 29 34 41 10 39 36 11 8 23 9 32 11 35 27 20 23 27 26 13 28 5 34 37 37 4 23 22 32 10 
15 19 37
13 16 23
0 3 6
16 19 5
10 12 19
16 19 4
7 13 11
10 13 34
2 8 22
13 15 12
14 15 15
15 18 34
8 12 14
19 23 27
23 1 26
12 15 17
19 22 40
13 17 18
7 10 9
5 7 23
13 17 5
18 21 40
18 23 24
10 11 15
16 18 4
1 4 35
16 18 21
0 2 22
16 19 38
15 20 22
11 14 26
4 5 14
19 22 1
7 8 31
21 1 22
0 0 24
4 5 13
20 23 18
20 23 24
15 19 5
23 0 23
6 10 15
3 5 2
17 21 15
4 7 33
3 6 7
13 16 32
15 18 13
13 17 9
18 20 12
23 2 28
20 22 23
4 6 10
10 12 9
6 10 7
6 8 23
11 14 41
13 17 3
22 0 10
4 7 18
13 18 18
13 16 10
1 7 17
11 13 8
3 5 26
2 4 24
14 18 20
14 17 35
20 23 5
7 8 20
1 3 5
20 0 36
11 14 20
14 17 22
17 20 18
8 12 5
4 7 25
0 4 9
11 16 41
0 3 17
9 12 7
8 11 38
19 22 37
9 13 41
2 5 17
4 8 11
15 17 25
19 1 27
22 1 20
23 3 7
20 23 28
22 23 33
8 13 39
0 3 31
18 22 1
14 15 29
0 4 4
23 3 37
6 9 15
20 0 33
14 17 23
1 5 32
7 10 12
9 12 1
9 13 12
5 6 30
7 8 8
2 4 39
18 20 22
10 13 25
18 21 9
15 19 41
17 19 32
6 10 36
19 21 25
5 7 29
2 6 7
15 19 38
0 3 38
4 6 9
12 13 20
3 6 14
7 11 2
7 11 25
16 17 7
9 10 1
15 20 12
23 3 1
6 9 26
8 10 31
5 7 15
4 7 8
7 9 35
22 2 6
4 6 20
15 18 10
14 16 18
1 3 20
7 10 1
2 6 19
15 19 4
20 22 23
5 8 34
17 19 19
11 14 35
10 13 34
19 23 23
9 14 12
16 18 11
15 18 16
20 22 19
1 5 9
4 7 40
21 1 22
1 3 1
22 2 28
2 3 17
21 1 18
1 4 24
0 2 17
4 7 35
23 3 36
13 15 27
4 5 11
7 10 35
16 19 13
9 11 7
23 2 19
9 11 13
1 5 14
10 12 9
20 22 17
23 3 5
0 3 24
23 1 10
8 13 34
19 21 38
6 9 3
8 12 5
2 7 19
21 23 9
17 20 38
17 21 18
22 1 37
9 13 30
23 2 10
3 7 24
10 13 37
21 0 10
20 22 22
8 11 21
20 23 11
17 20 31
6 8 32
8 13 11
10 11 23
17 20 2
9 10 27
14 18 23
3 5 9
15 18 32
8 11 22
0 2 6
16 20 20
7 11 29
9 12 29
3 7 1
17 20 25
17 19 23
19 22 38
7 10 14
22 1 38
12 16 24
11 14 6
13 17 19
15 19 4
0 3 29
5 7 12
13 15 30
11 13 19
18 21 32
17 21 34
5 10 4
11 13 30
1 4 35
18 20 9
14 18 39
7 11 20
5 9 7
13 16 28
20 23 7
4 6 31
18 20 30
18 21 12
4 5 24
14 17 39
9 12 6
9 11 26
0 2 15
0 5 15
14 17 35
11 13 26
3 8 37
19 23 36
10 12 26
21 23 36
21 0 23
17 21 3
7 11 41
0 3 15
8 11 6
0 1 9
19 22 10
15 18 30
3 7 28
2 6 14
18 22 12
6 7 20
5 8 36
4 7 34
18 21 27
23 2 17
14 17 14
17 20 33
7 11 13
2 2 14
3 6 12
11 15 23
21 0 21
1 6 7
16 19 20
19 20 9
0 4 2
18 22 8
6 8 37
3 7 40
0 4 17
0 2 15
3 6 22
11 14 39
10 13 34
21 2 30
14 17 4
6 10 1
17 20 12
2 5 39
8 12 28
7 11 35
16 19 20
16 18 37
18 20 40
0 1 35
12 16 16
3 6 19
8 11 23
7 10 2
22 2 12
11 14 6
19 22 11
1 3 31
21 1 35
17 22 4
6 10 30
15 18 18
22 2 34
5 8 17
14 16 19
8 9 26
10 12 20
8 11 20
8 12 12
18 21 32
23 4 9
5 8 34
6 9 28
21 0 29
14 16 4
2 5 17
18 21 11
12 14 33
1 4 22
0 4 5
8 10 31
1 4 14
12 16 18
23 1 1
11 15 31
16 19 3
15 17 40
9 13 7
10 13 10
10 13 35
3 8 39
6 9 3
10 12 25
9 13 13
11 13 41
10 12 10
1 4 39
4 8 15
0 5 19
21 22 8
16 19 31
21 1 2
4 8 12
23 0 31
6 9 12
15 18 41
18 21 40
5 7 23
4 8 1
20 23 24
18 22 8
16 20 39
3 6 28
14 17 27
14 19 26
16 19 17
3 7 35
4 9 2
2 5 24
16 18 28
23 1 35
5 9 34
22 1 1
23 2 15
16 18 19
21 1 36
23 1 3
14 16 21
17 19 19
15 18 9
22 23 13
16 20 6
17 19 24
23 3 19
23 1 15
7 9 25
11 12 8
17 21 38
16 18 24
4 7 40
7 10 6
8 10 2
2 6 15
15 18 20
2 6 9
21 2 31
17 21 19
23 2 23
16 18 40
4 8 11
21 0 10
21 1 34
13 15 32
18 22 36
7 11 11
5 9 14
18 20 27
2 5 13
17 20 15
14 18 14
7 10 16
8 11 23
13 17 18
3 6 41
13 18 39
19 22 40
0 4 28
0 4 41
11 13 8
12 15 29
23 1 38
6 9 14
3 8 20
13 16 39
14 17 31
20 21 41
11 16 22
17 23 4
19 22 18
6 9 17
8 10 20
8 10 19
20 0 22
22 1 7
16 18 22
5 8 34
12 16 29
20 0 19
20 22 13
4 9 31
20 21 17
21 1 40
1 3 16
20 22 18
19 22 34
4 7 26
4 6 18
8 11 16
21 23 6
9 10 21
0 4 40
22 0 23
22 0 1
17 19 3
17 20 30
1 4 30
17 19 9
2 6 28
5 8 27
17 22 22
10 13 1
8 12 10
10 12 31
15 20 19
20 21 35
7 10 29
17 20 8
21 23 21
18 21 25
17 19 9
6 8 8
12 15 39
0 3 17
12 14 37
5 7 15
6 10 32
6 8 14
5 8 11
1 3 11
23 1 12
12 14 25
5 9 6
4 6 8
2 3 31
18 19 20
16 20 32
15 17 34
8 11 30
23 1 17
8 10 1
15 17 5
13 16 15
10 12 13
12 14 3
2 5 41
13 15 23
10 13 26
6 9 19
0 1 17
20 23 19
0 3 5
15 19 14
8 11 36
11 16 33
12 15 5
9 13 21
5 8 40
16 19 24
2 6 15
22 23 36
9 10 33
15 19 29
10 14 32
16 19 5
23 2 40
6 10 28
22 2 32
21 23 7
21 23 30
18 21 2
7 10 7
10 13 10
1 3 17
19 23 22
12 14 8
23 2 4
23 2 28
15 17 40
11 14 14
17 22 23
15 19 14
7 11 10
13 16 6
8 9 11
14 18 23
21 23 12
7 10 32
12 15 7
22 4 27
12 13 37
19 21 12
2 5 36
18 22 23
15 17 16
3 7 20
3 6 16
23 2 28
22 1 21
7 9 7
0 3 24
22 3 17
16 18 4
7 9 17
15 16 20
10 14 15
21 23 4
22 0 4
4 6 24
9 11 21
19 23 41
1 6 24
21 0 16
22 2 33
7 11 26
15 18 21
17 19 17
4 7 1
16 19 7
22 23 7
21 0 5
4 6 5
6 9 3
10 13 33
20 23 12
14 18 13
3 6 25
0 3 32
9 11 28
9 13 30
5 8 28
15 17 19
18 23 32
13 17 38
19 22 41
7 10 33
7 11 26
7 10 32
21 2 31
11 13 37
15 17 12
13 16 16
8 10 25
23 2 30
2 4 8
15 19 31
22 2 38
15 19 40
14 18 21
12 13 19
10 14 34
5 9 31
10 13 5
1 5 20
17 20 25
2 4 18
7 9 35
2 5 20
6 9 4
15 17 24
3 6 25
15 20 23
18 20 38
4 7 37
21 22 18
19 22 4
5 7 37
8 11 12
17 19 22
8 10 35
7 10 36
14 15 9
8 11 32
23 1 31
1 4 35
8 10 1
20 0 28
13 16 40
16 20 37
21 1 32
7 10 38
11 15 3
7 10 23
2 5 28
5 9 9
6 10 33
3 6 22
23 3 40
22 0 14
7 10 29
11 17 28
5 9 35
3 6 30
2 6 22
6 10 34
8 11 16
9 12 22
0 2 18
19 22 31
18 20 30
7 10 10
13 15 8
12 16 38
21 0 12
8 12 8
0 4 21
5 7 40
0 3 41
21 0 15
19 22 32
2 5 12
23 2 20
0 3 12
19 23 7
22 23 34
9 13 1
6 9 8
5 8 29
16 20 40
17 19 36
6 9 36
11 15 15
23 1 9
21 0 2
9 12 40
2 6 18
5 8 23
19 22 9
4 8 19
21 1 29
19 23 30
14 15 1
19 22 33
5 7 1
22 1 5
15 19 21
15 20 23
18 20 36
6 9 11
10 15 34
21 1 12
0 1 21
15 18 30
10 13 7
6 8 23
19 22 6
8 12 30
12 14 11
5 9 30
9 12 41
7 12 6
14 16 37
13 16 39
14 17 20
18 22 9
12 14 24
2 3 5
22 1 17
2 5 16
11 15 13
9 12 24
11 13 1
17 21 15
16 19 11
20 23 15
17 19 24
21 23 18
4 7 27
16 21 7
6 7 7
14 17 33
22 1 41
3 4 31
15 18 16
2 6 5
15 20 20
3 7 7
15 20 8
3 6 21
15 17 26
15 19 4
2 4 28
22 0 38
9 10 6
21 23 13
12 15 6
8 10 24
2 3 41
23 1 26
20 21 9
17 20 17
9 12 19
14 14 35
1 4 16
0 3 7
15 18 27
13 15 11
9 12 27
12 16 15
21 0 37
12 15 7
22 2 34
3 6 14
8 11 25
11 12 29
23 1 38
9 12 25
19 21 23
22 1 31
17 21 34
14 17 24
17 21 2
10 13 20
2 6 9
21 0 24
2 5 36
14 18 9
15 17 36
16 20 12
3 7 14
13 15 8
16 19 12
3 7 21
7 11 23
4 6 9
1 3 18
17 19 31
5 7 2
13 16 19
16 19 36
1 5 15
1 3 7
22 1 34
8 11 31
2 4 31
21 0 1
6 9 33
15 20 16
8 11 3
22 1 35
6 9 24
20 22 2
15 17 22
5 8 28
18 22 14
15 18 12
5 9 41
0 5 27
7 10 33
6 8 4
5 6 34
5 7 40
2 5 7
1 5 18
13 16 17
5 7 15
14 18 10
13 16 38
23 2 41
9 12 13
12 14 9
10 14 16
3 6 17
16 20 9
15 18 23
22 2 6
5 8 11
14 16 12
5 8 22
9 12 12
19 23 26
8 10 39
7 9 39
1 4 26
8 11 2
5 7 8
5 9 25
7 10 22
1 5 10
8 14 30
19 23 12
16 20 33
13 16 24
7 11 15
17 20 9
8 13 28
13 15 17
6 9 24
16 22 12
5 8 16
5 9 34
3 5 3
14 18 11
17 19 34
1 5 28
16 20 20
7 11 3
7 12 12
2 5 3
11 15 10
7 9 17
6 10 18
19 22 26
14 16 1
23 1 35
11 14 1
21 23 28
19 22 20
9 14 4
7 9 32
20 22 31
4 9 19
1 4 33
8 10 34
10 15 11
17 21 8
22 23 24
16 19 24
21 0 22
22 1 40
17 21 39
11 14 22
3 6 38
13 15 40
2 5 36
2 5 41
16 19 16
15 18 20
5 7 37
15 19 28
16 18 34
0 3 34
0 2 12
1 4 38
15 17 28
17 21 20
18 20 12
13 17 39
9 12 34
7 11 6
5 8 1
5 8 25
7 10 19
15 19 39
17 17 29
16 20 40
10 14 36
22 0 30
20 1 14
4 6 26
15 18 15
14 17 12
23 3 29
13 17 19
13 16 10
11 15 22
10 13 32
18 21 27
10 13 24
17 20 7
0 1 6
5 9 10
6 10 9
16 19 22
10 13 33
22 1 33
1 6 30
6 7 39
20 0 35
2 4 38
10 13 9
9 10 17
8 11 38
3 7 28
19 0 1
7 10 38
13 15 15
9 12 13
1 4 13
23 1 21
0 3 9
19 21 15
2 6 37
21 2 20
19 22 26
18 19 19
2 6 37
21 0 23
9 12 3
2 5 25
18 21 2
10 15 36
8 12 20
1 6 14
8 10 39
8 12 18
10 14 10
20 22 14
0 5 9
5 10 19
14 17 21
10 13 38
9 11 30
0 3 31
12 14 18
10 13 10
7 11 18
8 9 10
20 0 36
17 20 15
15 18 5
16 20 7
7 10 19
23 1 32
7 11 26
17 19 40
12 16 7
18 20 25
9 13 32
17 20 27
3 5 26
18 22 3
20 22 19
13 16 36
21 0 30
12 14 3
3 4 35
2 6 15
0 3 15
19 22 32
14 17 10
10 13 11
18 22 26
12 15 32
13 15 11
2 6 15
20 23 7
6 10 5
22 0 30
12 16 19
14 17 2
5 8 28
17 19 4
9 13 36
1 3 5
6 8 1
19 23 32
16 19 35
5 9 10
17 19 17
9 13 11
15 16 14
0 2 8
14 16 13
12 14 5
4 7 20
21 1 21
12 14 25
15 19 10
22 0 41
22 2 4
3 7 31
23 1 11
18 21 32
2 6 35
3 7 2
22 0 28
11 13 37
3 6 13
10 12 14
0 4 20
23 2 27
16 18 4
19 22 20
13 14 34
15 19 17
14 15 1
11 12 31
19 22 27
1 3 40
20 21 18
13 17 28
13 15 37
18 21 35
21 1 37
10 14 25
11 14 12
13 16 1
23 1 35
12 16 13
8 11 14
19 23 25
5 7 27
14 17 35
5 9 11
9 12 37
14 18 39
3 7 41
4 7 30
15 18 12
9 13 1
18 22 7
9 13 40
6 10 4
4 6 12
16 19 36
22 0 21
15 18 13
10 14 34
20 20 40
17 22 13
17 19 37
10 14 28
6 9 21
11 15 17
11 13 37
4 5 29
13 16 40
18 19 37
21 0 8
10 13 21
9 13 8
15 19 21
6 9 4
9 11 11
18 23 15
15 19 22
20 22 12
11 13 28
23 1 10
17 21 18
22 1 20
12 14 12
11 14 10
5 7 21
1 3 17
13 15 15
18 19 28
22 1 12
6 9 23
15 18 37
17 20 4
15 17 35
13 17 12
1 3 6
4 6 39
3 7 13
20 23 32
2 6 19
20 0 26
4 6 11
6 11 35
23 1 18
22 23 22
22 2 32
23 3 2
19 23 20
8 11 41
8 13 33
13 15 20
0 3 28
3 5 4
3 5 34
0 2 3
21 0 18
2 6 36
21 1 14
21 1 28
15 18 35
18 23 16
23 3 17
21 1 7
8 11 25
6 11 18
21 23 32
23 3 9
16 19 18
15 17 10
17 22 3
19 22 12
20 0 38
17 21 30
15 18 7
17 21 28
21 1 11
14 18 24
12 15 5
1 5 10
22 2 6
3 6 2
6 11 2
23 2 29
6 8 11
3 6 37
15 18 35
3 4 29
6 9 22
20 1 24
5 9 7
1 4 21
10 14 24
9 12 17
18 23 38
13 18 4
15 18 38
0 3 6
5 8 27
6 9 36
16 18 6
11 14 40
10 13 29
8 11 30
1 4 16
19 21 14
20 22 11
18 20 26
12 15 11
5 9 28
18 22 34
19 0 2
4 8 28
20 22 30
20 23 41
9 10 17
7 11 14
2 3 29
15 18 41
13 18 19
18 22 22
14 16 38
23 3 23
16 18 4
21 1 35
18 22 19
1 3 17
1 4 26
5 6 25
11 14 22
6 8 8
15 18 19
22 2 41
17 18 11
16 19 41
7 11 8
8 11 39
10 14 34
13 16 39
22 1 6
9 11 26
10 12 6
11 14 36
14 18 30
6 8 18
8 10 13
8 13 40
5 7 10
8 11 33
2 6 28
3 5 12
7 9 16
8 11 23
7 11 19
4 8 18
10 12 7
9 14 37
23 1 25
11 15 36
0 2 25
22 2 6
15 17 8
16 20 21
18 20 7
22 2 14
3 6 37
2 5 7
13 15 9
19 23 34
13 17 4
8 12 9
17 18 13
0 2 24
2 4 23
22 1 6
0 4 19
4 6 27
3 4 18
15 18 28
11 14 29
0 1 23
20 23 23
6 8 5
4 7 14
0 1 2
8 12 7
6 10 3
10 15 40
5 7 5
8 10 23
23 2 30
19 23 35
19 22 24
5 5 4
21 2 8
22 1 13
6 7 37
20 23 38
1 5 13
12 14 23
10 13 1
12 15 31
21 1 35
14 16 40
8 11 3
0 2 34
5 10 10
22 3 7
2 6 22
12 14 19
10 13 2
19 22 33
6 9 25
19 21 14
8 11 20
12 14 24
7 8 12
22 1 4
7 11 34
3 5 30
3 5 5
0 4 32
18 22 23
13 18 4
1 3 2
11 13 28
20 1 28
11 16 34
10 13 13
7 11 39
4 9 17
11 15 3
5 9 29
7 11 20
20 23 5
14 16 6
20 22 34
7 9 33
14 16 27
9 11 39
9 12 16
9 11 24
13 16 29
22 0 2
15 18 13
5 8 32
14 16 35
8 12 20
2 6 38
14 16 30
10 13 8
20 23 4
2 5 10
11 13 5
15 20 28
12 16 18
14 19 21
9 13 8
10 13 5
17 20 24
11 14 33
19 20 23
14 17 26
1 5 13
1 4 19
3 6 17
9 13 29
2 5 32
20 23 19
1 3 41
8 13 18
5 7 14
18 22 15
12 15 2
2 6 6
7 10 28
14 18 10
20 23 13
0 3 21
15 17 22
22 1 32
3 6 28
19 22 1
12 15 41
18 21 11
2 3 38
11 14 31
10 12 18
17 18 33
10 12 13
12 15 7
18 21 8
20 0 31
11 14 11
16 17 31
2 5 32
0 2 15
17 19 14
19 20 38
2 6 23
13 16 33
21 1 21
9 13 2
7 8 12
9 12 20
19 22 2
1 5 39
19 21 22
16 19 7
9 12 36
2 6 17
5 7 33
3 6 39
5 8 36
23 2 20
17 20 36
20 22 12
21 0 33
13 18 4
10 14 1
13 15 6
17 21 11
4 9 24
0 2 8
5 10 35
6 9 20
15 20 18
3 7 34
12 14 20
10 11 22
6 10 23
23 3 3
17 20 33
2 7 16
4 8 37
4 7 24
2 6 32
3 5 35
5 10 40
17 20 32
9 13 23
12 14 30
5 9 20
4 6 40
13 16 29
14 17 3
13 15 15
12 16 41
7 9 11
5 9 2
4 5 32
8 10 26
16 17 10
20 23 31
6 10 29
9 13 7
1 5 35
12 14 10
14 17 14
0 2 41
12 14 2
5 7 20
12 16 36
12 14 19
18 19 4
4 6 37
9 12 7
4 8 18
7 11 30
2 5 23
12 16 1
17 20 27
16 20 38
21 0 24
1 4 37
14 16 15
16 19 14
21 1 13
21 0 12
6 9 1
15 17 1
23 1 32
12 14 23
12 15 41
21 0 32
5 9 36
3 6 38
3 7 27
2 5 32
0 3 5
3 6 7
18 22 38
14 17 32
5 7 27
22 1 16
6 10 5
15 19 27
15 17 39
3 5 19
17 20 10
22 1 23
10 13 11
23 1 37
0 1 29
3 5 14
17 20 11
0 3 24
6 8 10
6 9 14
23 3 6
11 15 14
5 8 39
21 0 22
6 11 21
19 22 24
5 8 32
16 21 41
10 13 41
5 7 1
11 14 6
19 21 12
14 18 21
2 4 6
14 18 16
9 10 39
9 11 32
6 8 13
1 5 27
0 3 2
21 23 8
3 7 21
1 5 10
10 13 4
3 7 31
21 0 17
2 3 7
3 6 28
8 10 27
6 9 15
7 11 31
13 17 8
6 9 8
14 17 40
4 7 20
11 12 31
17 19 30
0 3 41
12 15 35
20 22 22
10 13 32
19 20 27
20 23 41
21 1 25
6 8 3
3 5 39
0 4 12
11 14 13
15 19 25
12 15 36
4 6 20
1 6 12
20 0 35
1 4 30
5 7 2
11 14 2
17 21 18
18 21 21
3 6 1
0 2 39
14 18 23
14 18 3
5 8 7
13 16 32
16 19 34
23 1 2
16 19 39
17 21 38
11 14 32
9 12 20
20 2 9
13 16 22
14 16 21
19 22 32
14 17 31
8 11 11
12 15 25
18 21 29
4 6 9
4 7 34
22 0 14
15 17 35
18 20 18
10 15 15
15 19 36
14 18 36
12 15 19
20 0 5
21 1 12
5 9 15
18 22 27
4 7 14
12 15 37
14 18 10
13 18 20
19 23 6
9 13 10
6 9 23
8 13 30
16 19 16
7 9 41
8 11 35
10 12 13
6 10 7
3 7 10
2 5 24
5 8 13
10 13 23
11 14 3
6 11 37
9 12 21
7 11 32
7 9 12
2 6 19
8 11 3
11 15 1
22 0 19
13 16 30
20 21 8
5 8 29
15 20 23
19 21 13
21 0 3
11 12 33
4 5 18
14 16 21
10 13 38
8 11 37
8 12 14
20 23 17
19 21 2
5 8 2
7 10 15
3 5 11
19 23 39
0 2 32
6 10 33
13 14 12
13 16 40
13 16 19
12 15 4
2 5 33
20 0 21
4 8 19
4 6 34
7 10 35
13 17 1
14 17 7
0 3 27
21 23 16
12 15 41
3 7 21
2 4 39
1 2 39
22 0 28
12 15 32
23 3 32
17 17 24
16 19 13
16 19 39
3 7 33
15 19 28
3 7 9
11 14 11
6 9 23
12 14 10
17 20 38
9 15 34
14 17 9
15 17 17
15 19 22
20 0 8
21 1 4
19 22 30
4 6 29
16 19 32
10 14 3
20 0 24
8 13 34
19 23 37
6 9 19
1 4 39
16 20 36
21 0 18
10 13 7
20 0 38
20 0 14
19 23 25
15 18 37
19 22 41
15 19 40
13 15 11
21 1 25
3 6 6
7 10 15
1 2 3
2 5 11
21 0 36
11 13 6
1 3 10
19 22 30
10 13 6
0 4 8
12 16 6
7 9 39
12 14 38
7 9 19
7 10 23
17 21 1
8 11 40
9 12 8
2 6 21
19 21 16
4 8 41
15 17 7
13 17 12
19 22 19
19 22 38
5 7 23
16 18 31
22 1 3
1 5 24
2 6 7
19 21 25
12 15 41
3 6 35
3 6 8
15 19 36
17 20 25
0 3 8
18 20 11
4 6 16
23 3 20
10 11 3
5 8 40
16 20 21
1 3 21
19 23 34
22 1 3
2 6 2
1 5 24
2 6 32
23 2 1
15 17 4
20 0 11
0 3 5
3 6 39
2 6 25
18 22 20
13 16 28
21 1 1
6 10 26
17 22 2
7 9 19
20 1 26
16 19 35
17 23 22
13 16 17
0 3 9
2 4 25
17 19 31
20 23 24
1 7 36
21 0 13
0 2 10
3 7 3
0 3 7
19 22 16
4 6 5
10 13 14
13 15 35
7 9 7
23 2 31
3 6 8
18 20 39
18 20 5
23 3 2
7 9 33
13 17 23
7 9 38
10 14 28
6 9 33
10 15 32
23 3 28
2 4 33
10 11 32
12 16 8
7 10 37
18 21 19
3 6 10
22 2 39
23 3 41
22 1 37
0 4 32
8 12 16
12 13 35
9 12 18
8 10 29
9 12 15
12 16 37
8 11 1
21 1 26
6 9 22
15 18 41
6 10 31
23 4 21
21 1 25
1 2 25
14 16 23
23 1 13
18 22 11
14 17 33
8 10 25
3 7 1
15 18 36
13 16 37
20 22 29
23 1 24
20 22 38
18 20 7
20 22 33
18 21 31
1 3 29
16 19 11
0 5 15
0 2 35
2 6 8
11 14 31
1 3 30
15 17 17
21 22 41
22 1 4
10 12 13
23 3 1
16 20 20
11 14 31
21 1 36
14 17 20
11 14 4
9 13 13
7 10 33
12 15 39
15 18 36
3 5 39
5 8 22
21 0 27
11 14 35
15 19 9
8 9 17
19 21 41
21 1 26
0 3 39
12 16 39
23 3 20
20 23 34
15 17 37
20 0 13
11 14 10
11 15 22
23 1 19
8 10 23
13 17 35
2 5 33
0 3 5
18 22 32
0 2 3
7 12 36
23 1 26
22 2 26
8 12 13
21 0 36
21 23 38
16 20 15
3 6 36
23 4 10
16 18 19
4 6 16
3 6 9
14 16 13
3 5 11
23 0 8
1 4 6
20 22 24
0 4 13
17 21 1
9 12 4
15 19 14
10 12 34
8 11 7
2 6 27
16 19 14
13 16 19
12 16 16
12 16 35
17 19 31
17 20 30
20 22 37
13 14 26
6 10 36
21 23 27
21 0 15
15 20 18
6 8 38
14 18 20
1 4 7
22 1 1
21 0 16
5 7 14
0 3 20
22 23 31
7 8 31
10 14 17
11 14 41
20 0 11
20 0 32
6 10 7
11 14 6
6 10 41
1 4 36
23 2 29
18 21 24
16 19 22
21 1 9
21 23 3
5 8 37
19 23 17
10 14 17
22 4 27
23 2 31
18 23 13
23 1 14
19 21 30
15 17 32
21 0 33
14 16 34
4 7 6
3 4 22
7 11 6
19 22 20
13 16 20
23 2 2
19 21 27
2 6 34
2 4 11
23 4 26
5 7 40
4 8 5
5 7 8
21 23 10
13 17 20
5 9 21
15 17 24
7 8 28
17 20 22
13 17 26
0 4 28
13 17 27
12 16 41
11 15 10
19 22 6
23 3 3
10 12 5
19 22 33
3 6 35
5 8 13
22 4 13
13 15 38
10 13 2
7 11 36
17 20 38
2 7 6
11 14 31
13 15 8
13 16 4
6 8 33
6 9 13
20 22 27
12 16 37
22 3 23
18 20 5
3 7 21
20 22 25
3 5 14
19 23 36
21 23 25
13 16 32
1 2 33
20 23 5
10 12 19
17 20 41
17 19 22
21 23 41
22 1 12
15 18 24
22 0 17
16 19 6
2 6 29
8 11 15
23 3 17
22 0 35
21 1 36
19 22 23
2 7 14
3 6 35
10 11 2
6 8 33
6 7 24
12 16 32
19 23 33
15 18 8
9 13 39
18 22 7
13 15 34
19 23 5
23 1 39
14 17 22
21 0 21
20 0 12
1 4 36
7 10 34
7 10 34
6 9 10
18 20 40
13 17 2
22 0 28
14 18 21
5 7 29
8 11 32
20 0 17
9 12 32
22 0 25
2 5 1
9 10 31
0 4 27
12 15 34
12 15 40
4 7 24
1 4 38
7 10 35
1 5 13
23 2 4
5 9 38
8 10 5
18 21 24
5 9 2
19 23 35
0 3 12
17 19 25
15 16 28
21 1 32
13 16 16
12 16 11
14 17 27
5 7 15
2 6 16
12 16 23
3 8 29
2 5 25
18 21 17
5 8 4
13 17 8
7 8 37
1 6 41
4 7 15
10 12 1
20 22 1
6 10 33
21 23 7
20 22 41
23 2 26
14 17 9
4 8 4
16 21 25
13 17 24
5 8 1
9 13 6
3 5 10
9 9 8
23 1 19
0 3 11
11 14 20
20 23 33
15 17 8
2 5 13
8 11 23
0 4 26
7 9 17
7 9 27
5 7 6
17 18 24
5 9 41
0 4 11
3 6 28
10 14 17
4 6 16
4 7 8
17 20 15
13 14 29
8 11 9
10 10 23
10 14 17
3 7 24
12 17 39
21 2 34
1 5 13
0 4 29
12 15 11
13 16 10
19 0 23
21 23 15
21 2 26
7 11 24
14 17 12
18 23 37
7 13 26
7 9 34
8 12 40
1 3 28
21 1 36
10 13 34
11 14 12
15 16 37
10 15 27
17 22 4
3 5 13
22 3 20
2 5 38
14 15 13
8 12 41
19 21 6
6 8 5
17 20 27
12 14 26
19 21 18
4 6 30
6 10 15
21 2 11
3 6 31
20 23 32
6 8 9
17 20 4
13 16 10
12 15 26
14 18 33
13 16 39
22 3 24
8 10 4
18 20 39
3 6 36
1 3 16
21 1 31
6 9 22
20 21 29
12 16 29
16 18 5
21 23 28
9 12 18
17 18 20
1 4 32
20 0 34
0 3 21
3 6 34
10 14 1
23 2 20
14 18 19
8 10 6
21 0 33
9 12 13
3 7 25
3 6 15
3 6 14
9 12 2
20 23 3
10 13 24
16 19 31
4 6 36
18 21 19
23 3 12
5 7 37
7 9 7
22 2 5
14 16 13
16 20 16
3 6 3
21 1 22
22 1 29
14 18 39
3 6 30
2 4 37
13 15 12
10 15 1
5 9 40
9 13 23
17 19 35
5 8 26
17 21 35
12 15 18
21 23 41
19 23 14
20 0 34
0 2 37
7 9 14
11 15 19
17 19 17
15 18 31
6 9 21
6 10 34
2 5 39
7 11 11
9 12 21
17 21 32
8 11 30
7 10 16
1 4 3
16 21 28
12 15 29
19 21 26
14 17 35
16 20 6
10 14 30
1 4 24
0 2 33
16 20 8
8 12 11
14 17 9
3 6 17
14 19 8
14 17 10
1 2 7
18 20 4
7 11 38
3 7 10
8 12 10
8 11 31
22 2 40
18 22 11
9 14 6
3 6 4
3 4 20
18 21 9
10 13 19
17 20 14
4 7 21
15 18 23
15 16 12
18 22 20
22 1 40
5 9 20
15 19 7
4 6 41
14 15 30
16 19 3
11 13 15
0 5 6
13 17 39
12 15 9
17 21 23
16 19 12
22 0 39
15 17 30
9 13 33
14 17 41
23 2 25
7 10 33
12 14 6
2 4 17
16 18 32
10 13 37
6 9 13
14 17 8
12 14 40
23 3 7
1 4 38
19 0 40
7 10 3
10 12 25
22 0 31
10 15 2
14 17 19
23 2 38
13 16 21
2 7 39
7 10 25
1 4 8
11 16 23
3 5 23
8 11 25
9 11 30
15 19 12
16 17 37
0 3 16
12 15 16
13 14 13
17 23 34
19 22 28
10 14 27
16 18 32
10 15 26
15 17 35
0 4 21
23 4 40
11 13 16
22 2 26
8 11 19
0 2 30
16 18 20
7 9 20
11 14 26
20 1 2
4 7 3
15 16 36
2 5 8
9 14 32
1 4 3
7 8 28
4 6 9
21 1 13
16 20 25
22 0 8
13 16 22
2 5 24
12 14 2
7 8 20
17 19 16
17 20 22
17 20 29
19 22 22
9 13 22
3 5 32
22 0 12
21 23 11
19 22 37
8 9 10
4 6 38
8 10 24
8 10 35
20 22 3
23 3 26
10 13 7
5 8 25
16 19 2
22 1 39
14 17 26
3 6 33
2 5 13
21 1 15
17 21 20
2 4 41
18 21 30
0 2 38
14 16 18
22 0 7
11 12 11
1 5 22
22 0 22
20 0 15
9 13 38
12 14 2
14 18 12
3 5 4
9 14 14
4 7 13
22 1 10
10 10 20
1 4 7
2 7 26
2 6 5
8 10 17
8 10 3
21 1 2
20 0 29
16 17 9
20 0 26
16 19 29
17 22 10
11 14 2
22 1 4
10 13 38
13 15 38
21 0 4
0 2 12
9 11 35
7 9 9
5 7 13
15 18 16
12 16 6
23 3 40
17 20 34
22 1 10
10 13 20
15 17 35
18 20 4
4 6 30
8 12 15
19 21 6
23 2 15
1 1 25
2 4 26
3 7 6
10 15 18
3 7 28
11 14 6
0 3 38
1 4 2
5 7 22
0 1 37
23 2 12
17 21 39
16 20 33
12 16 21
3 5 5
23 3 6
3 6 16
13 16 30
13 17 27
11 14 2
5 8 17
1 4 1
15 19 28
18 20 25
23 2 20
13 13 32
21 1 8
15 17 7
7 8 4
19 23 22
16 21 29
16 19 3
13 17 5
22 0 6
18 20 30
13 17 1
12 14 19
4 7 34
7 11 27
3 5 11
9 11 9
22 2 9
11 14 37
10 14 35
15 18 30
3 6 41
6 8 33
18 19 34
7 11 37
10 13 22
15 19 5
15 17 32
20 23 3
12 15 25
12 15 35
20 23 2
17 20 8
15 18 31
5 6 31
18 22 10
5 7 25
17 20 36
0 3 15
11 15 36
16 20 14
10 14 20
12 14 27
15 18 12
18 21 18
4 7 28
3 6 24
15 16 25
10 14 4
18 22 38
11 12 41
7 9 4
16 17 29
1 6 24
15 19 5
20 22 9
6 7 39
16 18 25
13 16 13
18 21 24
14 17 35
9 12 27
10 13 38
12 15 33
5 7 2
13 14 26
3 6 34
11 15 34
1 6 27
3 6 16
14 18 5
17 21 31
10 15 11
14 17 26
7 10 33
3 6 37
11 12 3
3 7 27
9 12 27
13 15 40
20 0 30
2 6 2
15 19 2
18 20 41
6 9 20
9 12 33
0 3 27
2 5 19
7 9 18
15 17 38
7 11 11
16 18 26
10 13 35
6 9 33
1 5 17
21 0 3
19 0 38
16 19 16
21 0 14
13 19 10
7 10 9
21 23 7
3 6 9
9 11 9
1 5 18
14 16 24
4 6 39
21 1 40
16 18 38
1 5 16
7 11 19
11 12 20
14 16 2
17 19 39
3 6 35
1 5 12
5 8 9
4 7 39
16 19 38
3 7 38
23 0 30
12 15 18
13 17 31
14 17 9
5 7 22
23 0 13
9 10 33
15 19 37
17 22 38
4 6 24
7 9 7
22 0 1
16 19 31
18 19 30
4 6 5
9 11 16
19 21 3
8 11 37
12 15 13
23 2 36
11 14 23
10 14 31
20 23 17
17 19 35
22 3 10
4 8 9
2 5 18
14 17 21
0 4 29
16 19 25
21 0 6
19 22 14
10 12 6
11 15 16
3 4 37
22 1 41
1 5 11
13 16 1
17 18 18
14 17 18
3 4 8
11 15 36
20 2 38
2 6 34
12 15 27
8 11 35
14 18 38
2 6 18
3 7 29
0 4 6
4 5 22
10 13 24
4 7 13
13 17 2
7 9 39
4 6 24
14 17 24
5 9 41
2 6 4
18 22 39
23 1 9
23 1 24
5 8 38
5 7 19
21 0 32
12 16 39
22 1 10
1 3 30
6 10 6
19 21 18
13 18 17
19 23 2
4 6 17
0 2 39
22 0 8
22 23 4
13 15 17
7 10 18
5 7 7
19 22 19
19 20 29
1 4 41
16 20 11
10 13 11
17 19 41
18 22 35
18 20 11
11 15 25
16 20 19
20 22 27
21 2 5
13 14 30
16 19 40
4 6 9
15 18 34
12 15 5
20 23 39
11 15 11
12 15 38
19 23 33
7 11 10
15 17 6
15 20 18
20 23 34
5 8 9
1 3 22
15 18 8
5 9 33
13 16 29
5 8 22
15 18 5
11 16 15
21 23 30
21 23 17
5 7 16
2 7 10
9 11 3
23 2 8
3 6 19
20 1 28
12 14 18
17 22 25
19 20 17
19 22 32
18 20 32
20 22 26
12 14 33
16 18 24
4 9 1
16 17 11
20 22 30
11 14 27
2 6 24
9 11 9
14 18 31
5 8 23
17 20 4
16 18 22
7 10 39
8 10 5
23 1 7
8 9 5
19 0 15
7 9 27
2 4 37
7 9 16
12 16 2
5 8 17
21 23 8
2 5 25
4 7 35
6 9 31
9 11 20
6 9 30
9 11 4
15 16 35
19 22 7
2 5 1
22 1 36
2 5 7
14 17 15
11 15 34
3 7 18
3 5 38
0 3 39
9 12 32
18 21 16
5 8 30
11 12 6
22 3 15
18 21 23
7 12 26
10 12 15
4 5 9
0 3 26
15 19 8
0 3 14
15 17 12
2 5 6
14 16 25
6 7 39
22 0 41
4 6 8
21 1 11
19 21 38
12 15 27
8 11 27
23 1 6
20 0 5
11 15 24
19 22 13
20 23 21
2 6 38
6 9 20
15 18 6
8 11 16
21 23 29
17 20 21
2 4 8
18 18 1
17 18 29
8 11 20
12 15 38
11 12 33
9 12 34
5 8 32
7 10 25
5 10 38
23 1 5
3 8 13
13 15 17
3 7 21
15 19 16
15 18 7
3 5 5
2 3 8
15 19 7
3 5 1
1 6 7
15 18 23
6 9 17
19 20 20
14 18 3
16 20 37
11 14 1
8 11 19
0 3 28
18 22 6
13 16 20
2 5 12
4 8 20
14 17 19
1 6 25
19 21 39
8 11 19
5 8 39
8 13 9
0 2 38
3 6 5
21 0 10
0 3 39
0 3 4
2 6 9
1 3 6
5 7 14
15 17 16
7 10 21
8 10 12
17 18 7
15 19 17
5 8 20
13 16 24
18 18 32
18 21 39
4 7 15
7 10 15
17 20 15
14 18 23
1 6 6
11 13 27
12 15 18
14 16 16
22 2 17
19 0 17
22 0 34
13 16 33
0 3 15
1 4 5
4 7 29
3 6 37
5 10 5
6 9 17
10 14 21
17 20 15
8 10 33
23 2 41
4 6 4
20 23 19
13 17 35
15 19 24
10 15 25
2 6 27
6 8 32
12 15 34
9 11 5
13 16 36
5 8 26
4 7 34
19 22 6
15 19 7
19 23 27
22 2 27
4 5 2
21 23 12
10 13 8
11 14 24
13 16 39
15 18 33
21 22 35
21 2 34
11 13 29
12 15 21
14 18 7
5 7 1
17 20 40
20 0 36
0 3 23
0 2 18
13 18 8
9 12 24
13 15 38
6 10 9
0 3 2
20 23 18
23 1 21
10 14 7
5 8 2
22 0 4
22 0 5
21 23 20
11 15 9
14 16 2
2 6 10
6 10 29
2 6 21
11 14 34
18 22 41
0 4 24
20 22 24
18 21 18
15 18 1
12 15 38
0 6 37
9 9 27
21 23 4
3 6 28
21 0 25
15 18 21
17 20 18
9 10 14
9 11 21
6 10 29
23 4 24
9 11 5
10 15 37
21 1 17
6 9 1
16 18 9
1 3 34
21 0 14
1 3 1
14 17 17
6 8 31
6 10 32
10 12 14
22 1 15
1 4 29
2 6 15
6 11 10
10 13 16
5 8 24
20 22 40
4 7 10
2 5 24
10 11 29
12 16 16
21 0 38
7 9 24
7 10 34
19 22 26
20 23 2
15 16 28
3 8 29
7 11 9
22 0 37
19 22 41
12 17 33
12 16 20
5 8 9
22 22 14
9 11 9
17 20 26
23 3 13
4 8 4
21 1 23
12 16 2
13 16 20
8 12 4
9 13 13
16 19 28
5 8 21
18 22 12
7 9 39
17 20 21
18 20 2
11 14 37
8 11 39
13 15 9
8 11 28
17 21 38
12 15 8
22 0 13
3 8 4
10 12 22
22 2 33
3 6 36
18 21 19
11 13 37
2 4 16
14 19 13
2 4 26
4 8 38
2 5 1
23 2 8
17 22 18
16 17 22
18 22 27
15 18 36
0 4 31
21 1 29
2 2 37
18 22 30
6 9 25
4 7 30
18 21 39
18 20 36
10 14 41
3 7 40
2 3 25
9 12 3
23 2 6
14 17 23
6 9 35
5 8 13
11 15 35
16 19 9
15 19 5
7 10 39
21 0 21
4 7 13
0 3 33
11 14 29
2 6 25
19 20 31
20 22 41
0 1 6
12 13 13
5 8 2
13 17 38
22 2 40
23 4 11
19 22 24
10 12 33
3 6 37
8 14 34
22 2 15
14 18 12
3 5 21
1 4 35
17 20 32
14 16 1
19 23 25
18 20 17
6 9 35
16 19 33
21 0 36
21 0 17
17 18 5
19 22 15
9 12 39
6 9 14
7 10 2
9 11 20
4 6 1
22 0 36
17 20 8
9 13 25
0 3 30
21 23 16
2 6 33
1 3 11
19 23 23
17 19 10
7 10 28
8 10 37
2 5 21
16 19 29
7 8 14
19 23 32
16 19 41
18 21 22
23 4 16
8 12 23
17 20 14
1 4 26
19 23 34
4 8 9
11 14 41
21 0 20
17 20 33
15 17 13
16 19 25
7 11 33
13 15 18
18 21 31
19 23 12
9 13 15
7 9 13
8 10 41
4 4 28
1 4 27
23 2 1
10 13 6
20 23 31
20 0 14
8 12 3
10 13 4
0 4 22
3 5 30
8 9 26
7 10 22
13 17 30
10 14 27
12 14 37
11 16 24
7 10 21
11 15 3
22 2 39
7 11 25
21 0 12
6 8 17
14 17 39
11 14 11
7 10 6
21 1 4
17 20 7
11 15 34
10 12 38
10 13 33
22 1 17
6 10 2
1 3 5
9 12 9
21 0 36
5 8 18
0 0 33
17 19 28
13 15 1
12 15 32
17 20 34
0 2 14
18 20 22
14 16 24
15 17 26
20 23 7
4 7 26
17 21 31
23 2 37
0 1 30
8 12 14
15 18 27
10 14 7
8 11 10
3 7 32
15 19 12
20 23 33
9 13 33
18 21 38
12 15 8
23 3 2
23 3 28
22 2 28
20 2 8
20 0 6
18 23 25
0 3 25
12 16 27
13 15 40
1 4 16
18 21 25
2 5 18
2 5 41
0 2 38
8 10 17
11 15 41
14 17 35
20 23 15
1 4 13
3 5 32
7 9 12
18 21 26
4 7 39
1 4 14
5 8 22
2 5 3
8 12 38
9 11 33
3 6 37
21 0 3
13 17 13
10 13 10
6 8 33
9 12 5
4 7 22
7 9 7
16 20 30
19 23 30
14 18 38
7 10 22
16 21 11
22 1 24
1 5 41
3 6 25
10 13 11
19 21 40
16 21 31
23 3 16
7 11 20
16 22 9
8 12 18
17 20 41
23 2 12
18 21 35
3 7 7
7 11 36
22 1 6
0 5 27
21 23 10
13 18 12
7 9 9
10 12 10
18 22 22
18 22 8
7 10 39
13 18 26
12 15 27
11 12 26
8 9 26
13 16 14
16 19 20
3 6 8
12 16 26
17 21 8
21 1 38
14 17 28
15 17 23
19 23 23
12 16 34
12 15 37
15 19 24
11 11 32
10 11 38
6 9 34
13 16 6
1 3 35
4 7 11
15 20 9
7 9 40
9 12 36
14 16 4
12 15 19
15 18 35
1 5 24
7 10 19
10 15 21
9 11 19
0 2 22
22 1 37
23 2 20
21 2 23
0 2 16
6 10 19
21 0 31
10 12 37
14 16 35
19 23 33
19 23 7
5 7 1
22 0 8
2 4 30
22 0 25
7 9 14
4 9 2
19 23 36
15 18 19
3 6 9
14 17 11
21 1 10
19 0 3
14 19 30
17 19 6
8 12 6
8 12 8
4 6 15
7 12 21
13 17 5
0 4 31
23 3 16
15 18 1
0 4 10
13 17 15
2 6 35
15 18 38
3 6 5
4 7 37
19 23 40
19 21 15
1 5 9
0 3 36
13 16 8
20 0 6
8 12 29
23 4 12
15 16 5
18 20 33
13 16 27
2 5 19
0 2 8
17 22 37
17 20 34
3 6 38
8 11 36
11 13 5
16 21 3
23 3 29
19 22 12
5 9 5
17 20 7
19 22 13
19 21 40
8 11 1
12 14 34
3 7 32
7 10 37
17 21 17
8 11 25
14 17 29
0 3 15
11 13 38
5 7 35
7 9 8
18 21 39
2 5 7
19 20 4
3 8 39
14 17 35
0 3 39
5 8 22
21 23 39
2 4 10
13 16 37
13 16 1
13 15 33
19 21 12
6 8 9
10 12 25
12 17 7
17 21 26
2 6 22
0 4 16
18 22 26
19 23 10
15 16 26
4 9 26
4 10 39
21 1 33
3 7 4
23 4 18
6 8 10
1 3 27
4 5 5
2 6 29
0 3 11
10 13 22
14 17 22
19 21 23
7 10 10
6 9 19
6 8 36
3 6 20
19 22 8
10 12 27
3 9 6
13 14 38
19 23 25
12 13 29
15 19 5
13 17 12
17 19 15
21 0 26
21 0 27
20 0 1
23 1 13
22 2 20
23 2 30
12 15 38
8 10 37
8 10 21
12 14 38
9 11 14
2 6 22
21 2 31
19 21 32
17 20 12
7 10 7
21 23 35
4 7 39
8 12 39
9 13 12
4 7 37
7 12 35
1 5 14
21 23 5
22 23 3
18 22 18
8 12 5
0 3 20
22 0 3
17 21 11
14 17 20
21 23 40
6 10 10
0 3 23
13 16 23
7 9 23
21 1 32
19 21 12
16 19 26
16 20 30
20 22 31
1 2 2
16 20 31
23 3 11
10 15 10
9 12 29
5 8 35
6 9 14
22 2 9
6 9 15
15 18 29
12 14 17
14 17 13
18 20 20
23 2 41
5 8 29
14 19 40
17 19 1
13 17 22
6 10 34
11 14 19
3 6 7
23 0 11
15 20 3
7 10 7
16 18 9
2 4 29
16 20 37
8 11 30
21 0 39
8 12 33
21 1 22
17 21 28
19 0 16
3 5 36
20 0 28
14 14 15
15 20 31
21 1 6
4 6 27
11 13 8
21 23 28
11 14 31
14 16 14
11 13 3
19 0 17
11 14 38
1 3 32
8 12 30
19 22 10
21 0 41
23 5 21
3 5 32
17 20 36
21 0 7
13 16 15
16 19 28
6 8 27
3 6 39
19 23 21
12 16 32
6 8 31
8 9 22
7 11 33
14 16 3
20 23 25
1 3 21
10 13 28
6 10 36
19 0 40
21 23 30
0 4 23
16 20 26
9 13 41
15 17 34
22 23 33
12 16 21
3 7 25
3 7 17
1 3 25
11 13 30
23 4 38
2 5 16
5 10 30
9 10 8
12 14 35
15 19 25
22 1 27
17 20 10
5 9 15
7 8 33
16 20 12
11 13 41
1 4 18
0 1 31
16 18 13
5 8 19
6 8 26
11 15 10
10 13 29
15 19 16
8 12 30
19 23 27
1 4 12
15 16 38
23 4 21
20 0 8
0 3 4
15 17 13
23 1 19
10 12 10
13 18 10
12 15 11
7 11 6
5 7 33
4 7 34
21 0 10
0 4 22
1 3 9
2 6 4
5 7 23
20 22 29
3 5 16
19 22 12
23 2 7
4 7 24
4 7 10
19 0 12
23 2 26
19 0 21
4 7 2
21 0 39
6 9 5
1 2 10
1 3 18
14 19 26
0 2 18
11 14 33
22 0 1
7 12 10
17 21 28
0 2 4
23 1 1
11 14 6
19 21 8
14 16 2
18 21 35
10 12 22
12 14 20
7 11 34
5 7 7
19 22 10
2 6 26
1 3 25
5 8 13
13 17 13
7 10 8
20 0 14
19 23 13
20 23 9
4 6 20
8 9 17
0 3 38
23 2 16
19 22 37
5 10 27
11 16 35
12 16 4
0 2 35
7 9 4
1 3 40
1 3 34
21 0 19
17 19 39
15 16 10
5 7 37
16 19 30
20 23 32
8 11 16
4 7 37
5 8 38
12 14 17
12 16 6
11 14 35
4 6 11
20 23 10
18 23 8
2 6 8
6 11 28
23 1 5
17 21 39
12 17 36
14 18 23
19 20 32
8 11 34
22 1 2
20 23 13
15 20 39
23 3 23
12 14 25
8 12 11
11 13 19
13 16 13
20 0 25
8 11 1
16 18 31
11 13 38
10 14 35
0 4 30
4 9 5
11 13 17
15 16 8
1 4 2
16 20 9
5 8 40
0 2 2
22 23 23
6 8 7
14 19 18
18 20 2
7 10 6
7 10 12
22 3 27
19 22 20
13 17 14
0 2 27
21 0 16
3 7 19
12 16 31
7 10 14
19 23 30
2 5 8
23 0 41
4 6 22
3 6 6
18 23 8
2 4 5
21 1 31
12 14 41
11 12 34
1 4 17
12 14 39
21 23 15
8 11 38
23 1 26
7 10 6
9 12 16
1 5 18
11 15 40
10 12 25
11 13 41
23 1 16
3 5 6
17 20 23
20 23 25
0 5 10
19 19 25
23 2 33
19 21 38
23 2 8
17 20 5
4 7 24
3 6 22
8 11 24
23 4 24
8 11 13
20 23 11
17 20 37
3 6 33
19 0 14
14 16 25
12 14 4
16 20 21
9 12 37
12 16 22
14 17 31
4 6 22
17 21 3
9 11 23
5 7 6
4 6 4
7 9 22
6 10 4
12 14 33
15 19 14
16 19 8
7 12 31
1 4 25
10 12 26
5 7 40
19 23 35
9 12 34
11 15 2
9 12 24
16 20 37
18 20 40
11 15 22
21 22 35
0 4 14
18 20 39
15 18 24
8 11 39
1 5 15
19 22 14
22 22 9
18 22 20
22 1 5
12 15 30
4 7 29
12 15 19
19 22 6
13 15 21
9 12 16
16 19 1
4 8 18
16 19 10
17 20 29
4 6 32
11 12 38
16 19 10
8 11 29
3 6 19
21 0 6
14 16 39
17 20 38
0 2 34
8 11 25
20 21 39
3 5 1
16 18 36
23 2 30
21 1 10
17 20 3
10 14 15
16 19 29
6 10 22
4 6 27
12 15 4
21 21 40
13 16 24
5 8 3
19 23 40
17 21 18
12 18 18
19 21 28
15 17 39
6 10 5
11 15 19
12 16 23
6 8 6
16 19 6
23 1 40
18 21 23
16 20 24
11 14 36
22 1 41
5 9 35
18 21 25
4 8 5
1 3 28
2 5 39
10 14 14
12 16 30
6 10 6
5 7 3
14 17 35
17 21 18
13 15 11
10 14 8
16 20 2
4 8 20
9 11 11
4 8 40
0 3 30
19 23 14
23 0 15
21 1 19
1 4 25
17 20 19
0 5 15
15 17 31
15 18 38
22 2 34
3 4 39
4 6 34
5 10 36
2 4 12
15 19 13
23 3 5
18 19 35
4 5 19
1 5 27
13 16 39
12 15 6
17 21 1
8 10 34
1 3 25
23 1 28
8 11 19
8 12 11
14 15 7
0 4 31
15 18 38
11 16 20
11 14 15
19 23 36
18 21 26
11 14 40
2 4 12
13 16 2
21 23 14
4 7 17
2 4 18
8 12 40
14 16 7
23 2 16
22 23 37
14 17 41
12 15 23
17 19 2
23 3 24
3 8 36
17 19 31
22 2 16
20 0 1
8 11 20
19 22 9
2 6 17
21 0 41
5 7 35
10 13 31
12 15 27
22 1 31
22 0 26
17 20 21
16 20 6
14 18 20
1 3 23
21 1 38
1 6 30
22 2 39
2 6 10
3 6 1
16 18 10
12 15 23
5 9 13
20 23 14
12 16 19
22 2 38
9 12 2
10 14 3
10 12 17
23 3 11
2 5 18
7 12 19
6 11 24
23 2 21
0 2 29
10 12 36
17 21 31
17 22 14
11 15 10
5 8 22
0 5 19
22 1 37
13 17 6
8 13 5
15 17 19
10 12 31
3 5 15
7 9 17
17 20 23
13 14 27
23 2 5
6 8 6
20 23 24
12 14 3
10 13 2
2 6 36
18 20 26
20 0 40
22 1 31
22 0 17
10 13 36
10 13 34
2 5 3
9 12 22
3 8 40
0 1 37
16 20 31
6 11 28
15 18 12
6 10 17
3 8 16
22 2 20
15 18 5
19 20 25
17 18 40
16 19 36
3 5 30
20 23 3
12 14 22
21 1 14
0 3 5
20 23 36
16 19 34
9 12 1
13 18 1
7 8 27
20 23 21
12 16 17
3 5 20
1 5 7
6 7 12
8 11 16
23 2 12
14 18 13
1 5 2
10 14 33
12 16 41
23 1 31
2 6 16
22 2 36
0 4 39
1 4 29
17 20 26
2 7 7
6 10 6
21 0 31
12 15 9
9 14 3
21 23 37
15 19 14
3 5 5
12 15 27
2 5 30
4 7 24
0 3 30
4 6 6
18 21 27
9 12 25
19 23 41
23 2 30
22 0 32
21 1 35
0 2 26
12 16 35
5 7 32
21 1 33
8 12 3
19 21 33
13 15 28
12 15 9
15 18 36
0 4 6
13 16 5
13 16 4
3 6 40
14 16 31
14 17 35
9 13 25
11 12 16
19 1 25
3 6 7
12 16 29
4 7 36
4 7 34
12 16 37
3 5 37
14 18 23
2 6 15
20 0 7
4 8 28
20 1 17
18 21 30
17 21 14
17 20 10
21 3 31
15 19 39
8 12 34
9 12 37
0 4 22
23 3 12
21 0 17
21 0 25
16 17 6
22 1 1
16 18 13
5 8 16
17 19 19
22 1 39
17 21 11
4 7 11
20 0 39
12 15 40
10 15 3
22 2 20
8 9 28
19 0 33
18 21 15
13 18 23
8 11 22
12 14 13
19 22 23
19 23 27
23 0 10
18 21 21
17 20 12
20 22 17
19 22 22
9 12 16
21 1 18
18 20 29
11 14 39
12 16 29
15 20 17
3 7 24
2 5 1
19 22 17
19 22 2
0 3 15
5 9 27
6 9 34
6 9 33
13 15 20
0 2 9
22 0 26
19 22 41
21 1 2
9 13 7
6 10 24
4 7 2
17 20 16
4 8 32
4 7 39
20 21 35
4 6 9
16 19 18
8 9 32
14 16 30
0 3 41
21 0 14
4 6 6
3 5 9
6 9 15
11 14 37
0 2 18
15 17 7
14 16 24
11 14 13
10 12 3
11 13 27
7 11 14
16 19 40
17 21 34
5 7 27
14 17 38
1 5 5
18 20 25
20 22 1
16 20 38
15 20 2
15 19 30
7 9 7
22 2 15
18 19 1
20 22 27
6 8 28
22 0 34
12 14 23
15 17 28
7 9 29
11 15 33
20 23 13
13 16 14
14 16 33
5 7 27
20 21 10
5 8 13
15 17 39
6 11 22
23 2 41
3 7 39
2 6 29
20 22 41
0 0 40
8 11 23
6 7 13
0 3 11
15 16 30
4 7 29
8 11 36
1 3 2
1 5 27
1 5 29
13 16 30
21 23 24
14 15 29
23 1 3
9 11 20
4 8 12
4 6 8
22 3 6
12 16 30
17 19 18
14 17 20
1 5 24
1 6 23
7 12 13
23 2 3
16 19 38
19 21 28
18 21 4
11 15 2
0 3 3
16 18 41
7 9 22
13 15 1
17 21 33
2 5 32
20 0 7
18 22 36
9 13 3
5 7 15
11 12 28
8 11 31
23 4 7
3 7 38
19 21 6
4 7 3
15 19 14
17 19 21
4 8 34
22 3 6
1 4 1
14 17 18
23 2 5
12 16 29
11 16 41
3 5 36
5 8 8
11 13 26
18 18 26
23 2 30
0 3 1
23 2 4
19 21 20
2 4 3
23 2 18
5 7 13
19 22 40
5 9 24
6 10 37
14 18 30
0 3 5
4 7 9
17 22 23
3 5 1
6 8 35
5 10 24
9 13 8
2 6 12
11 13 30
11 14 8
7 10 29
11 14 23
1 4 24
12 15 14
0 1 26
22 0 40
4 6 6
14 18 28
7 9 36
11 11 8
14 15 21
0 2 25
18 20 32
0 1 32
6 9 38
21 1 10
13 15 25
10 14 33
8 10 35
15 17 34
20 22 37
12 16 40
5 8 31
2 5 20
6 8 19
14 18 16
22 0 35
14 16 3
22 1 34
4 7 4
3 4 12
13 17 8
18 21 15
3 6 20
17 21 18
15 20 32
23 2 19
5 7 13
5 6 19
3 6 29
10 13 9
9 12 9
1 5 13
21 23 30
18 20 17
12 15 23
21 22 40
3 8 27
14 15 7
22 1 25
13 16 1
8 10 23
12 15 36
9 14 29
2 4 21
9 13 5
20 22 18
15 18 41
1 5 13
4 5 31
5 9 24
19 22 23
7 11 15
6 9 36
14 18 35
10 12 24
5 9 9
17 20 37
18 18 28
23 1 21
3 5 33
8 12 1
23 2 29
22 1 20
14 17 25
1 4 35
5 9 23
13 17 9
20 0 15
16 18 41
13 15 11
19 22 12
4 7 33
9 11 27
8 11 41
17 19 25
11 14 40
10 12 31
12 16 30
11 13 14
17 20 6
1 4 23
8 12 13
17 20 29
2 5 19
4 8 28
17 21 30
15 18 6
17 22 30
22 2 24
12 14 35
5 8 22
15 18 11
19 22 10
2 4 18
16 19 25
9 12 8
5 9 7
10 13 24
13 15 21
8 10 38
23 2 9
22 0 40
7 10 14
4 8 1
7 11 9
21 0 6
19 22 1
21 23 5
20 23 23
3 4 29
5 9 31
4 5 6
19 21 4
14 17 9
14 16 8
6 9 9
23 1 31
8 12 23
15 19 1
17 19 6
4 5 35
1 5 14
2 6 26
6 10 2
15 20 16
11 13 33
10 13 32
23 1 23
21 23 41
23 2 36
4 4 2
3 5 27
10 13 1
12 14 15
1 6 31
18 20 41
3 6 30
0 2 19
11 15 25
2 5 26
7 11 33
22 1 6
6 10 4
11 15 12
19 21 33
18 22 29
10 13 19
13 15 8
7 8 14
4 7 3
15 18 12
16 20 7
17 20 33
23 1 20
16 20 32
8 12 10
16 20 10
20 23 28
6 8 37
19 22 20
17 19 38
4 9 16
6 10 1
17 21 4
4 7 28
8 10 35
18 21 1
15 17 36
13 16 8
4 7 34
23 4 6
6 10 14
8 10 32
10 12 13
19 21 31
3 7 16
0 3 18
21 23 16
9 12 34
15 17 11
6 10 10
21 2 4
12 14 16
14 17 36
1 5 7
9 11 17
17 20 37
21 23 26
14 16 36
13 16 3
9 12 16
20 22 14
15 17 34
1 4 4
0 4 29
7 9 28
3 5 18
4 9 16
20 23 34
14 17 2
6 7 30
14 17 28
9 13 33
18 22 17
3 6 11
11 11 1
20 22 9
1 5 32
19 22 28
14 17 37
1 3 22
10 13 38
8 11 16
21 0 27
17 22 37
18 23 28
5 7 35
11 15 30
2 5 7
18 21 35
20 0 28
13 16 41
18 20 3
13 17 6
6 8 11
9 12 33
8 11 16
0 2 18
12 15 18
17 20 40
16 20 21
23 3 20
17 19 24
18 19 27
0 3 24
7 8 4
5 8 36
3 5 30
0 3 24
10 13 21
13 17 3
15 17 7
11 13 41
5 8 5
6 10 26
6 10 23
16 19 40
8 10 3
22 0 13
16 17 13
14 17 3
12 14 20
11 14 40
21 0 2
17 23 19
0 2 20
12 14 15
16 19 12
3 6 28
0 4 4
14 17 23
21 0 5
15 20 35
7 11 12
5 6 6
10 14 25
14 18 41
22 0 25
14 17 35
9 13 25
10 13 2
21 0 7
18 22 7
16 19 34
23 0 13
17 19 38
17 21 24
4 7 41
16 19 36
8 10 3
2 6 29
17 21 26
23 2 22
15 17 18
7 9 2
6 10 18
19 23 31
21 0 21
12 16 6
4 6 34
14 17 28
4 8 38
0 3 7
11 15 8
15 19 14
7 11 39
23 2 21
19 22 3
2 5 21
10 13 31
17 21 21
17 19 22
3 7 38
10 14 28
0 4 4
9 12 37
1 4 32
16 21 11
19 23 3
23 2 20
4 9 19
18 22 25
11 13 15
18 21 10
20 22 40
2 7 38
21 1 26
13 16 5
13 14 37
11 16 1
18 22 23
12 15 29
17 21 27
8 13 5
8 11 32
23 2 31
15 19 30
9 11 7
13 17 6
19 22 4
14 17 22
4 5 40
22 1 38
20 0 5
12 14 15
16 19 10
7 12 15
12 16 2
23 1 26
13 16 37
21 0 19
14 18 31
10 14 21
6 8 23
19 22 5
6 9 5
0 2 2
5 8 3
15 19 38
19 21 16
8 12 11
14 18 23
6 10 41
10 14 13
6 9 9
0 3 2
20 23 9
7 10 6
9 13 12
23 2 33
3 8 22
11 16 13
11 14 36
17 19 15
17 21 14
10 13 40
18 22 18
20 23 25
21 23 25
18 20 37
0 2 14
10 12 34
22 0 30
0 3 36
20 0 20
18 20 27
14 16 32
10 14 26
0 4 19
4 7 12
14 17 21
19 21 31
23 3 2
6 10 1
23 3 5
0 3 33
20 22 4
17 21 13
15 19 29
16 19 30
17 21 30
2 3 35
10 12 23
11 14 38
14 17 25
6 11 37
19 22 4
18 22 23
10 13 8
16 18 14
20 0 40
8 11 25
6 8 15
20 0 28
11 13 31
3 6 33
21 1 32
23 2 35
13 15 5
18 22 35
22 1 6
19 20 14
4 6 3
5 7 30
0 2 12
10 13 34
17 20 37
10 12 38
8 12 36
3 6 9
9 12 24
16 18 7
2 5 18
19 22 21
16 18 35
13 16 1
7 10 12
14 18 4
6 8 37
12 14 31
3 4 25
2 6 9
14 18 25
3 6 17
13 16 32
4 11 32
5 6 20
12 14 20
14 17 37
0 4 23
0 2 21
12 16 25
17 19 23
12 15 37
5 7 26
7 14 31
11 13 39
3 6 2
9 12 34
9 14 32
5 8 17
4 7 2
5 11 38
5 8 22
8 11 18
7 13 3
1 3 6
5 8 17
19 22 36
15 18 3
18 20 38
12 16 1
5 8 8
21 23 28
18 20 31
5 7 8
1 2 19
18 20 38
6 8 33
6 6 31
21 0 35
11 13 17
22 2 5
22 23 8
22 2 4
3 7 21
23 1 21
4 7 11
14 16 25
10 13 21
6 10 26
10 12 21
4 7 37
18 22 35
3 5 5
14 17 30
5 7 17
1 3 29
3 6 39
9 13 28
17 19 1
7 11 16
20 23 26
4 8 2
10 13 31
15 18 29
5 7 36
14 18 38
0 4 3
3 5 6
14 16 16
21 0 28
14 18 6
13 14 9
23 3 32
10 13 36
15 20 38
11 12 41
22 2 8
14 18 19
16 20 29
15 18 40
7 10 26
19 23 38
18 21 5
19 23 4
16 20 17
19 23 9
15 18 39
14 18 27
0 1 13
8 10 31
2 5 29
19 23 10
11 15 14
22 0 12
5 11 22
2 3 29
21 1 15
9 12 4
5 10 32
3 6 14
3 4 39
9 11 31
2 5 31
12 15 26
19 22 32
6 11 23
12 16 35
22 1 5
4 8 11
3 6 39
13 16 24
18 23 4
21 1 6
0 3 38
20 1 4
19 23 3
10 13 22
3 6 27
18 21 30
0 3 4
10 11 8
4 7 11
21 23 24
5 10 25
3 7 24
6 11 31
8 10 14
7 10 1
9 11 1
17 20 13
4 5 39
21 1 24
20 22 40
1 5 15
18 21 1
9 12 1
2 5 37
2 5 3
23 3 8
16 18 23
10 15 23
1 3 26
23 2 30
6 10 17
16 19 14
13 15 14
20 23 8
22 2 15
15 17 39
7 10 41
20 0 30
21 1 31
4 7 2
22 0 31
10 13 23
8 12 9
7 10 33
8 11 14
3 7 35
13 16 41
11 15 16
22 1 14
5 7 14
22 1 20
17 20 13
16 19 38
12 16 9
21 23 4
11 16 8
2 5 39
18 21 32
8 14 21
2 5 18
0 4 11
5 8 22
21 0 34
20 0 37
8 12 36
21 23 28
21 0 13
4 9 18
11 13 28
16 19 16
6 8 24
11 15 22
17 20 5
1 4 35
9 13 39
11 15 7
8 12 1
18 22 4
8 12 19
12 15 39
1 5 35
15 18 10
23 1 27
6 8 35
17 19 34
8 9 35
9 12 39
21 23 10
0 4 26
1 4 10
5 8 8
17 20 34
9 12 26
0 3 20
2 4 13
5 7 24
17 20 9
11 15 36
15 18 16
3 5 7
19 22 35
9 11 37
22 1 1
9 11 20
6 9 22
17 20 20
0 4 40
19 23 40
8 10 10
3 7 7
13 16 26
2 4 23
6 9 12
7 10 3
15 18 3
14 18 38
8 11 21
5 7 40
0 4 8
23 1 14
14 18 28
13 18 41
3 6 16
18 20 25
11 13 3
13 16 22
13 17 38
8 11 27
9 12 4
13 17 21
4 5 2
14 18 40
8 11 5
12 13 29
16 19 31
21 0 17
7 11 32
0 3 39
14 15 6
6 7 28
12 14 17
4 6 7
3 5 18
18 22 7
0 4 36
17 18 13
14 17 5
16 18 17
0 3 11
4 8 22
9 11 25
18 21 27
15 18 35
11 12 18
4 6 15
19 20 12
1 4 30
3 6 24
6 8 8
0 3 41
1 3 5
14 17 35
20 22 30
11 14 38
14 19 3
18 20 19
4 8 20
22 0 26
13 14 20
18 21 17
5 7 32
15 19 6
10 10 21
7 9 31
21 0 36
10 14 15
5 8 12
2 4 8
7 11 24
13 17 15
20 22 33
19 21 31
19 21 28
17 20 5
22 0 18
0 4 11
14 17 18
0 3 21
12 13 2
20 22 34
5 8 32
13 16 26
20 23 16
17 22 23
8 10 21
21 22 20
9 12 6
2 6 37
11 13 5
9 14 26
14 17 13
9 12 17
19 0 30
1 2 10
10 10 38
20 21 32
3 5 6
10 14 5
2 4 8
12 14 36
0 4 24
16 18 15
16 20 40
15 18 27
1 4 39
14 16 15
15 17 12
8 12 6
17 20 37
3 7 30
9 13 3
10 12 8
5 9 14
20 22 2
23 3 21
11 13 33
17 20 27
10 11 4
6 9 8
9 12 33
7 9 29
14 17 39
6 10 30
11 14 33
4 7 40
6 9 32
6 9 9
2 4 5
7 10 33
11 13 37
23 3 20
19 21 33
8 9 1
22 0 39
19 21 38
2 5 15
11 14 31
14 18 3
5 8 21
4 8 16
5 7 24
4 8 19
11 14 18
10 13 3
8 12 34
8 12 10
7 10 30
14 18 3
19 22 18
17 20 27
0 4 13
22 0 22
11 15 32
20 0 4
20 0 33
12 16 33
11 14 16
21 2 21
13 16 40
6 9 5
16 20 28
1 4 35
14 19 3
22 1 21
20 1 38
13 16 4
19 22 11
14 18 18
17 21 27
4 6 15
8 12 4
10 14 16
5 9 39
3 6 12
14 16 4
10 12 2
0 3 15
10 13 1
17 19 33
21 1 41
22 1 4
7 12 11
17 20 23
16 19 39
1 3 39
13 17 14
4 8 35
18 21 31
2 5 35
9 12 22
5 10 5
16 17 11
13 15 41
4 7 33
1 4 8
11 14 12
3 6 19
9 12 8
7 9 12
2 4 17
10 13 30
11 13 7
21 1 39
12 17 24
20 0 6
0 4 30
12 15 22
20 23 25
18 21 34
6 10 32
22 0 34
23 2 17
16 19 7
3 5 31
16 20 38
15 18 26
12 14 13
15 17 19
8 11 34
20 22 26
3 7 16
6 9 2
3 6 36
10 13 1
8 12 32
4 7 8
10 12 16
21 23 23
0 2 38
0 3 36
18 19 13
17 22 28
20 23 24
15 16 27
2 3 7
23 3 23
21 23 15
18 20 22
8 11 5
18 22 19
20 23 12
12 16 23
11 13 6
4 7 28
19 21 39
22 1 8
14 18 31
22 1 6
11 15 41
9 10 20
12 16 26
8 11 33
0 3 26
5 7 41
16 18 30
18 23 37
16 19 27
11 15 35
8 11 8
19 22 3
2 5 21
8 11 27
2 6 7
21 20 6
4 8 15
8 10 41
5 7 22
23 1 8
11 15 15
20 0 17
17 19 3
17 21 6
19 23 28
5 8 19
20 23 11
4 7 29
3 7 5
17 20 27
18 20 14
21 0 23
21 0 10
23 2 22
6 10 6
4 7 32
11 16 39
23 2 17
9 12 5
17 22 30
15 16 2
3 7 33
5 8 6
0 1 21
4 7 17
23 2 19
20 21 33
20 21 13
22 1 6
20 22 34
2 6 3
16 19 12
6 10 27
13 15 41
14 16 2
14 18 22
16 20 18
14 17 31
13 17 21
4 6 8
1 4 19
4 7 26
11 12 18
19 21 7
3 7 40
19 22 29
2 4 2
23 2 1
9 12 41
9 11 37
4 7 8
5 7 36
16 21 41
17 21 27
10 14 1
5 7 17
15 17 24
15 17 8
4 8 12
0 3 40
21 23 25
19 20 6
5 9 28
19 22 29
18 22 5
18 22 35
4 8 7
14 17 27
4 7 41
2 6 25
9 13 10
11 14 23
11 15 21
16 21 36
16 20 16
13 17 20
7 10 6
8 12 34
1 3 3
0 3 12
10 15 10
5 8 22
6 9 17
0 3 19
9 12 22
15 17 5
18 19 27
4 7 23
14 17 14
15 17 27
8 13 2
22 23 3
22 0 30
19 22 12
20 23 27
3 7 1
4 6 32
22 2 36
10 12 33
0 2 36
20 23 5
16 18 15
8 11 14
16 18 21
20 23 1
5 8 41
21 1 13
1 4 14
23 3 10
3 5 25
11 14 8
22 3 40
1 5 3
18 21 13
18 20 2
8 10 19
18 21 1
23 1 31
6 11 25
3 6 38
9 11 10
10 14 31
7 9 19
20 0 36
16 18 12
5 8 34
4 8 11
16 20 5
4 6 15
0 2 7
6 10 9
1 2 32
20 22 26
22 23 25
10 14 35
5 6 40
14 19 18
8 12 7
18 21 8
19 21 25
5 9 36
3 5 17
7 10 14
12 14 9
23 3 33
1 3 18
7 8 16
19 22 39
12 14 21
17 21 13
1 4 14
6 10 26
8 11 38
13 17 27
21 23 16
5 8 27
11 15 30
7 10 38
9 12 7
6 9 4
0 3 15
5 8 16
0 3 30
7 11 22
11 15 28
22 0 33
12 16 25
20 22 3
15 18 17
20 1 40
11 12 13
11 15 6
22 1 9
9 11 11
3 8 17
21 23 25
1 4 13
4 8 32
4 8 38
20 0 36
14 17 40
7 10 40
2 5 32
22 1 1
18 20 2
11 15 40
6 9 15
1 3 38
17 20 35
6 9 21
2 5 37
14 16 26
17 21 23
9 12 13
14 18 8
21 1 39
21 0 41
18 21 12
22 1 7
12 14 12
15 18 1
18 22 1
11 13 2
2 4 28
17 22 1
2 7 37
0 2 6
7 11 37
20 0 28
16 17 12
6 9 28
21 1 20
10 11 20
7 10 6
17 21 19
23 3 35
0 4 29
22 1 26
16 19 18
15 19 38
2 4 35
21 22 38
15 19 1
12 15 1
16 18 3
22 23 10
2 6 25
9 13 21
22 3 26
7 11 17
19 22 12
15 18 25
1 6 5
0 3 19
4 8 35
3 6 32
23 2 34
12 13 18
14 17 27
10 13 14
1 4 21
21 1 38
21 0 19
5 10 4
21 0 12
9 10 25
23 2 31
20 23 37
3 6 1
6 8 26
21 1 12
15 18 13
17 20 38
12 15 4
3 7 32
2 5 16
18 21 18
10 14 33
4 8 19
23 3 29
7 10 1
0 3 36
19 21 16
15 18 4
3 5 18
15 19 16
12 14 40
17 21 4
14 19 39
1 3 2
11 15 41
9 14 18
7 11 3
9 12 4
9 12 20
4 9 12
15 18 24
14 19 38
18 22 39
2 4 13
18 21 17
18 21 13
22 0 29
19 22 35
10 12 2
4 8 25
18 21 12
19 20 21
11 15 14
17 20 36
0 3 17
9 12 35
3 5 20
15 18 14
0 4 1
23 2 6
15 19 10
7 10 21
5 7 19
22 23 1
13 15 5
13 17 12
20 23 29
15 17 40
1 2 6
15 18 25
20 0 27
23 1 24
10 12 12
2 4 29
5 7 25
3 7 22
1 2 23
1 4 11
8 11 40
23 2 6
4 7 16
14 15 13
2 5 13
16 19 31
10 12 6
1 5 25
6 9 7
20 0 20
22 1 31
8 8 29
8 11 5
14 18 29
9 13 8
8 12 26
15 18 28
11 13 31
18 21 28
19 22 8
15 19 31
5 8 16
18 23 38
10 14 18
13 17 15
7 9 33
21 23 12
13 14 27
4 7 34
21 23 16
16 20 3
9 11 30
6 11 5
20 0 32
22 2 35
12 15 1
16 19 29
14 16 20
17 20 15
20 22 6
15 18 23
16 20 11
6 8 11
8 12 6
12 14 9
21 1 23
21 1 13
9 10 9
22 1 15
23 2 13
17 21 6
11 12 26
8 10 27
9 14 25
2 4 22
11 15 22
6 9 23
23 3 26
23 2 2
14 15 20
14 16 13
12 16 17
1 3 9
3 8 32
21 23 28
3 6 38
17 21 19
4 7 33
16 18 19
0 4 14
10 13 6
18 21 37
17 20 8
12 17 16
17 19 8
0 2 38
23 0 5
1 4 40
20 23 26
9 14 22
20 23 32
0 4 39
21 0 33
20 23 11
18 21 12
1 3 16
3 7 8
12 15 32
15 18 25
22 0 35
23 2 40
21 23 20
2 6 6
20 22 25
19 22 1
22 0 18
3 6 40
13 17 3
16 18 27
6 8 17
1 3 22
21 1 28
5 7 12
21 23 29
16 19 7
13 15 7
17 20 14
2 5 9
13 16 11
23 2 7
10 12 5
13 15 35
7 9 20
18 22 19
19 0 8
3 8 7
1 3 30
8 11 40
11 12 23
14 17 23
6 8 24
17 19 5
3 6 9
6 9 4
23 3 5
12 15 36
10 14 23
7 11 7
4 6 24
3 5 11
9 13 13
7 9 30
14 15 2
18 21 9
22 1 13
13 18 16
18 20 38
0 3 18
10 11 32
0 3 30
0 4 30
11 13 28
17 20 4
6 7 22
1 4 1
5 9 34
2 6 3
12 16 20
20 22 38
23 3 38
14 16 4
19 20 21
5 9 37
9 11 9
4 6 22
4 7 5
15 18 13
6 10 35
11 12 2
17 19 38
7 11 17
13 16 31
9 12 12
12 15 24
19 21 14
1 3 1
0 2 9
18 22 6
10 14 31
3 5 8
12 16 21
5 9 21
17 20 3
15 17 31
7 8 12
18 22 8
14 17 18
9 13 22
5 9 6
14 18 23
23 2 28
5 7 11
4 7 30
15 20 23
9 11 32
9 11 17
2 4 28
8 13 18
6 8 24
8 10 39
1 4 26
10 13 19
9 13 29
7 11 20
21 0 23
13 14 28
6 10 37
16 19 11
18 20 34
17 19 8
15 18 14
18 20 10
5 8 19
7 11 12
15 20 40
0 1 33
11 14 6
16 19 40
4 6 17
18 20 39
20 0 18
13 15 38
8 11 19
21 0 2
7 10 39
22 1 6
13 16 13
20 1 16
23 1 41
11 14 37
12 15 34
17 20 35
6 10 1
23 1 25
20 21 40
5 8 8
20 23 16
23 1 10
22 1 7
20 22 33
7 9 35
11 15 1
8 10 33
1 4 7
12 16 36
20 1 37
12 15 22
8 11 6
2 5 2
11 14 14
15 17 19
18 21 41
19 0 21
2 3 24
7 10 21
8 10 36
15 18 18
15 19 37
19 22 25
4 7 34
1 6 13
12 13 39
14 15 7
1 5 17
9 12 2
14 17 39
17 19 26
22 1 1
15 18 12
4 6 26
20 22 23
11 14 28
10 13 15
16 18 6
18 21 24
13 16 14
16 21 31
17 23 35
13 16 1
13 16 15
9 12 41
4 7 35
12 15 38
2 4 6
18 20 1
22 2 14
13 18 40
17 22 34
12 15 41
20 23 25
20 22 22
1 2 39
1 6 19
16 19 1
7 12 13
5 9 39
10 12 24
15 17 39
21 0 19
4 7 39
18 23 9
18 22 27
12 15 25
21 0 24
4 6 24
15 20 36
16 19 24
1 4 31
1 4 1
9 13 37
12 16 32
9 12 32
1 6 32
12 14 29
13 17 30
7 10 6
0 4 41
13 16 29
19 21 7
20 0 39
17 21 14
2 4 26
9 12 41
10 16 29
11 14 37
2 5 16
20 23 12
20 22 40
22 2 40
8 12 10
15 18 37
8 11 28
3 4 26
0 2 12
18 22 2
22 2 7
10 12 7
23 3 7
5 7 39
5 9 10
5 8 1
8 12 5
23 1 6
8 11 40
10 14 6
13 17 18
8 11 15
21 0 29
4 9 32
13 15 7
8 12 21
23 2 29
5 8 38
8 12 9
17 20 6
10 13 39
8 12 16
19 21 15
10 14 35
8 11 9
8 11 36
12 16 32
16 16 4
3 5 14
1 5 20
13 17 4
8 11 33
8 12 33
1 4 11
5 10 8
2 6 10
17 21 13
10 13 6
2 5 36
0 4 6
17 19 31
0 3 4
4 6 4
23 5 39
20 22 39
7 7 20
6 9 2
11 14 34
7 10 11
13 16 36
21 1 6
20 23 21
4 8 25
4 8 10
11 14 6
11 13 24
4 5 16
23 3 33
15 16 20
3 6 21
16 19 27
23 2 40
10 12 33
23 1 21
9 11 4
14 16 4
0 1 30
0 6 30
12 16 5
19 23 1
22 1 14
2 5 29
2 5 11
4 6 40
17 20 39
18 20 15
14 16 29
6 9 23
9 13 2
1 3 21
9 13 7
0 3 32
5 9 25
12 14 38
5 8 2
11 15 20
10 14 33
16 19 37
14 17 38
4 5 10
17 20 25
1 5 38
21 22 29
0 5 34
9 14 14
18 20 5
9 11 1
19 0 35
15 18 24
2 5 12
7 9 30
3 4 32
13 15 36
8 11 24
18 20 5
16 18 6
19 22 34
3 6 15
18 21 13
4 8 8
1 4 1
3 5 17
19 0 12
10 11 10
13 17 7
19 23 16
11 14 10
10 13 33
23 4 40
22 2 16
12 18 3
8 11 34
4 8 33
16 19 17
5 8 18
17 19 39
5 10 34
0 3 1
17 20 39
23 1 32
12 16 13
7 10 28
1 5 34
20 0 41
13 15 24
11 13 34
22 1 12
21 22 16
9 12 40
18 21 39
11 13 41
13 16 39
8 9 33
1 3 2
7 10 27
18 21 18
4 5 30
6 9 31
8 14 38
10 12 33
3 5 14
12 15 10
19 22 25
2 5 2
19 22 37
2 6 36
23 4 37
11 14 20
9 12 5
0 1 16
18 23 35
17 20 17
3 5 33
4 7 16
11 14 22
10 12 9
12 16 1
12 15 7
3 7 38
14 18 2
17 21 34
11 14 28
9 11 18
12 15 36
4 7 38
14 17 21
7 9 9
22 2 19
21 0 5
1 5 3
20 23 9
20 1 35
19 0 27
20 22 26
22 1 13
21 0 12
13 15 17
17 20 36
7 12 19
3 6 12
12 16 6
18 21 10
16 17 29
16 19 37
9 10 16
5 8 41
15 18 27
16 19 19
19 23 35
12 14 14
9 12 36
10 13 6
1 4 22
19 21 36
9 12 36
8 13 26
18 21 20
13 17 29
17 19 14
17 19 30
12 16 10
5 8 29
23 3 21
15 18 4
2 3 23
1 4 22
15 17 29
16 19 23
19 21 2
13 16 32
20 1 17
8 13 27
20 1 37
14 17 38
5 8 29
4 9 23
6 7 27
15 19 36
0 4 18
11 13 21
21 23 41
11 14 18
0 3 7
10 14 2
3 7 37
11 14 40
3 6 9
8 12 34
13 17 25
6 11 7
16 19 35
14 17 12
17 22 13
13 15 41
2 4 12
16 18 6
9 13 11
0 3 4
17 19 3
7 11 10
13 15 22
8 11 31
5 8 13
4 8 3
17 22 13
15 19 26
10 14 30
17 20 21
5 7 23
2 4 8
19 21 18
6 9 31
11 14 30
21 2 16
22 0 37
13 18 7
21 2 8
10 12 1
8 11 31
12 16 12
0 3 10
1 5 36
4 8 38
4 7 41
18 21 9
17 18 22
3 6 2
20 23 23
6 7 31
19 22 30
5 8 37
0 4 36
15 19 21
16 20 35
22 1 35
8 12 12
17 19 28
15 17 21
12 14 37
1 3 2
14 17 5
17 19 27
6 9 6
12 13 36
4 5 18
22 0 19
20 23 36
0 3 37
15 18 25
0 4 8
4 6 7
22 1 10
22 23 21
11 13 40
18 21 2
6 8 8
19 23 11
22 0 16
0 5 30
5 8 25
12 17 23
11 14 34
2 4 36
19 19 3
0 3 36
8 10 10
9 9 22
23 1 27
2 6 16
8 9 29
12 15 29
11 14 33
7 9 25
9 11 41
2 5 13
19 23 1
3 7 3
9 11 17
3 6 36
5 9 26
21 21 8
21 23 13
2 5 41
10 13 33
22 1 32
8 12 12
15 19 17
6 10 2
10 12 28
15 18 11
22 1 9
8 12 20
16 20 14
21 1 38
7 11 7
15 18 22
12 15 18
1 3 12
15 19 29
21 22 20
17 19 36
19 22 25
10 13 39
3 6 13
12 13 21
8 11 22
13 16 28
8 12 26
19 21 22
2 3 20
15 18 36
0 3 9
14 16 6
8 10 41
21 2 16
19 23 38
5 7 19
4 6 23
3 6 10
20 22 5
14 16 17
10 14 6
8 10 35
23 2 9
18 21 28
20 23 30
14 17 31
7 9 9
10 10 15
22 1 38
2 3 8
10 12 27
17 21 12
11 14 37
3 5 38
3 6 20
9 12 2
11 13 3
15 17 17
7 9 35
23 4 41
18 19 2
9 13 38
10 10 30
4 7 40
7 9 4
13 17 2
17 20 34
7 9 7
12 16 32
23 2 28
8 11 27
21 0 9
16 20 10
0 2 21
16 20 18
9 13 29
2 7 8
4 6 16
2 5 14
4 7 26
5 7 10
22 1 14
7 10 7
12 16 12
4 7 33
22 0 15
9 12 13
8 11 37
21 0 12
13 15 5
9 12 9
2 5 32
6 9 8
10 13 25
12 17 19
8 12 16
15 19 18
11 13 10
15 19 15
13 17 34
2 5 23
12 16 28
16 20 9
18 23 37
9 13 9
8 12 13
18 21 30
13 15 22
8 12 22
8 11 13
3 5 30
3 7 35
6 9 41
16 19 7
1 4 16
10 12 22
23 1 8
6 8 8
3 6 20
23 3 14
6 8 3
3 7 1
20 0 13
18 20 29
14 17 18
3 5 16
16 16 12
3 5 6
1 5 17
16 18 8
17 20 25
7 10 29
6 10 22
19 23 39
22 0 14
10 12 19
23 3 31
10 14 5
2 4 3
7 9 9
11 16 30
17 20 29
12 14 4
2 5 32
3 6 28
16 20 15
12 14 7
14 17 8
3 5 27
10 12 32
10 13 23
23 3 11
23 1 24
7 9 3
12 16 12
14 16 31
2 3 38
21 1 35
21 1 38
13 18 26
18 22 31
23 0 17
0 1 40
5 9 14
23 2 41
1 3 26
23 3 17
14 17 22
22 2 41
20 22 11
14 17 34
14 17 7
10 12 36
7 11 3
20 23 11
0 3 32
3 5 41
5 9 13
1 4 5
6 10 33
7 11 25
16 17 17
21 0 37
6 10 38
2 4 4
6 8 27
2 6 28
3 7 13
17 20 35
4 8 28
18 21 34
10 13 38
2 6 38
4 8 33
10 13 5
22 3 33
20 23 25
3 6 24
9 13 41
10 12 11
3 7 31
18 22 4
21 0 40
19 23 12
4 8 22
23 2 35
18 22 21
4 7 34
19 22 7
11 14 25
12 15 29
9 11 19
3 6 34
13 16 38
17 21 26
6 8 33
13 15 9
16 20 30
2 6 3
23 2 12
1 4 7
15 19 14
15 17 28
12 14 12
6 10 40
9 11 39
20 1 15
13 15 14
15 16 10
11 16 2
19 0 17
8 11 13
8 10 26
2 4 29
9 11 5
9 14 2
8 11 14
2 5 30
22 0 20
14 17 25
23 2 25
5 9 41
9 12 20
23 3 21
15 17 14
11 14 3
14 18 22
18 22 32
22 1 24
5 8 1
5 7 10
1 4 33
20 0 22
13 16 28
13 18 15
1 2 21
17 20 26
16 20 4
13 15 18
16 20 31
5 8 13
2 6 23
1 4 24
9 10 14
15 18 37
10 13 12
7 9 4
10 14 27
13 18 21
20 0 1
4 7 8
4 6 13
13 15 33
5 9 13
13 16 4
23 1 36
23 3 6
0 4 2
11 14 2
22 0 9
18 22 14
10 13 7
0 3 7
20 0 1
4 8 32
4 8 32
18 23 7
12 15 22
8 9 16
18 21 26
6 8 31
9 12 16
6 8 15
19 21 20
23 3 21
4 7 14
8 10 13
11 12 2
19 23 6
15 17 34
16 19 21
22 0 7
9 13 6
1 3 25
8 11 16
17 20 32
20 0 5
14 17 12
11 11 23
22 2 25
19 23 24
2 5 10
12 14 18
13 17 28
20 23 2
14 17 23
15 17 21
10 12 38
23 1 21
23 4 41
17 20 1
1 3 3
8 11 36
13 17 31
7 11 2
18 22 16
14 16 20
15 16 38
0 4 37
2 4 38
12 16 2
14 17 11
20 22 5
4 7 16
23 2 11
2 5 26
10 14 8
17 19 5
11 13 20
21 23 39
1 5 33
9 12 37
2 5 14
2 7 37
16 19 24
18 20 4
14 17 18
14 19 19
3 6 29
12 17 10
14 17 2
15 18 40
20 0 20
20 0 27
4 4 26
22 1 24
15 17 4
9 11 20
4 7 19
7 11 33
2 7 2
14 16 25
11 15 34
21 0 12
5 9 37
21 0 14
14 18 40
17 19 20
7 10 14
20 22 21
20 0 12
21 23 34
9 10 39
12 16 26
6 7 32
13 16 19
11 13 33
15 17 19
9 12 14
8 10 34
22 1 41
9 10 27
5 9 22
9 12 7
22 0 29
1 4 7
6 8 25
15 19 16
4 7 1
5 7 7
17 21 22
23 3 18
11 15 41
5 10 25
22 1 29
13 17 36
13 17 30
2 5 29
18 21 15
1 3 20
22 0 11
9 11 40
20 1 12
13 15 8
21 0 3
17 19 20
13 17 38
7 10 31
0 3 35
23 1 16
6 10 9
10 14 34
2 7 15
2 5 39
7 9 5
18 21 9
2 6 28
8 10 6
12 15 33
20 0 31
8 11 15
20 23 15
2 4 18
4 8 1
16 19 40
19 22 26
11 14 20
17 20 41
13 16 24
8 10 37
13 18 11
15 19 40
17 22 18
2 5 10
1 4 19
15 17 28
21 1 11
23 1 2
7 12 33
13 18 33
23 2 21
1 4 18
7 10 12
0 6 36
3 6 30
10 12 29
16 20 35
12 15 31
22 1 35
1 6 31
18 21 31
11 14 7
13 16 33
15 18 4
9 10 14
5 7 8
3 7 10
17 19 21
21 1 12
11 14 27
15 18 38
11 12 8
18 21 4
23 1 27
19 23 39
9 11 4
11 14 1
5 8 26
14 17 22
18 20 31
15 19 5
3 6 27
17 21 21
23 3 1
7 10 13
3 6 7
12 14 11
8 10 27
23 2 36
16 19 15
17 20 14
20 23 2
19 21 39
13 17 4
17 19 40
3 6 41
23 4 10
8 10 7
5 7 12
11 14 12
21 0 32
12 16 1
2 7 1
23 2 17
13 16 15
1 4 24
3 5 28
23 2 19
2 5 1
2 5 20
3 7 38
2 5 6
16 18 1
8 10 23
5 8 10
8 11 30
23 3 33
18 22 41
13 18 31
1 4 10
13 16 4
23 2 13
19 23 16
4 4 4
18 22 38
21 23 14
11 14 29
12 16 35
10 13 21
8 12 22
19 22 26
11 15 38
15 18 25
21 2 18
3 6 26
4 6 40
12 15 23
5 8 2
16 19 36
13 15 8
11 14 5
12 15 32
13 18 35
13 15 13
11 16 34
4 6 25
17 19 39
23 2 32
9 11 14
21 22 40
20 21 25
12 14 21
6 8 20
19 22 24
6 9 38
11 14 40
7 9 19
6 10 20
0 5 7
18 19 24
17 21 32
3 5 7
12 14 14
13 19 18
4 6 11
16 17 35
15 17 15
3 6 39
11 13 1
12 15 8
18 21 12
1 5 38
8 12 5
10 13 24
15 18 29
19 21 20
8 11 26
2 3 18
7 9 3
7 10 6
5 8 12
7 11 13
14 17 35
22 1 20
12 13 11
1 5 37
9 12 20
20 1 29
22 1 37
3 6 19
19 21 36
2 5 3
5 9 25
14 17 3
4 7 34
3 7 18
1 5 40
23 2 4
11 16 16
8 10 27
13 16 16
7 10 22
21 23 30
5 9 12
3 6 1
10 15 3
5 8 24
1 3 16
10 12 35
0 3 11
4 6 31
1 5 36
23 3 24
4 6 31
5 8 4
0 1 38
23 2 5
20 21 31
5 9 1
8 10 2
18 23 5
22 2 22
16 17 14
9 15 18
4 7 5
20 0 16
16 18 29
7 10 14
3 5 20
8 10 11
14 18 5
9 12 8
17 19 12
16 18 26
7 10 10
9 12 13
5 9 14
18 22 35
16 18 8
10 12 6
2 4 5
17 19 34
5 7 20
21 1 14
18 21 6
11 13 8
18 22 31
10 12 24
20 0 4
18 22 8
15 18 3
20 22 18
15 18 19
22 1 32
11 15 13
21 0 4
3 8 16
15 19 33
13 17 3
23 3 36
5 8 7
14 16 35
12 15 35
14 17 21
1 4 34
9 11 26
22 1 25
22 0 35
10 13 18
19 22 14
4 6 35
0 1 9
9 11 3
7 10 7
11 14 27
4 8 29
2 6 9
21 23 3
8 10 28
23 2 5
19 21 17
23 1 14
20 23 24
4 5 24
9 11 1
13 14 9
8 11 32
16 20 2
1 4 25
0 2 12
4 6 38
7 11 17
6 11 1
23 1 26
20 22 23
18 21 15
4 7 5
23 0 26
19 22 22
21 23 12
4 5 14
16 19 32
16 21 22
20 1 17
16 18 28
1 5 29
2 4 26
6 7 11
8 12 29
18 21 34
6 9 41
17 19 23
23 23 34
21 23 36
22 1 11
9 12 5
14 17 2
14 17 26
17 21 3
14 17 3
15 19 26
2 3 9
6 9 27
2 6 24
6 9 2
9 14 30
2 6 38
18 20 18
1 4 25
0 3 5
19 23 17
19 21 12
13 16 18
14 18 8
14 18 1
14 17 15
19 22 2
17 22 7
1 5 30
15 17 15
19 23 2
18 21 4
15 18 37
1 4 2
18 21 7
13 18 5
6 8 25
3 6 2
20 22 16
2 5 17
15 18 37
8 10 33
0 4 24
6 9 5
6 8 25
5 8 22
22 1 23
21 0 2
22 23 27
23 3 6
13 17 1
11 15 31
19 23 32
4 7 37
9 11 4
2 5 21
12 17 20
19 22 12
19 22 37
5 9 31
20 22 21
14 17 11
9 13 19
7 8 4
4 7 40
8 12 33
15 19 10
15 19 15
14 18 21
11 13 12
20 21 2
5 9 24
11 13 3
18 21 32
3 8 22
18 20 33
20 22 25
11 13 16
18 21 40
5 9 20
19 23 3
21 1 11
18 23 11
1 4 35
23 2 22
6 9 29
19 22 3
21 0 34
1 4 17
3 3 8
23 2 16
11 15 29
4 6 4
5 7 1
20 23 2
18 20 3
19 22 32
16 18 26
18 21 7
3 5 19
21 1 19
17 21 39
4 7 5
23 2 17
21 2 19
15 17 13
16 18 32
14 17 10
8 12 18
18 20 37
0 2 8
19 20 12
3 4 26
12 14 31
14 19 35
3 6 38
12 16 23
16 20 15
16 21 14
18 21 8
15 17 23
1 3 39
2 5 6
17 21 7
21 23 26
22 1 13
0 5 13
21 1 10
2 6 28
15 17 7
5 7 32
17 20 36
21 0 41
10 14 32
11 14 19
22 0 30
19 23 32
8 12 24
21 0 29
14 19 2
20 21 37
7 10 32
22 1 21
7 11 34
1 4 29
17 21 32
0 2 25
23 2 37
16 19 25
22 2 4
17 22 16
9 11 37
17 19 2
11 13 28
17 20 41
19 21 37
15 17 11
9 11 33
6 9 24
1 3 6
18 22 11
17 21 20
11 13 27
23 2 30
2 6 19
7 10 9
17 19 19
12 15 2
6 7 8
16 17 24
8 12 20
7 9 27
21 0 20
19 22 41
8 12 26
18 22 20
1 3 11
6 9 24
18 21 21
16 20 3
22 1 1
14 17 9
3 6 30
16 19 5
6 10 3
0 4 21
3 7 16
2 5 13
19 22 41
19 23 11
13 18 20
4 6 32
16 19 3
6 9 11
13 16 24
10 14 16
13 19 7
9 11 35
10 11 10
22 0 27
13 15 10
0 4 37
14 17 25
2 5 6
2 7 41
0 3 40
23 1 1
16 20 32
8 11 5
23 2 19
22 23 13
19 21 34
3 6 30
23 3 7
13 17 30
3 6 31
7 10 6
4 5 31
18 20 29
11 14 9
7 12 18
7 10 18
14 18 21
18 22 14
6 7 7
15 20 23
9 12 22
21 1 37
12 15 12
7 11 16
11 14 35
14 16 36
19 23 14
8 10 40
9 11 26
4 7 11
20 21 12
9 12 30
16 19 17
18 21 41
19 23 31
12 18 36
7 12 40
18 21 20
4 7 26
2 5 16
2 5 7
2 4 36
15 18 13
0 4 35
10 13 22
21 1 10
13 17 2
11 15 39
23 4 35
19 22 26
22 0 36
15 19 3
9 13 13
0 3 1
18 21 40
1 4 41
11 13 5
2 4 40
5 8 20
9 11 41
6 9 12
14 16 3
12 14 41
5 7 26
21 0 24
3 5 27
10 13 16
3 6 29
4 7 18
10 13 27
18 20 19
12 16 32
14 17 1
9 12 2
14 15 36
8 11 17
13 17 29
8 12 19
1 4 28
18 22 22
4 6 38
10 13 31
20 0 2
4 8 24
7 9 22
17 20 18
15 18 24
15 17 33
2 6 16
15 18 36
19 22 22
17 20 11
19 23 30
13 17 38
22 0 34
11 15 8
20 22 17
1 2 35
19 21 32
22 0 9
10 14 17
10 12 8
22 2 14
17 21 14
14 18 26
3 6 41
0 3 26
0 1 38
15 19 8
10 14 12
9 13 37
20 22 32
11 13 10
12 14 14
6 8 12
23 1 13
21 0 21
6 12 15
4 6 16
7 10 18
12 14 11
6 8 7
22 0 24
2 4 39
13 16 6
8 10 9
9 12 18
21 0 2
9 11 25
17 19 22
8 10 22
11 13 37
12 14 40
14 16 33
5 6 23
10 11 21
5 9 32
2 4 26
4 6 24
23 1 8
18 21 16
7 9 35
8 10 19
3 5 13
23 2 15
12 14 19
17 21 13
22 1 12
8 11 22
10 13 34
14 19 23
22 2 19
13 15 38
18 21 13
12 17 41
11 12 1
0 5 22
18 22 13
9 13 40
16 20 26
13 16 18
22 0 7
14 18 36
16 18 28
9 11 18
7 9 10
0 4 20
20 0 16
18 22 40
22 1 24
17 22 40
2 6 1
18 21 27
7 12 21
15 19 24
18 20 40
3 5 25
3 6 25
6 7 38
23 2 3
14 17 32
10 13 39
3 7 22
19 22 14
20 22 38
23 2 5
13 16 25
21 23 6
7 10 7
14 17 9
5 6 8
14 19 14
2 5 32
21 1 25
21 1 16
2 3 10
11 14 2
1 4 19
9 11 22
16 19 30
15 18 8
13 16 13
17 18 11
10 15 4
15 20 33
4 8 4
19 23 33
14 16 9
20 0 41
4 8 5
3 6 33
10 12 17
11 14 13
12 14 7
6 10 5
12 16 23
17 19 18
4 7 21
10 15 31
4 7 28
14 17 33
12 14 18
2 4 33
0 4 22
9 11 21
6 9 14
19 21 29
4 8 10
14 16 23
22 0 32
5 8 5
3 8 30
11 13 8
3 5 31
22 1 25
16 20 20
15 19 31
22 2 3
10 13 17
18 23 7
7 9 7
3 6 6
11 14 30
12 15 8
3 7 28
4 8 1
4 7 40
20 23 39
8 13 37
4 7 30
5 8 18
23 4 9
20 0 40
1 2 33
4 6 1
14 17 4
1 5 40
6 9 2
12 14 9
12 13 2
14 17 30
21 0 2
18 21 36
9 13 36
7 10 31
17 22 4
12 13 2
18 21 3
20 23 4
3 6 24
19 21 30
12 17 20
20 23 36
17 19 18
19 0 36
14 16 4
20 22 7
12 15 18
10 13 33
1 3 28
0 2 35
4 7 22
14 17 36
4 6 23
22 2 4
4 6 13
5 8 6
17 21 4
9 13 23
23 3 12
1 4 31
11 13 20
0 7 3
22 0 30
21 0 23
20 22 31
2 4 20
2 5 18
12 15 27
22 2 5
16 19 37
17 19 9
7 11 35
4 7 26
9 13 30
3 6 33
6 7 23
21 23 19
3 7 37
17 20 34
23 3 26
2 4 38
16 18 31
17 20 35
3 6 26
17 21 1
2 4 27
8 13 6
9 11 41
8 9 9
3 7 28
17 18 40
13 15 10
1 4 26
19 22 23
18 21 38
12 14 25
13 17 35
19 21 3
2 5 13
16 19 23
9 11 21
7 10 22
2 4 30
15 18 12
18 21 10
21 22 30
10 12 13
21 22 28
11 15 1
6 9 39
2 7 4
2 6 22
11 14 2
16 19 3
22 1 2
22 2 5
17 19 16
2 3 39
9 13 10
13 16 28
1 5 10
21 0 26
6 9 6
18 20 13
22 1 34
12 16 10
23 2 14
13 17 35
4 7 12
17 22 9
16 20 5
16 20 26
8 12 10
21 23 20
11 14 27
3 7 39
0 3 28
7 9 38
12 14 33
9 13 21
12 16 31
10 15 10
16 19 24
15 19 29
10 14 19
18 21 18
8 12 25
12 14 14
16 18 14
10 13 8
0 4 26
13 15 36
5 9 25
3 6 13
18 19 34
2 3 3
10 11 30
7 8 14
8 11 23
8 12 24
16 18 6
19 22 5
6 9 20
13 16 10
15 18 34
13 16 38
0 4 17
16 20 15
21 1 32
20 21 14
20 23 5
19 21 19
2 6 4
20 22 27
12 14 35
6 11 30
6 10 13
11 15 36
5 8 19
9 12 25
0 3 23
17 20 38
0 3 29
7 10 10
17 21 40
6 8 4
20 0 18
19 22 35
19 22 1
1 5 36
6 8 6
9 12 38
12 15 31
5 9 39
3 6 34
17 20 26
1 2 15
10 12 29
23 3 7
5 9 28
3 6 9
22 23 14
2 4 22
13 15 13
6 9 20
19 22 4
0 3 16
7 10 20
21 1 4
6 9 13
8 10 29
22 0 16
1 4 6
10 13 41
17 21 9
8 10 1
2 4 12
1 4 20
8 12 16
8 11 6
23 2 23
13 17 40
6 8 36
10 12 30
9 12 13
10 12 37
3 6 38
16 19 33
6 7 40
19 22 27
12 16 10
15 17 13
20 22 3
6 9 11
20 23 9
2 3 38
15 19 3
1 5 5
15 19 34
1 5 9
3 6 29
1 4 37
23 4 8
7 9 16
8 12 12
6 8 20
13 16 33
17 20 34
22 23 2
15 16 19
14 19 5
11 15 38
17 20 22
18 22 14
14 17 30
15 19 26
13 15 34
14 17 36
10 12 29
2 5 22
23 2 8
4 4 8
21 1 11
23 3 7
3 7 34
8 11 24
13 16 24
19 21 25
7 10 24
1 3 4
13 16 33
0 3 12
16 20 41
23 3 26
6 10 5
19 21 26
1 4 20
6 9 35
19 21 16
8 11 7
14 19 32
0 4 11
12 16 16
19 22 12
4 8 3
7 10 13
7 10 11
8 12 31
14 18 35
20 0 21
11 14 24
6 8 28
3 5 6
21 0 11
8 10 1
22 1 9
19 20 34
4 7 41
0 3 22
11 17 23
13 16 25
3 6 3
9 13 25
18 19 16
5 8 20
1 3 12
11 13 31
9 11 31
10 14 10
22 0 2
21 1 24
18 21 40
5 6 21
15 18 37
20 23 36
1 3 41
5 8 27
16 21 18
7 11 32
10 12 3
10 12 11
9 11 20
1 4 20
8 12 22
8 12 6
14 18 30
6 8 25
18 21 36
10 12 5
3 5 23
21 23 16
21 2 21
4 8 2
17 20 20
9 11 41
12 16 30
21 0 7
22 0 21
4 10 17
23 1 30
17 20 12
17 18 20
20 22 19
16 21 23
8 12 29
23 1 28
20 21 2
22 0 4
14 16 11
14 16 31
0 2 22
5 8 20
23 2 9
9 11 14
1 4 7
6 9 35
8 12 21
5 10 4
12 14 41
23 3 6
8 13 35
4 8 21
20 23 21
18 21 6
2 5 23
20 22 1
7 11 17
20 0 20
16 19 11
21 0 16
13 17 20
4 8 6
13 15 1
19 21 27
3 6 19
19 21 8
12 15 2
20 22 14
8 10 31
17 20 37
18 21 17
5 8 25
5 7 34
17 20 23
21 0 14
0 3 21
9 13 12
5 8 29
9 11 4
8 11 1
13 17 22
23 1 4
14 17 34
14 16 41
4 8 9
17 20 19
20 0 14
23 0 20
22 23 38
20 0 12
9 12 39
16 21 30
8 12 22
17 20 30
11 13 2
19 23 18
3 7 18
14 17 15
21 0 28
18 20 3
13 16 9
6 8 23
3 8 11
1 4 10
6 9 41
8 10 21
22 0 10
0 3 13
1 3 36
12 15 27
10 12 34
20 22 9
19 23 4
19 21 40
10 13 11
2 4 36
12 17 30
17 19 22
2 5 24
12 13 29
4 7 41
21 23 29
11 15 41
21 0 14
19 21 26
9 14 28
8 11 3
1 4 37
6 9 12
3 6 19
10 12 27
23 3 6
11 13 41
4 6 11
0 2 25
22 1 33
22 1 22
12 14 19
14 19 34
4 8 5
19 21 15
14 17 19
21 23 40
13 14 3
6 10 16
13 16 30
9 11 13
5 9 27
1 4 38
22 2 6
7 9 38
13 16 30
11 16 31
15 17 15
8 10 1
1 4 4
6 8 41
3 7 35
23 3 14
18 21 14
3 6 20
12 14 14
11 15 14
10 11 28
9 13 16
17 20 37
8 11 12
19 23 41
15 18 14
3 4 29
9 10 26
15 18 14
2 8 40
10 12 13
5 7 6
9 12 31
6 10 15
5 9 2
22 1 33
21 23 11
17 21 14
20 0 4
12 15 14
12 16 1
16 19 39
7 10 25
4 8 8
21 23 22
22 0 6
20 22 12
7 9 7
20 21 5
21 22 11
21 0 10
10 13 13
8 12 38
15 17 32
15 19 13
12 14 21
3 5 18
8 10 23
6 10 20
5 7 25
20 20 7
17 20 37
23 3 3
1 3 29
11 14 1
22 1 33
7 11 6
18 21 36
6 9 34
7 12 8
22 0 19
4 7 22
2 6 38
1 4 4
14 16 9
21 0 13
19 22 5
20 23 16
21 21 38
12 13 12
23 2 27
14 17 19
12 17 39
12 15 34
8 10 27
18 21 11
3 6 41
13 15 2
12 15 1
6 9 9
23 3 19
9 12 10
19 22 6
21 22 2
8 10 5
6 10 22
13 14 26
0 3 1
6 10 18
6 9 32
23 3 37
14 16 5
17 20 34
7 10 16
21 1 5
6 9 4
21 23 10
13 16 27
0 4 26
11 16 5
9 13 34
5 6 31
18 23 9
17 22 9
3 7 23
7 11 25
4 6 24
2 6 33
2 3 2
6 9 18
14 16 29
7 9 2
1 6 22
2 6 5
18 21 21
8 11 3
19 20 28
21 1 16
0 3 7
2 6 2
23 4 3
14 16 11
11 14 27
1 4 16
21 23 24
23 2 23
7 10 16
14 18 5
16 20 1
10 15 22
4 6 8
8 12 30
15 18 20
19 21 26
16 19 23
6 10 21
6 10 26
4 6 1
19 22 17
14 19 35
16 20 5
11 13 39
18 21 33
6 9 1
1 6 23
2 5 7
17 20 11
2 5 25
23 3 2
5 9 16
12 15 36
14 18 12
22 1 20
14 17 4
21 23 21
7 11 7
12 15 15
7 11 1
1 5 2
21 23 39
18 22 28
20 1 32
12 15 12
3 6 6
13 17 35
9 12 11
4 8 5
14 17 24
6 9 32
15 17 10
8 9 25
3 6 15
3 5 32
13 16 17
19 22 38
22 1 36
22 2 29
10 11 14
1 4 24
14 17 1
1 2 39
20 1 9
23 3 33
4 6 35
9 14 27
1 2 26
19 22 29
8 11 8
17 22 22
9 10 13
10 13 1
18 20 32
0 3 1
12 15 1
13 16 5
13 18 4
6 9 27
3 6 23
15 19 22
20 22 31
18 18 15
14 17 20
13 14 17
23 2 3
5 9 23
17 21 1
2 6 19
2 3 22
4 6 40
18 21 25
2 5 2
4 7 37
14 17 40
1 4 22
22 1 29
3 6 22
0 3 39
17 20 13
6 8 3
3 5 23
18 22 22
12 14 20
12 14 34
1 4 33
7 12 20
17 21 28
8 12 24
16 18 26
4 8 32
17 20 22
22 1 34
9 11 26
23 2 35
3 6 36
19 23 12
2 5 36
4 7 5
7 12 39
10 12 36
19 21 25
3 5 34
23 3 3
3 5 41
8 11 17
6 9 13
23 0 20
7 10 14
8 10 9
9 11 11
16 19 22
5 9 20
5 6 19
17 22 30
1 5 25
1 4 39
11 15 36
20 22 23
9 13 7
22 0 16
0 4 2
7 10 41
16 19 39
6 8 25
2 3 21
10 14 37
6 10 5
7 9 14
0 3 27
13 18 27
8 9 2
17 20 8
0 3 5
14 17 12
7 10 10
2 5 36
8 11 4
13 16 33
4 7 27
17 20 27
0 3 20
9 13 13
20 22 13
5 9 39
13 16 32
13 15 10
3 6 18
17 20 6
23 0 39
2 4 31
21 0 1
10 11 27
12 14 8
4 8 7
20 21 27
5 8 3
2 5 9
3 6 35
8 12 40
18 21 13
0 4 22
1 5 1
16 19 30
13 16 3
20 22 14
1 4 41
18 20 23
10 13 3
11 15 20
19 22 14
18 21 7
5 7 5
21 1 30
21 0 33
11 14 11
5 6 5
19 23 19
8 11 33
1 4 18
13 16 41
7 10 22
21 0 37
16 21 13
18 20 15
7 9 26
19 21 14
19 23 33
10 14 35
22 1 27
0 3 21
21 23 33
3 5 17
15 19 7
6 9 20
7 9 15
8 11 3
6 9 22
16 20 18
2 5 6
7 12 18
1 3 7
8 12 31
11 14 33
15 18 17
12 16 28
16 17 12
11 13 18
16 20 21
15 18 35
14 16 5
15 18 3
3 6 41
17 21 33
1 5 17
3 7 28
10 12 4
0 2 31
0 2 31
3 5 9
21 23 25
19 22 19
13 16 36
15 18 18
11 13 11
11 14 14
12 16 40
4 7 31
11 15 28
23 2 22
10 13 24
23 2 41
6 8 39
17 21 15
16 18 11
13 16 8
12 13 31
1 4 7
11 13 17
21 2 32
12 13 1
14 18 23
5 9 15
17 19 37
23 2 19
5 10 1
1 4 37
10 12 28
14 19 36
8 12 14
7 10 39
5 7 21
9 12 16
13 15 24
18 22 9
9 12 11
13 16 11
13 16 3
3 7 21
1 4 9
11 14 15
5 10 12
8 10 11
1 3 18
12 14 8
21 0 41
22 1 27
