1000 5
1 5 2 4 4 
11 14 1
17 19 5
21 2 5
7 10 1
22 1 3
14 16 2
16 19 5
20 21 3
19 22 3
10 13 2
22 1 4
2 4 4
16 18 2
11 14 4
19 22 3
11 14 3
17 20 5
21 0 5
7 11 3
15 19 3
0 3 4
19 23 5
11 13 3
18 22 4
22 1 3
21 23 1
5 7 3
20 22 3
7 9 4
21 0 4
7 10 4
7 9 1
23 2 1
21 23 4
2 5 1
18 19 5
17 20 2
6 10 3
14 17 5
15 18 2
10 12 1
17 20 3
13 16 4
14 16 3
14 17 3
3 5 4
11 15 2
22 1 3
15 19 1
15 18 4
7 9 4
17 21 2
10 13 2
17 19 1
10 14 4
7 9 4
7 10 1
23 2 1
17 23 5
16 18 5
17 21 4
13 16 1
18 21 4
11 14 3
13 19 5
2 4 5
6 9 3
7 10 5
6 8 3
4 6 2
10 12 3
21 1 5
19 23 1
4 7 4
18 20 5
5 9 2
4 6 4
14 18 1
10 13 2
9 10 2
10 14 2
15 19 2
19 23 4
20 0 3
23 2 4
4 8 4
16 20 5
14 17 1
6 10 1
5 8 3
8 11 2
11 13 1
20 23 3
12 15 4
22 0 3
18 20 5
5 7 3
5 8 1
18 20 5
7 11 2
14 18 4
4 8 4
12 15 3
5 7 5
2 5 1
7 11 4
12 14 5
20 21 4
6 8 3
15 17 3
1 5 1
0 3 5
20 22 3
11 14 5
11 13 5
23 3 5
20 0 5
21 0 5
21 0 4
4 9 5
5 8 3
16 20 4
19 23 5
23 2 1
12 15 5
15 18 5
5 8 2
0 3 5
16 19 4
10 13 2
2 6 4
9 13 2
22 2 1
4 7 3
15 19 5
1 5 1
2 3 3
13 16 3
15 17 2
23 2 3
21 0 1
8 11 5
8 11 1
20 22 2
19 21 1
21 1 5
21 23 1
0 3 5
7 10 1
20 22 3
14 17 2
17 19 4
17 20 2
22 1 2
9 15 2
15 18 1
23 3 2
8 10 2
6 7 3
13 16 3
4 8 1
9 13 1
10 14 2
7 10 4
0 3 2
15 19 4
22 0 5
21 0 2
16 20 1
12 13 1
7 10 4
22 1 5
6 9 3
9 13 3
0 3 2
19 21 5
9 12 5
6 11 1
23 23 4
14 17 4
23 3 5
0 4 2
19 22 2
8 11 4
16 19 5
9 11 4
7 10 4
8 10 3
8 11 1
6 12 5
1 2 1
16 19 1
13 16 4
12 15 1
17 19 2
12 14 4
13 16 1
10 12 4
23 2 3
0 4 3
7 10 5
14 16 1
18 21 1
13 15 4
23 2 3
12 14 2
0 3 1
8 12 2
21 23 1
2 6 3
9 12 3
22 1 3
9 12 3
2 4 2
6 11 2
8 11 3
22 0 5
10 14 5
9 11 1
11 14 1
15 18 1
21 0 2
0 3 4
10 13 2
0 4 5
10 12 1
2 2 5
21 2 2
11 15 3
4 7 2
2 6 5
9 11 2
21 1 3
22 1 5
8 12 2
10 12 2
6 9 1
11 14 5
9 13 3
2 4 3
8 11 2
13 15 5
21 23 2
11 12 4
1 4 4
23 2 4
6 10 3
15 18 3
18 19 2
9 12 4
8 9 1
0 3 2
8 11 2
16 19 2
3 8 3
10 12 1
10 13 1
17 20 1
4 6 2
23 1 5
11 15 4
16 19 2
19 22 1
12 14 4
1 3 2
3 7 4
18 19 1
6 8 5
15 16 4
1 5 4
16 20 3
18 23 4
8 11 1
8 9 1
21 0 2
18 22 5
16 19 5
16 19 4
16 18 2
0 4 1
4 8 4
12 14 3
23 2 5
12 14 5
11 15 2
1 4 3
12 14 2
11 13 4
23 3 3
13 16 2
12 15 1
11 14 5
3 7 4
6 10 5
1 4 4
21 0 4
16 19 1
10 12 5
1 4 3
12 15 5
3 6 1
12 16 5
22 3 1
10 14 2
13 16 3
22 23 5
13 17 2
19 22 4
10 13 5
19 21 5
4 7 1
5 9 4
22 0 5
23 2 4
7 12 5
8 9 3
7 11 3
4 7 3
22 2 4
21 1 3
10 13 5
0 3 5
1 1 3
3 5 2
14 17 5
19 22 1
10 12 5
10 13 5
3 6 5
15 17 4
17 18 2
15 19 4
18 19 4
3 5 3
14 17 5
21 22 4
23 1 3
12 15 1
3 5 3
4 9 3
19 21 4
21 0 1
5 7 4
22 1 3
8 8 1
4 7 3
23 0 2
21 1 2
14 15 5
2 4 4
21 0 2
8 12 3
4 6 3
22 2 3
21 0 3
1 5 1
2 4 4
11 14 1
7 10 2
8 12 5
3 8 1
13 17 5
1 3 2
18 20 5
15 18 5
20 23 4
19 22 5
12 15 5
6 10 1
23 1 3
3 6 3
22 2 2
0 4 4
21 0 4
22 1 5
15 18 2
15 17 5
14 17 3
14 15 4
14 16 3
22 1 2
7 9 5
20 23 5
14 17 3
4 5 2
9 12 4
4 6 4
19 21 1
7 11 2
8 11 3
18 22 1
20 0 5
17 20 5
2 5 1
16 18 5
17 20 5
1 6 3
5 8 5
20 23 1
14 15 1
7 11 3
20 1 2
16 20 3
4 8 5
22 1 5
20 22 5
10 12 3
9 11 2
2 6 4
6 9 5
6 9 3
17 22 2
6 8 4
8 12 3
12 14 1
5 9 1
1 5 2
8 10 3
11 13 4
2 5 5
15 17 1
11 14 4
0 5 1
20 0 4
10 12 5
4 8 4
17 21 5
19 23 1
19 21 4
0 2 1
4 7 4
15 19 2
3 5 5
19 23 2
0 1 1
19 22 5
21 23 1
8 11 4
3 7 5
19 21 1
4 8 3
23 1 5
0 3 1
22 0 5
11 16 2
22 3 3
9 13 3
8 11 1
3 6 3
21 1 1
22 0 1
18 21 4
3 5 5
13 15 1
0 3 1
17 20 5
5 9 1
11 13 5
14 17 1
4 7 5
20 23 4
19 22 3
23 0 3
22 1 3
1 4 5
5 8 2
15 18 5
4 5 3
19 0 5
23 2 2
10 14 5
14 17 1
21 1 3
20 22 2
14 18 5
12 15 5
10 13 1
14 18 3
3 7 4
3 6 1
12 14 5
4 6 5
3 6 1
5 8 1
19 23 3
10 14 5
9 13 3
2 5 2
8 11 2
16 17 5
10 14 1
11 14 4
2 4 1
20 23 5
1 3 5
7 11 4
4 6 4
14 17 5
17 20 3
3 5 1
11 14 1
12 15 2
22 2 3
17 21 2
10 14 4
17 21 3
22 2 2
2 5 3
8 10 4
16 19 4
16 19 4
8 11 3
8 10 3
7 13 4
22 2 1
8 10 2
17 19 4
3 4 1
19 21 1
17 20 3
1 4 5
10 12 5
16 20 4
13 16 5
2 6 4
0 3 3
18 22 3
15 18 5
22 2 3
4 6 5
3 6 4
21 23 3
4 7 5
6 8 3
13 16 2
23 3 4
12 14 5
10 13 1
14 16 4
19 23 1
13 16 1
13 17 3
9 14 5
20 22 2
21 23 2
13 17 1
21 1 5
2 4 5
8 9 5
15 17 5
6 9 3
23 3 3
2 7 1
19 23 2
21 0 2
22 3 2
21 0 5
10 11 5
5 7 1
5 7 5
5 7 4
20 22 4
9 13 2
9 11 2
7 12 4
3 6 3
15 19 3
12 16 4
9 12 3
6 8 4
23 3 5
13 18 5
7 10 1
2 7 5
21 23 1
23 2 3
6 9 1
5 8 5
6 8 2
6 8 1
22 2 3
11 14 3
17 20 2
3 6 5
2 5 4
23 1 4
7 9 5
3 6 2
23 3 2
6 8 4
9 10 2
4 7 3
7 9 5
1 5 3
13 13 3
19 23 1
17 22 4
23 2 5
21 1 3
23 5 2
18 20 2
10 13 2
19 22 1
3 5 3
12 14 4
5 8 4
0 2 2
1 4 3
18 22 5
0 3 1
18 20 3
1 6 2
6 10 5
4 7 1
4 7 1
10 13 3
10 13 4
13 17 3
23 3 4
3 5 2
14 19 4
22 1 5
13 15 2
2 5 1
14 18 2
3 6 3
0 4 4
3 6 2
0 3 5
10 15 4
4 8 2
20 22 5
21 1 1
7 11 2
4 7 3
15 19 5
22 1 2
19 21 1
6 9 3
10 12 3
23 2 5
1 2 4
0 2 2
3 7 4
19 23 4
0 3 1
18 22 3
4 5 5
19 22 5
16 19 2
17 21 1
6 10 5
11 15 4
19 22 4
5 7 1
0 3 2
19 21 4
21 22 1
19 20 1
10 13 1
13 17 5
11 13 1
2 5 4
14 16 1
4 8 3
12 15 3
2 6 2
5 8 5
5 8 1
6 8 2
1 4 4
3 7 1
13 17 4
17 19 4
14 17 5
20 22 3
14 17 3
6 9 3
5 8 2
0 2 5
5 7 1
15 18 3
16 18 1
3 5 2
7 11 2
17 19 1
17 19 3
16 21 4
1 5 2
18 20 5
17 21 2
18 22 5
7 9 5
21 1 1
19 22 4
1 3 3
13 15 5
4 7 4
1 5 4
1 4 2
11 13 3
0 1 3
14 17 4
23 2 3
18 21 3
10 13 1
22 2 3
19 23 2
12 15 3
23 3 4
17 21 1
7 10 2
23 2 5
5 7 5
5 7 1
13 14 5
4 8 5
7 10 4
7 11 5
8 12 4
7 11 2
10 13 4
7 9 2
15 19 4
18 20 2
1 4 5
17 18 4
0 2 2
23 4 4
17 19 4
0 5 3
23 3 2
20 1 4
12 16 4
14 15 1
7 11 5
19 21 4
2 7 5
15 17 3
19 21 5
8 11 3
2 6 3
9 11 3
18 22 2
23 2 1
18 21 1
13 16 2
11 14 2
0 1 1
4 6 5
0 3 1
22 1 5
9 12 5
4 6 3
7 9 3
21 23 5
4 10 4
7 8 5
4 7 3
13 15 4
16 20 3
18 22 1
22 2 1
0 3 3
12 15 4
19 23 5
16 19 3
22 2 1
22 2 5
23 0 1
11 15 3
3 4 4
16 18 2
3 5 5
17 20 1
12 15 5
4 7 2
2 2 3
0 3 5
3 7 5
12 14 4
17 19 1
12 16 5
21 0 3
7 10 1
7 11 4
21 23 2
14 15 3
19 23 1
5 7 5
2 4 3
19 20 1
11 16 5
13 16 3
22 3 4
16 17 1
21 23 3
11 16 3
19 23 2
20 23 5
17 21 4
22 3 3
0 3 5
7 8 5
10 12 2
18 22 4
18 20 5
15 19 4
10 13 3
5 9 1
14 17 5
23 2 1
17 19 2
3 5 1
20 22 1
10 13 1
8 11 5
13 19 4
18 20 1
15 17 2
20 23 3
0 3 3
0 2 5
17 19 5
0 2 2
17 20 5
18 20 4
17 20 4
5 9 1
21 1 5
20 22 1
6 11 1
19 22 1
5 8 1
6 8 4
23 3 2
1 4 1
12 14 1
21 0 2
23 1 5
4 8 1
12 14 4
11 13 1
0 3 2
11 15 3
9 12 3
19 23 2
6 9 3
2 5 5
13 15 4
13 15 4
16 17 3
11 14 4
10 13 5
23 2 2
13 16 3
10 13 5
16 17 2
8 12 5
10 12 1
14 17 1
20 23 1
1 5 2
14 16 4
12 13 4
10 13 4
14 17 1
9 12 2
4 7 3
21 0 4
22 1 1
15 18 1
2 5 4
15 19 1
23 2 3
11 14 3
11 15 5
20 23 3
2 6 5
13 17 4
13 15 3
23 2 3
18 21 5
8 12 1
2 5 3
21 22 4
12 15 4
9 11 2
22 1 3
9 13 2
15 18 4
2 4 1
7 10 1
16 19 3
15 18 3
10 13 4
19 22 5
13 17 2
5 9 3
6 10 3
2 4 4
9 13 2
12 16 3
5 7 2
23 1 4
19 0 1
0 1 1
16 19 4
15 18 4
22 0 4
15 18 1
12 16 3
5 8 1
10 12 4
21 0 4
9 11 5
0 4 5
23 3 2
21 23 1
0 3 3
17 19 5
6 9 4
18 20 3
7 12 1
1 3 3
2 5 1
13 16 2
19 23 1
9 11 5
14 17 2
4 7 1
22 2 5
4 8 3
11 17 3
20 23 3
1 4 1
4 7 1
10 15 1
3 5 3
16 18 1
8 9 4
1 3 4
22 0 2
18 22 2
4 7 2
8 11 4
23 2 1
19 21 5
2 4 3
2 7 5
3 5 1
9 12 4
0 2 1
12 13 3
20 0 4
1 5 3
22 23 1
14 17 1
16 18 1
12 15 5
19 22 4
18 21 4
17 21 1
7 9 3
15 20 2
5 8 2
17 20 1
20 22 4
9 12 1
22 0 4
14 17 1
21 0 1
11 13 4
10 13 3
14 18 5
16 19 4
6 7 5
21 0 2
1 3 2
4 7 2
15 16 5
0 4 5
22 3 1
12 16 2
20 22 4
21 23 5
11 16 5
0 2 1
13 16 5
20 22 1
11 15 5
12 15 4
9 11 3
22 1 1
7 10 1
15 18 1
2 5 3
15 19 3
22 0 4
16 20 2
