12000 48
5 11 27 22 37 26 20 23 19 46 25 27 45 27 46 15 47 14 2 4 7 47 7 32 9 39 42 46 15 10 33 14 34 5 11 18 6 5 25 27 2 1 31 8 12 35 40 11 
13 17 19
3 6 31
21 0 8
16 19 43
13 16 40
13 16 20
12 15 41
20 23 39
22 2 25
15 16 40
18 21 41
1 4 17
15 19 41
15 20 37
7 11 24
10 13 46
19 22 10
18 21 5
21 22 48
10 13 5
20 22 11
6 10 39
0 4 45
3 6 23
0 2 36
14 18 10
8 11 23
19 21 15
11 14 35
21 0 45
9 11 11
6 8 19
12 14 17
6 7 37
11 17 36
3 7 27
9 12 9
18 22 37
19 23 30
23 2 33
1 5 1
7 12 4
19 23 14
16 19 14
22 2 23
5 9 44
10 14 6
12 16 26
20 22 11
3 8 18
8 11 42
12 14 36
11 13 22
23 4 9
10 11 32
12 14 20
20 1 45
20 0 48
18 20 36
5 8 38
9 12 20
20 22 30
2 7 7
15 18 38
21 0 40
18 21 48
9 13 41
16 19 11
6 10 7
22 2 16
11 13 7
12 15 42
8 12 45
14 14 38
10 14 41
10 13 8
2 5 40
19 21 38
13 16 6
11 14 17
12 14 27
23 3 17
11 11 20
20 21 14
2 4 40
16 18 6
11 14 3
20 23 46
9 12 11
7 10 46
21 22 40
7 11 19
19 22 47
18 20 18
3 6 2
16 18 48
15 18 48
19 22 27
4 9 28
3 6 10
4 6 45
13 17 20
1 4 37
14 17 31
18 22 42
15 17 7
5 8 5
1 5 21
22 1 14
22 0 26
3 6 41
8 12 20
19 22 19
22 2 21
21 0 32
0 3 4
4 7 13
11 12 15
2 5 47
20 22 7
0 2 46
15 18 48
22 23 37
5 9 2
2 4 4
8 12 38
22 2 4
11 15 42
5 8 23
13 17 1
17 20 22
12 14 4
3 6 42
9 12 15
15 18 12
19 21 35
8 12 43
6 8 28
9 12 25
17 21 17
18 22 6
9 12 24
18 20 14
9 13 15
20 0 6
20 0 9
11 15 18
1 4 5
10 14 2
1 3 6
9 11 27
6 9 33
18 23 30
15 18 31
22 3 17
22 2 5
14 17 12
12 15 16
6 8 13
3 5 14
22 2 13
15 18 29
0 2 23
13 18 46
17 21 47
17 21 17
18 21 4
9 13 27
16 18 19
18 23 14
4 8 15
18 22 19
0 1 31
3 5 12
7 9 23
7 9 9
1 4 10
14 17 24
0 1 47
3 6 36
5 9 16
19 23 10
0 4 18
22 1 19
9 14 35
15 18 10
23 2 43
21 0 26
18 19 6
11 14 30
1 4 31
12 15 39
14 16 42
22 2 6
14 17 9
6 8 18
6 10 44
11 15 47
3 5 32
4 6 26
7 12 3
14 17 42
14 17 41
7 8 16
16 19 34
15 17 42
2 6 24
4 7 45
7 12 1
17 20 19
3 5 27
3 7 7
16 18 29
22 1 13
21 1 21
2 6 25
19 22 12
19 21 47
8 11 29
15 17 45
13 16 44
15 17 24
4 8 19
1 2 23
16 18 34
12 15 25
13 16 1
1 3 48
18 21 20
18 21 1
15 17 2
1 4 28
22 2 9
11 13 1
8 10 20
6 9 20
9 12 19
21 1 42
22 3 4
19 22 24
15 19 30
2 5 33
19 22 30
2 4 40
15 18 32
10 14 8
17 19 41
11 13 47
12 15 26
12 16 34
11 14 39
11 14 38
23 2 33
21 23 18
8 10 9
21 0 33
8 12 10
14 16 48
23 2 9
1 2 45
4 8 36
22 1 45
6 10 29
16 20 34
7 10 18
20 22 19
12 15 11
2 4 14
19 23 32
3 7 36
11 15 18
22 1 11
3 5 4
11 14 47
22 1 46
11 13 25
21 23 24
21 1 43
21 0 41
14 17 4
9 10 8
8 10 36
6 9 48
11 15 26
9 14 16
1 2 34
11 14 4
20 23 9
9 12 11
15 18 28
23 1 48
1 4 44
0 3 28
2 5 4
9 13 38
9 10 15
16 19 34
3 5 45
14 17 22
18 21 13
12 13 1
12 16 43
15 17 26
16 20 38
10 13 22
2 3 35
8 11 11
22 23 43
0 4 10
21 23 13
18 22 46
0 3 47
18 22 19
19 22 45
5 9 48
10 12 40
10 14 3
7 11 17
7 9 33
10 12 6
11 16 34
15 19 6
12 15 19
12 15 42
12 14 13
10 15 2
23 2 2
17 22 25
11 13 2
2 5 2
7 10 39
14 17 35
23 2 30
20 0 18
3 7 2
2 6 25
22 1 10
2 3 28
0 1 43
21 0 38
17 19 30
7 11 46
6 8 36
23 4 42
7 9 25
0 3 47
20 0 5
22 1 10
13 17 29
9 13 3
2 6 38
0 3 44
11 13 25
23 2 40
6 9 21
9 12 26
7 9 39
19 22 4
12 13 10
5 8 28
2 6 25
15 18 13
7 11 6
6 9 31
20 0 22
2 6 25
13 14 36
9 12 26
18 21 16
18 22 47
0 3 23
4 8 27
4 6 2
15 20 45
8 12 28
6 9 9
17 19 41
5 9 42
23 0 36
15 18 36
9 13 42
22 0 42
7 11 14
5 9 40
9 13 14
23 1 28
7 10 21
1 6 39
22 0 14
7 10 15
22 4 20
15 18 29
5 7 45
15 19 1
12 14 46
17 19 34
10 13 11
10 12 24
5 8 21
22 1 42
9 15 27
17 21 26
18 21 19
13 16 7
19 22 2
12 16 42
19 21 41
21 23 21
8 11 33
23 3 19
16 19 48
23 2 33
11 14 27
4 8 26
10 11 6
21 0 4
17 18 28
22 1 4
10 12 6
9 12 28
9 12 28
22 0 10
6 9 23
3 6 1
22 3 16
2 4 42
22 0 13
15 18 48
13 15 28
20 0 23
18 23 5
5 8 45
4 7 46
18 22 43
3 6 8
20 22 20
4 8 13
13 16 3
11 15 46
19 22 16
2 6 36
20 22 40
4 8 45
13 16 23
14 17 34
22 1 33
18 20 2
18 23 15
20 23 11
6 10 25
20 23 26
0 2 19
0 2 12
17 20 20
2 7 43
23 1 11
13 15 3
1 4 14
18 20 10
8 11 27
5 9 2
10 13 31
11 14 7
5 6 34
18 23 23
10 14 35
13 16 17
19 23 8
8 9 35
8 9 48
4 7 10
18 22 20
5 7 27
18 21 32
21 0 42
6 10 8
15 17 16
19 22 14
10 13 12
16 20 10
3 5 32
3 6 22
18 20 18
20 23 46
22 2 14
0 3 1
20 23 42
6 9 15
22 1 17
6 7 42
5 9 26
7 8 38
10 12 3
11 14 14
10 11 45
9 12 36
17 21 48
20 1 3
23 1 33
15 17 40
6 9 21
13 17 3
19 22 6
7 10 20
13 16 28
5 9 4
10 13 25
2 5 7
19 23 35
16 20 11
21 2 22
18 21 48
20 22 22
15 20 28
12 15 5
10 13 29
7 9 33
23 2 1
10 10 7
0 2 18
7 11 12
6 10 19
11 15 4
16 19 31
6 8 29
8 13 12
12 15 40
12 13 15
12 13 41
19 23 8
20 23 21
17 20 30
18 22 8
8 12 34
6 10 4
8 10 19
22 23 9
20 22 21
15 17 25
6 9 29
16 19 35
2 6 10
21 0 29
0 4 45
14 19 31
12 15 11
21 1 22
5 8 43
23 3 12
14 17 13
3 5 13
18 20 33
20 0 5
19 21 17
15 19 3
8 10 5
3 5 6
23 2 28
23 0 28
3 7 31
22 2 27
4 9 32
23 2 10
14 16 27
15 18 44
22 1 11
20 1 14
21 0 25
23 2 33
18 22 40
0 3 46
15 17 10
16 19 28
15 18 8
4 8 13
1 4 11
3 6 35
19 22 44
12 16 26
15 17 27
23 2 39
17 22 42
23 2 5
17 20 29
2 5 12
16 18 19
22 1 5
12 16 6
7 10 38
8 11 48
19 23 6
13 17 20
11 15 5
6 9 19
3 4 16
2 5 1
9 11 26
3 5 38
1 4 14
4 7 19
4 9 3
2 4 39
21 22 21
14 19 22
10 12 41
21 0 12
9 11 30
1 5 32
13 15 26
7 9 29
10 12 33
20 22 8
3 6 3
5 7 14
4 8 9
13 16 48
4 7 44
22 2 33
1 3 41
14 16 41
6 9 47
9 11 34
21 0 10
13 16 26
19 22 11
20 0 9
1 4 11
21 23 21
14 17 32
16 19 17
20 23 45
12 15 1
14 17 19
22 2 30
0 6 22
16 18 40
16 19 23
2 4 44
3 6 32
11 14 14
17 20 28
22 1 2
1 4 33
0 4 31
8 9 2
14 15 14
4 5 15
17 21 6
14 17 25
4 6 20
5 7 38
22 1 11
15 18 14
12 15 47
14 17 3
20 23 39
10 13 20
15 17 39
5 7 23
6 8 9
7 11 26
6 11 24
0 3 1
14 17 22
3 8 9
4 6 35
12 15 27
2 5 41
22 1 43
0 1 25
18 21 25
5 9 41
19 19 32
11 15 12
1 4 31
10 12 30
14 18 10
20 22 29
22 1 11
10 13 16
16 19 9
8 12 6
21 23 6
6 9 9
12 15 41
20 0 1
7 9 48
13 15 10
17 21 28
18 21 4
15 17 34
22 1 24
0 3 3
3 6 19
18 21 33
20 23 28
19 21 32
5 8 43
11 13 31
19 22 30
23 3 34
14 17 45
7 10 19
7 11 47
10 12 44
0 4 43
12 17 20
9 13 6
10 13 22
7 11 14
21 2 23
20 22 34
20 23 2
6 11 1
21 1 23
10 12 4
5 9 42
1 5 27
1 6 38
21 1 3
22 2 18
22 2 1
6 11 13
13 16 41
12 15 35
20 23 15
3 6 42
23 2 19
10 13 32
2 6 15
0 3 27
16 18 3
4 7 38
10 11 35
20 23 1
7 11 30
14 16 39
17 20 14
16 18 31
17 20 11
2 4 47
18 23 18
21 1 26
5 10 17
23 3 19
2 6 40
23 3 6
9 12 43
14 17 48
11 15 24
12 16 1
3 5 48
13 16 16
20 23 31
22 0 26
21 1 13
12 15 42
4 6 32
0 3 45
6 9 22
23 4 8
19 21 20
21 0 19
11 15 29
7 9 25
4 6 43
0 2 48
1 3 35
14 17 27
6 8 18
15 20 44
22 1 7
10 14 2
7 10 18
4 5 14
8 10 29
23 2 7
11 16 21
14 17 47
11 17 16
12 15 10
23 2 12
8 10 23
13 16 1
10 12 36
10 13 25
22 2 40
13 16 21
3 6 3
10 11 36
5 7 22
6 9 40
9 12 20
19 21 1
5 9 37
11 12 12
3 4 35
4 7 37
8 10 33
15 19 29
5 8 43
13 17 29
21 2 26
6 10 46
12 15 33
13 17 22
9 12 10
12 16 9
8 11 21
5 9 26
10 13 16
3 8 22
19 20 35
1 4 36
15 17 48
13 18 22
1 3 34
9 12 45
9 13 4
23 0 32
17 20 31
8 10 17
19 22 15
13 15 15
16 19 33
4 5 46
5 8 13
4 9 40
17 20 10
7 9 27
23 2 11
23 2 12
8 12 5
0 3 33
7 9 46
8 10 4
10 14 47
13 16 3
21 1 43
11 12 33
5 8 34
6 9 33
20 22 44
10 14 16
2 4 4
20 0 9
4 7 45
20 23 46
17 20 20
11 14 3
10 12 42
8 10 13
12 15 11
22 0 2
5 9 27
4 8 18
6 10 15
4 7 18
16 20 13
17 20 46
23 2 34
14 17 7
15 18 27
13 14 44
1 6 48
8 12 21
19 22 34
22 0 36
12 16 48
17 18 6
8 12 33
0 3 34
10 12 15
10 13 12
7 11 43
19 21 19
12 15 9
3 5 23
6 9 25
14 17 12
11 14 25
9 13 44
12 17 15
13 17 25
22 2 22
21 1 34
16 19 7
0 4 37
11 14 30
20 23 22
15 19 31
13 17 6
21 1 1
20 22 46
4 7 19
16 18 15
2 5 11
1 4 15
10 12 21
2 5 22
2 5 23
22 1 18
9 13 24
6 9 3
5 6 26
2 5 46
15 18 32
16 19 40
10 12 9
20 1 25
11 13 25
1 4 45
7 9 19
17 20 11
10 13 13
11 15 9
17 20 31
6 10 7
7 9 25
16 19 13
12 16 17
0 3 11
6 8 30
14 16 48
8 11 28
9 14 10
4 6 28
18 20 32
0 3 22
3 8 35
16 18 39
5 9 12
15 18 22
19 22 4
14 16 9
9 10 41
16 18 7
12 16 39
16 20 8
4 6 39
17 22 26
0 1 39
17 20 7
7 10 44
21 22 37
0 4 43
9 12 38
14 19 9
5 8 3
2 4 12
21 2 32
0 3 33
21 23 45
2 4 33
5 7 31
17 21 26
11 13 36
18 20 31
8 11 31
7 9 14
13 18 23
19 22 30
16 20 27
19 21 41
11 15 17
5 9 26
13 16 11
13 16 40
17 19 27
3 6 39
4 8 18
14 17 45
4 6 19
11 14 30
21 23 25
2 7 9
9 12 37
19 22 41
18 23 43
14 15 27
13 15 29
19 20 48
16 17 8
11 13 15
14 16 43
11 13 48
16 19 12
19 21 36
11 16 44
16 18 24
4 7 1
23 1 19
22 1 21
8 11 29
12 16 24
3 5 12
7 11 42
20 22 23
18 23 15
1 4 17
1 4 45
7 11 12
23 3 9
21 0 16
20 23 46
2 4 35
21 0 19
14 19 45
6 10 35
8 12 32
10 14 36
1 5 42
10 12 48
6 10 13
12 15 30
2 5 32
21 23 35
17 20 44
9 12 24
16 17 39
19 22 23
6 8 16
13 16 46
9 12 19
7 10 16
13 18 31
4 6 9
16 20 31
1 3 5
13 17 10
14 19 29
2 8 28
2 4 22
2 7 33
21 0 36
22 0 48
7 9 37
3 5 7
18 20 35
8 12 23
0 1 12
5 8 44
3 7 35
20 1 22
0 3 44
3 7 41
0 3 41
18 22 34
12 16 47
1 5 6
2 5 20
3 5 35
12 14 22
21 23 16
20 23 33
18 22 30
0 4 36
2 5 44
14 17 9
21 0 28
17 21 4
14 15 1
23 2 14
12 15 24
16 18 32
21 0 2
10 13 28
5 8 17
4 8 24
8 12 24
10 14 28
8 11 34
5 7 6
10 12 19
23 1 43
2 4 26
0 4 47
1 4 12
16 21 27
2 5 26
2 4 33
7 11 30
0 3 24
15 17 16
19 22 21
8 11 12
23 2 37
16 19 3
12 16 37
19 22 26
9 10 27
16 20 18
5 6 40
17 21 8
5 9 42
21 0 35
7 13 7
12 15 22
11 14 9
5 9 21
19 22 36
9 10 47
21 0 4
14 18 7
19 23 26
21 0 29
5 9 13
20 23 28
1 4 37
6 8 26
18 21 15
18 21 17
7 10 27
3 5 8
16 18 47
9 11 7
7 9 31
21 23 5
6 7 14
14 17 1
20 22 8
23 2 21
11 14 10
12 15 17
23 4 28
2 6 38
16 20 37
2 5 7
9 14 38
7 10 10
2 5 42
4 6 46
8 10 19
3 5 28
5 8 37
13 15 6
2 6 25
21 23 28
11 14 41
13 15 44
12 15 48
14 17 32
13 18 34
13 16 38
22 0 26
5 8 45
11 14 18
12 14 21
15 18 10
1 5 34
11 13 44
19 22 37
8 10 26
8 11 30
7 13 40
8 10 3
20 22 18
0 5 41
16 17 20
1 6 2
19 22 42
11 15 19
19 20 29
8 12 35
18 22 3
21 0 22
0 2 30
20 21 48
18 22 42
9 12 23
17 21 36
20 23 36
14 18 42
22 2 10
7 12 4
22 2 11
8 11 28
9 12 46
1 4 47
13 17 34
7 9 2
3 6 4
20 0 44
13 15 9
22 0 4
9 11 17
4 9 4
9 10 40
12 15 40
9 12 12
18 23 37
14 18 21
9 12 24
4 5 15
21 0 11
21 2 3
4 6 19
14 18 12
22 1 2
14 17 13
12 15 8
13 16 44
6 9 9
6 9 21
1 5 38
8 11 36
0 2 20
6 8 26
7 9 39
16 20 8
20 23 14
20 22 14
3 6 25
15 17 36
6 10 31
13 16 31
16 18 20
10 13 34
5 8 27
21 0 16
15 16 31
7 10 22
19 22 23
11 15 17
3 7 1
3 6 16
15 19 16
13 14 9
1 5 24
2 7 2
2 4 31
1 4 9
21 23 15
1 4 41
10 15 45
14 16 12
15 17 11
4 7 5
3 7 42
5 5 5
11 15 44
15 17 28
3 7 2
10 13 22
10 14 24
17 20 24
7 10 14
13 15 12
3 7 12
11 14 42
2 5 36
5 7 39
22 23 20
5 7 24
5 8 22
21 22 22
17 20 41
23 1 37
6 11 16
9 12 13
5 8 2
4 7 31
23 2 34
5 7 37
10 15 45
0 3 29
12 14 32
1 5 4
23 2 5
8 12 18
22 2 25
18 21 32
9 11 8
0 2 20
8 12 16
10 13 15
6 11 23
8 13 5
8 9 35
4 7 43
1 3 2
10 12 40
13 17 8
23 2 13
23 0 1
15 17 28
7 10 10
6 8 27
0 4 26
19 23 15
3 5 10
6 9 43
3 7 21
9 11 28
23 1 32
11 13 31
5 10 38
10 13 36
0 4 31
15 18 33
20 23 24
7 10 34
11 15 11
22 2 16
12 14 36
2 5 45
17 20 15
0 4 48
18 21 30
18 21 15
21 0 43
6 8 43
20 0 36
1 5 3
2 7 20
5 9 41
9 12 48
15 17 39
6 11 32
6 11 39
3 5 36
4 8 7
8 10 9
11 13 23
4 7 18
8 10 41
21 22 47
5 8 25
11 13 19
0 3 7
18 21 15
16 20 14
10 13 13
9 13 26
17 22 10
13 16 7
15 19 26
16 18 31
11 14 15
8 9 42
8 11 38
22 2 23
7 11 3
15 20 3
9 10 5
6 9 7
10 13 43
13 17 35
6 11 35
23 2 45
12 17 12
18 21 9
18 21 3
13 17 7
7 10 20
10 12 36
14 18 46
18 20 3
12 14 15
7 11 12
1 2 1
14 17 30
13 16 32
18 22 11
22 1 31
12 16 37
21 1 48
22 2 27
16 20 29
2 4 5
13 16 15
17 21 35
13 15 27
17 20 33
16 19 31
15 18 9
3 5 45
5 8 41
0 4 15
4 7 10
20 1 15
0 3 33
17 20 24
6 10 23
23 2 32
2 4 2
16 20 44
17 20 41
6 9 36
11 14 17
10 12 35
21 0 47
13 16 43
1 5 10
18 21 2
18 20 26
23 1 33
1 3 36
22 2 20
21 23 16
1 5 1
3 5 19
7 12 14
21 1 40
7 10 34
19 21 33
21 0 39
17 21 24
10 12 34
14 18 48
1 4 7
23 0 40
19 22 6
14 17 27
21 23 48
11 14 42
2 6 41
8 12 7
13 15 29
14 17 4
16 20 33
10 12 44
10 13 1
12 15 43
16 20 1
13 16 4
13 18 14
8 11 18
16 17 1
0 4 17
14 17 27
4 6 15
14 16 23
5 6 29
22 0 29
13 15 42
2 3 10
1 3 44
16 18 7
13 17 4
11 15 9
7 10 4
2 5 46
3 5 18
22 0 19
6 8 5
17 21 9
6 9 8
8 11 25
6 8 12
4 8 16
12 14 28
10 13 20
5 8 4
5 7 15
16 18 31
23 1 20
13 16 8
18 19 30
10 12 24
13 14 24
15 18 29
21 0 30
21 0 20
14 19 31
2 4 42
21 1 11
15 18 16
16 16 22
20 23 17
13 15 35
23 2 15
10 14 25
6 10 1
0 5 33
15 19 16
11 12 23
5 7 16
12 14 43
15 18 11
9 11 41
14 17 22
10 12 2
22 2 11
20 23 15
22 23 47
5 7 26
9 12 39
4 9 27
23 3 3
20 0 6
12 14 5
20 0 20
23 2 28
13 16 18
8 10 35
22 23 13
18 21 43
8 12 20
22 1 26
4 7 40
19 22 22
15 16 42
2 6 20
18 20 8
1 6 23
14 17 13
13 16 12
3 6 24
14 17 8
15 17 32
16 19 21
18 20 42
19 23 7
14 18 21
21 1 27
16 18 3
7 10 33
18 23 18
11 14 40
9 12 24
9 13 31
22 0 43
0 3 20
11 13 10
5 8 21
22 0 46
11 15 22
8 11 39
22 1 43
3 6 10
18 22 24
21 23 16
5 7 40
23 2 11
19 23 31
19 21 27
13 15 1
6 7 12
4 8 16
23 3 12
2 6 33
7 9 3
2 5 39
4 8 44
6 9 18
4 7 41
20 23 16
23 3 15
19 22 14
3 6 45
4 7 8
12 15 15
13 17 38
3 6 29
7 10 13
1 4 28
19 21 18
1 4 37
8 12 24
16 19 20
23 2 14
21 23 35
6 10 1
8 12 43
9 9 42
13 15 34
22 2 42
3 7 43
16 18 25
0 2 28
1 4 38
1 4 25
10 14 48
19 23 5
11 15 45
13 17 37
3 7 29
6 10 8
8 10 35
9 12 8
11 14 34
14 17 15
23 3 11
14 19 46
0 2 44
10 12 31
19 21 14
5 7 24
11 13 20
6 9 28
0 4 3
12 14 22
15 18 20
16 18 20
18 22 16
11 13 26
12 16 48
16 18 13
6 10 2
4 6 29
14 18 11
7 11 32
6 9 27
21 23 6
16 19 9
13 16 5
3 5 11
13 16 4
8 12 5
7 10 19
18 20 21
9 11 35
6 8 24
3 5 13
16 19 20
19 22 30
5 8 24
16 21 45
0 4 7
16 20 41
7 10 8
5 9 41
20 0 28
5 10 48
17 21 8
10 11 33
4 7 12
7 10 46
19 21 7
19 22 40
10 12 3
14 17 5
16 19 36
7 9 16
2 6 19
19 20 2
9 12 33
0 3 15
8 11 44
13 15 43
19 23 41
19 21 26
0 4 32
6 8 13
3 6 39
0 2 46
13 15 8
17 20 20
13 15 6
15 16 37
10 12 12
4 6 4
14 17 30
20 23 45
2 7 28
18 21 46
10 12 9
21 1 47
21 2 29
11 14 44
13 17 31
4 6 40
2 6 31
12 17 7
22 0 32
19 21 1
20 22 26
18 19 42
13 17 41
8 10 40
7 11 4
20 22 46
11 14 9
18 19 15
16 19 26
13 16 9
1 4 17
0 2 5
3 5 47
12 16 43
3 7 36
20 23 45
13 16 33
6 8 35
8 11 25
14 17 22
18 20 35
4 8 32
14 18 28
14 15 48
17 20 25
13 17 7
11 15 8
13 15 28
20 23 26
3 5 27
5 9 13
1 5 27
18 20 38
8 10 2
4 9 34
14 17 46
2 4 36
14 17 8
13 15 29
1 5 24
17 21 2
4 8 33
15 18 21
8 11 5
16 18 5
23 2 18
20 0 30
13 16 38
3 9 29
18 20 26
12 14 27
4 6 8
21 23 7
18 23 45
19 23 19
17 19 12
23 0 22
3 5 46
22 0 9
21 1 48
21 0 10
15 19 19
16 20 20
20 21 16
4 7 35
8 11 31
14 17 30
9 11 16
1 5 46
18 22 9
13 16 34
15 19 2
7 10 47
16 17 29
15 18 8
15 17 42
9 12 6
15 18 20
22 23 46
14 16 9
13 15 13
8 13 47
22 0 47
21 23 5
9 11 24
6 8 17
15 18 29
20 23 4
12 14 15
23 2 46
13 17 10
20 23 46
6 8 25
19 22 14
16 19 8
22 1 24
19 23 11
11 16 22
9 11 8
1 5 4
15 19 34
17 19 25
20 0 2
5 8 33
1 4 32
19 22 23
11 13 6
7 9 24
13 16 44
22 1 10
15 18 35
14 17 27
18 22 46
21 0 7
19 22 2
7 9 23
21 0 15
3 7 16
2 4 46
5 7 4
16 21 28
5 8 9
17 20 4
10 13 27
6 8 10
12 16 20
2 5 8
23 1 15
18 21 10
10 12 8
16 20 32
17 19 10
4 9 18
8 8 43
17 21 47
20 23 27
19 22 30
18 22 12
15 18 25
22 1 34
17 20 41
8 12 39
22 1 30
11 13 28
15 16 36
6 8 45
18 22 5
22 0 37
7 11 45
10 12 4
4 5 34
11 12 30
10 12 23
6 10 40
4 6 9
5 9 21
9 12 2
1 4 36
17 19 45
8 12 12
11 16 16
3 5 44
13 15 20
5 8 19
0 2 27
23 2 34
14 18 19
7 8 35
5 7 31
8 13 3
6 9 14
1 6 31
12 16 36
7 11 26
14 16 46
20 23 6
15 16 32
21 2 25
6 8 3
10 16 31
23 1 23
9 13 48
17 19 48
21 23 30
10 13 30
15 17 34
1 3 24
7 9 17
9 13 37
0 4 35
1 5 46
13 16 3
22 2 11
15 17 42
20 23 12
17 19 32
6 9 41
14 16 12
6 9 3
16 17 17
17 19 35
21 1 37
2 6 4
15 18 8
13 17 5
18 22 27
2 4 47
19 23 4
23 2 13
14 17 29
16 18 15
19 21 32
1 1 45
15 17 48
16 19 20
8 13 22
5 7 6
13 17 17
7 9 37
6 10 6
14 17 2
8 11 3
18 20 47
19 22 15
20 23 24
1 5 6
13 15 39
1 3 40
3 6 47
11 14 10
20 21 16
5 6 19
16 20 5
3 6 20
5 9 31
23 2 16
20 23 21
8 11 12
19 23 24
1 4 6
19 23 34
17 21 32
14 18 4
14 19 37
12 14 32
0 3 16
12 15 23
5 7 14
2 4 39
12 14 21
3 7 24
17 22 30
23 4 8
20 23 24
9 13 28
23 2 5
23 2 35
4 6 41
22 0 20
23 2 8
3 6 42
3 8 23
16 18 35
11 15 14
22 1 43
23 2 44
2 5 24
13 17 4
22 1 11
14 18 29
3 6 36
17 20 13
23 3 22
11 14 37
14 19 22
1 4 25
22 23 26
18 21 32
7 11 18
9 13 44
7 9 32
9 12 21
13 15 35
2 6 24
23 1 20
13 16 31
7 11 23
3 8 37
15 19 44
12 14 13
14 17 1
8 13 8
15 19 19
1 5 10
16 19 21
0 3 43
13 16 20
15 18 18
16 18 44
18 20 27
21 0 44
15 18 5
16 20 28
22 2 21
4 9 9
5 8 33
11 14 27
22 22 32
1 5 27
8 10 42
4 9 47
11 13 9
5 6 30
20 21 15
7 11 21
5 7 21
16 21 45
4 9 20
20 1 17
7 10 28
4 5 25
18 20 31
12 14 39
19 23 33
3 6 28
15 18 47
9 12 15
12 17 2
23 4 27
6 9 42
7 9 18
14 19 37
20 0 12
7 11 41
23 3 2
1 5 10
10 13 37
1 2 27
15 17 47
14 17 20
16 20 38
20 0 24
16 19 47
19 21 17
16 18 24
20 22 16
19 23 1
7 9 27
3 6 37
3 4 19
18 23 35
12 13 43
3 5 3
17 22 37
3 6 2
11 14 7
23 2 43
7 11 13
15 18 29
12 17 10
15 21 12
17 19 36
22 1 12
4 5 20
23 2 29
18 22 41
12 17 32
22 0 37
18 20 22
8 12 38
23 3 16
21 23 36
15 18 24
3 5 6
4 8 46
8 13 8
6 9 12
22 1 27
21 23 48
8 12 47
3 7 1
21 0 33
11 15 20
1 5 34
7 9 36
18 21 19
18 19 20
1 4 20
20 0 17
22 0 35
19 22 35
21 0 24
14 18 38
20 22 9
21 0 25
14 15 6
8 11 10
12 13 42
10 13 29
10 13 28
5 7 22
12 14 35
6 8 48
21 0 25
23 2 2
1 3 36
3 7 9
18 22 28
23 2 14
19 23 1
20 0 19
2 5 27
20 23 39
22 23 7
6 10 41
9 11 31
22 1 18
6 8 8
5 7 9
2 6 42
9 12 41
8 11 25
9 11 3
12 17 23
12 15 30
10 12 44
2 3 29
8 11 25
10 12 39
19 0 31
16 18 39
12 15 25
2 6 1
2 6 45
16 20 10
12 15 4
0 3 41
5 8 10
5 8 3
11 13 17
7 11 43
4 5 21
12 14 8
7 11 4
2 5 11
4 6 2
3 7 15
3 7 32
5 8 4
15 18 30
12 15 36
5 10 8
1 4 3
13 17 42
17 20 9
1 4 9
14 16 3
21 0 4
14 17 4
19 21 14
5 7 40
16 20 15
5 7 34
20 0 45
8 11 39
9 11 21
16 20 43
13 15 8
13 15 27
8 9 5
13 16 30
3 5 44
7 11 43
21 1 47
18 22 13
0 3 42
0 3 7
15 19 41
13 17 21
16 19 45
14 15 4
14 16 4
21 1 29
8 11 1
14 18 29
8 11 21
4 5 46
11 16 22
18 21 35
19 21 31
21 1 35
8 12 8
11 13 40
17 21 38
11 12 47
17 18 24
7 11 18
4 9 6
0 2 10
12 16 15
0 3 14
15 20 33
16 19 18
16 19 9
2 4 4
9 13 13
5 8 19
5 7 32
23 4 1
16 18 5
17 20 2
10 13 11
16 19 45
21 2 4
14 17 19
14 16 45
22 2 7
0 2 22
8 11 14
9 14 17
13 16 4
23 2 34
8 11 10
11 15 24
21 0 41
9 14 38
2 6 6
15 17 38
20 0 6
9 13 12
3 6 33
15 18 23
22 0 46
0 2 14
8 10 3
13 16 13
17 18 24
4 7 36
7 10 30
10 14 17
20 21 23
3 5 19
12 15 9
13 17 20
16 17 9
4 8 19
16 19 45
16 21 45
15 16 26
7 9 9
18 22 5
18 21 46
7 9 8
12 13 36
1 5 19
16 18 39
21 23 39
11 15 6
7 10 36
3 5 40
15 18 1
18 21 29
10 12 12
16 19 27
18 21 33
22 1 37
22 0 18
6 9 33
13 15 17
6 10 30
17 21 45
20 21 12
16 21 43
0 5 9
16 18 23
11 14 15
7 12 35
23 4 20
4 8 38
16 19 44
11 14 27
19 23 2
13 17 30
20 23 15
23 3 26
11 12 29
5 8 29
3 5 2
8 11 25
21 0 41
21 23 39
15 18 14
19 21 8
10 13 31
18 21 19
5 6 45
8 11 48
13 15 30
0 3 7
6 9 36
14 18 28
21 0 48
11 14 15
11 17 32
17 19 35
20 1 35
10 12 19
17 22 9
0 3 42
3 6 43
12 14 45
12 17 39
17 18 32
5 8 42
13 14 32
10 12 16
18 22 21
20 22 46
4 8 46
14 16 36
9 13 34
3 7 21
13 16 4
3 5 15
17 19 42
19 21 42
1 4 12
15 18 12
0 3 18
7 8 17
2 6 17
20 1 47
16 19 31
6 10 17
17 21 17
12 14 14
4 6 30
18 21 44
8 9 2
7 10 14
12 15 39
2 5 39
19 22 4
12 14 37
22 0 30
14 16 35
18 21 17
13 16 6
5 8 42
15 19 37
20 23 22
7 11 18
1 4 24
22 1 39
3 7 3
6 9 39
16 17 13
10 15 11
19 0 34
11 14 11
5 7 32
9 13 47
19 0 27
10 14 38
14 16 24
13 15 32
9 12 25
14 17 32
14 17 25
7 10 1
19 22 5
11 14 25
17 20 47
9 12 8
4 8 33
20 23 28
8 9 31
15 19 31
7 10 9
19 23 37
21 2 41
11 15 20
16 17 1
13 15 2
17 19 28
1 4 20
12 15 20
12 16 26
22 23 5
23 3 8
1 5 7
17 20 43
10 14 23
6 10 21
22 1 33
4 7 7
8 9 4
15 19 35
10 14 34
14 15 33
21 0 40
2 5 29
13 14 25
16 19 20
19 21 18
3 5 13
9 11 26
13 16 16
21 1 47
10 14 44
2 4 19
11 14 9
3 5 42
15 18 41
1 5 1
12 16 31
8 11 28
12 15 28
0 4 6
21 22 48
22 0 2
15 18 42
21 0 18
15 19 27
8 11 24
4 7 39
11 14 7
14 16 47
15 18 17
13 15 25
18 21 31
22 1 39
21 23 3
5 8 23
14 17 7
6 8 7
8 10 47
0 3 40
20 22 3
4 5 19
17 20 20
14 17 22
3 7 2
6 9 12
6 8 3
19 21 4
17 20 18
16 17 15
22 2 46
3 6 17
14 17 26
16 18 29
1 4 23
21 23 16
22 1 38
1 5 23
19 21 8
21 0 31
5 8 24
23 2 3
18 22 47
21 2 45
4 7 12
20 23 22
20 23 12
7 9 6
21 0 43
22 1 6
8 11 40
16 20 2
14 17 13
1 4 45
21 0 27
3 7 8
17 20 6
8 10 35
5 8 44
10 14 15
0 3 33
0 3 36
5 7 6
11 14 10
11 13 7
8 11 2
22 1 22
16 20 1
18 22 8
3 6 22
21 23 8
0 4 43
23 2 43
7 9 9
21 23 26
14 17 10
9 12 40
5 6 33
9 11 36
2 5 39
3 6 44
20 22 11
4 8 38
21 22 19
20 0 12
1 3 41
8 12 13
4 7 42
8 12 33
17 19 31
9 13 38
13 15 3
23 1 32
20 23 43
11 14 13
0 4 19
19 23 7
20 23 14
14 17 9
21 1 14
16 19 15
4 8 11
11 14 3
13 16 36
17 20 31
3 5 6
23 3 38
18 21 21
8 12 18
23 3 47
16 19 35
12 14 19
17 19 35
22 1 4
18 20 30
20 22 16
4 7 23
12 14 2
10 13 12
3 6 17
17 21 21
7 10 26
10 13 27
20 0 44
18 21 33
20 22 19
10 12 10
10 11 23
8 11 34
22 1 20
1 4 24
17 18 36
1 5 38
7 11 47
16 19 26
9 12 14
0 3 35
19 21 47
12 15 42
11 15 28
10 11 11
21 0 15
6 8 10
16 20 4
6 8 13
16 17 28
20 22 40
18 20 8
21 0 2
19 22 11
9 12 22
6 9 36
16 17 33
9 13 47
9 13 4
1 3 37
13 14 11
19 23 45
4 9 38
9 13 20
20 1 48
3 6 36
14 17 30
0 3 3
20 0 39
3 6 1
18 22 40
0 3 5
21 0 31
19 22 1
1 4 2
4 8 7
6 10 23
20 0 22
18 21 24
11 15 23
6 8 37
19 21 42
0 4 36
15 17 33
23 3 38
9 11 18
15 18 5
17 22 46
16 19 46
3 6 38
20 23 36
9 12 33
8 11 37
21 1 4
10 12 1
1 4 28
8 12 41
23 2 16
4 8 5
23 4 8
21 0 36
7 9 22
14 17 32
23 2 22
3 5 48
9 10 43
5 9 10
6 8 21
18 21 5
23 2 25
16 20 12
5 9 29
13 16 31
19 21 11
15 19 19
17 20 42
10 13 13
2 6 42
3 6 39
13 15 25
20 0 34
7 11 33
14 18 22
8 13 24
4 8 37
13 16 35
21 0 37
23 2 25
21 0 43
11 16 7
4 7 4
12 15 41
20 23 48
18 20 26
20 0 23
14 19 8
20 23 1
18 19 5
19 21 47
1 4 36
18 21 45
22 2 18
5 7 7
6 9 33
11 13 17
15 17 2
19 22 20
23 2 11
13 15 39
16 20 40
0 2 18
12 15 10
9 11 22
10 13 31
0 3 7
14 16 24
12 15 39
19 22 11
15 18 6
13 18 48
13 15 43
5 6 41
19 21 19
16 19 25
1 3 29
2 4 16
12 15 43
23 2 3
10 12 42
5 8 23
22 0 21
2 6 41
12 15 36
18 20 17
4 6 16
19 23 36
5 8 22
16 20 42
16 19 32
0 4 41
3 6 43
11 14 32
2 6 23
8 11 38
2 5 1
7 10 22
2 4 40
8 10 37
8 12 43
20 22 28
9 11 47
4 8 18
10 13 6
10 13 1
4 7 5
9 12 32
11 14 2
13 17 31
5 9 31
8 12 22
19 22 23
19 21 37
7 8 31
3 6 8
23 2 21
13 18 33
23 2 20
5 9 5
0 4 42
0 2 1
16 21 12
18 21 42
17 20 45
5 8 18
9 12 45
2 6 12
21 1 28
14 16 14
14 16 29
0 5 22
4 6 2
0 2 13
20 23 46
22 0 32
5 8 35
17 19 26
4 7 5
14 18 36
6 11 40
1 5 20
0 4 15
6 9 20
5 8 44
10 12 20
3 4 40
12 15 48
5 9 18
12 16 32
23 3 26
4 7 47
2 4 5
9 12 12
10 13 23
17 19 16
0 4 12
7 11 5
23 1 26
20 23 47
12 15 2
0 2 11
10 13 40
4 8 43
12 17 11
1 2 13
2 4 9
14 16 27
11 15 41
23 1 45
3 6 31
18 20 24
3 7 40
3 4 24
10 14 5
18 19 35
23 2 20
23 2 10
4 8 37
3 6 30
4 6 43
5 8 16
19 21 45
19 22 31
12 16 16
23 4 14
20 22 29
12 14 9
1 6 40
23 1 32
10 14 31
6 9 4
17 21 29
12 16 40
16 18 28
12 14 18
13 16 13
17 20 21
12 15 3
8 12 8
19 23 3
14 16 13
8 13 5
16 20 41
0 2 18
21 2 30
21 0 4
20 23 3
13 15 20
2 8 23
14 17 10
6 9 29
21 0 43
17 20 29
17 21 8
11 14 1
3 5 1
4 7 8
11 13 29
11 14 10
10 14 25
20 0 7
18 19 26
0 4 1
3 5 5
18 22 28
23 2 44
2 5 33
4 7 40
12 15 2
14 18 10
10 14 16
1 2 40
21 1 2
22 3 20
17 18 32
14 17 12
10 12 46
7 11 4
1 4 7
21 22 27
21 23 18
19 21 11
0 3 41
7 9 43
1 6 17
0 4 29
6 7 3
13 15 23
0 4 11
20 22 30
1 4 34
18 23 23
5 7 47
22 0 36
14 17 14
4 7 41
0 3 1
5 9 13
12 15 18
13 15 30
1 4 13
16 20 45
11 15 26
17 20 11
6 10 14
18 23 6
18 21 19
11 15 13
12 15 25
19 22 31
10 13 32
10 12 20
23 2 42
0 2 1
21 2 25
16 19 23
8 11 20
3 6 37
13 16 5
1 5 17
4 8 29
1 6 25
22 2 29
13 16 33
21 1 45
19 21 9
8 12 8
21 1 10
17 20 10
21 0 38
13 17 2
10 12 25
5 9 33
22 3 34
20 23 16
23 3 22
8 10 32
4 8 19
4 8 48
0 3 47
22 1 37
18 21 39
6 8 14
18 22 1
7 10 17
10 11 24
16 19 26
2 6 6
21 23 14
1 6 43
10 12 37
19 22 34
15 16 3
13 16 40
3 6 33
23 2 29
5 6 37
8 12 18
11 11 47
4 6 46
4 7 13
4 7 13
14 16 22
19 0 25
7 8 44
21 23 30
3 6 32
14 16 25
9 10 22
3 6 18
2 4 48
4 7 19
22 4 22
20 23 45
4 7 46
22 2 7
16 19 36
12 15 25
5 9 3
19 22 37
7 11 31
7 9 23
16 20 35
12 16 6
14 17 42
4 5 31
13 16 32
11 15 23
20 0 20
4 8 48
14 17 38
20 0 28
8 12 17
0 3 25
12 15 11
16 19 13
21 0 25
6 10 9
22 2 28
20 23 28
17 19 11
14 17 42
19 0 9
11 14 46
21 0 16
11 13 39
20 22 33
16 17 3
8 11 13
18 23 21
14 16 18
17 22 13
7 11 20
15 17 32
23 0 3
13 16 20
14 17 24
21 0 24
9 11 18
10 12 19
2 6 33
15 18 28
14 18 23
14 16 13
11 13 31
14 17 17
18 21 5
21 22 36
14 17 34
8 11 30
7 9 19
1 5 10
6 10 2
9 11 21
9 13 17
3 4 20
19 20 9
13 18 4
1 2 32
15 19 13
19 22 41
22 1 16
0 1 18
22 0 20
9 11 21
5 7 40
23 2 26
5 8 16
3 7 29
20 21 32
17 20 4
17 21 42
11 14 4
0 4 18
14 17 42
14 17 13
2 4 27
4 8 15
20 23 13
18 21 10
8 10 8
21 2 46
16 19 13
7 10 35
5 7 27
21 23 45
1 2 25
3 6 15
0 3 29
21 0 25
4 7 31
6 11 21
18 21 41
9 11 2
17 21 48
7 9 39
2 5 28
11 12 6
7 10 11
16 19 31
12 14 32
21 0 11
2 4 39
18 0 30
9 14 13
9 11 2
1 3 21
15 18 43
20 0 10
14 15 41
1 4 23
23 1 43
8 13 9
15 17 16
22 0 22
4 8 36
15 18 17
20 22 4
20 1 23
2 5 5
21 1 34
12 15 23
4 7 9
7 10 12
1 4 31
19 23 1
1 5 21
20 0 5
8 12 12
15 19 13
2 4 31
18 19 45
8 13 36
12 16 12
14 18 10
16 19 18
7 10 42
22 0 4
17 23 8
1 5 5
20 23 42
20 22 31
13 16 13
13 16 1
12 15 45
0 3 22
1 5 20
15 20 29
10 13 2
16 20 4
14 16 25
8 10 45
1 4 26
22 1 20
13 15 35
21 23 41
12 13 3
2 3 22
7 10 35
12 13 35
10 13 9
21 1 5
3 8 8
20 0 34
12 14 10
4 7 34
3 7 22
17 20 4
19 22 4
9 10 2
11 13 28
18 20 37
17 21 5
10 14 16
20 22 40
20 23 21
3 7 33
12 14 11
22 0 44
0 3 38
18 21 48
11 13 3
22 1 32
22 2 5
18 20 17
21 0 40
9 12 12
10 14 35
9 11 38
12 18 23
6 11 42
0 3 29
14 19 24
14 17 41
9 13 21
10 11 31
0 2 41
19 21 35
0 2 23
22 0 47
6 9 47
10 14 6
10 11 34
12 15 13
20 23 28
7 10 35
14 17 14
12 14 23
14 18 6
17 19 35
5 9 48
12 16 24
1 5 26
8 11 25
0 4 23
16 19 23
8 10 8
13 15 22
23 4 29
14 18 32
11 14 35
13 16 4
12 14 45
18 20 31
2 5 35
20 23 47
23 1 21
20 22 5
4 7 24
19 21 47
10 13 27
14 16 12
18 19 19
10 13 28
16 18 23
22 3 22
23 1 19
23 1 11
16 19 6
10 13 46
7 10 44
18 22 11
22 1 23
6 11 45
7 11 33
15 19 40
10 14 41
0 5 40
23 4 3
23 2 5
6 10 44
8 11 25
22 23 10
9 12 7
6 9 44
9 12 44
0 3 25
1 4 39
15 18 41
7 10 29
13 18 41
12 14 34
2 4 2
8 10 12
20 21 43
23 3 25
20 0 28
1 4 46
5 8 3
19 22 29
8 10 8
17 22 11
9 13 11
0 1 22
21 0 5
5 8 21
23 2 6
2 5 41
22 1 32
12 17 10
12 14 15
12 15 6
13 16 32
20 23 3
4 7 36
10 12 1
20 23 8
7 10 18
2 4 15
20 1 27
20 22 14
20 22 30
23 2 29
15 18 48
19 22 39
18 21 5
17 21 17
0 3 34
0 1 48
1 4 17
11 14 17
9 13 38
11 14 5
6 11 42
4 6 33
12 15 39
21 23 28
19 21 48
15 18 2
10 12 39
23 2 47
19 23 48
4 8 38
10 13 21
11 15 24
16 18 13
6 9 15
11 14 27
4 6 11
18 21 10
4 6 44
19 23 10
6 10 39
19 22 40
22 1 42
2 6 28
8 11 44
17 19 22
2 6 10
11 12 7
10 14 3
0 3 13
19 21 40
15 16 1
19 22 37
0 3 15
1 4 4
7 9 11
2 4 23
14 19 33
18 20 7
11 14 42
10 14 6
18 21 46
2 5 36
10 13 42
6 7 7
18 21 28
9 11 28
22 0 48
2 4 32
1 4 5
6 9 25
15 18 16
9 10 4
20 0 37
19 23 34
8 11 34
17 19 24
0 3 31
18 20 16
2 5 3
14 18 24
13 17 33
6 8 47
11 14 4
9 11 17
18 22 1
5 7 4
22 1 33
13 14 1
3 7 34
10 13 30
9 12 16
7 10 5
6 8 25
8 13 32
4 6 15
21 2 27
11 15 22
6 9 32
20 22 36
7 8 25
13 15 36
20 23 12
16 18 30
16 18 24
13 16 3
15 17 42
13 18 8
2 5 3
3 6 10
17 21 18
14 16 6
9 12 15
6 9 42
15 18 10
8 10 11
22 22 7
7 9 44
20 22 17
1 4 32
14 18 2
21 23 36
10 14 48
14 15 33
16 18 22
11 14 11
14 18 33
13 16 44
21 0 23
16 20 36
7 11 6
5 8 18
11 15 39
8 10 11
3 7 14
17 20 36
10 13 11
3 8 7
7 9 25
2 6 40
20 1 5
2 4 34
15 18 38
7 11 1
16 19 30
22 1 43
5 8 16
23 1 37
1 6 10
11 14 40
22 1 19
21 22 32
1 6 33
16 19 34
1 4 42
0 2 44
18 20 37
11 14 13
21 0 27
11 14 19
18 21 36
19 22 19
16 19 30
4 7 9
19 21 1
2 5 42
18 22 43
22 1 13
4 7 39
19 22 23
15 17 23
1 3 16
19 22 41
8 12 38
9 12 2
5 9 47
22 23 9
2 5 10
19 22 37
23 1 24
0 2 16
14 16 15
16 18 42
12 14 22
1 6 26
7 10 36
10 13 13
18 23 37
4 6 14
22 0 2
21 1 10
14 18 3
14 16 15
20 23 21
2 4 43
20 22 31
23 2 47
21 0 12
6 8 25
11 14 39
12 14 46
15 18 29
0 2 9
3 7 24
3 6 30
0 2 8
0 5 15
10 13 16
15 17 11
11 15 15
8 12 48
4 7 47
6 11 10
23 2 18
15 17 26
8 11 45
12 17 11
18 23 34
23 2 12
2 4 31
5 5 1
4 6 39
17 19 47
14 17 29
19 23 31
7 11 16
2 4 1
8 11 15
11 13 41
3 6 13
8 11 24
13 17 7
22 0 10
22 0 33
5 8 39
17 20 41
18 20 32
15 19 47
1 5 3
10 13 40
7 9 45
8 12 27
3 8 8
2 5 48
13 16 36
16 20 7
2 3 38
2 5 26
13 16 29
21 1 16
16 19 41
21 1 34
21 0 35
19 22 28
2 4 15
0 3 45
8 11 10
14 17 38
23 1 41
9 13 9
10 13 16
16 20 1
6 7 13
3 6 29
17 19 41
13 17 30
5 8 10
18 20 5
7 12 25
0 3 25
16 20 38
7 9 1
7 9 5
10 14 18
10 14 46
7 9 16
5 10 24
21 3 2
13 15 35
19 21 9
17 21 29
1 5 19
20 0 33
19 21 47
13 16 14
20 0 34
18 22 39
3 5 23
14 17 3
18 21 47
23 3 25
19 23 23
20 23 22
17 20 8
7 10 18
22 1 43
1 2 28
13 16 13
2 4 23
3 8 19
5 9 24
19 21 24
11 16 30
1 5 33
21 23 20
17 22 17
18 20 48
17 21 18
1 4 27
4 9 1
23 2 17
4 7 8
22 1 4
19 20 29
13 16 36
20 23 25
12 16 5
10 12 21
9 12 17
8 13 13
0 3 32
9 10 40
6 9 36
14 17 10
2 7 17
4 6 24
22 23 38
2 4 36
18 21 37
16 19 42
6 10 10
1 5 1
10 13 45
20 22 4
16 18 34
20 23 16
11 15 16
8 13 5
10 13 14
0 2 25
21 2 3
9 14 44
23 3 14
1 4 10
16 19 21
7 10 40
2 6 35
4 7 23
7 10 44
23 3 21
13 16 6
20 1 28
17 21 33
23 4 35
20 22 35
14 18 12
6 9 36
13 16 45
17 21 4
15 18 12
15 17 17
11 13 12
15 18 7
7 11 46
11 15 33
1 4 19
3 6 13
16 18 22
11 14 48
18 19 11
0 3 22
19 22 24
3 4 13
19 22 6
1 4 14
8 10 1
16 19 35
2 5 18
23 0 24
6 10 2
5 7 15
23 1 44
20 23 16
0 3 47
22 0 18
22 1 3
6 7 37
22 2 1
11 15 20
22 0 12
11 15 21
14 17 25
9 11 23
10 13 39
7 12 44
17 20 8
23 0 5
18 20 18
0 4 33
16 20 41
4 7 17
0 3 4
21 1 5
14 16 10
19 23 36
20 22 36
15 18 4
15 17 3
1 3 5
2 5 2
17 22 3
11 16 40
20 22 9
21 23 34
18 20 11
7 12 47
7 10 17
13 16 39
14 17 45
1 5 34
12 14 14
5 9 24
10 12 47
10 11 36
21 0 18
1 4 11
16 17 37
22 1 47
10 13 23
3 6 28
7 10 9
19 22 18
7 8 15
1 3 25
5 9 29
2 6 46
2 6 34
21 1 39
21 1 40
4 7 3
12 15 41
23 2 25
3 7 46
17 19 27
5 7 22
18 21 3
5 7 11
7 9 18
17 19 10
22 2 19
22 1 16
3 5 40
2 6 48
23 3 4
21 23 25
0 3 41
16 19 22
4 7 7
13 16 10
15 17 9
5 9 24
3 6 32
17 20 4
10 14 4
14 16 30
0 3 34
11 16 44
1 5 2
1 4 11
7 10 7
15 18 9
18 22 3
9 13 41
12 16 19
4 5 48
18 22 44
19 21 31
1 4 1
21 23 20
13 16 23
13 15 13
11 14 38
8 10 32
11 14 26
20 22 38
2 6 5
12 16 39
2 4 31
2 4 3
14 16 8
13 15 28
13 16 44
8 11 29
9 11 37
7 10 10
8 13 12
23 2 29
21 0 37
9 12 14
17 19 5
17 19 4
14 18 1
19 22 25
22 0 37
9 11 19
9 13 41
8 11 38
13 17 47
21 1 32
4 7 46
0 4 6
13 16 15
22 2 36
7 11 10
12 13 42
23 1 45
18 20 9
5 8 24
13 16 23
7 10 46
14 16 19
0 5 5
20 22 8
13 15 12
2 6 12
22 23 4
9 14 6
0 2 12
23 2 6
13 17 8
3 7 16
23 1 18
15 17 28
6 9 37
23 2 40
21 1 18
5 9 5
21 0 24
0 2 17
1 5 34
12 16 19
14 17 17
13 14 9
0 3 18
13 16 42
21 0 21
4 7 48
10 12 41
20 22 11
17 20 44
23 1 16
7 10 26
10 13 41
22 2 48
12 13 8
13 15 30
20 22 1
21 2 43
8 13 30
11 15 31
16 19 42
7 8 31
20 22 25
13 18 28
8 11 19
15 18 21
11 15 35
0 3 9
6 9 39
20 23 21
5 8 19
19 23 30
22 1 15
1 4 24
0 4 19
23 1 18
7 11 41
7 10 34
8 12 7
21 0 30
18 22 20
8 11 28
13 17 14
7 10 10
23 3 9
22 1 5
19 21 48
12 14 2
7 10 22
2 4 36
3 7 27
11 13 9
22 0 22
2 5 43
15 18 21
4 9 12
22 23 17
5 8 3
17 20 32
22 1 46
3 7 24
9 11 22
11 11 20
10 13 34
18 21 7
9 12 3
7 10 27
18 21 24
20 22 2
22 2 35
14 17 11
16 18 19
8 13 2
3 7 20
10 12 44
18 19 8
5 7 48
23 2 36
6 9 30
8 11 20
5 9 46
15 18 42
2 6 22
14 18 40
21 1 30
19 22 11
15 18 29
15 18 47
5 8 37
9 13 8
4 6 47
23 1 39
15 17 40
5 10 35
7 10 43
6 10 7
16 20 26
15 18 34
15 18 27
20 23 32
0 3 23
11 15 2
13 16 19
4 7 26
16 18 41
19 23 9
0 2 2
1 2 15
5 7 1
8 10 47
20 23 45
7 8 31
19 22 32
7 11 3
22 1 10
5 8 48
10 12 31
9 12 27
12 14 23
10 12 6
11 15 21
21 0 45
21 0 37
11 13 4
0 3 9
10 13 46
13 15 32
8 11 40
8 10 46
9 12 9
17 20 33
2 7 20
5 9 4
8 11 28
19 22 28
9 12 5
16 20 36
18 22 45
18 21 47
4 7 23
15 17 22
4 5 2
5 11 37
11 13 13
1 6 10
13 18 46
6 8 25
21 2 16
6 7 23
12 14 42
5 8 11
0 3 8
10 14 5
21 0 16
11 15 29
8 12 18
12 15 16
16 19 16
6 10 7
10 13 9
1 2 6
19 23 17
8 12 8
21 1 47
10 13 48
6 10 29
8 13 24
13 15 36
4 7 36
10 14 18
13 15 47
12 14 21
4 7 10
23 0 7
13 17 17
11 14 22
23 2 43
3 5 48
7 10 20
14 16 28
0 4 47
17 21 19
3 6 41
16 19 13
8 11 36
21 23 31
13 17 31
2 6 40
6 8 35
21 0 19
5 8 31
2 6 10
18 20 28
1 4 39
1 3 30
14 17 27
23 2 46
23 2 9
13 15 13
22 2 41
2 5 6
21 23 46
2 5 33
22 0 19
13 16 33
9 13 16
20 23 41
5 7 31
19 23 47
22 2 47
17 21 13
2 6 13
20 23 6
5 8 19
18 20 48
10 12 8
19 22 9
15 17 28
14 18 3
4 10 19
17 20 37
21 0 47
19 23 34
20 22 18
13 18 2
8 10 27
7 10 11
21 0 21
17 19 47
23 3 22
10 13 24
12 16 35
23 0 10
20 0 24
12 17 24
1 2 42
15 17 15
21 23 28
16 18 3
0 2 29
11 13 42
21 0 35
22 2 9
20 21 25
3 5 14
15 18 11
19 22 31
5 6 13
20 23 11
9 12 22
4 5 30
11 14 15
21 23 38
9 14 23
18 21 43
8 9 36
9 12 33
6 8 43
18 21 46
10 14 22
5 9 28
6 8 34
14 18 8
19 22 11
11 14 28
18 23 20
14 18 9
1 4 39
8 9 22
2 5 42
23 4 19
1 5 44
2 4 10
14 17 42
7 12 9
4 7 35
19 23 47
18 20 36
21 1 23
4 9 16
8 12 23
19 23 29
20 0 25
2 5 32
16 18 1
3 6 45
12 15 27
9 12 23
23 1 27
22 0 9
10 14 26
16 20 12
1 4 25
15 16 5
10 13 48
22 1 16
10 13 41
5 10 45
7 11 47
12 13 20
10 12 10
7 8 40
6 9 46
19 22 24
11 12 36
6 10 38
17 21 46
16 21 15
1 3 2
0 2 43
12 16 6
9 10 26
4 7 40
5 8 28
9 13 17
21 0 29
12 15 23
3 7 45
5 8 10
15 16 38
20 1 7
17 20 18
9 12 21
8 11 7
21 0 47
20 23 42
3 6 4
20 0 9
1 4 33
3 3 4
18 20 26
14 17 46
16 17 25
6 11 13
8 12 33
4 7 13
6 9 16
2 5 11
7 10 23
13 15 45
22 0 16
21 23 23
12 15 29
20 21 36
18 22 40
0 3 5
13 17 32
0 3 31
18 22 41
15 16 25
4 7 15
8 12 24
23 2 37
17 19 35
18 22 18
18 20 20
0 3 19
3 5 46
8 11 32
14 16 43
10 12 19
16 20 36
4 6 21
10 14 29
5 8 23
15 17 25
16 19 44
10 13 37
6 9 8
6 9 16
18 20 31
16 18 27
1 3 8
0 4 47
21 1 28
4 6 19
5 8 41
21 0 5
15 18 45
19 21 38
9 11 17
11 14 10
15 18 11
22 1 29
12 15 34
19 22 21
16 18 16
0 3 11
17 21 16
14 17 16
22 23 28
14 18 14
14 17 19
3 5 20
10 12 21
7 10 39
17 21 19
9 14 17
16 18 10
10 13 3
22 3 44
0 2 36
16 21 48
20 23 40
18 20 37
0 2 27
14 18 43
9 13 12
1 5 26
17 19 8
23 2 36
12 16 37
13 16 2
1 2 4
23 4 1
14 18 36
5 7 25
10 12 7
9 13 28
23 3 9
12 15 41
22 0 44
6 10 14
2 6 16
12 16 8
10 13 22
1 6 9
4 9 24
7 10 20
7 11 32
13 18 40
7 11 14
16 19 23
10 11 39
3 8 41
2 6 18
0 1 35
13 15 48
11 12 41
5 8 44
13 17 24
4 7 42
15 18 14
20 0 41
0 4 4
0 4 28
21 22 22
6 9 32
22 2 24
23 2 15
3 5 6
14 18 31
23 2 4
2 5 12
16 20 14
3 5 20
16 21 44
4 6 38
10 14 41
8 10 5
9 11 45
22 2 29
20 23 30
6 9 37
5 8 14
13 16 36
22 2 44
9 12 17
6 9 43
22 23 41
16 19 10
15 18 19
8 10 39
9 12 19
2 5 22
4 7 20
11 14 46
6 8 35
0 2 4
11 14 40
8 10 19
15 18 41
19 23 34
3 6 2
9 12 21
0 2 2
14 15 9
20 23 28
1 5 30
14 16 3
10 11 25
4 9 4
0 3 6
21 1 16
16 18 46
20 23 38
8 13 32
0 3 25
15 18 15
11 14 1
14 18 42
23 3 9
22 1 17
22 2 9
16 20 15
17 20 23
13 16 20
0 2 19
8 11 15
21 23 35
23 3 29
22 1 29
15 18 18
7 10 12
16 20 8
12 14 26
0 3 7
1 5 29
19 21 40
18 20 3
7 9 43
6 9 6
0 0 36
17 19 26
2 6 19
23 1 1
2 6 14
17 18 7
13 16 9
21 23 33
20 22 37
0 4 23
3 5 32
22 2 11
11 16 17
2 4 14
6 10 47
7 12 19
5 8 28
16 18 33
16 19 32
18 20 29
17 19 17
21 1 2
21 0 41
20 23 25
3 6 15
19 22 23
3 6 10
22 1 1
11 13 33
13 16 22
21 23 13
6 10 19
17 18 25
20 22 11
12 15 31
11 17 17
21 0 34
13 16 18
12 18 40
23 3 30
20 0 36
10 13 37
22 1 19
17 21 4
12 16 5
23 1 6
3 5 10
22 1 17
15 18 17
6 10 7
19 23 28
18 19 39
3 4 9
1 4 14
1 3 43
11 14 10
2 4 34
0 4 37
14 18 25
13 15 6
2 5 18
22 23 47
7 9 16
9 12 34
11 13 4
11 15 3
8 11 12
2 3 33
8 12 15
12 14 22
4 7 22
8 11 13
23 2 18
2 4 25
13 17 12
2 4 33
16 19 29
12 15 3
18 20 11
19 20 7
0 4 7
14 18 19
21 0 40
13 17 26
6 7 39
13 15 4
22 1 32
6 9 26
5 7 44
21 23 38
13 14 9
22 1 26
2 6 6
15 17 46
5 8 35
9 13 43
8 10 13
2 6 43
17 19 40
18 21 43
8 10 13
22 1 32
11 14 32
20 23 43
0 2 16
19 22 28
6 10 17
14 18 30
9 12 9
4 8 31
14 17 44
14 17 12
18 19 10
8 12 34
11 14 23
1 4 45
14 18 5
11 14 6
12 16 31
9 12 36
17 21 41
23 2 24
3 8 26
8 10 2
22 3 44
23 4 47
19 21 5
15 17 41
17 22 20
23 2 1
22 2 32
23 2 34
15 18 40
19 23 46
14 17 15
23 2 39
12 17 7
6 8 13
0 3 46
14 17 44
23 1 26
7 8 5
10 13 43
1 4 18
15 18 27
10 12 19
3 6 22
16 19 43
18 21 40
7 7 28
9 11 36
9 12 3
2 4 32
8 10 28
4 6 11
11 17 24
7 10 38
11 13 36
10 12 34
7 10 10
6 9 46
0 3 3
23 1 30
2 5 34
23 2 39
21 2 42
11 14 28
14 17 22
10 13 43
13 17 18
19 21 42
8 11 40
23 1 8
3 6 13
5 7 27
0 4 28
21 1 15
17 20 34
13 16 11
15 17 4
6 9 5
19 22 23
13 18 26
22 1 35
10 14 46
15 18 10
1 5 19
2 6 29
16 19 28
17 20 21
12 16 39
6 9 18
7 10 32
9 13 11
1 5 34
16 18 31
7 12 26
12 16 31
13 16 23
3 7 37
6 10 38
23 2 28
22 0 27
16 19 17
0 2 38
7 10 38
18 20 41
1 3 31
7 12 20
15 18 19
6 10 27
11 15 8
18 22 13
11 15 33
3 6 5
1 5 38
3 5 11
19 22 12
13 17 23
19 23 36
18 21 19
20 22 14
5 8 37
6 8 45
16 18 35
23 1 26
2 6 15
13 15 31
12 15 40
14 15 1
9 14 6
22 1 44
4 7 45
0 2 42
9 12 26
12 15 4
5 9 29
19 23 21
6 9 37
7 9 32
5 7 20
14 17 39
1 5 47
14 19 35
10 15 4
13 15 16
20 23 2
2 5 42
18 19 8
22 0 20
3 6 30
17 20 36
9 13 1
10 13 30
13 14 46
0 4 31
22 2 45
1 5 9
17 21 7
17 18 45
9 13 30
11 13 46
2 6 37
6 8 32
20 22 48
23 2 24
0 2 5
14 16 20
15 17 13
15 17 2
16 17 32
22 0 26
14 17 43
18 21 35
0 5 23
22 1 4
8 9 43
11 14 31
10 12 33
14 16 15
6 8 6
14 18 26
22 2 44
11 14 45
20 23 25
17 21 3
10 13 46
11 13 9
7 8 13
21 1 14
2 5 16
21 21 30
1 2 37
21 0 5
18 22 16
4 6 5
23 3 12
3 4 37
10 13 48
11 15 45
23 1 13
6 9 35
20 23 8
14 17 32
17 21 2
6 8 20
6 10 31
18 21 43
6 9 30
18 22 47
23 3 10
11 16 14
18 22 15
20 23 41
9 11 47
10 13 21
17 19 13
13 14 13
18 22 20
23 1 29
10 12 47
17 21 21
9 12 10
6 9 17
1 4 4
3 5 18
22 2 18
21 0 38
10 13 1
17 21 32
3 6 25
10 13 29
14 17 6
6 10 43
12 14 34
8 11 24
11 14 43
5 9 28
9 11 32
0 4 14
23 2 17
6 11 27
20 0 11
10 13 8
7 9 36
5 6 22
23 2 6
14 18 2
9 12 12
16 19 25
10 15 13
12 17 40
10 12 41
13 16 42
4 8 11
17 20 43
7 9 45
4 7 24
9 12 37
4 8 31
1 5 28
14 18 11
16 18 6
22 1 48
5 10 15
17 20 1
8 12 28
6 10 1
12 15 27
20 23 4
22 0 45
15 18 5
15 19 28
14 17 43
2 5 22
14 17 36
19 0 17
7 10 23
14 17 12
20 1 48
15 17 17
5 8 33
12 17 37
7 9 40
5 7 22
22 3 5
20 21 46
12 15 6
0 2 32
12 16 9
13 15 1
11 13 5
14 16 46
0 3 48
14 17 1
20 0 47
16 20 7
20 23 35
13 16 10
12 15 3
8 13 6
1 3 4
3 6 8
18 20 36
12 15 46
22 0 29
10 12 46
6 10 43
17 19 15
0 2 25
6 7 17
15 18 32
5 10 42
10 14 41
12 16 36
16 19 29
15 18 47
2 4 11
2 8 38
11 15 21
2 3 26
13 14 30
6 10 24
5 9 46
10 13 38
0 3 6
12 16 10
6 7 2
10 13 8
22 0 47
15 17 38
5 8 9
17 21 11
20 22 38
19 21 17
21 0 19
18 21 44
18 22 2
13 15 3
13 14 23
1 4 28
8 9 37
12 14 1
3 7 7
9 12 13
8 11 5
14 17 10
20 22 9
16 18 29
13 15 15
3 7 2
7 10 45
20 23 7
23 2 33
18 21 3
15 17 12
22 23 37
12 12 40
7 12 11
13 14 48
8 12 48
13 15 23
17 20 4
20 23 20
1 4 45
13 16 46
1 4 48
17 20 15
2 6 12
10 14 17
18 20 11
4 5 11
13 15 4
4 7 23
4 8 1
15 19 17
14 16 32
9 13 30
8 12 29
22 3 18
19 23 10
10 14 23
17 21 43
11 12 28
23 1 19
6 7 8
19 23 12
10 16 27
19 20 6
12 16 24
0 4 48
21 0 19
14 17 29
6 9 1
9 11 23
20 23 14
23 2 19
3 6 42
4 8 44
2 4 32
14 18 28
19 21 1
19 22 1
16 19 16
21 0 4
17 21 14
16 18 39
22 2 1
9 12 8
22 1 33
12 16 34
12 14 36
14 17 33
15 16 28
7 11 45
19 0 40
6 9 19
13 16 10
23 1 38
19 22 20
6 7 34
6 8 9
18 20 9
4 7 35
5 7 1
23 2 24
8 11 5
20 21 2
1 1 31
4 6 39
19 21 23
2 5 27
7 9 36
13 18 21
21 0 10
21 1 39
1 5 25
7 9 48
10 15 28
5 7 45
6 8 25
7 7 39
9 12 42
16 18 27
12 16 47
16 18 5
7 11 23
8 12 11
4 7 36
4 8 41
3 5 39
6 9 23
13 17 33
4 7 34
9 12 39
12 15 12
12 14 40
17 20 1
22 1 33
18 20 6
11 14 3
4 6 25
6 7 20
20 23 1
15 18 12
23 2 11
1 4 44
18 20 19
1 4 27
20 22 36
19 22 28
11 14 26
19 21 23
10 14 16
2 9 36
9 10 43
7 12 3
8 12 20
15 18 21
6 8 14
10 12 44
22 1 35
0 3 42
5 8 18
21 1 39
9 12 30
20 22 16
12 13 35
0 0 30
16 20 41
0 4 17
17 21 4
19 22 26
11 13 36
13 16 36
0 3 1
11 12 9
16 18 44
23 1 22
1 3 29
10 13 48
14 17 2
17 19 44
10 14 39
21 0 42
9 12 48
4 7 34
2 7 13
20 0 30
7 11 38
20 0 15
14 16 39
14 17 39
3 7 48
12 17 34
9 12 19
9 11 32
21 0 48
9 12 25
19 22 4
8 12 41
19 23 19
8 11 13
10 12 37
1 4 28
8 11 16
4 7 19
16 17 37
6 10 32
21 1 44
16 18 21
4 8 27
17 20 27
3 7 44
20 0 45
22 0 19
4 6 45
18 20 9
10 14 8
18 19 30
19 21 28
14 18 2
6 10 48
6 8 16
16 19 20
11 14 14
12 13 37
12 14 40
3 7 21
4 8 17
15 17 21
3 5 47
23 2 40
10 12 2
21 1 15
6 10 13
20 23 20
21 2 36
21 23 12
19 21 15
17 19 23
11 13 41
22 1 48
10 14 25
18 22 21
17 21 2
7 9 2
15 18 43
1 3 16
5 6 45
8 11 26
20 21 18
12 15 25
5 8 19
18 22 25
9 12 44
6 8 14
6 9 8
19 23 15
10 14 20
13 16 38
6 9 41
14 18 18
14 17 30
22 1 35
9 12 2
13 16 18
15 19 9
17 18 24
20 0 46
0 3 25
22 1 12
9 14 39
20 0 40
15 16 48
14 17 10
19 22 37
14 17 35
6 7 44
4 8 19
11 15 31
18 20 41
13 18 45
14 15 39
18 20 5
9 13 33
17 20 39
14 16 25
17 20 9
20 22 46
12 16 43
18 22 19
19 20 40
17 18 29
20 21 8
4 7 36
11 14 41
19 21 20
21 2 36
5 8 5
10 14 31
23 3 19
15 18 20
15 20 32
23 1 23
23 2 30
6 8 40
13 16 8
7 9 2
11 14 30
7 12 47
19 22 21
21 0 1
12 14 43
6 9 11
14 17 3
16 20 20
5 9 44
9 10 33
19 20 10
11 14 3
14 18 1
21 0 31
3 6 44
5 8 41
21 0 29
3 6 34
13 18 20
5 7 48
7 10 32
2 4 26
3 6 11
9 13 1
12 14 5
10 14 39
15 17 41
21 23 4
2 5 34
15 17 27
16 18 27
0 3 12
23 3 34
12 14 15
10 14 27
21 23 24
23 1 2
9 12 24
15 17 41
17 20 39
1 5 28
7 10 34
13 16 39
23 1 45
12 14 35
22 1 15
5 10 5
19 21 25
19 22 1
9 11 47
9 13 27
4 7 42
5 8 37
15 17 31
12 14 36
8 12 36
23 2 30
12 16 20
20 22 37
20 23 43
18 21 19
7 10 38
15 17 34
4 7 43
12 16 7
16 18 24
16 18 44
10 13 4
17 21 30
20 22 10
19 23 2
13 16 32
11 12 39
0 2 8
18 20 20
19 22 41
14 18 38
1 4 35
6 9 19
20 22 36
4 8 37
15 18 24
8 13 14
5 8 22
6 8 20
7 11 16
22 1 6
16 19 27
21 23 10
2 4 33
13 17 4
16 18 21
19 22 46
14 19 43
1 4 11
18 23 27
6 8 11
23 3 25
13 16 20
20 23 46
10 13 30
20 23 36
8 12 42
0 0 47
3 6 12
5 8 3
14 18 3
20 23 31
19 22 12
20 0 7
8 11 19
6 9 34
4 7 8
3 7 18
14 17 1
22 1 13
11 14 1
2 7 3
8 12 48
15 18 12
19 0 6
11 15 21
11 13 41
19 22 25
0 4 7
2 3 3
13 17 29
12 15 44
3 6 24
22 1 11
4 6 44
13 16 31
15 18 32
16 18 35
23 2 21
12 16 12
12 13 19
5 8 3
17 20 4
8 10 18
0 2 48
15 18 7
15 19 24
3 4 26
14 17 23
22 0 34
6 10 46
20 21 19
9 11 4
8 12 32
11 15 7
14 19 3
0 2 1
3 6 1
4 10 46
17 19 8
3 7 2
22 1 6
19 0 23
8 12 16
10 13 6
15 17 26
21 2 39
3 5 9
11 16 14
7 9 12
4 5 14
22 0 46
23 2 17
16 20 16
9 11 32
7 9 1
6 9 20
2 3 34
12 14 13
16 19 25
6 8 41
3 6 27
20 1 3
4 8 9
22 0 46
21 1 37
16 18 22
15 18 42
2 5 7
11 13 27
22 0 2
16 18 15
14 17 21
20 22 17
3 6 41
6 9 48
23 3 40
1 3 36
12 16 37
23 4 29
1 3 28
4 7 15
4 8 5
21 23 7
21 1 4
2 3 16
12 15 38
19 22 22
12 16 25
21 23 22
22 0 20
8 9 2
13 15 14
8 13 24
2 6 8
18 22 12
22 0 1
21 0 45
18 21 21
11 15 27
23 1 22
6 10 24
19 21 12
12 15 20
15 18 14
4 9 30
9 12 48
17 19 5
17 21 18
22 1 22
8 11 24
3 5 27
3 6 7
23 2 39
18 21 6
8 11 1
4 6 48
6 10 12
19 21 23
20 0 24
11 15 3
20 23 46
19 23 21
13 15 18
17 19 19
21 0 26
16 20 24
3 6 1
1 6 46
12 14 48
13 16 40
3 7 13
17 18 10
22 0 2
0 4 28
11 13 3
16 19 29
18 21 34
10 12 2
23 1 24
21 1 47
18 20 46
0 3 22
2 5 20
0 3 38
11 14 43
6 8 5
23 1 8
7 9 33
20 23 25
14 16 31
16 18 31
19 20 24
9 13 20
7 9 10
3 5 46
12 14 22
17 18 43
3 6 27
9 12 7
1 3 13
22 23 3
20 22 13
11 13 40
14 18 46
18 20 19
22 1 29
11 14 8
22 0 20
7 10 8
20 22 27
10 13 21
12 16 10
2 5 38
1 3 46
20 23 12
14 17 10
5 8 3
10 12 46
11 16 22
23 0 42
13 14 11
21 1 21
23 4 26
8 11 7
10 12 36
18 20 46
19 23 38
23 4 14
9 13 23
8 11 18
16 21 47
5 8 35
22 0 11
18 21 35
14 16 26
4 7 25
16 19 25
11 15 34
6 11 2
17 20 24
21 23 33
5 7 42
11 14 3
15 18 7
22 2 36
17 19 7
17 20 42
3 5 2
12 15 46
23 2 31
20 23 27
9 11 18
11 14 14
15 18 9
21 1 18
12 14 32
0 3 15
18 20 33
8 12 11
2 5 25
9 12 24
3 6 34
20 23 35
15 17 27
15 18 1
15 18 6
15 20 7
16 19 30
23 1 30
14 19 41
16 19 34
13 16 15
20 21 44
20 23 29
6 9 26
11 14 40
5 6 4
17 21 31
0 4 20
4 6 21
9 13 47
5 10 46
4 6 31
11 15 27
4 8 8
9 11 32
20 22 36
18 21 31
14 16 14
2 5 27
1 4 8
2 5 24
20 0 40
8 11 39
7 9 48
19 21 14
7 10 14
20 0 14
23 3 44
17 20 10
6 10 19
3 6 22
20 22 30
9 11 40
2 5 22
17 21 32
18 21 24
18 20 39
7 9 11
1 5 25
14 18 14
21 2 2
5 7 22
21 0 9
15 19 18
7 10 13
20 23 14
10 13 31
10 14 22
14 17 38
17 19 37
21 23 45
8 11 18
12 14 41
10 13 46
12 16 5
2 5 46
5 8 18
0 3 7
13 17 46
15 19 28
17 20 34
23 2 31
4 7 17
10 13 40
4 8 26
0 4 20
10 14 29
11 15 42
11 14 27
7 10 17
14 17 36
15 18 23
7 11 38
9 12 19
16 19 34
16 17 45
17 20 26
23 2 7
14 17 36
20 23 1
0 3 38
22 1 39
11 14 35
2 5 35
22 2 16
0 4 14
10 15 11
4 5 22
2 7 48
0 5 36
3 5 42
1 4 7
2 6 29
11 15 44
14 19 33
5 7 4
7 12 33
16 19 21
14 18 39
16 19 19
21 23 25
12 16 37
18 20 4
0 5 33
13 16 32
17 19 5
16 18 10
8 8 35
12 14 48
22 0 9
13 17 7
10 13 39
3 7 20
21 0 8
12 15 35
6 10 2
6 11 27
5 8 6
11 16 25
8 10 32
20 0 32
8 11 44
2 4 46
23 1 13
18 20 11
18 22 45
2 4 19
9 12 16
9 12 40
5 8 10
8 12 8
19 23 6
5 8 12
21 23 5
18 22 10
20 22 1
6 10 21
9 11 10
13 17 9
1 5 8
0 2 8
20 22 17
5 9 36
16 19 45
17 21 11
17 20 28
1 5 44
21 1 21
21 0 35
8 12 30
9 12 22
21 0 26
3 6 34
14 17 4
3 7 4
16 18 9
20 21 27
2 5 31
14 17 21
19 23 27
1 6 4
9 12 20
4 5 40
7 11 35
8 11 26
12 13 1
9 12 31
19 20 26
14 19 12
13 15 24
8 14 21
4 6 48
15 18 33
3 7 18
23 2 8
2 7 15
7 9 24
5 8 9
14 16 33
1 3 8
18 20 45
8 11 5
7 10 38
8 9 42
10 14 18
12 16 13
14 16 3
15 17 43
3 5 38
16 20 40
19 0 39
19 22 12
22 1 31
20 23 13
8 11 3
2 8 43
18 21 45
10 14 28
14 18 20
10 13 1
10 13 17
18 21 29
18 21 21
19 23 34
15 20 48
12 15 39
3 7 13
18 20 46
23 2 27
23 2 43
7 11 34
20 21 16
19 22 38
5 9 13
7 10 25
16 18 7
18 21 3
6 8 36
7 11 45
20 22 11
17 20 46
16 20 18
5 8 48
17 21 21
8 10 43
23 1 2
6 9 12
20 23 22
18 21 25
3 6 16
7 11 1
22 1 36
19 21 43
6 8 24
18 22 37
22 3 22
16 18 1
23 3 39
18 21 13
12 15 23
0 3 2
22 3 24
13 16 9
8 11 47
2 5 40
16 18 3
16 18 14
10 13 32
13 16 8
3 6 2
17 19 23
11 12 38
20 0 31
10 13 47
11 14 22
19 22 27
13 16 24
20 23 34
8 10 37
16 19 8
11 13 5
4 9 12
7 9 16
4 7 44
1 5 43
9 11 34
15 17 19
11 12 31
0 2 27
3 6 48
9 12 5
13 15 9
17 19 34
21 23 47
12 13 43
4 8 8
10 12 32
3 5 39
15 19 46
4 6 9
12 15 1
15 18 1
22 0 19
16 20 21
21 23 37
17 20 18
20 0 32
21 0 20
17 20 19
12 13 40
19 22 11
4 7 12
4 6 9
9 11 7
2 5 18
20 23 1
18 23 36
19 20 24
22 23 23
9 13 41
18 20 48
23 4 47
18 20 30
16 18 35
0 1 27
22 1 23
21 1 11
22 2 32
9 14 12
16 18 11
2 7 41
5 7 44
11 13 28
4 7 39
14 16 29
8 12 6
23 2 17
23 1 22
12 16 17
6 10 48
16 19 20
15 17 12
4 6 47
10 12 5
5 7 18
9 13 2
7 10 18
17 21 19
12 17 16
7 9 13
12 15 9
19 22 24
23 3 33
21 0 19
17 20 37
17 20 2
10 13 48
18 23 37
18 21 44
9 11 40
3 5 36
8 11 18
18 21 33
6 7 6
6 9 33
23 2 16
1 5 1
3 4 48
13 15 23
16 19 12
0 1 6
6 12 7
10 13 22
14 17 28
3 5 21
10 13 21
11 15 12
18 22 36
15 19 8
14 17 21
17 20 10
1 4 3
22 1 7
12 15 10
6 10 3
15 18 14
0 3 45
4 6 7
13 15 16
22 0 30
1 5 2
19 21 25
16 18 31
7 11 8
8 11 36
14 19 17
14 18 15
9 11 9
16 19 12
13 15 43
5 8 24
1 4 19
7 9 33
11 14 12
11 15 4
1 5 45
2 6 40
16 21 44
7 12 43
4 7 16
8 9 1
10 12 14
3 6 30
21 0 46
22 0 8
13 16 26
20 1 41
15 20 11
22 3 32
3 7 39
13 17 30
2 5 37
7 10 48
14 16 26
15 16 16
14 18 42
9 12 4
13 16 5
13 16 2
8 12 22
2 5 40
21 23 28
7 11 7
17 19 39
22 0 35
10 14 33
1 4 28
14 17 35
4 7 14
0 3 32
8 10 31
2 4 32
0 5 11
11 16 44
17 23 26
13 17 9
15 18 34
11 15 40
9 10 2
0 3 6
14 16 1
3 6 16
8 10 31
23 3 4
18 21 10
0 2 11
19 21 23
23 3 29
6 11 25
21 22 16
2 4 17
13 16 9
16 21 36
12 15 27
18 22 5
4 8 34
21 0 25
14 16 41
1 4 48
17 21 24
22 2 7
17 20 35
20 21 6
12 15 30
17 19 9
10 13 25
22 1 1
17 19 10
9 12 4
22 0 28
15 19 46
3 6 46
18 21 15
18 21 37
8 12 7
6 8 25
16 20 17
4 6 23
0 3 30
15 17 7
11 13 33
17 20 20
12 13 1
9 11 38
23 0 27
13 15 27
0 0 20
1 2 26
10 12 13
16 18 34
6 9 48
18 22 1
18 21 7
21 23 5
18 23 4
6 8 42
1 5 16
5 8 33
23 2 32
0 2 42
22 2 4
2 4 13
8 10 14
13 15 19
18 22 10
23 1 36
2 3 9
17 21 41
0 1 15
1 4 47
12 14 18
0 3 47
7 10 20
22 3 42
6 8 17
12 15 11
3 7 2
2 6 5
3 6 29
14 17 33
13 16 26
23 3 17
1 3 29
12 14 18
2 4 38
15 17 24
8 11 48
14 18 30
23 2 15
1 4 24
14 16 39
1 4 46
14 16 10
7 9 38
20 0 34
22 1 27
2 6 8
18 21 26
23 3 45
16 18 43
18 22 5
18 20 19
7 11 1
14 16 29
6 9 16
0 2 2
21 1 21
3 5 3
14 17 48
21 1 23
22 1 45
19 21 28
20 23 20
20 22 44
1 3 16
21 1 17
5 8 28
14 16 24
22 0 38
5 8 46
10 12 28
12 15 8
18 21 29
18 21 39
7 12 42
2 4 24
6 10 35
0 2 40
23 4 37
16 20 35
20 0 44
12 15 5
1 5 31
6 9 30
12 16 17
6 9 40
0 4 40
17 20 40
5 8 26
6 10 46
10 13 34
21 0 47
2 6 7
8 11 7
10 15 38
12 15 23
23 2 8
14 16 10
7 11 19
11 12 32
17 18 32
21 0 7
9 12 33
5 7 3
16 20 22
12 17 38
2 5 19
12 17 46
2 4 2
12 13 20
2 5 36
7 10 37
1 4 39
19 21 6
6 10 35
11 15 37
7 9 39
13 15 19
4 7 38
19 22 22
21 1 4
4 7 11
8 11 35
4 8 8
17 17 22
0 4 28
4 8 28
22 1 6
3 6 44
15 18 1
10 12 35
3 4 23
23 2 33
19 20 9
8 12 4
22 1 43
23 3 24
23 0 11
5 8 40
19 0 47
22 1 42
11 14 22
17 20 48
10 14 27
1 5 42
11 14 2
12 16 7
14 19 26
9 13 8
16 19 12
7 9 3
16 19 5
14 19 1
15 18 9
13 17 48
10 12 25
15 19 28
21 0 43
7 10 29
16 19 22
16 20 35
1 4 24
12 15 41
15 19 32
12 15 30
20 21 1
6 9 45
17 22 7
23 2 43
2 4 26
20 23 35
19 22 7
12 15 29
21 22 2
5 6 29
5 8 3
16 19 46
9 12 14
1 3 3
20 0 28
10 15 44
9 11 23
10 15 4
17 21 31
14 19 25
17 20 43
6 9 42
21 0 19
7 11 3
2 6 36
9 14 3
0 3 11
14 16 37
3 9 37
17 20 44
20 23 6
7 10 19
9 13 42
2 5 22
9 10 19
0 3 18
2 5 25
23 2 26
12 16 9
16 17 21
10 12 18
15 18 23
9 11 20
6 11 31
13 16 31
11 13 9
1 6 26
20 23 42
15 20 30
5 8 18
19 22 10
17 19 22
17 20 30
4 7 48
16 19 1
1 6 13
7 10 35
15 18 47
9 13 16
4 8 27
9 11 32
15 17 4
16 19 13
22 2 37
0 3 4
9 12 35
13 16 7
14 16 17
16 18 20
3 6 13
18 19 37
9 13 9
11 14 39
7 11 29
16 20 10
23 3 22
2 4 12
2 6 30
4 5 26
16 20 40
5 6 35
10 14 31
10 15 27
20 0 46
6 8 7
20 0 18
17 20 45
19 23 1
20 23 31
1 3 41
3 6 4
0 3 45
13 17 21
10 14 23
3 5 2
3 7 2
6 9 27
17 19 39
9 13 34
7 9 18
9 11 5
9 12 28
22 1 9
0 4 40
4 6 9
19 23 24
18 20 23
17 20 43
13 15 14
23 1 19
6 9 21
16 18 47
23 3 43
5 9 31
13 15 14
3 6 9
20 0 24
12 15 19
14 18 29
23 2 41
11 13 26
20 21 2
1 2 24
22 1 8
5 7 13
16 19 6
6 11 7
20 23 15
21 0 41
11 13 31
11 14 48
19 23 28
11 13 38
13 17 4
16 17 37
12 15 14
10 13 39
1 6 47
10 13 7
6 9 10
5 8 3
9 13 35
16 20 7
7 10 36
8 12 22
12 16 9
1 3 43
3 8 38
19 22 29
18 21 44
20 23 5
11 13 15
18 20 6
3 6 41
10 13 36
19 20 42
20 0 5
9 12 7
5 7 35
9 12 25
5 7 7
11 13 19
21 1 38
23 2 18
21 23 26
15 20 43
2 5 43
11 13 20
16 19 36
15 18 17
4 7 36
20 23 35
16 17 18
0 4 39
8 11 16
13 16 35
23 3 1
8 11 7
6 8 2
6 8 45
21 0 47
21 22 24
2 6 45
21 0 6
18 22 48
1 4 32
17 20 17
13 18 19
3 5 34
6 9 35
10 14 23
23 2 45
21 0 6
13 15 45
3 6 36
15 18 40
4 6 32
5 9 9
13 16 26
22 1 40
16 20 34
17 21 13
3 6 7
9 14 25
7 11 40
16 19 34
2 6 36
14 18 11
9 14 15
22 1 41
9 12 1
17 21 4
2 5 13
23 3 25
3 5 29
2 5 46
10 12 1
22 2 46
14 17 41
7 10 11
16 18 19
21 23 28
2 5 41
15 19 26
17 19 19
15 15 1
4 9 13
18 20 26
21 0 5
22 0 16
8 11 43
3 6 46
4 8 26
8 11 2
17 21 41
3 6 21
23 2 39
1 6 10
5 7 32
11 15 44
20 21 26
14 18 44
17 21 21
14 18 39
6 9 47
6 9 47
3 8 31
16 18 30
8 10 41
21 0 27
23 4 33
11 15 23
11 14 46
13 17 8
7 9 30
13 14 43
14 16 24
20 22 47
9 11 19
4 8 26
8 12 29
21 23 9
16 20 6
10 12 38
16 18 1
0 3 48
21 0 9
6 9 25
2 7 1
11 14 47
17 21 37
4 7 46
15 17 15
0 3 25
12 16 14
9 14 15
5 6 29
10 12 41
15 17 18
7 11 7
0 3 27
18 21 42
0 4 11
11 12 5
21 1 29
0 2 33
19 22 30
5 9 37
10 12 17
5 7 35
10 13 1
3 3 33
6 9 21
0 4 14
17 20 23
11 14 3
6 9 8
3 8 15
8 12 35
6 9 8
18 22 2
4 7 41
20 23 27
9 11 36
0 1 45
4 7 39
4 7 47
20 23 26
15 19 36
8 11 40
19 22 8
13 16 16
14 19 17
14 17 44
5 6 32
1 4 46
2 5 34
20 0 4
5 8 5
0 2 48
23 1 10
23 3 27
14 17 41
9 13 25
9 14 38
21 23 47
9 11 42
6 8 36
1 3 24
10 12 5
8 11 4
18 22 15
19 22 6
18 21 16
6 10 5
0 4 19
18 20 6
8 10 22
23 0 27
18 22 16
0 3 7
11 14 35
12 17 40
19 22 4
20 0 21
8 11 39
21 22 40
18 0 30
12 16 39
0 3 7
11 14 45
4 6 26
0 4 22
5 10 29
9 13 26
3 5 20
0 4 31
22 0 20
11 13 23
8 10 29
12 14 21
7 10 25
1 4 42
15 17 41
5 7 14
9 11 6
4 8 16
16 18 44
4 8 16
20 0 29
17 20 2
7 10 2
6 8 46
21 23 40
12 15 34
15 18 44
10 11 8
11 15 36
5 9 18
5 8 12
20 22 3
7 10 9
16 19 14
3 5 13
20 21 31
22 1 14
6 8 45
22 0 7
14 17 40
17 21 31
5 8 3
18 20 11
7 10 48
12 15 16
6 9 27
2 5 41
3 3 40
20 23 2
15 18 36
9 12 18
17 19 31
9 11 32
3 6 10
23 3 27
23 2 18
3 4 33
12 14 14
0 2 14
13 16 5
19 22 39
6 9 38
21 0 32
7 9 42
14 17 35
0 1 30
16 19 25
3 6 42
4 7 45
23 0 33
16 20 35
14 19 33
5 7 24
12 14 40
3 5 44
3 6 21
11 15 14
20 23 18
10 14 8
2 5 23
19 22 16
10 13 17
22 23 38
19 20 16
15 17 14
15 18 11
8 11 16
18 21 9
18 19 44
20 23 28
15 15 16
16 18 43
3 5 15
16 19 5
20 23 31
10 14 8
20 21 28
8 9 22
11 14 37
15 16 19
14 16 46
6 8 46
16 19 11
2 3 10
0 4 38
13 14 43
4 9 30
18 20 13
21 23 37
8 11 18
17 19 42
22 1 9
19 22 42
7 10 15
0 3 22
2 5 27
11 15 40
5 9 10
16 20 43
12 15 47
10 14 33
19 23 17
0 3 14
0 3 9
6 11 37
0 2 20
11 14 19
14 18 46
8 11 13
0 4 11
12 13 25
2 4 42
6 10 33
0 3 8
14 17 25
12 15 3
21 0 21
18 19 26
5 10 1
17 22 40
21 0 25
1 2 15
0 4 34
3 4 11
4 6 14
21 1 26
0 3 37
13 15 26
8 12 33
4 7 3
16 18 23
21 0 44
21 0 35
12 15 29
22 0 20
17 21 24
19 21 19
11 13 27
11 12 11
9 12 39
11 14 7
23 1 40
23 2 37
11 14 20
1 4 11
21 0 6
8 12 10
3 6 27
21 2 27
7 11 26
14 18 38
6 10 47
6 7 39
11 15 40
19 21 12
22 1 6
1 4 17
13 17 44
5 9 41
5 9 46
10 14 7
14 18 46
11 15 22
6 7 6
12 13 11
13 18 36
8 11 28
4 7 10
14 17 36
0 3 21
20 23 15
8 12 9
16 20 40
5 10 16
10 14 3
11 14 13
6 8 32
22 1 27
7 10 43
1 4 30
5 8 34
3 5 4
11 12 37
11 13 4
3 8 4
19 22 46
5 9 43
9 13 45
3 6 39
16 18 46
20 0 1
9 12 29
22 1 31
3 6 38
18 22 30
19 21 47
23 3 12
14 15 4
7 9 33
11 15 27
12 13 45
0 3 9
17 21 30
18 22 4
5 9 9
0 2 22
9 12 48
15 19 44
18 22 2
10 14 21
9 11 30
18 23 9
0 3 34
13 16 5
15 17 26
16 19 25
14 17 16
22 0 22
5 7 2
0 3 46
18 22 14
1 3 4
1 3 9
7 9 42
10 12 14
23 3 2
21 23 34
2 4 7
20 23 17
23 1 37
16 18 9
12 15 10
11 13 8
11 14 44
5 8 22
5 8 29
6 8 17
8 11 3
12 16 26
20 0 12
5 9 14
9 12 7
11 13 37
4 7 5
19 22 38
10 13 1
0 2 45
8 12 10
23 2 25
17 20 18
10 13 44
6 11 19
6 8 27
21 0 29
20 22 11
1 4 8
10 14 16
14 19 42
23 3 47
8 11 27
11 16 4
22 1 18
11 14 33
23 4 2
3 6 32
14 17 41
4 8 2
16 19 1
13 17 46
2 6 39
22 0 25
2 2 40
20 0 9
12 13 11
2 4 31
23 2 27
23 2 4
4 8 2
20 22 38
12 14 27
22 1 37
14 18 25
4 7 42
9 13 43
0 3 37
4 7 16
14 16 44
13 17 45
3 7 29
21 23 16
10 13 39
0 4 44
7 10 47
14 17 25
4 7 31
23 2 23
3 5 10
6 8 7
5 8 40
17 23 22
4 6 9
16 19 19
12 17 47
20 23 6
22 2 5
2 4 17
3 7 6
2 6 22
3 4 20
20 22 14
11 14 42
15 18 7
19 0 45
23 4 47
12 13 31
10 13 2
11 15 48
5 8 28
2 5 12
21 1 29
6 10 22
4 7 25
7 10 34
1 5 23
22 2 23
14 18 2
23 2 38
2 4 38
18 22 41
2 5 7
3 6 23
5 8 36
2 6 31
7 11 44
2 5 34
21 0 41
7 10 26
17 19 11
2 5 15
7 9 15
20 23 40
19 23 19
8 10 48
12 17 20
0 2 19
14 19 44
20 22 33
21 0 26
0 2 40
22 1 24
0 4 35
23 1 8
15 18 41
21 23 24
1 2 41
15 21 40
16 18 12
17 20 18
0 2 39
18 20 39
19 23 38
17 22 20
5 7 5
16 19 26
0 2 30
23 3 7
23 2 10
3 6 27
11 15 43
16 19 1
13 17 27
9 13 23
23 1 47
5 9 8
6 8 20
6 9 32
15 18 17
20 22 37
23 1 1
11 14 5
4 6 19
21 0 10
17 19 20
11 14 46
21 23 35
0 2 17
21 1 23
5 9 31
0 4 7
0 2 30
12 18 43
1 5 46
10 12 47
20 21 23
6 8 34
8 11 18
22 2 48
18 21 46
15 18 11
18 22 2
18 19 24
23 2 39
0 3 23
4 7 7
15 16 23
7 10 41
3 6 30
3 5 36
18 19 30
16 17 10
4 7 1
18 21 29
21 0 41
2 5 20
12 17 4
6 9 33
22 1 45
16 19 40
9 11 34
22 2 31
1 4 38
10 15 16
21 2 10
0 4 14
18 21 13
2 5 43
17 22 11
15 18 37
18 22 42
0 3 24
6 8 42
8 10 34
23 2 21
23 2 3
1 4 30
7 10 31
15 19 15
8 11 47
12 15 30
11 15 36
7 10 5
11 14 28
13 16 36
11 14 22
7 11 47
22 0 15
8 10 16
21 0 27
2 4 37
5 6 20
8 11 42
23 3 48
5 8 30
14 15 32
22 0 5
15 16 17
23 2 2
15 17 28
21 1 21
18 21 24
6 9 27
13 18 33
13 18 25
3 6 17
20 1 6
23 2 42
19 22 40
22 2 13
15 17 24
1 4 33
4 6 24
17 18 11
16 17 24
12 15 12
7 9 38
19 21 30
22 1 48
8 10 19
9 13 5
14 15 29
9 11 5
2 3 45
17 19 28
12 16 19
13 17 48
20 1 22
11 16 15
8 12 6
5 8 4
7 9 1
3 5 20
1 4 21
17 20 12
13 17 18
16 20 20
12 15 25
4 6 47
23 1 20
14 17 40
3 6 20
7 10 3
2 6 48
8 12 41
3 6 3
17 19 43
18 20 14
3 6 45
18 22 27
13 15 8
22 0 48
16 17 5
20 22 4
18 21 25
3 6 8
16 21 2
16 21 34
16 20 27
23 2 24
4 7 3
6 8 40
14 16 22
10 13 40
15 16 22
10 14 48
17 19 11
20 0 24
3 3 18
7 7 17
5 6 48
23 1 34
3 7 11
4 7 46
22 0 30
21 0 30
14 14 22
22 3 1
16 18 10
22 0 7
17 20 2
7 10 39
1 5 15
9 11 10
3 6 2
21 1 13
8 11 47
0 5 5
2 4 39
7 12 43
7 9 42
21 2 9
20 0 29
10 12 22
18 19 42
17 21 32
6 9 9
19 22 32
5 8 23
14 17 2
20 23 13
4 7 27
9 11 9
17 21 23
5 8 24
16 18 15
7 10 16
19 21 48
1 5 19
3 7 23
16 19 30
16 19 30
2 3 14
19 21 4
2 6 22
18 22 21
19 22 21
17 19 2
22 2 38
1 4 4
10 14 24
9 13 12
13 17 7
20 0 5
1 4 3
22 1 22
3 4 38
14 18 3
23 2 36
13 17 22
9 11 34
13 17 27
4 7 22
17 20 28
15 18 2
2 5 22
6 11 10
21 0 3
14 16 11
0 4 41
12 14 32
21 23 12
12 14 46
17 21 42
12 15 36
7 9 48
2 4 37
11 14 2
0 2 3
0 3 8
7 11 37
22 1 25
15 18 11
12 15 33
5 9 19
5 6 27
22 1 12
3 7 4
19 23 35
1 4 27
14 15 1
18 19 20
4 8 9
3 6 22
10 13 6
8 10 36
12 15 13
14 17 37
13 16 5
1 3 29
3 7 11
5 6 4
3 6 22
11 14 30
12 14 5
20 23 14
16 19 31
13 17 21
6 9 34
7 9 43
8 11 41
4 7 37
21 2 4
13 17 6
23 1 23
10 14 47
19 23 20
18 20 7
2 6 7
4 5 29
3 6 24
21 23 25
9 12 23
21 23 28
23 1 28
8 10 32
10 13 2
2 5 25
4 8 6
5 8 44
18 23 32
15 17 37
20 0 36
12 15 16
20 23 34
6 10 8
15 16 41
8 10 40
19 21 30
21 0 24
23 1 26
20 23 1
20 22 48
6 9 45
11 13 38
19 23 25
21 0 41
15 19 11
10 14 43
9 12 45
15 18 39
15 18 16
18 22 30
9 13 3
16 17 25
7 12 5
23 2 41
18 20 6
0 2 26
13 15 36
4 5 46
1 5 28
13 16 6
16 17 46
11 16 30
7 11 10
19 21 35
15 18 36
23 2 47
5 6 29
1 4 25
9 12 39
16 19 33
13 17 34
14 17 21
18 22 30
22 2 12
0 3 28
2 5 31
6 7 41
22 1 16
9 12 35
0 4 18
5 6 36
12 13 20
9 12 48
1 5 45
8 12 1
19 20 12
10 12 33
11 14 2
20 23 18
3 5 7
3 7 45
14 18 6
13 16 22
8 10 34
21 1 31
20 0 27
2 5 47
7 10 40
3 8 5
17 19 1
15 21 7
3 6 20
5 7 11
17 20 22
17 20 29
23 2 17
9 14 18
3 5 12
16 20 11
22 2 23
9 13 27
20 0 23
12 14 41
13 16 48
5 7 8
7 9 35
4 8 38
6 11 20
23 2 24
1 5 28
22 1 38
4 7 48
21 1 48
15 17 1
3 7 10
2 6 33
15 18 41
1 5 33
7 11 30
3 6 3
11 14 33
19 23 37
2 5 44
3 6 24
13 16 14
9 11 17
8 11 18
3 8 44
12 14 23
3 6 16
10 14 13
5 7 41
8 10 29
21 0 2
18 22 19
15 18 32
23 1 33
7 11 22
7 12 8
21 23 7
0 4 35
1 3 36
23 4 1
7 10 27
14 18 27
23 2 3
19 22 13
5 9 21
22 1 44
12 17 11
5 9 20
3 4 36
3 7 24
7 9 40
8 12 38
0 3 31
22 23 29
4 7 5
6 11 38
14 18 12
7 10 12
0 4 46
11 14 32
14 15 32
3 7 1
1 3 33
5 8 43
20 22 22
13 16 12
16 20 38
2 4 38
17 20 9
10 13 40
6 10 16
11 14 9
20 1 19
11 14 41
18 21 8
18 22 18
12 16 6
12 16 7
15 18 44
13 18 37
5 7 23
22 1 45
2 4 12
21 1 3
14 18 42
18 22 5
22 0 12
11 16 43
11 14 19
5 8 2
10 12 21
5 8 25
12 15 42
14 16 32
3 5 2
1 6 10
7 9 10
12 13 15
10 13 46
16 20 48
22 2 8
23 3 2
15 16 31
10 14 8
4 7 4
15 18 33
2 6 24
17 21 28
18 21 47
22 23 48
5 7 46
3 8 19
10 14 19
18 19 4
20 0 29
0 3 13
16 18 3
7 12 21
23 0 33
14 18 27
18 21 46
14 18 40
11 15 48
15 17 47
13 18 22
23 2 46
18 21 34
20 23 34
4 6 2
8 11 18
6 9 6
0 3 32
23 2 16
12 15 34
4 7 11
3 7 23
8 10 41
1 5 46
15 16 16
9 12 27
9 13 11
20 22 16
16 17 36
17 19 45
17 19 27
18 22 48
1 5 44
20 22 38
21 1 32
21 23 46
23 2 35
6 9 17
1 4 12
23 3 44
0 1 11
21 1 9
11 14 18
19 23 25
16 20 26
14 19 1
1 4 32
3 8 36
3 5 23
22 3 37
19 23 4
9 13 19
9 12 45
14 18 6
7 11 42
14 16 30
16 18 6
1 5 4
14 16 13
20 22 40
0 4 24
23 1 9
1 5 29
18 21 11
9 12 10
13 15 23
15 17 32
11 13 47
23 1 20
21 1 5
13 16 25
7 10 26
20 22 44
22 1 9
16 19 34
3 7 34
17 20 23
16 19 29
11 14 6
22 0 29
7 9 39
2 5 3
8 11 24
21 1 21
14 18 35
6 9 36
23 1 2
14 17 13
23 2 33
11 14 12
7 10 10
8 11 15
2 4 15
13 16 46
1 3 28
0 4 41
20 22 35
16 20 19
17 21 36
13 17 46
16 19 41
5 7 32
15 18 6
17 20 47
22 0 38
6 9 30
17 17 24
8 11 23
8 12 4
22 1 19
20 0 33
7 9 22
23 2 15
11 12 11
6 9 16
10 13 30
16 20 46
0 2 9
16 19 21
22 1 28
7 11 40
21 21 42
6 8 44
5 7 3
21 0 46
18 22 18
1 5 31
10 14 9
12 16 34
13 16 4
19 22 38
11 13 47
21 1 12
2 5 27
1 4 33
7 11 47
2 4 17
20 2 15
0 3 20
10 15 45
9 13 37
14 17 9
5 10 38
3 4 3
6 10 30
3 7 1
16 19 28
2 7 14
6 10 18
3 7 27
11 14 41
22 0 46
6 8 15
15 18 43
12 17 17
15 19 24
18 21 31
2 6 47
20 23 15
8 10 13
18 19 18
13 15 40
12 13 30
4 7 27
7 10 41
5 7 12
22 1 41
4 5 44
9 12 29
6 10 26
10 13 23
17 20 26
23 1 9
23 2 27
8 12 42
9 11 24
15 20 39
0 3 26
3 5 13
22 1 14
6 9 23
3 6 3
15 18 26
20 23 5
2 4 29
7 11 15
20 23 45
15 18 32
1 4 11
3 7 13
9 13 44
14 18 13
15 18 21
2 4 7
16 19 6
21 0 21
17 21 47
7 11 25
20 23 16
0 1 9
9 14 16
7 11 31
15 18 11
1 3 40
20 22 24
16 19 44
17 21 47
21 1 42
0 3 24
10 14 13
8 9 26
6 10 23
22 1 22
12 17 21
4 7 19
6 10 36
6 9 15
9 11 12
3 6 3
19 23 47
20 22 41
5 7 22
1 3 30
17 21 8
11 14 20
23 3 30
3 6 16
22 1 39
23 1 17
23 1 36
4 7 19
7 10 27
12 16 16
9 12 16
15 18 33
5 9 40
14 17 15
16 19 27
19 21 3
10 13 10
20 0 17
19 23 46
19 22 8
11 15 38
17 21 41
1 5 30
6 10 42
18 23 3
9 11 11
8 11 42
14 16 35
11 15 19
12 16 41
14 16 2
4 6 40
6 11 37
23 0 11
20 22 39
9 13 45
23 2 39
8 12 9
20 0 12
3 7 34
3 5 25
4 6 32
20 1 47
20 22 20
13 17 19
13 15 45
2 6 22
20 23 11
12 13 28
16 19 28
2 6 31
3 6 43
7 11 25
0 1 27
9 14 26
8 12 15
15 18 34
11 16 45
23 2 41
15 16 36
9 11 36
5 8 37
2 5 31
17 19 41
9 13 25
15 19 42
7 10 46
1 4 9
14 15 46
23 3 15
2 5 47
1 4 12
8 9 34
19 21 42
22 23 44
5 7 35
6 9 1
21 0 35
1 6 34
10 12 29
22 1 11
15 18 44
22 1 16
9 10 18
2 6 11
23 3 23
4 8 18
10 15 43
17 20 16
18 22 44
2 5 8
8 10 2
0 4 6
23 2 26
7 10 14
1 2 5
0 4 5
16 22 26
13 17 22
9 12 16
13 16 1
10 14 38
17 19 36
15 18 38
20 23 11
17 19 23
1 4 40
21 2 33
1 5 35
7 10 44
1 4 15
12 16 24
1 3 39
20 0 47
2 6 21
0 3 24
17 20 11
23 3 45
1 3 34
6 9 13
16 19 21
1 4 2
18 21 42
20 0 16
17 21 21
3 7 14
20 22 47
15 16 47
8 10 9
18 21 28
14 17 3
15 18 14
6 10 46
23 2 14
13 16 24
16 18 38
8 11 41
19 22 18
21 23 27
15 18 24
16 17 41
6 9 1
17 20 24
17 19 5
0 3 40
9 12 40
21 23 40
11 13 7
4 7 3
21 23 37
5 8 27
18 20 30
4 7 39
9 12 11
19 23 11
20 23 27
4 7 40
3 7 39
7 8 10
1 4 46
8 12 20
3 7 19
6 8 46
3 7 22
8 11 38
16 19 32
14 16 25
19 21 38
1 2 30
19 23 12
22 2 13
19 21 23
12 16 45
13 16 40
12 16 24
22 1 26
8 10 12
13 16 26
7 10 48
18 20 47
21 0 5
2 5 35
11 13 4
6 7 17
22 0 37
10 12 29
8 12 46
5 8 36
4 7 11
11 14 11
17 18 23
15 18 35
18 22 43
19 21 6
4 8 6
5 7 13
6 9 38
20 23 29
20 0 16
13 17 39
19 22 35
4 6 10
11 12 20
21 1 17
15 16 1
16 19 45
4 8 29
19 0 43
8 13 43
2 6 29
7 10 39
7 10 20
4 6 26
14 16 36
6 9 30
23 1 18
15 17 19
12 17 34
23 3 7
13 16 24
14 16 26
5 7 41
6 10 2
23 2 8
16 21 6
14 16 11
18 22 39
15 18 12
20 23 29
2 5 15
21 1 35
1 3 15
22 1 6
23 0 33
17 20 24
2 5 3
4 7 13
11 12 2
17 20 10
4 8 45
23 3 13
3 5 42
20 23 33
17 19 39
19 21 4
22 2 26
16 21 32
7 9 30
12 14 13
10 13 36
5 9 5
13 16 30
13 17 13
7 9 31
0 1 28
4 8 38
23 2 30
5 8 46
6 9 9
12 15 26
16 18 41
21 0 39
23 3 27
4 7 13
6 10 5
3 7 2
18 21 23
9 11 34
6 8 22
10 14 47
9 14 45
12 16 23
22 1 11
20 23 10
9 12 25
3 7 27
5 7 13
3 5 8
7 10 35
7 11 4
7 9 44
22 1 26
8 13 15
7 11 36
22 1 40
17 20 5
6 9 33
14 17 3
18 23 31
14 16 48
7 10 39
16 18 36
15 17 46
22 0 11
2 4 41
23 3 5
8 11 17
4 7 7
16 18 2
1 4 20
5 9 22
19 21 27
2 8 42
21 1 16
6 9 19
3 6 40
16 19 29
11 15 42
9 12 26
9 12 17
12 16 26
17 21 16
11 14 42
1 4 39
23 2 37
6 9 2
10 13 7
2 6 48
14 15 7
5 8 14
17 19 41
21 1 31
6 11 48
5 8 6
19 0 1
12 15 36
18 20 5
9 12 26
5 8 32
14 18 37
1 5 18
6 9 3
10 13 23
17 20 46
19 21 47
20 23 2
0 1 32
13 16 38
0 4 14
0 1 7
10 13 30
14 17 45
23 0 14
21 23 42
6 9 36
12 16 18
15 19 19
14 16 40
5 7 17
3 6 27
4 6 6
15 19 37
17 20 8
18 21 27
3 7 30
23 3 33
0 3 20
19 21 40
8 12 4
6 9 38
5 9 37
7 10 48
19 19 48
14 18 32
0 3 31
13 16 28
4 7 33
19 20 26
23 3 44
9 12 15
1 4 42
21 23 19
6 10 46
7 11 34
8 10 4
7 11 36
16 17 40
23 2 47
21 21 42
14 16 27
5 8 23
2 4 26
19 22 6
12 17 30
7 10 6
22 1 42
13 17 14
8 10 3
20 0 22
22 1 28
17 20 13
0 4 16
2 4 6
17 20 3
8 12 19
9 11 21
3 6 25
16 18 10
14 19 8
0 3 26
10 13 31
0 4 24
5 10 24
12 15 3
7 11 42
11 15 30
20 23 42
13 17 37
15 17 3
13 16 1
5 8 24
11 16 42
3 6 22
0 1 16
4 7 20
14 17 2
15 18 29
20 0 24
16 21 15
8 11 33
12 14 45
6 9 29
20 22 33
15 17 4
22 2 30
10 11 43
9 11 5
15 17 10
13 14 20
15 18 46
20 0 19
10 12 47
20 22 31
10 14 13
20 23 36
22 1 7
1 5 29
14 16 32
5 8 40
3 5 4
5 8 3
9 13 11
6 10 1
19 20 47
7 9 31
20 0 41
1 3 23
22 0 38
23 1 27
14 17 18
1 4 30
19 23 12
19 22 26
17 20 27
18 20 44
13 17 30
8 12 26
9 13 3
2 3 10
10 10 9
0 4 32
21 22 10
8 11 10
23 2 26
0 3 35
6 8 14
14 18 12
16 19 36
7 9 5
9 11 29
13 15 44
3 8 6
4 7 31
5 7 33
21 0 44
14 16 3
2 5 14
10 12 15
9 12 39
22 1 38
12 14 46
10 12 20
3 5 24
15 19 31
0 3 11
23 2 38
7 11 21
16 18 40
19 22 43
11 14 35
23 2 6
23 2 14
19 23 1
16 18 47
7 9 28
7 11 2
10 13 14
12 14 6
12 15 24
12 14 6
7 10 10
17 20 38
7 10 26
6 9 11
15 18 36
13 18 35
7 9 37
6 10 32
18 20 24
7 11 20
11 14 18
2 4 24
15 17 18
16 18 33
1 4 33
1 3 2
9 12 46
23 1 37
10 13 37
2 4 15
17 21 30
10 13 32
22 1 25
8 13 24
2 4 48
11 13 35
1 5 9
20 23 25
18 20 26
5 7 47
17 20 47
15 19 39
8 11 32
20 23 46
3 8 22
14 18 20
10 13 4
13 16 35
22 3 41
20 23 36
6 9 15
13 16 35
2 4 11
17 20 4
22 0 15
1 4 39
3 6 31
13 16 43
16 18 23
23 1 3
7 11 10
23 3 13
23 1 3
18 22 33
2 6 35
17 20 21
21 1 7
3 6 26
9 12 13
22 2 8
8 13 19
0 3 40
16 19 20
20 23 1
13 15 32
17 19 43
4 7 7
9 12 23
15 18 16
13 16 5
3 7 40
2 5 33
8 12 30
8 13 19
19 22 44
15 17 11
12 15 8
16 17 27
4 7 10
5 8 34
2 4 3
5 7 6
5 10 38
17 19 25
12 15 16
10 13 16
20 23 28
12 14 32
3 5 19
6 8 28
12 15 7
7 9 6
9 11 1
18 21 16
18 20 34
20 0 26
14 16 44
12 15 19
22 2 7
0 4 13
19 23 6
19 21 39
4 8 2
13 16 33
11 14 1
11 13 14
20 22 24
4 6 17
18 21 48
7 11 28
5 9 13
18 21 41
15 19 4
22 2 8
19 22 21
15 19 44
21 0 48
9 10 27
18 19 19
3 6 39
23 1 45
10 12 31
14 18 33
15 19 21
16 18 19
23 2 6
18 21 25
17 21 17
22 1 29
12 15 20
4 6 47
10 14 35
5 10 7
0 3 1
15 18 24
10 13 5
20 23 14
13 14 5
12 15 36
11 14 8
22 2 8
22 0 34
2 6 34
16 21 21
20 23 39
6 9 21
2 6 47
7 11 21
3 6 38
13 16 1
23 3 24
6 10 1
12 15 12
18 20 27
3 4 46
21 23 7
19 0 10
7 11 34
4 5 34
22 0 31
3 7 31
0 3 1
21 0 30
4 8 34
11 14 46
10 11 22
22 1 19
14 20 46
22 1 19
0 1 22
12 15 44
18 22 11
4 8 7
17 21 37
4 6 44
14 18 36
16 19 24
15 17 32
8 10 11
1 5 47
21 1 40
1 3 44
1 5 27
23 3 37
15 18 3
5 8 32
8 10 42
11 15 40
11 13 12
9 11 22
22 0 20
18 19 35
0 4 4
12 14 34
11 14 24
1 4 45
22 23 3
18 20 35
3 5 14
22 3 37
20 23 43
6 9 4
6 8 46
14 18 4
18 21 35
17 18 36
10 13 17
12 16 42
6 8 37
19 23 24
7 10 18
10 13 22
11 15 34
8 10 10
11 14 43
19 23 9
7 11 3
17 19 22
4 7 11
13 17 29
2 5 29
20 22 36
19 21 3
9 14 39
10 12 21
12 14 29
19 21 30
21 23 34
15 19 29
14 17 12
19 20 38
8 11 1
20 23 7
18 21 41
2 6 16
5 8 31
20 23 45
9 12 6
19 20 25
21 1 42
20 23 40
18 21 3
11 13 17
9 11 12
21 1 47
12 16 3
18 21 27
19 23 35
7 11 31
23 2 38
1 5 31
13 15 46
22 1 22
4 6 13
17 20 11
2 6 18
17 21 12
7 11 18
22 0 1
15 17 28
18 21 21
5 7 37
11 14 5
1 4 8
16 19 6
21 2 39
11 13 33
21 23 48
21 22 12
8 9 12
18 22 2
23 3 48
19 23 8
22 1 2
2 5 43
1 5 26
6 10 12
12 14 10
20 0 42
22 1 28
19 21 44
9 12 10
4 7 16
19 21 3
2 5 2
8 10 4
4 7 46
22 1 32
23 3 21
6 9 18
19 23 26
18 22 34
4 7 17
14 18 26
16 19 3
20 23 27
21 1 5
7 11 47
6 10 22
4 7 37
11 13 38
6 8 27
8 10 29
12 16 35
3 5 18
2 5 7
0 2 5
6 9 28
4 6 47
7 9 32
3 7 10
10 14 36
8 10 4
13 16 46
19 22 38
17 18 25
11 13 11
0 2 7
4 7 35
13 17 10
15 18 40
1 4 33
15 19 15
3 5 14
3 6 28
20 0 40
22 1 41
5 8 43
20 23 22
23 4 31
13 15 42
11 14 37
3 6 6
5 8 29
14 17 22
3 5 7
12 15 4
12 16 41
12 15 47
23 3 19
19 22 24
16 16 35
20 23 33
14 19 38
19 21 37
8 12 16
0 4 6
20 22 33
15 19 26
14 17 1
0 4 26
11 13 16
5 10 6
3 7 30
12 14 38
5 8 29
16 20 19
15 16 20
0 3 27
7 10 7
22 1 26
19 21 24
0 4 24
23 0 5
1 4 14
4 8 34
20 0 24
2 4 33
9 14 6
9 11 45
4 7 12
10 13 17
16 16 13
21 0 10
19 22 26
21 1 30
21 23 33
9 12 26
8 9 26
12 15 35
22 1 39
16 17 40
0 3 20
23 0 16
21 1 2
11 14 8
20 0 2
7 9 28
10 12 22
18 19 37
5 9 29
12 14 29
3 6 17
15 17 41
15 18 40
0 3 38
12 15 44
0 3 31
8 11 30
20 0 46
6 10 28
17 20 12
5 7 13
1 5 7
2 5 40
11 15 35
11 14 30
16 18 32
14 19 48
9 10 48
0 3 22
22 2 24
7 10 24
0 4 44
12 15 7
6 9 43
2 3 43
5 8 3
21 23 31
0 2 40
6 9 48
13 17 41
8 12 28
6 10 33
6 8 5
8 11 45
1 5 42
7 9 26
16 20 15
14 19 20
7 9 40
22 2 3
23 3 21
16 18 18
18 21 24
9 12 9
16 18 5
8 11 33
0 5 29
14 16 21
1 4 44
12 14 7
8 14 47
21 1 8
16 17 34
3 6 22
15 19 5
19 20 48
4 9 41
22 1 1
16 19 37
9 12 15
22 23 10
10 13 21
9 13 29
13 18 37
22 0 2
7 10 19
19 21 20
16 20 41
1 4 5
23 3 6
6 9 48
19 22 27
19 22 29
8 12 8
16 19 35
22 0 37
10 13 8
13 17 35
13 16 33
11 15 5
20 22 17
10 13 31
2 5 34
6 10 28
20 23 24
5 9 5
18 21 44
8 10 31
9 12 45
12 15 14
4 5 15
9 12 8
21 2 33
11 14 13
18 20 23
21 0 34
8 10 36
21 0 4
11 14 13
8 11 28
14 18 25
0 4 26
22 0 25
18 21 41
20 23 18
1 3 43
11 15 18
2 4 20
5 8 23
23 1 5
3 7 29
0 4 14
1 3 23
1 4 25
19 22 18
16 19 16
13 15 31
12 14 4
23 2 26
7 11 11
1 4 27
11 13 45
15 17 40
7 10 1
18 23 39
8 11 8
22 2 37
18 21 17
21 23 10
0 5 34
3 6 38
17 20 15
23 1 9
18 20 46
4 7 16
4 7 12
0 3 47
5 8 25
3 7 2
20 23 6
0 4 8
20 0 12
10 14 21
5 9 7
0 3 9
10 14 24
16 19 13
20 23 30
12 17 31
12 16 4
9 12 39
20 0 21
23 4 35
0 4 5
18 21 25
0 3 39
9 13 46
13 16 36
2 6 5
20 0 28
22 2 48
8 11 13
2 6 1
23 1 20
6 9 13
0 3 6
23 2 34
4 7 36
16 18 22
12 15 38
14 18 29
2 4 20
4 7 3
10 13 33
5 8 28
22 2 4
15 18 22
16 18 39
22 0 17
8 13 41
7 10 26
10 15 5
15 18 7
7 10 16
1 2 38
20 23 31
18 20 26
16 17 46
3 6 46
12 17 48
17 20 20
15 18 19
7 10 48
14 18 25
16 20 41
4 6 34
4 8 4
9 12 34
7 11 14
15 18 27
6 9 42
15 18 36
17 20 22
0 3 40
19 21 10
7 8 22
4 7 15
21 1 15
19 22 27
13 17 37
7 11 2
4 6 5
12 15 27
19 21 18
15 18 4
4 8 27
20 23 2
21 23 31
19 21 7
7 9 36
12 15 46
16 19 1
7 10 6
20 23 4
4 7 20
2 4 20
3 7 48
1 4 26
6 8 23
4 8 29
19 21 44
23 1 18
22 2 34
19 22 12
23 3 3
23 1 33
17 19 42
9 12 11
3 6 1
0 4 39
7 11 48
16 19 36
1 4 39
17 20 11
8 12 34
5 8 42
14 18 39
20 21 28
2 3 2
12 16 5
11 13 40
10 13 27
5 8 13
3 7 38
18 20 48
7 11 34
4 7 21
2 4 43
12 17 16
3 5 10
9 11 18
21 1 43
16 18 17
1 4 7
4 8 26
22 2 35
15 19 30
15 18 3
18 21 41
23 0 12
13 17 36
16 19 42
10 13 32
23 1 40
21 0 29
9 13 1
5 8 3
22 2 42
8 9 18
3 5 25
3 7 32
1 3 25
1 5 47
3 6 21
20 0 46
1 5 31
15 19 38
13 16 10
17 21 14
1 3 3
8 12 36
14 19 44
17 19 45
11 13 8
8 11 37
7 11 11
4 7 22
5 9 20
6 9 4
18 20 18
21 2 43
3 7 27
15 19 46
21 1 29
9 13 34
10 15 19
12 15 25
4 5 22
7 10 34
7 12 26
23 0 2
19 20 15
9 11 9
9 11 45
8 11 34
4 7 15
9 13 38
11 15 43
15 19 5
14 17 29
13 18 46
7 10 43
18 19 45
19 21 39
19 22 5
7 9 40
19 22 26
11 14 5
23 2 44
10 12 9
3 6 32
0 3 19
3 6 1
5 8 9
23 3 34
15 20 15
0 2 45
2 6 48
10 12 41
3 4 28
21 1 37
19 20 3
15 18 8
4 7 44
20 1 31
22 2 34
3 7 2
14 17 40
2 6 29
22 1 24
16 20 21
18 22 14
14 16 35
10 13 28
11 15 23
8 10 33
21 23 17
14 17 12
0 2 35
8 11 10
4 6 7
14 18 31
17 21 40
12 17 28
11 16 39
13 17 6
19 23 40
14 18 29
7 9 3
8 12 12
19 22 8
22 1 11
19 21 31
13 16 22
6 9 10
21 23 30
3 6 28
3 8 21
18 19 27
6 8 44
9 12 5
22 1 13
10 13 40
14 16 43
14 18 12
7 10 19
8 10 27
10 14 1
7 10 30
17 19 48
6 10 22
13 15 25
0 2 10
15 18 7
7 10 14
13 15 3
13 17 13
13 16 7
12 16 36
2 7 14
10 12 21
23 3 10
9 11 32
9 11 24
7 9 8
22 2 46
6 8 24
2 7 4
17 20 25
22 0 16
11 13 35
10 12 9
16 19 13
14 16 2
15 18 46
1 5 20
15 18 36
22 23 18
17 20 1
13 16 16
7 10 34
5 8 35
15 19 46
15 20 13
3 6 40
14 18 35
2 5 9
23 2 36
8 12 28
15 19 3
6 7 46
19 22 3
18 21 42
15 19 31
10 15 12
18 22 19
19 21 35
9 13 40
11 13 1
4 7 35
1 3 34
0 3 35
13 16 25
0 3 6
7 9 39
2 6 15
22 1 46
12 14 16
2 6 39
19 23 48
13 17 42
22 1 37
19 23 9
1 3 48
17 19 46
2 5 24
5 7 6
7 11 33
19 22 1
18 21 9
8 11 22
18 20 38
18 21 43
0 3 16
3 7 6
4 8 30
10 12 1
10 13 18
15 18 13
6 10 3
2 6 22
9 13 43
20 22 39
9 10 31
5 8 9
20 0 32
4 8 45
23 3 31
11 14 47
2 4 18
3 5 48
14 19 21
22 2 42
15 17 15
15 17 17
5 8 26
3 6 23
14 16 9
3 5 23
20 23 46
3 6 34
15 18 18
16 18 23
18 21 30
14 16 27
7 10 32
13 14 4
23 0 1
11 14 20
15 18 8
0 2 17
6 10 29
18 21 12
9 11 9
4 6 22
6 8 16
15 18 13
17 20 46
10 14 5
18 23 46
11 14 3
10 14 45
2 5 20
23 2 32
18 22 46
6 9 45
12 16 36
20 23 46
5 9 27
8 9 41
1 5 2
11 13 3
4 6 34
2 6 44
9 13 32
20 22 21
4 6 13
10 12 44
17 20 40
18 22 42
1 4 9
16 20 48
2 6 9
5 9 29
2 4 7
13 18 24
9 13 20
4 8 42
16 17 40
7 10 28
7 10 22
9 12 19
11 14 30
4 7 11
11 14 21
6 10 39
8 12 21
19 23 7
13 17 45
15 19 39
22 0 18
6 10 33
22 1 15
4 7 28
5 9 35
6 8 28
21 22 13
19 21 21
21 0 6
19 23 46
4 7 41
3 6 41
23 2 22
18 22 42
11 12 21
9 11 7
23 2 23
5 8 21
5 8 43
12 14 47
2 4 13
17 20 28
22 1 39
11 14 25
17 19 22
13 17 13
21 1 48
15 18 29
9 13 37
23 4 23
5 9 46
3 8 38
4 8 18
16 20 6
12 16 27
6 9 45
23 2 30
20 22 48
11 13 24
18 20 40
6 9 30
10 15 11
13 16 3
6 10 3
18 23 19
5 6 38
12 14 15
21 3 19
18 19 26
3 7 10
18 20 6
17 21 22
8 11 47
23 2 7
3 5 32
18 21 39
9 14 11
0 2 26
0 4 20
6 10 13
19 22 11
21 22 44
3 7 44
12 15 7
23 3 17
19 21 16
22 1 31
4 9 24
21 23 24
4 7 28
14 17 38
13 17 7
1 6 44
23 0 48
3 5 47
21 2 46
20 0 16
13 15 11
12 13 43
6 10 38
6 8 17
11 16 23
4 6 4
3 6 28
18 20 23
20 2 25
14 18 11
17 19 46
2 4 45
20 22 43
4 7 22
7 10 41
15 17 15
20 23 37
23 1 32
16 18 30
14 15 3
8 11 22
17 21 48
23 0 6
12 14 45
12 14 17
20 23 5
3 4 42
13 15 34
14 15 21
3 6 21
0 3 8
22 0 25
14 17 42
18 20 33
23 3 19
3 8 30
0 2 27
22 0 47
5 7 48
0 2 27
14 16 4
0 2 35
15 17 7
6 9 33
17 21 43
15 16 47
14 16 39
11 14 46
4 7 4
1 3 22
5 8 31
13 16 15
23 4 46
4 5 39
4 8 22
2 6 44
5 7 4
15 18 43
2 6 7
15 17 5
3 6 42
16 19 4
17 20 46
13 17 2
20 0 10
15 18 46
19 21 30
10 11 19
3 6 8
0 3 18
22 1 3
18 21 11
14 17 14
16 19 12
20 23 44
6 7 12
18 20 10
4 5 32
16 20 11
22 0 48
19 23 43
8 12 42
23 2 32
10 11 19
4 8 19
16 18 16
20 21 45
16 20 28
14 18 21
18 19 13
22 23 24
15 17 18
10 12 9
15 19 10
7 10 14
4 6 3
12 16 3
2 4 18
20 0 31
6 7 43
17 20 26
9 12 12
9 12 18
17 21 19
8 11 12
2 5 25
15 18 45
9 13 34
12 14 41
8 11 46
14 17 32
4 7 5
7 10 36
14 17 48
0 4 24
16 18 24
6 10 22
14 17 1
7 11 21
7 9 2
9 13 27
23 3 33
12 16 30
19 23 28
1 5 32
2 5 13
3 5 9
17 19 40
2 4 44
0 4 35
23 3 5
4 8 40
5 7 2
3 7 16
18 21 43
0 5 39
21 0 16
22 2 25
7 9 3
2 5 45
11 14 36
22 23 6
5 8 27
6 10 13
17 19 29
9 12 7
6 10 32
19 23 4
18 21 26
21 0 5
1 5 26
11 15 20
7 9 2
19 0 42
11 12 43
20 0 43
20 0 5
7 11 42
3 7 26
5 9 39
2 6 45
2 4 33
3 7 45
14 18 14
18 21 4
0 4 29
16 19 27
14 18 43
10 11 24
8 10 5
3 7 34
11 14 30
19 21 14
23 1 3
22 2 47
14 18 29
5 7 16
2 4 6
12 15 44
22 0 32
16 19 6
6 8 41
19 21 4
1 6 14
10 15 39
16 18 5
16 19 44
15 17 43
20 22 46
3 7 11
0 1 30
15 18 13
12 14 1
7 9 21
1 3 1
21 0 37
5 8 11
19 23 24
1 4 3
5 7 41
21 0 30
12 15 19
12 15 4
13 15 32
8 11 47
18 18 34
2 5 46
5 9 44
4 8 8
3 7 23
11 14 32
12 16 21
23 2 15
5 8 48
8 11 42
12 16 35
21 0 8
12 13 11
12 15 44
21 0 33
8 12 46
15 17 23
18 20 10
0 3 44
4 6 48
10 13 18
11 13 6
7 11 10
6 9 45
20 1 8
9 12 24
19 21 31
15 18 25
21 1 36
5 7 38
15 16 39
0 4 2
12 14 43
0 1 33
6 9 15
15 19 12
18 20 23
6 9 1
16 20 2
21 1 25
19 20 6
3 8 41
8 12 13
22 1 3
0 3 3
13 17 15
17 21 46
2 4 8
5 6 4
23 3 21
3 7 16
7 10 8
5 9 7
9 13 21
18 21 42
4 8 46
22 4 18
10 14 43
19 0 40
15 18 5
8 11 12
1 5 42
22 1 48
20 23 9
2 6 13
13 17 18
10 14 23
16 18 27
20 1 21
18 22 28
21 23 17
21 0 43
3 5 18
3 7 10
6 8 6
9 11 3
21 1 37
6 9 15
11 13 38
6 9 32
14 18 23
13 16 39
8 9 46
6 10 13
8 11 17
17 21 19
7 11 36
17 22 46
18 22 14
10 12 31
18 22 34
22 1 16
12 15 41
21 0 27
0 2 33
10 12 15
8 11 10
17 19 35
11 15 44
21 23 41
22 2 3
2 5 24
1 5 42
9 13 15
14 18 14
1 3 46
6 9 11
21 23 39
2 5 10
2 5 16
10 12 36
20 23 32
1 5 29
21 3 3
21 1 16
1 5 6
14 16 38
11 15 25
18 19 29
18 21 8
23 3 8
4 7 48
19 23 8
22 23 44
14 17 36
18 20 31
0 2 8
2 4 10
7 9 35
4 6 15
23 2 2
9 12 18
1 4 47
8 11 7
20 20 10
16 18 15
7 10 4
17 19 46
1 3 11
4 7 30
8 12 2
19 23 7
3 6 5
1 3 12
2 6 18
13 18 25
7 10 23
0 4 24
14 16 41
4 8 1
17 19 34
11 14 28
2 4 26
16 19 31
2 7 15
14 17 8
1 4 21
2 5 46
1 3 46
11 14 22
13 16 30
11 15 37
1 4 21
14 17 43
10 13 22
1 5 38
15 18 5
9 12 1
18 22 27
17 20 45
12 16 39
13 15 42
13 17 28
14 17 30
22 2 36
2 6 25
23 4 12
2 4 23
21 0 12
13 17 27
2 6 28
2 4 23
17 20 17
20 21 24
16 19 16
15 18 41
8 11 48
1 4 13
19 21 18
6 11 42
9 12 6
19 22 8
15 17 40
14 18 26
1 3 24
2 5 44
5 7 13
3 6 5
6 8 18
1 3 30
22 3 40
18 20 31
15 20 43
3 7 33
15 16 41
6 8 18
13 16 17
9 14 12
19 23 29
6 10 3
0 2 19
14 17 38
1 4 45
7 9 39
5 6 27
10 13 39
6 9 30
17 20 44
4 7 14
13 15 14
16 18 3
0 4 43
3 6 15
13 14 7
6 10 3
3 6 45
14 18 39
15 18 42
10 13 31
11 14 5
22 1 29
23 2 8
9 12 45
18 21 22
0 2 46
9 11 46
20 22 12
9 10 48
13 17 39
1 3 31
16 18 7
17 21 38
4 6 38
19 21 11
4 8 34
20 0 43
0 1 14
15 18 12
8 11 5
5 8 42
17 21 4
2 6 21
17 21 30
4 8 30
7 9 19
9 13 5
23 2 5
15 17 40
8 12 46
13 15 27
8 13 32
2 3 20
23 1 8
18 23 17
20 22 43
6 9 48
12 16 9
15 20 38
2 5 18
14 18 15
17 21 13
1 4 22
9 13 46
23 2 46
3 6 17
0 4 40
10 13 11
18 22 11
22 1 43
9 12 47
3 7 32
7 11 41
12 14 25
17 22 36
1 2 24
21 1 10
6 9 40
5 7 30
12 14 13
16 19 15
14 18 16
10 14 41
20 22 48
17 19 1
11 15 11
23 2 26
18 21 32
9 11 12
18 19 25
16 19 18
7 9 47
3 6 43
3 5 22
10 13 12
21 1 17
2 5 39
1 6 30
2 3 10
6 10 7
19 20 8
5 7 1
3 5 13
16 18 27
16 20 22
10 13 29
1 5 41
21 23 47
15 18 20
14 17 37
8 12 20
4 6 37
7 10 24
5 8 2
0 3 20
13 16 2
19 22 34
17 19 10
1 4 28
0 3 21
10 12 30
12 13 28
23 1 32
14 17 36
10 12 9
18 20 45
14 16 39
10 15 17
21 22 32
2 5 9
6 10 19
6 9 24
1 3 40
3 6 35
5 9 11
18 21 44
3 6 6
11 13 10
14 18 7
4 8 9
12 16 4
17 19 28
17 21 18
16 20 1
22 0 21
6 10 42
3 5 5
5 8 4
17 20 29
13 18 16
15 17 38
7 9 36
12 15 22
21 22 23
21 1 23
22 0 20
22 0 31
10 12 27
2 5 6
9 12 5
18 22 6
1 5 7
21 23 29
5 7 48
22 0 38
21 0 26
4 7 26
11 14 1
12 15 41
2 6 27
14 17 43
14 14 30
17 18 21
2 5 35
0 3 46
21 2 47
1 4 20
2 4 19
12 16 24
1 3 42
22 1 31
4 7 41
5 9 12
5 7 46
12 17 34
3 5 9
13 16 27
7 10 31
7 10 1
3 7 43
1 4 21
8 9 45
4 7 5
0 2 47
0 3 37
2 4 39
23 3 24
12 13 42
11 15 43
11 14 22
17 20 25
18 20 46
18 21 23
11 13 21
10 13 37
21 0 22
8 12 35
14 18 47
2 6 5
17 20 10
9 12 39
10 12 1
4 7 15
7 11 38
7 11 41
21 23 7
4 9 21
19 23 10
1 5 32
19 20 36
5 6 43
4 8 29
9 12 35
18 22 45
9 12 29
2 4 46
13 17 38
20 22 12
23 3 7
3 4 17
8 10 46
0 4 28
9 10 19
18 21 29
16 17 45
14 17 27
18 21 10
8 11 15
21 0 35
9 12 28
5 11 30
10 15 48
0 3 13
8 9 2
15 18 25
4 8 22
4 4 17
2 6 22
8 9 43
13 16 34
14 17 18
8 12 1
2 7 23
8 9 14
18 21 43
6 11 32
9 12 28
15 19 22
14 18 19
11 14 30
7 10 42
4 7 34
10 13 19
19 22 37
18 23 41
15 19 17
16 20 39
16 19 6
16 18 6
6 10 9
20 0 32
4 9 20
19 22 1
12 14 24
11 15 19
4 7 2
5 9 45
0 2 10
23 2 46
20 23 48
7 9 46
6 9 7
16 19 6
11 14 2
13 17 12
21 1 1
10 14 45
11 12 44
1 4 22
9 12 36
17 21 28
12 16 8
2 5 10
13 17 16
18 22 40
2 6 1
5 8 28
12 15 17
1 3 25
9 12 13
23 3 19
12 14 12
0 4 6
13 16 13
2 5 38
17 19 31
20 21 16
3 7 11
6 9 31
16 19 9
21 1 1
19 22 28
0 2 11
11 15 31
6 8 35
3 6 20
21 1 28
8 10 6
8 10 40
11 12 28
12 15 24
8 13 22
7 10 22
9 13 46
9 11 42
2 7 14
23 2 23
8 11 35
2 5 45
3 5 47
22 1 1
22 1 32
15 18 45
23 3 47
20 0 13
10 11 41
7 11 32
18 21 41
13 16 2
5 8 40
7 10 35
17 20 36
8 11 21
19 22 37
19 22 3
9 11 35
19 21 35
16 19 42
19 23 38
14 18 23
22 1 20
4 8 42
16 20 44
0 4 44
22 2 45
7 8 21
1 4 48
23 0 15
13 15 46
15 17 37
19 22 16
20 23 31
12 15 1
11 15 24
16 19 5
15 17 44
13 15 40
11 14 42
16 19 25
23 2 47
5 8 47
1 4 15
15 18 31
18 21 32
9 12 33
1 4 43
0 2 25
0 3 19
12 14 22
21 1 4
17 22 22
2 5 20
3 5 10
8 10 8
4 7 31
1 2 18
12 15 9
21 0 26
16 18 1
10 13 1
23 4 39
2 5 36
1 2 4
8 10 11
11 13 8
16 20 40
15 18 38
19 21 30
18 21 40
10 12 3
10 12 36
9 12 5
9 12 6
21 1 7
18 22 14
20 22 10
12 14 38
0 3 35
22 23 40
19 0 37
10 13 31
2 5 22
19 22 38
3 5 38
14 18 1
19 23 10
10 13 1
7 10 24
17 21 11
1 4 15
15 17 35
9 12 34
8 12 7
17 20 22
14 16 14
5 9 38
5 9 46
16 19 11
13 16 8
6 8 45
16 19 26
12 16 16
0 3 44
18 19 24
6 9 40
10 14 12
14 16 24
2 4 27
8 10 3
22 23 9
0 5 27
13 16 41
2 5 38
9 14 1
21 23 47
18 21 6
2 4 47
21 23 31
7 10 38
0 3 42
0 4 21
20 0 25
15 17 21
11 14 2
10 12 4
17 19 31
10 14 1
12 15 19
9 12 30
4 8 35
16 18 37
11 14 7
10 13 47
19 20 8
9 12 44
9 12 36
6 8 25
8 12 13
15 19 13
1 5 12
16 19 7
16 18 4
6 8 17
14 15 1
0 4 33
20 22 34
18 21 44
19 21 44
0 3 4
8 9 3
5 8 20
13 18 26
21 23 20
6 10 22
23 2 14
3 7 46
1 2 43
20 23 29
22 1 6
8 11 1
10 12 39
4 5 26
1 4 46
6 8 29
6 8 13
11 15 19
6 10 47
11 14 35
22 2 25
11 15 46
2 3 11
0 4 21
22 0 33
13 16 4
18 22 41
5 7 31
1 3 28
2 5 35
14 18 44
17 19 18
7 12 7
11 14 45
22 3 12
11 15 31
20 22 25
1 6 27
2 5 33
23 0 39
7 10 8
12 17 33
8 11 7
1 4 43
4 6 43
10 13 4
8 10 29
6 11 41
12 14 44
10 15 14
5 9 32
15 17 10
22 0 21
15 16 1
6 9 16
5 8 12
8 12 26
0 5 30
17 20 30
2 5 7
22 3 26
0 2 41
22 3 19
7 12 22
4 8 46
9 12 27
11 16 37
1 4 13
14 17 6
15 17 3
17 20 22
17 21 25
16 18 42
12 13 24
12 18 2
14 19 17
4 7 24
13 17 33
16 18 47
23 2 24
11 13 46
18 19 34
22 4 38
17 20 37
2 5 29
21 1 18
10 13 18
15 17 13
18 19 6
20 21 3
21 0 41
4 9 23
20 1 23
18 20 13
12 15 29
2 5 30
8 12 7
14 17 11
9 11 15
0 2 11
2 4 27
17 22 10
19 23 46
16 20 9
0 2 18
13 16 32
14 16 31
4 7 7
8 11 1
5 7 12
12 15 24
4 9 26
8 10 17
8 11 48
17 19 29
15 20 4
14 18 20
11 16 18
2 4 8
0 3 43
21 1 28
1 4 46
13 16 38
12 17 40
11 15 18
1 5 44
23 2 3
11 14 32
9 13 42
16 19 25
22 1 6
1 5 38
11 14 21
7 11 9
10 13 4
1 4 14
0 3 8
8 11 11
12 15 47
8 10 42
7 10 11
9 12 2
20 22 45
14 18 33
23 2 24
4 6 19
1 5 4
1 3 48
11 13 30
22 2 25
13 15 45
6 11 1
22 1 17
8 11 8
23 2 20
18 22 35
15 18 25
14 16 10
22 1 16
7 9 29
15 18 36
16 19 37
6 8 5
9 12 5
23 3 25
7 11 4
1 5 44
2 4 34
7 11 38
12 13 44
21 21 24
4 8 16
10 14 16
11 16 37
22 2 19
15 18 43
2 7 2
19 23 30
23 2 28
0 4 43
2 5 35
6 8 16
8 10 23
13 15 32
20 22 21
13 16 31
1 3 27
1 4 22
20 0 4
8 11 13
0 3 4
3 7 25
2 5 12
6 9 32
4 6 48
13 16 18
4 7 18
4 7 43
19 21 31
21 2 16
15 19 11
21 0 37
20 23 3
13 15 39
9 12 38
21 2 3
7 12 43
3 6 7
0 1 22
11 12 32
5 9 34
23 2 40
9 11 9
5 9 25
13 17 47
9 11 11
16 20 13
16 19 45
7 9 18
0 3 2
20 22 12
12 14 2
7 11 38
2 5 26
3 6 9
0 3 35
22 1 11
9 12 15
17 18 44
3 5 47
3 6 8
15 19 12
16 17 5
20 0 32
11 13 13
19 21 20
15 18 32
8 11 41
1 5 6
7 10 13
1 4 47
9 12 13
0 2 28
23 1 16
1 6 33
9 12 43
21 1 42
6 10 40
17 20 40
17 19 10
7 9 43
16 19 4
4 7 44
4 6 24
0 6 42
16 18 8
10 14 15
16 20 15
11 15 23
10 13 4
11 14 19
15 17 32
21 0 38
7 12 47
8 11 26
17 20 36
8 11 7
17 19 11
7 11 11
14 16 5
16 20 43
16 19 13
2 6 10
15 17 29
1 3 41
20 23 4
4 7 45
2 6 32
21 1 8
20 22 30
1 4 38
20 0 23
12 15 20
20 22 47
9 14 8
19 23 39
10 13 21
15 18 9
12 13 16
20 23 5
9 12 27
12 14 19
3 6 4
12 16 37
20 22 15
4 9 22
7 10 7
5 8 42
8 12 10
11 14 38
21 2 30
9 12 32
15 17 44
19 0 27
5 9 33
0 1 19
14 18 43
23 3 37
3 6 22
10 14 37
17 18 21
8 9 39
11 14 37
13 18 35
23 2 36
12 15 11
1 4 8
8 10 33
19 22 18
13 15 27
5 9 36
20 23 36
3 6 16
18 21 21
6 8 46
1 4 9
3 6 46
2 3 31
1 4 39
12 15 33
16 19 37
4 7 38
8 11 9
4 7 5
23 1 6
23 2 39
21 0 18
17 19 29
17 20 43
14 18 7
17 21 6
2 6 16
17 20 10
13 16 24
8 10 13
23 2 43
17 20 6
21 23 37
5 7 20
5 9 47
16 19 7
2 4 23
9 12 22
21 1 37
7 10 7
16 22 48
8 11 23
2 5 40
6 10 28
3 7 18
6 9 16
15 17 44
12 15 3
9 12 19
15 19 17
11 14 1
20 23 6
20 0 6
13 17 23
21 0 33
14 17 48
7 10 24
16 19 21
22 1 32
12 15 26
6 10 47
19 23 24
10 13 7
10 13 46
19 21 33
23 3 22
20 23 7
9 12 32
2 7 16
12 15 17
16 18 8
7 10 7
12 17 26
6 8 11
23 2 36
9 10 12
22 1 34
16 21 33
15 17 30
20 0 10
23 1 11
15 20 27
1 4 28
12 14 25
7 11 47
18 21 1
14 16 35
23 1 39
18 21 25
15 18 17
14 17 20
21 23 40
20 23 5
4 7 1
23 2 32
6 7 20
0 1 3
2 5 27
12 15 36
19 23 27
18 23 9
22 23 33
0 1 8
14 17 16
15 19 36
17 18 21
12 14 3
4 7 13
3 7 40
13 15 43
3 7 7
17 19 25
13 17 4
16 21 43
13 15 42
4 7 18
16 20 16
6 10 45
15 16 47
13 15 31
16 18 10
2 4 7
8 11 9
14 16 22
8 12 45
15 17 47
4 9 45
12 15 20
23 3 25
12 15 28
5 8 26
4 7 13
13 16 8
16 20 17
15 19 39
22 0 32
7 8 26
14 16 37
16 18 2
12 13 23
0 3 34
8 10 8
18 23 39
17 21 30
21 0 23
17 20 38
12 15 23
14 17 37
16 19 35
3 7 43
10 14 41
20 22 3
13 17 2
6 10 32
7 11 15
13 15 36
5 11 2
8 12 34
17 20 44
20 23 5
0 3 2
23 1 5
1 4 16
9 12 48
1 4 48
14 15 25
10 14 2
7 9 34
6 9 45
1 4 46
22 3 21
6 8 10
17 20 7
1 3 13
11 13 22
16 18 15
13 17 44
6 8 24
21 1 10
0 1 18
4 7 36
10 14 1
15 18 29
9 11 9
5 7 45
16 19 25
8 9 14
3 7 4
20 0 35
4 7 1
10 13 43
23 3 11
10 14 27
10 13 42
8 10 7
21 0 36
14 17 45
17 19 17
7 10 33
22 1 46
8 13 35
19 23 11
21 1 42
12 15 24
12 16 20
3 6 6
1 3 44
6 8 40
9 13 45
6 10 27
2 5 6
21 0 22
11 15 8
14 16 22
10 13 21
23 3 36
21 22 29
23 2 10
10 13 5
19 22 41
17 20 3
6 8 48
3 7 17
8 9 43
7 9 8
5 9 37
15 18 41
3 5 24
21 22 37
8 11 5
2 5 22
18 23 13
1 3 26
7 8 13
20 23 15
21 23 43
18 21 1
1 5 14
21 23 42
3 6 5
0 2 2
21 23 15
14 20 26
7 11 11
10 13 36
11 14 2
20 1 28
15 18 32
3 6 7
2 4 15
14 18 23
11 15 12
2 4 32
22 1 34
3 9 39
17 20 24
17 21 19
8 12 25
9 13 20
1 3 46
3 6 46
10 12 5
23 3 15
1 5 9
3 5 15
17 18 3
17 21 9
17 19 15
5 8 19
19 22 6
17 20 33
12 17 47
3 6 33
8 12 14
15 17 36
5 7 4
19 22 1
4 8 38
3 7 29
13 16 25
16 22 9
13 16 13
11 14 32
23 3 34
2 4 22
19 23 38
4 7 20
22 2 36
0 4 19
5 8 10
14 16 19
1 3 37
20 22 21
17 20 7
19 21 17
4 6 43
4 6 20
17 18 20
7 11 9
13 15 10
10 13 25
14 17 48
2 4 32
16 18 14
8 11 30
3 6 21
20 23 48
18 20 6
1 2 46
11 14 16
20 0 22
23 1 37
7 10 22
2 5 8
17 22 19
23 1 33
14 18 6
22 2 37
23 4 46
17 21 1
8 11 33
17 19 36
19 22 15
22 0 27
21 0 9
11 14 30
4 8 32
7 10 36
1 3 33
12 13 37
11 16 14
21 1 39
11 14 28
5 9 6
8 12 43
3 7 28
22 0 32
1 4 28
19 22 44
0 4 10
20 0 44
0 3 31
13 15 48
5 7 17
21 23 11
9 12 34
2 6 31
19 20 2
1 4 35
1 4 35
19 22 48
5 9 20
16 20 5
19 22 17
1 4 23
23 3 36
11 15 47
5 9 17
3 7 13
22 1 30
14 16 36
17 20 26
20 23 2
7 9 4
11 14 13
19 22 2
22 2 44
4 7 14
9 13 10
7 11 29
10 13 26
1 4 1
7 10 15
20 22 2
13 15 39
6 11 37
0 3 45
11 13 42
9 12 25
3 5 33
6 8 12
17 21 19
20 0 5
3 6 26
16 18 23
9 12 29
5 6 32
14 16 10
3 5 22
12 14 48
17 20 17
8 12 35
6 10 33
22 1 41
2 6 25
20 22 10
23 2 6
0 3 31
2 3 34
19 23 44
5 7 47
15 17 24
11 12 18
17 22 4
9 12 30
21 1 9
21 0 39
14 19 12
17 20 44
7 11 18
21 0 2
21 0 46
11 11 29
14 16 31
8 12 10
13 17 4
3 5 47
19 22 27
19 23 13
11 15 29
14 16 11
4 7 42
17 19 35
22 1 4
22 0 44
20 23 39
10 13 17
22 2 42
19 22 25
11 16 28
6 9 32
14 17 6
11 14 36
8 11 46
13 15 22
9 11 41
14 15 18
13 15 35
19 21 16
13 16 10
4 8 6
11 13 22
5 7 36
14 17 14
1 4 26
6 9 7
8 12 18
23 2 41
10 14 2
17 20 24
15 18 28
21 0 10
13 16 17
10 14 32
4 7 48
23 4 46
11 14 43
5 8 11
12 16 34
17 20 8
0 4 36
15 17 47
1 3 32
11 12 19
2 7 40
7 9 26
5 9 41
6 8 31
2 5 17
0 3 32
0 4 4
0 2 38
19 22 23
21 1 34
9 13 15
22 2 16
21 0 3
20 23 48
5 8 42
2 4 13
23 1 7
15 16 5
23 1 9
2 4 44
4 6 30
20 0 28
6 11 36
14 18 21
18 21 25
17 20 48
6 9 1
8 11 8
14 16 41
9 11 44
14 17 40
7 9 28
15 19 11
6 9 40
9 10 41
1 2 15
20 22 30
21 23 13
23 3 22
10 13 18
9 12 11
19 20 20
3 5 22
11 15 12
21 1 26
10 11 39
20 22 22
7 10 48
9 13 38
1 4 36
0 1 4
5 6 5
3 4 18
3 6 37
22 2 17
10 13 37
10 13 31
11 14 26
2 4 37
19 23 16
12 14 27
15 18 30
9 10 28
6 9 15
7 11 14
3 5 7
15 18 29
4 8 15
6 9 45
12 16 4
20 0 41
18 23 48
18 21 27
10 14 34
16 19 4
15 18 17
21 1 17
0 1 38
1 4 34
3 5 25
3 7 36
1 4 35
5 8 3
15 18 31
6 8 39
17 18 31
8 10 48
3 6 14
19 23 18
0 3 14
13 14 4
3 7 15
21 1 47
22 0 9
18 21 5
10 12 1
5 9 21
7 11 36
15 17 34
19 21 17
20 22 24
16 17 23
2 6 13
10 13 37
16 19 28
11 13 36
15 18 39
18 22 14
0 2 46
5 10 42
3 5 31
2 6 27
5 8 1
18 23 18
19 20 3
21 0 9
6 8 28
0 3 18
6 9 48
1 4 15
14 17 18
4 6 32
18 23 4
13 16 30
13 14 5
4 6 47
23 3 44
16 19 48
7 10 6
13 15 46
4 5 11
14 18 33
12 14 3
10 13 28
17 19 9
17 18 47
23 1 14
6 10 13
6 9 9
18 22 28
14 17 2
0 3 27
3 7 48
11 15 2
2 3 20
18 23 21
18 20 20
2 4 16
5 8 8
23 3 43
23 2 42
7 8 29
11 13 28
23 2 37
15 18 1
12 17 33
17 20 30
12 16 30
4 8 8
19 23 10
12 15 33
3 5 8
9 13 32
15 19 45
11 15 7
5 6 28
8 12 6
5 7 46
22 2 22
22 1 18
9 11 47
17 19 36
20 23 14
0 2 16
16 19 47
15 19 43
7 8 12
23 2 26
2 6 13
17 20 31
23 3 39
14 17 35
12 13 48
17 22 48
23 3 34
17 22 35
4 6 21
15 17 43
7 11 34
18 22 25
11 15 25
12 14 44
5 9 19
7 12 15
23 2 1
16 19 36
19 23 30
19 21 43
5 7 6
8 12 43
3 6 26
8 13 20
11 14 36
14 17 34
19 21 12
17 20 43
17 19 3
6 9 36
20 23 13
3 6 16
2 5 24
1 5 42
22 1 9
6 8 15
2 6 27
6 10 37
6 8 27
0 2 25
15 17 7
13 15 8
18 20 9
4 7 40
10 13 8
7 10 48
14 18 36
3 6 14
1 6 13
7 9 5
6 10 4
10 14 12
0 4 30
7 9 42
3 6 16
12 15 27
14 16 14
15 17 21
21 1 45
8 12 28
14 17 10
14 19 1
21 23 26
2 6 1
23 0 28
2 5 26
21 1 16
3 7 21
14 19 25
3 5 20
21 23 10
18 21 20
1 3 43
23 3 8
12 15 26
16 20 46
10 14 39
15 18 36
8 11 32
7 11 23
18 22 33
10 14 30
12 14 13
4 8 35
8 11 14
21 1 17
21 1 20
6 9 38
4 7 42
9 13 48
10 11 46
7 10 48
5 7 3
7 11 42
12 15 7
18 22 40
23 4 21
4 7 2
17 21 8
13 17 5
17 20 45
20 22 37
11 13 36
20 0 21
23 1 43
20 23 39
1 5 2
0 4 8
8 13 39
20 0 4
18 21 19
17 20 36
18 22 44
20 0 32
13 16 14
10 14 6
20 22 36
11 14 11
19 22 26
1 4 17
22 23 11
23 1 41
15 17 9
6 9 22
9 13 13
14 17 38
1 4 25
22 0 4
6 9 5
16 19 30
6 9 29
22 1 3
13 15 21
3 6 35
7 12 44
12 15 46
6 10 46
3 7 17
22 1 11
15 17 20
20 23 33
22 1 37
0 4 9
3 7 47
12 15 20
17 20 29
13 16 1
11 15 2
21 0 12
9 13 34
22 2 23
9 12 11
15 18 21
0 2 43
6 9 2
18 21 26
9 12 28
4 8 46
13 14 42
1 3 4
8 10 24
12 15 25
7 11 24
9 12 28
13 16 17
6 9 9
6 10 13
21 1 24
4 6 48
21 0 15
16 19 47
20 0 41
21 1 16
16 20 40
16 20 12
11 15 12
4 7 18
23 3 33
12 14 40
20 23 12
19 23 30
18 19 2
15 18 7
12 17 12
0 4 13
9 13 40
9 13 47
2 4 12
12 16 22
8 12 5
21 0 47
10 12 29
3 6 16
14 15 31
7 9 31
16 19 42
1 4 43
16 19 5
20 0 27
6 9 36
14 16 1
16 18 37
0 4 4
16 19 28
1 5 20
4 6 5
16 19 23
0 2 13
4 8 20
2 3 21
13 19 15
18 22 39
8 10 14
8 11 18
5 9 10
23 3 19
22 2 37
21 1 45
14 18 35
16 20 23
13 16 9
18 21 23
3 7 34
16 17 43
11 12 31
12 15 47
7 11 21
12 15 22
3 6 35
5 7 8
18 22 13
18 21 30
13 17 37
19 23 42
5 8 44
23 1 41
22 1 9
8 11 27
23 4 33
21 0 1
4 7 10
18 21 32
22 1 18
18 20 28
21 1 11
10 12 21
22 1 25
6 10 39
9 11 25
23 1 24
2 6 27
8 11 22
17 18 24
2 6 25
11 15 43
20 21 41
3 7 7
1 1 27
4 8 5
21 23 31
0 2 5
14 17 17
4 6 40
14 18 3
23 0 21
12 15 20
17 22 11
0 2 11
15 21 4
10 13 37
0 4 41
21 0 45
2 6 13
13 16 4
5 8 19
8 9 37
20 22 21
6 8 37
7 10 41
10 15 16
7 11 3
7 11 21
1 3 41
14 16 28
22 1 48
8 13 15
23 3 8
2 4 7
18 20 38
8 10 48
2 7 13
20 22 13
21 2 30
9 12 18
3 8 43
12 15 33
15 17 12
21 0 25
6 10 27
8 11 48
3 7 34
9 11 5
1 5 7
0 4 39
0 4 37
5 8 31
6 9 15
6 10 12
3 6 26
9 14 19
13 16 38
14 18 19
0 2 15
8 11 18
3 6 38
11 13 26
20 23 40
17 19 43
16 19 48
18 19 3
5 10 7
20 23 36
3 7 35
11 15 47
11 12 25
14 18 5
23 1 32
8 11 46
3 7 4
3 4 15
23 1 43
9 12 40
21 23 13
19 23 38
7 10 2
6 7 43
18 20 21
16 19 31
9 12 3
10 13 48
13 16 28
1 5 43
12 14 4
0 3 2
17 21 40
2 7 47
22 1 48
2 6 18
18 21 40
22 2 9
15 20 16
13 16 9
5 7 30
7 9 35
23 3 23
19 0 21
7 7 25
0 3 27
10 14 12
3 7 42
3 5 35
8 12 27
6 10 44
21 22 26
2 4 37
0 3 15
19 21 17
17 21 23
9 13 8
13 15 14
2 5 11
17 19 23
6 9 4
14 16 35
4 7 32
3 6 29
14 17 40
21 0 35
0 4 32
22 2 22
8 12 17
0 3 5
19 23 46
0 3 36
6 9 4
15 19 24
21 23 8
17 20 4
5 7 18
13 16 36
12 15 14
5 7 24
22 3 2
23 2 19
7 11 7
11 14 31
14 16 27
14 18 10
18 21 17
20 0 45
16 19 4
19 23 8
15 18 3
3 7 12
7 9 31
1 5 43
1 3 12
15 20 26
7 9 27
2 5 1
16 18 11
8 12 32
19 22 16
0 3 25
17 19 41
18 21 32
2 6 34
23 1 16
2 5 48
21 23 13
20 0 41
18 19 41
20 22 8
3 7 23
17 18 17
1 3 5
16 20 36
1 4 45
11 16 36
7 9 10
2 5 20
0 2 28
12 16 36
5 8 26
9 12 29
14 16 27
2 6 43
3 8 40
2 4 5
20 1 4
5 9 17
19 22 44
6 8 25
1 5 16
20 0 33
13 16 5
5 9 14
1 3 44
1 4 12
16 19 35
20 0 6
14 16 15
0 3 33
16 19 47
3 5 17
6 8 32
16 19 9
4 7 21
0 2 48
8 11 17
15 19 48
5 8 31
2 5 22
0 3 22
19 22 11
0 2 28
23 2 5
1 3 39
1 4 32
8 12 8
13 17 17
9 12 47
15 17 7
19 0 10
13 14 26
15 18 23
2 6 23
6 10 20
12 15 14
3 5 25
10 15 16
14 17 43
6 10 39
6 10 33
8 12 23
21 0 29
8 13 21
5 7 10
22 2 38
10 14 43
1 3 43
2 4 24
14 18 43
12 14 21
23 4 14
20 0 14
4 8 46
7 9 47
0 4 9
10 13 15
15 17 12
16 20 20
2 4 34
17 20 15
23 2 13
1 5 16
8 11 12
17 19 32
9 12 1
19 21 36
23 2 41
0 3 47
3 4 38
2 5 48
0 5 16
22 2 23
10 14 4
4 8 3
13 16 44
10 12 11
14 16 38
21 1 47
22 0 5
1 5 16
20 22 18
1 3 40
12 14 25
16 19 41
23 1 48
9 11 28
16 20 43
14 17 10
18 22 13
10 12 4
11 15 48
2 5 44
23 0 24
2 5 25
4 6 23
22 0 36
9 11 7
14 16 41
3 6 37
22 2 41
1 5 43
11 14 31
9 12 37
10 12 20
23 3 6
20 0 40
5 7 6
2 5 29
7 9 10
15 18 9
16 20 39
16 18 23
12 15 5
19 20 15
17 22 24
10 12 16
3 6 44
5 7 15
1 3 20
14 17 48
12 14 12
10 13 28
17 20 23
3 6 42
13 15 8
17 19 21
3 9 25
5 8 13
0 0 45
13 17 46
4 6 42
5 9 31
4 6 28
7 10 1
22 2 8
9 12 33
15 19 18
6 8 31
10 13 20
15 17 24
4 6 9
2 6 46
3 6 18
10 13 32
14 16 25
5 9 11
4 6 2
20 0 8
21 0 8
23 3 8
2 6 45
3 5 16
1 4 18
13 14 34
20 22 44
18 22 28
22 1 9
6 8 6
15 20 14
22 2 10
14 16 10
15 17 37
5 6 30
17 19 40
18 20 39
9 12 45
10 13 17
22 1 14
14 18 18
15 16 42
6 8 1
13 16 33
23 4 41
12 15 26
7 12 48
3 6 16
21 0 48
14 18 41
7 11 22
21 1 26
8 12 21
0 2 10
21 0 15
18 21 13
3 5 5
0 3 8
22 1 23
8 10 44
9 13 34
15 16 47
7 10 28
3 5 41
6 9 41
17 20 17
9 12 47
5 10 4
11 14 25
2 5 33
11 13 11
18 22 13
23 3 25
12 15 38
18 21 30
11 13 37
15 20 15
10 13 39
18 21 4
21 23 8
13 16 22
22 2 39
14 16 39
8 11 41
19 21 35
19 22 4
10 12 32
1 3 6
13 16 47
1 4 23
1 5 32
9 11 11
6 9 10
15 20 46
18 20 35
4 7 32
22 1 20
15 15 43
1 6 8
20 0 16
8 11 26
11 15 11
17 21 29
10 13 16
0 5 21
19 22 28
3 4 37
22 0 34
20 23 43
17 19 19
15 20 9
16 18 19
9 10 41
7 9 21
20 0 5
12 14 46
7 10 7
21 23 35
12 15 33
2 6 23
7 9 38
16 18 35
14 17 45
14 16 6
22 0 5
21 0 40
2 6 43
5 9 43
8 11 15
8 12 11
2 5 23
18 21 40
20 21 39
11 12 39
12 16 6
4 10 45
19 22 24
13 16 45
11 13 10
0 3 8
20 1 5
7 10 41
18 21 42
6 10 15
15 18 32
16 18 30
6 9 27
7 11 5
13 17 2
21 22 25
20 22 18
22 2 29
3 7 26
6 10 31
8 11 20
22 2 41
11 13 32
8 11 11
14 16 39
15 18 31
8 12 2
13 16 5
7 9 19
18 20 11
20 23 15
21 1 38
16 20 34
23 1 35
4 6 18
10 13 8
11 14 26
20 22 12
14 19 20
16 19 40
19 23 36
2 6 27
12 15 30
8 12 7
5 9 44
7 11 5
21 0 18
1 3 45
0 2 16
4 7 35
21 0 13
19 23 11
8 10 4
17 19 16
8 11 25
19 21 30
11 14 28
8 10 30
23 2 8
17 20 26
18 20 9
21 23 34
17 19 44
11 14 11
6 9 34
3 6 47
0 3 41
7 9 12
1 1 41
19 23 26
17 21 4
22 2 3
5 7 19
20 23 27
13 14 45
1 3 3
13 14 41
2 7 27
19 22 38
20 23 5
7 10 18
15 17 20
2 6 31
6 10 47
0 3 33
7 10 40
14 18 10
6 9 39
14 16 11
19 23 1
3 6 25
4 7 29
3 5 38
5 8 42
11 15 26
9 11 47
23 2 4
3 6 45
21 0 34
15 17 39
0 3 30
9 12 27
8 10 40
0 3 43
12 15 43
9 10 16
6 9 10
12 15 45
8 12 28
9 12 46
0 2 2
18 21 28
4 9 10
3 6 30
4 6 19
8 11 48
8 13 10
8 10 6
19 22 36
9 13 46
11 15 1
8 10 45
18 20 5
23 4 6
1 4 30
9 9 12
6 9 23
6 8 43
15 17 17
5 7 27
8 10 11
9 11 43
5 8 31
19 23 20
16 19 4
3 5 10
8 12 43
22 2 19
20 0 38
4 8 26
6 7 2
13 15 14
23 2 42
8 13 38
10 14 45
8 10 22
17 21 9
19 21 16
16 19 20
0 2 11
3 4 11
21 2 24
20 1 3
19 22 35
5 7 13
18 20 9
3 5 48
4 7 25
22 1 37
11 14 25
9 12 24
12 14 32
9 12 2
17 20 9
16 21 22
20 23 21
15 17 5
19 22 11
4 7 41
13 16 18
17 19 12
15 17 34
0 3 41
1 4 20
16 20 7
0 2 5
23 2 39
18 22 27
9 12 42
16 19 44
8 12 2
8 10 43
20 23 35
6 10 16
19 22 16
2 4 13
22 2 14
1 5 35
19 22 4
10 12 15
8 12 16
3 6 22
5 7 37
11 15 18
3 6 40
4 7 38
23 3 24
3 6 28
13 16 42
16 18 7
10 11 1
10 14 9
5 9 1
15 19 17
2 6 4
22 23 37
9 10 42
18 22 43
13 16 6
0 4 38
23 3 36
2 4 39
4 8 25
14 16 36
20 23 23
1 5 34
15 18 13
9 11 21
20 23 33
17 20 7
18 20 11
14 16 4
3 6 37
22 1 48
23 3 47
9 12 31
20 23 10
14 16 6
6 10 17
7 11 40
15 18 42
18 21 32
1 2 28
7 10 25
11 14 33
8 12 11
18 22 14
22 1 38
0 4 29
23 1 22
4 7 8
13 17 27
19 22 28
2 6 25
19 22 32
3 4 30
0 3 22
8 10 18
17 20 44
1 5 45
13 16 32
22 0 10
0 1 16
23 0 10
18 21 31
8 11 42
3 4 21
21 0 41
10 13 43
6 10 33
7 8 37
1 4 13
3 5 26
0 3 17
5 7 1
21 0 42
20 23 39
20 22 15
20 22 36
20 21 36
21 1 41
10 13 30
10 12 5
22 0 42
14 15 30
9 11 33
20 21 30
15 17 18
10 14 26
4 7 33
10 13 21
17 21 16
13 16 2
6 10 2
7 10 22
16 18 13
4 8 38
3 6 26
10 12 17
4 5 17
19 20 31
18 21 18
8 11 42
0 4 3
20 1 21
21 0 35
13 16 46
3 7 35
22 1 23
20 23 22
21 23 43
20 22 2
11 16 20
3 6 35
19 23 7
7 9 3
10 12 35
12 15 33
8 11 21
11 12 14
21 0 7
2 4 13
16 19 7
22 1 14
11 14 43
20 23 4
13 16 33
4 6 18
17 21 14
15 20 8
6 8 23
10 14 31
6 9 13
21 23 47
16 19 18
19 21 22
1 3 1
4 8 48
0 1 46
10 12 29
21 2 39
11 16 29
5 6 47
20 23 35
23 2 11
11 14 30
16 19 19
2 6 44
12 14 43
2 6 12
18 22 39
20 22 28
4 7 18
18 21 9
16 19 5
15 18 30
22 2 42
16 20 36
6 7 19
23 1 33
18 19 44
20 0 11
6 9 6
10 14 45
15 17 33
0 4 4
2 4 14
10 14 44
7 11 18
21 0 30
22 1 40
11 15 30
15 19 19
22 23 19
23 4 40
23 1 35
10 14 24
4 6 33
17 20 19
7 10 39
0 2 46
22 0 12
17 20 21
21 23 9
1 4 8
5 7 13
8 10 20
1 5 43
20 22 12
2 5 23
6 9 32
16 20 4
19 0 38
19 22 9
23 3 25
16 18 27
10 13 10
12 16 11
9 12 6
19 22 33
16 20 15
14 16 33
8 12 7
18 22 17
5 7 45
18 19 31
20 23 30
10 13 47
3 3 32
18 22 24
17 21 25
7 9 16
16 19 15
17 21 45
1 4 36
8 11 48
5 8 23
1 3 44
4 7 5
1 2 27
19 22 11
22 0 37
2 5 7
4 6 4
8 11 8
15 18 36
20 1 15
7 7 6
6 11 24
12 15 19
10 15 33
14 16 2
11 15 45
21 1 10
16 20 48
23 3 6
17 18 12
2 5 30
0 3 41
4 7 1
5 9 35
16 19 24
14 18 12
21 23 27
18 20 15
4 7 18
13 16 36
7 10 18
4 6 4
4 7 12
5 10 28
13 16 30
9 14 38
13 14 1
19 22 44
16 20 11
21 22 11
16 20 21
20 23 39
23 2 11
18 21 40
22 0 12
13 17 28
16 20 23
18 22 30
0 4 42
11 14 13
18 22 18
23 2 26
22 23 13
5 8 30
12 16 26
6 9 26
15 18 29
1 5 22
21 1 4
10 13 34
7 12 26
23 0 46
17 18 22
0 3 27
21 1 12
22 2 48
14 19 27
23 5 41
2 3 47
15 18 5
17 19 13
5 9 48
0 3 47
13 19 10
18 20 10
12 15 35
15 19 34
0 3 10
21 1 6
7 11 29
23 3 37
8 11 40
22 0 7
5 8 11
7 11 17
3 6 46
20 23 7
13 15 26
2 4 33
6 8 11
14 17 42
10 13 21
22 3 45
