3000 40
25 15 20 11 36 8 5 20 6 18 17 19 20 3 3 22 33 29 9 38 34 24 9 27 26 28 30 3 36 20 6 40 38 20 3 38 39 32 29 29 
19 21 40
11 13 29
10 12 1
3 7 25
19 22 33
3 6 14
6 8 7
6 8 33
16 19 6
19 21 16
18 21 7
23 2 35
15 17 19
9 11 22
22 23 9
5 8 32
14 17 39
8 12 15
9 15 8
9 14 35
10 14 14
20 22 15
13 15 4
0 4 9
16 19 36
9 12 20
8 10 3
18 23 17
9 13 30
3 7 1
9 12 21
13 16 23
23 2 5
19 22 37
17 19 34
8 11 35
15 18 21
16 18 4
19 23 6
4 9 20
7 9 27
3 5 18
3 6 29
13 16 14
19 23 7
1 4 14
15 18 3
15 20 31
4 6 29
13 17 38
6 8 12
1 4 22
13 16 35
5 8 3
17 20 30
22 1 11
21 23 34
10 12 13
5 9 16
7 11 12
21 0 15
11 14 34
3 6 10
4 6 14
17 22 21
12 15 30
7 9 39
6 11 30
15 17 19
10 13 37
13 16 16
5 8 3
20 23 9
17 19 3
20 23 26
0 1 31
20 23 25
20 1 39
1 6 34
0 3 26
18 22 11
8 9 31
4 8 29
9 13 33
17 21 28
14 16 26
20 23 5
10 13 29
5 9 6
4 8 14
18 21 31
20 23 5
22 2 12
11 13 28
15 17 16
13 16 8
15 17 18
7 8 36
11 14 14
3 7 2
4 8 13
21 1 11
14 16 12
3 5 7
2 6 12
3 7 39
9 11 10
6 10 9
2 5 21
22 1 18
23 3 36
8 12 40
9 12 12
23 1 16
12 15 9
12 15 17
12 13 20
20 23 13
18 22 38
4 7 4
3 7 33
1 5 19
2 4 1
0 4 27
13 14 2
7 10 37
16 20 18
13 15 9
20 1 25
4 6 34
5 9 34
11 11 29
19 21 12
4 5 30
1 3 35
11 15 19
2 4 12
22 1 34
8 11 39
14 17 30
9 12 8
14 17 26
22 23 25
0 3 6
20 23 22
16 18 10
17 19 7
4 6 5
8 11 12
21 0 27
8 12 22
14 16 34
4 5 25
1 2 4
0 1 9
15 18 21
18 22 7
2 5 20
19 22 3
0 2 32
23 0 39
20 0 18
16 19 18
21 0 34
6 10 20
1 4 36
3 5 40
10 15 38
22 1 13
16 19 8
19 22 13
1 4 17
16 19 36
2 4 15
12 16 14
19 22 32
4 8 37
4 6 4
13 17 9
13 17 25
7 10 36
4 8 34
21 2 12
13 16 39
12 14 16
11 14 1
15 17 27
14 17 36
13 16 10
2 5 30
5 7 19
11 14 38
19 22 26
14 17 33
22 2 9
23 2 22
23 2 30
3 7 30
22 1 25
21 0 39
2 5 11
14 17 35
1 3 36
6 7 35
10 13 27
0 4 25
10 13 8
21 0 7
20 21 22
0 2 7
3 5 2
1 5 23
14 17 21
2 2 39
20 22 31
3 7 13
18 21 9
22 1 19
2 3 9
10 13 36
10 13 39
18 20 8
9 12 22
7 10 12
21 1 12
11 15 28
4 7 14
6 9 19
6 7 35
22 1 34
21 0 16
10 12 40
13 17 36
11 14 5
23 3 37
8 11 18
4 7 6
13 19 1
5 10 32
7 9 4
13 16 39
7 9 25
18 19 36
11 15 18
5 7 18
10 14 16
8 11 4
20 19 38
0 1 2
6 9 34
7 9 20
1 6 34
0 2 21
11 14 5
17 17 7
12 14 22
5 9 29
15 18 16
8 12 26
2 2 6
15 18 1
22 22 27
21 22 29
11 12 19
10 12 28
21 1 13
17 21 17
19 21 28
18 21 5
1 2 11
4 7 6
5 6 15
22 1 9
11 15 16
10 13 26
0 4 28
1 6 38
1 5 1
0 3 27
19 22 10
2 5 9
0 3 25
6 9 9
14 17 8
14 17 24
11 14 24
19 22 20
17 21 8
10 13 23
22 2 15
1 4 20
21 0 36
7 10 9
10 12 32
16 18 31
18 20 7
7 9 11
13 16 3
12 15 9
19 22 31
2 5 2
23 0 2
20 22 5
1 4 30
13 18 1
12 14 27
2 6 30
14 16 2
0 4 8
12 15 22
8 11 7
20 0 31
21 1 32
3 8 5
18 20 22
12 15 26
8 11 23
14 17 6
6 9 3
20 1 14
22 23 17
13 16 28
21 23 9
16 20 37
12 14 26
15 19 21
21 1 39
19 21 32
4 7 18
21 0 13
3 5 25
15 18 5
22 2 33
20 23 28
3 5 7
2 5 39
2 4 10
22 1 36
14 17 18
22 2 8
4 8 14
1 5 4
19 23 13
19 0 32
13 16 28
6 9 7
12 14 28
22 0 27
0 3 23
17 22 32
15 18 7
22 0 4
21 1 33
6 10 11
9 11 12
12 14 1
6 9 39
12 15 10
6 8 37
2 6 29
3 7 39
22 0 9
21 2 27
10 13 5
2 7 30
4 7 12
0 3 35
5 7 21
7 11 1
11 15 16
8 11 12
2 4 9
1 5 15
14 17 12
1 3 23
16 18 4
13 17 39
8 10 29
2 5 8
1 2 27
16 20 15
10 14 39
2 5 21
0 3 5
21 0 12
16 19 35
2 5 3
22 2 39
1 5 10
20 23 15
15 18 18
3 7 32
23 23 8
1 5 32
22 1 23
12 16 20
18 21 13
9 13 13
21 1 16
16 19 14
21 0 34
22 0 36
15 18 32
6 9 25
5 8 36
18 20 28
0 2 13
13 14 8
13 14 15
13 17 39
10 14 15
18 20 34
1 5 38
11 14 33
22 0 8
1 4 27
5 10 25
23 2 32
20 23 23
20 23 30
3 8 10
23 2 15
1 5 12
22 1 31
12 14 11
12 16 33
12 15 5
14 15 31
23 1 40
8 11 37
10 12 34
15 16 14
9 12 22
12 13 26
6 8 1
4 7 38
0 4 23
5 7 17
23 0 40
0 1 15
12 16 10
9 12 20
13 17 8
22 2 6
16 19 34
6 8 32
15 18 30
14 18 14
19 23 10
13 16 29
21 22 5
9 12 31
12 16 6
7 11 29
21 0 1
15 20 27
11 15 12
19 21 38
15 18 36
1 5 21
3 6 31
14 16 29
6 9 36
1 4 16
5 8 4
1 4 24
1 3 10
17 20 11
23 2 13
2 5 9
10 12 7
19 22 14
5 9 13
23 3 11
13 16 35
13 16 40
13 17 3
15 18 36
10 14 4
8 11 25
20 1 3
17 20 21
6 9 12
15 19 14
23 3 17
21 22 36
18 21 3
3 6 32
23 3 10
2 6 40
1 2 17
20 22 40
22 0 7
6 9 15
0 3 28
20 1 8
20 22 19
22 1 38
4 8 7
8 11 36
18 22 8
8 10 28
5 7 6
7 10 14
0 3 40
18 22 6
0 3 36
2 5 27
5 8 39
13 15 32
19 22 12
21 0 33
15 17 2
18 20 9
10 14 10
15 18 15
7 10 27
18 20 22
8 10 31
5 7 8
17 19 38
5 7 28
15 18 17
17 18 12
9 12 33
9 12 15
15 18 1
17 20 13
9 12 25
21 23 35
6 8 30
3 6 6
6 8 12
1 3 7
3 6 23
16 20 13
1 5 14
10 15 25
9 11 30
1 3 22
19 21 20
1 4 29
3 6 3
23 3 13
0 3 9
23 2 14
21 23 37
21 1 19
23 2 9
0 4 13
3 7 40
3 4 22
10 13 15
19 22 40
19 0 24
14 17 27
6 8 5
20 23 17
10 15 37
20 20 24
22 1 17
1 3 2
17 19 26
3 7 11
7 10 37
6 11 5
7 10 37
13 17 34
12 16 24
12 16 3
7 10 16
12 14 33
6 10 34
12 16 35
10 14 38
17 20 2
20 23 33
2 6 15
21 0 19
23 4 14
11 11 19
23 3 33
22 2 22
3 5 40
14 17 38
22 2 15
20 22 11
6 8 8
21 22 1
19 22 18
5 6 31
4 8 37
19 23 31
14 17 18
7 11 36
5 10 37
18 20 13
15 18 28
4 8 38
23 2 11
18 20 29
1 4 1
22 23 24
8 13 8
22 2 11
11 16 31
8 9 2
10 12 5
18 19 16
22 0 23
9 13 21
18 21 17
11 14 22
12 17 26
21 1 24
13 16 38
6 8 18
8 13 8
13 16 9
16 19 29
15 19 31
22 1 31
4 8 6
4 5 9
13 16 35
5 9 1
11 12 36
8 10 6
16 19 19
20 0 29
7 10 38
17 20 35
9 13 33
20 0 2
21 1 12
20 0 32
0 2 24
6 10 4
21 0 33
2 6 14
16 19 25
2 4 22
5 8 13
2 6 35
8 9 36
3 6 4
12 13 5
12 14 12
8 10 2
7 10 10
13 16 4
21 1 38
12 15 16
21 22 18
15 19 31
18 21 31
4 5 38
13 16 25
3 4 21
10 13 3
8 10 9
5 8 34
19 20 8
14 17 17
7 10 14
3 5 28
7 10 14
11 13 30
12 14 39
20 0 29
12 15 28
16 18 4
7 10 20
15 18 8
18 20 28
13 17 26
14 17 16
12 17 22
21 0 32
11 15 24
23 3 32
10 13 24
1 5 6
13 17 40
11 14 32
12 17 30
20 22 35
18 21 10
13 16 16
20 23 23
20 0 5
13 17 34
5 8 38
9 10 19
11 15 34
12 16 2
5 10 8
14 18 3
16 23 13
2 5 25
15 18 7
1 4 2
13 16 27
5 9 9
9 13 3
9 11 12
9 12 34
23 1 27
6 8 8
17 21 17
20 0 27
12 15 31
10 13 20
3 6 36
1 3 33
1 6 38
11 14 14
7 11 27
12 16 16
20 0 23
18 22 2
5 7 40
1 3 20
17 19 5
1 5 10
3 6 38
22 0 12
8 12 5
23 23 5
5 6 30
22 0 30
7 9 15
2 4 33
10 14 8
1 2 37
7 11 3
4 8 22
12 14 14
13 16 21
1 5 26
11 14 9
1 3 39
19 0 16
11 13 7
3 6 34
1 2 27
21 1 37
16 19 11
0 4 36
22 2 22
20 23 40
21 0 40
13 16 36
19 21 5
11 14 23
3 6 22
14 17 40
16 20 31
6 9 22
23 1 1
22 1 10
3 4 7
2 4 7
1 6 21
12 15 29
13 17 25
9 13 30
8 10 31
20 22 23
17 21 4
17 19 9
19 23 37
23 2 17
19 22 2
18 21 40
10 11 15
13 16 27
18 19 30
6 11 39
3 7 30
15 16 23
21 0 30
16 19 2
18 22 14
23 3 30
23 3 28
12 15 27
5 9 3
6 8 9
4 7 19
7 9 8
9 13 17
2 5 32
18 21 5
0 3 40
14 17 6
16 20 5
15 17 15
11 16 13
3 5 16
7 10 4
4 7 6
20 0 10
0 3 21
17 21 23
4 7 14
12 14 22
10 14 20
7 11 4
11 14 17
19 22 28
8 10 10
13 14 4
21 1 2
5 8 9
3 7 34
3 7 18
22 1 1
13 16 23
22 1 25
1 4 32
0 3 18
22 0 5
4 6 18
10 12 29
8 11 36
8 10 18
9 11 31
13 17 38
1 5 33
12 15 18
5 8 12
23 3 18
3 7 16
6 11 22
3 6 10
19 20 3
4 8 29
10 13 36
1 5 21
11 13 11
3 4 38
21 1 27
15 19 4
12 15 10
20 22 2
15 17 25
6 9 31
8 9 38
18 23 36
15 18 32
14 16 9
14 17 14
9 11 29
19 22 10
0 3 2
16 19 9
23 1 40
8 11 7
16 19 13
14 19 9
2 5 1
2 4 1
8 10 10
1 3 5
1 4 23
22 1 7
14 16 19
20 22 25
12 15 35
15 18 7
1 5 13
15 18 16
12 14 13
21 23 40
22 2 19
5 8 3
22 1 8
12 14 30
6 9 26
12 17 26
13 16 19
11 15 40
21 0 14
21 0 31
21 2 25
1 4 1
5 8 14
14 17 2
17 21 13
6 7 40
14 18 14
21 23 34
17 21 25
5 6 11
19 23 12
2 5 16
13 15 14
18 22 7
6 10 14
1 3 37
15 19 23
19 23 14
4 6 15
19 22 30
17 20 2
0 5 1
4 8 28
15 17 23
8 11 26
15 18 24
5 7 34
8 11 33
21 23 14
15 19 38
8 12 40
9 13 29
16 19 29
21 23 15
2 7 31
23 3 29
4 6 6
0 4 38
10 13 30
13 16 4
7 9 39
13 16 39
13 16 1
4 7 32
6 11 19
6 9 33
8 11 34
7 9 21
20 21 28
1 3 12
12 12 13
2 5 10
5 8 12
18 21 40
1 4 17
13 16 39
8 10 24
8 12 39
19 23 19
4 8 23
9 10 19
23 1 24
15 18 26
18 20 1
13 17 40
11 14 33
8 9 4
20 1 22
3 6 15
16 19 37
14 19 36
1 4 18
19 21 39
8 11 9
6 11 9
3 8 6
5 8 11
18 21 14
19 23 38
11 14 8
0 2 15
22 2 9
22 0 23
15 17 37
15 17 7
16 19 22
12 14 11
6 9 19
16 18 29
13 17 35
0 3 36
13 14 28
12 16 19
9 13 25
9 14 27
15 16 38
14 17 3
13 15 4
20 23 4
18 21 5
22 2 29
12 14 8
15 17 26
15 17 3
8 11 9
15 17 21
17 19 8
21 23 40
10 11 38
11 16 39
12 14 16
11 14 34
13 16 9
16 17 35
12 15 37
11 12 7
18 21 27
2 5 6
0 3 10
4 8 10
16 21 19
20 1 16
15 19 26
15 16 22
16 18 40
20 22 6
16 18 24
18 21 17
1 4 23
3 6 18
10 12 39
23 2 32
20 23 21
7 11 15
9 12 30
1 5 22
17 20 37
0 4 35
4 8 32
14 18 8
4 5 15
23 3 10
20 0 25
0 4 34
10 13 11
13 16 36
7 9 29
18 20 3
5 7 8
17 18 31
1 0 17
16 19 15
14 17 1
15 19 36
13 17 28
4 8 24
11 14 7
12 17 3
17 20 34
1 4 8
3 7 30
11 14 17
13 17 36
15 19 23
10 10 15
8 10 4
15 15 7
1 5 14
3 7 32
10 13 12
18 22 6
13 14 19
10 12 9
16 21 27
14 16 37
0 3 13
19 22 11
13 17 7
18 20 14
3 7 6
10 14 11
16 19 38
2 6 38
20 23 8
5 10 36
19 22 8
7 10 12
8 10 34
7 10 34
2 5 37
6 8 3
7 10 31
2 7 12
16 18 22
11 15 38
12 17 9
5 8 36
10 13 27
18 21 33
15 18 24
2 5 9
2 3 29
0 2 10
3 5 1
21 0 33
17 20 4
12 14 34
23 2 27
10 13 11
10 14 5
1 4 13
16 19 11
16 20 38
11 13 27
7 10 9
16 19 14
17 17 36
10 13 38
11 15 39
8 11 19
6 9 18
8 12 5
17 20 7
6 9 26
0 4 27
11 13 35
1 5 14
19 21 21
15 18 6
4 8 39
0 3 3
11 13 33
6 8 7
3 5 29
3 5 31
20 22 29
10 12 35
15 17 23
8 10 14
23 2 38
11 13 23
0 3 34
0 3 30
11 14 31
6 9 1
3 6 29
6 9 23
4 6 18
9 15 24
9 11 31
1 4 28
18 22 7
5 7 8
22 23 15
15 17 38
15 19 12
14 16 1
14 16 29
18 21 10
8 11 5
17 20 24
9 13 14
6 11 12
18 0 5
6 10 38
13 15 22
1 5 40
15 16 15
17 19 20
20 21 7
19 22 40
2 5 23
6 9 31
18 22 9
18 20 37
10 13 19
16 19 30
13 16 1
23 2 17
16 19 22
21 1 34
22 1 4
9 10 24
15 18 39
8 12 34
13 17 39
9 11 26
18 20 10
11 13 6
2 5 29
20 21 9
3 6 7
0 2 7
10 12 33
12 14 34
5 8 23
0 3 14
16 18 38
13 15 20
2 6 35
14 15 36
17 19 2
14 16 18
11 13 5
1 4 15
11 14 24
16 20 1
4 6 32
18 22 26
10 12 27
16 20 26
23 4 21
14 16 3
3 6 32
12 16 16
4 6 28
1 4 12
12 14 15
7 10 2
16 17 23
17 19 38
22 3 12
22 1 1
12 14 40
9 12 23
9 12 32
15 18 37
1 4 31
18 22 37
2 6 20
14 16 33
5 6 35
8 12 37
23 2 19
16 19 17
23 2 28
17 21 17
4 6 28
8 10 27
17 21 3
3 7 9
6 10 33
22 2 8
20 22 32
6 10 11
19 21 8
2 5 38
15 18 14
23 2 28
12 14 32
1 4 32
11 14 38
1 5 13
9 13 19
9 11 6
15 18 19
5 7 13
15 19 12
16 20 24
1 6 2
14 17 36
16 19 25
7 11 10
19 23 15
15 18 21
6 8 33
14 17 11
21 1 7
7 9 23
8 9 4
8 11 24
7 10 7
5 8 29
17 20 33
17 21 29
22 0 23
13 16 24
7 12 17
11 15 31
9 13 19
12 16 33
19 21 10
6 9 37
9 10 1
22 2 7
18 22 13
21 1 1
14 17 33
10 13 24
23 3 18
6 11 15
3 7 11
18 23 22
0 4 39
8 10 40
0 3 13
10 12 20
2 7 5
14 18 8
1 5 25
13 18 15
14 17 1
8 11 6
15 17 2
22 0 10
9 13 28
10 14 11
11 14 17
16 18 25
3 6 37
23 2 3
5 8 28
7 9 27
12 13 39
5 6 32
12 15 2
19 22 34
9 11 25
22 0 13
8 13 13
20 23 2
1 4 16
3 5 10
21 23 39
12 17 20
19 22 2
17 20 15
20 23 29
23 2 22
9 12 37
4 8 23
19 23 2
1 3 18
0 2 7
11 15 34
2 4 5
11 14 30
20 23 24
7 10 32
21 2 37
1 2 23
23 3 4
6 9 11
17 19 35
17 20 14
4 6 25
16 18 29
1 3 31
9 13 5
15 19 23
15 17 10
10 13 17
3 7 2
2 4 17
19 21 32
23 3 20
5 7 12
13 17 25
18 20 32
21 0 39
20 22 21
22 0 14
21 1 8
13 16 11
23 3 22
11 14 33
14 16 18
3 7 35
0 3 10
2 4 12
15 17 26
10 15 32
9 12 13
11 14 26
7 11 12
13 16 29
1 5 31
4 8 15
21 0 6
17 19 39
12 16 16
17 20 27
0 4 22
23 1 6
17 18 27
6 10 25
1 5 32
11 12 8
18 20 1
18 21 11
0 2 37
18 22 33
3 6 14
18 21 27
11 16 23
17 21 31
11 14 2
2 5 38
8 10 9
2 5 20
11 15 24
3 6 10
23 1 3
4 8 20
6 11 25
18 21 16
1 3 18
14 18 17
3 7 26
4 6 11
17 19 26
23 2 25
17 21 33
22 1 40
23 0 32
6 8 8
12 14 27
10 11 27
5 9 40
8 10 37
5 8 22
19 23 1
5 7 11
16 20 24
19 22 15
15 20 22
7 11 6
14 18 16
1 5 9
22 1 5
11 14 21
14 18 21
5 8 39
9 11 12
12 15 12
22 0 1
2 4 30
17 20 1
8 11 10
12 15 13
14 16 14
18 21 23
2 4 26
19 20 34
3 6 23
10 12 1
23 2 16
13 17 10
22 0 38
21 1 17
14 17 6
6 10 7
11 14 18
2 5 14
11 14 30
14 17 33
12 16 23
14 16 28
13 15 26
19 22 27
0 0 27
3 6 16
10 12 3
10 13 26
22 23 40
6 7 39
13 16 36
19 23 33
17 19 23
15 18 1
16 19 9
2 5 34
21 0 21
16 19 3
14 17 37
1 3 37
21 0 12
5 8 18
8 10 17
4 6 8
5 8 26
23 1 8
17 19 21
17 21 28
21 23 18
5 8 12
11 13 33
17 20 28
1 3 36
1 3 30
12 14 8
21 1 16
11 13 31
17 20 37
4 6 16
4 8 29
20 1 27
4 5 12
10 14 27
8 9 37
20 0 22
14 18 20
12 14 29
5 8 35
6 9 14
4 6 11
19 22 31
19 21 40
3 6 12
17 21 3
0 3 6
14 16 9
12 16 6
9 11 40
2 4 7
10 14 18
5 10 14
8 11 40
20 23 20
14 16 18
18 21 22
13 17 14
22 0 19
5 10 35
8 11 19
2 5 39
13 16 17
23 2 14
8 11 17
22 0 1
13 17 4
17 20 2
15 19 20
9 11 34
2 6 26
23 2 15
2 6 17
1 3 39
18 21 9
13 15 7
3 6 1
20 23 36
10 14 26
2 4 9
9 12 26
16 18 15
10 12 10
16 18 9
8 11 19
12 15 25
19 22 18
13 17 26
5 9 37
11 14 32
6 9 16
12 16 34
7 10 19
11 14 31
0 4 38
23 2 32
2 5 12
19 22 14
8 11 39
14 17 37
20 23 39
18 21 3
7 10 30
9 13 4
0 3 8
18 19 29
14 17 33
15 22 33
23 3 31
5 7 22
3 7 5
1 4 39
10 13 14
20 21 1
21 0 38
4 6 20
11 12 6
15 19 21
19 22 31
16 21 22
0 3 12
16 19 33
6 8 36
3 7 6
22 23 4
4 7 17
16 17 40
18 22 23
22 1 14
5 8 9
6 11 18
3 5 9
1 4 5
23 2 11
21 23 10
6 9 31
22 0 22
11 13 11
9 13 14
10 13 40
8 11 26
10 12 7
22 2 6
21 0 40
16 19 15
6 9 40
11 13 27
2 5 15
18 21 3
3 6 34
22 2 26
4 7 25
18 21 30
4 6 26
6 9 32
13 15 2
8 12 30
20 22 26
5 9 11
14 18 38
19 21 38
6 9 32
13 16 30
3 6 23
11 15 29
16 18 17
9 11 9
13 16 12
23 2 27
2 5 6
4 7 4
16 21 26
11 14 7
4 7 10
6 9 15
12 15 29
10 12 37
4 7 14
8 10 37
7 10 22
22 0 19
21 0 33
11 14 34
6 8 32
8 11 17
11 14 20
10 12 32
23 2 29
4 8 4
23 23 10
15 18 2
22 23 31
15 17 36
11 14 24
3 6 14
12 15 37
14 19 5
17 20 6
0 3 1
11 14 7
19 22 22
12 16 17
21 1 8
3 7 37
17 19 32
22 0 15
9 12 40
21 2 25
8 10 1
8 10 19
11 13 28
16 18 14
4 7 16
3 7 27
21 23 13
10 15 16
0 3 34
15 18 33
12 15 10
5 7 3
14 16 38
14 17 14
17 19 13
14 14 21
16 19 16
16 21 27
19 22 6
21 23 11
23 4 10
4 7 30
18 23 35
16 17 25
14 17 37
12 15 9
4 7 31
19 23 30
17 20 31
19 21 21
7 9 17
7 11 18
18 22 17
23 1 35
23 2 29
6 9 38
11 12 32
9 12 2
17 19 7
23 4 39
7 11 11
1 5 38
9 13 27
17 19 32
15 17 34
21 22 6
4 6 26
15 17 32
19 22 10
4 7 26
14 17 26
6 8 33
20 23 8
14 17 40
22 1 33
0 3 30
5 7 24
4 8 29
9 12 19
8 11 24
21 23 6
17 20 7
13 15 25
10 15 37
17 21 10
5 7 29
9 13 8
22 0 3
3 4 18
10 13 11
21 23 19
18 22 25
15 19 15
3 7 23
6 9 33
2 5 13
22 4 17
1 5 39
10 13 16
2 6 4
12 14 29
22 1 30
18 23 37
0 4 35
0 4 11
5 6 34
18 23 21
5 7 32
8 11 11
11 15 10
2 6 13
16 17 15
5 7 36
13 17 12
2 5 37
11 13 15
23 3 35
6 7 8
13 15 4
23 1 28
1 4 23
21 1 4
18 20 31
0 4 40
14 16 20
18 21 32
20 22 31
22 23 18
3 7 25
5 7 13
17 20 23
13 17 16
2 5 6
7 9 19
1 3 32
21 23 38
9 12 7
18 21 10
21 0 1
18 22 30
8 11 1
3 7 40
1 5 25
18 21 37
1 3 15
8 12 13
21 23 3
17 21 19
10 13 12
14 16 21
0 1 1
21 23 29
18 22 7
16 20 39
13 16 17
6 9 7
22 1 34
8 11 13
12 17 26
12 14 33
6 9 21
5 8 36
23 1 2
21 0 7
18 21 37
18 20 40
14 17 30
12 14 13
20 0 39
10 14 11
18 21 27
21 0 35
7 10 37
12 16 33
0 3 5
15 20 9
0 2 22
6 10 12
14 18 37
23 3 31
3 5 31
11 15 17
0 3 2
4 7 6
13 16 40
23 0 22
8 11 35
19 23 17
23 3 33
18 21 32
18 20 26
13 16 18
11 14 32
4 7 17
19 0 28
3 5 25
20 23 17
9 13 29
14 16 7
17 22 6
20 22 8
11 15 22
23 1 12
16 18 2
9 11 9
3 7 26
0 3 16
10 15 1
21 2 26
20 23 31
8 13 9
1 4 13
18 19 25
12 15 28
11 14 34
10 13 38
7 12 6
5 8 30
5 8 13
8 10 34
10 13 40
2 4 36
8 10 5
22 2 39
13 17 4
17 19 29
0 3 2
19 22 8
4 8 12
18 19 14
20 23 15
10 13 11
2 6 36
1 5 28
4 8 18
13 16 9
8 11 10
13 16 3
22 3 29
15 19 33
5 8 9
0 3 15
14 18 20
15 19 20
11 14 21
14 17 23
23 1 39
7 10 27
1 4 35
3 5 24
4 8 24
23 2 8
20 0 33
1 5 35
0 2 17
9 11 27
6 10 20
21 1 4
16 19 16
3 6 34
22 0 29
7 9 24
14 17 32
9 11 21
5 7 34
5 8 16
16 19 19
7 9 25
20 23 26
12 15 31
19 0 3
6 9 20
6 9 37
21 0 29
19 22 20
21 0 1
11 15 19
11 13 11
8 10 17
1 3 37
19 21 33
19 23 13
19 23 16
1 4 38
22 1 38
3 5 22
0 5 15
4 8 13
7 10 1
10 14 30
19 0 33
5 7 16
20 22 32
23 1 26
7 12 6
12 16 35
14 17 5
23 3 6
22 2 24
12 15 37
8 10 1
0 1 7
14 16 25
10 14 39
9 14 10
8 12 33
16 18 11
6 8 10
2 5 23
14 17 24
21 0 23
3 8 10
19 22 10
20 23 30
18 20 38
12 16 29
0 4 7
10 13 7
0 5 28
0 3 34
13 16 9
21 1 40
19 22 12
20 22 10
19 20 1
16 18 9
22 1 16
16 18 27
19 23 32
23 2 29
3 7 2
18 20 29
11 13 33
8 11 35
20 23 2
13 16 28
21 23 40
4 7 6
2 5 1
8 12 4
12 14 30
5 6 12
20 0 23
13 17 24
17 21 12
18 21 37
6 8 40
6 10 19
16 20 29
13 16 30
0 1 37
10 12 16
16 18 24
14 16 3
12 16 13
22 1 11
23 1 1
17 19 18
9 12 15
23 2 38
23 2 6
7 11 32
11 15 12
0 3 32
21 0 5
2 5 7
18 21 19
21 22 31
17 19 33
12 15 17
16 19 14
10 12 2
5 7 5
8 11 39
4 6 33
23 0 23
20 0 3
18 21 32
10 12 37
22 2 12
18 21 24
9 12 18
9 12 29
13 17 24
17 19 17
12 15 26
21 22 13
3 7 13
3 6 31
2 5 16
11 15 34
11 14 34
11 15 13
1 4 24
23 2 21
19 20 16
3 5 21
9 11 18
8 11 14
9 11 29
14 17 22
10 13 2
18 21 32
19 22 3
18 22 13
18 20 13
20 22 29
13 17 17
18 20 27
15 21 3
5 7 27
21 23 18
21 22 9
17 18 3
3 5 14
11 15 4
0 2 33
12 16 16
13 17 19
3 6 38
22 0 32
17 18 8
1 4 11
0 3 9
11 13 4
20 23 2
12 16 2
21 0 17
23 2 35
23 1 25
3 6 8
13 15 21
12 16 32
5 9 19
16 18 21
16 19 25
18 21 12
11 13 15
19 22 34
14 16 5
17 19 13
7 10 2
18 22 19
2 6 7
8 12 33
9 13 24
15 19 24
14 19 14
18 20 22
10 12 6
4 6 11
21 0 32
10 12 38
10 14 1
15 16 40
20 22 15
17 20 17
9 12 11
11 14 20
3 4 5
1 4 25
1 4 23
19 20 10
15 18 29
20 0 36
4 8 38
10 14 5
10 13 25
13 16 13
11 16 34
17 22 8
6 8 16
11 14 20
1 4 8
5 6 3
11 15 31
18 22 10
15 17 14
16 20 30
7 10 29
8 11 39
11 14 25
12 16 8
12 15 25
5 9 15
22 1 15
9 12 20
23 3 21
23 0 14
3 7 8
17 21 1
19 0 16
3 6 18
2 3 13
15 18 37
14 18 40
2 5 39
20 23 39
11 16 6
21 1 40
7 10 22
5 7 39
5 7 12
17 20 24
7 11 2
16 18 30
9 12 38
20 0 28
19 20 22
11 14 25
23 4 13
16 19 39
6 10 24
5 7 18
3 5 14
7 12 15
2 5 3
0 2 33
6 8 5
12 14 22
2 5 17
22 0 1
22 0 29
14 16 19
12 14 23
7 11 36
0 4 28
12 15 20
23 2 27
18 22 12
5 7 11
23 3 29
9 12 34
13 16 29
16 20 29
13 18 31
2 5 22
5 7 1
10 12 21
7 10 1
2 6 29
4 6 31
9 14 37
15 20 23
0 4 12
6 10 34
15 20 13
10 13 19
12 15 3
19 22 10
20 23 2
14 19 30
5 6 26
10 14 17
15 19 36
19 22 2
23 0 20
12 16 24
16 19 12
12 16 1
4 7 31
8 12 36
5 7 20
3 8 12
23 4 6
20 23 35
1 4 9
17 21 31
13 16 26
15 18 8
13 18 36
23 2 29
21 0 12
19 23 13
2 4 12
12 14 39
5 6 29
20 23 37
14 17 12
4 9 32
7 7 21
0 2 36
14 18 19
5 8 29
3 7 13
3 6 9
12 14 12
8 13 36
23 2 34
20 23 21
9 13 23
7 11 20
20 22 13
9 11 25
22 1 37
3 4 1
7 10 12
9 11 13
21 1 18
13 16 17
15 20 9
9 12 14
12 15 20
3 5 6
9 12 32
18 21 34
5 8 32
22 1 3
9 13 37
11 14 8
21 2 39
0 3 24
20 23 18
6 8 5
6 10 10
9 11 1
15 17 9
17 20 9
15 19 11
23 0 36
7 9 27
4 7 7
6 9 11
8 14 29
23 1 33
13 15 5
16 20 34
2 6 10
7 12 20
16 19 30
17 21 40
18 0 29
14 16 10
11 14 16
8 10 39
16 18 13
1 6 21
1 3 4
15 17 4
4 7 32
9 11 24
16 20 31
3 5 29
22 1 29
9 12 21
8 10 7
15 18 26
17 21 40
19 21 9
6 9 32
8 13 27
20 0 2
10 14 37
1 4 24
17 21 34
15 18 37
9 10 21
12 15 15
4 6 17
23 3 16
16 18 5
14 17 32
1 3 2
13 16 30
17 19 14
18 21 35
3 6 36
13 15 34
14 17 32
13 16 16
10 13 28
8 11 32
14 16 13
20 23 3
10 14 24
7 10 1
10 12 36
4 7 29
5 8 15
17 19 6
1 3 8
20 22 39
7 11 21
5 9 25
10 14 33
11 14 4
2 6 32
19 22 35
1 7 17
18 20 19
11 15 15
7 9 26
10 13 8
7 10 17
6 8 8
8 11 29
18 21 28
0 2 11
2 5 4
1 3 35
18 21 26
20 21 24
16 19 14
16 20 28
16 18 27
11 14 8
21 1 25
4 5 16
16 19 14
16 21 15
9 12 21
12 13 32
3 7 29
9 13 28
14 17 6
4 6 26
14 17 39
20 0 23
7 10 36
5 6 26
4 6 30
11 14 33
19 22 28
23 2 16
19 1 13
21 1 16
14 16 21
18 19 14
12 17 34
21 0 20
23 2 37
5 9 11
5 8 15
4 7 19
18 21 27
23 3 8
3 6 40
7 10 12
6 10 9
12 12 40
2 7 30
8 11 9
19 0 15
17 22 24
13 16 9
5 7 4
14 17 17
4 5 24
23 3 16
10 14 7
23 2 8
20 23 3
7 10 23
20 23 27
1 5 39
22 2 14
4 8 29
17 20 23
6 8 30
1 4 37
11 16 13
19 22 5
13 14 11
14 19 25
2 5 25
3 8 32
20 0 28
2 5 32
18 22 17
18 22 15
4 7 15
20 0 5
9 10 29
8 12 37
2 5 40
21 1 24
20 0 38
0 2 31
9 14 9
22 1 2
10 12 37
1 5 15
9 13 32
3 6 7
13 14 20
1 2 28
12 14 24
19 22 39
13 16 32
15 20 28
23 3 36
5 8 25
5 9 13
22 2 3
10 12 39
2 5 5
20 0 35
5 8 26
22 2 2
11 14 40
13 15 19
21 23 14
21 1 4
13 16 17
8 10 19
5 7 39
22 1 24
3 5 2
1 4 34
17 20 31
2 5 37
14 18 34
8 9 19
6 8 18
21 0 3
13 15 34
0 4 34
13 14 33
22 1 27
7 10 20
18 21 7
3 6 22
6 9 2
10 12 5
12 15 36
16 20 23
10 10 16
14 17 10
14 17 37
18 20 15
2 6 5
4 7 4
10 12 5
23 3 25
2 3 34
2 5 30
3 6 10
9 12 32
5 7 23
20 22 32
12 16 21
19 22 7
3 6 12
7 10 5
1 4 10
11 12 22
11 13 33
4 7 21
16 19 7
11 16 39
17 18 29
0 4 5
0 2 11
8 11 28
7 11 36
19 22 36
18 22 9
8 12 3
9 10 6
10 14 16
7 8 36
12 14 20
19 21 40
18 22 12
23 3 34
9 12 15
13 17 4
23 1 35
7 11 26
19 23 17
21 23 14
20 0 13
8 11 28
13 18 28
18 22 32
15 20 34
2 5 28
6 9 37
12 14 26
12 15 15
18 21 12
0 1 19
21 23 33
6 10 20
19 21 17
21 1 37
22 3 19
10 13 20
0 3 11
13 15 37
2 6 34
23 1 21
5 8 30
21 0 7
21 1 17
0 5 16
17 21 8
14 18 2
8 11 30
2 4 28
23 3 17
6 9 39
18 23 12
17 20 26
2 5 24
16 20 28
13 17 2
16 18 14
7 11 10
4 8 4
15 20 28
14 18 33
10 14 40
5 8 7
4 7 9
19 22 32
11 13 11
2 5 9
2 7 12
22 0 4
22 1 30
17 20 32
1 5 2
11 15 14
21 0 5
0 3 11
7 10 1
3 7 15
19 23 23
8 11 18
13 15 7
6 8 39
3 6 29
12 16 15
3 7 23
2 5 38
8 11 27
20 22 39
8 12 30
18 22 33
2 5 16
12 13 33
8 12 39
10 12 26
13 17 12
22 0 16
23 2 27
23 2 13
3 7 2
16 19 5
2 5 33
12 14 7
9 12 40
1 4 21
3 6 27
0 2 8
3 8 15
8 11 1
20 23 35
19 21 17
8 13 37
7 10 21
0 2 1
14 18 33
22 0 3
14 18 32
19 20 39
23 1 25
23 1 20
10 14 23
12 15 23
6 10 16
16 20 40
9 13 37
23 1 4
17 21 5
3 7 20
15 18 4
4 9 22
3 5 19
2 3 36
3 8 12
6 7 2
23 2 19
9 13 12
6 11 36
18 21 33
13 16 9
13 17 27
23 2 24
19 22 12
7 11 3
4 7 7
10 12 8
5 8 10
13 17 5
17 21 24
7 11 12
21 0 24
2 4 34
23 2 7
2 5 38
15 18 15
9 12 30
8 11 40
16 20 16
15 17 21
14 17 9
4 6 22
6 10 21
10 13 21
3 6 19
8 11 25
9 12 8
10 12 24
13 16 8
15 20 5
5 8 22
3 5 15
4 7 25
23 0 36
10 12 27
5 8 26
3 7 32
16 18 1
13 17 16
22 1 40
9 13 22
2 6 36
9 10 20
7 11 23
5 8 18
19 0 27
10 14 9
3 5 29
20 21 33
11 14 34
1 3 11
18 20 24
22 2 17
22 23 26
15 18 10
10 14 5
3 7 30
0 4 3
0 3 2
21 1 32
23 2 9
14 15 29
17 20 24
19 23 21
17 21 39
12 14 16
22 1 30
3 7 6
3 7 25
9 12 14
9 13 3
21 23 8
23 1 31
14 16 38
10 13 37
22 1 17
5 8 21
3 5 15
23 3 3
22 1 15
10 13 27
13 14 27
9 9 40
15 17 30
7 9 28
22 2 21
12 16 34
6 11 28
1 3 16
19 23 25
9 13 10
9 13 4
20 23 10
21 1 24
2 4 30
4 8 6
19 22 7
4 7 18
21 23 23
15 18 17
22 1 13
19 22 35
23 1 16
11 14 15
20 0 19
1 2 7
6 8 40
13 17 31
15 16 6
16 21 10
3 6 19
12 16 8
10 14 7
4 7 26
12 15 27
11 16 38
13 17 31
2 7 8
5 8 12
22 0 21
16 19 38
5 5 20
21 0 29
11 14 10
16 19 4
4 6 11
2 5 20
0 2 7
1 5 34
21 0 29
23 1 4
20 22 15
6 10 5
3 5 21
12 15 15
21 1 24
23 2 10
7 10 17
10 12 38
10 13 24
4 7 5
5 9 32
10 13 18
20 23 27
8 13 4
8 11 33
9 13 8
22 2 28
13 17 22
9 11 18
15 18 18
22 0 34
6 10 21
23 2 39
15 17 39
2 5 13
15 20 8
10 14 7
3 7 29
22 0 29
10 12 3
5 9 39
17 20 10
1 4 21
8 12 32
13 16 13
2 5 25
3 6 21
21 23 3
0 1 13
23 1 17
21 2 25
17 19 1
10 14 24
17 20 22
21 23 17
5 7 16
10 13 30
20 1 7
0 2 14
15 19 4
23 1 37
19 23 20
13 15 2
6 7 28
8 12 28
3 6 36
7 10 20
0 2 12
0 3 21
20 23 34
7 12 23
13 14 29
7 9 19
13 17 29
16 17 1
6 10 8
3 7 37
14 16 27
10 14 12
17 20 5
19 21 25
18 22 28
8 11 7
17 20 35
4 8 29
19 21 7
0 4 35
11 16 15
1 4 17
10 13 9
7 10 17
15 17 13
1 3 14
22 1 20
10 15 8
2 4 12
1 4 12
11 13 11
11 16 15
9 11 35
6 8 39
10 12 32
19 21 24
16 19 24
3 5 28
13 15 25
15 18 10
8 12 13
13 16 38
20 0 21
9 11 37
11 13 7
3 8 17
19 0 10
11 15 11
19 22 2
9 11 11
22 1 38
11 15 17
20 22 16
8 15 6
15 19 24
16 20 22
19 22 11
6 7 30
22 1 23
19 22 2
6 9 15
20 22 35
18 21 37
10 12 38
7 9 33
18 21 20
17 20 25
19 21 2
1 3 28
16 20 25
4 8 25
6 11 7
7 8 25
23 2 3
5 7 35
8 12 16
9 11 5
2 5 16
0 2 26
3 3 21
22 23 11
7 12 37
10 15 28
1 4 3
14 18 36
22 1 14
2 4 22
20 23 12
12 15 18
10 12 26
17 18 40
6 9 7
17 18 29
23 1 25
11 16 36
12 15 37
11 13 34
4 7 9
20 22 19
8 12 3
23 23 18
21 1 34
7 11 3
22 1 3
1 5 22
7 10 36
11 14 19
17 21 27
14 16 30
23 2 9
14 18 38
11 15 19
8 13 29
10 12 38
12 16 9
11 13 9
21 23 37
20 22 22
11 12 3
11 14 17
23 3 32
22 0 11
22 1 35
5 9 20
7 9 7
11 14 30
23 2 9
4 7 36
7 10 25
14 16 31
2 3 33
3 7 36
23 1 17
11 14 23
2 4 28
14 18 25
4 8 2
22 0 4
8 11 30
16 19 22
16 17 38
7 10 7
7 9 9
1 4 4
20 0 18
18 22 23
9 11 3
9 12 34
19 22 3
17 20 8
18 20 27
19 22 36
6 7 40
16 19 23
20 23 30
0 4 32
21 0 17
23 2 22
14 18 4
3 5 31
10 12 2
8 12 29
2 4 4
12 16 2
12 14 38
15 18 14
20 22 37
1 3 33
17 21 9
20 23 38
15 19 22
10 15 4
1 5 34
3 7 35
14 19 13
16 19 37
0 2 6
18 21 22
2 6 21
9 12 30
8 13 15
5 7 38
2 5 14
19 23 26
22 1 36
6 9 21
13 17 33
5 7 24
