5000 43
1 9 24 40 32 40 14 31 42 4 34 34 22 37 38 3 29 5 16 25 6 30 13 15 14 42 11 36 15 34 6 2 5 2 6 17 8 12 28 10 15 43 26 
8 11 43
2 6 10
22 2 42
13 16 23
20 2 13
23 3 4
0 2 22
19 21 18
8 11 9
1 6 31
10 11 19
4 6 22
16 18 27
14 17 23
17 22 24
10 13 19
11 13 23
16 20 19
21 0 39
0 3 38
5 9 41
4 6 32
17 20 21
7 10 24
22 0 8
0 3 3
8 10 9
14 16 42
18 21 19
1 4 12
14 15 3
1 4 15
9 13 35
9 12 15
7 12 21
7 9 25
2 5 17
0 2 34
21 0 15
0 1 21
3 6 5
5 8 41
20 22 8
22 2 17
17 20 27
13 19 10
9 11 36
19 22 17
8 10 9
16 18 18
14 16 15
15 19 42
17 21 12
8 11 2
13 17 27
11 15 31
21 2 36
20 22 1
2 4 43
4 7 14
10 13 41
22 3 12
19 23 2
12 14 34
19 20 37
11 13 15
3 5 43
6 9 30
15 19 16
17 18 8
22 1 26
13 16 23
3 6 27
13 16 4
1 1 13
21 2 3
0 3 1
3 5 25
23 1 22
8 11 14
8 12 38
15 18 11
14 17 36
9 13 32
9 11 4
2 4 8
8 11 41
10 13 15
5 7 30
22 23 14
9 13 35
15 18 19
5 8 7
18 19 41
14 17 5
22 1 37
5 7 41
20 0 24
1 5 21
20 22 14
19 22 42
20 0 23
7 11 41
17 21 38
3 7 30
20 1 3
10 14 28
14 18 21
18 22 25
22 2 24
0 2 4
18 21 5
2 5 14
10 14 33
14 16 5
4 7 24
9 11 32
6 11 33
2 5 2
3 8 6
20 23 42
0 2 5
10 13 26
16 18 18
15 18 20
23 3 7
11 15 43
13 16 26
16 18 28
5 6 15
7 10 20
15 18 29
23 2 16
20 1 27
18 22 11
2 3 8
10 13 8
13 16 23
1 5 25
21 0 35
22 0 12
22 5 7
2 6 6
16 20 3
22 0 7
14 18 20
16 21 1
13 17 38
15 17 20
22 1 8
3 7 37
5 6 11
23 2 39
22 2 4
10 14 39
12 16 22
2 4 37
7 11 42
10 14 35
1 4 42
17 21 14
3 6 2
23 1 32
19 21 42
18 20 9
8 9 16
4 8 21
6 9 40
17 21 43
9 13 24
21 0 13
19 23 15
19 22 26
6 8 24
19 23 37
6 9 19
5 7 22
18 21 22
4 6 10
9 12 18
12 15 43
20 23 4
16 19 12
11 15 31
3 4 23
6 8 27
8 11 15
16 20 14
8 8 8
21 1 36
5 8 6
1 3 12
12 15 37
5 8 20
16 19 39
1 4 10
16 20 9
15 19 13
19 21 27
20 23 9
8 11 26
6 9 43
6 10 17
6 8 28
0 2 43
16 20 7
2 5 27
0 3 11
22 2 20
12 16 22
19 23 10
3 7 20
20 1 2
20 1 7
13 17 38
8 12 14
1 5 6
6 11 16
21 1 1
14 18 21
21 0 28
16 19 11
18 22 21
20 22 18
1 4 12
0 4 41
20 23 33
6 12 21
11 12 12
20 23 17
3 5 28
4 8 21
9 11 37
18 21 26
10 12 31
1 3 8
18 21 30
19 22 24
12 16 15
13 16 28
18 20 33
12 14 20
10 13 31
9 13 19
2 4 43
19 23 12
12 14 2
9 13 35
23 2 17
7 10 2
6 9 11
15 17 30
17 21 20
4 7 20
14 17 27
15 18 4
1 3 25
9 12 11
6 9 31
13 14 3
8 10 10
8 12 35
8 11 29
12 16 40
13 15 35
5 8 35
7 10 4
11 15 6
21 0 17
0 4 22
18 20 41
6 9 42
9 12 5
17 20 32
2 5 21
14 18 37
11 13 35
15 18 27
16 19 29
12 16 9
8 10 28
22 0 27
7 11 42
23 3 31
13 15 1
9 12 34
20 22 18
4 5 1
9 14 12
5 9 18
11 14 26
17 21 10
10 14 13
13 16 32
11 14 11
18 21 12
9 11 39
14 19 24
11 14 27
21 1 2
2 5 21
1 3 11
12 14 14
11 14 1
0 3 40
21 2 42
9 11 40
16 19 20
15 20 29
4 8 33
3 7 20
2 3 2
0 3 42
22 2 4
22 3 7
12 15 23
1 4 6
15 19 42
20 23 36
11 13 39
2 4 31
18 21 7
14 17 32
18 21 34
7 9 24
13 16 4
0 3 34
17 20 42
7 11 28
2 5 35
21 1 29
16 19 28
0 5 6
14 15 16
17 21 10
5 8 30
15 18 5
14 18 29
17 21 18
22 1 19
2 5 23
1 5 8
20 0 9
13 16 43
21 2 28
0 4 25
15 19 11
7 11 5
14 17 37
1 2 38
15 16 14
20 0 31
10 14 1
17 20 12
13 15 18
17 21 33
2 6 42
6 11 4
22 0 22
23 1 26
20 23 39
17 21 30
11 13 2
14 16 4
1 4 34
6 9 16
7 8 7
23 1 39
17 19 11
14 17 30
10 13 29
13 17 10
22 1 7
21 0 1
1 2 26
6 10 13
15 18 30
19 22 3
2 4 3
8 11 5
11 14 32
1 5 28
21 0 22
4 8 3
22 2 14
21 0 18
11 17 29
0 3 36
10 15 29
21 1 30
22 0 17
21 1 3
9 12 32
13 16 30
11 14 7
10 14 35
7 10 13
1 4 22
16 18 24
16 18 25
20 23 3
0 2 12
6 9 18
18 22 41
17 21 24
4 9 28
8 10 23
19 21 18
3 4 32
13 15 8
14 16 16
14 17 38
16 21 38
22 1 9
8 12 20
11 15 24
21 1 5
20 23 8
16 21 8
4 7 10
16 18 2
2 5 28
16 17 12
20 23 2
10 14 35
6 9 32
2 6 14
5 9 8
10 13 42
5 6 26
7 10 36
20 23 23
16 21 16
21 23 1
8 13 23
3 6 2
20 23 39
4 8 2
10 13 38
2 4 20
4 9 28
21 23 30
10 13 37
11 13 35
8 9 13
16 20 23
14 18 28
22 0 35
21 23 41
1 3 17
1 5 21
5 8 25
22 1 28
13 14 13
9 13 1
22 1 22
12 15 31
0 2 38
1 4 33
16 18 43
4 6 21
3 4 39
18 21 15
9 13 3
15 16 16
14 17 25
15 17 38
21 23 39
17 18 40
4 6 10
16 19 8
9 11 31
17 20 31
16 19 42
2 5 14
0 5 16
5 6 7
7 10 13
0 2 34
21 23 31
10 14 14
4 8 19
15 17 6
6 10 26
14 15 39
17 20 41
2 5 29
20 23 37
12 16 15
14 16 8
18 20 20
23 1 32
16 20 28
13 16 37
6 9 26
11 14 6
12 15 13
19 20 19
11 14 6
11 13 34
3 7 18
4 6 1
11 16 37
9 11 21
14 19 8
15 18 23
18 22 26
20 22 24
6 9 34
3 6 35
0 2 17
12 13 15
4 7 2
16 19 38
23 3 29
4 8 37
8 12 20
17 20 39
10 13 27
6 10 40
10 12 21
3 7 36
5 9 15
19 23 17
22 1 16
16 21 13
12 15 27
23 1 10
8 11 10
10 12 6
9 14 9
1 4 22
14 19 13
11 14 4
23 2 24
7 10 22
18 20 21
2 6 18
23 2 41
5 8 25
6 10 39
20 23 30
18 21 19
19 22 24
6 9 16
10 13 13
20 23 9
19 21 35
1 5 18
21 0 21
15 19 1
1 6 1
21 23 19
19 22 3
10 15 24
23 3 19
12 15 27
14 17 43
3 6 19
4 6 42
4 7 12
6 9 7
4 9 18
20 0 15
14 19 11
13 15 16
0 2 22
14 17 36
9 13 33
19 23 43
7 10 4
1 5 30
19 21 26
18 20 34
1 4 35
6 8 36
21 23 32
13 15 37
20 22 12
0 3 25
4 7 31
22 2 15
6 8 19
20 23 16
15 18 1
11 15 9
6 9 23
21 23 21
22 1 8
6 9 3
1 4 14
16 19 30
0 2 39
14 17 33
18 21 43
7 11 32
16 18 21
14 16 16
12 17 33
19 21 1
21 0 25
20 22 21
9 13 43
7 8 16
0 4 38
11 14 28
2 5 40
21 2 14
4 8 25
8 11 16
8 12 39
8 10 1
8 11 7
6 8 42
6 8 7
0 2 23
4 8 9
17 20 20
7 12 12
19 0 15
3 6 42
13 17 36
1 4 38
7 10 37
18 19 13
2 5 1
23 2 6
6 11 27
16 19 36
7 10 17
17 18 31
16 18 27
1 5 20
10 14 20
4 8 32
2 6 42
8 9 10
7 10 21
2 6 8
3 6 11
13 17 2
2 5 23
11 13 26
2 5 1
2 7 18
8 10 38
17 20 36
23 3 41
20 1 4
14 17 11
0 3 20
9 13 20
14 16 14
23 4 28
3 8 5
15 17 22
22 2 21
13 16 27
20 22 14
1 5 27
17 21 15
19 23 29
19 22 40
9 13 42
4 8 25
13 15 34
8 11 7
11 14 6
12 16 31
9 12 27
18 20 2
9 13 13
1 5 15
12 16 22
21 23 27
8 10 42
6 11 12
23 2 33
14 17 12
0 3 8
23 4 2
18 21 43
10 14 23
4 7 14
23 5 43
19 22 8
18 20 13
23 0 13
21 1 5
15 18 2
14 18 32
2 6 43
6 9 2
18 21 34
11 15 24
0 1 15
19 23 21
19 21 40
17 20 37
3 6 31
23 1 20
4 7 9
16 20 39
15 18 11
19 22 10
18 21 36
18 22 28
21 0 19
13 15 15
22 1 22
10 12 9
11 14 28
2 5 22
13 16 42
15 17 4
8 11 17
10 13 9
11 15 35
21 1 36
15 20 1
13 17 31
17 20 28
15 18 40
11 16 39
1 4 20
20 23 28
3 6 30
10 12 43
23 3 24
10 12 37
5 10 43
15 20 7
14 17 19
21 0 31
21 22 26
15 18 38
4 7 33
7 11 17
20 23 12
4 9 6
21 0 16
20 0 16
7 11 16
7 10 27
1 5 4
22 0 40
21 2 27
12 14 23
15 16 23
7 8 14
16 21 26
17 22 35
20 23 16
16 19 20
7 9 18
13 17 8
17 20 16
16 19 6
18 21 41
4 7 37
18 22 23
13 16 29
22 2 43
16 19 20
10 12 6
17 19 25
17 21 38
12 15 35
17 20 17
4 7 29
13 14 28
11 13 39
1 4 24
18 22 4
19 23 39
9 13 14
7 10 15
20 23 38
22 1 5
8 11 40
15 18 43
22 0 7
9 13 1
1 3 24
11 15 9
9 13 1
17 21 41
11 14 14
23 1 40
22 1 25
23 2 21
18 21 4
20 21 24
19 21 12
7 7 35
16 17 23
4 7 29
14 17 37
6 8 9
21 23 35
16 19 7
10 12 39
5 7 31
17 21 40
13 15 2
14 16 32
17 20 22
8 10 40
4 8 9
1 3 37
21 22 11
0 2 37
7 10 33
4 8 6
1 3 29
4 8 4
12 14 18
4 7 34
18 20 16
16 19 29
4 9 22
2 5 4
14 17 39
8 11 19
22 1 8
0 2 17
13 15 10
0 3 27
18 22 18
6 7 15
2 4 33
5 7 29
5 9 36
12 15 8
1 2 36
4 7 20
12 14 1
18 21 3
2 6 8
0 2 13
16 19 22
9 12 39
10 10 40
21 23 1
21 22 29
22 1 3
11 16 19
11 14 38
20 0 30
2 5 18
8 11 18
13 15 29
12 16 6
14 18 27
2 6 5
6 11 38
2 5 29
6 10 31
3 5 28
17 20 41
1 4 31
14 17 19
16 19 22
16 20 31
18 22 38
0 3 5
15 18 12
16 19 11
13 16 32
20 23 33
19 22 4
16 18 4
20 23 5
11 14 41
15 18 25
17 21 32
20 0 18
10 11 32
0 2 21
14 17 11
0 2 1
1 3 12
6 10 42
18 22 3
23 4 42
11 16 19
8 9 20
14 16 20
10 14 35
3 7 19
4 8 40
22 1 18
10 14 4
17 21 21
18 19 20
15 18 28
8 12 22
1 5 17
2 6 20
11 15 2
6 9 10
7 10 1
11 15 26
11 14 36
16 19 39
14 17 3
20 23 27
13 15 2
7 10 26
23 2 14
18 23 17
5 9 4
19 0 3
6 7 20
23 2 18
6 8 43
14 18 20
0 3 20
14 16 12
14 15 11
3 9 2
14 19 12
23 2 3
0 6 14
15 16 37
21 0 28
2 4 21
12 15 7
6 9 14
15 19 43
10 13 31
0 5 43
2 4 17
12 15 9
19 22 4
14 16 10
0 4 6
11 15 36
21 0 19
10 14 4
3 6 10
21 22 6
12 15 1
9 11 32
19 22 30
17 20 4
7 12 15
1 4 16
1 3 32
8 11 9
17 18 2
9 12 42
21 23 40
3 6 7
8 10 35
20 22 6
15 17 39
19 21 39
22 3 20
4 9 21
12 18 29
22 2 9
23 1 11
19 22 1
20 0 37
15 19 24
2 6 27
18 20 17
14 19 38
6 10 31
10 13 34
18 19 21
18 20 31
5 9 3
1 3 19
5 8 7
3 6 37
7 8 34
2 4 3
7 11 16
1 3 12
12 16 36
3 6 14
7 8 41
8 13 1
10 12 41
14 18 14
23 3 13
7 10 29
2 6 18
4 7 32
8 12 1
2 5 29
7 9 2
19 21 12
20 0 7
5 7 13
11 15 40
10 13 36
11 14 8
22 0 11
3 6 30
10 14 33
5 7 28
9 13 22
22 1 38
21 1 26
12 16 20
20 22 34
7 9 10
23 0 6
10 13 20
3 6 1
2 6 36
17 21 3
7 11 23
15 19 10
22 0 5
14 16 35
21 2 17
3 5 22
3 6 31
7 9 32
8 10 14
11 15 18
4 8 41
10 13 37
4 8 3
5 7 26
19 22 19
12 14 5
2 5 40
16 20 6
23 0 12
9 13 34
18 20 2
17 20 28
12 15 16
6 10 36
21 1 23
10 15 7
23 0 4
17 22 18
16 20 39
22 0 2
19 21 36
12 13 42
11 15 16
10 12 39
5 8 38
21 0 39
16 19 43
0 2 7
15 18 43
12 15 18
23 2 4
6 8 40
3 5 19
16 21 23
2 7 27
12 16 5
20 0 37
13 15 36
1 6 10
8 12 36
9 10 8
20 0 31
5 7 5
2 4 2
3 5 43
1 5 21
0 4 5
20 22 34
13 16 41
2 4 40
19 22 30
5 7 33
2 2 27
22 1 17
16 19 5
12 16 19
4 8 31
4 7 22
14 16 12
22 2 30
22 0 16
14 16 2
9 12 36
17 20 19
7 10 24
6 6 34
18 22 30
1 5 28
5 9 1
18 21 3
23 3 3
20 22 23
17 20 23
4 8 42
11 14 39
15 21 14
16 18 33
17 20 20
0 2 10
22 1 36
17 22 42
21 0 31
19 23 3
5 6 23
1 2 10
1 4 11
9 12 18
22 0 23
19 21 15
4 6 4
19 23 8
17 19 25
0 4 21
22 1 37
7 11 33
11 14 41
20 22 27
16 21 12
0 2 39
22 2 6
13 16 21
22 1 39
23 2 25
12 16 5
3 6 27
1 3 22
23 2 9
21 1 12
8 10 38
13 18 21
9 12 19
1 4 41
9 11 2
8 12 20
7 7 29
15 16 10
4 8 21
17 22 31
8 9 7
5 9 23
0 4 9
10 11 12
20 22 20
3 8 38
14 18 39
14 16 31
7 11 42
4 10 2
0 3 19
23 3 1
23 2 40
10 12 12
6 9 8
21 3 7
3 6 16
21 1 20
12 14 37
7 9 10
16 22 38
0 3 11
6 9 39
23 2 1
7 11 22
9 11 42
11 14 2
15 17 41
1 5 17
3 5 34
18 22 36
19 23 11
17 21 14
15 18 35
5 8 38
9 13 11
11 14 29
12 15 9
13 16 8
8 12 14
17 20 23
17 23 10
9 14 26
14 17 29
1 2 12
0 2 30
19 22 20
2 6 32
4 4 7
13 16 6
7 11 23
3 5 42
13 16 33
13 17 33
13 16 17
17 19 17
15 19 16
10 12 29
21 1 29
0 3 16
12 15 22
11 14 4
6 11 27
14 17 40
6 8 15
2 7 27
18 22 24
16 18 9
7 10 5
7 9 9
17 19 7
11 13 40
2 6 2
23 2 31
5 9 36
22 2 1
0 2 11
10 12 9
3 7 11
7 10 23
22 1 7
17 21 41
10 14 38
12 15 16
16 18 1
12 14 3
21 1 42
17 20 5
19 21 27
3 6 17
6 11 19
5 8 21
22 2 33
18 20 41
15 17 30
2 5 24
16 20 33
9 11 32
18 21 20
4 6 16
14 16 42
21 0 14
19 23 6
18 21 6
19 23 3
14 17 21
10 13 17
23 1 30
18 22 39
4 7 2
9 10 1
7 11 36
18 21 33
13 16 37
20 0 19
19 23 10
14 18 27
18 23 25
19 21 42
23 2 22
18 22 18
9 12 37
2 6 34
12 14 20
20 22 33
19 22 5
20 23 35
22 0 9
12 14 3
21 0 37
7 9 39
17 20 12
13 18 19
6 10 41
21 23 12
22 1 16
21 0 32
20 0 15
23 1 42
23 3 33
3 6 15
8 11 35
13 16 20
15 17 5
14 17 10
22 2 27
19 22 34
9 12 38
1 4 42
4 8 28
10 12 25
18 20 36
11 14 24
9 12 3
1 4 3
16 20 27
5 8 29
6 6 29
11 14 4
20 21 15
22 2 29
19 21 34
0 4 14
4 7 8
22 2 39
8 12 14
3 6 26
14 18 10
14 17 40
5 8 19
20 23 26
15 17 36
16 19 33
18 20 11
4 8 7
15 17 29
21 23 5
20 22 33
16 19 5
19 21 22
2 4 2
6 8 24
8 9 24
5 9 17
9 12 24
8 9 7
16 19 39
2 7 40
11 14 22
7 11 33
8 10 29
12 15 27
12 17 9
0 3 31
8 9 8
16 20 24
15 17 14
5 9 1
7 11 43
1 4 29
3 6 12
7 10 16
14 18 37
1 4 34
20 23 31
3 7 42
19 21 22
21 1 42
11 14 21
16 18 30
19 21 24
9 13 17
6 11 32
1 2 33
19 23 41
11 14 23
16 20 42
17 20 26
22 2 11
21 0 10
10 13 25
4 5 20
0 3 3
18 19 27
1 4 10
4 7 42
12 15 33
13 17 29
7 9 6
2 4 31
17 20 12
6 9 17
18 22 3
22 0 17
20 23 15
4 5 15
15 17 24
9 13 40
8 13 13
21 0 41
20 23 13
21 0 10
23 3 6
9 11 24
7 11 10
20 22 14
23 2 34
16 18 41
16 21 10
10 13 6
23 2 9
4 6 18
8 10 12
13 17 27
9 12 36
7 10 29
22 0 25
14 16 15
0 1 12
11 13 2
8 11 15
9 12 34
1 4 17
3 7 34
11 13 4
2 3 26
20 21 39
5 8 22
22 1 25
10 12 4
11 15 39
16 20 4
16 18 12
13 17 43
13 15 13
20 1 3
21 22 42
16 18 7
16 18 26
12 15 36
17 19 28
5 9 19
11 15 17
16 19 25
12 15 42
11 14 9
8 10 33
8 12 28
12 13 21
21 1 27
3 5 13
12 16 19
1 3 26
21 0 28
3 6 1
16 21 36
5 7 41
3 6 32
14 17 25
18 20 31
11 13 27
10 13 38
23 2 9
7 10 32
18 21 26
4 7 43
22 1 4
4 6 10
1 3 36
6 9 20
18 21 30
0 2 34
7 9 41
13 15 11
12 14 18
19 23 26
1 5 1
17 21 22
6 9 23
0 4 11
4 7 23
11 15 29
19 21 36
3 6 38
17 19 37
0 3 41
2 6 39
10 14 10
10 14 4
6 9 16
15 17 31
10 12 34
17 20 14
14 17 10
9 11 11
23 2 12
12 15 41
13 18 16
14 15 41
15 18 33
17 19 2
19 23 23
4 6 42
9 11 21
16 19 32
17 20 36
12 15 31
11 14 1
10 12 33
15 18 29
17 20 30
11 13 17
12 16 21
7 11 11
7 9 43
6 8 36
14 18 15
20 22 26
9 13 33
8 12 14
19 21 27
3 5 33
5 9 15
16 20 38
8 10 24
21 2 1
22 0 30
4 7 2
19 20 27
20 0 40
15 18 31
23 1 42
8 12 13
0 4 41
12 16 22
4 6 38
8 11 23
11 15 42
7 10 38
14 17 36
15 17 36
7 11 15
9 9 36
4 8 34
18 21 6
11 13 37
14 18 13
8 9 30
10 13 40
9 13 16
11 15 34
19 22 21
2 4 6
17 20 2
22 2 27
6 9 8
2 5 1
21 23 9
4 7 7
15 17 27
14 17 11
23 2 7
20 22 2
19 0 33
6 9 31
3 7 22
12 16 24
9 11 36
22 1 12
13 14 36
11 16 36
15 18 19
17 19 25
9 12 7
15 17 8
19 21 23
18 22 6
18 21 32
6 10 26
8 11 8
22 2 36
9 9 22
9 11 39
0 3 32
19 21 8
10 13 21
2 4 27
3 6 30
5 7 11
9 12 17
1 4 36
1 5 34
4 8 9
16 18 11
18 20 6
21 23 39
7 10 36
18 19 28
20 22 41
19 22 15
7 12 9
3 7 26
14 17 38
3 6 26
17 19 16
3 6 36
21 0 27
19 23 35
5 8 2
7 9 36
3 6 16
6 11 21
20 22 17
2 3 21
13 16 36
18 21 1
18 21 15
14 17 40
9 12 14
23 2 12
15 17 35
0 2 21
20 22 15
14 17 29
11 14 34
16 19 33
7 10 26
17 20 26
13 16 26
9 13 17
15 19 42
1 5 2
19 23 1
9 13 36
10 15 32
5 6 6
8 11 5
6 12 32
11 14 36
20 0 40
22 0 36
17 19 13
8 11 41
20 23 4
19 22 24
22 2 1
7 9 32
16 19 12
6 9 14
9 9 38
11 14 15
13 16 28
16 20 37
5 8 26
15 18 40
6 9 38
5 7 27
1 4 31
12 15 13
2 5 26
20 22 36
7 8 15
12 14 33
12 16 6
9 13 12
1 5 2
13 16 21
7 11 35
10 13 12
9 9 5
4 8 20
11 14 34
20 0 27
18 22 38
21 0 42
3 5 27
16 18 8
14 17 35
12 16 10
7 12 42
1 4 26
16 20 22
3 7 3
16 20 9
16 20 32
14 16 19
23 4 20
9 13 1
23 2 17
16 19 9
3 6 36
0 4 34
14 17 41
22 1 9
20 23 1
18 20 34
7 9 2
12 15 19
2 5 23
18 22 28
16 19 16
12 15 31
18 20 34
15 20 24
14 17 19
0 2 4
0 3 21
17 20 28
20 23 13
14 17 43
1 5 18
2 6 13
10 12 10
18 21 24
14 18 8
10 13 26
9 12 35
3 5 15
8 12 8
15 16 29
21 0 13
5 9 2
4 6 31
13 18 36
0 1 14
2 5 21
8 11 18
15 17 13
21 0 2
21 1 21
17 21 20
22 0 6
6 10 2
15 17 24
22 1 5
4 7 37
15 18 7
18 22 39
20 0 12
22 1 43
19 23 8
1 5 13
0 4 3
16 20 25
14 18 25
12 15 14
12 15 9
8 12 31
10 16 29
17 19 30
3 6 37
0 4 16
3 6 7
7 9 14
16 18 21
19 23 6
19 23 36
4 7 41
4 6 35
21 23 18
17 20 5
19 21 36
23 3 1
18 21 11
1 4 41
23 2 4
10 11 24
2 6 19
2 5 42
21 1 27
3 6 15
19 21 19
13 15 31
17 21 17
1 3 35
12 15 42
7 10 25
18 22 39
5 6 13
6 10 36
9 13 41
19 23 21
6 9 2
12 16 36
18 22 13
5 7 24
11 13 15
11 14 28
10 14 31
0 3 19
22 0 22
6 9 1
4 7 2
4 8 7
9 12 27
10 13 31
11 15 16
15 19 21
15 18 6
2 5 9
0 3 7
12 16 29
0 3 38
18 22 8
14 18 41
6 8 22
3 6 10
15 19 31
0 3 28
17 21 21
14 18 22
18 0 24
5 8 32
12 14 2
23 2 10
19 0 13
23 3 41
13 17 11
12 15 24
7 9 23
6 9 40
8 11 41
9 11 13
16 20 9
1 4 19
6 11 24
15 17 39
20 0 4
14 15 18
16 18 17
8 10 10
17 19 26
10 14 37
3 7 21
11 15 16
0 5 4
17 20 38
7 13 7
0 4 40
13 17 22
4 8 41
20 22 15
19 20 12
5 8 31
10 13 16
8 11 1
17 20 16
21 0 3
20 0 10
20 23 14
22 2 14
0 3 43
8 10 14
6 8 30
8 11 14
3 6 26
2 5 13
14 16 12
23 3 18
19 22 29
21 0 7
12 17 33
3 6 7
23 1 15
19 22 36
14 17 10
9 14 8
9 11 33
3 6 9
0 3 2
12 17 35
13 17 18
3 6 41
16 19 38
1 4 6
23 2 16
11 14 13
23 2 14
2 5 31
0 4 10
9 12 34
2 6 27
18 21 18
6 10 3
19 22 14
13 17 38
23 2 14
6 8 12
6 8 11
10 13 7
18 21 16
10 13 18
19 22 13
8 11 24
2 6 29
20 22 33
6 11 1
21 23 23
5 7 14
19 22 6
1 4 40
17 20 39
16 19 33
15 19 43
21 2 10
2 4 26
1 4 12
3 5 22
5 8 16
1 5 8
18 22 25
1 4 41
18 22 8
1 5 12
8 12 20
1 4 36
21 0 26
16 17 41
17 21 7
15 19 15
5 10 18
0 3 41
5 8 36
21 2 13
19 23 35
19 23 20
4 8 19
0 2 37
18 21 2
4 9 30
23 2 10
19 20 20
5 7 31
2 6 3
7 11 16
4 7 26
10 13 10
13 14 30
20 22 18
13 17 3
1 5 4
18 22 27
23 2 15
8 10 37
21 0 5
13 16 23
17 22 37
2 5 34
19 23 37
1 3 20
7 9 12
9 11 39
21 0 10
17 20 42
5 7 41
18 21 41
13 15 37
12 16 35
6 8 25
1 4 31
13 17 14
0 2 6
7 10 10
0 2 2
1 4 37
12 14 19
4 8 43
17 19 18
6 8 6
18 21 7
13 16 39
8 10 22
23 2 41
12 15 3
22 3 11
1 3 35
12 14 3
15 18 6
1 2 12
11 15 33
14 18 14
16 20 14
18 21 36
5 8 8
11 15 28
18 21 26
21 0 24
22 2 7
20 23 6
14 16 14
0 2 1
19 20 3
11 13 34
9 12 12
4 5 11
9 15 28
17 21 35
1 5 32
19 22 34
12 15 41
23 3 28
2 2 37
8 14 26
3 6 25
20 1 21
3 5 22
19 22 1
7 9 13
18 22 6
14 17 20
21 2 5
18 21 26
15 17 19
11 15 16
14 15 12
7 11 37
4 7 23
22 1 40
14 18 30
7 11 8
20 0 13
14 16 29
7 11 39
6 9 23
21 1 24
3 7 34
6 9 4
6 9 22
20 22 31
1 5 17
23 3 25
12 14 35
4 7 21
4 7 43
18 22 21
22 0 20
1 5 14
0 1 34
2 4 32
15 17 23
6 8 11
17 20 11
14 17 39
19 23 14
12 15 14
9 12 43
12 15 27
11 14 18
9 13 12
14 16 37
16 18 41
20 0 37
17 20 16
12 13 7
21 1 19
0 3 2
6 8 28
4 6 17
15 16 24
6 7 41
11 16 20
15 17 8
0 3 25
17 19 26
15 16 15
11 13 41
21 1 5
2 6 17
17 19 3
21 1 9
2 6 14
19 22 33
5 7 16
13 16 18
2 5 21
2 6 26
18 22 8
23 3 23
19 22 29
8 11 32
12 15 1
19 21 20
19 22 16
2 5 32
14 17 41
5 8 25
23 3 30
2 7 25
19 22 34
21 1 39
22 0 1
23 3 5
6 10 36
0 3 36
15 17 15
4 6 38
0 3 19
21 0 22
1 4 14
22 23 16
8 12 8
16 18 30
9 12 8
13 17 1
19 22 19
9 13 16
17 20 22
9 12 22
0 2 39
7 12 11
8 12 34
13 14 35
10 11 6
16 19 1
21 23 37
14 16 20
20 23 29
10 14 25
23 3 37
23 4 34
4 8 17
2 4 21
17 21 31
15 19 5
22 23 42
14 17 28
18 21 15
2 7 17
9 14 10
1 4 18
21 0 32
9 13 19
1 4 4
5 6 10
20 21 33
3 5 37
8 9 1
13 16 32
12 16 42
0 4 33
16 18 30
3 7 41
23 1 42
1 4 35
5 7 3
23 3 25
22 3 39
2 5 6
16 19 1
20 23 40
20 0 40
17 21 18
8 10 8
9 14 29
23 2 21
1 5 14
19 22 1
20 23 36
0 0 42
20 23 22
3 5 12
16 20 35
16 18 7
22 1 41
2 4 15
4 7 18
8 11 6
4 6 21
18 21 27
18 21 24
23 1 39
9 13 35
11 14 12
20 22 20
11 13 7
5 8 4
1 4 6
19 22 43
4 8 26
1 5 35
0 3 39
10 12 2
15 17 18
22 0 13
15 19 27
8 11 13
17 19 24
11 13 25
0 3 37
9 11 21
17 21 14
10 12 13
19 22 15
22 2 20
18 20 23
12 13 9
17 20 32
18 21 34
17 20 4
19 22 18
5 8 27
15 18 43
17 20 37
9 12 3
5 10 43
6 9 25
20 20 41
23 4 7
18 22 23
4 7 18
16 19 21
4 7 38
3 5 4
6 9 24
5 8 13
18 22 4
21 23 21
7 11 28
0 3 14
1 2 2
1 5 17
8 11 18
7 10 29
8 10 9
23 4 42
3 6 7
19 23 30
20 23 30
7 11 32
16 19 27
16 19 18
0 2 21
18 22 41
13 16 35
15 19 16
14 17 14
21 0 17
8 11 9
17 19 12
0 5 38
17 19 18
13 15 10
2 5 42
16 19 41
16 20 2
3 5 15
13 14 29
19 21 23
23 1 31
23 2 37
15 16 10
22 2 16
0 2 39
22 2 21
13 17 42
3 7 19
3 6 22
18 21 25
15 17 40
21 0 24
4 8 28
1 3 18
7 11 5
9 12 30
12 15 41
9 10 38
7 10 26
17 19 18
2 4 14
2 4 14
8 12 26
12 15 36
1 2 30
16 18 25
17 21 26
2 4 41
12 14 38
3 6 42
23 1 25
14 17 20
4 7 36
16 19 39
20 23 6
15 18 6
7 9 23
0 3 10
22 1 43
7 11 3
5 8 4
4 6 11
23 1 12
1 4 33
15 16 4
22 3 14
19 22 30
7 8 13
14 17 7
18 21 29
8 9 14
12 14 43
0 4 11
21 1 35
20 21 40
20 23 7
23 1 21
5 9 9
16 18 12
0 3 29
21 0 8
15 17 39
14 16 13
13 16 4
21 0 32
21 0 15
13 17 36
9 14 15
15 18 32
15 16 12
2 5 31
1 4 37
5 8 41
10 15 33
22 0 30
20 22 5
18 21 10
11 14 30
8 10 32
2 4 41
20 22 41
7 11 35
22 2 20
13 15 1
16 18 27
14 18 29
16 20 38
13 17 26
10 12 34
6 10 11
16 19 15
7 10 17
11 14 9
3 5 39
7 10 7
8 11 18
21 0 5
22 0 5
9 13 16
12 15 31
16 19 27
6 10 38
4 9 19
14 17 5
6 8 38
2 6 43
9 14 9
19 23 17
4 8 39
16 19 29
5 8 7
8 10 39
14 17 28
15 17 23
12 16 19
0 3 37
7 9 32
15 16 38
22 0 21
16 20 15
7 7 38
7 11 7
8 11 33
7 11 34
16 19 19
22 1 23
23 2 40
21 22 36
11 11 40
18 21 33
15 18 38
22 23 24
15 17 3
20 23 3
3 6 23
17 20 27
21 22 34
18 20 9
13 17 23
20 23 1
1 5 32
3 7 18
21 0 36
13 15 40
1 6 3
21 1 14
9 13 36
18 21 3
17 20 29
0 2 33
18 20 42
15 18 8
6 9 1
19 22 1
1 6 40
14 16 13
13 17 1
14 17 30
21 22 27
10 13 38
23 3 43
22 0 14
11 14 43
23 2 22
15 20 3
7 8 30
11 12 16
6 9 42
1 7 31
3 6 37
8 11 32
20 23 7
2 4 19
23 2 22
9 12 32
18 19 33
4 5 41
18 20 25
10 14 21
22 1 30
17 20 35
13 16 9
14 17 23
21 0 38
16 20 1
9 9 25
5 8 25
17 21 35
3 6 25
20 23 30
6 10 31
2 6 9
15 18 10
2 4 4
8 11 34
13 18 25
15 18 23
18 20 17
9 12 20
22 0 38
16 19 3
22 2 19
18 22 35
17 20 38
23 3 37
6 8 13
23 1 38
9 13 13
14 15 21
12 15 6
9 10 17
11 14 40
23 0 15
3 7 5
17 22 20
23 2 28
16 20 30
3 6 41
19 23 43
15 19 10
8 14 9
19 21 34
0 3 10
6 9 7
8 10 32
21 1 18
22 1 5
16 19 17
11 14 8
20 22 20
0 2 2
3 6 10
1 3 26
21 23 31
2 7 17
10 11 39
18 19 4
6 8 40
21 0 20
1 5 30
14 18 33
7 11 42
1 4 34
14 16 6
7 12 28
3 7 12
14 16 5
1 2 32
17 19 35
22 0 31
16 20 16
6 9 21
19 22 31
1 4 25
23 2 29
12 16 2
17 21 35
18 21 14
16 20 16
1 2 29
11 16 11
22 0 22
17 20 24
6 9 10
0 1 39
12 16 19
14 16 21
21 23 15
11 13 13
18 21 19
9 13 36
17 23 31
22 1 7
5 9 7
17 20 1
6 9 31
17 21 32
8 11 37
12 14 34
6 10 42
22 2 18
12 15 22
3 5 17
22 0 5
9 12 25
6 10 8
7 9 38
7 10 18
0 3 34
13 16 14
7 10 34
13 17 28
22 2 31
22 2 25
21 23 32
3 6 41
15 17 38
15 20 30
6 9 21
3 4 3
7 11 25
13 18 24
21 23 40
10 15 12
18 21 29
8 11 22
12 16 37
19 22 6
22 1 11
13 15 37
6 11 12
22 1 18
20 0 30
7 9 42
12 17 4
19 22 18
17 21 22
8 11 16
5 7 15
23 2 15
9 11 19
14 17 30
8 7 32
21 0 8
0 5 31
20 23 7
20 0 4
22 1 24
5 9 14
3 7 40
16 18 15
8 11 3
18 22 2
18 22 1
6 10 5
3 7 18
2 6 2
18 20 29
3 8 11
4 8 16
3 5 17
15 18 15
2 5 1
11 15 28
18 22 13
3 5 16
19 21 30
21 0 23
12 17 38
21 0 41
0 4 1
15 16 43
7 10 39
0 2 38
0 4 28
0 1 1
18 21 31
2 6 23
17 20 9
4 7 7
4 8 43
15 20 6
10 12 12
1 3 35
9 12 18
1 5 27
15 18 5
1 3 24
6 8 26
20 23 27
2 5 23
5 8 11
11 13 33
12 15 35
23 2 43
14 15 26
7 10 18
19 22 3
13 16 31
9 13 35
22 0 10
18 21 14
5 8 43
2 6 30
12 15 2
2 4 21
11 15 13
17 19 27
16 19 5
21 23 2
5 9 27
8 10 28
3 6 9
10 13 29
20 23 22
7 11 5
2 6 19
14 17 24
0 4 12
6 9 36
4 5 33
14 17 28
1 5 12
8 12 26
19 22 36
16 19 38
11 14 35
9 13 34
19 21 17
6 8 3
4 5 9
4 7 42
21 2 29
8 11 33
14 16 2
17 21 27
22 3 38
11 13 17
6 7 16
15 18 39
22 1 43
15 16 13
5 9 2
8 11 38
0 2 42
16 19 13
23 1 29
20 23 34
9 12 7
11 14 8
21 1 10
7 8 39
9 11 30
1 4 7
9 12 19
19 22 43
16 20 28
19 22 32
9 13 8
23 1 40
10 13 28
22 0 41
16 20 39
13 18 10
1 4 11
22 0 4
18 23 35
13 16 12
19 22 19
8 11 22
8 9 4
17 18 43
8 10 40
11 13 1
17 18 2
4 8 35
11 13 1
1 5 12
14 17 37
7 10 12
14 16 8
20 23 15
18 21 37
11 15 14
13 16 23
17 20 28
20 23 8
9 12 25
8 12 5
17 20 7
15 19 7
6 10 14
17 20 23
3 8 17
16 21 43
4 7 41
18 20 15
0 2 4
6 8 37
14 16 27
10 12 14
2 6 6
15 18 8
0 3 22
11 14 40
5 7 11
23 2 37
6 8 17
18 21 30
22 1 26
2 6 27
17 20 23
1 4 22
5 10 15
18 21 12
0 4 11
0 2 34
19 20 6
14 17 29
15 17 2
3 7 33
2 6 25
21 23 31
23 1 16
8 11 7
22 1 26
14 18 10
3 6 34
2 4 6
15 17 29
10 14 34
23 2 43
11 14 34
14 16 15
11 14 10
0 3 4
23 1 36
13 16 25
8 9 25
16 19 21
20 22 19
4 8 19
13 16 4
6 9 28
12 16 24
23 2 20
16 21 13
21 0 9
4 8 11
5 6 9
17 17 17
18 20 42
14 18 36
21 22 28
20 1 6
14 17 2
4 6 24
4 8 7
12 16 26
5 8 2
20 23 12
12 14 24
3 6 14
18 21 24
10 15 32
13 16 34
18 20 40
7 9 3
21 0 14
11 13 11
19 20 14
0 5 29
23 1 27
6 8 17
15 19 28
7 10 28
2 5 16
11 12 43
2 7 18
20 1 36
21 0 5
5 8 43
23 3 17
9 12 31
9 14 22
11 13 25
23 2 7
2 6 3
7 9 31
17 19 7
2 4 42
9 12 40
17 21 38
23 2 28
4 6 30
0 5 18
5 9 30
21 0 14
23 3 13
21 2 35
0 2 19
0 3 39
23 2 34
12 15 34
2 6 28
4 6 22
5 8 41
3 9 21
8 11 34
8 10 28
13 16 25
3 7 13
11 15 34
8 10 32
9 12 17
4 6 35
18 22 15
19 20 9
22 2 38
10 14 39
23 1 19
9 12 39
15 18 9
4 7 18
22 1 39
13 18 13
16 20 1
23 2 35
8 12 13
16 19 25
0 4 17
22 0 43
3 7 43
3 7 11
11 14 40
0 3 27
13 16 14
18 23 11
11 12 10
22 1 12
10 14 9
1 4 26
12 15 29
1 3 37
21 0 43
14 18 20
9 12 7
22 3 33
15 19 28
8 10 21
17 21 14
4 7 33
8 10 27
23 2 40
16 18 21
0 3 15
15 19 23
21 0 11
1 5 14
7 10 17
19 21 21
6 8 29
16 18 26
17 19 15
19 20 5
16 17 30
20 23 30
1 5 26
22 3 7
3 6 25
9 12 16
4 8 9
6 10 6
2 5 32
18 22 43
10 12 2
21 1 42
6 8 28
6 10 10
0 3 23
16 20 4
23 1 34
15 18 28
19 0 15
0 1 17
2 5 29
15 18 14
8 11 35
16 18 13
21 0 20
23 2 29
10 11 20
13 17 38
14 16 38
22 2 17
20 23 33
10 12 3
8 12 32
8 11 34
18 21 18
9 11 1
0 4 22
22 2 19
5 8 38
16 19 15
3 4 32
16 20 43
11 15 37
1 4 21
0 2 6
3 6 28
4 8 13
23 2 6
23 3 8
8 11 32
9 12 7
13 16 42
14 18 30
19 22 5
23 1 13
20 0 9
17 20 1
11 14 19
12 13 5
9 13 39
22 23 5
23 1 40
15 17 29
15 19 5
0 3 41
19 22 38
22 1 21
20 22 4
4 7 30
23 3 14
18 21 33
7 10 35
12 15 1
11 14 10
5 7 23
10 17 28
8 12 8
13 14 36
2 4 39
22 1 42
16 19 32
12 15 16
5 8 20
11 13 17
8 10 28
18 22 11
20 22 40
17 21 7
7 9 38
19 22 17
9 12 6
6 8 7
12 14 38
17 20 29
2 5 1
20 22 17
3 6 41
11 13 8
19 21 30
21 23 26
18 21 2
18 20 19
22 1 37
23 2 43
15 19 40
14 18 23
7 8 43
21 0 19
0 4 41
23 5 31
0 3 31
15 19 23
8 12 3
10 11 30
11 12 21
9 12 39
3 6 7
10 13 30
8 13 15
7 11 7
18 21 9
5 8 4
13 16 24
20 23 23
3 4 37
4 6 33
20 22 22
11 14 7
3 5 12
19 21 4
1 5 16
8 12 36
20 23 36
7 9 19
23 2 3
23 2 21
6 8 30
15 17 25
12 15 22
20 0 13
1 5 27
23 2 5
0 3 20
17 21 38
15 17 12
22 1 34
3 5 7
3 6 14
21 0 9
4 9 12
18 22 22
4 7 39
1 5 31
21 1 40
14 18 15
0 2 15
20 1 11
5 9 8
3 5 13
5 6 43
10 11 10
13 16 33
7 9 35
6 8 7
15 17 7
10 13 5
16 18 29
0 2 25
3 6 32
15 17 38
7 10 10
21 0 31
23 2 18
7 9 19
22 0 9
18 20 10
23 3 27
20 0 8
2 7 3
11 14 9
8 11 14
22 1 5
15 17 21
2 6 21
8 12 42
17 19 40
14 19 21
0 2 30
12 14 24
3 5 12
1 2 9
8 10 14
18 20 23
11 13 4
16 19 13
16 21 42
7 11 27
13 16 35
10 13 6
23 2 7
4 6 7
5 9 18
17 20 34
11 13 40
7 11 42
1 4 16
3 7 39
9 12 12
15 19 16
15 18 7
12 14 15
18 21 3
15 17 23
21 1 17
6 8 34
19 20 10
18 21 6
6 10 30
13 16 5
6 10 3
17 20 37
22 1 40
10 15 20
4 8 19
16 19 19
8 9 21
5 8 7
16 19 29
11 14 29
2 5 3
14 16 18
3 7 29
16 19 10
7 11 38
3 5 25
16 21 3
12 14 11
10 14 20
14 16 29
22 0 7
17 19 37
9 11 43
7 9 17
7 10 25
15 19 3
7 9 29
2 5 28
10 12 11
18 22 13
9 12 42
22 1 43
18 21 43
6 8 11
3 5 31
12 15 18
6 9 41
21 23 6
18 22 33
16 20 9
16 21 25
17 20 7
10 13 7
5 8 41
0 3 32
15 19 1
12 16 18
3 6 43
22 1 10
6 9 20
3 6 19
20 23 10
2 5 8
11 13 37
15 18 20
14 17 1
12 16 31
2 5 15
11 15 15
16 18 21
2 5 17
23 2 1
0 5 18
19 21 1
0 3 33
10 15 32
4 7 9
22 2 41
17 21 3
20 0 39
0 2 7
13 15 33
23 2 21
17 21 34
12 15 6
6 8 12
8 9 4
7 11 28
9 12 12
2 4 11
9 13 23
4 6 41
8 10 13
22 1 24
7 11 6
0 6 35
22 3 36
5 9 28
5 8 7
1 2 22
14 18 30
7 12 2
23 2 25
2 4 29
6 8 12
10 12 40
10 12 2
6 9 14
5 7 27
13 15 6
15 17 23
3 7 15
9 12 5
1 5 29
11 13 33
13 16 21
13 17 14
23 3 39
16 18 37
8 12 18
10 13 13
3 6 35
1 5 23
9 13 11
9 12 35
11 14 5
22 1 9
5 8 1
16 20 37
5 8 21
13 17 39
20 0 20
9 13 12
18 22 13
8 10 37
17 20 35
6 11 34
0 3 28
13 14 13
14 17 30
19 21 3
10 14 18
13 15 7
1 4 15
14 17 13
9 13 19
10 14 8
23 3 42
16 20 27
23 2 19
21 1 41
10 15 20
18 22 23
10 13 22
9 12 11
20 21 9
16 18 36
22 1 32
16 18 29
19 23 41
14 16 40
11 14 23
23 3 14
0 2 16
20 0 42
16 18 23
5 9 11
8 11 18
12 14 36
5 8 7
16 19 26
4 6 23
12 17 12
18 20 34
20 23 31
19 21 4
22 2 34
8 10 9
19 22 13
10 13 37
13 17 20
0 3 28
5 8 10
5 7 32
11 13 24
8 11 33
12 16 41
3 6 20
4 8 24
17 20 23
11 15 38
20 23 14
23 3 9
5 7 15
0 4 1
19 22 17
9 12 11
7 10 2
8 11 26
3 5 23
0 3 23
12 14 3
12 14 38
22 2 40
5 7 39
17 21 1
19 20 33
14 17 28
22 1 36
15 17 33
3 6 13
5 8 36
18 22 30
7 9 21
5 7 43
22 1 6
2 5 6
23 1 10
7 10 41
8 10 6
15 17 35
9 13 29
4 7 6
15 17 20
21 0 6
11 13 30
18 21 42
20 23 5
5 7 24
9 11 9
22 2 32
18 20 16
3 6 41
17 21 11
11 12 24
20 0 19
6 9 39
0 2 4
20 2 27
4 8 31
12 15 27
0 1 10
18 21 28
11 14 18
2 7 8
23 0 10
16 19 23
15 19 26
14 17 42
1 3 7
14 17 9
14 17 35
7 11 34
20 23 7
3 6 1
15 18 17
21 1 27
14 16 11
13 17 10
14 16 31
16 18 2
2 5 32
18 22 31
15 19 12
3 4 21
0 4 26
14 18 30
0 3 7
22 1 29
7 9 42
2 7 17
7 10 2
1 2 39
4 8 42
21 0 39
6 10 9
19 21 9
16 19 23
4 8 42
0 3 41
2 6 30
12 15 34
15 18 30
5 10 8
19 23 11
16 20 35
18 22 26
7 10 20
22 1 18
3 8 21
2 6 22
22 1 14
21 21 22
6 8 2
20 23 35
14 16 28
15 18 26
19 23 36
6 10 35
19 22 6
12 17 18
12 15 32
22 2 3
11 14 38
19 22 1
12 15 22
1 4 40
2 6 10
21 0 1
9 12 26
23 3 14
23 2 12
19 20 10
19 22 38
3 6 12
1 5 29
23 2 26
3 7 17
3 6 4
15 18 5
16 20 23
20 22 18
5 9 25
6 10 11
3 5 10
8 13 17
17 18 14
23 3 31
22 2 9
15 18 40
13 16 31
15 19 1
12 17 22
19 23 41
16 20 34
20 21 21
0 3 3
2 6 26
15 16 20
22 1 14
16 17 26
17 18 10
10 14 35
19 22 1
17 21 36
12 16 20
4 7 16
23 2 37
6 8 7
15 19 40
18 20 14
5 6 39
13 17 40
19 0 2
22 1 31
11 16 8
19 23 24
5 7 38
19 22 18
0 3 26
21 0 29
7 10 27
10 12 33
6 8 3
21 23 29
6 8 43
3 5 9
1 3 13
18 22 33
13 17 32
1 4 24
20 22 4
22 0 40
16 20 29
8 9 42
3 7 31
11 15 18
16 19 29
5 9 7
19 23 15
5 6 8
7 11 1
1 3 35
12 15 27
0 3 25
21 0 27
23 3 35
2 5 42
13 16 39
19 22 43
22 0 30
7 10 31
21 2 37
8 11 43
21 23 18
15 19 9
4 8 13
13 16 20
11 13 6
5 10 6
14 18 17
18 20 40
15 19 12
10 12 18
14 17 13
18 22 32
13 17 34
0 4 32
9 13 28
4 7 41
2 4 28
4 8 28
22 1 16
8 12 9
20 23 22
13 13 39
7 10 37
23 1 24
22 1 12
21 1 21
14 18 42
5 7 21
2 6 8
22 2 27
7 11 17
8 11 19
22 2 8
18 22 12
16 19 27
3 6 12
8 12 14
2 5 8
15 17 15
21 1 28
2 6 14
7 9 8
20 23 26
23 2 27
10 12 12
0 3 38
11 14 28
22 23 8
18 22 9
18 22 32
7 11 19
9 11 3
5 7 29
18 21 5
7 11 12
12 17 7
21 2 39
8 10 3
7 9 6
16 19 37
14 19 30
1 3 1
8 13 30
13 15 38
0 3 32
17 20 16
4 7 3
12 17 8
1 5 36
10 14 27
3 6 38
7 10 18
16 18 19
0 3 41
18 21 43
12 14 18
18 21 16
11 13 28
19 21 41
14 16 41
15 18 13
13 16 31
0 4 30
16 19 39
22 1 28
2 5 39
15 17 24
13 16 31
14 18 21
23 2 24
2 4 3
2 4 15
1 3 35
23 4 38
13 17 13
15 17 37
20 21 2
10 14 16
21 1 23
10 13 34
7 10 20
19 22 13
7 11 38
2 4 19
20 22 31
9 13 4
13 16 8
2 6 40
11 15 14
5 9 33
21 23 39
20 21 9
9 13 38
13 15 26
1 4 2
18 22 30
9 11 21
4 6 6
18 20 42
23 1 4
19 23 24
14 17 26
16 20 41
1 5 37
8 11 15
17 19 22
6 9 4
7 9 28
13 17 37
0 4 41
15 18 8
9 14 33
12 14 25
19 20 18
6 10 39
8 14 13
14 18 31
8 11 37
13 14 28
14 18 15
1 6 17
1 3 16
11 13 22
7 10 23
15 17 43
6 9 13
1 4 41
10 13 5
9 10 20
1 5 18
14 16 34
14 16 38
10 12 41
1 3 23
3 6 6
2 4 9
17 21 29
20 22 39
21 23 40
19 21 38
9 13 15
10 14 11
22 1 14
8 10 35
13 17 38
11 14 33
22 1 12
7 9 9
20 0 27
2 5 5
17 21 30
14 18 36
20 0 32
22 2 32
12 16 42
18 20 15
6 9 4
6 9 11
21 2 3
23 2 30
22 1 40
8 11 22
15 21 12
3 5 7
10 13 28
6 9 21
18 22 2
22 1 2
9 12 43
5 8 25
6 8 31
20 0 15
4 8 9
1 4 11
5 7 14
5 9 8
19 23 27
22 1 19
23 1 11
0 1 42
2 4 28
6 9 29
9 12 36
21 0 18
3 4 6
15 19 27
16 19 22
19 22 29
15 18 2
5 7 38
12 14 33
6 9 22
23 2 15
4 8 1
6 8 13
16 18 32
16 20 34
4 9 29
16 20 7
22 5 4
18 21 30
4 9 41
3 6 22
18 20 1
0 1 7
0 2 21
18 22 1
10 13 29
19 23 16
6 10 2
12 15 25
4 8 39
1 3 5
14 17 21
4 5 36
9 11 34
16 20 31
22 1 8
13 17 8
20 0 6
3 6 12
20 0 36
4 6 32
20 23 16
22 0 11
16 19 24
3 5 43
8 11 41
13 16 3
12 17 6
0 4 5
13 16 7
2 5 25
0 4 13
17 21 14
11 14 12
1 3 1
10 13 5
11 12 36
16 20 28
18 21 43
12 15 21
4 8 30
4 6 6
5 8 19
5 8 38
4 8 20
4 7 34
10 13 27
17 20 10
22 1 5
21 21 32
16 19 1
7 11 21
7 10 13
11 16 22
18 21 11
4 7 40
3 5 34
23 2 32
11 14 8
22 2 35
23 1 16
2 7 34
15 18 1
12 14 1
9 14 37
17 20 19
13 19 43
23 3 10
15 16 18
15 16 4
2 4 1
8 10 28
23 1 31
8 10 7
1 5 2
21 0 13
4 8 39
23 3 24
18 22 24
6 8 4
12 14 37
11 13 5
3 5 5
4 7 38
10 15 20
21 22 31
17 18 33
0 1 15
2 5 22
3 4 19
18 21 23
9 14 26
19 22 26
22 0 29
15 18 6
21 22 28
10 12 42
11 15 3
20 23 27
3 6 35
23 2 2
22 2 27
3 7 40
16 18 23
3 6 19
11 12 20
11 14 43
2 5 14
9 13 14
22 0 7
1 3 21
14 18 1
0 4 7
11 14 36
1 3 22
21 0 13
11 13 4
9 11 2
3 7 10
9 13 26
11 14 29
0 3 2
10 15 37
5 7 1
11 13 19
18 22 33
8 11 34
1 5 9
12 14 28
11 13 5
16 18 42
20 1 15
3 5 21
3 7 22
15 19 17
8 9 9
3 4 22
23 3 2
20 1 41
7 12 6
15 18 16
20 23 15
12 16 36
18 22 28
11 12 24
15 18 37
4 7 5
4 6 21
3 6 41
21 23 28
9 13 29
0 3 33
8 11 6
10 12 17
11 14 39
4 7 29
23 3 36
4 6 12
20 23 32
7 10 8
15 17 10
15 20 23
19 23 11
10 12 10
8 11 17
5 6 33
22 1 15
0 4 7
23 3 34
16 18 20
5 9 27
16 20 32
0 4 3
20 22 34
2 6 22
14 17 26
1 6 6
0 4 16
21 0 8
8 14 10
2 5 11
0 3 4
15 18 34
23 2 25
3 5 8
22 1 26
11 14 42
13 15 36
19 21 34
23 1 1
21 0 11
4 9 5
6 10 3
9 10 39
22 1 19
11 14 7
17 21 36
8 11 31
4 5 12
21 2 6
5 8 9
2 4 24
13 15 41
12 14 6
22 2 29
7 10 28
14 17 23
5 7 2
20 23 18
0 2 37
13 16 1
12 14 32
18 20 15
8 12 18
9 12 43
14 17 8
7 11 29
21 1 11
2 4 5
1 3 38
10 13 22
1 3 12
8 11 41
15 17 33
21 23 27
7 8 37
11 13 43
19 23 12
3 6 39
1 5 3
11 13 11
11 15 1
1 5 32
10 14 15
20 23 25
2 5 19
3 7 27
10 12 29
1 5 3
11 16 1
13 15 39
4 7 23
16 19 3
0 3 38
8 11 1
17 21 25
9 11 9
1 3 5
3 6 17
19 0 3
9 12 18
4 7 2
17 20 25
12 14 41
3 7 37
7 13 39
3 6 42
1 3 4
13 16 37
15 16 20
13 16 27
23 3 5
21 0 1
9 12 35
10 13 43
1 3 21
11 15 39
19 21 11
21 1 21
8 10 12
5 8 41
3 6 39
16 20 41
5 6 24
23 1 13
18 22 8
13 16 40
23 0 8
4 7 17
20 22 15
10 12 8
1 5 14
22 23 12
6 9 32
12 14 31
14 16 23
16 17 11
19 22 4
15 18 2
19 1 6
13 17 14
18 21 20
4 8 11
12 14 12
12 15 2
15 19 21
22 1 28
16 18 29
13 16 40
0 2 39
16 19 16
10 13 29
20 22 8
2 5 8
6 11 42
8 11 11
17 19 14
7 11 21
14 18 2
14 17 12
16 19 2
22 0 27
9 11 24
18 20 36
1 2 7
20 22 33
18 20 2
1 5 21
21 1 37
14 17 6
2 4 24
20 1 1
22 1 25
19 22 17
21 0 11
9 11 24
2 5 10
18 20 34
1 2 22
6 10 17
14 17 39
23 1 16
22 0 39
0 2 8
6 9 28
16 17 11
22 1 1
1 5 42
3 7 41
4 6 6
19 23 37
0 4 27
7 11 30
7 11 24
12 16 28
19 22 4
10 15 38
0 1 5
17 20 36
6 10 6
0 3 7
23 3 12
21 0 15
4 8 32
5 9 38
13 15 16
15 17 29
22 1 18
14 17 2
23 1 24
14 15 36
5 8 19
8 12 26
5 7 16
20 0 43
19 20 11
23 1 42
11 14 31
1 4 42
20 23 36
11 13 7
14 20 41
19 19 11
17 20 23
0 2 34
7 11 4
14 16 7
6 9 29
18 21 40
5 9 19
11 13 11
4 8 25
7 8 41
10 12 32
7 10 14
22 1 10
15 19 15
17 21 36
10 12 20
14 16 21
10 14 20
11 14 13
14 15 7
19 23 24
19 22 17
8 11 7
12 16 4
0 4 19
15 17 41
15 17 30
20 22 22
8 11 34
20 20 11
11 13 27
16 21 26
8 11 33
14 19 28
18 21 2
22 3 23
2 6 34
21 0 36
8 12 41
2 5 28
22 0 35
7 11 26
21 23 30
12 15 20
6 10 7
10 15 31
10 14 27
20 1 36
1 3 1
10 12 7
14 16 1
12 15 5
16 18 34
22 2 5
5 7 10
4 8 7
17 19 36
0 4 40
4 6 22
19 23 20
1 3 20
1 4 17
16 18 28
12 15 11
1 6 10
2 7 27
20 0 43
17 20 41
18 21 19
9 11 37
5 8 12
3 6 11
19 23 18
19 21 33
12 15 23
4 7 22
10 12 26
16 19 43
4 6 32
8 11 16
8 11 5
18 22 34
22 0 37
6 10 8
8 12 3
21 1 29
22 2 5
3 7 39
22 2 25
23 3 10
20 23 32
4 6 42
17 20 16
22 1 25
14 17 19
11 14 43
20 23 18
3 8 3
7 9 14
20 21 37
5 9 29
11 15 43
2 3 16
9 13 35
15 16 12
6 10 7
4 7 24
3 8 32
2 5 43
17 20 34
4 9 19
22 3 4
11 14 16
22 1 41
22 1 9
10 11 1
12 15 37
13 17 35
9 13 3
4 7 39
13 15 22
5 9 25
21 0 15
19 22 27
7 11 13
9 13 31
18 20 11
18 20 13
0 4 34
9 11 35
16 19 31
23 1 7
10 14 23
2 5 5
0 3 22
20 21 21
15 16 13
23 1 41
6 9 36
3 6 11
16 20 20
18 21 8
15 17 35
13 14 20
4 8 36
10 14 10
13 16 33
10 14 4
22 0 14
21 23 41
2 5 39
10 12 13
18 22 43
12 16 26
3 5 8
11 14 8
4 8 6
9 10 10
22 1 1
10 12 39
11 13 42
5 8 34
15 19 7
15 20 29
19 23 39
8 10 21
12 16 6
7 8 7
23 2 23
10 13 17
10 13 17
1 6 8
15 17 42
1 4 39
0 3 5
8 13 43
15 18 12
0 4 2
22 23 20
5 7 33
6 9 42
23 2 4
15 19 18
4 9 40
16 21 31
2 5 17
20 22 35
8 11 15
12 13 26
2 4 33
14 17 41
10 12 25
2 4 37
9 12 18
21 23 29
21 0 42
14 16 1
10 13 20
8 9 35
22 1 11
18 22 39
8 10 15
2 6 28
17 21 12
17 20 1
23 2 6
13 18 25
21 23 15
11 13 5
3 6 40
4 6 33
10 11 42
7 11 32
7 10 25
15 17 8
8 12 12
21 0 7
9 14 4
21 1 16
19 21 16
7 9 37
9 11 19
2 4 7
20 23 31
11 16 19
10 13 37
1 6 43
13 16 7
7 12 3
5 7 28
19 22 11
18 23 42
22 1 27
22 1 3
18 21 35
6 9 42
13 16 21
4 6 27
9 12 15
9 11 1
3 6 9
18 22 34
5 8 40
10 13 14
0 5 9
3 5 28
23 3 36
21 23 20
2 4 13
19 23 8
18 22 13
5 8 27
7 9 39
19 21 21
8 11 5
23 2 3
23 2 16
9 12 27
3 5 36
6 8 21
20 22 32
2 4 19
21 23 41
23 2 19
21 1 11
9 11 20
12 16 37
1 2 30
9 12 11
23 3 36
17 21 22
1 3 18
18 21 16
14 16 33
0 3 4
10 12 6
8 11 16
0 5 38
17 22 29
4 7 10
13 16 1
4 6 18
8 11 8
13 16 22
21 22 32
16 19 20
7 10 18
17 19 33
8 12 22
21 22 32
4 7 8
13 14 24
2 3 7
23 2 38
22 4 34
4 6 25
4 6 17
9 13 6
23 1 36
16 20 28
21 0 31
17 18 2
12 14 19
10 13 24
2 4 37
22 1 41
7 9 23
8 11 5
0 5 10
13 15 12
8 11 26
0 4 23
12 16 42
2 5 22
1 3 41
10 13 36
1 4 40
10 15 7
14 15 30
7 9 23
20 0 22
20 23 43
6 10 34
8 12 6
19 23 11
8 12 20
2 5 3
19 22 16
20 0 42
1 5 26
5 7 24
6 10 16
16 20 2
18 21 41
10 14 24
16 20 17
6 9 11
7 9 31
19 23 16
20 23 12
11 15 22
16 18 25
17 19 2
19 0 37
22 3 31
17 19 27
18 19 20
22 0 19
10 13 22
11 14 25
9 11 7
23 4 36
5 6 15
12 14 10
5 9 37
8 12 41
21 23 13
6 10 30
5 10 15
13 17 2
23 3 27
19 22 11
13 19 22
12 17 15
17 19 33
3 5 29
12 14 18
0 4 30
3 5 36
14 16 13
2 4 40
4 6 19
12 17 16
5 8 12
5 8 19
2 4 17
2 5 20
6 9 39
17 20 5
14 17 42
8 12 25
1 3 43
19 21 5
9 13 29
20 23 43
4 8 17
2 4 35
0 3 39
11 13 30
13 16 43
3 7 1
21 1 28
19 0 40
11 13 27
17 19 20
12 14 21
15 17 10
17 19 32
5 8 39
15 19 1
11 14 24
23 3 9
3 6 26
19 22 11
4 7 16
11 15 18
6 10 42
9 13 31
20 23 23
9 10 14
21 1 22
13 17 43
0 4 42
19 22 5
6 8 36
21 22 35
3 6 33
11 15 39
6 8 27
14 17 31
0 5 28
4 7 22
13 15 42
8 11 22
8 13 15
7 9 27
15 18 38
16 19 4
15 17 5
1 3 17
8 11 7
1 4 3
10 15 23
9 13 29
21 23 35
5 8 13
1 5 43
20 22 1
14 17 24
7 11 10
13 16 16
6 8 27
2 6 33
7 10 5
12 15 11
20 22 7
17 19 3
9 11 24
23 2 43
5 7 13
21 1 19
11 13 10
5 7 2
21 23 14
16 19 30
6 8 39
8 10 29
8 12 17
6 9 33
11 14 17
15 19 11
4 8 1
14 17 7
18 20 16
10 13 6
10 12 22
23 2 28
1 4 31
22 23 43
12 14 19
22 0 21
13 17 29
19 23 28
14 16 24
4 5 31
18 21 20
20 22 20
4 8 17
18 19 28
13 16 19
5 7 35
6 9 15
2 4 39
16 19 10
19 22 22
13 14 9
11 14 16
5 6 36
8 11 22
10 12 37
1 4 22
4 6 3
16 17 36
0 3 5
11 15 18
8 10 12
23 2 9
7 10 16
9 10 18
9 10 37
1 2 4
8 12 27
8 13 13
9 13 10
9 11 33
20 22 17
3 6 43
6 9 30
12 15 6
2 5 13
21 23 42
17 21 15
8 10 9
23 1 29
14 17 43
22 0 15
23 0 22
22 1 11
15 17 22
11 14 21
16 21 38
20 23 7
18 20 2
4 8 8
5 7 37
0 3 10
19 22 9
22 1 17
13 14 29
14 16 33
3 6 25
6 9 19
16 21 8
18 21 31
15 19 16
3 6 16
23 2 43
7 10 16
12 15 6
19 22 22
3 5 18
3 5 5
10 12 14
10 13 22
11 13 14
17 18 15
22 2 2
1 3 32
3 8 38
16 20 30
10 12 6
3 5 1
5 8 40
9 15 43
20 0 38
5 8 8
2 7 26
22 22 16
15 18 22
21 0 27
20 1 13
7 9 41
22 23 34
18 21 10
23 3 37
0 3 22
15 19 30
1 3 31
20 0 17
10 13 36
5 9 1
9 13 20
8 11 27
1 3 23
1 1 5
17 19 23
7 9 26
9 12 40
0 3 4
5 7 36
13 14 14
22 0 28
17 18 31
16 19 15
5 8 31
2 3 3
23 2 34
7 9 4
17 20 4
8 11 42
5 7 37
15 17 7
10 14 42
19 22 38
12 15 6
18 22 30
6 11 30
10 13 2
9 12 42
13 17 31
4 8 18
3 7 33
3 6 22
18 21 35
1 6 24
17 21 27
15 18 5
19 23 21
10 15 28
22 2 9
10 14 38
9 12 22
16 19 36
5 7 25
19 22 36
10 13 17
18 20 37
21 23 26
1 4 21
13 16 31
4 8 5
0 0 26
22 2 30
20 22 19
13 15 40
20 22 6
22 2 40
1 3 21
15 18 3
9 12 35
1 2 35
17 21 33
3 7 36
13 16 39
5 9 38
4 6 41
9 11 40
17 21 36
9 13 18
1 3 10
11 15 37
15 18 42
12 15 26
16 18 10
8 10 17
10 13 39
2 4 34
11 14 12
16 18 20
3 6 43
11 14 4
5 6 10
16 19 2
7 11 34
19 21 41
9 12 43
15 17 21
6 9 36
19 22 39
1 5 9
23 2 27
21 23 32
17 21 16
21 22 20
9 12 4
11 14 30
16 20 30
19 22 11
18 22 37
2 6 12
13 15 34
9 12 24
11 14 2
4 7 24
6 10 20
17 20 37
18 21 36
6 9 10
4 6 10
14 18 39
13 17 22
12 14 38
18 22 41
6 8 4
4 8 28
10 12 30
19 21 27
9 12 8
13 16 24
12 14 5
20 0 42
9 12 31
23 4 10
17 20 3
19 22 31
10 13 33
23 0 37
4 7 5
8 12 11
11 14 28
17 22 14
15 18 16
15 20 27
16 17 14
14 18 3
13 14 38
14 17 24
2 5 11
7 11 12
4 8 42
5 10 37
4 9 9
18 20 34
4 6 34
13 17 40
9 13 22
14 16 17
2 6 40
5 9 3
18 21 16
14 16 29
1 2 4
3 5 29
20 22 40
1 4 5
6 10 2
22 3 7
19 23 29
22 0 8
16 19 12
15 18 6
12 13 40
12 16 19
18 20 26
15 19 30
15 19 43
16 21 15
5 8 38
6 10 11
9 11 33
18 23 35
10 12 7
14 17 16
10 13 17
1 3 6
21 1 18
22 1 21
10 13 25
11 14 26
22 1 2
0 2 19
6 10 28
18 22 4
13 15 18
21 0 42
3 8 10
15 17 12
11 14 31
2 7 27
7 11 37
7 9 17
7 11 9
13 16 11
16 18 32
2 6 14
4 6 21
6 9 35
2 4 37
17 20 42
14 18 39
23 2 13
12 15 22
1 3 9
7 10 39
20 23 38
23 3 6
9 12 19
1 4 13
20 0 38
22 2 36
0 3 38
19 0 1
20 22 2
19 21 34
1 4 25
9 11 8
6 9 4
2 5 6
19 22 1
1 2 40
18 20 42
5 10 5
21 0 6
21 23 11
23 3 18
12 13 22
9 14 36
4 6 2
20 23 35
5 9 26
19 22 21
13 16 27
22 1 39
13 16 36
8 11 26
1 6 4
18 20 27
17 19 2
20 0 25
22 1 30
8 12 31
19 21 18
1 3 16
21 23 4
14 17 1
5 8 11
9 10 32
10 13 12
4 6 12
16 20 5
20 22 29
2 5 21
16 17 23
7 11 2
17 20 20
16 18 15
11 14 41
7 10 33
14 17 31
15 17 30
7 9 39
12 15 24
12 16 1
20 23 40
8 10 43
20 23 17
17 20 40
10 14 31
18 21 43
7 10 27
17 21 6
21 23 8
5 7 13
5 7 24
22 0 19
15 18 29
2 6 13
10 13 42
15 19 38
6 9 6
13 16 2
9 12 32
17 22 23
16 18 32
0 2 18
8 12 40
19 21 41
13 18 7
14 18 16
8 13 27
5 9 2
12 15 36
6 9 36
5 8 37
2 5 23
13 17 20
0 3 3
13 18 40
19 21 5
23 2 37
16 17 35
8 11 8
13 17 25
10 12 3
17 20 15
21 1 36
10 16 29
4 8 10
21 22 21
12 15 26
9 12 39
10 12 6
12 15 5
16 19 2
19 21 34
5 8 9
20 23 18
19 23 7
1 4 42
6 9 21
21 0 11
10 12 17
18 22 9
6 10 29
18 20 33
2 5 21
4 9 36
3 5 38
1 4 29
1 4 31
7 8 33
19 22 4
19 21 27
13 16 40
0 3 27
19 22 2
4 7 20
4 6 36
20 0 43
1 4 33
3 4 24
7 10 43
7 10 11
9 12 9
20 23 41
3 5 10
7 9 17
9 12 1
4 7 4
1 4 7
8 10 24
14 17 15
15 18 43
22 2 30
3 6 40
21 23 10
