7000 46
33 23 6 17 34 33 19 20 14 20 37 30 36 15 28 7 36 4 3 38 31 21 4 37 8 39 17 5 35 45 9 26 23 36 32 23 25 21 4 38 46 2 3 12 35 26 
7 11 44
23 2 11
18 22 28
15 18 14
9 14 6
7 9 12
18 22 7
13 17 8
2 7 12
4 7 23
20 23 42
4 7 5
10 13 31
22 0 46
16 19 42
7 10 8
1 4 11
19 22 1
13 17 7
5 8 4
6 8 9
2 5 32
0 2 39
2 7 10
5 9 17
3 6 42
16 18 21
16 20 28
20 0 11
17 19 14
17 20 15
9 13 37
10 12 43
18 20 26
12 15 14
5 7 20
21 1 14
11 16 30
13 15 15
19 0 24
21 1 36
18 20 35
4 6 28
12 15 32
4 8 23
2 6 8
7 11 26
15 18 6
15 18 30
23 2 21
0 3 8
10 14 16
6 10 23
19 20 36
20 22 28
17 20 22
19 23 35
9 13 46
4 8 24
13 14 35
9 11 1
14 16 29
4 7 23
16 19 10
6 10 23
10 14 15
5 9 22
3 7 7
18 21 15
12 15 19
4 7 27
0 3 18
1 3 6
10 15 2
9 12 5
6 9 5
21 22 5
21 23 27
2 4 28
9 11 37
14 17 42
17 21 2
11 13 24
0 2 41
21 0 20
15 17 34
4 7 18
6 11 44
0 2 35
0 3 6
2 6 6
7 12 23
4 7 20
2 5 13
4 6 14
1 3 46
4 8 16
18 20 25
22 1 1
4 6 10
18 22 17
4 9 29
3 5 20
17 22 2
19 21 16
23 2 6
20 23 29
9 11 46
16 20 24
4 7 15
6 9 45
19 23 13
20 1 45
12 15 32
14 19 15
23 2 30
19 23 3
18 20 39
1 5 9
14 16 17
0 4 29
14 18 19
13 17 30
8 14 35
15 19 1
5 8 18
20 23 22
1 5 3
8 11 36
15 17 29
9 12 42
22 0 45
21 0 20
7 9 41
6 10 11
9 14 14
3 6 5
19 22 24
21 2 6
16 19 14
19 23 38
13 15 12
22 1 25
11 13 44
14 16 45
23 2 25
22 23 9
16 20 8
2 5 16
14 17 26
10 11 25
23 3 10
23 2 6
1 5 17
23 4 33
10 13 45
17 18 7
14 19 35
0 3 33
2 3 40
10 15 4
6 10 9
15 19 35
19 21 24
11 14 7
14 16 19
20 23 26
21 1 32
13 15 21
7 9 7
12 14 34
14 16 44
4 7 38
13 16 18
21 2 9
6 8 25
11 14 19
7 8 46
5 8 16
1 5 36
8 11 13
12 15 34
15 19 28
18 22 18
19 21 17
5 8 7
20 21 46
1 4 22
23 2 11
1 4 39
5 8 8
6 9 35
11 14 24
22 1 14
12 15 16
20 22 28
3 6 13
8 10 7
3 4 13
17 20 11
23 1 12
11 13 2
18 21 27
23 2 24
13 16 32
18 21 41
19 22 46
18 21 15
2 5 44
8 11 10
22 1 39
16 17 36
20 21 39
0 4 16
12 15 10
19 22 3
8 12 8
9 10 43
8 12 9
1 5 25
12 14 9
18 20 28
21 0 46
15 20 20
10 12 12
2 7 24
1 7 32
6 9 9
13 15 25
23 2 3
8 12 20
15 18 24
21 23 5
17 21 17
19 22 33
22 2 13
21 0 14
22 1 27
14 18 39
22 2 13
3 6 45
17 21 37
6 9 45
7 11 1
14 17 29
0 3 5
11 14 22
1 5 15
10 13 46
23 1 45
22 1 4
16 20 45
22 0 46
9 10 15
7 11 29
4 9 5
13 16 15
12 16 35
17 20 7
18 20 11
19 23 30
1 3 42
10 14 20
7 10 43
2 6 42
9 13 41
18 20 45
22 2 7
10 11 21
5 7 14
5 9 3
13 14 37
7 11 24
21 2 42
5 7 23
21 1 6
12 14 4
6 8 22
22 1 40
2 4 33
13 16 32
16 17 20
7 10 9
17 21 20
2 5 31
5 9 39
19 20 10
16 19 12
18 20 38
1 4 10
3 5 35
6 9 4
10 13 41
22 0 39
2 6 13
16 19 26
20 23 26
17 20 26
12 14 24
10 12 1
4 6 25
6 10 40
12 15 24
15 16 33
17 19 41
15 18 33
2 4 36
6 8 39
3 7 17
20 21 26
2 6 13
20 21 30
22 23 3
22 2 23
11 14 26
13 16 26
3 8 3
7 10 37
7 10 31
8 11 28
5 8 36
23 1 16
11 15 31
18 21 5
10 12 27
18 22 25
11 16 41
6 8 29
7 10 37
20 21 15
6 10 32
13 15 26
2 4 13
13 17 22
21 1 2
15 19 38
15 18 20
11 13 9
1 3 21
0 3 37
9 11 1
18 20 12
15 19 39
3 5 29
8 10 44
17 21 16
20 23 26
11 16 5
21 23 5
4 8 32
20 22 19
20 23 43
6 7 46
20 23 17
5 7 40
5 9 20
12 13 22
1 3 15
11 15 9
12 14 16
13 16 15
3 6 45
13 16 24
0 4 41
0 4 25
14 17 33
4 8 41
10 11 22
10 14 6
15 18 45
18 21 14
6 8 9
9 12 41
7 11 4
14 16 28
16 19 34
9 12 15
6 8 43
1 4 23
8 10 31
10 14 21
2 5 39
23 0 38
18 20 19
9 10 14
22 1 3
7 10 41
7 10 32
3 6 1
4 8 2
5 6 44
1 2 39
19 22 16
2 5 45
23 1 41
0 2 40
6 10 23
21 1 24
2 4 17
3 7 2
7 9 11
15 16 16
14 19 11
1 5 9
22 2 42
0 4 16
22 3 14
5 8 45
19 22 41
17 19 39
11 14 31
6 9 7
1 3 43
11 15 16
22 2 45
16 17 12
17 20 36
4 8 32
23 1 40
11 13 38
21 2 17
4 8 19
11 13 41
16 19 22
11 15 5
17 20 11
7 9 11
3 6 40
1 3 25
14 15 43
16 20 43
17 19 40
2 4 19
3 6 20
2 4 5
18 22 40
9 11 23
10 12 12
15 19 21
0 3 40
8 12 44
7 9 27
8 12 14
21 23 28
8 11 40
8 11 14
10 12 30
12 14 32
1 3 17
18 21 23
19 22 20
14 17 35
0 2 30
7 9 40
16 18 39
16 20 27
5 9 37
19 20 34
12 14 27
6 10 44
16 21 23
5 9 8
15 18 26
14 17 15
15 17 38
5 10 24
8 10 21
4 7 16
5 6 14
7 10 36
1 3 8
16 19 8
21 23 38
7 11 1
16 20 32
21 23 42
17 19 17
12 17 25
7 11 29
14 18 26
11 14 33
12 16 43
2 6 40
12 16 10
0 4 10
21 2 24
20 22 36
9 12 17
6 9 4
8 12 17
4 6 32
2 6 13
3 7 39
17 19 8
20 0 35
20 22 40
3 5 37
21 0 33
13 15 35
15 17 2
13 17 7
0 2 16
2 5 1
22 0 43
7 10 14
15 17 24
20 23 45
9 12 20
23 3 9
23 1 39
15 16 19
22 1 13
19 20 1
3 6 1
4 5 30
13 16 44
23 3 46
9 12 26
21 0 38
19 20 10
20 22 39
8 11 44
21 21 44
20 22 8
23 4 23
8 12 30
11 12 40
17 20 39
0 4 15
15 18 17
20 1 35
8 11 2
1 3 24
1 6 27
13 14 9
19 22 18
11 12 29
20 21 18
9 13 13
8 11 1
3 5 43
5 9 44
5 8 12
12 15 1
23 2 21
12 14 1
17 21 17
21 0 7
13 16 44
12 16 21
19 22 35
8 11 13
4 7 42
13 17 2
22 0 7
1 4 39
10 14 26
4 6 29
22 0 16
8 11 31
15 19 31
20 23 14
12 14 31
3 5 24
22 2 16
20 0 43
0 1 30
6 11 19
7 10 36
6 7 38
18 21 16
8 11 46
0 5 34
1 3 14
23 2 25
7 9 11
13 19 42
4 6 39
4 6 12
2 6 3
20 0 6
17 21 38
12 13 35
8 10 8
20 23 43
11 15 10
19 22 13
14 16 34
17 19 11
8 11 28
11 14 42
0 3 24
6 9 36
14 17 20
18 21 7
3 6 27
8 10 25
3 5 17
1 4 33
14 18 27
11 14 2
23 1 5
5 7 16
1 3 9
9 10 40
1 5 37
3 5 5
2 7 44
3 6 19
22 3 14
15 17 42
4 8 13
15 18 29
21 23 42
18 21 23
8 9 41
10 14 20
5 8 21
2 4 24
6 11 1
7 9 31
14 18 12
15 20 29
9 12 29
20 23 44
8 12 29
21 0 41
22 0 9
18 21 27
9 11 1
7 10 29
13 16 42
5 7 4
6 7 45
10 13 40
7 10 17
0 1 13
20 0 23
23 1 13
10 14 38
16 21 23
22 23 26
17 18 10
5 9 9
23 2 8
8 10 18
18 19 8
9 13 14
8 10 3
7 11 4
7 9 14
22 2 35
11 14 37
10 12 3
19 22 25
17 19 41
23 1 26
9 12 7
20 23 42
17 20 12
13 16 39
14 17 27
8 11 22
10 13 17
18 21 30
1 3 15
3 8 5
0 2 24
12 14 15
22 3 22
6 10 44
8 11 34
20 22 6
20 22 24
1 3 31
22 1 26
11 14 14
11 13 13
1 6 38
4 5 8
18 20 14
22 1 4
18 20 11
15 17 26
17 19 15
5 9 23
17 19 12
7 9 39
6 9 10
8 11 9
1 4 16
5 8 10
23 3 27
20 22 30
21 0 38
3 6 15
11 12 41
3 6 18
20 21 38
11 15 31
22 1 37
16 19 27
3 7 32
19 21 29
8 9 20
15 19 13
0 3 18
19 20 2
21 22 43
5 7 2
17 21 22
14 17 23
16 19 43
21 23 9
13 18 32
13 15 13
4 7 42
13 16 27
12 13 11
20 22 9
2 3 44
21 23 33
15 19 44
13 17 14
15 17 6
6 7 21
2 5 7
14 16 26
19 23 17
22 2 5
12 14 22
17 21 18
5 8 37
2 5 44
7 9 44
17 21 25
1 4 34
15 19 24
9 12 43
13 15 29
11 14 9
10 15 10
4 8 6
3 7 4
7 11 15
17 21 27
23 1 23
0 4 40
6 8 16
5 10 15
16 18 27
15 15 2
13 15 33
21 23 7
19 23 9
3 4 22
6 9 14
3 8 22
12 16 24
11 15 23
10 15 13
11 16 2
1 4 46
13 17 24
17 21 21
7 12 39
9 9 21
14 17 13
1 4 32
3 5 16
6 9 22
2 4 46
3 6 22
1 4 3
14 18 30
22 2 22
2 5 41
21 2 5
8 9 10
0 2 39
11 13 44
13 16 41
18 20 21
5 6 23
15 18 13
21 0 29
21 23 13
9 11 28
9 12 43
23 3 22
6 8 44
8 10 23
2 3 20
10 13 14
20 23 3
8 11 9
1 4 34
13 17 35
21 0 34
18 21 37
20 23 25
21 3 20
13 15 1
21 23 12
17 20 40
8 11 29
1 3 4
12 14 5
0 4 32
13 17 12
11 14 35
23 2 19
7 9 16
3 7 17
19 21 35
10 14 11
9 11 3
23 0 26
0 3 26
21 0 39
18 19 46
11 15 32
6 10 26
16 20 37
20 23 39
21 22 14
4 9 41
12 14 10
15 18 5
19 22 7
8 11 41
10 12 17
5 9 20
23 1 31
0 3 30
17 21 22
4 7 12
11 14 19
7 9 24
4 8 14
23 0 10
22 1 24
21 23 33
16 21 4
12 14 38
5 8 22
12 12 42
13 17 34
21 22 33
21 23 27
7 10 12
7 9 5
3 4 3
20 22 18
6 7 18
6 9 1
3 6 2
20 22 29
3 7 38
23 2 20
4 6 10
0 2 23
3 8 4
22 1 37
8 11 31
2 4 26
20 22 14
12 15 18
10 13 29
21 0 29
4 6 9
21 23 10
9 12 40
3 7 22
5 6 7
19 23 28
5 7 38
10 14 5
4 6 34
21 0 10
23 3 23
2 5 10
20 22 45
3 6 30
23 0 24
15 16 35
15 20 27
9 12 24
18 20 17
18 20 5
2 6 19
4 8 25
19 21 9
3 6 36
3 5 23
11 14 34
19 21 30
17 19 30
8 10 4
11 14 19
23 0 7
4 6 19
12 14 17
23 2 2
10 13 39
2 5 24
7 9 2
2 5 30
6 9 45
18 22 32
9 12 24
6 9 4
11 15 17
4 8 38
2 4 17
8 12 20
23 3 14
13 16 1
9 13 37
6 9 13
0 3 17
9 11 43
18 19 36
19 22 6
8 12 45
12 14 23
18 20 2
23 1 44
16 20 6
18 21 41
18 21 6
8 12 7
16 18 45
10 13 19
12 16 13
6 12 19
13 15 37
23 3 27
11 14 38
20 23 9
16 20 3
22 1 31
12 15 29
6 9 4
15 19 35
22 1 2
4 8 21
20 0 43
21 0 29
23 2 37
18 20 25
6 11 21
0 3 46
13 17 19
1 3 34
20 23 18
10 14 27
1 4 10
6 9 39
9 11 1
14 17 12
4 8 20
12 16 37
13 16 39
12 15 9
15 18 16
14 17 16
15 19 33
2 5 37
18 22 42
18 19 27
17 21 18
16 18 43
11 16 13
16 20 6
2 7 29
22 3 37
14 17 18
13 16 5
16 19 13
0 2 29
17 22 42
15 19 19
14 16 46
4 7 44
18 22 23
22 2 45
12 15 20
9 12 40
7 10 2
20 1 42
15 18 17
23 3 12
16 18 5
19 21 16
8 12 43
10 14 8
23 2 46
16 19 8
19 23 24
17 21 22
13 16 35
21 1 39
1 5 3
1 5 20
5 7 36
21 22 28
3 4 39
18 21 12
23 2 33
8 11 18
18 22 44
14 18 34
0 3 8
21 1 4
16 19 17
20 23 29
16 19 4
5 9 13
18 22 42
16 18 34
20 23 11
23 1 31
11 15 35
23 1 6
7 11 9
18 20 29
0 3 33
6 7 20
9 12 34
0 4 30
8 11 44
18 20 41
5 8 36
23 4 36
10 12 10
15 18 1
13 14 9
0 4 6
3 6 41
17 19 6
10 14 20
4 7 21
8 11 35
0 4 45
8 10 11
14 17 15
21 0 8
21 1 23
10 13 27
19 21 19
8 11 32
11 13 27
23 3 46
19 22 15
0 3 31
5 8 8
10 13 42
11 14 11
11 15 34
8 11 38
1 3 18
17 19 15
18 23 14
8 12 40
23 2 1
15 17 18
19 22 34
23 2 15
0 2 23
1 3 32
17 20 35
5 8 46
16 19 37
22 0 18
15 17 13
18 22 11
15 19 20
23 2 32
17 21 27
0 4 7
12 13 19
5 9 35
6 8 10
18 22 23
11 15 9
20 22 1
19 23 29
3 5 43
8 10 34
21 0 18
2 6 19
4 8 44
20 23 41
22 1 44
18 21 17
16 19 27
6 10 29
21 0 44
15 18 33
2 5 27
11 13 8
6 9 29
19 22 25
9 13 28
13 16 40
21 23 27
15 18 18
6 9 15
1 5 40
20 23 44
21 0 40
7 8 34
4 6 31
1 4 30
13 16 42
9 13 42
11 13 23
18 22 2
14 16 34
12 15 37
14 16 30
4 7 42
2 6 2
11 15 5
3 7 15
22 1 13
2 6 21
19 23 32
4 5 12
4 8 29
2 4 11
10 13 39
19 22 45
5 9 43
10 14 17
20 0 45
14 18 33
19 22 22
18 21 11
0 3 33
3 5 34
17 19 40
9 13 6
12 15 45
9 12 4
1 3 26
6 9 25
12 15 34
5 9 2
21 1 40
6 8 37
3 5 42
8 10 6
1 3 18
4 7 1
19 21 30
7 12 17
4 6 34
20 23 23
2 6 17
9 13 8
5 7 8
17 21 20
4 7 15
12 16 27
11 14 5
21 0 42
13 16 39
19 22 22
20 0 32
11 14 15
11 15 43
21 2 22
9 11 44
3 5 8
23 2 31
19 0 28
15 18 3
13 16 42
23 1 32
3 6 36
4 8 5
17 19 34
18 22 14
6 10 17
1 4 15
13 16 9
1 6 20
17 19 36
7 9 6
8 10 27
19 22 3
11 12 12
8 11 12
9 14 15
15 18 18
9 11 15
3 5 23
18 20 13
12 14 24
20 0 35
10 12 13
19 23 18
13 16 28
20 23 4
6 8 40
19 0 15
17 19 12
9 13 24
14 17 6
18 21 9
8 13 37
23 3 44
7 9 19
15 19 11
8 12 3
23 2 19
15 19 46
18 22 30
2 6 44
8 11 10
21 0 41
11 14 15
12 14 42
1 4 43
14 17 1
9 12 39
17 20 30
10 15 39
19 21 3
18 21 42
1 5 28
8 11 13
7 10 26
10 12 4
12 15 37
22 1 32
20 23 36
19 22 30
6 8 31
19 21 7
18 18 12
0 4 19
9 13 35
15 17 20
1 2 40
16 19 3
22 1 24
15 18 25
3 5 38
18 22 38
9 11 25
15 19 16
0 3 18
18 21 16
3 6 28
5 8 30
17 18 32
16 20 26
17 19 23
17 18 44
14 17 20
21 1 12
22 2 7
7 10 4
18 21 11
3 6 15
19 22 11
14 18 39
15 19 23
21 1 34
18 21 45
16 19 41
21 23 23
2 5 35
1 4 43
5 7 35
8 11 35
14 16 23
10 14 13
19 22 17
7 9 24
20 23 18
19 23 26
8 12 4
10 12 28
6 9 20
10 12 21
17 19 39
18 21 34
14 18 32
15 17 5
13 15 6
11 14 4
12 15 16
23 2 30
9 11 13
17 20 26
1 4 45
21 0 46
3 7 14
9 10 9
4 9 10
5 10 32
2 5 12
20 22 11
0 3 16
3 5 25
19 22 19
1 4 17
6 9 14
4 7 17
12 15 26
23 2 31
22 0 39
17 19 7
8 11 19
5 7 26
17 19 8
20 23 27
11 15 8
22 23 5
19 22 20
4 8 25
8 10 15
9 13 46
15 19 12
15 17 43
6 10 6
4 8 20
1 5 35
23 3 12
9 14 34
2 5 39
10 12 37
21 22 34
19 22 35
19 20 12
0 3 42
1 5 5
15 19 14
4 8 18
0 3 26
11 14 6
4 8 43
23 3 45
22 0 23
20 0 25
8 11 34
17 18 35
4 7 21
4 5 26
17 21 24
6 11 36
6 10 35
22 0 11
8 12 30
12 15 33
19 22 13
3 5 3
3 8 33
9 11 11
21 0 38
21 22 43
11 14 34
0 4 8
3 6 43
5 7 20
21 0 6
1 4 21
10 13 23
15 18 39
19 21 33
17 21 39
12 15 13
3 7 45
9 13 17
5 8 9
2 5 11
14 19 26
3 7 5
13 15 33
2 5 34
1 4 35
11 15 8
8 12 6
18 21 8
7 9 30
2 6 14
18 22 36
11 14 16
5 8 29
20 20 1
12 13 33
11 14 32
6 9 32
17 19 9
20 1 37
22 1 40
22 1 39
6 9 40
19 21 30
11 15 5
2 5 9
4 7 12
4 9 33
8 10 18
21 0 2
15 16 12
1 6 30
8 12 38
4 7 17
21 0 1
1 3 18
21 23 36
4 8 19
6 10 44
13 16 31
2 5 43
12 17 12
22 2 1
8 13 43
21 0 27
9 11 21
12 16 15
15 19 29
17 19 6
3 7 24
5 7 4
8 10 24
4 8 17
21 0 20
4 7 15
18 22 35
21 0 10
5 9 33
6 8 6
15 20 3
10 13 16
19 21 9
8 12 43
22 23 17
8 11 41
3 6 19
8 12 12
15 20 4
12 16 9
5 8 30
10 13 35
7 11 5
18 23 42
19 21 22
10 13 5
22 2 39
21 2 22
13 15 26
18 21 27
14 18 9
21 22 46
0 4 2
21 0 38
7 10 37
2 6 25
5 9 40
4 8 7
7 11 26
6 9 24
2 6 26
13 18 39
12 15 16
12 16 14
20 22 16
19 22 33
19 21 2
7 11 17
14 15 7
17 22 25
2 5 12
7 10 31
20 0 23
4 8 11
4 9 32
7 10 44
16 19 31
17 18 12
20 0 10
1 3 37
10 13 8
18 21 39
2 6 35
4 8 27
3 6 28
15 17 46
11 12 25
16 21 35
15 17 15
15 17 33
11 14 28
2 4 28
21 1 27
20 0 22
17 20 38
10 13 23
16 18 38
19 22 18
5 7 30
22 1 21
5 6 31
7 9 37
17 20 42
6 8 29
10 15 25
6 9 46
21 0 22
14 17 40
11 11 35
0 3 17
0 3 30
1 3 7
0 3 44
17 19 1
23 2 1
0 3 31
2 5 26
2 7 2
17 20 3
8 13 37
2 5 22
6 9 21
14 17 20
4 8 28
9 13 14
21 1 22
21 2 45
20 0 40
5 10 44
7 10 14
0 4 45
5 7 17
4 6 2
10 13 4
21 0 41
19 22 38
6 9 9
12 16 5
18 21 33
10 15 30
17 21 20
20 0 28
2 4 9
5 9 7
1 5 20
7 10 31
14 17 9
10 11 44
18 22 37
20 23 16
5 8 13
19 23 7
9 12 7
4 6 43
16 19 39
9 11 45
12 14 13
14 18 10
9 12 23
16 19 43
15 18 10
23 3 21
20 1 9
6 9 46
19 21 29
0 4 23
13 17 33
16 19 28
3 6 6
4 7 33
15 18 26
5 7 24
9 13 1
16 20 24
23 2 27
22 23 26
11 12 13
15 18 38
19 23 9
7 9 1
8 12 2
15 18 2
9 13 35
14 18 30
3 5 46
16 18 20
7 9 5
12 14 44
5 6 28
9 12 22
2 4 7
7 10 13
4 7 34
23 2 22
11 12 18
11 14 7
13 17 2
13 17 46
23 1 26
12 14 5
0 3 2
13 18 26
8 10 9
5 8 9
5 8 9
12 16 18
10 13 42
23 4 41
7 11 27
18 22 38
10 15 33
11 13 6
20 23 39
2 5 21
11 14 38
20 0 42
3 6 45
18 22 16
2 5 37
5 9 37
12 14 7
0 3 8
19 23 11
8 9 23
21 0 42
21 0 18
4 6 30
7 10 25
4 6 28
11 15 19
15 17 15
16 19 2
0 3 5
3 6 1
7 9 8
13 16 1
11 14 27
4 6 5
13 15 39
17 19 23
2 5 2
15 19 31
20 23 31
14 17 29
11 17 45
21 0 42
13 17 14
18 20 30
14 16 21
7 8 41
23 4 16
5 8 28
22 1 11
10 14 10
19 22 5
9 12 29
16 19 33
5 8 9
19 22 11
16 20 1
0 2 39
12 14 14
1 5 6
8 10 26
0 3 41
4 7 41
2 4 32
7 9 17
23 1 44
3 4 40
12 15 11
19 22 33
1 3 30
5 6 6
13 16 9
5 6 3
14 18 46
23 3 36
15 18 12
9 12 17
16 20 25
11 14 33
6 11 36
23 1 6
9 13 7
23 1 21
10 13 33
5 9 35
11 14 29
6 10 20
14 14 8
4 9 4
11 14 27
22 1 37
18 20 4
13 17 29
16 20 30
18 19 34
21 0 27
11 15 12
4 7 42
1 2 25
14 16 14
23 1 17
4 6 21
14 16 1
0 3 2
4 6 27
12 16 12
17 19 20
19 23 31
7 8 12
5 8 1
22 2 40
17 20 8
22 1 38
4 7 14
21 0 30
10 13 17
19 22 24
15 18 5
14 20 26
18 21 9
9 11 35
22 1 31
7 10 26
9 12 20
4 7 4
1 4 8
19 22 28
3 8 32
5 9 5
7 12 31
21 22 44
4 7 36
20 23 8
12 14 5
2 7 23
18 20 15
21 1 4
23 2 25
23 2 41
17 18 22
1 3 2
13 17 19
11 14 16
20 0 3
9 13 40
20 0 40
23 1 20
6 9 21
10 12 41
1 5 41
2 5 40
6 6 40
16 21 18
12 16 38
18 22 35
16 16 30
11 13 40
11 15 23
10 13 18
11 14 46
19 21 34
14 18 45
4 6 1
20 21 26
5 8 27
13 17 34
12 13 45
1 6 7
0 3 21
17 20 29
18 20 4
2 5 15
22 1 13
19 20 17
8 11 41
18 21 23
9 14 30
11 14 12
22 2 8
23 2 20
10 13 34
1 4 10
21 0 37
19 21 31
17 22 20
15 18 38
11 15 3
10 13 2
1 3 29
1 4 46
7 10 32
11 13 46
16 19 36
4 6 3
2 6 19
5 9 45
5 6 13
16 18 34
19 23 44
17 20 14
16 18 46
21 0 28
8 11 31
20 0 20
12 13 33
6 8 41
6 8 12
3 4 12
7 8 4
23 1 32
15 18 44
2 6 13
19 23 40
11 12 31
12 15 6
14 18 41
14 18 14
7 10 45
15 18 34
3 6 28
17 20 46
5 8 24
9 13 11
12 15 37
0 3 33
22 2 40
13 16 4
12 14 27
0 2 21
8 12 11
11 12 45
7 11 12
8 12 26
20 0 26
11 16 36
3 6 21
23 1 41
16 18 24
12 12 40
2 6 8
10 14 5
11 12 1
2 5 13
16 19 24
2 5 22
9 11 26
4 7 29
11 14 12
3 7 29
0 3 25
3 6 18
10 14 8
16 19 21
8 11 9
14 17 36
9 12 22
17 21 23
3 8 38
16 21 28
12 14 36
21 2 43
15 18 36
14 18 39
0 3 1
1 4 25
17 19 19
22 0 4
16 19 13
8 10 45
16 20 30
20 22 36
8 12 1
11 13 1
22 1 17
11 16 15
20 23 16
2 4 7
18 21 15
5 9 16
16 19 26
22 2 19
22 1 4
6 8 10
14 17 33
4 7 6
0 5 13
9 12 8
2 6 34
22 1 12
20 23 9
1 5 23
3 6 9
20 23 35
7 9 4
3 6 14
23 1 18
18 20 34
7 10 25
7 9 45
11 13 41
10 13 16
19 23 8
18 23 42
22 3 31
18 21 26
15 19 28
23 2 23
14 16 6
17 21 16
8 10 15
19 21 38
13 16 12
8 13 3
12 12 4
8 10 16
17 21 11
17 19 36
2 6 11
8 10 16
13 17 40
17 20 34
12 15 13
3 7 45
8 11 36
16 18 21
0 3 13
9 12 17
2 4 41
21 3 4
16 20 26
8 11 36
18 22 42
6 7 35
13 16 1
15 19 43
10 12 45
17 21 24
9 14 24
15 19 38
14 18 36
16 18 18
0 3 40
14 17 2
21 23 20
12 16 27
0 3 11
10 12 29
20 0 42
16 19 45
15 17 40
0 4 39
18 22 10
13 14 11
6 7 35
15 18 33
21 23 29
19 21 5
14 16 46
15 18 12
12 15 17
4 9 35
23 2 24
4 7 9
8 10 22
13 15 31
16 20 9
22 3 34
10 13 17
22 1 7
18 21 19
5 9 38
19 22 42
9 12 40
1 4 1
20 1 38
3 6 31
13 16 6
5 9 25
13 18 42
21 1 26
4 6 16
7 9 11
14 17 25
13 17 37
3 7 40
3 4 4
8 10 7
2 5 8
15 18 32
3 5 24
15 18 13
16 19 16
10 13 39
3 5 29
9 11 36
1 3 18
6 9 23
14 17 7
23 3 9
3 7 18
19 22 41
12 14 31
6 9 27
8 11 19
10 14 39
23 2 30
20 0 24
18 22 44
8 11 26
0 3 1
6 8 27
23 1 13
20 22 33
15 18 32
8 11 40
6 8 28
4 6 17
2 5 10
10 14 45
9 11 15
23 2 35
15 17 39
21 23 19
7 12 38
20 1 33
13 16 24
9 11 45
2 3 5
2 5 33
12 15 28
23 2 43
4 6 45
0 2 11
10 12 38
1 4 44
23 2 5
1 5 26
9 12 17
15 17 39
12 15 9
22 0 6
2 3 34
14 17 15
1 4 38
7 10 28
10 13 41
0 4 32
17 20 1
8 11 46
0 4 16
2 3 4
21 0 10
10 13 5
8 10 16
10 13 40
18 21 36
12 14 7
3 4 18
10 12 11
15 17 39
6 9 33
7 9 28
6 10 29
20 2 33
14 17 17
18 21 37
14 18 37
1 6 46
22 2 22
5 8 46
15 17 11
21 1 11
7 10 29
6 9 2
14 20 8
18 20 35
3 6 13
23 2 22
8 11 34
16 17 2
18 21 12
7 12 14
17 19 22
23 1 8
13 17 43
20 23 31
6 11 6
13 16 21
11 13 41
19 20 15
3 6 21
7 10 23
17 19 16
18 20 26
20 21 24
16 19 29
19 22 2
23 2 26
4 7 18
4 7 3
12 14 26
3 6 28
11 13 3
19 23 37
0 3 14
13 18 3
9 12 31
3 5 31
8 11 41
13 17 31
6 10 5
10 14 27
2 7 27
16 20 8
15 20 17
10 12 19
6 7 1
13 16 39
1 2 16
1 4 18
7 9 19
14 17 44
3 8 16
0 2 38
5 9 20
1 4 2
1 3 3
23 4 46
5 9 46
0 2 5
15 18 36
7 10 44
20 0 21
15 18 26
22 1 17
10 15 34
22 2 20
23 3 42
6 8 35
6 8 37
2 5 29
20 1 2
20 0 28
0 1 15
6 10 9
8 11 32
5 7 42
0 3 21
4 6 32
12 14 5
3 4 12
7 9 6
7 10 10
12 15 39
2 6 44
19 21 15
3 9 24
12 15 37
23 23 22
20 0 16
8 13 13
11 15 46
13 16 31
17 20 14
9 13 14
11 13 25
6 9 34
9 12 45
9 13 3
10 13 29
12 15 5
19 22 27
9 12 25
0 2 16
17 21 21
2 4 42
7 10 17
10 14 13
23 2 2
20 21 7
6 8 4
19 22 45
12 15 25
6 11 39
2 6 27
10 14 6
7 10 34
6 8 17
23 1 40
5 10 14
6 10 3
8 11 5
4 6 5
1 6 16
4 6 27
9 11 15
10 15 36
5 7 19
0 3 33
14 16 35
13 16 17
13 15 21
8 11 33
3 7 30
3 4 20
20 23 42
4 6 31
6 8 46
10 14 4
3 7 36
6 9 18
21 0 38
14 16 17
4 7 44
9 13 10
9 11 9
23 1 25
15 17 44
20 0 27
19 21 23
22 2 4
15 19 1
19 22 17
2 5 30
0 3 33
15 18 43
9 12 24
4 5 24
6 8 14
21 23 16
6 9 23
2 5 27
2 6 11
3 4 33
20 23 42
20 23 25
4 8 4
6 9 20
0 3 20
12 15 5
6 9 37
15 19 4
12 14 42
10 13 1
8 10 29
18 20 1
1 3 13
2 3 13
16 19 30
14 17 12
13 14 44
19 23 3
17 20 15
13 16 13
11 13 8
20 1 37
13 16 45
0 2 22
5 7 13
6 10 7
11 13 28
21 2 6
0 3 1
4 7 24
12 14 23
6 9 41
12 15 25
9 10 10
11 13 23
19 21 30
12 14 39
1 4 43
9 13 4
19 20 45
3 5 3
15 20 29
21 21 15
1 6 5
21 0 10
14 17 18
22 2 38
7 10 3
12 15 28
22 1 25
6 11 30
16 18 44
16 18 22
22 0 41
18 21 27
7 10 6
20 23 12
13 16 16
15 18 2
12 14 30
1 5 2
14 18 2
14 18 18
19 22 4
4 8 15
12 16 23
14 17 26
18 22 20
19 22 10
5 8 2
23 2 42
0 3 7
2 4 23
15 17 13
17 22 42
0 4 20
20 23 29
18 22 3
14 17 2
11 13 10
0 2 11
4 7 6
6 9 18
20 22 32
10 13 21
15 19 23
1 3 43
11 14 17
22 0 3
16 19 15
9 14 21
7 10 35
9 12 19
12 14 43
15 17 12
10 13 27
12 15 17
19 19 1
12 16 3
20 0 26
15 18 7
13 17 35
19 21 13
12 14 33
1 5 14
22 23 44
3 6 18
19 23 2
2 3 39
6 9 29
20 21 27
6 10 29
23 2 22
22 2 25
20 0 23
6 9 23
16 19 44
1 5 11
8 11 44
3 6 8
2 5 8
9 12 8
11 15 24
5 7 6
7 9 45
4 6 36
23 2 5
21 23 34
11 14 44
9 13 32
6 8 39
1 4 43
6 9 2
4 8 1
10 11 43
18 22 32
23 2 15
13 15 30
20 23 39
15 18 22
7 10 8
1 5 29
4 6 34
8 13 29
20 0 36
22 1 27
22 1 21
3 6 35
20 0 1
19 21 21
19 21 12
14 19 21
0 3 41
10 14 14
3 8 21
9 11 34
14 17 39
7 8 30
2 5 42
15 19 41
5 7 15
19 2 27
3 8 2
18 21 24
0 3 11
23 3 27
19 22 29
13 17 1
18 23 32
9 14 27
5 9 24
5 9 30
13 17 5
10 14 7
15 19 22
16 22 4
7 10 12
15 18 29
20 22 40
9 13 26
16 20 39
2 7 9
8 12 16
12 15 22
4 8 22
23 3 2
4 6 46
0 2 26
5 9 43
16 20 43
23 0 10
19 22 11
13 16 44
19 22 22
15 17 18
18 21 12
15 16 9
8 10 38
1 5 13
2 5 25
11 14 10
13 17 19
18 20 38
5 9 34
16 20 33
20 23 32
14 19 42
15 18 6
1 5 21
20 23 41
22 2 14
14 17 14
10 13 9
1 4 37
10 12 37
9 12 31
4 6 19
16 19 36
10 12 15
3 6 9
12 16 5
5 7 28
14 15 30
12 15 16
7 11 25
16 19 14
20 22 10
14 16 30
13 17 34
3 7 43
10 14 29
14 17 8
19 21 21
15 18 38
19 22 38
5 8 2
10 13 37
6 9 21
12 14 29
14 17 1
18 21 11
9 13 46
17 21 15
1 4 10
12 16 15
1 4 44
22 2 41
0 2 9
15 19 30
6 10 12
1 3 8
12 15 25
21 1 16
10 13 45
12 17 1
20 1 8
19 0 7
19 23 2
11 13 33
21 0 38
16 20 18
20 23 23
2 6 19
22 0 9
16 18 15
9 11 33
14 17 11
3 7 36
19 22 25
17 21 26
21 23 8
17 21 22
10 13 22
17 21 2
15 18 38
14 17 10
20 23 46
6 8 31
16 19 21
23 22 43
8 10 33
14 16 13
0 3 28
13 15 40
5 8 5
15 19 10
14 17 12
12 14 33
8 9 29
16 17 45
12 14 22
15 17 25
14 17 46
23 3 2
3 6 46
1 2 19
19 22 43
10 12 4
22 2 22
8 12 44
9 12 29
23 2 1
2 5 41
7 9 2
10 12 41
14 15 12
1 4 24
21 0 4
6 9 20
0 2 1
1 5 19
16 20 45
5 8 25
13 16 26
8 11 10
9 11 35
23 3 12
15 19 31
13 16 23
15 19 19
4 6 23
3 5 44
2 4 25
18 19 30
19 22 46
10 15 34
9 12 6
10 13 14
6 10 43
9 12 18
19 22 6
18 23 13
10 13 9
4 6 13
1 4 23
20 1 3
1 5 24
17 18 31
1 3 24
2 5 38
15 17 36
2 5 29
22 0 35
20 0 14
6 9 16
5 8 39
11 13 19
16 19 30
5 6 13
9 11 45
23 3 23
11 16 28
5 8 25
22 3 38
10 13 7
17 19 1
21 1 5
19 22 13
2 5 38
2 6 28
9 12 43
20 22 27
4 6 9
14 16 7
2 4 28
21 23 7
8 11 37
10 12 42
3 7 25
19 22 33
21 23 34
0 4 31
17 20 34
20 1 21
14 17 34
21 0 18
3 6 2
6 9 46
2 4 41
10 14 1
4 7 26
4 8 43
7 10 44
9 12 43
22 1 35
7 11 35
16 20 22
17 19 20
22 1 9
18 22 46
23 2 16
7 10 25
6 10 43
14 17 9
0 3 41
19 22 25
16 18 27
16 20 41
3 6 46
4 6 10
6 8 17
1 5 26
9 12 4
19 23 38
15 16 30
11 14 46
20 23 39
11 13 34
23 3 42
8 11 42
12 14 1
16 18 43
8 9 29
2 4 40
23 1 13
7 10 45
6 9 38
8 11 30
12 15 26
7 11 24
4 9 25
9 12 14
12 14 1
0 4 17
17 20 33
15 18 7
20 0 38
17 20 20
18 21 7
12 15 31
18 18 24
1 4 21
14 18 8
7 11 39
14 16 30
14 16 2
17 20 7
7 10 35
15 19 42
1 4 29
18 21 32
10 14 20
20 22 8
8 13 43
8 10 6
8 10 40
11 14 10
20 0 19
10 12 13
14 18 8
22 0 14
1 4 36
11 15 41
7 10 4
0 4 12
16 19 36
4 8 33
6 10 24
15 19 14
8 12 4
19 22 36
23 2 9
6 8 44
12 15 10
9 12 20
21 1 30
5 8 29
19 22 1
15 18 9
14 18 13
15 17 3
14 15 29
16 20 38
23 1 44
5 9 35
17 21 22
2 5 45
3 7 9
18 20 29
6 9 44
16 20 41
3 5 9
1 3 25
21 23 27
14 18 9
5 8 42
6 10 9
15 18 12
3 6 35
1 6 15
12 14 34
9 13 2
8 11 18
21 23 39
6 10 35
22 1 36
7 11 6
2 5 17
13 17 14
11 16 16
3 7 13
13 16 30
11 14 25
7 10 12
2 6 26
6 10 16
20 23 2
10 14 6
0 4 12
12 15 42
20 23 36
22 0 36
2 7 9
4 6 45
14 17 3
0 3 27
18 21 38
14 18 45
16 19 26
17 21 19
11 12 19
10 13 33
23 3 40
11 14 3
9 12 26
4 7 38
10 11 45
5 9 45
19 22 14
16 21 26
16 17 32
22 0 4
5 8 20
21 0 6
2 4 39
9 12 44
22 23 44
6 7 9
13 15 22
5 7 10
13 17 17
11 13 13
4 8 37
2 6 29
3 5 27
14 17 12
0 4 17
4 8 9
2 5 26
13 17 3
10 12 25
16 18 4
13 16 42
17 21 27
6 8 21
3 8 36
22 1 9
8 10 44
17 20 7
0 3 33
22 0 8
19 22 38
16 20 8
17 22 8
23 2 23
2 4 44
2 5 17
22 1 30
0 3 7
6 11 29
19 0 46
2 3 11
11 14 44
20 23 16
17 19 25
14 19 14
15 17 10
21 23 42
14 18 31
16 18 10
11 15 27
4 6 23
13 17 17
17 21 12
17 17 7
18 20 3
1 4 2
11 14 37
9 14 28
9 11 43
2 4 16
6 9 30
22 0 6
16 18 45
6 9 21
6 9 42
18 22 4
2 6 36
7 9 8
12 16 16
4 5 6
16 20 39
5 7 11
1 4 11
11 15 9
13 16 10
0 3 45
3 5 24
1 6 26
2 5 34
7 10 13
1 4 26
1 4 39
8 11 14
3 5 20
15 17 36
0 3 20
10 13 12
3 6 25
14 17 23
3 7 24
10 13 4
1 7 6
21 0 45
1 2 7
6 10 4
14 16 29
16 17 25
10 12 2
16 20 39
10 14 45
9 12 37
5 7 45
5 8 32
6 8 40
2 6 6
9 13 7
16 19 42
1 0 18
15 16 29
9 10 34
23 3 22
5 8 22
4 7 44
8 12 13
11 14 5
7 11 18
2 6 19
22 3 28
19 21 1
21 2 30
7 11 13
20 1 24
14 18 43
14 18 11
1 3 45
10 12 2
3 6 10
17 20 41
19 21 43
2 6 6
1 5 40
3 5 3
11 13 12
17 21 21
18 22 39
23 3 28
16 18 21
6 9 16
15 19 39
10 12 42
23 5 16
14 18 39
15 17 26
9 12 6
2 4 9
16 19 8
8 11 16
11 13 14
7 11 43
18 21 28
9 11 19
14 17 44
3 7 18
18 21 5
1 5 2
5 7 22
4 6 8
10 13 38
11 14 33
16 20 15
14 19 36
12 16 22
12 14 6
11 15 20
20 22 29
22 2 38
1 5 4
4 9 36
10 12 15
16 19 4
23 3 45
18 20 41
9 13 36
7 13 27
17 21 24
19 22 8
8 10 14
20 22 43
7 10 27
19 23 41
19 21 41
22 0 40
5 9 5
22 0 6
4 7 8
21 0 2
1 5 5
19 21 13
17 19 23
15 19 3
13 14 29
5 11 38
8 11 25
13 17 26
9 11 38
20 22 40
22 0 28
1 2 33
5 8 17
19 23 7
10 13 4
18 20 44
11 15 40
1 4 34
5 9 21
7 11 21
21 0 8
2 5 29
23 3 43
15 18 10
11 12 37
11 12 2
19 22 3
12 15 8
21 0 14
17 21 42
8 13 26
19 22 38
12 16 26
15 16 3
23 2 9
14 14 18
6 9 30
12 16 16
20 23 33
16 19 18
19 22 15
23 0 45
15 18 13
23 2 37
8 12 34
4 6 1
21 23 7
19 23 15
10 14 15
7 10 29
9 11 25
18 21 44
0 3 34
17 19 1
12 14 11
3 5 31
14 17 17
7 9 39
9 12 11
13 15 4
13 16 13
16 20 27
4 8 8
19 22 37
15 17 21
4 7 22
3 6 42
15 20 18
23 0 33
11 15 38
12 15 33
9 10 2
16 19 35
9 13 6
6 9 20
9 11 11
19 22 15
12 16 44
2 6 45
16 18 46
12 14 20
11 14 42
15 19 2
2 6 12
16 20 32
7 8 43
19 20 46
2 6 19
2 5 43
1 5 22
22 2 28
4 7 41
6 7 15
8 9 4
8 12 12
16 18 4
22 1 23
2 6 43
15 18 43
21 0 9
14 17 15
20 0 37
19 22 13
23 1 8
21 23 44
16 17 32
15 18 35
7 12 5
23 3 10
1 6 43
18 21 43
12 15 21
23 2 12
0 3 10
6 8 19
16 19 24
15 17 12
22 1 24
13 17 35
5 9 35
3 8 12
9 11 37
6 9 38
0 3 8
18 20 14
14 18 7
22 23 10
3 8 23
7 10 25
5 7 7
16 17 26
0 2 18
14 15 27
4 8 39
7 8 41
14 17 21
14 17 13
0 5 38
14 17 13
11 14 15
4 6 25
4 7 17
16 19 35
15 18 10
17 21 38
21 0 45
12 14 33
5 6 29
14 17 16
1 4 33
12 15 3
23 4 5
5 6 31
20 22 41
9 11 25
5 8 33
13 15 23
10 15 5
15 18 33
11 13 29
5 8 35
1 4 5
21 1 10
10 12 31
17 19 29
21 0 19
2 6 34
17 19 17
10 13 14
9 14 46
0 2 6
2 5 15
11 15 17
18 22 38
15 18 1
1 4 9
22 1 2
9 12 15
22 2 23
12 14 9
8 10 26
21 0 45
1 3 36
6 8 33
1 4 27
0 3 21
12 13 44
18 21 12
23 4 42
14 16 8
9 11 18
21 0 36
12 15 27
11 14 35
21 23 34
1 3 22
3 5 19
23 2 13
23 2 44
4 7 10
10 13 22
2 6 1
13 15 23
15 18 24
14 18 32
8 11 10
7 9 35
15 18 19
1 3 43
11 14 2
10 14 27
15 17 25
8 12 41
2 7 18
15 18 34
20 22 9
12 16 23
18 20 44
14 18 15
8 12 14
7 11 31
22 2 33
21 1 44
16 18 12
6 9 10
17 19 39
11 15 22
23 2 11
18 19 37
17 21 27
19 22 6
0 2 30
5 7 13
17 19 36
18 21 1
9 13 46
16 21 21
5 8 3
12 14 15
4 8 24
7 9 31
4 7 6
2 6 26
2 5 1
13 16 35
10 14 38
0 3 26
20 23 15
21 0 21
0 3 20
1 4 3
3 6 14
17 19 19
3 7 19
17 22 41
4 7 3
12 14 3
14 18 32
18 22 38
0 4 27
1 3 12
0 3 15
14 17 14
12 14 33
7 10 14
1 6 18
18 22 3
17 21 25
18 21 28
17 19 44
4 6 43
13 17 34
13 16 18
13 16 37
0 4 6
3 5 39
15 20 25
12 14 6
2 7 30
2 6 40
16 18 10
21 22 19
1 3 32
18 20 8
17 22 17
8 11 19
19 21 20
13 16 9
12 15 41
14 18 16
10 13 21
23 2 5
5 9 31
17 20 7
8 11 39
23 1 1
8 11 34
12 15 8
17 20 32
16 20 41
7 12 27
10 14 35
21 0 34
4 8 26
22 1 28
5 8 26
1 5 13
15 17 28
16 17 20
2 6 25
0 2 45
7 9 43
4 7 3
11 13 14
13 16 16
0 2 10
13 16 35
18 21 13
20 0 24
21 1 8
9 12 31
5 7 9
7 10 9
0 3 37
2 5 32
21 0 4
22 0 15
0 3 37
6 9 22
10 14 5
6 9 16
18 20 28
10 13 20
16 21 31
11 14 43
13 17 11
14 19 6
20 0 8
12 15 43
5 8 31
18 22 32
21 0 21
4 7 20
18 21 36
9 12 32
14 16 21
17 20 6
14 17 46
22 2 15
21 0 28
2 5 35
7 10 44
9 14 32
2 4 20
10 13 20
7 11 38
6 8 38
11 14 10
17 20 11
20 2 6
19 23 45
1 5 1
7 9 14
20 22 43
4 7 20
14 18 36
1 5 19
0 1 38
22 0 19
12 16 40
10 13 34
10 12 12
21 0 34
8 12 10
17 21 25
4 5 32
16 18 31
13 16 45
23 4 37
4 7 1
7 12 16
15 17 24
11 14 27
16 20 18
15 20 35
0 3 6
16 18 43
19 19 6
16 19 32
11 13 44
7 10 4
21 0 6
18 22 46
5 8 42
2 6 27
10 12 14
12 15 28
0 3 20
23 1 42
13 15 1
10 15 36
2 5 16
17 22 13
22 3 32
7 9 36
12 14 2
11 14 35
7 10 39
11 14 11
19 23 2
23 3 1
19 22 8
22 0 37
0 4 45
8 10 9
19 22 46
22 0 21
20 1 22
13 17 22
17 19 6
16 20 43
10 12 9
6 9 15
5 8 38
14 17 10
16 21 24
2 4 46
21 23 2
10 16 22
19 22 16
11 16 26
9 12 7
14 16 39
11 14 6
3 8 19
16 20 27
4 7 5
1 5 22
0 2 12
4 8 43
7 11 35
4 7 16
11 14 15
16 19 45
3 6 37
3 7 6
17 21 32
0 4 40
17 20 41
11 14 13
4 5 23
12 16 46
7 9 4
15 17 30
18 20 32
14 17 8
15 19 34
14 18 21
1 5 18
18 21 31
11 13 1
16 19 32
13 17 18
19 22 33
1 3 3
9 13 7
18 21 30
3 5 1
11 14 31
6 10 34
23 2 1
4 7 38
6 10 21
17 19 23
7 9 5
20 23 6
7 9 2
10 11 14
7 9 32
16 19 35
1 3 30
4 9 5
22 3 11
10 14 4
21 0 6
17 19 30
23 1 36
0 3 19
10 13 22
9 11 21
12 15 22
5 7 18
22 1 44
11 14 32
4 6 31
19 21 22
0 3 13
23 2 25
23 4 13
20 0 24
14 16 11
5 8 24
21 1 6
14 17 13
6 9 6
17 21 7
13 16 22
7 12 35
13 16 15
9 11 32
5 7 30
1 3 20
8 10 14
1 4 42
21 23 15
5 7 35
0 3 43
6 9 27
18 21 26
14 17 39
6 7 20
12 15 43
1 4 4
17 22 27
17 20 7
5 8 10
6 9 26
1 5 12
3 6 35
13 17 30
7 10 6
3 5 1
20 22 46
11 14 32
3 6 3
20 23 23
19 0 12
10 11 2
10 14 15
17 21 6
10 14 26
8 11 28
5 10 5
0 2 30
14 17 10
0 2 14
17 19 16
13 15 42
21 1 44
0 2 16
7 9 22
14 15 36
6 9 18
14 17 34
4 5 29
5 9 41
4 5 14
11 13 36
14 18 33
23 1 45
1 5 17
9 11 30
11 13 3
8 11 4
21 23 43
17 19 42
20 0 11
16 20 28
1 4 10
15 18 10
22 2 19
6 9 38
15 17 18
16 19 33
3 7 36
4 6 5
14 15 30
5 9 21
8 10 5
4 8 43
0 4 46
22 1 9
19 20 5
19 22 31
13 17 4
6 10 27
20 22 45
7 10 37
14 14 42
4 7 6
17 21 43
18 21 34
15 18 10
17 20 20
22 0 35
14 16 37
7 12 38
13 18 27
23 2 27
16 19 24
21 23 21
10 14 36
12 16 1
1 5 25
11 14 31
21 23 40
8 11 6
4 7 32
16 18 32
13 17 31
17 19 17
5 8 6
4 7 12
3 7 12
7 10 30
8 11 16
6 9 19
10 13 13
22 3 33
21 0 39
1 4 36
13 16 46
6 9 39
13 16 25
11 14 38
5 8 34
12 16 8
16 20 22
16 20 24
4 8 22
12 16 14
5 7 29
17 19 32
18 19 20
11 12 19
9 12 2
8 11 8
22 1 42
14 17 44
13 17 15
5 9 3
5 8 21
15 16 7
21 2 3
8 11 30
8 12 33
13 16 32
1 5 41
21 22 30
11 13 22
22 0 37
1 4 10
16 18 28
8 11 4
14 18 4
22 2 19
19 22 28
21 1 11
8 11 36
7 12 27
3 7 17
12 16 43
22 23 35
22 23 13
15 18 22
16 20 41
7 11 8
20 21 32
0 3 36
13 18 30
0 3 34
13 16 18
22 1 34
15 18 12
14 17 44
21 23 34
9 12 23
10 14 13
1 2 37
19 21 44
0 5 8
8 12 22
23 1 12
15 18 44
12 14 44
21 1 3
0 2 8
17 21 5
19 22 25
10 12 43
15 18 22
5 7 20
0 2 30
19 0 10
2 5 18
7 9 20
0 3 24
16 20 31
19 23 2
16 19 29
3 5 5
22 1 38
12 13 7
20 22 13
8 10 19
4 9 29
17 21 41
18 21 25
11 15 37
21 0 6
10 12 11
20 23 31
14 18 36
19 22 24
22 1 1
11 15 8
0 2 8
15 18 43
20 23 28
5 8 7
3 6 34
0 1 10
2 3 39
9 12 10
5 7 25
22 1 26
5 8 33
14 18 17
16 18 18
5 7 19
3 7 17
5 9 18
20 23 13
11 15 41
7 9 31
3 5 13
18 21 45
17 19 37
16 19 18
11 13 46
1 4 8
5 9 2
11 12 41
14 17 40
11 13 28
10 12 5
3 5 38
18 21 45
11 14 27
5 10 16
22 1 41
23 3 20
2 4 2
4 8 1
19 22 31
23 2 8
0 2 2
9 13 21
12 13 1
8 13 46
9 11 22
6 10 33
6 8 11
15 18 10
22 0 34
11 15 6
13 16 27
6 10 20
7 10 13
6 9 9
14 16 39
0 2 15
11 12 1
20 22 19
2 6 7
1 4 2
16 18 34
6 9 43
3 4 13
5 7 29
15 19 4
10 14 41
20 22 9
1 4 35
13 17 7
22 2 43
12 14 28
14 16 44
6 8 7
2 4 34
3 7 19
22 0 15
20 23 21
21 0 30
11 13 16
6 5 8
23 3 19
10 12 36
5 9 34
4 7 35
13 15 8
8 11 28
21 0 15
9 11 26
1 4 19
15 18 2
8 12 21
22 2 37
14 16 15
0 3 10
11 14 33
16 18 25
4 7 25
16 19 45
9 12 9
0 1 32
14 15 30
19 22 36
15 18 30
9 11 4
11 14 34
20 22 5
18 20 32
10 14 41
16 19 17
17 22 45
20 21 5
13 16 21
11 15 24
8 9 20
15 19 45
4 7 46
21 0 5
15 19 14
19 22 5
5 7 6
22 0 39
14 16 41
1 5 36
12 16 1
18 20 9
7 11 8
0 2 27
0 3 35
8 11 5
3 8 2
5 10 23
18 20 18
4 6 36
7 10 20
8 12 19
8 11 40
21 1 24
10 14 36
10 13 30
8 9 36
0 3 35
11 14 31
8 10 6
1 6 8
12 15 29
10 12 38
1 3 33
17 21 46
19 23 1
1 4 33
1 5 25
6 9 28
22 1 22
17 19 27
6 7 30
3 6 27
14 17 17
21 0 13
4 6 28
12 14 6
15 19 46
10 14 32
22 2 31
6 9 29
9 12 17
0 3 36
7 9 31
23 3 35
0 3 37
19 23 24
23 2 11
20 22 38
5 8 27
20 23 20
9 10 17
20 0 4
18 21 19
11 13 15
2 6 24
21 23 9
5 9 40
10 13 14
10 12 32
2 5 35
20 0 45
7 9 13
3 6 45
6 9 11
9 11 19
7 9 35
5 10 7
23 2 1
0 2 42
7 11 37
23 3 25
2 5 18
6 9 31
3 7 26
7 10 15
3 7 12
20 21 5
13 16 44
3 6 31
2 3 35
4 8 22
18 19 44
17 20 19
13 16 45
17 19 15
20 0 9
18 22 11
3 5 22
1 4 13
8 12 3
1 3 38
18 21 20
4 6 12
22 2 2
1 5 36
5 7 10
20 23 28
2 4 25
18 20 22
4 7 30
19 22 27
23 3 13
19 23 26
21 0 30
14 18 7
5 9 28
10 12 1
14 17 5
17 21 28
3 6 4
5 7 20
18 19 39
1 5 14
18 21 23
23 3 11
11 15 18
5 9 8
22 2 19
17 20 25
4 7 7
13 16 16
10 13 25
23 0 37
11 14 45
8 11 43
14 16 3
8 10 3
0 3 16
2 6 36
15 19 37
6 10 8
18 21 5
0 1 41
3 4 24
12 16 11
11 15 42
0 4 11
18 19 15
20 0 26
3 7 3
11 14 44
2 5 31
0 2 17
20 23 40
21 0 31
22 2 33
3 4 30
12 15 38
5 8 32
19 22 31
11 15 10
22 1 14
13 15 26
6 9 20
12 14 30
2 5 29
19 0 41
0 1 31
9 12 1
12 15 27
3 7 16
11 13 34
20 23 3
13 16 41
10 12 11
2 5 23
23 3 41
4 6 23
11 14 32
22 1 18
18 23 19
11 14 27
16 19 11
8 11 37
3 6 42
5 9 18
1 1 42
6 10 12
21 0 26
3 9 38
15 18 31
2 4 29
8 10 14
23 2 8
2 4 23
19 23 43
14 16 36
9 11 19
12 15 35
11 13 11
19 21 11
11 13 19
10 13 12
20 23 40
22 3 21
9 12 37
3 6 20
17 20 17
21 0 29
9 12 33
15 17 39
5 8 12
13 17 27
14 15 35
18 21 34
20 0 18
21 0 10
23 1 24
19 23 46
12 14 38
9 11 38
2 4 1
3 6 10
7 10 28
18 21 41
11 13 16
9 12 46
20 23 42
10 12 7
19 0 1
19 22 45
6 9 41
20 21 5
3 5 4
0 3 4
14 17 6
15 18 10
14 19 15
21 23 46
12 15 24
23 2 3
17 22 40
5 8 4
20 23 29
9 13 37
16 17 15
14 17 36
21 1 1
14 17 25
2 3 1
11 13 26
11 14 17
9 12 9
8 12 39
6 10 10
22 2 19
7 10 40
12 14 9
19 21 21
0 4 6
6 11 32
19 22 13
0 4 27
12 15 27
8 9 37
23 2 22
15 20 30
15 18 1
7 8 13
17 22 5
8 11 27
20 22 37
19 20 10
21 3 41
11 15 1
5 9 40
19 23 8
22 2 23
11 13 20
21 4 16
6 9 5
0 3 42
11 14 34
13 15 38
19 21 38
7 10 41
19 22 28
10 13 10
21 0 17
7 12 14
7 10 9
6 8 21
13 18 5
1 5 27
21 1 21
17 20 45
2 5 5
17 18 4
8 12 24
12 15 5
5 8 7
16 19 44
22 2 19
1 3 22
3 5 26
4 9 36
21 0 35
9 12 23
22 0 35
11 13 2
15 17 2
21 1 31
2 6 3
10 12 37
9 11 2
7 9 11
3 6 11
23 3 11
18 22 26
17 20 37
6 10 31
20 22 31
5 7 18
22 1 15
13 15 8
5 6 31
22 23 3
12 16 9
8 11 8
4 7 22
6 8 46
2 5 17
23 2 8
13 15 21
21 1 20
11 15 26
9 11 27
1 6 12
18 21 3
22 1 13
0 4 8
17 20 16
19 21 33
16 19 26
16 21 35
17 20 18
19 0 26
6 9 4
20 0 33
0 5 12
9 11 46
22 23 42
13 17 8
5 8 35
1 4 24
9 12 46
4 8 40
18 20 37
4 7 26
12 17 40
8 11 16
22 1 19
17 19 8
11 15 30
5 7 5
18 21 15
14 17 10
0 4 39
13 17 7
1 5 40
1 4 18
23 2 3
14 17 33
19 21 36
20 23 26
2 4 28
13 14 37
8 11 16
0 3 16
19 21 26
15 17 25
21 23 13
13 16 11
21 23 8
20 0 17
0 1 27
12 17 43
1 4 36
16 18 27
16 19 29
17 22 26
21 0 19
16 19 19
6 8 4
19 21 10
5 10 37
20 22 9
4 7 17
5 8 45
11 16 32
7 11 29
8 12 4
23 0 16
20 0 36
2 6 5
7 10 18
6 9 46
11 14 36
20 22 11
17 20 5
18 23 28
3 7 33
21 1 45
6 8 18
13 15 8
16 20 16
22 0 43
11 14 32
3 6 1
17 20 37
22 2 46
22 2 11
18 22 18
9 12 45
17 20 1
1 5 1
5 9 23
0 3 39
21 1 40
18 19 14
15 17 37
1 4 15
16 17 32
20 23 41
11 13 43
15 18 2
14 17 21
15 17 30
9 14 16
21 2 38
18 22 40
15 17 16
19 20 37
0 3 6
11 14 29
12 14 17
14 18 39
4 6 4
3 6 28
3 7 21
2 5 44
12 15 4
15 18 15
1 4 46
21 23 24
12 15 38
22 2 11
15 17 22
6 11 37
5 7 2
15 17 1
2 5 28
0 5 26
1 4 11
10 13 23
14 16 32
22 2 27
12 14 25
20 0 4
22 0 9
17 19 41
10 13 8
14 18 24
21 1 44
23 3 21
20 23 43
22 1 4
23 3 2
2 4 13
0 5 34
17 21 29
20 23 35
4 7 44
8 11 16
22 0 14
3 6 31
12 13 26
6 9 20
21 2 38
23 1 6
18 22 8
0 4 3
14 19 25
19 23 28
17 20 8
8 11 25
9 12 27
7 11 18
12 16 8
13 16 25
18 20 22
11 16 34
22 0 3
6 8 40
13 17 12
21 0 30
13 16 23
16 18 34
0 2 22
1 6 24
21 23 33
11 14 2
1 4 18
19 22 40
15 19 7
13 15 44
21 1 25
13 16 7
7 9 5
0 1 35
14 17 36
15 17 1
17 20 15
8 12 6
5 9 35
6 10 22
21 0 33
10 11 27
13 15 27
18 22 41
14 18 22
20 0 21
11 15 14
15 18 7
20 21 7
16 20 9
9 12 36
17 20 28
20 23 18
5 8 6
3 7 3
18 19 16
12 15 9
4 6 23
3 6 35
8 9 19
22 1 43
11 14 41
21 0 27
8 11 11
19 22 1
22 0 39
13 16 3
3 5 41
12 16 32
18 20 24
9 11 32
18 21 24
18 21 11
10 11 43
9 14 18
14 17 18
18 21 42
2 5 32
3 6 5
5 9 11
7 10 40
23 0 11
18 20 28
19 23 32
4 6 23
8 11 40
8 10 33
23 1 18
15 17 37
20 23 34
10 14 24
10 13 13
3 6 46
13 15 37
9 12 4
11 13 23
12 14 13
21 23 19
5 8 22
0 5 41
3 7 44
6 8 42
5 7 14
22 0 13
20 0 2
8 11 7
22 0 18
2 4 43
23 1 28
4 8 33
8 11 21
15 19 16
9 12 4
3 7 23
0 3 21
15 20 16
14 17 17
15 18 43
4 7 11
18 22 34
23 2 44
17 20 38
10 13 11
11 14 38
19 22 5
17 19 2
0 5 38
20 22 9
8 12 36
16 18 35
22 0 42
3 6 11
0 3 19
23 1 29
13 15 45
5 7 16
3 7 43
0 2 15
0 4 24
8 11 8
6 7 28
18 21 14
6 8 21
14 16 45
3 5 10
22 0 2
21 0 17
5 8 8
18 20 17
19 23 18
4 8 27
12 14 41
14 19 16
21 23 33
11 13 9
16 20 20
16 18 39
22 1 19
10 13 5
4 6 33
16 19 26
6 9 20
18 21 42
20 22 21
18 21 28
0 4 1
13 18 26
23 3 8
17 18 29
4 7 35
11 14 31
13 15 21
0 3 23
11 13 43
14 17 26
2 6 11
14 15 20
22 0 36
1 1 6
22 2 43
20 23 4
18 21 7
4 6 38
19 22 15
0 2 46
7 10 33
6 10 29
3 6 15
17 20 26
14 19 29
13 17 36
12 14 23
8 11 27
22 0 42
11 15 11
14 17 40
3 4 21
17 17 14
8 12 33
10 14 20
20 1 16
5 7 23
12 14 22
11 14 10
16 19 44
7 8 23
17 22 42
15 18 3
17 21 45
22 4 7
12 14 11
9 11 7
21 23 24
11 16 23
23 4 3
12 15 8
15 18 44
9 13 23
6 8 37
10 13 37
16 20 1
9 12 34
5 11 30
18 19 24
2 5 45
0 2 14
15 19 32
12 15 31
18 21 42
15 18 27
19 21 45
1 5 23
20 1 39
12 15 23
4 6 21
12 16 46
10 14 17
8 10 14
12 15 21
15 19 8
9 12 31
3 5 40
18 20 5
1 5 34
14 19 14
13 17 15
18 22 40
5 8 37
10 12 15
22 1 33
3 7 9
3 6 30
14 17 6
0 3 2
21 1 16
19 23 10
14 17 26
21 0 14
15 18 26
7 9 43
10 12 38
17 20 2
8 10 21
12 17 44
6 9 32
4 8 35
3 5 24
22 0 14
14 19 10
16 19 46
12 17 39
16 18 12
8 12 29
1 4 35
6 10 25
20 22 10
4 6 35
2 4 6
5 7 37
3 6 41
4 8 2
19 23 44
4 6 21
4 7 46
13 17 42
18 23 16
5 8 9
3 6 24
19 20 14
1 4 39
13 16 38
1 4 37
8 13 20
22 0 44
2 4 43
2 6 40
6 9 42
10 12 46
14 19 27
9 12 17
12 13 21
19 23 19
10 13 40
1 4 7
18 20 17
3 5 14
18 22 40
14 16 14
5 7 34
13 17 42
2 4 30
10 12 19
4 6 4
14 18 15
5 9 29
20 23 14
4 7 41
4 6 5
14 16 22
11 16 22
17 19 44
7 12 3
13 16 33
23 0 8
9 13 16
8 10 35
22 2 17
16 19 42
18 21 14
1 4 25
0 1 19
0 4 3
14 19 40
19 20 41
14 17 23
9 12 12
13 18 16
11 11 28
13 15 11
13 16 16
7 10 26
10 13 42
16 18 14
10 14 44
6 10 42
10 13 21
13 17 7
14 16 5
11 13 6
18 20 14
7 12 34
15 19 19
2 5 1
7 10 4
15 19 36
11 13 20
12 12 45
8 11 29
21 23 2
19 22 32
12 15 39
16 20 1
4 8 35
9 11 43
15 19 10
23 1 39
8 10 21
9 13 25
2 4 8
22 1 14
0 2 38
20 23 20
21 23 45
8 11 38
7 8 25
15 18 17
15 19 34
1 7 44
17 21 25
21 1 40
5 7 34
21 0 39
10 13 21
15 18 25
5 8 28
19 22 18
5 8 6
23 2 18
8 10 13
5 6 5
10 14 45
10 12 37
18 20 37
20 0 40
11 16 6
2 3 2
20 21 35
3 5 8
12 14 41
0 2 41
3 6 6
9 13 21
1 4 40
4 9 28
4 6 32
8 11 24
4 6 40
11 14 12
9 12 13
0 5 6
11 13 1
23 1 41
9 11 44
17 19 12
18 21 22
15 17 24
6 10 13
5 8 46
14 17 38
14 16 44
17 21 13
5 10 7
10 14 17
22 0 37
10 12 17
4 6 38
18 21 22
18 21 13
5 9 25
6 10 16
13 15 33
8 9 27
8 11 15
18 22 8
8 11 40
21 1 29
18 23 21
7 10 46
19 23 12
1 4 23
15 20 11
3 7 12
0 2 15
19 23 43
19 22 43
14 18 31
21 1 36
13 18 16
3 7 46
4 6 38
15 18 6
15 17 1
21 0 25
3 5 40
16 20 28
12 16 17
21 0 4
17 20 5
22 0 28
17 20 41
20 23 44
17 21 43
21 22 6
2 6 31
11 15 40
10 12 25
3 6 44
14 15 9
23 2 9
21 23 8
5 9 15
13 16 40
17 19 12
9 11 18
15 18 35
23 4 22
22 23 12
6 8 15
2 6 31
16 18 28
13 18 18
17 21 40
9 13 10
8 11 33
22 3 26
6 8 22
14 17 34
3 6 14
6 10 29
19 21 44
2 5 41
14 16 16
1 5 32
4 8 29
4 7 21
6 9 26
19 22 34
9 14 3
13 17 27
11 13 18
21 0 2
18 20 15
0 3 3
22 2 23
22 1 41
19 21 36
3 7 33
22 1 12
10 13 8
17 19 14
7 9 30
3 6 32
9 11 21
19 21 35
11 14 9
23 2 4
5 8 36
17 22 8
19 21 37
17 19 34
9 12 12
16 19 14
19 23 36
22 1 7
6 10 35
11 15 44
19 21 33
7 9 1
0 3 24
11 14 19
22 1 20
1 4 36
8 11 35
23 1 21
1 5 25
8 13 41
19 23 6
9 12 27
16 17 30
1 6 3
10 12 23
6 9 36
13 16 30
5 8 39
3 6 21
12 16 18
11 14 3
23 3 17
2 5 37
19 23 41
18 21 5
23 4 18
9 11 44
16 19 38
2 6 12
3 6 19
8 11 8
6 8 5
11 15 27
21 0 40
22 1 11
23 3 12
20 0 9
4 6 23
9 10 32
19 22 3
17 21 7
18 20 16
11 12 30
11 13 38
13 16 8
14 18 5
22 1 3
2 5 29
15 17 6
3 5 30
8 13 39
13 15 40
10 12 25
4 7 1
21 23 19
5 8 10
1 5 42
19 20 9
22 2 8
23 1 1
15 18 37
22 1 27
23 3 40
7 12 7
18 21 3
10 13 44
23 0 30
13 14 41
22 1 37
21 0 7
2 4 1
18 23 28
9 13 10
19 0 24
9 12 31
6 9 10
1 3 32
14 17 44
22 2 19
22 1 27
17 18 25
13 17 45
2 7 1
13 16 19
22 0 2
23 3 26
23 3 10
0 3 13
3 6 41
11 15 8
5 9 44
23 2 10
18 22 5
22 1 6
0 4 2
8 10 41
19 23 34
10 13 4
2 5 23
23 1 11
2 4 14
5 9 13
20 23 36
12 16 43
17 20 27
21 1 3
16 20 10
3 5 23
4 6 14
13 16 16
20 0 41
8 13 24
0 2 15
20 0 31
22 0 40
20 22 27
1 5 35
4 7 31
2 7 18
1 4 42
20 0 33
3 6 5
9 10 25
5 9 43
21 0 1
0 3 18
13 15 27
13 16 30
5 7 2
9 13 37
6 9 5
1 3 4
3 7 33
22 23 37
15 18 2
0 2 7
16 19 18
16 18 46
16 17 27
15 16 24
0 3 29
11 16 4
8 9 41
17 21 35
0 2 12
17 20 1
6 8 17
5 8 13
13 16 22
21 22 20
6 9 35
23 3 34
21 21 1
9 12 14
9 10 28
5 8 6
2 6 2
2 3 46
23 1 12
17 20 41
2 3 34
6 8 9
20 23 41
5 8 25
6 8 15
0 3 4
0 3 35
6 10 21
14 17 34
14 16 31
2 5 33
21 1 33
2 3 39
22 0 39
13 16 40
10 12 38
3 6 15
22 1 32
13 16 20
16 20 35
22 0 7
8 9 24
6 8 26
5 6 1
7 9 24
16 19 8
15 16 26
3 5 21
11 14 41
20 0 21
5 7 37
8 10 37
4 6 39
2 3 19
4 6 12
20 22 28
11 12 29
7 9 45
21 0 9
21 0 41
16 18 6
19 21 27
9 12 21
9 11 33
8 14 44
7 11 32
0 5 3
0 4 11
18 21 44
6 8 9
2 5 6
14 17 5
21 0 27
0 1 29
16 20 32
12 16 24
7 10 44
7 10 28
2 4 42
21 2 10
12 15 4
8 10 27
12 14 17
4 7 46
16 20 25
12 17 11
18 22 29
21 23 5
11 14 14
3 7 34
18 21 17
2 5 37
10 12 3
6 9 25
4 8 22
15 18 18
12 17 20
19 19 27
3 6 21
19 22 32
6 8 31
20 23 10
0 3 25
17 19 21
16 18 11
4 7 7
6 10 20
20 23 3
17 22 4
13 17 6
21 0 31
13 16 13
21 0 24
19 23 27
11 17 27
1 5 15
18 21 31
9 12 14
16 18 24
5 9 20
20 22 9
1 3 39
7 11 41
1 5 15
0 4 23
7 10 34
22 0 5
21 0 15
14 15 4
20 23 34
9 12 23
11 13 35
2 7 36
18 21 1
11 14 16
22 2 45
15 17 29
12 14 33
19 22 10
17 20 24
19 23 7
9 12 19
15 14 8
5 10 11
8 11 42
17 19 29
15 19 24
2 6 3
8 11 27
10 14 17
14 17 8
14 18 14
13 16 39
9 13 22
21 0 4
17 20 40
23 3 19
4 8 3
18 22 21
15 18 34
22 2 19
16 21 8
3 4 16
6 11 25
14 17 3
6 8 13
8 12 7
7 10 25
22 23 22
3 6 34
16 19 5
3 3 5
14 18 9
5 7 6
20 23 41
20 22 19
13 17 1
6 9 4
0 4 4
19 23 20
21 21 11
7 12 6
7 9 14
9 12 36
9 12 15
1 4 46
2 5 23
1 4 44
9 12 29
20 1 43
0 4 45
17 19 35
12 16 46
15 18 32
22 0 28
11 15 43
15 18 10
20 23 17
12 17 38
9 11 23
19 23 44
7 9 15
21 1 4
0 2 19
8 10 46
1 1 17
7 11 26
0 3 45
18 22 6
6 9 3
15 18 9
6 8 10
11 13 40
15 19 40
15 18 27
2 4 35
16 19 30
16 19 12
21 0 15
23 4 41
5 7 5
9 12 39
2 5 25
7 8 17
5 8 42
22 0 21
1 3 38
6 8 36
23 2 37
7 11 9
9 13 7
18 20 28
17 21 1
4 7 12
5 8 5
21 0 2
10 12 33
12 16 37
22 0 27
5 8 12
12 16 29
21 22 5
2 3 12
12 16 23
20 22 16
1 4 22
11 12 45
6 9 26
12 14 30
9 12 4
23 2 30
15 17 10
2 5 15
18 19 34
18 20 25
19 0 43
5 8 12
0 4 29
3 7 27
0 2 30
22 23 15
17 19 3
19 23 5
9 9 27
17 21 35
7 9 34
15 18 26
21 0 12
23 2 1
4 5 40
6 8 34
1 4 28
23 3 35
2 5 26
0 3 25
15 20 25
4 7 37
7 11 22
16 19 20
4 7 1
19 20 31
8 10 5
22 0 31
7 10 36
9 12 43
5 7 6
5 8 30
20 0 19
1 4 4
16 19 34
22 2 32
20 1 32
19 23 3
17 19 29
8 11 25
10 14 5
8 13 16
0 4 4
1 3 1
6 10 39
14 17 2
1 5 10
17 19 43
0 3 14
14 17 40
4 8 21
15 16 35
2 7 40
15 19 35
1 6 27
13 16 17
9 12 6
14 17 44
2 5 9
1 3 15
16 20 32
1 5 17
23 3 29
7 9 7
15 19 35
21 1 18
4 6 39
19 21 25
23 1 37
13 17 37
6 9 23
20 23 20
9 11 34
3 8 33
2 4 11
5 8 35
16 19 44
11 14 15
18 21 16
21 1 22
13 15 10
19 21 43
20 23 28
0 5 8
16 19 28
19 22 25
13 17 38
2 4 31
23 3 29
23 2 25
2 5 14
18 22 37
10 14 39
12 14 19
12 14 13
14 18 28
9 13 23
18 20 34
6 10 31
12 15 42
10 14 21
0 4 34
17 21 23
8 12 27
4 6 21
17 20 35
14 15 19
15 18 8
8 10 20
14 18 40
5 9 35
9 12 38
3 6 6
4 8 45
22 3 30
1 5 11
0 1 35
2 6 4
8 11 5
18 21 39
3 4 37
15 19 36
5 6 34
6 11 33
3 6 1
4 7 9
14 18 35
6 10 31
15 20 38
5 9 29
17 20 16
11 15 27
15 20 32
13 16 6
23 1 33
9 12 35
9 12 42
22 0 33
16 19 29
21 0 46
10 13 4
9 13 16
10 13 14
3 7 42
18 21 31
2 5 36
22 1 36
3 7 2
23 1 16
5 7 44
0 3 1
10 14 34
0 2 38
6 9 12
16 19 20
16 20 38
11 13 36
0 2 21
2 4 11
12 14 26
17 21 24
17 19 15
17 20 6
11 13 17
20 1 19
8 10 28
5 9 38
20 23 32
10 13 15
0 3 15
0 3 5
23 2 45
18 21 12
13 15 5
16 19 18
0 3 43
5 8 36
20 0 25
22 2 2
6 8 10
5 7 24
13 16 30
22 3 35
4 7 31
19 22 27
6 9 45
17 20 30
7 11 6
21 23 2
7 11 22
6 8 16
14 18 10
16 18 43
2 4 20
13 15 40
3 6 41
11 13 6
14 18 35
16 17 37
13 16 36
0 3 31
21 2 5
2 4 30
20 0 2
9 11 37
20 23 4
5 8 41
14 17 3
11 15 46
10 15 5
16 19 14
8 10 43
16 18 36
3 5 6
15 21 44
7 10 6
15 18 36
5 9 18
21 0 20
20 21 17
7 10 16
6 9 4
6 9 14
3 7 30
9 12 17
16 20 17
5 9 39
20 22 3
11 14 45
20 22 30
2 5 36
1 4 25
20 23 8
0 2 2
7 10 19
11 13 38
4 8 30
16 20 11
5 8 35
5 8 13
8 13 23
2 4 32
8 11 3
0 1 10
2 6 15
18 21 42
13 15 10
19 23 34
5 9 2
5 8 34
14 17 18
19 23 31
21 0 18
17 19 35
1 4 28
0 3 11
15 20 16
10 12 30
15 16 28
10 13 12
8 11 16
15 18 28
22 1 10
11 16 26
4 9 40
17 21 9
3 7 37
11 12 41
10 11 13
17 20 23
18 20 33
10 15 36
19 0 16
23 3 39
18 21 37
21 1 16
11 14 31
11 14 31
13 16 23
0 4 34
17 21 44
2 4 44
3 5 2
5 8 10
5 8 7
17 21 3
23 2 2
14 18 43
7 10 33
17 20 25
16 19 26
15 18 30
0 3 22
10 13 3
10 13 10
23 1 40
9 12 46
6 10 43
8 12 37
4 7 5
14 17 22
8 11 15
13 17 45
13 15 37
23 3 43
8 12 30
17 19 8
15 18 22
13 16 10
17 20 45
17 20 12
14 17 29
21 23 32
11 13 6
20 23 44
14 17 36
9 13 34
10 12 14
16 18 1
23 3 33
4 7 37
7 10 14
3 6 33
20 23 14
14 18 20
2 5 35
14 18 26
16 18 13
1 4 22
4 6 14
23 2 22
23 2 17
21 23 13
12 15 11
2 5 29
15 18 1
7 12 29
15 17 41
9 13 45
23 1 34
20 22 31
16 19 42
1 7 37
1 4 39
21 23 19
20 0 15
1 3 1
3 6 42
20 22 40
2 5 12
6 9 17
1 6 17
8 11 41
0 1 35
15 18 40
14 16 31
16 21 8
23 2 6
2 5 27
21 0 20
21 0 29
2 7 7
19 22 22
16 18 45
13 17 42
6 9 40
12 16 3
12 14 24
10 15 1
18 20 21
1 2 18
17 21 9
8 10 42
21 0 7
19 21 30
17 21 20
20 23 33
21 0 5
6 8 30
17 20 15
7 10 23
16 18 32
16 20 13
1 6 29
6 8 11
20 1 39
16 20 37
16 18 22
8 11 4
10 12 24
17 20 21
2 5 40
10 11 45
15 19 36
9 13 9
19 0 29
12 15 39
0 4 14
14 17 12
19 23 13
0 3 1
20 23 36
2 3 23
9 10 13
9 11 32
15 19 24
18 21 17
16 19 3
0 4 1
14 18 21
13 16 45
23 5 43
16 19 24
0 2 44
23 3 28
17 20 20
22 1 32
8 12 8
15 18 8
1 4 46
1 3 14
22 0 18
5 7 21
19 22 8
18 20 4
3 6 22
17 21 46
7 11 8
8 11 8
13 17 42
8 13 33
19 23 4
22 1 16
23 1 8
5 9 30
1 6 3
22 2 18
2 5 43
1 3 1
1 3 19
8 12 25
17 20 12
20 23 39
21 0 33
14 17 44
20 22 22
15 19 40
7 10 10
16 19 20
16 19 10
10 12 30
22 0 29
19 23 27
8 12 33
6 9 31
21 1 44
4 5 25
11 14 41
17 20 40
9 13 6
19 23 46
3 4 22
0 3 3
17 19 13
15 18 20
3 7 23
7 11 43
17 19 5
18 22 11
10 12 2
11 15 38
20 22 39
23 2 1
18 21 23
15 17 15
23 3 17
10 13 18
11 14 28
0 3 21
7 10 6
21 0 1
19 22 22
7 11 42
13 14 2
13 15 17
19 0 19
11 15 2
12 16 38
10 15 25
3 6 10
2 4 16
15 18 7
16 20 26
23 3 23
10 13 35
11 15 41
21 0 7
2 3 38
15 16 21
21 1 22
14 18 16
5 8 14
20 0 33
9 12 41
19 21 5
22 23 21
19 23 36
18 20 41
13 16 19
7 10 17
5 8 43
16 18 13
18 20 4
2 5 12
21 1 36
20 0 36
16 19 45
5 7 34
6 7 43
13 18 29
15 17 19
4 6 44
14 16 16
5 7 13
6 10 36
3 6 12
17 21 12
15 19 26
7 11 15
13 17 46
18 20 15
11 15 9
2 5 42
14 16 30
16 19 4
16 19 22
17 21 36
5 6 26
9 11 40
0 2 25
11 13 40
6 10 20
16 19 29
8 13 17
2 6 45
19 22 9
13 16 10
4 8 16
8 11 17
9 12 9
18 22 35
5 8 42
16 18 12
18 22 35
16 20 39
15 18 21
14 17 41
13 17 38
12 15 21
7 9 26
8 11 32
7 9 45
3 6 33
23 2 16
1 4 7
4 8 15
13 15 28
22 1 27
6 9 13
22 1 22
11 13 39
20 22 40
7 10 8
19 1 23
0 2 19
15 18 2
6 8 17
19 22 15
1 3 4
4 7 46
5 9 4
15 17 17
5 8 40
9 13 10
13 16 46
22 3 21
21 0 11
17 21 35
16 19 12
18 21 35
6 9 37
23 2 44
12 15 42
7 10 17
7 9 19
17 20 17
20 22 7
15 19 42
10 14 34
5 7 27
20 23 9
16 20 5
8 11 10
19 22 18
15 18 31
18 21 11
18 19 8
22 0 38
13 15 29
20 0 7
8 13 12
16 18 22
17 19 37
20 23 25
1 4 22
23 2 6
10 14 26
16 16 36
23 3 9
4 6 25
9 13 15
12 14 22
10 13 19
9 11 38
23 3 10
19 23 23
10 11 28
9 12 35
18 20 41
14 17 4
21 2 30
11 15 39
20 0 32
11 15 43
0 2 12
20 23 1
7 10 36
16 17 3
8 10 42
12 16 12
14 17 44
6 9 12
7 10 19
19 22 29
12 14 15
6 9 24
1 4 6
20 0 4
20 23 32
17 20 34
4 8 25
4 4 12
23 1 40
19 23 34
11 15 39
20 23 23
2 6 14
18 19 39
8 10 25
3 6 5
20 22 45
0 2 33
0 4 17
3 8 7
15 18 29
21 0 25
11 13 23
4 8 43
22 1 17
13 16 8
9 12 29
14 18 34
12 14 7
19 22 17
1 4 41
4 8 25
23 1 30
23 2 39
7 10 39
22 2 17
17 19 17
2 5 11
12 14 19
17 20 37
8 10 3
0 2 6
10 15 1
17 21 11
7 9 3
9 12 28
17 20 8
22 0 34
6 8 12
19 23 3
8 10 2
16 20 36
13 15 7
19 21 15
7 8 40
23 4 20
9 12 26
11 13 14
1 3 24
23 1 8
18 22 33
17 21 12
22 1 16
6 9 36
2 4 44
6 7 22
8 12 3
20 22 17
22 23 25
13 16 21
22 23 8
11 16 23
17 21 37
8 11 20
8 10 32
16 20 5
21 0 32
6 12 36
19 20 45
6 9 5
13 16 16
16 21 42
4 7 1
9 13 9
15 19 9
6 9 25
3 6 36
5 9 18
10 14 18
14 18 22
22 23 18
5 10 16
0 1 36
5 7 34
7 10 20
5 7 24
21 0 46
1 3 26
18 22 35
17 20 15
10 10 31
14 17 28
16 18 20
17 20 2
3 6 29
19 22 7
5 8 38
13 15 13
0 1 36
20 23 32
22 23 7
23 1 15
4 6 22
22 1 20
9 12 12
19 21 7
13 15 37
8 11 30
0 2 4
20 22 46
18 19 32
6 9 37
7 10 26
0 3 29
2 5 20
19 22 21
16 18 35
15 18 10
9 12 28
13 16 46
7 9 44
21 22 23
9 12 11
12 15 30
22 1 28
11 13 23
12 16 1
14 16 46
10 12 29
9 11 35
16 19 18
15 19 8
4 7 9
5 6 30
18 20 1
7 11 23
21 2 1
8 11 36
11 13 8
22 3 11
4 7 12
23 2 18
12 14 16
10 12 31
11 13 33
19 22 37
17 20 38
7 10 37
20 2 34
16 20 38
16 20 30
20 21 9
3 6 12
2 5 45
21 23 42
7 10 4
10 13 46
15 19 45
4 9 29
2 4 35
12 16 7
9 11 34
14 18 22
14 17 22
16 19 42
23 3 15
17 19 28
11 12 45
9 14 26
20 23 36
6 10 24
11 13 21
18 19 28
8 11 12
0 3 2
6 10 44
10 13 35
22 0 32
23 2 4
18 21 40
4 8 19
3 5 22
3 5 20
3 6 8
21 22 14
9 11 44
1 3 9
11 14 46
20 22 6
8 10 41
3 5 37
2 6 16
21 21 27
8 12 9
19 0 14
16 19 12
8 11 35
6 10 5
16 18 46
17 19 32
16 19 41
17 20 12
8 12 30
14 19 34
4 9 27
21 1 31
14 16 33
11 13 35
9 12 32
20 21 28
0 5 31
19 22 45
0 4 20
16 18 28
18 21 32
21 0 44
6 8 40
5 8 44
3 6 2
21 23 37
0 2 9
15 18 11
12 16 20
5 8 36
15 20 7
15 18 26
15 19 1
2 3 27
7 10 4
8 10 26
17 22 1
20 23 26
12 15 29
18 21 45
13 16 19
4 8 8
8 10 32
3 6 2
17 20 8
9 13 11
7 10 28
13 16 41
19 21 45
20 22 8
23 1 19
20 21 6
22 23 24
1 5 29
17 20 2
16 18 5
20 23 37
16 18 30
3 7 2
20 23 1
22 1 17
15 19 2
21 0 26
19 21 38
21 23 33
2 5 3
22 1 32
17 21 46
19 0 4
23 3 22
16 21 29
9 11 4
2 6 13
6 10 11
23 0 16
20 23 7
9 12 25
3 6 21
6 11 43
16 21 41
7 11 40
20 1 43
7 10 9
4 6 29
10 13 12
23 3 17
10 12 18
23 1 40
4 7 37
1 4 12
12 14 45
11 13 6
3 5 13
21 0 14
5 8 39
20 22 22
14 19 15
13 16 18
23 2 20
9 11 2
21 2 7
3 4 33
5 8 46
17 20 7
11 15 22
19 22 10
7 9 10
8 11 33
19 21 23
14 19 27
13 17 25
23 4 28
22 2 32
13 16 16
1 6 16
23 3 1
14 17 14
9 11 26
5 8 28
4 7 20
3 5 41
17 19 27
15 19 25
16 19 37
7 11 3
2 4 37
1 5 32
14 16 24
5 8 7
6 9 28
1 3 12
16 20 36
3 5 13
4 7 45
11 15 32
2 6 32
2 5 43
3 4 16
23 2 20
3 5 33
9 13 36
12 15 37
3 5 1
11 14 7
11 13 37
8 10 12
7 11 38
12 13 29
16 17 41
3 6 20
20 23 39
15 17 40
10 12 41
20 23 13
15 19 22
23 1 38
16 19 8
8 10 9
8 11 13
21 1 30
7 11 23
7 10 22
23 1 16
22 0 23
15 17 3
1 5 31
15 18 11
12 16 11
11 13 14
23 1 15
13 17 35
5 7 29
10 13 20
6 10 5
20 21 26
13 15 34
14 16 1
10 13 43
17 19 40
22 2 16
0 3 5
8 10 12
5 8 6
6 10 32
3 7 27
23 1 25
4 7 2
16 20 39
0 2 36
14 17 32
10 13 36
18 20 7
17 20 30
7 10 38
20 21 11
11 14 43
10 13 10
7 11 43
21 23 36
10 11 20
4 7 13
5 8 40
22 23 45
9 12 32
1 5 40
4 4 22
12 15 33
19 0 1
0 4 37
19 21 18
0 3 17
7 10 40
6 9 45
20 23 29
22 1 3
2 5 44
6 8 27
4 8 21
8 12 10
0 3 7
19 23 16
4 6 11
12 14 15
14 16 10
4 7 43
10 13 3
20 22 35
15 18 7
11 14 45
23 3 17
0 2 19
11 14 34
10 12 8
2 5 27
10 13 38
11 14 20
22 1 8
2 4 40
11 14 3
16 18 35
11 15 42
17 20 33
21 23 13
2 5 30
3 5 8
4 7 27
17 21 8
21 22 16
7 10 38
1 3 29
0 4 11
4 7 32
18 23 36
8 12 27
13 15 11
7 12 4
15 18 33
0 5 37
23 1 30
22 1 35
16 20 7
2 5 37
20 1 39
13 16 44
10 13 18
6 8 9
18 23 33
12 15 23
11 13 12
13 19 42
22 1 10
11 12 41
2 4 5
3 5 21
20 22 5
7 9 40
19 23 8
20 23 44
16 19 28
2 4 21
8 10 32
16 19 9
15 17 15
10 14 22
8 10 33
11 14 26
19 21 19
3 5 1
8 12 45
5 8 41
23 4 7
5 8 3
2 5 30
20 23 32
13 17 23
9 12 22
10 12 25
22 3 37
4 8 18
4 9 6
10 13 37
2 3 33
4 8 23
0 4 15
1 5 40
16 20 9
4 7 8
10 12 34
12 14 41
18 21 22
2 4 32
7 10 30
15 18 34
4 9 33
10 14 36
6 9 35
9 10 27
10 12 32
20 0 22
13 15 16
2 4 44
18 21 17
20 23 37
6 10 22
15 18 6
11 12 41
8 11 21
7 10 44
13 16 40
10 13 41
19 23 37
8 9 21
6 11 42
1 3 9
19 21 18
5 9 35
4 7 12
12 15 13
5 7 44
17 21 24
6 10 12
20 22 11
7 10 4
2 3 39
9 12 10
10 14 32
11 14 2
4 8 26
22 1 11
10 13 39
14 17 24
2 6 10
21 23 29
16 18 26
14 16 28
7 9 40
22 1 8
4 6 35
5 6 10
19 19 16
0 3 25
16 20 1
8 10 2
9 12 32
9 11 33
9 11 14
7 9 45
16 16 30
12 16 18
17 20 27
11 13 21
2 6 21
13 16 30
19 22 37
21 0 27
21 1 3
12 14 37
23 2 9
11 14 25
3 5 26
3 6 41
4 8 10
7 10 30
0 4 13
15 18 25
17 21 34
23 1 27
17 19 37
6 9 5
0 4 19
20 23 38
17 19 25
6 9 26
7 11 13
0 2 33
22 0 21
23 1 14
7 11 3
20 23 38
16 18 19
18 19 32
18 21 34
20 23 39
17 19 42
22 1 22
20 22 34
8 13 10
22 2 25
6 10 45
16 18 16
18 21 26
23 4 41
19 22 38
4 7 27
1 4 9
19 22 44
21 1 33
19 23 22
9 11 24
15 17 39
18 21 43
13 18 35
2 5 5
1 4 45
2 6 23
11 14 44
3 6 16
19 0 17
22 1 19
5 10 40
14 17 17
11 15 38
3 7 15
15 19 23
3 5 19
7 11 30
7 9 43
8 13 20
12 14 35
16 19 44
21 1 28
4 7 4
4 6 36
2 6 1
18 23 31
1 3 29
17 20 32
9 11 1
6 9 44
9 14 42
2 5 19
15 17 46
20 23 5
18 20 31
18 20 25
3 9 18
17 19 25
16 18 13
11 14 46
17 21 19
2 4 41
17 21 6
11 15 20
8 12 9
8 11 39
22 0 39
1 6 31
13 18 10
19 21 41
19 23 23
0 2 26
23 2 20
22 2 44
21 1 44
15 19 31
9 12 8
19 21 26
1 3 27
10 13 42
10 13 31
17 18 43
2 3 30
0 3 12
14 17 4
8 10 8
1 5 8
9 10 3
5 7 31
17 20 16
5 8 11
5 10 16
23 1 40
22 2 1
6 9 35
11 14 36
22 2 4
17 19 16
5 9 36
14 15 3
16 19 32
8 11 43
9 10 9
6 10 4
19 22 7
14 17 31
11 14 3
7 12 41
19 22 31
6 9 13
11 15 16
6 8 12
6 7 24
6 10 18
2 5 5
14 18 8
18 22 31
20 0 42
10 13 31
7 12 27
5 9 37
18 20 25
14 18 27
3 6 16
10 12 27
18 22 25
14 18 30
16 19 5
7 9 5
12 14 36
1 3 35
4 5 46
6 11 34
19 22 42
15 19 32
11 14 8
18 20 9
8 10 11
0 2 45
8 12 2
3 7 44
23 1 36
20 22 8
1 4 16
7 11 2
6 9 30
16 19 2
14 16 25
5 10 25
19 22 44
15 18 44
1 3 32
6 8 17
3 6 22
9 12 40
3 6 33
8 10 2
7 11 13
1 4 25
9 12 27
14 16 30
6 8 9
20 22 35
15 20 27
7 9 8
20 23 41
13 15 34
17 19 14
17 21 18
1 4 43
9 12 7
5 8 20
18 22 13
18 21 7
7 9 45
9 12 23
12 15 38
2 5 6
7 9 14
23 3 14
6 9 38
5 7 41
13 16 18
16 19 14
4 7 3
14 18 17
1 3 15
9 13 32
2 5 44
7 10 4
20 22 39
10 12 19
4 6 27
8 13 43
11 14 21
19 22 24
20 23 36
7 9 32
14 18 8
0 3 33
18 20 23
3 5 10
4 7 12
4 8 5
4 5 38
11 13 15
4 8 20
3 6 45
16 20 44
12 15 5
10 13 15
19 23 16
10 13 27
6 8 5
17 20 9
3 5 25
8 11 3
16 19 15
9 12 1
15 17 12
14 18 4
15 19 2
11 13 24
20 21 46
16 20 20
10 13 4
5 8 37
11 14 12
22 1 42
10 14 46
22 1 12
16 20 12
14 17 26
23 2 39
2 7 37
11 12 27
4 8 23
12 15 21
13 16 22
23 3 34
15 17 3
3 5 8
17 20 15
12 15 8
12 13 35
16 21 6
20 23 19
9 12 12
15 18 37
16 19 30
11 15 4
14 16 9
23 1 18
17 21 26
0 3 13
14 17 21
19 22 9
15 17 5
14 17 4
20 23 21
23 0 14
20 23 27
10 13 9
10 13 22
20 22 16
5 8 8
9 12 39
4 6 25
8 13 8
17 19 31
10 13 32
1 3 13
12 17 43
5 7 9
17 21 37
4 8 16
1 4 41
9 12 12
19 22 7
20 0 21
4 6 33
4 7 30
21 0 19
22 1 44
0 5 15
10 14 12
9 11 44
19 22 44
10 11 1
10 13 33
11 14 20
13 16 2
10 13 37
6 11 5
5 10 19
10 13 32
0 2 45
2 5 21
16 19 14
10 11 35
10 14 13
2 5 41
18 21 26
5 9 29
11 15 2
4 5 31
1 4 19
17 19 38
1 5 26
21 2 26
19 22 16
16 19 30
2 4 13
16 20 24
12 16 7
23 2 2
18 22 7
23 2 10
19 23 7
4 8 1
8 11 35
15 18 5
4 7 41
21 0 41
2 5 46
19 23 15
9 11 12
3 5 5
14 17 36
1 4 37
19 22 10
6 9 14
8 11 1
15 19 18
7 10 37
21 1 26
7 9 12
0 2 29
5 9 18
12 15 32
18 21 8
15 16 28
9 12 26
9 11 19
3 5 1
13 16 11
22 0 30
1 3 45
23 2 37
12 15 19
14 18 25
9 12 37
23 2 28
7 10 12
19 22 16
8 11 37
13 17 5
8 12 42
18 22 39
16 20 31
16 19 44
11 15 31
12 16 29
1 4 25
17 21 17
4 7 6
4 5 34
11 13 8
2 6 36
9 12 13
13 17 11
9 10 37
1 2 34
16 20 36
0 2 6
14 16 11
11 14 11
12 15 19
21 22 26
0 3 2
18 22 16
9 13 7
11 14 30
4 7 28
4 8 21
17 21 34
17 20 5
18 20 7
16 20 3
22 0 2
20 21 27
23 1 8
19 22 22
22 1 20
15 18 42
11 14 22
7 12 13
1 3 17
8 10 20
0 3 5
9 12 12
7 11 39
6 9 3
12 16 25
23 2 34
8 10 23
17 19 46
22 0 29
13 16 34
4 8 7
17 19 17
7 10 29
7 10 32
14 17 4
23 0 11
17 20 26
19 22 26
20 22 36
14 18 6
9 11 27
15 19 38
5 6 4
16 19 17
8 11 38
22 1 34
20 1 37
10 12 15
8 11 6
8 12 36
9 13 2
9 12 37
1 2 18
15 19 32
17 20 42
19 22 12
20 22 35
18 0 10
13 17 4
15 19 37
4 8 20
11 16 5
16 20 19
4 6 6
2 5 14
21 23 28
4 6 19
3 7 45
22 3 24
4 7 12
6 9 15
12 13 36
16 19 34
6 9 13
18 21 30
7 11 24
12 16 25
23 3 34
13 14 24
8 11 30
0 4 10
12 17 7
23 2 25
19 23 37
10 14 1
3 7 12
21 1 11
8 10 34
11 13 20
15 18 5
10 14 6
2 5 8
0 3 19
15 17 7
6 8 7
12 14 37
21 23 26
2 5 14
14 17 10
15 18 7
11 15 36
17 21 21
10 13 15
11 14 7
3 7 28
10 14 36
10 14 34
23 1 19
7 11 5
5 9 2
8 10 37
8 11 16
0 3 46
6 9 4
8 11 38
5 9 30
21 23 5
0 3 25
16 20 39
7 10 29
10 12 30
3 6 16
17 19 28
18 0 26
17 20 35
22 0 18
5 8 27
22 2 44
6 11 34
10 14 15
15 18 6
16 20 28
2 5 43
8 12 44
17 20 4
8 11 45
1 4 10
11 15 1
6 8 17
13 16 28
5 8 3
17 20 1
17 21 19
11 14 16
9 12 22
10 13 44
19 0 15
19 22 28
22 2 1
12 17 19
21 23 8
14 17 34
3 6 15
4 7 26
22 1 24
9 13 33
11 15 10
1 5 40
15 18 10
0 4 3
15 19 34
14 18 17
12 14 33
15 17 11
6 8 22
16 19 17
17 19 44
1 5 10
2 6 31
12 15 14
8 10 12
23 3 37
7 8 21
11 15 5
13 17 4
