2000 43
16 31 10 28 37 28 21 13 6 3 41 13 38 15 13 39 43 25 35 17 26 31 34 19 2 26 23 25 36 2 7 1 29 17 25 24 35 29 19 40 39 37 34 
10 12 35
23 3 28
8 10 12
4 7 20
2 6 34
14 17 39
3 6 37
10 15 10
7 9 27
19 21 14
15 18 35
9 12 11
9 10 18
8 12 40
0 4 31
2 5 37
8 13 23
17 20 10
5 7 25
21 1 11
12 13 42
3 6 39
1 5 20
8 11 17
15 18 2
6 9 42
6 10 6
3 6 26
13 17 27
4 7 13
2 6 15
2 5 33
21 1 15
20 0 8
18 23 12
21 1 7
4 7 1
13 17 28
13 17 19
11 15 15
16 21 41
12 16 42
3 7 39
16 19 24
15 18 17
23 3 7
3 7 24
15 18 30
11 15 42
22 1 20
17 19 2
7 10 8
18 21 10
14 16 24
9 10 26
14 16 20
5 10 11
2 3 19
10 11 35
16 18 41
13 16 35
8 12 26
7 9 16
3 6 15
16 20 21
8 12 43
23 4 10
21 23 11
10 14 20
4 8 11
12 16 12
16 19 11
0 3 23
1 3 25
21 0 4
1 4 5
19 23 13
16 20 16
4 6 30
1 5 10
12 16 12
13 17 10
9 12 28
21 23 18
8 11 13
8 12 8
14 16 1
2 6 17
14 16 3
19 20 41
10 12 35
6 11 40
19 21 10
20 21 8
11 13 8
23 3 23
11 16 4
21 0 25
21 0 24
18 22 28
1 3 29
3 7 39
16 19 32
17 20 27
20 23 26
12 16 21
5 7 11
13 17 32
10 13 24
7 10 26
20 0 12
18 22 42
14 17 34
20 23 39
1 3 5
14 17 37
22 1 12
21 1 1
9 11 35
5 7 28
9 11 9
2 5 11
13 16 15
19 22 9
17 20 37
12 14 30
8 12 19
14 18 32
23 4 40
16 19 6
6 10 35
12 15 37
15 17 23
7 9 22
3 5 12
14 18 42
22 2 11
10 13 13
6 8 13
8 11 11
5 7 38
13 17 5
21 0 9
9 11 14
14 18 11
1 3 43
18 22 18
21 1 35
12 17 5
22 3 31
12 15 26
13 16 8
19 22 28
22 3 17
12 15 42
5 6 5
0 3 7
8 11 8
5 8 17
19 22 43
18 22 34
12 17 12
19 22 10
16 20 27
15 17 7
22 1 31
19 21 39
5 7 12
2 6 2
1 3 6
8 11 31
3 7 30
0 4 36
8 10 30
18 22 14
10 13 30
2 6 38
20 0 29
6 10 19
18 23 24
11 12 40
7 9 16
19 21 25
2 5 21
3 5 37
9 11 8
19 0 15
15 18 8
16 19 15
3 5 18
5 8 9
2 6 13
4 7 7
13 16 34
13 18 1
23 3 41
23 1 43
23 3 30
5 8 29
5 9 3
9 15 9
9 12 34
5 9 9
4 6 31
19 21 15
5 9 43
17 18 1
6 8 21
10 15 25
21 1 9
14 16 8
2 6 3
18 23 30
6 9 7
13 18 23
15 17 23
12 16 42
9 13 1
16 19 26
19 0 37
5 10 41
9 12 4
0 4 4
8 11 3
17 19 17
17 21 17
0 4 43
10 14 21
6 10 18
16 19 9
12 15 2
14 16 14
10 15 9
5 8 22
13 16 29
1 5 15
11 14 23
15 17 11
2 6 30
17 21 15
0 1 4
6 7 33
23 2 2
20 22 36
11 15 42
13 15 2
4 7 5
13 16 38
16 19 15
11 14 31
6 9 3
3 6 14
7 9 13
22 1 22
14 16 17
0 2 28
2 5 29
15 19 7
14 18 21
0 4 19
23 2 8
6 10 2
5 8 5
8 13 31
13 15 28
18 22 41
11 13 17
13 18 28
11 15 16
0 3 5
14 14 3
11 12 10
12 13 1
7 11 17
8 11 8
18 21 22
14 17 40
0 3 37
18 21 10
10 12 36
22 0 28
1 6 6
6 9 41
17 20 36
8 13 1
16 18 21
13 16 16
8 11 13
13 18 19
4 6 33
18 20 10
14 19 5
16 19 26
0 2 20
11 12 6
6 9 34
12 15 25
17 19 13
11 14 7
0 4 28
7 10 42
2 4 41
1 2 3
19 0 14
3 8 18
12 14 38
4 6 11
15 20 35
15 18 7
21 23 10
23 3 10
18 21 4
11 13 14
14 18 27
5 8 27
0 2 35
7 10 40
17 20 40
8 9 5
1 3 42
21 0 4
20 22 31
5 8 31
16 20 42
10 12 24
21 23 27
13 16 1
7 10 29
7 11 10
0 2 41
5 8 38
8 10 5
0 2 18
13 16 27
6 10 31
18 21 2
22 1 5
16 19 13
8 9 4
19 22 9
2 6 37
5 7 7
0 4 23
15 18 15
15 20 23
10 14 8
9 11 23
12 16 7
9 11 22
18 21 14
8 10 13
5 6 15
5 7 11
20 1 21
19 22 41
12 13 21
5 9 34
2 6 39
12 16 6
10 14 31
0 1 41
14 18 14
5 7 19
5 8 29
0 2 15
15 16 15
13 17 33
0 3 17
4 7 18
22 1 38
21 0 31
19 23 30
14 16 8
16 19 36
11 15 5
11 15 34
13 14 17
5 8 31
4 8 41
1 4 33
17 20 38
21 2 15
15 18 12
7 10 29
9 13 28
1 4 25
8 12 19
12 13 12
1 5 41
14 17 4
6 10 13
1 5 40
9 13 42
12 15 15
2 5 11
13 18 7
11 14 32
5 8 10
22 1 39
21 0 9
9 12 13
20 0 7
22 0 30
14 18 41
0 2 36
22 1 22
3 4 36
13 16 23
9 11 31
13 17 32
8 11 24
20 23 33
8 11 13
20 23 20
7 9 16
21 0 13
8 12 1
7 10 8
7 10 38
3 6 14
7 12 19
20 1 28
9 12 27
22 23 10
11 14 17
10 13 10
0 4 15
12 15 23
9 11 23
13 15 12
0 2 16
23 2 30
9 15 3
13 18 14
1 5 26
4 6 36
7 10 15
15 17 33
5 9 28
18 19 14
21 1 31
3 4 19
10 13 9
21 23 4
3 6 17
5 7 40
5 8 22
21 0 12
23 3 12
17 20 39
21 21 13
17 20 18
5 9 9
22 1 11
0 1 40
13 16 5
16 19 9
5 7 18
19 1 2
5 7 32
9 11 20
20 0 16
23 2 2
4 8 7
8 11 32
23 0 33
19 22 35
2 4 27
6 10 1
2 4 27
19 22 28
17 19 29
17 21 43
18 22 9
4 8 27
7 11 4
11 15 16
3 7 29
12 15 3
21 0 39
23 2 26
9 12 28
7 11 24
16 19 18
8 12 2
4 8 1
1 3 23
18 20 14
10 14 3
2 5 30
8 11 18
0 4 27
7 9 43
23 2 12
7 10 10
23 3 21
14 16 17
5 7 19
2 6 19
12 15 20
17 21 4
0 3 17
1 6 14
22 0 37
21 1 10
4 6 28
13 18 4
13 15 43
16 20 23
8 10 30
14 19 25
19 0 25
10 13 30
15 19 13
2 6 10
19 22 22
0 4 17
12 14 34
20 1 27
7 10 43
3 6 2
5 8 2
22 1 25
8 11 11
4 7 28
5 7 11
5 9 29
16 19 14
17 20 11
5 6 34
8 10 21
21 23 7
23 3 41
15 17 30
16 18 20
8 12 9
19 20 1
4 6 26
0 3 17
2 6 7
0 2 15
22 1 27
3 5 23
18 20 42
13 16 13
21 1 25
1 3 21
2 6 39
3 6 13
10 12 17
3 5 17
13 17 4
8 11 25
22 1 8
21 1 8
19 20 33
19 22 10
5 9 20
16 20 3
2 3 15
22 2 7
5 9 35
14 16 25
10 12 33
8 11 2
20 23 17
8 11 27
7 10 40
2 5 36
8 10 37
14 17 41
21 1 28
15 17 5
12 15 39
21 0 31
7 11 11
1 4 8
23 4 9
12 15 18
22 2 38
3 7 28
21 0 18
0 4 9
12 13 13
10 13 37
1 5 22
7 11 33
21 1 20
20 23 22
0 2 26
1 5 26
22 1 7
19 22 22
16 20 28
11 13 28
6 7 14
5 8 38
18 20 2
9 12 7
6 7 1
14 18 43
14 16 9
11 15 19
4 5 35
16 18 3
6 9 3
6 10 7
12 16 16
0 2 33
10 13 18
13 14 37
2 5 23
5 8 41
9 11 13
6 8 2
5 7 41
2 4 37
18 21 32
16 20 39
6 10 40
20 22 22
23 2 6
2 5 32
15 18 30
11 14 40
13 17 16
6 11 41
16 20 10
21 0 1
1 4 4
9 12 23
8 12 4
22 0 22
8 11 37
7 11 42
16 19 23
21 0 5
5 8 3
11 14 26
11 13 41
20 22 3
15 19 14
19 21 21
10 12 37
11 15 20
5 9 5
8 10 16
5 7 25
0 2 8
10 12 12
1 3 42
12 15 21
20 23 20
15 18 2
2 5 15
8 12 11
3 6 2
4 8 4
19 23 15
15 18 12
7 9 7
3 6 11
21 1 24
7 10 15
19 22 11
4 7 41
23 2 4
3 8 14
15 18 18
15 19 23
17 20 28
16 19 37
15 18 3
19 23 41
22 4 35
23 1 16
20 23 28
17 19 3
0 3 10
0 2 29
16 18 28
7 10 18
12 16 2
10 14 35
2 6 23
22 1 5
3 6 20
8 10 28
5 7 27
14 16 11
4 6 22
11 12 33
7 9 41
4 8 41
23 1 17
16 21 14
16 17 25
14 17 21
3 6 26
12 15 40
3 6 19
19 23 42
1 3 4
21 0 27
16 19 8
6 9 15
5 9 15
20 21 4
14 18 37
17 20 38
5 11 42
3 6 2
19 22 38
6 8 3
14 15 11
1 4 25
18 22 19
17 20 23
21 1 32
10 14 28
8 11 33
7 10 8
2 5 9
22 3 40
4 7 7
7 9 21
2 5 9
7 11 24
22 1 1
23 3 34
16 19 7
1 3 34
9 13 23
5 8 42
5 8 33
12 16 27
2 4 15
15 19 30
5 8 17
18 22 24
22 1 4
3 8 26
20 0 19
1 4 17
13 16 17
18 21 35
5 9 36
23 1 18
23 3 26
16 19 4
12 14 10
1 4 28
13 15 5
1 4 21
5 8 5
22 0 7
12 16 13
17 21 6
23 2 38
15 17 7
3 6 41
23 2 39
15 17 38
20 21 16
0 2 37
6 10 34
9 11 28
12 14 1
9 13 34
12 14 29
12 14 35
1 3 35
10 13 12
4 6 43
9 13 38
13 15 28
5 7 14
14 18 3
23 1 2
23 1 34
1 5 27
7 9 13
23 1 16
1 4 34
8 11 37
15 16 43
21 23 2
18 21 20
5 8 38
15 17 9
22 0 41
9 11 42
5 6 13
6 9 17
3 5 7
16 18 42
6 11 2
17 21 31
21 1 7
9 12 23
2 3 18
22 3 16
17 18 25
13 18 21
10 14 37
22 0 22
14 18 29
10 10 13
9 11 24
14 19 36
10 13 32
14 16 4
22 23 20
12 16 2
17 21 21
23 3 24
17 21 20
3 7 42
4 7 12
10 14 43
15 15 20
9 11 34
18 21 6
7 8 2
21 1 30
11 12 41
10 14 28
8 10 10
2 6 35
16 19 19
8 11 41
0 4 29
3 6 35
16 19 37
11 15 30
0 2 33
21 0 9
7 10 14
15 17 42
8 10 16
6 9 37
13 19 43
10 13 4
11 14 4
11 15 27
2 4 3
23 1 6
21 1 2
3 6 14
23 0 16
21 1 9
6 10 41
21 1 29
8 12 32
8 10 1
1 5 13
18 20 38
18 21 35
16 19 12
16 18 26
4 9 29
0 4 22
7 12 31
20 23 30
23 3 4
16 19 39
17 20 8
23 1 26
6 10 40
18 22 30
5 7 30
17 21 21
6 8 28
22 23 25
12 15 19
16 19 37
4 7 33
15 18 15
14 16 21
14 18 32
1 4 1
7 10 16
8 10 24
5 8 43
14 18 37
4 8 38
10 13 42
17 20 43
7 11 26
5 8 23
5 8 18
10 13 9
23 0 25
21 0 21
5 7 31
8 12 42
9 12 11
5 8 5
23 1 21
19 23 34
17 19 34
1 3 38
0 2 23
16 19 25
22 2 19
0 5 11
16 20 20
11 16 15
12 16 4
23 3 22
2 5 14
10 13 6
12 17 15
16 17 39
10 13 24
20 22 40
9 11 5
9 14 18
13 15 13
15 19 37
0 4 4
2 5 25
22 1 25
9 11 34
14 17 4
14 17 11
11 15 37
1 4 8
6 8 16
10 11 27
18 21 22
4 7 14
15 17 4
16 17 15
3 6 29
11 14 7
2 6 12
7 11 25
6 10 39
17 20 3
23 2 31
14 17 15
10 13 40
9 11 19
19 23 41
7 9 37
17 21 10
8 13 34
10 13 18
14 16 30
3 6 32
15 19 40
15 18 27
0 3 18
14 17 7
20 0 7
11 14 36
21 23 34
9 12 42
12 15 36
23 4 23
12 16 18
3 4 30
17 18 35
8 11 21
0 3 29
15 18 15
17 19 9
14 17 4
4 8 18
5 10 2
21 0 32
0 3 29
8 11 32
16 20 23
17 19 40
1 5 26
4 8 39
3 6 15
7 11 14
11 14 15
22 1 12
11 13 22
4 7 12
2 5 40
19 22 36
8 12 27
17 21 42
1 4 42
15 17 30
22 1 24
22 0 9
3 4 1
12 15 12
19 21 31
20 0 23
4 6 12
5 9 31
4 6 27
18 21 37
0 3 20
21 1 39
20 0 8
2 6 25
21 0 28
0 2 5
2 7 2
17 20 22
12 14 42
10 11 17
11 15 26
1 3 36
2 5 27
18 21 15
2 4 6
10 12 29
20 0 33
11 13 18
8 11 6
3 6 21
8 11 5
3 7 26
7 10 17
11 15 12
7 10 33
7 11 18
23 3 24
19 22 9
18 21 38
6 10 35
5 7 23
19 22 23
3 8 5
8 12 32
19 22 11
15 17 33
21 0 36
15 18 19
9 12 34
14 15 20
21 1 36
19 22 27
1 4 10
21 1 11
14 17 25
5 9 43
9 12 16
5 6 18
4 7 14
4 7 23
3 6 17
2 5 11
19 22 4
11 14 43
19 23 6
9 10 7
22 2 1
20 23 18
7 12 41
13 16 37
0 3 40
2 6 34
8 12 26
21 0 16
8 10 10
5 9 29
2 5 37
10 14 20
16 19 20
21 1 34
7 9 36
7 10 14
21 23 18
7 10 16
7 10 3
3 7 19
12 17 19
13 17 42
17 20 18
12 16 43
13 15 30
15 17 6
1 4 35
22 1 3
10 12 41
23 0 34
9 11 2
7 10 6
18 22 14
22 0 15
10 12 35
0 2 38
4 8 17
17 19 32
8 11 3
3 4 36
19 22 6
19 0 18
5 8 12
14 16 41
16 21 40
5 7 4
8 12 14
18 22 12
7 12 43
4 7 8
13 18 14
9 12 19
13 16 30
2 6 37
3 5 28
9 12 15
11 15 3
4 7 15
16 18 20
21 0 26
14 18 29
23 3 3
2 4 13
22 1 41
14 18 43
6 10 21
20 23 13
22 0 28
13 14 35
0 2 11
10 13 7
23 3 36
17 18 31
4 6 20
8 12 34
12 15 25
23 2 27
22 0 41
16 20 41
19 22 1
18 21 39
18 21 9
21 22 25
16 19 5
12 16 25
10 12 43
19 23 3
18 20 23
13 16 25
18 22 21
4 6 7
14 18 34
18 21 36
23 3 2
20 23 40
16 19 6
5 10 17
23 2 24
6 10 7
18 21 22
0 2 34
20 0 20
12 15 6
19 22 43
1 5 25
15 17 43
6 9 3
20 22 14
18 22 25
22 2 28
21 0 42
9 12 3
8 13 27
20 0 30
15 18 25
8 13 39
1 3 36
7 10 14
0 3 43
1 6 12
5 9 7
16 19 16
9 12 43
4 8 15
15 18 13
4 6 30
6 10 22
16 18 2
20 23 21
2 4 25
2 6 29
6 9 14
15 18 33
13 16 27
11 14 10
22 1 38
23 1 18
0 4 28
13 16 6
19 20 27
11 15 20
16 20 12
6 7 21
12 15 17
21 0 10
21 23 15
0 4 33
4 7 12
23 1 41
22 0 34
18 20 37
5 7 8
3 7 19
13 16 16
8 11 11
10 13 29
19 23 20
17 20 39
0 2 12
14 17 5
15 17 14
7 11 21
7 11 19
2 5 14
14 17 27
23 2 18
22 1 23
19 21 6
11 14 35
10 13 42
20 1 4
14 17 8
15 18 14
7 9 7
6 9 26
18 22 42
14 18 21
19 22 10
0 4 20
9 13 3
6 8 9
6 10 26
21 1 23
13 15 16
23 2 29
8 13 5
0 3 24
15 18 37
12 15 20
19 20 7
6 8 20
21 22 11
21 1 27
23 3 37
12 16 13
1 4 2
7 10 22
12 14 25
9 12 37
18 21 29
18 21 11
17 20 39
9 13 24
1 3 6
21 2 7
11 14 19
13 16 14
4 8 2
18 22 26
11 14 10
19 23 27
1 4 23
8 11 21
14 18 8
19 21 10
12 13 35
1 4 15
3 5 17
9 12 24
7 10 18
21 22 12
22 1 5
0 3 6
14 17 33
23 2 34
7 10 2
23 3 41
6 9 27
6 9 40
8 10 29
16 18 32
4 7 16
22 1 7
19 22 37
22 1 29
20 23 20
3 6 3
19 23 14
21 1 15
17 20 37
22 0 10
13 17 21
7 10 41
2 5 13
4 6 25
15 19 10
12 15 18
10 14 2
22 0 4
1 3 5
4 5 24
6 10 4
21 0 13
23 2 41
9 12 24
12 15 43
15 17 18
11 15 4
13 16 42
2 5 14
0 2 26
10 12 41
0 2 43
14 18 10
20 22 9
6 10 30
16 18 15
23 3 38
20 23 15
9 13 7
4 5 12
23 2 17
21 1 8
18 21 36
16 18 40
6 9 38
11 14 6
14 20 29
16 21 6
11 14 18
16 20 25
12 15 6
2 6 14
22 1 42
7 11 33
12 14 38
21 23 36
19 21 20
19 20 15
0 3 16
18 19 15
7 11 31
2 6 2
22 3 43
15 19 25
17 20 7
14 15 16
22 0 19
14 18 40
13 16 17
13 16 23
2 3 1
12 16 3
17 19 22
12 14 40
2 5 17
14 16 27
14 16 31
15 18 24
18 22 1
19 22 12
15 16 24
11 15 5
6 9 13
6 9 13
1 3 26
10 14 7
5 8 9
15 17 18
17 19 25
4 7 19
0 5 28
15 19 34
21 0 28
13 16 10
10 12 43
12 15 41
15 17 41
12 14 9
22 1 14
8 12 9
11 14 22
11 15 22
11 13 23
6 8 20
3 5 24
21 23 15
11 15 20
12 13 27
8 12 35
10 14 41
14 18 19
5 7 34
17 20 30
7 9 43
1 4 25
15 16 31
8 11 5
1 4 35
5 8 33
14 16 29
2 6 36
20 23 17
12 15 11
22 0 10
10 15 20
23 2 42
19 22 27
11 14 23
9 11 36
15 20 4
19 21 27
13 18 16
5 8 16
2 6 14
21 0 33
21 1 23
10 12 19
10 11 32
21 1 37
4 7 10
15 19 5
3 7 30
1 5 16
6 9 2
15 18 42
12 15 37
2 4 26
20 21 43
16 18 25
21 1 39
15 17 21
14 17 21
3 8 17
6 9 6
17 19 8
22 1 33
17 18 38
2 3 21
3 6 32
19 21 2
3 6 10
4 6 40
20 22 29
15 18 24
9 12 5
21 23 14
21 1 12
20 23 36
6 7 6
4 7 22
22 0 15
20 23 29
9 14 27
13 16 31
9 13 23
9 14 12
9 11 12
0 2 26
19 22 24
12 16 13
5 8 30
13 16 22
22 1 14
9 14 17
4 7 5
11 15 34
9 10 24
17 21 15
3 6 8
19 21 23
16 20 16
6 10 19
9 13 24
23 2 39
12 16 13
0 3 35
21 1 19
11 14 14
18 20 14
10 13 1
13 15 36
3 6 42
17 19 43
11 17 8
8 12 34
9 12 39
4 8 11
10 14 5
19 22 38
4 7 31
5 7 13
5 8 26
9 13 20
18 20 28
21 0 21
10 12 28
2 3 35
20 22 19
22 0 42
8 11 30
21 0 8
19 23 22
10 13 6
2 3 34
9 12 5
2 4 13
8 10 28
11 13 11
4 6 30
7 10 17
18 21 30
3 7 36
5 8 12
8 9 40
20 23 30
16 19 17
21 0 14
17 21 18
6 9 23
18 21 15
10 12 34
10 14 20
9 13 31
5 8 32
2 6 15
14 16 17
9 13 31
8 13 31
15 18 1
4 6 7
4 6 34
2 6 34
8 10 1
10 13 15
11 13 13
14 17 26
20 22 35
23 1 40
10 13 39
0 3 29
0 0 42
15 18 32
4 6 12
15 18 41
23 1 32
1 3 16
4 8 43
5 7 15
8 10 14
13 15 15
16 21 43
12 16 27
13 15 16
22 3 2
14 17 21
14 17 33
1 6 40
0 3 8
10 14 20
14 16 1
7 10 19
11 13 25
4 7 21
2 6 24
8 11 12
7 12 19
1 5 12
16 20 14
22 0 23
18 21 21
0 3 26
16 19 1
12 14 24
23 1 23
22 2 5
21 23 27
20 0 43
5 10 24
20 23 42
12 15 35
16 18 14
17 19 28
13 17 11
1 4 15
14 18 36
18 20 29
2 4 14
1 3 3
14 18 33
21 22 3
23 1 2
18 22 20
7 11 4
11 12 19
16 19 31
21 0 40
18 22 19
11 13 9
3 7 26
13 16 11
0 4 24
12 14 7
0 4 42
7 12 27
13 17 20
2 4 31
22 0 23
5 7 2
0 3 32
14 17 33
19 22 38
0 3 18
4 7 32
7 10 33
21 23 42
6 7 31
6 8 7
3 7 18
19 19 29
4 9 12
7 11 39
13 17 7
7 13 38
23 1 43
8 11 7
10 13 39
20 22 9
21 23 31
16 19 30
18 19 31
20 22 25
11 15 7
14 16 18
1 5 39
22 2 35
4 6 7
17 19 29
12 15 16
18 21 11
2 3 40
17 21 9
14 17 34
3 5 38
6 10 13
7 10 8
19 21 34
1 4 21
17 20 10
3 6 15
10 14 10
18 21 17
20 22 43
13 16 18
7 10 23
5 8 34
8 13 15
9 11 31
20 23 33
6 9 14
3 7 1
13 15 13
11 14 24
12 16 17
11 13 41
23 3 4
19 23 39
8 10 26
13 17 17
23 2 32
0 2 14
20 23 33
23 0 41
9 12 3
19 22 1
15 16 39
17 20 8
6 9 28
2 4 29
9 12 32
18 21 23
16 19 29
13 15 34
15 19 29
19 23 30
20 0 36
11 13 19
3 6 38
9 13 41
16 20 27
14 19 23
22 2 32
15 18 14
12 16 10
21 0 8
20 23 38
9 14 19
5 7 10
4 6 32
15 18 7
13 17 18
23 4 13
22 1 2
4 6 5
16 21 19
11 15 31
11 14 4
23 2 11
19 22 38
9 14 6
5 8 5
23 2 13
23 3 20
23 0 24
8 11 25
19 22 31
10 14 41
2 3 28
18 21 8
22 23 26
2 5 36
15 18 31
4 8 24
17 21 39
2 2 29
20 0 16
10 13 26
6 10 32
2 5 10
23 2 26
19 23 18
11 14 14
6 9 17
19 21 26
22 2 25
15 18 23
8 11 7
16 19 34
21 1 15
6 9 9
13 16 22
23 3 14
22 2 25
4 6 16
3 6 21
16 18 38
19 22 42
17 20 34
0 2 31
7 8 33
0 3 35
11 14 33
19 22 8
7 10 28
8 12 35
15 19 23
4 6 4
13 15 1
20 23 9
18 20 27
20 0 34
20 23 39
18 21 13
12 16 37
4 7 7
21 23 28
21 23 32
23 1 21
12 14 7
1 4 30
2 5 33
10 13 12
19 0 5
8 12 37
13 17 18
10 11 36
14 19 15
7 8 23
13 17 22
15 19 39
1 5 17
11 15 23
4 6 32
3 5 27
7 9 15
13 17 32
5 9 2
5 8 1
20 23 31
20 0 9
16 18 33
1 4 26
18 20 19
15 18 42
2 6 31
0 3 35
1 4 33
21 0 23
2 6 5
19 22 7
14 18 17
14 18 38
2 5 27
11 15 32
7 9 37
6 11 40
6 9 27
20 23 12
8 11 30
8 10 28
7 12 10
7 10 2
9 13 37
4 6 35
1 4 16
10 12 10
9 12 33
19 21 15
15 19 17
3 5 6
6 8 39
7 11 20
7 8 12
10 13 23
6 9 39
4 5 38
4 7 28
5 8 11
8 12 35
3 5 16
14 16 40
7 12 24
4 8 20
5 8 39
10 11 31
7 11 31
22 0 2
22 1 5
13 15 29
2 4 38
20 22 27
5 8 1
12 15 35
12 15 20
8 10 1
18 22 43
18 21 2
16 21 15
14 19 43
0 2 36
11 15 30
13 17 22
5 9 34
13 16 15
19 21 15
18 21 21
14 20 32
14 16 9
5 7 26
15 18 14
5 8 25
22 1 8
8 12 4
2 5 5
10 14 10
18 22 19
19 21 15
3 6 39
23 2 15
18 22 43
22 1 3
17 20 43
22 0 28
15 18 33
21 0 29
9 13 14
5 8 16
18 21 4
1 4 4
13 14 24
6 9 28
23 4 28
11 13 35
5 10 25
4 5 35
3 6 13
0 1 25
13 15 25
12 16 34
12 15 42
11 15 28
10 14 3
12 16 31
5 7 36
18 21 39
20 22 4
23 1 37
14 16 11
1 2 25
18 21 25
18 20 20
2 5 35
22 1 27
10 13 33
14 19 12
8 12 21
14 17 15
11 14 8
11 14 5
19 22 18
10 13 7
22 2 21
6 8 30
7 11 38
11 14 34
16 19 40
19 22 6
0 4 22
10 13 19
8 11 39
2 6 21
1 4 37
16 19 3
4 7 39
23 2 13
4 6 14
6 7 18
9 13 33
9 13 22
17 20 24
8 11 40
8 11 5
11 15 26
16 19 28
22 2 31
10 13 18
11 15 31
15 18 22
7 10 16
3 6 18
5 8 33
11 15 27
14 18 5
10 11 24
7 12 3
10 12 7
2 7 42
22 1 39
23 3 30
19 23 37
20 22 42
16 19 22
20 22 22
15 17 5
0 4 10
19 21 5
7 10 18
6 9 12
6 8 9
21 1 13
19 22 4
9 13 5
6 9 25
18 22 6
22 2 6
1 2 1
13 16 14
19 23 1
15 19 18
18 21 24
13 18 11
13 17 9
18 22 29
3 7 35
23 1 25
8 12 34
12 13 29
2 6 10
9 14 39
16 17 22
22 0 12
19 22 27
9 11 24
2 4 12
9 13 35
12 15 20
15 17 21
19 23 43
16 20 7
19 23 8
9 12 1
17 20 39
2 4 8
9 12 11
