2000 39
6 29 34 38 13 23 6 15 2 19 21 16 8 6 5 10 12 29 39 30 21 3 23 17 17 25 33 16 28 13 35 37 9 39 29 24 30 8 6 
14 17 21
19 23 35
3 8 12
14 16 22
2 5 2
5 8 31
18 20 10
3 6 17
23 2 3
6 9 22
18 23 13
15 18 28
17 20 27
10 12 13
7 12 7
10 14 38
8 12 29
21 23 38
15 16 3
9 12 9
1 3 14
11 12 25
8 12 25
11 14 23
4 7 20
14 18 19
9 12 31
7 7 1
20 0 9
13 16 29
2 4 12
16 21 16
19 22 31
16 19 32
13 15 16
6 10 13
8 10 18
9 13 29
13 18 1
6 8 4
5 8 8
16 20 2
1 3 16
0 2 37
11 15 14
10 14 12
2 6 35
5 7 38
12 15 34
3 7 2
4 5 16
22 23 6
8 11 20
22 1 27
0 2 37
1 4 10
4 7 13
21 23 10
11 14 17
10 14 34
15 17 26
7 10 14
9 12 6
13 15 6
11 15 36
4 6 31
3 6 16
20 23 14
22 0 39
5 8 16
6 9 16
4 8 3
5 6 15
6 10 29
3 6 26
23 3 19
18 21 38
14 16 27
6 10 31
11 14 3
12 17 15
11 15 33
1 3 14
23 2 16
21 1 20
13 16 8
15 19 29
8 10 10
19 23 26
9 11 20
19 21 36
19 22 21
1 2 35
19 22 8
23 1 14
20 22 22
9 12 8
20 0 28
19 21 33
3 7 23
17 19 20
6 9 34
16 20 26
16 20 31
2 7 4
22 0 22
3 4 5
15 18 27
15 18 39
0 5 39
19 22 24
13 15 26
11 14 19
19 22 14
22 0 25
19 21 38
4 7 17
19 20 14
15 17 33
18 21 18
4 7 11
7 9 8
21 23 20
0 3 18
21 0 24
2 5 11
14 16 20
11 15 11
13 16 15
11 14 20
18 21 3
12 15 16
18 23 38
7 9 11
4 7 11
12 15 3
2 4 17
3 5 4
4 6 4
5 8 3
10 12 10
8 12 37
7 9 23
11 15 31
11 14 25
3 7 1
17 20 35
5 8 21
9 14 6
5 7 21
3 6 8
13 15 19
4 7 27
10 12 26
19 21 19
18 20 24
20 22 6
13 17 16
14 16 11
19 21 27
9 11 39
12 16 18
6 10 25
7 11 15
3 5 11
10 14 21
16 18 18
1 4 36
20 23 8
13 15 17
15 16 15
3 5 5
13 15 6
9 12 14
13 17 17
7 9 33
18 23 28
5 8 34
11 14 31
5 8 20
0 4 7
21 0 28
19 22 2
19 23 36
5 8 35
21 1 23
11 15 17
6 8 27
8 12 28
15 17 20
21 23 6
2 6 18
1 3 33
17 19 26
14 18 12
4 9 8
15 18 6
7 10 3
12 15 23
13 16 39
7 9 34
3 5 6
7 9 10
22 3 3
14 16 9
5 9 32
18 21 19
19 23 20
7 10 13
17 20 18
9 12 20
7 9 19
10 12 11
15 18 36
10 14 10
0 2 22
13 15 28
23 2 18
7 9 13
15 18 34
6 9 2
16 17 8
13 17 36
17 18 10
20 23 5
19 21 19
8 13 2
0 2 37
10 14 7
2 5 4
4 6 12
17 21 27
23 2 5
5 7 26
11 14 7
5 10 18
17 21 13
2 5 22
21 0 37
14 17 3
2 5 6
22 1 13
10 14 13
19 20 5
2 5 32
18 20 16
19 21 28
11 14 4
4 7 6
8 10 19
21 0 31
6 9 18
23 1 38
8 10 36
23 3 26
21 0 24
11 13 26
14 16 36
21 23 12
0 4 21
16 19 24
8 10 2
4 7 14
7 11 17
1 5 27
2 4 9
9 13 19
12 15 38
0 2 13
9 11 6
19 23 10
2 5 10
9 12 10
9 13 25
15 19 5
3 6 34
15 19 15
6 9 38
21 1 22
16 18 21
23 2 11
19 23 12
18 23 34
0 3 7
12 14 10
8 11 27
13 16 7
1 5 19
7 9 32
19 23 37
14 16 30
2 5 4
16 18 39
2 5 20
5 8 35
13 17 26
8 10 39
6 8 5
23 2 13
4 6 25
1 2 3
13 16 10
10 13 31
3 5 12
15 19 2
3 6 34
2 6 12
15 20 7
23 0 39
23 1 8
2 4 18
4 7 12
1 5 26
2 4 23
7 11 17
17 19 36
19 22 33
10 13 37
7 10 26
9 14 29
11 15 39
11 14 31
3 6 16
12 17 18
3 6 39
10 13 30
8 11 2
8 9 39
14 17 5
23 2 11
3 7 10
0 2 3
14 16 34
13 18 33
20 0 36
4 8 21
5 11 18
9 12 16
14 18 35
19 22 32
13 17 34
17 21 25
7 9 28
9 12 24
13 15 6
3 6 4
6 8 22
23 3 17
15 17 14
2 6 24
19 23 5
16 19 27
6 10 37
6 9 7
17 21 29
21 23 27
19 23 12
9 12 16
17 20 23
6 8 13
6 11 32
4 9 31
0 5 23
18 22 24
11 15 38
14 16 29
3 7 3
12 16 25
1 4 17
6 9 35
10 14 9
3 6 17
6 8 24
14 17 35
9 12 17
17 22 5
23 1 15
7 9 6
18 20 24
0 4 11
14 17 20
19 21 5
2 7 11
10 14 13
8 10 5
20 0 36
9 11 16
9 11 13
18 21 15
0 4 21
12 15 38
6 8 34
1 5 29
0 4 28
15 19 23
2 6 39
21 1 23
12 17 36
17 20 30
14 17 33
16 19 13
11 13 35
8 12 31
7 10 6
12 15 3
11 13 36
4 6 8
6 9 24
17 19 5
7 8 6
9 12 36
9 12 31
12 17 18
9 14 19
3 6 20
8 12 12
18 21 3
22 2 25
13 15 21
10 12 4
20 1 31
20 23 8
22 1 12
8 10 35
1 6 6
22 1 9
7 10 16
20 23 5
12 15 22
9 12 15
11 14 29
16 19 23
8 10 1
0 2 14
9 10 4
23 2 32
1 4 12
18 20 6
14 17 39
4 6 21
16 21 21
23 3 13
1 3 35
14 18 11
9 11 24
19 23 7
13 16 35
8 11 27
1 3 19
0 2 38
9 12 31
13 16 29
6 11 30
2 5 20
18 22 28
0 2 27
6 9 18
18 20 15
14 19 20
18 21 18
18 22 12
21 23 38
16 20 24
3 6 34
10 13 21
1 5 9
0 2 34
11 15 24
4 7 23
2 4 24
16 21 7
7 10 16
20 0 18
20 1 39
1 4 1
14 16 24
21 0 3
6 8 3
13 16 35
10 14 11
0 3 13
2 5 38
20 0 27
3 6 8
7 9 9
1 5 14
18 21 22
2 7 4
7 10 17
20 22 4
18 21 37
12 16 38
8 11 27
4 7 25
18 23 12
6 9 21
7 11 11
10 13 26
19 21 19
0 4 28
16 18 26
22 1 22
22 1 32
5 8 7
10 12 3
9 13 9
0 2 30
15 19 9
14 17 38
5 9 12
6 9 10
7 8 2
21 0 9
8 12 36
9 12 9
20 23 21
22 0 38
1 5 33
2 5 39
12 16 24
18 21 6
23 2 32
19 21 15
18 22 11
23 3 2
6 10 2
5 8 2
8 10 21
15 18 19
5 9 30
3 6 8
14 16 38
15 19 1
4 7 1
17 21 10
19 22 29
3 7 34
17 22 2
0 3 13
0 3 22
16 20 21
22 0 6
9 11 35
14 16 37
17 21 39
6 9 12
8 11 30
0 3 11
2 4 21
3 6 13
7 9 6
18 21 13
18 22 29
12 16 8
17 19 34
23 2 23
8 11 19
13 15 32
22 1 10
9 10 23
3 4 7
2 5 29
19 21 26
6 11 39
10 14 34
11 14 39
1 4 27
5 7 33
16 18 24
6 9 2
19 22 20
18 20 27
11 15 34
15 18 8
4 8 32
5 9 33
21 1 21
15 18 12
20 23 32
10 12 22
11 12 33
18 21 27
3 6 38
8 11 13
8 10 39
15 17 28
15 18 4
1 4 18
16 16 9
0 2 26
14 17 18
18 20 3
11 15 34
8 11 3
4 7 17
20 1 33
18 21 5
1 5 19
4 7 20
12 13 19
23 2 24
13 15 9
9 12 9
10 12 6
18 20 17
23 3 16
14 16 29
4 7 33
22 1 18
5 8 2
7 10 18
2 6 10
23 3 27
17 17 27
17 19 29
13 15 29
4 6 38
14 17 15
7 10 38
22 2 27
19 19 13
16 20 25
19 23 11
18 20 27
22 2 31
18 19 31
4 8 9
21 0 8
16 20 29
7 11 16
19 21 2
17 19 30
7 10 10
19 23 3
13 16 1
0 4 17
2 4 7
18 22 17
20 22 38
5 7 5
15 19 16
8 10 29
23 23 36
23 1 26
9 12 35
12 16 3
14 17 20
3 5 32
2 5 31
15 19 22
14 17 9
17 21 14
3 4 8
1 5 1
16 21 18
19 22 20
11 14 21
5 7 15
9 12 7
14 15 14
4 6 15
8 8 35
5 9 18
4 6 21
22 1 10
3 6 8
19 20 33
18 21 19
4 6 24
14 16 1
23 2 15
3 6 33
3 6 28
7 10 14
16 18 33
17 21 9
9 11 20
0 4 3
22 3 31
5 7 3
16 19 7
22 1 19
8 10 11
8 11 12
4 7 36
10 13 14
10 12 13
10 13 6
12 15 16
19 22 8
2 5 28
13 16 12
13 15 10
9 12 18
21 23 39
6 9 37
10 14 9
19 22 14
5 7 16
2 6 10
10 14 24
9 12 11
17 19 3
5 7 17
15 20 13
23 3 16
7 9 4
17 21 7
2 5 1
20 0 25
0 3 17
15 19 15
5 8 5
14 18 8
1 5 11
16 17 33
1 5 37
21 23 34
4 8 22
16 19 32
3 6 27
18 21 7
4 7 23
22 1 33
5 8 6
7 12 36
20 23 12
0 2 39
20 23 23
8 12 16
11 15 8
21 1 5
19 22 19
17 19 13
19 22 5
16 19 4
18 21 17
19 22 20
15 18 39
17 20 7
12 15 29
1 5 2
22 0 23
5 8 35
9 13 6
18 22 15
8 11 3
8 11 23
4 7 9
23 2 10
11 14 23
7 11 17
14 17 1
14 17 3
13 15 32
12 15 38
7 11 23
22 0 36
9 12 7
2 5 8
22 2 6
5 8 37
11 14 39
22 3 7
12 15 9
22 2 6
19 22 23
23 2 36
11 14 36
6 9 30
2 5 20
14 16 30
8 10 29
20 22 3
10 13 10
3 5 9
12 15 15
14 16 39
21 1 14
0 4 28
0 0 15
15 17 6
17 19 5
8 13 14
9 12 13
23 2 16
4 8 24
4 8 3
14 18 26
21 23 34
1 4 8
5 9 20
5 7 32
11 13 10
5 9 23
2 5 27
9 10 11
15 19 23
1 4 25
3 6 14
22 0 25
18 21 4
18 20 32
2 4 38
6 11 1
13 15 18
1 3 8
11 14 22
9 11 22
11 11 13
11 14 11
2 7 26
23 1 36
16 18 30
14 16 9
10 13 27
9 11 29
2 4 12
10 14 30
9 12 4
16 20 19
7 9 12
22 0 34
1 5 13
15 17 4
14 18 39
5 8 13
2 5 11
1 5 13
4 8 5
8 14 20
15 19 25
9 13 17
2 6 32
13 16 19
6 9 11
22 23 31
7 10 36
7 9 2
7 10 13
2 5 6
22 1 1
16 19 1
12 17 5
23 1 20
1 2 27
20 22 23
1 4 4
1 3 31
22 0 36
17 20 13
13 16 10
0 4 7
21 0 26
22 1 33
12 14 37
12 15 27
10 12 38
5 7 27
6 9 24
6 9 14
18 21 20
21 0 39
13 16 35
2 5 11
13 17 18
9 12 20
11 15 9
8 10 17
15 17 8
16 18 20
6 6 36
22 2 35
22 0 26
5 8 21
18 21 13
20 0 37
0 4 7
6 9 16
8 13 34
7 9 27
3 8 33
1 5 23
12 15 21
3 7 21
20 23 36
4 9 28
22 1 26
19 22 29
4 7 37
16 18 13
20 23 9
1 3 37
20 22 10
19 20 30
0 3 13
1 3 19
6 9 32
11 14 10
23 1 8
23 2 39
12 16 15
15 17 27
18 22 38
20 0 27
21 1 20
7 11 12
4 7 19
7 10 8
3 5 39
19 21 13
19 22 3
10 15 38
6 9 23
8 11 22
6 9 16
20 0 15
14 16 21
11 16 1
12 15 15
0 4 39
14 18 37
1 3 11
3 6 18
3 4 18
7 10 35
9 14 12
11 15 35
10 13 23
18 21 38
15 19 16
0 3 35
3 6 24
2 6 3
6 9 14
18 21 6
3 5 3
16 18 2
8 12 15
0 2 24
7 10 35
8 11 5
17 18 14
7 10 5
8 13 9
12 15 18
0 4 11
15 17 16
3 6 5
23 4 38
5 8 7
12 15 24
12 16 23
23 0 35
10 13 22
21 0 21
19 21 8
2 5 28
10 13 3
5 7 17
21 0 27
20 0 9
19 20 37
23 1 6
21 0 38
1 4 13
10 12 19
1 3 13
8 11 16
0 3 19
11 14 23
16 18 25
12 14 26
3 7 29
15 18 22
9 11 4
13 16 22
2 5 27
14 15 35
7 10 39
1 5 9
5 10 24
15 19 17
22 0 5
17 19 36
16 17 7
3 5 36
5 8 10
9 11 15
7 10 23
23 3 25
20 23 17
4 8 16
4 7 38
6 9 28
19 0 3
12 14 28
9 10 8
4 7 39
23 1 7
19 22 39
3 6 3
22 1 16
13 16 9
10 13 37
20 23 2
14 17 26
13 15 10
14 18 14
21 1 28
15 18 11
21 1 12
11 15 24
17 20 33
18 21 8
0 4 14
5 7 38
11 13 23
2 5 12
23 2 26
5 9 4
12 14 32
21 0 39
16 19 32
17 20 19
9 13 29
20 22 13
22 2 7
7 10 3
18 20 23
14 16 32
12 16 35
15 18 14
9 10 34
0 3 13
22 1 5
5 9 35
7 10 7
13 16 1
4 6 29
9 11 25
4 6 24
3 6 11
9 13 16
9 12 18
13 14 18
19 23 6
11 17 1
20 21 34
14 17 24
10 12 27
15 19 3
17 21 28
18 21 8
4 7 14
18 21 37
10 13 39
18 22 38
1 4 32
19 22 18
6 8 19
1 4 17
12 13 38
23 2 37
7 8 6
23 3 32
13 17 6
20 23 26
19 23 34
21 0 39
20 22 1
14 16 17
1 4 10
0 2 30
6 10 29
16 17 33
7 10 16
12 14 29
13 16 2
5 8 20
14 17 3
16 20 15
11 15 25
7 11 28
8 10 17
20 23 16
21 0 16
8 14 38
23 3 16
0 2 22
5 8 32
7 12 8
22 2 4
21 1 16
21 23 37
1 4 4
18 20 36
13 15 1
3 6 3
16 19 6
21 0 29
20 23 15
18 21 20
2 5 26
23 1 11
21 0 18
22 1 17
15 18 27
1 4 27
14 16 32
1 4 30
22 0 24
14 17 19
14 17 4
10 13 29
11 15 3
13 15 28
20 23 23
3 4 2
3 6 31
2 6 4
20 22 3
7 10 37
21 0 6
7 11 30
18 23 37
20 0 20
9 12 14
0 5 16
19 22 15
14 19 9
3 7 28
20 21 24
12 15 9
15 18 11
8 10 8
10 13 8
16 18 11
10 13 23
16 19 31
20 23 18
14 19 9
4 6 18
17 21 35
16 18 35
3 6 29
8 10 26
10 14 23
1 4 23
5 8 36
22 23 18
14 18 8
21 0 1
13 18 7
8 11 25
15 19 25
20 21 21
8 11 13
3 7 34
5 9 4
13 15 4
12 15 22
16 19 23
22 1 12
11 14 37
23 2 13
16 19 26
13 17 5
3 6 24
1 4 6
4 8 15
17 20 6
22 3 30
4 7 35
9 12 4
22 2 36
8 11 22
22 4 17
4 8 7
8 12 10
3 6 9
9 12 34
21 23 34
1 5 21
14 18 38
23 2 24
6 10 16
19 22 37
20 23 4
19 23 30
5 7 13
1 3 11
2 5 34
11 14 29
13 16 38
23 2 24
21 0 3
9 12 19
23 3 35
18 19 37
21 0 22
17 19 26
5 10 2
5 7 4
20 23 30
18 22 28
0 2 38
18 20 6
19 21 39
1 5 1
18 21 14
1 3 12
7 12 31
18 21 11
10 14 39
16 19 32
19 21 16
13 15 19
5 8 32
6 9 24
9 12 13
4 7 35
15 18 22
10 12 16
21 2 7
12 17 18
3 6 26
13 17 23
2 5 29
12 13 9
22 0 23
19 23 12
1 6 4
11 15 29
1 3 23
20 22 38
13 16 15
17 20 13
12 15 13
0 3 29
2 4 3
5 9 33
5 5 18
22 0 2
2 5 27
23 0 22
18 22 35
5 7 12
14 16 30
13 16 4
14 18 29
22 1 9
1 5 25
4 7 20
17 22 6
8 12 9
17 18 36
6 10 10
16 21 21
8 10 39
10 13 29
16 18 4
5 8 10
17 19 6
15 17 7
4 8 8
13 16 3
6 9 24
14 16 38
10 13 32
13 18 11
5 8 28
5 9 11
18 19 38
22 2 39
8 11 33
16 17 34
4 7 14
10 14 1
3 7 12
16 19 9
14 16 5
11 12 12
0 4 9
16 19 36
7 9 36
14 17 32
1 5 22
11 16 2
22 2 38
3 6 6
16 19 16
10 13 8
22 1 16
10 12 35
19 23 37
14 18 21
4 7 20
5 7 17
19 23 18
13 18 4
5 8 29
1 4 20
14 15 14
14 16 7
16 17 31
0 3 18
10 14 23
2 5 13
16 19 6
17 20 22
23 2 14
18 20 39
23 3 5
10 12 39
19 20 6
10 14 15
9 11 29
0 2 7
18 21 38
23 2 37
8 13 19
20 23 24
10 13 11
13 17 23
16 19 19
15 19 10
13 16 17
10 13 30
3 7 39
6 9 11
16 18 2
3 6 4
22 2 28
19 20 1
15 16 28
19 21 21
1 3 10
22 2 18
22 23 2
23 1 14
15 17 21
21 1 7
23 4 23
10 14 26
20 0 39
11 13 35
21 0 30
19 23 39
21 0 7
16 20 2
0 2 6
1 5 12
8 12 32
15 18 30
5 9 7
11 15 30
6 9 21
13 16 35
12 14 23
23 4 31
3 3 25
10 14 13
14 17 31
13 17 7
10 14 9
2 6 27
6 10 1
7 9 26
8 10 35
18 21 15
15 19 33
5 8 30
10 13 13
4 6 26
1 4 2
23 2 21
21 23 38
18 20 27
9 10 38
5 9 3
0 3 19
14 17 37
5 8 1
11 14 6
19 20 4
9 13 4
10 12 36
21 0 32
12 17 32
15 18 19
11 14 28
11 12 21
10 12 11
15 18 9
5 7 39
19 20 11
14 17 9
13 15 19
9 13 35
5 7 6
21 0 3
5 7 33
13 14 32
21 23 19
21 1 10
4 7 35
15 18 4
21 1 13
21 0 30
14 16 3
17 20 21
9 11 20
9 11 29
6 10 29
3 5 2
10 13 1
17 18 32
8 10 7
6 8 27
21 0 18
12 14 8
2 5 4
21 0 34
13 18 26
17 21 31
2 5 29
13 15 28
6 7 33
17 21 35
1 5 5
1 2 22
19 22 14
7 9 3
3 6 37
12 13 26
18 19 35
1 1 4
10 11 15
19 22 32
1 3 1
20 0 34
16 19 25
7 9 6
20 1 5
19 22 14
2 6 12
22 3 8
18 19 5
5 8 9
19 21 33
10 12 10
14 15 23
1 4 10
0 2 31
6 6 7
17 20 27
8 11 19
11 14 33
5 8 29
23 3 1
16 19 36
18 20 25
17 20 26
15 17 21
0 2 9
1 5 33
15 19 39
20 0 20
21 23 11
5 7 21
21 0 35
13 15 9
6 9 23
19 21 25
11 13 1
15 17 29
16 19 17
23 3 14
21 23 9
7 10 1
11 13 31
0 3 35
9 13 38
0 4 5
14 16 1
20 23 32
12 14 29
2 4 31
5 8 35
3 7 4
4 7 36
18 21 3
17 21 32
8 11 17
4 5 12
18 23 21
15 17 17
19 22 34
11 14 7
11 15 39
4 8 37
5 8 6
0 3 8
15 19 36
6 8 20
7 10 26
20 23 5
23 2 13
16 19 14
22 1 22
6 9 18
14 17 26
20 23 28
2 5 4
6 9 19
23 3 6
0 3 27
6 11 23
19 23 2
18 22 35
18 21 38
19 22 35
15 17 25
5 8 9
17 20 11
4 6 28
10 12 12
4 7 36
13 15 30
11 15 9
1 5 7
20 22 6
14 17 10
1 5 27
8 11 20
17 20 14
17 20 34
22 1 23
12 14 25
2 6 10
22 1 36
2 6 20
2 6 18
1 4 5
18 18 5
6 8 33
1 5 3
6 6 13
19 21 12
4 9 19
8 12 4
4 9 38
13 16 17
21 1 36
13 18 4
4 7 21
14 17 3
20 23 20
23 3 29
6 9 33
6 11 1
18 20 16
11 14 12
14 17 4
14 16 38
6 10 36
0 2 1
19 21 38
3 5 30
22 1 36
21 0 17
22 23 11
8 11 29
8 10 25
21 1 26
23 0 14
9 13 37
13 17 13
17 21 27
1 5 16
10 13 19
5 8 4
12 15 2
18 20 11
18 20 3
15 18 23
6 8 11
13 16 12
23 1 16
6 9 14
23 2 34
16 19 17
22 0 37
13 15 32
18 20 14
16 20 5
18 23 35
17 21 5
9 13 4
16 20 27
0 1 37
21 1 16
16 21 31
10 13 6
17 19 7
5 7 2
4 7 37
7 11 20
18 21 22
15 17 6
14 16 20
20 23 37
20 22 13
5 8 32
1 4 3
18 20 37
5 10 16
1 5 32
17 22 37
20 0 35
3 6 29
8 13 15
6 9 21
3 7 34
5 8 18
20 1 31
4 9 33
18 21 18
10 14 35
13 15 27
15 17 23
18 20 30
3 7 17
14 17 19
17 19 29
21 1 31
7 10 24
19 22 16
2 4 13
13 16 32
15 19 24
0 3 35
17 22 23
18 21 13
11 12 34
22 2 28
3 4 36
4 7 33
21 22 25
20 22 28
23 3 30
4 8 24
4 6 29
20 22 5
9 12 22
21 1 19
20 0 22
10 12 21
7 10 14
4 8 4
0 4 18
23 2 30
2 6 26
20 0 34
16 18 35
14 16 38
4 8 16
5 7 25
12 16 33
8 11 11
11 13 7
12 16 21
4 8 33
6 9 7
4 7 3
2 4 22
6 9 15
2 5 17
10 13 29
23 23 32
5 8 16
1 5 13
9 13 13
23 2 12
2 6 33
23 3 23
3 5 6
12 16 13
5 8 33
9 12 29
22 1 34
11 13 35
2 5 5
15 18 39
9 11 11
5 6 10
1 5 26
0 4 1
18 21 15
12 15 27
17 21 12
0 4 37
0 4 27
17 21 23
4 8 26
20 0 18
5 8 29
22 1 10
17 21 9
12 14 28
14 16 12
16 17 16
8 10 17
8 10 26
16 19 9
15 18 30
18 21 23
14 18 19
19 0 31
4 6 15
5 10 25
6 8 7
10 12 1
1 5 18
20 0 15
8 12 9
13 17 7
22 0 18
16 19 32
18 21 32
9 14 13
8 13 5
9 13 6
6 8 24
9 13 7
7 10 15
13 18 24
18 22 8
16 19 16
17 19 15
14 16 24
8 11 22
11 16 26
10 12 35
14 16 14
2 6 35
3 6 34
17 21 28
7 10 7
23 2 1
0 2 5
11 15 23
16 18 18
9 13 34
14 18 4
10 14 33
23 1 30
23 3 12
2 4 8
17 21 26
16 19 28
14 16 39
19 23 8
9 10 13
14 16 29
9 14 1
3 5 14
18 20 25
2 5 28
6 9 11
16 18 26
8 11 13
2 4 28
18 21 15
16 18 18
3 4 16
14 18 32
8 10 10
5 6 22
19 23 38
17 19 26
12 14 16
17 22 11
10 13 29
16 19 10
12 15 9
17 20 33
8 11 26
4 6 23
0 3 24
14 16 34
20 1 22
7 8 19
1 6 39
21 2 31
9 14 39
11 15 28
15 18 15
16 19 39
0 3 12
10 14 21
16 18 35
17 18 25
16 19 22
21 0 4
6 8 5
1 6 6
10 13 27
3 5 31
3 6 12
17 23 1
14 18 15
3 6 2
11 16 6
19 22 4
2 4 23
17 22 19
15 20 33
17 21 32
18 19 11
23 2 39
15 18 1
4 5 2
14 18 31
0 4 27
12 15 10
20 23 7
8 10 36
3 7 22
4 7 39
14 18 27
13 18 17
5 8 6
18 22 3
7 11 29
5 7 17
16 18 29
20 21 27
3 7 36
7 11 14
15 19 37
18 20 20
13 17 26
0 4 3
12 13 20
15 17 25
23 1 10
1 3 9
22 0 32
23 23 8
11 15 12
17 19 27
16 18 6
2 5 17
21 1 35
1 5 20
19 22 23
4 8 20
10 13 7
10 13 12
15 19 35
20 1 38
20 1 5
23 3 29
21 23 33
6 10 19
11 15 15
1 6 36
11 14 1
18 21 32
6 8 27
22 2 31
20 0 1
5 8 3
0 1 26
6 9 20
0 2 13
23 3 20
7 10 8
1 4 16
21 1 14
9 11 10
8 11 22
6 10 9
8 13 22
6 10 29
2 5 39
7 8 32
20 0 35
16 19 8
14 16 29
15 17 6
19 22 24
0 5 39
22 1 13
3 7 12
20 21 15
2 6 9
21 1 26
14 16 33
2 6 25
18 21 38
2 4 36
7 9 16
8 10 5
4 8 33
7 10 37
9 11 33
22 0 17
3 6 14
23 2 9
19 23 39
3 5 5
4 8 33
22 1 30
16 20 8
16 18 38
20 22 27
5 7 23
21 23 5
2 5 30
0 3 17
11 15 9
20 0 27
16 20 34
19 20 31
13 16 3
3 7 19
14 17 29
12 14 14
15 18 23
22 1 10
19 21 11
9 14 27
15 19 33
13 17 17
23 2 31
7 9 16
22 23 34
23 1 23
1 1 15
6 9 23
23 0 17
9 11 23
19 0 32
11 15 33
14 16 18
1 4 18
8 10 22
15 18 14
14 15 21
17 19 5
11 13 27
17 22 26
14 15 8
8 10 27
9 10 39
2 5 34
4 8 30
14 17 7
13 16 13
21 2 1
18 21 32
12 13 10
23 2 39
2 4 7
8 11 14
2 5 35
2 6 11
3 6 27
21 1 18
22 0 18
19 22 34
17 21 22
4 6 24
5 7 35
17 20 34
4 9 14
15 19 10
17 21 14
16 19 38
9 13 3
1 4 7
3 7 14
7 9 15
6 8 26
9 13 24
14 16 4
14 17 1
19 0 19
0 4 36
9 13 38
16 22 19
2 3 3
14 17 13
14 17 12
15 17 11
0 -1 39
18 21 14
