12000 47
33 21 4 28 27 38 23 16 28 17 41 22 10 6 26 47 4 12 28 4 33 27 2 12 13 1 8 43 6 19 18 18 46 15 35 17 38 9 13 25 10 30 4 23 16 37 36 
13 16 13
6 8 35
10 14 36
3 8 37
1 5 24
13 17 36
17 19 4
23 0 23
13 16 16
8 9 21
9 13 12
12 14 41
0 3 36
23 0 15
14 17 26
0 3 43
5 8 45
5 8 39
8 11 28
2 6 46
7 10 24
15 18 44
19 22 13
13 14 5
2 5 35
16 16 47
20 23 17
13 15 9
17 20 28
17 21 8
20 22 47
11 14 20
20 22 32
18 19 38
15 19 43
19 22 21
0 2 8
1 3 5
13 16 32
1 3 2
14 16 35
23 2 19
1 4 23
16 18 36
5 8 47
3 6 11
1 4 45
22 2 32
9 14 17
15 17 18
18 21 31
0 3 12
8 12 14
6 9 30
11 13 22
4 7 29
0 3 13
16 21 27
8 12 8
15 18 40
10 15 39
7 12 32
4 8 32
9 13 19
0 2 31
17 19 16
5 8 9
23 1 9
13 15 23
14 16 44
23 4 19
6 8 41
6 8 6
2 6 42
3 7 22
12 14 39
3 4 21
23 2 5
13 16 5
20 22 39
23 4 40
6 8 41
5 10 31
10 12 35
9 12 14
1 5 22
18 23 27
12 14 9
23 1 46
7 9 24
5 9 37
8 10 3
18 22 10
9 11 46
19 22 20
13 17 15
4 7 3
16 19 33
3 6 5
8 11 16
19 21 31
3 5 11
16 18 36
20 0 36
21 23 20
18 20 10
19 22 33
16 19 46
11 15 7
14 16 15
10 13 35
2 6 20
10 13 15
13 15 24
9 11 12
16 20 10
20 22 33
13 13 41
23 0 29
12 13 19
13 15 9
0 3 43
10 14 23
6 7 13
13 16 26
11 14 30
12 14 43
0 5 23
8 12 7
10 14 17
8 10 27
11 15 45
22 1 46
3 6 12
9 12 33
18 21 5
14 15 23
3 5 27
12 15 45
1 3 45
21 1 25
13 16 15
2 6 6
16 18 21
5 7 27
6 10 14
19 0 8
2 3 14
14 17 43
11 15 4
4 7 31
17 22 21
5 9 39
8 11 47
19 23 37
6 10 10
21 1 14
19 22 20
9 11 3
2 5 8
2 5 24
21 0 10
18 20 35
10 13 13
14 15 26
0 2 27
23 2 47
12 14 47
3 6 15
23 2 29
12 14 39
8 11 46
20 22 24
18 21 34
7 9 47
6 7 31
15 18 12
14 17 28
9 12 32
18 22 16
5 7 3
12 13 16
6 9 25
22 1 25
7 8 47
5 8 17
17 21 37
8 9 15
17 21 1
17 20 46
19 22 35
22 0 20
1 4 40
2 5 21
15 18 8
1 4 28
22 0 42
1 4 43
6 10 13
12 14 2
21 23 25
12 16 16
13 16 44
7 9 31
0 4 38
4 9 46
1 6 36
15 17 47
17 19 14
17 20 32
20 23 40
13 16 3
22 1 6
17 21 17
19 22 41
9 11 35
23 2 24
20 0 19
21 1 41
5 9 28
4 7 19
6 9 42
4 6 18
17 21 47
16 19 19
4 6 10
8 10 32
23 2 18
19 23 4
18 21 1
5 7 6
15 18 33
2 4 46
11 14 32
22 1 31
16 19 39
16 20 22
23 3 29
21 0 19
0 4 40
13 16 15
10 12 24
17 19 22
14 18 34
20 0 15
10 12 27
2 7 3
12 17 21
1 4 21
0 3 43
0 3 8
10 12 26
17 20 5
12 14 20
20 0 27
15 19 40
7 11 28
10 13 6
4 7 10
0 3 40
6 7 8
17 20 21
6 9 41
14 17 38
9 12 31
20 23 35
13 15 42
20 22 12
16 19 34
6 9 32
3 7 4
12 15 13
2 5 28
4 6 12
16 21 1
11 12 45
6 10 31
18 19 10
9 12 15
7 10 46
10 12 24
23 2 9
21 1 27
1 4 40
2 6 14
18 23 10
18 20 27
17 21 2
15 21 13
13 16 44
15 17 14
4 7 10
23 1 8
16 20 35
15 18 34
15 18 31
8 12 13
14 18 28
22 1 6
21 23 47
19 0 43
10 14 21
23 0 35
6 8 5
7 9 8
3 6 46
9 12 42
15 19 14
21 0 8
2 4 1
5 8 15
5 7 35
17 20 44
13 16 45
14 17 3
15 15 37
20 22 6
2 7 9
2 4 20
19 21 1
6 8 35
5 7 1
4 7 19
13 18 25
15 19 18
18 22 3
23 3 3
9 12 25
13 17 5
2 5 4
20 22 4
14 20 37
4 8 41
19 21 8
11 15 9
23 2 31
20 23 1
14 17 4
4 8 28
20 22 6
6 9 34
14 16 7
20 22 33
9 10 30
9 12 23
16 17 21
13 15 25
12 14 14
4 7 44
21 23 16
2 5 15
17 22 16
22 1 34
6 10 7
0 3 29
11 14 6
12 16 4
14 19 37
18 22 28
11 14 34
9 12 40
13 18 7
9 13 20
12 15 22
9 13 33
6 11 12
1 3 8
18 21 16
17 19 23
10 14 2
13 16 29
7 10 18
20 0 23
1 4 12
1 3 46
16 18 46
20 1 39
12 15 26
10 12 24
14 16 21
17 19 15
18 22 33
11 14 21
20 23 8
19 22 24
1 5 3
2 5 19
22 1 3
17 19 27
2 6 6
19 22 3
4 7 11
17 20 34
17 19 17
10 13 42
21 0 12
17 20 35
19 22 7
23 2 29
9 13 30
19 21 4
6 7 35
21 0 21
3 7 6
19 21 21
15 18 39
7 9 37
12 15 46
22 0 12
12 15 2
12 16 20
3 5 17
17 22 33
6 8 21
22 0 45
16 19 7
11 16 16
13 15 17
15 18 25
23 2 22
21 2 3
15 17 12
4 8 16
22 1 35
0 5 13
19 22 7
5 8 23
13 15 9
4 7 30
16 19 26
22 1 15
6 9 36
3 5 14
15 19 18
9 11 9
1 3 47
20 23 19
3 5 15
14 16 25
5 8 30
20 0 36
10 14 40
4 6 15
15 17 12
3 8 36
22 1 39
9 10 46
3 5 20
18 21 25
0 4 20
18 19 4
10 13 25
20 23 12
18 18 5
18 22 22
13 17 35
19 21 14
18 20 9
15 17 27
8 10 4
22 1 22
6 8 17
8 11 37
10 12 2
11 13 35
9 13 30
10 14 33
4 6 17
21 0 44
14 18 9
19 21 19
18 20 34
11 15 47
9 11 45
3 6 46
15 17 40
12 16 15
11 15 38
20 22 11
10 14 46
13 14 29
18 21 36
6 8 32
19 22 36
23 2 30
15 18 5
4 8 22
14 16 22
13 17 39
0 4 7
23 2 44
16 19 15
6 8 36
9 12 45
17 20 3
22 2 30
15 18 10
3 6 28
3 7 10
17 18 41
12 16 7
17 20 10
18 22 34
15 17 1
12 14 21
11 15 12
3 8 14
4 8 13
7 9 33
15 16 5
14 16 29
6 9 16
18 20 1
10 12 6
11 14 31
19 23 9
0 3 3
10 13 12
7 10 33
15 17 15
10 14 7
8 11 31
11 12 44
23 0 2
15 18 14
9 13 29
6 8 23
15 17 46
12 15 37
22 0 39
19 23 2
6 10 20
7 10 6
0 4 17
10 15 44
2 6 43
20 21 39
2 6 16
5 9 46
4 7 20
6 10 43
7 9 20
18 22 9
15 19 2
0 3 22
20 22 24
16 20 31
9 12 4
5 9 28
23 2 33
17 23 7
5 11 24
0 4 23
22 0 5
10 12 33
1 5 24
20 23 14
6 9 41
6 9 13
8 8 39
2 7 39
1 4 24
13 17 2
0 3 33
12 14 7
16 19 44
15 21 31
23 3 7
14 17 32
17 20 38
20 0 18
3 5 26
10 14 35
9 12 21
14 16 27
18 21 31
23 2 25
17 19 40
23 2 31
21 0 11
10 14 15
5 9 22
5 7 4
14 16 25
1 5 23
13 16 41
7 11 23
6 10 22
19 23 30
21 23 32
14 18 35
1 5 7
21 1 47
14 18 26
15 18 45
20 23 21
9 10 19
18 23 44
23 1 37
16 19 42
15 18 27
16 20 8
12 15 24
22 2 7
6 8 29
18 20 30
10 12 30
9 13 43
14 17 1
16 21 42
0 2 17
0 3 46
12 16 13
22 1 27
13 18 43
21 1 14
11 14 38
19 21 29
5 8 18
20 1 24
14 17 16
15 16 2
16 18 41
18 20 32
16 19 18
12 16 9
13 18 1
5 7 33
4 6 9
14 17 24
21 1 15
10 15 46
19 22 40
17 19 16
15 17 14
7 10 1
14 16 2
4 6 46
7 11 29
8 11 42
23 3 16
11 14 40
12 15 41
1 5 47
19 22 26
17 21 22
6 10 9
14 17 46
12 17 31
10 12 39
1 4 35
13 16 15
21 22 34
2 5 13
2 6 10
11 15 23
13 14 41
4 6 6
17 18 14
23 1 3
2 6 17
9 12 29
2 6 39
1 4 1
4 7 17
17 21 32
3 7 46
17 20 22
17 21 11
7 10 25
0 4 28
13 16 12
0 4 26
11 14 26
15 19 37
23 4 38
20 23 42
16 20 8
2 5 22
19 23 28
11 15 1
9 12 26
0 3 22
5 5 33
11 14 11
16 19 46
15 17 37
16 18 47
3 7 25
13 16 38
1 2 6
17 20 40
1 4 20
11 14 12
22 1 14
10 14 15
4 6 25
19 22 23
18 21 15
20 0 26
12 15 35
10 11 31
2 5 21
1 3 11
6 11 32
4 8 13
19 21 21
19 21 19
2 6 15
18 23 4
4 7 40
0 3 17
0 3 18
23 2 11
6 8 21
0 3 38
3 5 26
19 21 26
5 8 18
13 15 1
23 2 37
3 7 27
9 14 40
16 18 9
12 16 38
11 12 20
15 17 25
9 13 1
10 12 33
22 2 43
9 11 37
2 6 43
4 6 1
17 21 9
16 18 9
19 22 37
0 3 30
18 19 24
20 22 32
19 22 34
15 18 47
5 8 35
17 21 30
7 11 16
2 4 2
10 13 7
11 15 1
23 1 38
5 8 7
9 12 37
11 12 26
3 6 14
9 13 45
3 7 24
13 16 45
3 6 45
2 5 8
14 16 25
13 14 7
7 11 7
16 19 10
0 2 23
4 6 10
5 6 28
13 17 23
1 4 19
3 5 47
15 19 3
10 12 30
5 8 32
12 13 2
21 1 40
3 6 18
21 23 25
12 15 33
21 0 14
7 9 2
9 11 3
22 1 36
0 3 8
4 7 44
0 3 1
12 16 26
4 9 16
22 2 34
0 2 3
21 0 44
0 3 6
18 20 5
14 17 42
4 7 15
6 8 39
1 5 45
16 19 20
15 18 31
19 22 24
18 22 44
5 7 17
3 6 18
0 2 7
22 2 18
14 19 9
19 23 43
14 15 31
14 18 3
17 20 19
11 14 30
13 16 4
14 19 47
19 23 41
2 7 20
16 17 27
20 23 18
22 3 17
22 1 23
10 13 28
1 3 2
5 7 12
14 17 2
1 4 42
13 17 33
15 18 46
6 10 43
16 18 34
8 13 39
23 2 46
1 3 17
14 18 22
1 3 35
4 6 35
23 23 1
1 3 45
4 7 45
17 21 3
10 12 18
16 19 13
18 20 3
16 19 41
18 20 34
4 6 38
21 0 2
14 16 43
18 22 2
12 15 26
3 5 17
2 7 8
1 4 24
12 15 26
21 2 12
22 1 8
4 7 8
14 17 24
0 4 5
17 20 27
7 10 34
3 7 10
7 10 35
21 0 10
15 19 7
10 13 21
15 17 14
3 6 10
11 15 5
4 8 39
9 12 8
2 6 31
3 5 34
4 8 28
14 16 34
18 22 37
4 6 23
20 0 43
21 1 32
4 8 11
2 5 7
6 8 47
5 8 10
1 3 12
8 11 2
9 12 11
23 1 8
20 23 31
18 21 26
23 2 37
0 3 33
12 15 47
13 16 24
0 4 30
17 19 5
8 10 12
0 4 28
10 14 44
8 10 28
12 13 36
15 19 8
6 9 44
22 1 14
17 22 10
17 21 46
20 0 25
22 1 37
11 13 4
14 17 11
8 11 24
2 7 16
22 0 36
15 18 30
14 18 38
14 19 24
12 15 46
15 16 41
3 5 43
17 19 28
23 3 9
17 20 17
13 15 10
9 11 27
6 8 10
15 19 37
6 6 41
2 4 28
22 0 28
5 9 39
16 18 12
21 1 42
9 11 10
19 22 35
10 11 4
4 6 34
22 2 31
10 13 35
17 20 9
0 2 41
9 14 2
13 16 20
15 18 13
11 15 11
9 12 1
6 10 38
20 23 35
20 0 17
19 21 30
17 20 44
17 19 3
22 2 36
0 2 13
0 2 13
12 15 16
21 1 29
18 20 32
14 16 38
2 5 3
15 19 1
3 6 7
5 8 46
10 11 44
18 21 1
5 9 24
6 10 35
17 21 36
13 16 10
7 11 15
11 13 33
11 14 47
15 18 11
23 2 2
3 8 3
12 14 43
14 15 10
6 10 3
4 7 11
23 2 18
11 16 7
0 3 39
10 14 35
17 22 16
19 21 2
3 6 35
5 6 35
19 23 20
23 2 20
17 20 16
4 9 33
16 19 45
11 14 22
16 19 25
5 7 33
11 12 40
12 14 19
23 1 6
14 17 20
21 0 45
9 12 22
10 13 20
22 1 13
11 14 6
14 16 46
17 20 42
5 8 39
5 8 22
14 18 25
13 17 10
12 13 10
20 23 13
9 11 4
17 21 2
19 21 15
12 14 9
3 5 28
18 23 4
21 23 34
22 22 11
5 8 38
13 16 20
13 16 21
23 3 1
6 10 13
4 8 3
20 23 8
21 23 36
12 16 24
11 15 11
23 3 46
14 16 45
17 20 43
12 16 37
7 10 25
6 8 32
18 22 32
3 6 43
14 17 18
2 4 2
15 17 43
12 15 46
7 10 33
11 14 25
7 8 22
13 16 38
6 10 4
11 14 8
2 4 28
19 22 28
12 16 28
4 8 18
1 3 46
2 4 22
6 9 5
3 8 8
16 18 27
4 7 3
16 17 9
18 20 9
1 3 33
15 18 29
21 0 10
12 18 12
14 19 44
19 0 38
8 11 40
4 7 41
9 12 22
15 19 7
17 20 5
2 6 33
14 17 11
9 13 1
11 13 9
8 8 30
12 15 26
15 18 43
4 6 45
0 4 22
13 16 38
16 20 23
3 6 27
3 7 21
1 5 17
3 6 31
7 10 40
4 6 25
14 16 32
23 2 25
7 11 23
22 4 23
1 5 6
21 22 43
16 20 27
23 1 14
18 20 40
5 8 1
3 6 8
3 5 29
12 15 47
21 0 35
23 1 6
4 6 11
4 7 2
9 11 40
19 21 47
10 13 8
12 15 31
11 15 28
6 10 39
22 1 26
3 6 4
2 5 25
17 21 1
5 6 41
22 1 47
11 15 11
12 14 30
3 6 26
18 20 45
6 10 33
16 19 1
18 21 20
13 16 33
8 11 33
22 3 24
19 22 46
21 0 20
4 7 24
21 0 31
3 5 19
21 0 9
10 13 45
22 1 35
17 20 15
9 12 5
16 21 40
10 12 27
18 19 29
14 17 35
1 4 5
13 16 7
0 3 1
17 19 24
6 9 16
9 10 41
9 10 44
11 14 24
7 9 1
6 11 18
8 9 40
11 14 12
18 20 25
0 5 4
8 11 39
23 3 6
22 0 8
15 17 41
16 20 2
20 22 1
1 2 30
4 8 32
14 17 28
18 21 28
2 5 18
8 9 2
1 3 25
18 21 20
18 21 27
2 4 19
0 5 30
14 17 19
21 2 42
11 15 26
15 17 38
22 1 14
16 19 42
15 18 27
11 15 38
17 21 2
22 1 1
22 1 46
14 19 31
11 15 25
9 11 44
0 3 22
19 22 31
12 15 31
8 12 45
16 19 38
6 9 12
10 13 47
12 14 3
11 14 2
20 22 19
9 12 26
13 16 41
7 8 47
4 7 21
7 9 46
13 15 3
18 22 6
23 0 7
17 20 45
16 19 8
18 22 10
14 17 44
2 4 9
4 7 41
21 0 16
14 16 37
18 20 46
20 23 5
23 2 40
13 15 31
22 0 17
16 19 34
21 0 6
13 15 43
6 8 41
17 18 20
19 23 2
1 4 2
1 3 47
17 21 24
13 17 30
23 2 8
23 2 30
23 3 35
3 4 9
15 19 24
21 23 16
15 18 9
5 9 47
18 20 28
18 20 37
6 9 19
22 1 11
21 1 45
0 2 21
19 20 13
20 23 1
2 4 7
14 17 19
13 17 46
8 11 16
20 23 3
16 18 26
7 8 11
12 16 10
15 18 22
1 2 8
6 10 24
21 1 41
10 14 29
22 1 23
11 13 43
2 5 13
21 21 3
14 18 38
13 16 36
2 5 16
16 19 28
8 12 40
3 5 39
14 16 27
3 6 45
14 19 38
14 16 36
4 7 39
10 14 30
5 8 36
23 1 12
18 22 47
14 17 13
3 6 11
5 7 29
20 23 12
5 8 42
22 3 16
14 17 38
1 4 29
18 20 16
3 5 44
13 17 43
5 8 16
7 11 44
23 3 15
17 21 42
11 15 16
23 1 32
4 5 1
13 18 36
14 18 25
6 9 33
13 14 10
13 17 10
12 15 22
3 7 7
5 8 2
5 9 6
10 12 35
8 10 7
11 15 2
16 19 42
1 3 3
7 10 24
0 4 12
9 11 30
14 17 15
3 6 9
2 3 37
8 12 6
6 8 32
13 17 38
14 17 41
6 9 12
1 3 46
0 1 8
20 22 31
13 14 29
17 21 24
14 18 37
3 7 9
20 0 24
14 17 38
17 20 27
20 22 13
23 1 29
21 23 43
17 19 38
4 7 43
18 21 34
10 12 30
21 0 30
7 10 40
12 16 19
20 0 10
3 7 45
11 13 14
9 12 26
14 18 18
11 14 17
21 1 22
6 8 42
15 18 32
3 6 18
19 21 11
9 13 1
9 11 41
11 15 14
9 13 14
3 7 14
9 11 3
3 5 47
1 4 16
17 21 9
16 20 8
12 17 42
23 2 24
21 1 18
8 11 5
1 6 6
21 1 13
13 18 32
7 8 13
5 9 32
1 6 12
12 16 15
8 10 19
13 16 47
16 19 19
18 19 25
13 17 12
8 10 23
15 19 45
8 11 33
12 16 10
20 22 27
2 6 27
22 1 22
5 8 18
12 16 14
20 23 47
15 18 42
20 22 42
1 4 20
1 4 2
10 12 44
10 14 17
22 23 29
9 12 19
0 3 33
16 20 8
23 3 3
14 19 3
4 7 10
11 14 28
6 7 14
19 21 20
20 23 33
5 7 14
11 14 21
5 6 18
2 5 20
17 21 39
2 6 42
21 0 1
10 14 6
1 3 27
15 20 11
9 13 33
1 5 6
18 22 42
4 6 40
23 1 43
7 11 30
20 0 6
9 12 40
18 20 32
1 4 31
0 3 17
15 18 4
13 16 1
2 5 36
4 6 46
2 5 4
19 22 8
17 21 45
15 18 34
3 6 20
16 20 31
17 20 4
3 6 37
4 8 12
22 23 7
14 15 20
3 5 7
14 17 28
9 11 16
13 15 25
16 17 40
19 22 2
5 8 12
17 19 24
6 8 10
21 23 46
4 6 25
10 14 10
10 13 28
14 18 13
21 0 1
7 10 46
8 11 22
13 17 11
4 7 4
15 18 8
23 1 22
5 8 16
21 1 27
1 4 47
18 22 13
3 4 46
13 18 24
22 1 22
12 14 6
16 17 5
0 2 24
12 13 36
22 1 7
4 7 6
15 20 12
15 19 7
15 17 16
9 10 31
21 23 46
18 20 26
19 21 21
22 2 21
2 5 4
0 5 33
9 14 40
22 2 32
7 10 33
14 18 28
10 11 21
13 16 33
17 21 15
11 14 10
13 16 30
3 5 2
0 4 27
7 8 4
20 1 8
0 3 29
4 7 17
22 0 2
6 9 9
17 19 1
14 17 15
13 15 7
7 11 43
4 7 6
5 10 18
5 10 18
10 14 9
13 15 8
21 23 2
11 12 46
20 2 14
21 22 30
11 14 2
2 4 30
21 0 16
22 2 24
3 6 12
3 6 7
11 15 32
2 5 10
9 11 29
19 23 43
7 11 25
10 15 1
1 3 6
7 10 43
6 8 29
1 4 38
9 11 12
1 4 39
6 10 39
19 20 40
1 5 21
1 4 17
10 10 6
19 21 15
15 19 23
18 22 30
2 4 28
6 9 32
18 22 34
21 1 31
17 20 17
15 18 31
21 0 29
14 18 12
14 16 43
4 6 34
0 3 25
3 5 22
23 1 30
1 4 5
18 21 44
4 7 1
5 9 47
18 21 35
2 6 6
12 12 36
23 2 8
8 12 30
5 9 13
22 1 19
22 2 8
5 10 43
11 14 19
15 19 36
0 5 40
22 4 45
21 1 12
16 17 11
5 10 4
13 16 37
4 7 2
21 0 4
19 0 28
16 19 4
23 2 19
2 3 36
13 14 22
22 1 16
8 11 5
20 23 44
19 23 16
2 4 41
0 1 24
15 18 4
11 13 32
5 8 22
0 3 23
21 23 47
14 18 47
8 11 37
9 12 21
4 6 24
19 22 4
4 8 22
21 0 33
23 1 38
22 0 16
16 20 5
10 14 26
11 14 43
23 1 3
8 12 30
1 5 12
15 19 34
6 8 8
13 15 15
16 17 39
20 21 20
10 12 13
10 13 7
5 7 43
17 20 26
1 3 9
7 11 28
15 18 38
19 23 7
22 23 9
5 9 18
2 6 10
11 14 33
18 20 12
15 17 15
4 6 44
3 7 39
2 4 30
20 0 17
5 7 19
3 6 43
15 18 44
4 7 44
3 7 4
22 2 26
16 19 21
22 2 47
5 8 11
10 12 47
17 21 3
15 18 33
19 23 25
11 15 18
16 18 31
18 21 30
4 9 21
20 1 31
9 12 23
0 4 33
14 18 26
13 14 38
12 15 18
15 18 31
4 8 31
22 0 2
23 1 32
17 18 42
8 10 43
7 10 37
6 8 15
15 18 47
16 18 25
4 6 25
1 4 33
16 19 47
22 1 6
12 16 8
15 17 41
14 17 18
12 14 1
16 20 25
10 14 14
8 13 20
14 17 2
4 6 6
20 0 28
0 3 14
15 18 18
2 6 1
7 10 4
10 12 27
1 3 26
13 14 29
8 11 27
21 23 17
20 22 14
4 7 41
23 1 3
9 11 1
7 11 20
4 7 31
16 19 2
12 14 36
13 16 36
3 6 34
14 19 10
12 14 36
10 12 22
13 16 46
0 4 47
10 13 26
10 14 18
20 22 33
2 5 15
18 22 15
17 19 17
6 8 4
5 7 38
19 22 28
23 1 36
4 8 47
8 10 36
7 10 41
5 8 42
7 10 18
17 21 1
21 1 10
4 7 14
18 21 36
12 15 7
15 18 41
10 15 38
18 21 6
5 8 47
2 4 28
20 0 34
17 18 33
0 3 28
13 17 42
19 22 32
9 12 45
3 6 21
12 16 12
12 14 9
21 2 2
5 8 12
21 0 45
0 2 45
12 15 39
6 8 30
17 20 26
10 13 15
18 21 21
14 17 17
12 17 44
3 5 15
19 23 28
18 23 18
0 2 25
8 9 22
14 17 19
2 4 6
6 9 16
15 18 9
14 18 38
22 3 34
4 7 33
0 3 21
13 16 26
11 16 24
6 10 33
20 0 6
10 13 15
11 12 21
16 20 45
19 22 34
15 19 29
3 8 18
12 15 40
0 4 29
19 23 19
2 4 19
1 6 41
20 0 39
16 20 36
23 4 27
10 17 25
11 13 24
8 11 37
18 20 38
7 10 21
8 10 29
5 8 45
7 11 16
17 20 43
9 12 18
17 20 31
17 19 2
20 23 40
15 19 41
13 16 11
2 3 20
0 3 3
13 17 6
19 22 16
18 21 27
14 16 2
4 8 31
21 23 19
20 22 42
10 14 2
14 17 9
15 19 12
12 15 29
20 0 18
1 2 17
14 17 27
14 18 15
4 7 14
22 0 26
23 3 41
7 8 23
19 22 37
20 23 9
20 22 29
5 8 19
2 5 47
14 16 17
3 8 18
14 18 30
2 7 39
16 19 37
4 7 33
9 11 30
23 2 16
23 2 10
11 14 43
16 19 14
21 1 31
19 20 12
0 4 15
1 5 19
3 5 41
5 7 33
8 11 7
17 20 22
6 8 18
2 7 12
20 23 4
5 8 7
6 9 34
15 18 25
20 22 21
23 3 43
19 20 45
15 18 4
12 15 18
14 16 7
13 16 34
1 3 45
11 14 3
21 1 11
8 9 37
11 15 44
17 20 46
14 17 44
14 17 24
13 16 41
19 21 15
2 6 46
5 7 26
19 21 43
2 5 38
20 0 10
22 2 27
23 1 13
5 8 29
17 21 45
16 19 17
12 14 31
20 22 3
22 1 37
11 14 47
9 11 29
13 16 42
23 2 26
21 1 39
6 9 6
0 4 35
23 2 4
13 16 12
23 1 19
11 14 2
9 13 33
8 11 3
20 0 36
6 8 4
9 13 6
17 21 4
23 2 41
8 11 25
5 8 45
23 1 30
8 10 6
23 3 38
3 6 3
8 11 27
6 7 40
23 1 25
5 8 44
19 23 7
11 13 17
20 23 1
14 17 23
14 19 32
23 2 25
2 4 30
4 5 6
3 5 38
4 7 32
5 10 45
6 9 22
9 12 26
19 22 36
10 12 7
11 13 46
20 23 32
15 17 37
20 23 10
7 11 3
21 22 33
15 19 16
18 21 34
10 12 13
11 12 7
12 16 23
18 21 28
2 4 20
18 23 25
18 21 24
9 13 2
3 5 24
22 1 18
5 7 46
10 14 22
11 14 1
23 4 32
8 12 4
22 1 44
13 16 40
15 18 14
11 15 24
1 4 31
2 4 32
23 0 42
2 5 25
13 17 21
7 10 30
20 22 44
8 12 28
10 13 26
10 14 16
3 6 10
7 10 16
1 3 24
17 19 22
17 20 42
21 1 29
19 0 1
5 9 17
15 19 4
20 22 13
3 5 35
5 10 31
17 20 39
2 5 17
11 14 13
11 14 30
9 13 16
6 9 18
8 12 33
7 10 37
10 14 3
15 18 12
12 14 29
21 22 1
13 16 1
13 14 43
11 14 5
8 10 12
14 17 47
1 4 27
15 18 11
16 20 47
0 2 11
13 16 21
10 13 40
15 18 39
2 5 29
11 15 18
9 12 47
7 8 6
8 11 28
21 22 29
9 10 5
19 23 1
17 19 6
2 6 43
17 20 32
15 18 19
6 9 6
23 1 38
8 10 33
19 21 44
20 23 42
16 18 30
4 8 3
10 13 45
8 13 21
5 9 40
19 22 1
2 4 23
16 18 37
16 19 21
12 13 46
23 1 6
17 20 6
17 21 7
21 1 25
3 5 41
19 22 12
1 3 23
12 13 8
22 1 43
3 5 19
1 3 15
23 2 46
5 9 39
12 15 43
20 23 25
4 9 44
8 10 34
5 7 20
9 12 5
15 16 17
17 19 20
11 11 18
8 11 5
16 20 34
11 14 12
10 12 8
6 8 25
2 6 32
9 12 43
8 9 34
23 2 31
12 14 23
14 18 39
12 16 36
15 18 6
18 21 18
14 17 24
4 7 15
1 3 27
23 3 27
15 17 19
7 8 41
22 1 31
0 3 26
22 0 26
17 19 3
9 11 29
8 10 18
13 17 45
1 3 27
9 11 8
23 2 20
3 5 24
9 11 31
10 13 45
10 12 31
19 1 38
9 12 28
14 16 9
1 5 31
9 13 10
0 2 40
7 10 34
18 21 36
2 5 5
17 22 2
2 6 7
6 9 40
16 20 1
22 2 41
20 23 29
15 18 25
23 1 34
4 7 8
15 18 13
4 7 33
22 2 23
9 12 39
11 13 22
5 9 33
11 14 34
2 6 5
12 14 43
0 1 21
12 13 15
14 16 47
9 10 32
11 13 47
17 20 31
13 15 11
6 9 46
9 11 16
3 4 3
12 15 17
16 19 22
17 20 36
3 8 39
19 21 11
18 20 3
18 19 29
17 19 3
3 6 31
6 8 13
21 2 40
14 16 41
20 0 29
18 22 41
12 14 41
20 22 17
0 3 3
5 9 36
20 23 23
16 20 10
15 18 17
0 2 33
6 8 44
16 21 25
2 6 46
8 11 38
23 3 38
8 13 47
14 16 44
0 3 2
3 6 30
4 7 10
22 1 45
5 9 1
19 23 17
19 21 40
14 19 23
1 5 27
12 16 7
11 15 40
3 4 41
3 6 45
2 3 10
2 6 10
19 20 11
23 1 15
21 1 17
15 20 38
9 13 18
5 10 12
19 22 43
7 10 19
2 5 35
12 15 21
13 15 47
16 20 35
13 16 30
19 21 1
2 4 7
20 23 18
15 18 36
15 16 40
19 23 5
9 11 37
11 14 16
4 9 42
2 4 26
7 9 9
18 20 8
2 5 33
23 2 17
6 9 25
17 20 26
22 1 29
10 12 1
3 5 35
16 19 37
20 22 14
0 4 34
14 16 29
6 7 30
6 8 33
8 13 9
3 5 35
13 16 1
18 22 42
15 18 11
3 6 20
13 16 46
2 7 14
8 11 36
12 15 33
21 22 2
1 5 18
10 14 32
20 23 44
22 23 27
7 10 17
5 9 18
7 11 25
8 11 6
14 17 46
18 22 28
18 22 42
13 17 2
12 17 25
3 6 16
6 9 19
13 17 6
12 13 10
2 4 33
23 2 44
18 22 35
23 2 11
14 18 27
23 2 8
1 3 32
15 18 31
13 17 30
18 20 6
5 7 37
23 4 36
16 19 46
6 10 45
10 14 2
4 6 30
16 20 36
15 18 29
7 10 30
18 21 36
9 12 2
16 18 43
20 23 36
2 3 37
0 2 15
12 15 6
12 14 16
9 12 19
16 21 19
22 2 42
8 10 24
8 12 6
19 23 7
13 16 5
1 4 4
1 5 37
13 17 28
11 15 26
10 14 8
22 1 3
17 21 36
9 13 7
22 0 46
11 16 43
17 20 17
23 1 17
18 20 18
18 21 13
7 12 18
12 13 12
19 20 25
4 7 27
14 17 10
0 3 18
20 0 2
21 23 17
8 9 4
2 4 17
10 12 19
8 12 10
10 13 18
21 1 4
12 14 36
16 18 9
3 7 46
22 2 1
21 23 39
19 23 2
21 0 29
5 9 22
15 17 12
4 8 12
17 20 32
10 13 7
8 11 15
5 7 27
11 15 15
22 3 8
14 17 35
17 19 32
17 20 11
20 23 22
23 4 2
21 1 45
22 1 16
15 17 42
22 0 39
23 4 22
4 9 24
2 3 41
4 7 46
20 0 10
19 21 10
4 7 10
22 0 25
0 3 8
13 16 14
6 9 31
22 1 3
14 16 3
4 9 23
4 7 13
1 5 10
9 10 38
23 3 18
0 4 22
2 5 2
9 12 33
22 0 1
17 20 8
17 20 10
18 19 47
15 18 22
22 3 27
1 5 10
20 23 47
8 13 40
15 18 34
16 18 27
8 12 4
8 10 15
22 1 30
19 23 16
19 23 45
13 15 43
4 8 18
21 0 44
11 14 4
13 18 32
13 17 1
6 8 13
3 6 1
19 21 26
5 6 36
18 21 13
3 6 39
22 2 6
20 22 29
1 3 28
0 3 38
3 4 10
7 8 5
2 5 26
19 20 22
0 4 29
22 1 34
3 6 10
18 21 8
2 5 4
6 10 9
11 13 25
15 17 3
2 5 9
21 1 5
3 7 33
10 12 39
6 10 38
12 15 31
15 17 34
0 3 11
11 14 13
2 6 43
5 11 40
22 2 37
15 17 42
2 5 13
16 22 46
4 6 16
4 7 6
10 13 6
0 3 17
17 21 40
12 15 18
16 18 22
17 20 20
23 3 5
11 12 19
10 12 2
5 9 16
16 19 6
6 10 9
6 9 39
20 22 25
12 16 2
3 6 10
11 12 36
6 10 8
8 11 18
20 23 9
19 22 18
1 3 25
19 0 9
15 18 19
4 6 24
17 19 42
7 9 4
21 23 46
8 12 2
19 23 46
9 13 2
5 6 44
0 3 37
9 13 3
19 21 33
20 0 28
1 2 21
7 9 40
7 11 28
21 1 35
21 23 10
20 0 17
8 12 9
6 8 22
8 13 24
21 0 16
6 8 45
7 9 12
6 9 15
20 20 3
3 9 23
23 2 41
15 18 29
12 15 13
6 9 14
9 11 22
0 4 30
14 16 28
17 20 46
11 13 17
11 14 26
17 21 11
7 11 44
20 22 27
23 2 5
23 3 19
13 15 32
14 16 3
23 3 20
17 18 34
3 7 37
11 12 28
0 3 10
22 2 7
17 21 12
19 21 29
13 18 7
5 9 40
0 2 9
0 2 6
23 3 19
12 16 31
3 5 38
12 16 13
15 18 30
13 17 6
7 12 2
3 6 30
0 1 5
15 19 25
9 13 14
19 23 11
7 10 21
4 8 41
14 17 10
10 13 36
22 0 3
6 8 5
17 20 20
18 22 13
17 20 3
10 13 23
13 16 32
18 23 26
4 5 20
19 22 42
23 2 10
19 23 9
8 11 27
13 17 40
21 23 18
6 11 5
0 2 27
11 13 23
10 15 14
23 2 26
0 3 20
1 4 11
13 16 27
3 5 6
17 21 25
17 20 3
4 9 32
6 9 26
22 2 3
3 6 30
10 14 14
4 9 36
19 23 34
4 7 46
13 14 14
12 15 2
11 16 12
18 20 19
23 1 1
18 20 34
1 3 35
13 17 7
6 10 20
10 13 38
0 3 42
4 5 37
22 0 26
13 15 6
3 6 19
8 11 24
1 4 46
18 22 30
12 14 22
10 12 33
17 22 10
0 3 34
7 8 43
19 22 30
16 19 11
10 13 36
4 9 33
20 22 13
10 12 2
12 15 41
7 10 17
19 0 21
4 6 1
22 0 10
18 21 16
9 13 39
17 21 1
23 3 1
3 5 10
8 10 44
7 10 40
17 19 17
18 21 21
1 4 27
19 23 47
18 20 28
1 3 19
17 21 27
8 11 27
23 2 13
22 1 7
15 18 1
10 14 2
10 13 20
18 20 27
5 7 33
23 4 8
22 1 39
12 14 27
15 18 16
17 21 3
20 0 27
10 13 16
10 15 10
9 11 26
9 13 15
1 3 23
7 8 29
3 6 39
3 5 30
1 4 37
19 22 44
12 14 28
7 10 44
23 2 4
19 22 22
4 7 19
20 0 38
12 16 37
20 0 20
15 18 47
1 4 32
19 20 13
11 13 22
6 6 25
17 21 20
8 13 7
21 0 27
5 7 45
8 10 12
4 8 35
15 17 20
12 15 39
19 22 44
23 2 30
4 7 5
9 11 23
9 13 2
1 4 16
18 22 35
6 9 1
22 2 24
0 2 2
10 14 30
5 8 30
0 3 13
4 5 8
23 2 3
21 23 8
1 4 13
23 2 22
15 18 9
21 0 25
20 0 23
16 19 38
3 4 29
4 8 6
8 11 12
18 21 27
18 20 31
18 21 12
15 17 1
15 17 31
16 20 33
15 18 28
15 18 29
4 7 5
23 1 40
21 23 16
19 23 35
2 6 19
10 14 32
19 22 44
15 18 10
1 5 8
18 21 25
0 3 19
6 10 14
16 19 1
12 14 26
12 14 3
8 10 17
7 11 28
8 10 10
11 15 1
3 6 42
17 19 46
9 12 32
5 7 22
9 12 2
7 10 14
21 1 12
7 9 24
17 19 29
1 3 9
12 16 2
1 3 30
23 1 47
8 12 3
22 1 26
10 14 29
6 10 4
0 2 20
7 11 4
1 4 19
14 17 24
23 3 24
19 21 34
7 10 42
1 3 43
0 3 5
9 12 47
9 10 6
17 19 38
21 1 16
1 2 27
20 0 43
5 10 34
8 11 8
5 10 43
12 15 6
22 1 22
3 6 17
18 21 39
3 5 27
3 6 4
2 3 10
10 14 35
5 8 31
17 21 36
15 16 1
4 5 44
2 5 8
9 14 23
0 5 12
20 23 4
22 1 9
4 8 16
6 7 31
3 6 45
18 23 37
15 18 10
18 20 45
10 13 19
2 5 33
0 3 4
16 19 2
17 21 35
16 19 22
12 14 20
12 14 3
4 8 39
7 11 24
10 14 17
9 12 20
22 23 35
12 14 39
13 15 36
12 16 16
4 7 21
2 6 13
15 18 24
19 22 30
6 9 14
19 23 29
5 8 36
10 14 34
11 15 31
20 23 47
4 6 15
3 5 6
10 14 41
18 22 10
1 4 7
14 17 26
22 0 36
22 1 8
8 11 6
7 10 3
23 2 6
21 1 34
10 14 2
19 20 42
10 13 25
13 16 32
2 6 41
6 8 34
10 12 34
9 13 1
19 21 14
4 6 43
17 21 2
12 16 35
0 3 24
19 22 35
12 16 17
18 20 25
9 11 42
18 21 21
4 8 36
8 10 45
6 7 22
16 19 42
7 12 11
9 13 4
2 3 42
14 17 45
20 0 38
5 8 41
15 19 2
19 23 13
2 5 45
1 5 21
0 3 36
7 11 47
8 10 22
6 8 43
18 22 31
9 13 22
4 6 44
0 2 46
17 19 20
2 2 1
14 15 23
22 2 22
16 20 45
6 10 35
9 12 14
21 22 32
22 1 23
17 19 21
16 20 24
21 22 41
21 1 44
17 22 37
18 22 47
16 20 37
9 11 24
9 11 26
17 18 26
5 9 33
14 18 12
19 22 25
19 22 44
20 0 18
4 7 4
7 10 20
17 22 18
5 8 45
18 21 21
18 22 4
22 23 35
3 7 31
15 18 4
5 9 29
20 22 18
6 8 44
17 19 13
1 6 34
22 1 36
19 21 2
11 15 33
19 21 7
2 5 11
23 3 30
15 20 46
5 9 22
21 1 1
12 14 21
16 19 32
10 13 39
15 17 29
12 15 26
10 12 24
23 1 20
8 11 22
20 23 6
17 19 9
1 4 22
11 12 21
2 6 28
2 4 11
9 11 28
8 9 23
10 14 47
23 3 31
20 23 19
11 13 41
18 22 24
19 21 38
3 6 12
2 5 39
8 10 21
9 13 39
5 9 20
12 15 24
6 8 16
16 20 30
17 21 38
5 10 2
17 20 34
13 15 37
0 2 3
6 9 24
11 14 7
10 12 37
21 1 5
15 19 16
10 13 8
10 13 27
13 14 47
5 7 24
14 16 44
17 19 5
3 6 47
0 3 22
10 11 2
13 15 44
5 7 39
22 1 13
0 2 37
7 11 28
19 21 25
14 19 22
19 0 15
19 22 37
2 5 27
17 21 17
10 12 28
6 10 40
9 13 2
14 18 42
14 18 13
14 17 46
13 16 3
17 20 32
18 20 21
13 14 22
20 23 35
7 10 18
7 11 25
11 13 11
15 19 13
8 12 26
17 20 39
19 22 30
1 5 5
6 9 27
3 6 44
9 11 46
11 15 40
20 0 13
13 16 40
5 8 29
21 0 4
14 17 46
14 18 17
19 0 18
10 12 20
1 3 2
22 3 29
16 20 19
0 2 11
12 16 4
7 9 20
16 18 16
10 13 42
18 22 18
19 20 23
9 11 21
0 3 25
5 9 21
14 15 38
3 5 28
22 2 36
20 0 41
23 23 7
23 3 15
18 19 43
23 4 32
12 15 20
7 11 30
16 19 6
0 1 9
3 7 10
12 15 40
15 18 44
3 6 31
18 21 12
17 22 11
8 11 6
0 3 33
18 22 32
18 23 4
16 20 14
20 23 37
21 0 6
1 4 32
22 2 37
17 21 26
21 23 19
20 23 4
2 4 12
9 12 42
9 11 28
16 21 27
17 20 27
9 11 30
0 2 32
8 10 15
13 16 9
16 20 31
18 20 42
2 5 31
9 11 44
6 7 6
0 4 20
20 23 12
4 6 42
5 9 28
23 4 24
5 8 12
2 7 22
19 22 11
12 16 29
3 6 46
20 23 12
3 4 43
11 14 44
23 2 43
8 12 44
11 14 16
15 17 3
15 19 31
9 12 21
16 20 13
9 11 14
0 5 26
3 6 46
10 12 20
19 21 4
18 21 2
16 21 44
5 8 18
13 15 20
9 11 14
12 16 30
22 0 10
9 12 31
19 0 10
16 19 3
18 19 45
3 7 39
1 4 17
5 7 2
11 14 44
15 19 40
4 6 14
23 1 23
14 16 14
1 3 26
7 11 5
13 15 36
11 13 36
12 15 4
0 2 24
3 7 23
9 12 31
19 22 9
4 7 35
22 23 24
23 2 21
13 16 29
13 17 14
17 21 37
9 11 12
11 15 11
7 11 47
16 18 18
21 0 23
7 9 40
7 11 42
3 5 32
18 19 32
4 6 22
10 13 8
13 13 12
16 18 47
8 11 7
17 20 25
16 21 17
15 18 39
7 11 29
21 23 12
17 22 46
9 11 14
4 6 13
12 14 23
0 4 3
9 13 2
19 22 16
12 13 46
4 7 38
2 7 13
0 4 22
8 11 3
0 3 4
2 5 1
15 16 45
5 8 26
14 16 8
6 7 34
15 16 44
18 20 45
23 1 7
7 11 44
17 20 42
3 6 47
12 16 45
19 23 18
10 13 46
14 18 44
2 5 20
0 3 40
6 7 1
10 13 20
11 15 36
17 21 12
2 4 11
18 21 21
13 17 47
18 22 38
0 2 29
19 22 16
17 20 45
1 4 11
14 17 29
2 5 40
11 15 19
1 5 30
17 20 21
11 15 5
23 2 3
17 20 18
16 17 45
1 4 33
15 18 43
18 21 10
0 3 18
9 12 39
3 4 23
14 17 39
17 19 30
19 22 29
15 21 3
12 13 47
22 1 1
19 20 39
20 22 28
20 0 21
2 5 42
15 19 8
7 10 4
11 16 19
2 6 2
3 7 12
3 6 24
17 20 16
4 5 17
16 19 32
22 1 47
16 19 22
21 1 9
23 2 22
12 16 47
20 23 18
19 22 20
2 6 13
16 20 5
1 3 35
7 10 34
3 5 24
10 12 30
7 11 16
11 14 41
14 17 42
17 22 7
14 16 4
19 21 9
1 3 29
22 1 45
21 0 4
18 21 18
6 8 12
15 19 15
17 20 14
12 13 5
15 18 18
2 6 3
16 18 39
20 0 25
3 8 18
18 21 35
19 20 40
8 12 24
19 20 46
17 20 3
4 8 31
6 9 11
15 18 6
2 5 15
6 6 11
11 13 23
12 15 31
15 18 17
0 3 11
11 13 23
17 19 8
19 22 30
7 9 37
9 11 27
4 8 13
4 8 17
5 6 31
15 18 47
4 6 38
3 5 11
8 10 16
12 17 42
10 13 38
6 11 43
0 3 18
11 15 15
3 7 2
6 10 32
16 19 11
21 23 16
2 6 39
4 6 35
18 21 29
14 17 11
3 6 10
7 9 35
14 16 18
11 15 1
14 19 33
14 17 29
16 19 23
22 1 36
20 23 44
18 21 5
2 5 18
11 13 4
13 16 33
15 18 39
22 23 7
18 22 36
18 22 36
1 5 30
20 0 2
14 19 18
16 18 14
9 14 15
16 18 26
11 14 23
4 7 43
6 11 1
12 15 15
2 5 23
5 9 4
0 4 9
11 12 38
19 21 19
9 13 6
22 2 5
21 1 19
17 21 1
2 5 10
18 22 32
17 21 37
0 1 19
0 2 45
5 6 30
10 13 29
11 13 29
6 9 34
21 1 4
22 0 4
8 12 18
23 2 38
12 15 5
22 1 18
18 20 36
21 22 7
2 3 12
15 19 35
15 18 43
10 13 28
7 12 46
0 3 27
17 20 35
5 9 34
16 19 8
14 17 33
9 12 15
11 13 4
14 17 18
4 7 35
10 14 3
9 12 1
12 16 3
22 0 9
18 21 25
4 7 26
13 18 11
11 15 47
22 1 6
11 14 12
12 15 12
16 20 18
21 23 29
0 3 39
11 14 46
4 6 40
3 6 9
19 22 46
21 23 22
1 4 16
10 13 7
5 8 11
23 2 21
6 9 28
10 14 26
15 18 6
23 2 21
5 9 2
4 6 9
12 17 45
16 18 1
0 1 35
0 4 41
18 22 28
6 9 29
14 17 5
8 10 7
12 13 32
9 12 25
6 8 39
11 14 20
3 6 22
19 22 26
23 2 35
11 13 23
21 0 16
15 17 10
2 5 6
15 18 40
19 20 3
18 22 4
11 15 12
9 12 43
15 19 14
23 3 25
22 2 37
3 5 29
20 23 34
4 8 3
18 21 2
20 0 27
0 3 1
3 6 28
11 14 14
21 0 34
20 22 10
9 12 14
2 3 14
20 0 46
10 13 23
20 23 33
7 10 29
1 3 19
3 5 39
1 6 31
10 12 26
0 1 27
9 11 10
15 18 39
12 15 18
3 5 12
6 9 16
14 16 9
8 11 45
18 21 19
21 23 40
5 9 43
18 21 25
22 2 9
3 6 20
9 12 15
20 23 26
3 4 28
15 19 13
12 14 31
21 0 4
18 20 29
2 5 12
19 22 16
18 21 43
12 15 28
17 21 4
18 20 9
11 14 47
18 22 12
15 18 22
6 6 10
11 16 14
20 23 46
23 3 15
9 13 12
16 18 19
4 5 36
15 19 18
0 4 31
11 13 39
13 14 37
22 0 23
17 22 26
14 17 1
7 9 31
12 14 3
12 15 12
18 21 8
13 17 45
17 20 35
17 21 45
17 20 3
23 2 13
20 22 8
14 17 1
19 20 28
10 13 35
2 5 43
19 21 16
18 21 29
4 8 46
0 2 37
14 16 1
15 18 14
0 3 16
5 8 29
8 11 9
2 5 5
12 16 37
13 17 16
10 14 22
3 6 34
3 6 45
2 3 40
5 9 7
12 15 16
7 10 47
2 4 12
7 11 39
14 16 19
15 18 35
11 13 16
10 13 44
10 13 2
3 6 36
5 8 11
22 2 5
11 14 4
15 16 27
9 13 12
18 22 5
22 1 4
17 19 29
7 11 47
4 9 33
2 6 32
12 16 33
19 23 31
0 3 14
11 14 36
17 20 42
9 12 28
19 23 47
13 16 39
10 14 16
18 21 17
7 11 38
9 13 33
8 12 15
8 12 14
18 20 30
2 4 19
22 1 13
2 6 44
11 14 20
22 1 28
3 5 38
2 5 19
14 16 37
23 3 46
12 16 13
14 15 31
23 3 17
10 12 21
4 7 28
18 20 20
20 1 28
19 23 34
19 22 31
21 23 33
20 22 45
7 9 47
2 4 5
9 13 22
1 4 12
21 1 25
7 10 23
9 11 13
21 0 36
22 0 31
9 13 6
10 11 47
18 22 40
19 22 15
5 9 16
3 8 21
21 2 17
11 14 29
15 19 19
19 21 26
17 20 45
11 15 27
15 19 8
1 3 15
18 21 4
3 5 45
14 17 4
22 2 16
14 17 44
16 19 28
18 20 3
2 5 7
19 23 2
14 16 27
23 2 23
16 20 4
0 2 20
4 7 23
21 0 35
16 20 36
23 1 47
2 5 13
5 8 31
8 12 11
14 17 23
23 4 34
22 3 42
4 7 6
5 8 32
10 13 11
4 6 10
2 4 39
10 13 26
12 16 11
18 22 10
20 23 1
2 4 6
1 3 4
23 2 4
4 9 7
1 6 10
6 8 28
7 12 31
18 20 19
18 20 41
9 11 12
22 2 27
20 22 3
23 2 38
18 20 2
10 13 27
4 6 44
9 14 2
1 6 37
13 18 35
1 4 43
17 21 26
19 21 17
16 18 12
20 22 34
21 0 15
21 23 19
3 3 37
22 2 39
18 22 29
6 9 33
2 6 23
5 5 12
1 5 45
12 16 8
19 23 8
19 21 24
6 10 45
19 21 2
13 16 28
14 17 47
13 16 9
21 23 8
2 7 39
9 13 28
4 8 42
9 12 24
5 8 24
9 12 45
10 12 28
20 0 28
5 10 2
8 11 25
9 12 42
16 18 14
3 6 31
12 14 8
5 7 26
1 3 46
12 16 14
9 10 32
11 13 31
6 10 26
21 0 46
23 1 3
18 21 25
19 0 2
10 13 22
17 19 7
8 11 16
14 16 8
6 10 33
5 6 23
21 0 17
23 4 29
9 12 28
15 17 46
17 20 1
21 1 5
0 3 15
11 13 18
19 22 23
18 21 1
11 14 21
5 9 7
22 2 11
19 21 13
4 7 21
14 17 32
4 7 20
5 8 10
1 6 19
22 1 1
16 19 30
8 11 8
0 2 41
19 22 34
5 8 45
4 6 7
19 23 17
17 19 16
0 3 32
15 18 9
8 11 10
23 1 15
3 6 11
21 1 21
15 17 3
20 23 24
16 20 14
11 13 46
23 1 44
5 7 17
5 7 41
2 5 26
19 22 45
7 10 19
16 17 40
10 12 40
0 4 44
20 1 13
5 9 6
19 23 43
0 2 8
13 17 40
2 5 15
10 12 40
22 2 47
23 2 9
13 16 4
0 3 4
1 3 7
5 8 44
5 8 3
23 2 19
21 0 29
13 16 17
22 2 31
15 19 38
20 23 1
16 18 13
20 23 22
8 10 33
1 3 31
23 3 26
9 11 18
4 5 20
13 18 33
1 3 43
1 3 25
11 14 6
13 17 20
0 4 19
11 15 30
23 3 31
10 14 15
20 22 42
10 12 26
8 12 43
14 17 47
6 10 39
7 10 32
2 5 38
15 20 15
20 22 32
13 17 12
10 13 28
1 6 41
22 1 46
5 9 31
18 23 9
4 9 39
12 17 36
23 1 45
19 21 34
23 1 35
4 7 23
7 11 30
11 14 25
22 1 39
21 0 30
12 15 26
4 7 13
21 1 35
18 22 18
9 10 9
4 6 40
11 14 38
8 11 10
16 19 31
21 0 34
8 11 2
8 10 16
22 1 19
14 16 24
18 22 6
20 0 24
9 15 20
21 23 33
9 12 43
4 6 22
7 9 37
19 21 15
20 21 22
17 20 28
15 19 36
9 11 7
22 1 42
3 7 36
10 13 36
12 13 19
22 1 38
15 19 33
6 9 39
21 23 39
3 5 3
16 18 25
19 22 47
13 15 29
22 1 26
18 21 25
20 0 13
9 12 33
13 15 19
12 14 25
0 4 40
19 23 7
21 1 6
7 11 37
1 3 38
3 6 4
2 5 33
22 1 44
15 19 15
17 21 9
2 6 40
8 10 10
19 0 2
2 4 29
6 9 34
12 16 22
18 21 29
5 9 40
21 0 44
6 10 42
22 2 19
22 0 45
22 3 23
4 7 23
3 7 43
23 2 15
22 1 15
11 13 37
18 21 6
10 13 8
16 19 11
13 15 32
21 0 10
15 18 2
12 15 6
14 17 4
20 22 47
8 10 46
9 10 40
8 13 31
9 13 25
8 11 15
1 3 37
18 19 38
2 6 5
21 22 26
0 2 36
10 14 7
4 6 29
11 15 3
12 14 42
2 5 45
0 3 34
2 6 43
15 17 11
9 12 17
3 3 23
21 23 34
2 4 28
5 7 19
21 0 46
10 14 34
13 16 33
14 18 10
7 11 12
11 16 3
3 7 17
16 18 14
23 2 25
16 21 40
3 5 19
23 4 41
3 5 17
21 0 17
9 11 7
12 16 10
12 16 22
7 10 11
13 17 4
13 16 2
2 7 7
18 22 15
20 1 44
10 13 27
15 17 22
7 11 21
19 22 37
6 9 25
2 7 14
8 11 47
22 1 39
16 19 38
0 4 15
20 22 36
21 0 22
12 14 1
20 23 31
10 14 33
4 6 43
11 14 35
2 5 26
19 22 16
22 23 40
8 11 28
7 11 39
1 4 32
8 12 24
13 16 23
17 20 22
0 3 15
10 12 22
14 17 18
10 12 21
3 6 20
6 9 41
12 12 40
5 7 34
10 13 14
3 7 25
9 12 15
1 4 17
10 12 13
1 2 5
16 21 19
23 1 35
4 7 42
17 21 37
14 17 5
0 3 31
21 0 46
11 15 9
11 14 45
0 1 35
17 21 3
2 3 1
9 12 19
14 19 20
17 19 14
18 21 16
3 6 3
11 14 17
14 18 9
22 0 16
9 14 18
20 22 39
21 1 9
14 16 42
22 2 30
12 16 38
3 6 25
2 5 6
1 3 3
14 17 10
3 6 7
6 9 10
9 11 47
17 20 25
23 2 19
21 23 39
19 21 25
0 3 26
10 13 16
14 16 13
20 0 31
14 16 30
17 19 34
17 19 42
19 22 7
12 14 37
23 3 7
22 2 43
3 5 11
23 2 37
15 20 28
3 6 44
21 0 47
14 15 46
12 15 5
18 21 23
18 22 39
1 5 39
2 4 40
5 7 46
3 5 37
10 13 11
12 15 6
19 22 33
8 10 45
20 0 7
20 21 23
6 9 20
18 21 36
23 3 10
11 14 46
1 2 18
2 5 26
0 3 35
20 1 18
8 11 17
0 1 34
1 5 38
10 13 39
14 18 19
3 5 21
16 20 36
21 0 44
15 19 20
3 7 46
0 2 40
17 21 20
11 14 8
19 20 42
6 10 24
15 19 38
15 17 20
10 13 23
4 7 28
19 23 30
10 14 25
1 4 45
6 10 25
23 4 40
13 15 44
14 17 33
2 4 35
14 17 44
6 9 33
18 20 2
16 19 1
23 2 17
23 2 6
0 3 42
20 1 9
0 3 41
1 4 39
15 20 45
16 19 21
23 4 9
2 4 29
9 12 26
10 15 47
11 14 20
21 0 15
0 3 45
5 6 7
23 1 46
13 17 39
15 16 39
9 13 34
2 4 8
10 12 19
11 13 45
0 4 47
10 16 7
9 13 24
7 10 4
19 21 45
17 21 11
11 15 20
13 15 47
12 14 21
13 16 17
9 14 44
6 9 5
18 19 7
0 2 41
8 10 24
5 8 26
19 22 12
0 2 9
21 0 42
8 11 5
7 11 40
6 10 21
6 10 36
4 6 9
4 9 4
4 6 14
19 22 17
9 11 11
18 19 4
10 14 9
22 1 31
3 6 25
9 13 35
15 20 8
19 23 21
12 14 24
13 16 37
18 22 22
10 13 26
11 12 2
14 18 4
10 13 39
13 17 21
14 16 24
5 8 33
21 0 17
14 16 9
17 22 46
10 15 38
9 12 25
1 3 18
21 22 44
4 6 41
11 13 13
8 9 25
1 4 36
8 11 18
12 14 45
17 19 23
3 5 17
4 8 22
16 19 2
22 1 13
16 18 46
23 2 3
6 6 39
17 20 38
16 20 7
6 9 12
17 21 30
12 13 41
18 21 3
23 2 7
4 8 17
15 17 27
4 6 41
15 16 13
16 19 39
22 2 20
4 6 17
3 6 31
7 9 45
0 4 47
17 20 17
0 2 32
10 12 46
20 0 12
1 3 4
2 5 14
23 2 43
10 14 43
7 9 6
6 8 29
8 11 43
21 1 45
15 18 40
0 3 30
15 19 4
20 23 27
17 21 11
9 12 27
5 9 34
17 19 41
7 11 30
14 16 41
3 8 31
0 3 25
19 0 32
1 3 20
14 15 18
7 9 44
0 2 34
12 14 39
10 13 38
18 20 10
23 1 40
5 10 23
6 8 5
20 22 3
8 11 12
20 0 9
6 9 6
0 1 29
21 1 4
13 16 30
11 14 31
8 12 38
10 13 26
12 16 25
7 10 6
3 5 37
16 18 3
11 14 19
4 6 29
2 5 30
9 11 29
20 0 45
18 21 21
21 22 46
1 4 39
17 19 17
4 5 46
23 2 39
10 13 13
17 20 17
21 23 10
16 19 44
7 10 10
14 17 17
0 4 43
21 0 23
16 19 24
20 22 32
6 8 20
19 21 1
21 0 13
1 2 18
22 0 36
4 8 4
19 0 37
3 7 40
16 19 2
2 7 27
4 9 44
23 2 43
10 13 11
18 22 28
7 11 28
5 9 13
12 16 7
21 1 8
12 15 40
14 15 28
14 16 45
16 18 31
5 8 10
2 6 24
8 13 4
12 16 21
5 8 35
13 16 38
2 4 9
2 7 7
23 4 43
14 18 19
5 7 6
14 19 16
10 13 41
8 11 11
22 5 10
2 5 18
6 9 15
17 20 22
15 17 44
9 10 14
10 14 11
13 17 8
8 12 27
18 21 3
17 20 36
14 18 5
2 3 43
19 21 38
3 7 43
6 9 31
7 9 3
10 14 23
3 7 19
6 10 38
15 21 21
10 13 13
21 23 20
7 10 26
20 23 29
8 11 37
6 9 16
6 7 26
23 2 10
23 3 29
1 5 30
13 17 4
15 17 10
8 13 15
7 11 35
6 9 2
22 23 15
22 1 43
3 5 23
22 3 32
9 13 37
21 1 28
15 18 42
3 4 27
20 23 30
14 18 40
23 3 41
19 23 12
21 0 7
5 7 6
3 6 28
1 4 11
12 15 46
23 2 22
9 12 18
11 14 45
3 6 20
19 21 4
1 6 22
1 3 25
0 4 21
7 11 19
17 20 38
13 16 36
14 17 4
19 22 33
14 14 32
3 6 32
2 5 35
13 16 31
3 7 24
10 13 8
9 12 46
21 23 19
7 10 38
3 5 13
4 8 4
7 10 44
4 9 19
19 22 12
13 18 2
21 0 19
9 11 35
6 9 40
17 21 44
21 0 43
4 9 11
12 15 19
22 2 27
6 7 45
21 23 12
23 2 6
15 16 23
6 7 41
17 20 21
12 17 1
5 8 18
3 4 17
11 14 43
14 17 24
5 9 23
8 11 39
4 8 21
6 8 42
19 23 3
23 1 38
23 3 37
14 16 39
4 7 10
23 2 38
5 10 12
5 9 14
5 6 12
21 22 38
22 0 42
1 4 35
0 4 8
3 6 32
20 23 1
8 12 13
8 10 42
14 16 46
12 16 12
5 7 19
8 13 11
4 7 19
19 21 21
10 13 1
13 16 20
23 5 19
19 22 10
11 13 1
4 6 10
21 0 24
3 7 33
0 6 12
10 12 34
0 1 35
9 12 14
8 11 38
9 11 20
0 4 14
15 18 44
21 22 42
0 3 29
15 16 41
17 19 7
9 10 20
23 2 17
14 16 28
0 3 41
14 17 28
1 4 11
12 15 30
20 0 14
10 13 32
6 9 41
11 15 20
9 13 8
0 3 22
7 10 43
1 5 21
1 5 41
7 11 8
23 3 12
5 9 38
2 5 7
11 14 9
3 6 31
18 22 42
13 17 44
9 14 23
5 7 2
10 11 22
19 22 7
20 23 10
12 15 12
12 16 30
8 11 44
21 0 18
7 12 12
6 8 27
6 9 3
21 2 31
13 14 24
6 9 19
18 23 42
11 16 5
14 18 27
2 6 23
3 6 15
17 19 2
0 2 38
1 5 46
7 11 27
15 19 19
1 5 43
11 15 22
17 21 28
4 7 19
6 10 18
12 15 33
19 22 1
21 2 28
15 17 19
12 14 47
6 10 3
13 15 3
4 8 43
21 1 29
4 9 39
0 2 20
19 23 44
3 5 33
16 17 13
1 5 6
18 21 41
18 21 25
5 8 32
9 12 31
7 11 20
6 10 20
8 10 32
16 20 29
16 17 30
7 10 17
1 3 24
13 17 3
7 10 1
22 0 21
15 18 2
2 6 46
3 6 27
19 22 18
20 23 17
12 16 8
12 16 29
11 16 28
19 23 17
20 23 41
4 7 21
5 9 37
4 7 14
5 8 12
19 20 41
14 16 46
21 23 42
6 10 10
14 16 2
18 23 37
15 16 8
18 21 35
13 16 12
14 15 1
4 7 30
10 13 35
6 9 46
0 3 28
13 17 6
19 20 41
15 20 3
4 7 30
10 13 17
0 4 12
3 7 12
8 12 8
14 17 41
5 8 47
23 1 30
15 18 32
22 3 44
20 23 31
3 6 29
15 19 6
1 4 29
4 7 17
5 8 15
10 13 36
14 17 12
19 23 27
20 22 38
10 13 20
21 22 31
8 11 14
18 20 9
21 2 43
21 23 10
21 0 19
23 3 42
15 18 3
21 0 23
8 11 45
17 20 6
5 6 5
6 8 45
15 18 2
13 15 39
14 17 6
13 15 25
4 7 46
19 22 34
3 8 18
9 11 42
15 17 2
15 18 30
15 18 47
7 11 14
20 23 39
21 23 24
14 17 7
11 11 27
14 16 21
22 1 34
12 17 21
17 20 36
18 21 11
4 6 33
17 20 14
12 15 29
21 23 43
20 1 6
9 12 22
12 14 1
4 8 4
4 7 45
12 15 32
20 23 10
20 0 9
10 13 3
13 16 42
0 2 4
11 14 10
9 11 27
7 10 17
19 21 4
15 18 5
13 15 6
10 14 44
1 4 30
19 23 16
19 0 8
14 17 45
12 14 10
10 13 29
0 4 28
8 11 8
18 22 9
2 5 12
14 17 38
0 2 26
21 23 22
12 15 36
18 21 13
23 1 12
23 2 29
13 17 7
21 2 5
16 20 12
12 14 36
2 6 9
4 6 7
21 22 11
20 23 13
18 21 24
22 0 47
5 7 5
15 17 24
5 8 9
14 19 10
20 23 8
12 16 43
18 21 5
8 11 43
13 15 40
12 14 16
10 15 35
23 2 3
19 21 4
14 17 3
21 23 21
18 22 7
11 16 5
14 18 29
19 21 46
5 8 33
9 12 46
22 0 23
16 20 1
15 19 17
7 11 32
23 3 11
0 4 22
5 7 38
3 5 36
1 5 6
7 9 8
4 8 7
23 3 5
6 9 37
17 20 15
23 2 28
0 2 47
10 14 43
23 2 15
3 7 30
17 19 11
19 23 22
17 22 44
13 18 46
5 7 10
2 6 31
14 17 32
20 0 39
20 23 44
3 6 45
0 5 11
16 21 46
14 16 29
12 15 13
9 13 12
9 12 34
19 21 1
16 20 32
2 3 10
17 21 6
5 6 35
13 16 10
19 21 34
8 13 6
11 13 26
16 19 4
17 20 2
0 4 38
20 23 29
4 7 5
15 19 28
21 0 11
23 3 47
16 19 29
11 15 16
17 21 32
11 14 41
13 17 26
5 7 17
17 20 2
18 20 37
10 12 34
12 16 15
11 13 27
21 1 34
10 11 32
19 22 11
5 7 4
23 3 42
16 20 28
21 23 38
16 18 28
16 19 39
19 21 42
4 8 15
19 21 38
13 15 16
0 4 41
19 23 3
11 14 46
20 0 47
18 21 31
8 11 31
8 10 35
3 8 42
18 21 43
10 13 9
12 15 10
22 2 34
11 15 33
21 0 20
4 7 25
2 6 38
3 6 10
2 4 44
17 18 26
5 7 38
13 15 34
7 11 14
22 0 7
15 19 39
11 17 18
4 9 19
15 17 10
22 1 40
6 8 7
10 11 9
13 15 7
21 1 40
2 3 19
4 7 27
17 20 36
10 14 35
19 23 32
14 16 21
9 10 17
2 6 26
5 8 14
12 15 14
18 21 13
16 18 1
13 16 17
6 9 22
4 7 4
6 7 38
16 18 16
16 20 10
22 1 37
3 3 20
20 22 41
13 16 44
7 10 19
6 9 18
17 20 7
23 1 14
19 23 17
6 8 41
2 7 1
17 21 1
20 22 21
1 4 31
17 19 47
17 20 31
19 22 25
13 16 5
23 1 2
6 11 2
10 12 10
7 10 35
10 15 13
13 17 13
4 7 31
2 5 43
18 20 32
3 7 3
13 18 12
4 8 8
16 18 9
17 20 8
15 19 8
15 18 34
2 7 47
22 1 45
10 12 15
3 5 44
3 6 20
17 21 38
4 8 41
20 23 44
12 16 10
21 0 44
11 13 13
2 5 34
12 14 46
16 19 37
8 12 36
0 4 25
2 4 42
11 14 39
14 19 18
11 12 12
0 2 7
2 5 43
7 10 46
15 18 44
14 19 26
14 17 20
6 10 34
20 0 14
22 0 45
15 17 26
20 23 17
14 18 20
21 0 37
17 17 14
7 9 19
7 11 3
12 14 23
13 14 17
17 21 7
21 0 7
5 8 39
20 23 44
19 22 33
0 2 22
5 7 27
2 4 2
20 23 27
12 15 7
12 15 29
3 6 33
23 2 40
8 11 31
0 2 34
22 0 12
8 11 43
16 19 26
6 9 13
23 0 8
9 14 41
2 3 22
13 16 2
16 19 32
12 15 15
12 15 15
13 16 36
11 14 43
13 16 36
4 7 9
3 6 22
17 20 38
16 19 24
13 17 40
5 9 24
19 23 37
13 16 37
3 6 13
22 2 6
11 14 17
17 20 39
10 14 28
17 19 41
1 4 2
5 8 5
3 6 25
16 20 17
4 7 34
8 10 47
11 14 28
13 16 4
5 10 25
10 14 44
17 19 41
19 22 27
3 7 21
13 14 38
1 5 13
0 3 2
0 3 14
1 4 18
19 21 20
16 19 36
7 10 16
2 4 27
4 7 40
18 21 11
7 10 19
2 6 38
18 21 37
23 2 4
21 0 29
23 2 25
22 1 35
8 11 26
2 5 14
13 16 4
7 10 1
2 3 15
6 8 15
21 22 17
13 16 38
5 9 41
4 7 6
21 0 43
8 11 42
17 20 1
22 1 24
6 9 31
22 1 28
0 2 14
22 1 23
15 20 17
17 20 32
12 16 3
12 16 8
20 23 40
4 6 40
10 13 42
21 1 28
8 12 31
8 11 11
7 10 3
5 9 22
12 16 29
9 12 6
23 0 20
4 6 28
3 5 37
23 3 42
14 18 34
15 16 5
21 0 43
17 20 19
23 4 13
5 9 10
16 20 25
4 7 41
14 16 41
17 19 45
19 21 39
20 0 23
18 23 37
21 0 9
15 19 6
4 6 1
3 4 12
9 12 44
8 12 6
16 19 23
4 6 12
21 0 18
14 17 14
16 20 43
20 23 11
4 8 10
23 1 45
13 16 3
21 0 9
12 16 24
22 1 45
5 7 16
7 10 45
7 8 26
9 13 15
22 2 36
20 23 11
22 1 29
12 15 28
20 0 37
1 2 6
22 0 24
0 4 17
6 10 36
9 12 8
10 13 15
18 21 2
3 5 46
11 15 37
11 13 5
18 22 10
2 6 19
12 17 47
7 10 7
16 19 15
3 7 17
4 8 25
6 8 24
1 3 16
21 0 6
17 20 21
18 21 40
0 4 47
3 8 11
17 22 5
2 4 46
15 19 14
12 15 30
11 15 34
9 12 28
12 15 8
1 4 40
21 23 2
8 11 16
23 2 16
0 5 23
14 17 32
14 18 9
16 19 40
6 7 8
22 2 26
22 0 23
12 15 37
9 11 33
17 20 44
6 9 14
23 2 36
16 19 15
6 9 28
17 19 21
20 21 10
1 4 13
9 11 19
15 20 29
16 21 18
12 15 3
21 0 34
9 12 46
9 11 23
20 23 37
16 20 43
17 20 27
5 8 2
2 5 35
18 17 41
12 16 45
0 3 10
0 5 16
13 17 4
19 23 40
14 16 24
12 15 40
1 2 9
15 18 10
13 14 16
21 0 21
21 21 18
17 21 39
17 21 45
21 23 32
13 17 27
4 8 11
9 13 20
4 8 32
12 15 7
23 1 33
4 5 22
11 15 13
18 23 41
20 0 47
15 20 37
12 16 29
9 9 27
3 5 15
0 4 17
23 1 46
12 15 8
13 16 29
12 13 5
16 19 37
9 13 5
12 15 47
14 18 39
8 10 22
2 6 6
23 2 35
7 11 37
4 7 40
2 4 9
12 15 28
5 9 6
16 17 15
2 5 3
6 8 20
21 0 8
7 10 3
10 13 36
15 18 14
17 20 30
4 7 2
21 1 13
18 21 17
19 22 10
20 0 26
10 12 1
5 6 21
18 20 25
16 20 29
19 21 40
4 7 21
18 21 21
20 23 5
9 11 5
17 22 3
1 5 11
14 18 10
5 8 41
15 18 21
20 23 9
18 21 3
11 14 1
17 22 28
9 13 41
9 13 36
10 13 5
11 12 22
11 14 7
7 9 16
19 22 22
21 23 26
0 2 28
5 8 45
0 2 12
2 5 5
2 4 20
1 3 23
15 17 1
7 11 44
0 3 25
3 5 28
19 21 26
22 1 45
8 12 36
18 20 23
9 12 34
1 3 31
0 2 23
17 22 19
0 3 34
13 14 11
3 7 1
4 8 16
16 20 17
22 2 7
3 5 44
11 15 38
15 17 8
0 3 28
16 19 7
14 18 10
4 7 7
15 19 10
4 5 15
18 21 32
17 20 8
16 21 4
17 20 25
19 22 45
23 1 19
0 3 38
22 2 20
6 8 25
17 21 6
11 14 27
1 5 11
20 23 20
15 17 14
1 3 33
14 16 22
12 16 29
10 15 33
3 6 15
10 14 15
2 4 46
13 15 30
23 2 29
11 13 3
10 13 3
18 21 23
6 10 31
7 10 41
6 9 13
14 17 20
18 20 3
22 2 6
23 2 33
14 17 17
22 1 38
3 6 27
12 14 28
13 16 29
22 0 4
15 18 6
1 5 40
20 0 46
15 19 11
16 18 30
8 11 45
17 20 1
16 21 10
5 8 2
23 3 44
12 15 40
17 19 19
17 19 22
8 13 46
10 14 13
7 11 12
19 22 31
2 5 33
0 4 28
22 23 18
16 19 3
9 12 40
19 23 15
23 1 26
21 0 36
21 0 44
6 9 29
3 4 34
0 4 35
0 3 34
0 3 36
8 10 18
3 7 13
23 2 40
19 22 4
0 2 42
22 0 18
21 0 9
0 2 26
3 8 16
9 13 25
11 13 36
14 16 2
9 13 19
17 21 44
6 10 1
23 1 3
0 2 36
10 12 7
16 19 43
21 23 4
15 18 47
8 12 10
19 20 29
3 5 20
11 13 9
3 7 7
10 13 45
8 10 44
6 8 10
21 0 25
6 9 31
6 9 14
8 10 3
9 13 3
5 8 43
9 11 32
12 13 24
7 13 22
23 1 32
6 9 27
17 22 22
22 0 32
20 20 11
19 21 21
8 12 14
11 13 38
17 21 33
11 14 27
5 8 27
13 16 34
23 2 1
22 2 30
8 10 9
15 17 46
15 18 26
6 9 24
16 19 1
8 10 9
7 10 2
12 15 31
11 14 23
15 18 5
10 13 15
13 16 41
23 2 10
21 1 27
18 23 45
12 15 37
5 8 33
0 3 47
13 14 2
21 0 9
9 12 41
4 6 15
8 11 19
1 3 15
7 9 10
3 6 45
19 21 20
4 7 31
11 15 10
21 23 22
12 12 1
6 9 27
13 17 47
15 18 15
8 11 12
2 7 15
10 14 29
14 18 36
8 11 16
21 23 44
11 14 12
7 9 8
18 22 10
2 5 11
20 23 13
18 22 26
8 11 40
22 0 33
20 23 43
9 11 33
21 0 6
7 11 44
20 22 34
20 1 47
23 2 44
0 3 18
8 10 6
19 22 17
8 11 38
2 5 47
22 1 30
20 0 5
4 8 15
12 15 4
19 22 18
18 23 18
4 6 14
10 13 17
19 22 37
13 15 30
12 15 2
12 15 13
13 16 11
18 20 46
22 3 5
12 14 41
3 6 19
8 10 19
7 11 41
9 10 34
19 22 22
9 12 10
13 14 1
7 10 45
7 11 13
18 22 41
8 13 3
11 13 39
12 13 36
19 21 1
4 7 28
7 11 28
20 23 27
18 21 46
6 8 21
23 1 46
2 5 27
0 1 46
7 11 37
2 3 2
9 10 38
16 19 38
20 23 25
0 1 12
0 2 25
15 18 11
10 16 10
8 9 15
1 3 21
13 16 38
2 7 10
12 14 19
11 14 10
0 4 30
7 9 4
8 11 32
21 0 41
17 19 4
16 17 12
23 1 9
23 0 3
15 18 26
16 19 29
9 12 39
19 0 27
12 15 24
20 0 21
5 10 13
21 0 46
4 7 42
21 2 8
1 2 6
22 2 1
21 22 17
7 11 40
7 12 34
6 9 6
1 3 47
16 20 11
11 12 43
17 22 28
12 14 13
14 16 21
14 17 38
14 17 4
16 19 25
14 18 6
17 18 32
11 14 20
23 2 27
8 13 42
2 5 41
11 13 36
22 1 23
21 1 37
15 18 8
6 9 45
4 6 46
20 23 39
10 13 18
14 16 24
14 16 9
1 2 37
9 12 1
10 14 20
6 8 30
6 10 42
19 20 38
20 23 21
21 1 6
1 4 45
20 20 40
11 14 43
21 0 19
14 19 42
4 8 33
11 12 27
4 8 21
23 2 5
0 1 12
15 17 9
10 13 5
2 4 45
8 11 3
18 21 17
13 16 1
16 21 4
19 20 28
8 11 3
13 17 1
18 20 36
8 12 18
9 11 33
22 1 44
4 7 20
5 7 30
12 16 27
12 16 28
6 10 23
20 22 8
12 15 3
4 7 25
4 7 22
16 20 24
9 15 17
12 16 41
3 6 46
23 1 27
15 18 44
1 4 31
12 14 44
16 20 45
4 8 8
16 20 14
0 3 19
21 0 16
8 11 42
0 2 10
15 19 22
17 19 35
14 17 7
9 13 8
18 20 19
13 17 2
13 18 10
19 22 37
3 6 38
8 10 13
21 2 15
18 20 37
19 22 43
11 15 18
8 11 33
21 23 10
6 8 8
0 4 34
12 15 39
2 5 25
1 4 37
17 20 12
3 6 36
4 8 9
1 4 3
8 10 15
5 8 38
6 8 28
9 12 34
5 7 43
1 3 5
10 12 23
1 3 18
2 5 3
8 11 8
22 23 15
9 10 45
1 3 33
12 16 43
10 13 11
18 20 35
12 14 21
11 14 20
21 23 27
0 3 46
4 7 14
10 12 39
11 16 11
22 1 1
9 12 24
18 19 46
15 19 7
7 11 15
13 15 4
22 1 40
12 15 46
18 20 19
20 23 46
3 7 25
16 19 5
11 14 24
0 3 38
2 6 31
1 4 32
18 20 17
13 16 37
14 16 36
14 19 37
22 23 28
11 14 24
5 8 24
19 0 8
13 15 26
21 2 11
11 14 40
7 10 31
4 6 39
17 21 3
9 12 14
23 3 27
23 4 8
1 3 22
23 3 36
19 21 3
23 2 42
2 6 35
18 19 34
11 13 7
14 17 5
22 2 38
22 0 32
5 7 7
3 6 4
1 3 26
22 23 38
9 12 36
2 5 38
14 17 4
21 23 9
13 15 11
6 9 32
14 16 29
7 11 21
1 4 44
16 19 46
14 19 25
16 18 29
14 17 16
5 7 47
23 3 25
20 0 32
23 3 3
17 21 33
21 0 16
5 8 21
9 13 14
3 6 24
10 12 38
11 14 43
19 22 36
10 13 41
8 11 20
9 12 6
17 21 32
5 7 20
14 19 16
11 15 29
3 5 44
22 2 45
10 13 15
8 11 24
13 17 39
10 13 36
0 3 6
3 6 14
23 3 27
17 20 22
0 3 12
23 1 17
9 11 42
23 2 8
20 21 9
15 17 45
21 22 24
1 3 10
19 22 38
6 9 37
19 20 46
17 19 14
22 3 32
16 20 24
17 21 36
13 16 26
9 10 13
11 15 3
3 6 44
17 20 31
2 5 4
5 7 26
10 13 9
18 22 29
10 12 33
0 2 17
15 17 38
16 20 12
1 4 41
13 16 40
12 14 6
10 14 24
0 3 15
18 21 12
10 14 11
2 5 32
12 16 12
17 19 36
8 12 41
22 1 40
16 21 34
16 18 47
19 22 28
15 18 20
17 20 6
3 8 30
9 12 17
14 18 6
0 2 12
21 23 37
11 14 20
23 3 43
21 1 31
2 3 11
4 7 40
0 2 4
3 5 39
19 22 44
16 18 6
19 22 1
15 18 45
1 3 39
7 9 33
19 22 17
18 20 39
5 7 47
16 20 30
23 1 18
13 16 4
11 13 30
9 11 13
10 13 17
16 20 18
6 10 35
2 4 4
21 23 36
12 16 25
12 14 24
3 6 37
1 4 30
12 14 38
19 22 44
5 9 34
17 19 5
23 2 38
5 8 29
13 15 12
2 6 43
15 17 35
21 23 13
15 18 10
7 10 11
8 9 42
8 11 28
9 11 47
22 1 21
18 20 24
20 22 8
7 11 42
13 16 6
18 20 11
7 11 16
22 1 45
18 22 37
9 12 1
22 2 22
5 7 30
11 13 8
6 9 38
2 5 20
9 10 36
3 4 33
15 17 5
4 9 15
22 3 33
12 16 16
2 6 4
20 23 11
8 10 31
3 5 19
11 13 36
17 19 42
14 16 5
13 15 4
22 1 6
15 17 47
2 4 27
18 22 38
12 15 40
7 9 1
5 7 47
5 8 46
5 8 12
22 3 45
14 16 45
5 9 4
0 3 40
6 11 17
7 10 27
20 23 45
18 23 1
4 6 39
9 13 32
12 13 39
6 10 21
11 14 15
5 8 3
2 4 15
3 6 37
5 7 14
7 10 29
5 8 1
15 18 27
11 12 26
21 1 15
8 10 30
21 0 36
19 0 36
9 12 37
4 6 27
2 6 31
19 21 12
3 6 25
9 11 19
18 20 20
7 11 9
13 16 34
11 13 21
4 7 5
12 14 25
2 3 44
17 19 3
1 4 40
14 17 31
15 17 47
16 19 7
4 8 12
17 21 46
1 4 7
15 19 11
14 17 23
7 8 46
13 16 24
18 22 8
23 2 41
1 5 47
9 14 9
15 19 38
16 20 43
9 12 35
12 13 36
11 14 45
18 21 10
4 7 18
21 2 42
21 1 37
15 19 15
8 11 25
9 14 30
12 15 46
19 21 4
11 14 40
14 18 24
4 7 20
12 15 24
12 15 4
16 20 36
7 9 17
2 6 14
21 22 34
18 21 42
7 11 46
3 6 33
0 4 43
0 3 32
5 8 25
23 1 36
1 3 8
10 13 4
11 14 17
21 22 9
9 11 5
17 19 23
17 20 42
17 20 19
23 2 13
19 0 29
20 23 14
20 23 2
22 2 11
11 13 30
17 19 43
8 11 13
18 20 9
20 21 14
8 10 16
2 3 41
0 3 39
1 3 21
23 2 10
21 23 44
19 23 31
13 15 13
2 6 23
4 7 23
23 1 25
6 9 42
2 6 44
14 17 20
12 17 28
19 22 13
0 3 15
18 22 34
9 14 43
19 22 39
7 11 47
22 2 36
14 16 37
4 9 17
8 12 37
21 0 23
8 11 34
13 14 30
3 5 46
1 4 20
21 1 10
20 23 44
2 6 24
17 20 33
20 21 39
13 15 36
9 11 40
6 9 1
5 9 18
10 12 7
4 7 39
21 0 43
0 3 36
10 13 20
17 20 40
0 4 30
22 0 25
4 7 16
1 5 21
20 23 39
17 22 44
7 8 22
13 15 3
5 7 18
1 4 33
5 9 41
18 21 9
16 19 30
10 13 38
6 9 44
0 3 34
3 6 40
6 10 35
1 4 30
16 19 27
11 14 16
9 11 43
20 23 4
0 4 40
9 14 26
18 21 12
12 14 29
19 22 4
8 11 13
13 15 37
8 11 24
11 12 24
3 6 13
1 5 2
23 0 34
10 14 41
18 22 33
10 13 33
16 20 41
2 7 20
2 3 40
2 4 29
22 2 35
7 9 25
21 23 6
21 0 35
16 19 36
10 12 45
17 19 15
6 8 20
20 1 29
4 8 13
17 20 21
2 7 27
11 14 45
5 9 21
13 14 11
10 14 42
12 15 34
8 10 14
3 6 34
6 9 34
3 6 17
13 16 31
10 14 39
1 3 20
22 1 18
7 11 34
0 4 15
4 8 3
20 23 20
1 2 30
21 23 45
9 12 30
16 18 38
13 16 2
23 1 20
10 13 6
7 10 15
21 23 14
14 18 8
19 22 36
22 0 28
8 9 27
21 0 33
1 5 44
2 4 33
4 8 25
11 14 5
14 16 34
23 2 39
12 14 42
15 18 36
4 6 41
2 5 25
14 18 41
16 20 31
23 2 18
16 19 36
17 21 34
10 13 43
8 11 31
14 18 32
14 17 10
1 5 28
8 12 26
10 12 22
9 12 40
9 12 23
21 0 35
0 2 4
12 15 38
10 13 43
12 16 29
6 10 47
10 14 35
0 3 11
17 20 13
18 21 5
11 12 26
11 12 19
8 14 22
1 4 29
18 22 23
7 7 9
6 9 41
21 23 42
14 17 44
0 3 6
11 14 23
11 13 20
21 23 9
18 21 23
15 18 34
8 10 18
14 16 32
18 21 1
1 3 38
1 4 32
6 11 25
4 6 16
10 14 26
12 13 7
2 5 13
21 23 29
8 11 10
10 14 20
4 7 25
3 5 5
8 12 26
10 12 29
2 4 12
18 21 14
22 23 13
12 15 29
21 1 23
18 20 2
12 16 34
16 19 6
20 0 20
15 19 43
1 5 31
13 16 14
13 15 34
16 19 19
5 8 42
1 5 34
21 0 47
4 7 14
0 3 14
21 0 41
4 7 23
21 23 26
2 4 44
19 21 19
16 17 20
9 13 44
16 18 29
9 12 35
3 6 5
11 14 6
2 3 37
15 18 35
8 9 19
9 13 32
7 10 9
5 8 36
17 22 6
22 1 14
10 13 5
4 8 12
19 23 5
12 15 8
4 8 5
20 23 25
7 10 4
11 12 24
20 22 31
3 6 20
7 11 42
15 17 26
13 15 19
15 19 34
22 2 38
6 9 5
12 13 39
21 21 34
8 11 42
20 22 38
1 5 32
2 5 34
3 7 5
14 17 9
16 17 44
22 23 36
19 22 18
9 12 43
21 0 37
6 10 6
3 5 25
22 2 28
0 4 24
9 13 25
5 9 11
6 8 1
16 19 17
17 20 42
5 8 10
12 13 36
7 10 13
17 21 42
1 4 22
22 2 20
1 5 35
11 15 34
18 20 32
17 18 6
14 17 40
0 5 9
11 12 8
18 21 45
20 23 16
20 1 15
12 15 36
21 0 14
18 21 6
15 18 14
5 7 36
4 7 3
22 0 43
4 5 34
16 19 33
18 20 26
16 17 5
6 8 47
5 8 32
16 21 15
22 2 18
15 16 38
0 3 28
5 7 31
7 11 26
7 10 32
10 11 28
19 22 30
0 3 3
11 13 25
18 20 14
1 5 45
0 3 7
12 17 38
1 4 24
18 21 28
21 1 12
23 1 37
3 7 29
13 16 21
0 3 42
7 10 44
2 5 33
6 9 26
12 16 14
23 0 32
9 11 35
14 18 11
18 21 21
20 23 28
8 13 18
13 16 45
23 2 10
9 11 42
9 11 20
17 18 4
14 17 42
14 15 33
3 6 37
23 3 45
7 11 23
17 20 1
9 12 18
6 8 12
6 8 18
3 6 35
3 5 17
20 23 41
22 0 29
13 15 1
13 16 8
22 2 7
7 11 39
2 4 27
6 9 10
1 4 2
6 9 3
10 13 45
7 10 17
9 12 21
10 13 13
3 7 44
0 4 20
0 3 27
1 5 16
9 12 19
4 6 19
8 12 26
6 9 12
18 19 27
0 3 5
9 12 21
4 7 46
20 0 21
7 11 9
16 19 40
7 9 18
18 21 31
4 7 24
8 11 19
7 11 13
7 8 15
14 18 3
1 2 44
19 0 7
21 2 27
22 23 20
13 13 22
16 19 29
22 0 24
17 20 15
6 10 37
15 17 1
12 15 37
20 22 6
10 11 33
16 19 5
21 1 19
5 9 47
9 12 45
18 21 34
14 17 25
23 2 14
14 17 5
0 3 35
5 5 22
18 21 1
2 5 29
14 17 2
13 16 24
12 16 21
23 3 1
8 11 33
9 11 22
23 3 17
20 0 9
22 1 47
18 22 21
12 15 12
13 16 30
15 18 46
16 20 46
12 15 15
0 1 12
7 12 11
17 20 10
13 15 21
15 18 37
7 9 23
4 6 40
17 20 43
5 9 26
4 6 47
11 15 6
4 6 39
15 16 35
4 9 19
5 8 47
10 15 14
0 2 27
16 20 40
15 20 39
11 14 31
1 6 11
22 1 44
20 1 36
1 4 14
12 16 45
7 11 42
5 7 18
3 6 36
8 9 16
1 5 13
22 0 32
7 11 29
17 20 34
10 16 8
15 18 41
22 2 22
16 19 8
0 3 30
11 13 38
21 0 44
2 6 7
8 10 25
19 23 12
15 19 6
10 15 40
20 1 46
1 5 43
14 17 18
10 12 10
6 10 39
0 3 21
7 10 21
22 1 14
14 18 30
9 12 24
2 5 10
17 20 3
13 15 1
2 4 39
5 8 15
1 3 33
1 3 47
10 12 15
15 20 37
4 6 41
1 4 16
3 5 15
9 12 44
22 3 2
19 22 40
9 12 31
15 18 18
20 23 11
22 2 36
23 2 15
20 0 10
3 7 9
14 18 5
8 11 35
22 1 27
8 11 35
12 15 11
9 11 40
15 18 19
22 0 20
9 12 17
15 18 23
0 3 43
11 14 11
8 11 18
14 15 44
19 22 16
23 2 18
8 9 10
6 10 9
0 3 9
7 11 35
3 7 37
0 2 38
12 15 45
0 3 15
22 0 8
12 16 47
15 19 31
10 12 6
21 23 9
6 11 5
2 4 43
16 19 15
22 0 34
11 13 44
8 10 15
10 12 30
13 16 6
2 5 4
21 22 19
21 1 24
11 14 7
7 8 46
19 22 45
10 13 29
9 11 42
19 22 37
16 19 47
9 12 18
23 3 31
17 19 9
2 4 32
2 6 37
6 8 3
6 9 8
6 8 43
9 11 21
13 16 2
0 5 33
8 11 27
10 13 6
17 21 34
9 13 21
13 17 8
2 5 3
11 15 15
0 3 24
18 0 16
12 14 19
22 23 45
22 3 32
14 16 35
16 20 29
14 16 26
23 2 20
7 10 34
11 15 3
2 5 12
15 19 22
14 17 7
23 0 5
22 1 38
4 6 43
10 14 20
4 6 45
15 19 16
13 17 36
16 20 15
3 6 46
20 23 2
14 16 17
5 8 31
23 2 16
17 20 7
13 16 45
9 11 6
23 3 42
15 19 34
8 12 28
23 3 31
19 21 34
11 15 1
13 14 38
22 0 5
12 14 25
17 19 6
5 8 41
12 16 13
15 17 10
9 12 28
13 16 39
7 10 8
13 16 24
19 22 4
14 18 16
14 17 7
3 8 29
4 7 30
9 11 15
14 16 22
16 20 46
19 20 30
7 10 23
6 9 45
20 23 43
8 11 17
20 23 39
14 16 24
18 21 23
21 23 26
14 16 24
13 16 46
12 13 10
2 5 24
3 6 21
9 12 7
11 14 39
6 10 8
16 20 5
12 14 1
10 13 16
9 11 16
9 13 32
7 10 32
5 10 44
9 10 19
18 21 47
15 18 9
18 21 14
14 16 4
6 10 24
10 13 16
7 10 14
14 17 21
19 1 47
17 18 13
12 15 46
20 0 47
14 17 4
5 8 9
19 22 29
20 21 20
19 22 10
6 10 15
2 4 13
2 7 3
2 6 23
10 14 20
21 0 31
1 4 24
23 3 9
8 12 21
15 17 27
8 10 43
22 1 7
22 23 11
14 17 34
14 17 33
21 2 46
5 9 41
12 15 35
10 15 39
12 17 8
15 19 31
0 4 44
2 6 12
10 13 18
14 17 16
4 8 44
3 6 9
15 18 33
10 13 39
12 15 24
18 21 28
3 6 12
16 19 22
19 22 41
3 5 26
6 7 5
20 23 24
19 22 41
11 13 24
6 10 3
18 22 43
23 2 45
9 14 1
3 4 20
6 9 22
14 16 29
17 20 6
15 19 26
1 4 16
8 9 11
10 13 31
12 14 8
15 17 31
12 14 42
16 21 43
14 17 12
7 11 16
10 14 27
1 4 14
14 17 16
12 16 25
19 21 13
7 10 23
0 4 28
8 11 29
16 21 42
19 22 11
23 2 19
2 4 21
16 21 25
15 18 21
4 5 17
3 6 17
22 1 43
3 6 39
16 19 35
13 17 6
8 11 39
15 17 44
16 19 27
7 10 24
19 22 17
3 5 44
16 18 43
11 13 23
15 19 16
15 16 7
1 3 27
18 22 9
16 18 20
21 1 1
4 9 30
19 22 4
0 4 12
14 16 17
15 18 4
4 7 26
11 14 47
4 7 22
13 15 39
5 8 32
23 2 3
16 18 3
7 10 5
4 7 31
23 3 19
8 10 17
11 15 3
3 6 15
14 17 31
16 20 46
14 16 14
7 10 23
19 21 5
18 22 27
16 20 8
5 6 22
10 12 44
3 7 37
1 5 20
9 13 5
5 8 29
3 7 44
21 0 1
13 15 26
8 11 5
12 14 36
16 19 37
6 8 41
16 18 32
23 2 6
2 6 17
8 10 4
13 18 16
13 15 33
0 3 15
18 21 12
23 2 5
2 5 47
6 11 31
2 6 46
6 8 27
21 0 46
4 7 25
3 5 41
18 20 24
3 6 28
17 20 5
12 15 37
19 22 29
13 17 37
2 4 47
12 16 41
13 16 3
21 1 37
6 8 39
9 12 6
21 0 13
16 19 1
18 21 12
12 16 26
11 14 1
20 1 17
21 1 12
16 19 37
7 10 29
6 9 16
22 2 20
0 2 20
3 6 44
11 13 2
17 20 29
15 17 37
8 11 45
19 23 14
4 8 21
7 9 21
1 3 19
2 6 42
12 12 6
19 22 24
16 19 18
3 5 16
8 11 2
16 19 41
14 18 15
17 20 35
0 1 3
21 22 27
3 6 20
16 18 27
18 20 14
2 4 18
3 6 21
0 2 22
21 1 37
6 9 44
12 15 44
14 17 43
18 23 18
6 9 43
8 10 7
8 11 34
9 13 43
18 21 42
22 1 24
11 16 13
13 16 25
9 13 12
18 20 31
14 17 11
13 15 23
13 16 11
23 2 18
20 21 32
7 10 14
6 9 42
4 7 12
0 2 41
19 0 39
4 7 44
19 21 20
0 5 16
16 19 34
8 11 44
23 2 8
2 6 8
1 5 20
20 22 11
6 11 28
17 20 32
4 7 13
23 2 3
21 1 40
0 3 36
3 6 15
13 16 30
3 6 15
0 2 34
1 4 29
8 12 22
12 13 42
1 3 13
19 0 1
4 7 2
9 12 47
10 14 43
10 12 33
6 9 14
8 10 33
13 16 8
23 3 9
15 16 12
5 9 5
4 6 17
20 0 25
20 22 40
8 10 37
20 22 10
12 16 43
3 7 11
6 9 47
9 12 7
12 16 24
8 12 43
3 7 31
18 23 46
22 0 27
12 15 5
2 4 30
3 5 44
22 1 31
2 5 21
9 9 22
18 20 47
3 6 11
7 11 17
0 3 15
14 15 10
3 6 13
9 13 23
7 10 30
17 21 23
18 22 25
11 13 27
12 15 38
17 20 12
21 23 20
3 6 16
7 10 10
20 22 36
2 6 24
11 14 40
6 11 29
18 21 40
17 20 23
20 0 26
3 6 13
22 0 30
19 23 1
22 0 21
18 20 10
3 7 5
4 7 19
5 8 34
15 19 3
5 9 12
12 14 24
19 22 12
8 10 8
13 18 22
0 4 18
18 22 47
9 10 35
0 3 8
11 15 32
3 7 34
15 17 28
18 20 16
6 9 24
17 22 37
21 1 10
17 20 28
15 18 16
7 11 25
23 1 9
17 20 31
5 10 30
3 4 44
0 3 13
12 15 32
5 9 33
0 4 9
6 10 18
21 0 15
12 16 6
18 20 13
1 3 3
23 1 21
12 14 6
17 19 14
8 11 10
17 20 30
8 11 42
15 19 30
5 9 21
12 14 37
8 12 40
14 18 6
17 19 18
16 19 44
7 11 30
2 5 17
3 7 27
2 6 8
5 6 8
14 18 16
4 6 43
16 20 24
20 0 30
1 4 28
6 10 9
7 11 30
21 23 33
4 7 34
10 12 16
12 13 32
19 22 35
3 6 17
5 7 3
21 23 7
19 23 26
6 10 18
22 2 2
23 2 34
1 4 45
13 16 47
0 2 26
9 13 13
13 16 15
5 9 25
2 5 31
10 13 27
2 5 41
4 6 17
3 5 26
15 20 19
9 13 7
4 7 18
1 3 45
8 12 17
0 3 22
23 3 7
19 22 8
8 13 42
22 2 15
12 15 18
13 15 12
16 20 9
9 12 10
0 2 8
19 22 29
9 13 32
20 1 38
18 23 33
11 12 7
8 11 5
14 18 18
7 11 8
8 12 23
7 9 36
1 3 47
23 1 29
9 12 5
4 6 34
19 22 5
5 8 38
5 8 44
5 7 27
19 21 24
7 9 8
10 12 41
20 22 9
5 8 41
8 10 4
15 18 40
2 7 29
3 6 15
22 2 20
16 19 42
21 22 16
1 4 25
0 2 42
19 20 41
1 4 16
10 13 41
5 8 14
1 4 2
1 3 2
7 10 14
0 3 27
0 3 29
15 18 18
14 16 37
6 10 37
10 13 28
18 20 13
13 14 18
17 19 35
4 8 8
1 5 26
22 23 31
22 0 44
11 15 45
13 16 13
21 23 8
21 0 47
21 23 24
17 20 34
13 15 27
12 16 7
4 6 38
6 8 22
9 13 19
5 7 36
15 17 40
4 6 45
13 14 7
2 4 46
23 2 38
2 7 31
3 6 24
8 13 17
1 3 21
18 23 19
11 15 15
0 2 18
11 15 32
14 17 20
6 10 30
15 19 20
9 12 9
17 19 9
7 11 15
5 6 15
7 10 38
19 21 8
10 13 11
3 5 17
17 22 7
4 7 43
4 6 30
7 9 16
17 19 37
23 2 44
4 6 16
12 15 3
10 13 26
14 18 46
21 0 12
8 12 12
15 17 42
22 1 1
22 2 13
11 13 23
2 5 10
6 8 4
13 17 36
14 19 8
11 14 15
1 4 32
21 23 33
0 4 25
15 16 45
4 6 9
1 2 16
23 1 47
18 20 12
9 10 31
6 7 17
14 18 45
10 12 41
9 12 18
2 6 15
10 13 10
0 2 21
12 16 23
10 12 1
23 3 39
19 23 19
18 20 23
22 1 25
17 19 34
8 10 6
13 16 32
2 5 44
6 9 44
12 17 4
12 16 31
5 9 5
13 15 47
22 1 17
13 15 46
19 22 32
20 0 23
19 21 37
10 15 5
13 16 12
21 0 8
20 23 16
12 15 20
23 2 33
20 23 38
3 7 26
9 12 39
7 10 31
10 13 35
9 14 30
9 12 39
16 18 38
23 1 17
12 16 7
10 14 40
3 5 33
1 4 4
23 3 12
0 3 17
20 22 18
5 9 20
3 6 21
6 10 34
11 13 29
12 14 43
2 5 17
21 1 19
19 21 26
13 15 39
0 1 2
2 4 45
7 10 6
0 2 35
17 21 41
23 2 5
10 13 37
20 1 45
11 14 28
5 8 46
15 17 5
13 16 47
9 12 30
6 9 39
2 6 18
17 20 34
13 16 26
4 6 17
10 11 35
10 14 9
5 8 10
19 22 6
23 2 9
22 2 15
11 11 4
15 19 16
3 6 12
7 9 9
9 13 19
0 3 8
7 11 10
0 4 28
0 2 27
21 1 24
6 10 42
12 15 34
15 18 13
1 3 41
6 9 22
21 1 17
5 9 44
7 11 14
3 7 27
23 1 33
11 14 3
13 17 12
7 10 25
7 9 34
16 19 17
17 21 33
10 13 42
5 10 14
20 23 45
19 23 34
23 1 10
3 8 24
15 18 10
3 6 15
2 3 13
13 16 6
6 7 14
2 4 16
4 5 9
11 14 9
6 11 3
16 19 24
18 19 21
21 1 38
1 4 10
5 9 38
19 21 5
18 21 16
12 14 13
8 12 5
0 3 15
1 4 40
16 19 36
19 21 21
18 20 12
14 17 44
8 11 33
6 10 33
15 18 28
6 9 20
18 21 22
21 22 25
10 11 11
7 9 45
22 2 40
4 6 43
9 12 29
10 13 22
18 21 5
3 6 41
0 2 14
10 14 45
1 3 7
4 9 30
22 2 11
10 14 4
9 13 24
2 5 20
6 9 45
6 9 29
0 3 23
21 0 32
11 14 15
16 18 29
23 4 41
13 16 23
0 2 8
3 7 37
6 8 36
0 4 34
0 2 12
11 15 39
3 7 16
18 23 36
17 21 38
15 16 15
5 9 38
16 19 19
8 12 15
14 18 15
9 10 27
6 8 16
1 4 38
13 16 44
8 10 4
2 4 12
8 11 36
19 0 22
3 5 1
12 15 31
16 20 26
22 2 18
19 22 10
2 5 4
21 1 34
19 22 34
4 5 9
12 14 16
2 5 7
0 2 35
5 7 20
14 17 1
19 21 1
5 9 6
2 4 15
18 21 44
15 18 22
18 20 45
22 2 25
19 20 12
23 4 17
4 9 13
1 5 19
18 21 8
3 6 6
5 7 19
9 14 30
0 2 37
12 14 41
7 9 23
19 22 42
15 17 39
23 2 36
5 8 12
23 1 16
3 6 20
2 4 40
7 8 29
22 1 25
9 12 1
7 11 33
11 14 27
15 17 12
23 2 32
4 8 40
6 10 25
23 4 45
18 21 22
1 5 47
14 17 46
10 16 17
19 21 29
19 23 12
1 4 9
14 18 30
12 15 20
19 19 17
10 14 30
20 23 28
2 7 11
8 12 22
9 11 37
19 21 27
0 2 4
4 6 36
5 8 40
20 22 21
21 0 41
12 16 19
3 7 39
14 20 25
19 21 19
1 5 21
2 8 32
1 4 18
0 2 4
12 14 31
10 13 16
17 20 47
1 4 23
8 12 38
19 22 36
7 12 11
1 5 24
12 17 42
5 9 46
10 12 47
1 5 3
2 6 8
20 22 24
1 5 18
0 4 31
12 15 23
12 15 12
13 16 1
1 3 37
16 20 25
17 20 27
14 17 21
22 0 9
17 19 35
13 17 38
11 14 5
1 3 40
11 14 19
21 22 25
13 14 37
5 9 30
2 5 40
4 8 11
11 15 43
6 8 16
4 6 16
16 20 1
0 3 43
7 8 22
21 23 10
11 14 19
12 16 7
16 18 16
21 1 5
0 4 39
14 17 8
1 5 19
21 22 21
8 12 15
2 6 24
0 3 41
14 16 1
22 1 32
3 8 7
6 8 5
18 20 17
14 17 17
0 3 2
16 18 6
1 4 18
23 0 44
12 15 32
11 15 11
21 23 31
15 19 3
21 1 38
22 2 10
20 22 42
17 20 42
4 9 17
7 10 12
18 21 5
3 6 11
19 23 16
0 4 7
18 21 32
5 9 26
22 0 6
3 8 24
3 5 4
2 5 14
21 0 20
16 20 36
2 5 42
1 5 17
22 1 41
19 22 3
8 11 40
3 5 33
12 16 39
13 18 17
5 6 18
1 5 44
21 0 40
4 6 46
4 8 45
1 3 4
11 14 26
16 20 45
18 20 39
22 1 10
7 11 18
7 10 19
23 2 14
15 19 42
10 14 17
7 9 34
6 9 16
15 17 22
6 9 17
7 10 28
10 13 38
7 11 7
17 22 36
21 2 39
14 18 10
1 3 9
5 8 21
3 4 42
14 19 9
7 10 31
17 20 30
15 17 20
12 15 15
15 18 36
17 21 41
13 16 37
16 21 28
8 12 37
16 19 46
23 3 38
19 20 37
23 2 5
9 12 7
7 11 11
13 15 17
17 20 27
22 1 46
1 5 1
19 22 44
23 0 1
22 0 4
23 1 30
18 19 19
4 6 43
16 19 28
12 15 41
1 2 38
12 15 11
22 1 9
22 2 45
19 22 41
15 19 39
4 7 42
1 6 41
15 18 1
18 19 22
21 0 27
8 11 21
5 10 27
0 4 42
15 19 4
12 13 11
20 23 7
14 16 44
22 2 3
12 14 39
22 2 20
19 22 27
14 17 42
23 1 12
8 12 43
21 0 31
2 4 44
18 21 46
23 4 9
18 22 33
0 4 14
13 17 47
16 20 44
11 13 37
17 19 28
4 6 17
8 12 21
0 2 10
20 23 35
21 0 9
17 20 47
14 17 27
15 19 30
4 9 37
20 22 27
10 13 29
5 8 40
5 10 15
17 20 37
13 17 44
15 19 7
19 22 21
19 21 20
17 18 34
21 0 38
5 8 3
23 2 21
17 21 33
10 11 19
19 23 14
14 18 18
22 1 7
14 19 24
22 0 8
0 1 11
1 4 47
3 6 12
4 7 26
19 22 42
15 18 13
10 11 31
20 22 38
21 0 45
16 19 27
8 9 19
6 12 11
13 17 12
19 21 23
11 14 37
6 9 13
8 12 27
8 11 8
10 13 35
16 20 13
14 18 23
12 16 43
20 0 42
5 7 22
22 1 13
1 5 5
9 12 9
0 2 46
22 0 15
11 15 8
10 15 11
20 23 15
13 15 34
7 9 7
16 19 12
10 13 5
23 2 3
20 23 7
3 6 15
22 1 39
5 9 36
14 15 30
20 23 33
18 21 45
12 16 42
11 14 32
2 5 42
5 10 4
4 7 41
16 19 15
23 3 45
13 15 23
2 4 42
5 7 21
19 22 41
5 7 27
21 0 3
21 0 31
19 21 19
7 12 37
6 10 13
6 9 15
7 11 41
18 22 4
12 15 35
16 16 4
7 8 25
7 8 12
13 15 45
6 9 45
23 2 47
1 4 1
21 0 45
16 21 28
12 14 46
2 3 7
23 2 34
18 20 40
18 22 32
7 10 10
2 4 36
23 2 20
12 15 28
4 7 26
9 12 7
4 8 38
2 4 20
17 21 37
21 0 6
21 3 24
10 13 28
0 3 17
12 16 19
17 21 36
18 21 15
23 1 24
9 11 38
23 1 1
22 2 14
7 10 45
22 0 37
3 6 15
11 14 44
3 7 13
14 17 18
17 18 42
14 16 34
22 0 8
14 17 45
8 12 39
0 2 24
19 22 15
21 2 40
16 18 10
21 23 46
14 17 15
7 10 17
13 17 37
18 22 7
21 0 31
2 8 34
10 14 18
16 17 10
13 15 27
16 18 28
19 23 3
15 18 31
19 22 39
8 11 11
6 10 19
2 5 22
18 21 24
17 19 1
15 19 44
19 22 24
8 11 8
15 19 21
11 14 27
1 4 39
6 9 22
15 18 37
9 14 7
16 18 28
3 5 40
14 16 40
12 16 19
20 22 15
5 9 36
0 3 14
2 6 41
8 11 23
14 17 44
8 11 19
0 2 19
6 10 2
8 11 18
1 4 27
14 18 37
19 21 20
2 5 17
16 18 18
17 18 20
3 5 42
13 15 13
23 2 46
19 21 5
7 11 16
19 22 41
21 0 21
15 18 20
2 4 26
8 11 29
5 9 15
12 15 22
18 21 21
12 14 15
15 20 21
15 18 23
16 17 13
0 2 33
14 16 41
5 9 35
11 14 22
21 0 3
14 17 14
14 17 5
8 11 12
10 12 19
15 15 35
12 14 16
17 20 30
0 4 22
5 7 12
22 1 32
3 6 42
6 11 14
18 21 34
9 14 5
7 9 42
10 11 35
17 20 30
22 3 1
15 19 5
22 2 16
3 5 12
11 13 37
8 11 2
20 22 25
21 0 45
14 19 2
15 18 36
5 9 9
19 22 25
0 3 24
7 9 26
21 2 38
14 17 28
8 12 8
22 3 10
3 5 25
6 10 36
4 7 34
14 16 43
22 2 31
1 5 23
4 9 16
1 3 37
3 6 6
3 6 9
5 8 41
3 8 35
6 9 24
22 2 47
15 19 7
17 20 39
22 1 36
23 2 39
5 8 40
18 21 31
17 21 6
7 10 5
16 20 31
8 13 19
22 2 44
14 16 22
21 1 18
18 20 42
21 1 28
13 15 3
17 18 38
7 9 31
3 6 5
18 21 29
19 21 5
20 0 39
22 0 2
18 22 32
16 19 38
19 0 35
16 18 35
1 6 45
1 5 1
16 19 41
18 21 28
2 6 27
3 6 9
21 1 27
18 20 3
23 2 29
13 16 29
17 21 27
14 16 12
9 13 40
15 16 6
7 9 10
20 22 4
3 7 29
2 4 47
2 6 9
22 1 44
4 7 6
10 13 18
20 23 45
4 8 5
18 19 6
19 22 28
21 2 33
8 11 1
5 9 6
0 3 39
2 5 18
13 16 13
5 8 38
9 10 17
0 2 27
4 8 32
8 11 33
11 15 3
3 5 19
11 13 37
19 23 11
5 9 43
10 13 32
23 2 6
13 17 36
15 18 5
6 9 35
7 8 46
9 13 16
15 20 13
10 15 25
19 22 20
18 23 25
4 7 44
23 1 22
0 4 21
4 7 42
4 8 11
0 3 22
16 18 41
16 19 41
5 7 23
20 21 19
2 5 44
14 17 1
1 4 1
7 10 37
6 10 10
12 14 23
21 0 8
16 17 4
8 9 26
9 12 27
14 16 21
10 12 43
19 23 29
16 19 47
13 16 8
10 11 31
5 10 15
10 13 23
5 7 30
18 21 30
16 18 29
23 3 41
16 19 6
6 9 34
2 6 23
9 11 32
17 21 7
21 23 2
6 9 35
8 11 3
5 6 29
3 6 6
6 10 9
23 3 4
6 8 5
7 9 16
4 7 28
18 22 43
1 4 44
21 22 9
18 20 36
0 3 12
16 18 4
18 0 28
5 8 34
7 11 22
9 10 31
15 18 14
6 8 6
19 0 3
20 23 2
17 19 15
5 8 39
0 3 27
3 9 25
0 3 33
3 5 43
7 9 47
2 8 10
12 15 13
12 14 8
21 0 23
0 2 46
5 9 6
20 23 43
13 16 29
23 1 27
9 13 10
22 0 43
18 22 12
7 9 39
6 8 40
11 15 35
23 1 31
0 2 43
22 2 7
13 16 39
1 3 6
7 11 35
8 11 11
2 6 42
22 1 17
14 17 47
1 3 41
9 13 47
15 17 24
13 16 41
7 11 44
7 12 11
15 17 44
1 3 47
14 17 45
10 14 42
12 15 27
21 1 22
6 10 21
10 11 29
17 19 21
7 10 44
23 1 37
11 13 6
7 10 2
6 9 21
9 12 10
3 6 29
14 17 36
23 2 7
21 0 21
7 10 2
11 14 21
7 11 16
6 9 4
15 19 12
23 2 44
5 11 30
6 8 13
8 10 47
3 7 10
11 14 26
13 15 40
8 10 30
8 11 5
0 4 27
0 4 13
14 17 45
11 12 41
19 20 6
3 5 28
20 22 39
16 17 4
22 1 40
10 11 35
16 17 1
17 19 1
9 13 3
10 13 29
23 1 11
0 3 40
19 21 10
6 10 30
10 13 21
3 7 38
11 14 2
12 15 31
16 20 23
19 21 14
14 16 39
21 0 19
9 11 41
0 4 42
15 18 20
14 17 28
1 4 46
2 5 18
10 12 33
8 11 38
3 7 30
15 21 32
10 15 46
14 16 24
8 9 41
18 21 44
18 22 20
13 16 42
20 23 2
3 5 10
4 6 40
1 5 22
9 12 45
18 21 24
22 2 1
2 5 28
17 19 35
12 13 13
6 8 38
6 9 2
18 21 13
15 19 47
18 20 10
16 18 47
17 21 32
16 19 20
12 16 7
18 22 12
8 11 31
14 15 18
12 17 37
10 13 36
17 20 26
12 15 42
12 15 6
12 16 23
15 20 43
12 14 46
20 23 12
8 12 39
10 12 35
22 0 24
7 10 5
23 3 27
12 17 11
18 21 29
8 10 5
20 23 12
16 19 46
21 22 5
22 1 36
12 15 41
19 21 38
23 0 17
4 7 4
2 4 28
14 17 21
19 22 19
11 14 3
19 23 25
20 23 14
6 9 31
7 11 34
9 11 18
15 19 30
15 19 45
20 23 26
15 18 1
17 20 29
2 5 10
10 13 35
9 11 45
20 23 36
10 13 19
14 16 2
9 13 23
23 1 37
21 23 34
6 11 30
15 19 9
17 21 37
8 12 27
14 17 18
19 21 35
16 18 23
10 12 40
23 3 38
1 5 39
4 7 42
3 7 27
3 8 32
22 1 33
17 20 31
4 6 26
2 6 47
13 16 31
14 17 16
10 12 29
0 3 19
9 12 25
23 2 46
7 9 13
15 18 37
9 13 43
2 7 4
12 15 6
12 16 8
12 16 40
3 7 28
4 6 43
17 21 18
4 8 40
6 9 47
0 3 45
18 21 7
15 18 13
20 21 19
1 4 6
2 4 25
6 8 4
10 13 31
20 23 31
2 6 29
0 4 1
0 4 7
17 18 2
2 5 29
18 21 15
14 15 16
16 18 21
13 16 47
2 4 39
16 19 14
15 16 25
21 0 2
13 16 2
18 21 15
3 6 12
21 1 15
22 2 13
9 12 17
0 4 39
5 8 13
22 1 44
5 7 26
23 4 32
7 11 19
1 5 30
7 11 31
21 23 20
4 7 42
17 20 43
14 16 16
6 9 14
1 3 24
18 21 9
16 20 9
3 6 38
3 7 41
19 20 27
5 8 9
1 3 6
21 0 28
23 4 46
16 20 34
14 17 38
18 20 5
19 21 4
14 17 47
18 21 12
11 14 22
0 3 18
11 15 1
6 9 46
21 1 27
12 13 38
1 5 6
6 10 40
22 1 46
15 18 3
5 9 43
5 7 25
12 17 18
4 7 36
0 3 46
19 22 45
10 13 33
2 4 36
13 15 14
17 18 3
8 12 45
7 10 11
9 13 14
9 12 12
18 21 38
2 6 46
18 22 7
12 15 20
5 11 9
18 20 43
11 14 3
6 9 44
18 21 39
5 9 47
18 21 46
17 21 39
16 18 47
19 22 6
8 11 38
17 20 11
13 17 38
18 20 44
8 12 30
8 12 32
22 0 10
15 18 15
17 20 4
2 6 25
20 21 19
13 16 42
14 18 15
16 20 19
1 3 20
14 16 24
12 14 41
13 18 2
15 16 39
7 8 36
13 15 4
23 3 42
8 10 37
2 5 45
1 4 37
2 5 13
23 2 21
11 14 31
13 17 40
15 17 36
8 10 9
23 2 2
0 4 17
4 5 11
22 1 18
16 19 27
3 7 4
5 8 3
5 8 7
7 10 29
8 13 40
17 21 30
2 4 21
22 2 3
0 2 9
21 22 10
4 6 28
5 7 30
5 8 30
10 14 4
12 16 18
7 9 44
1 3 30
18 20 10
9 12 2
7 10 21
18 21 3
15 18 31
21 23 23
13 16 27
3 6 21
0 2 41
19 22 37
4 8 4
1 2 47
2 5 14
0 2 6
6 8 36
11 15 40
21 23 34
11 15 28
12 16 10
12 15 9
13 17 14
4 7 17
23 1 19
15 19 45
11 14 11
21 1 29
9 12 18
18 20 15
2 6 4
13 17 1
2 5 11
13 16 18
5 9 36
14 16 39
16 19 7
16 18 14
14 13 40
23 4 42
5 9 7
15 17 18
1 4 18
16 18 37
20 23 33
22 0 43
13 16 15
16 18 46
22 1 43
14 18 38
16 18 16
19 21 8
3 8 30
5 9 26
14 17 42
8 12 8
6 9 45
7 8 12
15 16 44
23 0 25
17 20 28
8 12 24
12 13 13
5 7 23
14 17 5
11 12 10
13 15 40
7 9 15
16 19 22
3 5 23
2 7 26
16 18 16
7 10 2
14 17 15
0 2 11
3 6 34
10 13 30
19 22 28
5 8 27
23 3 18
9 13 10
23 1 26
9 13 3
6 7 29
17 20 21
4 6 7
22 0 21
17 18 24
11 13 22
8 11 36
4 6 24
3 7 30
5 9 16
23 2 47
3 6 20
7 10 47
10 13 24
9 13 25
16 19 16
21 23 13
0 1 44
18 22 12
21 22 27
5 9 31
13 16 35
3 5 21
19 22 23
4 7 18
23 2 18
20 1 32
21 23 44
1 5 6
0 3 44
9 12 41
16 19 43
15 18 31
5 7 7
10 13 11
19 22 13
9 14 16
22 2 1
9 11 29
23 1 7
2 5 47
6 9 16
12 15 26
15 18 24
18 20 36
1 6 5
20 0 44
14 17 10
2 6 33
7 11 38
20 22 32
23 2 20
13 16 33
21 23 18
20 23 41
14 15 9
1 4 7
8 13 1
3 5 10
16 19 6
6 8 1
0 4 10
20 23 11
19 22 30
20 0 34
4 7 31
8 13 6
21 0 11
2 4 19
13 18 27
20 0 3
22 1 32
19 23 36
18 21 41
22 2 42
6 8 16
16 19 12
21 0 46
17 19 35
20 0 21
19 22 17
17 19 27
23 1 33
6 9 3
7 10 7
4 7 21
23 3 8
13 17 42
14 18 39
7 12 35
3 5 1
18 22 41
20 23 47
17 19 36
1 3 14
16 18 1
14 18 8
6 8 36
2 5 46
4 7 5
3 7 26
3 5 11
7 10 28
22 1 42
23 2 10
15 18 31
5 8 45
14 17 47
19 22 15
4 7 43
20 23 17
9 10 17
13 15 9
13 16 17
15 18 21
10 15 39
0 4 45
1 4 34
21 23 25
11 15 38
19 0 13
19 21 10
21 0 25
4 8 10
5 8 34
5 10 33
4 7 11
16 19 47
3 7 22
7 12 7
19 21 28
10 13 25
0 4 13
16 18 37
1 3 21
18 20 23
8 11 31
4 7 8
16 21 14
4 7 13
11 14 22
17 19 23
3 7 32
16 20 47
12 14 15
6 10 4
14 18 38
17 21 28
15 18 3
7 10 13
11 12 29
22 1 27
23 2 35
10 14 5
4 7 9
20 23 18
5 9 6
8 12 26
9 12 39
7 11 13
21 0 35
2 6 5
1 3 24
17 20 7
4 7 42
13 14 44
16 19 39
5 8 29
17 19 31
1 2 21
0 1 40
16 21 36
15 17 4
12 15 24
14 16 12
1 4 3
16 19 46
8 9 10
20 0 14
18 20 7
5 9 36
2 4 24
16 19 2
18 22 26
15 19 39
1 4 16
7 9 24
22 0 5
18 22 5
0 3 24
10 12 14
5 7 28
0 1 14
13 17 19
5 8 26
4 7 2
13 15 40
7 9 13
5 8 41
1 5 20
9 12 17
16 18 8
23 2 20
6 10 20
16 18 8
17 19 39
17 21 6
23 2 16
2 6 41
3 7 2
6 8 21
13 15 42
7 8 32
9 11 6
13 16 31
14 16 47
7 11 44
17 20 21
3 4 14
3 6 21
18 21 21
17 20 9
14 17 13
21 23 11
5 8 11
18 21 26
9 11 18
14 17 9
5 8 25
15 19 21
20 23 23
14 17 27
21 22 1
4 6 19
10 13 39
4 7 41
19 23 10
2 8 21
2 5 2
9 11 35
15 19 29
15 17 33
20 23 30
23 2 22
15 19 4
3 6 11
13 16 39
21 0 41
11 11 41
7 10 45
12 15 36
22 2 36
20 0 16
14 18 22
15 19 39
1 4 14
20 22 34
10 12 3
23 3 15
23 3 16
16 19 17
9 13 30
10 13 18
2 5 14
9 11 3
3 6 13
5 8 31
15 18 44
16 17 18
23 2 37
0 3 26
2 5 4
0 4 12
7 10 12
0 4 10
9 13 5
1 3 21
11 13 39
18 19 34
18 21 40
11 13 24
5 8 19
12 14 46
21 22 16
15 18 47
4 5 26
0 4 14
20 23 39
18 22 25
14 17 41
1 4 42
10 13 30
8 13 14
2 5 42
17 20 28
5 9 17
20 1 15
9 11 6
14 16 23
4 7 24
22 1 32
4 7 32
11 15 39
22 2 5
0 5 1
20 1 44
1 3 20
15 18 11
23 3 3
2 5 7
7 10 37
15 19 12
22 0 8
20 0 32
17 19 41
7 9 26
4 6 19
22 2 10
18 21 41
5 7 1
11 15 12
23 1 14
6 8 47
12 14 13
7 9 10
20 0 47
20 22 41
15 18 5
1 3 4
12 15 42
16 19 27
6 8 46
14 17 23
8 10 40
21 22 20
19 21 45
15 19 8
4 6 39
7 11 30
18 20 44
1 4 27
12 14 42
10 11 41
18 20 19
13 15 23
12 15 26
8 11 6
4 9 10
15 18 42
16 20 28
17 19 9
11 15 36
9 12 22
17 20 18
22 2 35
19 22 2
16 17 33
5 9 14
7 10 19
2 7 24
21 2 21
0 2 22
19 23 27
21 0 6
14 17 41
16 18 33
3 7 8
3 5 35
2 5 44
17 19 25
8 11 6
5 8 7
19 22 31
16 19 35
6 8 34
15 18 27
20 1 43
3 6 30
6 10 22
21 0 22
12 16 22
11 13 4
17 21 1
14 16 27
16 19 30
22 1 36
18 22 1
18 21 41
0 4 26
1 5 20
14 16 32
7 10 16
21 0 33
1 3 9
6 8 46
14 15 41
12 14 46
12 15 15
15 18 10
2 5 15
21 23 40
0 2 40
18 20 33
17 19 27
19 22 46
3 8 15
22 2 40
17 18 10
6 9 11
18 21 47
6 10 47
11 14 5
22 0 44
17 21 18
3 5 25
21 0 36
0 2 34
4 8 40
0 5 6
6 9 43
12 16 13
5 9 46
12 16 44
19 21 2
18 19 17
21 22 31
6 10 22
22 0 24
7 10 14
12 16 41
8 10 23
11 14 37
7 10 24
10 13 8
10 13 27
1 3 43
9 12 6
7 9 18
6 11 12
21 0 41
21 1 21
3 5 20
0 3 25
14 19 34
0 3 21
3 6 29
19 23 46
22 2 14
1 4 36
6 10 15
21 23 27
23 0 17
5 8 36
20 23 10
18 22 12
0 3 31
20 1 30
22 1 12
11 14 6
17 19 16
20 22 4
22 1 47
20 23 27
19 23 26
9 12 39
12 16 43
13 17 39
4 6 23
5 8 13
14 17 40
10 11 17
5 9 22
1 4 28
14 17 1
21 2 34
1 3 6
16 19 1
11 14 29
14 17 11
5 9 35
20 23 3
2 6 16
21 0 13
14 15 12
15 18 44
6 8 2
22 3 34
10 12 3
20 0 25
22 2 17
18 21 4
2 5 30
11 14 29
22 0 28
18 20 27
12 15 14
8 10 12
8 13 38
1 3 31
17 20 10
13 16 2
7 9 17
7 10 8
4 6 39
2 5 6
17 19 45
14 17 1
8 12 43
8 10 37
9 11 20
3 6 18
4 7 36
6 7 5
11 13 23
16 19 21
18 21 43
0 3 25
3 6 6
18 21 1
9 11 44
2 4 16
22 1 1
20 23 24
23 2 18
5 8 19
4 7 9
14 17 33
21 2 3
14 17 3
0 3 13
8 11 21
12 14 12
10 14 12
12 16 3
20 23 37
17 18 34
12 14 18
5 7 12
11 14 25
17 21 2
23 2 26
21 0 3
18 21 19
20 22 6
2 5 45
22 2 27
22 2 12
13 16 29
7 9 34
3 7 47
4 7 34
3 5 12
7 11 34
16 19 34
6 9 1
20 21 31
6 7 18
10 13 31
8 12 37
8 11 20
17 20 35
23 2 14
5 7 14
13 16 1
18 21 25
12 16 27
8 10 39
22 1 47
13 15 8
3 6 13
2 6 42
12 16 47
13 17 27
5 9 34
6 9 16
11 13 31
6 9 32
8 11 22
18 22 42
7 9 47
20 21 44
18 23 22
22 23 30
11 15 12
20 2 2
11 12 22
19 22 12
19 23 47
21 23 1
2 5 8
1 4 30
15 17 24
14 17 34
16 17 2
18 22 6
9 12 26
9 11 13
19 0 35
13 18 16
9 13 24
9 11 7
13 15 44
22 1 15
22 2 34
14 17 28
20 21 11
19 22 15
22 1 27
16 19 6
19 22 43
5 9 18
2 5 34
6 9 9
18 21 39
18 20 42
4 9 6
3 6 46
12 17 43
7 7 44
15 19 27
4 7 47
17 19 24
17 21 3
10 12 15
3 7 47
20 0 44
19 21 12
3 6 3
1 5 29
20 22 17
22 1 6
1 2 21
21 23 15
8 11 34
1 3 29
12 16 20
6 9 14
20 23 25
6 9 13
13 16 19
19 23 30
21 21 26
9 10 43
16 20 3
18 21 16
6 10 39
22 0 24
13 16 30
19 21 34
13 17 3
17 19 29
18 20 12
16 19 25
23 2 16
16 18 34
13 18 40
20 1 41
9 12 36
1 5 13
9 13 32
16 18 42
3 7 4
21 0 38
2 4 27
23 2 15
21 0 15
18 20 1
11 13 10
23 2 4
23 1 27
13 15 20
16 19 3
5 8 23
5 8 16
23 1 40
21 0 41
6 9 5
13 15 26
21 1 36
23 3 26
7 9 9
6 9 7
2 6 34
5 7 32
17 20 14
11 14 29
22 2 6
13 15 47
21 1 45
2 4 41
5 8 5
19 23 17
5 7 8
6 9 17
19 20 15
1 3 5
15 19 26
3 8 34
9 12 41
6 10 44
17 20 45
16 19 18
16 17 5
22 1 11
19 21 26
6 8 28
8 11 1
21 23 9
0 3 21
20 22 35
10 13 11
2 3 24
22 23 2
15 19 8
5 9 15
21 23 23
3 7 1
6 10 28
14 17 33
22 1 43
4 6 17
18 22 33
4 6 21
9 11 33
9 12 28
20 23 7
8 9 24
17 19 16
14 17 46
21 1 12
20 0 44
14 15 34
23 2 27
12 15 17
12 16 37
18 20 13
18 20 37
21 23 39
9 11 41
11 13 33
11 12 9
11 13 32
3 6 38
1 6 39
0 3 35
8 11 8
23 2 28
9 11 44
15 18 42
10 12 25
14 16 35
7 9 43
10 14 41
23 3 20
17 19 29
5 9 33
6 11 34
6 10 27
10 13 38
0 1 2
7 11 18
10 14 39
1 5 21
16 17 1
3 5 3
6 9 36
5 9 47
0 2 19
13 14 1
1 3 36
23 1 35
20 1 38
6 7 25
15 17 27
21 1 18
4 8 7
15 15 26
11 15 22
11 13 1
5 8 16
12 16 28
16 19 45
0 4 38
14 17 22
13 16 4
23 3 26
16 20 25
11 13 42
16 20 29
18 21 10
13 15 38
22 0 32
14 16 12
17 21 26
22 1 30
4 8 34
7 10 37
21 1 30
21 1 46
2 4 41
0 4 15
8 10 6
6 10 2
15 19 2
18 23 41
16 18 14
14 17 3
11 15 46
22 0 22
0 2 22
2 4 41
20 21 16
7 11 13
4 9 41
17 20 40
3 4 45
21 22 12
7 10 37
14 17 21
7 10 32
3 7 19
22 0 29
19 0 4
4 8 46
20 23 38
11 15 34
15 19 47
0 3 25
1 2 15
10 12 27
2 5 31
18 22 19
17 21 18
12 13 18
5 8 39
16 19 27
9 14 25
15 19 45
19 21 12
4 7 28
10 13 8
12 15 16
3 6 3
12 15 30
21 1 13
21 1 5
9 13 43
5 8 7
16 21 38
12 15 21
23 2 28
4 8 23
8 13 3
6 8 32
14 15 25
21 1 44
11 13 6
20 0 46
18 20 17
6 10 47
9 13 20
13 15 31
0 4 23
3 6 28
2 5 23
12 17 39
21 23 34
19 21 26
4 8 18
9 11 21
18 21 38
22 0 43
7 10 29
4 7 4
21 0 31
8 10 24
15 20 45
18 21 32
7 9 20
14 17 43
13 15 12
3 6 26
0 3 25
23 2 36
6 9 32
4 5 36
2 5 12
5 7 4
3 5 1
1 4 21
23 4 29
2 3 11
0 3 19
22 2 31
5 7 46
16 19 40
20 0 4
18 21 39
1 5 29
2 3 19
11 14 29
9 13 12
14 17 29
12 14 46
17 21 2
20 0 19
0 2 12
11 14 28
21 0 36
17 20 22
4 6 20
16 19 7
14 16 23
12 15 16
17 19 4
3 7 40
21 1 10
3 7 4
17 19 2
22 0 35
1 5 47
2 4 6
21 0 39
23 1 12
11 15 9
14 18 36
14 17 38
10 14 30
4 8 27
10 14 39
20 23 40
9 12 43
22 0 24
15 18 7
8 11 2
10 13 47
20 23 23
21 1 39
6 9 41
13 17 26
9 13 28
16 20 45
1 4 12
15 18 5
3 5 20
10 12 24
19 19 39
20 23 1
3 7 42
1 3 10
14 16 36
10 13 4
5 8 22
2 4 6
4 6 2
5 8 31
5 8 43
5 9 39
15 19 15
16 21 18
1 3 21
13 17 46
18 23 2
3 6 7
15 17 44
14 17 30
14 16 32
13 16 6
16 19 44
1 5 40
20 0 31
17 20 16
2 6 31
22 2 26
14 17 39
22 1 35
2 3 44
20 23 31
9 12 22
4 8 23
13 15 6
22 0 44
18 21 43
21 0 6
4 7 19
8 8 23
8 9 45
1 4 7
20 23 16
17 21 8
5 8 35
13 16 41
3 7 14
20 23 13
11 16 36
9 12 21
19 22 32
19 20 44
17 20 39
9 13 32
9 13 45
11 14 39
15 18 26
15 19 13
14 16 17
13 13 1
19 23 33
4 8 5
1 5 45
8 12 12
5 10 19
22 1 27
3 6 44
2 6 46
9 12 11
10 10 9
10 13 16
9 12 18
15 18 4
16 19 4
2 5 13
8 12 28
17 19 32
15 18 38
5 9 29
4 7 44
18 22 34
10 12 2
17 20 47
15 18 38
18 20 39
8 11 44
16 18 13
4 4 12
7 10 21
19 0 8
20 0 14
7 9 1
19 21 38
10 13 5
12 14 6
2 4 16
3 8 9
19 22 24
3 6 9
19 22 37
6 10 9
16 19 12
4 6 5
22 0 10
4 6 38
2 5 40
4 7 45
0 3 19
13 17 34
16 17 17
18 19 21
3 5 32
5 6 19
3 8 33
1 4 43
17 20 33
21 22 27
17 19 4
12 15 17
8 13 37
15 19 27
3 6 23
18 19 11
12 15 22
20 0 21
1 3 3
13 15 44
12 14 34
3 5 23
19 0 13
12 15 24
17 21 2
1 4 32
9 14 2
15 18 12
0 2 19
3 5 8
7 10 23
0 3 36
7 8 13
7 10 39
14 18 44
14 16 29
16 19 14
12 15 38
5 7 31
1 4 12
18 22 2
13 17 41
22 0 1
2 4 28
19 22 46
12 15 16
16 20 30
21 23 45
1 3 22
13 16 6
0 3 2
10 14 31
18 22 20
14 19 44
9 12 3
12 15 13
6 8 4
22 1 22
17 20 27
2 6 33
0 2 14
11 15 20
13 16 31
17 19 13
14 17 32
12 15 33
10 11 46
16 20 9
1 5 15
23 3 19
23 4 20
9 12 13
20 22 47
16 20 47
0 3 42
9 13 2
11 13 42
23 4 42
1 3 28
22 2 22
16 17 43
2 3 18
1 4 5
17 20 11
4 9 26
23 3 33
22 1 10
1 5 26
9 11 3
0 3 9
6 11 47
5 7 18
19 23 6
15 19 34
21 0 6
5 9 19
20 23 18
15 18 45
12 16 47
21 23 15
4 6 2
12 16 4
8 10 29
16 20 15
17 20 42
23 3 1
18 21 29
1 5 10
18 20 24
11 13 24
15 17 2
12 14 40
10 13 16
20 1 44
4 8 38
1 5 1
19 21 32
22 23 35
23 2 22
17 20 44
12 14 20
22 0 3
7 11 33
14 17 27
14 15 24
5 8 27
2 4 30
12 16 1
7 11 35
7 11 43
8 11 8
7 13 10
18 22 36
18 21 28
1 3 7
11 15 10
11 16 11
15 18 41
0 3 15
15 18 26
13 17 14
6 9 37
16 19 35
8 10 2
16 19 45
14 18 32
14 19 43
0 2 22
18 20 19
22 1 8
1 4 46
2 6 21
18 21 3
11 13 16
12 15 34
3 5 24
22 2 14
22 0 35
5 7 17
22 1 1
0 3 30
10 13 26
15 18 16
13 19 6
14 18 11
11 14 8
12 17 46
19 23 27
23 1 8
4 7 4
4 9 35
15 18 3
11 13 13
0 1 23
4 6 43
8 11 6
18 20 12
20 0 20
1 5 39
13 17 37
8 10 45
1 2 36
4 6 34
4 8 10
3 5 13
3 6 15
3 6 13
10 12 38
5 9 16
4 8 16
11 11 5
15 18 11
3 8 29
17 20 15
9 12 5
1 4 44
4 8 16
3 5 11
17 21 7
18 19 15
12 14 5
9 12 18
22 1 19
3 7 21
22 2 28
3 7 2
5 7 3
17 19 31
5 8 40
1 3 35
6 9 30
19 21 8
21 0 42
1 5 30
15 17 22
21 0 44
10 14 6
5 9 34
5 6 42
2 6 24
3 7 12
2 5 4
23 2 22
2 7 22
20 21 17
16 19 8
17 20 11
21 0 32
5 7 7
1 5 21
13 17 37
3 4 20
22 23 41
22 3 16
14 16 34
8 12 41
16 17 18
21 0 20
1 4 45
7 10 17
13 17 38
5 7 39
15 19 43
2 4 34
9 13 15
22 1 31
0 2 28
12 16 45
8 12 10
4 8 41
21 0 8
10 13 31
21 0 42
10 11 44
18 22 26
15 18 21
18 21 23
17 21 41
22 2 46
0 4 1
13 17 14
2 6 7
0 5 32
17 19 42
16 19 17
3 7 2
5 7 35
16 19 27
18 22 5
18 21 11
19 23 44
4 6 43
23 2 27
9 11 25
2 4 36
13 13 40
4 7 12
3 5 29
2 4 46
13 17 16
22 0 12
14 16 44
15 20 1
23 3 19
18 23 24
14 16 27
13 16 30
10 14 9
0 2 36
3 6 16
23 2 25
19 23 39
3 5 37
13 16 34
10 13 44
17 20 3
8 11 3
8 11 28
18 21 24
20 22 15
9 13 30
8 10 20
23 1 24
12 16 44
3 6 17
2 4 27
18 20 10
5 5 44
11 14 45
3 4 34
21 0 16
2 4 7
6 10 12
8 12 42
2 5 12
18 21 20
15 17 23
4 6 17
14 18 8
7 9 44
9 13 23
16 19 12
3 5 12
13 14 5
21 0 35
10 14 13
0 5 5
15 17 20
16 18 22
13 17 39
22 4 16
8 10 42
16 20 28
22 0 26
23 1 14
23 3 37
14 19 37
1 6 4
8 12 9
15 16 35
16 21 31
22 1 12
21 1 8
1 3 1
12 14 13
6 9 45
1 4 8
19 22 6
9 12 2
6 9 10
0 5 26
17 20 15
18 21 32
19 21 1
6 10 17
0 3 40
3 5 8
20 22 37
2 4 3
23 3 47
13 16 24
13 16 39
10 14 28
14 18 7
20 23 6
8 11 2
5 8 3
5 8 45
6 9 31
4 7 23
5 7 33
7 9 5
5 8 17
12 14 28
4 8 27
4 5 34
0 3 45
5 8 4
0 3 29
9 12 32
20 23 39
22 1 19
6 10 12
5 9 33
15 18 32
0 6 43
16 19 44
0 5 9
7 10 12
12 15 6
10 14 29
22 1 12
13 16 10
9 14 26
21 1 14
5 8 34
16 19 30
2 6 12
23 2 2
18 22 40
16 20 25
10 13 20
1 4 5
20 1 46
19 22 2
2 3 29
17 19 4
19 23 25
12 16 4
1 4 22
21 1 43
15 19 38
9 11 4
18 22 1
10 12 9
6 9 17
0 3 8
3 5 23
6 9 21
2 5 22
1 2 22
8 10 47
22 3 19
23 2 44
22 1 41
20 23 21
7 11 19
8 10 31
16 18 5
20 21 32
16 21 18
2 4 44
20 23 4
3 5 38
14 17 5
9 11 27
17 20 4
8 11 37
12 13 45
14 17 2
2 5 43
6 10 20
4 7 32
23 2 15
18 21 17
4 7 13
12 15 41
16 18 35
2 4 39
12 16 15
1 4 1
11 13 11
17 19 11
8 11 42
8 11 21
16 19 21
7 10 25
12 16 33
7 10 46
9 13 10
18 22 3
0 3 21
3 6 22
0 4 38
17 19 27
2 5 36
12 16 30
23 2 14
3 8 43
6 8 24
7 11 3
7 10 25
23 2 5
21 22 4
8 11 21
17 21 46
21 1 38
14 16 45
4 5 18
14 17 8
10 15 19
21 0 21
2 5 30
22 2 45
8 10 6
6 11 37
18 23 36
4 7 46
17 21 28
1 5 23
7 11 19
6 7 16
14 18 32
0 4 41
7 9 12
4 7 33
8 10 26
4 8 28
1 5 40
1 5 33
9 11 28
22 1 28
20 23 7
11 14 24
23 3 46
21 23 29
1 4 13
21 2 23
15 17 13
20 22 41
6 10 16
9 12 38
17 17 24
9 14 31
2 4 37
11 15 27
4 6 32
9 14 15
22 1 14
11 14 33
6 8 13
22 0 15
20 23 5
8 12 9
11 14 39
19 22 41
21 0 47
9 12 20
6 9 36
16 19 10
20 23 47
22 0 28
21 0 6
17 20 30
14 18 19
23 2 11
6 7 36
19 22 37
16 20 31
16 21 6
0 3 28
20 23 29
16 20 27
11 13 44
23 23 39
10 13 8
7 10 30
14 18 18
21 1 12
19 22 2
17 20 7
5 6 27
18 19 42
2 7 36
4 6 38
14 18 30
2 5 27
12 15 41
4 7 11
8 11 5
11 13 44
10 15 7
11 13 13
12 13 1
20 0 32
10 12 38
17 21 43
10 13 37
6 9 42
22 2 30
10 11 31
15 18 15
13 17 42
2 5 22
22 0 6
14 18 6
14 17 28
21 23 23
1 3 41
17 20 16
8 11 26
8 11 41
10 12 24
22 1 33
7 10 5
4 9 5
1 3 31
13 17 9
5 8 4
19 22 18
3 5 44
17 21 23
23 4 11
4 6 17
16 18 19
5 8 39
6 7 14
20 23 24
2 4 30
23 2 1
15 19 15
15 17 28
16 20 8
17 20 36
11 15 38
16 19 42
18 22 29
10 13 11
0 2 4
7 9 14
11 16 46
10 13 1
2 4 14
11 13 42
19 23 20
16 20 11
23 3 30
18 22 12
8 11 25
4 5 43
11 13 39
8 13 43
3 5 27
22 1 34
2 6 18
16 18 8
19 0 26
19 22 33
18 19 38
21 0 13
12 15 9
8 10 24
3 6 25
18 21 37
4 7 33
19 21 41
23 3 25
3 7 34
13 17 10
23 2 14
21 0 5
1 3 46
13 15 23
13 16 8
7 9 35
14 16 23
11 16 34
15 18 43
13 15 4
16 18 19
3 7 43
13 17 5
16 20 21
3 6 18
5 9 6
19 23 33
11 15 45
23 23 44
20 1 22
11 13 42
23 3 23
20 0 12
7 10 37
9 13 22
17 19 24
21 23 4
19 22 31
8 10 18
17 21 43
21 0 46
0 4 29
1 5 9
15 18 30
0 3 39
15 20 42
4 7 9
10 13 40
21 0 17
7 9 45
14 18 8
4 9 18
11 14 33
21 1 34
14 16 23
15 18 4
17 22 14
14 16 34
15 19 5
0 5 1
20 23 39
9 11 34
19 23 7
17 20 14
7 10 5
21 23 12
19 21 35
4 7 40
21 23 6
15 18 38
13 15 5
11 14 2
18 20 13
11 16 3
9 13 26
16 19 13
6 10 27
11 14 21
15 17 25
13 17 37
3 6 10
16 19 8
7 10 24
10 13 23
13 18 15
21 0 12
12 15 41
5 7 18
11 13 1
11 15 27
20 0 16
22 1 23
22 1 26
2 4 44
3 6 41
12 15 15
1 5 38
22 0 10
3 7 2
11 14 30
14 17 7
6 8 11
5 9 13
20 0 46
20 23 32
16 19 32
8 11 41
0 6 30
5 9 30
14 18 46
21 23 40
11 15 4
22 2 12
3 6 31
15 16 25
21 23 1
5 7 1
17 21 33
21 0 29
5 9 24
23 4 2
22 1 21
16 18 24
22 3 33
19 22 5
1 5 26
6 9 45
12 13 16
15 18 18
11 14 41
5 6 46
0 2 13
15 20 6
0 2 46
8 11 23
19 21 7
22 1 13
9 12 41
10 14 39
16 19 1
9 13 22
22 1 2
0 3 47
18 22 14
8 11 17
17 20 45
20 23 4
17 21 46
19 23 13
9 13 33
5 6 28
23 2 23
3 7 36
12 16 3
5 8 40
13 16 41
0 4 3
21 1 47
2 5 46
7 11 12
15 19 16
23 2 31
5 7 14
7 11 47
3 6 22
21 23 27
12 15 6
6 8 33
6 9 11
8 11 5
22 1 43
1 5 45
16 18 8
16 19 16
6 10 34
23 4 42
19 23 31
14 16 36
5 10 20
0 2 41
16 19 23
7 12 40
6 10 10
8 11 25
2 4 12
1 4 20
21 23 15
3 6 29
22 1 8
12 14 7
9 11 4
3 7 25
16 18 33
7 10 15
1 4 32
14 14 11
10 15 29
14 17 42
4 7 28
1 4 33
15 17 22
6 7 8
19 22 27
20 23 7
19 21 4
12 15 39
10 13 10
11 12 30
1 4 19
8 11 17
12 16 14
22 0 6
16 18 6
22 2 20
7 10 41
6 10 12
11 15 42
10 14 24
18 21 45
20 22 10
0 3 32
11 12 3
22 1 27
16 20 5
8 11 35
21 23 41
16 20 33
11 13 28
22 1 18
13 16 12
20 0 42
2 5 38
14 18 26
18 21 34
17 20 9
19 22 45
17 20 32
0 5 1
0 2 29
18 21 26
7 8 23
12 14 21
22 1 25
8 11 18
16 19 2
6 8 21
8 10 31
9 13 46
2 5 18
23 0 16
8 10 21
2 5 17
21 23 35
3 5 12
4 9 9
14 17 7
4 7 11
18 19 37
20 23 20
5 8 29
2 5 7
1 5 11
9 11 35
1 5 23
8 11 17
11 13 38
19 22 27
6 9 4
3 8 11
5 10 27
9 11 30
14 18 19
0 5 8
6 9 18
13 16 26
7 9 21
9 12 17
16 17 30
14 15 20
11 16 5
15 17 45
15 18 39
12 17 22
17 19 38
5 7 21
23 2 4
5 9 22
10 14 8
9 12 15
22 1 6
0 3 5
22 0 29
2 5 22
0 4 2
14 19 39
6 8 46
20 22 42
11 14 29
16 19 23
11 12 1
10 14 46
17 19 36
21 1 44
17 20 9
0 3 44
0 3 23
9 13 40
12 15 22
16 19 12
23 3 27
10 14 27
23 3 9
11 15 38
0 3 42
11 13 23
19 22 4
12 16 12
17 19 14
15 18 9
23 4 6
11 16 15
20 20 33
22 0 10
3 6 24
16 18 15
2 7 6
13 15 2
0 3 37
21 0 22
11 15 22
11 15 25
22 0 5
12 15 37
11 14 37
11 14 42
5 7 14
0 3 10
16 18 25
9 10 9
2 5 6
22 1 11
11 14 18
0 2 11
5 8 36
9 11 33
17 20 27
12 15 45
9 13 18
7 11 46
7 10 32
9 13 5
5 8 38
3 5 30
13 16 26
19 22 42
12 16 15
2 3 39
23 2 4
18 21 27
13 16 32
9 12 15
7 11 17
4 6 3
8 10 15
20 1 6
6 10 23
21 1 38
18 22 42
17 20 4
0 4 4
14 17 44
21 1 16
1 3 11
20 23 36
11 13 47
21 1 8
13 16 40
8 9 19
4 6 12
5 10 40
10 11 33
17 20 44
0 3 18
10 14 11
1 4 15
22 4 42
6 8 6
3 6 6
11 16 17
9 14 47
1 2 35
19 22 46
21 1 20
14 16 34
7 9 10
19 23 18
18 22 38
7 10 44
0 3 19
13 16 21
23 1 4
5 7 8
16 19 42
0 3 43
14 16 47
19 0 25
9 11 11
9 11 36
6 8 41
2 6 31
5 7 37
5 8 4
3 6 16
11 16 19
18 21 5
1 3 40
19 22 17
19 21 7
3 6 36
1 6 8
2 4 33
21 23 32
13 17 28
18 21 37
23 2 33
20 23 34
3 7 30
4 7 10
19 21 47
7 9 17
15 17 27
14 16 22
1 4 37
18 20 7
11 18 5
9 11 23
11 15 3
9 11 34
2 4 4
16 20 12
23 3 45
5 7 12
0 3 42
18 22 31
18 23 13
7 10 6
17 19 2
6 9 38
12 15 6
9 11 13
21 23 8
19 21 33
8 11 40
9 12 12
2 6 37
13 15 47
11 15 24
17 18 43
20 23 21
12 14 34
20 22 46
22 1 33
1 4 19
7 9 31
4 8 28
19 22 20
14 17 15
8 12 33
21 1 30
14 17 42
16 20 11
0 2 34
10 12 31
13 16 26
15 17 34
15 18 28
12 15 21
21 23 42
23 3 31
5 7 37
14 16 33
9 13 40
22 1 27
6 9 46
10 14 15
8 12 11
8 10 5
22 2 6
15 18 22
2 5 45
3 5 32
11 14 24
18 21 25
10 14 17
14 16 32
2 5 25
19 20 6
4 7 22
17 20 45
15 18 42
4 7 31
0 3 15
20 1 20
3 7 10
4 8 43
16 20 40
16 20 33
6 9 9
23 2 36
22 0 2
10 14 5
9 12 4
2 5 33
5 9 37
19 23 36
19 21 46
6 10 20
21 0 27
15 18 21
4 6 8
23 1 22
19 23 28
2 5 37
9 10 24
22 2 40
11 15 6
6 8 11
5 6 5
4 8 7
13 17 28
4 8 29
0 3 32
20 0 37
13 15 43
3 6 12
3 5 22
1 4 8
10 14 5
21 0 14
14 18 39
14 16 36
22 1 17
15 19 6
12 17 43
3 6 20
6 8 10
18 20 26
5 9 10
5 9 46
2 5 25
4 6 5
22 1 14
11 14 21
15 18 30
7 10 21
1 3 39
8 12 5
10 14 19
14 16 2
4 8 18
17 20 40
1 5 21
9 13 9
14 17 28
21 0 25
5 5 16
22 1 36
20 23 23
0 2 38
10 13 26
7 10 35
12 13 18
14 16 19
13 13 3
17 21 7
2 5 29
18 22 11
17 21 40
17 22 15
6 8 45
7 11 15
21 0 33
16 20 12
23 4 4
19 0 11
10 13 17
1 4 30
20 22 21
13 16 23
21 22 11
13 17 22
7 9 41
23 3 33
6 7 8
6 8 37
16 19 43
4 7 43
9 11 20
21 0 11
19 22 43
13 14 42
10 13 4
21 22 37
6 8 2
11 14 19
4 7 28
23 2 29
2 5 29
23 2 15
9 14 36
16 21 29
7 10 26
13 16 36
1 4 26
23 2 8
10 11 37
11 14 19
13 16 16
21 0 28
14 17 30
14 17 11
17 21 2
11 13 18
3 7 47
23 1 44
17 19 20
16 18 23
1 3 30
9 12 1
18 23 46
10 15 32
22 0 28
23 0 41
16 19 15
17 19 7
15 19 37
8 12 45
11 14 11
13 16 26
7 8 33
2 6 10
14 17 24
13 16 13
15 17 29
13 19 45
22 2 22
2 6 29
0 3 12
0 4 33
13 15 12
7 10 30
3 7 15
0 3 13
12 15 10
13 17 7
7 11 47
19 21 28
19 22 39
5 8 16
13 14 23
18 21 39
16 18 20
5 8 8
10 13 31
22 0 17
4 7 6
2 4 19
11 12 31
9 12 36
22 1 16
19 23 33
4 7 28
3 5 30
20 22 11
10 13 5
3 5 17
17 21 37
1 4 13
12 17 2
11 15 42
20 23 46
13 15 10
13 15 19
16 20 12
21 0 23
11 14 33
18 21 18
0 2 22
2 5 43
9 12 13
12 15 31
1 4 39
15 19 47
7 11 27
17 19 28
14 16 16
9 13 44
21 1 42
4 8 33
3 6 33
14 16 34
8 12 17
20 1 36
20 21 21
0 4 10
5 6 10
4 8 22
5 8 46
5 8 4
3 6 19
9 12 19
6 8 24
18 21 34
10 12 2
3 5 28
9 13 12
18 23 37
4 6 29
18 21 30
4 7 1
18 21 45
22 2 14
4 7 20
7 11 47
18 22 6
7 9 42
13 17 9
9 12 3
19 0 22
0 2 23
13 16 3
3 4 20
9 12 14
15 20 16
6 9 45
13 16 30
15 17 32
3 5 12
23 1 10
5 7 6
4 7 5
23 2 37
16 19 4
19 20 31
0 2 13
3 6 23
19 22 46
13 16 21
21 23 24
14 18 41
4 7 46
15 18 18
16 18 38
12 14 23
20 23 47
6 9 46
20 23 37
22 0 46
10 12 4
23 0 42
3 6 15
7 12 47
21 0 29
8 11 8
2 5 28
4 7 14
5 8 46
18 21 11
7 10 39
12 14 13
12 14 47
15 17 10
0 3 15
2 6 26
19 21 21
8 11 29
7 10 46
9 11 13
7 10 23
22 0 35
18 20 34
5 7 22
9 12 36
12 15 46
8 10 13
6 11 21
7 9 20
0 2 13
11 15 21
21 1 22
5 8 35
20 23 6
9 14 32
23 3 15
1 4 30
17 21 39
23 3 33
23 2 11
20 2 9
17 20 36
7 10 19
22 1 45
22 0 33
10 10 13
20 21 45
14 18 34
3 5 39
14 17 13
20 22 13
22 1 26
3 6 42
16 19 34
4 7 11
18 22 1
14 18 44
4 6 17
6 8 4
9 12 15
23 2 46
13 14 40
8 10 47
11 13 22
17 21 20
14 17 10
5 10 42
18 22 27
20 0 18
22 0 12
12 15 37
6 10 39
21 1 12
14 16 26
18 20 6
17 21 41
5 7 21
12 15 22
18 21 4
12 15 9
14 18 27
8 11 17
13 17 22
18 21 25
12 14 1
3 7 12
1 4 35
12 15 10
16 19 43
15 15 8
1 4 45
12 16 45
10 14 28
12 14 2
20 22 10
11 13 24
21 2 24
3 6 2
19 22 27
9 12 18
13 17 40
22 23 3
19 21 8
10 13 14
2 6 34
15 16 10
22 0 40
3 5 27
19 20 10
8 11 19
2 5 36
17 21 46
2 5 8
18 22 35
18 22 31
22 1 13
15 17 19
2 8 47
19 21 18
3 8 41
18 21 7
0 4 4
1 4 47
21 0 2
16 19 6
11 13 26
11 14 35
1 4 2
5 8 14
11 14 47
10 14 18
18 20 27
2 4 30
13 17 20
2 5 38
15 17 3
13 16 26
15 19 9
15 18 35
19 20 22
15 18 11
16 20 31
9 13 4
7 10 32
21 1 20
6 9 27
18 22 22
12 16 12
0 3 45
18 21 32
7 10 6
17 19 20
0 3 30
0 2 43
21 1 38
20 0 2
23 2 13
19 23 28
21 0 22
10 13 13
17 17 16
17 18 19
14 18 47
2 5 27
13 16 43
22 2 29
2 5 11
15 19 38
9 10 30
19 22 9
19 20 5
1 5 4
19 22 34
2 7 16
16 20 44
13 16 28
2 3 23
3 6 5
1 5 41
21 23 41
17 20 46
10 13 29
13 16 36
20 23 43
6 10 30
1 4 6
15 18 41
20 0 14
13 15 37
21 1 18
8 11 42
21 22 10
13 16 20
4 6 45
4 5 1
14 18 5
22 1 40
19 23 31
9 10 22
8 11 4
15 19 14
18 21 44
7 10 12
16 19 39
16 18 42
21 23 9
15 19 3
21 23 2
8 11 21
14 18 42
5 9 28
0 3 39
21 0 29
19 21 47
10 14 33
17 20 45
18 22 47
12 16 14
8 9 41
1 4 38
10 13 25
15 19 37
16 19 45
9 11 41
14 15 43
7 8 31
8 9 32
0 5 40
12 16 44
12 16 9
22 0 16
1 5 27
12 14 44
4 7 3
17 19 46
15 19 22
19 23 22
14 16 43
7 11 28
15 17 3
13 16 18
5 9 9
9 12 8
14 18 3
10 14 8
5 7 37
23 0 13
15 19 21
15 19 41
10 13 29
3 4 24
18 21 43
7 11 6
10 11 16
0 2 6
14 15 24
2 5 27
5 9 42
2 5 17
21 2 33
19 22 47
4 8 28
2 6 12
23 1 21
7 11 2
11 14 16
14 18 4
22 0 21
7 10 39
20 0 12
3 6 46
1 5 13
20 23 14
12 14 28
21 2 21
20 22 22
13 18 9
9 12 11
2 5 13
2 4 29
5 8 35
22 2 4
13 15 38
2 5 17
5 10 1
10 13 35
11 15 8
9 13 41
22 0 26
16 17 24
17 21 14
1 2 33
6 9 30
1 4 9
21 22 5
5 9 25
21 1 22
13 16 10
8 10 14
9 12 13
3 5 26
7 9 27
6 9 3
2 4 20
9 13 41
17 20 29
9 14 30
6 9 38
23 3 40
12 14 12
12 15 34
7 11 34
5 8 22
18 20 11
0 3 9
17 20 29
12 13 5
0 5 25
15 18 4
15 19 20
0 4 14
8 10 23
0 3 10
17 20 9
3 6 22
16 18 23
22 2 31
7 10 38
7 9 9
1 3 3
13 18 9
5 7 6
23 3 35
10 13 6
23 3 31
8 10 14
18 21 22
6 8 36
13 17 24
15 18 4
10 13 31
8 11 45
14 19 21
6 9 47
12 14 46
10 12 45
4 7 30
10 12 39
9 13 35
16 19 32
2 6 44
10 13 30
10 13 11
4 7 32
12 17 46
7 10 31
14 17 3
4 6 21
16 19 35
13 17 20
17 19 39
12 14 27
10 13 14
20 0 22
6 8 8
1 3 38
2 5 28
7 11 42
16 20 35
3 7 10
19 21 37
2 6 28
23 1 14
4 8 5
20 23 46
0 5 38
10 15 44
3 5 31
0 4 43
2 6 46
16 20 10
16 18 37
19 23 3
2 6 10
17 22 45
2 4 7
16 18 28
20 23 41
4 7 35
13 15 17
16 18 39
3 7 24
10 12 28
23 3 14
17 18 39
15 16 21
7 11 5
12 15 11
22 2 31
9 12 26
3 7 47
10 13 24
11 13 3
9 12 33
8 13 28
9 13 44
10 14 37
14 17 43
11 12 37
15 18 31
13 15 38
2 4 16
11 14 10
3 8 35
11 13 30
21 0 38
14 17 29
21 1 30
13 16 5
22 0 32
4 8 26
11 14 42
18 22 35
13 17 24
20 0 3
20 23 17
9 12 36
0 3 23
3 6 46
2 5 12
7 10 7
13 17 21
5 8 14
20 22 32
18 21 24
11 13 31
1 5 23
14 18 6
8 11 40
1 4 26
2 6 31
6 9 23
22 2 30
5 8 45
17 21 41
10 13 10
6 9 36
1 5 22
22 1 27
5 8 46
18 22 11
11 14 42
11 13 5
2 5 45
22 2 11
10 15 11
12 15 44
13 16 27
19 22 41
8 10 20
0 3 8
14 16 29
23 3 12
9 13 10
5 8 7
4 6 43
17 19 11
16 20 27
14 15 14
2 4 8
16 17 44
2 6 6
14 18 16
12 15 21
23 1 41
4 8 34
18 20 38
2 3 4
19 22 35
13 16 22
19 21 45
4 8 34
3 8 23
12 16 26
15 17 15
6 10 43
4 9 22
9 12 41
19 21 4
11 14 30
13 15 45
23 3 15
19 22 27
7 10 29
18 23 16
9 11 26
16 20 17
19 22 39
10 12 32
10 14 10
12 14 34
14 16 24
1 5 44
0 4 23
8 11 28
20 22 10
2 7 45
10 13 8
23 2 7
17 22 47
11 11 11
20 0 38
15 17 46
7 11 47
11 13 41
19 22 41
5 8 42
8 11 30
7 9 19
20 23 43
5 7 12
16 18 39
7 10 43
10 13 19
12 16 41
3 6 12
12 18 19
10 13 45
9 11 4
21 0 33
0 4 1
21 23 30
2 7 26
18 21 46
6 9 35
6 9 4
11 13 40
17 20 35
14 19 13
22 1 40
3 6 30
13 16 16
22 1 8
13 16 24
21 21 18
4 8 15
20 23 39
6 7 24
10 14 45
21 1 25
19 21 12
14 16 1
2 4 24
15 15 13
5 8 2
18 20 26
19 22 45
2 5 3
3 7 16
16 19 27
4 7 1
0 2 13
7 10 24
1 4 34
8 11 15
22 2 27
6 11 14
22 2 9
11 16 40
12 15 1
11 15 17
20 0 11
19 23 45
5 8 46
12 14 40
7 10 19
5 8 27
15 16 36
1 2 5
19 23 45
18 22 9
23 1 31
7 10 42
14 18 41
22 1 1
17 20 5
0 3 13
11 16 23
5 8 47
23 2 23
3 6 11
19 21 12
6 8 45
16 18 46
14 16 8
5 7 37
6 11 17
6 10 45
1 5 34
2 4 44
13 17 43
22 1 12
0 3 9
12 16 27
5 9 12
4 7 1
22 1 5
10 14 20
5 6 25
23 1 24
10 13 10
8 11 47
20 23 42
23 1 37
22 2 45
13 16 18
18 21 46
17 20 24
14 16 17
1 5 32
23 5 4
22 2 45
6 9 13
5 8 8
4 8 4
18 20 12
20 22 23
21 23 31
19 23 17
3 6 39
7 11 37
4 7 26
1 4 40
1 5 47
17 19 42
5 7 13
7 10 28
4 6 11
18 21 4
3 6 42
9 13 45
17 21 9
4 8 15
2 5 10
23 1 44
13 15 27
23 3 15
12 16 41
21 21 46
9 11 2
7 10 21
22 2 12
0 2 17
23 3 14
12 14 9
11 13 37
22 2 38
23 1 13
0 3 45
6 10 25
23 2 41
22 1 28
16 19 29
15 17 41
18 22 44
16 20 14
11 14 24
7 10 39
17 18 39
23 2 19
23 2 36
5 9 47
5 7 9
20 22 42
20 0 42
23 2 30
14 16 22
15 18 44
12 17 7
11 16 24
0 2 5
7 10 37
5 7 3
3 7 43
14 18 34
13 16 12
14 16 25
9 11 19
6 10 22
22 1 3
9 11 43
4 7 8
19 22 41
13 14 32
21 1 45
5 8 22
3 7 1
6 10 17
16 18 3
19 0 35
4 7 43
3 6 17
7 12 15
6 8 35
21 23 6
23 2 43
15 20 28
11 13 45
15 20 38
23 3 14
19 22 1
7 11 37
7 10 19
11 13 35
18 22 34
14 18 45
4 6 16
14 16 14
0 4 34
10 13 47
15 19 7
22 1 30
1 6 11
10 13 2
0 0 22
7 10 27
6 10 7
1 6 1
17 20 6
17 20 27
13 17 19
6 9 4
23 2 6
16 19 40
17 20 45
13 16 30
9 12 20
20 23 8
10 12 3
15 17 29
23 2 36
17 18 32
4 7 18
4 8 25
16 19 39
20 23 46
15 17 31
21 0 34
8 11 37
14 18 10
6 10 34
7 11 16
23 3 34
3 7 23
3 7 4
20 22 31
1 3 42
19 21 33
4 7 21
6 9 33
6 10 1
13 17 47
0 3 33
12 16 32
8 11 37
10 14 4
17 21 37
11 15 39
10 12 15
17 22 29
17 21 5
5 9 25
21 0 10
18 22 43
13 16 37
21 23 8
15 18 21
18 20 24
15 19 2
10 13 5
19 23 8
1 3 13
12 14 2
4 6 20
3 5 24
10 14 43
2 3 8
13 17 44
8 10 15
14 18 5
18 20 47
16 19 40
7 10 33
21 1 5
22 0 28
5 8 21
18 22 21
20 21 1
23 2 21
22 0 1
18 22 44
18 21 27
9 11 35
7 11 39
7 11 2
16 18 22
16 18 20
19 22 4
14 16 18
5 9 42
4 9 11
10 12 13
17 21 16
13 16 14
6 8 33
4 7 3
19 21 8
12 16 20
22 0 42
6 7 3
14 17 44
13 16 46
10 13 36
21 1 35
6 8 1
22 2 2
14 17 21
0 3 47
11 13 8
2 5 45
14 19 46
12 14 35
14 18 13
22 1 13
9 12 14
8 12 27
7 11 33
21 22 43
13 16 44
21 0 43
19 22 38
16 19 40
18 20 13
4 6 12
15 18 21
18 20 26
12 15 35
1 5 32
13 16 18
2 6 31
10 14 47
9 11 21
3 8 34
21 1 13
21 1 32
19 22 12
19 21 31
11 14 40
1 3 10
7 11 28
0 4 45
17 20 9
6 8 28
7 9 8
14 16 34
15 19 24
6 8 38
13 15 1
19 20 2
6 7 1
0 1 31
8 10 36
2 6 11
10 13 45
21 0 46
22 23 9
20 23 2
15 19 33
16 19 2
6 9 20
7 9 19
8 12 26
5 8 10
7 8 44
11 14 24
23 2 44
3 5 31
13 17 28
17 20 37
21 0 28
14 17 36
1 5 11
10 13 45
8 11 9
22 2 13
23 3 16
20 22 5
20 23 30
9 14 20
14 17 43
6 10 46
2 5 8
2 6 24
13 16 47
4 6 29
11 13 3
22 0 12
19 22 11
22 1 20
10 13 38
20 22 19
21 0 21
6 10 34
4 8 32
12 14 39
9 10 36
9 12 28
15 19 30
9 13 15
8 10 21
3 6 17
20 22 25
4 8 2
4 7 9
21 1 32
13 15 15
22 1 1
5 9 46
3 7 36
7 11 5
13 16 15
2 5 36
11 17 36
4 6 46
22 3 46
8 12 1
18 21 38
13 16 34
11 13 13
17 20 27
1 3 2
22 1 6
18 20 19
1 5 45
11 11 33
7 11 25
15 18 27
12 17 36
1 5 21
17 20 13
12 16 40
12 13 26
18 21 5
14 16 31
12 14 37
19 22 37
5 10 23
18 21 19
2 5 20
2 5 46
7 10 8
11 13 21
23 1 35
23 1 4
7 9 26
9 12 34
17 22 37
8 12 1
3 6 38
12 17 18
17 21 1
22 1 27
10 15 40
8 9 18
20 23 16
4 7 23
14 16 27
1 5 8
19 21 29
8 12 16
3 8 7
12 16 28
6 9 31
19 0 38
14 16 40
23 0 1
13 16 18
15 17 9
0 2 45
5 8 30
8 11 20
12 16 34
5 8 3
5 7 5
6 9 27
16 19 2
13 16 23
10 15 10
11 16 20
0 2 33
0 3 47
1 5 10
3 5 24
4 7 41
19 21 23
22 0 16
9 11 9
7 11 3
4 7 26
7 10 41
7 9 22
3 7 25
8 10 19
2 6 26
10 13 34
14 17 32
9 10 13
15 20 13
12 14 44
14 16 30
19 23 12
23 3 7
11 16 11
11 14 42
3 8 23
14 17 31
17 20 36
0 3 36
14 18 38
0 1 23
21 1 45
0 3 18
22 1 22
5 7 6
23 2 19
9 12 42
11 16 37
14 17 32
22 1 11
13 16 3
21 23 47
21 22 44
6 8 31
22 1 7
11 13 14
13 16 30
0 4 30
13 17 13
22 1 35
3 8 22
10 13 39
15 20 22
14 18 16
18 21 11
21 2 18
8 12 40
15 18 2
2 6 3
13 16 28
21 0 16
20 23 32
3 7 10
14 16 31
22 0 18
11 14 24
13 16 25
5 5 15
14 18 24
20 23 14
17 19 18
4 7 4
5 8 15
17 21 38
23 1 23
0 3 24
11 14 23
21 0 20
5 8 43
4 7 34
12 14 28
10 13 12
1 4 39
13 16 16
0 3 16
23 2 36
10 13 28
10 13 29
13 16 34
9 14 45
14 18 8
19 22 30
6 10 31
16 18 5
1 3 43
15 17 46
12 13 43
18 20 37
22 23 3
15 19 7
9 12 45
15 19 24
18 22 15
12 16 5
7 13 26
20 22 14
13 17 34
15 18 4
10 12 35
21 23 33
16 20 19
4 8 31
17 21 22
18 22 6
8 11 7
9 13 37
14 18 28
9 13 47
7 11 6
15 18 16
22 0 2
23 2 15
6 10 7
4 5 30
15 18 42
16 19 19
9 11 24
18 21 22
20 22 22
4 6 42
9 14 5
21 1 2
11 14 23
3 8 33
5 8 9
9 11 7
8 11 14
5 6 36
1 5 33
4 7 47
0 6 21
15 18 32
18 20 40
9 13 21
15 19 38
9 12 17
5 7 4
1 4 8
1 5 18
5 9 25
13 16 39
4 7 19
18 23 40
1 4 21
9 11 5
18 22 19
2 5 38
20 23 42
2 5 26
21 23 20
22 1 8
3 8 8
20 0 7
11 13 10
7 10 10
18 21 18
0 2 17
23 2 46
12 17 27
5 8 46
14 18 42
20 23 34
22 2 4
20 22 13
18 20 8
2 5 11
1 4 38
0 3 1
3 7 13
8 12 15
14 17 22
8 13 33
6 7 37
23 2 43
3 6 21
5 9 21
16 19 27
16 19 2
16 20 42
2 5 20
7 10 11
23 1 14
20 21 16
23 2 39
0 1 12
1 3 26
8 11 2
15 19 46
18 21 8
1 4 21
10 13 18
21 1 19
18 21 16
8 10 11
18 21 2
0 2 21
2 5 6
19 22 36
20 22 42
17 20 37
9 13 39
13 16 22
6 8 19
17 18 21
10 12 15
14 16 14
13 16 31
7 9 28
17 20 41
22 1 29
6 10 11
7 11 13
18 21 16
6 10 21
6 9 19
2 7 14
3 6 24
6 9 13
23 0 25
12 17 44
7 10 18
23 3 47
15 19 25
18 21 12
20 22 9
20 0 27
1 4 46
19 22 23
20 23 13
6 9 17
23 2 10
3 5 45
3 5 2
5 7 47
9 13 10
