1000 47
23 13 40 35 30 15 11 13 4 28 25 13 17 27 1 26 33 2 17 31 29 8 30 4 38 14 23 5 14 36 29 23 26 44 25 14 7 37 38 32 46 4 12 26 31 45 21 
18 22 11
21 1 9
21 3 40
15 18 36
10 13 24
20 0 43
13 15 23
14 16 13
22 1 14
9 13 10
20 0 36
20 23 20
11 14 11
14 16 41
1 6 32
23 2 16
3 6 29
10 13 39
4 7 21
8 11 7
12 15 26
4 7 4
2 2 44
0 6 13
7 11 14
11 14 24
21 1 18
0 2 33
10 14 37
13 16 10
6 8 4
10 14 43
1 3 17
18 19 9
7 11 15
10 13 40
8 12 18
22 2 14
18 20 31
6 10 37
16 18 47
2 6 21
3 4 13
12 16 45
13 16 8
2 5 6
19 21 33
14 15 47
23 2 30
16 21 13
13 16 29
10 13 37
6 10 18
4 8 2
4 7 11
18 21 1
23 4 16
9 10 17
15 18 8
15 17 40
7 11 17
3 7 22
0 3 34
2 6 24
10 15 44
20 23 29
11 15 7
17 21 18
18 0 20
3 3 38
22 2 47
17 20 41
14 16 3
4 7 13
4 9 20
17 20 33
12 15 9
15 18 15
14 19 23
6 7 4
19 21 12
13 14 39
11 15 42
9 14 14
7 12 7
4 7 17
17 19 7
23 4 17
3 8 13
11 12 9
11 13 7
2 4 23
1 4 35
7 10 23
18 20 26
10 13 39
3 6 31
18 21 13
20 23 18
21 1 6
20 23 45
23 2 6
21 22 47
3 6 27
19 22 42
14 16 17
15 20 40
3 5 35
20 22 6
11 16 33
7 11 35
5 9 3
2 6 14
23 4 16
15 18 6
15 18 37
5 7 25
1 5 28
13 16 16
15 20 35
1 5 7
21 1 28
22 1 35
0 3 37
10 12 16
3 6 44
10 15 22
4 5 7
20 22 16
23 1 19
12 15 20
0 4 28
11 14 18
4 8 45
23 2 17
14 17 40
22 2 12
21 23 28
17 22 12
12 15 46
7 11 46
1 4 32
23 1 43
8 12 16
0 4 31
9 11 8
20 22 11
10 14 28
16 20 35
7 11 32
14 17 20
13 17 47
1 5 29
3 6 33
5 8 41
12 15 37
9 13 10
17 19 29
1 5 8
17 22 18
12 14 37
5 8 30
9 12 18
15 18 37
0 2 25
2 5 35
12 16 36
22 1 23
12 13 9
23 1 33
17 20 34
10 12 29
23 1 6
19 23 16
0 3 42
19 21 36
7 10 31
0 2 44
7 10 17
22 23 12
13 13 8
19 22 25
9 12 33
20 23 4
4 9 25
22 1 43
3 5 31
8 10 13
12 15 28
2 4 15
3 5 17
13 16 19
23 4 10
3 7 24
0 2 30
10 15 30
1 6 36
9 12 39
17 20 1
23 2 24
20 1 8
17 21 15
2 3 34
2 4 27
10 13 43
22 1 18
1 4 27
4 7 11
19 21 21
14 17 24
16 18 16
15 19 1
21 0 15
11 14 15
8 12 45
4 5 13
13 17 27
11 13 5
0 2 1
5 9 17
12 15 43
14 17 1
2 5 36
18 20 3
6 8 24
6 8 36
7 11 1
11 15 17
19 22 9
16 20 37
20 0 7
5 8 44
6 8 18
7 10 6
4 8 5
15 19 9
19 21 17
2 5 32
6 8 26
16 19 12
21 1 25
14 15 25
4 6 1
1 4 46
2 4 25
3 7 46
18 23 2
11 15 20
6 8 8
2 4 22
18 21 32
3 6 45
3 5 12
1 3 34
5 8 8
2 6 28
21 0 41
19 20 27
18 20 25
23 5 36
3 8 8
1 4 33
21 0 24
20 0 44
1 4 6
23 3 4
11 13 14
7 12 18
8 11 8
11 12 34
23 3 37
8 12 28
3 6 45
17 19 13
9 11 8
6 10 45
11 12 4
11 15 37
17 19 39
2 4 1
21 0 35
11 15 6
23 2 18
22 1 18
11 13 38
10 12 13
1 4 34
14 15 11
1 4 6
22 2 18
7 10 17
19 21 26
5 8 47
15 17 38
18 22 25
1 3 46
13 16 10
22 1 24
6 9 33
1 3 47
19 20 45
5 9 39
16 18 28
9 14 9
14 18 42
21 0 44
4 5 33
11 14 16
16 18 21
23 2 6
15 16 34
15 18 25
2 5 11
0 4 17
19 1 7
0 2 25
14 16 1
15 18 4
5 7 39
5 8 17
20 0 17
23 3 6
4 6 5
4 7 11
8 12 45
3 6 20
17 20 18
12 14 1
4 8 14
11 15 16
3 9 6
20 23 28
4 8 19
21 0 6
6 9 34
17 19 41
1 4 7
3 4 39
10 13 35
3 5 21
19 22 40
6 8 14
5 6 35
1 5 9
18 0 46
10 12 47
3 5 25
2 5 4
13 17 22
19 23 32
8 9 45
13 17 45
5 7 16
20 23 36
6 11 39
16 18 43
3 5 24
17 22 10
20 22 10
13 15 22
8 12 19
3 8 16
6 9 46
11 15 36
9 10 8
10 13 9
21 1 44
7 12 47
7 10 29
3 7 42
9 12 21
5 10 4
2 6 40
12 13 5
21 0 42
8 11 28
19 22 34
20 23 23
19 23 1
0 2 19
21 1 6
6 9 35
22 2 37
4 6 11
0 3 20
18 21 5
2 4 25
4 5 22
10 15 7
13 18 24
22 1 10
15 18 6
10 14 10
8 12 21
8 13 22
3 8 6
5 7 43
15 18 8
23 2 42
0 2 47
6 8 43
14 16 24
14 17 32
3 5 27
1 6 19
20 1 43
17 21 12
16 19 47
16 19 13
12 15 26
0 3 24
0 3 10
6 10 28
7 10 2
13 16 11
13 16 3
6 11 43
19 22 11
22 0 23
6 9 39
17 19 31
1 4 45
5 7 46
12 13 10
19 21 13
14 17 43
4 6 5
3 6 7
19 23 31
10 13 6
6 9 30
13 16 31
9 12 42
17 18 16
7 11 12
2 5 28
14 17 12
1 6 33
21 0 21
18 22 38
10 13 23
7 10 2
16 17 41
0 3 7
12 15 9
1 3 4
1 4 39
6 10 33
7 8 22
10 13 11
0 4 30
5 8 13
12 13 39
5 8 22
1 5 24
11 14 13
6 9 4
13 16 37
10 13 29
21 23 17
12 14 31
1 4 8
18 21 11
12 16 43
11 14 8
1 3 42
2 4 18
0 4 36
22 2 2
18 20 42
12 14 42
7 9 14
18 18 3
8 12 15
11 14 5
9 10 40
15 21 31
15 18 40
15 17 24
16 19 15
9 13 45
16 17 39
2 3 38
3 7 32
21 1 4
3 7 36
17 21 45
10 12 13
0 3 41
23 2 41
12 16 29
20 1 15
3 5 26
10 14 10
15 19 7
14 16 5
10 13 30
14 18 22
3 6 27
11 13 18
10 13 29
4 5 38
11 15 31
20 23 6
14 18 25
23 1 14
15 17 24
14 15 18
22 23 37
5 9 30
23 2 27
22 0 24
12 15 20
0 3 14
2 5 5
0 3 31
2 6 39
9 14 19
20 23 7
17 20 25
12 15 33
12 15 8
19 23 3
6 11 3
3 6 16
13 15 38
16 18 14
7 10 3
22 23 16
10 14 37
6 9 1
21 23 8
13 16 6
11 15 43
0 2 21
18 20 13
21 0 31
4 6 19
10 15 34
5 7 14
10 12 6
6 8 34
15 19 32
20 22 46
20 22 39
12 17 19
23 1 19
15 20 32
1 4 24
19 21 42
6 9 44
5 9 31
16 21 3
21 0 34
5 9 41
13 16 17
22 2 11
0 4 44
11 16 16
2 5 43
3 5 19
11 16 1
21 23 3
0 3 6
16 18 8
14 16 13
0 3 9
7 11 3
20 23 47
9 13 28
12 15 26
13 14 37
21 0 7
4 6 28
3 6 19
0 2 13
18 21 8
23 2 30
5 7 30
11 15 5
11 13 40
1 5 29
10 12 26
10 13 33
0 4 21
0 5 20
11 13 1
6 8 43
14 17 26
5 7 13
15 18 39
7 10 15
3 4 35
12 15 14
4 8 41
4 6 42
7 11 29
20 22 46
8 10 15
21 2 47
11 14 8
1 3 38
23 0 29
3 7 38
11 14 1
5 8 42
23 1 26
15 19 1
0 2 20
6 10 4
7 11 34
18 21 16
10 13 39
1 5 46
15 16 41
4 7 34
6 10 20
23 1 14
20 22 44
3 6 26
23 2 27
10 11 16
2 6 9
1 5 36
23 0 31
0 4 17
5 8 21
7 10 6
9 13 16
17 19 30
20 22 17
7 10 37
5 8 13
4 7 28
16 18 11
20 1 32
18 22 10
5 8 25
20 22 19
12 13 24
16 19 35
23 3 22
0 5 36
3 7 24
23 2 4
6 9 31
7 10 38
2 5 42
15 18 23
3 5 25
9 12 12
20 22 32
13 16 39
8 12 47
9 12 21
16 18 14
9 14 1
4 6 28
12 14 24
9 14 21
10 15 32
2 5 18
1 4 8
16 17 8
15 17 23
1 5 26
22 1 32
15 18 43
14 16 16
15 18 3
11 13 2
5 7 8
12 16 27
22 1 15
1 4 39
15 17 5
15 18 2
2 5 32
14 18 45
11 13 26
14 17 25
19 21 21
17 19 46
13 17 23
21 1 23
17 21 31
9 13 16
6 9 26
16 18 29
19 21 12
2 6 23
0 2 25
9 12 41
8 11 29
7 11 7
6 8 40
13 16 36
5 8 21
2 7 39
3 6 26
2 5 1
10 13 33
13 15 42
5 10 31
19 23 1
13 16 46
18 22 41
0 3 32
8 12 4
3 6 21
9 14 14
2 6 35
2 5 29
8 9 17
23 3 35
10 13 45
2 4 36
4 6 17
14 17 23
14 18 21
22 2 46
15 18 39
16 19 3
22 0 29
23 2 23
21 23 41
19 23 41
15 17 8
19 21 13
1 5 11
5 6 22
9 14 5
4 8 22
10 14 21
17 20 5
20 22 24
10 12 7
10 13 39
6 10 7
2 5 25
0 1 10
8 10 17
21 23 27
4 7 8
7 9 30
7 10 12
13 18 25
17 21 44
19 22 21
22 4 40
11 14 21
7 11 16
3 7 44
6 10 44
5 6 44
3 6 45
8 10 23
16 20 1
1 4 26
7 11 42
4 7 46
19 23 9
22 1 23
16 19 1
19 22 20
11 15 27
23 1 27
3 5 3
16 19 31
6 9 35
21 1 35
16 20 1
10 13 33
8 10 27
21 0 23
7 8 15
12 15 14
17 18 25
6 10 41
8 10 40
2 5 25
18 21 21
11 15 13
14 18 5
23 3 24
19 21 24
2 5 27
21 0 4
5 8 41
4 6 30
9 13 14
23 2 19
20 23 29
2 5 12
1 6 30
6 8 1
2 6 20
18 21 12
9 12 15
21 1 39
6 8 32
18 20 16
4 7 14
2 6 15
8 12 23
18 21 16
1 6 29
5 8 15
7 9 27
17 20 39
23 3 12
13 15 24
22 23 11
11 15 31
7 9 28
1 4 32
22 1 29
2 5 14
4 7 34
22 2 15
22 2 16
14 15 23
5 9 42
4 6 2
12 14 31
19 23 16
7 11 47
10 13 2
3 4 31
17 20 19
15 18 17
11 17 11
18 22 16
16 20 8
18 21 23
19 21 25
18 20 20
15 16 3
19 22 46
17 21 42
18 20 43
7 10 40
9 12 3
9 12 7
17 20 13
10 13 14
12 15 33
12 16 17
15 19 30
6 8 33
7 9 19
12 15 17
15 18 46
23 2 3
22 1 41
5 7 15
20 0 6
8 13 30
14 16 25
0 5 6
6 8 26
10 12 16
4 7 38
2 5 13
16 20 32
15 19 42
15 18 7
22 1 5
9 12 19
1 5 39
17 18 31
13 16 47
8 11 30
5 8 5
10 14 23
11 14 18
17 20 9
18 22 20
18 20 8
9 12 37
18 22 15
17 20 10
16 21 15
3 6 19
0 3 25
2 5 34
5 7 44
23 3 1
14 18 45
4 7 9
0 4 9
20 23 26
19 20 31
21 0 39
15 18 31
22 1 21
13 13 40
14 15 31
19 23 1
21 0 12
2 6 8
3 5 23
3 7 46
5 8 43
17 18 18
23 2 22
6 10 20
2 3 20
10 13 43
16 19 25
4 7 1
15 14 11
14 18 2
22 0 16
5 8 28
23 1 12
7 9 7
12 14 18
8 13 40
16 18 16
13 16 16
7 9 37
1 4 37
2 3 8
20 23 39
12 14 20
17 20 22
12 13 18
7 12 23
20 23 37
1 3 28
20 22 26
5 8 45
12 13 40
15 18 14
16 18 35
9 12 3
21 0 6
15 16 18
22 2 43
5 8 33
12 15 34
11 16 22
15 19 6
6 10 9
14 18 41
18 21 7
23 23 6
14 18 42
21 22 46
19 23 32
8 11 29
0 4 20
1 3 9
12 15 3
18 21 32
7 10 40
5 7 5
5 9 15
5 8 17
2 5 31
11 13 44
8 10 15
10 13 34
13 17 38
20 22 18
3 7 17
16 17 38
15 18 31
1 4 30
4 7 29
7 12 30
14 17 46
15 19 40
19 23 16
6 8 4
3 7 10
21 0 18
23 3 23
5 10 24
20 23 8
5 6 9
2 5 39
3 6 10
2 6 16
7 10 37
7 9 24
19 21 40
23 3 22
20 0 19
4 8 41
8 11 41
1 3 11
10 12 10
21 23 41
16 16 35
5 8 5
10 13 18
3 5 37
12 13 42
