1000 48
30 21 23 7 20 31 21 40 41 45 48 6 1 11 12 25 19 34 30 16 35 16 36 27 43 19 46 6 12 10 15 1 18 25 7 3 48 7 40 19 5 6 16 4 31 16 6 31 
19 23 3
7 10 8
9 12 46
0 2 30
7 8 19
13 18 44
6 10 13
3 5 1
2 7 13
9 13 38
2 5 1
7 10 39
16 20 21
18 21 28
22 3 20
18 22 5
5 10 32
15 17 15
16 20 10
15 18 6
9 11 23
2 7 37
15 18 6
19 22 15
11 14 37
20 23 26
22 23 16
2 6 15
18 21 33
15 17 2
18 20 7
3 4 21
20 23 30
13 15 23
6 10 31
9 12 20
6 11 47
14 18 41
9 10 17
3 6 28
2 5 4
1 4 9
22 23 18
23 2 40
8 10 41
14 16 45
7 11 30
1 4 47
10 13 14
17 21 27
1 3 35
22 2 39
8 11 18
7 10 27
18 21 10
20 2 42
14 18 42
15 18 38
4 6 1
8 11 17
7 10 31
19 23 15
14 17 18
1 5 44
7 12 1
8 12 34
16 20 22
12 15 25
23 3 2
9 12 16
10 13 7
6 11 31
12 15 27
0 5 42
13 17 6
13 16 30
23 2 5
18 21 33
20 22 7
4 8 7
14 17 12
6 9 42
9 13 40
10 15 20
19 21 29
0 5 14
19 23 1
19 22 32
16 20 5
20 22 3
7 11 32
3 5 45
12 16 29
22 0 30
3 6 4
1 5 42
23 3 20
7 8 27
21 0 1
14 18 32
23 2 48
18 22 27
12 16 38
16 19 17
10 14 26
3 6 39
23 3 37
1 5 10
2 5 1
8 10 12
12 16 22
10 13 37
17 20 42
6 9 3
22 1 34
12 15 40
4 6 12
13 15 34
21 23 43
8 11 28
21 0 15
6 8 24
9 11 34
19 22 17
23 2 25
6 8 5
17 20 21
16 19 42
6 8 9
8 11 12
2 4 37
21 0 33
0 4 36
16 20 18
11 14 23
7 10 23
0 2 32
21 23 10
20 21 10
2 5 46
5 9 48
19 21 12
0 3 41
11 15 10
2 3 20
1 4 17
2 6 28
6 10 35
11 15 6
11 14 26
17 18 4
11 14 5
17 21 35
1 4 48
17 21 21
19 21 24
22 1 31
8 11 15
1 3 43
5 8 48
6 9 1
13 16 46
6 9 29
8 10 46
15 16 9
16 20 48
2 5 8
3 4 36
3 4 22
23 2 43
15 18 9
5 8 43
16 19 8
22 1 2
1 3 28
5 9 25
8 12 29
4 7 35
16 18 27
2 3 13
17 20 3
6 10 19
22 2 17
16 21 23
14 17 44
15 17 3
17 21 21
17 20 8
10 14 45
16 19 11
20 0 23
23 1 36
2 5 18
21 0 9
4 7 29
4 8 43
16 19 44
10 14 24
4 6 12
15 17 18
6 10 10
1 3 24
15 18 10
1 2 24
8 11 27
17 20 29
9 11 11
17 21 25
12 15 1
13 17 43
20 22 14
5 9 40
11 15 42
5 8 33
17 21 1
23 3 24
15 18 44
4 7 6
1 4 5
11 14 14
8 11 30
12 14 44
11 13 22
1 2 9
13 14 10
12 15 48
14 15 16
19 22 3
18 21 40
21 22 24
22 1 13
13 16 46
6 9 24
20 22 15
10 12 33
18 21 20
17 19 36
22 1 40
2 5 44
14 17 26
11 14 4
10 13 17
11 15 20
13 15 3
4 6 35
0 3 26
1 3 23
16 19 2
7 10 34
19 22 13
18 21 43
18 22 40
16 19 10
22 23 35
10 13 40
20 21 17
8 12 37
4 9 45
10 14 3
11 14 30
13 17 26
3 6 36
23 2 21
14 19 18
20 23 13
23 3 17
1 4 30
10 14 40
23 1 48
10 13 12
6 12 11
5 8 22
13 16 4
19 23 41
8 13 36
10 13 14
5 8 20
4 8 38
3 6 48
16 19 40
7 10 13
1 4 33
22 1 48
12 14 36
22 2 16
0 2 9
13 16 40
8 12 29
22 0 44
12 15 30
1 3 18
21 23 11
22 0 24
3 8 25
9 12 13
18 20 39
10 13 39
17 22 9
21 1 32
13 16 25
1 4 24
23 3 9
4 6 27
18 22 31
21 23 7
4 8 37
21 1 43
16 19 14
5 7 5
5 6 5
12 16 17
1 4 35
19 21 41
18 19 28
0 3 37
3 7 18
20 1 48
12 14 28
9 13 42
23 1 28
0 4 38
8 12 30
2 4 6
3 7 47
0 2 38
5 8 40
8 9 8
3 6 47
11 15 7
7 10 18
15 19 17
16 19 3
13 15 13
21 0 5
23 0 36
7 10 25
21 1 19
14 17 3
11 14 44
10 12 5
1 6 27
11 14 30
5 9 24
12 15 43
18 20 24
11 13 29
12 13 28
22 2 30
1 4 30
6 9 12
18 22 10
10 12 1
11 12 23
11 14 13
15 18 25
3 6 26
20 23 19
15 20 35
23 1 18
20 23 43
23 2 47
23 3 10
17 20 2
17 21 31
14 17 41
11 15 21
4 5 31
11 15 30
8 11 29
22 0 1
0 1 20
3 6 30
9 14 14
10 13 13
23 2 38
17 19 32
14 18 34
22 1 4
6 11 18
23 2 36
15 19 13
6 9 6
2 5 6
20 23 7
15 19 22
16 18 18
5 8 13
3 6 11
15 19 2
10 14 10
4 8 43
15 19 39
8 10 43
3 6 46
13 17 48
10 14 23
23 0 29
5 8 16
4 6 5
11 15 41
21 0 34
9 12 22
22 2 1
1 4 42
9 14 10
15 19 41
4 9 39
7 8 18
5 8 29
8 11 26
3 6 44
1 5 8
14 17 3
8 11 46
16 20 38
10 12 41
15 18 13
13 15 11
14 16 44
14 17 1
15 18 3
21 1 39
8 11 43
10 13 30
2 5 8
19 21 21
1 4 41
11 14 28
2 4 28
13 16 42
18 20 33
9 12 23
22 3 39
12 13 20
14 18 18
18 21 16
18 23 11
2 6 26
14 18 39
17 20 23
10 13 31
12 17 4
12 15 22
15 19 34
15 17 34
5 8 15
4 6 2
8 11 28
9 11 14
4 8 16
7 9 29
0 1 18
15 17 7
6 8 29
22 3 39
13 16 6
22 3 22
15 16 13
16 19 6
21 23 5
16 20 22
4 8 44
11 15 28
23 0 23
14 18 45
19 21 47
0 4 48
21 1 34
11 12 41
21 0 4
14 17 34
13 18 19
21 22 30
8 11 34
8 10 3
9 13 28
15 18 17
4 5 7
6 9 1
0 3 11
18 21 14
4 7 41
11 14 25
9 13 14
7 9 8
21 2 6
1 5 7
14 17 22
16 20 28
2 4 2
21 0 40
9 13 9
0 3 39
17 22 6
8 13 45
22 1 46
18 22 12
20 0 31
10 13 33
11 13 4
3 5 2
21 2 1
15 18 6
19 21 33
6 8 3
9 13 21
6 9 17
22 1 29
21 23 4
2 5 22
8 11 25
0 2 38
2 4 30
19 23 26
14 17 34
5 8 39
15 18 30
18 20 40
13 17 34
2 5 42
20 23 25
2 2 4
0 2 45
4 8 5
17 21 35
5 9 16
11 13 2
9 14 16
22 0 33
1 2 28
21 1 9
20 23 21
9 11 48
12 13 46
7 9 37
19 21 36
7 11 6
6 10 15
1 3 3
9 12 18
8 12 2
14 16 39
7 10 28
16 17 32
11 15 22
23 0 30
23 2 31
0 3 22
8 10 22
9 13 44
19 20 13
3 7 21
20 23 28
23 4 40
1 5 29
12 14 2
1 4 34
20 23 43
22 23 34
17 19 20
21 0 2
19 23 48
6 9 10
23 4 42
6 11 13
22 1 37
13 17 25
13 14 15
12 15 35
18 21 36
5 9 47
1 4 36
14 16 33
17 17 32
22 1 12
19 0 5
2 3 40
10 12 47
4 7 31
21 1 42
14 16 8
17 20 16
5 6 17
15 19 44
2 6 30
17 21 17
0 3 26
6 10 12
18 22 44
14 20 24
0 4 33
9 12 2
1 5 11
5 8 7
6 7 38
11 14 36
7 10 18
13 16 8
6 11 10
10 13 6
23 0 27
21 2 37
13 16 38
14 18 21
4 9 17
18 21 46
4 6 20
18 20 22
4 7 7
7 10 23
23 3 28
6 10 4
9 11 33
1 5 34
4 8 2
4 7 10
15 19 40
23 2 38
3 5 30
0 1 12
4 7 11
9 12 45
7 10 21
16 18 14
10 13 33
10 13 29
21 0 29
14 16 2
16 18 34
3 5 47
14 15 39
17 21 17
21 0 8
20 0 19
20 22 17
8 12 8
19 23 36
4 8 14
22 3 17
16 19 18
23 2 37
3 6 7
9 13 45
6 9 23
0 2 28
3 5 38
19 22 18
23 3 33
15 16 18
1 4 8
0 3 6
8 10 31
17 19 14
22 0 13
8 9 31
1 4 29
9 10 14
13 17 16
22 1 26
6 10 20
7 9 39
9 11 36
14 17 2
0 4 29
14 16 1
2 5 2
21 1 37
10 14 7
13 16 16
9 12 43
13 17 38
11 13 36
8 10 13
20 23 11
5 8 17
14 17 41
15 18 32
8 10 33
4 6 14
2 5 41
22 1 39
1 2 45
9 12 43
19 22 16
18 23 47
3 7 45
21 0 9
19 23 41
9 13 1
12 15 29
22 1 18
11 15 42
5 9 24
20 22 33
0 2 34
16 21 47
8 11 29
19 23 27
5 9 6
2 4 34
18 20 5
1 5 24
2 4 45
13 15 35
19 21 11
1 4 19
23 2 40
0 5 37
16 19 19
4 7 47
16 18 17
17 19 17
15 18 29
4 6 43
23 3 6
19 0 45
11 14 39
9 14 23
1 5 4
1 4 14
14 16 32
1 4 29
3 5 11
15 18 21
18 21 9
10 14 25
0 1 45
15 19 20
18 22 19
14 18 17
5 8 25
6 10 39
19 21 47
5 7 30
17 19 30
20 23 34
7 10 33
23 23 30
4 6 45
18 22 14
5 8 13
3 5 4
19 21 13
20 0 18
12 16 16
6 8 19
21 23 27
15 18 26
16 20 15
8 12 16
1 4 4
1 5 2
16 20 39
17 20 29
14 18 19
14 18 36
1 3 7
19 21 48
16 18 17
13 17 29
20 22 36
21 0 5
20 22 42
23 2 4
9 14 6
2 5 3
15 17 44
2 6 47
10 15 5
1 4 28
7 10 4
6 9 47
20 0 15
4 8 36
0 5 45
16 21 31
4 8 15
10 12 26
23 2 4
17 19 11
21 23 16
12 14 25
7 9 1
13 17 47
4 7 34
0 3 34
10 13 7
15 18 40
19 23 41
15 20 10
22 2 10
19 21 45
20 23 20
18 20 43
2 6 5
20 23 29
3 5 26
0 3 20
14 17 39
5 8 31
15 19 42
23 1 16
23 1 21
9 13 37
22 2 5
5 9 26
2 6 38
20 22 35
17 19 22
3 6 37
1 5 36
8 12 39
20 0 23
19 22 10
3 5 16
8 10 30
23 2 16
17 20 36
11 14 19
14 16 14
8 12 36
13 16 46
0 5 29
7 12 40
8 11 4
14 17 30
12 17 15
0 2 35
15 19 29
3 4 40
12 16 42
11 14 22
20 22 35
15 18 45
18 22 25
13 14 10
17 21 27
13 16 30
21 2 47
8 10 4
1 5 40
18 21 26
19 23 18
10 14 23
3 4 8
21 0 12
7 9 26
9 10 48
18 21 24
7 9 25
18 20 34
2 4 23
6 7 3
11 13 16
10 14 24
23 2 20
16 18 28
20 0 34
5 8 33
21 1 19
22 22 14
23 2 31
6 10 17
3 6 28
19 22 17
3 6 4
5 8 32
13 15 36
2 7 25
11 13 45
23 1 6
9 11 10
11 13 33
23 0 3
23 2 13
3 5 6
19 23 42
0 3 8
23 2 10
9 11 28
16 19 22
5 7 32
0 4 32
18 20 42
13 16 44
21 0 34
22 2 10
13 15 20
11 14 30
6 8 45
3 6 21
10 13 40
20 22 45
10 10 36
7 10 32
21 23 2
16 17 42
19 20 17
1 6 6
17 20 37
3 5 38
2 5 13
14 19 40
2 6 43
12 15 16
22 3 4
16 17 42
11 14 47
20 22 13
22 0 9
15 18 45
22 1 31
14 18 6
18 19 14
3 4 37
6 9 1
10 11 32
16 20 39
14 18 23
9 11 14
2 4 13
23 3 41
23 1 18
9 11 34
17 18 2
11 12 43
11 15 23
17 22 10
6 8 43
20 20 17
20 1 16
18 21 35
2 3 31
6 9 7
5 8 27
1 7 27
7 12 41
18 20 39
12 15 14
9 12 34
17 21 27
11 14 33
6 9 25
1 2 42
5 8 42
17 19 30
3 7 9
22 2 25
2 4 8
10 13 6
13 16 28
3 5 35
15 17 45
4 6 11
5 8 3
8 13 22
21 0 2
12 15 32
5 10 11
6 9 44
19 0 19
11 15 26
17 20 19
18 21 12
10 13 41
19 23 30
23 2 25
8 10 44
11 15 44
9 13 26
11 13 32
17 21 35
12 16 12
16 19 7
0 5 9
12 15 7
10 14 36
4 7 5
5 8 37
4 7 47
22 2 37
23 1 8
23 2 43
2 5 25
16 19 28
16 19 23
17 19 42
12 15 28
14 17 6
9 12 3
10 14 42
7 11 2
17 21 6
7 11 35
17 19 10
23 4 32
6 10 27
18 19 13
15 19 15
13 16 44
