7000 49
40 2 2 38 13 11 48 25 39 40 27 40 34 46 6 40 22 22 1 45 49 48 15 6 13 36 5 25 39 36 26 25 5 41 30 20 32 19 21 14 43 28 41 37 6 45 38 48 41 
12 14 39
10 13 1
20 0 39
13 16 30
20 22 30
10 12 29
6 8 32
23 2 25
6 9 3
18 20 10
23 2 40
6 9 37
13 16 8
23 2 16
4 8 4
2 4 6
21 0 47
8 10 3
0 2 4
15 17 29
0 2 6
5 7 27
20 0 18
19 21 34
7 11 35
0 2 9
7 8 4
12 17 18
2 5 49
18 19 44
10 14 46
2 5 10
10 13 27
13 17 31
18 22 6
13 16 5
22 1 33
4 7 40
15 17 23
5 8 42
8 12 33
7 10 37
5 9 14
0 3 38
11 15 41
3 5 12
3 7 21
7 10 31
14 18 16
15 18 22
7 11 26
10 12 19
4 7 15
8 11 17
4 6 47
20 22 13
16 18 26
7 10 32
18 20 39
22 1 27
1 4 6
19 22 32
17 19 29
7 10 11
21 2 37
22 1 1
1 4 25
18 21 42
23 2 29
6 9 28
6 8 3
1 6 8
23 2 12
7 9 41
3 5 21
23 1 43
17 20 37
7 10 4
2 5 41
12 17 24
0 4 34
1 5 11
6 8 11
6 9 46
3 7 45
17 20 47
11 13 40
3 4 31
16 19 11
4 8 46
3 5 20
16 19 33
18 22 16
0 3 27
23 4 1
4 6 15
0 3 44
5 8 34
7 9 21
5 8 26
18 22 21
18 21 44
8 12 10
11 14 14
7 11 49
9 12 11
10 15 13
13 15 6
20 23 17
20 22 42
18 20 12
0 1 12
2 4 43
11 14 16
3 7 9
2 6 13
20 23 14
17 19 11
4 7 13
22 2 44
2 3 20
4 6 34
17 20 8
1 3 29
1 5 6
22 1 22
4 7 16
16 19 16
20 23 34
5 8 1
15 17 31
20 1 17
8 10 9
20 21 41
13 15 9
18 21 16
13 14 31
5 7 35
23 3 18
16 19 38
15 17 23
17 22 39
18 22 5
12 14 23
6 9 26
7 10 42
14 14 18
11 12 24
20 22 24
21 0 29
5 10 40
23 0 24
1 5 41
2 4 2
18 21 17
19 21 42
1 5 34
7 10 47
7 11 45
1 5 12
2 6 7
23 3 3
9 12 38
12 16 16
13 17 49
18 20 47
5 7 13
19 22 20
18 22 38
9 12 22
20 23 33
9 13 1
21 1 33
18 21 12
4 7 30
5 8 41
12 14 11
19 23 16
21 0 7
12 15 29
15 18 4
9 13 15
6 10 47
21 23 37
20 23 9
17 19 12
17 21 26
6 9 35
12 15 35
4 5 48
2 6 25
8 12 14
8 11 46
10 12 39
18 20 29
11 13 16
2 5 15
8 12 16
6 10 39
10 14 18
4 8 2
18 21 34
22 0 24
17 23 48
6 6 17
7 10 36
5 7 35
9 11 11
23 2 11
6 9 26
2 4 31
18 20 43
0 2 15
3 7 30
3 7 11
9 14 46
21 23 36
15 17 15
5 7 21
4 7 14
21 0 39
3 4 46
1 5 16
0 3 13
7 12 14
18 21 9
20 23 5
19 0 11
14 17 39
0 1 39
11 15 22
12 14 30
22 2 20
22 0 28
8 10 22
10 14 23
21 23 13
16 19 12
4 6 40
12 13 45
7 10 4
22 1 5
18 20 37
0 3 42
12 14 9
10 13 8
14 17 41
8 10 37
2 4 48
11 14 35
16 19 6
14 18 40
20 22 8
10 13 31
14 17 10
20 23 11
21 1 4
14 18 27
14 16 11
4 8 20
13 17 13
21 0 35
4 7 28
3 7 19
12 14 41
17 19 12
3 5 28
22 1 49
1 4 20
6 8 1
0 2 7
18 21 26
19 21 2
11 15 10
11 14 45
13 16 9
11 13 16
17 19 39
22 1 21
19 21 27
9 13 8
0 4 39
1 4 35
17 19 21
1 3 9
14 18 40
23 2 43
0 3 44
17 21 36
2 7 8
11 15 4
20 22 16
2 5 2
16 18 47
11 14 17
1 3 8
20 23 20
5 8 39
7 8 49
13 17 18
7 11 18
6 8 9
1 6 28
14 17 33
7 8 1
12 16 12
0 4 9
2 5 15
13 16 22
19 23 21
7 10 27
0 3 2
21 0 34
10 13 23
0 4 27
21 2 30
16 20 46
20 0 23
14 16 47
21 0 19
18 21 15
15 18 46
11 16 21
7 10 1
19 23 49
18 22 35
8 11 40
15 17 48
10 15 40
7 9 37
15 18 11
17 20 40
1 2 37
19 21 49
5 9 23
23 3 16
20 23 24
7 9 7
15 16 27
10 14 16
20 22 47
0 3 9
13 17 15
22 1 10
20 23 44
17 18 44
17 19 39
7 10 32
3 4 6
7 10 16
21 0 46
13 16 34
15 18 43
6 8 43
12 16 32
14 15 20
16 19 1
22 0 36
11 12 24
18 23 37
1 4 43
11 13 49
22 0 14
5 6 14
21 22 41
20 22 49
23 3 48
13 17 24
18 20 17
4 6 23
12 15 14
0 3 26
7 8 34
15 15 40
6 8 20
9 13 45
7 10 35
8 11 28
10 15 4
17 19 32
8 11 32
20 23 31
18 23 23
21 1 16
0 3 31
17 20 30
6 8 35
1 6 12
23 1 1
10 13 1
17 21 27
23 2 12
8 12 1
20 0 37
12 14 26
8 11 39
8 12 39
8 11 41
10 12 1
15 18 40
20 22 37
4 9 35
18 20 28
1 4 20
14 17 22
4 9 44
8 12 44
10 11 38
22 1 3
22 0 44
0 3 5
6 8 27
10 13 3
19 22 27
11 14 18
9 12 30
9 12 43
6 10 19
5 8 8
4 6 13
13 17 17
15 18 4
15 16 16
20 21 22
4 7 23
20 23 18
1 3 12
20 23 13
20 21 35
2 6 45
16 20 8
16 20 45
19 22 28
1 5 48
23 2 16
13 16 14
20 0 35
22 3 35
16 20 39
7 10 37
20 23 45
4 5 7
15 19 29
6 8 6
8 11 42
18 21 17
8 10 49
17 20 27
21 0 12
17 18 32
7 12 32
15 19 16
11 13 3
2 4 49
20 23 6
9 13 29
19 21 30
22 23 47
18 21 46
9 13 35
14 17 42
1 4 21
23 1 24
14 18 35
10 13 24
6 8 18
10 13 35
3 5 1
16 19 32
22 23 16
2 5 43
15 19 11
1 4 18
8 11 3
1 4 6
14 16 4
15 21 48
16 19 37
3 5 7
5 8 18
13 17 5
20 23 2
20 0 13
9 12 9
8 11 20
5 7 24
2 3 41
19 23 2
10 13 23
19 21 28
7 11 23
21 0 39
0 4 42
15 16 8
14 17 44
6 8 18
16 20 35
12 15 38
6 9 43
22 0 16
10 14 22
10 12 48
23 2 20
8 11 26
16 20 5
22 0 5
0 3 46
5 7 11
19 21 4
7 9 42
4 8 46
10 13 14
20 23 27
9 14 13
17 20 37
3 5 18
2 4 1
20 22 42
11 14 18
4 7 40
22 23 2
12 15 22
22 23 15
14 16 43
11 12 47
1 3 36
9 13 8
13 15 14
6 8 40
12 17 12
23 4 23
6 7 49
12 15 20
7 10 34
0 3 25
15 17 46
17 21 48
18 22 35
0 1 8
12 15 35
13 16 8
19 22 28
22 2 45
6 11 31
0 4 41
5 9 44
8 12 39
21 0 17
1 5 37
10 10 3
6 10 37
6 10 18
12 14 42
11 14 34
12 16 35
13 17 20
20 22 4
2 7 12
1 3 27
0 5 34
13 17 13
1 4 16
0 2 11
0 2 12
16 19 42
12 16 5
20 0 2
11 15 38
18 21 3
11 11 4
23 3 11
7 11 33
0 4 31
12 14 9
0 2 9
0 4 38
7 12 27
10 12 5
16 19 8
4 6 21
10 12 39
2 4 6
10 13 12
18 19 32
21 1 6
11 14 34
12 14 42
19 23 25
6 10 9
7 11 21
11 14 41
9 13 16
20 1 11
2 4 25
22 2 41
22 0 6
9 10 27
1 5 15
13 17 20
21 1 14
6 9 9
10 12 7
8 12 10
10 12 40
12 13 20
3 7 20
20 22 32
14 16 42
15 19 36
19 19 38
1 2 3
10 13 42
3 5 49
15 19 25
4 8 19
16 19 11
17 20 9
17 20 23
13 18 33
2 5 21
12 16 49
7 10 18
2 4 21
4 8 14
0 4 31
7 11 34
18 20 14
22 1 10
9 14 36
5 8 21
10 11 14
3 6 13
8 12 45
11 14 29
13 15 24
16 19 34
1 4 25
21 23 44
3 6 27
4 7 23
8 12 18
8 11 14
6 6 7
19 23 15
8 11 15
20 23 27
8 10 28
6 9 27
19 23 13
2 5 17
20 23 18
1 5 44
11 14 26
0 2 49
20 22 19
10 14 7
22 2 13
22 3 26
7 9 20
0 3 35
8 11 28
6 9 1
0 3 34
5 7 17
20 22 17
1 4 8
11 14 9
3 7 20
18 21 8
18 20 47
23 4 5
19 22 17
4 7 17
4 7 12
1 4 32
17 20 27
5 9 26
13 16 26
13 15 48
1 5 34
6 10 3
12 15 5
16 18 45
17 21 37
1 5 21
1 5 42
5 8 6
14 18 48
2 4 18
1 4 47
15 18 46
14 17 32
4 8 43
5 9 40
19 0 32
12 15 28
20 23 18
23 2 11
14 17 49
16 20 20
14 18 43
4 7 23
2 5 40
16 19 30
21 2 30
13 16 48
2 6 19
3 7 49
13 15 2
7 10 8
17 20 44
14 17 20
21 0 2
20 23 40
12 16 33
2 5 18
21 23 5
20 0 19
4 8 26
13 16 32
3 5 6
7 11 42
12 14 12
9 11 34
20 22 36
7 11 30
7 11 48
4 6 16
13 15 33
22 0 38
5 9 12
3 9 27
10 15 4
0 2 10
19 22 35
1 5 29
7 10 5
6 11 40
11 16 33
13 16 36
10 13 36
13 15 23
20 22 39
10 13 24
20 2 19
20 0 45
3 6 31
17 21 41
9 14 24
7 10 44
22 23 45
8 11 10
23 0 43
17 20 32
10 13 11
11 13 27
10 13 44
19 21 23
16 19 45
7 8 12
2 6 22
19 21 1
14 15 15
8 12 2
19 22 34
7 10 11
0 3 24
11 15 35
18 20 10
9 12 49
11 13 25
6 7 4
10 13 7
21 1 17
4 8 31
21 1 40
6 9 37
4 8 41
20 0 5
18 21 25
11 13 40
19 23 1
15 16 14
6 9 30
12 14 28
20 1 3
2 4 1
5 9 8
21 0 21
3 4 23
15 18 29
17 23 10
1 5 44
15 17 46
11 14 47
14 17 30
7 10 9
9 11 15
4 5 47
22 2 27
4 7 8
3 7 37
4 6 4
6 9 36
6 9 11
16 17 36
15 20 25
15 18 45
14 18 33
23 3 38
5 8 1
10 12 26
18 22 37
8 11 38
1 4 27
2 5 20
14 16 43
14 18 30
20 23 24
19 21 21
12 15 11
2 5 31
20 22 43
8 11 6
19 22 33
6 9 24
10 13 7
3 4 37
21 0 30
18 21 14
6 10 40
0 4 8
3 7 39
11 13 14
22 2 30
19 21 11
1 3 29
19 23 25
12 15 2
14 16 9
14 18 17
23 1 33
3 6 37
7 10 30
21 0 41
14 17 47
11 16 30
9 14 7
20 20 17
22 1 22
13 14 11
1 4 5
5 8 10
21 2 14
10 13 36
3 5 17
23 4 35
2 3 6
10 11 43
22 1 14
1 3 21
20 23 11
19 21 9
10 13 9
23 3 16
16 19 22
6 10 44
20 22 43
17 20 10
9 10 47
0 3 7
1 4 35
13 14 21
8 11 45
6 10 42
23 2 49
5 9 42
14 18 37
15 17 43
10 12 43
13 15 42
3 5 11
23 0 21
1 4 11
14 17 20
8 12 4
10 13 11
20 0 34
13 16 7
19 21 17
13 17 30
23 0 13
12 16 36
7 8 19
23 2 2
20 0 31
0 2 4
7 10 46
2 6 45
15 18 39
17 21 24
10 13 24
10 13 26
0 4 38
15 18 33
3 8 25
15 18 27
3 5 42
9 10 25
6 10 40
10 13 11
6 8 38
23 1 19
3 6 3
12 14 13
2 6 18
2 3 27
22 1 20
14 17 21
21 23 30
7 10 21
16 18 29
6 9 6
15 19 3
5 8 45
19 21 31
13 15 26
6 9 1
14 18 34
20 23 31
3 4 42
12 16 29
6 10 47
20 0 15
11 13 28
3 5 35
0 3 30
19 21 33
8 11 38
18 22 9
19 22 6
5 9 28
4 7 45
11 14 42
21 0 18
14 16 16
20 23 13
2 5 37
15 18 8
8 12 22
9 11 36
16 20 6
18 22 8
15 18 21
14 17 40
9 12 18
0 3 6
22 3 26
7 10 13
11 16 41
2 6 40
5 8 24
11 13 25
23 4 20
12 15 2
21 0 34
7 11 31
19 22 22
9 13 49
20 22 43
7 10 42
9 12 42
21 1 48
23 3 16
15 18 26
23 2 27
6 9 6
8 11 30
15 17 14
2 6 38
19 22 23
7 10 28
3 8 16
21 2 25
21 1 13
10 13 41
10 13 42
6 9 17
8 10 23
12 15 35
7 10 11
17 20 28
0 2 26
23 2 14
1 2 25
14 19 48
19 22 37
12 14 40
2 5 30
18 18 42
1 4 16
11 14 32
18 0 16
15 19 3
4 5 26
23 3 41
8 10 37
23 1 10
23 3 47
6 9 3
8 10 46
15 19 44
7 10 39
13 16 18
0 4 27
1 4 3
18 21 47
18 22 46
3 5 37
12 15 30
5 8 37
19 22 20
22 3 45
9 12 39
21 1 38
23 2 31
11 15 48
22 0 43
5 7 42
21 1 37
7 10 27
20 23 21
23 4 2
22 1 8
22 2 4
5 7 36
21 1 12
3 7 30
22 23 25
3 8 8
22 1 13
18 18 40
20 23 12
9 12 12
0 1 22
5 10 6
10 12 19
6 10 35
13 17 3
6 10 49
11 16 17
14 16 46
3 4 12
1 4 27
6 11 20
23 2 27
4 6 38
16 18 34
9 14 34
8 12 38
6 10 37
17 20 30
18 20 5
9 13 17
2 5 3
0 4 20
21 1 47
4 7 2
13 14 13
17 19 2
1 5 40
16 20 4
0 4 29
17 20 10
13 15 47
6 8 44
6 8 21
16 19 16
1 4 17
4 7 13
12 13 3
22 0 14
12 15 33
12 15 24
14 15 47
0 2 37
10 14 37
7 10 26
9 13 16
19 23 41
3 7 19
10 12 47
23 2 7
11 15 11
1 5 39
5 8 32
21 1 33
11 13 34
13 13 48
7 9 4
6 8 19
5 7 42
19 21 48
7 9 37
2 5 43
18 21 9
8 11 13
16 18 2
22 0 14
5 7 12
12 17 26
11 14 32
19 21 8
2 6 9
5 8 14
8 11 41
14 17 27
9 12 27
6 8 13
7 11 1
11 14 9
20 0 18
0 2 20
5 7 27
18 23 12
15 18 10
2 4 3
1 2 14
17 20 44
6 9 7
23 5 3
11 15 45
2 5 28
18 21 31
20 23 26
11 14 8
6 9 47
21 1 23
18 20 35
15 17 12
15 18 3
16 19 35
4 6 13
0 3 33
10 12 24
6 10 37
3 5 29
5 9 1
16 18 6
22 1 9
3 5 22
12 16 42
17 19 9
17 20 31
19 23 25
20 23 26
20 23 9
23 2 26
1 5 45
15 16 10
12 14 20
8 11 38
22 23 41
2 5 8
9 12 5
19 23 43
19 22 22
0 2 15
21 1 36
2 4 7
1 3 48
15 20 47
10 11 6
20 21 46
18 20 16
14 16 18
1 3 32
8 11 24
1 4 12
7 12 37
21 0 8
15 19 19
9 13 10
23 2 5
15 18 43
0 2 24
13 16 25
21 0 41
7 11 13
8 11 1
7 10 31
20 22 26
18 20 48
1 4 19
17 21 44
14 18 48
13 16 7
1 3 36
10 13 4
9 11 27
7 10 9
16 20 21
19 21 15
10 14 7
2 5 32
19 21 10
5 10 7
14 16 48
8 9 47
16 18 8
18 21 47
18 20 34
0 4 44
5 8 29
20 22 15
12 15 41
18 20 20
9 12 9
20 22 25
15 17 27
15 20 18
22 1 47
3 8 16
4 10 38
14 16 33
12 15 43
4 7 45
0 3 25
8 11 48
23 1 27
6 8 41
4 8 9
18 22 34
11 14 47
12 15 1
2 6 46
1 3 45
14 17 6
3 5 2
10 14 20
14 17 24
4 7 29
2 5 5
3 6 47
21 22 29
3 6 49
3 6 19
18 21 31
11 13 9
1 3 8
16 19 42
19 20 4
18 21 28
16 19 22
10 13 16
9 13 31
22 1 24
4 7 3
5 7 32
19 22 7
10 13 1
11 14 47
13 16 46
16 19 14
10 11 23
11 15 9
15 18 31
10 13 37
21 0 39
5 9 35
1 4 48
14 16 36
8 12 5
11 12 6
4 8 30
15 19 10
16 18 26
11 14 1
1 3 2
11 16 38
14 18 20
3 4 31
8 11 24
21 23 12
20 23 10
20 22 10
19 21 17
11 14 39
15 19 49
2 4 42
17 20 11
21 23 25
23 1 11
13 18 2
14 19 11
23 3 3
16 20 1
6 10 34
10 13 1
5 9 6
23 3 13
23 2 3
21 0 22
0 3 17
14 15 41
18 23 11
5 8 47
14 17 14
19 22 21
1 3 37
15 19 8
5 8 39
14 17 32
5 8 34
22 1 16
6 10 12
19 22 8
17 21 35
18 23 13
22 0 18
22 1 40
9 10 34
18 21 44
4 6 48
22 2 2
21 23 24
13 16 45
5 7 29
5 7 35
6 8 19
0 4 32
21 0 2
19 21 28
4 6 29
16 18 40
20 22 26
19 21 30
22 1 3
22 2 13
23 4 3
7 8 47
4 7 6
5 9 46
18 17 41
19 22 11
14 16 10
21 23 36
15 17 33
1 4 17
5 8 40
18 22 9
20 23 8
18 22 48
7 9 48
2 5 33
10 13 31
3 7 10
9 13 10
5 10 5
22 2 27
2 4 35
20 23 47
1 5 3
22 23 22
12 16 47
17 19 20
5 9 26
8 10 6
6 10 1
4 9 10
2 6 13
2 7 37
13 16 2
6 8 17
18 20 23
0 3 38
14 17 34
20 23 45
1 3 40
13 16 10
14 17 6
9 14 42
22 0 13
15 19 26
16 19 44
23 0 35
0 3 20
11 14 30
18 21 26
7 10 39
2 5 12
19 21 35
14 15 41
22 0 43
15 19 40
2 4 29
2 4 13
5 9 29
8 13 18
0 1 4
16 19 17
12 15 39
22 1 21
17 20 26
8 11 32
15 18 28
23 1 28
17 21 6
6 9 17
3 5 7
22 1 31
15 18 22
4 6 27
9 11 16
22 23 15
14 16 11
7 10 11
6 9 14
13 16 27
0 1 1
3 7 18
9 13 16
15 19 12
15 19 6
20 23 1
5 8 14
0 4 15
8 12 30
16 20 5
3 5 49
17 19 41
9 13 23
3 4 10
18 22 21
4 7 2
13 15 29
3 7 45
4 6 19
5 8 10
9 13 4
7 10 14
10 13 26
13 17 12
15 19 6
19 20 9
13 17 25
1 4 39
8 11 47
2 5 38
8 12 19
3 6 22
3 8 3
6 11 7
2 6 20
23 3 2
23 3 42
10 12 5
21 0 40
4 8 10
19 22 14
0 3 23
6 9 26
16 18 21
13 17 34
14 18 8
2 6 47
22 2 38
1 4 46
16 20 21
2 2 44
1 5 37
6 10 14
2 8 6
12 15 42
23 4 3
8 11 39
9 14 25
20 23 23
23 1 9
22 1 11
5 8 43
9 13 19
23 2 30
20 1 32
12 14 33
15 18 36
3 7 28
7 9 48
10 13 18
15 18 42
22 3 1
23 4 15
2 5 14
22 0 35
1 4 13
11 13 32
12 15 34
1 5 25
17 19 1
6 10 12
1 3 3
7 10 43
11 13 45
1 3 10
1 6 35
9 11 37
14 17 3
7 10 14
7 12 34
7 9 12
0 4 16
20 23 7
10 15 49
15 18 47
0 3 16
19 22 25
20 22 39
21 23 36
15 16 35
6 6 48
6 10 7
13 16 14
19 23 27
18 21 47
22 2 36
23 1 24
17 20 38
1 3 28
8 12 23
0 4 46
18 22 5
0 3 19
22 2 30
22 1 9
1 4 28
11 16 13
18 21 3
11 14 46
11 14 43
19 23 46
3 5 36
23 2 46
21 0 14
19 22 10
8 12 4
4 7 4
23 1 17
0 3 15
15 17 17
12 15 3
6 9 16
6 11 29
16 21 16
0 5 37
18 21 7
18 23 36
6 8 37
10 14 31
16 19 37
17 19 31
7 10 10
9 11 31
13 17 43
14 16 33
13 16 12
4 8 35
9 12 40
2 4 19
23 2 1
22 0 5
2 4 30
22 1 7
22 2 20
9 11 46
1 4 45
6 9 20
20 0 43
14 17 39
20 0 43
4 6 9
23 2 43
10 15 14
13 18 37
10 15 34
13 16 6
16 20 47
10 14 35
9 12 4
5 7 1
5 8 15
1 4 49
2 4 9
11 14 2
1 4 13
15 18 49
20 23 19
14 17 23
10 13 29
10 13 47
17 20 48
9 10 3
2 6 20
6 9 5
18 21 31
7 9 43
19 23 46
3 6 6
16 17 27
10 12 43
20 21 47
17 18 22
3 7 39
10 14 39
10 13 23
0 1 25
8 12 34
9 12 23
18 20 6
16 20 46
11 16 47
5 9 43
14 18 36
23 3 39
19 22 35
18 21 41
17 20 16
15 18 6
0 2 44
21 1 35
9 11 23
19 22 17
14 14 17
18 18 25
22 0 19
9 12 26
4 7 3
13 15 43
3 8 47
4 8 45
1 6 36
3 7 31
6 7 30
17 22 28
15 17 42
17 18 18
9 13 26
12 14 45
20 22 36
1 5 20
20 0 49
18 21 23
6 8 45
6 11 34
23 3 44
17 21 36
22 1 14
1 3 13
10 14 7
19 21 22
12 15 10
23 2 2
1 4 43
8 14 18
14 18 49
16 17 18
14 16 14
23 4 18
7 11 27
17 21 26
20 0 13
16 19 36
16 20 25
12 15 11
12 14 45
0 3 22
4 7 25
16 18 19
22 1 47
2 5 40
9 11 47
20 23 22
12 16 19
13 15 18
1 5 3
1 3 28
15 18 36
12 16 24
17 19 29
23 1 4
15 19 41
18 21 21
22 1 36
23 2 12
3 5 40
20 22 13
9 13 34
16 18 20
8 9 34
18 19 12
6 8 1
22 2 41
20 23 46
2 6 38
10 14 22
9 11 41
16 18 10
10 13 24
2 6 13
13 16 7
12 16 15
7 10 11
3 4 13
4 9 48
16 19 37
11 14 11
16 20 33
20 22 25
21 0 47
15 19 46
4 7 44
23 3 49
10 13 38
0 4 20
17 20 45
4 7 2
8 11 43
6 8 15
19 23 2
0 3 14
4 8 38
14 17 39
5 8 32
7 10 10
19 22 45
8 9 43
3 5 34
0 3 21
23 2 39
2 6 33
13 16 33
11 16 7
0 4 5
9 12 45
9 13 16
22 1 9
15 16 11
2 4 12
23 3 26
4 6 6
7 10 43
9 10 34
14 17 5
1 6 49
19 21 29
9 14 16
20 0 26
11 13 27
4 8 44
0 4 30
20 0 17
7 9 8
9 12 3
14 17 21
22 1 41
10 12 45
7 9 10
22 2 25
2 4 48
15 17 21
6 10 48
10 14 9
5 9 41
19 20 45
3 6 7
19 21 24
15 19 4
2 4 38
7 9 41
22 2 27
22 23 23
0 2 24
15 18 30
1 4 48
23 1 24
2 6 11
11 14 16
10 13 27
14 18 12
21 0 27
16 21 21
23 2 7
13 19 14
3 6 5
10 13 3
17 19 39
21 1 3
7 10 7
11 14 13
1 6 44
19 21 12
18 19 14
5 8 14
3 4 16
18 19 23
2 5 37
9 13 29
12 15 15
14 18 11
14 17 15
1 5 34
2 4 34
22 2 20
2 5 44
10 12 28
2 4 5
12 14 36
14 16 37
19 20 6
2 4 32
1 4 10
2 5 1
0 4 48
13 15 35
10 14 6
20 0 14
10 12 47
0 3 25
1 3 3
20 0 12
20 23 9
4 9 8
0 5 9
13 16 42
0 3 42
22 23 46
8 13 12
15 18 40
11 15 13
9 13 35
10 14 34
17 20 41
22 2 8
18 21 43
0 4 10
10 14 37
14 18 48
11 14 32
0 3 10
3 6 44
15 19 34
4 7 9
20 1 37
19 22 46
15 20 47
11 15 19
14 17 39
19 23 18
4 6 13
7 10 34
5 8 25
3 7 22
2 5 6
6 9 45
6 10 27
10 13 28
13 16 11
0 3 29
20 0 34
2 5 11
19 23 16
3 5 45
20 23 12
10 14 17
19 0 15
10 13 26
15 18 23
7 11 2
8 11 5
4 8 5
18 21 38
7 10 3
2 5 10
0 4 48
12 15 7
2 5 16
16 20 1
12 17 16
13 17 27
9 12 33
4 7 29
5 8 46
23 2 14
12 17 19
12 14 28
20 23 32
7 10 47
0 5 36
7 10 43
0 1 7
13 16 39
5 8 16
13 16 18
23 1 16
8 10 42
1 4 4
14 17 47
4 7 47
4 7 6
12 15 16
22 2 6
14 18 36
14 19 47
4 6 48
11 14 7
19 22 11
12 17 1
6 9 37
1 6 10
3 7 41
21 22 36
12 14 46
20 0 44
14 18 3
16 19 25
11 13 48
3 6 43
17 20 7
17 22 45
17 20 38
10 14 37
9 13 34
15 18 28
6 10 13
15 17 35
11 15 39
21 0 5
22 2 19
11 14 24
12 16 45
20 0 46
0 2 20
17 19 43
22 23 13
1 3 17
8 9 27
6 10 37
1 3 33
0 3 2
7 10 11
23 3 32
13 16 8
19 22 14
3 7 16
18 21 17
8 10 2
6 8 2
13 19 18
17 21 48
15 17 44
19 23 26
19 22 43
4 6 26
14 17 14
12 15 13
4 6 18
6 10 8
13 14 36
11 13 18
15 17 12
23 0 45
12 15 1
18 21 31
5 9 47
23 1 37
16 19 30
21 23 36
2 5 26
9 13 26
20 23 9
8 11 46
3 7 8
8 12 33
12 16 38
4 8 19
10 11 25
20 23 10
10 13 30
4 6 28
21 23 5
3 7 8
5 8 25
2 7 13
19 21 3
19 23 7
11 16 17
3 5 5
6 9 5
4 8 28
6 7 26
13 16 3
18 21 25
4 9 15
17 19 30
9 13 11
11 15 9
22 0 6
22 1 9
11 14 9
8 11 17
5 8 32
3 7 48
4 6 2
17 21 39
3 7 25
1 4 18
9 13 41
2 5 43
7 9 33
4 6 6
11 15 11
11 14 1
22 0 19
12 15 24
23 1 17
5 8 4
23 1 39
20 1 23
5 8 24
4 7 38
16 19 33
17 20 9
0 4 40
19 22 37
23 1 34
14 18 31
7 11 29
1 6 16
19 23 16
19 22 36
9 11 42
13 16 24
2 5 15
16 19 16
19 23 47
0 3 13
10 14 21
16 19 21
0 2 37
14 17 7
23 3 35
3 5 3
19 23 19
7 8 42
12 14 44
5 7 20
20 0 35
7 11 30
7 10 21
11 14 36
9 13 38
1 2 9
1 3 34
3 6 44
7 9 19
13 15 17
6 8 32
1 1 16
12 14 31
21 23 6
11 13 34
16 20 27
8 10 20
11 14 49
9 15 10
9 13 44
17 18 10
15 17 16
4 7 25
16 19 17
11 14 26
3 6 14
7 8 27
19 23 23
16 22 8
9 13 5
11 13 3
20 21 27
19 21 14
23 1 41
6 9 32
12 15 21
4 6 48
16 20 31
12 14 35
8 11 23
19 22 32
2 5 19
2 5 26
0 1 46
22 3 9
4 8 43
5 9 30
20 23 29
12 15 14
2 4 40
13 18 10
9 12 42
6 9 36
1 5 6
20 0 47
2 6 47
20 23 3
1 4 10
17 20 48
23 1 44
20 23 6
11 13 27
17 21 47
12 16 45
7 10 49
9 12 47
18 21 47
9 11 41
19 21 38
16 21 11
21 0 26
21 1 16
0 3 41
21 0 5
6 10 29
19 23 15
17 0 32
6 9 15
9 13 4
15 18 23
19 0 9
19 21 42
12 13 6
19 23 43
22 2 26
7 10 33
5 6 11
9 13 49
6 9 38
22 1 41
3 7 35
3 6 11
0 2 16
6 9 49
23 1 14
20 23 12
23 0 18
11 12 4
19 21 40
20 0 22
9 12 28
5 8 38
3 6 23
8 11 3
15 18 39
7 8 35
18 22 36
20 22 13
12 15 2
21 23 33
9 12 43
9 12 3
14 17 14
19 0 28
8 12 42
13 15 25
13 17 29
12 14 4
7 9 41
5 8 24
17 20 25
17 21 24
10 13 1
20 23 1
23 1 15
9 11 31
21 0 48
5 8 1
22 2 32
11 14 10
1 3 30
15 18 33
0 5 46
23 0 35
20 22 44
5 9 24
22 23 47
12 14 37
14 17 27
8 13 3
15 20 20
22 1 32
19 22 5
14 17 20
14 17 41
20 23 41
23 3 38
19 23 22
7 9 28
6 9 36
2 3 37
17 20 14
4 7 1
19 23 35
9 13 32
12 15 32
17 20 4
23 1 10
8 10 39
8 10 41
2 5 5
23 3 45
13 17 26
2 8 45
10 12 17
21 0 22
12 16 9
5 8 21
14 17 30
18 21 15
3 5 32
3 6 10
0 4 20
1 6 13
14 16 42
0 3 6
2 5 39
3 6 36
17 20 24
6 8 6
7 10 42
11 15 12
4 6 29
21 23 28
11 14 49
23 1 22
5 7 19
2 6 8
14 16 1
21 1 28
7 10 49
8 9 2
17 21 7
12 15 40
18 21 3
23 0 4
1 3 36
8 10 26
18 19 3
12 16 20
11 14 31
4 7 8
19 23 18
9 13 7
6 8 44
22 1 17
18 20 47
23 2 33
23 2 3
1 4 33
10 14 7
9 12 6
18 21 25
15 17 22
8 10 10
11 13 16
6 10 26
17 19 42
17 20 16
16 19 18
20 23 40
16 19 13
7 11 35
9 13 4
4 8 39
6 8 21
0 3 23
19 21 22
9 10 36
18 21 8
0 2 29
18 21 7
23 4 43
18 22 47
6 10 25
20 1 45
7 9 48
11 16 10
4 7 3
17 21 47
17 20 8
4 7 39
3 6 19
9 11 3
0 4 23
13 16 14
11 14 2
20 0 47
18 19 26
1 4 5
16 19 14
13 17 22
0 4 25
11 15 13
6 9 16
12 17 39
12 15 38
1 4 4
6 8 17
23 3 31
15 17 31
5 8 41
1 6 46
17 19 17
14 16 20
3 5 14
19 21 44
1 5 39
2 7 24
23 0 28
20 0 36
3 8 7
16 18 31
5 8 37
10 13 46
0 3 4
21 1 34
8 10 20
18 22 7
15 18 16
15 20 31
0 2 12
9 11 32
8 10 1
13 17 40
12 15 19
1 3 4
23 2 8
19 23 6
22 2 21
12 16 4
5 6 40
20 0 6
18 20 34
13 17 8
2 4 29
9 13 31
21 1 45
8 10 37
12 14 40
7 9 18
5 7 45
9 11 12
12 14 34
18 20 24
17 18 23
1 5 39
17 20 28
2 5 35
20 23 3
14 18 21
3 6 5
0 2 5
0 5 25
3 6 27
6 9 4
8 8 31
0 2 48
23 2 40
18 21 3
20 23 15
13 17 43
12 16 39
19 0 37
15 17 2
17 21 31
18 22 42
10 14 32
19 21 15
2 5 44
2 4 19
10 14 38
19 23 38
4 7 13
16 19 36
7 10 16
22 1 13
22 0 13
5 8 27
16 19 47
11 15 28
22 0 47
3 5 23
13 16 11
9 12 45
6 11 6
14 18 33
9 12 22
7 9 20
11 13 13
5 8 40
0 4 11
3 5 35
8 12 31
6 10 33
17 21 8
14 17 33
23 2 35
2 4 38
12 15 32
18 21 40
0 5 33
15 19 6
14 16 5
19 23 22
11 14 46
15 18 38
16 19 33
5 7 18
5 6 16
9 12 39
9 12 31
11 15 18
8 11 4
6 8 19
17 19 26
23 2 14
17 21 22
0 4 39
4 5 46
5 9 32
20 23 19
14 15 7
20 22 14
18 22 5
8 10 43
16 19 34
11 13 23
20 23 26
2 6 48
21 23 39
3 5 31
6 9 23
19 22 28
4 6 33
19 21 9
2 4 42
15 16 46
22 2 25
7 10 28
23 3 40
17 19 33
15 20 1
5 7 28
0 2 33
14 15 23
17 22 9
6 9 41
2 6 36
6 10 47
15 20 43
22 1 36
20 0 20
8 11 3
18 19 20
20 22 20
23 1 33
10 14 22
5 7 12
5 7 33
9 12 17
11 13 29
7 11 36
21 0 27
17 20 4
3 7 16
21 1 10
12 14 7
8 11 26
16 20 28
10 14 29
3 6 40
23 1 30
8 11 46
6 8 28
6 10 48
4 6 7
1 3 48
2 3 16
5 9 9
15 19 17
11 14 2
5 8 2
7 10 8
16 18 30
16 19 31
14 18 32
17 20 30
17 22 19
7 11 27
18 22 31
22 2 2
10 15 14
22 1 48
9 13 10
9 12 25
21 0 26
17 20 43
11 13 13
23 1 29
16 19 3
13 16 42
18 21 11
2 5 5
3 7 2
14 17 47
18 21 22
15 18 49
1 4 18
0 4 48
12 14 28
21 23 18
0 4 49
13 16 38
20 22 20
2 3 40
1 3 23
20 0 38
16 19 18
6 9 1
12 15 46
4 8 12
10 11 41
1 4 21
14 17 47
20 0 28
6 10 14
15 17 30
18 20 24
18 20 4
11 15 18
20 23 33
3 7 16
7 9 37
22 1 47
11 14 21
16 19 25
7 10 3
2 5 31
15 19 13
14 18 44
11 15 46
22 3 20
20 0 42
22 1 49
11 14 46
6 9 32
22 0 15
3 6 49
12 16 16
15 19 34
5 8 47
22 23 30
16 18 28
7 11 39
14 17 9
1 4 19
1 3 38
21 0 26
19 22 33
4 7 39
21 23 27
20 23 15
3 3 28
3 7 39
0 1 17
1 4 37
13 17 10
22 0 12
9 12 33
14 17 36
17 20 33
4 6 9
19 23 6
13 16 8
20 20 19
22 1 8
21 22 11
2 5 1
3 5 49
21 2 33
1 4 36
18 21 32
23 2 33
4 8 39
21 1 44
2 6 39
14 17 42
5 8 41
2 5 40
19 23 30
22 1 4
2 5 17
7 11 36
13 15 6
3 7 29
3 8 24
18 22 35
6 10 6
12 15 13
12 15 22
3 5 2
20 23 12
22 0 18
18 21 49
18 21 29
18 22 23
6 9 1
2 4 2
16 18 40
1 2 43
14 17 16
5 8 46
12 14 2
8 11 46
21 0 8
23 1 29
20 22 7
1 5 41
12 15 22
14 18 22
8 10 49
5 9 4
17 20 5
14 19 9
14 18 43
7 10 43
5 8 48
1 6 15
5 8 5
5 9 37
4 7 31
13 16 22
14 18 40
16 18 21
9 10 23
18 20 15
23 1 33
2 3 5
16 19 39
10 13 12
21 23 46
0 3 3
1 3 36
6 10 35
10 14 1
14 18 27
15 18 31
12 16 22
14 18 9
18 23 11
10 14 35
16 17 22
21 23 29
20 23 1
15 18 5
6 9 29
14 16 21
22 23 3
7 10 37
5 8 42
19 22 9
11 14 4
18 22 47
12 14 10
12 15 15
11 15 45
12 15 1
21 1 39
0 4 19
19 21 42
15 17 9
5 7 21
3 7 49
11 14 48
23 2 8
12 15 1
4 6 20
8 11 10
4 6 28
14 18 45
22 2 37
18 23 13
7 12 2
21 0 8
23 3 36
7 10 25
0 3 10
17 18 31
3 4 16
20 23 29
3 6 33
14 18 8
22 2 41
16 19 29
19 22 37
23 2 36
13 15 9
12 16 6
20 22 17
8 11 23
18 20 18
4 8 41
0 2 8
17 19 34
21 0 22
16 19 14
14 18 21
0 3 40
2 6 4
7 9 21
14 17 30
12 16 14
23 2 1
20 23 28
16 20 2
22 23 26
9 14 18
11 14 23
15 19 9
2 6 46
13 16 45
17 20 24
15 20 11
12 16 27
15 19 15
23 3 8
2 5 17
13 16 44
19 22 7
18 22 27
16 20 5
10 11 28
19 22 27
17 19 47
23 2 3
17 21 26
22 1 11
21 1 24
23 2 44
12 15 6
4 7 25
17 20 20
23 2 7
15 18 43
17 21 5
2 5 2
5 8 35
5 9 42
23 2 46
1 4 21
0 3 49
11 14 21
0 3 7
3 7 49
15 17 10
7 13 49
12 14 49
11 13 40
3 5 33
13 16 34
10 13 34
20 22 8
21 1 7
8 9 19
10 14 34
9 14 21
20 22 14
19 20 37
14 18 38
12 14 15
21 23 40
7 9 12
13 16 18
15 19 20
3 7 9
17 20 19
2 5 44
4 7 38
23 3 49
0 3 22
21 2 46
23 1 30
18 22 17
7 11 37
21 1 27
19 21 12
7 12 7
4 8 32
15 18 34
19 1 48
19 22 46
3 5 9
6 10 15
18 21 25
4 6 20
4 4 46
20 23 7
21 23 7
11 14 27
20 21 30
7 11 11
1 5 33
1 3 49
13 15 26
6 9 11
15 18 33
8 9 28
16 20 18
8 9 39
19 21 26
16 17 20
8 12 26
22 2 49
21 23 6
18 21 25
19 22 48
20 23 34
18 19 40
8 11 31
16 19 44
18 21 1
7 10 15
8 13 35
14 16 26
9 12 10
4 8 23
15 19 40
4 7 11
21 0 7
9 11 1
9 11 35
2 6 43
19 21 16
19 22 16
19 23 41
8 11 35
15 16 43
14 15 49
22 1 6
5 8 23
12 14 7
12 15 41
7 10 31
13 15 49
19 22 41
11 15 48
6 9 27
20 22 42
18 21 39
1 5 36
18 21 40
22 2 48
23 2 30
5 8 25
2 4 17
20 0 19
19 21 43
23 3 25
14 17 41
11 14 49
1 5 28
8 12 1
4 9 37
22 2 5
14 18 44
19 20 9
5 7 43
19 21 28
3 7 13
4 8 17
22 1 24
16 18 29
10 13 23
5 8 47
14 16 47
8 10 24
5 8 19
10 12 25
1 4 12
10 15 31
15 17 43
10 13 14
22 0 11
8 12 4
9 10 18
15 18 17
16 19 23
4 9 30
5 8 4
11 11 20
10 14 31
3 5 12
16 16 45
15 19 15
22 4 19
0 3 40
4 7 5
4 6 20
22 2 35
17 20 12
15 17 36
21 23 12
1 3 32
13 18 19
20 22 9
6 8 21
4 9 46
3 5 34
0 2 21
22 1 4
14 18 49
15 17 2
6 9 41
16 21 31
8 13 22
8 11 29
22 1 5
23 2 30
18 20 15
15 19 46
0 2 31
13 14 9
6 11 19
19 23 30
3 7 13
6 10 46
17 21 38
5 7 20
6 9 34
5 8 21
18 22 36
13 16 17
4 8 3
1 4 3
4 7 30
16 20 19
8 10 8
16 20 19
10 13 39
15 17 10
20 22 17
3 6 47
18 22 33
6 11 38
10 11 8
1 5 13
22 23 49
13 17 20
0 4 26
13 15 43
6 10 3
15 18 38
0 5 40
23 2 22
0 2 13
2 5 7
17 19 49
10 14 45
18 21 27
10 13 21
6 8 30
10 12 15
17 21 17
6 9 30
19 22 43
15 17 31
19 23 14
10 12 42
23 3 26
16 17 36
2 4 7
21 0 16
19 22 31
17 21 32
18 21 26
10 13 42
9 12 13
19 23 33
23 0 41
23 2 17
12 15 22
6 9 6
13 15 20
2 5 40
12 14 34
13 15 42
19 20 49
7 8 4
15 18 22
20 22 46
23 1 17
17 20 30
14 18 11
23 23 9
6 8 5
3 8 32
13 16 2
19 22 29
1 4 2
8 10 13
13 17 32
4 8 42
15 18 32
19 21 27
18 22 3
15 18 24
6 10 16
22 2 24
23 1 44
15 16 9
8 10 47
1 5 14
15 17 29
20 1 48
20 23 45
18 22 27
21 0 3
23 1 41
4 6 44
13 16 14
17 19 9
1 3 6
17 18 12
6 9 13
17 21 40
10 12 7
20 0 6
0 4 38
22 1 30
10 15 28
8 11 3
6 9 30
2 5 26
23 2 42
12 14 34
12 16 19
7 10 17
15 18 2
12 14 20
2 5 9
1 5 21
11 14 45
12 15 20
11 12 43
10 14 16
13 15 14
3 7 44
1 3 5
8 11 27
0 3 28
21 0 12
18 21 45
14 17 2
21 0 25
3 7 1
10 13 33
10 13 41
19 22 10
20 0 44
3 6 25
16 18 22
20 22 29
3 5 46
1 2 7
13 16 13
12 14 31
23 1 22
18 22 14
23 2 12
20 0 34
20 23 29
19 0 34
11 13 46
5 9 10
11 14 49
3 7 25
10 12 22
6 10 19
8 11 10
21 23 28
12 14 1
12 16 8
7 8 36
23 1 11
4 6 40
16 19 7
1 3 12
20 21 23
23 4 37
6 11 24
21 23 20
9 12 24
17 20 35
11 13 42
19 21 32
10 15 48
3 6 6
17 20 1
1 3 10
13 15 43
9 11 12
17 20 36
8 10 4
15 18 41
14 17 20
6 8 2
21 1 43
11 15 39
18 21 13
12 16 24
7 9 28
10 14 41
9 13 14
9 10 18
13 17 16
4 7 30
2 5 7
4 7 38
7 10 31
0 3 36
8 12 39
10 12 39
4 8 29
11 14 39
5 7 12
1 5 32
14 17 41
15 16 33
8 11 40
23 2 21
23 1 22
13 13 36
10 13 20
0 4 17
5 8 8
11 13 32
1 3 28
11 14 6
5 7 23
20 23 6
13 16 14
21 0 2
13 17 38
8 11 5
22 0 29
18 21 9
8 11 27
19 0 47
16 21 29
6 8 6
3 7 42
6 9 18
19 20 9
15 18 25
16 17 28
20 0 15
4 6 41
7 10 49
20 0 9
19 23 27
1 5 6
7 10 36
19 22 2
3 5 8
5 10 20
6 8 9
16 18 33
12 14 46
20 23 2
4 7 40
18 21 44
0 5 17
20 22 48
23 2 45
14 16 20
12 13 18
13 17 2
8 12 44
5 9 28
4 6 22
11 14 13
21 23 19
4 7 4
19 21 33
20 22 41
13 17 20
14 18 33
9 12 48
9 13 24
10 14 2
4 6 27
20 22 26
7 10 36
20 23 42
3 6 21
23 2 5
15 17 37
14 17 13
1 7 10
13 17 41
14 17 4
6 10 34
16 17 34
16 18 30
11 15 27
14 18 22
19 23 43
0 3 41
17 20 42
17 18 35
17 20 42
19 20 47
21 0 40
4 7 28
1 6 49
15 18 37
8 12 7
9 11 6
23 2 40
3 6 47
5 9 6
5 8 17
23 1 25
20 23 11
3 6 28
10 13 45
17 20 12
18 22 35
23 2 46
0 2 48
17 20 33
8 12 29
1 5 24
5 7 5
21 0 37
11 16 35
8 11 19
0 3 32
5 8 12
10 13 45
4 8 8
14 17 22
13 17 30
7 9 14
10 13 10
9 12 18
6 9 43
16 19 15
3 4 15
6 9 17
21 22 43
12 13 33
9 11 22
17 21 19
4 7 3
9 12 38
15 19 38
14 18 33
7 8 27
18 22 38
12 13 42
3 6 25
1 3 34
2 5 47
6 10 16
12 14 49
2 5 7
11 15 12
21 0 18
5 8 4
22 3 41
12 13 12
16 21 32
3 6 8
3 7 22
12 16 21
3 6 26
22 1 3
4 6 19
17 18 30
10 13 22
13 16 13
19 23 2
7 8 42
10 13 44
20 21 34
0 3 28
17 19 10
9 11 47
4 7 26
6 9 42
18 20 30
0 5 26
8 12 8
20 22 49
21 23 8
23 2 13
17 19 30
20 0 38
17 21 5
6 10 14
20 22 6
12 16 39
6 8 43
19 21 44
8 11 22
10 12 18
6 9 35
22 2 7
23 2 13
17 20 48
16 20 49
17 20 39
6 9 36
8 9 40
21 0 40
2 6 48
1 4 47
5 8 33
9 13 28
8 9 6
20 0 32
10 12 46
1 4 10
11 15 16
16 19 15
4 7 10
18 21 8
21 1 5
23 4 35
0 4 47
8 13 44
7 11 12
8 10 20
7 9 39
21 23 26
22 0 29
7 10 9
10 13 30
16 19 6
1 3 5
1 4 28
3 6 6
8 12 20
3 8 41
1 3 41
3 4 39
12 15 44
6 11 40
21 0 9
11 14 14
8 11 17
21 0 16
5 8 34
9 12 29
21 2 23
13 15 24
10 13 42
16 19 40
15 18 49
16 18 12
9 10 26
21 22 28
18 22 25
19 20 21
17 20 35
12 16 45
0 4 27
20 21 16
15 16 3
11 14 46
19 22 25
2 6 2
3 7 16
18 20 38
3 5 16
10 13 49
19 19 24
11 12 20
6 10 44
3 4 41
10 13 28
5 7 27
15 19 23
12 16 16
17 20 49
17 20 11
12 14 27
19 23 47
1 5 34
6 7 16
17 20 39
17 20 17
11 14 14
7 9 22
6 8 14
1 5 14
11 13 39
2 4 21
12 13 8
0 3 11
16 20 36
6 9 17
20 22 10
22 1 9
2 6 28
11 14 30
2 6 38
9 12 46
16 18 48
16 18 2
3 5 37
6 9 36
9 13 17
9 12 48
21 23 47
17 18 16
23 2 7
15 17 24
0 4 44
10 15 43
3 7 48
22 0 28
18 23 46
14 18 17
15 18 33
18 19 49
17 19 40
2 3 7
20 0 39
14 18 23
0 3 32
2 4 13
3 4 27
7 10 7
23 2 32
12 16 45
20 1 19
8 12 28
3 6 3
19 21 16
11 12 19
22 0 36
21 23 3
1 4 18
4 6 16
1 6 15
1 3 38
2 5 5
9 12 11
14 18 32
2 5 26
13 15 47
2 6 26
5 6 11
4 5 47
8 11 4
2 4 37
22 0 36
0 3 3
16 21 17
2 4 29
10 14 35
1 4 20
15 19 25
21 0 29
4 8 10
5 8 40
19 21 40
3 7 24
9 12 3
22 1 13
0 4 47
14 18 6
13 16 16
14 19 9
20 23 19
9 13 34
5 9 14
2 5 47
1 5 21
12 14 3
13 17 37
18 22 34
12 14 3
20 23 36
1 5 40
14 18 41
6 8 14
6 10 45
18 21 42
6 9 32
5 6 15
22 2 14
6 9 47
18 22 28
1 3 4
13 16 41
5 8 15
2 4 14
21 0 15
23 3 12
11 15 2
13 16 2
15 19 22
9 13 33
8 11 28
14 18 2
22 2 36
11 14 26
20 22 49
20 22 21
9 11 15
21 1 38
12 14 9
1 4 7
17 21 8
17 20 11
5 7 19
6 10 7
18 21 28
9 12 29
20 23 34
6 8 4
2 7 41
10 14 43
15 19 49
11 12 37
1 4 26
8 13 31
14 17 49
7 10 7
20 23 1
11 13 18
14 16 33
16 21 38
6 9 28
10 12 12
16 20 1
10 13 44
12 15 48
21 2 7
8 12 31
2 5 22
16 18 18
2 6 15
4 7 16
18 22 40
21 22 14
14 17 45
8 11 44
10 14 27
2 7 9
2 7 38
2 6 9
8 11 45
7 11 1
16 19 14
23 3 43
21 23 3
6 9 39
0 2 22
13 16 46
8 12 9
15 17 23
15 17 47
1 6 36
23 0 44
13 17 8
7 10 1
18 23 2
6 8 3
22 1 9
2 5 41
7 7 17
9 12 3
18 20 7
6 8 14
1 4 27
22 0 29
22 3 30
9 11 1
13 17 44
23 4 2
9 11 18
15 20 44
0 2 34
19 22 40
14 16 24
17 21 23
16 17 14
10 12 36
21 0 31
10 12 31
17 20 1
13 18 25
17 19 29
11 15 38
9 12 10
9 13 14
11 15 48
17 20 1
22 1 40
22 3 39
1 3 45
5 7 46
6 8 17
20 0 18
4 6 5
3 7 23
17 19 43
5 7 44
9 13 2
14 16 25
5 9 11
2 6 10
0 3 23
10 13 25
11 13 40
9 11 43
19 20 40
9 13 10
15 19 18
8 11 6
10 13 18
9 11 21
16 19 26
13 15 32
18 22 14
4 8 14
7 8 7
9 10 26
16 17 43
15 20 33
20 21 45
12 15 14
8 13 34
7 9 25
18 21 27
21 0 23
6 10 27
16 18 49
3 6 21
3 6 26
15 17 23
18 22 32
16 19 33
4 7 45
6 10 19
1 4 22
7 10 5
5 8 10
9 12 46
15 16 33
12 14 48
21 0 3
8 11 15
3 7 3
14 18 33
17 18 33
5 8 12
4 7 2
4 7 37
22 1 7
1 3 31
12 14 22
2 4 37
21 0 46
18 20 33
20 0 41
3 6 38
1 4 42
13 16 19
1 4 39
13 15 32
10 14 35
22 1 11
11 13 35
9 12 48
6 9 10
23 1 39
10 14 48
5 7 26
22 2 20
14 15 47
1 3 48
16 19 1
20 0 32
23 2 48
9 12 27
21 1 33
1 5 45
1 3 24
17 21 32
3 6 24
1 6 24
1 3 9
18 20 9
7 9 16
13 16 12
13 14 32
0 2 31
7 11 27
1 3 30
12 15 30
16 19 42
13 17 35
15 17 28
18 19 47
3 6 36
11 14 49
16 18 17
17 20 35
4 7 26
3 7 39
1 4 13
1 5 7
9 13 49
5 10 39
17 19 49
13 15 48
9 12 22
1 4 47
8 12 22
17 21 1
21 0 41
23 2 45
19 21 18
18 21 49
12 16 2
11 15 29
21 0 15
23 2 49
23 3 2
14 17 31
9 12 6
20 23 22
21 0 22
4 7 12
6 9 18
22 2 16
9 11 22
8 12 41
1 3 10
7 10 16
12 16 34
14 17 15
11 15 22
23 2 23
1 4 43
1 4 15
0 3 4
15 17 33
19 22 19
8 10 30
18 22 34
22 3 11
11 14 47
3 7 4
4 6 10
1 3 28
23 1 29
11 15 40
9 13 6
0 4 17
21 1 39
10 13 16
3 7 41
4 8 47
21 0 8
21 0 16
21 0 45
5 7 15
11 13 29
15 18 47
19 22 43
13 16 44
3 5 8
22 3 33
3 5 6
14 17 12
8 11 1
5 7 22
23 2 21
10 13 46
7 9 30
1 3 48
14 17 30
10 12 30
12 16 5
3 6 7
8 11 44
14 15 1
4 8 42
8 12 6
5 9 48
2 3 3
18 21 44
4 7 4
7 11 2
3 6 34
11 13 42
3 8 19
23 1 29
0 4 48
15 16 27
11 14 25
4 7 28
12 14 44
15 18 26
18 22 31
20 0 41
3 5 46
2 5 48
18 20 43
18 20 24
12 15 46
9 11 38
17 19 15
7 10 35
18 20 37
15 20 20
6 9 12
5 8 27
19 22 2
13 15 20
9 11 22
5 7 20
14 17 14
11 13 10
2 3 40
8 11 18
4 6 18
22 0 31
20 0 12
16 20 20
23 0 23
12 16 27
21 23 4
4 6 3
17 20 19
2 3 31
1 4 8
11 12 9
10 13 16
16 19 1
0 2 33
5 10 41
8 11 45
15 20 5
20 23 10
22 1 19
3 7 48
16 19 8
8 10 40
20 22 41
21 23 30
0 3 13
15 19 49
19 20 19
7 10 21
23 2 41
6 9 12
7 10 39
1 4 12
9 11 42
5 8 10
20 22 24
1 5 4
16 19 41
2 5 18
3 5 28
17 21 19
18 22 29
6 10 27
17 19 5
15 16 21
13 17 5
7 11 22
8 10 2
18 21 7
7 10 12
5 8 11
0 4 22
0 3 10
17 19 8
10 15 45
23 4 29
18 22 24
2 4 27
10 15 15
16 18 5
12 15 4
9 14 11
23 2 32
22 0 11
23 3 13
23 2 23
15 16 21
15 18 4
11 14 3
1 2 39
0 1 7
12 17 25
11 14 37
23 4 7
23 2 11
15 17 41
11 14 2
10 13 9
18 20 12
0 4 34
10 13 28
16 21 41
13 16 12
21 23 7
17 21 13
19 22 35
10 13 37
16 20 25
16 20 7
12 16 4
7 9 10
19 0 10
6 8 33
15 18 10
5 8 14
21 2 31
9 12 49
14 16 30
22 1 39
15 20 36
18 22 49
9 12 44
12 14 27
14 18 10
18 22 27
23 0 12
2 5 34
10 13 3
19 21 48
2 6 25
11 15 15
8 12 49
20 0 45
10 12 10
6 10 6
12 16 41
23 2 21
21 0 31
18 22 28
10 11 31
0 4 27
9 12 16
19 21 19
21 0 8
11 14 26
22 23 31
19 22 4
10 15 6
14 16 40
15 17 36
4 8 47
2 5 48
11 15 41
7 10 10
10 14 28
23 3 44
9 13 19
14 16 11
11 13 25
6 7 47
14 17 29
17 20 33
3 6 41
22 1 35
7 10 41
21 0 45
17 18 8
18 21 47
12 15 14
7 11 2
5 10 24
17 19 3
13 17 8
10 12 25
5 8 37
23 3 48
5 9 28
22 0 46
14 18 23
3 7 37
7 11 46
6 8 44
3 6 36
1 5 30
16 18 7
0 3 20
7 8 39
17 20 1
2 5 45
1 3 39
11 13 48
14 16 48
1 4 44
9 13 23
3 6 2
13 15 39
18 22 30
15 18 49
11 13 27
17 19 40
2 4 45
10 14 38
1 5 38
0 4 9
12 14 22
4 7 16
15 19 43
16 19 4
6 9 28
23 2 6
14 17 36
0 4 47
20 23 49
0 4 18
6 9 48
6 9 33
12 16 5
15 18 6
11 15 34
14 17 29
11 13 33
13 17 22
22 0 49
5 9 29
19 22 4
14 17 44
19 23 28
3 5 11
22 1 27
13 16 21
14 17 4
10 13 25
18 21 10
23 1 45
5 6 33
17 21 40
7 10 39
12 13 2
21 1 44
6 7 47
2 4 46
12 14 40
18 22 45
13 15 4
16 19 14
0 4 20
3 8 21
18 21 44
10 15 16
2 5 38
19 22 1
18 19 43
6 11 10
18 20 40
13 17 24
12 15 7
11 15 32
7 10 38
10 15 5
23 2 47
4 7 37
22 0 39
23 4 7
7 10 28
4 8 41
8 11 20
8 12 37
0 4 16
7 9 26
0 3 12
19 20 39
10 13 19
11 14 33
3 5 11
16 20 11
8 11 39
23 1 20
23 2 5
23 2 12
11 15 38
14 17 5
19 21 34
6 9 33
21 0 4
15 17 35
0 2 28
11 14 20
6 9 21
21 2 15
15 18 38
4 6 42
12 14 17
7 11 7
6 11 24
19 22 14
15 16 46
11 15 29
21 2 18
5 9 28
23 0 20
19 21 15
20 23 12
2 3 4
8 10 28
11 13 22
7 10 8
3 6 4
12 15 40
20 23 13
5 8 21
15 18 15
13 15 49
16 19 42
18 21 32
11 14 15
10 13 41
15 19 20
10 12 6
23 1 4
16 20 33
8 10 7
6 9 38
1 6 1
6 9 42
18 20 22
17 19 47
23 23 14
14 15 9
8 10 36
21 1 36
0 3 9
9 12 18
14 18 4
16 17 17
19 21 26
14 16 37
14 16 35
18 20 32
15 17 21
12 16 47
9 12 49
3 5 6
17 19 35
5 10 33
13 16 19
17 21 17
10 14 4
4 7 42
2 6 24
2 5 8
12 15 18
4 7 20
22 1 48
2 4 18
21 2 31
2 6 12
14 16 42
11 13 12
17 21 2
15 17 48
14 17 46
4 7 30
18 22 40
16 19 38
21 23 9
9 10 34
21 0 7
14 16 8
2 4 44
3 5 6
0 4 40
6 8 22
10 12 21
12 16 7
9 12 13
5 9 34
8 10 14
18 21 45
21 0 3
10 13 3
8 10 5
13 16 17
20 0 45
3 7 19
18 20 27
13 18 17
2 4 44
6 9 23
10 11 27
8 12 15
19 22 39
19 0 46
22 1 19
15 15 45
5 9 48
0 4 20
3 5 8
13 17 18
3 8 20
10 13 8
2 5 16
5 9 20
1 4 36
12 16 3
2 6 7
3 6 31
4 6 8
20 23 6
4 6 23
20 23 15
10 12 28
4 5 38
23 3 43
14 18 15
20 1 33
2 6 22
9 12 24
20 23 40
22 1 36
19 22 41
11 14 24
5 7 8
19 20 37
8 11 46
6 8 34
7 9 18
21 23 49
4 7 28
15 19 4
20 23 35
21 22 42
5 9 6
23 3 25
5 8 12
6 8 34
7 10 36
9 12 18
21 23 37
20 21 8
1 4 31
10 14 47
12 15 19
5 8 12
23 1 47
8 12 7
6 10 5
23 3 36
5 8 29
11 13 25
16 21 24
5 7 34
12 14 33
3 5 7
1 6 19
1 6 26
11 15 6
9 13 28
2 4 35
15 20 17
18 21 48
23 2 42
13 15 37
12 15 35
2 5 25
22 0 44
15 16 44
13 16 37
6 10 16
2 4 9
13 17 16
20 0 42
20 22 23
6 9 2
1 5 8
11 15 18
20 0 32
14 16 3
23 2 42
15 18 23
4 5 32
20 23 34
5 7 40
3 5 21
8 10 6
2 4 39
4 7 36
1 5 19
1 4 47
0 3 35
5 8 5
13 16 2
13 15 11
18 22 39
8 12 5
20 23 45
16 20 48
0 3 25
12 13 17
0 4 48
15 19 18
9 14 18
14 18 1
15 18 35
8 10 2
9 12 12
6 8 39
13 15 18
11 14 4
22 0 31
19 23 35
12 14 17
8 11 43
11 14 35
14 16 2
10 14 2
0 2 16
3 5 5
11 12 26
10 13 28
0 3 43
4 8 47
2 6 29
2 6 35
3 5 20
12 14 18
16 18 10
14 17 18
21 23 20
4 7 9
6 10 34
11 14 2
12 14 11
1 4 47
17 21 23
17 20 39
10 12 7
21 23 13
7 9 43
1 5 11
5 8 15
0 4 41
14 17 29
8 10 23
7 9 33
8 11 22
1 3 11
11 15 37
21 0 10
7 11 25
0 3 23
11 15 29
13 17 7
7 11 22
10 11 22
9 11 49
11 14 30
22 1 14
17 20 42
0 3 7
5 8 37
12 15 17
3 5 1
13 16 6
23 2 48
19 1 10
5 9 5
11 12 42
19 23 11
20 22 33
15 19 6
4 6 36
4 7 23
23 2 31
8 13 18
0 4 35
12 15 31
1 5 1
0 2 41
12 16 6
7 12 31
9 12 19
6 8 47
14 17 2
8 12 4
20 21 49
11 13 37
23 0 32
10 14 44
1 4 26
0 1 49
19 23 25
18 21 23
1 5 12
11 14 9
15 18 20
18 21 14
16 20 2
16 20 8
22 1 21
5 6 15
10 14 24
22 0 23
5 10 45
3 7 29
20 21 25
0 2 34
8 11 48
8 11 17
4 7 39
0 4 37
17 21 47
6 9 46
1 5 44
1 4 25
19 22 40
3 5 33
0 2 31
1 7 4
18 22 4
10 12 7
8 10 26
1 7 1
14 17 33
19 22 35
12 16 13
15 18 30
0 2 13
11 14 19
4 6 32
18 22 6
17 20 42
21 0 10
23 1 3
2 6 31
4 8 19
4 8 49
13 14 29
7 8 32
9 11 7
11 16 43
8 10 11
12 16 49
1 2 28
17 19 47
4 6 39
22 1 13
11 14 28
12 14 35
20 0 10
3 7 10
15 18 23
18 20 20
10 11 21
15 18 12
22 1 37
23 0 1
7 10 7
1 7 20
8 10 19
22 2 7
22 0 17
11 14 10
5 8 31
21 0 22
20 23 11
20 22 23
4 8 43
12 15 7
18 21 48
11 13 25
3 5 18
4 8 38
21 1 2
2 5 31
19 21 28
15 19 4
7 10 1
6 8 28
0 3 16
15 17 21
0 3 21
19 22 32
20 0 18
14 17 37
23 2 41
10 11 31
15 19 43
3 6 5
22 1 44
17 21 38
10 13 27
11 15 44
0 3 12
15 19 47
2 5 34
12 15 6
22 0 28
7 9 39
2 5 17
14 18 43
7 10 1
6 9 18
3 6 34
7 8 34
22 0 2
21 0 8
14 17 19
5 8 25
1 5 39
9 13 42
1 5 27
15 18 13
0 3 3
7 9 41
0 4 46
1 5 13
14 19 32
10 14 29
13 16 47
7 11 25
18 21 14
11 15 39
6 10 28
0 3 31
1 3 12
9 13 28
21 1 40
9 11 33
12 14 48
14 17 45
14 15 25
12 14 19
5 7 37
20 22 30
13 15 46
12 15 33
15 18 22
6 7 1
5 8 12
13 17 34
5 8 34
3 6 20
1 4 9
19 23 9
17 21 9
20 23 5
6 10 25
20 23 16
17 18 23
9 13 4
23 2 7
9 13 46
17 20 45
7 8 29
12 13 41
7 11 13
11 13 33
7 10 14
3 5 4
0 3 22
20 1 3
20 1 44
12 14 16
11 15 18
23 1 27
3 6 6
1 5 41
11 16 39
1 3 29
9 12 36
6 9 29
4 6 34
20 0 15
2 6 22
19 22 6
22 23 44
1 4 46
8 11 18
0 2 12
12 16 36
7 8 43
2 4 16
2 6 22
6 7 36
8 12 4
22 1 3
12 14 22
2 6 10
5 8 24
4 8 38
4 8 3
12 16 34
9 12 3
19 20 2
6 8 35
7 10 2
23 2 30
13 18 23
20 22 46
22 2 46
1 3 2
12 15 8
17 20 9
11 12 37
16 20 19
4 6 11
7 11 20
12 13 1
22 0 30
13 17 18
17 19 45
8 10 31
4 7 2
9 13 16
13 17 12
6 9 37
3 6 2
5 6 39
20 23 6
3 4 14
1 2 41
3 5 42
4 7 22
16 19 4
11 14 32
10 13 42
21 0 32
19 21 48
1 4 8
22 0 7
21 0 13
4 7 26
18 21 46
10 13 30
14 17 39
6 9 26
15 18 23
7 9 20
5 9 8
20 23 9
1 4 29
14 17 39
11 14 21
16 17 39
5 7 39
16 20 4
1 4 31
15 20 46
21 22 29
21 22 22
20 23 22
4 5 7
20 1 34
5 8 8
11 15 11
2 6 1
13 16 5
16 20 45
7 11 38
12 15 22
16 19 9
23 2 49
23 1 36
5 10 47
22 23 43
5 8 2
9 12 24
11 14 43
8 12 13
16 20 22
2 6 39
13 17 34
12 15 1
11 15 36
19 0 11
1 4 4
21 0 36
18 20 6
3 6 30
15 18 37
3 7 26
7 9 28
17 16 23
6 10 21
5 8 30
19 21 37
10 12 24
6 8 12
0 3 16
20 23 32
17 18 17
19 0 18
1 6 37
13 18 33
21 0 14
2 7 2
1 4 30
14 17 28
23 2 36
6 8 22
4 7 45
0 3 36
13 17 10
2 5 22
18 20 25
1 4 15
9 13 44
2 6 28
9 13 34
3 5 43
13 16 23
9 11 28
14 17 30
8 12 5
10 13 25
13 17 3
18 21 2
8 9 1
23 1 49
5 9 5
18 21 9
2 4 48
19 22 37
23 3 13
18 22 25
15 18 7
7 9 30
0 5 29
3 8 48
16 17 30
2 5 26
22 1 37
22 3 17
5 8 33
0 3 10
14 18 13
13 15 15
4 7 5
5 8 11
10 11 16
11 15 32
1 3 6
7 10 18
0 5 47
3 6 30
11 14 46
12 14 40
18 21 28
8 13 45
20 23 33
15 18 1
4 8 7
4 5 25
3 6 20
6 10 42
21 1 11
13 16 22
5 7 6
18 22 5
2 5 22
20 22 40
11 15 21
19 22 31
19 21 14
1 6 13
10 13 18
18 20 43
18 20 45
19 23 20
9 14 22
4 6 21
7 9 5
8 10 33
1 5 32
8 10 47
6 10 43
23 3 4
11 14 23
18 21 22
23 2 30
18 22 39
8 12 39
7 10 34
13 17 10
1 4 38
18 20 25
13 17 8
15 19 9
7 11 49
1 3 10
20 22 3
14 17 14
13 16 35
7 10 6
12 15 6
23 2 5
17 20 44
1 3 29
21 1 48
21 0 11
3 5 32
22 1 18
2 5 41
16 19 9
6 8 37
6 10 17
16 19 47
15 18 17
3 6 37
22 2 8
17 21 10
21 0 26
1 4 19
1 5 13
12 16 1
16 19 32
6 9 19
4 9 10
9 12 37
3 5 20
9 13 14
16 18 18
1 6 13
18 22 3
3 6 7
6 10 15
1 4 36
11 12 8
1 3 43
5 9 49
1 3 5
23 2 40
3 6 31
7 9 30
18 22 36
20 22 3
0 3 44
1 4 43
23 1 34
7 10 5
20 23 47
14 18 46
0 2 37
4 7 3
23 2 25
5 7 19
12 17 8
21 22 18
2 5 15
16 18 42
15 17 21
23 3 15
19 21 16
15 17 26
16 19 1
23 1 4
3 6 40
9 12 17
2 3 48
15 19 13
15 17 25
10 13 17
23 3 1
1 5 41
18 22 45
16 20 49
10 13 9
14 19 27
9 11 44
7 11 36
12 16 6
20 0 25
7 11 46
17 22 7
19 0 22
2 5 27
14 17 30
23 3 5
18 21 21
10 14 8
15 17 14
22 1 33
0 4 14
21 0 41
4 8 49
13 16 44
20 22 12
13 16 14
6 10 35
4 5 28
14 18 34
8 11 26
10 15 5
10 13 36
12 14 32
11 14 7
1 4 39
21 23 31
18 20 39
21 23 43
4 7 28
4 7 8
6 12 45
16 21 27
19 22 38
13 15 13
0 2 33
6 10 30
7 11 20
17 20 22
23 2 38
16 19 6
20 23 11
7 9 37
5 8 47
15 19 37
10 13 35
0 3 48
9 12 7
21 23 22
18 20 46
16 19 32
23 3 28
5 8 4
0 3 48
23 3 17
23 2 26
5 7 22
0 3 20
16 19 43
5 9 48
11 15 45
15 18 42
7 10 24
5 8 11
2 6 30
9 10 49
15 18 11
16 18 14
0 4 6
23 1 38
22 23 37
4 7 20
1 4 2
18 20 41
21 0 46
22 2 30
12 15 21
12 16 15
13 17 30
9 12 47
3 7 21
22 3 5
12 15 12
14 16 11
12 15 3
7 12 42
10 13 25
23 4 37
0 4 46
1 4 34
22 0 23
20 21 28
21 0 1
22 1 2
2 5 35
17 21 3
0 2 9
21 0 2
6 10 46
16 19 48
13 16 9
8 11 21
10 15 45
9 13 43
7 10 23
22 0 26
1 2 1
13 17 31
22 3 23
16 20 1
7 10 20
23 3 30
9 12 22
14 18 6
0 5 18
6 10 12
18 22 34
10 14 1
23 2 27
21 23 25
8 10 12
7 10 3
5 7 22
17 20 21
21 21 9
14 18 35
19 22 45
15 18 2
9 13 22
20 0 46
18 23 24
13 16 4
5 8 44
21 22 30
17 20 37
6 8 3
4 4 44
18 22 7
0 4 23
15 18 10
8 10 7
1 2 36
4 6 33
7 9 19
11 14 37
8 13 7
2 4 17
11 14 45
11 14 5
19 23 46
0 4 47
1 3 28
5 8 11
21 23 14
23 2 45
0 4 5
11 15 14
22 0 24
12 17 6
19 22 3
15 17 8
9 14 10
21 1 2
1 4 46
23 0 43
17 18 11
3 6 49
23 3 42
1 4 15
14 16 19
1 3 31
20 0 29
14 18 21
6 9 4
10 13 35
10 14 26
19 20 7
23 3 49
3 7 40
11 13 4
8 12 43
15 17 34
5 8 44
5 9 7
4 7 37
3 5 47
17 18 47
8 11 26
11 14 23
11 13 15
4 7 40
23 3 6
7 11 39
8 13 17
23 2 45
21 2 33
15 19 30
18 22 42
10 12 20
3 5 6
12 16 1
4 6 48
8 10 24
0 3 9
5 7 37
15 18 47
22 1 6
15 18 20
13 16 36
4 7 16
18 20 36
4 7 12
1 4 5
22 0 17
13 16 41
8 9 33
6 11 39
14 18 7
10 12 33
2 5 40
7 11 20
16 18 9
13 16 41
11 14 46
20 0 48
11 14 20
10 13 33
16 18 22
1 4 1
15 17 17
16 19 39
10 14 20
14 18 34
6 8 27
19 20 12
3 5 20
7 10 3
11 14 24
16 21 49
12 15 16
0 3 28
7 9 20
3 7 1
12 15 37
15 18 28
11 14 2
3 7 16
12 15 48
14 16 49
10 15 44
8 11 42
9 12 31
20 1 35
12 14 7
20 23 43
17 21 13
23 3 29
18 20 27
2 5 13
2 6 39
13 15 43
1 4 43
19 0 38
0 3 9
11 14 19
4 9 35
5 7 13
2 7 30
18 21 28
1 4 41
16 22 2
9 12 15
7 9 29
10 14 8
19 22 3
14 16 39
9 12 40
11 14 43
8 10 6
23 2 30
19 21 13
4 7 45
11 14 32
15 18 49
4 8 42
5 7 37
17 21 37
12 15 12
18 21 43
18 22 18
8 12 11
10 12 8
10 11 40
17 21 25
8 11 26
14 17 19
20 23 13
3 5 26
22 2 12
16 20 9
0 2 9
6 9 40
17 19 24
5 8 10
4 8 13
18 22 13
21 1 3
4 7 39
4 6 46
2 5 7
22 0 10
8 12 28
21 1 27
21 23 31
8 10 44
4 7 13
22 1 37
13 17 17
16 20 4
21 2 14
12 15 23
8 12 40
21 0 41
12 13 29
16 19 10
18 21 10
1 3 36
9 12 25
14 17 10
5 8 27
0 3 17
2 5 41
22 0 23
14 16 32
14 19 11
6 10 43
21 0 1
2 4 29
21 0 39
23 2 15
16 19 2
21 0 47
9 12 18
1 3 29
8 12 26
12 15 25
13 18 42
21 23 30
12 14 47
20 0 37
16 19 42
9 13 49
15 17 35
9 11 25
1 4 28
20 23 9
18 22 30
8 11 29
1 4 29
1 3 34
7 11 44
14 16 29
23 3 17
3 6 33
17 20 7
6 10 40
10 13 19
7 12 41
18 20 4
7 9 10
2 4 32
22 1 25
10 13 11
16 19 35
12 16 33
5 8 48
19 22 23
22 1 8
17 19 27
13 16 34
13 16 40
19 21 3
12 15 36
23 2 37
10 14 1
0 4 24
16 18 11
16 20 21
18 21 24
19 21 49
3 5 42
2 5 2
12 15 33
15 18 10
7 11 17
23 1 7
10 13 11
3 8 3
20 22 1
6 10 25
18 22 26
19 21 10
11 14 9
15 18 31
10 14 7
20 23 49
19 22 33
1 4 17
1 2 11
2 5 5
3 7 5
21 0 33
20 22 28
9 12 27
6 8 42
18 20 18
18 20 5
4 6 25
17 19 30
18 21 21
14 18 19
19 21 11
14 16 20
18 20 16
16 18 38
18 19 45
5 7 17
19 22 29
4 8 22
0 1 30
8 12 21
14 17 4
7 11 11
16 20 21
0 4 30
23 1 2
4 6 46
3 7 38
1 3 16
1 5 16
21 23 33
4 8 32
21 2 48
17 20 36
8 10 16
22 0 5
1 4 26
1 5 43
5 7 49
17 19 5
7 10 44
11 13 21
5 7 35
4 8 36
4 6 49
4 8 33
11 14 34
20 23 34
4 9 11
16 18 37
17 19 4
11 14 7
18 22 30
20 22 31
7 11 13
11 14 24
16 20 24
15 18 43
20 22 38
2 7 12
23 2 41
8 12 4
16 18 30
3 7 36
5 8 30
22 3 32
1 2 24
22 1 13
17 20 33
12 14 1
5 9 28
10 12 40
18 22 9
14 17 5
5 7 14
9 11 40
8 12 38
4 6 34
11 15 32
8 10 46
20 23 4
18 20 32
11 14 39
13 16 22
15 18 32
11 14 5
11 14 15
23 1 18
0 2 7
7 10 19
18 21 41
13 17 12
12 15 4
17 20 36
20 23 48
7 8 12
0 2 36
17 21 45
11 14 25
7 9 36
11 15 37
17 20 12
23 1 30
18 20 28
22 1 4
14 15 46
0 3 49
23 2 31
16 20 45
22 0 11
20 23 36
2 6 2
19 0 25
19 22 44
13 16 18
22 0 47
0 4 48
17 20 26
7 8 45
0 5 30
23 3 48
6 10 18
8 8 36
4 8 30
9 12 42
6 9 22
5 9 16
8 11 5
2 4 12
4 7 11
15 17 1
3 6 44
0 4 5
15 20 33
16 18 6
16 18 7
23 1 17
1 4 14
9 10 10
3 6 37
22 2 14
3 6 7
17 20 15
2 4 3
23 2 9
14 17 45
23 2 25
19 21 7
16 21 36
14 17 26
11 14 1
16 18 43
15 18 8
2 5 30
6 9 33
1 3 28
5 8 33
17 21 40
23 3 1
22 1 12
3 6 18
16 19 12
14 17 19
16 20 32
7 10 9
21 1 49
19 22 6
4 7 14
5 8 48
9 11 31
5 8 32
20 22 46
1 4 4
23 2 45
17 19 15
13 18 38
22 0 37
19 21 17
22 2 30
9 11 48
6 9 35
19 22 27
2 3 15
20 1 42
17 19 31
5 8 32
8 11 35
2 7 12
19 22 15
16 19 45
21 0 22
12 15 33
21 23 10
10 13 47
17 22 32
19 21 10
7 11 33
4 7 21
8 11 18
8 11 28
21 1 3
9 12 37
1 5 15
7 10 39
16 17 34
6 11 18
9 12 36
21 1 26
15 19 23
20 23 28
11 15 45
13 16 38
14 17 2
9 12 45
16 20 8
1 3 9
22 22 18
2 4 47
17 20 21
0 3 5
19 22 42
14 17 22
14 19 33
9 13 12
15 18 5
21 0 42
19 21 36
3 5 48
3 5 30
5 9 6
6 10 19
2 4 20
20 22 26
16 20 8
1 3 41
16 17 5
21 22 45
7 11 20
17 19 13
1 3 19
13 16 38
13 17 45
17 20 41
0 4 31
9 12 43
6 8 23
22 2 18
13 17 32
19 23 6
22 2 19
15 17 9
17 20 48
22 0 5
8 13 26
22 3 16
5 6 30
0 4 37
16 19 9
6 10 31
11 15 37
15 18 15
12 14 27
3 4 16
10 12 12
15 18 35
12 14 14
15 19 46
4 7 9
0 2 46
22 23 19
5 8 22
6 9 14
23 2 18
2 5 12
15 16 13
19 23 24
12 14 7
16 18 20
0 3 48
21 0 6
10 12 31
15 18 17
10 12 37
22 2 2
9 13 24
17 20 46
6 7 18
11 15 18
14 18 47
17 21 31
0 2 39
9 12 6
16 19 20
7 9 18
14 17 14
13 16 15
20 23 28
17 21 18
22 1 12
19 22 32
10 12 25
2 6 18
16 20 28
18 21 29
22 0 8
21 2 7
14 17 49
23 3 4
21 23 1
23 2 40
5 7 13
21 0 32
11 14 4
22 2 45
2 5 44
17 20 16
2 5 24
8 10 47
1 3 13
11 16 26
13 16 25
2 7 13
15 20 25
4 6 22
21 23 46
11 15 32
10 14 46
10 12 38
13 16 11
22 1 15
15 18 33
10 14 46
10 14 42
7 10 10
0 5 8
13 15 2
19 22 24
20 22 26
3 8 5
23 3 49
11 13 18
9 12 3
9 11 11
21 1 9
4 8 11
18 22 36
20 0 20
21 23 10
19 21 16
6 9 39
12 15 25
1 5 1
23 5 34
1 3 18
22 1 10
22 2 42
15 18 42
0 4 12
2 5 1
15 17 5
21 23 29
3 5 23
1 2 20
6 8 4
0 3 22
6 8 9
18 21 28
23 2 39
17 20 20
2 5 26
15 17 20
5 8 33
0 1 49
7 11 46
7 9 47
9 13 3
8 11 4
20 22 31
9 12 21
17 21 1
5 9 46
2 6 14
22 0 35
11 13 34
21 23 37
11 12 3
14 18 17
5 7 43
8 11 7
21 0 33
6 9 40
18 21 14
11 14 25
22 1 9
8 13 6
11 13 37
23 1 2
15 18 8
12 16 26
18 20 17
18 23 16
8 11 37
20 0 8
16 20 43
5 8 25
6 10 13
5 9 26
18 20 7
3 6 10
15 19 3
19 21 47
9 12 10
6 8 19
12 15 37
3 7 44
5 9 14
8 11 11
11 15 48
12 15 16
21 0 18
8 11 44
16 19 43
17 21 47
6 9 44
4 8 24
2 6 30
1 3 7
11 14 25
7 12 30
22 1 23
3 7 1
17 19 44
7 10 23
23 2 4
21 1 26
5 6 5
14 18 39
5 9 40
18 20 36
21 0 36
21 0 1
8 10 12
1 4 34
4 7 31
5 8 30
6 9 21
4 6 11
2 4 27
21 0 16
20 23 38
21 0 17
5 8 8
5 8 13
4 7 49
21 0 36
13 16 48
9 12 31
13 17 24
20 22 2
23 2 41
14 16 20
14 18 48
18 20 20
10 14 5
11 14 25
2 8 33
16 18 9
12 16 49
22 1 13
11 16 41
3 7 2
9 12 18
4 9 41
17 20 36
15 19 12
16 19 44
19 21 22
13 16 32
22 1 13
14 18 47
21 0 40
23 3 45
1 3 34
9 14 42
21 0 2
3 7 18
14 17 21
19 20 37
21 0 25
18 20 16
12 14 10
21 0 49
7 11 41
11 14 44
20 22 8
17 20 30
8 10 20
13 16 15
17 20 9
19 23 24
16 20 33
17 20 20
13 16 6
11 15 45
5 9 46
16 18 19
15 19 18
17 20 12
19 22 26
11 14 1
1 3 44
15 18 44
2 5 2
0 3 47
18 20 40
13 15 31
4 6 38
16 17 20
3 7 25
16 18 25
3 7 13
22 0 9
14 17 37
4 6 46
18 21 24
23 1 11
0 2 34
14 17 37
23 2 48
5 8 41
12 14 31
9 11 20
18 20 36
22 0 33
6 9 41
13 16 7
4 5 41
4 8 2
19 22 27
9 13 9
3 6 24
10 11 16
20 23 20
23 3 13
1 4 9
3 5 17
5 7 24
3 6 20
11 14 28
12 14 19
10 15 49
8 10 45
1 4 39
23 3 3
8 9 3
4 8 23
11 12 32
10 13 43
14 18 30
6 10 27
18 21 6
5 9 25
17 20 30
5 8 29
17 20 35
16 19 32
13 15 39
4 7 13
18 22 34
23 3 34
2 4 35
19 23 45
6 9 16
9 12 33
11 13 42
5 9 26
16 18 6
18 21 25
18 21 33
1 4 37
14 17 4
20 23 39
2 5 29
14 17 11
1 4 1
22 1 19
18 21 49
18 21 26
22 0 19
13 15 25
7 10 8
3 7 13
3 4 2
4 5 15
18 19 34
8 11 40
4 5 18
8 11 17
16 21 14
13 15 40
22 0 26
18 22 27
12 14 8
1 3 44
13 16 23
3 6 16
9 13 47
23 3 33
10 14 6
21 1 11
9 13 41
5 9 18
4 8 26
19 22 9
19 23 8
17 20 21
2 5 35
23 1 4
7 10 2
15 18 27
1 6 34
4 7 18
11 14 32
9 11 39
18 22 35
11 14 37
11 13 8
22 1 21
10 13 17
4 7 25
7 10 20
17 19 35
3 6 31
22 1 48
2 6 21
4 6 36
10 14 44
20 1 28
15 19 24
0 4 18
4 7 34
23 2 7
16 19 17
3 7 1
3 6 26
12 16 39
5 8 43
1 6 30
17 23 35
20 22 29
6 10 39
14 18 46
10 13 3
6 10 2
6 10 39
11 13 19
22 23 25
23 1 14
22 3 8
12 16 25
19 22 34
13 15 35
22 2 46
15 17 21
3 8 8
2 4 16
17 21 38
9 11 42
0 4 32
3 7 43
1 3 7
19 21 14
1 4 39
20 0 28
9 12 28
8 13 3
10 12 47
18 21 15
23 3 3
13 15 13
21 1 23
10 13 12
4 8 46
6 11 48
16 19 24
22 1 10
8 12 9
1 4 6
15 18 21
16 19 14
6 9 16
14 17 25
21 0 26
5 9 46
0 3 17
13 16 41
20 23 2
14 18 35
19 22 30
6 10 6
22 4 23
11 15 33
20 23 10
12 14 2
0 3 31
15 19 29
3 5 47
16 19 24
0 4 34
19 21 14
19 21 13
12 15 25
7 8 40
4 7 1
12 17 10
7 10 6
7 10 1
14 17 9
15 18 49
3 5 20
6 11 28
4 8 25
8 11 26
21 1 13
23 1 46
17 20 36
22 2 17
17 19 28
2 7 29
2 4 3
13 14 5
3 7 14
2 5 6
15 18 31
16 18 10
19 1 3
9 14 3
21 1 33
17 21 44
4 7 12
23 1 5
11 13 33
12 15 4
4 7 34
23 1 14
4 7 26
3 7 3
21 23 39
22 0 19
22 3 15
10 13 33
18 22 22
7 10 5
20 0 31
7 9 27
14 17 20
21 1 2
9 12 49
18 20 15
20 22 49
21 0 31
0 4 6
17 20 29
16 19 42
0 3 6
10 13 10
1 4 26
20 22 32
12 15 10
1 3 11
8 11 4
4 7 37
5 8 42
11 14 43
15 20 38
17 20 37
10 12 3
2 5 42
20 21 19
22 23 17
19 22 48
20 23 40
2 4 3
18 20 40
2 5 35
23 3 29
3 6 9
11 15 34
10 11 3
19 22 16
14 16 33
3 5 17
20 23 28
8 12 12
22 2 2
16 18 17
1 3 16
7 9 21
15 18 34
8 11 18
1 4 5
14 18 22
8 10 48
4 7 34
2 7 26
13 16 40
16 18 41
13 18 5
12 14 35
2 7 2
5 6 43
8 13 34
5 8 28
18 21 24
1 2 16
18 22 34
19 23 23
3 8 4
7 12 27
9 13 6
20 22 30
21 0 13
19 23 39
3 8 30
5 8 18
11 12 42
18 21 14
6 9 16
22 1 40
4 9 10
1 4 35
17 20 39
23 2 25
5 9 10
13 16 32
20 23 27
17 19 3
9 12 20
1 4 32
14 16 14
9 12 1
5 9 1
6 8 4
23 0 40
3 7 13
19 22 24
21 0 16
17 19 31
3 5 24
21 23 39
15 20 34
14 18 17
10 12 32
12 15 26
9 11 35
8 13 4
6 10 32
11 15 11
9 11 25
19 22 2
6 9 42
15 20 44
17 19 15
1 4 5
20 22 34
14 17 28
23 1 9
22 0 35
3 4 43
20 1 24
13 17 16
19 21 46
2 3 20
9 13 14
22 2 47
18 21 19
17 19 13
5 7 25
22 0 3
23 4 17
3 6 30
0 3 24
8 12 18
15 17 35
8 12 3
15 17 30
23 2 16
6 9 28
22 1 20
2 6 25
22 1 40
5 6 31
0 4 17
9 13 44
19 23 29
16 19 36
16 19 42
1 4 13
10 13 44
23 2 20
21 23 49
20 23 41
15 18 10
22 1 30
19 22 1
15 17 1
21 0 29
0 3 26
12 14 41
4 7 49
18 22 13
5 8 45
16 17 13
10 13 5
0 4 46
10 14 18
8 10 34
14 17 41
10 14 35
13 15 19
3 8 8
12 15 1
8 14 18
5 8 1
19 22 5
13 16 42
8 13 15
0 2 29
21 23 21
15 18 6
18 20 23
2 4 2
1 3 2
13 16 4
6 9 22
23 3 20
15 18 22
14 15 12
7 11 31
6 12 26
21 0 21
8 13 48
6 9 26
10 14 43
12 16 49
2 5 17
9 12 27
20 0 6
3 7 43
6 9 9
1 4 44
6 8 1
2 5 48
10 10 20
2 4 29
20 1 37
10 14 35
3 5 10
8 12 45
13 16 48
17 22 42
13 17 16
1 5 42
7 8 13
7 9 27
10 13 28
7 10 40
13 16 3
19 21 29
19 23 34
6 9 34
14 18 9
5 8 3
12 18 14
23 2 37
16 18 32
0 2 32
16 21 22
18 20 23
23 4 20
14 17 7
1 6 22
15 18 34
21 23 6
23 3 39
13 18 4
6 8 4
19 22 38
18 20 22
5 9 28
12 16 1
19 21 18
13 17 9
19 22 34
22 23 16
16 19 26
5 8 16
6 8 38
3 5 15
17 19 10
12 14 29
4 7 29
21 1 21
10 14 20
0 4 21
9 14 30
23 2 36
9 12 25
8 10 35
13 15 33
1 4 35
20 22 18
14 16 36
8 12 34
4 7 48
7 12 46
13 17 20
1 3 11
23 3 30
22 1 1
19 21 30
6 10 5
6 9 26
7 11 18
23 3 20
1 5 3
14 15 22
0 2 42
18 21 46
3 7 41
9 13 36
18 21 18
9 11 24
13 17 39
2 4 36
0 3 25
3 7 47
14 17 41
20 22 35
7 9 9
16 16 15
2 5 30
4 6 18
15 17 42
5 8 20
10 13 27
14 17 30
5 9 14
20 23 41
20 0 32
11 14 13
18 21 4
21 1 30
3 6 20
6 8 9
16 18 41
13 18 39
23 4 43
7 9 28
22 0 25
0 1 31
22 3 2
10 13 2
18 21 2
3 7 16
15 18 20
21 0 25
12 17 36
20 23 15
19 22 8
14 18 8
2 5 25
18 21 43
8 10 39
1 7 44
22 2 28
16 20 32
5 8 1
16 18 47
14 19 9
2 4 44
17 21 28
16 17 21
22 0 16
10 12 33
15 18 47
23 2 1
19 21 33
10 12 38
20 23 44
16 21 26
8 11 48
2 6 40
14 19 26
23 2 19
20 23 25
10 12 4
2 6 43
0 3 1
20 0 44
15 18 31
2 5 39
19 22 14
22 0 35
12 15 24
18 21 9
5 7 49
19 22 15
15 17 29
3 7 15
15 16 44
19 22 24
8 12 16
18 20 8
6 10 47
14 17 14
4 7 4
20 22 46
7 11 25
10 13 28
14 17 31
10 14 29
22 0 17
8 10 27
5 10 21
12 15 37
17 20 35
16 18 15
17 20 21
22 0 15
9 12 14
2 5 9
0 4 14
12 15 3
8 10 29
13 17 6
18 20 30
3 6 16
1 3 3
5 7 8
3 5 26
7 11 43
14 17 31
15 19 47
7 11 20
15 19 20
5 7 19
15 17 14
18 21 1
7 9 17
23 2 33
7 11 13
6 9 9
11 14 3
4 6 34
6 10 10
9 11 22
7 10 38
18 21 13
3 5 42
7 9 23
13 16 46
7 11 36
7 9 17
7 10 1
10 12 10
3 4 24
15 17 49
10 13 5
2 6 2
16 19 4
6 9 10
17 20 32
23 1 11
6 10 10
7 10 40
17 21 45
11 12 18
6 7 4
22 0 48
7 10 15
5 8 26
8 11 10
2 4 24
17 20 43
8 12 33
22 0 41
13 16 13
17 20 13
10 11 20
4 9 18
1 2 5
14 17 15
10 13 19
14 17 3
18 22 29
7 7 20
10 12 1
3 6 33
11 14 43
10 15 19
11 12 5
4 7 6
2 5 34
6 9 4
13 17 34
18 21 14
14 16 49
18 22 31
8 12 3
1 8 41
13 18 17
6 9 34
8 12 30
7 10 49
20 22 10
1 4 45
8 10 28
7 9 22
23 3 2
13 16 37
5 9 14
18 20 32
19 23 12
11 15 40
4 7 45
15 19 9
16 20 13
5 8 16
12 15 37
22 2 9
4 7 32
15 18 26
13 15 21
5 9 14
3 6 12
19 20 26
13 16 46
14 16 21
12 17 34
6 8 31
6 9 34
11 14 20
4 8 9
11 14 43
22 2 4
14 18 2
12 13 19
11 14 5
22 1 45
14 15 21
13 16 17
1 4 40
11 14 18
11 15 8
2 5 38
20 23 31
17 22 11
14 17 42
9 12 26
3 6 12
0 2 27
1 5 20
21 2 40
6 9 6
7 9 40
20 23 2
13 16 41
1 5 39
1 3 1
19 23 39
17 19 12
17 21 13
0 3 38
17 18 11
13 15 45
7 9 7
20 22 27
23 2 8
14 18 3
23 0 2
14 16 4
9 9 38
13 16 45
9 10 40
3 7 19
22 3 31
22 1 39
17 21 45
13 15 46
12 13 24
21 1 4
20 2 44
8 10 15
7 11 39
22 2 36
12 15 15
23 2 17
6 10 13
22 22 2
4 6 43
1 4 33
20 0 22
4 7 47
0 3 31
22 0 42
23 2 41
2 6 47
15 17 9
17 18 20
6 10 10
18 21 36
15 18 17
8 11 7
5 8 28
6 11 26
11 15 17
5 6 2
4 7 17
14 19 9
4 6 6
22 0 45
16 19 28
23 2 46
4 7 38
8 11 13
6 8 48
1 3 28
19 22 46
1 7 25
2 5 45
13 15 14
14 18 21
20 0 29
11 15 24
22 3 8
1 4 18
10 12 39
14 17 46
19 22 48
22 3 24
7 10 34
9 11 32
5 9 16
2 4 12
17 20 17
16 21 2
0 3 30
17 20 15
17 20 2
3 7 35
22 0 37
6 9 17
4 7 3
20 23 21
23 1 8
14 15 13
22 1 42
20 22 39
22 0 1
4 6 35
15 19 23
7 11 42
1 5 8
8 11 27
22 0 41
20 23 27
1 5 40
14 16 41
16 18 24
5 7 4
14 16 29
6 9 8
11 13 49
20 2 3
18 22 33
18 22 49
16 20 17
14 18 19
19 23 43
9 13 41
21 0 24
5 9 30
0 2 37
19 23 43
1 5 39
4 8 9
10 14 3
9 12 41
19 23 6
20 23 16
8 10 24
6 8 16
5 8 38
9 12 24
21 0 20
2 3 25
6 8 30
13 16 27
5 8 41
6 7 28
4 7 15
22 2 44
13 16 5
18 21 29
7 9 20
1 6 44
2 6 9
0 2 10
21 1 36
21 23 4
12 15 5
4 7 39
9 12 2
13 16 4
10 10 16
15 18 24
7 10 47
7 10 19
0 0 32
9 12 36
15 16 15
1 5 48
14 18 23
18 20 46
19 22 33
2 5 29
7 9 47
14 18 6
13 15 11
2 4 39
14 18 37
19 23 39
16 18 12
21 0 4
10 12 21
22 2 45
2 5 15
8 13 11
3 6 33
4 6 6
11 15 11
8 11 4
16 20 11
9 10 46
18 20 17
17 20 12
4 7 49
6 10 43
7 10 17
2 5 13
5 7 18
12 15 14
9 11 14
14 15 13
19 23 9
10 13 13
1 3 5
12 15 25
14 17 29
12 17 14
23 1 28
0 2 9
12 14 16
15 19 13
19 0 1
6 9 37
19 23 21
20 21 1
4 7 4
5 8 20
2 5 11
2 5 38
20 23 17
3 6 17
12 16 37
0 1 45
19 21 31
0 4 2
21 1 33
14 16 43
19 22 45
3 3 29
9 13 45
17 20 42
8 10 41
7 10 3
17 22 23
18 20 47
21 1 34
5 6 30
11 14 16
22 2 21
4 7 49
3 7 14
6 8 30
13 16 34
8 13 17
5 9 16
14 19 38
11 15 13
16 18 22
17 21 23
9 13 49
14 18 17
17 18 24
12 14 19
18 21 1
6 10 18
12 16 15
16 20 22
12 16 27
20 22 5
6 9 37
22 0 19
21 0 30
2 5 45
10 12 49
20 22 45
22 2 13
0 4 25
9 12 8
7 9 13
13 16 46
5 8 44
8 12 25
21 1 25
13 14 14
10 12 42
12 17 32
13 17 21
22 1 16
20 22 44
4 7 12
0 3 11
9 11 34
23 3 46
12 15 11
3 8 5
21 0 5
8 12 23
12 15 45
2 6 35
22 1 1
15 18 9
14 19 11
22 3 8
11 14 22
2 5 29
19 21 34
5 9 8
2 7 19
2 4 33
4 9 19
3 6 30
1 4 16
17 21 43
14 19 34
16 18 48
9 16 44
12 16 29
8 13 8
21 0 42
0 4 3
20 1 46
13 17 44
21 1 24
18 21 47
3 6 35
11 13 43
0 2 14
5 8 1
21 23 44
1 7 5
14 16 9
10 13 38
16 21 2
1 5 22
5 8 21
3 6 10
17 19 4
21 23 41
19 23 6
20 23 3
0 2 19
16 19 25
20 23 37
5 7 15
23 2 38
19 22 13
22 2 24
16 19 35
0 2 20
13 16 40
4 6 41
10 12 26
9 12 30
14 17 25
23 2 27
2 5 2
13 17 47
4 8 33
2 6 31
21 1 42
17 20 37
23 2 34
1 5 20
8 11 3
16 19 33
5 9 19
6 9 39
19 20 29
7 11 49
19 23 32
7 12 4
16 18 42
1 4 5
23 1 21
18 21 43
10 14 35
12 15 8
14 17 25
23 3 4
23 4 4
4 5 14
22 1 35
12 15 28
23 2 1
22 0 14
1 4 46
1 4 8
1 4 6
23 1 22
16 20 39
2 5 33
16 19 1
16 19 9
19 22 34
8 9 17
13 14 32
23 3 2
21 1 25
22 1 14
13 15 45
15 19 31
3 6 35
2 5 5
9 11 40
2 5 24
20 22 41
5 7 40
4 6 23
22 2 29
10 11 34
9 12 1
4 6 46
22 1 10
7 12 34
7 13 3
15 18 37
15 17 4
0 1 21
15 18 14
15 19 6
16 19 48
1 3 40
9 13 2
16 19 12
21 0 36
3 6 20
5 9 44
7 10 44
21 0 21
14 17 7
10 12 1
1 3 48
11 14 11
3 7 47
10 12 36
4 7 29
11 15 5
10 12 28
21 1 20
18 21 21
0 3 29
23 2 6
8 14 18
19 20 13
3 7 43
8 11 28
2 5 41
